stationId,stationName,scheduledDeparture,expectedDeparture,actualDeparture,delaySeconds,isDelayed,destination,lineId,lineName,lineCode,transportMode,serviceJourneyId,realtime,delaySource,cancellation,situationSummary,situationDescription,situationReportType,situationSeverity,scrapedAt
NSR:StopPlace:59658,Moi stasjon,2026-09-07T16:45:00+02:00,2026-09-07T18:32:24+02:00,2026-09-07T18:32:24+02:00,6444.0,1,Sveknes,KOL:Line:8_2031,99,99,bus,KOL:ServiceJourney:2031_250903083238537_1006,True,actual,False,,,,,2026-09-07T20:27:16.249662+02:00
NSR:StopPlace:58924,Bryne stasjon,2026-09-07T21:40:00+02:00,2026-09-07T23:25:37+02:00,2026-09-07T23:25:37+02:00,6337.0,1,Lyefjell,KOL:Line:8_2017,50,50,bus,KOL:ServiceJourney:2017_260407061540333_2031,True,actual,False,,,,,2026-09-08T00:20:52.129880+02:00
NSR:StopPlace:60053,Halden stasjon,2026-09-07T14:11:00+02:00,2026-09-07T15:30:54+02:00,2026-09-07T15:30:54+02:00,4794.0,1,Oslo S,VYG:Line:RE20,Oslo S-Halden-Göteborg (X-Border),RE20,rail,VYG:ServiceJourney:388-122_466012-R,True,actual,False,,,,,2026-09-07T15:44:36.205822+02:00
NSR:StopPlace:60131,Ed station,2026-09-07T13:28:00+02:00,2026-09-07T14:44:00+02:00,2026-09-07T14:44:00+02:00,4560.0,1,Oslo S,VYG:Line:RE20,Oslo S-Halden-Göteborg (X-Border),RE20,rail,VYG:ServiceJourney:388-122_466012-R,True,actual,False,,,,,2026-09-07T15:44:36.205822+02:00
NSR:StopPlace:71,Hallingskeid stasjon,2026-09-07T21:01:00+02:00,2026-09-07T22:06:18+02:00,2026-09-07T22:06:18+02:00,3918.0,1,Bergen,VYG:Line:F4,Oslo S-Bergen,F4,rail,VYG:ServiceJourney:67-LOD_444379-R,True,actual,False,Forsinket,Toget kjørte 40 minutter forsinket fra Oslo S. Dette skyldes en teknisk feil med toget.,incident,normal,2026-09-08T00:20:52.129880+02:00
NSR:StopPlace:58841,Ål stasjon,2026-09-07T19:48:00+02:00,2026-09-07T20:53:18+02:00,2026-09-07T20:53:18+02:00,3918.0,1,Bergen,VYG:Line:F4,Oslo S-Bergen,F4,rail,VYG:ServiceJourney:67-LOD_444379-R,True,actual,False,Forsinket,Toget kjørte 40 minutter forsinket fra Oslo S. Dette skyldes en teknisk feil med toget.,incident,normal,2026-09-08T00:20:52.129880+02:00
NSR:StopPlace:58926,Dale stasjon,2026-09-07T22:35:00+02:00,2026-09-07T23:37:45+02:00,2026-09-07T23:37:45+02:00,3765.0,1,Bergen,VYG:Line:F4,Oslo S-Bergen,F4,rail,VYG:ServiceJourney:67-LOD_444379-R,True,actual,False,Forsinket,Toget kjørte 40 minutter forsinket fra Oslo S. Dette skyldes en teknisk feil med toget.,incident,normal,2026-09-08T00:20:52.129880+02:00
NSR:StopPlace:222,Myrdal stasjon,2026-09-07T21:19:00+02:00,2026-09-07T22:21:17+02:00,2026-09-07T22:21:17+02:00,3737.0,1,Bergen,VYG:Line:F4,Oslo S-Bergen,F4,rail,VYG:ServiceJourney:67-LOD_444379-R,True,actual,False,Forsinket,Toget kjørte 40 minutter forsinket fra Oslo S. Dette skyldes en teknisk feil med toget.,incident,normal,2026-09-08T00:20:52.129880+02:00
NSR:StopPlace:58808,Kongsvinger stasjon,2026-09-07T18:58:00+02:00,2026-09-07T19:59:03+02:00,2026-09-07T19:59:03+02:00,3663.0,1,Sykehuset - Bogeråsen,INN:Line:81,Bogeråsen - Rasta,B81,bus,INN:ServiceJourney:54323,True,actual,False,,,,,2026-09-07T20:27:16.249662+02:00
NSR:StopPlace:58832,Geilo stasjon,2026-09-07T20:11:00+02:00,2026-09-07T21:11:54+02:00,2026-09-07T21:11:54+02:00,3654.0,1,Bergen,VYG:Line:F4,Oslo S-Bergen,F4,rail,VYG:ServiceJourney:67-LOD_444379-R,True,actual,False,Forsinket,Toget kjørte 40 minutter forsinket fra Oslo S. Dette skyldes en teknisk feil med toget.,incident,normal,2026-09-08T00:20:52.129880+02:00
NSR:StopPlace:58837,Nesbyen stasjon,2026-09-07T19:12:00+02:00,2026-09-07T20:12:11+02:00,2026-09-07T20:12:11+02:00,3611.0,1,Bergen,VYG:Line:F4,Oslo S-Bergen,F4,rail,VYG:ServiceJourney:67-LOD_444379-R,True,actual,False,Forsinket,Toget kjørte 40 minutter forsinket fra Oslo S. Dette skyldes en teknisk feil med toget.,incident,normal,2026-09-07T20:27:16.249662+02:00
NSR:StopPlace:358,Ustaoset stasjon,2026-09-07T20:22:00+02:00,2026-09-07T21:22:03+02:00,2026-09-07T21:22:03+02:00,3603.0,1,Bergen,VYG:Line:F4,Oslo S-Bergen,F4,rail,VYG:ServiceJourney:67-LOD_444379-R,True,actual,False,Forsinket,Toget kjørte 40 minutter forsinket fra Oslo S. Dette skyldes en teknisk feil med toget.,incident,normal,2026-09-08T00:20:52.129880+02:00
NSR:StopPlace:58833,Gol stasjon,2026-09-07T19:27:00+02:00,2026-09-07T20:25:42+02:00,2026-09-07T20:25:42+02:00,3522.0,1,Bergen,VYG:Line:F4,Oslo S-Bergen,F4,rail,VYG:ServiceJourney:67-LOD_444379-R,True,actual,False,Forsinket,Toget kjørte 40 minutter forsinket fra Oslo S. Dette skyldes en teknisk feil med toget.,incident,normal,2026-09-08T00:20:52.129880+02:00
NSR:StopPlace:59958,Voss stasjon,2026-09-07T22:06:00+02:00,2026-09-07T23:04:24+02:00,2026-09-07T23:04:24+02:00,3504.0,1,Bergen,VYG:Line:F4,Oslo S-Bergen,F4,rail,VYG:ServiceJourney:67-LOD_444379-R,True,actual,False,Forsinket,Toget kjørte 40 minutter forsinket fra Oslo S. Dette skyldes en teknisk feil med toget.,incident,normal,2026-09-08T00:20:52.129880+02:00
NSR:StopPlace:200,Finse stasjon,2026-09-07T20:49:00+02:00,2026-09-07T21:46:59+02:00,2026-09-07T21:46:59+02:00,3479.0,1,Bergen,VYG:Line:F4,Oslo S-Bergen,F4,rail,VYG:ServiceJourney:67-LOD_444379-R,True,actual,False,Forsinket,Toget kjørte 40 minutter forsinket fra Oslo S. Dette skyldes en teknisk feil med toget.,incident,normal,2026-09-08T00:20:52.129880+02:00
NSR:StopPlace:59658,Moi stasjon,2026-09-07T21:11:00+02:00,2026-09-07T22:03:39+02:00,2026-09-07T22:03:39+02:00,3159.0,1,Kristiansand,GOA:Line:50,Sørtoget region,F5,rail,GOA:ServiceJourney:720-KVB_63254-R,True,actual,False,,,,,2026-09-08T00:20:52.129880+02:00
NSR:StopPlace:58831,Flå stasjon,2026-09-07T18:45:00+02:00,2026-09-07T19:35:41+02:00,2026-09-07T19:35:41+02:00,3041.0,1,Bergen,VYG:Line:F4,Oslo S-Bergen,F4,rail,VYG:ServiceJourney:67-LOD_444379-R,True,actual,False,Forsinket,Toget kjørte 40 minutter forsinket fra Oslo S. Dette skyldes en teknisk feil med toget.,incident,normal,2026-09-07T20:27:16.249662+02:00
NSR:StopPlace:58919,Sira stasjon,2026-09-07T21:20:00+02:00,2026-09-07T22:10:26+02:00,2026-09-07T22:10:26+02:00,3026.0,1,Kristiansand,GOA:Line:50,Sørtoget region,F5,rail,GOA:ServiceJourney:720-KVB_63254-R,True,actual,False,,,,,2026-09-08T00:20:52.129880+02:00
NSR:StopPlace:59091,Storekvina stasjon,2026-09-07T21:38:00+02:00,2026-09-07T22:27:20+02:00,2026-09-07T22:27:20+02:00,2960.0,1,Kristiansand,GOA:Line:50,Sørtoget region,F5,rail,GOA:ServiceJourney:720-KVB_63254-R,True,actual,False,,,,,2026-09-08T00:20:52.129880+02:00
NSR:StopPlace:59092,Gyland stasjon,2026-09-07T21:32:00+02:00,2026-09-07T22:21:20+02:00,2026-09-07T22:21:20+02:00,2960.0,1,Kristiansand,GOA:Line:50,Sørtoget region,F5,rail,GOA:ServiceJourney:720-KVB_63254-R,True,actual,False,,,,,2026-09-08T00:20:52.129880+02:00
NSR:StopPlace:61336,Trollhättan Centralstation,2026-09-07T12:44:00+02:00,2026-09-07T13:33:00+02:00,2026-09-07T13:33:00+02:00,2940.0,1,Oslo S,VYG:Line:RE20,Oslo S-Halden-Göteborg (X-Border),RE20,rail,VYG:ServiceJourney:388-122_466012-R,True,actual,False,,,,,2026-09-07T15:44:36.205822+02:00
NSR:StopPlace:58920,Snartemo stasjon,2026-09-07T21:49:00+02:00,2026-09-07T22:36:34+02:00,2026-09-07T22:36:34+02:00,2854.0,1,Kristiansand,GOA:Line:50,Sørtoget region,F5,rail,GOA:ServiceJourney:720-KVB_63254-R,True,actual,False,,,,,2026-09-08T00:20:52.129880+02:00
NSR:StopPlace:58918,Nodeland stasjon,2026-09-07T22:27:00+02:00,2026-09-07T23:12:58+02:00,2026-09-07T23:12:58+02:00,2758.0,1,Kristiansand,GOA:Line:50,Sørtoget region,F5,rail,GOA:ServiceJourney:720-KVB_63254-R,True,actual,False,,,,,2026-09-08T00:20:52.129880+02:00
NSR:StopPlace:58917,Marnardal stasjon,2026-09-07T22:09:00+02:00,2026-09-07T22:54:49+02:00,2026-09-07T22:54:49+02:00,2749.0,1,Kristiansand,GOA:Line:50,Sørtoget region,F5,rail,GOA:ServiceJourney:720-KVB_63254-R,True,actual,False,,,,,2026-09-08T00:20:52.129880+02:00
NSR:StopPlace:58892,Audnedal stasjon,2026-09-07T21:56:00+02:00,2026-09-07T22:41:22+02:00,2026-09-07T22:41:22+02:00,2722.0,1,Kristiansand,GOA:Line:50,Sørtoget region,F5,rail,GOA:ServiceJourney:720-KVB_63254-R,True,actual,False,,,,,2026-09-08T00:20:52.129880+02:00
NSR:StopPlace:58924,Bryne stasjon,2026-09-07T20:07:00+02:00,2026-09-07T20:51:53+02:00,2026-09-07T20:51:53+02:00,2693.0,1,Kristiansand,GOA:Line:50,Sørtoget region,F5,rail,GOA:ServiceJourney:720-KVB_63254-R,True,actual,False,,,,,2026-09-08T00:20:52.129880+02:00
NSR:StopPlace:59244,Egersund stasjon,2026-09-07T20:34:00+02:00,2026-09-07T21:16:43+02:00,2026-09-07T21:16:43+02:00,2563.0,1,Kristiansand,GOA:Line:50,Sørtoget region,F5,rail,GOA:ServiceJourney:720-KVB_63254-R,True,actual,False,,,,,2026-09-08T00:20:52.129880+02:00
NSR:StopPlace:59872,Oslo S,2026-09-07T16:23:00+02:00,2026-09-07T17:02:51+02:00,2026-09-07T17:02:51+02:00,2391.0,1,Bergen,VYG:Line:F4,Oslo S-Bergen,F4,rail,VYG:ServiceJourney:67-LOD_444379-R,True,actual,False,,,,,2026-09-07T20:27:16.249662+02:00
NSR:StopPlace:610,Sandvika stasjon,2026-09-07T16:38:00+02:00,2026-09-07T17:17:46+02:00,2026-09-07T17:17:46+02:00,2386.0,1,Bergen,VYG:Line:F4,Oslo S-Bergen,F4,rail,VYG:ServiceJourney:67-LOD_444379-R,True,actual,False,Forsinket,Toget kjørte 40 minutter forsinket fra Oslo S. Dette skyldes en teknisk feil med toget.,incident,normal,2026-09-07T20:27:16.249662+02:00
NSR:StopPlace:59616,Asker stasjon,2026-09-07T16:46:00+02:00,2026-09-07T17:24:04+02:00,2026-09-07T17:24:04+02:00,2284.0,1,Bergen,VYG:Line:F4,Oslo S-Bergen,F4,rail,VYG:ServiceJourney:67-LOD_444379-R,True,actual,False,Forsinket,Toget kjørte 40 minutter forsinket fra Oslo S. Dette skyldes en teknisk feil med toget.,incident,normal,2026-09-07T20:27:16.249662+02:00
NSR:StopPlace:61291,Stavanger stasjon,2026-09-07T19:36:00+02:00,2026-09-07T20:13:22+02:00,2026-09-07T20:13:22+02:00,2242.0,1,Kristiansand,GOA:Line:50,Sørtoget region,F5,rail,GOA:ServiceJourney:720-KVB_63254-R,True,actual,False,,,,,2026-09-07T20:27:16.249662+02:00
NSR:StopPlace:58834,Hokksund stasjon,2026-09-07T17:17:00+02:00,2026-09-07T17:54:11+02:00,2026-09-07T17:54:11+02:00,2231.0,1,Bergen,VYG:Line:F4,Oslo S-Bergen,F4,rail,VYG:ServiceJourney:67-LOD_444379-R,True,actual,False,Forsinket,Toget kjørte 40 minutter forsinket fra Oslo S. Dette skyldes en teknisk feil med toget.,incident,normal,2026-09-07T20:27:16.249662+02:00
NSR:StopPlace:362,Jåttåvågen stasjon,2026-09-07T19:43:00+02:00,2026-09-07T20:19:47+02:00,2026-09-07T20:19:47+02:00,2207.0,1,Kristiansand,GOA:Line:50,Sørtoget region,F5,rail,GOA:ServiceJourney:720-KVB_63254-R,True,actual,False,,,,,2026-09-07T20:27:16.249662+02:00
NSR:StopPlace:702,Sandnes sentrum stasjon,2026-09-07T19:50:00+02:00,2026-09-07T20:26:32+02:00,2026-09-07T20:26:32+02:00,2192.0,1,Kristiansand,GOA:Line:50,Sørtoget region,F5,rail,GOA:ServiceJourney:720-KVB_63254-R,True,actual,False,,,,,2026-09-08T00:20:52.129880+02:00
NSR:StopPlace:398,Arna stasjon,2026-09-07T05:55:00+02:00,2026-09-07T06:31:26+02:00,2026-09-07T06:31:26+02:00,2186.0,1,Bergen,VYG:Line:R40,Bergen-Voss-Myrdal-Ål,R40,rail,VYG:ServiceJourney:1805_443391-R,True,actual,False,Åpnet: Bulken–Bolstadøyri | Forsinket | Toget kjører igjen,"Bulken–Bolstadøyri er åpen for togtrafikk igjen. Togene kjører, men det kan ta litt tid før de er i rute. Du må derfor regne med forsinkelser, og at enkelte avganger kan bli innstilt. | Toget kjørte 26 minutter forsinket fra Voss. Dette skyldes en tidligere stans. | Toget kjører igjen etter tidligere stans på Voss.",general | incident | general,normal | normal | normal,2026-09-07T08:42:24.659182+02:00
NSR:StopPlace:59952,Drammen stasjon,2026-09-07T17:00:00+02:00,2026-09-07T17:36:13+02:00,2026-09-07T17:36:13+02:00,2173.0,1,Bergen,VYG:Line:F4,Oslo S-Bergen,F4,rail,VYG:ServiceJourney:67-LOD_444379-R,True,actual,False,Forsinket,Toget kjørte 40 minutter forsinket fra Oslo S. Dette skyldes en teknisk feil med toget.,incident,normal,2026-09-07T20:27:16.249662+02:00
NSR:StopPlace:60049,Hønefoss stasjon,2026-09-07T18:01:00+02:00,2026-09-07T18:36:58+02:00,2026-09-07T18:36:58+02:00,2158.0,1,Bergen,VYG:Line:F4,Oslo S-Bergen,F4,rail,VYG:ServiceJourney:67-LOD_444379-R,True,actual,False,Forsinket,Toget kjørte 40 minutter forsinket fra Oslo S. Dette skyldes en teknisk feil med toget.,incident,normal,2026-09-07T20:27:16.249662+02:00
NSR:StopPlace:58892,Audnedal stasjon,2026-09-07T12:45:00+02:00,2026-09-07T13:20:57+02:00,2026-09-07T13:20:57+02:00,2157.0,1,Stavanger,GOA:Line:50,Sørtoget region,F5,rail,GOA:ServiceJourney:707-LOD_73724-R,True,actual,False,,,,,2026-09-07T15:44:36.205822+02:00
NSR:StopPlace:59091,Storekvina stasjon,2026-09-07T13:08:00+02:00,2026-09-07T13:42:22+02:00,2026-09-07T13:42:22+02:00,2062.0,1,Stavanger,GOA:Line:50,Sørtoget region,F5,rail,GOA:ServiceJourney:707-LOD_73724-R,True,actual,False,,,,,2026-09-07T15:44:36.205822+02:00
NSR:StopPlace:58920,Snartemo stasjon,2026-09-07T12:53:00+02:00,2026-09-07T13:27:22+02:00,2026-09-07T13:27:22+02:00,2062.0,1,Stavanger,GOA:Line:50,Sørtoget region,F5,rail,GOA:ServiceJourney:707-LOD_73724-R,True,actual,False,,,,,2026-09-07T15:44:36.205822+02:00
NSR:StopPlace:60603,Kongsberg stasjon,2026-09-07T19:17:00+02:00,2026-09-07T19:49:59+02:00,2026-09-07T19:49:59+02:00,1979.0,1,Oslo S,GOA:Line:50,Sørtoget region,F5,rail,GOA:ServiceJourney:712-STV_63979-R,True,actual,False,,,,,2026-09-07T20:27:16.249662+02:00
NSR:StopPlace:58880,Neslandsvatn stasjon,2026-09-07T17:40:00+02:00,2026-09-07T18:12:54+02:00,2026-09-07T18:12:54+02:00,1974.0,1,Oslo S,GOA:Line:50,Sørtoget region,F5,rail,GOA:ServiceJourney:712-STV_63979-R,True,actual,False,,,,,2026-09-07T20:27:16.249662+02:00
NSR:StopPlace:59244,Egersund stasjon,2026-09-07T14:07:00+02:00,2026-09-07T14:39:18+02:00,2026-09-07T14:39:18+02:00,1938.0,1,Stavanger,GOA:Line:50,Sørtoget region,F5,rail,GOA:ServiceJourney:707-LOD_73724-R,True,actual,False,,,,,2026-09-07T15:44:36.205822+02:00
NSR:StopPlace:59658,Moi stasjon,2026-09-07T13:32:00+02:00,2026-09-07T14:03:53+02:00,2026-09-07T14:03:53+02:00,1913.0,1,Stavanger,GOA:Line:50,Sørtoget region,F5,rail,GOA:ServiceJourney:707-LOD_73724-R,True,actual,False,,,,,2026-09-07T15:44:36.205822+02:00
NSR:StopPlace:58919,Sira stasjon,2026-09-07T13:25:00+02:00,2026-09-07T13:56:51+02:00,2026-09-07T13:56:51+02:00,1911.0,1,Stavanger,GOA:Line:50,Sørtoget region,F5,rail,GOA:ServiceJourney:707-LOD_73724-R,True,actual,False,,,,,2026-09-07T15:44:36.205822+02:00
NSR:StopPlace:59092,Gyland stasjon,2026-09-07T13:13:00+02:00,2026-09-07T13:44:44+02:00,2026-09-07T13:44:44+02:00,1904.0,1,Stavanger,GOA:Line:50,Sørtoget region,F5,rail,GOA:ServiceJourney:707-LOD_73724-R,True,actual,False,,,,,2026-09-07T15:44:36.205822+02:00
NSR:StopPlace:58882,Nordagutu stasjon,2026-09-07T18:41:00+02:00,2026-09-07T19:11:54+02:00,2026-09-07T19:11:54+02:00,1854.0,1,Oslo S,GOA:Line:50,Sørtoget region,F5,rail,GOA:ServiceJourney:712-STV_63979-R,True,actual,False,,,,,2026-09-07T20:27:16.249662+02:00
NSR:StopPlace:58879,Lunde stasjon,2026-09-07T18:15:00+02:00,2026-09-07T18:45:44+02:00,2026-09-07T18:45:44+02:00,1844.0,1,Oslo S,GOA:Line:50,Sørtoget region,F5,rail,GOA:ServiceJourney:712-STV_63979-R,True,actual,False,,,,,2026-09-07T20:27:16.249662+02:00
NSR:StopPlace:58844,Eidsvoll stasjon,2026-09-07T19:14:00+02:00,2026-09-07T19:44:42+02:00,2026-09-07T19:44:42+02:00,1842.0,1,Eidsvoll,RUT:Line:430,Eidsvoll - Jessheim,430,bus,RUT:ServiceJourney:4c102f7900f6e9021e2236075ec52ff2,True,actual,False,,,,,2026-09-07T20:27:16.249662+02:00
NSR:StopPlace:59958,Voss stasjon,2026-09-07T06:55:00+02:00,2026-09-07T07:25:21+02:00,2026-09-07T07:25:21+02:00,1821.0,1,Mjølfjell,VYG:Line:R40,Bergen-Voss-Myrdal-Ål,R40,rail,VYG:ServiceJourney:1800_443388-R,True,actual,False,,,,,2026-09-07T08:42:24.659182+02:00
NSR:StopPlace:58878,Drangedal stasjon,2026-09-07T17:56:00+02:00,2026-09-07T18:25:45+02:00,2026-09-07T18:25:45+02:00,1785.0,1,Oslo S,GOA:Line:50,Sørtoget region,F5,rail,GOA:ServiceJourney:712-STV_63979-R,True,actual,False,,,,,2026-09-07T20:27:16.249662+02:00
NSR:StopPlace:58877,Bø stasjon,2026-09-07T18:27:00+02:00,2026-09-07T18:56:09+02:00,2026-09-07T18:56:09+02:00,1749.0,1,Oslo S,GOA:Line:50,Sørtoget region,F5,rail,GOA:ServiceJourney:712-STV_63979-R,True,actual,False,,,,,2026-09-07T20:27:16.249662+02:00
NSR:StopPlace:59952,Drammen stasjon,2026-09-07T18:57:00+02:00,2026-09-07T19:24:55+02:00,2026-09-07T19:24:55+02:00,1675.0,1,Lillehammer,VYG:Line:RE10,Drammen-Oslo S-Lillehammer,RE10,rail,VYG:ServiceJourney:331-SUD_486409-R,True,actual,False,,,,,2026-09-07T20:27:16.249662+02:00
NSR:StopPlace:58918,Nodeland stasjon,2026-09-07T12:09:00+02:00,2026-09-07T12:36:48+02:00,2026-09-07T12:36:48+02:00,1668.0,1,Stavanger,GOA:Line:50,Sørtoget region,F5,rail,GOA:ServiceJourney:707-LOD_73724-R,True,actual,False,,,,,2026-09-07T15:44:36.205822+02:00
NSR:StopPlace:61608,Kristiansand stasjon,2026-09-07T12:00:00+02:00,2026-09-07T12:26:56+02:00,2026-09-07T12:26:56+02:00,1616.0,1,Stavanger,GOA:Line:50,Sørtoget region,F5,rail,GOA:ServiceJourney:707-LOD_73724-R,True,actual,False,,,,,2026-09-07T15:44:36.205822+02:00
NSR:StopPlace:58917,Marnardal stasjon,2026-09-07T12:32:00+02:00,2026-09-07T12:58:52+02:00,2026-09-07T12:58:52+02:00,1612.0,1,Stavanger,GOA:Line:50,Sørtoget region,F5,rail,GOA:ServiceJourney:707-LOD_73724-R,True,actual,False,,,,,2026-09-07T15:44:36.205822+02:00
NSR:StopPlace:58926,Dale stasjon,2026-09-07T05:21:00+02:00,2026-09-07T05:47:47+02:00,2026-09-07T05:47:47+02:00,1607.0,1,Bergen,VYG:Line:R40,Bergen-Voss-Myrdal-Ål,R40,rail,VYG:ServiceJourney:1805_443391-R,True,actual,False,Åpnet: Bulken–Bolstadøyri | Forsinket | Toget kjører igjen,"Bulken–Bolstadøyri er åpen for togtrafikk igjen. Togene kjører, men det kan ta litt tid før de er i rute. Du må derfor regne med forsinkelser, og at enkelte avganger kan bli innstilt. | Toget kjørte 26 minutter forsinket fra Voss. Dette skyldes en tidligere stans. | Toget kjører igjen etter tidligere stans på Voss.",general | incident | general,normal | normal | normal,2026-09-07T08:42:24.659182+02:00
NSR:StopPlace:364,Vaksdal stasjon,2026-09-07T05:36:00+02:00,2026-09-07T06:02:42+02:00,2026-09-07T06:02:42+02:00,1602.0,1,Bergen,VYG:Line:R40,Bergen-Voss-Myrdal-Ål,R40,rail,VYG:ServiceJourney:1805_443391-R,True,actual,False,Åpnet: Bulken–Bolstadøyri | Forsinket | Toget kjører igjen,"Bulken–Bolstadøyri er åpen for togtrafikk igjen. Togene kjører, men det kan ta litt tid før de er i rute. Du må derfor regne med forsinkelser, og at enkelte avganger kan bli innstilt. | Toget kjørte 26 minutter forsinket fra Voss. Dette skyldes en tidligere stans. | Toget kjører igjen etter tidligere stans på Voss.",general | incident | general,normal | normal | normal,2026-09-07T08:42:24.659182+02:00
NSR:StopPlace:62295,Stanghelle stasjon,2026-09-07T05:28:00+02:00,2026-09-07T05:54:25+02:00,2026-09-07T05:54:25+02:00,1585.0,1,Bergen,VYG:Line:R40,Bergen-Voss-Myrdal-Ål,R40,rail,VYG:ServiceJourney:1805_443391-R,True,actual,False,Åpnet: Bulken–Bolstadøyri | Forsinket | Toget kjører igjen,"Bulken–Bolstadøyri er åpen for togtrafikk igjen. Togene kjører, men det kan ta litt tid før de er i rute. Du må derfor regne med forsinkelser, og at enkelte avganger kan bli innstilt. | Toget kjørte 26 minutter forsinket fra Voss. Dette skyldes en tidligere stans. | Toget kjører igjen etter tidligere stans på Voss.",general | incident | general,normal | normal | normal,2026-09-07T08:42:24.659182+02:00
NSR:StopPlace:61383,Urdland stasjon,2026-09-07T07:11:00+02:00,2026-09-07T07:37:05+02:00,2026-09-07T07:37:05+02:00,1565.0,1,Mjølfjell,VYG:Line:R40,Bergen-Voss-Myrdal-Ål,R40,rail,VYG:ServiceJourney:1800_443388-R,True,actual,False,,,,,2026-09-07T08:42:24.659182+02:00
NSR:StopPlace:151,Evanger stasjon,2026-09-07T05:06:00+02:00,2026-09-07T05:31:50+02:00,2026-09-07T05:31:50+02:00,1550.0,1,Bergen,VYG:Line:R40,Bergen-Voss-Myrdal-Ål,R40,rail,VYG:ServiceJourney:1805_443391-R,True,actual,False,Åpnet: Bulken–Bolstadøyri | Forsinket | Toget kjører igjen,"Bulken–Bolstadøyri er åpen for togtrafikk igjen. Togene kjører, men det kan ta litt tid før de er i rute. Du må derfor regne med forsinkelser, og at enkelte avganger kan bli innstilt. | Toget kjørte 26 minutter forsinket fra Voss. Dette skyldes en tidligere stans. | Toget kjører igjen etter tidligere stans på Voss.",general | incident | general,normal | normal | normal,2026-09-07T08:42:24.659182+02:00
NSR:StopPlace:518,Bolstadøyri stasjon,2026-09-07T05:14:00+02:00,2026-09-07T05:39:40+02:00,2026-09-07T05:39:40+02:00,1540.0,1,Bergen,VYG:Line:R40,Bergen-Voss-Myrdal-Ål,R40,rail,VYG:ServiceJourney:1805_443391-R,True,actual,False,Åpnet: Bulken–Bolstadøyri | Forsinket | Toget kjører igjen,"Bulken–Bolstadøyri er åpen for togtrafikk igjen. Togene kjører, men det kan ta litt tid før de er i rute. Du må derfor regne med forsinkelser, og at enkelte avganger kan bli innstilt. | Toget kjørte 26 minutter forsinket fra Voss. Dette skyldes en tidligere stans. | Toget kjører igjen etter tidligere stans på Voss.",general | incident | general,normal | normal | normal,2026-09-07T08:42:24.659182+02:00
NSR:StopPlace:584,Bulken stasjon,2026-09-07T04:56:00+02:00,2026-09-07T05:21:34+02:00,2026-09-07T05:21:34+02:00,1534.0,1,Bergen,VYG:Line:R40,Bergen-Voss-Myrdal-Ål,R40,rail,VYG:ServiceJourney:1805_443391-R,True,actual,False,Åpnet: Bulken–Bolstadøyri | Forsinket | Toget kjører igjen,"Bulken–Bolstadøyri er åpen for togtrafikk igjen. Togene kjører, men det kan ta litt tid før de er i rute. Du må derfor regne med forsinkelser, og at enkelte avganger kan bli innstilt. | Toget kjørte 26 minutter forsinket fra Voss. Dette skyldes en tidligere stans. | Toget kjører igjen etter tidligere stans på Voss.",general | incident | general,normal | normal | normal,2026-09-07T08:42:24.659182+02:00
NSR:StopPlace:58954,Fauske stasjon,2026-09-07T21:25:00+02:00,2026-09-07T21:50:17+02:00,2026-09-07T21:50:17+02:00,1517.0,1,Bodø lufthavn,NOR:Line:12_8100,Bodø - Fauske - Narvik/Sortland,100,bus,NOR:ServiceJourney:8100_260126119369163_2012,True,actual,False,,,,,2026-09-08T00:20:52.129880+02:00
NSR:StopPlace:58868,Årnes stasjon,2026-09-07T22:52:00+02:00,2026-09-07T23:17:02+02:00,2026-09-07T23:17:02+02:00,1502.0,1,Kongsvinger,VYG:Line:R14,Asker-Oslo S-Kongsvinger,R14,rail,VYG:ServiceJourney:1035_442947-R,True,actual,False,,,,,2026-09-08T00:20:52.129880+02:00
NSR:StopPlace:61458,Mjølfjell stasjon,2026-09-07T07:37:00+02:00,2026-09-07T08:01:40+02:00,2026-09-07T08:01:40+02:00,1480.0,1,Bergen,VYG:Line:R40,Bergen-Voss-Myrdal-Ål,R40,rail,VYG:ServiceJourney:1813_443399-R,True,actual,False,,,,,2026-09-07T08:42:24.659182+02:00
NSR:StopPlace:58858,Nittedal stasjon,2026-09-07T17:04:00+02:00,2026-09-07T17:28:12+02:00,2026-09-07T17:28:12+02:00,1452.0,1,Roa,VYG:Line:RE30,Oslo S-Gjøvik,RE30,rail,VYG:ServiceJourney:BUS-1225_655076-R,True,actual,False,,,,,2026-09-07T20:27:16.249662+02:00
NSR:StopPlace:584,Bulken stasjon,2026-09-07T19:20:00+02:00,2026-09-07T19:44:01+02:00,2026-09-07T19:44:01+02:00,1441.0,1,Bergen,VYG:Line:R40,Bergen-Voss-Myrdal-Ål,R40,rail,VYG:ServiceJourney:1833_481205-R,True,actual,False,,,,,2026-09-07T20:27:16.249662+02:00
NSR:StopPlace:58926,Dale stasjon,2026-09-07T19:50:00+02:00,2026-09-07T20:14:00+02:00,2026-09-07T20:14:00+02:00,1440.0,1,Bergen,VYG:Line:R40,Bergen-Voss-Myrdal-Ål,R40,rail,VYG:ServiceJourney:1833_481205-R,True,actual,False,,,,,2026-09-07T20:27:16.249662+02:00
NSR:StopPlace:58927,Flåm stasjon,2026-09-07T18:25:00+02:00,2026-09-07T18:49:00+02:00,2026-09-07T18:49:00+02:00,1440.0,1,Myrdal,VYG:Line:R45,Myrdal-Flåm,R45,rail,VYG:ServiceJourney:1868_465789-R,True,actual,False,,,,,2026-09-07T20:27:16.249662+02:00
NSR:StopPlace:518,Bolstadøyri stasjon,2026-09-07T19:40:00+02:00,2026-09-07T20:03:59+02:00,2026-09-07T20:03:59+02:00,1439.0,1,Bergen,VYG:Line:R40,Bergen-Voss-Myrdal-Ål,R40,rail,VYG:ServiceJourney:1833_481205-R,True,actual,False,,,,,2026-09-07T20:27:16.249662+02:00
NSR:StopPlace:59244,Egersund stasjon,2026-09-07T15:17:00+02:00,2026-09-07T15:40:41+02:00,2026-09-07T15:40:41+02:00,1421.0,1,Hauge i Dalane via Egersund,KOL:Line:8_2036,88,88,bus,KOL:ServiceJourney:2036_250903083241526_1003,True,actual,False,,,,,2026-09-07T15:44:36.205822+02:00
NSR:StopPlace:62295,Stanghelle stasjon,2026-09-07T20:00:00+02:00,2026-09-07T20:23:39+02:00,2026-09-07T20:23:39+02:00,1419.0,1,Bergen,VYG:Line:R40,Bergen-Voss-Myrdal-Ål,R40,rail,VYG:ServiceJourney:1833_481205-R,True,actual,False,,,,,2026-09-07T20:27:16.249662+02:00
NSR:StopPlace:62361,Reimegrend stasjon,2026-09-07T07:21:00+02:00,2026-09-07T07:44:34+02:00,2026-09-07T07:44:34+02:00,1414.0,1,Mjølfjell,VYG:Line:R40,Bergen-Voss-Myrdal-Ål,R40,rail,VYG:ServiceJourney:1800_443388-R,True,actual,False,,,,,2026-09-07T08:42:24.659182+02:00
NSR:StopPlace:58862,Strømmen stasjon,2026-09-07T18:05:00+02:00,2026-09-07T18:28:25+02:00,2026-09-07T18:28:25+02:00,1405.0,1,Lillestrøm,RUT:Line:381,Guldhaug-Tømte - Lillestrøm,381,bus,RUT:ServiceJourney:85680a9a9cde6a9daa0c4fb1fc75cc01,True,actual,False,,,,,2026-09-07T20:27:16.249662+02:00
NSR:StopPlace:58862,Strømmen stasjon,2026-09-07T17:40:00+02:00,2026-09-07T18:03:18+02:00,2026-09-07T18:03:18+02:00,1398.0,1,Guldhaug-Tømte,RUT:Line:381,Guldhaug-Tømte - Lillestrøm,381,bus,RUT:ServiceJourney:3a3813f37108aa807e1411789b3cc6c8,True,actual,False,,,,,2026-09-07T20:27:16.249662+02:00
NSR:StopPlace:58816,Dombås stasjon,2026-09-07T18:14:00+02:00,2026-09-07T18:36:57+02:00,2026-09-07T18:36:57+02:00,1377.0,1,Trondheim S,SJN:Line:21,Dovrebanen,F6,rail,SJN:ServiceJourney:47-LOD_54214-R,True,actual,False,,,,,2026-09-07T20:27:16.249662+02:00
NSR:StopPlace:58889,Gjerstad stasjon,2026-09-07T17:27:00+02:00,2026-09-07T17:49:47+02:00,2026-09-07T17:49:47+02:00,1367.0,1,Oslo S,GOA:Line:50,Sørtoget region,F5,rail,GOA:ServiceJourney:712-STV_63979-R,True,actual,False,,,,,2026-09-07T20:27:16.249662+02:00
NSR:StopPlace:60078,Kongsvoll stasjon,2026-09-07T18:47:00+02:00,2026-09-07T19:09:44+02:00,2026-09-07T19:09:44+02:00,1364.0,1,Trondheim S,SJN:Line:21,Dovrebanen,F6,rail,SJN:ServiceJourney:47-LOD_54214-R,True,actual,False,,,,,2026-09-07T20:27:16.249662+02:00
NSR:StopPlace:364,Vaksdal stasjon,2026-09-07T06:13:00+02:00,2026-09-07T06:35:37+02:00,2026-09-07T06:35:37+02:00,1357.0,1,Voss,VYG:Line:R40,Bergen-Voss-Myrdal-Ål,R40,rail,VYG:ServiceJourney:1802_443389-R,True,actual,False,,,,,2026-09-07T08:42:24.659182+02:00
NSR:StopPlace:58921,Vennesla stasjon,2026-09-07T11:39:00+02:00,2026-09-07T12:01:36+02:00,2026-09-07T12:01:36+02:00,1356.0,1,Stavanger,GOA:Line:50,Sørtoget region,F5,rail,GOA:ServiceJourney:707-LOD_73724-R,True,actual,False,,,,,2026-09-07T15:44:36.205822+02:00
NSR:StopPlace:58926,Dale stasjon,2026-09-07T06:28:00+02:00,2026-09-07T06:50:23+02:00,2026-09-07T06:50:23+02:00,1343.0,1,Voss,VYG:Line:R40,Bergen-Voss-Myrdal-Ål,R40,rail,VYG:ServiceJourney:1802_443389-R,True,actual,False,,,,,2026-09-07T08:42:24.659182+02:00
NSR:StopPlace:58891,Vegårshei stasjon,2026-09-07T17:09:00+02:00,2026-09-07T17:31:22+02:00,2026-09-07T17:31:22+02:00,1342.0,1,Oslo S,GOA:Line:50,Sørtoget region,F5,rail,GOA:ServiceJourney:712-STV_63979-R,True,actual,False,,,,,2026-09-07T20:27:16.249662+02:00
NSR:StopPlace:58813,Skarnes stasjon,2026-09-07T23:08:00+02:00,2026-09-07T23:30:20+02:00,2026-09-07T23:30:20+02:00,1340.0,1,Kongsvinger,VYG:Line:R14,Asker-Oslo S-Kongsvinger,R14,rail,VYG:ServiceJourney:1035_442947-R,True,actual,False,Heis på Skarnes ute av drift,Heisen på Skarnes til spor 2 er ute av drift.,general,normal,2026-09-08T00:20:52.129880+02:00
NSR:StopPlace:58874,Stokke stasjon,2026-09-07T17:56:00+02:00,2026-09-07T18:18:20+02:00,2026-09-07T18:18:20+02:00,1340.0,1,Eidsvoll,VYG:Line:RE11,Eidsvoll-Oslo S-Skien,RE11,rail,VYG:ServiceJourney:828_481334-R,True,actual,False,,,,,2026-09-07T20:27:16.249662+02:00
NSR:StopPlace:58872,Sandefjord stasjon,2026-09-07T17:47:00+02:00,2026-09-07T18:09:18+02:00,2026-09-07T18:09:18+02:00,1338.0,1,Eidsvoll,VYG:Line:RE11,Eidsvoll-Oslo S-Skien,RE11,rail,VYG:ServiceJourney:828_481334-R,True,actual,False,,,,,2026-09-07T20:27:16.249662+02:00
NSR:StopPlace:58821,Hjerkinn stasjon,2026-09-07T18:39:00+02:00,2026-09-07T19:01:18+02:00,2026-09-07T19:01:18+02:00,1338.0,1,Trondheim S,SJN:Line:21,Dovrebanen,F6,rail,SJN:ServiceJourney:47-LOD_54214-R,True,actual,False,,,,,2026-09-07T20:27:16.249662+02:00
NSR:StopPlace:62295,Stanghelle stasjon,2026-09-07T06:21:00+02:00,2026-09-07T06:43:18+02:00,2026-09-07T06:43:18+02:00,1338.0,1,Voss,VYG:Line:R40,Bergen-Voss-Myrdal-Ål,R40,rail,VYG:ServiceJourney:1802_443389-R,True,actual,False,,,,,2026-09-07T08:42:24.659182+02:00
NSR:StopPlace:518,Bolstadøyri stasjon,2026-09-07T06:36:00+02:00,2026-09-07T06:58:05+02:00,2026-09-07T06:58:05+02:00,1325.0,1,Voss,VYG:Line:R40,Bergen-Voss-Myrdal-Ål,R40,rail,VYG:ServiceJourney:1802_443389-R,True,actual,False,Åpnet: Bulken–Bolstadøyri,"Bulken–Bolstadøyri er åpen for togtrafikk igjen. Togene kjører, men det kan ta litt tid før de er i rute. Du må derfor regne med forsinkelser, og at enkelte avganger kan bli innstilt.",general,normal,2026-09-07T08:42:24.659182+02:00
NSR:StopPlace:58870,Holmestrand stasjon,2026-09-07T18:28:00+02:00,2026-09-07T18:49:57+02:00,2026-09-07T18:49:57+02:00,1317.0,1,Eidsvoll,VYG:Line:RE11,Eidsvoll-Oslo S-Skien,RE11,rail,VYG:ServiceJourney:828_481334-R,True,actual,False,,,,,2026-09-07T20:27:16.249662+02:00
NSR:StopPlace:58849,Hakadal stasjon,2026-09-07T19:05:00+02:00,2026-09-07T19:26:32+02:00,2026-09-07T19:26:32+02:00,1292.0,1,Kongskog,RUT:Line:390,Kongskog/Hellerudhaugen - Oslo bussterminal,390,bus,RUT:ServiceJourney:af93dda1cb20b8de8ecfdf1f13f7604c,True,actual,False,,,,,2026-09-07T20:27:16.249662+02:00
NSR:StopPlace:58890,Nelaug stasjon,2026-09-07T16:55:00+02:00,2026-09-07T17:16:24+02:00,2026-09-07T17:16:24+02:00,1284.0,1,Oslo S,GOA:Line:50,Sørtoget region,F5,rail,GOA:ServiceJourney:712-STV_63979-R,True,actual,False,,,,,2026-09-07T20:27:16.249662+02:00
NSR:StopPlace:151,Evanger stasjon,2026-09-07T19:32:00+02:00,2026-09-07T19:53:23+02:00,2026-09-07T19:53:23+02:00,1283.0,1,Bergen,VYG:Line:R40,Bergen-Voss-Myrdal-Ål,R40,rail,VYG:ServiceJourney:1833_481205-R,True,actual,False,,,,,2026-09-07T20:27:16.249662+02:00
NSR:StopPlace:58873,Skoppum stasjon,2026-09-07T18:20:00+02:00,2026-09-07T18:40:50+02:00,2026-09-07T18:40:50+02:00,1250.0,1,Eidsvoll,VYG:Line:RE11,Eidsvoll-Oslo S-Skien,RE11,rail,VYG:ServiceJourney:828_481334-R,True,actual,False,,,,,2026-09-07T20:27:16.249662+02:00
NSR:StopPlace:60053,Halden stasjon,2026-09-07T15:04:00+02:00,2026-09-07T15:24:45+02:00,2026-09-07T15:24:45+02:00,1245.0,1,Oslo S,VYG:Line:RE20,Oslo S-Halden-Göteborg (X-Border),RE20,rail,VYG:ServiceJourney:124_443122-R,True,actual,False,,,,,2026-09-07T15:44:36.205822+02:00
NSR:StopPlace:58858,Nittedal stasjon,2026-09-07T17:10:00+02:00,2026-09-07T17:30:44+02:00,2026-09-07T17:30:44+02:00,1244.0,1,Jaren,VYG:Line:R31,Skøyen-Jaren-Gjøvik,R31,rail,VYG:ServiceJourney:BUS-243_655554-R,True,actual,False,,,,,2026-09-07T20:27:16.249662+02:00
NSR:StopPlace:62361,Reimegrend stasjon,2026-09-07T07:48:00+02:00,2026-09-07T08:08:42+02:00,2026-09-07T08:08:42+02:00,1242.0,1,Bergen,VYG:Line:R40,Bergen-Voss-Myrdal-Ål,R40,rail,VYG:ServiceJourney:1813_443399-R,True,actual,False,Forsinket,Toget kjørte 24 minutter forsinket fra Mjølfjell. Dette skyldes at togsettet vi trenger er forsinket.,incident,normal,2026-09-07T08:42:24.659182+02:00
NSR:StopPlace:58819,Grua stasjon,2026-09-07T14:35:00+02:00,2026-09-07T14:55:34+02:00,2026-09-07T14:55:34+02:00,1234.0,1,Harestua,INN:Line:112,Brandbu-Gran-Harestua,112,bus,INN:ServiceJourney:70798,True,actual,False,,,,,2026-09-07T15:44:36.205822+02:00
NSR:StopPlace:316,Oppdal stasjon,2026-09-07T19:14:00+02:00,2026-09-07T19:34:29+02:00,2026-09-07T19:34:29+02:00,1229.0,1,Trondheim S,SJN:Line:21,Dovrebanen,F6,rail,SJN:ServiceJourney:47-LOD_54214-R,True,actual,False,,,,,2026-09-07T20:27:16.249662+02:00
NSR:StopPlace:58858,Nittedal stasjon,2026-09-07T07:31:00+02:00,2026-09-07T07:51:16+02:00,2026-09-07T07:51:16+02:00,1216.0,1,Oslo S,VYG:Line:R31,Skøyen-Jaren-Gjøvik,R31,rail,VYG:ServiceJourney:BUS-270_655589-R,True,actual,False,,,,,2026-09-07T08:42:24.659182+02:00
NSR:StopPlace:59952,Drammen stasjon,2026-09-07T18:47:00+02:00,2026-09-07T19:07:03+02:00,2026-09-07T19:07:03+02:00,1203.0,1,Eidsvoll,VYG:Line:RE11,Eidsvoll-Oslo S-Skien,RE11,rail,VYG:ServiceJourney:828_481334-R,True,actual,False,,,,,2026-09-07T20:27:16.249662+02:00
NSR:StopPlace:58878,Drangedal stasjon,2026-09-07T11:56:00+02:00,2026-09-07T12:15:57+02:00,2026-09-07T12:15:57+02:00,1197.0,1,Stavanger,GOA:Line:50,Sørtoget region,F5,rail,GOA:ServiceJourney:709-LOD_73757-R,True,actual,False,,,,,2026-09-07T15:44:36.205822+02:00
NSR:StopPlace:58819,Grua stasjon,2026-09-07T14:40:00+02:00,2026-09-07T14:59:56+02:00,2026-09-07T14:59:56+02:00,1196.0,1,Roa,VYG:Line:RE30,Oslo S-Gjøvik,RE30,rail,VYG:ServiceJourney:BUS-1219_655046-R,True,actual,False,,,,,2026-09-07T15:44:36.205822+02:00
NSR:StopPlace:58891,Vegårshei stasjon,2026-09-07T14:39:00+02:00,2026-09-07T14:58:48+02:00,2026-09-07T14:58:48+02:00,1188.0,1,Stavanger,GOA:Line:50,Sørtoget region,F5,rail,GOA:ServiceJourney:711-LOD_64080-R,True,actual,False,,,,,2026-09-07T15:44:36.205822+02:00
NSR:StopPlace:58876,Tønsberg stasjon,2026-09-07T18:09:00+02:00,2026-09-07T18:28:47+02:00,2026-09-07T18:28:47+02:00,1187.0,1,Eidsvoll,VYG:Line:RE11,Eidsvoll-Oslo S-Skien,RE11,rail,VYG:ServiceJourney:828_481334-R,True,actual,False,,,,,2026-09-07T20:27:16.249662+02:00
NSR:StopPlace:61383,Urdland stasjon,2026-09-07T07:58:00+02:00,2026-09-07T08:17:33+02:00,2026-09-07T08:17:33+02:00,1173.0,1,Bergen,VYG:Line:R40,Bergen-Voss-Myrdal-Ål,R40,rail,VYG:ServiceJourney:1813_443399-R,True,actual,False,Forsinket,Toget kjørte 24 minutter forsinket fra Mjølfjell. Dette skyldes at togsettet vi trenger er forsinket.,incident,normal,2026-09-07T08:42:24.659182+02:00
NSR:StopPlace:58966,Porsgrunn stasjon,2026-09-07T17:17:00+02:00,2026-09-07T17:36:32+02:00,2026-09-07T17:36:32+02:00,1172.0,1,Eidsvoll,VYG:Line:RE11,Eidsvoll-Oslo S-Skien,RE11,rail,VYG:ServiceJourney:828_481334-R,True,actual,False,Heis på Porsgrunn ute av drift,Heisen på Porsgrunn til spor 2 er ute av drift.,general,normal,2026-09-07T20:27:16.249662+02:00
NSR:StopPlace:59649,Nydalen stasjon,2026-09-07T17:05:00+02:00,2026-09-07T17:24:30+02:00,2026-09-07T17:24:30+02:00,1170.0,1,Jaren,VYG:Line:R31,Skøyen-Jaren-Gjøvik,R31,rail,VYG:ServiceJourney:BUS-245_655570-R,True,actual,False,,,,,2026-09-07T20:27:16.249662+02:00
NSR:StopPlace:58880,Neslandsvatn stasjon,2026-09-07T12:08:00+02:00,2026-09-07T12:27:29+02:00,2026-09-07T12:27:29+02:00,1169.0,1,Stavanger,GOA:Line:50,Sørtoget region,F5,rail,GOA:ServiceJourney:709-LOD_73757-R,True,actual,False,,,,,2026-09-07T15:44:36.205822+02:00
NSR:StopPlace:58966,Porsgrunn stasjon,2026-09-07T18:45:00+02:00,2026-09-07T19:04:27+02:00,2026-09-07T19:04:27+02:00,1167.0,1,Skien,VYG:Line:RE11,Eidsvoll-Oslo S-Skien,RE11,rail,VYG:ServiceJourney:825_444405-R,True,actual,False,Heis på Porsgrunn ute av drift,Heisen på Porsgrunn til spor 2 er ute av drift.,general,normal,2026-09-07T20:27:16.249662+02:00
NSR:StopPlace:62373,Berkåk stasjon,2026-09-07T19:40:00+02:00,2026-09-07T19:59:23+02:00,2026-09-07T19:59:23+02:00,1163.0,1,Trondheim S,SJN:Line:21,Dovrebanen,F6,rail,SJN:ServiceJourney:47-LOD_54214-R,True,actual,False,,,,,2026-09-07T20:27:16.249662+02:00
NSR:StopPlace:58890,Nelaug stasjon,2026-09-07T14:55:00+02:00,2026-09-07T15:14:22+02:00,2026-09-07T15:14:22+02:00,1162.0,1,Stavanger,GOA:Line:50,Sørtoget region,F5,rail,GOA:ServiceJourney:711-LOD_64080-R,True,actual,False,,,,,2026-09-07T15:44:36.205822+02:00
NSR:StopPlace:58921,Vennesla stasjon,2026-09-07T13:44:00+02:00,2026-09-07T14:03:13+02:00,2026-09-07T14:03:13+02:00,1153.0,1,Stavanger,GOA:Line:50,Sørtoget region,F5,rail,GOA:ServiceJourney:709-LOD_73757-R,True,actual,False,,,,,2026-09-07T15:44:36.205822+02:00
NSR:StopPlace:58845,Eidsvoll verk stasjon,2026-09-07T19:55:00+02:00,2026-09-07T20:14:04+02:00,2026-09-07T20:14:04+02:00,1144.0,1,Eidsvoll,VYG:Line:RE11,Eidsvoll-Oslo S-Skien,RE11,rail,VYG:ServiceJourney:828_481334-R,True,actual,False,,,,,2026-09-07T20:27:16.249662+02:00
NSR:StopPlace:58858,Nittedal stasjon,2026-09-07T15:14:00+02:00,2026-09-07T15:33:02+02:00,2026-09-07T15:33:02+02:00,1142.0,1,Hakadal,VYG:Line:R31,Skøyen-Jaren-Gjøvik,R31,rail,VYG:ServiceJourney:b9086b8b-de88-4aed-a320-6325678a6a1c-289-2026-09-07-0,True,actual,False,,,,,2026-09-07T15:44:36.205822+02:00
NSR:StopPlace:261,Ganddal stasjon,2026-09-07T17:39:00+02:00,2026-09-07T17:57:59+02:00,2026-09-07T17:57:59+02:00,1139.0,1,Stavanger,GOA:Line:59,Jærbanen,L5,rail,GOA:ServiceJourney:3051_63099-R,True,actual,False,,,,,2026-09-07T20:27:16.249662+02:00
NSR:StopPlace:59643,Grefsen stasjon,2026-09-07T17:08:00+02:00,2026-09-07T17:26:56+02:00,2026-09-07T17:26:56+02:00,1136.0,1,Jaren,VYG:Line:R31,Skøyen-Jaren-Gjøvik,R31,rail,VYG:ServiceJourney:BUS-245_655570-R,True,actual,False,,,,,2026-09-07T20:27:16.249662+02:00
NSR:StopPlace:58892,Audnedal stasjon,2026-09-07T16:49:00+02:00,2026-09-07T17:07:54+02:00,2026-09-07T17:07:54+02:00,1134.0,1,Stavanger,GOA:Line:50,Sørtoget region,F5,rail,GOA:ServiceJourney:711-LOD_64080-R,True,actual,False,,,,,2026-09-07T20:27:16.249662+02:00
NSR:StopPlace:58889,Gjerstad stasjon,2026-09-07T14:22:00+02:00,2026-09-07T14:40:53+02:00,2026-09-07T14:40:53+02:00,1133.0,1,Stavanger,GOA:Line:50,Sørtoget region,F5,rail,GOA:ServiceJourney:711-LOD_64080-R,True,actual,False,,,,,2026-09-07T15:44:36.205822+02:00
NSR:StopPlace:58890,Nelaug stasjon,2026-09-07T12:55:00+02:00,2026-09-07T13:13:52+02:00,2026-09-07T13:13:52+02:00,1132.0,1,Stavanger,GOA:Line:50,Sørtoget region,F5,rail,GOA:ServiceJourney:709-LOD_73757-R,True,actual,False,,,,,2026-09-07T15:44:36.205822+02:00
NSR:StopPlace:58930,Larvik stasjon,2026-09-07T18:33:00+02:00,2026-09-07T18:51:50+02:00,2026-09-07T18:51:50+02:00,1130.0,1,Skien,VYG:Line:RE11,Eidsvoll-Oslo S-Skien,RE11,rail,VYG:ServiceJourney:825_444405-R,True,actual,False,,,,,2026-09-07T20:27:16.249662+02:00
NSR:StopPlace:60077,Støren stasjon,2026-09-07T20:06:00+02:00,2026-09-07T20:24:49+02:00,2026-09-07T20:24:49+02:00,1129.0,1,Trondheim S,SJN:Line:21,Dovrebanen,F6,rail,SJN:ServiceJourney:47-LOD_54214-R,True,actual,False,,,,,2026-09-07T20:27:16.249662+02:00
NSR:StopPlace:61251,Øksnavadporten stasjon,2026-09-07T17:35:00+02:00,2026-09-07T17:53:45+02:00,2026-09-07T17:53:45+02:00,1125.0,1,Stavanger,GOA:Line:59,Jærbanen,L5,rail,GOA:ServiceJourney:3051_63099-R,True,actual,False,,,,,2026-09-07T20:27:16.249662+02:00
NSR:StopPlace:59957,Klepp stasjon,2026-09-07T17:33:00+02:00,2026-09-07T17:51:45+02:00,2026-09-07T17:51:45+02:00,1125.0,1,Stavanger,GOA:Line:59,Jærbanen,L5,rail,GOA:ServiceJourney:3051_63099-R,True,actual,False,,,,,2026-09-07T20:27:16.249662+02:00
NSR:StopPlace:58820,Harestua stasjon,2026-09-07T14:30:00+02:00,2026-09-07T14:48:45+02:00,2026-09-07T14:48:45+02:00,1125.0,1,Roa,VYG:Line:RE30,Oslo S-Gjøvik,RE30,rail,VYG:ServiceJourney:BUS-1219_655046-R,True,actual,False,,,,,2026-09-07T15:44:36.205822+02:00
NSR:StopPlace:58794,Fredrikstad stasjon,2026-09-07T16:43:00+02:00,2026-09-07T17:01:37+02:00,2026-09-07T17:01:37+02:00,1117.0,1,Oslo S,VYG:Line:RE20,Oslo S-Halden-Göteborg (X-Border),RE20,rail,VYG:ServiceJourney:390-126_459684-R,True,actual,False,,,,,2026-09-07T20:27:16.249662+02:00
NSR:StopPlace:702,Sandnes sentrum stasjon,2026-09-07T17:44:00+02:00,2026-09-07T18:02:35+02:00,2026-09-07T18:02:35+02:00,1115.0,1,Stavanger,GOA:Line:59,Jærbanen,L5,rail,GOA:ServiceJourney:3051_63099-R,True,actual,False,,,,,2026-09-07T20:27:16.249662+02:00
NSR:StopPlace:58891,Vegårshei stasjon,2026-09-07T12:39:00+02:00,2026-09-07T12:57:33+02:00,2026-09-07T12:57:33+02:00,1113.0,1,Stavanger,GOA:Line:50,Sørtoget region,F5,rail,GOA:ServiceJourney:709-LOD_73757-R,True,actual,False,,,,,2026-09-07T15:44:36.205822+02:00
NSR:StopPlace:58869,Ås stasjon,2026-09-07T14:45:00+02:00,2026-09-07T15:03:32+02:00,2026-09-07T15:03:32+02:00,1112.0,1,Stabekk,VYG:Line:R21,Stabekk-Oslo S-Moss,R21,rail,VYG:ServiceJourney:1142-MOS_443021-R,True,actual,False,Ta neste tog | Forsinket,Ta neste tog mellom Kambo og Stabekk. | Toget kjørte 10 minutter forsinket fra Moss. Dette skyldes en tidligere stans.,incident | incident,normal | normal,2026-09-07T15:44:36.205822+02:00
NSR:StopPlace:58865,Vestby stasjon,2026-09-07T14:40:00+02:00,2026-09-07T14:58:31+02:00,2026-09-07T14:58:31+02:00,1111.0,1,Stabekk,VYG:Line:R21,Stabekk-Oslo S-Moss,R21,rail,VYG:ServiceJourney:1142-MOS_443021-R,True,actual,False,Ta neste tog | Forsinket,Ta neste tog mellom Kambo og Stabekk. | Toget kjørte 10 minutter forsinket fra Moss. Dette skyldes en tidligere stans.,incident | incident,normal | normal,2026-09-07T15:44:36.205822+02:00
NSR:StopPlace:58858,Nittedal stasjon,2026-09-07T15:14:00+02:00,2026-09-07T15:32:27+02:00,2026-09-07T15:32:27+02:00,1107.0,1,Hakadal,VYG:Line:R31,Skøyen-Jaren-Gjøvik,R31,rail,VYG:ServiceJourney:BUS-289_655645-R,True,actual,False,,,,,2026-09-07T15:44:36.205822+02:00
NSR:StopPlace:61608,Kristiansand stasjon,2026-09-07T19:52:00+02:00,2026-09-07T20:10:23+02:00,2026-09-07T20:10:23+02:00,1103.0,1,Oslo S,GOA:Line:50,Sørtoget region,F5,rail,GOA:ServiceJourney:716-STV_63249-R,True,actual,False,,,,,2026-09-07T20:27:16.249662+02:00
NSR:StopPlace:58795,Kambo stasjon,2026-09-07T14:30:00+02:00,2026-09-07T14:48:23+02:00,2026-09-07T14:48:23+02:00,1103.0,1,Stabekk,VYG:Line:R21,Stabekk-Oslo S-Moss,R21,rail,VYG:ServiceJourney:1142-MOS_443021-R,True,actual,False,Toget kjører igjen | Ta neste tog | Forsinket,Toget kjører igjen etter tidligere stans på Moss. | Ta neste tog mellom Kambo og Stabekk. | Toget kjørte 10 minutter forsinket fra Moss. Dette skyldes en tidligere stans.,general | incident | incident,normal | normal | normal,2026-09-07T15:44:36.205822+02:00
NSR:StopPlace:59639,Sonsveien stasjon,2026-09-07T14:34:00+02:00,2026-09-07T14:52:14+02:00,2026-09-07T14:52:14+02:00,1094.0,1,Stabekk,VYG:Line:R21,Stabekk-Oslo S-Moss,R21,rail,VYG:ServiceJourney:1142-MOS_443021-R,True,actual,False,Toget kjører igjen | Ta neste tog | Forsinket,Toget kjører igjen etter tidligere stans på Moss. | Ta neste tog mellom Kambo og Stabekk. | Toget kjørte 10 minutter forsinket fra Moss. Dette skyldes en tidligere stans.,general | incident | incident,normal | normal | normal,2026-09-07T15:44:36.205822+02:00
NSR:StopPlace:8,Paradis stasjon,2026-09-07T17:58:00+02:00,2026-09-07T18:16:09+02:00,2026-09-07T18:16:09+02:00,1089.0,1,Stavanger,GOA:Line:59,Jærbanen,L5,rail,GOA:ServiceJourney:3051_63099-R,True,actual,False,,,,,2026-09-07T20:27:16.249662+02:00
NSR:StopPlace:58800,Råde stasjon,2026-09-07T16:55:00+02:00,2026-09-07T17:13:09+02:00,2026-09-07T17:13:09+02:00,1089.0,1,Oslo S,VYG:Line:RE20,Oslo S-Halden-Göteborg (X-Border),RE20,rail,VYG:ServiceJourney:390-126_459684-R,True,actual,False,,,,,2026-09-07T20:27:16.249662+02:00
NSR:StopPlace:58917,Marnardal stasjon,2026-09-07T16:36:00+02:00,2026-09-07T16:54:04+02:00,2026-09-07T16:54:04+02:00,1084.0,1,Stavanger,GOA:Line:50,Sørtoget region,F5,rail,GOA:ServiceJourney:711-LOD_64080-R,True,actual,False,,,,,2026-09-07T20:27:16.249662+02:00
NSR:StopPlace:206,Mariero stasjon,2026-09-07T17:55:00+02:00,2026-09-07T18:12:58+02:00,2026-09-07T18:12:58+02:00,1078.0,1,Stavanger,GOA:Line:59,Jærbanen,L5,rail,GOA:ServiceJourney:3051_63099-R,True,actual,False,,,,,2026-09-07T20:27:16.249662+02:00
NSR:StopPlace:59958,Voss stasjon,2026-09-07T19:14:00+02:00,2026-09-07T19:31:56+02:00,2026-09-07T19:31:56+02:00,1076.0,1,Bergen,VYG:Line:R40,Bergen-Voss-Myrdal-Ål,R40,rail,VYG:ServiceJourney:1833_481205-R,True,actual,False,,,,,2026-09-07T20:27:16.249662+02:00
NSR:StopPlace:62353,Breland stasjon,2026-09-07T16:24:00+02:00,2026-09-07T16:41:55+02:00,2026-09-07T16:41:55+02:00,1075.0,1,Stavanger,GOA:Line:50,Sørtoget region,F5,rail,GOA:ServiceJourney:711-LOD_64080-R,True,actual,False,,,,,2026-09-07T20:27:16.249662+02:00
NSR:StopPlace:61735,Hell stasjon,2026-09-07T07:30:00+02:00,2026-09-07T07:47:47+02:00,2026-09-07T07:47:47+02:00,1067.0,1,Lerkendal,SJN:Line:26,Trønderbanen,R70,rail,SJN:ServiceJourney:1762_55816-R,True,actual,False,,,,,2026-09-07T08:42:24.659182+02:00
NSR:StopPlace:59243,Mo i Rana stasjon,2026-09-07T06:18:00+02:00,2026-09-07T06:35:46+02:00,2026-09-07T06:35:46+02:00,1066.0,1,Mosjøen,NOR:Line:12_3721,Mo i Rana - Korgen- Mosjøen,200,bus,NOR:ServiceJourney:3721_251022109773381_1001,True,actual,False,,,,,2026-09-07T08:42:24.659182+02:00
NSR:StopPlace:362,Jåttåvågen stasjon,2026-09-07T17:52:00+02:00,2026-09-07T18:09:37+02:00,2026-09-07T18:09:37+02:00,1057.0,1,Stavanger,GOA:Line:59,Jærbanen,L5,rail,GOA:ServiceJourney:3051_63099-R,True,actual,False,,,,,2026-09-07T20:27:16.249662+02:00
NSR:StopPlace:58858,Nittedal stasjon,2026-09-07T17:13:00+02:00,2026-09-07T17:30:36+02:00,2026-09-07T17:30:36+02:00,1056.0,1,Roa,VYG:Line:RE30,Oslo S-Gjøvik,RE30,rail,VYG:ServiceJourney:BUS-1225_655077-R,True,actual,False,,,,,2026-09-07T20:27:16.249662+02:00
NSR:StopPlace:58921,Vennesla stasjon,2026-09-07T20:05:00+02:00,2026-09-07T20:22:35+02:00,2026-09-07T20:22:35+02:00,1055.0,1,Oslo S,GOA:Line:50,Sørtoget region,F5,rail,GOA:ServiceJourney:716-STV_63249-R,True,actual,False,,,,,2026-09-08T00:20:52.129880+02:00
NSR:StopPlace:58918,Nodeland stasjon,2026-09-07T16:16:00+02:00,2026-09-07T16:33:27+02:00,2026-09-07T16:33:27+02:00,1047.0,1,Stavanger,GOA:Line:50,Sørtoget region,F5,rail,GOA:ServiceJourney:711-LOD_64080-R,True,actual,False,,,,,2026-09-07T20:27:16.249662+02:00
NSR:StopPlace:58930,Larvik stasjon,2026-09-07T18:20:00+02:00,2026-09-07T18:37:27+02:00,2026-09-07T18:37:27+02:00,1047.0,1,Skien,VYG:Line:RX11,Eidsvoll-Oslo S-Skien,RX11,rail,VYG:ServiceJourney:863-LOE_562942-R,True,actual,False,,,,,2026-09-07T20:27:16.249662+02:00
NSR:StopPlace:58932,Hommelvik stasjon,2026-09-07T07:35:00+02:00,2026-09-07T07:52:27+02:00,2026-09-07T07:52:27+02:00,1047.0,1,Lerkendal,SJN:Line:26,Trønderbanen,R70,rail,SJN:ServiceJourney:1762_55816-R,True,actual,False,,,,,2026-09-07T08:42:24.659182+02:00
NSR:StopPlace:369,Kvål stasjon,2026-09-07T23:13:00+02:00,2026-09-07T23:30:20+02:00,2026-09-07T23:30:20+02:00,1040.0,1,Støren,SJN:Line:26,Trønderbanen,R70,rail,SJN:ServiceJourney:452_56081-R,True,actual,False,,,,,2026-09-08T00:20:52.129880+02:00
NSR:StopPlace:58799,Rygge stasjon,2026-09-07T17:01:00+02:00,2026-09-07T17:18:17+02:00,2026-09-07T17:18:17+02:00,1037.0,1,Oslo S,VYG:Line:RE20,Oslo S-Halden-Göteborg (X-Border),RE20,rail,VYG:ServiceJourney:390-126_459684-R,True,actual,False,,,,,2026-09-07T20:27:16.249662+02:00
NSR:StopPlace:58890,Nelaug stasjon,2026-09-07T20:53:00+02:00,2026-09-07T21:10:06+02:00,2026-09-07T21:10:06+02:00,1026.0,1,Oslo S,GOA:Line:50,Sørtoget region,F5,rail,GOA:ServiceJourney:716-STV_63249-R,True,actual,False,,,,,2026-09-08T00:20:52.129880+02:00
NSR:StopPlace:58930,Larvik stasjon,2026-09-07T17:32:00+02:00,2026-09-07T17:49:06+02:00,2026-09-07T17:49:06+02:00,1026.0,1,Eidsvoll,VYG:Line:RE11,Eidsvoll-Oslo S-Skien,RE11,rail,VYG:ServiceJourney:828_481334-R,True,actual,False,,,,,2026-09-07T20:27:16.249662+02:00
NSR:StopPlace:59091,Storekvina stasjon,2026-09-07T17:09:00+02:00,2026-09-07T17:25:59+02:00,2026-09-07T17:25:59+02:00,1019.0,1,Stavanger,GOA:Line:50,Sørtoget region,F5,rail,GOA:ServiceJourney:711-LOD_64080-R,True,actual,False,,,,,2026-09-07T20:27:16.249662+02:00
NSR:StopPlace:58920,Snartemo stasjon,2026-09-07T16:57:00+02:00,2026-09-07T17:13:59+02:00,2026-09-07T17:13:59+02:00,1019.0,1,Stavanger,GOA:Line:50,Sørtoget region,F5,rail,GOA:ServiceJourney:711-LOD_64080-R,True,actual,False,,,,,2026-09-07T20:27:16.249662+02:00
NSR:StopPlace:58858,Nittedal stasjon,2026-09-07T20:04:00+02:00,2026-09-07T20:20:58+02:00,2026-09-07T20:20:58+02:00,1018.0,1,Roa,VYG:Line:R31,Skøyen-Jaren-Gjøvik,R31,rail,VYG:ServiceJourney:BUS-231_655412-R,True,actual,False,,,,,2026-09-07T20:27:16.249662+02:00
NSR:StopPlace:416,Vikhammer stasjon,2026-09-07T22:21:00+02:00,2026-09-07T22:37:55+02:00,2026-09-07T22:37:55+02:00,1015.0,1,Støren,SJN:Line:26,Trønderbanen,R70,rail,SJN:ServiceJourney:452_56081-R,True,actual,False,,,,,2026-09-08T00:20:52.129880+02:00
NSR:StopPlace:58884,Skien stasjon,2026-09-07T21:05:00+02:00,2026-09-07T21:21:53+02:00,2026-09-07T21:21:53+02:00,1013.0,1,Seljord,TEL:Line:8181,Seljord-Bø-Skien,R1,bus,TEL:ServiceJourney:127103,True,actual,False,,,,,2026-09-08T00:20:52.129880+02:00
NSR:StopPlace:461,Lundamo stasjon,2026-09-07T23:24:00+02:00,2026-09-07T23:40:49+02:00,2026-09-07T23:40:49+02:00,1009.0,1,Støren,SJN:Line:26,Trønderbanen,R70,rail,SJN:ServiceJourney:452_56081-R,True,actual,False,,,,,2026-09-08T00:20:52.129880+02:00
NSR:StopPlace:58869,Ås stasjon,2026-09-07T05:15:00+02:00,2026-09-07T05:31:44+02:00,2026-09-07T05:31:44+02:00,1004.0,1,Stabekk,VYG:Line:R21,Stabekk-Oslo S-Moss,R21,rail,VYG:ServiceJourney:1104-MOS_442975-R,True,actual,False,Forsinket,Toget kjørte 13 minutter forsinket fra Kambo. Dette skyldes en tidligere stans.,incident,normal,2026-09-07T08:42:24.659182+02:00
NSR:StopPlace:59658,Moi stasjon,2026-09-07T17:34:00+02:00,2026-09-07T17:50:36+02:00,2026-09-07T17:50:36+02:00,996.0,1,Stavanger,GOA:Line:50,Sørtoget region,F5,rail,GOA:ServiceJourney:711-LOD_64080-R,True,actual,False,,,,,2026-09-07T20:27:16.249662+02:00
NSR:StopPlace:61314,Hovin stasjon,2026-09-07T23:30:00+02:00,2026-09-07T23:46:29+02:00,2026-09-07T23:46:29+02:00,989.0,1,Støren,SJN:Line:26,Trønderbanen,R70,rail,SJN:ServiceJourney:452_56081-R,True,actual,False,,,,,2026-09-08T00:20:52.129880+02:00
NSR:StopPlace:58919,Sira stasjon,2026-09-07T17:27:00+02:00,2026-09-07T17:43:29+02:00,2026-09-07T17:43:29+02:00,989.0,1,Stavanger,GOA:Line:50,Sørtoget region,F5,rail,GOA:ServiceJourney:711-LOD_64080-R,True,actual,False,,,,,2026-09-07T20:27:16.249662+02:00
NSR:StopPlace:60047,Melhus skysstasjon,2026-09-07T23:08:00+02:00,2026-09-07T23:24:23+02:00,2026-09-07T23:24:23+02:00,983.0,1,Støren,SJN:Line:26,Trønderbanen,R70,rail,SJN:ServiceJourney:452_56081-R,True,actual,False,,,,,2026-09-08T00:20:52.129880+02:00
NSR:StopPlace:59092,Gyland stasjon,2026-09-07T17:15:00+02:00,2026-09-07T17:31:21+02:00,2026-09-07T17:31:21+02:00,981.0,1,Stavanger,GOA:Line:50,Sørtoget region,F5,rail,GOA:ServiceJourney:711-LOD_64080-R,True,actual,False,,,,,2026-09-07T20:27:16.249662+02:00
NSR:StopPlace:58796,Moss stasjon,2026-09-07T17:10:00+02:00,2026-09-07T17:26:17+02:00,2026-09-07T17:26:17+02:00,977.0,1,Oslo S,VYG:Line:RE20,Oslo S-Halden-Göteborg (X-Border),RE20,rail,VYG:ServiceJourney:390-126_459684-R,True,actual,False,,,,,2026-09-07T20:27:16.249662+02:00
NSR:StopPlace:400,Ler stasjon,2026-09-07T23:18:00+02:00,2026-09-07T23:34:15+02:00,2026-09-07T23:34:15+02:00,975.0,1,Støren,SJN:Line:26,Trønderbanen,R70,rail,SJN:ServiceJourney:452_56081-R,True,actual,False,,,,,2026-09-08T00:20:52.129880+02:00
NSR:StopPlace:59091,Storekvina stasjon,2026-09-07T18:29:00+02:00,2026-09-07T18:45:11+02:00,2026-09-07T18:45:11+02:00,971.0,1,Oslo S,GOA:Line:50,Sørtoget region,F5,rail,GOA:ServiceJourney:716-STV_63249-R,True,actual,False,,,,,2026-09-07T20:27:16.249662+02:00
NSR:StopPlace:59092,Gyland stasjon,2026-09-07T18:23:00+02:00,2026-09-07T18:39:11+02:00,2026-09-07T18:39:11+02:00,971.0,1,Oslo S,GOA:Line:50,Sørtoget region,F5,rail,GOA:ServiceJourney:716-STV_63249-R,True,actual,False,,,,,2026-09-07T20:27:16.249662+02:00
NSR:StopPlace:58886,Arendal stasjon,2026-09-07T08:02:00+02:00,2026-09-07T08:18:07+02:00,2026-09-07T08:18:07+02:00,967.0,1,Eydehavn,AKT:Line:101,Eydehavn-Arendal-Grimstad N/S,101,bus,AKT:ServiceJourney:71852_92_90_51000_55680_40001426,True,actual,False,,,,,2026-09-07T08:42:24.659182+02:00
NSR:StopPlace:59643,Grefsen stasjon,2026-09-07T17:13:00+02:00,2026-09-07T17:29:06+02:00,2026-09-07T17:29:06+02:00,966.0,1,Lysaker,RUT:Line:23,Lysaker - Simensbråten,23,bus,RUT:ServiceJourney:05e99b0934bbfb86d4854119b8c5082a,True,actual,False,,,,,2026-09-07T20:27:16.249662+02:00
NSR:StopPlace:58793,Askim stasjon,2026-09-07T08:17:00+02:00,2026-09-07T08:33:06+02:00,2026-09-07T08:33:06+02:00,966.0,1,Askim-Steinerskolen,OST:Line:1_400,Askim-Trøgstad,400,bus,OST:ServiceJourney:400_260827111751699_6,True,actual,False,,,,,2026-09-07T08:42:24.659182+02:00
NSR:StopPlace:60053,Halden stasjon,2026-09-07T14:43:00+02:00,2026-09-07T14:58:59+02:00,2026-09-07T14:58:59+02:00,959.0,1,Halden sentrum,OST:Line:1_35,Næridsrød - Tistedal,35,bus,OST:ServiceJourney:35_260325121472327_17,True,actual,False,,,,,2026-09-07T15:44:36.205822+02:00
NSR:StopPlace:58865,Vestby stasjon,2026-09-07T05:10:00+02:00,2026-09-07T05:25:49+02:00,2026-09-07T05:25:49+02:00,949.0,1,Stabekk,VYG:Line:R21,Stabekk-Oslo S-Moss,R21,rail,VYG:ServiceJourney:1104-MOS_442975-R,True,actual,False,Forsinket,Toget kjørte 13 minutter forsinket fra Kambo. Dette skyldes en tidligere stans.,incident,normal,2026-09-07T08:42:24.659182+02:00
NSR:StopPlace:58830,Brakerøya stasjon,2026-09-07T14:21:00+02:00,2026-09-07T14:36:48+02:00,2026-09-07T14:36:48+02:00,948.0,1,Drammen,VYG:Line:R13,Drammen-Oslo S-Dal,R13,rail,VYG:ServiceJourney:1634_443285-R,True,actual,False,,,,,2026-09-07T15:44:36.205822+02:00
NSR:StopPlace:58891,Vegårshei stasjon,2026-09-07T21:08:00+02:00,2026-09-07T21:23:43+02:00,2026-09-07T21:23:43+02:00,943.0,1,Oslo S,GOA:Line:50,Sørtoget region,F5,rail,GOA:ServiceJourney:716-STV_63249-R,True,actual,False,,,,,2026-09-08T00:20:52.129880+02:00
NSR:StopPlace:33,Ranheim stasjon,2026-09-07T22:29:00+02:00,2026-09-07T22:44:40+02:00,2026-09-07T22:44:40+02:00,940.0,1,Støren,SJN:Line:26,Trønderbanen,R70,rail,SJN:ServiceJourney:452_56081-R,True,actual,False,,,,,2026-09-08T00:20:52.129880+02:00
NSR:StopPlace:58849,Hakadal stasjon,2026-09-07T18:05:00+02:00,2026-09-07T18:20:40+02:00,2026-09-07T18:20:40+02:00,940.0,1,Kongskog,RUT:Line:390,Kongskog/Hellerudhaugen - Oslo bussterminal,390,bus,RUT:ServiceJourney:c300e5316688ecf3cf842d9f9a6fa2d0,True,actual,False,,,,,2026-09-07T20:27:16.249662+02:00
NSR:StopPlace:60077,Støren stasjon,2026-09-07T21:26:00+02:00,2026-09-07T21:41:38+02:00,2026-09-07T21:41:38+02:00,938.0,1,Trondheim S,SJN:Line:25,Rørosbanen,R60,rail,SJN:ServiceJourney:2389_47883-R,True,actual,False,,,,,2026-09-08T00:20:52.129880+02:00
NSR:StopPlace:58919,Sira stasjon,2026-09-07T18:11:00+02:00,2026-09-07T18:26:36+02:00,2026-09-07T18:26:36+02:00,936.0,1,Oslo S,GOA:Line:50,Sørtoget region,F5,rail,GOA:ServiceJourney:716-STV_63249-R,True,actual,False,,,,,2026-09-07T20:27:16.249662+02:00
NSR:StopPlace:58884,Skien stasjon,2026-09-07T17:08:00+02:00,2026-09-07T17:23:35+02:00,2026-09-07T17:23:35+02:00,935.0,1,Eidsvoll,VYG:Line:RE11,Eidsvoll-Oslo S-Skien,RE11,rail,VYG:ServiceJourney:828_481334-R,True,actual,False,,,,,2026-09-07T20:27:16.249662+02:00
NSR:StopPlace:58864,Sørumsand stasjon,2026-09-07T13:51:00+02:00,2026-09-07T14:06:35+02:00,2026-09-07T14:06:35+02:00,935.0,1,Skedsmokorset,RUT:Line:365,Sørumsand - Frogner - Skedsmokorset,365,bus,RUT:ServiceJourney:2e2605d1a5e39eda8d4f8886e5e38e54,True,actual,False,,,,,2026-09-07T15:44:36.205822+02:00
NSR:StopPlace:58966,Porsgrunn stasjon,2026-09-07T18:34:00+02:00,2026-09-07T18:49:24+02:00,2026-09-07T18:49:24+02:00,924.0,1,Skien,VYG:Line:RX11,Eidsvoll-Oslo S-Skien,RX11,rail,VYG:ServiceJourney:863-LOE_562942-R,True,actual,False,Heis på Porsgrunn ute av drift | Toget kjører igjen,Heisen på Porsgrunn til spor 2 er ute av drift. | Toget kjører igjen etter tidligere stans på Larvik.,general | general,normal | normal,2026-09-07T20:27:16.249662+02:00
NSR:StopPlace:61334,Ogna stasjon,2026-09-07T17:21:00+02:00,2026-09-07T17:36:22+02:00,2026-09-07T17:36:22+02:00,922.0,1,Egersund,GOA:Line:59,Jærbanen,L5,rail,GOA:ServiceJourney:3050_63097-R,True,actual,False,,,,,2026-09-07T20:27:16.249662+02:00
NSR:StopPlace:60569,Sirevåg stasjon,2026-09-07T17:24:00+02:00,2026-09-07T17:39:22+02:00,2026-09-07T17:39:22+02:00,922.0,1,Egersund,GOA:Line:59,Jærbanen,L5,rail,GOA:ServiceJourney:3050_63097-R,True,actual,False,,,,,2026-09-07T20:27:16.249662+02:00
NSR:StopPlace:4,Otta stasjon,2026-09-07T16:23:00+02:00,2026-09-07T16:38:11+02:00,2026-09-07T16:38:11+02:00,911.0,1,Oslo S,SJN:Line:21,Dovrebanen,F6,rail,SJN:ServiceJourney:46-TND_48003-R,True,actual,False,,,,,2026-09-07T20:27:16.249662+02:00
NSR:StopPlace:58932,Hommelvik stasjon,2026-09-07T22:12:00+02:00,2026-09-07T22:27:10+02:00,2026-09-07T22:27:10+02:00,910.0,1,Støren,SJN:Line:26,Trønderbanen,R70,rail,SJN:ServiceJourney:452_56081-R,True,actual,False,,,,,2026-09-08T00:20:52.129880+02:00
NSR:StopPlace:416,Vikhammer stasjon,2026-09-07T07:45:00+02:00,2026-09-07T08:00:09+02:00,2026-09-07T08:00:09+02:00,909.0,1,Lerkendal,SJN:Line:26,Trønderbanen,R70,rail,SJN:ServiceJourney:1762_55816-R,True,actual,False,,,,,2026-09-07T08:42:24.659182+02:00
NSR:StopPlace:58892,Audnedal stasjon,2026-09-07T20:39:00+02:00,2026-09-07T20:54:05+02:00,2026-09-07T20:54:05+02:00,905.0,1,Stavanger,GOA:Line:50,Sørtoget region,F5,rail,GOA:ServiceJourney:715-LOD_63248-R,True,actual,False,,,,,2026-09-08T00:20:52.129880+02:00
NSR:StopPlace:58890,Nelaug stasjon,2026-09-07T15:00:00+02:00,2026-09-07T15:15:04+02:00,2026-09-07T15:15:04+02:00,904.0,1,Arendal,GOA:Line:53,Sørtoget lokal,R50,rail,GOA:ServiceJourney:2071_63024-R,True,actual,False,,,,,2026-09-07T15:44:36.205822+02:00
NSR:StopPlace:59872,Oslo S,2026-09-07T16:44:00+02:00,2026-09-07T16:59:02+02:00,2026-09-07T16:59:02+02:00,902.0,1,Jaren,VYG:Line:R31,Skøyen-Jaren-Gjøvik,R31,rail,VYG:ServiceJourney:BUS-245_655566-R,True,actual,False,,,,,2026-09-07T20:27:16.249662+02:00
NSR:StopPlace:144,Skansen stasjon,2026-09-07T22:47:00+02:00,2026-09-07T23:02:01+02:00,2026-09-07T23:02:01+02:00,901.0,1,Støren,SJN:Line:26,Trønderbanen,R70,rail,SJN:ServiceJourney:452_56081-R,True,actual,False,,,,,2026-09-08T00:20:52.129880+02:00
NSR:StopPlace:59649,Nydalen stasjon,2026-09-07T17:51:00+02:00,2026-09-07T18:05:55+02:00,2026-09-07T18:05:55+02:00,895.0,1,Brynseng,RUT:Line:24,Fornebu vest - Brynseng T,24,bus,RUT:ServiceJourney:4e6bf149455d0aaa63037755b0349980,True,actual,False,,,,,2026-09-07T20:27:16.249662+02:00
NSR:StopPlace:58924,Bryne stasjon,2026-09-07T07:05:00+02:00,2026-09-07T07:19:52+02:00,2026-09-07T07:19:52+02:00,892.0,1,Sandnes,KOL:Line:8_2025,62,62,bus,KOL:ServiceJourney:2025_250903083244592_2002,True,actual,False,,,,,2026-09-07T08:42:24.659182+02:00
NSR:StopPlace:393,Leangen stasjon,2026-09-07T22:35:00+02:00,2026-09-07T22:49:50+02:00,2026-09-07T22:49:50+02:00,890.0,1,Støren,SJN:Line:26,Trønderbanen,R70,rail,SJN:ServiceJourney:452_56081-R,True,actual,False,,,,,2026-09-08T00:20:52.129880+02:00
NSR:StopPlace:61735,Hell stasjon,2026-09-07T22:06:00+02:00,2026-09-07T22:20:49+02:00,2026-09-07T22:20:49+02:00,889.0,1,Støren,SJN:Line:26,Trønderbanen,R70,rail,SJN:ServiceJourney:452_56081-R,True,actual,False,,,,,2026-09-08T00:20:52.129880+02:00
NSR:StopPlace:58889,Gjerstad stasjon,2026-09-07T21:26:00+02:00,2026-09-07T21:40:43+02:00,2026-09-07T21:40:43+02:00,883.0,1,Oslo S,GOA:Line:50,Sørtoget region,F5,rail,GOA:ServiceJourney:716-STV_63249-R,True,actual,False,,,,,2026-09-08T00:20:52.129880+02:00
NSR:StopPlace:58918,Nodeland stasjon,2026-09-07T14:24:00+02:00,2026-09-07T14:38:43+02:00,2026-09-07T14:38:43+02:00,883.0,1,Stavanger,GOA:Line:50,Sørtoget region,F5,rail,GOA:ServiceJourney:709-LOD_73757-R,True,actual,False,,,,,2026-09-07T15:44:36.205822+02:00
NSR:StopPlace:151,Evanger stasjon,2026-09-07T06:51:00+02:00,2026-09-07T07:05:41+02:00,2026-09-07T07:05:41+02:00,881.0,1,Voss,VYG:Line:R40,Bergen-Voss-Myrdal-Ål,R40,rail,VYG:ServiceJourney:1802_443389-R,True,actual,False,,,,,2026-09-07T08:42:24.659182+02:00
NSR:StopPlace:58917,Marnardal stasjon,2026-09-07T15:17:00+02:00,2026-09-07T15:31:38+02:00,2026-09-07T15:31:38+02:00,878.0,1,Oslo S,GOA:Line:50,Sørtoget region,F5,rail,GOA:ServiceJourney:712-STV_63979-R,True,actual,False,,,,,2026-09-07T15:44:36.205822+02:00
NSR:StopPlace:58876,Tønsberg stasjon,2026-09-07T19:17:00+02:00,2026-09-07T19:31:34+02:00,2026-09-07T19:31:34+02:00,874.0,1,Tønsberg-Åsgårdstrand,VKT:Line:1,Horten-Tønsberg-Sandefjord,1,bus,VKT:ServiceJourney:15653,True,actual,False,,,,,2026-09-07T20:27:16.249662+02:00
NSR:StopPlace:61169,Marienborg stasjon,2026-09-07T22:50:00+02:00,2026-09-07T23:04:33+02:00,2026-09-07T23:04:33+02:00,873.0,1,Støren,SJN:Line:26,Trønderbanen,R70,rail,SJN:ServiceJourney:452_56081-R,True,actual,False,,,,,2026-09-08T00:20:52.129880+02:00
NSR:StopPlace:59650,Nyland stasjon,2026-09-07T06:22:00+02:00,2026-09-07T06:36:30+02:00,2026-09-07T06:36:30+02:00,870.0,1,,NBU:Line:cb7b555c-f96e-42d5-84bf-a5e08c0145c2,Radiumhospitalet via Økern-Storo-Tåsen,FB3,bus,NBU:ServiceJourney:7e8f1121-38e8-4f93-8f25-4ee6aec74728:610200362,True,actual,False,,,,,2026-09-07T08:42:24.659182+02:00
NSR:StopPlace:59261,Trondheim lufthavn,2026-09-07T22:03:00+02:00,2026-09-07T22:17:27+02:00,2026-09-07T22:17:27+02:00,867.0,1,Støren,SJN:Line:26,Trønderbanen,R70,rail,SJN:ServiceJourney:452_56081-R,True,actual,False,,,,,2026-09-08T00:20:52.129880+02:00
NSR:StopPlace:61314,Hovin stasjon,2026-09-07T21:33:00+02:00,2026-09-07T21:47:25+02:00,2026-09-07T21:47:25+02:00,865.0,1,Trondheim S,SJN:Line:25,Rørosbanen,R60,rail,SJN:ServiceJourney:2389_47883-R,True,actual,False,,,,,2026-09-08T00:20:52.129880+02:00
NSR:StopPlace:33,Ranheim stasjon,2026-09-07T07:51:00+02:00,2026-09-07T08:05:24+02:00,2026-09-07T08:05:24+02:00,864.0,1,Lerkendal,SJN:Line:26,Trønderbanen,R70,rail,SJN:ServiceJourney:1762_55816-R,True,actual,False,,,,,2026-09-07T08:42:24.659182+02:00
NSR:StopPlace:59649,Nydalen stasjon,2026-09-07T17:18:00+02:00,2026-09-07T17:32:18+02:00,2026-09-07T17:32:18+02:00,858.0,1,Lysaker,RUT:Line:23,Lysaker - Simensbråten,23,bus,RUT:ServiceJourney:05e99b0934bbfb86d4854119b8c5082a,True,actual,False,,,,,2026-09-07T20:27:16.249662+02:00
NSR:StopPlace:222,Myrdal stasjon,2026-09-07T13:13:00+02:00,2026-09-07T13:27:11+02:00,2026-09-07T13:27:11+02:00,851.0,1,Bergen,VYG:Line:R40,Bergen-Voss-Myrdal-Ål,R40,rail,VYG:ServiceJourney:1823_443410-R,True,actual,False,,,,,2026-09-07T15:44:36.205822+02:00
NSR:StopPlace:59650,Nyland stasjon,2026-09-07T16:59:00+02:00,2026-09-07T17:13:07+02:00,2026-09-07T17:13:07+02:00,847.0,1,Spikkestad,VYG:Line:L1,Spikkestad-Oslo S-Lillestrøm,L1,rail,VYG:ServiceJourney:2249_443666-R,True,actual,False,,,,,2026-09-07T20:27:16.249662+02:00
NSR:StopPlace:58858,Nittedal stasjon,2026-09-07T19:04:00+02:00,2026-09-07T19:18:07+02:00,2026-09-07T19:18:07+02:00,847.0,1,Roa,VYG:Line:R31,Skøyen-Jaren-Gjøvik,R31,rail,VYG:ServiceJourney:BUS-229_655384-R,True,actual,False,,,,,2026-09-07T20:27:16.249662+02:00
NSR:StopPlace:518,Bolstadøyri stasjon,2026-09-07T23:35:00+02:00,2026-09-07T23:49:06+02:00,2026-09-07T23:49:06+02:00,846.0,1,Bergen,VYG:Line:R40,Bergen-Voss-Myrdal-Ål,R40,rail,VYG:ServiceJourney:1839_481214-R,True,actual,False,,,,,2026-09-08T00:20:52.129880+02:00
NSR:StopPlace:59646,Høvik stasjon,2026-09-07T08:25:00+02:00,2026-09-07T08:39:05+02:00,2026-09-07T08:39:05+02:00,845.0,1,Asker,RUT:Line:270,Asker - Sandvika (- Fornebu),270,bus,RUT:ServiceJourney:799031322d38e363a283762c95347dbe,True,actual,False,,,,,2026-09-07T08:42:24.659182+02:00
NSR:StopPlace:584,Bulken stasjon,2026-09-07T07:01:00+02:00,2026-09-07T07:15:04+02:00,2026-09-07T07:15:04+02:00,844.0,1,Voss,VYG:Line:R40,Bergen-Voss-Myrdal-Ål,R40,rail,VYG:ServiceJourney:1802_443389-R,True,actual,False,,,,,2026-09-07T08:42:24.659182+02:00
NSR:StopPlace:59620,Grorud stasjon,2026-09-07T16:57:00+02:00,2026-09-07T17:11:00+02:00,2026-09-07T17:11:00+02:00,840.0,1,Spikkestad,VYG:Line:L1,Spikkestad-Oslo S-Lillestrøm,L1,rail,VYG:ServiceJourney:2249_443666-R,True,actual,False,,,,,2026-09-07T20:27:16.249662+02:00
NSR:StopPlace:58926,Dale stasjon,2026-09-07T12:32:00+02:00,2026-09-07T12:45:55+02:00,2026-09-07T12:45:55+02:00,835.0,1,Oslo S,VYG:Line:F4,Oslo S-Bergen,F4,rail,VYG:ServiceJourney:602-BRG_481321-R,True,actual,False,,,,,2026-09-07T15:44:36.205822+02:00
NSR:StopPlace:222,Myrdal stasjon,2026-09-07T19:35:00+02:00,2026-09-07T19:48:54+02:00,2026-09-07T19:48:54+02:00,834.0,1,Flåm,VYG:Line:R45,Myrdal-Flåm,R45,rail,VYG:ServiceJourney:1869_465790-R,True,actual,False,,,,,2026-09-07T20:27:16.249662+02:00
NSR:StopPlace:59244,Egersund stasjon,2026-09-07T15:03:00+02:00,2026-09-07T15:16:51+02:00,2026-09-07T15:16:51+02:00,831.0,1,Egersund,KOL:Line:8_2002,83,83,bus,KOL:ServiceJourney:2002_250903083245253_2005,True,actual,False,,,,,2026-09-07T15:44:36.205822+02:00
NSR:StopPlace:59648,Kjelsås stasjon,2026-09-07T17:45:00+02:00,2026-09-07T17:58:48+02:00,2026-09-07T17:58:48+02:00,828.0,1,Haugerud,RUT:Line:25,Majorstuen-Haugerud,25,bus,RUT:ServiceJourney:e159a1771bbed3a59728f6780cee71be,True,actual,False,,,,,2026-09-07T20:27:16.249662+02:00
NSR:StopPlace:59658,Moi stasjon,2026-09-07T18:04:00+02:00,2026-09-07T18:17:46+02:00,2026-09-07T18:17:46+02:00,826.0,1,Oslo S,GOA:Line:50,Sørtoget region,F5,rail,GOA:ServiceJourney:716-STV_63249-R,True,actual,False,,,,,2026-09-07T20:27:16.249662+02:00
NSR:StopPlace:58820,Harestua stasjon,2026-09-07T07:01:00+02:00,2026-09-07T07:14:46+02:00,2026-09-07T07:14:46+02:00,826.0,1,Oslo S,VYG:Line:R31,Skøyen-Jaren-Gjøvik,R31,rail,VYG:ServiceJourney:BUS-270_655589-R,True,actual,False,,,,,2026-09-07T08:42:24.659182+02:00
NSR:StopPlace:425,Vinstra stasjon,2026-09-07T16:46:00+02:00,2026-09-07T16:59:45+02:00,2026-09-07T16:59:45+02:00,825.0,1,Oslo S,SJN:Line:21,Dovrebanen,F6,rail,SJN:ServiceJourney:46-TND_48003-R,True,actual,False,,,,,2026-09-07T20:27:16.249662+02:00
NSR:StopPlace:101,Sagdalen stasjon,2026-09-08T01:37:30+02:00,2026-09-08T01:51:14+02:00,2026-09-08T01:51:14+02:00,824.0,1,Lillestrøm,VYG:Line:L1,Spikkestad-Oslo S-Lillestrøm,L1,rail,VYG:ServiceJourney:2282_443722-R,True,actual,False,,,,,2026-09-08T03:39:50.209703+02:00
NSR:StopPlace:62308,Alna stasjon,2026-09-07T17:02:00+02:00,2026-09-07T17:15:43+02:00,2026-09-07T17:15:43+02:00,823.0,1,Spikkestad,VYG:Line:L1,Spikkestad-Oslo S-Lillestrøm,L1,rail,VYG:ServiceJourney:2249_443666-R,True,actual,False,,,,,2026-09-07T20:27:16.249662+02:00
NSR:StopPlace:58948,Stjørdal stasjon,2026-09-07T22:00:00+02:00,2026-09-07T22:13:40+02:00,2026-09-07T22:13:40+02:00,820.0,1,Støren,SJN:Line:26,Trønderbanen,R70,rail,SJN:ServiceJourney:452_56081-R,True,actual,False,,,,,2026-09-08T00:20:52.129880+02:00
NSR:StopPlace:58795,Kambo stasjon,2026-09-07T05:00:00+02:00,2026-09-07T05:13:40+02:00,2026-09-07T05:13:40+02:00,820.0,1,Stabekk,VYG:Line:R21,Stabekk-Oslo S-Moss,R21,rail,VYG:ServiceJourney:1104-MOS_442975-R,True,actual,False,,,,,2026-09-07T08:42:24.659182+02:00
NSR:StopPlace:59244,Egersund stasjon,2026-09-07T18:14:00+02:00,2026-09-07T18:27:37+02:00,2026-09-07T18:27:37+02:00,817.0,1,Stavanger,GOA:Line:50,Sørtoget region,F5,rail,GOA:ServiceJourney:711-LOD_64080-R,True,actual,False,,,,,2026-09-07T20:27:16.249662+02:00
NSR:StopPlace:59690,Dovre stasjon,2026-09-07T22:23:00+02:00,2026-09-07T22:36:36+02:00,2026-09-07T22:36:36+02:00,816.0,1,Dombås,VYG:Line:RE10,Drammen-Oslo S-Lillehammer,RE10,rail,VYG:ServiceJourney:329-SUD_465133-R,True,actual,False,,,,,2026-09-08T00:20:52.129880+02:00
NSR:StopPlace:58880,Neslandsvatn stasjon,2026-09-07T14:55:00+02:00,2026-09-07T15:08:32+02:00,2026-09-07T15:08:32+02:00,812.0,1,Kragerø,TEL:Line:8607,Drangedal-Kragerø,607,bus,TEL:ServiceJourney:126272,True,actual,False,,,,,2026-09-07T15:44:36.205822+02:00
NSR:StopPlace:58862,Strømmen stasjon,2026-09-08T01:35:00+02:00,2026-09-08T01:48:30+02:00,2026-09-08T01:48:30+02:00,810.0,1,Lillestrøm,VYG:Line:L1,Spikkestad-Oslo S-Lillestrøm,L1,rail,VYG:ServiceJourney:2282_443722-R,True,actual,False,,,,,2026-09-08T03:39:50.209703+02:00
NSR:StopPlace:59620,Grorud stasjon,2026-09-07T06:24:00+02:00,2026-09-07T06:37:25+02:00,2026-09-07T06:37:25+02:00,805.0,1,,NBU:Line:cb7b555c-f96e-42d5-84bf-a5e08c0145c2,Radiumhospitalet via Økern-Storo-Tåsen,FB3,bus,NBU:ServiceJourney:7e8f1121-38e8-4f93-8f25-4ee6aec74728:610200362,True,actual,False,,,,,2026-09-07T08:42:24.659182+02:00
NSR:StopPlace:58858,Nittedal stasjon,2026-09-07T14:04:00+02:00,2026-09-07T14:17:24+02:00,2026-09-07T14:17:24+02:00,804.0,1,Roa,VYG:Line:RE30,Oslo S-Gjøvik,RE30,rail,VYG:ServiceJourney:BUS-1219_655046-R,True,actual,False,,,,,2026-09-07T15:44:36.205822+02:00
NSR:StopPlace:61387,Skogn stasjon,2026-09-07T21:23:00+02:00,2026-09-07T21:36:22+02:00,2026-09-07T21:36:22+02:00,802.0,1,Støren,SJN:Line:26,Trønderbanen,R70,rail,SJN:ServiceJourney:452_56081-R,True,actual,False,,,,,2026-09-08T00:20:52.129880+02:00
NSR:StopPlace:151,Evanger stasjon,2026-09-07T06:52:00+02:00,2026-09-07T07:05:22+02:00,2026-09-07T07:05:22+02:00,802.0,1,Bergen,VYG:Line:R40,Bergen-Voss-Myrdal-Ål,R40,rail,VYG:ServiceJourney:1809_443395-R,True,actual,False,Åpnet: Bulken–Bolstadøyri,"Bulken–Bolstadøyri er åpen for togtrafikk igjen. Togene kjører, men det kan ta litt tid før de er i rute. Du må derfor regne med forsinkelser, og at enkelte avganger kan bli innstilt.",general,normal,2026-09-07T08:42:24.659182+02:00
NSR:StopPlace:58936,Skatval stasjon,2026-09-07T07:18:00+02:00,2026-09-07T07:31:20+02:00,2026-09-07T07:31:20+02:00,800.0,1,Lerkendal,SJN:Line:26,Trønderbanen,R70,rail,SJN:ServiceJourney:1762_55816-R,True,actual,False,,,,,2026-09-07T08:42:24.659182+02:00
NSR:StopPlace:61897,Bryn stasjon,2026-09-07T17:05:00+02:00,2026-09-07T17:18:17+02:00,2026-09-07T17:18:17+02:00,797.0,1,Spikkestad,VYG:Line:L1,Spikkestad-Oslo S-Lillestrøm,L1,rail,VYG:ServiceJourney:2249_443666-R,True,actual,False,,,,,2026-09-07T20:27:16.249662+02:00
NSR:StopPlace:59872,Oslo S,2026-09-07T17:11:00+02:00,2026-09-07T17:24:16+02:00,2026-09-07T17:24:16+02:00,796.0,1,Spikkestad,VYG:Line:L1,Spikkestad-Oslo S-Lillestrøm,L1,rail,VYG:ServiceJourney:2249_443666-R,True,actual,False,,,,,2026-09-07T20:27:16.249662+02:00
NSR:StopPlace:584,Bulken stasjon,2026-09-07T23:57:00+02:00,2026-09-08T00:10:15+02:00,2026-09-08T00:10:15+02:00,795.0,1,Voss,VYG:Line:R40,Bergen-Voss-Myrdal-Ål,R40,rail,VYG:ServiceJourney:1836_443423-R,True,actual,False,,,,,2026-09-08T00:20:52.129880+02:00
NSR:StopPlace:58917,Marnardal stasjon,2026-09-07T14:45:00+02:00,2026-09-07T14:58:15+02:00,2026-09-07T14:58:15+02:00,795.0,1,Stavanger,GOA:Line:50,Sørtoget region,F5,rail,GOA:ServiceJourney:709-LOD_73757-R,True,actual,False,,,,,2026-09-07T15:44:36.205822+02:00
NSR:StopPlace:59653,Haugenstua stasjon,2026-09-07T16:55:00+02:00,2026-09-07T17:08:14+02:00,2026-09-07T17:08:14+02:00,794.0,1,Spikkestad,VYG:Line:L1,Spikkestad-Oslo S-Lillestrøm,L1,rail,VYG:ServiceJourney:2249_443666-R,True,actual,False,,,,,2026-09-07T20:27:16.249662+02:00
NSR:StopPlace:58801,Sarpsborg stasjon,2026-09-07T16:30:00+02:00,2026-09-07T16:43:12+02:00,2026-09-07T16:43:12+02:00,792.0,1,Oslo S,VYG:Line:RE20,Oslo S-Halden-Göteborg (X-Border),RE20,rail,VYG:ServiceJourney:390-126_459684-R,True,actual,False,,,,,2026-09-07T20:27:16.249662+02:00
NSR:StopPlace:58948,Stjørdal stasjon,2026-09-07T07:24:00+02:00,2026-09-07T07:37:11+02:00,2026-09-07T07:37:11+02:00,791.0,1,Lerkendal,SJN:Line:26,Trønderbanen,R70,rail,SJN:ServiceJourney:1762_55816-R,True,actual,False,,,,,2026-09-07T08:42:24.659182+02:00
NSR:StopPlace:58878,Drangedal stasjon,2026-09-07T21:50:00+02:00,2026-09-07T22:03:10+02:00,2026-09-07T22:03:10+02:00,790.0,1,Oslo S,GOA:Line:50,Sørtoget region,F5,rail,GOA:ServiceJourney:716-STV_63249-R,True,actual,False,,,,,2026-09-08T00:20:52.129880+02:00
NSR:StopPlace:58857,Lørenskog stasjon,2026-09-07T16:51:00+02:00,2026-09-07T17:04:10+02:00,2026-09-07T17:04:10+02:00,790.0,1,Spikkestad,VYG:Line:L1,Spikkestad-Oslo S-Lillestrøm,L1,rail,VYG:ServiceJourney:2249_443666-R,True,actual,False,,,,,2026-09-07T20:27:16.249662+02:00
NSR:StopPlace:58798,Rakkestad stasjon,2026-09-07T07:51:00+02:00,2026-09-07T08:04:10+02:00,2026-09-07T08:04:10+02:00,790.0,1,Mysen stasjon,OST:Line:1_640,Sarpsborg-Askim-Mysen,640,bus,OST:ServiceJourney:640_260325121473133_6,True,actual,False,,,,,2026-09-07T08:42:24.659182+02:00
NSR:StopPlace:59958,Voss stasjon,2026-09-07T13:03:00+02:00,2026-09-07T13:16:09+02:00,2026-09-07T13:16:09+02:00,789.0,1,Oslo S,VYG:Line:F4,Oslo S-Bergen,F4,rail,VYG:ServiceJourney:602-BRG_481321-R,True,actual,False,,,,,2026-09-07T15:44:36.205822+02:00
NSR:StopPlace:144,Skansen stasjon,2026-09-07T22:23:00+02:00,2026-09-07T22:36:04+02:00,2026-09-07T22:36:04+02:00,784.0,1,Trondheim S,SJN:Line:25,Rørosbanen,R60,rail,SJN:ServiceJourney:2389_47883-R,True,actual,False,,,,,2026-09-08T00:20:52.129880+02:00
NSR:StopPlace:60047,Melhus skysstasjon,2026-09-07T22:02:00+02:00,2026-09-07T22:15:00+02:00,2026-09-07T22:15:00+02:00,780.0,1,Trondheim S,SJN:Line:25,Rørosbanen,R60,rail,SJN:ServiceJourney:2389_47883-R,True,actual,False,,,,,2026-09-08T00:20:52.129880+02:00
NSR:StopPlace:61336,Trollhättan Centralstation,2026-09-07T18:41:00+02:00,2026-09-07T18:54:00+02:00,2026-09-07T18:54:00+02:00,780.0,1,Göteborg C,VYG:Line:RE20,Oslo S-Halden-Göteborg (X-Border),RE20,rail,VYG:ServiceJourney:141-393-LOD_459842-R,True,actual,False,,,,,2026-09-07T20:27:16.249662+02:00
NSR:StopPlace:313,Høybråten stasjon,2026-09-07T16:53:00+02:00,2026-09-07T17:06:00+02:00,2026-09-07T17:06:00+02:00,780.0,1,Spikkestad,VYG:Line:L1,Spikkestad-Oslo S-Lillestrøm,L1,rail,VYG:ServiceJourney:2249_443666-R,True,actual,False,,,,,2026-09-07T20:27:16.249662+02:00
NSR:StopPlace:59641,Fjellhamar stasjon,2026-09-07T16:47:00+02:00,2026-09-07T16:59:58+02:00,2026-09-07T16:59:58+02:00,778.0,1,Spikkestad,VYG:Line:L1,Spikkestad-Oslo S-Lillestrøm,L1,rail,VYG:ServiceJourney:2249_443666-R,True,actual,False,,,,,2026-09-07T20:27:16.249662+02:00
NSR:StopPlace:58862,Strømmen stasjon,2026-09-07T16:45:00+02:00,2026-09-07T16:57:58+02:00,2026-09-07T16:57:58+02:00,778.0,1,Spikkestad,VYG:Line:L1,Spikkestad-Oslo S-Lillestrøm,L1,rail,VYG:ServiceJourney:2249_443666-R,True,actual,False,,,,,2026-09-07T20:27:16.249662+02:00
NSR:StopPlace:41,Hanaborg stasjon,2026-09-07T16:49:00+02:00,2026-09-07T17:01:57+02:00,2026-09-07T17:01:57+02:00,777.0,1,Spikkestad,VYG:Line:L1,Spikkestad-Oslo S-Lillestrøm,L1,rail,VYG:ServiceJourney:2249_443666-R,True,actual,False,,,,,2026-09-07T20:27:16.249662+02:00
NSR:StopPlace:58858,Nittedal stasjon,2026-09-07T14:14:00+02:00,2026-09-07T14:26:55+02:00,2026-09-07T14:26:55+02:00,775.0,1,Hakadal,VYG:Line:R31,Skøyen-Jaren-Gjøvik,R31,rail,VYG:ServiceJourney:BUS-287_655639-R,True,actual,False,,,,,2026-09-07T15:44:36.205822+02:00
NSR:StopPlace:58810,Løten stasjon,2026-09-07T14:43:00+02:00,2026-09-07T14:55:55+02:00,2026-09-07T14:55:55+02:00,775.0,1,Bjørnstad - Nordbygda,INN:Line:693,Løten - Nordbygda - Løten,693,bus,INN:ServiceJourney:84311,True,actual,False,,,,,2026-09-07T15:44:36.205822+02:00
NSR:StopPlace:60053,Halden stasjon,2026-09-07T07:56:00+02:00,2026-09-07T08:08:54+02:00,2026-09-07T08:08:54+02:00,774.0,1,Halden sentrum,OST:Line:1_32,Brekkerød-Stenrød,32,bus,OST:ServiceJourney:32_260325121472810_6,True,actual,False,,,,,2026-09-07T08:42:24.659182+02:00
NSR:StopPlace:151,Evanger stasjon,2026-09-07T23:47:00+02:00,2026-09-07T23:59:53+02:00,2026-09-07T23:59:53+02:00,773.0,1,Voss,VYG:Line:R40,Bergen-Voss-Myrdal-Ål,R40,rail,VYG:ServiceJourney:1836_443423-R,True,actual,False,,,,,2026-09-08T00:20:52.129880+02:00
NSR:StopPlace:468,Ørneberget stasjon,2026-09-07T13:24:00+02:00,2026-09-07T13:36:52+02:00,2026-09-07T13:36:52+02:00,772.0,1,Bergen,VYG:Line:R40,Bergen-Voss-Myrdal-Ål,R40,rail,VYG:ServiceJourney:1823_443410-R,True,actual,False,Forsinket,Toget kjørte 14 minutter forsinket fra Myrdal. Vi venter på passasjerer fra et annet tog.,incident,normal,2026-09-07T15:44:36.205822+02:00
NSR:StopPlace:61381,Singsås stasjon,2026-09-07T07:28:00+02:00,2026-09-07T07:40:50+02:00,2026-09-07T07:40:50+02:00,770.0,1,Trondheim S,ATB:Line:2_440,Støren - Røros,440,bus,ATB:ServiceJourney:440_260106098642807_13,True,actual,False,,,,,2026-09-07T08:42:24.659182+02:00
NSR:StopPlace:101,Sagdalen stasjon,2026-09-07T16:43:00+02:00,2026-09-07T16:55:49+02:00,2026-09-07T16:55:49+02:00,769.0,1,Spikkestad,VYG:Line:L1,Spikkestad-Oslo S-Lillestrøm,L1,rail,VYG:ServiceJourney:2249_443666-R,True,actual,False,,,,,2026-09-07T20:27:16.249662+02:00
NSR:StopPlace:151,Evanger stasjon,2026-09-07T23:24:00+02:00,2026-09-07T23:36:47+02:00,2026-09-07T23:36:47+02:00,767.0,1,Bergen,VYG:Line:R40,Bergen-Voss-Myrdal-Ål,R40,rail,VYG:ServiceJourney:1839_481214-R,True,actual,False,,,,,2026-09-08T00:20:52.129880+02:00
NSR:StopPlace:58849,Hakadal stasjon,2026-09-07T19:23:00+02:00,2026-09-07T19:35:45+02:00,2026-09-07T19:35:45+02:00,765.0,1,Oslo bussterminal,RUT:Line:390,Kongskog/Hellerudhaugen - Oslo bussterminal,390,bus,RUT:ServiceJourney:0eb74449772cd4c184c254defc775204,True,actual,False,Avgangen er ca. 17 minutter forsinket,Avgangen fra Kongskog kl. 19:18 i retning Oslo bussterminal er ca. 17 minutter forsinket. Dette skyldes mye trafikk og kø.,incident,normal,2026-09-07T20:27:16.249662+02:00
NSR:StopPlace:58820,Harestua stasjon,2026-09-07T15:24:00+02:00,2026-09-07T15:36:45+02:00,2026-09-07T15:36:45+02:00,765.0,1,Roa,VYG:Line:RE30,Oslo S-Gjøvik,RE30,rail,VYG:ServiceJourney:BUS-1221_655055-R,True,actual,False,,,,,2026-09-07T15:44:36.205822+02:00
NSR:StopPlace:4,Otta stasjon,2026-09-07T18:42:00+02:00,2026-09-07T18:54:44+02:00,2026-09-07T18:54:44+02:00,764.0,1,Oslo S,SJN:Line:21,Dovrebanen,F6,rail,SJN:ServiceJourney:48-TND_42795-R,True,actual,False,,,,,2026-09-07T20:27:16.249662+02:00
NSR:StopPlace:60053,Halden stasjon,2026-09-07T15:21:00+02:00,2026-09-07T15:33:44+02:00,2026-09-07T15:33:44+02:00,764.0,1,Sykehuset-Halden,OST:Line:1_34,Remmen-Sykehuset,34,bus,OST:ServiceJourney:34_260325121472278_19,True,actual,False,,,,,2026-09-07T15:44:36.205822+02:00
NSR:StopPlace:61169,Marienborg stasjon,2026-09-07T22:20:00+02:00,2026-09-07T22:32:43+02:00,2026-09-07T22:32:43+02:00,763.0,1,Trondheim S,SJN:Line:25,Rørosbanen,R60,rail,SJN:ServiceJourney:2389_47883-R,True,actual,False,,,,,2026-09-08T00:20:52.129880+02:00
NSR:StopPlace:60640,Heimdal stasjon,2026-09-07T22:11:00+02:00,2026-09-07T22:23:43+02:00,2026-09-07T22:23:43+02:00,763.0,1,Trondheim S,SJN:Line:25,Rørosbanen,R60,rail,SJN:ServiceJourney:2389_47883-R,True,actual,False,,,,,2026-09-08T00:20:52.129880+02:00
NSR:StopPlace:58820,Harestua stasjon,2026-09-07T22:30:00+02:00,2026-09-07T22:42:43+02:00,2026-09-07T22:42:43+02:00,763.0,1,Roa,VYG:Line:R31,Skøyen-Jaren-Gjøvik,R31,rail,VYG:ServiceJourney:BUS-235_655468-R,True,actual,False,,,,,2026-09-08T00:20:52.129880+02:00
NSR:StopPlace:17,Ringebu stasjon,2026-09-07T19:20:00+02:00,2026-09-07T19:32:43+02:00,2026-09-07T19:32:43+02:00,763.0,1,Oslo S,SJN:Line:21,Dovrebanen,F6,rail,SJN:ServiceJourney:48-TND_42795-R,True,actual,False,,,,,2026-09-07T20:27:16.249662+02:00
NSR:StopPlace:62339,Lillestrøm stasjon,2026-09-07T16:40:00+02:00,2026-09-07T16:52:43+02:00,2026-09-07T16:52:43+02:00,763.0,1,Spikkestad,VYG:Line:L1,Spikkestad-Oslo S-Lillestrøm,L1,rail,VYG:ServiceJourney:2249_443666-R,True,actual,False,Heis i spor 1 og 2 er ute av bruk på grunn av vedlikehold.,Heis i spor 1 og 2 er ute av bruk på grunn av vedlikehold.,general,normal,2026-09-07T20:27:16.249662+02:00
NSR:StopPlace:58935,Levanger stasjon,2026-09-07T21:16:00+02:00,2026-09-07T21:28:40+02:00,2026-09-07T21:28:40+02:00,760.0,1,Støren,SJN:Line:26,Trønderbanen,R70,rail,SJN:ServiceJourney:452_56081-R,True,actual,False,,,,,2026-09-08T00:20:52.129880+02:00
NSR:StopPlace:393,Leangen stasjon,2026-09-07T07:57:00+02:00,2026-09-07T08:09:40+02:00,2026-09-07T08:09:40+02:00,760.0,1,Lerkendal,SJN:Line:26,Trønderbanen,R70,rail,SJN:ServiceJourney:1762_55816-R,True,actual,False,,,,,2026-09-07T08:42:24.659182+02:00
NSR:StopPlace:58926,Dale stasjon,2026-09-07T23:45:00+02:00,2026-09-07T23:57:39+02:00,2026-09-07T23:57:39+02:00,759.0,1,Bergen,VYG:Line:R40,Bergen-Voss-Myrdal-Ål,R40,rail,VYG:ServiceJourney:1839_481214-R,True,actual,False,,,,,2026-09-08T00:20:52.129880+02:00
NSR:StopPlace:58892,Audnedal stasjon,2026-09-07T15:04:00+02:00,2026-09-07T15:16:38+02:00,2026-09-07T15:16:38+02:00,758.0,1,Oslo S,GOA:Line:50,Sørtoget region,F5,rail,GOA:ServiceJourney:712-STV_63979-R,True,actual,False,,,,,2026-09-07T15:44:36.205822+02:00
NSR:StopPlace:518,Bolstadøyri stasjon,2026-09-07T23:36:00+02:00,2026-09-07T23:48:33+02:00,2026-09-07T23:48:33+02:00,753.0,1,Voss,VYG:Line:R40,Bergen-Voss-Myrdal-Ål,R40,rail,VYG:ServiceJourney:1836_443423-R,True,actual,False,,,,,2026-09-08T00:20:52.129880+02:00
NSR:StopPlace:59652,Tøyen stasjon,2026-09-07T07:00:00+02:00,2026-09-07T07:12:33+02:00,2026-09-07T07:12:33+02:00,753.0,1,Vippetangen,RUT:Line:60,Vippetangen-Tonsenhagen,60,bus,RUT:ServiceJourney:0d5f8c099f90b3d1336762b0f76e421a,True,actual,False,,,,,2026-09-07T08:42:24.659182+02:00
NSR:StopPlace:59638,Myrvoll stasjon,2026-09-07T16:55:00+02:00,2026-09-07T17:07:32+02:00,2026-09-07T17:07:32+02:00,752.0,1,Filipstad,RUT:Line:81,Fornebu - Myrvoll stasjon,81,bus,RUT:ServiceJourney:eafb287f6bf4c42c48d1e52b448a6987,True,actual,False,,,,,2026-09-07T20:27:16.249662+02:00
NSR:StopPlace:400,Ler stasjon,2026-09-07T21:51:00+02:00,2026-09-07T22:03:31+02:00,2026-09-07T22:03:31+02:00,751.0,1,Trondheim S,SJN:Line:25,Rørosbanen,R60,rail,SJN:ServiceJourney:2389_47883-R,True,actual,False,,,,,2026-09-08T00:20:52.129880+02:00
NSR:StopPlace:58936,Skatval stasjon,2026-09-07T21:54:00+02:00,2026-09-07T22:06:30+02:00,2026-09-07T22:06:30+02:00,750.0,1,Støren,SJN:Line:26,Trønderbanen,R70,rail,SJN:ServiceJourney:452_56081-R,True,actual,False,,,,,2026-09-08T00:20:52.129880+02:00
NSR:StopPlace:59641,Fjellhamar stasjon,2026-09-08T01:33:30+02:00,2026-09-08T01:45:57+02:00,2026-09-08T01:45:57+02:00,747.0,1,Lillestrøm,VYG:Line:L1,Spikkestad-Oslo S-Lillestrøm,L1,rail,VYG:ServiceJourney:2282_443722-R,True,actual,False,,,,,2026-09-08T03:39:50.209703+02:00
NSR:StopPlace:58924,Bryne stasjon,2026-09-07T17:29:00+02:00,2026-09-07T17:41:26+02:00,2026-09-07T17:41:26+02:00,746.0,1,Stavanger,GOA:Line:59,Jærbanen,L5,rail,GOA:ServiceJourney:3051_63099-R,True,actual,False,,,,,2026-09-07T20:27:16.249662+02:00
NSR:StopPlace:58860,Oppegård stasjon,2026-09-07T22:31:00+02:00,2026-09-07T22:43:25+02:00,2026-09-07T22:43:25+02:00,745.0,1,Kolbotn torg,RUT:Line:580,Kolbotn - Ski,580,bus,RUT:ServiceJourney:13204e0332226865b87c5d958b862104,True,actual,False,,,,,2026-09-08T00:20:52.129880+02:00
NSR:StopPlace:59639,Sonsveien stasjon,2026-09-07T15:12:00+02:00,2026-09-07T15:24:25+02:00,2026-09-07T15:24:25+02:00,745.0,1,Vestby stasjon,RUT:Line:540,Moss - Son - Vestby stasjon,540,bus,RUT:ServiceJourney:5e9b2ed3c0cc1ee9012cc4f5a9da835f,True,actual,False,,,,,2026-09-07T15:44:36.205822+02:00
NSR:StopPlace:518,Bolstadøyri stasjon,2026-09-07T13:07:00+02:00,2026-09-07T13:19:25+02:00,2026-09-07T13:19:25+02:00,745.0,1,Myrdal,VYG:Line:R40,Bergen-Voss-Myrdal-Ål,R40,rail,VYG:ServiceJourney:1816_465749-R,True,actual,False,,,,,2026-09-07T15:44:36.205822+02:00
NSR:StopPlace:60053,Halden stasjon,2026-09-07T17:43:00+02:00,2026-09-07T17:55:24+02:00,2026-09-07T17:55:24+02:00,744.0,1,Halden sentrum,OST:Line:1_35,Næridsrød - Tistedal,35,bus,OST:ServiceJourney:35_260325121472330_23,True,actual,False,,,,,2026-09-07T20:27:16.249662+02:00
NSR:StopPlace:58857,Lørenskog stasjon,2026-09-08T01:29:00+02:00,2026-09-08T01:41:23+02:00,2026-09-08T01:41:23+02:00,743.0,1,Lillestrøm,VYG:Line:L1,Spikkestad-Oslo S-Lillestrøm,L1,rail,VYG:ServiceJourney:2282_443722-R,True,actual,False,,,,,2026-09-08T03:39:50.209703+02:00
NSR:StopPlace:62370,Selsbakk stasjon,2026-09-07T22:16:00+02:00,2026-09-07T22:28:23+02:00,2026-09-07T22:28:23+02:00,743.0,1,Trondheim S,SJN:Line:25,Rørosbanen,R60,rail,SJN:ServiceJourney:2389_47883-R,True,actual,False,,,,,2026-09-08T00:20:52.129880+02:00
NSR:StopPlace:58793,Askim stasjon,2026-09-07T07:37:00+02:00,2026-09-07T07:49:22+02:00,2026-09-07T07:49:22+02:00,742.0,1,Askim,OST:Line:1_400,Askim-Trøgstad,400,bus,OST:ServiceJourney:400_260827111754633_4,True,actual,False,,,,,2026-09-07T08:42:24.659182+02:00
NSR:StopPlace:60944,Ski stasjon,2026-09-07T17:01:00+02:00,2026-09-07T17:13:20+02:00,2026-09-07T17:13:20+02:00,740.0,1,Hebekk / Finstad,RUT:Line:525,Kråkstad - Ski - Kråkstad,525,bus,RUT:ServiceJourney:7a9afdcf47089ce31c5664be6ddcd5d1,True,actual,False,,,,,2026-09-07T20:27:16.249662+02:00
NSR:StopPlace:58966,Porsgrunn stasjon,2026-09-07T19:17:00+02:00,2026-09-07T19:29:18+02:00,2026-09-07T19:29:18+02:00,738.0,1,Eidsvoll,VYG:Line:RE11,Eidsvoll-Oslo S-Skien,RE11,rail,VYG:ServiceJourney:832_481337-R,True,actual,False,Heis på Porsgrunn ute av drift,Heisen på Porsgrunn til spor 2 er ute av drift.,general,normal,2026-09-07T20:27:16.249662+02:00
NSR:StopPlace:59648,Kjelsås stasjon,2026-09-07T17:30:00+02:00,2026-09-07T17:42:17+02:00,2026-09-07T17:42:17+02:00,737.0,1,Haugerud,RUT:Line:25,Majorstuen-Haugerud,25,bus,RUT:ServiceJourney:2e82c590753a1af45e94c89022074802,True,actual,False,,,,,2026-09-07T20:27:16.249662+02:00
NSR:StopPlace:62295,Stanghelle stasjon,2026-09-07T23:52:00+02:00,2026-09-08T00:04:15+02:00,2026-09-08T00:04:15+02:00,735.0,1,Bergen,VYG:Line:R40,Bergen-Voss-Myrdal-Ål,R40,rail,VYG:ServiceJourney:1839_481214-R,True,actual,False,,,,,2026-09-08T00:20:52.129880+02:00
NSR:StopPlace:58926,Dale stasjon,2026-09-07T23:46:00+02:00,2026-09-07T23:58:13+02:00,2026-09-07T23:58:13+02:00,733.0,1,Oslo S,VYG:Line:F4,Oslo S-Bergen,F4,rail,VYG:ServiceJourney:606-BRG_481554-R,True,actual,False,,,,,2026-09-08T00:20:52.129880+02:00
NSR:StopPlace:58793,Askim stasjon,2026-09-07T07:51:00+02:00,2026-09-07T08:03:13+02:00,2026-09-07T08:03:13+02:00,733.0,1,Askim u.skole,OST:Line:1_403,Askim-Solbergfoss,403,bus,OST:ServiceJourney:403_260327065659130_10,True,actual,False,,,,,2026-09-07T08:42:24.659182+02:00
NSR:StopPlace:61872,Nærbø stasjon,2026-09-07T17:23:00+02:00,2026-09-07T17:35:12+02:00,2026-09-07T17:35:12+02:00,732.0,1,Stavanger,GOA:Line:59,Jærbanen,L5,rail,GOA:ServiceJourney:3051_63099-R,True,actual,False,,,,,2026-09-07T20:27:16.249662+02:00
NSR:StopPlace:59244,Egersund stasjon,2026-09-07T15:14:00+02:00,2026-09-07T15:26:12+02:00,2026-09-07T15:26:12+02:00,732.0,1,Egersund,KOL:Line:8_2033,98,98,bus,KOL:ServiceJourney:2033_250903083241387_2004,True,actual,False,,,,,2026-09-07T15:44:36.205822+02:00
NSR:StopPlace:41,Hanaborg stasjon,2026-09-08T01:31:30+02:00,2026-09-08T01:43:41+02:00,2026-09-08T01:43:41+02:00,731.0,1,Lillestrøm,VYG:Line:L1,Spikkestad-Oslo S-Lillestrøm,L1,rail,VYG:ServiceJourney:2282_443722-R,True,actual,False,,,,,2026-09-08T03:39:50.209703+02:00
NSR:StopPlace:60077,Støren stasjon,2026-09-07T17:27:00+02:00,2026-09-07T17:39:08+02:00,2026-09-07T17:39:08+02:00,728.0,1,Tynset,INN:Line:135,Alvdal - Tynset - Trondheim,135,bus,INN:ServiceJourney:83409,True,actual,False,,,,,2026-09-07T20:27:16.249662+02:00
NSR:StopPlace:364,Vaksdal stasjon,2026-09-07T12:45:00+02:00,2026-09-07T12:57:06+02:00,2026-09-07T12:57:06+02:00,726.0,1,Myrdal,VYG:Line:R40,Bergen-Voss-Myrdal-Ål,R40,rail,VYG:ServiceJourney:1816_465749-R,True,actual,False,,,,,2026-09-07T15:44:36.205822+02:00
NSR:StopPlace:58877,Bø stasjon,2026-09-07T22:17:00+02:00,2026-09-07T22:29:03+02:00,2026-09-07T22:29:03+02:00,723.0,1,Seljord,TEL:Line:8181,Seljord-Bø-Skien,R1,bus,TEL:ServiceJourney:127103,True,actual,False,,,,,2026-09-08T00:20:52.129880+02:00
NSR:StopPlace:58849,Hakadal stasjon,2026-09-07T17:35:00+02:00,2026-09-07T17:47:02+02:00,2026-09-07T17:47:02+02:00,722.0,1,Kongskog,RUT:Line:390,Kongskog/Hellerudhaugen - Oslo bussterminal,390,bus,RUT:ServiceJourney:6af8d8a321d07e967dbe5a0141a74945,True,actual,False,,,,,2026-09-07T20:27:16.249662+02:00
NSR:StopPlace:58872,Sandefjord stasjon,2026-09-07T18:18:00+02:00,2026-09-07T18:30:00+02:00,2026-09-07T18:30:00+02:00,720.0,1,Skien,VYG:Line:RE11,Eidsvoll-Oslo S-Skien,RE11,rail,VYG:ServiceJourney:825_444405-R,True,actual,False,,,,,2026-09-07T20:27:16.249662+02:00
NSR:StopPlace:58920,Snartemo stasjon,2026-09-07T14:57:00+02:00,2026-09-07T15:09:00+02:00,2026-09-07T15:09:00+02:00,720.0,1,Oslo S,GOA:Line:50,Sørtoget region,F5,rail,GOA:ServiceJourney:712-STV_63979-R,True,actual,False,,,,,2026-09-07T15:44:36.205822+02:00
NSR:StopPlace:58918,Nodeland stasjon,2026-09-07T19:26:00+02:00,2026-09-07T19:37:59+02:00,2026-09-07T19:37:59+02:00,719.0,1,Oslo S,GOA:Line:50,Sørtoget region,F5,rail,GOA:ServiceJourney:716-STV_63249-R,True,actual,False,,,,,2026-09-07T20:27:16.249662+02:00
NSR:StopPlace:58920,Snartemo stasjon,2026-09-07T15:13:00+02:00,2026-09-07T15:24:59+02:00,2026-09-07T15:24:59+02:00,719.0,1,Lyngdal,AKT:Line:2332,Skolerute Kvås/Berge/Lyngdal k,2332,bus,AKT:ServiceJourney:65882_112_30_109560_111240_3935503,True,actual,False,,,,,2026-09-07T15:44:36.205822+02:00
NSR:StopPlace:60077,Støren stasjon,2026-09-07T16:35:00+02:00,2026-09-07T16:46:57+02:00,2026-09-07T16:46:57+02:00,717.0,1,Oppdal,ATB:Line:2_480,(Trondheim) - Støren - Berkåk,480,bus,ATB:ServiceJourney:480_260106098639971_10,True,actual,False,,,,,2026-09-07T20:27:16.249662+02:00
NSR:StopPlace:58921,Vennesla stasjon,2026-09-07T15:22:00+02:00,2026-09-07T15:33:56+02:00,2026-09-07T15:33:56+02:00,716.0,1,Vennesla sentrum,AKT:Line:31,Kvadraturen - Sødal - Vennesla,31,bus,AKT:ServiceJourney:79652_171_36_108000_109680_3950344,True,actual,False,,,,,2026-09-07T15:44:36.205822+02:00
NSR:StopPlace:58950,Åsen stasjon,2026-09-07T21:39:00+02:00,2026-09-07T21:50:52+02:00,2026-09-07T21:50:52+02:00,712.0,1,Støren,SJN:Line:26,Trønderbanen,R70,rail,SJN:ServiceJourney:452_56081-R,True,actual,False,,,,,2026-09-08T00:20:52.129880+02:00
NSR:StopPlace:58926,Dale stasjon,2026-09-07T07:12:00+02:00,2026-09-07T07:23:51+02:00,2026-09-07T07:23:51+02:00,711.0,1,Bergen,VYG:Line:R40,Bergen-Voss-Myrdal-Ål,R40,rail,VYG:ServiceJourney:1809_443395-R,True,actual,False,,,,,2026-09-07T08:42:24.659182+02:00
NSR:StopPlace:61458,Mjølfjell stasjon,2026-09-07T13:35:00+02:00,2026-09-07T13:46:50+02:00,2026-09-07T13:46:50+02:00,710.0,1,Bergen,VYG:Line:R40,Bergen-Voss-Myrdal-Ål,R40,rail,VYG:ServiceJourney:1823_443410-R,True,actual,False,Forsinket,Toget kjørte 14 minutter forsinket fra Myrdal. Vi venter på passasjerer fra et annet tog.,incident,normal,2026-09-07T15:44:36.205822+02:00
NSR:StopPlace:461,Lundamo stasjon,2026-09-07T21:46:00+02:00,2026-09-07T21:57:49+02:00,2026-09-07T21:57:49+02:00,709.0,1,Trondheim S,SJN:Line:25,Rørosbanen,R60,rail,SJN:ServiceJourney:2389_47883-R,True,actual,False,,,,,2026-09-08T00:20:52.129880+02:00
NSR:StopPlace:58926,Dale stasjon,2026-09-07T13:00:00+02:00,2026-09-07T13:11:48+02:00,2026-09-07T13:11:48+02:00,708.0,1,Myrdal,VYG:Line:R40,Bergen-Voss-Myrdal-Ål,R40,rail,VYG:ServiceJourney:1816_465749-R,True,actual,False,,,,,2026-09-07T15:44:36.205822+02:00
NSR:StopPlace:58892,Audnedal stasjon,2026-09-07T15:04:00+02:00,2026-09-07T15:15:48+02:00,2026-09-07T15:15:48+02:00,708.0,1,Stavanger,GOA:Line:50,Sørtoget region,F5,rail,GOA:ServiceJourney:709-LOD_73757-R,True,actual,False,,,,,2026-09-07T15:44:36.205822+02:00
NSR:StopPlace:58818,Gran stasjon,2026-09-07T14:14:00+02:00,2026-09-07T14:25:44+02:00,2026-09-07T14:25:44+02:00,704.0,1,Oslo,INN:Line:126,Dokka-Hov-Brandbu-Oslo,126,bus,INN:ServiceJourney:68049,True,actual,False,,,,,2026-09-07T15:44:36.205822+02:00
NSR:StopPlace:62295,Stanghelle stasjon,2026-09-07T12:53:00+02:00,2026-09-07T13:04:43+02:00,2026-09-07T13:04:43+02:00,703.0,1,Myrdal,VYG:Line:R40,Bergen-Voss-Myrdal-Ål,R40,rail,VYG:ServiceJourney:1816_465749-R,True,actual,False,,,,,2026-09-07T15:44:36.205822+02:00
NSR:StopPlace:222,Myrdal stasjon,2026-09-07T13:52:00+02:00,2026-09-07T14:03:42+02:00,2026-09-07T14:03:42+02:00,702.0,1,Oslo S,VYG:Line:F4,Oslo S-Bergen,F4,rail,VYG:ServiceJourney:602-BRG_481321-R,True,actual,False,,,,,2026-09-07T15:44:36.205822+02:00
NSR:StopPlace:59091,Storekvina stasjon,2026-09-07T15:23:00+02:00,2026-09-07T15:34:40+02:00,2026-09-07T15:34:40+02:00,700.0,1,Stavanger,GOA:Line:50,Sørtoget region,F5,rail,GOA:ServiceJourney:709-LOD_73757-R,True,actual,False,,,,,2026-09-07T15:44:36.205822+02:00
NSR:StopPlace:58920,Snartemo stasjon,2026-09-07T15:11:00+02:00,2026-09-07T15:22:40+02:00,2026-09-07T15:22:40+02:00,700.0,1,Stavanger,GOA:Line:50,Sørtoget region,F5,rail,GOA:ServiceJourney:709-LOD_73757-R,True,actual,False,,,,,2026-09-07T15:44:36.205822+02:00
NSR:StopPlace:59091,Storekvina stasjon,2026-09-07T21:01:00+02:00,2026-09-07T21:12:38+02:00,2026-09-07T21:12:38+02:00,698.0,1,Stavanger,GOA:Line:50,Sørtoget region,F5,rail,GOA:ServiceJourney:715-LOD_63248-R,True,actual,False,,,,,2026-09-08T00:20:52.129880+02:00
NSR:StopPlace:58920,Snartemo stasjon,2026-09-07T20:49:00+02:00,2026-09-07T21:00:38+02:00,2026-09-07T21:00:38+02:00,698.0,1,Stavanger,GOA:Line:50,Sørtoget region,F5,rail,GOA:ServiceJourney:715-LOD_63248-R,True,actual,False,,,,,2026-09-08T00:20:52.129880+02:00
NSR:StopPlace:364,Vaksdal stasjon,2026-09-08T00:00:00+02:00,2026-09-08T00:11:37+02:00,2026-09-08T00:11:37+02:00,697.0,1,Bergen,VYG:Line:R40,Bergen-Voss-Myrdal-Ål,R40,rail,VYG:ServiceJourney:1839_481214-R,True,actual,False,,,,,2026-09-08T00:20:52.129880+02:00
NSR:StopPlace:369,Kvål stasjon,2026-09-07T21:56:00+02:00,2026-09-07T22:07:34+02:00,2026-09-07T22:07:34+02:00,694.0,1,Trondheim S,SJN:Line:25,Rørosbanen,R60,rail,SJN:ServiceJourney:2389_47883-R,True,actual,False,,,,,2026-09-08T00:20:52.129880+02:00
NSR:StopPlace:59653,Haugenstua stasjon,2026-09-08T01:25:00+02:00,2026-09-08T01:36:32+02:00,2026-09-08T01:36:32+02:00,692.0,1,Lillestrøm,VYG:Line:L1,Spikkestad-Oslo S-Lillestrøm,L1,rail,VYG:ServiceJourney:2282_443722-R,True,actual,False,,,,,2026-09-08T03:39:50.209703+02:00
NSR:StopPlace:58858,Nittedal stasjon,2026-09-07T22:04:00+02:00,2026-09-07T22:15:30+02:00,2026-09-07T22:15:30+02:00,690.0,1,Roa,VYG:Line:R31,Skøyen-Jaren-Gjøvik,R31,rail,VYG:ServiceJourney:BUS-235_655468-R,True,actual,False,,,,,2026-09-08T00:20:52.129880+02:00
NSR:StopPlace:58879,Lunde stasjon,2026-09-07T22:11:00+02:00,2026-09-07T22:22:29+02:00,2026-09-07T22:22:29+02:00,689.0,1,Oslo S,GOA:Line:50,Sørtoget region,F5,rail,GOA:ServiceJourney:716-STV_63249-R,True,actual,False,,,,,2026-09-08T00:20:52.129880+02:00
NSR:StopPlace:425,Vinstra stasjon,2026-09-07T19:04:00+02:00,2026-09-07T19:15:29+02:00,2026-09-07T19:15:29+02:00,689.0,1,Oslo S,SJN:Line:21,Dovrebanen,F6,rail,SJN:ServiceJourney:48-TND_42795-R,True,actual,False,,,,,2026-09-07T20:27:16.249662+02:00
NSR:StopPlace:61707,Jevnaker stasjon,2026-09-07T06:46:00+02:00,2026-09-07T06:57:29+02:00,2026-09-07T06:57:29+02:00,689.0,1,Hadeland vgs via Brandbu,INN:Line:453,Brandbu-Grymyr-Jevnaker,453,bus,INN:ServiceJourney:84291,True,actual,False,,,,,2026-09-07T08:42:24.659182+02:00
NSR:StopPlace:58925,Gausel stasjon,2026-09-07T17:08:00+02:00,2026-09-07T17:19:27+02:00,2026-09-07T17:19:27+02:00,687.0,1,Vardenes via UiS-Stavanger,KOL:Line:8_1007,6,6,bus,KOL:ServiceJourney:1007_260729080906900_2068,True,actual,False,,,,,2026-09-07T20:27:16.249662+02:00
NSR:StopPlace:59649,Nydalen stasjon,2026-09-07T17:31:00+02:00,2026-09-07T17:42:26+02:00,2026-09-07T17:42:26+02:00,686.0,1,Brynseng,RUT:Line:24,Fornebu vest - Brynseng T,24,bus,RUT:ServiceJourney:7401b699008df5a2f820147baadf1dd0,True,actual,False,,,,,2026-09-07T20:27:16.249662+02:00
NSR:StopPlace:60077,Støren stasjon,2026-09-07T15:20:00+02:00,2026-09-07T15:31:24+02:00,2026-09-07T15:31:24+02:00,684.0,1,Støren Rådhus,ATB:Line:2_340,Trondheim - Støren,340,bus,ATB:ServiceJourney:340_260106098639856_14,True,actual,False,,,,,2026-09-07T15:44:36.205822+02:00
NSR:StopPlace:58948,Stjørdal stasjon,2026-09-07T07:12:00+02:00,2026-09-07T07:23:22+02:00,2026-09-07T07:23:22+02:00,682.0,1,Meråker videregående,ATB:Line:2_670,Stjørdal - Meråker,670,bus,ATB:ServiceJourney:670_260106098640647_2,True,actual,False,,,,,2026-09-07T08:42:24.659182+02:00
NSR:StopPlace:62295,Stanghelle stasjon,2026-09-07T07:19:00+02:00,2026-09-07T07:30:22+02:00,2026-09-07T07:30:22+02:00,682.0,1,Bergen,VYG:Line:R40,Bergen-Voss-Myrdal-Ål,R40,rail,VYG:ServiceJourney:1809_443395-R,True,actual,False,,,,,2026-09-07T08:42:24.659182+02:00
NSR:StopPlace:58835,Lier stasjon,2026-09-07T23:47:00+02:00,2026-09-07T23:58:20+02:00,2026-09-07T23:58:20+02:00,680.0,1,Drammen,VYG:Line:R13,Drammen-Oslo S-Dal,R13,rail,VYG:ServiceJourney:1672_443368-R,True,actual,False,,,,,2026-09-08T00:20:52.129880+02:00
NSR:StopPlace:59092,Gyland stasjon,2026-09-07T15:29:00+02:00,2026-09-07T15:40:19+02:00,2026-09-07T15:40:19+02:00,679.0,1,Stavanger,GOA:Line:50,Sørtoget region,F5,rail,GOA:ServiceJourney:709-LOD_73757-R,True,actual,False,,,,,2026-09-07T15:44:36.205822+02:00
NSR:StopPlace:59638,Myrvoll stasjon,2026-09-07T22:37:00+02:00,2026-09-07T22:48:18+02:00,2026-09-07T22:48:18+02:00,678.0,1,Kolbotn torg,RUT:Line:580,Kolbotn - Ski,580,bus,RUT:ServiceJourney:13204e0332226865b87c5d958b862104,True,actual,False,,,,,2026-09-08T00:20:52.129880+02:00
NSR:StopPlace:4,Otta stasjon,2026-09-07T22:03:00+02:00,2026-09-07T22:14:16+02:00,2026-09-07T22:14:16+02:00,676.0,1,Dombås,VYG:Line:RE10,Drammen-Oslo S-Lillehammer,RE10,rail,VYG:ServiceJourney:329-SUD_465133-R,True,actual,False,,,,,2026-09-08T00:20:52.129880+02:00
NSR:StopPlace:58833,Gol stasjon,2026-09-07T11:54:00+02:00,2026-09-07T12:05:16+02:00,2026-09-07T12:05:16+02:00,676.0,1,Oslo S,VYG:Line:F4,Oslo S-Bergen,F4,rail,VYG:ServiceJourney:62-BRG_444359-R,True,actual,False,,,,,2026-09-07T15:44:36.205822+02:00
NSR:StopPlace:58829,Stryken stasjon,2026-09-07T06:59:00+02:00,2026-09-07T07:10:16+02:00,2026-09-07T07:10:16+02:00,676.0,1,Oslo,INN:Line:126,Dokka-Hov-Brandbu-Oslo,126,bus,INN:ServiceJourney:68045,True,actual,False,,,,,2026-09-07T08:42:24.659182+02:00
NSR:StopPlace:60603,Kongsberg stasjon,2026-09-07T23:17:00+02:00,2026-09-07T23:28:13+02:00,2026-09-07T23:28:13+02:00,673.0,1,Oslo S,GOA:Line:50,Sørtoget region,F5,rail,GOA:ServiceJourney:716-STV_63249-R,True,actual,False,,,,,2026-09-08T00:20:52.129880+02:00
NSR:StopPlace:58801,Sarpsborg stasjon,2026-09-07T18:57:00+02:00,2026-09-07T19:08:10+02:00,2026-09-07T19:08:10+02:00,670.0,1,Halden,VYG:Line:RE20,Oslo S-Halden-Göteborg (X-Border),RE20,rail,VYG:ServiceJourney:145_509066-R,True,actual,False,Færre vogner,Denne avgangen kjører dessverre med 5 vogner i stedet for 10 vogner. Dette skyldes at vi mangler et togsett.,general,normal,2026-09-07T20:27:16.249662+02:00
NSR:StopPlace:60053,Halden stasjon,2026-09-07T15:22:00+02:00,2026-09-07T15:33:08+02:00,2026-09-07T15:33:08+02:00,668.0,1,Halden sentrum,OST:Line:1_32,Brekkerød-Stenrød,32,bus,OST:ServiceJourney:32_260325121472779_21,True,actual,False,,,,,2026-09-07T15:44:36.205822+02:00
NSR:StopPlace:58920,Snartemo stasjon,2026-09-07T15:12:00+02:00,2026-09-07T15:23:05+02:00,2026-09-07T15:23:05+02:00,665.0,1,Birkeland - Bryggeså,AKT:Line:240,Skoleruter Hægebostad,240,bus,AKT:ServiceJourney:65992_42_23_109440_111360_1072403,True,actual,False,,,,,2026-09-07T15:44:36.205822+02:00
NSR:StopPlace:58798,Rakkestad stasjon,2026-09-07T06:57:00+02:00,2026-09-07T07:08:03+02:00,2026-09-07T07:08:03+02:00,663.0,1,Mysen stasjon,OST:Line:1_640,Sarpsborg-Askim-Mysen,640,bus,OST:ServiceJourney:640_260325121473128_2,True,actual,False,,,,,2026-09-07T08:42:24.659182+02:00
NSR:StopPlace:58884,Skien stasjon,2026-09-07T19:09:00+02:00,2026-09-07T19:20:02+02:00,2026-09-07T19:20:02+02:00,662.0,1,Eidsvoll,VYG:Line:RE11,Eidsvoll-Oslo S-Skien,RE11,rail,VYG:ServiceJourney:832_481337-R,True,actual,False,,,,,2026-09-07T20:27:16.249662+02:00
NSR:StopPlace:59244,Egersund stasjon,2026-09-07T14:37:00+02:00,2026-09-07T14:48:02+02:00,2026-09-07T14:48:02+02:00,662.0,1,Egersund,KOL:Line:8_2696,SK0122,SK0122,bus,KOL:ServiceJourney:2696_250903083245377_2002,True,actual,False,,,,,2026-09-07T15:44:36.205822+02:00
NSR:StopPlace:58849,Hakadal stasjon,2026-09-07T08:05:00+02:00,2026-09-07T08:16:02+02:00,2026-09-07T08:16:02+02:00,662.0,1,Kongskog,RUT:Line:390,Kongskog/Hellerudhaugen - Oslo bussterminal,390,bus,RUT:ServiceJourney:f852ea22542f3febac2372dde415a996,True,actual,False,,,,,2026-09-07T08:42:24.659182+02:00
NSR:StopPlace:61334,Ogna stasjon,2026-09-07T17:54:00+02:00,2026-09-07T18:05:01+02:00,2026-09-07T18:05:01+02:00,661.0,1,Egersund,GOA:Line:59,Jærbanen,L5,rail,GOA:ServiceJourney:3052_63100-R,True,actual,False,,,,,2026-09-07T20:27:16.249662+02:00
NSR:StopPlace:60053,Halden stasjon,2026-09-07T19:06:00+02:00,2026-09-07T19:17:01+02:00,2026-09-07T19:17:01+02:00,661.0,1,Halden sentrum,OST:Line:1_33,Tistedal-Vold skog,33,bus,OST:ServiceJourney:33_260325121472254_26,True,actual,False,,,,,2026-09-07T20:27:16.249662+02:00
NSR:StopPlace:60569,Sirevåg stasjon,2026-09-07T17:57:00+02:00,2026-09-07T18:08:01+02:00,2026-09-07T18:08:01+02:00,661.0,1,Egersund,GOA:Line:59,Jærbanen,L5,rail,GOA:ServiceJourney:3052_63100-R,True,actual,False,,,,,2026-09-07T20:27:16.249662+02:00
NSR:StopPlace:59649,Nydalen stasjon,2026-09-07T07:48:00+02:00,2026-09-07T07:59:01+02:00,2026-09-07T07:59:01+02:00,661.0,1,Lysaker,RUT:Line:23,Lysaker - Simensbråten,23,bus,RUT:ServiceJourney:6808ad7a54a20e1ab5170e21bd5fd875,True,actual,False,,,,,2026-09-07T08:42:24.659182+02:00
NSR:StopPlace:59652,Tøyen stasjon,2026-09-07T08:00:00+02:00,2026-09-07T08:10:58+02:00,2026-09-07T08:10:58+02:00,658.0,1,Vippetangen,RUT:Line:60,Vippetangen-Tonsenhagen,60,bus,RUT:ServiceJourney:eaaa8be1590d61a158431b5fa383869a,True,actual,False,,,,,2026-09-07T08:42:24.659182+02:00
NSR:StopPlace:62379,Bergsgrav stasjon,2026-09-07T21:03:00+02:00,2026-09-07T21:13:57+02:00,2026-09-07T21:13:57+02:00,657.0,1,Støren,SJN:Line:26,Trønderbanen,R70,rail,SJN:ServiceJourney:452_56081-R,True,actual,False,,,,,2026-09-08T00:20:52.129880+02:00
NSR:StopPlace:518,Bolstadøyri stasjon,2026-09-07T07:04:00+02:00,2026-09-07T07:14:56+02:00,2026-09-07T07:14:56+02:00,656.0,1,Bergen,VYG:Line:R40,Bergen-Voss-Myrdal-Ål,R40,rail,VYG:ServiceJourney:1809_443395-R,True,actual,False,,,,,2026-09-07T08:42:24.659182+02:00
NSR:StopPlace:59620,Grorud stasjon,2026-09-08T01:23:00+02:00,2026-09-08T01:33:54+02:00,2026-09-08T01:33:54+02:00,654.0,1,Lillestrøm,VYG:Line:L1,Spikkestad-Oslo S-Lillestrøm,L1,rail,VYG:ServiceJourney:2282_443722-R,True,actual,False,,,,,2026-09-08T03:39:50.209703+02:00
NSR:StopPlace:222,Myrdal stasjon,2026-09-07T14:38:00+02:00,2026-09-07T14:48:54+02:00,2026-09-07T14:48:54+02:00,654.0,1,Bergen,VYG:Line:R40,Bergen-Voss-Myrdal-Ål,R40,rail,VYG:ServiceJourney:1825_465764-R,True,actual,False,,,,,2026-09-07T15:44:36.205822+02:00
NSR:StopPlace:58801,Sarpsborg stasjon,2026-09-07T17:28:00+02:00,2026-09-07T17:38:52+02:00,2026-09-07T17:38:52+02:00,652.0,1,Oslo S,VYG:Line:RE20,Oslo S-Halden-Göteborg (X-Border),RE20,rail,VYG:ServiceJourney:128_443128-R,True,actual,False,,,,,2026-09-07T20:27:16.249662+02:00
NSR:StopPlace:58824,Lunner stasjon,2026-09-07T14:59:00+02:00,2026-09-07T15:09:51+02:00,2026-09-07T15:09:51+02:00,651.0,1,Gran via Kalvsjø - Lunner,INN:Line:452,Gran-Lunner-Olimb-Jevnaker,452,bus,INN:ServiceJourney:71444,True,actual,False,,,,,2026-09-07T15:44:36.205822+02:00
NSR:StopPlace:60042,Trengereid stasjon,2026-09-08T00:09:00+02:00,2026-09-08T00:19:50+02:00,2026-09-08T00:19:50+02:00,650.0,1,Bergen,VYG:Line:R40,Bergen-Voss-Myrdal-Ål,R40,rail,VYG:ServiceJourney:1839_481214-R,True,actual,False,,,,,2026-09-08T00:20:52.129880+02:00
NSR:StopPlace:61458,Mjølfjell stasjon,2026-09-07T14:53:00+02:00,2026-09-07T15:03:50+02:00,2026-09-07T15:03:50+02:00,650.0,1,Myrdal,VYG:Line:R40,Bergen-Voss-Myrdal-Ål,R40,rail,VYG:ServiceJourney:1816_465749-R,True,actual,False,,,,,2026-09-07T15:44:36.205822+02:00
NSR:StopPlace:58917,Marnardal stasjon,2026-09-07T20:26:00+02:00,2026-09-07T20:36:49+02:00,2026-09-07T20:36:49+02:00,649.0,1,Stavanger,GOA:Line:50,Sørtoget region,F5,rail,GOA:ServiceJourney:715-LOD_63248-R,True,actual,False,,,,,2026-09-08T00:20:52.129880+02:00
NSR:StopPlace:59646,Høvik stasjon,2026-09-07T15:25:00+02:00,2026-09-07T15:35:49+02:00,2026-09-07T15:35:49+02:00,649.0,1,Asker,RUT:Line:270,Asker - Sandvika (- Fornebu),270,bus,RUT:ServiceJourney:e932f33eb12e7bc12f48d2f4c6310a7c,True,actual,False,,,,,2026-09-07T15:44:36.205822+02:00
NSR:StopPlace:58837,Nesbyen stasjon,2026-09-07T12:06:00+02:00,2026-09-07T12:16:48+02:00,2026-09-07T12:16:48+02:00,648.0,1,Oslo S,VYG:Line:F4,Oslo S-Bergen,F4,rail,VYG:ServiceJourney:62-BRG_444359-R,True,actual,False,,,,,2026-09-07T15:44:36.205822+02:00
NSR:StopPlace:468,Ørneberget stasjon,2026-09-07T15:00:00+02:00,2026-09-07T15:10:48+02:00,2026-09-07T15:10:48+02:00,648.0,1,Myrdal,VYG:Line:R40,Bergen-Voss-Myrdal-Ål,R40,rail,VYG:ServiceJourney:1816_465749-R,True,actual,False,,,,,2026-09-07T15:44:36.205822+02:00
NSR:StopPlace:584,Bulken stasjon,2026-09-07T07:31:00+02:00,2026-09-07T07:41:47+02:00,2026-09-07T07:41:47+02:00,647.0,1,Bergen,VYG:Line:R40,Bergen-Voss-Myrdal-Ål,R40,rail,VYG:ServiceJourney:1811_443397-R,True,actual,False,,,,,2026-09-07T08:42:24.659182+02:00
NSR:StopPlace:58830,Brakerøya stasjon,2026-09-07T23:51:00+02:00,2026-09-08T00:01:43+02:00,2026-09-08T00:01:43+02:00,643.0,1,Drammen,VYG:Line:R13,Drammen-Oslo S-Dal,R13,rail,VYG:ServiceJourney:1672_443368-R,True,actual,False,,,,,2026-09-08T00:20:52.129880+02:00
NSR:StopPlace:58877,Bø stasjon,2026-09-07T22:23:00+02:00,2026-09-07T22:33:36+02:00,2026-09-07T22:33:36+02:00,636.0,1,Oslo S,GOA:Line:50,Sørtoget region,F5,rail,GOA:ServiceJourney:716-STV_63249-R,True,actual,False,,,,,2026-09-08T00:20:52.129880+02:00
NSR:StopPlace:59092,Gyland stasjon,2026-09-07T21:07:00+02:00,2026-09-07T21:17:35+02:00,2026-09-07T21:17:35+02:00,635.0,1,Stavanger,GOA:Line:50,Sørtoget region,F5,rail,GOA:ServiceJourney:715-LOD_63248-R,True,actual,False,,,,,2026-09-08T00:20:52.129880+02:00
NSR:StopPlace:58874,Stokke stasjon,2026-09-07T18:07:00+02:00,2026-09-07T18:17:35+02:00,2026-09-07T18:17:35+02:00,635.0,1,Skien,VYG:Line:RE11,Eidsvoll-Oslo S-Skien,RE11,rail,VYG:ServiceJourney:825_444405-R,True,actual,False,,,,,2026-09-07T20:27:16.249662+02:00
NSR:StopPlace:60042,Trengereid stasjon,2026-09-07T06:04:00+02:00,2026-09-07T06:14:35+02:00,2026-09-07T06:14:35+02:00,635.0,1,Voss,VYG:Line:R40,Bergen-Voss-Myrdal-Ål,R40,rail,VYG:ServiceJourney:1802_443389-R,True,actual,False,,,,,2026-09-07T08:42:24.659182+02:00
NSR:StopPlace:58858,Nittedal stasjon,2026-09-07T20:04:00+02:00,2026-09-07T20:14:34+02:00,2026-09-07T20:14:34+02:00,634.0,1,Roa,VYG:Line:R31,Skøyen-Jaren-Gjøvik,R31,rail,VYG:ServiceJourney:BUS-231_655413-R,True,actual,False,,,,,2026-09-07T20:27:16.249662+02:00
NSR:StopPlace:58797,Mysen stasjon,2026-09-07T14:51:00+02:00,2026-09-07T15:01:33+02:00,2026-09-07T15:01:33+02:00,633.0,1,Faugli-Mysen,OST:Line:1_464,Mysen ungdomsskole,464,bus,OST:ServiceJourney:464_260325121475523_8,True,actual,False,,,,,2026-09-07T15:44:36.205822+02:00
NSR:StopPlace:61897,Bryn stasjon,2026-09-07T08:05:00+02:00,2026-09-07T08:15:31+02:00,2026-09-07T08:15:31+02:00,631.0,1,Spikkestad,VYG:Line:L1,Spikkestad-Oslo S-Lillestrøm,L1,rail,VYG:ServiceJourney:2213_443605-R,True,actual,False,,,,,2026-09-07T08:42:24.659182+02:00
NSR:StopPlace:58820,Harestua stasjon,2026-09-07T18:57:00+02:00,2026-09-07T19:07:30+02:00,2026-09-07T19:07:30+02:00,630.0,1,Oslo S,VYG:Line:R31,Skøyen-Jaren-Gjøvik,R31,rail,VYG:ServiceJourney:BUS-228_655371-R,True,actual,False,,,,,2026-09-07T20:27:16.249662+02:00
NSR:StopPlace:58841,Ål stasjon,2026-09-07T11:35:00+02:00,2026-09-07T11:45:30+02:00,2026-09-07T11:45:30+02:00,630.0,1,Oslo S,VYG:Line:F4,Oslo S-Bergen,F4,rail,VYG:ServiceJourney:62-BRG_444359-R,True,actual,False,,,,,2026-09-07T15:44:36.205822+02:00
NSR:StopPlace:60077,Støren stasjon,2026-09-07T22:00:00+02:00,2026-09-07T22:10:29+02:00,2026-09-07T22:10:29+02:00,629.0,1,Trondheim S,SJN:Line:21,Dovrebanen,F6,rail,SJN:ServiceJourney:49-LOD_54215-R,True,actual,False,,,,,2026-09-08T00:20:52.129880+02:00
NSR:StopPlace:61979,Hellvik stasjon,2026-09-07T18:02:00+02:00,2026-09-07T18:12:28+02:00,2026-09-07T18:12:28+02:00,628.0,1,Egersund,GOA:Line:59,Jærbanen,L5,rail,GOA:ServiceJourney:3052_63100-R,True,actual,False,,,,,2026-09-07T20:27:16.249662+02:00
NSR:StopPlace:58931,Fannrem stasjon,2026-09-07T07:43:00+02:00,2026-09-07T07:53:28+02:00,2026-09-07T07:53:28+02:00,628.0,1,Orkanger skysstasjon,ATB:Line:2_460,Orkanger - Meldal - Berkåk,460,bus,ATB:ServiceJourney:460_260106098640560_5,True,actual,False,,,,,2026-09-07T08:42:24.659182+02:00
NSR:StopPlace:58877,Bø stasjon,2026-09-07T17:32:00+02:00,2026-09-07T17:42:26+02:00,2026-09-07T17:42:26+02:00,626.0,1,Skien stasjon,TEL:Line:8181,Seljord-Bø-Skien,R1,bus,TEL:ServiceJourney:127062,True,actual,False,,,,,2026-09-07T20:27:16.249662+02:00
NSR:StopPlace:58819,Grua stasjon,2026-09-07T08:16:00+02:00,2026-09-07T08:26:26+02:00,2026-09-07T08:26:26+02:00,626.0,1,Lunner barneskole via Lunner u.skole,INN:Line:112,Brandbu-Gran-Harestua,112,bus,INN:ServiceJourney:70823,True,actual,False,,,,,2026-09-07T08:42:24.659182+02:00
NSR:StopPlace:61169,Marienborg stasjon,2026-09-07T07:46:00+02:00,2026-09-07T07:56:25+02:00,2026-09-07T07:56:25+02:00,625.0,1,Østmarka via Lerkendal-Strindh.,ATB:Line:2_13,Østmarka - Strindheim - Lerkendal - Havstad,13,bus,ATB:ServiceJourney:13_251215112552673_19,True,actual,False,,,,,2026-09-07T08:42:24.659182+02:00
NSR:StopPlace:60053,Halden stasjon,2026-09-07T07:43:00+02:00,2026-09-07T07:53:25+02:00,2026-09-07T07:53:25+02:00,625.0,1,Halden sentrum,OST:Line:1_35,Næridsrød - Tistedal,35,bus,OST:ServiceJourney:35_260325121472331_3,True,actual,False,,,,,2026-09-07T08:42:24.659182+02:00
NSR:StopPlace:58819,Grua stasjon,2026-09-07T07:41:00+02:00,2026-09-07T07:51:25+02:00,2026-09-07T07:51:25+02:00,625.0,1,Roa,VYG:Line:RE30,Oslo S-Gjøvik,RE30,rail,VYG:ServiceJourney:BUS-1205_654987-R,True,actual,False,,,,,2026-09-07T08:42:24.659182+02:00
NSR:StopPlace:58820,Harestua stasjon,2026-09-07T08:24:00+02:00,2026-09-07T08:34:24+02:00,2026-09-07T08:34:24+02:00,624.0,1,Roa,VYG:Line:RE30,Oslo S-Gjøvik,RE30,rail,VYG:ServiceJourney:BUS-1207_654994-R,True,actual,False,,,,,2026-09-07T08:42:24.659182+02:00
NSR:StopPlace:58952,Bodø stasjon,2026-09-07T07:55:00+02:00,2026-09-07T08:05:22+02:00,2026-09-07T08:05:22+02:00,622.0,1,Løpsmarka,NOR:Line:12_8004,Tverlandet - Bodø sentrum - Løpsmarka,4,bus,NOR:ServiceJourney:8004_251012124900592_2005,True,actual,False,,,,,2026-09-07T08:42:24.659182+02:00
NSR:StopPlace:58855,Leirsund stasjon,2026-09-07T21:25:00+02:00,2026-09-07T21:35:21+02:00,2026-09-07T21:35:21+02:00,621.0,1,Drammen,VYG:Line:R13,Drammen-Oslo S-Dal,R13,rail,VYG:ServiceJourney:1666_443356-R,True,actual,False,,,,,2026-09-08T00:20:52.129880+02:00
NSR:StopPlace:58854,Langhus stasjon,2026-09-07T07:29:00+02:00,2026-09-07T07:39:21+02:00,2026-09-07T07:39:21+02:00,621.0,1,Bøleråsen,RUT:Line:510,Bøleråsen - Ski - Ås - Drøbak,510,bus,RUT:ServiceJourney:89ec00631cead9c96af2220fa65ab233,True,actual,False,,,,,2026-09-07T08:42:24.659182+02:00
NSR:StopPlace:59261,Trondheim lufthavn,2026-09-07T17:00:00+02:00,2026-09-07T17:10:20+02:00,2026-09-07T17:10:20+02:00,620.0,1,Selbu skysstasjon,ATB:Line:2_430,Trondheim - Stjørdal - Selbu - (Tydal),430,bus,ATB:ServiceJourney:430_260106098640415_8,True,actual,False,,,,,2026-09-07T20:27:16.249662+02:00
NSR:StopPlace:58829,Stryken stasjon,2026-09-07T05:44:00+02:00,2026-09-07T05:54:20+02:00,2026-09-07T05:54:20+02:00,620.0,1,Oslo,INN:Line:126,Dokka-Hov-Brandbu-Oslo,126,bus,INN:ServiceJourney:68043,True,actual,False,,,,,2026-09-07T08:42:24.659182+02:00
NSR:StopPlace:222,Myrdal stasjon,2026-09-07T13:06:00+02:00,2026-09-07T13:16:19+02:00,2026-09-07T13:16:19+02:00,619.0,1,Bergen,VYG:Line:F4,Oslo S-Bergen,F4,rail,VYG:ServiceJourney:63-LOD_580500-R,True,actual,False,,,,,2026-09-07T15:44:36.205822+02:00
NSR:StopPlace:58948,Stjørdal stasjon,2026-09-07T07:36:00+02:00,2026-09-07T07:46:19+02:00,2026-09-07T07:46:19+02:00,619.0,1,Tangen,ATB:Line:2_70,Stjørdal/Hommelvik- Trondheim,70,bus,ATB:ServiceJourney:70_251215112546904_5,True,actual,False,,,,,2026-09-07T08:42:24.659182+02:00
NSR:StopPlace:101,Sagdalen stasjon,2026-09-07T07:22:00+02:00,2026-09-07T07:32:19+02:00,2026-09-07T07:32:19+02:00,619.0,1,Lillestrøm,VYG:Line:L1,Spikkestad-Oslo S-Lillestrøm,L1,rail,VYG:ServiceJourney:2108_443512-R,True,actual,False,,,,,2026-09-07T08:42:24.659182+02:00
NSR:StopPlace:58847,Frogner stasjon,2026-09-07T21:21:00+02:00,2026-09-07T21:31:14+02:00,2026-09-07T21:31:14+02:00,614.0,1,Drammen,VYG:Line:R13,Drammen-Oslo S-Dal,R13,rail,VYG:ServiceJourney:1666_443356-R,True,actual,False,,,,,2026-09-08T00:20:52.129880+02:00
NSR:StopPlace:71,Hallingskeid stasjon,2026-09-07T14:22:00+02:00,2026-09-07T14:32:13+02:00,2026-09-07T14:32:13+02:00,613.0,1,Bergen,VYG:Line:R40,Bergen-Voss-Myrdal-Ål,R40,rail,VYG:ServiceJourney:1825_465764-R,True,actual,False,,,,,2026-09-07T15:44:36.205822+02:00
NSR:StopPlace:61169,Marienborg stasjon,2026-09-07T07:36:00+02:00,2026-09-07T07:46:13+02:00,2026-09-07T07:46:13+02:00,613.0,1,Østmarka via Lerkendal-Strindh.,ATB:Line:2_13,Østmarka - Strindheim - Lerkendal - Havstad,13,bus,ATB:ServiceJourney:13_251215112552672_17,True,actual,False,,,,,2026-09-07T08:42:24.659182+02:00
NSR:StopPlace:58838,Røyken stasjon,2026-09-07T22:03:00+02:00,2026-09-07T22:13:10+02:00,2026-09-07T22:13:10+02:00,610.0,1,Bråset,RUT:Line:260,Hyggen - Bråset -Slemmestad (- Asker),260,bus,RUT:ServiceJourney:2426cb0204ffe5011b5fb9d221454337,True,actual,False,,,,,2026-09-08T00:20:52.129880+02:00
NSR:StopPlace:59649,Nydalen stasjon,2026-09-07T17:16:00+02:00,2026-09-07T17:26:10+02:00,2026-09-07T17:26:10+02:00,610.0,1,Simensbråten,RUT:Line:23,Lysaker - Simensbråten,23,bus,RUT:ServiceJourney:d078aa583f9841c49d50a7cccd39bc0f,True,actual,False,,,,,2026-09-07T20:27:16.249662+02:00
NSR:StopPlace:58831,Flå stasjon,2026-09-07T14:22:00+02:00,2026-09-07T14:32:09+02:00,2026-09-07T14:32:09+02:00,609.0,1,Bergen,VYG:Line:F4,Oslo S-Bergen,F4,rail,VYG:ServiceJourney:601-LOD_456939-R,True,actual,False,,,,,2026-09-07T15:44:36.205822+02:00
NSR:StopPlace:59958,Voss stasjon,2026-09-07T07:25:00+02:00,2026-09-07T07:35:07+02:00,2026-09-07T07:35:07+02:00,607.0,1,Bergen,VYG:Line:R40,Bergen-Voss-Myrdal-Ål,R40,rail,VYG:ServiceJourney:1811_443397-R,True,actual,False,,,,,2026-09-07T08:42:24.659182+02:00
NSR:StopPlace:59643,Grefsen stasjon,2026-09-07T17:36:00+02:00,2026-09-07T17:46:06+02:00,2026-09-07T17:46:06+02:00,606.0,1,Brynseng,RUT:Line:24,Fornebu vest - Brynseng T,24,bus,RUT:ServiceJourney:7401b699008df5a2f820147baadf1dd0,True,actual,False,,,,,2026-09-07T20:27:16.249662+02:00
NSR:StopPlace:58841,Ål stasjon,2026-09-07T11:35:00+02:00,2026-09-07T11:45:06+02:00,2026-09-07T11:45:06+02:00,606.0,1,Bergen,VYG:Line:F4,Oslo S-Bergen,F4,rail,VYG:ServiceJourney:63-LOD_580500-R,True,actual,False,,,,,2026-09-07T15:44:36.205822+02:00
NSR:StopPlace:58861,Solbråtan stasjon,2026-09-07T15:11:00+02:00,2026-09-07T15:21:03+02:00,2026-09-07T15:21:03+02:00,603.0,1,Tårnåsen,RUT:Line:83,Jernbanetorget - Tårnåsen,83,bus,RUT:ServiceJourney:322da0e8e4b9ad6a12e9cd28db727af3,True,actual,False,Linje 80E og 83 får Hausmanns bru som ny endeholdeplass fra 29. juni,"Bussene stopper ikke på Jernbanetorget etter 29. juni, men starter og stopper på Hausmanns bru i Nylandsveien.",incident,normal,2026-09-07T15:44:36.205822+02:00
NSR:StopPlace:151,Evanger stasjon,2026-09-07T07:41:00+02:00,2026-09-07T07:51:03+02:00,2026-09-07T07:51:03+02:00,603.0,1,Bergen,VYG:Line:R40,Bergen-Voss-Myrdal-Ål,R40,rail,VYG:ServiceJourney:1811_443397-R,True,actual,False,,,,,2026-09-07T08:42:24.659182+02:00
NSR:StopPlace:61707,Jevnaker stasjon,2026-09-07T14:40:00+02:00,2026-09-07T14:50:01+02:00,2026-09-07T14:50:01+02:00,601.0,1,Gran via Kalvsjø - Lunner,INN:Line:452,Gran-Lunner-Olimb-Jevnaker,452,bus,INN:ServiceJourney:71444,True,actual,False,,,,,2026-09-07T15:44:36.205822+02:00
NSR:StopPlace:62309,Ljan stasjon,2026-09-07T08:24:00+02:00,2026-09-07T08:34:00+02:00,2026-09-07T08:34:00+02:00,600.0,1,Ski,VYG:Line:L2,Stabekk-Oslo S-Ski,L2,rail,VYG:ServiceJourney:2713-HVK_443919-R,True,actual,False,Færre vogner,Denne avgangen kjører dessverre med 3 vogner i stedet for 6 vogner. Dette skyldes at vi mangler et togsett.,general,normal,2026-09-07T08:42:24.659182+02:00
NSR:StopPlace:610,Sandvika stasjon,2026-09-07T17:31:00+02:00,2026-09-07T17:40:59+02:00,2026-09-07T17:40:59+02:00,599.0,1,Spikkestad,VYG:Line:L1,Spikkestad-Oslo S-Lillestrøm,L1,rail,VYG:ServiceJourney:2249_443666-R,True,actual,False,Ny kjørerute mellom Lysaker og Asker,"Toget stopper ikke på Stabekk, Høvik, Blommenholm, Slependen, Billingstad, Hvalstad, Vakås og Høn. Det skyldes at toget er forsinket.",incident,normal,2026-09-07T20:27:16.249662+02:00
NSR:StopPlace:62308,Alna stasjon,2026-09-07T08:02:00+02:00,2026-09-07T08:11:59+02:00,2026-09-07T08:11:59+02:00,599.0,1,Spikkestad,VYG:Line:L1,Spikkestad-Oslo S-Lillestrøm,L1,rail,VYG:ServiceJourney:2213_443605-R,True,actual,False,,,,,2026-09-07T08:42:24.659182+02:00
NSR:StopPlace:58795,Kambo stasjon,2026-09-07T14:54:00+02:00,2026-09-07T15:03:57+02:00,2026-09-07T15:03:57+02:00,597.0,1,Vestby stasjon,RUT:Line:540,Moss - Son - Vestby stasjon,540,bus,RUT:ServiceJourney:5e9b2ed3c0cc1ee9012cc4f5a9da835f,True,actual,False,,,,,2026-09-07T15:44:36.205822+02:00
NSR:StopPlace:59649,Nydalen stasjon,2026-09-07T22:01:00+02:00,2026-09-07T22:10:56+02:00,2026-09-07T22:10:56+02:00,596.0,1,Lysaker,RUT:Line:23,Lysaker - Simensbråten,23,bus,RUT:ServiceJourney:4af6f7e4861ee33158922a1882efce8b,True,actual,False,,,,,2026-09-08T00:20:52.129880+02:00
NSR:StopPlace:58838,Røyken stasjon,2026-09-07T15:03:00+02:00,2026-09-07T15:12:56+02:00,2026-09-07T15:12:56+02:00,596.0,1,Bråset,RUT:Line:260,Hyggen - Bråset -Slemmestad (- Asker),260,bus,RUT:ServiceJourney:e9e127cdd8d1f88f75dc8cd62049d8a8,True,actual,False,,,,,2026-09-07T15:44:36.205822+02:00
NSR:StopPlace:61463,Nordstrand stasjon,2026-09-07T08:22:00+02:00,2026-09-07T08:31:56+02:00,2026-09-07T08:31:56+02:00,596.0,1,Ski,VYG:Line:L2,Stabekk-Oslo S-Ski,L2,rail,VYG:ServiceJourney:2713-HVK_443919-R,True,actual,False,Færre vogner,Denne avgangen kjører dessverre med 3 vogner i stedet for 6 vogner. Dette skyldes at vi mangler et togsett.,general,normal,2026-09-07T08:42:24.659182+02:00
NSR:StopPlace:58926,Dale stasjon,2026-09-07T08:00:00+02:00,2026-09-07T08:09:56+02:00,2026-09-07T08:09:56+02:00,596.0,1,Bergen,VYG:Line:R40,Bergen-Voss-Myrdal-Ål,R40,rail,VYG:ServiceJourney:1811_443397-R,True,actual,False,,,,,2026-09-07T08:42:24.659182+02:00
NSR:StopPlace:58930,Larvik stasjon,2026-09-07T08:05:00+02:00,2026-09-07T08:14:56+02:00,2026-09-07T08:14:56+02:00,596.0,1,Larvik,VKT:Line:830,Stavern-Nevlunghavn,830,bus,VKT:ServiceJourney:18042,True,actual,False,,,,,2026-09-07T08:42:24.659182+02:00
NSR:StopPlace:58862,Strømmen stasjon,2026-09-07T07:20:00+02:00,2026-09-07T07:29:56+02:00,2026-09-07T07:29:56+02:00,596.0,1,Lillestrøm,VYG:Line:L1,Spikkestad-Oslo S-Lillestrøm,L1,rail,VYG:ServiceJourney:2108_443512-R,True,actual,False,,,,,2026-09-07T08:42:24.659182+02:00
NSR:StopPlace:59244,Egersund stasjon,2026-09-07T14:47:00+02:00,2026-09-07T14:56:55+02:00,2026-09-07T14:56:55+02:00,595.0,1,Moi via Lagård,KOL:Line:8_2033,98,98,bus,KOL:ServiceJourney:2033_250903083241384_1004,True,actual,False,,,,,2026-09-07T15:44:36.205822+02:00
NSR:StopPlace:59647,Dal stasjon,2026-09-07T15:11:00+02:00,2026-09-07T15:20:54+02:00,2026-09-07T15:20:54+02:00,594.0,1,Jessheim,RUT:Line:430,Eidsvoll - Jessheim,430,bus,RUT:ServiceJourney:600395889288dfea506fea486add7b25,True,actual,False,,,,,2026-09-07T15:44:36.205822+02:00
NSR:StopPlace:62339,Lillestrøm stasjon,2026-09-07T16:55:00+02:00,2026-09-07T17:04:52+02:00,2026-09-07T17:04:52+02:00,592.0,1,Asker,VYG:Line:L1,Spikkestad-Oslo S-Lillestrøm,L1,rail,VYG:ServiceJourney:2149_443557-R,True,actual,False,Heis i spor 1 og 2 er ute av bruk på grunn av vedlikehold.,Heis i spor 1 og 2 er ute av bruk på grunn av vedlikehold.,general,normal,2026-09-07T20:27:16.249662+02:00
NSR:StopPlace:58819,Grua stasjon,2026-09-07T14:34:00+02:00,2026-09-07T14:43:52+02:00,2026-09-07T14:43:52+02:00,592.0,1,Roa,VYG:Line:RE30,Oslo S-Gjøvik,RE30,rail,VYG:ServiceJourney:BUS-1219_655045-R,True,actual,False,,,,,2026-09-07T15:44:36.205822+02:00
NSR:StopPlace:58858,Nittedal stasjon,2026-09-07T18:04:00+02:00,2026-09-07T18:13:50+02:00,2026-09-07T18:13:50+02:00,590.0,1,Roa,VYG:Line:R31,Skøyen-Jaren-Gjøvik,R31,rail,VYG:ServiceJourney:BUS-227_655354-R,True,actual,False,,,,,2026-09-07T20:27:16.249662+02:00
NSR:StopPlace:71,Hallingskeid stasjon,2026-09-07T14:07:00+02:00,2026-09-07T14:16:50+02:00,2026-09-07T14:16:50+02:00,590.0,1,Oslo S,VYG:Line:F4,Oslo S-Bergen,F4,rail,VYG:ServiceJourney:602-BRG_481321-R,True,actual,False,,,,,2026-09-07T15:44:36.205822+02:00
NSR:StopPlace:61897,Bryn stasjon,2026-09-07T14:35:00+02:00,2026-09-07T14:44:50+02:00,2026-09-07T14:44:50+02:00,590.0,1,Spikkestad,VYG:Line:L1,Spikkestad-Oslo S-Lillestrøm,L1,rail,VYG:ServiceJourney:2239_443648-R,True,actual,False,,,,,2026-09-07T15:44:36.205822+02:00
NSR:StopPlace:222,Myrdal stasjon,2026-09-07T14:41:00+02:00,2026-09-07T14:50:50+02:00,2026-09-07T14:50:50+02:00,590.0,1,Flåm,VYG:Line:R45,Myrdal-Flåm,R45,rail,VYG:ServiceJourney:1861_465780-R,True,actual,False,,,,,2026-09-07T15:44:36.205822+02:00
NSR:StopPlace:58829,Stryken stasjon,2026-09-07T08:23:00+02:00,2026-09-07T08:32:49+02:00,2026-09-07T08:32:49+02:00,589.0,1,Roa,VYG:Line:RE30,Oslo S-Gjøvik,RE30,rail,VYG:ServiceJourney:BUS-1207_654995-R,True,actual,False,,,,,2026-09-07T08:42:24.659182+02:00
NSR:StopPlace:60077,Støren stasjon,2026-09-07T16:30:00+02:00,2026-09-07T16:39:46+02:00,2026-09-07T16:39:46+02:00,586.0,1,Røros,ATB:Line:2_440,Støren - Røros,440,bus,ATB:ServiceJourney:440_260106098642806_16,True,actual,False,,,,,2026-09-07T20:27:16.249662+02:00
NSR:StopPlace:425,Vinstra stasjon,2026-09-07T17:13:00+02:00,2026-09-07T17:22:46+02:00,2026-09-07T17:22:46+02:00,586.0,1,Trondheim S,SJN:Line:21,Dovrebanen,F6,rail,SJN:ServiceJourney:47-LOD_54214-R,True,actual,False,,,,,2026-09-07T20:27:16.249662+02:00
NSR:StopPlace:59650,Nyland stasjon,2026-09-07T14:29:00+02:00,2026-09-07T14:38:45+02:00,2026-09-07T14:38:45+02:00,585.0,1,Spikkestad,VYG:Line:L1,Spikkestad-Oslo S-Lillestrøm,L1,rail,VYG:ServiceJourney:2239_443648-R,True,actual,False,,,,,2026-09-07T15:44:36.205822+02:00
NSR:StopPlace:58838,Røyken stasjon,2026-09-07T07:52:00+02:00,2026-09-07T08:01:44+02:00,2026-09-07T08:01:44+02:00,584.0,1,Drammen,RUT:Line:261,Drammen - Lahell - Røyken - Sætre,261,bus,RUT:ServiceJourney:4e0487a1362e6b3001ab528e843663e6,True,actual,False,Fra 17/8 går linje 61-63-71-73-251-261 og skolebusser fra holdeplass ved Skutebrygga ut av byen.Les mer på brakar.no/trafikkmeldinger.,,general,normal,2026-09-07T08:42:24.659182+02:00
NSR:StopPlace:58874,Stokke stasjon,2026-09-07T08:02:00+02:00,2026-09-07T08:11:44+02:00,2026-09-07T08:11:44+02:00,584.0,1,Sørby,VKT:Line:520,Tønsberg-Stokke,520,bus,VKT:ServiceJourney:17227,True,actual,False,,,,,2026-09-07T08:42:24.659182+02:00
NSR:StopPlace:62377,Ronglan stasjon,2026-09-07T21:32:00+02:00,2026-09-07T21:41:43+02:00,2026-09-07T21:41:43+02:00,583.0,1,Steinkjer,SJN:Line:26,Trønderbanen,R70,rail,SJN:ServiceJourney:451_56080-R,True,actual,False,,,,,2026-09-08T00:20:52.129880+02:00
NSR:StopPlace:61381,Singsås stasjon,2026-09-07T07:20:00+02:00,2026-09-07T07:29:43+02:00,2026-09-07T07:29:43+02:00,583.0,1,Støren Rådhus,ATB:Line:2_5471,Støren - Singsås - Almås/Wolde,5471,bus,ATB:ServiceJourney:5471_260106098642204_3,True,actual,False,,,,,2026-09-07T08:42:24.659182+02:00
NSR:StopPlace:59261,Trondheim lufthavn,2026-09-07T07:29:00+02:00,2026-09-07T07:38:42+02:00,2026-09-07T07:38:42+02:00,582.0,1,Stjørdal stasjon - Tangen,ATB:Line:2_70,Stjørdal/Hommelvik- Trondheim,70,bus,ATB:ServiceJourney:70_251215112546904_5,True,actual,False,,,,,2026-09-07T08:42:24.659182+02:00
NSR:StopPlace:62308,Alna stasjon,2026-09-07T14:32:00+02:00,2026-09-07T14:41:40+02:00,2026-09-07T14:41:40+02:00,580.0,1,Spikkestad,VYG:Line:L1,Spikkestad-Oslo S-Lillestrøm,L1,rail,VYG:ServiceJourney:2239_443648-R,True,actual,False,,,,,2026-09-07T15:44:36.205822+02:00
NSR:StopPlace:59643,Grefsen stasjon,2026-09-07T06:28:00+02:00,2026-09-07T06:37:40+02:00,2026-09-07T06:37:40+02:00,580.0,1,Lysaker,RUT:Line:23,Lysaker - Simensbråten,23,bus,RUT:ServiceJourney:3821a8c55cc04ddbd95fa010c28769f4,True,actual,False,,,,,2026-09-07T08:42:24.659182+02:00
NSR:StopPlace:58790,Verdal stasjon,2026-09-07T21:00:00+02:00,2026-09-07T21:09:39+02:00,2026-09-07T21:09:39+02:00,579.0,1,Støren,SJN:Line:26,Trønderbanen,R70,rail,SJN:ServiceJourney:452_56081-R,True,actual,False,,,,,2026-09-08T00:20:52.129880+02:00
NSR:StopPlace:59652,Tøyen stasjon,2026-09-07T08:15:00+02:00,2026-09-07T08:24:39+02:00,2026-09-07T08:24:39+02:00,579.0,1,Vippetangen,RUT:Line:60,Vippetangen-Tonsenhagen,60,bus,RUT:ServiceJourney:80d0963e7e4edf97756be2c78e923bee,True,actual,False,,,,,2026-09-07T08:42:24.659182+02:00
NSR:StopPlace:58926,Dale stasjon,2026-09-07T23:28:00+02:00,2026-09-07T23:37:38+02:00,2026-09-07T23:37:38+02:00,578.0,1,Voss,VYG:Line:R40,Bergen-Voss-Myrdal-Ål,R40,rail,VYG:ServiceJourney:1836_443423-R,True,actual,False,,,,,2026-09-08T00:20:52.129880+02:00
NSR:StopPlace:58874,Stokke stasjon,2026-09-07T19:56:00+02:00,2026-09-07T20:05:38+02:00,2026-09-07T20:05:38+02:00,578.0,1,Eidsvoll,VYG:Line:RE11,Eidsvoll-Oslo S-Skien,RE11,rail,VYG:ServiceJourney:832_481337-R,True,actual,False,,,,,2026-09-07T20:27:16.249662+02:00
NSR:StopPlace:71,Hallingskeid stasjon,2026-09-07T12:49:00+02:00,2026-09-07T12:58:38+02:00,2026-09-07T12:58:38+02:00,578.0,1,Bergen,VYG:Line:F4,Oslo S-Bergen,F4,rail,VYG:ServiceJourney:63-LOD_580500-R,True,actual,False,,,,,2026-09-07T15:44:36.205822+02:00
NSR:StopPlace:60053,Halden stasjon,2026-09-07T14:46:00+02:00,2026-09-07T14:55:38+02:00,2026-09-07T14:55:38+02:00,578.0,1,Halden sentrum,OST:Line:1_34,Remmen-Sykehuset,34,bus,OST:ServiceJourney:34_260325121472302_20,True,actual,False,,,,,2026-09-07T15:44:36.205822+02:00
NSR:StopPlace:59952,Drammen stasjon,2026-09-07T08:00:00+02:00,2026-09-07T08:09:38+02:00,2026-09-07T08:09:38+02:00,578.0,1,Stavanger,GOA:Line:50,Sørtoget region,F5,rail,GOA:ServiceJourney:707-LOD_73724-R,True,actual,False,,,,,2026-09-07T08:42:24.659182+02:00
NSR:StopPlace:425,Vinstra stasjon,2026-09-07T21:40:00+02:00,2026-09-07T21:49:37+02:00,2026-09-07T21:49:37+02:00,577.0,1,Dombås,VYG:Line:RE10,Drammen-Oslo S-Lillehammer,RE10,rail,VYG:ServiceJourney:329-SUD_465133-R,True,actual,False,,,,,2026-09-08T00:20:52.129880+02:00
NSR:StopPlace:59091,Storekvina stasjon,2026-09-07T14:46:00+02:00,2026-09-07T14:55:37+02:00,2026-09-07T14:55:37+02:00,577.0,1,Oslo S,GOA:Line:50,Sørtoget region,F5,rail,GOA:ServiceJourney:712-STV_63979-R,True,actual,False,,,,,2026-09-07T15:44:36.205822+02:00
NSR:StopPlace:59092,Gyland stasjon,2026-09-07T14:41:00+02:00,2026-09-07T14:50:37+02:00,2026-09-07T14:50:37+02:00,577.0,1,Oslo S,GOA:Line:50,Sørtoget region,F5,rail,GOA:ServiceJourney:712-STV_63979-R,True,actual,False,,,,,2026-09-07T15:44:36.205822+02:00
NSR:StopPlace:59620,Grorud stasjon,2026-09-07T06:24:00+02:00,2026-09-07T06:33:37+02:00,2026-09-07T06:33:37+02:00,577.0,1,Oslo lufthavn,NBU:Line:cb7b555c-f96e-42d5-84bf-a5e08c0145c2,Radiumhospitalet via Økern-Storo-Tåsen,FB3,bus,NBU:ServiceJourney:7e8f1121-38e8-4f93-8f25-4ee6aec74728,True,actual,False,,,,,2026-09-07T08:42:24.659182+02:00
NSR:StopPlace:101,Sagdalen stasjon,2026-09-07T06:07:00+02:00,2026-09-07T06:16:37+02:00,2026-09-07T06:16:37+02:00,577.0,1,Lillestrøm,VYG:Line:L1,Spikkestad-Oslo S-Lillestrøm,L1,rail,VYG:ServiceJourney:2204_443592-R,True,actual,False,,,,,2026-09-07T08:42:24.659182+02:00
NSR:StopPlace:58930,Larvik stasjon,2026-09-07T14:49:00+02:00,2026-09-07T14:58:34+02:00,2026-09-07T14:58:34+02:00,574.0,1,Nevlunghavn,VKT:Line:81,Nordbyen-Nevlunghavn,81,bus,VKT:ServiceJourney:18072,True,actual,False,,,,,2026-09-07T15:44:36.205822+02:00
NSR:StopPlace:58819,Grua stasjon,2026-09-07T06:44:00+02:00,2026-09-07T06:53:33+02:00,2026-09-07T06:53:33+02:00,573.0,1,Oslo,INN:Line:126,Dokka-Hov-Brandbu-Oslo,126,bus,INN:ServiceJourney:68045,True,actual,False,,,,,2026-09-07T08:42:24.659182+02:00
NSR:StopPlace:60047,Melhus skysstasjon,2026-09-07T14:43:00+02:00,2026-09-07T14:52:31+02:00,2026-09-07T14:52:31+02:00,571.0,1,Støren Rådhus,ATB:Line:2_340,Trondheim - Støren,340,bus,ATB:ServiceJourney:340_260106098639856_14,True,actual,False,,,,,2026-09-07T15:44:36.205822+02:00
NSR:StopPlace:58801,Sarpsborg stasjon,2026-09-07T17:30:00+02:00,2026-09-07T17:39:30+02:00,2026-09-07T17:39:30+02:00,570.0,1,Halden,VYG:Line:RE20,Oslo S-Halden-Göteborg (X-Border),RE20,rail,VYG:ServiceJourney:123-LOD_548094-R,True,actual,False,,,,,2026-09-07T20:27:16.249662+02:00
NSR:StopPlace:58958,Rognan stasjon,2026-09-07T14:00:00+02:00,2026-09-07T14:09:30+02:00,2026-09-07T14:09:30+02:00,570.0,1,Saltdal turistsenter,NOR:Line:12_8472,Fauske-Rognan-Vassbotnfjell-Ev,472,bus,NOR:ServiceJourney:8472_251012124858994_1027,True,actual,False,,,,,2026-09-07T15:44:36.205822+02:00
NSR:StopPlace:58921,Vennesla stasjon,2026-09-07T07:53:00+02:00,2026-09-07T08:02:30+02:00,2026-09-07T08:02:30+02:00,570.0,1,Vennesla sentrum,AKT:Line:31,Kvadraturen - Sødal - Vennesla,31,bus,AKT:ServiceJourney:79642_71_36_54000_55740_3950344,True,actual,False,,,,,2026-09-07T08:42:24.659182+02:00
NSR:StopPlace:62295,Stanghelle stasjon,2026-09-07T08:07:00+02:00,2026-09-07T08:16:29+02:00,2026-09-07T08:16:29+02:00,569.0,1,Bergen,VYG:Line:R40,Bergen-Voss-Myrdal-Ål,R40,rail,VYG:ServiceJourney:1811_443397-R,True,actual,False,,,,,2026-09-07T08:42:24.659182+02:00
NSR:StopPlace:58811,Moelv stasjon,2026-09-07T21:37:00+02:00,2026-09-07T21:46:28+02:00,2026-09-07T21:46:28+02:00,568.0,1,Drammen,VYG:Line:RE10,Drammen-Oslo S-Lillehammer,RE10,rail,VYG:ServiceJourney:336-LHM_444259-R,True,actual,False,,,,,2026-09-08T00:20:52.129880+02:00
NSR:StopPlace:60047,Melhus skysstasjon,2026-09-07T14:21:00+02:00,2026-09-07T14:30:26+02:00,2026-09-07T14:30:26+02:00,566.0,1,Støren stasjon,ATB:Line:2_340,Trondheim - Støren,340,bus,ATB:ServiceJourney:340_260106098641973_32,True,actual,False,,,,,2026-09-07T15:44:36.205822+02:00
NSR:StopPlace:58838,Røyken stasjon,2026-09-07T08:03:00+02:00,2026-09-07T08:12:26+02:00,2026-09-07T08:12:26+02:00,566.0,1,Hyggen,RUT:Line:260,Hyggen - Bråset -Slemmestad (- Asker),260,bus,RUT:ServiceJourney:e94ce43f8651fcdda4065e0ecd2cdbb9,True,actual,False,,,,,2026-09-07T08:42:24.659182+02:00
NSR:StopPlace:518,Bolstadøyri stasjon,2026-09-07T07:52:00+02:00,2026-09-07T08:01:26+02:00,2026-09-07T08:01:26+02:00,566.0,1,Bergen,VYG:Line:R40,Bergen-Voss-Myrdal-Ål,R40,rail,VYG:ServiceJourney:1811_443397-R,True,actual,False,,,,,2026-09-07T08:42:24.659182+02:00
NSR:StopPlace:58800,Råde stasjon,2026-09-07T17:03:00+02:00,2026-09-07T17:12:25+02:00,2026-09-07T17:12:25+02:00,565.0,1,Halden,VYG:Line:RE20,Oslo S-Halden-Göteborg (X-Border),RE20,rail,VYG:ServiceJourney:123-LOD_548094-R,True,actual,False,,,,,2026-09-07T20:27:16.249662+02:00
NSR:StopPlace:58952,Bodø stasjon,2026-09-07T17:55:00+02:00,2026-09-07T18:04:24+02:00,2026-09-07T18:04:24+02:00,564.0,1,Løpsmarka,NOR:Line:12_8004,Tverlandet - Bodø sentrum - Løpsmarka,4,bus,NOR:ServiceJourney:8004_251012124900619_2032,True,actual,False,,,,,2026-09-07T20:27:16.249662+02:00
NSR:StopPlace:59648,Kjelsås stasjon,2026-09-07T22:26:00+02:00,2026-09-07T22:35:23+02:00,2026-09-07T22:35:23+02:00,563.0,1,Haugerud,RUT:Line:25,Majorstuen-Haugerud,25,bus,RUT:ServiceJourney:35aac07149ed77af5ea6a702cfe2ab74,True,actual,False,,,,,2026-09-08T00:20:52.129880+02:00
NSR:StopPlace:58811,Moelv stasjon,2026-09-07T20:37:00+02:00,2026-09-07T20:46:23+02:00,2026-09-07T20:46:23+02:00,563.0,1,Drammen,VYG:Line:RE10,Drammen-Oslo S-Lillehammer,RE10,rail,VYG:ServiceJourney:334-LHM_444252-R,True,actual,False,,,,,2026-09-08T00:20:52.129880+02:00
NSR:StopPlace:58858,Nittedal stasjon,2026-09-07T18:30:00+02:00,2026-09-07T18:39:22+02:00,2026-09-07T18:39:22+02:00,562.0,1,Oslo S,VYG:Line:R31,Skøyen-Jaren-Gjøvik,R31,rail,VYG:ServiceJourney:BUS-226_655340-R,True,actual,False,,,,,2026-09-07T20:27:16.249662+02:00
NSR:StopPlace:59641,Fjellhamar stasjon,2026-09-07T07:18:00+02:00,2026-09-07T07:27:22+02:00,2026-09-07T07:27:22+02:00,562.0,1,Lillestrøm,VYG:Line:L1,Spikkestad-Oslo S-Lillestrøm,L1,rail,VYG:ServiceJourney:2108_443512-R,True,actual,False,,,,,2026-09-07T08:42:24.659182+02:00
NSR:StopPlace:58920,Snartemo stasjon,2026-09-07T18:48:00+02:00,2026-09-07T18:57:21+02:00,2026-09-07T18:57:21+02:00,561.0,1,Oslo S,GOA:Line:50,Sørtoget region,F5,rail,GOA:ServiceJourney:716-STV_63249-R,True,actual,False,,,,,2026-09-07T20:27:16.249662+02:00
NSR:StopPlace:58952,Bodø stasjon,2026-09-07T14:55:00+02:00,2026-09-07T15:04:21+02:00,2026-09-07T15:04:21+02:00,561.0,1,Løpsmarka,NOR:Line:12_8004,Tverlandet - Bodø sentrum - Løpsmarka,4,bus,NOR:ServiceJourney:8004_251012124900609_2022,True,actual,False,,,,,2026-09-07T15:44:36.205822+02:00
NSR:StopPlace:58878,Drangedal stasjon,2026-09-07T13:56:00+02:00,2026-09-07T14:05:21+02:00,2026-09-07T14:05:21+02:00,561.0,1,Stavanger,GOA:Line:50,Sørtoget region,F5,rail,GOA:ServiceJourney:711-LOD_64080-R,True,actual,False,,,,,2026-09-07T15:44:36.205822+02:00
NSR:StopPlace:60053,Halden stasjon,2026-09-07T07:45:00+02:00,2026-09-07T07:54:21+02:00,2026-09-07T07:54:21+02:00,561.0,1,Halden,OST:Line:1_633,Moss-Sarpsborg-Halden,633,bus,OST:ServiceJourney:633_260325121471431_102,True,actual,False,,,,,2026-09-07T08:42:24.659182+02:00
NSR:StopPlace:60053,Halden stasjon,2026-09-07T14:25:00+02:00,2026-09-07T14:34:20+02:00,2026-09-07T14:34:20+02:00,560.0,1,Halden,OST:Line:1_633,Moss-Sarpsborg-Halden,633,bus,OST:ServiceJourney:633_260325121471811_114,True,actual,False,,,,,2026-09-07T15:44:36.205822+02:00
NSR:StopPlace:58893,Grovane stasjon,2026-09-07T14:43:00+02:00,2026-09-07T14:52:20+02:00,2026-09-07T14:52:20+02:00,560.0,1,Vennesla,AKT:Line:173,Iveland-Vennesla,173,bus,AKT:ServiceJourney:70188_41_30_102600_105000_3950300,True,actual,False,,,,,2026-09-07T15:44:36.205822+02:00
NSR:StopPlace:58813,Skarnes stasjon,2026-09-07T20:49:00+02:00,2026-09-07T20:58:18+02:00,2026-09-07T20:58:18+02:00,558.0,1,Asker,VYG:Line:R14,Asker-Oslo S-Kongsvinger,R14,rail,VYG:ServiceJourney:1034_442946-R,True,actual,False,Heis på Skarnes ute av drift,Heisen på Skarnes til spor 2 er ute av drift.,general,normal,2026-09-08T00:20:52.129880+02:00
NSR:StopPlace:58849,Hakadal stasjon,2026-09-07T18:23:00+02:00,2026-09-07T18:32:18+02:00,2026-09-07T18:32:18+02:00,558.0,1,Oslo bussterminal,RUT:Line:390,Kongskog/Hellerudhaugen - Oslo bussterminal,390,bus,RUT:ServiceJourney:df289bd35c5f60cf512878720e2a9e79,True,actual,False,,,,,2026-09-07T20:27:16.249662+02:00
NSR:StopPlace:58834,Hokksund stasjon,2026-09-07T15:06:00+02:00,2026-09-07T15:15:18+02:00,2026-09-07T15:15:18+02:00,558.0,1,Vikersund,BRA:Line:4_6101,Drammen-Vikersund/Hønefoss,101,bus,BRA:ServiceJourney:6101_260415100161248_1031,True,actual,False,,,,,2026-09-07T15:44:36.205822+02:00
NSR:StopPlace:58849,Hakadal stasjon,2026-09-07T14:23:00+02:00,2026-09-07T14:32:18+02:00,2026-09-07T14:32:18+02:00,558.0,1,Oslo bussterminal,RUT:Line:390,Kongskog/Hellerudhaugen - Oslo bussterminal,390,bus,RUT:ServiceJourney:fa214f985fc968293dd702f92044060c,True,actual,False,,,,,2026-09-07T15:44:36.205822+02:00
NSR:StopPlace:58861,Solbråtan stasjon,2026-09-07T08:11:00+02:00,2026-09-07T08:20:18+02:00,2026-09-07T08:20:18+02:00,558.0,1,Tårnåsen,RUT:Line:83,Jernbanetorget - Tårnåsen,83,bus,RUT:ServiceJourney:ba0aa4a8adf6db6654c149e79c9be1be,True,actual,False,Linje 80E og 83 får Hausmanns bru som ny endeholdeplass fra 29. juni,"Bussene stopper ikke på Jernbanetorget etter 29. juni, men starter og stopper på Hausmanns bru i Nylandsveien.",incident,normal,2026-09-07T08:42:24.659182+02:00
NSR:StopPlace:58862,Strømmen stasjon,2026-09-07T06:05:00+02:00,2026-09-07T06:14:18+02:00,2026-09-07T06:14:18+02:00,558.0,1,Lillestrøm,VYG:Line:L1,Spikkestad-Oslo S-Lillestrøm,L1,rail,VYG:ServiceJourney:2204_443592-R,True,actual,False,,,,,2026-09-07T08:42:24.659182+02:00
NSR:StopPlace:58819,Grua stasjon,2026-09-07T05:43:00+02:00,2026-09-07T05:52:18+02:00,2026-09-07T05:52:18+02:00,558.0,1,Oslo S,VYG:Line:R31,Skøyen-Jaren-Gjøvik,R31,rail,VYG:ServiceJourney:BUS-242_655542-R,True,actual,False,,,,,2026-09-07T08:42:24.659182+02:00
NSR:StopPlace:41,Hanaborg stasjon,2026-09-07T07:16:00+02:00,2026-09-07T07:25:16+02:00,2026-09-07T07:25:16+02:00,556.0,1,Lillestrøm,VYG:Line:L1,Spikkestad-Oslo S-Lillestrøm,L1,rail,VYG:ServiceJourney:2108_443512-R,True,actual,False,,,,,2026-09-07T08:42:24.659182+02:00
NSR:StopPlace:59244,Egersund stasjon,2026-09-07T08:07:00+02:00,2026-09-07T08:16:16+02:00,2026-09-07T08:16:16+02:00,556.0,1,Egersund via Lagård,KOL:Line:8_2696,SK0122,SK0122,bus,KOL:ServiceJourney:2696_250903083245375_2000,True,actual,False,,,,,2026-09-07T08:42:24.659182+02:00
NSR:StopPlace:58930,Larvik stasjon,2026-09-07T19:32:00+02:00,2026-09-07T19:41:14+02:00,2026-09-07T19:41:14+02:00,554.0,1,Eidsvoll,VYG:Line:RE11,Eidsvoll-Oslo S-Skien,RE11,rail,VYG:ServiceJourney:832_481337-R,True,actual,False,,,,,2026-09-07T20:27:16.249662+02:00
NSR:StopPlace:62380,Røra stasjon,2026-09-07T20:52:00+02:00,2026-09-07T21:01:12+02:00,2026-09-07T21:01:12+02:00,552.0,1,Støren,SJN:Line:26,Trønderbanen,R70,rail,SJN:ServiceJourney:452_56081-R,True,actual,False,,,,,2026-09-08T00:20:52.129880+02:00
NSR:StopPlace:58794,Fredrikstad stasjon,2026-09-07T17:16:00+02:00,2026-09-07T17:25:12+02:00,2026-09-07T17:25:12+02:00,552.0,1,Halden,VYG:Line:RE20,Oslo S-Halden-Göteborg (X-Border),RE20,rail,VYG:ServiceJourney:123-LOD_548094-R,True,actual,False,,,,,2026-09-07T20:27:16.249662+02:00
NSR:StopPlace:58818,Gran stasjon,2026-09-07T15:18:00+02:00,2026-09-07T15:27:12+02:00,2026-09-07T15:27:12+02:00,552.0,1,Jevnaker via Kalvsjø,INN:Line:452,Gran-Lunner-Olimb-Jevnaker,452,bus,INN:ServiceJourney:71420,True,actual,False,,,,,2026-09-07T15:44:36.205822+02:00
NSR:StopPlace:222,Myrdal stasjon,2026-09-07T15:14:00+02:00,2026-09-07T15:23:12+02:00,2026-09-07T15:23:12+02:00,552.0,1,Oslo S,VYG:Line:F4,Oslo S-Bergen,F4,rail,VYG:ServiceJourney:90608_661661-R,True,actual,False,,,,,2026-09-07T15:44:36.205822+02:00
NSR:StopPlace:58819,Grua stasjon,2026-09-07T07:35:00+02:00,2026-09-07T07:44:12+02:00,2026-09-07T07:44:12+02:00,552.0,1,Harestua,INN:Line:112,Brandbu-Gran-Harestua,112,bus,INN:ServiceJourney:70785,True,actual,False,,,,,2026-09-07T08:42:24.659182+02:00
NSR:StopPlace:101,Sagdalen stasjon,2026-09-07T16:58:00+02:00,2026-09-07T17:07:11+02:00,2026-09-07T17:07:11+02:00,551.0,1,Asker,VYG:Line:L1,Spikkestad-Oslo S-Lillestrøm,L1,rail,VYG:ServiceJourney:2149_443557-R,True,actual,False,,,,,2026-09-07T20:27:16.249662+02:00
NSR:StopPlace:420,Lillehammer stasjon,2026-09-07T20:05:00+02:00,2026-09-07T20:14:11+02:00,2026-09-07T20:14:11+02:00,551.0,1,Oslo S,SJN:Line:21,Dovrebanen,F6,rail,SJN:ServiceJourney:48-TND_42795-R,True,actual,False,,,,,2026-09-07T20:27:16.249662+02:00
NSR:StopPlace:58926,Dale stasjon,2026-09-07T08:30:00+02:00,2026-09-07T08:39:11+02:00,2026-09-07T08:39:11+02:00,551.0,1,Voss,VYG:Line:R40,Bergen-Voss-Myrdal-Ål,R40,rail,VYG:ServiceJourney:1806_443392-R,True,actual,False,,,,,2026-09-07T08:42:24.659182+02:00
NSR:StopPlace:58919,Sira stasjon,2026-09-07T21:21:00+02:00,2026-09-07T21:30:10+02:00,2026-09-07T21:30:10+02:00,550.0,1,Stavanger,GOA:Line:50,Sørtoget region,F5,rail,GOA:ServiceJourney:715-LOD_63248-R,True,actual,False,,,,,2026-09-08T00:20:52.129880+02:00
NSR:StopPlace:58861,Solbråtan stasjon,2026-09-07T18:41:00+02:00,2026-09-07T18:50:10+02:00,2026-09-07T18:50:10+02:00,550.0,1,Tårnåsen,RUT:Line:83,Jernbanetorget - Tårnåsen,83,bus,RUT:ServiceJourney:c3397c6bbb6716dba84d5943554fc5ee,True,actual,False,Linje 80E og 83 får Hausmanns bru som ny endeholdeplass fra 29. juni,"Bussene stopper ikke på Jernbanetorget etter 29. juni, men starter og stopper på Hausmanns bru i Nylandsveien.",incident,normal,2026-09-07T20:27:16.249662+02:00
NSR:StopPlace:58810,Løten stasjon,2026-09-07T15:21:00+02:00,2026-09-07T15:30:09+02:00,2026-09-07T15:30:09+02:00,549.0,1,Løten,INN:Line:26,Brumunddal - Hamar - Løten,B26,bus,INN:ServiceJourney:53994,True,actual,False,,,,,2026-09-07T15:44:36.205822+02:00
NSR:StopPlace:58930,Larvik stasjon,2026-09-07T08:05:00+02:00,2026-09-07T08:14:09+02:00,2026-09-07T08:14:09+02:00,549.0,1,Thor Heyerdahl vgs,VKT:Line:1115,Stavern-Thor Heyerdahl vgs,1115,bus,VKT:ServiceJourney:8511,True,actual,False,,,,,2026-09-07T08:42:24.659182+02:00
NSR:StopPlace:58805,Brumunddal stasjon,2026-09-07T20:49:00+02:00,2026-09-07T20:58:08+02:00,2026-09-07T20:58:08+02:00,548.0,1,Drammen,VYG:Line:RE10,Drammen-Oslo S-Lillehammer,RE10,rail,VYG:ServiceJourney:334-LHM_444252-R,True,actual,False,,,,,2026-09-08T00:20:52.129880+02:00
NSR:StopPlace:58851,Heggedal stasjon,2026-09-07T17:24:00+02:00,2026-09-07T17:33:08+02:00,2026-09-07T17:33:08+02:00,548.0,1,Lillestrøm,VYG:Line:L1,Spikkestad-Oslo S-Lillestrøm,L1,rail,VYG:ServiceJourney:2254_443676-R,True,actual,False,,,,,2026-09-07T20:27:16.249662+02:00
NSR:StopPlace:58829,Stryken stasjon,2026-09-07T07:23:00+02:00,2026-09-07T07:32:08+02:00,2026-09-07T07:32:08+02:00,548.0,1,Roa,VYG:Line:RE30,Oslo S-Gjøvik,RE30,rail,VYG:ServiceJourney:BUS-1205_654987-R,True,actual,False,,,,,2026-09-07T08:42:24.659182+02:00
NSR:StopPlace:62349,Kvam stasjon,2026-09-07T21:48:00+02:00,2026-09-07T21:57:07+02:00,2026-09-07T21:57:07+02:00,547.0,1,Dombås,VYG:Line:RE10,Drammen-Oslo S-Lillehammer,RE10,rail,VYG:ServiceJourney:329-SUD_465133-R,True,actual,False,,,,,2026-09-08T00:20:52.129880+02:00
NSR:StopPlace:60271,Varhaug stasjon,2026-09-07T17:08:00+02:00,2026-09-07T17:17:05+02:00,2026-09-07T17:17:05+02:00,545.0,1,Egersund,GOA:Line:59,Jærbanen,L5,rail,GOA:ServiceJourney:3050_63097-R,True,actual,False,,,,,2026-09-07T20:27:16.249662+02:00
NSR:StopPlace:58805,Brumunddal stasjon,2026-09-07T15:34:00+02:00,2026-09-07T15:43:05+02:00,2026-09-07T15:43:05+02:00,545.0,1,Stavsjø,INN:Line:614,Brumunddal - Stavsjø,614,bus,INN:ServiceJourney:83043,True,actual,False,,,,,2026-09-07T15:44:36.205822+02:00
NSR:StopPlace:59639,Sonsveien stasjon,2026-09-07T08:12:00+02:00,2026-09-07T08:21:05+02:00,2026-09-07T08:21:05+02:00,545.0,1,Vestby stasjon,RUT:Line:540,Moss - Son - Vestby stasjon,540,bus,RUT:ServiceJourney:8a0d02098150a4cd43d04dba4d6195ca,True,actual,False,,,,,2026-09-07T08:42:24.659182+02:00
NSR:StopPlace:518,Bolstadøyri stasjon,2026-09-07T07:53:00+02:00,2026-09-07T08:02:05+02:00,2026-09-07T08:02:05+02:00,545.0,1,Myrdal,VYG:Line:R40,Bergen-Voss-Myrdal-Ål,R40,rail,VYG:ServiceJourney:1804_465739-R,True,actual,False,,,,,2026-09-07T08:42:24.659182+02:00
NSR:StopPlace:58917,Marnardal stasjon,2026-09-07T19:08:00+02:00,2026-09-07T19:17:04+02:00,2026-09-07T19:17:04+02:00,544.0,1,Oslo S,GOA:Line:50,Sørtoget region,F5,rail,GOA:ServiceJourney:716-STV_63249-R,True,actual,False,,,,,2026-09-07T20:27:16.249662+02:00
NSR:StopPlace:62094,Lindeberg stasjon,2026-09-07T14:07:00+02:00,2026-09-07T14:16:04+02:00,2026-09-07T14:16:04+02:00,544.0,1,Dal,VYG:Line:R13,Drammen-Oslo S-Dal,R13,rail,VYG:ServiceJourney:1635_481152-R,True,actual,False,,,,,2026-09-07T15:44:36.205822+02:00
NSR:StopPlace:58931,Fannrem stasjon,2026-09-07T06:19:00+02:00,2026-09-07T06:28:04+02:00,2026-09-07T06:28:04+02:00,544.0,1,Orkanger skysstasjon,ATB:Line:2_460,Orkanger - Meldal - Berkåk,460,bus,ATB:ServiceJourney:460_260106098640567_1,True,actual,False,,,,,2026-09-07T08:42:24.659182+02:00
NSR:StopPlace:584,Bulken stasjon,2026-09-07T08:12:00+02:00,2026-09-07T08:21:04+02:00,2026-09-07T08:21:04+02:00,544.0,1,Myrdal,VYG:Line:R40,Bergen-Voss-Myrdal-Ål,R40,rail,VYG:ServiceJourney:1804_465739-R,True,actual,False,,,,,2026-09-07T08:42:24.659182+02:00
NSR:StopPlace:59091,Storekvina stasjon,2026-09-07T19:00:00+02:00,2026-09-07T19:09:03+02:00,2026-09-07T19:09:03+02:00,543.0,1,Stavanger,GOA:Line:50,Sørtoget region,F5,rail,GOA:ServiceJourney:713-LOD_68191-R,True,actual,False,,,,,2026-09-07T20:27:16.249662+02:00
NSR:StopPlace:58918,Nodeland stasjon,2026-09-07T20:08:00+02:00,2026-09-07T20:17:03+02:00,2026-09-07T20:17:03+02:00,543.0,1,Stavanger,GOA:Line:50,Sørtoget region,F5,rail,GOA:ServiceJourney:715-LOD_63248-R,True,actual,False,,,,,2026-09-07T20:27:16.249662+02:00
NSR:StopPlace:58920,Snartemo stasjon,2026-09-07T18:48:00+02:00,2026-09-07T18:57:03+02:00,2026-09-07T18:57:03+02:00,543.0,1,Stavanger,GOA:Line:50,Sørtoget region,F5,rail,GOA:ServiceJourney:713-LOD_68191-R,True,actual,False,,,,,2026-09-07T20:27:16.249662+02:00
NSR:StopPlace:58948,Stjørdal stasjon,2026-09-07T19:30:00+02:00,2026-09-07T19:39:03+02:00,2026-09-07T19:39:03+02:00,543.0,1,Trondheim lufthavn,ATB:Line:2_670,Stjørdal - Meråker,670,bus,ATB:ServiceJourney:670_260106098643687_13,True,actual,False,,,,,2026-09-07T20:27:16.249662+02:00
NSR:StopPlace:58818,Gran stasjon,2026-09-07T08:09:00+02:00,2026-09-07T08:18:03+02:00,2026-09-07T08:18:03+02:00,543.0,1,2 Hadeland vgs-Trintom skole,INN:Line:456,Gran-Grymyr,456,bus,INN:ServiceJourney:84274,True,actual,False,,,,,2026-09-07T08:42:24.659182+02:00
NSR:StopPlace:58858,Nittedal stasjon,2026-09-07T18:04:00+02:00,2026-09-07T18:13:02+02:00,2026-09-07T18:13:02+02:00,542.0,1,Roa,VYG:Line:R31,Skøyen-Jaren-Gjøvik,R31,rail,VYG:ServiceJourney:BUS-227_655356-R,True,actual,False,,,,,2026-09-07T20:27:16.249662+02:00
NSR:StopPlace:60049,Hønefoss stasjon,2026-09-07T17:18:00+02:00,2026-09-07T17:27:01+02:00,2026-09-07T17:27:01+02:00,541.0,1,Oslo S,VYG:Line:F4,Oslo S-Bergen,F4,rail,VYG:ServiceJourney:602-BRG_481321-R,True,actual,False,,,,,2026-09-07T20:27:16.249662+02:00
NSR:StopPlace:362,Jåttåvågen stasjon,2026-09-07T19:47:00+02:00,2026-09-07T19:56:00+02:00,2026-09-07T19:56:00+02:00,540.0,1,Skeiane,GOA:Line:59,Jærbanen,L5,rail,GOA:ServiceJourney:3160_63205-R,True,actual,False,,,,,2026-09-07T20:27:16.249662+02:00
NSR:StopPlace:62295,Stanghelle stasjon,2026-09-07T06:34:00+02:00,2026-09-07T06:43:00+02:00,2026-09-07T06:43:00+02:00,540.0,1,Bergen,VYG:Line:R40,Bergen-Voss-Myrdal-Ål,R40,rail,VYG:ServiceJourney:1807_445121-R,True,actual,False,,,,,2026-09-07T08:42:24.659182+02:00
NSR:StopPlace:53,Røros stasjon,2026-09-07T19:45:00+02:00,2026-09-07T19:53:59+02:00,2026-09-07T19:53:59+02:00,539.0,1,Trondheim S,SJN:Line:25,Rørosbanen,R60,rail,SJN:ServiceJourney:2389_47883-R,True,actual,False,,,,,2026-09-07T20:27:16.249662+02:00
NSR:StopPlace:59952,Drammen stasjon,2026-09-07T17:14:00+02:00,2026-09-07T17:22:59+02:00,2026-09-07T17:22:59+02:00,539.0,1,Skien,VYG:Line:RE11,Eidsvoll-Oslo S-Skien,RE11,rail,VYG:ServiceJourney:825_444405-R,True,actual,False,,,,,2026-09-07T20:27:16.249662+02:00
NSR:StopPlace:60053,Halden stasjon,2026-09-07T07:46:00+02:00,2026-09-07T07:54:59+02:00,2026-09-07T07:54:59+02:00,539.0,1,Halden sentrum,OST:Line:1_34,Remmen-Sykehuset,34,bus,OST:ServiceJourney:34_260325121472309_6,True,actual,False,,,,,2026-09-07T08:42:24.659182+02:00
NSR:StopPlace:58866,Vevelstad stasjon,2026-09-07T07:34:00+02:00,2026-09-07T07:42:59+02:00,2026-09-07T07:42:59+02:00,539.0,1,Bøleråsen,RUT:Line:510,Bøleråsen - Ski - Ås - Drøbak,510,bus,RUT:ServiceJourney:89ec00631cead9c96af2220fa65ab233,True,actual,False,,,,,2026-09-07T08:42:24.659182+02:00
NSR:StopPlace:58805,Brumunddal stasjon,2026-09-07T21:49:00+02:00,2026-09-07T21:57:58+02:00,2026-09-07T21:57:58+02:00,538.0,1,Drammen,VYG:Line:RE10,Drammen-Oslo S-Lillehammer,RE10,rail,VYG:ServiceJourney:336-LHM_444259-R,True,actual,False,,,,,2026-09-08T00:20:52.129880+02:00
NSR:StopPlace:62094,Lindeberg stasjon,2026-09-07T21:18:00+02:00,2026-09-07T21:26:58+02:00,2026-09-07T21:26:58+02:00,538.0,1,Drammen,VYG:Line:R13,Drammen-Oslo S-Dal,R13,rail,VYG:ServiceJourney:1666_443356-R,True,actual,False,,,,,2026-09-08T00:20:52.129880+02:00
NSR:StopPlace:59651,Skøyen stasjon,2026-09-08T01:02:00+02:00,2026-09-08T01:10:56+02:00,2026-09-08T01:10:56+02:00,536.0,1,Lillestrøm,VYG:Line:L1,Spikkestad-Oslo S-Lillestrøm,L1,rail,VYG:ServiceJourney:2282_443722-R,True,actual,False,,,,,2026-09-08T03:39:50.209703+02:00
NSR:StopPlace:8,Paradis stasjon,2026-09-07T19:41:00+02:00,2026-09-07T19:49:56+02:00,2026-09-07T19:49:56+02:00,536.0,1,Skeiane,GOA:Line:59,Jærbanen,L5,rail,GOA:ServiceJourney:3160_63205-R,True,actual,False,,,,,2026-09-07T20:27:16.249662+02:00
NSR:StopPlace:58862,Strømmen stasjon,2026-09-07T17:00:00+02:00,2026-09-07T17:08:56+02:00,2026-09-07T17:08:56+02:00,536.0,1,Asker,VYG:Line:L1,Spikkestad-Oslo S-Lillestrøm,L1,rail,VYG:ServiceJourney:2149_443557-R,True,actual,False,,,,,2026-09-07T20:27:16.249662+02:00
NSR:StopPlace:58847,Frogner stasjon,2026-09-07T23:10:00+02:00,2026-09-07T23:18:55+02:00,2026-09-07T23:18:55+02:00,535.0,1,Sørumsand,RUT:Line:365,Sørumsand - Frogner - Skedsmokorset,365,bus,RUT:ServiceJourney:42b48a054351b94cb8f966f9e9c1cf83,True,actual,False,,,,,2026-09-08T00:20:52.129880+02:00
NSR:StopPlace:59620,Grorud stasjon,2026-09-07T17:12:00+02:00,2026-09-07T17:20:55+02:00,2026-09-07T17:20:55+02:00,535.0,1,Asker,VYG:Line:L1,Spikkestad-Oslo S-Lillestrøm,L1,rail,VYG:ServiceJourney:2149_443557-R,True,actual,False,,,,,2026-09-07T20:27:16.249662+02:00
NSR:StopPlace:59658,Moi stasjon,2026-09-07T21:28:00+02:00,2026-09-07T21:36:54+02:00,2026-09-07T21:36:54+02:00,534.0,1,Stavanger,GOA:Line:50,Sørtoget region,F5,rail,GOA:ServiceJourney:715-LOD_63248-R,True,actual,False,,,,,2026-09-08T00:20:52.129880+02:00
NSR:StopPlace:58837,Nesbyen stasjon,2026-09-07T14:55:00+02:00,2026-09-07T15:03:54+02:00,2026-09-07T15:03:54+02:00,534.0,1,Nesbyen sentrum,BRA:Line:4_6332,Flå-Gol-Geilo,332,bus,BRA:ServiceJourney:6332_260415100163887_1014,True,actual,False,,,,,2026-09-07T15:44:36.205822+02:00
NSR:StopPlace:41,Hanaborg stasjon,2026-09-07T06:01:00+02:00,2026-09-07T06:09:54+02:00,2026-09-07T06:09:54+02:00,534.0,1,Lillestrøm,VYG:Line:L1,Spikkestad-Oslo S-Lillestrøm,L1,rail,VYG:ServiceJourney:2204_443592-R,True,actual,False,,,,,2026-09-07T08:42:24.659182+02:00
NSR:StopPlace:59649,Nydalen stasjon,2026-09-07T06:33:00+02:00,2026-09-07T06:41:54+02:00,2026-09-07T06:41:54+02:00,534.0,1,Lysaker,RUT:Line:23,Lysaker - Simensbråten,23,bus,RUT:ServiceJourney:3821a8c55cc04ddbd95fa010c28769f4,True,actual,False,,,,,2026-09-07T08:42:24.659182+02:00
NSR:StopPlace:59650,Nyland stasjon,2026-09-07T06:22:00+02:00,2026-09-07T06:30:54+02:00,2026-09-07T06:30:54+02:00,534.0,1,Oslo lufthavn,NBU:Line:cb7b555c-f96e-42d5-84bf-a5e08c0145c2,Radiumhospitalet via Økern-Storo-Tåsen,FB3,bus,NBU:ServiceJourney:7e8f1121-38e8-4f93-8f25-4ee6aec74728,True,actual,False,,,,,2026-09-07T08:42:24.659182+02:00
NSR:StopPlace:58935,Levanger stasjon,2026-09-07T21:45:00+02:00,2026-09-07T21:53:53+02:00,2026-09-07T21:53:53+02:00,533.0,1,Steinkjer,SJN:Line:26,Trønderbanen,R70,rail,SJN:ServiceJourney:451_56080-R,True,actual,False,,,,,2026-09-08T00:20:52.129880+02:00
NSR:StopPlace:59658,Moi stasjon,2026-09-07T14:23:00+02:00,2026-09-07T14:31:53+02:00,2026-09-07T14:31:53+02:00,533.0,1,Oslo S,GOA:Line:50,Sørtoget region,F5,rail,GOA:ServiceJourney:712-STV_63979-R,True,actual,False,,,,,2026-09-07T15:44:36.205822+02:00
NSR:StopPlace:58808,Kongsvinger stasjon,2026-09-07T08:27:00+02:00,2026-09-07T08:35:53+02:00,2026-09-07T08:35:53+02:00,533.0,1,Rasta,INN:Line:700,Kongsvinger-Skarnes-Sand,700,bus,INN:ServiceJourney:82368,True,actual,False,,,,,2026-09-07T08:42:24.659182+02:00
NSR:StopPlace:62295,Stanghelle stasjon,2026-09-07T08:23:00+02:00,2026-09-07T08:31:53+02:00,2026-09-07T08:31:53+02:00,533.0,1,Voss,VYG:Line:R40,Bergen-Voss-Myrdal-Ål,R40,rail,VYG:ServiceJourney:1806_443392-R,True,actual,False,,,,,2026-09-07T08:42:24.659182+02:00
NSR:StopPlace:58930,Larvik stasjon,2026-09-07T14:50:00+02:00,2026-09-07T14:58:52+02:00,2026-09-07T14:58:52+02:00,532.0,1,Larvik-Sandefjord,VKT:Line:4,Torp-Sandefjord-Larvik-Stavern,4,bus,VKT:ServiceJourney:17705,True,actual,False,,,,,2026-09-07T15:44:36.205822+02:00
NSR:StopPlace:58857,Lørenskog stasjon,2026-09-07T07:14:00+02:00,2026-09-07T07:22:52+02:00,2026-09-07T07:22:52+02:00,532.0,1,Lillestrøm,VYG:Line:L1,Spikkestad-Oslo S-Lillestrøm,L1,rail,VYG:ServiceJourney:2108_443512-R,True,actual,False,,,,,2026-09-07T08:42:24.659182+02:00
NSR:StopPlace:61387,Skogn stasjon,2026-09-07T21:38:00+02:00,2026-09-07T21:46:50+02:00,2026-09-07T21:46:50+02:00,530.0,1,Steinkjer,SJN:Line:26,Trønderbanen,R70,rail,SJN:ServiceJourney:451_56080-R,True,actual,False,,,,,2026-09-08T00:20:52.129880+02:00
NSR:StopPlace:206,Mariero stasjon,2026-09-07T19:44:00+02:00,2026-09-07T19:52:50+02:00,2026-09-07T19:52:50+02:00,530.0,1,Skeiane,GOA:Line:59,Jærbanen,L5,rail,GOA:ServiceJourney:3160_63205-R,True,actual,False,,,,,2026-09-07T20:27:16.249662+02:00
NSR:StopPlace:58794,Fredrikstad stasjon,2026-09-07T18:46:00+02:00,2026-09-07T18:54:49+02:00,2026-09-07T18:54:49+02:00,529.0,1,Oslo S,VYG:Line:RE20,Oslo S-Halden-Göteborg (X-Border),RE20,rail,VYG:ServiceJourney:392-130_465603-R,True,actual,False,,,,,2026-09-07T20:27:16.249662+02:00
NSR:StopPlace:58921,Vennesla stasjon,2026-09-07T14:59:00+02:00,2026-09-07T15:07:49+02:00,2026-09-07T15:07:49+02:00,529.0,1,Vennesla - Grovane st. via Moseidmoen,AKT:Line:30,Kvadraturen - Mosby - Vennesl,30,bus,AKT:ServiceJourney:79394_171_49_104400_107100_40001566,True,actual,False,,,,,2026-09-07T15:44:36.205822+02:00
NSR:StopPlace:58861,Solbråtan stasjon,2026-09-07T15:30:00+02:00,2026-09-07T15:38:49+02:00,2026-09-07T15:38:49+02:00,529.0,1,Bjørvika,RUT:Line:83,Jernbanetorget - Tårnåsen,83,bus,RUT:ServiceJourney:031eb2738ecab60f26393d1f9e48a66e,True,actual,False,Linje 80E og 83 får Hausmanns bru som ny endeholdeplass fra 29. juni,"Bussene stopper ikke på Jernbanetorget etter 29. juni, men starter og stopper på Hausmanns bru i Nylandsveien.",incident,normal,2026-09-07T15:44:36.205822+02:00
NSR:StopPlace:151,Evanger stasjon,2026-09-07T13:18:00+02:00,2026-09-07T13:26:49+02:00,2026-09-07T13:26:49+02:00,529.0,1,Myrdal,VYG:Line:R40,Bergen-Voss-Myrdal-Ål,R40,rail,VYG:ServiceJourney:1816_465749-R,True,actual,False,,,,,2026-09-07T15:44:36.205822+02:00
NSR:StopPlace:313,Høybråten stasjon,2026-09-07T07:12:00+02:00,2026-09-07T07:20:49+02:00,2026-09-07T07:20:49+02:00,529.0,1,Lillestrøm,VYG:Line:L1,Spikkestad-Oslo S-Lillestrøm,L1,rail,VYG:ServiceJourney:2108_443512-R,True,actual,False,,,,,2026-09-07T08:42:24.659182+02:00
NSR:StopPlace:364,Vaksdal stasjon,2026-09-07T08:15:00+02:00,2026-09-07T08:23:48+02:00,2026-09-07T08:23:48+02:00,528.0,1,Voss,VYG:Line:R40,Bergen-Voss-Myrdal-Ål,R40,rail,VYG:ServiceJourney:1806_443392-R,True,actual,False,,,,,2026-09-07T08:42:24.659182+02:00
NSR:StopPlace:59650,Nyland stasjon,2026-09-07T17:14:00+02:00,2026-09-07T17:22:47+02:00,2026-09-07T17:22:47+02:00,527.0,1,Asker,VYG:Line:L1,Spikkestad-Oslo S-Lillestrøm,L1,rail,VYG:ServiceJourney:2149_443557-R,True,actual,False,,,,,2026-09-07T20:27:16.249662+02:00
NSR:StopPlace:58820,Harestua stasjon,2026-09-07T14:24:00+02:00,2026-09-07T14:32:47+02:00,2026-09-07T14:32:47+02:00,527.0,1,Roa,VYG:Line:RE30,Oslo S-Gjøvik,RE30,rail,VYG:ServiceJourney:BUS-1219_655045-R,True,actual,False,,,,,2026-09-07T15:44:36.205822+02:00
NSR:StopPlace:58831,Flå stasjon,2026-09-07T20:07:00+02:00,2026-09-07T20:15:46+02:00,2026-09-07T20:15:46+02:00,526.0,1,Oslo S,VYG:Line:F4,Oslo S-Bergen,F4,rail,VYG:ServiceJourney:64-BRG_444368-R,True,actual,False,,,,,2026-09-07T20:27:16.249662+02:00
NSR:StopPlace:58819,Grua stasjon,2026-09-07T15:35:00+02:00,2026-09-07T15:43:46+02:00,2026-09-07T15:43:46+02:00,526.0,1,Harestua,INN:Line:112,Brandbu-Gran-Harestua,112,bus,INN:ServiceJourney:70799,True,actual,False,,,,,2026-09-07T15:44:36.205822+02:00
NSR:StopPlace:151,Evanger stasjon,2026-09-07T08:01:00+02:00,2026-09-07T08:09:46+02:00,2026-09-07T08:09:46+02:00,526.0,1,Myrdal,VYG:Line:R40,Bergen-Voss-Myrdal-Ål,R40,rail,VYG:ServiceJourney:1804_465739-R,True,actual,False,,,,,2026-09-07T08:42:24.659182+02:00
NSR:StopPlace:62308,Alna stasjon,2026-09-08T01:18:30+02:00,2026-09-08T01:27:14+02:00,2026-09-08T01:27:14+02:00,524.0,1,Lillestrøm,VYG:Line:L1,Spikkestad-Oslo S-Lillestrøm,L1,rail,VYG:ServiceJourney:2282_443722-R,True,actual,False,,,,,2026-09-08T03:39:50.209703+02:00
NSR:StopPlace:59641,Fjellhamar stasjon,2026-09-07T17:02:00+02:00,2026-09-07T17:10:44+02:00,2026-09-07T17:10:44+02:00,524.0,1,Asker,VYG:Line:L1,Spikkestad-Oslo S-Lillestrøm,L1,rail,VYG:ServiceJourney:2149_443557-R,True,actual,False,,,,,2026-09-07T20:27:16.249662+02:00
NSR:StopPlace:59957,Klepp stasjon,2026-09-07T15:32:00+02:00,2026-09-07T15:40:44+02:00,2026-09-07T15:40:44+02:00,524.0,1,Stavanger,GOA:Line:59,Jærbanen,L5,rail,GOA:ServiceJourney:3043_63086-R,True,actual,False,,,,,2026-09-07T15:44:36.205822+02:00
NSR:StopPlace:58880,Neslandsvatn stasjon,2026-09-07T14:09:00+02:00,2026-09-07T14:17:42+02:00,2026-09-07T14:17:42+02:00,522.0,1,Stavanger,GOA:Line:50,Sørtoget region,F5,rail,GOA:ServiceJourney:711-LOD_64080-R,True,actual,False,,,,,2026-09-07T15:44:36.205822+02:00
NSR:StopPlace:59653,Haugenstua stasjon,2026-09-07T07:55:00+02:00,2026-09-07T08:03:42+02:00,2026-09-07T08:03:42+02:00,522.0,1,Spikkestad,VYG:Line:L1,Spikkestad-Oslo S-Lillestrøm,L1,rail,VYG:ServiceJourney:2213_443605-R,True,actual,False,,,,,2026-09-07T08:42:24.659182+02:00
NSR:StopPlace:58952,Bodø stasjon,2026-09-07T15:25:00+02:00,2026-09-07T15:33:41+02:00,2026-09-07T15:33:41+02:00,521.0,1,Løpsmarka,NOR:Line:12_8004,Tverlandet - Bodø sentrum - Løpsmarka,4,bus,NOR:ServiceJourney:8004_251012124900611_2024,True,actual,False,,,,,2026-09-07T15:44:36.205822+02:00
NSR:StopPlace:58948,Stjørdal stasjon,2026-09-07T15:22:00+02:00,2026-09-07T15:30:41+02:00,2026-09-07T15:30:41+02:00,521.0,1,Fosslia fjellhall,ATB:Line:2_311,Stjørdal - Trondheim,311,bus,ATB:ServiceJourney:311_260106098642693_41,True,actual,False,Endret tilbud ved Vikelvvegen,Sydgående avkjøringsrampe fra E6 ved Reppe er stengt frem til 21. september. Vikelvvegen og Ranheim fabrikker til sentrum blir ikke betjent av linje 311 i perioden. ,general,normal,2026-09-07T15:44:36.205822+02:00
NSR:StopPlace:60640,Heimdal stasjon,2026-09-07T17:22:00+02:00,2026-09-07T17:30:40+02:00,2026-09-07T17:30:40+02:00,520.0,1,Torgård via Tillerringen,ATB:Line:2_16,Flatåsen- Heimdal- Torgård,16,bus,ATB:ServiceJourney:16_251215112550457_60,True,actual,False,,,,,2026-09-07T20:27:16.249662+02:00
NSR:StopPlace:58921,Vennesla stasjon,2026-09-07T08:17:00+02:00,2026-09-07T08:25:39+02:00,2026-09-07T08:25:39+02:00,519.0,1,Kristiansand,AKT:Line:31,Kvadraturen - Sødal - Vennesla,31,bus,AKT:ServiceJourney:79682_122_50_57960_60360_3950001,True,actual,False,,,,,2026-09-07T08:42:24.659182+02:00
NSR:StopPlace:58858,Nittedal stasjon,2026-09-07T07:04:00+02:00,2026-09-07T07:12:39+02:00,2026-09-07T07:12:39+02:00,519.0,1,Roa,VYG:Line:RE30,Oslo S-Gjøvik,RE30,rail,VYG:ServiceJourney:BUS-1205_654987-R,True,actual,False,,,,,2026-09-07T08:42:24.659182+02:00
NSR:StopPlace:58820,Harestua stasjon,2026-09-07T07:31:00+02:00,2026-09-07T07:39:38+02:00,2026-09-07T07:39:38+02:00,518.0,1,Roa,VYG:Line:RE30,Oslo S-Gjøvik,RE30,rail,VYG:ServiceJourney:BUS-1205_654987-R,True,actual,False,,,,,2026-09-07T08:42:24.659182+02:00
NSR:StopPlace:58882,Nordagutu stasjon,2026-09-07T22:39:00+02:00,2026-09-07T22:47:35+02:00,2026-09-07T22:47:35+02:00,515.0,1,Oslo S,GOA:Line:50,Sørtoget region,F5,rail,GOA:ServiceJourney:716-STV_63249-R,True,actual,False,,,,,2026-09-08T00:20:52.129880+02:00
NSR:StopPlace:61291,Stavanger stasjon,2026-09-07T19:39:00+02:00,2026-09-07T19:47:34+02:00,2026-09-07T19:47:34+02:00,514.0,1,Skeiane,GOA:Line:59,Jærbanen,L5,rail,GOA:ServiceJourney:3160_63205-R,True,actual,False,,,,,2026-09-07T20:27:16.249662+02:00
NSR:StopPlace:58837,Nesbyen stasjon,2026-09-07T17:08:00+02:00,2026-09-07T17:16:34+02:00,2026-09-07T17:16:34+02:00,514.0,1,Bergen,VYG:Line:F4,Oslo S-Bergen,F4,rail,VYG:ServiceJourney:65-LOD_590005-R,True,actual,False,,,,,2026-09-07T20:27:16.249662+02:00
NSR:StopPlace:58844,Eidsvoll stasjon,2026-09-07T19:44:00+02:00,2026-09-07T19:52:31+02:00,2026-09-07T19:52:31+02:00,511.0,1,Eidsvoll,RUT:Line:430,Eidsvoll - Jessheim,430,bus,RUT:ServiceJourney:406bcd13c06c57c59becedfcc61abfac,True,actual,False,,,,,2026-09-07T20:27:16.249662+02:00
NSR:StopPlace:358,Ustaoset stasjon,2026-09-07T18:35:00+02:00,2026-09-07T18:43:31+02:00,2026-09-07T18:43:31+02:00,511.0,1,Oslo S,VYG:Line:F4,Oslo S-Bergen,F4,rail,VYG:ServiceJourney:64-BRG_444368-R,True,actual,False,,,,,2026-09-07T20:27:16.249662+02:00
NSR:StopPlace:17,Ringebu stasjon,2026-09-07T06:32:00+02:00,2026-09-07T06:40:31+02:00,2026-09-07T06:40:31+02:00,511.0,1,Drammen,VYG:Line:RE10,Drammen-Oslo S-Lillehammer,RE10,rail,VYG:ServiceJourney:308-DOM_444144-R,True,actual,False,,,,,2026-09-07T08:42:24.659182+02:00
NSR:StopPlace:58964,Kløfta stasjon,2026-09-07T21:14:00+02:00,2026-09-07T21:22:30+02:00,2026-09-07T21:22:30+02:00,510.0,1,Drammen,VYG:Line:R13,Drammen-Oslo S-Dal,R13,rail,VYG:ServiceJourney:1666_443356-R,True,actual,False,,,,,2026-09-08T00:20:52.129880+02:00
NSR:StopPlace:59653,Haugenstua stasjon,2026-09-07T14:25:00+02:00,2026-09-07T14:33:30+02:00,2026-09-07T14:33:30+02:00,510.0,1,Spikkestad,VYG:Line:L1,Spikkestad-Oslo S-Lillestrøm,L1,rail,VYG:ServiceJourney:2239_443648-R,True,actual,False,,,,,2026-09-07T15:44:36.205822+02:00
NSR:StopPlace:41,Hanaborg stasjon,2026-09-07T17:04:00+02:00,2026-09-07T17:12:29+02:00,2026-09-07T17:12:29+02:00,509.0,1,Asker,VYG:Line:L1,Spikkestad-Oslo S-Lillestrøm,L1,rail,VYG:ServiceJourney:2149_443557-R,True,actual,False,,,,,2026-09-07T20:27:16.249662+02:00
NSR:StopPlace:58877,Bø stasjon,2026-09-07T15:30:00+02:00,2026-09-07T15:38:29+02:00,2026-09-07T15:38:29+02:00,509.0,1,Gvarv via Hørte,TEL:Line:8322,Bø-Lunde,322,bus,TEL:ServiceJourney:125831,True,actual,False,,,,,2026-09-07T15:44:36.205822+02:00
NSR:StopPlace:58847,Frogner stasjon,2026-09-07T14:40:00+02:00,2026-09-07T14:48:28+02:00,2026-09-07T14:48:28+02:00,508.0,1,Sørumsand,RUT:Line:365,Sørumsand - Frogner - Skedsmokorset,365,bus,RUT:ServiceJourney:906a55c8c49c539c7dd7c0d6f47a49c2,True,actual,False,,,,,2026-09-07T15:44:36.205822+02:00
NSR:StopPlace:61169,Marienborg stasjon,2026-09-07T07:44:00+02:00,2026-09-07T07:52:28+02:00,2026-09-07T07:52:28+02:00,508.0,1,Pirbadet via St. Olavs hospital,ATB:Line:2_23,Brattøra - St. Olavs - Hallset - Flatåsen - Sandmoen,23,bus,ATB:ServiceJourney:23_251215112545533_17,True,actual,False,,,,,2026-09-07T08:42:24.659182+02:00
NSR:StopPlace:58919,Sira stasjon,2026-09-07T14:30:00+02:00,2026-09-07T14:38:27+02:00,2026-09-07T14:38:27+02:00,507.0,1,Oslo S,GOA:Line:50,Sørtoget region,F5,rail,GOA:ServiceJourney:712-STV_63979-R,True,actual,False,,,,,2026-09-07T15:44:36.205822+02:00
NSR:StopPlace:58819,Grua stasjon,2026-09-07T05:29:00+02:00,2026-09-07T05:37:26+02:00,2026-09-07T05:37:26+02:00,506.0,1,Oslo,INN:Line:126,Dokka-Hov-Brandbu-Oslo,126,bus,INN:ServiceJourney:68043,True,actual,False,,,,,2026-09-07T08:42:24.659182+02:00
NSR:StopPlace:58794,Fredrikstad stasjon,2026-09-07T18:45:00+02:00,2026-09-07T18:53:25+02:00,2026-09-07T18:53:25+02:00,505.0,1,Halden,VYG:Line:RE20,Oslo S-Halden-Göteborg (X-Border),RE20,rail,VYG:ServiceJourney:145_509066-R,True,actual,False,Færre vogner,Denne avgangen kjører dessverre med 5 vogner i stedet for 10 vogner. Dette skyldes at vi mangler et togsett.,general,normal,2026-09-07T20:27:16.249662+02:00
NSR:StopPlace:59646,Høvik stasjon,2026-09-07T07:55:00+02:00,2026-09-07T08:03:23+02:00,2026-09-07T08:03:23+02:00,503.0,1,Asker,RUT:Line:270,Asker - Sandvika (- Fornebu),270,bus,RUT:ServiceJourney:e1342af698937c25f2fe76bcd34f4fd8,True,actual,False,,,,,2026-09-07T08:42:24.659182+02:00
NSR:StopPlace:59616,Asker stasjon,2026-09-07T17:00:00+02:00,2026-09-07T17:08:22+02:00,2026-09-07T17:08:22+02:00,502.0,1,Skien,VYG:Line:RE11,Eidsvoll-Oslo S-Skien,RE11,rail,VYG:ServiceJourney:825_444405-R,True,actual,False,,,,,2026-09-07T20:27:16.249662+02:00
NSR:StopPlace:222,Myrdal stasjon,2026-09-07T17:09:00+02:00,2026-09-07T17:17:22+02:00,2026-09-07T17:17:22+02:00,502.0,1,Flåm,VYG:Line:R45,Myrdal-Flåm,R45,rail,VYG:ServiceJourney:1865_465786-R,True,actual,False,,,,,2026-09-07T20:27:16.249662+02:00
NSR:StopPlace:58921,Vennesla stasjon,2026-09-07T08:07:00+02:00,2026-09-07T08:15:22+02:00,2026-09-07T08:15:22+02:00,502.0,1,Vennesla skole,AKT:Line:2106,Kvarstein skole,2106,bus,AKT:ServiceJourney:75714_51_28_56400_57840_3955751,True,actual,False,,,,,2026-09-07T08:42:24.659182+02:00
NSR:StopPlace:58819,Grua stasjon,2026-09-07T21:47:00+02:00,2026-09-07T21:55:21+02:00,2026-09-07T21:55:21+02:00,501.0,1,Oslo S,VYG:Line:R31,Skøyen-Jaren-Gjøvik,R31,rail,VYG:ServiceJourney:BUS-234_655455-R,True,actual,False,,,,,2026-09-08T00:20:52.129880+02:00
NSR:StopPlace:59653,Haugenstua stasjon,2026-09-07T17:10:00+02:00,2026-09-07T17:18:21+02:00,2026-09-07T17:18:21+02:00,501.0,1,Asker,VYG:Line:L1,Spikkestad-Oslo S-Lillestrøm,L1,rail,VYG:ServiceJourney:2149_443557-R,True,actual,False,,,,,2026-09-07T20:27:16.249662+02:00
NSR:StopPlace:62308,Alna stasjon,2026-09-07T17:17:00+02:00,2026-09-07T17:25:21+02:00,2026-09-07T17:25:21+02:00,501.0,1,Asker,VYG:Line:L1,Spikkestad-Oslo S-Lillestrøm,L1,rail,VYG:ServiceJourney:2149_443557-R,True,actual,False,,,,,2026-09-07T20:27:16.249662+02:00
NSR:StopPlace:58924,Bryne stasjon,2026-09-07T15:28:00+02:00,2026-09-07T15:36:21+02:00,2026-09-07T15:36:21+02:00,501.0,1,Stavanger,GOA:Line:59,Jærbanen,L5,rail,GOA:ServiceJourney:3043_63086-R,True,actual,False,,,,,2026-09-07T15:44:36.205822+02:00
NSR:StopPlace:63079,Skeiane stasjon,2026-09-07T23:15:00+02:00,2026-09-07T23:23:20+02:00,2026-09-07T23:23:20+02:00,500.0,1,Stavanger,GOA:Line:59,Jærbanen,L5,rail,GOA:ServiceJourney:3073_63135-R,True,actual,False,,,,,2026-09-08T00:20:52.129880+02:00
NSR:StopPlace:58857,Lørenskog stasjon,2026-09-07T17:06:00+02:00,2026-09-07T17:14:20+02:00,2026-09-07T17:14:20+02:00,500.0,1,Asker,VYG:Line:L1,Spikkestad-Oslo S-Lillestrøm,L1,rail,VYG:ServiceJourney:2149_443557-R,True,actual,False,,,,,2026-09-07T20:27:16.249662+02:00
NSR:StopPlace:58839,Steinberg stasjon,2026-09-07T08:00:00+02:00,2026-09-07T08:08:20+02:00,2026-09-07T08:08:20+02:00,500.0,1,Veiavangen skole,BRA:Line:4_6056,Mjøndalen - Drammen - Eiker VGS,56,bus,BRA:ServiceJourney:6056_260415100162471_1006,True,actual,False,,,,,2026-09-07T08:42:24.659182+02:00
NSR:StopPlace:58870,Holmestrand stasjon,2026-09-07T17:31:00+02:00,2026-09-07T17:39:19+02:00,2026-09-07T17:39:19+02:00,499.0,1,Skien,VYG:Line:RE11,Eidsvoll-Oslo S-Skien,RE11,rail,VYG:ServiceJourney:825_444405-R,True,actual,False,,,,,2026-09-07T20:27:16.249662+02:00
NSR:StopPlace:60049,Hønefoss stasjon,2026-09-07T13:17:00+02:00,2026-09-07T13:25:19+02:00,2026-09-07T13:25:19+02:00,499.0,1,Oslo S,VYG:Line:F4,Oslo S-Bergen,F4,rail,VYG:ServiceJourney:62-BRG_444359-R,True,actual,False,,,,,2026-09-07T15:44:36.205822+02:00
NSR:StopPlace:58933,Hegra stasjon,2026-09-07T14:57:00+02:00,2026-09-07T15:05:19+02:00,2026-09-07T15:05:19+02:00,499.0,1,Hegramo,ATB:Line:2_7709,Stjørdal - Eidum - Hegra - Ingstadnesset,7709,bus,ATB:ServiceJourney:7709_260106098642042_1,True,actual,False,,,,,2026-09-07T15:44:36.205822+02:00
NSR:StopPlace:60077,Støren stasjon,2026-09-07T23:47:00+02:00,2026-09-07T23:55:18+02:00,2026-09-07T23:55:18+02:00,498.0,1,Trondheim S,SJN:Line:21,Dovrebanen,F6,rail,SJN:ServiceJourney:51-LOD_30215-R,True,actual,False,,,,,2026-09-08T00:20:52.129880+02:00
NSR:StopPlace:60053,Halden stasjon,2026-09-07T19:46:00+02:00,2026-09-07T19:54:18+02:00,2026-09-07T19:54:18+02:00,498.0,1,Halden sentrum,OST:Line:1_34,Remmen-Sykehuset,34,bus,OST:ServiceJourney:34_260325121472306_30,True,actual,False,,,,,2026-09-07T20:27:16.249662+02:00
NSR:StopPlace:58932,Hommelvik stasjon,2026-09-07T14:34:00+02:00,2026-09-07T14:42:18+02:00,2026-09-07T14:42:18+02:00,498.0,1,Stjørdal stasjon,ATB:Line:2_70,Stjørdal/Hommelvik- Trondheim,70,bus,ATB:ServiceJourney:70_251215112546985_45,True,actual,False,,,,,2026-09-07T15:44:36.205822+02:00
NSR:StopPlace:58952,Bodø stasjon,2026-09-07T08:10:00+02:00,2026-09-07T08:18:18+02:00,2026-09-07T08:18:18+02:00,498.0,1,Løpsmarka,NOR:Line:12_8004,Tverlandet - Bodø sentrum - Løpsmarka,4,bus,NOR:ServiceJourney:8004_251012124900593_2006,True,actual,False,,,,,2026-09-07T08:42:24.659182+02:00
NSR:StopPlace:60053,Halden stasjon,2026-09-07T18:26:00+02:00,2026-09-07T18:34:16+02:00,2026-09-07T18:34:16+02:00,496.0,1,Halden sentrum,OST:Line:1_32,Brekkerød-Stenrød,32,bus,OST:ServiceJourney:32_260325121472816_26,True,actual,False,,,,,2026-09-07T20:27:16.249662+02:00
NSR:StopPlace:58861,Solbråtan stasjon,2026-09-07T17:56:00+02:00,2026-09-07T18:04:16+02:00,2026-09-07T18:04:16+02:00,496.0,1,Tårnåsen,RUT:Line:83,Jernbanetorget - Tårnåsen,83,bus,RUT:ServiceJourney:2bb4f2587ab4c8af6bcc3abf05a456cd,True,actual,False,Linje 80E og 83 får Hausmanns bru som ny endeholdeplass fra 29. juni,"Bussene stopper ikke på Jernbanetorget etter 29. juni, men starter og stopper på Hausmanns bru i Nylandsveien.",incident,normal,2026-09-07T20:27:16.249662+02:00
NSR:StopPlace:60049,Hønefoss stasjon,2026-09-07T13:39:00+02:00,2026-09-07T13:47:16+02:00,2026-09-07T13:47:16+02:00,496.0,1,Bergen,VYG:Line:F4,Oslo S-Bergen,F4,rail,VYG:ServiceJourney:601-LOD_456939-R,True,actual,False,,,,,2026-09-07T15:44:36.205822+02:00
NSR:StopPlace:58819,Grua stasjon,2026-09-07T14:47:00+02:00,2026-09-07T14:55:16+02:00,2026-09-07T14:55:16+02:00,496.0,1,Oslo S,VYG:Line:RE30,Oslo S-Gjøvik,RE30,rail,VYG:ServiceJourney:BUS-1220_655050-R,True,actual,False,,,,,2026-09-07T15:44:36.205822+02:00
NSR:StopPlace:584,Bulken stasjon,2026-09-07T13:28:00+02:00,2026-09-07T13:36:14+02:00,2026-09-07T13:36:14+02:00,494.0,1,Myrdal,VYG:Line:R40,Bergen-Voss-Myrdal-Ål,R40,rail,VYG:ServiceJourney:1816_465749-R,True,actual,False,,,,,2026-09-07T15:44:36.205822+02:00
NSR:StopPlace:58839,Steinberg stasjon,2026-09-07T14:54:00+02:00,2026-09-07T15:02:12+02:00,2026-09-07T15:02:12+02:00,492.0,1,Hokksund - Vikersund,BRA:Line:4_6101,Drammen-Vikersund/Hønefoss,101,bus,BRA:ServiceJourney:6101_260415100161248_1031,True,actual,False,,,,,2026-09-07T15:44:36.205822+02:00
NSR:StopPlace:58811,Moelv stasjon,2026-09-07T08:15:00+02:00,2026-09-07T08:23:12+02:00,2026-09-07T08:23:12+02:00,492.0,1,Lillehammer,VYG:Line:RE10,Drammen-Oslo S-Lillehammer,RE10,rail,VYG:ServiceJourney:305-SUD_444133-R,True,actual,False,,,,,2026-09-07T08:42:24.659182+02:00
NSR:StopPlace:62339,Lillestrøm stasjon,2026-09-07T22:16:00+02:00,2026-09-07T22:24:11+02:00,2026-09-07T22:24:11+02:00,491.0,1,Drammen,VYG:Line:RE10,Drammen-Oslo S-Lillehammer,RE10,rail,VYG:ServiceJourney:334-LHM_444252-R,True,actual,False,Heis i spor 1 og 2 er ute av bruk på grunn av vedlikehold.,Heis i spor 1 og 2 er ute av bruk på grunn av vedlikehold.,general,normal,2026-09-08T00:20:52.129880+02:00
NSR:StopPlace:58873,Skoppum stasjon,2026-09-07T17:40:00+02:00,2026-09-07T17:48:11+02:00,2026-09-07T17:48:11+02:00,491.0,1,Skien,VYG:Line:RE11,Eidsvoll-Oslo S-Skien,RE11,rail,VYG:ServiceJourney:825_444405-R,True,actual,False,,,,,2026-09-07T20:27:16.249662+02:00
NSR:StopPlace:59647,Dal stasjon,2026-09-07T14:11:00+02:00,2026-09-07T14:19:11+02:00,2026-09-07T14:19:11+02:00,491.0,1,Jessheim,RUT:Line:430,Eidsvoll - Jessheim,430,bus,RUT:ServiceJourney:317b456b84ce1724736798b1afc1ce3e,True,actual,False,,,,,2026-09-07T15:44:36.205822+02:00
NSR:StopPlace:58924,Bryne stasjon,2026-09-07T14:40:00+02:00,2026-09-07T14:48:11+02:00,2026-09-07T14:48:11+02:00,491.0,1,Lyefjell,KOL:Line:8_2017,50,50,bus,KOL:ServiceJourney:2017_260407061537806_2017,True,actual,False,Forsinket på grunn av mye trafikk,,incident,severe,2026-09-07T15:44:36.205822+02:00
NSR:StopPlace:59653,Haugenstua stasjon,2026-09-07T07:10:00+02:00,2026-09-07T07:18:11+02:00,2026-09-07T07:18:11+02:00,491.0,1,Lillestrøm,VYG:Line:L1,Spikkestad-Oslo S-Lillestrøm,L1,rail,VYG:ServiceJourney:2108_443512-R,True,actual,False,,,,,2026-09-07T08:42:24.659182+02:00
NSR:StopPlace:58952,Bodø stasjon,2026-09-07T07:55:00+02:00,2026-09-07T08:03:11+02:00,2026-09-07T08:03:11+02:00,491.0,1,Bodø lufthavn,NOR:Line:12_8400,Kjerringøy - Festvåg - Skaug - Bodø,400,bus,NOR:ServiceJourney:8400_251012124900655_1002,True,actual,False,,,,,2026-09-07T08:42:24.659182+02:00
NSR:StopPlace:58925,Gausel stasjon,2026-09-07T06:38:00+02:00,2026-09-07T06:46:11+02:00,2026-09-07T06:46:11+02:00,491.0,1,Vardenes via UiS-Stavanger,KOL:Line:8_1007,6,6,bus,KOL:ServiceJourney:1007_260729080906831_2005,True,actual,False,,,,,2026-09-07T08:42:24.659182+02:00
NSR:StopPlace:58874,Stokke stasjon,2026-09-07T07:32:00+02:00,2026-09-07T07:40:11+02:00,2026-09-07T07:40:11+02:00,491.0,1,Sørby,VKT:Line:520,Tønsberg-Stokke,520,bus,VKT:ServiceJourney:17226,True,actual,False,,,,,2026-09-07T08:42:24.659182+02:00
NSR:StopPlace:61897,Bryn stasjon,2026-09-08T01:15:30+02:00,2026-09-08T01:23:40+02:00,2026-09-08T01:23:40+02:00,490.0,1,Lillestrøm,VYG:Line:L1,Spikkestad-Oslo S-Lillestrøm,L1,rail,VYG:ServiceJourney:2282_443722-R,True,actual,False,,,,,2026-09-08T03:39:50.209703+02:00
NSR:StopPlace:59643,Grefsen stasjon,2026-09-07T17:21:00+02:00,2026-09-07T17:29:10+02:00,2026-09-07T17:29:10+02:00,490.0,1,Simensbråten,RUT:Line:23,Lysaker - Simensbråten,23,bus,RUT:ServiceJourney:d078aa583f9841c49d50a7cccd39bc0f,True,actual,False,,,,,2026-09-07T20:27:16.249662+02:00
NSR:StopPlace:58853,Kolbotn stasjon,2026-09-07T17:49:00+02:00,2026-09-07T17:57:10+02:00,2026-09-07T17:57:10+02:00,490.0,1,Bjørvika,RUT:Line:83,Jernbanetorget - Tårnåsen,83,bus,RUT:ServiceJourney:6980f0a4f391a23e5f42058be5cd4a54,True,actual,False,Linje 80E og 83 får Hausmanns bru som ny endeholdeplass fra 29. juni,"Bussene stopper ikke på Jernbanetorget etter 29. juni, men starter og stopper på Hausmanns bru i Nylandsveien.",incident,normal,2026-09-07T20:27:16.249662+02:00
NSR:StopPlace:59958,Voss stasjon,2026-09-07T23:03:00+02:00,2026-09-07T23:11:09+02:00,2026-09-07T23:11:09+02:00,489.0,1,Bergen,VYG:Line:R40,Bergen-Voss-Myrdal-Ål,R40,rail,VYG:ServiceJourney:1839_481214-R,True,actual,False,,,,,2026-09-08T00:20:52.129880+02:00
NSR:StopPlace:420,Lillehammer stasjon,2026-09-07T21:15:00+02:00,2026-09-07T21:23:09+02:00,2026-09-07T21:23:09+02:00,489.0,1,Drammen,VYG:Line:RE10,Drammen-Oslo S-Lillehammer,RE10,rail,VYG:ServiceJourney:336-LHM_444259-R,True,actual,False,,,,,2026-09-08T00:20:52.129880+02:00
NSR:StopPlace:58858,Nittedal stasjon,2026-09-07T08:04:00+02:00,2026-09-07T08:12:09+02:00,2026-09-07T08:12:09+02:00,489.0,1,Roa,VYG:Line:RE30,Oslo S-Gjøvik,RE30,rail,VYG:ServiceJourney:BUS-1207_654995-R,True,actual,False,,,,,2026-09-07T08:42:24.659182+02:00
NSR:StopPlace:59643,Grefsen stasjon,2026-09-07T16:47:00+02:00,2026-09-07T16:55:08+02:00,2026-09-07T16:55:08+02:00,488.0,1,Jaren,VYG:Line:R31,Skøyen-Jaren-Gjøvik,R31,rail,VYG:ServiceJourney:BUS-243_655554-R,True,actual,False,,,,,2026-09-07T20:27:16.249662+02:00
NSR:StopPlace:58892,Audnedal stasjon,2026-09-07T18:55:00+02:00,2026-09-07T19:03:08+02:00,2026-09-07T19:03:08+02:00,488.0,1,Oslo S,GOA:Line:50,Sørtoget region,F5,rail,GOA:ServiceJourney:716-STV_63249-R,True,actual,False,,,,,2026-09-07T20:27:16.249662+02:00
NSR:StopPlace:60053,Halden stasjon,2026-09-07T15:33:00+02:00,2026-09-07T15:41:08+02:00,2026-09-07T15:41:08+02:00,488.0,1,Halden sentrum,OST:Line:1_33,Tistedal-Vold skog,33,bus,OST:ServiceJourney:33_260325121472228_21,True,actual,False,,,,,2026-09-07T15:44:36.205822+02:00
NSR:StopPlace:101,Sagdalen stasjon,2026-09-07T18:37:00+02:00,2026-09-07T18:45:07+02:00,2026-09-07T18:45:07+02:00,487.0,1,Lillestrøm,VYG:Line:L1,Spikkestad-Oslo S-Lillestrøm,L1,rail,VYG:ServiceJourney:2254_443676-R,True,actual,False,,,,,2026-09-07T20:27:16.249662+02:00
NSR:StopPlace:702,Sandnes sentrum stasjon,2026-09-07T19:55:00+02:00,2026-09-07T20:03:07+02:00,2026-09-07T20:03:07+02:00,487.0,1,Skeiane,GOA:Line:59,Jærbanen,L5,rail,GOA:ServiceJourney:3160_63205-R,True,actual,False,,,,,2026-09-07T20:27:16.249662+02:00
NSR:StopPlace:58828,Roa stasjon,2026-09-07T21:40:00+02:00,2026-09-07T21:48:06+02:00,2026-09-07T21:48:06+02:00,486.0,1,Oslo S,VYG:Line:R31,Skøyen-Jaren-Gjøvik,R31,rail,VYG:ServiceJourney:BUS-234_655455-R,True,actual,False,,,,,2026-09-08T00:20:52.129880+02:00
NSR:StopPlace:62311,Vigrestad stasjon,2026-09-07T17:14:00+02:00,2026-09-07T17:22:05+02:00,2026-09-07T17:22:05+02:00,485.0,1,Stavanger,GOA:Line:59,Jærbanen,L5,rail,GOA:ServiceJourney:3051_63099-R,True,actual,False,,,,,2026-09-07T20:27:16.249662+02:00
NSR:StopPlace:313,Høybråten stasjon,2026-09-07T17:08:00+02:00,2026-09-07T17:16:04+02:00,2026-09-07T17:16:04+02:00,484.0,1,Asker,VYG:Line:L1,Spikkestad-Oslo S-Lillestrøm,L1,rail,VYG:ServiceJourney:2149_443557-R,True,actual,False,,,,,2026-09-07T20:27:16.249662+02:00
NSR:StopPlace:59648,Kjelsås stasjon,2026-09-07T22:11:00+02:00,2026-09-07T22:19:02+02:00,2026-09-07T22:19:02+02:00,482.0,1,Haugerud,RUT:Line:25,Majorstuen-Haugerud,25,bus,RUT:ServiceJourney:d335c66e53d13b38edd794569a6604b1,True,actual,False,,,,,2026-09-08T00:20:52.129880+02:00
NSR:StopPlace:58834,Hokksund stasjon,2026-09-07T08:06:00+02:00,2026-09-07T08:14:02+02:00,2026-09-07T08:14:02+02:00,482.0,1,Hokksund skole,BRA:Line:4_6139,Drammen - Åmot - Hønefoss,139,bus,BRA:ServiceJourney:6139_260415100161342_1006,True,actual,False,,,,,2026-09-07T08:42:24.659182+02:00
NSR:StopPlace:58801,Sarpsborg stasjon,2026-09-07T22:41:00+02:00,2026-09-07T22:49:01+02:00,2026-09-07T22:49:01+02:00,481.0,1,Opsund,OST:Line:1_134,Sarpsborg - Opsund,134,bus,OST:ServiceJourney:134_260325121470890_11,True,actual,False,,,,,2026-09-08T00:20:52.129880+02:00
NSR:StopPlace:4,Otta stasjon,2026-09-07T17:37:00+02:00,2026-09-07T17:45:01+02:00,2026-09-07T17:45:01+02:00,481.0,1,Trondheim S,SJN:Line:21,Dovrebanen,F6,rail,SJN:ServiceJourney:47-LOD_54214-R,True,actual,False,,,,,2026-09-07T20:27:16.249662+02:00
NSR:StopPlace:58838,Røyken stasjon,2026-09-07T15:33:00+02:00,2026-09-07T15:41:01+02:00,2026-09-07T15:41:01+02:00,481.0,1,Bråset,RUT:Line:260,Hyggen - Bråset -Slemmestad (- Asker),260,bus,RUT:ServiceJourney:1e221ff59fdd968d64ecb3167bdbff5a,True,actual,False,,,,,2026-09-07T15:44:36.205822+02:00
NSR:StopPlace:58847,Frogner stasjon,2026-09-07T13:51:00+02:00,2026-09-07T13:59:01+02:00,2026-09-07T13:59:01+02:00,481.0,1,Drammen,VYG:Line:R13,Drammen-Oslo S-Dal,R13,rail,VYG:ServiceJourney:1636_443290-R,True,actual,False,,,,,2026-09-07T15:44:36.205822+02:00
NSR:StopPlace:60053,Halden stasjon,2026-09-07T08:21:00+02:00,2026-09-07T08:29:01+02:00,2026-09-07T08:29:01+02:00,481.0,1,Sykehuset-Halden,OST:Line:1_34,Remmen-Sykehuset,34,bus,OST:ServiceJourney:34_260325121472271_5,True,actual,False,,,,,2026-09-07T08:42:24.659182+02:00
NSR:StopPlace:313,Høybråten stasjon,2026-09-07T14:23:00+02:00,2026-09-07T14:30:59+02:00,2026-09-07T14:30:59+02:00,479.0,1,Spikkestad,VYG:Line:L1,Spikkestad-Oslo S-Lillestrøm,L1,rail,VYG:ServiceJourney:2239_443648-R,True,actual,False,,,,,2026-09-07T15:44:36.205822+02:00
NSR:StopPlace:200,Finse stasjon,2026-09-07T14:20:00+02:00,2026-09-07T14:27:59+02:00,2026-09-07T14:27:59+02:00,479.0,1,Oslo S,VYG:Line:F4,Oslo S-Bergen,F4,rail,VYG:ServiceJourney:602-BRG_481321-R,True,actual,False,,,,,2026-09-07T15:44:36.205822+02:00
NSR:StopPlace:60053,Halden stasjon,2026-09-07T08:33:00+02:00,2026-09-07T08:40:59+02:00,2026-09-07T08:40:59+02:00,479.0,1,Halden sentrum,OST:Line:1_33,Tistedal-Vold skog,33,bus,OST:ServiceJourney:33_260325121472223_7,True,actual,False,,,,,2026-09-07T08:42:24.659182+02:00
NSR:StopPlace:58858,Nittedal stasjon,2026-09-08T00:04:00+02:00,2026-09-08T00:11:58+02:00,2026-09-08T00:11:58+02:00,478.0,1,Roa,VYG:Line:R31,Skøyen-Jaren-Gjøvik,R31,rail,VYG:ServiceJourney:BUS-239_655509-R,True,actual,False,,,,,2026-09-08T00:20:52.129880+02:00
NSR:StopPlace:59641,Fjellhamar stasjon,2026-09-07T14:17:00+02:00,2026-09-07T14:24:58+02:00,2026-09-07T14:24:58+02:00,478.0,1,Spikkestad,VYG:Line:L1,Spikkestad-Oslo S-Lillestrøm,L1,rail,VYG:ServiceJourney:2239_443648-R,True,actual,False,,,,,2026-09-07T15:44:36.205822+02:00
NSR:StopPlace:60053,Halden stasjon,2026-09-07T08:06:00+02:00,2026-09-07T08:13:58+02:00,2026-09-07T08:13:58+02:00,478.0,1,Halden sentrum,OST:Line:1_33,Tistedal-Vold skog,33,bus,OST:ServiceJourney:33_260325121472252_6,True,actual,False,,,,,2026-09-07T08:42:24.659182+02:00
NSR:StopPlace:58886,Arendal stasjon,2026-09-07T07:44:00+02:00,2026-09-07T07:51:58+02:00,2026-09-07T07:51:58+02:00,478.0,1,Hisøy via Arendal sentrum,AKT:Line:103,Tromøy Vest-Arendal-Hisøy,103,bus,AKT:ServiceJourney:83467_31_54_53520_56160_40001671,True,actual,False,,,,,2026-09-07T08:42:24.659182+02:00
NSR:StopPlace:364,Vaksdal stasjon,2026-09-07T08:16:00+02:00,2026-09-07T08:23:58+02:00,2026-09-07T08:23:58+02:00,478.0,1,Bergen,VYG:Line:R40,Bergen-Voss-Myrdal-Ål,R40,rail,VYG:ServiceJourney:1811_443397-R,True,actual,False,,,,,2026-09-07T08:42:24.659182+02:00
NSR:StopPlace:60944,Ski stasjon,2026-09-07T17:04:00+02:00,2026-09-07T17:11:57+02:00,2026-09-07T17:11:57+02:00,477.0,1,Drøbak - Frogn vgs.,RUT:Line:510,Bøleråsen - Ski - Ås - Drøbak,510,bus,RUT:ServiceJourney:5470355093381fd105eb0e3b972489a0,True,actual,False,,,,,2026-09-07T20:27:16.249662+02:00
NSR:StopPlace:60053,Halden stasjon,2026-09-07T18:43:00+02:00,2026-09-07T18:50:57+02:00,2026-09-07T18:50:57+02:00,477.0,1,Halden sentrum,OST:Line:1_35,Næridsrød - Tistedal,35,bus,OST:ServiceJourney:35_260325121472335_25,True,actual,False,,,,,2026-09-07T20:27:16.249662+02:00
NSR:StopPlace:61897,Bryn stasjon,2026-09-07T17:20:00+02:00,2026-09-07T17:27:56+02:00,2026-09-07T17:27:56+02:00,476.0,1,Asker,VYG:Line:L1,Spikkestad-Oslo S-Lillestrøm,L1,rail,VYG:ServiceJourney:2149_443557-R,True,actual,False,,,,,2026-09-07T20:27:16.249662+02:00
NSR:StopPlace:58872,Sandefjord stasjon,2026-09-07T19:47:00+02:00,2026-09-07T19:54:56+02:00,2026-09-07T19:54:56+02:00,476.0,1,Eidsvoll,VYG:Line:RE11,Eidsvoll-Oslo S-Skien,RE11,rail,VYG:ServiceJourney:832_481337-R,True,actual,False,,,,,2026-09-07T20:27:16.249662+02:00
NSR:StopPlace:59640,Bodung stasjon,2026-09-07T14:36:00+02:00,2026-09-07T14:43:56+02:00,2026-09-07T14:43:56+02:00,476.0,1,Årnes,RUT:Line:3657,Årnes - Brauter - Framtun,3657,bus,RUT:ServiceJourney:c3976c3227a8890f1711286cd0e9bf46,True,actual,False,,,,,2026-09-07T15:44:36.205822+02:00
NSR:StopPlace:313,Høybråten stasjon,2026-09-07T07:53:00+02:00,2026-09-07T08:00:56+02:00,2026-09-07T08:00:56+02:00,476.0,1,Spikkestad,VYG:Line:L1,Spikkestad-Oslo S-Lillestrøm,L1,rail,VYG:ServiceJourney:2213_443605-R,True,actual,False,,,,,2026-09-07T08:42:24.659182+02:00
NSR:StopPlace:59872,Oslo S,2026-09-08T01:11:00+02:00,2026-09-08T01:18:55+02:00,2026-09-08T01:18:55+02:00,475.0,1,Lillestrøm,VYG:Line:L1,Spikkestad-Oslo S-Lillestrøm,L1,rail,VYG:ServiceJourney:2282_443722-R,True,actual,False,,,,,2026-09-08T03:39:50.209703+02:00
NSR:StopPlace:59646,Høvik stasjon,2026-09-08T00:53:00+02:00,2026-09-08T01:00:55+02:00,2026-09-08T01:00:55+02:00,475.0,1,Lillestrøm,VYG:Line:L1,Spikkestad-Oslo S-Lillestrøm,L1,rail,VYG:ServiceJourney:2282_443722-R,True,actual,False,,,,,2026-09-08T03:39:50.209703+02:00
NSR:StopPlace:702,Sandnes sentrum stasjon,2026-09-07T23:17:00+02:00,2026-09-07T23:24:55+02:00,2026-09-07T23:24:55+02:00,475.0,1,Stavanger,GOA:Line:59,Jærbanen,L5,rail,GOA:ServiceJourney:3073_63135-R,True,actual,False,,,,,2026-09-08T00:20:52.129880+02:00
NSR:StopPlace:58841,Ål stasjon,2026-09-07T17:40:00+02:00,2026-09-07T17:47:54+02:00,2026-09-07T17:47:54+02:00,474.0,1,Bergen,VYG:Line:F4,Oslo S-Bergen,F4,rail,VYG:ServiceJourney:65-LOD_590005-R,True,actual,False,,,,,2026-09-07T20:27:16.249662+02:00
NSR:StopPlace:41,Hanaborg stasjon,2026-09-07T14:19:00+02:00,2026-09-07T14:26:54+02:00,2026-09-07T14:26:54+02:00,474.0,1,Spikkestad,VYG:Line:L1,Spikkestad-Oslo S-Lillestrøm,L1,rail,VYG:ServiceJourney:2239_443648-R,True,actual,False,,,,,2026-09-07T15:44:36.205822+02:00
NSR:StopPlace:61872,Nærbø stasjon,2026-09-07T15:33:00+02:00,2026-09-07T15:40:54+02:00,2026-09-07T15:40:54+02:00,474.0,1,Egersund,GOA:Line:59,Jærbanen,L5,rail,GOA:ServiceJourney:3044_63087-R,True,actual,False,,,,,2026-09-07T15:44:36.205822+02:00
NSR:StopPlace:364,Vaksdal stasjon,2026-09-07T13:48:00+02:00,2026-09-07T13:55:54+02:00,2026-09-07T13:55:54+02:00,474.0,1,Myrdal,VYG:Line:R40,Bergen-Voss-Myrdal-Ål,R40,rail,VYG:ServiceJourney:1818_443404-R,True,actual,False,,,,,2026-09-07T15:44:36.205822+02:00
NSR:StopPlace:58948,Stjørdal stasjon,2026-09-07T21:01:00+02:00,2026-09-07T21:08:53+02:00,2026-09-07T21:08:53+02:00,473.0,1,Steinkjer,SJN:Line:26,Trønderbanen,R70,rail,SJN:ServiceJourney:451_56080-R,True,actual,False,,,,,2026-09-08T00:20:52.129880+02:00
NSR:StopPlace:58952,Bodø stasjon,2026-09-07T19:25:00+02:00,2026-09-07T19:32:53+02:00,2026-09-07T19:32:53+02:00,473.0,1,Løpsmarka,NOR:Line:12_8004,Tverlandet - Bodø sentrum - Løpsmarka,4,bus,NOR:ServiceJourney:8004_251012124900622_2035,True,actual,False,,,,,2026-09-07T20:27:16.249662+02:00
NSR:StopPlace:58921,Vennesla stasjon,2026-09-07T17:41:00+02:00,2026-09-07T17:48:53+02:00,2026-09-07T17:48:53+02:00,473.0,1,Stavanger,GOA:Line:50,Sørtoget region,F5,rail,GOA:ServiceJourney:713-LOD_68191-R,True,actual,False,,,,,2026-09-07T20:27:16.249662+02:00
NSR:StopPlace:58893,Grovane stasjon,2026-09-07T14:50:00+02:00,2026-09-07T14:57:53+02:00,2026-09-07T14:57:53+02:00,473.0,1,Samkom,AKT:Line:31,Kvadraturen - Sødal - Vennesla,31,bus,AKT:ServiceJourney:79649_141_48_102600_104940_3950303,True,actual,False,,,,,2026-09-07T15:44:36.205822+02:00
NSR:StopPlace:58932,Hommelvik stasjon,2026-09-07T07:44:00+02:00,2026-09-07T07:51:53+02:00,2026-09-07T07:51:53+02:00,473.0,1,Steinkjer,SJN:Line:26,Trønderbanen,R70,rail,SJN:ServiceJourney:425_56054-R,True,actual,False,,,,,2026-09-07T08:42:24.659182+02:00
NSR:StopPlace:58862,Strømmen stasjon,2026-09-07T14:15:00+02:00,2026-09-07T14:22:52+02:00,2026-09-07T14:22:52+02:00,472.0,1,Spikkestad,VYG:Line:L1,Spikkestad-Oslo S-Lillestrøm,L1,rail,VYG:ServiceJourney:2239_443648-R,True,actual,False,,,,,2026-09-07T15:44:36.205822+02:00
NSR:StopPlace:59958,Voss stasjon,2026-09-07T07:28:00+02:00,2026-09-07T07:35:52+02:00,2026-09-07T07:35:52+02:00,472.0,1,Oslo S,VYG:Line:F4,Oslo S-Bergen,F4,rail,VYG:ServiceJourney:60-BRG_444351-R,True,actual,False,,,,,2026-09-07T08:42:24.659182+02:00
NSR:StopPlace:58930,Larvik stasjon,2026-09-07T21:45:00+02:00,2026-09-07T21:52:51+02:00,2026-09-07T21:52:51+02:00,471.0,1,Larvik-Sandefjord,VKT:Line:4,Torp-Sandefjord-Larvik-Stavern,4,bus,VKT:ServiceJourney:17715,True,actual,False,,,,,2026-09-08T00:20:52.129880+02:00
NSR:StopPlace:58833,Gol stasjon,2026-09-07T17:21:00+02:00,2026-09-07T17:28:51+02:00,2026-09-07T17:28:51+02:00,471.0,1,Bergen,VYG:Line:F4,Oslo S-Bergen,F4,rail,VYG:ServiceJourney:65-LOD_590005-R,True,actual,False,,,,,2026-09-07T20:27:16.249662+02:00
NSR:StopPlace:58860,Oppegård stasjon,2026-09-08T00:01:00+02:00,2026-09-08T00:08:50+02:00,2026-09-08T00:08:50+02:00,470.0,1,Kolbotn torg,RUT:Line:580,Kolbotn - Ski,580,bus,RUT:ServiceJourney:cae6a3f3b1b788094e7300ff51f84ef1,True,actual,False,,,,,2026-09-08T00:20:52.129880+02:00
NSR:StopPlace:58855,Leirsund stasjon,2026-09-07T13:55:00+02:00,2026-09-07T14:02:50+02:00,2026-09-07T14:02:50+02:00,470.0,1,Drammen,VYG:Line:R13,Drammen-Oslo S-Dal,R13,rail,VYG:ServiceJourney:1636_443290-R,True,actual,False,,,,,2026-09-07T15:44:36.205822+02:00
NSR:StopPlace:59261,Trondheim lufthavn,2026-09-07T07:53:00+02:00,2026-09-07T08:00:50+02:00,2026-09-07T08:00:50+02:00,470.0,1,Steinkjer,SJN:Line:26,Trønderbanen,R70,rail,SJN:ServiceJourney:425_56054-R,True,actual,False,,,,,2026-09-07T08:42:24.659182+02:00
NSR:StopPlace:61872,Nærbø stasjon,2026-09-07T17:04:00+02:00,2026-09-07T17:11:48+02:00,2026-09-07T17:11:48+02:00,468.0,1,Egersund,GOA:Line:59,Jærbanen,L5,rail,GOA:ServiceJourney:3050_63097-R,True,actual,False,,,,,2026-09-07T20:27:16.249662+02:00
NSR:StopPlace:59650,Nyland stasjon,2026-09-07T13:59:00+02:00,2026-09-07T14:06:48+02:00,2026-09-07T14:06:48+02:00,468.0,1,Spikkestad,VYG:Line:L1,Spikkestad-Oslo S-Lillestrøm,L1,rail,VYG:ServiceJourney:2237_443645-R,True,actual,False,Forsinket | Færre vogner,Toget kjørte 7 minutter forsinket fra Lillestrøm. Dette skyldes en tidligere stans. | Denne avgangen kjører dessverre med 4 vogner i stedet for 8 vogner. Dette skyldes at vi mangler et togsett.,incident | general,normal | normal,2026-09-07T15:44:36.205822+02:00
NSR:StopPlace:58856,Lysaker stasjon,2026-09-08T00:59:00+02:00,2026-09-08T01:06:47+02:00,2026-09-08T01:06:47+02:00,467.0,1,Lillestrøm,VYG:Line:L1,Spikkestad-Oslo S-Lillestrøm,L1,rail,VYG:ServiceJourney:2282_443722-R,True,actual,False,,,,,2026-09-08T03:39:50.209703+02:00
NSR:StopPlace:58930,Larvik stasjon,2026-09-07T06:07:00+02:00,2026-09-07T06:14:47+02:00,2026-09-07T06:14:47+02:00,467.0,1,Larvik-Sandefjord,VKT:Line:3,Busk-Sandefjord-Larvik-Veldre,3,bus,VKT:ServiceJourney:17537,True,actual,False,,,,,2026-09-07T08:42:24.659182+02:00
NSR:StopPlace:364,Vaksdal stasjon,2026-09-07T07:30:00+02:00,2026-09-07T07:37:47+02:00,2026-09-07T07:37:47+02:00,467.0,1,Bergen,VYG:Line:R40,Bergen-Voss-Myrdal-Ål,R40,rail,VYG:ServiceJourney:1809_443395-R,True,actual,False,,,,,2026-09-07T08:42:24.659182+02:00
NSR:StopPlace:59654,Stabekk stasjon,2026-09-08T00:56:00+02:00,2026-09-08T01:03:46+02:00,2026-09-08T01:03:46+02:00,466.0,1,Lillestrøm,VYG:Line:L1,Spikkestad-Oslo S-Lillestrøm,L1,rail,VYG:ServiceJourney:2282_443722-R,True,actual,False,,,,,2026-09-08T03:39:50.209703+02:00
NSR:StopPlace:58862,Strømmen stasjon,2026-09-07T18:35:00+02:00,2026-09-07T18:42:46+02:00,2026-09-07T18:42:46+02:00,466.0,1,Lillestrøm,VYG:Line:L1,Spikkestad-Oslo S-Lillestrøm,L1,rail,VYG:ServiceJourney:2254_443676-R,True,actual,False,,,,,2026-09-07T20:27:16.249662+02:00
NSR:StopPlace:62339,Lillestrøm stasjon,2026-09-07T14:10:00+02:00,2026-09-07T14:17:46+02:00,2026-09-07T14:17:46+02:00,466.0,1,Spikkestad,VYG:Line:L1,Spikkestad-Oslo S-Lillestrøm,L1,rail,VYG:ServiceJourney:2239_443648-R,True,actual,False,Heis i spor 1 og 2 er ute av bruk på grunn av vedlikehold.,Heis i spor 1 og 2 er ute av bruk på grunn av vedlikehold.,general,normal,2026-09-07T15:44:36.205822+02:00
NSR:StopPlace:261,Ganddal stasjon,2026-09-07T23:12:00+02:00,2026-09-07T23:19:44+02:00,2026-09-07T23:19:44+02:00,464.0,1,Stavanger,GOA:Line:59,Jærbanen,L5,rail,GOA:ServiceJourney:3073_63135-R,True,actual,False,,,,,2026-09-08T00:20:52.129880+02:00
NSR:StopPlace:429,Vikersund stasjon,2026-09-07T13:14:00+02:00,2026-09-07T13:21:44+02:00,2026-09-07T13:21:44+02:00,464.0,1,Bergen,VYG:Line:F4,Oslo S-Bergen,F4,rail,VYG:ServiceJourney:601-LOD_456939-R,True,actual,False,,,,,2026-09-07T15:44:36.205822+02:00
NSR:StopPlace:59639,Sonsveien stasjon,2026-09-07T07:12:00+02:00,2026-09-07T07:19:44+02:00,2026-09-07T07:19:44+02:00,464.0,1,Vestby stasjon,RUT:Line:540,Moss - Son - Vestby stasjon,540,bus,RUT:ServiceJourney:86766102cf676403ae94e7626df9ce5c,True,actual,False,,,,,2026-09-07T08:42:24.659182+02:00
NSR:StopPlace:58966,Porsgrunn stasjon,2026-09-07T06:26:00+02:00,2026-09-07T06:33:44+02:00,2026-09-07T06:33:44+02:00,464.0,1,Oslo S,VYG:Line:RX11,Eidsvoll-Oslo S-Skien,RX11,rail,VYG:ServiceJourney:864-SKN_444430-R,True,actual,False,Heis på Porsgrunn ute av drift,Heisen på Porsgrunn til spor 2 er ute av drift.,general,normal,2026-09-07T08:42:24.659182+02:00
NSR:StopPlace:62308,Alna stasjon,2026-09-07T14:02:00+02:00,2026-09-07T14:09:43+02:00,2026-09-07T14:09:43+02:00,463.0,1,Spikkestad,VYG:Line:L1,Spikkestad-Oslo S-Lillestrøm,L1,rail,VYG:ServiceJourney:2237_443645-R,True,actual,False,Forsinket | Færre vogner,Toget kjørte 7 minutter forsinket fra Lillestrøm. Dette skyldes en tidligere stans. | Denne avgangen kjører dessverre med 4 vogner i stedet for 8 vogner. Dette skyldes at vi mangler et togsett.,incident | general,normal | normal,2026-09-07T15:44:36.205822+02:00
NSR:StopPlace:58950,Åsen stasjon,2026-09-07T07:34:00+02:00,2026-09-07T07:41:43+02:00,2026-09-07T07:41:43+02:00,463.0,1,Ler,SJN:Line:26,Trønderbanen,R70,rail,SJN:ServiceJourney:424_56053-R,True,actual,False,,,,,2026-09-07T08:42:24.659182+02:00
NSR:StopPlace:610,Sandvika stasjon,2026-09-08T00:48:00+02:00,2026-09-08T00:55:42+02:00,2026-09-08T00:55:42+02:00,462.0,1,Lillestrøm,VYG:Line:L1,Spikkestad-Oslo S-Lillestrøm,L1,rail,VYG:ServiceJourney:2282_443722-R,True,actual,False,,,,,2026-09-08T03:39:50.209703+02:00
NSR:StopPlace:60271,Varhaug stasjon,2026-09-07T17:19:00+02:00,2026-09-07T17:26:41+02:00,2026-09-07T17:26:41+02:00,461.0,1,Stavanger,GOA:Line:59,Jærbanen,L5,rail,GOA:ServiceJourney:3051_63099-R,True,actual,False,,,,,2026-09-07T20:27:16.249662+02:00
NSR:StopPlace:58795,Kambo stasjon,2026-09-07T07:54:00+02:00,2026-09-07T08:01:41+02:00,2026-09-07T08:01:41+02:00,461.0,1,Vestby stasjon,RUT:Line:540,Moss - Son - Vestby stasjon,540,bus,RUT:ServiceJourney:8a0d02098150a4cd43d04dba4d6195ca,True,actual,False,,,,,2026-09-07T08:42:24.659182+02:00
NSR:StopPlace:58795,Kambo stasjon,2026-09-07T13:54:00+02:00,2026-09-07T14:01:40+02:00,2026-09-07T14:01:40+02:00,460.0,1,Vestby stasjon,RUT:Line:540,Moss - Son - Vestby stasjon,540,bus,RUT:ServiceJourney:4064e123a402c9ceeddc6b9e41e8979c,True,actual,False,,,,,2026-09-07T15:44:36.205822+02:00
NSR:StopPlace:62339,Lillestrøm stasjon,2026-09-07T13:40:00+02:00,2026-09-07T13:47:40+02:00,2026-09-07T13:47:40+02:00,460.0,1,Spikkestad,VYG:Line:L1,Spikkestad-Oslo S-Lillestrøm,L1,rail,VYG:ServiceJourney:2237_443645-R,True,actual,False,Heis i spor 1 og 2 er ute av bruk på grunn av vedlikehold. | Færre vogner,Heis i spor 1 og 2 er ute av bruk på grunn av vedlikehold. | Denne avgangen kjører dessverre med 4 vogner i stedet for 8 vogner. Dette skyldes at vi mangler et togsett.,general | general,normal | normal,2026-09-07T15:44:36.205822+02:00
NSR:StopPlace:62379,Bergsgrav stasjon,2026-09-07T21:55:00+02:00,2026-09-07T22:02:39+02:00,2026-09-07T22:02:39+02:00,459.0,1,Steinkjer,SJN:Line:26,Trønderbanen,R70,rail,SJN:ServiceJourney:451_56080-R,True,actual,False,,,,,2026-09-08T00:20:52.129880+02:00
NSR:StopPlace:60077,Støren stasjon,2026-09-07T13:55:00+02:00,2026-09-07T14:02:39+02:00,2026-09-07T14:02:39+02:00,459.0,1,Enodd via Kjelden,ATB:Line:2_5472,Kotsøy/Støren - Enodd Budalen,5472,bus,ATB:ServiceJourney:5472_260106098642186_7,True,actual,False,,,,,2026-09-07T15:44:36.205822+02:00
NSR:StopPlace:58858,Nittedal stasjon,2026-09-07T06:29:00+02:00,2026-09-07T06:36:39+02:00,2026-09-07T06:36:39+02:00,459.0,1,Oslo S,VYG:Line:R31,Skøyen-Jaren-Gjøvik,R31,rail,VYG:ServiceJourney:BUS-242_655545-R,True,actual,False,,,,,2026-09-07T08:42:24.659182+02:00
NSR:StopPlace:101,Sagdalen stasjon,2026-09-07T14:13:00+02:00,2026-09-07T14:20:38+02:00,2026-09-07T14:20:38+02:00,458.0,1,Spikkestad,VYG:Line:L1,Spikkestad-Oslo S-Lillestrøm,L1,rail,VYG:ServiceJourney:2239_443648-R,True,actual,False,,,,,2026-09-07T15:44:36.205822+02:00
NSR:StopPlace:58857,Lørenskog stasjon,2026-09-07T07:51:00+02:00,2026-09-07T07:58:38+02:00,2026-09-07T07:58:38+02:00,458.0,1,Spikkestad,VYG:Line:L1,Spikkestad-Oslo S-Lillestrøm,L1,rail,VYG:ServiceJourney:2213_443605-R,True,actual,False,,,,,2026-09-07T08:42:24.659182+02:00
NSR:StopPlace:200,Finse stasjon,2026-09-07T18:06:00+02:00,2026-09-07T18:13:37+02:00,2026-09-07T18:13:37+02:00,457.0,1,Oslo S,VYG:Line:F4,Oslo S-Bergen,F4,rail,VYG:ServiceJourney:64-BRG_444368-R,True,actual,False,,,,,2026-09-07T20:27:16.249662+02:00
NSR:StopPlace:58930,Larvik stasjon,2026-09-07T08:05:00+02:00,2026-09-07T08:12:37+02:00,2026-09-07T08:12:37+02:00,457.0,1,Thor Heyerdahl vgs,VKT:Line:1110,Brunlanes-Thor Heyerdahl vgs,1110,bus,VKT:ServiceJourney:8508,True,actual,False,,,,,2026-09-07T08:42:24.659182+02:00
NSR:StopPlace:58884,Skien stasjon,2026-09-07T06:17:00+02:00,2026-09-07T06:24:37+02:00,2026-09-07T06:24:37+02:00,457.0,1,Oslo S,VYG:Line:RX11,Eidsvoll-Oslo S-Skien,RX11,rail,VYG:ServiceJourney:864-SKN_444430-R,True,actual,False,,,,,2026-09-07T08:42:24.659182+02:00
NSR:StopPlace:702,Sandnes sentrum stasjon,2026-09-07T19:14:00+02:00,2026-09-07T19:21:36+02:00,2026-09-07T19:21:36+02:00,456.0,1,Stavanger,GOA:Line:59,Jærbanen,L5,rail,GOA:ServiceJourney:3057_63110-R,True,actual,False,,,,,2026-09-07T20:27:16.249662+02:00
NSR:StopPlace:59244,Egersund stasjon,2026-09-07T06:08:00+02:00,2026-09-07T06:15:36+02:00,2026-09-07T06:15:36+02:00,456.0,1,Sandnes,KOL:Line:8_2040,E90,E90,bus,KOL:ServiceJourney:2040_250903083245413_1001,True,actual,False,,,,,2026-09-07T08:42:24.659182+02:00
NSR:StopPlace:41,Hanaborg stasjon,2026-09-07T18:31:00+02:00,2026-09-07T18:38:35+02:00,2026-09-07T18:38:35+02:00,455.0,1,Lillestrøm,VYG:Line:L1,Spikkestad-Oslo S-Lillestrøm,L1,rail,VYG:ServiceJourney:2254_443676-R,True,actual,False,,,,,2026-09-07T20:27:16.249662+02:00
NSR:StopPlace:17,Ringebu stasjon,2026-09-07T17:10:00+02:00,2026-09-07T17:17:35+02:00,2026-09-07T17:17:35+02:00,455.0,1,Oslo S,SJN:Line:21,Dovrebanen,F6,rail,SJN:ServiceJourney:46-TND_48003-R,True,actual,False,,,,,2026-09-07T20:27:16.249662+02:00
NSR:StopPlace:58924,Bryne stasjon,2026-09-07T14:35:00+02:00,2026-09-07T14:42:35+02:00,2026-09-07T14:42:35+02:00,455.0,1,Nærbø via Pollestad,KOL:Line:8_2022,57,57,bus,KOL:ServiceJourney:2022_250903083238528_1002,True,actual,False,Forsinket fra forrige rute,,incident,severe,2026-09-07T15:44:36.205822+02:00
NSR:StopPlace:58930,Larvik stasjon,2026-09-07T16:50:00+02:00,2026-09-07T16:57:34+02:00,2026-09-07T16:57:34+02:00,454.0,1,Larvik-Sandefjord,VKT:Line:4,Torp-Sandefjord-Larvik-Stavern,4,bus,VKT:ServiceJourney:17709,True,actual,False,,,,,2026-09-07T20:27:16.249662+02:00
NSR:StopPlace:313,Høybråten stasjon,2026-09-07T18:27:00+02:00,2026-09-07T18:34:34+02:00,2026-09-07T18:34:34+02:00,454.0,1,Lillestrøm,VYG:Line:L1,Spikkestad-Oslo S-Lillestrøm,L1,rail,VYG:ServiceJourney:2254_443676-R,True,actual,False,,,,,2026-09-07T20:27:16.249662+02:00
NSR:StopPlace:58832,Geilo stasjon,2026-09-07T11:56:00+02:00,2026-09-07T12:03:34+02:00,2026-09-07T12:03:34+02:00,454.0,1,Bergen,VYG:Line:F4,Oslo S-Bergen,F4,rail,VYG:ServiceJourney:63-LOD_580500-R,True,actual,False,,,,,2026-09-07T15:44:36.205822+02:00
NSR:StopPlace:58847,Frogner stasjon,2026-09-07T08:13:00+02:00,2026-09-07T08:20:34+02:00,2026-09-07T08:20:34+02:00,454.0,1,Skedsmokorset,RUT:Line:365,Sørumsand - Frogner - Skedsmokorset,365,bus,RUT:ServiceJourney:e25a8d83e407ef8c4a69dfa7c2956dca,True,actual,False,,,,,2026-09-07T08:42:24.659182+02:00
NSR:StopPlace:58886,Arendal stasjon,2026-09-07T08:07:00+02:00,2026-09-07T08:14:34+02:00,2026-09-07T08:14:34+02:00,454.0,1,Grimstad via Arendal sentrum,AKT:Line:101,Eydehavn-Arendal-Grimstad N/S,101,bus,AKT:ServiceJourney:71734_121_89_56400_60780_40000971,True,actual,False,,,,,2026-09-07T08:42:24.659182+02:00
NSR:StopPlace:62355,Froland stasjon,2026-09-07T08:09:00+02:00,2026-09-07T08:16:34+02:00,2026-09-07T08:16:34+02:00,454.0,1,Froland skole,AKT:Line:1925,Skolebusser Froland/Blakstadh.,1925,bus,AKT:ServiceJourney:71429_21_27_57600_59100_3919249,True,actual,False,,,,,2026-09-07T08:42:24.659182+02:00
NSR:StopPlace:61872,Nærbø stasjon,2026-09-07T15:22:00+02:00,2026-09-07T15:29:33+02:00,2026-09-07T15:29:33+02:00,453.0,1,Stavanger,GOA:Line:59,Jærbanen,L5,rail,GOA:ServiceJourney:3043_63086-R,True,actual,False,,,,,2026-09-07T15:44:36.205822+02:00
NSR:StopPlace:58862,Strømmen stasjon,2026-09-07T13:45:00+02:00,2026-09-07T13:52:33+02:00,2026-09-07T13:52:33+02:00,453.0,1,Spikkestad,VYG:Line:L1,Spikkestad-Oslo S-Lillestrøm,L1,rail,VYG:ServiceJourney:2237_443645-R,True,actual,False,Forsinket | Færre vogner,Toget kjørte 7 minutter forsinket fra Lillestrøm. Dette skyldes en tidligere stans. | Denne avgangen kjører dessverre med 4 vogner i stedet for 8 vogner. Dette skyldes at vi mangler et togsett.,incident | general,normal | normal,2026-09-07T15:44:36.205822+02:00
NSR:StopPlace:58884,Skien stasjon,2026-09-07T14:58:00+02:00,2026-09-07T15:05:33+02:00,2026-09-07T15:05:33+02:00,453.0,1,Åfoss via Skien sentrum,TEL:Line:8047,Siljan-Skien-Åfoss,P7,bus,TEL:ServiceJourney:127389,True,actual,False,,,,,2026-09-07T15:44:36.205822+02:00
NSR:StopPlace:518,Bolstadøyri stasjon,2026-09-07T14:12:00+02:00,2026-09-07T14:19:33+02:00,2026-09-07T14:19:33+02:00,453.0,1,Myrdal,VYG:Line:R40,Bergen-Voss-Myrdal-Ål,R40,rail,VYG:ServiceJourney:1818_443404-R,True,actual,False,,,,,2026-09-07T15:44:36.205822+02:00
NSR:StopPlace:58862,Strømmen stasjon,2026-09-07T07:58:00+02:00,2026-09-07T08:05:33+02:00,2026-09-07T08:05:33+02:00,453.0,1,Lørenskog sentrum,RUT:Line:385,Nittedal stasjon - Olavsgaard - Ahus,385,bus,RUT:ServiceJourney:af792a9eccc2c57c9397366204068a4d,True,actual,False,,,,,2026-09-07T08:42:24.659182+02:00
NSR:StopPlace:58843,Blommenholm stasjon,2026-09-08T00:50:30+02:00,2026-09-08T00:58:02+02:00,2026-09-08T00:58:02+02:00,452.0,1,Lillestrøm,VYG:Line:L1,Spikkestad-Oslo S-Lillestrøm,L1,rail,VYG:ServiceJourney:2282_443722-R,True,actual,False,,,,,2026-09-08T03:39:50.209703+02:00
NSR:StopPlace:58857,Lørenskog stasjon,2026-09-07T18:29:00+02:00,2026-09-07T18:36:32+02:00,2026-09-07T18:36:32+02:00,452.0,1,Lillestrøm,VYG:Line:L1,Spikkestad-Oslo S-Lillestrøm,L1,rail,VYG:ServiceJourney:2254_443676-R,True,actual,False,,,,,2026-09-07T20:27:16.249662+02:00
NSR:StopPlace:708,Stange stasjon,2026-09-07T19:17:00+02:00,2026-09-07T19:24:32+02:00,2026-09-07T19:24:32+02:00,452.0,1,Drammen,VYG:Line:RE10,Drammen-Oslo S-Lillehammer,RE10,rail,VYG:ServiceJourney:330-LHM_444236-R,True,actual,False,,,,,2026-09-07T20:27:16.249662+02:00
NSR:StopPlace:58849,Hakadal stasjon,2026-09-07T17:23:00+02:00,2026-09-07T17:30:31+02:00,2026-09-07T17:30:31+02:00,451.0,1,Oslo bussterminal,RUT:Line:390,Kongskog/Hellerudhaugen - Oslo bussterminal,390,bus,RUT:ServiceJourney:cf027e68897ef43d897d984771992148,True,actual,False,,,,,2026-09-07T20:27:16.249662+02:00
NSR:StopPlace:59641,Fjellhamar stasjon,2026-09-07T13:47:00+02:00,2026-09-07T13:54:31+02:00,2026-09-07T13:54:31+02:00,451.0,1,Spikkestad,VYG:Line:L1,Spikkestad-Oslo S-Lillestrøm,L1,rail,VYG:ServiceJourney:2237_443645-R,True,actual,False,Forsinket | Færre vogner,Toget kjørte 7 minutter forsinket fra Lillestrøm. Dette skyldes en tidligere stans. | Denne avgangen kjører dessverre med 4 vogner i stedet for 8 vogner. Dette skyldes at vi mangler et togsett.,incident | general,normal | normal,2026-09-07T15:44:36.205822+02:00
NSR:StopPlace:101,Sagdalen stasjon,2026-09-07T13:43:00+02:00,2026-09-07T13:50:31+02:00,2026-09-07T13:50:31+02:00,451.0,1,Spikkestad,VYG:Line:L1,Spikkestad-Oslo S-Lillestrøm,L1,rail,VYG:ServiceJourney:2237_443645-R,True,actual,False,Forsinket | Færre vogner,Toget kjørte 7 minutter forsinket fra Lillestrøm. Dette skyldes en tidligere stans. | Denne avgangen kjører dessverre med 4 vogner i stedet for 8 vogner. Dette skyldes at vi mangler et togsett.,incident | general,normal | normal,2026-09-07T15:44:36.205822+02:00
NSR:StopPlace:58950,Åsen stasjon,2026-09-07T07:19:00+02:00,2026-09-07T07:26:31+02:00,2026-09-07T07:26:31+02:00,451.0,1,Steinkjer,SJN:Line:26,Trønderbanen,R70,rail,SJN:ServiceJourney:423_56052-R,True,actual,False,,,,,2026-09-07T08:42:24.659182+02:00
NSR:StopPlace:58794,Fredrikstad stasjon,2026-09-07T19:40:00+02:00,2026-09-07T19:47:30+02:00,2026-09-07T19:47:30+02:00,450.0,1,Oslo S,VYG:Line:RE20,Oslo S-Halden-Göteborg (X-Border),RE20,rail,VYG:ServiceJourney:132_443133-R,True,actual,False,,,,,2026-09-07T20:27:16.249662+02:00
NSR:StopPlace:429,Vikersund stasjon,2026-09-07T21:18:00+02:00,2026-09-07T21:25:28+02:00,2026-09-07T21:25:28+02:00,448.0,1,Oslo S,VYG:Line:F4,Oslo S-Bergen,F4,rail,VYG:ServiceJourney:64-BRG_444368-R,True,actual,False,,,,,2026-09-08T00:20:52.129880+02:00
NSR:StopPlace:58930,Larvik stasjon,2026-09-07T14:10:00+02:00,2026-09-07T14:17:28+02:00,2026-09-07T14:17:28+02:00,448.0,1,Stavern-Kysthospitalet,VKT:Line:4,Torp-Sandefjord-Larvik-Stavern,4,bus,VKT:ServiceJourney:17620,True,actual,False,,,,,2026-09-07T15:44:36.205822+02:00
NSR:StopPlace:58934,Lassemoen stasjon,2026-09-07T15:25:00+02:00,2026-09-07T15:32:28+02:00,2026-09-07T15:32:28+02:00,448.0,1,Tunnsjøelv via Litldal,ATB:Line:2_611,Grong - Harran - Namsskogan,611,bus,ATB:ServiceJourney:611_260106098640318_11,True,actual,False,,,,,2026-09-07T15:44:36.205822+02:00
NSR:StopPlace:58886,Arendal stasjon,2026-09-07T14:07:00+02:00,2026-09-07T14:14:28+02:00,2026-09-07T14:14:28+02:00,448.0,1,Grimstad via Arendal sentrum,AKT:Line:101,Eydehavn-Arendal-Grimstad N/S,101,bus,AKT:ServiceJourney:71750_261_89_99600_103980_40000971,True,actual,False,,,,,2026-09-07T15:44:36.205822+02:00
NSR:StopPlace:61169,Marienborg stasjon,2026-09-07T07:09:00+02:00,2026-09-07T07:16:28+02:00,2026-09-07T07:16:28+02:00,448.0,1,Havstad,ATB:Line:2_13,Østmarka - Strindheim - Lerkendal - Havstad,13,bus,ATB:ServiceJourney:13_251215112552587_12,True,actual,False,,,,,2026-09-07T08:42:24.659182+02:00
NSR:StopPlace:58932,Hommelvik stasjon,2026-09-07T22:11:00+02:00,2026-09-07T22:18:27+02:00,2026-09-07T22:18:27+02:00,447.0,1,Marienborg via Brattøra,ATB:Line:2_70,Stjørdal/Hommelvik- Trondheim,70,bus,ATB:ServiceJourney:70_251215112547007_106,True,actual,False,,,,,2026-09-08T00:20:52.129880+02:00
NSR:StopPlace:58847,Frogner stasjon,2026-09-07T22:10:00+02:00,2026-09-07T22:17:27+02:00,2026-09-07T22:17:27+02:00,447.0,1,Sørumsand,RUT:Line:365,Sørumsand - Frogner - Skedsmokorset,365,bus,RUT:ServiceJourney:045ba09ef0f5eca0f8987eb4a4975e00,True,actual,False,,,,,2026-09-08T00:20:52.129880+02:00
NSR:StopPlace:60053,Halden stasjon,2026-09-07T22:46:00+02:00,2026-09-07T22:53:26+02:00,2026-09-07T22:53:26+02:00,446.0,1,Sykehuset-Halden,OST:Line:1_34,Remmen-Sykehuset,34,bus,OST:ServiceJourney:34_260325121472295_33,True,actual,False,,,,,2026-09-08T00:20:52.129880+02:00
NSR:StopPlace:61295,Haugastøl stasjon,2026-09-07T18:25:00+02:00,2026-09-07T18:32:26+02:00,2026-09-07T18:32:26+02:00,446.0,1,Bergen,VYG:Line:F4,Oslo S-Bergen,F4,rail,VYG:ServiceJourney:65-LOD_590005-R,True,actual,False,,,,,2026-09-07T20:27:16.249662+02:00
NSR:StopPlace:59641,Fjellhamar stasjon,2026-09-07T18:33:00+02:00,2026-09-07T18:40:26+02:00,2026-09-07T18:40:26+02:00,446.0,1,Lillestrøm,VYG:Line:L1,Spikkestad-Oslo S-Lillestrøm,L1,rail,VYG:ServiceJourney:2254_443676-R,True,actual,False,,,,,2026-09-07T20:27:16.249662+02:00
NSR:StopPlace:59653,Haugenstua stasjon,2026-09-07T18:25:00+02:00,2026-09-07T18:32:26+02:00,2026-09-07T18:32:26+02:00,446.0,1,Lillestrøm,VYG:Line:L1,Spikkestad-Oslo S-Lillestrøm,L1,rail,VYG:ServiceJourney:2254_443676-R,True,actual,False,,,,,2026-09-07T20:27:16.249662+02:00
NSR:StopPlace:58837,Nesbyen stasjon,2026-09-07T14:51:00+02:00,2026-09-07T14:58:26+02:00,2026-09-07T14:58:26+02:00,446.0,1,Bergen,VYG:Line:F4,Oslo S-Bergen,F4,rail,VYG:ServiceJourney:601-LOD_456939-R,True,actual,False,,,,,2026-09-07T15:44:36.205822+02:00
NSR:StopPlace:60053,Halden stasjon,2026-09-07T17:02:00+02:00,2026-09-07T17:09:25+02:00,2026-09-07T17:09:25+02:00,445.0,1,Oslo S,VYG:Line:RE20,Oslo S-Halden-Göteborg (X-Border),RE20,rail,VYG:ServiceJourney:128_443128-R,True,actual,False,,,,,2026-09-07T20:27:16.249662+02:00
NSR:StopPlace:58842,Blaker stasjon,2026-09-07T18:22:00+02:00,2026-09-07T18:29:24+02:00,2026-09-07T18:29:24+02:00,444.0,1,Asker,VYG:Line:R14,Asker-Oslo S-Kongsvinger,R14,rail,VYG:ServiceJourney:1028_442938-R,True,actual,False,,,,,2026-09-07T20:27:16.249662+02:00
NSR:StopPlace:58847,Frogner stasjon,2026-09-07T21:51:00+02:00,2026-09-07T21:58:23+02:00,2026-09-07T21:58:23+02:00,443.0,1,Drammen,VYG:Line:R13,Drammen-Oslo S-Dal,R13,rail,VYG:ServiceJourney:1668_443360-R,True,actual,False,,,,,2026-09-08T00:20:52.129880+02:00
NSR:StopPlace:58947,Steinkjer stasjon,2026-09-07T16:33:00+02:00,2026-09-07T16:40:23+02:00,2026-09-07T16:40:23+02:00,443.0,1,Namsos skysstasjon,ATB:Line:2_680,Levanger - Steinkjer - Namsos,680,bus,ATB:ServiceJourney:680_260106098642303_22,True,actual,False,,,,,2026-09-07T20:27:16.249662+02:00
NSR:StopPlace:58921,Vennesla stasjon,2026-09-07T14:38:00+02:00,2026-09-07T14:45:23+02:00,2026-09-07T14:45:23+02:00,443.0,1,Vennesla - Samkom,AKT:Line:31,Kvadraturen - Sødal - Vennesla,31,bus,AKT:ServiceJourney:79649_141_48_102600_104940_3950303,True,actual,False,,,,,2026-09-07T15:44:36.205822+02:00
NSR:StopPlace:58826,Reinsvoll stasjon,2026-09-07T14:33:00+02:00,2026-09-07T14:40:23+02:00,2026-09-07T14:40:23+02:00,443.0,1,Raufoss-Gjøvik,INN:Line:46,Lena-Raufoss-Gjøvik-Kapp-Lena,B46,bus,INN:ServiceJourney:76837,True,actual,False,,,,,2026-09-07T15:44:36.205822+02:00
NSR:StopPlace:59643,Grefsen stasjon,2026-09-07T23:11:00+02:00,2026-09-07T23:18:22+02:00,2026-09-07T23:18:22+02:00,442.0,1,Lysaker,RUT:Line:23,Lysaker - Simensbråten,23,bus,RUT:ServiceJourney:7a44645133303c1535c9991b6cf3230a,True,actual,False,,,,,2026-09-08T00:20:52.129880+02:00
NSR:StopPlace:60053,Halden stasjon,2026-09-07T17:46:00+02:00,2026-09-07T17:53:22+02:00,2026-09-07T17:53:22+02:00,442.0,1,Halden sentrum,OST:Line:1_34,Remmen-Sykehuset,34,bus,OST:ServiceJourney:34_260325121472305_26,True,actual,False,,,,,2026-09-07T20:27:16.249662+02:00
NSR:StopPlace:441,Auli stasjon,2026-09-07T18:16:00+02:00,2026-09-07T18:23:22+02:00,2026-09-07T18:23:22+02:00,442.0,1,Asker,VYG:Line:R14,Asker-Oslo S-Kongsvinger,R14,rail,VYG:ServiceJourney:1028_442938-R,True,actual,False,,,,,2026-09-07T20:27:16.249662+02:00
NSR:StopPlace:41,Hanaborg stasjon,2026-09-07T13:49:00+02:00,2026-09-07T13:56:22+02:00,2026-09-07T13:56:22+02:00,442.0,1,Spikkestad,VYG:Line:L1,Spikkestad-Oslo S-Lillestrøm,L1,rail,VYG:ServiceJourney:2237_443645-R,True,actual,False,Forsinket | Færre vogner,Toget kjørte 7 minutter forsinket fra Lillestrøm. Dette skyldes en tidligere stans. | Denne avgangen kjører dessverre med 4 vogner i stedet for 8 vogner. Dette skyldes at vi mangler et togsett.,incident | general,normal | normal,2026-09-07T15:44:36.205822+02:00
NSR:StopPlace:58854,Langhus stasjon,2026-09-07T16:56:00+02:00,2026-09-07T17:03:21+02:00,2026-09-07T17:03:21+02:00,441.0,1,Drøbak - Frogn vgs.,RUT:Line:510,Bøleråsen - Ski - Ås - Drøbak,510,bus,RUT:ServiceJourney:5470355093381fd105eb0e3b972489a0,True,actual,False,,,,,2026-09-07T20:27:16.249662+02:00
NSR:StopPlace:58847,Frogner stasjon,2026-09-07T08:10:00+02:00,2026-09-07T08:17:21+02:00,2026-09-07T08:17:21+02:00,441.0,1,Sørumsand,RUT:Line:365,Sørumsand - Frogner - Skedsmokorset,365,bus,RUT:ServiceJourney:736e2fdfeada989f0c0d7c077cd79b9b,True,actual,False,,,,,2026-09-07T08:42:24.659182+02:00
NSR:StopPlace:58796,Moss stasjon,2026-09-07T16:49:00+02:00,2026-09-07T16:56:20+02:00,2026-09-07T16:56:20+02:00,440.0,1,Halden,VYG:Line:RE20,Oslo S-Halden-Göteborg (X-Border),RE20,rail,VYG:ServiceJourney:123-LOD_548094-R,True,actual,False,,,,,2026-09-07T20:27:16.249662+02:00
NSR:StopPlace:58801,Sarpsborg stasjon,2026-09-07T19:26:00+02:00,2026-09-07T19:33:20+02:00,2026-09-07T19:33:20+02:00,440.0,1,Göteborg C,VYG:Line:RE20,Oslo S-Halden-Göteborg (X-Border),RE20,rail,VYG:ServiceJourney:127-397_448332-R,True,actual,False,,,,,2026-09-07T20:27:16.249662+02:00
NSR:StopPlace:59649,Nydalen stasjon,2026-09-07T14:46:00+02:00,2026-09-07T14:53:20+02:00,2026-09-07T14:53:20+02:00,440.0,1,Simensbråten,RUT:Line:23,Lysaker - Simensbråten,23,bus,RUT:ServiceJourney:aa26b82771739650cf6c4c988753777e,True,actual,False,,,,,2026-09-07T15:44:36.205822+02:00
NSR:StopPlace:200,Finse stasjon,2026-09-07T14:08:00+02:00,2026-09-07T14:15:20+02:00,2026-09-07T14:15:20+02:00,440.0,1,Bergen,VYG:Line:R40,Bergen-Voss-Myrdal-Ål,R40,rail,VYG:ServiceJourney:1825_465764-R,True,actual,False,,,,,2026-09-07T15:44:36.205822+02:00
NSR:StopPlace:206,Mariero stasjon,2026-09-07T19:25:00+02:00,2026-09-07T19:32:19+02:00,2026-09-07T19:32:19+02:00,439.0,1,Stavanger,GOA:Line:59,Jærbanen,L5,rail,GOA:ServiceJourney:3057_63110-R,True,actual,False,,,,,2026-09-07T20:27:16.249662+02:00
NSR:StopPlace:61897,Bryn stasjon,2026-09-07T14:05:00+02:00,2026-09-07T14:12:19+02:00,2026-09-07T14:12:19+02:00,439.0,1,Spikkestad,VYG:Line:L1,Spikkestad-Oslo S-Lillestrøm,L1,rail,VYG:ServiceJourney:2237_443645-R,True,actual,False,Forsinket | Færre vogner,Toget kjørte 7 minutter forsinket fra Lillestrøm. Dette skyldes en tidligere stans. | Denne avgangen kjører dessverre med 4 vogner i stedet for 8 vogner. Dette skyldes at vi mangler et togsett.,incident | general,normal | normal,2026-09-07T15:44:36.205822+02:00
NSR:StopPlace:60053,Halden stasjon,2026-09-07T14:56:00+02:00,2026-09-07T15:03:19+02:00,2026-09-07T15:03:19+02:00,439.0,1,Halden sentrum,OST:Line:1_32,Brekkerød-Stenrød,32,bus,OST:ServiceJourney:32_260325121472806_20,True,actual,False,,,,,2026-09-07T15:44:36.205822+02:00
NSR:StopPlace:60053,Halden stasjon,2026-09-07T08:21:00+02:00,2026-09-07T08:28:19+02:00,2026-09-07T08:28:19+02:00,439.0,1,Halden,OST:Line:1_633,Moss-Sarpsborg-Halden,633,bus,OST:ServiceJourney:633_260325121471433_104,True,actual,False,,,,,2026-09-07T08:42:24.659182+02:00
NSR:StopPlace:61169,Marienborg stasjon,2026-09-07T22:08:00+02:00,2026-09-07T22:15:18+02:00,2026-09-07T22:15:18+02:00,438.0,1,Pirbadet via St. Olavs hospital,ATB:Line:2_23,Brattøra - St. Olavs - Hallset - Flatåsen - Sandmoen,23,bus,ATB:ServiceJourney:23_251215112545584_127,True,actual,False,,,,,2026-09-08T00:20:52.129880+02:00
NSR:StopPlace:58855,Leirsund stasjon,2026-09-07T21:55:00+02:00,2026-09-07T22:02:18+02:00,2026-09-07T22:02:18+02:00,438.0,1,Drammen,VYG:Line:R13,Drammen-Oslo S-Dal,R13,rail,VYG:ServiceJourney:1668_443360-R,True,actual,False,,,,,2026-09-08T00:20:52.129880+02:00
NSR:StopPlace:59653,Haugenstua stasjon,2026-09-07T13:55:00+02:00,2026-09-07T14:02:18+02:00,2026-09-07T14:02:18+02:00,438.0,1,Spikkestad,VYG:Line:L1,Spikkestad-Oslo S-Lillestrøm,L1,rail,VYG:ServiceJourney:2237_443645-R,True,actual,False,Forsinket | Færre vogner,Toget kjørte 7 minutter forsinket fra Lillestrøm. Dette skyldes en tidligere stans. | Denne avgangen kjører dessverre med 4 vogner i stedet for 8 vogner. Dette skyldes at vi mangler et togsett.,incident | general,normal | normal,2026-09-07T15:44:36.205822+02:00
NSR:StopPlace:58932,Hommelvik stasjon,2026-09-07T07:17:00+02:00,2026-09-07T07:24:17+02:00,2026-09-07T07:24:17+02:00,437.0,1,Stjørdal stasjon - Tangen,ATB:Line:2_70,Stjørdal/Hommelvik- Trondheim,70,bus,ATB:ServiceJourney:70_251215112546904_5,True,actual,False,,,,,2026-09-07T08:42:24.659182+02:00
NSR:StopPlace:58819,Grua stasjon,2026-09-07T06:48:00+02:00,2026-09-07T06:55:17+02:00,2026-09-07T06:55:17+02:00,437.0,1,Oslo S,VYG:Line:R31,Skøyen-Jaren-Gjøvik,R31,rail,VYG:ServiceJourney:BUS-270_655589-R,True,actual,False,,,,,2026-09-07T08:42:24.659182+02:00
NSR:StopPlace:62392,Slependen stasjon,2026-09-07T18:33:00+02:00,2026-09-07T18:40:16+02:00,2026-09-07T18:40:16+02:00,436.0,1,Spikkestad,VYG:Line:L1,Spikkestad-Oslo S-Lillestrøm,L1,rail,VYG:ServiceJourney:2253_443674-R,True,actual,False,Færre vogner,Denne avgangen kjører dessverre med 4 vogner i stedet for 8 vogner. Dette skyldes at vi mangler et togsett.,general,normal,2026-09-07T20:27:16.249662+02:00
NSR:StopPlace:62377,Ronglan stasjon,2026-09-07T07:27:00+02:00,2026-09-07T07:34:16+02:00,2026-09-07T07:34:16+02:00,436.0,1,Steinkjer,SJN:Line:26,Trønderbanen,R70,rail,SJN:ServiceJourney:423_56052-R,True,actual,False,,,,,2026-09-07T08:42:24.659182+02:00
NSR:StopPlace:206,Mariero stasjon,2026-09-07T23:28:00+02:00,2026-09-07T23:35:15+02:00,2026-09-07T23:35:15+02:00,435.0,1,Stavanger,GOA:Line:59,Jærbanen,L5,rail,GOA:ServiceJourney:3073_63135-R,True,actual,False,,,,,2026-09-08T00:20:52.129880+02:00
NSR:StopPlace:58861,Solbråtan stasjon,2026-09-07T19:11:00+02:00,2026-09-07T19:18:15+02:00,2026-09-07T19:18:15+02:00,435.0,1,Tårnåsen,RUT:Line:83,Jernbanetorget - Tårnåsen,83,bus,RUT:ServiceJourney:1432fe75aa641ff9bcd67a3285ba39bf,True,actual,False,Linje 80E og 83 får Hausmanns bru som ny endeholdeplass fra 29. juni,"Bussene stopper ikke på Jernbanetorget etter 29. juni, men starter og stopper på Hausmanns bru i Nylandsveien.",incident,normal,2026-09-07T20:27:16.249662+02:00
NSR:StopPlace:62094,Lindeberg stasjon,2026-09-07T13:48:00+02:00,2026-09-07T13:55:15+02:00,2026-09-07T13:55:15+02:00,435.0,1,Drammen,VYG:Line:R13,Drammen-Oslo S-Dal,R13,rail,VYG:ServiceJourney:1636_443290-R,True,actual,False,,,,,2026-09-07T15:44:36.205822+02:00
NSR:StopPlace:58857,Lørenskog stasjon,2026-09-07T13:51:00+02:00,2026-09-07T13:58:14+02:00,2026-09-07T13:58:14+02:00,434.0,1,Spikkestad,VYG:Line:L1,Spikkestad-Oslo S-Lillestrøm,L1,rail,VYG:ServiceJourney:2237_443645-R,True,actual,False,Forsinket | Færre vogner,Toget kjørte 7 minutter forsinket fra Lillestrøm. Dette skyldes en tidligere stans. | Denne avgangen kjører dessverre med 4 vogner i stedet for 8 vogner. Dette skyldes at vi mangler et togsett.,incident | general,normal | normal,2026-09-07T15:44:36.205822+02:00
NSR:StopPlace:101,Sagdalen stasjon,2026-09-07T15:22:00+02:00,2026-09-07T15:29:14+02:00,2026-09-07T15:29:14+02:00,434.0,1,Lillestrøm,VYG:Line:L1,Spikkestad-Oslo S-Lillestrøm,L1,rail,VYG:ServiceJourney:2140_443548-R,True,actual,False,,,,,2026-09-07T15:44:36.205822+02:00
NSR:StopPlace:62392,Slependen stasjon,2026-09-07T15:19:00+02:00,2026-09-07T15:26:14+02:00,2026-09-07T15:26:14+02:00,434.0,1,Asker,VYG:Line:L1,Spikkestad-Oslo S-Lillestrøm,L1,rail,VYG:ServiceJourney:2139_443546-R,True,actual,False,,,,,2026-09-07T15:44:36.205822+02:00
NSR:StopPlace:8,Paradis stasjon,2026-09-07T23:31:00+02:00,2026-09-07T23:38:13+02:00,2026-09-07T23:38:13+02:00,433.0,1,Stavanger,GOA:Line:59,Jærbanen,L5,rail,GOA:ServiceJourney:3073_63135-R,True,actual,False,,,,,2026-09-08T00:20:52.129880+02:00
NSR:StopPlace:60271,Varhaug stasjon,2026-09-07T15:18:00+02:00,2026-09-07T15:25:13+02:00,2026-09-07T15:25:13+02:00,433.0,1,Stavanger,GOA:Line:59,Jærbanen,L5,rail,GOA:ServiceJourney:3043_63086-R,True,actual,False,,,,,2026-09-07T15:44:36.205822+02:00
NSR:StopPlace:58805,Brumunddal stasjon,2026-09-07T18:49:00+02:00,2026-09-07T18:56:12+02:00,2026-09-07T18:56:12+02:00,432.0,1,Drammen,VYG:Line:RE10,Drammen-Oslo S-Lillehammer,RE10,rail,VYG:ServiceJourney:330-LHM_444236-R,True,actual,False,,,,,2026-09-07T20:27:16.249662+02:00
NSR:StopPlace:58799,Rygge stasjon,2026-09-07T19:06:00+02:00,2026-09-07T19:13:11+02:00,2026-09-07T19:13:11+02:00,431.0,1,Oslo S,VYG:Line:RE20,Oslo S-Halden-Göteborg (X-Border),RE20,rail,VYG:ServiceJourney:392-130_465603-R,True,actual,False,,,,,2026-09-07T20:27:16.249662+02:00
NSR:StopPlace:58833,Gol stasjon,2026-09-07T17:45:00+02:00,2026-09-07T17:52:11+02:00,2026-09-07T17:52:11+02:00,431.0,1,Oslo S,VYG:Line:F4,Oslo S-Bergen,F4,rail,VYG:ServiceJourney:90608_661661-R,True,actual,False,,,,,2026-09-07T20:27:16.249662+02:00
NSR:StopPlace:610,Sandvika stasjon,2026-09-07T16:54:00+02:00,2026-09-07T17:01:11+02:00,2026-09-07T17:01:11+02:00,431.0,1,Skien,VYG:Line:RE11,Eidsvoll-Oslo S-Skien,RE11,rail,VYG:ServiceJourney:825_444405-R,True,actual,False,,,,,2026-09-07T20:27:16.249662+02:00
NSR:StopPlace:58877,Bø stasjon,2026-09-07T13:27:00+02:00,2026-09-07T13:34:11+02:00,2026-09-07T13:34:11+02:00,431.0,1,Stavanger,GOA:Line:50,Sørtoget region,F5,rail,GOA:ServiceJourney:711-LOD_64080-R,True,actual,False,,,,,2026-09-07T15:44:36.205822+02:00
NSR:StopPlace:41,Hanaborg stasjon,2026-09-07T07:49:00+02:00,2026-09-07T07:56:11+02:00,2026-09-07T07:56:11+02:00,431.0,1,Spikkestad,VYG:Line:L1,Spikkestad-Oslo S-Lillestrøm,L1,rail,VYG:ServiceJourney:2213_443605-R,True,actual,False,,,,,2026-09-07T08:42:24.659182+02:00
NSR:StopPlace:610,Sandvika stasjon,2026-09-07T22:15:00+02:00,2026-09-07T22:22:10+02:00,2026-09-07T22:22:10+02:00,430.0,1,Lillehammer,VYG:Line:RE10,Drammen-Oslo S-Lillehammer,RE10,rail,VYG:ServiceJourney:337-SUD_486424-R,True,actual,False,,,,,2026-09-08T00:20:52.129880+02:00
NSR:StopPlace:59620,Grorud stasjon,2026-09-07T06:46:00+02:00,2026-09-07T06:53:10+02:00,2026-09-07T06:53:10+02:00,430.0,1,Vestvollen,RUT:Line:345,Vestvollen - Økern,345,bus,RUT:ServiceJourney:c2e6ca4f5b68a2ce5027cf0fb5a62062,True,actual,False,,,,,2026-09-07T08:42:24.659182+02:00
NSR:StopPlace:62341,Tangen stasjon,2026-09-07T21:34:00+02:00,2026-09-07T21:41:09+02:00,2026-09-07T21:41:09+02:00,429.0,1,Drammen,VYG:Line:RE10,Drammen-Oslo S-Lillehammer,RE10,rail,VYG:ServiceJourney:334-LHM_444252-R,True,actual,False,,,,,2026-09-08T00:20:52.129880+02:00
NSR:StopPlace:8,Paradis stasjon,2026-09-07T19:28:00+02:00,2026-09-07T19:35:09+02:00,2026-09-07T19:35:09+02:00,429.0,1,Stavanger,GOA:Line:59,Jærbanen,L5,rail,GOA:ServiceJourney:3057_63110-R,True,actual,False,,,,,2026-09-07T20:27:16.249662+02:00
NSR:StopPlace:58796,Moss stasjon,2026-09-07T17:42:00+02:00,2026-09-07T17:49:09+02:00,2026-09-07T17:49:09+02:00,429.0,1,Askim,OST:Line:1_641,Askim-Elvestad-Moss,641,bus,OST:ServiceJourney:641_260325121473634_16,True,actual,False,,,,,2026-09-07T20:27:16.249662+02:00
NSR:StopPlace:58854,Langhus stasjon,2026-09-07T17:29:00+02:00,2026-09-07T17:36:09+02:00,2026-09-07T17:36:09+02:00,429.0,1,Bøleråsen,RUT:Line:510,Bøleråsen - Ski - Ås - Drøbak,510,bus,RUT:ServiceJourney:3dc6ac1839c100b4e613957319986abc,True,actual,False,,,,,2026-09-07T20:27:16.249662+02:00
NSR:StopPlace:58800,Råde stasjon,2026-09-07T19:00:00+02:00,2026-09-07T19:07:09+02:00,2026-09-07T19:07:09+02:00,429.0,1,Oslo S,VYG:Line:RE20,Oslo S-Halden-Göteborg (X-Border),RE20,rail,VYG:ServiceJourney:392-130_465603-R,True,actual,False,,,,,2026-09-07T20:27:16.249662+02:00
NSR:StopPlace:61608,Kristiansand stasjon,2026-09-07T19:59:00+02:00,2026-09-07T20:06:08+02:00,2026-09-07T20:06:08+02:00,428.0,1,Stavanger,GOA:Line:50,Sørtoget region,F5,rail,GOA:ServiceJourney:715-LOD_63248-R,True,actual,False,,,,,2026-09-07T20:27:16.249662+02:00
NSR:StopPlace:58833,Gol stasjon,2026-09-07T15:04:00+02:00,2026-09-07T15:11:08+02:00,2026-09-07T15:11:08+02:00,428.0,1,Bergen,VYG:Line:F4,Oslo S-Bergen,F4,rail,VYG:ServiceJourney:601-LOD_456939-R,True,actual,False,,,,,2026-09-07T15:44:36.205822+02:00
NSR:StopPlace:59958,Voss stasjon,2026-09-08T00:28:00+02:00,2026-09-08T00:35:07+02:00,2026-09-08T00:35:07+02:00,427.0,1,Oslo S,VYG:Line:F4,Oslo S-Bergen,F4,rail,VYG:ServiceJourney:606-BRG_481554-R,True,actual,False,,,,,2026-09-08T03:39:50.209703+02:00
NSR:StopPlace:58835,Lier stasjon,2026-09-07T22:17:00+02:00,2026-09-07T22:24:07+02:00,2026-09-07T22:24:07+02:00,427.0,1,Drammen,VYG:Line:R13,Drammen-Oslo S-Dal,R13,rail,VYG:ServiceJourney:1666_443356-R,True,actual,False,,,,,2026-09-08T00:20:52.129880+02:00
NSR:StopPlace:59649,Nydalen stasjon,2026-09-07T16:44:00+02:00,2026-09-07T16:51:07+02:00,2026-09-07T16:51:07+02:00,427.0,1,Jaren,VYG:Line:R31,Skøyen-Jaren-Gjøvik,R31,rail,VYG:ServiceJourney:BUS-243_655554-R,True,actual,False,,,,,2026-09-07T20:27:16.249662+02:00
NSR:StopPlace:58794,Fredrikstad stasjon,2026-09-07T17:46:00+02:00,2026-09-07T17:53:07+02:00,2026-09-07T17:53:07+02:00,427.0,1,Oslo S,VYG:Line:RE20,Oslo S-Halden-Göteborg (X-Border),RE20,rail,VYG:ServiceJourney:128_443128-R,True,actual,False,,,,,2026-09-07T20:27:16.249662+02:00
NSR:StopPlace:58843,Blommenholm stasjon,2026-09-07T18:28:00+02:00,2026-09-07T18:35:07+02:00,2026-09-07T18:35:07+02:00,427.0,1,Spikkestad,VYG:Line:L1,Spikkestad-Oslo S-Lillestrøm,L1,rail,VYG:ServiceJourney:2253_443674-R,True,actual,False,Færre vogner,Denne avgangen kjører dessverre med 4 vogner i stedet for 8 vogner. Dette skyldes at vi mangler et togsett.,general,normal,2026-09-07T20:27:16.249662+02:00
NSR:StopPlace:60047,Melhus skysstasjon,2026-09-07T14:43:00+02:00,2026-09-07T14:50:07+02:00,2026-09-07T14:50:07+02:00,427.0,1,Hesttrøa via Gimse/Høyeggen sk.,ATB:Line:2_82,Hesttrøa-Brekkåsen,82,bus,ATB:ServiceJourney:82_251215112550639_68,True,actual,False,Linje 82 og 504,Avvikende kjøring for linje 82 og 504 pga Hølondvegen er stengt. ,general,normal,2026-09-07T15:44:36.205822+02:00
NSR:StopPlace:101,Sagdalen stasjon,2026-09-07T20:07:00+02:00,2026-09-07T20:14:06+02:00,2026-09-07T20:14:06+02:00,426.0,1,Lillestrøm,VYG:Line:L1,Spikkestad-Oslo S-Lillestrøm,L1,rail,VYG:ServiceJourney:2260_445359-R,True,actual,False,,,,,2026-09-07T20:27:16.249662+02:00
NSR:StopPlace:59646,Høvik stasjon,2026-09-07T17:53:00+02:00,2026-09-07T18:00:05+02:00,2026-09-07T18:00:05+02:00,425.0,1,Lillestrøm,VYG:Line:L1,Spikkestad-Oslo S-Lillestrøm,L1,rail,VYG:ServiceJourney:2254_443676-R,True,actual,False,,,,,2026-09-07T20:27:16.249662+02:00
NSR:StopPlace:58932,Hommelvik stasjon,2026-09-07T18:35:00+02:00,2026-09-07T18:42:05+02:00,2026-09-07T18:42:05+02:00,425.0,1,Stjørdal stasjon,ATB:Line:2_70,Stjørdal/Hommelvik- Trondheim,70,bus,ATB:ServiceJourney:70_251215112547135_83,True,actual,False,,,,,2026-09-07T20:27:16.249662+02:00
NSR:StopPlace:58874,Stokke stasjon,2026-09-07T17:52:00+02:00,2026-09-07T17:59:04+02:00,2026-09-07T17:59:04+02:00,424.0,1,Tønsberg,VKT:Line:520,Tønsberg-Stokke,520,bus,VKT:ServiceJourney:17323,True,actual,False,,,,,2026-09-07T20:27:16.249662+02:00
NSR:StopPlace:61295,Haugastøl stasjon,2026-09-07T13:50:00+02:00,2026-09-07T13:57:04+02:00,2026-09-07T13:57:04+02:00,424.0,1,Bergen,VYG:Line:R40,Bergen-Voss-Myrdal-Ål,R40,rail,VYG:ServiceJourney:1825_465764-R,True,actual,False,,,,,2026-09-07T15:44:36.205822+02:00
NSR:StopPlace:58935,Levanger stasjon,2026-09-07T13:42:00+02:00,2026-09-07T13:49:04+02:00,2026-09-07T13:49:04+02:00,424.0,1,Steinkjer stasjon,ATB:Line:2_640,Levanger - Steinkjer,640,bus,ATB:ServiceJourney:640_260106098640612_10,True,actual,False,,,,,2026-09-07T15:44:36.205822+02:00
NSR:StopPlace:61979,Hellvik stasjon,2026-09-07T15:28:00+02:00,2026-09-07T15:35:04+02:00,2026-09-07T15:35:04+02:00,424.0,1,Egersund,GOA:Line:59,Jærbanen,L5,rail,GOA:ServiceJourney:3042_63084-R,True,actual,False,,,,,2026-09-07T15:44:36.205822+02:00
NSR:StopPlace:60042,Trengereid stasjon,2026-09-07T07:39:00+02:00,2026-09-07T07:46:04+02:00,2026-09-07T07:46:04+02:00,424.0,1,Bergen,VYG:Line:R40,Bergen-Voss-Myrdal-Ål,R40,rail,VYG:ServiceJourney:1809_443395-R,True,actual,False,,,,,2026-09-07T08:42:24.659182+02:00
NSR:StopPlace:58811,Moelv stasjon,2026-09-07T07:37:00+02:00,2026-09-07T07:44:04+02:00,2026-09-07T07:44:04+02:00,424.0,1,Drammen,VYG:Line:RE10,Drammen-Oslo S-Lillehammer,RE10,rail,VYG:ServiceJourney:308-DOM_444144-R,True,actual,False,,,,,2026-09-07T08:42:24.659182+02:00
NSR:StopPlace:261,Ganddal stasjon,2026-09-07T19:09:00+02:00,2026-09-07T19:16:03+02:00,2026-09-07T19:16:03+02:00,423.0,1,Stavanger,GOA:Line:59,Jærbanen,L5,rail,GOA:ServiceJourney:3057_63110-R,True,actual,False,,,,,2026-09-07T20:27:16.249662+02:00
NSR:StopPlace:61387,Skogn stasjon,2026-09-07T07:33:00+02:00,2026-09-07T07:40:03+02:00,2026-09-07T07:40:03+02:00,423.0,1,Steinkjer,SJN:Line:26,Trønderbanen,R70,rail,SJN:ServiceJourney:423_56052-R,True,actual,False,,,,,2026-09-07T08:42:24.659182+02:00
NSR:StopPlace:58858,Nittedal stasjon,2026-09-07T06:53:00+02:00,2026-09-07T07:00:03+02:00,2026-09-07T07:00:03+02:00,423.0,1,Oslo S,VYG:Line:R31,Skøyen-Jaren-Gjøvik,R31,rail,VYG:ServiceJourney:BUS-244_655559-R,True,actual,False,,,,,2026-09-07T08:42:24.659182+02:00
NSR:StopPlace:58858,Nittedal stasjon,2026-09-07T08:13:00+02:00,2026-09-07T08:20:03+02:00,2026-09-07T08:20:03+02:00,423.0,1,Roa,VYG:Line:RE30,Oslo S-Gjøvik,RE30,rail,VYG:ServiceJourney:BUS-1207_654996-R,True,actual,False,,,,,2026-09-07T08:42:24.659182+02:00
NSR:StopPlace:58866,Vevelstad stasjon,2026-09-07T16:53:00+02:00,2026-09-07T17:00:02+02:00,2026-09-07T17:00:02+02:00,422.0,1,Drøbak - Frogn vgs.,RUT:Line:510,Bøleråsen - Ski - Ås - Drøbak,510,bus,RUT:ServiceJourney:5470355093381fd105eb0e3b972489a0,True,actual,False,,,,,2026-09-07T20:27:16.249662+02:00
NSR:StopPlace:58801,Sarpsborg stasjon,2026-09-07T18:33:00+02:00,2026-09-07T18:40:01+02:00,2026-09-07T18:40:01+02:00,421.0,1,Halden,VYG:Line:RE20,Oslo S-Halden-Göteborg (X-Border),RE20,rail,VYG:ServiceJourney:125_443123-R,True,actual,False,,,,,2026-09-07T20:27:16.249662+02:00
NSR:StopPlace:60047,Melhus skysstasjon,2026-09-07T14:11:00+02:00,2026-09-07T14:18:01+02:00,2026-09-07T14:18:01+02:00,421.0,1,Trondheim S,ATB:Line:2_340,Trondheim - Støren,340,bus,ATB:ServiceJourney:340_260106098639875_37,True,actual,False,,,,,2026-09-07T15:44:36.205822+02:00
NSR:StopPlace:60569,Sirevåg stasjon,2026-09-07T15:33:00+02:00,2026-09-07T15:40:01+02:00,2026-09-07T15:40:01+02:00,421.0,1,Stavanger,GOA:Line:59,Jærbanen,L5,rail,GOA:ServiceJourney:3045_63088-R,True,actual,False,,,,,2026-09-07T15:44:36.205822+02:00
NSR:StopPlace:61979,Hellvik stasjon,2026-09-07T15:28:00+02:00,2026-09-07T15:35:01+02:00,2026-09-07T15:35:01+02:00,421.0,1,Stavanger,GOA:Line:59,Jærbanen,L5,rail,GOA:ServiceJourney:3045_63088-R,True,actual,False,,,,,2026-09-07T15:44:36.205822+02:00
NSR:StopPlace:58886,Arendal stasjon,2026-09-07T07:37:00+02:00,2026-09-07T07:44:01+02:00,2026-09-07T07:44:01+02:00,421.0,1,Grimstad via Arendal sentrum,AKT:Line:101,Eydehavn-Arendal-Grimstad N/S,101,bus,AKT:ServiceJourney:71732_91_89_52800_57180_40000971,True,actual,False,,,,,2026-09-07T08:42:24.659182+02:00
NSR:StopPlace:362,Jåttåvågen stasjon,2026-09-07T23:25:00+02:00,2026-09-07T23:32:00+02:00,2026-09-07T23:32:00+02:00,420.0,1,Stavanger,GOA:Line:59,Jærbanen,L5,rail,GOA:ServiceJourney:3073_63135-R,True,actual,False,,,,,2026-09-08T00:20:52.129880+02:00
NSR:StopPlace:60131,Ed station,2026-09-07T17:28:00+02:00,2026-09-07T17:35:00+02:00,2026-09-07T17:35:00+02:00,420.0,1,Oslo S,VYG:Line:RE20,Oslo S-Halden-Göteborg (X-Border),RE20,rail,VYG:ServiceJourney:392-130_465603-R,True,actual,False,,,,,2026-09-07T20:27:16.249662+02:00
NSR:StopPlace:60131,Ed station,2026-09-07T17:57:00+02:00,2026-09-07T18:04:00+02:00,2026-09-07T18:04:00+02:00,420.0,1,Göteborg C,VYG:Line:RE20,Oslo S-Halden-Göteborg (X-Border),RE20,rail,VYG:ServiceJourney:141-393-LOD_459842-R,True,actual,False,,,,,2026-09-07T20:27:16.249662+02:00
NSR:StopPlace:420,Lillehammer stasjon,2026-09-07T20:11:00+02:00,2026-09-07T20:18:00+02:00,2026-09-07T20:18:00+02:00,420.0,1,Drammen,VYG:Line:RE10,Drammen-Oslo S-Lillehammer,RE10,rail,VYG:ServiceJourney:334-LHM_444252-R,True,actual,False,,,,,2026-09-07T20:27:16.249662+02:00
NSR:StopPlace:610,Sandvika stasjon,2026-09-07T17:48:00+02:00,2026-09-07T17:55:00+02:00,2026-09-07T17:55:00+02:00,420.0,1,Lillestrøm,VYG:Line:L1,Spikkestad-Oslo S-Lillestrøm,L1,rail,VYG:ServiceJourney:2254_443676-R,True,actual,False,,,,,2026-09-07T20:27:16.249662+02:00
NSR:StopPlace:58924,Bryne stasjon,2026-09-07T15:28:00+02:00,2026-09-07T15:35:00+02:00,2026-09-07T15:35:00+02:00,420.0,1,Egersund,GOA:Line:59,Jærbanen,L5,rail,GOA:ServiceJourney:3044_63087-R,True,actual,False,,,,,2026-09-07T15:44:36.205822+02:00
NSR:StopPlace:58935,Levanger stasjon,2026-09-07T07:40:00+02:00,2026-09-07T07:47:00+02:00,2026-09-07T07:47:00+02:00,420.0,1,Steinkjer,SJN:Line:26,Trønderbanen,R70,rail,SJN:ServiceJourney:423_56052-R,True,actual,False,,,,,2026-09-07T08:42:24.659182+02:00
NSR:StopPlace:58799,Rygge stasjon,2026-09-07T16:57:00+02:00,2026-09-07T17:03:59+02:00,2026-09-07T17:03:59+02:00,419.0,1,Halden,VYG:Line:RE20,Oslo S-Halden-Göteborg (X-Border),RE20,rail,VYG:ServiceJourney:123-LOD_548094-R,True,actual,False,,,,,2026-09-07T20:27:16.249662+02:00
NSR:StopPlace:58811,Moelv stasjon,2026-09-07T19:26:00+02:00,2026-09-07T19:32:59+02:00,2026-09-07T19:32:59+02:00,419.0,1,Hamar,INN:Line:100,Hamar - Gjøvik,100,bus,INN:ServiceJourney:83512,True,actual,False,,,,,2026-09-07T20:27:16.249662+02:00
NSR:StopPlace:313,Høybråten stasjon,2026-09-07T13:53:00+02:00,2026-09-07T13:59:59+02:00,2026-09-07T13:59:59+02:00,419.0,1,Spikkestad,VYG:Line:L1,Spikkestad-Oslo S-Lillestrøm,L1,rail,VYG:ServiceJourney:2237_443645-R,True,actual,False,Forsinket | Færre vogner,Toget kjørte 7 minutter forsinket fra Lillestrøm. Dette skyldes en tidligere stans. | Denne avgangen kjører dessverre med 4 vogner i stedet for 8 vogner. Dette skyldes at vi mangler et togsett.,incident | general,normal | normal,2026-09-07T15:44:36.205822+02:00
NSR:StopPlace:62295,Stanghelle stasjon,2026-09-07T13:56:00+02:00,2026-09-07T14:02:59+02:00,2026-09-07T14:02:59+02:00,419.0,1,Myrdal,VYG:Line:R40,Bergen-Voss-Myrdal-Ål,R40,rail,VYG:ServiceJourney:1818_443404-R,True,actual,False,,,,,2026-09-07T15:44:36.205822+02:00
NSR:StopPlace:60053,Halden stasjon,2026-09-07T07:39:00+02:00,2026-09-07T07:45:59+02:00,2026-09-07T07:45:59+02:00,419.0,1,Halden sentrum,OST:Line:1_631,Halden-Ørje,631,bus,OST:ServiceJourney:631_260325121471419_2,True,actual,False,,,,,2026-09-07T08:42:24.659182+02:00
NSR:StopPlace:60077,Støren stasjon,2026-09-07T08:10:00+02:00,2026-09-07T08:16:59+02:00,2026-09-07T08:16:59+02:00,419.0,1,Trondheim S,ATB:Line:2_440,Støren - Røros,440,bus,ATB:ServiceJourney:440_260106098642807_13,True,actual,False,,,,,2026-09-07T08:42:24.659182+02:00
NSR:StopPlace:58869,Ås stasjon,2026-09-07T08:15:00+02:00,2026-09-07T08:21:59+02:00,2026-09-07T08:21:59+02:00,419.0,1,Stabekk,VYG:Line:R21,Stabekk-Oslo S-Moss,R21,rail,VYG:ServiceJourney:1116-MOS_442991-R,True,actual,False,,,,,2026-09-07T08:42:24.659182+02:00
NSR:StopPlace:58805,Brumunddal stasjon,2026-09-07T07:49:00+02:00,2026-09-07T07:55:59+02:00,2026-09-07T07:55:59+02:00,419.0,1,Drammen,VYG:Line:RE10,Drammen-Oslo S-Lillehammer,RE10,rail,VYG:ServiceJourney:308-DOM_444144-R,True,actual,False,,,,,2026-09-07T08:42:24.659182+02:00
NSR:StopPlace:62310,Brusand stasjon,2026-09-07T04:56:00+02:00,2026-09-07T05:02:59+02:00,2026-09-07T05:02:59+02:00,419.0,1,Stavanger,GOA:Line:59,Jærbanen,L5,rail,GOA:ServiceJourney:3001_63033-R,True,actual,False,,,,,2026-09-07T08:42:24.659182+02:00
NSR:StopPlace:59261,Trondheim lufthavn,2026-09-07T18:47:00+02:00,2026-09-07T18:53:58+02:00,2026-09-07T18:53:58+02:00,418.0,1,Stjørdal stasjon,ATB:Line:2_70,Stjørdal/Hommelvik- Trondheim,70,bus,ATB:ServiceJourney:70_251215112547135_83,True,actual,False,,,,,2026-09-07T20:27:16.249662+02:00
NSR:StopPlace:58852,Høn stasjon,2026-09-07T17:36:00+02:00,2026-09-07T17:42:58+02:00,2026-09-07T17:42:58+02:00,418.0,1,Lillestrøm,VYG:Line:L1,Spikkestad-Oslo S-Lillestrøm,L1,rail,VYG:ServiceJourney:2254_443676-R,True,actual,False,,,,,2026-09-07T20:27:16.249662+02:00
NSR:StopPlace:58801,Sarpsborg stasjon,2026-09-07T19:26:00+02:00,2026-09-07T19:32:58+02:00,2026-09-07T19:32:58+02:00,418.0,1,Oslo S,VYG:Line:RE20,Oslo S-Halden-Göteborg (X-Border),RE20,rail,VYG:ServiceJourney:132_443133-R,True,actual,False,,,,,2026-09-07T20:27:16.249662+02:00
NSR:StopPlace:362,Jåttåvågen stasjon,2026-09-07T19:22:00+02:00,2026-09-07T19:28:57+02:00,2026-09-07T19:28:57+02:00,417.0,1,Stavanger,GOA:Line:59,Jærbanen,L5,rail,GOA:ServiceJourney:3057_63110-R,True,actual,False,,,,,2026-09-07T20:27:16.249662+02:00
NSR:StopPlace:58828,Roa stasjon,2026-09-07T08:15:00+02:00,2026-09-07T08:21:57+02:00,2026-09-07T08:21:57+02:00,417.0,1,Lunner barneskole via Roa st  og Heimly,INN:Line:465,Lunner b.sk.-Roa-Oppdalen-Gran,465,bus,INN:ServiceJourney:71228,True,actual,False,,,,,2026-09-07T08:42:24.659182+02:00
NSR:StopPlace:61169,Marienborg stasjon,2026-09-07T14:16:00+02:00,2026-09-07T14:22:56+02:00,2026-09-07T14:22:56+02:00,416.0,1,Sandmoen via Flatåsen,ATB:Line:2_23,Brattøra - St. Olavs - Hallset - Flatåsen - Sandmoen,23,bus,ATB:ServiceJourney:23_251215112545556_62,True,actual,False,,,,,2026-09-07T15:44:36.205822+02:00
NSR:StopPlace:58819,Grua stasjon,2026-09-07T06:47:00+02:00,2026-09-07T06:53:56+02:00,2026-09-07T06:53:56+02:00,416.0,1,Oslo S,VYG:Line:RE30,Oslo S-Gjøvik,RE30,rail,VYG:ServiceJourney:BUS-1204_654982-R,True,actual,False,,,,,2026-09-07T08:42:24.659182+02:00
NSR:StopPlace:58936,Skatval stasjon,2026-09-07T21:08:00+02:00,2026-09-07T21:14:55+02:00,2026-09-07T21:14:55+02:00,415.0,1,Steinkjer,SJN:Line:26,Trønderbanen,R70,rail,SJN:ServiceJourney:451_56080-R,True,actual,False,,,,,2026-09-08T00:20:52.129880+02:00
NSR:StopPlace:58800,Råde stasjon,2026-09-07T18:05:00+02:00,2026-09-07T18:11:55+02:00,2026-09-07T18:11:55+02:00,415.0,1,Halden,VYG:Line:RE20,Oslo S-Halden-Göteborg (X-Border),RE20,rail,VYG:ServiceJourney:125_443123-R,True,actual,False,,,,,2026-09-07T20:27:16.249662+02:00
NSR:StopPlace:58834,Hokksund stasjon,2026-09-07T08:07:00+02:00,2026-09-07T08:13:55+02:00,2026-09-07T08:13:55+02:00,415.0,1,Hokksund skole,BRA:Line:4_6125,Hokksund - Harakollen,125,bus,BRA:ServiceJourney:6125_260415100161523_1025,True,actual,False,,,,,2026-09-07T08:42:24.659182+02:00
NSR:StopPlace:62392,Slependen stasjon,2026-09-07T22:19:00+02:00,2026-09-07T22:25:54+02:00,2026-09-07T22:25:54+02:00,414.0,1,Asker,VYG:Line:L1,Spikkestad-Oslo S-Lillestrøm,L1,rail,VYG:ServiceJourney:2167_443577-R,True,actual,False,,,,,2026-09-08T00:20:52.129880+02:00
NSR:StopPlace:59646,Høvik stasjon,2026-09-07T18:26:00+02:00,2026-09-07T18:32:54+02:00,2026-09-07T18:32:54+02:00,414.0,1,Spikkestad,VYG:Line:L1,Spikkestad-Oslo S-Lillestrøm,L1,rail,VYG:ServiceJourney:2253_443674-R,True,actual,False,Færre vogner,Denne avgangen kjører dessverre med 4 vogner i stedet for 8 vogner. Dette skyldes at vi mangler et togsett.,general,normal,2026-09-07T20:27:16.249662+02:00
NSR:StopPlace:59648,Kjelsås stasjon,2026-09-07T14:25:00+02:00,2026-09-07T14:31:54+02:00,2026-09-07T14:31:54+02:00,414.0,1,Majorstuen,RUT:Line:25,Majorstuen-Haugerud,25,bus,RUT:ServiceJourney:6b25c0feba663ac4fa1783b528bfe5ab,True,actual,False,,,,,2026-09-07T15:44:36.205822+02:00
NSR:StopPlace:58857,Lørenskog stasjon,2026-09-07T07:37:00+02:00,2026-09-07T07:43:54+02:00,2026-09-07T07:43:54+02:00,414.0,1,Nesåsen,RUT:Line:120,Nesåsen - Stovner,120,bus,RUT:ServiceJourney:6c36da9e2368d1f2ff17eb61862940d2,True,actual,False,,,,,2026-09-07T08:42:24.659182+02:00
NSR:StopPlace:58886,Arendal stasjon,2026-09-07T07:29:00+02:00,2026-09-07T07:35:54+02:00,2026-09-07T07:35:54+02:00,414.0,1,Rykene via Arendal sentrum,AKT:Line:102,Tromøy Øst-Arendal-Rykene,102,bus,AKT:ServiceJourney:72001_21_72_50760_54180_40001667,True,actual,False,,,,,2026-09-07T08:42:24.659182+02:00
NSR:StopPlace:58811,Moelv stasjon,2026-09-07T06:26:00+02:00,2026-09-07T06:32:54+02:00,2026-09-07T06:32:54+02:00,414.0,1,Hamar,INN:Line:100,Hamar - Gjøvik,100,bus,INN:ServiceJourney:83498,True,actual,False,,,,,2026-09-07T08:42:24.659182+02:00
NSR:StopPlace:58830,Brakerøya stasjon,2026-09-07T22:21:00+02:00,2026-09-07T22:27:53+02:00,2026-09-07T22:27:53+02:00,413.0,1,Drammen,VYG:Line:R13,Drammen-Oslo S-Dal,R13,rail,VYG:ServiceJourney:1666_443356-R,True,actual,False,,,,,2026-09-08T00:20:52.129880+02:00
NSR:StopPlace:58843,Blommenholm stasjon,2026-09-07T22:14:00+02:00,2026-09-07T22:20:53+02:00,2026-09-07T22:20:53+02:00,413.0,1,Asker,VYG:Line:L1,Spikkestad-Oslo S-Lillestrøm,L1,rail,VYG:ServiceJourney:2167_443577-R,True,actual,False,,,,,2026-09-08T00:20:52.129880+02:00
NSR:StopPlace:60053,Halden stasjon,2026-09-07T14:43:00+02:00,2026-09-07T14:49:53+02:00,2026-09-07T14:49:53+02:00,413.0,1,Halden sentrum,OST:Line:1_354,Risum ungdomsskole,354,bus,OST:ServiceJourney:354_260325121473076_10,True,actual,False,,,,,2026-09-07T15:44:36.205822+02:00
NSR:StopPlace:59641,Fjellhamar stasjon,2026-09-07T07:47:00+02:00,2026-09-07T07:53:53+02:00,2026-09-07T07:53:53+02:00,413.0,1,Spikkestad,VYG:Line:L1,Spikkestad-Oslo S-Lillestrøm,L1,rail,VYG:ServiceJourney:2213_443605-R,True,actual,False,,,,,2026-09-07T08:42:24.659182+02:00
NSR:StopPlace:222,Myrdal stasjon,2026-09-07T18:21:00+02:00,2026-09-07T18:27:52+02:00,2026-09-07T18:27:52+02:00,412.0,1,Flåm,VYG:Line:R45,Myrdal-Flåm,R45,rail,VYG:ServiceJourney:1867_465788-R,True,actual,False,,,,,2026-09-07T20:27:16.249662+02:00
NSR:StopPlace:58926,Dale stasjon,2026-09-07T14:03:00+02:00,2026-09-07T14:09:52+02:00,2026-09-07T14:09:52+02:00,412.0,1,Myrdal,VYG:Line:R40,Bergen-Voss-Myrdal-Ål,R40,rail,VYG:ServiceJourney:1818_443404-R,True,actual,False,,,,,2026-09-07T15:44:36.205822+02:00
NSR:StopPlace:58836,Mjøndalen stasjon,2026-09-07T14:57:00+02:00,2026-09-07T15:03:52+02:00,2026-09-07T15:03:52+02:00,412.0,1,Åsen,BRA:Line:4_6053,Mjøndalen - Åsen,53,bus,BRA:ServiceJourney:6053_260415100160442_1023,True,actual,False,,,,,2026-09-07T15:44:36.205822+02:00
NSR:StopPlace:62392,Slependen stasjon,2026-09-07T14:33:00+02:00,2026-09-07T14:39:52+02:00,2026-09-07T14:39:52+02:00,412.0,1,Spikkestad,VYG:Line:L1,Spikkestad-Oslo S-Lillestrøm,L1,rail,VYG:ServiceJourney:2237_443645-R,True,actual,False,Forsinket | Færre vogner,Toget kjørte 7 minutter forsinket fra Lillestrøm. Dette skyldes en tidligere stans. | Denne avgangen kjører dessverre med 4 vogner i stedet for 8 vogner. Dette skyldes at vi mangler et togsett.,incident | general,normal | normal,2026-09-07T15:44:36.205822+02:00
NSR:StopPlace:58854,Langhus stasjon,2026-09-07T18:44:00+02:00,2026-09-07T18:50:51+02:00,2026-09-07T18:50:51+02:00,411.0,1,Bøleråsen,RUT:Line:510,Bøleråsen - Ski - Ås - Drøbak,510,bus,RUT:ServiceJourney:27d5af80a0782ce56c2bfc6229049ba9,True,actual,False,,,,,2026-09-07T20:27:16.249662+02:00
NSR:StopPlace:62392,Slependen stasjon,2026-09-08T00:45:00+02:00,2026-09-08T00:51:50+02:00,2026-09-08T00:51:50+02:00,410.0,1,Lillestrøm,VYG:Line:L1,Spikkestad-Oslo S-Lillestrøm,L1,rail,VYG:ServiceJourney:2282_443722-R,True,actual,False,,,,,2026-09-08T03:39:50.209703+02:00
NSR:StopPlace:58930,Larvik stasjon,2026-09-07T22:50:00+02:00,2026-09-07T22:56:50+02:00,2026-09-07T22:56:50+02:00,410.0,1,Larvik-Nordbyen,VKT:Line:81,Nordbyen-Nevlunghavn,81,bus,VKT:ServiceJourney:18147,True,actual,False,,,,,2026-09-08T00:20:52.129880+02:00
NSR:StopPlace:441,Auli stasjon,2026-09-07T23:42:00+02:00,2026-09-07T23:48:50+02:00,2026-09-07T23:48:50+02:00,410.0,1,Kongsvinger,VYG:Line:R14,Asker-Oslo S-Kongsvinger,R14,rail,VYG:ServiceJourney:1037_442949-R,True,actual,False,,,,,2026-09-08T00:20:52.129880+02:00
NSR:StopPlace:58798,Rakkestad stasjon,2026-09-07T14:00:00+02:00,2026-09-07T14:06:50+02:00,2026-09-07T14:06:50+02:00,410.0,1,Gjulem-Rakkestad,OST:Line:1_473,Skoleruter Rakkestad,473,bus,OST:ServiceJourney:473_260325121475543_4,True,actual,False,,,,,2026-09-07T15:44:36.205822+02:00
NSR:StopPlace:58933,Hegra stasjon,2026-09-07T07:42:00+02:00,2026-09-07T07:48:50+02:00,2026-09-07T07:48:50+02:00,410.0,1,Haraldreina sk. via Lånke/Halsen,ATB:Line:2_7708,Fremstad/Buan/Vigdenes bru - Forradal - Hegra - Haraldreina skole,7708,bus,ATB:ServiceJourney:7708_260106098642033_4,True,actual,False,,,,,2026-09-07T08:42:24.659182+02:00
NSR:StopPlace:60053,Halden stasjon,2026-09-07T22:26:00+02:00,2026-09-07T22:32:49+02:00,2026-09-07T22:32:49+02:00,409.0,1,Halden sentrum,OST:Line:1_32,Brekkerød-Stenrød,32,bus,OST:ServiceJourney:32_260325121472818_34,True,actual,False,,,,,2026-09-08T00:20:52.129880+02:00
NSR:StopPlace:59642,Rånåsfoss stasjon,2026-09-07T18:19:00+02:00,2026-09-07T18:25:49+02:00,2026-09-07T18:25:49+02:00,409.0,1,Asker,VYG:Line:R14,Asker-Oslo S-Kongsvinger,R14,rail,VYG:ServiceJourney:1028_442938-R,True,actual,False,,,,,2026-09-07T20:27:16.249662+02:00
NSR:StopPlace:61295,Haugastøl stasjon,2026-09-07T14:39:00+02:00,2026-09-07T14:45:49+02:00,2026-09-07T14:45:49+02:00,409.0,1,Oslo S,VYG:Line:F4,Oslo S-Bergen,F4,rail,VYG:ServiceJourney:602-BRG_481321-R,True,actual,False,,,,,2026-09-07T15:44:36.205822+02:00
NSR:StopPlace:58843,Blommenholm stasjon,2026-09-07T15:14:00+02:00,2026-09-07T15:20:49+02:00,2026-09-07T15:20:49+02:00,409.0,1,Asker,VYG:Line:L1,Spikkestad-Oslo S-Lillestrøm,L1,rail,VYG:ServiceJourney:2139_443546-R,True,actual,False,,,,,2026-09-07T15:44:36.205822+02:00
NSR:StopPlace:58958,Rognan stasjon,2026-09-07T07:50:00+02:00,2026-09-07T07:56:49+02:00,2026-09-07T07:56:49+02:00,409.0,1,Fauske - Bodø,NOR:Line:12_8472,Fauske-Rognan-Vassbotnfjell-Ev,472,bus,NOR:ServiceJourney:8472_251012124859008_2009,True,actual,False,,,,,2026-09-07T08:42:24.659182+02:00
NSR:StopPlace:58948,Stjørdal stasjon,2026-09-07T07:05:00+02:00,2026-09-07T07:11:49+02:00,2026-09-07T07:11:49+02:00,409.0,1,Trondheim,ATB:Line:2_311,Stjørdal - Trondheim,311,bus,ATB:ServiceJourney:311_260106098642703_20,True,actual,False,Endret tilbud ved Vikelvvegen,Sydgående avkjøringsrampe fra E6 ved Reppe er stengt frem til 21. september. Vikelvvegen og Ranheim fabrikker til sentrum blir ikke betjent av linje 311 i perioden. ,general,normal,2026-09-07T08:42:24.659182+02:00
NSR:StopPlace:58811,Moelv stasjon,2026-09-07T14:34:00+02:00,2026-09-07T14:40:48+02:00,2026-09-07T14:40:48+02:00,408.0,1,Drammen,VYG:Line:RE10,Drammen-Oslo S-Lillehammer,RE10,rail,VYG:ServiceJourney:322-LHM_444203-R,True,actual,False,,,,,2026-09-07T15:44:36.205822+02:00
NSR:StopPlace:60047,Melhus skysstasjon,2026-09-07T07:46:00+02:00,2026-09-07T07:52:48+02:00,2026-09-07T07:52:48+02:00,408.0,1,Lundamo skole,ATB:Line:2_5004,Klett - Melhus - Støren,5004,bus,ATB:ServiceJourney:5004_260309084089189_4,True,actual,False,,,,,2026-09-07T08:42:24.659182+02:00
NSR:StopPlace:62094,Lindeberg stasjon,2026-09-07T21:48:00+02:00,2026-09-07T21:54:47+02:00,2026-09-07T21:54:47+02:00,407.0,1,Drammen,VYG:Line:R13,Drammen-Oslo S-Dal,R13,rail,VYG:ServiceJourney:1668_443360-R,True,actual,False,,,,,2026-09-08T00:20:52.129880+02:00
NSR:StopPlace:60077,Støren stasjon,2026-09-07T13:55:00+02:00,2026-09-07T14:01:47+02:00,2026-09-07T14:01:47+02:00,407.0,1,Almås,ATB:Line:2_5471,Støren - Singsås - Almås/Wolde,5471,bus,ATB:ServiceJourney:5471_260106098642199_6,True,actual,False,,,,,2026-09-07T15:44:36.205822+02:00
NSR:StopPlace:58857,Lørenskog stasjon,2026-09-07T07:06:00+02:00,2026-09-07T07:12:47+02:00,2026-09-07T07:12:47+02:00,407.0,1,Lørenskog sentrum,RUT:Line:67,Økern-Lørenskog sentrum,67,bus,RUT:ServiceJourney:f236f052a574bbad9e5c0a576f31222b,True,actual,False,,,,,2026-09-07T08:42:24.659182+02:00
NSR:StopPlace:58865,Vestby stasjon,2026-09-07T08:10:00+02:00,2026-09-07T08:16:47+02:00,2026-09-07T08:16:47+02:00,407.0,1,Stabekk,VYG:Line:R21,Stabekk-Oslo S-Moss,R21,rail,VYG:ServiceJourney:1116-MOS_442991-R,True,actual,False,,,,,2026-09-07T08:42:24.659182+02:00
NSR:StopPlace:610,Sandvika stasjon,2026-09-07T18:31:00+02:00,2026-09-07T18:37:46+02:00,2026-09-07T18:37:46+02:00,406.0,1,Spikkestad,VYG:Line:L1,Spikkestad-Oslo S-Lillestrøm,L1,rail,VYG:ServiceJourney:2253_443674-R,True,actual,False,Færre vogner,Denne avgangen kjører dessverre med 4 vogner i stedet for 8 vogner. Dette skyldes at vi mangler et togsett.,general,normal,2026-09-07T20:27:16.249662+02:00
NSR:StopPlace:60077,Støren stasjon,2026-09-07T15:00:00+02:00,2026-09-07T15:06:46+02:00,2026-09-07T15:06:46+02:00,406.0,1,Oppdal,ATB:Line:2_480,(Trondheim) - Støren - Berkåk,480,bus,ATB:ServiceJourney:480_260106098639970_8,True,actual,False,,,,,2026-09-07T15:44:36.205822+02:00
NSR:StopPlace:58843,Blommenholm stasjon,2026-09-07T14:28:00+02:00,2026-09-07T14:34:46+02:00,2026-09-07T14:34:46+02:00,406.0,1,Spikkestad,VYG:Line:L1,Spikkestad-Oslo S-Lillestrøm,L1,rail,VYG:ServiceJourney:2237_443645-R,True,actual,False,Forsinket | Færre vogner,Toget kjørte 7 minutter forsinket fra Lillestrøm. Dette skyldes en tidligere stans. | Denne avgangen kjører dessverre med 4 vogner i stedet for 8 vogner. Dette skyldes at vi mangler et togsett.,incident | general,normal | normal,2026-09-07T15:44:36.205822+02:00
NSR:StopPlace:62311,Vigrestad stasjon,2026-09-07T15:14:00+02:00,2026-09-07T15:20:46+02:00,2026-09-07T15:20:46+02:00,406.0,1,Stavanger,GOA:Line:59,Jærbanen,L5,rail,GOA:ServiceJourney:3043_63086-R,True,actual,False,,,,,2026-09-07T15:44:36.205822+02:00
NSR:StopPlace:58844,Eidsvoll stasjon,2026-09-07T20:15:00+02:00,2026-09-07T20:21:45+02:00,2026-09-07T20:21:45+02:00,405.0,1,Sand,INN:Line:121,Eidsvoll - Sand,121,bus,INN:ServiceJourney:54640,True,actual,False,,,,,2026-09-07T20:27:16.249662+02:00
NSR:StopPlace:62393,Billingstad stasjon,2026-09-07T15:22:00+02:00,2026-09-07T15:28:45+02:00,2026-09-07T15:28:45+02:00,405.0,1,Asker,VYG:Line:L1,Spikkestad-Oslo S-Lillestrøm,L1,rail,VYG:ServiceJourney:2139_443546-R,True,actual,False,,,,,2026-09-07T15:44:36.205822+02:00
NSR:StopPlace:62373,Berkåk stasjon,2026-09-07T23:22:00+02:00,2026-09-07T23:28:44+02:00,2026-09-07T23:28:44+02:00,404.0,1,Trondheim S,SJN:Line:21,Dovrebanen,F6,rail,SJN:ServiceJourney:51-LOD_30215-R,True,actual,False,,,,,2026-09-08T00:20:52.129880+02:00
NSR:StopPlace:61464,Hvalstad stasjon,2026-09-07T18:39:00+02:00,2026-09-07T18:45:44+02:00,2026-09-07T18:45:44+02:00,404.0,1,Spikkestad,VYG:Line:L1,Spikkestad-Oslo S-Lillestrøm,L1,rail,VYG:ServiceJourney:2253_443674-R,True,actual,False,Færre vogner,Denne avgangen kjører dessverre med 4 vogner i stedet for 8 vogner. Dette skyldes at vi mangler et togsett.,general,normal,2026-09-07T20:27:16.249662+02:00
NSR:StopPlace:58849,Hakadal stasjon,2026-09-07T07:53:00+02:00,2026-09-07T07:59:44+02:00,2026-09-07T07:59:44+02:00,404.0,1,Oslo bussterminal,RUT:Line:390,Kongskog/Hellerudhaugen - Oslo bussterminal,390,bus,RUT:ServiceJourney:bc8ee5b1e682b6da72063d9b1df4c543,True,actual,False,,,,,2026-09-07T08:42:24.659182+02:00
NSR:StopPlace:398,Arna stasjon,2026-09-07T07:49:00+02:00,2026-09-07T07:55:44+02:00,2026-09-07T07:55:44+02:00,404.0,1,Bergen,VYG:Line:R40,Bergen-Voss-Myrdal-Ål,R40,rail,VYG:ServiceJourney:1809_443395-R,True,actual,False,,,,,2026-09-07T08:42:24.659182+02:00
NSR:StopPlace:62311,Vigrestad stasjon,2026-09-07T05:01:00+02:00,2026-09-07T05:07:44+02:00,2026-09-07T05:07:44+02:00,404.0,1,Stavanger,GOA:Line:59,Jærbanen,L5,rail,GOA:ServiceJourney:3001_63033-R,True,actual,False,,,,,2026-09-07T08:42:24.659182+02:00
NSR:StopPlace:60640,Heimdal stasjon,2026-09-07T17:10:00+02:00,2026-09-07T17:16:43+02:00,2026-09-07T17:16:43+02:00,403.0,1,Ranheim via Tiller-sentrum,ATB:Line:2_1,Ranheim - Strindheim - sentrum - Tiller - Heimdal - Kattem,1,bus,ATB:ServiceJourney:1_251215112546005_191,True,actual,False,,,,,2026-09-07T20:27:16.249662+02:00
NSR:StopPlace:58794,Fredrikstad stasjon,2026-09-07T18:18:00+02:00,2026-09-07T18:24:43+02:00,2026-09-07T18:24:43+02:00,403.0,1,Halden,VYG:Line:RE20,Oslo S-Halden-Göteborg (X-Border),RE20,rail,VYG:ServiceJourney:125_443123-R,True,actual,False,,,,,2026-09-07T20:27:16.249662+02:00
NSR:StopPlace:61464,Hvalstad stasjon,2026-09-07T15:25:00+02:00,2026-09-07T15:31:43+02:00,2026-09-07T15:31:43+02:00,403.0,1,Asker,VYG:Line:L1,Spikkestad-Oslo S-Lillestrøm,L1,rail,VYG:ServiceJourney:2139_443546-R,True,actual,False,,,,,2026-09-07T15:44:36.205822+02:00
NSR:StopPlace:59640,Bodung stasjon,2026-09-07T14:43:00+02:00,2026-09-07T14:49:43+02:00,2026-09-07T14:49:43+02:00,403.0,1,Årnes,RUT:Line:3657,Årnes - Brauter - Framtun,3657,bus,RUT:ServiceJourney:c3976c3227a8890f1711286cd0e9bf46,True,actual,False,,,,,2026-09-07T15:44:36.205822+02:00
NSR:StopPlace:59958,Voss stasjon,2026-09-07T13:52:00+02:00,2026-09-07T13:58:43+02:00,2026-09-07T13:58:43+02:00,403.0,1,Bergen,VYG:Line:F4,Oslo S-Bergen,F4,rail,VYG:ServiceJourney:63-LOD_580500-R,True,actual,False,,,,,2026-09-07T15:44:36.205822+02:00
NSR:StopPlace:58964,Kløfta stasjon,2026-09-07T21:44:00+02:00,2026-09-07T21:50:41+02:00,2026-09-07T21:50:41+02:00,401.0,1,Drammen,VYG:Line:R13,Drammen-Oslo S-Dal,R13,rail,VYG:ServiceJourney:1668_443360-R,True,actual,False,,,,,2026-09-08T00:20:52.129880+02:00
NSR:StopPlace:58838,Røyken stasjon,2026-09-07T15:08:00+02:00,2026-09-07T15:14:41+02:00,2026-09-07T15:14:41+02:00,401.0,1,Sætre,RUT:Line:261,Drammen - Lahell - Røyken - Sætre,261,bus,RUT:ServiceJourney:f8239307fec86e0dc8f116635588be6a,True,actual,False,Fra 17/8 går linje 61-63-71-73-251-261 og skolebusser fra holdeplass ved Skutebrygga ut av byen.Les mer på brakar.no/trafikkmeldinger.,,general,normal,2026-09-07T15:44:36.205822+02:00
NSR:StopPlace:58811,Moelv stasjon,2026-09-07T15:15:00+02:00,2026-09-07T15:21:41+02:00,2026-09-07T15:21:41+02:00,401.0,1,Lillehammer,VYG:Line:RE10,Drammen-Oslo S-Lillehammer,RE10,rail,VYG:ServiceJourney:319-SUD_444192-R,True,actual,False,,,,,2026-09-07T15:44:36.205822+02:00
NSR:StopPlace:61169,Marienborg stasjon,2026-09-07T07:54:00+02:00,2026-09-07T08:00:41+02:00,2026-09-07T08:00:41+02:00,401.0,1,Pirbadet via St. Olavs hospital,ATB:Line:2_23,Brattøra - St. Olavs - Hallset - Flatåsen - Sandmoen,23,bus,ATB:ServiceJourney:23_251215112545534_19,True,actual,False,,,,,2026-09-07T08:42:24.659182+02:00
NSR:StopPlace:59261,Trondheim lufthavn,2026-09-07T06:57:00+02:00,2026-09-07T07:03:41+02:00,2026-09-07T07:03:41+02:00,401.0,1,Stjørdal stasjon,ATB:Line:2_311,Stjørdal - Trondheim,311,bus,ATB:ServiceJourney:311_260106098642690_3,True,actual,False,Endret tilbud ved Vikelvvegen,Sydgående avkjøringsrampe fra E6 ved Reppe er stengt frem til 21. september. Vikelvvegen og Ranheim fabrikker til sentrum blir ikke betjent av linje 311 i perioden. ,general,normal,2026-09-07T08:42:24.659182+02:00
NSR:StopPlace:60053,Halden stasjon,2026-09-07T17:18:00+02:00,2026-09-07T17:24:40+02:00,2026-09-07T17:24:40+02:00,400.0,1,Göteborg C,VYG:Line:RE20,Oslo S-Halden-Göteborg (X-Border),RE20,rail,VYG:ServiceJourney:141-393-LOD_459842-R,True,actual,False,,,,,2026-09-07T20:27:16.249662+02:00
NSR:StopPlace:58843,Blommenholm stasjon,2026-09-07T17:50:00+02:00,2026-09-07T17:56:40+02:00,2026-09-07T17:56:40+02:00,400.0,1,Lillestrøm,VYG:Line:L1,Spikkestad-Oslo S-Lillestrøm,L1,rail,VYG:ServiceJourney:2254_443676-R,True,actual,False,,,,,2026-09-07T20:27:16.249662+02:00
NSR:StopPlace:59646,Høvik stasjon,2026-09-07T22:12:00+02:00,2026-09-07T22:18:39+02:00,2026-09-07T22:18:39+02:00,399.0,1,Asker,VYG:Line:L1,Spikkestad-Oslo S-Lillestrøm,L1,rail,VYG:ServiceJourney:2167_443577-R,True,actual,False,,,,,2026-09-08T00:20:52.129880+02:00
NSR:StopPlace:58876,Tønsberg stasjon,2026-09-07T17:52:00+02:00,2026-09-07T17:58:39+02:00,2026-09-07T17:58:39+02:00,399.0,1,Skien,VYG:Line:RE11,Eidsvoll-Oslo S-Skien,RE11,rail,VYG:ServiceJourney:825_444405-R,True,actual,False,,,,,2026-09-07T20:27:16.249662+02:00
NSR:StopPlace:58801,Sarpsborg stasjon,2026-09-07T16:57:00+02:00,2026-09-07T17:03:39+02:00,2026-09-07T17:03:39+02:00,399.0,1,Göteborg C,VYG:Line:RE20,Oslo S-Halden-Göteborg (X-Border),RE20,rail,VYG:ServiceJourney:141-393-LOD_459842-R,True,actual,False,,,,,2026-09-07T20:27:16.249662+02:00
NSR:StopPlace:62393,Billingstad stasjon,2026-09-07T18:36:00+02:00,2026-09-07T18:42:39+02:00,2026-09-07T18:42:39+02:00,399.0,1,Spikkestad,VYG:Line:L1,Spikkestad-Oslo S-Lillestrøm,L1,rail,VYG:ServiceJourney:2253_443674-R,True,actual,False,Færre vogner,Denne avgangen kjører dessverre med 4 vogner i stedet for 8 vogner. Dette skyldes at vi mangler et togsett.,general,normal,2026-09-07T20:27:16.249662+02:00
NSR:StopPlace:59650,Nyland stasjon,2026-09-07T14:25:00+02:00,2026-09-07T14:31:39+02:00,2026-09-07T14:31:39+02:00,399.0,1,Lørenskog sentrum,RUT:Line:67,Økern-Lørenskog sentrum,67,bus,RUT:ServiceJourney:969d126c1d433d1f015ee8acd584a711,True,actual,False,,,,,2026-09-07T15:44:36.205822+02:00
NSR:StopPlace:60053,Halden stasjon,2026-09-07T15:06:00+02:00,2026-09-07T15:12:39+02:00,2026-09-07T15:12:39+02:00,399.0,1,Halden sentrum,OST:Line:1_33,Tistedal-Vold skog,33,bus,OST:ServiceJourney:33_260325121472248_20,True,actual,False,,,,,2026-09-07T15:44:36.205822+02:00
NSR:StopPlace:59654,Stabekk stasjon,2026-09-07T17:56:00+02:00,2026-09-07T18:02:38+02:00,2026-09-07T18:02:38+02:00,398.0,1,Lillestrøm,VYG:Line:L1,Spikkestad-Oslo S-Lillestrøm,L1,rail,VYG:ServiceJourney:2254_443676-R,True,actual,False,,,,,2026-09-07T20:27:16.249662+02:00
NSR:StopPlace:58848,Haga stasjon,2026-09-07T18:14:00+02:00,2026-09-07T18:20:38+02:00,2026-09-07T18:20:38+02:00,398.0,1,Asker,VYG:Line:R14,Asker-Oslo S-Kongsvinger,R14,rail,VYG:ServiceJourney:1028_442938-R,True,actual,False,,,,,2026-09-07T20:27:16.249662+02:00
NSR:StopPlace:41,Hanaborg stasjon,2026-09-07T15:16:00+02:00,2026-09-07T15:22:38+02:00,2026-09-07T15:22:38+02:00,398.0,1,Lillestrøm,VYG:Line:L1,Spikkestad-Oslo S-Lillestrøm,L1,rail,VYG:ServiceJourney:2140_443548-R,True,actual,False,,,,,2026-09-07T15:44:36.205822+02:00
NSR:StopPlace:59646,Høvik stasjon,2026-09-07T14:26:00+02:00,2026-09-07T14:32:38+02:00,2026-09-07T14:32:38+02:00,398.0,1,Spikkestad,VYG:Line:L1,Spikkestad-Oslo S-Lillestrøm,L1,rail,VYG:ServiceJourney:2237_443645-R,True,actual,False,Forsinket | Færre vogner,Toget kjørte 7 minutter forsinket fra Lillestrøm. Dette skyldes en tidligere stans. | Denne avgangen kjører dessverre med 4 vogner i stedet for 8 vogner. Dette skyldes at vi mangler et togsett.,incident | general,normal | normal,2026-09-07T15:44:36.205822+02:00
NSR:StopPlace:58935,Levanger stasjon,2026-09-07T07:37:00+02:00,2026-09-07T07:43:38+02:00,2026-09-07T07:43:38+02:00,398.0,1,Levanger,ATB:Line:2_680,Levanger - Steinkjer - Namsos,680,bus,ATB:ServiceJourney:680_260106098642320_1,True,actual,False,,,,,2026-09-07T08:42:24.659182+02:00
NSR:StopPlace:62379,Bergsgrav stasjon,2026-09-07T07:50:00+02:00,2026-09-07T07:56:38+02:00,2026-09-07T07:56:38+02:00,398.0,1,Steinkjer,SJN:Line:26,Trønderbanen,R70,rail,SJN:ServiceJourney:423_56052-R,True,actual,False,,,,,2026-09-07T08:42:24.659182+02:00
NSR:StopPlace:60640,Heimdal stasjon,2026-09-07T21:00:00+02:00,2026-09-07T21:06:37+02:00,2026-09-07T21:06:37+02:00,397.0,1,Steinkjer,SJN:Line:26,Trønderbanen,R70,rail,SJN:ServiceJourney:453_56082-R,True,actual,False,,,,,2026-09-08T00:20:52.129880+02:00
NSR:StopPlace:610,Sandvika stasjon,2026-09-07T22:04:00+02:00,2026-09-07T22:10:37+02:00,2026-09-07T22:10:37+02:00,397.0,1,Drammen,VYG:Line:R13,Drammen-Oslo S-Dal,R13,rail,VYG:ServiceJourney:1666_443356-R,True,actual,False,,,,,2026-09-08T00:20:52.129880+02:00
NSR:StopPlace:58811,Moelv stasjon,2026-09-07T18:37:00+02:00,2026-09-07T18:43:37+02:00,2026-09-07T18:43:37+02:00,397.0,1,Drammen,VYG:Line:RE10,Drammen-Oslo S-Lillehammer,RE10,rail,VYG:ServiceJourney:330-LHM_444236-R,True,actual,False,,,,,2026-09-07T20:27:16.249662+02:00
NSR:StopPlace:61334,Ogna stasjon,2026-09-07T15:21:00+02:00,2026-09-07T15:27:37+02:00,2026-09-07T15:27:37+02:00,397.0,1,Egersund,GOA:Line:59,Jærbanen,L5,rail,GOA:ServiceJourney:3042_63084-R,True,actual,False,,,,,2026-09-07T15:44:36.205822+02:00
NSR:StopPlace:59641,Fjellhamar stasjon,2026-09-07T15:18:00+02:00,2026-09-07T15:24:37+02:00,2026-09-07T15:24:37+02:00,397.0,1,Lillestrøm,VYG:Line:L1,Spikkestad-Oslo S-Lillestrøm,L1,rail,VYG:ServiceJourney:2140_443548-R,True,actual,False,,,,,2026-09-07T15:44:36.205822+02:00
NSR:StopPlace:60569,Sirevåg stasjon,2026-09-07T15:24:00+02:00,2026-09-07T15:30:37+02:00,2026-09-07T15:30:37+02:00,397.0,1,Egersund,GOA:Line:59,Jærbanen,L5,rail,GOA:ServiceJourney:3042_63084-R,True,actual,False,,,,,2026-09-07T15:44:36.205822+02:00
NSR:StopPlace:358,Ustaoset stasjon,2026-09-07T13:41:00+02:00,2026-09-07T13:47:37+02:00,2026-09-07T13:47:37+02:00,397.0,1,Bergen,VYG:Line:R40,Bergen-Voss-Myrdal-Ål,R40,rail,VYG:ServiceJourney:1825_465764-R,True,actual,False,,,,,2026-09-07T15:44:36.205822+02:00
NSR:StopPlace:58879,Lunde stasjon,2026-09-07T07:50:00+02:00,2026-09-07T07:56:37+02:00,2026-09-07T07:56:37+02:00,397.0,1,Ulefoss,TEL:Line:8103,Lunde-Ulefoss,103,bus,TEL:ServiceJourney:126327,True,actual,False,,,,,2026-09-07T08:42:24.659182+02:00
NSR:StopPlace:58211,Oslo lufthavn,2026-09-08T01:15:00+02:00,2026-09-08T01:21:36+02:00,2026-09-08T01:21:36+02:00,396.0,1,Oslo sentrum via Helsfyr-Hasle-Bislett,NBU:Line:a7c15243-8873-4aee-a8b4-8d22e8ad31dc,Oslo sentrum via Helsfyr-Hasle-Bislett,FB5,bus,NBU:ServiceJourney:3a6d3a05-7864-4bff-9d99-4fe46a06685b,True,actual,False,,,,,2026-09-08T03:39:50.209703+02:00
NSR:StopPlace:58813,Skarnes stasjon,2026-09-08T00:06:00+02:00,2026-09-08T00:12:36+02:00,2026-09-08T00:12:36+02:00,396.0,1,Kongsvinger,VYG:Line:R14,Asker-Oslo S-Kongsvinger,R14,rail,VYG:ServiceJourney:1037_442949-R,True,actual,False,Heis på Skarnes ute av drift,Heisen på Skarnes til spor 2 er ute av drift.,general,normal,2026-09-08T00:20:52.129880+02:00
NSR:StopPlace:62392,Slependen stasjon,2026-09-07T22:03:00+02:00,2026-09-07T22:09:36+02:00,2026-09-07T22:09:36+02:00,396.0,1,Spikkestad,VYG:Line:L1,Spikkestad-Oslo S-Lillestrøm,L1,rail,VYG:ServiceJourney:2267_443697-R,True,actual,False,,,,,2026-09-08T00:20:52.129880+02:00
NSR:StopPlace:61466,Vakås stasjon,2026-09-07T18:41:00+02:00,2026-09-07T18:47:36+02:00,2026-09-07T18:47:36+02:00,396.0,1,Spikkestad,VYG:Line:L1,Spikkestad-Oslo S-Lillestrøm,L1,rail,VYG:ServiceJourney:2253_443674-R,True,actual,False,Færre vogner,Denne avgangen kjører dessverre med 4 vogner i stedet for 8 vogner. Dette skyldes at vi mangler et togsett.,general,normal,2026-09-07T20:27:16.249662+02:00
NSR:StopPlace:58936,Skatval stasjon,2026-09-07T08:05:00+02:00,2026-09-07T08:11:36+02:00,2026-09-07T08:11:36+02:00,396.0,1,Steinkjer,SJN:Line:26,Trønderbanen,R70,rail,SJN:ServiceJourney:425_56054-R,True,actual,False,,,,,2026-09-07T08:42:24.659182+02:00
NSR:StopPlace:58805,Brumunddal stasjon,2026-09-07T20:03:00+02:00,2026-09-07T20:09:35+02:00,2026-09-07T20:09:35+02:00,395.0,1,Dombås,VYG:Line:RE10,Drammen-Oslo S-Lillehammer,RE10,rail,VYG:ServiceJourney:329-SUD_465133-R,True,actual,False,,,,,2026-09-07T20:27:16.249662+02:00
NSR:StopPlace:58794,Fredrikstad stasjon,2026-09-07T08:01:00+02:00,2026-09-07T08:07:35+02:00,2026-09-07T08:07:35+02:00,395.0,1,Oslo S,VYG:Line:RE20,Oslo S-Halden-Göteborg (X-Border),RE20,rail,VYG:ServiceJourney:146-HLD_509067-R,True,actual,False,,,,,2026-09-07T08:42:24.659182+02:00
NSR:StopPlace:58848,Haga stasjon,2026-09-07T23:45:00+02:00,2026-09-07T23:51:34+02:00,2026-09-07T23:51:34+02:00,394.0,1,Kongsvinger,VYG:Line:R14,Asker-Oslo S-Kongsvinger,R14,rail,VYG:ServiceJourney:1037_442949-R,True,actual,False,,,,,2026-09-08T00:20:52.129880+02:00
NSR:StopPlace:364,Vaksdal stasjon,2026-09-07T07:31:00+02:00,2026-09-07T07:37:34+02:00,2026-09-07T07:37:34+02:00,394.0,1,Myrdal,VYG:Line:R40,Bergen-Voss-Myrdal-Ål,R40,rail,VYG:ServiceJourney:1804_465739-R,True,actual,False,,,,,2026-09-07T08:42:24.659182+02:00
NSR:StopPlace:429,Vikersund stasjon,2026-09-07T17:44:00+02:00,2026-09-07T17:50:33+02:00,2026-09-07T17:50:33+02:00,393.0,1,Oslo S,VYG:Line:F4,Oslo S-Bergen,F4,rail,VYG:ServiceJourney:602-BRG_481321-R,True,actual,False,,,,,2026-09-07T20:27:16.249662+02:00
NSR:StopPlace:61466,Vakås stasjon,2026-09-07T15:27:00+02:00,2026-09-07T15:33:33+02:00,2026-09-07T15:33:33+02:00,393.0,1,Asker,VYG:Line:L1,Spikkestad-Oslo S-Lillestrøm,L1,rail,VYG:ServiceJourney:2139_443546-R,True,actual,False,,,,,2026-09-07T15:44:36.205822+02:00
NSR:StopPlace:59646,Høvik stasjon,2026-09-07T15:12:00+02:00,2026-09-07T15:18:33+02:00,2026-09-07T15:18:33+02:00,393.0,1,Asker,VYG:Line:L1,Spikkestad-Oslo S-Lillestrøm,L1,rail,VYG:ServiceJourney:2139_443546-R,True,actual,False,,,,,2026-09-07T15:44:36.205822+02:00
NSR:StopPlace:58893,Grovane stasjon,2026-09-07T15:20:00+02:00,2026-09-07T15:26:33+02:00,2026-09-07T15:26:33+02:00,393.0,1,Kristiansand via Moseidmoen - Mosby,AKT:Line:30,Kvadraturen - Mosby - Vennesl,30,bus,AKT:ServiceJourney:79458_192_48_110400_113280_40001545,True,actual,False,,,,,2026-09-07T15:44:36.205822+02:00
NSR:StopPlace:59650,Nyland stasjon,2026-09-07T06:45:00+02:00,2026-09-07T06:51:33+02:00,2026-09-07T06:51:33+02:00,393.0,1,Vestvollen,RUT:Line:345,Vestvollen - Økern,345,bus,RUT:ServiceJourney:c2e6ca4f5b68a2ce5027cf0fb5a62062,True,actual,False,,,,,2026-09-07T08:42:24.659182+02:00
NSR:StopPlace:58811,Moelv stasjon,2026-09-07T13:37:00+02:00,2026-09-07T13:43:32+02:00,2026-09-07T13:43:32+02:00,392.0,1,Drammen,VYG:Line:RE10,Drammen-Oslo S-Lillehammer,RE10,rail,VYG:ServiceJourney:320-LHM_444196-R,True,actual,False,,,,,2026-09-07T15:44:36.205822+02:00
NSR:StopPlace:59643,Grefsen stasjon,2026-09-07T06:08:00+02:00,2026-09-07T06:14:32+02:00,2026-09-07T06:14:32+02:00,392.0,1,Oslo lufthavn,NBU:Line:cb7b555c-f96e-42d5-84bf-a5e08c0145c2,Radiumhospitalet via Økern-Storo-Tåsen,FB3,bus,NBU:ServiceJourney:7e8f1121-38e8-4f93-8f25-4ee6aec74728,True,actual,False,,,,,2026-09-07T08:42:24.659182+02:00
NSR:StopPlace:58918,Nodeland stasjon,2026-09-07T08:13:00+02:00,2026-09-07T08:19:31+02:00,2026-09-07T08:19:31+02:00,391.0,1,Tunballen skole,AKT:Line:2175,Stokkeland - Tunballen skole,2175,bus,AKT:ServiceJourney:76921_51_28_57360_58560_3955759,True,actual,False,,,,,2026-09-07T08:42:24.659182+02:00
NSR:StopPlace:58797,Mysen stasjon,2026-09-07T08:18:00+02:00,2026-09-07T08:24:31+02:00,2026-09-07T08:24:31+02:00,391.0,1,Mysen ungdomsskole,OST:Line:1_413,Åsgård-Trømborg-Mysen,413,bus,OST:ServiceJourney:413_260325121472673_1,True,actual,False,,,,,2026-09-07T08:42:24.659182+02:00
NSR:StopPlace:58818,Gran stasjon,2026-09-07T07:26:00+02:00,2026-09-07T07:32:30+02:00,2026-09-07T07:32:30+02:00,390.0,1,Oslo,INN:Line:126,Dokka-Hov-Brandbu-Oslo,126,bus,INN:ServiceJourney:68046,True,actual,False,,,,,2026-09-07T08:42:24.659182+02:00
NSR:StopPlace:58864,Sørumsand stasjon,2026-09-07T15:31:00+02:00,2026-09-07T15:37:29+02:00,2026-09-07T15:37:29+02:00,389.0,1,Kongsvinger,VYG:Line:R14,Asker-Oslo S-Kongsvinger,R14,rail,VYG:ServiceJourney:1021_442929-R,True,actual,False,,,,,2026-09-07T15:44:36.205822+02:00
NSR:StopPlace:58886,Arendal stasjon,2026-09-07T15:29:00+02:00,2026-09-07T15:35:29+02:00,2026-09-07T15:35:29+02:00,389.0,1,Rykene via Arendal sentrum,AKT:Line:102,Tromøy Øst-Arendal-Rykene,102,bus,AKT:ServiceJourney:72015_141_72_108360_111780_40001667,True,actual,False,,,,,2026-09-07T15:44:36.205822+02:00
NSR:StopPlace:61466,Vakås stasjon,2026-09-07T17:38:00+02:00,2026-09-07T17:44:28+02:00,2026-09-07T17:44:28+02:00,388.0,1,Lillestrøm,VYG:Line:L1,Spikkestad-Oslo S-Lillestrøm,L1,rail,VYG:ServiceJourney:2254_443676-R,True,actual,False,,,,,2026-09-07T20:27:16.249662+02:00
NSR:StopPlace:61334,Ogna stasjon,2026-09-07T15:36:00+02:00,2026-09-07T15:42:28+02:00,2026-09-07T15:42:28+02:00,388.0,1,Stavanger,GOA:Line:59,Jærbanen,L5,rail,GOA:ServiceJourney:3045_63088-R,True,actual,False,,,,,2026-09-07T15:44:36.205822+02:00
NSR:StopPlace:58952,Bodø stasjon,2026-09-07T14:02:00+02:00,2026-09-07T14:08:28+02:00,2026-09-07T14:08:28+02:00,388.0,1,Tverlandet,NOR:Line:12_8004,Tverlandet - Bodø sentrum - Løpsmarka,4,bus,NOR:ServiceJourney:8004_251012124900568_1021,True,actual,False,,,,,2026-09-07T15:44:36.205822+02:00
NSR:StopPlace:58805,Brumunddal stasjon,2026-09-07T13:49:00+02:00,2026-09-07T13:55:28+02:00,2026-09-07T13:55:28+02:00,388.0,1,Drammen,VYG:Line:RE10,Drammen-Oslo S-Lillehammer,RE10,rail,VYG:ServiceJourney:320-LHM_444196-R,True,actual,False,,,,,2026-09-07T15:44:36.205822+02:00
NSR:StopPlace:58921,Vennesla stasjon,2026-09-07T07:17:00+02:00,2026-09-07T07:23:28+02:00,2026-09-07T07:23:28+02:00,388.0,1,Kristiansand,AKT:Line:31,Kvadraturen - Sødal - Vennesla,31,bus,AKT:ServiceJourney:79679_92_50_50760_53280_3950001,True,actual,False,,,,,2026-09-07T08:42:24.659182+02:00
NSR:StopPlace:58862,Strømmen stasjon,2026-09-07T07:45:00+02:00,2026-09-07T07:51:28+02:00,2026-09-07T07:51:28+02:00,388.0,1,Spikkestad,VYG:Line:L1,Spikkestad-Oslo S-Lillestrøm,L1,rail,VYG:ServiceJourney:2213_443605-R,True,actual,False,,,,,2026-09-07T08:42:24.659182+02:00
NSR:StopPlace:58924,Bryne stasjon,2026-09-07T16:58:00+02:00,2026-09-07T17:04:27+02:00,2026-09-07T17:04:27+02:00,387.0,1,Egersund,GOA:Line:59,Jærbanen,L5,rail,GOA:ServiceJourney:3050_63097-R,True,actual,False,,,,,2026-09-07T20:27:16.249662+02:00
NSR:StopPlace:58852,Høn stasjon,2026-09-07T18:43:00+02:00,2026-09-07T18:49:27+02:00,2026-09-07T18:49:27+02:00,387.0,1,Spikkestad,VYG:Line:L1,Spikkestad-Oslo S-Lillestrøm,L1,rail,VYG:ServiceJourney:2253_443674-R,True,actual,False,Færre vogner,Denne avgangen kjører dessverre med 4 vogner i stedet for 8 vogner. Dette skyldes at vi mangler et togsett.,general,normal,2026-09-07T20:27:16.249662+02:00
NSR:StopPlace:58862,Strømmen stasjon,2026-09-07T18:06:00+02:00,2026-09-07T18:12:27+02:00,2026-09-07T18:12:27+02:00,387.0,1,Nittedal,RUT:Line:385,Nittedal stasjon - Olavsgaard - Ahus,385,bus,RUT:ServiceJourney:bf8aaef0a47be2f424f321f40fdbbaf0,True,actual,False,,,,,2026-09-07T20:27:16.249662+02:00
NSR:StopPlace:58852,Høn stasjon,2026-09-07T15:29:00+02:00,2026-09-07T15:35:27+02:00,2026-09-07T15:35:27+02:00,387.0,1,Asker,VYG:Line:L1,Spikkestad-Oslo S-Lillestrøm,L1,rail,VYG:ServiceJourney:2139_443546-R,True,actual,False,,,,,2026-09-07T15:44:36.205822+02:00
NSR:StopPlace:59636,Holmlia stasjon,2026-09-07T21:40:00+02:00,2026-09-07T21:46:26+02:00,2026-09-07T21:46:26+02:00,386.0,1,Grorud T,RUT:Line:79,Grorud T - Åsbråten,79,bus,RUT:ServiceJourney:ec7c4cb8585acb839f79c1ce65d25ace,True,actual,False,,,,,2026-09-08T00:20:52.129880+02:00
NSR:StopPlace:58820,Harestua stasjon,2026-09-07T22:00:00+02:00,2026-09-07T22:06:26+02:00,2026-09-07T22:06:26+02:00,386.0,1,Oslo S,VYG:Line:R31,Skøyen-Jaren-Gjøvik,R31,rail,VYG:ServiceJourney:BUS-234_655455-R,True,actual,False,,,,,2026-09-08T00:20:52.129880+02:00
NSR:StopPlace:58886,Arendal stasjon,2026-09-07T15:07:00+02:00,2026-09-07T15:13:26+02:00,2026-09-07T15:13:26+02:00,386.0,1,Grimstad via Arendal sentrum,AKT:Line:101,Eydehavn-Arendal-Grimstad N/S,101,bus,AKT:ServiceJourney:71754_301_89_106800_111180_40000971,True,actual,False,,,,,2026-09-07T15:44:36.205822+02:00
NSR:StopPlace:59174,Løkken stasjon,2026-09-07T07:22:00+02:00,2026-09-07T07:28:26+02:00,2026-09-07T07:28:26+02:00,386.0,1,Orkanger skysstasjon,ATB:Line:2_460,Orkanger - Meldal - Berkåk,460,bus,ATB:ServiceJourney:460_260106098640560_5,True,actual,False,,,,,2026-09-07T08:42:24.659182+02:00
NSR:StopPlace:58868,Årnes stasjon,2026-09-07T23:52:00+02:00,2026-09-07T23:58:25+02:00,2026-09-07T23:58:25+02:00,385.0,1,Kongsvinger,VYG:Line:R14,Asker-Oslo S-Kongsvinger,R14,rail,VYG:ServiceJourney:1037_442949-R,True,actual,False,,,,,2026-09-08T00:20:52.129880+02:00
NSR:StopPlace:59244,Egersund stasjon,2026-09-07T17:05:00+02:00,2026-09-07T17:11:25+02:00,2026-09-07T17:11:25+02:00,385.0,1,Sandnes,KOL:Line:8_2040,E90,E90,bus,KOL:ServiceJourney:2040_250903083245412_1005,True,actual,False,,,,,2026-09-07T20:27:16.249662+02:00
NSR:StopPlace:58884,Skien stasjon,2026-09-07T14:58:00+02:00,2026-09-07T15:04:25+02:00,2026-09-07T15:04:25+02:00,385.0,1,Siljan,TEL:Line:8047,Siljan-Skien-Åfoss,P7,bus,TEL:ServiceJourney:127432,True,actual,False,,,,,2026-09-07T15:44:36.205822+02:00
NSR:StopPlace:59649,Nydalen stasjon,2026-09-07T06:03:00+02:00,2026-09-07T06:09:25+02:00,2026-09-07T06:09:25+02:00,385.0,1,Oslo lufthavn,NBU:Line:cb7b555c-f96e-42d5-84bf-a5e08c0145c2,Radiumhospitalet via Økern-Storo-Tåsen,FB3,bus,NBU:ServiceJourney:7e8f1121-38e8-4f93-8f25-4ee6aec74728,True,actual,False,,,,,2026-09-07T08:42:24.659182+02:00
NSR:StopPlace:58926,Dale stasjon,2026-09-07T07:46:00+02:00,2026-09-07T07:52:25+02:00,2026-09-07T07:52:25+02:00,385.0,1,Myrdal,VYG:Line:R40,Bergen-Voss-Myrdal-Ål,R40,rail,VYG:ServiceJourney:1804_465739-R,True,actual,False,,,,,2026-09-07T08:42:24.659182+02:00
NSR:StopPlace:58811,Moelv stasjon,2026-09-07T19:37:00+02:00,2026-09-07T19:43:24+02:00,2026-09-07T19:43:24+02:00,384.0,1,Drammen,VYG:Line:RE10,Drammen-Oslo S-Lillehammer,RE10,rail,VYG:ServiceJourney:332-LHM_444245-R,True,actual,False,,,,,2026-09-07T20:27:16.249662+02:00
NSR:StopPlace:60077,Støren stasjon,2026-09-07T13:55:00+02:00,2026-09-07T14:01:24+02:00,2026-09-07T14:01:24+02:00,384.0,1,Enodd via Enlid,ATB:Line:2_5472,Kotsøy/Støren - Enodd Budalen,5472,bus,ATB:ServiceJourney:5472_260106098642175_12,True,actual,False,,,,,2026-09-07T15:44:36.205822+02:00
NSR:StopPlace:58836,Mjøndalen stasjon,2026-09-07T15:05:00+02:00,2026-09-07T15:11:24+02:00,2026-09-07T15:11:24+02:00,384.0,1,Eidsvoll,VYG:Line:R12,Kongsberg-Oslo S-Eidsvoll,R12,rail,VYG:ServiceJourney:522_481319-R,True,actual,False,,,,,2026-09-07T15:44:36.205822+02:00
NSR:StopPlace:59650,Nyland stasjon,2026-09-07T06:54:00+02:00,2026-09-07T07:00:24+02:00,2026-09-07T07:00:24+02:00,384.0,1,Lørenskog sentrum,RUT:Line:67,Økern-Lørenskog sentrum,67,bus,RUT:ServiceJourney:f236f052a574bbad9e5c0a576f31222b,True,actual,False,,,,,2026-09-07T08:42:24.659182+02:00
NSR:StopPlace:58930,Larvik stasjon,2026-09-07T07:05:00+02:00,2026-09-07T07:11:24+02:00,2026-09-07T07:11:24+02:00,384.0,1,Larvik-Nordbyen,VKT:Line:81,Nordbyen-Nevlunghavn,81,bus,VKT:ServiceJourney:18119,True,actual,False,,,,,2026-09-07T08:42:24.659182+02:00
NSR:StopPlace:58843,Blommenholm stasjon,2026-09-07T21:58:00+02:00,2026-09-07T22:04:23+02:00,2026-09-07T22:04:23+02:00,383.0,1,Spikkestad,VYG:Line:L1,Spikkestad-Oslo S-Lillestrøm,L1,rail,VYG:ServiceJourney:2267_443697-R,True,actual,False,,,,,2026-09-08T00:20:52.129880+02:00
NSR:StopPlace:425,Vinstra stasjon,2026-09-07T21:02:00+02:00,2026-09-07T21:08:23+02:00,2026-09-07T21:08:23+02:00,383.0,1,Trondheim S,SJN:Line:21,Dovrebanen,F6,rail,SJN:ServiceJourney:51-LOD_30215-R,True,actual,False,,,,,2026-09-08T00:20:52.129880+02:00
NSR:StopPlace:610,Sandvika stasjon,2026-09-07T22:17:00+02:00,2026-09-07T22:23:23+02:00,2026-09-07T22:23:23+02:00,383.0,1,Asker,VYG:Line:L1,Spikkestad-Oslo S-Lillestrøm,L1,rail,VYG:ServiceJourney:2167_443577-R,True,actual,False,,,,,2026-09-08T00:20:52.129880+02:00
NSR:StopPlace:61464,Hvalstad stasjon,2026-09-07T17:40:00+02:00,2026-09-07T17:46:23+02:00,2026-09-07T17:46:23+02:00,383.0,1,Lillestrøm,VYG:Line:L1,Spikkestad-Oslo S-Lillestrøm,L1,rail,VYG:ServiceJourney:2254_443676-R,True,actual,False,,,,,2026-09-07T20:27:16.249662+02:00
NSR:StopPlace:58935,Levanger stasjon,2026-09-07T08:29:00+02:00,2026-09-07T08:35:23+02:00,2026-09-07T08:35:23+02:00,383.0,1,Nord universitet Levanger,ATB:Line:2_604,Levanger - Høgberget,604,bus,ATB:ServiceJourney:604_260217093165561_8,True,actual,False,,,,,2026-09-07T08:42:24.659182+02:00
NSR:StopPlace:416,Vikhammer stasjon,2026-09-07T21:34:00+02:00,2026-09-07T21:40:22+02:00,2026-09-07T21:40:22+02:00,382.0,1,Steinkjer,SJN:Line:26,Trønderbanen,R70,rail,SJN:ServiceJourney:453_56082-R,True,actual,False,,,,,2026-09-08T00:20:52.129880+02:00
NSR:StopPlace:58952,Bodø stasjon,2026-09-07T15:10:00+02:00,2026-09-07T15:16:22+02:00,2026-09-07T15:16:22+02:00,382.0,1,Løpsmarka,NOR:Line:12_8004,Tverlandet - Bodø sentrum - Løpsmarka,4,bus,NOR:ServiceJourney:8004_251012124900610_2023,True,actual,False,,,,,2026-09-07T15:44:36.205822+02:00
NSR:StopPlace:58925,Gausel stasjon,2026-09-07T06:08:00+02:00,2026-09-07T06:14:22+02:00,2026-09-07T06:14:22+02:00,382.0,1,Vardenes via UiS-Stavanger,KOL:Line:8_1007,6,6,bus,KOL:ServiceJourney:1007_260729080906828_2002,True,actual,False,,,,,2026-09-07T08:42:24.659182+02:00
NSR:StopPlace:58948,Stjørdal stasjon,2026-09-07T07:59:00+02:00,2026-09-07T08:05:22+02:00,2026-09-07T08:05:22+02:00,382.0,1,Steinkjer,SJN:Line:26,Trønderbanen,R70,rail,SJN:ServiceJourney:425_56054-R,True,actual,False,,,,,2026-09-07T08:42:24.659182+02:00
NSR:StopPlace:60271,Varhaug stasjon,2026-09-07T22:37:00+02:00,2026-09-07T22:43:21+02:00,2026-09-07T22:43:21+02:00,381.0,1,Egersund,GOA:Line:59,Jærbanen,L5,rail,GOA:ServiceJourney:3072_63133-R,True,actual,False,,,,,2026-09-08T00:20:52.129880+02:00
NSR:StopPlace:584,Bulken stasjon,2026-09-07T23:12:00+02:00,2026-09-07T23:18:21+02:00,2026-09-07T23:18:21+02:00,381.0,1,Bergen,VYG:Line:R40,Bergen-Voss-Myrdal-Ål,R40,rail,VYG:ServiceJourney:1839_481214-R,True,actual,False,,,,,2026-09-08T00:20:52.129880+02:00
NSR:StopPlace:58952,Bodø stasjon,2026-09-07T18:55:00+02:00,2026-09-07T19:01:21+02:00,2026-09-07T19:01:21+02:00,381.0,1,Løpsmarka,NOR:Line:12_8004,Tverlandet - Bodø sentrum - Løpsmarka,4,bus,NOR:ServiceJourney:8004_251012124900621_2034,True,actual,False,,,,,2026-09-07T20:27:16.249662+02:00
NSR:StopPlace:58861,Solbråtan stasjon,2026-09-07T17:41:00+02:00,2026-09-07T17:47:21+02:00,2026-09-07T17:47:21+02:00,381.0,1,Tårnåsen,RUT:Line:83,Jernbanetorget - Tårnåsen,83,bus,RUT:ServiceJourney:70f86acc56ac49dba1ca38dc0fff1861,True,actual,False,Linje 80E og 83 får Hausmanns bru som ny endeholdeplass fra 29. juni,"Bussene stopper ikke på Jernbanetorget etter 29. juni, men starter og stopper på Hausmanns bru i Nylandsveien.",incident,normal,2026-09-07T20:27:16.249662+02:00
NSR:StopPlace:61608,Kristiansand stasjon,2026-09-07T14:14:00+02:00,2026-09-07T14:20:21+02:00,2026-09-07T14:20:21+02:00,381.0,1,Stavanger,GOA:Line:50,Sørtoget region,F5,rail,GOA:ServiceJourney:709-LOD_73757-R,True,actual,False,,,,,2026-09-07T15:44:36.205822+02:00
NSR:StopPlace:58933,Hegra stasjon,2026-09-07T07:38:00+02:00,2026-09-07T07:44:21+02:00,2026-09-07T07:44:21+02:00,381.0,1,Halsen ungdomsskole,ATB:Line:2_7710,Flora - Sonli - Hegra - Halsen,7710,bus,ATB:ServiceJourney:7710_260106098642047_4,True,actual,False,,,,,2026-09-07T08:42:24.659182+02:00
NSR:StopPlace:58837,Nesbyen stasjon,2026-09-07T08:06:00+02:00,2026-09-07T08:12:21+02:00,2026-09-07T08:12:21+02:00,381.0,1,Nesbyen skole,BRA:Line:4_6301,Stavn - Nesbyen - Gol,301,bus,BRA:ServiceJourney:6301_260415100158897_1000,True,actual,False,,,,,2026-09-07T08:42:24.659182+02:00
NSR:StopPlace:58876,Tønsberg stasjon,2026-09-07T06:48:00+02:00,2026-09-07T06:54:21+02:00,2026-09-07T06:54:21+02:00,381.0,1,Tønsberg,VKT:Line:500,Tønsberg-Revetal-Bergsåsen,500,bus,VKT:ServiceJourney:17048,True,actual,False,Kan oppstå forsinkelser ,Pga. veiarbeid langs Bispeveien kan det oppstå forsinkelser. Vi beklager dette. ,incident,normal,2026-09-07T08:42:24.659182+02:00
NSR:StopPlace:58818,Gran stasjon,2026-09-07T08:11:00+02:00,2026-09-07T08:17:21+02:00,2026-09-07T08:17:21+02:00,381.0,1,1 Hadeland vgs-Trintom skole,INN:Line:456,Gran-Grymyr,456,bus,INN:ServiceJourney:84273,True,actual,False,,,,,2026-09-07T08:42:24.659182+02:00
NSR:StopPlace:58861,Solbråtan stasjon,2026-09-08T00:11:00+02:00,2026-09-08T00:17:20+02:00,2026-09-08T00:17:20+02:00,380.0,1,Tårnåsen,RUT:Line:83,Jernbanetorget - Tårnåsen,83,bus,RUT:ServiceJourney:b3fbadd64baa893813179bcf2338ce7a,True,actual,False,Linje 80E og 83 får Hausmanns bru som ny endeholdeplass fra 29. juni,"Bussene stopper ikke på Jernbanetorget etter 29. juni, men starter og stopper på Hausmanns bru i Nylandsveien.",incident,normal,2026-09-08T00:20:52.129880+02:00
NSR:StopPlace:58966,Porsgrunn stasjon,2026-09-07T18:22:00+02:00,2026-09-07T18:28:20+02:00,2026-09-07T18:28:20+02:00,380.0,1,Skien,VYG:Line:RX11,Eidsvoll-Oslo S-Skien,RX11,rail,VYG:ServiceJourney:855-LOE_444425-R,True,actual,False,Heis på Porsgrunn ute av drift,Heisen på Porsgrunn til spor 2 er ute av drift.,general,normal,2026-09-07T20:27:16.249662+02:00
NSR:StopPlace:58868,Årnes stasjon,2026-09-07T18:07:00+02:00,2026-09-07T18:13:20+02:00,2026-09-07T18:13:20+02:00,380.0,1,Asker,VYG:Line:R14,Asker-Oslo S-Kongsvinger,R14,rail,VYG:ServiceJourney:1028_442938-R,True,actual,False,,,,,2026-09-07T20:27:16.249662+02:00
NSR:StopPlace:17,Ringebu stasjon,2026-09-07T12:06:00+02:00,2026-09-07T12:12:20+02:00,2026-09-07T12:12:20+02:00,380.0,1,Oslo S,SJN:Line:21,Dovrebanen,F6,rail,SJN:ServiceJourney:42-TND_47981-R,True,actual,False,,,,,2026-09-07T15:44:36.205822+02:00
NSR:StopPlace:584,Bulken stasjon,2026-09-07T14:13:00+02:00,2026-09-07T14:19:20+02:00,2026-09-07T14:19:20+02:00,380.0,1,Bergen,VYG:Line:R40,Bergen-Voss-Myrdal-Ål,R40,rail,VYG:ServiceJourney:1823_443410-R,True,actual,False,Forsinket,Toget kjørte 14 minutter forsinket fra Myrdal. Vi venter på passasjerer fra et annet tog.,incident,normal,2026-09-07T15:44:36.205822+02:00
NSR:StopPlace:61334,Ogna stasjon,2026-09-07T04:53:00+02:00,2026-09-07T04:59:20+02:00,2026-09-07T04:59:20+02:00,380.0,1,Stavanger,GOA:Line:59,Jærbanen,L5,rail,GOA:ServiceJourney:3001_63033-R,True,actual,False,,,,,2026-09-07T08:42:24.659182+02:00
NSR:StopPlace:58838,Røyken stasjon,2026-09-07T07:08:00+02:00,2026-09-07T07:14:20+02:00,2026-09-07T07:14:20+02:00,380.0,1,Sætre,RUT:Line:261,Drammen - Lahell - Røyken - Sætre,261,bus,RUT:ServiceJourney:037b0135c2cf356dadb589edf720539b,True,actual,False,Fra 17/8 går linje 61-63-71-73-251-261 og skolebusser fra holdeplass ved Skutebrygga ut av byen.Les mer på brakar.no/trafikkmeldinger.,,general,normal,2026-09-07T08:42:24.659182+02:00
NSR:StopPlace:59652,Tøyen stasjon,2026-09-07T08:30:00+02:00,2026-09-07T08:36:19+02:00,2026-09-07T08:36:19+02:00,379.0,1,Vippetangen,RUT:Line:60,Vippetangen-Tonsenhagen,60,bus,RUT:ServiceJourney:16c643267c4421be3a1d707add02057a,True,actual,False,,,,,2026-09-07T08:42:24.659182+02:00
NSR:StopPlace:58857,Lørenskog stasjon,2026-09-07T05:59:00+02:00,2026-09-07T06:05:19+02:00,2026-09-07T06:05:19+02:00,379.0,1,Lillestrøm,VYG:Line:L1,Spikkestad-Oslo S-Lillestrøm,L1,rail,VYG:ServiceJourney:2204_443592-R,True,actual,False,,,,,2026-09-07T08:42:24.659182+02:00
NSR:StopPlace:313,Høybråten stasjon,2026-09-07T05:57:00+02:00,2026-09-07T06:03:19+02:00,2026-09-07T06:03:19+02:00,379.0,1,Lillestrøm,VYG:Line:L1,Spikkestad-Oslo S-Lillestrøm,L1,rail,VYG:ServiceJourney:2204_443592-R,True,actual,False,,,,,2026-09-07T08:42:24.659182+02:00
NSR:StopPlace:60640,Heimdal stasjon,2026-09-07T22:21:00+02:00,2026-09-07T22:27:18+02:00,2026-09-07T22:27:18+02:00,378.0,1,Kattem,ATB:Line:2_1,Ranheim - Strindheim - sentrum - Tiller - Heimdal - Kattem,1,bus,ATB:ServiceJourney:1_251215112546301_234,True,actual,False,,,,,2026-09-08T00:20:52.129880+02:00
NSR:StopPlace:62393,Billingstad stasjon,2026-09-07T22:22:00+02:00,2026-09-07T22:28:18+02:00,2026-09-07T22:28:18+02:00,378.0,1,Asker,VYG:Line:L1,Spikkestad-Oslo S-Lillestrøm,L1,rail,VYG:ServiceJourney:2167_443577-R,True,actual,False,,,,,2026-09-08T00:20:52.129880+02:00
NSR:StopPlace:62392,Slependen stasjon,2026-09-07T17:45:00+02:00,2026-09-07T17:51:18+02:00,2026-09-07T17:51:18+02:00,378.0,1,Lillestrøm,VYG:Line:L1,Spikkestad-Oslo S-Lillestrøm,L1,rail,VYG:ServiceJourney:2254_443676-R,True,actual,False,,,,,2026-09-07T20:27:16.249662+02:00
NSR:StopPlace:59646,Høvik stasjon,2026-09-07T15:10:00+02:00,2026-09-07T15:16:18+02:00,2026-09-07T15:16:18+02:00,378.0,1,Asker,RUT:Line:270,Asker - Sandvika (- Fornebu),270,bus,RUT:ServiceJourney:1b91282d29bf4e3abb0b2903831da244,True,actual,False,,,,,2026-09-07T15:44:36.205822+02:00
NSR:StopPlace:59958,Voss stasjon,2026-09-07T14:07:00+02:00,2026-09-07T14:13:18+02:00,2026-09-07T14:13:18+02:00,378.0,1,Bergen,VYG:Line:R40,Bergen-Voss-Myrdal-Ål,R40,rail,VYG:ServiceJourney:1823_443410-R,True,actual,False,Forsinket,Toget kjørte 14 minutter forsinket fra Myrdal. Vi venter på passasjerer fra et annet tog.,incident,normal,2026-09-07T15:44:36.205822+02:00
NSR:StopPlace:58930,Larvik stasjon,2026-09-07T08:09:00+02:00,2026-09-07T08:15:18+02:00,2026-09-07T08:15:18+02:00,378.0,1,Veldre,VKT:Line:3,Busk-Sandefjord-Larvik-Veldre,3,bus,VKT:ServiceJourney:17469,True,actual,False,,,,,2026-09-07T08:42:24.659182+02:00
NSR:StopPlace:60047,Melhus skysstasjon,2026-09-07T07:43:00+02:00,2026-09-07T07:49:17+02:00,2026-09-07T07:49:17+02:00,377.0,1,Hesttrøa via Melhus skysstasjon,ATB:Line:2_82,Hesttrøa-Brekkåsen,82,bus,ATB:ServiceJourney:82_251215112550634_22,True,actual,False,Linje 82 og 504,Avvikende kjøring for linje 82 og 504 pga Hølondvegen er stengt. ,general,normal,2026-09-07T08:42:24.659182+02:00
NSR:StopPlace:58952,Bodø stasjon,2026-09-07T07:40:00+02:00,2026-09-07T07:46:17+02:00,2026-09-07T07:46:17+02:00,377.0,1,Løpsmarka,NOR:Line:12_8004,Tverlandet - Bodø sentrum - Løpsmarka,4,bus,NOR:ServiceJourney:8004_251012124900591_2004,True,actual,False,,,,,2026-09-07T08:42:24.659182+02:00
NSR:StopPlace:364,Vaksdal stasjon,2026-09-07T06:46:00+02:00,2026-09-07T06:52:17+02:00,2026-09-07T06:52:17+02:00,377.0,1,Bergen,VYG:Line:R40,Bergen-Voss-Myrdal-Ål,R40,rail,VYG:ServiceJourney:1807_445121-R,True,actual,False,,,,,2026-09-07T08:42:24.659182+02:00
NSR:StopPlace:59654,Stabekk stasjon,2026-09-07T22:10:00+02:00,2026-09-07T22:16:16+02:00,2026-09-07T22:16:16+02:00,376.0,1,Asker,VYG:Line:L1,Spikkestad-Oslo S-Lillestrøm,L1,rail,VYG:ServiceJourney:2167_443577-R,True,actual,False,,,,,2026-09-08T00:20:52.129880+02:00
NSR:StopPlace:101,Sagdalen stasjon,2026-09-07T15:37:00+02:00,2026-09-07T15:43:16+02:00,2026-09-07T15:43:16+02:00,376.0,1,Lillestrøm,VYG:Line:L1,Spikkestad-Oslo S-Lillestrøm,L1,rail,VYG:ServiceJourney:2242_443654-R,True,actual,False,,,,,2026-09-07T15:44:36.205822+02:00
NSR:StopPlace:425,Vinstra stasjon,2026-09-07T13:03:00+02:00,2026-09-07T13:09:16+02:00,2026-09-07T13:09:16+02:00,376.0,1,Trondheim S,SJN:Line:21,Dovrebanen,F6,rail,SJN:ServiceJourney:45-LOD_48255-R,True,actual,False,,,,,2026-09-07T15:44:36.205822+02:00
NSR:StopPlace:62310,Brusand stasjon,2026-09-07T15:18:00+02:00,2026-09-07T15:24:16+02:00,2026-09-07T15:24:16+02:00,376.0,1,Egersund,GOA:Line:59,Jærbanen,L5,rail,GOA:ServiceJourney:3042_63084-R,True,actual,False,,,,,2026-09-07T15:44:36.205822+02:00
NSR:StopPlace:62393,Billingstad stasjon,2026-09-07T14:36:00+02:00,2026-09-07T14:42:16+02:00,2026-09-07T14:42:16+02:00,376.0,1,Spikkestad,VYG:Line:L1,Spikkestad-Oslo S-Lillestrøm,L1,rail,VYG:ServiceJourney:2237_443645-R,True,actual,False,Forsinket | Færre vogner,Toget kjørte 7 minutter forsinket fra Lillestrøm. Dette skyldes en tidligere stans. | Denne avgangen kjører dessverre med 4 vogner i stedet for 8 vogner. Dette skyldes at vi mangler et togsett.,incident | general,normal | normal,2026-09-07T15:44:36.205822+02:00
NSR:StopPlace:58861,Solbråtan stasjon,2026-09-07T07:56:00+02:00,2026-09-07T08:02:16+02:00,2026-09-07T08:02:16+02:00,376.0,1,Tårnåsen,RUT:Line:83,Jernbanetorget - Tårnåsen,83,bus,RUT:ServiceJourney:83ef3a2022ad2bde5a61d5ad612bd7f3,True,actual,False,Linje 80E og 83 får Hausmanns bru som ny endeholdeplass fra 29. juni,"Bussene stopper ikke på Jernbanetorget etter 29. juni, men starter og stopper på Hausmanns bru i Nylandsveien.",incident,normal,2026-09-07T08:42:24.659182+02:00
NSR:StopPlace:58825,Raufoss stasjon,2026-09-07T08:05:00+02:00,2026-09-07T08:11:16+02:00,2026-09-07T08:11:16+02:00,376.0,1,Hov o/Trevatn,INN:Line:480,Hov-Trevatn-Gjøvik,480,bus,INN:ServiceJourney:71162,True,actual,False,,,,,2026-09-07T08:42:24.659182+02:00
NSR:StopPlace:62295,Stanghelle stasjon,2026-09-07T07:39:00+02:00,2026-09-07T07:45:16+02:00,2026-09-07T07:45:16+02:00,376.0,1,Myrdal,VYG:Line:R40,Bergen-Voss-Myrdal-Ål,R40,rail,VYG:ServiceJourney:1804_465739-R,True,actual,False,,,,,2026-09-07T08:42:24.659182+02:00
NSR:StopPlace:33,Ranheim stasjon,2026-09-07T21:29:00+02:00,2026-09-07T21:35:15+02:00,2026-09-07T21:35:15+02:00,375.0,1,Steinkjer,SJN:Line:26,Trønderbanen,R70,rail,SJN:ServiceJourney:453_56082-R,True,actual,False,,,,,2026-09-08T00:20:52.129880+02:00
NSR:StopPlace:41,Hanaborg stasjon,2026-09-07T20:16:00+02:00,2026-09-07T20:22:15+02:00,2026-09-07T20:22:15+02:00,375.0,1,Lillestrøm,VYG:Line:L1,Spikkestad-Oslo S-Lillestrøm,L1,rail,VYG:ServiceJourney:2160_443570-R,True,actual,False,,,,,2026-09-07T20:27:16.249662+02:00
NSR:StopPlace:58860,Oppegård stasjon,2026-09-07T18:31:00+02:00,2026-09-07T18:37:15+02:00,2026-09-07T18:37:15+02:00,375.0,1,Kolbotn torg,RUT:Line:580,Kolbotn - Ski,580,bus,RUT:ServiceJourney:17ef6c94d38b34968f93b2b9e46a3300,True,actual,False,,,,,2026-09-07T20:27:16.249662+02:00
NSR:StopPlace:58921,Vennesla stasjon,2026-09-07T14:37:00+02:00,2026-09-07T14:43:15+02:00,2026-09-07T14:43:15+02:00,375.0,1,Kristiansand via Mosby,AKT:Line:30,Kvadraturen - Mosby - Vennesl,30,bus,AKT:ServiceJourney:79456_172_48_103200_106080_40001545,True,actual,False,,,,,2026-09-07T15:44:36.205822+02:00
NSR:StopPlace:58812,Os stasjon,2026-09-07T13:53:00+02:00,2026-09-07T13:59:15+02:00,2026-09-07T13:59:15+02:00,375.0,1,Tynset,INN:Line:182,Tynset - Røros,182,bus,INN:ServiceJourney:74875,True,actual,False,,,,,2026-09-07T15:44:36.205822+02:00
NSR:StopPlace:61464,Hvalstad stasjon,2026-09-07T22:25:00+02:00,2026-09-07T22:31:14+02:00,2026-09-07T22:31:14+02:00,374.0,1,Asker,VYG:Line:L1,Spikkestad-Oslo S-Lillestrøm,L1,rail,VYG:ServiceJourney:2167_443577-R,True,actual,False,,,,,2026-09-08T00:20:52.129880+02:00
NSR:StopPlace:58819,Grua stasjon,2026-09-07T19:47:00+02:00,2026-09-07T19:53:14+02:00,2026-09-07T19:53:14+02:00,374.0,1,Oslo S,VYG:Line:R31,Skøyen-Jaren-Gjøvik,R31,rail,VYG:ServiceJourney:BUS-230_655400-R,True,actual,False,,,,,2026-09-07T20:27:16.249662+02:00
NSR:StopPlace:58839,Steinberg stasjon,2026-09-07T14:54:00+02:00,2026-09-07T15:00:14+02:00,2026-09-07T15:00:14+02:00,374.0,1,Hokksund stasjon,BRA:Line:4_6101,Drammen-Vikersund/Hønefoss,101,bus,BRA:ServiceJourney:6101_260415100161269_1077,True,actual,False,,,,,2026-09-07T15:44:36.205822+02:00
NSR:StopPlace:59641,Fjellhamar stasjon,2026-09-07T08:19:00+02:00,2026-09-07T08:25:14+02:00,2026-09-07T08:25:14+02:00,374.0,1,Ahus,RUT:Line:315,Vallerudtoppen - Ahus,315,bus,RUT:ServiceJourney:db41f16f4774106755cc28abf212345e,True,actual,False,,,,,2026-09-07T08:42:24.659182+02:00
NSR:StopPlace:58953,Dunderland stasjon,2026-09-07T08:10:00+02:00,2026-09-07T08:16:14+02:00,2026-09-07T08:16:14+02:00,374.0,1,Mo i Rana,NOR:Line:12_8365,Mo-Storforsheia-Krokstrand,300,bus,NOR:ServiceJourney:8365_251012124858440_2003,True,actual,False,,,,,2026-09-07T08:42:24.659182+02:00
NSR:StopPlace:58832,Geilo stasjon,2026-09-07T18:48:00+02:00,2026-09-07T18:54:13+02:00,2026-09-07T18:54:13+02:00,373.0,1,Oslo S,VYG:Line:F4,Oslo S-Bergen,F4,rail,VYG:ServiceJourney:64-BRG_444368-R,True,actual,False,,,,,2026-09-07T20:27:16.249662+02:00
NSR:StopPlace:58805,Brumunddal stasjon,2026-09-07T19:49:00+02:00,2026-09-07T19:55:13+02:00,2026-09-07T19:55:13+02:00,373.0,1,Drammen,VYG:Line:RE10,Drammen-Oslo S-Lillehammer,RE10,rail,VYG:ServiceJourney:332-LHM_444245-R,True,actual,False,,,,,2026-09-07T20:27:16.249662+02:00
NSR:StopPlace:313,Høybråten stasjon,2026-09-07T20:12:00+02:00,2026-09-07T20:18:13+02:00,2026-09-07T20:18:13+02:00,373.0,1,Lillestrøm,VYG:Line:L1,Spikkestad-Oslo S-Lillestrøm,L1,rail,VYG:ServiceJourney:2160_443570-R,True,actual,False,,,,,2026-09-07T20:27:16.249662+02:00
NSR:StopPlace:61464,Hvalstad stasjon,2026-09-07T14:39:00+02:00,2026-09-07T14:45:13+02:00,2026-09-07T14:45:13+02:00,373.0,1,Spikkestad,VYG:Line:L1,Spikkestad-Oslo S-Lillestrøm,L1,rail,VYG:ServiceJourney:2237_443645-R,True,actual,False,Forsinket | Færre vogner,Toget kjørte 7 minutter forsinket fra Lillestrøm. Dette skyldes en tidligere stans. | Denne avgangen kjører dessverre med 4 vogner i stedet for 8 vogner. Dette skyldes at vi mangler et togsett.,incident | general,normal | normal,2026-09-07T15:44:36.205822+02:00
NSR:StopPlace:58836,Mjøndalen stasjon,2026-09-07T14:53:00+02:00,2026-09-07T14:59:13+02:00,2026-09-07T14:59:13+02:00,373.0,1,Kongsberg,VYG:Line:R12,Kongsberg-Oslo S-Eidsvoll,R12,rail,VYG:ServiceJourney:519_444320-R,True,actual,False,,,,,2026-09-07T15:44:36.205822+02:00
NSR:StopPlace:59641,Fjellhamar stasjon,2026-09-07T20:18:00+02:00,2026-09-07T20:24:12+02:00,2026-09-07T20:24:12+02:00,372.0,1,Lillestrøm,VYG:Line:L1,Spikkestad-Oslo S-Lillestrøm,L1,rail,VYG:ServiceJourney:2160_443570-R,True,actual,False,,,,,2026-09-07T20:27:16.249662+02:00
NSR:StopPlace:420,Lillehammer stasjon,2026-09-07T14:42:00+02:00,2026-09-07T14:48:12+02:00,2026-09-07T14:48:12+02:00,372.0,1,Oslo S,SJN:Line:21,Dovrebanen,F6,rail,SJN:ServiceJourney:44-TND_47992-R,True,actual,False,,,,,2026-09-07T15:44:36.205822+02:00
NSR:StopPlace:60053,Halden stasjon,2026-09-07T07:22:00+02:00,2026-09-07T07:28:12+02:00,2026-09-07T07:28:12+02:00,372.0,1,Halden sentrum,OST:Line:1_32,Brekkerød-Stenrød,32,bus,OST:ServiceJourney:32_260325121472785_5,True,actual,False,,,,,2026-09-07T08:42:24.659182+02:00
NSR:StopPlace:61251,Øksnavadporten stasjon,2026-09-07T23:08:00+02:00,2026-09-07T23:14:11+02:00,2026-09-07T23:14:11+02:00,371.0,1,Stavanger,GOA:Line:59,Jærbanen,L5,rail,GOA:ServiceJourney:3073_63135-R,True,actual,False,,,,,2026-09-08T00:20:52.129880+02:00
NSR:StopPlace:59957,Klepp stasjon,2026-09-07T23:05:00+02:00,2026-09-07T23:11:11+02:00,2026-09-07T23:11:11+02:00,371.0,1,Stavanger,GOA:Line:59,Jærbanen,L5,rail,GOA:ServiceJourney:3073_63135-R,True,actual,False,,,,,2026-09-08T00:20:52.129880+02:00
NSR:StopPlace:61466,Vakås stasjon,2026-09-07T14:41:00+02:00,2026-09-07T14:47:11+02:00,2026-09-07T14:47:11+02:00,371.0,1,Spikkestad,VYG:Line:L1,Spikkestad-Oslo S-Lillestrøm,L1,rail,VYG:ServiceJourney:2237_443645-R,True,actual,False,Forsinket | Færre vogner,Toget kjørte 7 minutter forsinket fra Lillestrøm. Dette skyldes en tidligere stans. | Denne avgangen kjører dessverre med 4 vogner i stedet for 8 vogner. Dette skyldes at vi mangler et togsett.,incident | general,normal | normal,2026-09-07T15:44:36.205822+02:00
NSR:StopPlace:59244,Egersund stasjon,2026-09-07T14:10:00+02:00,2026-09-07T14:16:11+02:00,2026-09-07T14:16:11+02:00,371.0,1,Sandnes,KOL:Line:8_2040,E90,E90,bus,KOL:ServiceJourney:2040_250903083245411_1004,True,actual,False,,,,,2026-09-07T15:44:36.205822+02:00
NSR:StopPlace:58932,Hommelvik stasjon,2026-09-07T15:16:00+02:00,2026-09-07T15:22:11+02:00,2026-09-07T15:22:11+02:00,371.0,1,A Marienborg via Innherredsveien,ATB:Line:2_70,Stjørdal/Hommelvik- Trondheim,70,bus,ATB:ServiceJourney:70_251215112546915_62,True,actual,False,,,,,2026-09-07T15:44:36.205822+02:00
NSR:StopPlace:58797,Mysen stasjon,2026-09-07T08:20:00+02:00,2026-09-07T08:26:11+02:00,2026-09-07T08:26:11+02:00,371.0,1,Mysen ungdomsskole,OST:Line:1_464,Mysen ungdomsskole,464,bus,OST:ServiceJourney:464_260325121475509_1,True,actual,False,,,,,2026-09-07T08:42:24.659182+02:00
NSR:StopPlace:62349,Kvam stasjon,2026-09-07T06:07:00+02:00,2026-09-07T06:13:11+02:00,2026-09-07T06:13:11+02:00,371.0,1,Drammen,VYG:Line:RE10,Drammen-Oslo S-Lillehammer,RE10,rail,VYG:ServiceJourney:308-DOM_444144-R,True,actual,False,,,,,2026-09-07T08:42:24.659182+02:00
NSR:StopPlace:58925,Gausel stasjon,2026-09-07T22:15:00+02:00,2026-09-07T22:21:10+02:00,2026-09-07T22:21:10+02:00,370.0,1,Vardenes via UiS-Stavanger,KOL:Line:8_1007,6,6,bus,KOL:ServiceJourney:1007_260729080907224_2088,True,actual,False,,,,,2026-09-08T00:20:52.129880+02:00
NSR:StopPlace:101,Sagdalen stasjon,2026-09-07T23:07:00+02:00,2026-09-07T23:13:10+02:00,2026-09-07T23:13:10+02:00,370.0,1,Lillestrøm,VYG:Line:L1,Spikkestad-Oslo S-Lillestrøm,L1,rail,VYG:ServiceJourney:2272_465117-R,True,actual,False,,,,,2026-09-08T00:20:52.129880+02:00
NSR:StopPlace:59653,Haugenstua stasjon,2026-09-07T20:10:00+02:00,2026-09-07T20:16:10+02:00,2026-09-07T20:16:10+02:00,370.0,1,Lillestrøm,VYG:Line:L1,Spikkestad-Oslo S-Lillestrøm,L1,rail,VYG:ServiceJourney:2160_443570-R,True,actual,False,,,,,2026-09-07T20:27:16.249662+02:00
NSR:StopPlace:58832,Geilo stasjon,2026-09-07T13:31:00+02:00,2026-09-07T13:37:10+02:00,2026-09-07T13:37:10+02:00,370.0,1,Bergen,VYG:Line:R40,Bergen-Voss-Myrdal-Ål,R40,rail,VYG:ServiceJourney:1825_465764-R,True,actual,False,,,,,2026-09-07T15:44:36.205822+02:00
NSR:StopPlace:58839,Steinberg stasjon,2026-09-07T15:02:00+02:00,2026-09-07T15:08:10+02:00,2026-09-07T15:08:10+02:00,370.0,1,Eidsvoll,VYG:Line:R12,Kongsberg-Oslo S-Eidsvoll,R12,rail,VYG:ServiceJourney:522_481319-R,True,actual,False,,,,,2026-09-07T15:44:36.205822+02:00
NSR:StopPlace:58823,Jaren stasjon,2026-09-07T14:20:00+02:00,2026-09-07T14:26:09+02:00,2026-09-07T14:26:09+02:00,369.0,1,Roa,VYG:Line:RE30,Oslo S-Gjøvik,RE30,rail,VYG:ServiceJourney:1220-GJOe_589159-R,True,actual,False,,,,,2026-09-07T15:44:36.205822+02:00
NSR:StopPlace:58861,Solbråtan stasjon,2026-09-07T14:41:00+02:00,2026-09-07T14:47:08+02:00,2026-09-07T14:47:08+02:00,368.0,1,Tårnåsen,RUT:Line:83,Jernbanetorget - Tårnåsen,83,bus,RUT:ServiceJourney:c8c3135d2dac15b206e5c36833e479c0,True,actual,False,Linje 80E og 83 får Hausmanns bru som ny endeholdeplass fra 29. juni,"Bussene stopper ikke på Jernbanetorget etter 29. juni, men starter og stopper på Hausmanns bru i Nylandsveien.",incident,normal,2026-09-07T15:44:36.205822+02:00
NSR:StopPlace:62311,Vigrestad stasjon,2026-09-07T15:14:00+02:00,2026-09-07T15:20:08+02:00,2026-09-07T15:20:08+02:00,368.0,1,Egersund,GOA:Line:59,Jærbanen,L5,rail,GOA:ServiceJourney:3042_63084-R,True,actual,False,,,,,2026-09-07T15:44:36.205822+02:00
NSR:StopPlace:420,Lillehammer stasjon,2026-09-07T07:15:00+02:00,2026-09-07T07:21:08+02:00,2026-09-07T07:21:08+02:00,368.0,1,Drammen,VYG:Line:RE10,Drammen-Oslo S-Lillehammer,RE10,rail,VYG:ServiceJourney:308-DOM_444144-R,True,actual,False,,,,,2026-09-07T08:42:24.659182+02:00
NSR:StopPlace:61466,Vakås stasjon,2026-09-07T22:27:00+02:00,2026-09-07T22:33:07+02:00,2026-09-07T22:33:07+02:00,367.0,1,Asker,VYG:Line:L1,Spikkestad-Oslo S-Lillestrøm,L1,rail,VYG:ServiceJourney:2167_443577-R,True,actual,False,,,,,2026-09-08T00:20:52.129880+02:00
NSR:StopPlace:58852,Høn stasjon,2026-09-07T14:43:00+02:00,2026-09-07T14:49:07+02:00,2026-09-07T14:49:07+02:00,367.0,1,Spikkestad,VYG:Line:L1,Spikkestad-Oslo S-Lillestrøm,L1,rail,VYG:ServiceJourney:2237_443645-R,True,actual,False,Forsinket | Færre vogner,Toget kjørte 7 minutter forsinket fra Lillestrøm. Dette skyldes en tidligere stans. | Denne avgangen kjører dessverre med 4 vogner i stedet for 8 vogner. Dette skyldes at vi mangler et togsett.,incident | general,normal | normal,2026-09-07T15:44:36.205822+02:00
NSR:StopPlace:59652,Tøyen stasjon,2026-09-07T08:09:00+02:00,2026-09-07T08:15:07+02:00,2026-09-07T08:15:07+02:00,367.0,1,Tonsenhagen,RUT:Line:60,Vippetangen-Tonsenhagen,60,bus,RUT:ServiceJourney:800a1beda1969b42e5f529bd505acd4f,True,actual,False,,,,,2026-09-07T08:42:24.659182+02:00
NSR:StopPlace:59620,Grorud stasjon,2026-09-07T06:56:00+02:00,2026-09-07T07:02:07+02:00,2026-09-07T07:02:07+02:00,367.0,1,Vestvollen,RUT:Line:345,Vestvollen - Økern,345,bus,RUT:ServiceJourney:ef55b164884fba2cc94ac1b692241c42,True,actual,False,,,,,2026-09-07T08:42:24.659182+02:00
NSR:StopPlace:58800,Råde stasjon,2026-09-07T19:00:00+02:00,2026-09-07T19:06:06+02:00,2026-09-07T19:06:06+02:00,366.0,1,Göteborg C,VYG:Line:RE20,Oslo S-Halden-Göteborg (X-Border),RE20,rail,VYG:ServiceJourney:127-397_448332-R,True,actual,False,,,,,2026-09-07T20:27:16.249662+02:00
NSR:StopPlace:58800,Råde stasjon,2026-09-07T19:53:00+02:00,2026-09-07T19:59:06+02:00,2026-09-07T19:59:06+02:00,366.0,1,Oslo S,VYG:Line:RE20,Oslo S-Halden-Göteborg (X-Border),RE20,rail,VYG:ServiceJourney:132_443133-R,True,actual,False,,,,,2026-09-07T20:27:16.249662+02:00
NSR:StopPlace:62094,Lindeberg stasjon,2026-09-07T22:07:00+02:00,2026-09-07T22:13:05+02:00,2026-09-07T22:13:05+02:00,365.0,1,Dal,VYG:Line:R13,Drammen-Oslo S-Dal,R13,rail,VYG:ServiceJourney:1667_443357-R,True,actual,False,,,,,2026-09-08T00:20:52.129880+02:00
NSR:StopPlace:58963,Jessheim stasjon,2026-09-07T18:01:00+02:00,2026-09-07T18:07:04+02:00,2026-09-07T18:07:04+02:00,364.0,1,Oslo lufthavn,RUT:Line:440,Fenstad/Nordkisa - Oslo lufthavn,440,bus,RUT:ServiceJourney:b275807492765148875dd1aea53da97b,True,actual,False,,,,,2026-09-07T20:27:16.249662+02:00
NSR:StopPlace:58793,Askim stasjon,2026-09-07T07:15:00+02:00,2026-09-07T07:21:04+02:00,2026-09-07T07:21:04+02:00,364.0,1,Mysen stasjon,OST:Line:1_640,Sarpsborg-Askim-Mysen,640,bus,OST:ServiceJourney:640_260325121475365_3,True,actual,False,,,,,2026-09-07T08:42:24.659182+02:00
NSR:StopPlace:58952,Bodø stasjon,2026-09-07T21:55:00+02:00,2026-09-07T22:01:03+02:00,2026-09-07T22:01:03+02:00,363.0,1,Løpsmarka,NOR:Line:12_8004,Tverlandet - Bodø sentrum - Løpsmarka,4,bus,NOR:ServiceJourney:8004_251012124900625_2038,True,actual,False,,,,,2026-09-08T00:20:52.129880+02:00
NSR:StopPlace:59642,Rånåsfoss stasjon,2026-09-07T20:19:00+02:00,2026-09-07T20:25:03+02:00,2026-09-07T20:25:03+02:00,363.0,1,Asker,VYG:Line:R14,Asker-Oslo S-Kongsvinger,R14,rail,VYG:ServiceJourney:1032_442943-R,True,actual,False,,,,,2026-09-07T20:27:16.249662+02:00
NSR:StopPlace:58873,Skoppum stasjon,2026-09-07T20:20:00+02:00,2026-09-07T20:26:03+02:00,2026-09-07T20:26:03+02:00,363.0,1,Eidsvoll,VYG:Line:RE11,Eidsvoll-Oslo S-Skien,RE11,rail,VYG:ServiceJourney:832_481337-R,True,actual,False,,,,,2026-09-07T20:27:16.249662+02:00
NSR:StopPlace:62308,Alna stasjon,2026-09-07T18:18:00+02:00,2026-09-07T18:24:03+02:00,2026-09-07T18:24:03+02:00,363.0,1,Lillestrøm,VYG:Line:L1,Spikkestad-Oslo S-Lillestrøm,L1,rail,VYG:ServiceJourney:2254_443676-R,True,actual,False,,,,,2026-09-07T20:27:16.249662+02:00
NSR:StopPlace:58963,Jessheim stasjon,2026-09-07T07:36:00+02:00,2026-09-07T07:42:03+02:00,2026-09-07T07:42:03+02:00,363.0,1,Oslo lufthavn,RUT:Line:450,Årnes - Oslo lufthavn,450,bus,RUT:ServiceJourney:8eae2907573e239258c2bb746d89637e,True,actual,False,,,,,2026-09-07T08:42:24.659182+02:00
NSR:StopPlace:59646,Høvik stasjon,2026-09-07T21:56:00+02:00,2026-09-07T22:02:02+02:00,2026-09-07T22:02:02+02:00,362.0,1,Spikkestad,VYG:Line:L1,Spikkestad-Oslo S-Lillestrøm,L1,rail,VYG:ServiceJourney:2267_443697-R,True,actual,False,,,,,2026-09-08T00:20:52.129880+02:00
NSR:StopPlace:59650,Nyland stasjon,2026-09-07T21:44:00+02:00,2026-09-07T21:50:01+02:00,2026-09-07T21:50:01+02:00,361.0,1,Asker,VYG:Line:L1,Spikkestad-Oslo S-Lillestrøm,L1,rail,VYG:ServiceJourney:2167_443577-R,True,actual,False,,,,,2026-09-08T00:20:52.129880+02:00
NSR:StopPlace:58842,Blaker stasjon,2026-09-07T15:36:00+02:00,2026-09-07T15:42:01+02:00,2026-09-07T15:42:01+02:00,361.0,1,Kongsvinger,VYG:Line:R14,Asker-Oslo S-Kongsvinger,R14,rail,VYG:ServiceJourney:1021_442929-R,True,actual,False,,,,,2026-09-07T15:44:36.205822+02:00
NSR:StopPlace:59620,Grorud stasjon,2026-09-07T21:42:00+02:00,2026-09-07T21:48:00+02:00,2026-09-07T21:48:00+02:00,360.0,1,Asker,VYG:Line:L1,Spikkestad-Oslo S-Lillestrøm,L1,rail,VYG:ServiceJourney:2167_443577-R,True,actual,False,,,,,2026-09-08T00:20:52.129880+02:00
NSR:StopPlace:58811,Moelv stasjon,2026-09-07T20:15:00+02:00,2026-09-07T20:21:00+02:00,2026-09-07T20:21:00+02:00,360.0,1,Dombås,VYG:Line:RE10,Drammen-Oslo S-Lillehammer,RE10,rail,VYG:ServiceJourney:329-SUD_465133-R,True,actual,False,,,,,2026-09-08T00:20:52.129880+02:00
NSR:StopPlace:60131,Ed station,2026-09-07T16:25:00+02:00,2026-09-07T16:31:00+02:00,2026-09-07T16:31:00+02:00,360.0,1,Göteborg C,VYG:Line:RE20,Oslo S-Halden-Göteborg (X-Border),RE20,rail,VYG:ServiceJourney:119-391_460181-R,True,actual,False,,,,,2026-09-07T20:27:16.249662+02:00
NSR:StopPlace:58823,Jaren stasjon,2026-09-07T20:20:00+02:00,2026-09-07T20:26:00+02:00,2026-09-07T20:26:00+02:00,360.0,1,Roa,VYG:Line:R31,Skøyen-Jaren-Gjøvik,R31,rail,VYG:ServiceJourney:232-GJOe_648914-R,True,actual,False,,,,,2026-09-07T20:27:16.249662+02:00
NSR:StopPlace:58823,Jaren stasjon,2026-09-07T20:21:00+02:00,2026-09-07T20:27:00+02:00,2026-09-07T20:27:00+02:00,360.0,1,Gjøvik,VYG:Line:R31,Skøyen-Jaren-Gjøvik,R31,rail,VYG:ServiceJourney:229-ROA_589352-R,True,actual,False,,,,,2026-09-07T20:27:16.249662+02:00
NSR:StopPlace:374,Göteborg Centralstation,2026-09-07T18:10:00+02:00,2026-09-07T18:16:00+02:00,2026-09-07T18:16:00+02:00,360.0,1,Oslo S,VYG:Line:RE20,Oslo S-Halden-Göteborg (X-Border),RE20,rail,VYG:ServiceJourney:394-134_463487-R,True,actual,False,,,,,2026-09-07T20:27:16.249662+02:00
NSR:StopPlace:59649,Nydalen stasjon,2026-09-07T14:26:00+02:00,2026-09-07T14:32:00+02:00,2026-09-07T14:32:00+02:00,360.0,1,Lysaker,RUT:Line:23,Lysaker - Simensbråten,23,bus,RUT:ServiceJourney:03dfc8683ca7995e3347531de6d6fc2e,True,actual,False,,,,,2026-09-07T15:44:36.205822+02:00
NSR:StopPlace:313,Høybråten stasjon,2026-09-07T15:12:00+02:00,2026-09-07T15:18:00+02:00,2026-09-07T15:18:00+02:00,360.0,1,Lillestrøm,VYG:Line:L1,Spikkestad-Oslo S-Lillestrøm,L1,rail,VYG:ServiceJourney:2140_443548-R,True,actual,False,,,,,2026-09-07T15:44:36.205822+02:00
NSR:StopPlace:610,Sandvika stasjon,2026-09-07T22:01:00+02:00,2026-09-07T22:06:59+02:00,2026-09-07T22:06:59+02:00,359.0,1,Spikkestad,VYG:Line:L1,Spikkestad-Oslo S-Lillestrøm,L1,rail,VYG:ServiceJourney:2267_443697-R,True,actual,False,,,,,2026-09-08T00:20:52.129880+02:00
NSR:StopPlace:58847,Frogner stasjon,2026-09-07T17:51:00+02:00,2026-09-07T17:56:59+02:00,2026-09-07T17:56:59+02:00,359.0,1,Drammen,VYG:Line:R13,Drammen-Oslo S-Dal,R13,rail,VYG:ServiceJourney:1652_443326-R,True,actual,False,,,,,2026-09-07T20:27:16.249662+02:00
NSR:StopPlace:17,Ringebu stasjon,2026-09-07T12:46:00+02:00,2026-09-07T12:51:59+02:00,2026-09-07T12:51:59+02:00,359.0,1,Trondheim S,SJN:Line:21,Dovrebanen,F6,rail,SJN:ServiceJourney:45-LOD_48255-R,True,actual,False,,,,,2026-09-07T15:44:36.205822+02:00
NSR:StopPlace:58814,Tolga stasjon,2026-09-07T14:17:00+02:00,2026-09-07T14:22:59+02:00,2026-09-07T14:22:59+02:00,359.0,1,Røros,INN:Line:182,Tynset - Røros,182,bus,INN:ServiceJourney:74864,True,actual,False,,,,,2026-09-07T15:44:36.205822+02:00
NSR:StopPlace:60042,Trengereid stasjon,2026-09-07T08:27:00+02:00,2026-09-07T08:32:59+02:00,2026-09-07T08:32:59+02:00,359.0,1,Bergen,VYG:Line:R40,Bergen-Voss-Myrdal-Ål,R40,rail,VYG:ServiceJourney:1811_443397-R,True,actual,False,,,,,2026-09-07T08:42:24.659182+02:00
NSR:StopPlace:58800,Råde stasjon,2026-09-07T17:59:00+02:00,2026-09-07T18:04:58+02:00,2026-09-07T18:04:58+02:00,358.0,1,Oslo S,VYG:Line:RE20,Oslo S-Halden-Göteborg (X-Border),RE20,rail,VYG:ServiceJourney:128_443128-R,True,actual,False,,,,,2026-09-07T20:27:16.249662+02:00
NSR:StopPlace:441,Auli stasjon,2026-09-07T20:16:00+02:00,2026-09-07T20:21:58+02:00,2026-09-07T20:21:58+02:00,358.0,1,Asker,VYG:Line:R14,Asker-Oslo S-Kongsvinger,R14,rail,VYG:ServiceJourney:1032_442943-R,True,actual,False,,,,,2026-09-07T20:27:16.249662+02:00
NSR:StopPlace:58862,Strømmen stasjon,2026-09-07T14:29:00+02:00,2026-09-07T14:34:58+02:00,2026-09-07T14:34:58+02:00,358.0,1,Lørenskog sentrum,RUT:Line:385,Nittedal stasjon - Olavsgaard - Ahus,385,bus,RUT:ServiceJourney:85cf93d8365e5e78be5d5f6624024204,True,actual,False,,,,,2026-09-07T15:44:36.205822+02:00
NSR:StopPlace:58862,Strømmen stasjon,2026-09-07T14:44:00+02:00,2026-09-07T14:49:58+02:00,2026-09-07T14:49:58+02:00,358.0,1,Lørenskog sentrum,RUT:Line:385,Nittedal stasjon - Olavsgaard - Ahus,385,bus,RUT:ServiceJourney:6869c0eb7cc881349a7e81b37ed90a8c,True,actual,False,,,,,2026-09-07T15:44:36.205822+02:00
NSR:StopPlace:59648,Kjelsås stasjon,2026-09-07T07:45:00+02:00,2026-09-07T07:50:58+02:00,2026-09-07T07:50:58+02:00,358.0,1,Haugerud,RUT:Line:25,Majorstuen-Haugerud,25,bus,RUT:ServiceJourney:84a07b9c78a3e46b8adee7dd6e346726,True,actual,False,,,,,2026-09-07T08:42:24.659182+02:00
NSR:StopPlace:58876,Tønsberg stasjon,2026-09-07T07:27:00+02:00,2026-09-07T07:32:58+02:00,2026-09-07T07:32:58+02:00,358.0,1,Tønsberg,VKT:Line:1,Horten-Tønsberg-Sandefjord,1,bus,VKT:ServiceJourney:15623,True,actual,False,,,,,2026-09-07T08:42:24.659182+02:00
NSR:StopPlace:61315,Nerdrum stasjon,2026-09-07T23:20:00+02:00,2026-09-07T23:25:57+02:00,2026-09-07T23:25:57+02:00,357.0,1,Kongsvinger,VYG:Line:R14,Asker-Oslo S-Kongsvinger,R14,rail,VYG:ServiceJourney:1037_442949-R,True,actual,False,,,,,2026-09-08T00:20:52.129880+02:00
NSR:StopPlace:59649,Nydalen stasjon,2026-09-07T23:16:00+02:00,2026-09-07T23:21:57+02:00,2026-09-07T23:21:57+02:00,357.0,1,Lysaker,RUT:Line:23,Lysaker - Simensbråten,23,bus,RUT:ServiceJourney:7a44645133303c1535c9991b6cf3230a,True,actual,False,,,,,2026-09-08T00:20:52.129880+02:00
NSR:StopPlace:58852,Høn stasjon,2026-09-07T22:29:00+02:00,2026-09-07T22:34:57+02:00,2026-09-07T22:34:57+02:00,357.0,1,Asker,VYG:Line:L1,Spikkestad-Oslo S-Lillestrøm,L1,rail,VYG:ServiceJourney:2167_443577-R,True,actual,False,,,,,2026-09-08T00:20:52.129880+02:00
NSR:StopPlace:58855,Leirsund stasjon,2026-09-07T22:00:00+02:00,2026-09-07T22:05:57+02:00,2026-09-07T22:05:57+02:00,357.0,1,Dal,VYG:Line:R13,Drammen-Oslo S-Dal,R13,rail,VYG:ServiceJourney:1667_443357-R,True,actual,False,,,,,2026-09-08T00:20:52.129880+02:00
NSR:StopPlace:58812,Os stasjon,2026-09-07T15:29:00+02:00,2026-09-07T15:34:57+02:00,2026-09-07T15:34:57+02:00,357.0,1,Tynset,INN:Line:182,Tynset - Røros,182,bus,INN:ServiceJourney:74877,True,actual,False,,,,,2026-09-07T15:44:36.205822+02:00
NSR:StopPlace:58801,Sarpsborg stasjon,2026-09-07T06:41:00+02:00,2026-09-07T06:46:57+02:00,2026-09-07T06:46:57+02:00,357.0,1,Opsund,OST:Line:1_134,Sarpsborg - Opsund,134,bus,OST:ServiceJourney:134_260325121470888_1,True,actual,False,,,,,2026-09-07T08:42:24.659182+02:00
NSR:StopPlace:62339,Lillestrøm stasjon,2026-09-07T07:40:00+02:00,2026-09-07T07:45:57+02:00,2026-09-07T07:45:57+02:00,357.0,1,Spikkestad,VYG:Line:L1,Spikkestad-Oslo S-Lillestrøm,L1,rail,VYG:ServiceJourney:2213_443605-R,True,actual,False,Heis i spor 1 og 2 er ute av bruk på grunn av vedlikehold.,Heis i spor 1 og 2 er ute av bruk på grunn av vedlikehold.,general,normal,2026-09-07T08:42:24.659182+02:00
NSR:StopPlace:58963,Jessheim stasjon,2026-09-07T21:07:00+02:00,2026-09-07T21:12:56+02:00,2026-09-07T21:12:56+02:00,356.0,1,Drammen,VYG:Line:R13,Drammen-Oslo S-Dal,R13,rail,VYG:ServiceJourney:1666_443356-R,True,actual,False,,,,,2026-09-08T00:20:52.129880+02:00
NSR:StopPlace:58805,Brumunddal stasjon,2026-09-07T22:03:00+02:00,2026-09-07T22:08:56+02:00,2026-09-07T22:08:56+02:00,356.0,1,Lillehammer,VYG:Line:RE10,Drammen-Oslo S-Lillehammer,RE10,rail,VYG:ServiceJourney:333-SUD_444251-R,True,actual,False,Bruk de forreste vognene,På denne avgangen er det bakerste togsettet stengt mellom Drammen og Lillehammer. Bruk de forreste vognene.,general,normal,2026-09-08T00:20:52.129880+02:00
NSR:StopPlace:62393,Billingstad stasjon,2026-09-07T22:06:00+02:00,2026-09-07T22:11:56+02:00,2026-09-07T22:11:56+02:00,356.0,1,Spikkestad,VYG:Line:L1,Spikkestad-Oslo S-Lillestrøm,L1,rail,VYG:ServiceJourney:2267_443697-R,True,actual,False,,,,,2026-09-08T00:20:52.129880+02:00
NSR:StopPlace:59092,Gyland stasjon,2026-09-07T19:06:00+02:00,2026-09-07T19:11:56+02:00,2026-09-07T19:11:56+02:00,356.0,1,Stavanger,GOA:Line:50,Sørtoget region,F5,rail,GOA:ServiceJourney:713-LOD_68191-R,True,actual,False,,,,,2026-09-07T20:27:16.249662+02:00
NSR:StopPlace:58952,Bodø stasjon,2026-09-07T19:55:00+02:00,2026-09-07T20:00:56+02:00,2026-09-07T20:00:56+02:00,356.0,1,Løpsmarka,NOR:Line:12_8004,Tverlandet - Bodø sentrum - Løpsmarka,4,bus,NOR:ServiceJourney:8004_251012124900623_2036,True,actual,False,,,,,2026-09-07T20:27:16.249662+02:00
NSR:StopPlace:58886,Arendal stasjon,2026-09-07T13:37:00+02:00,2026-09-07T13:42:56+02:00,2026-09-07T13:42:56+02:00,356.0,1,Grimstad via Arendal sentrum,AKT:Line:101,Eydehavn-Arendal-Grimstad N/S,101,bus,AKT:ServiceJourney:71748_251_89_96000_100380_40000971,True,actual,False,,,,,2026-09-07T15:44:36.205822+02:00
NSR:StopPlace:58801,Sarpsborg stasjon,2026-09-07T14:44:00+02:00,2026-09-07T14:49:56+02:00,2026-09-07T14:49:56+02:00,356.0,1,Blessom,OST:Line:1_13,Kalnes - Blessom,13,bus,OST:ServiceJourney:13_260325121470787_22,True,actual,False,,,,,2026-09-07T15:44:36.205822+02:00
NSR:StopPlace:699,Tynset stasjon,2026-09-07T06:57:00+02:00,2026-09-07T07:02:56+02:00,2026-09-07T07:02:56+02:00,356.0,1,Hamar,SJN:Line:25,Rørosbanen,R60,rail,SJN:ServiceJourney:2380_37659-R,True,actual,False,,,,,2026-09-07T08:42:24.659182+02:00
NSR:StopPlace:61979,Hellvik stasjon,2026-09-07T04:45:00+02:00,2026-09-07T04:50:56+02:00,2026-09-07T04:50:56+02:00,356.0,1,Stavanger,GOA:Line:59,Jærbanen,L5,rail,GOA:ServiceJourney:3001_63033-R,True,actual,False,,,,,2026-09-07T08:42:24.659182+02:00
NSR:StopPlace:61872,Nærbø stasjon,2026-09-07T22:33:00+02:00,2026-09-07T22:38:55+02:00,2026-09-07T22:38:55+02:00,355.0,1,Egersund,GOA:Line:59,Jærbanen,L5,rail,GOA:ServiceJourney:3072_63133-R,True,actual,False,,,,,2026-09-08T00:20:52.129880+02:00
NSR:StopPlace:61897,Bryn stasjon,2026-09-07T18:15:00+02:00,2026-09-07T18:20:55+02:00,2026-09-07T18:20:55+02:00,355.0,1,Lillestrøm,VYG:Line:L1,Spikkestad-Oslo S-Lillestrøm,L1,rail,VYG:ServiceJourney:2254_443676-R,True,actual,False,,,,,2026-09-07T20:27:16.249662+02:00
NSR:StopPlace:59652,Tøyen stasjon,2026-09-07T20:14:00+02:00,2026-09-07T20:19:55+02:00,2026-09-07T20:19:55+02:00,355.0,1,Vippetangen,RUT:Line:60,Vippetangen-Tonsenhagen,60,bus,RUT:ServiceJourney:836ddbf1800bff93bbcbb80c4c4ea9d7,True,actual,False,,,,,2026-09-07T20:27:16.249662+02:00
NSR:StopPlace:60736,Spikkestad stasjon,2026-09-07T17:46:00+02:00,2026-09-07T17:51:55+02:00,2026-09-07T17:51:55+02:00,355.0,1,Lillestrøm,VYG:Line:L1,Spikkestad-Oslo S-Lillestrøm,L1,rail,VYG:ServiceJourney:2256_445354-R,True,actual,False,,,,,2026-09-07T20:27:16.249662+02:00
NSR:StopPlace:71,Hallingskeid stasjon,2026-09-07T15:31:00+02:00,2026-09-07T15:36:55+02:00,2026-09-07T15:36:55+02:00,355.0,1,Oslo S,VYG:Line:F4,Oslo S-Bergen,F4,rail,VYG:ServiceJourney:90608_661661-R,True,actual,False,,,,,2026-09-07T15:44:36.205822+02:00
NSR:StopPlace:58932,Hommelvik stasjon,2026-09-07T08:15:00+02:00,2026-09-07T08:20:55+02:00,2026-09-07T08:20:55+02:00,355.0,1,A Marienborg via Innherredsveien,ATB:Line:2_70,Stjørdal/Hommelvik- Trondheim,70,bus,ATB:ServiceJourney:70_251215112546912_28,True,actual,False,,,,,2026-09-07T08:42:24.659182+02:00
NSR:StopPlace:58847,Frogner stasjon,2026-09-07T07:43:00+02:00,2026-09-07T07:48:54+02:00,2026-09-07T07:48:54+02:00,354.0,1,Skedsmokorset,RUT:Line:365,Sørumsand - Frogner - Skedsmokorset,365,bus,RUT:ServiceJourney:efa3e7ee92128d3d45b5dc9ab0c4dd95,True,actual,False,,,,,2026-09-07T08:42:24.659182+02:00
NSR:StopPlace:58819,Grua stasjon,2026-09-07T06:01:00+02:00,2026-09-07T06:06:54+02:00,2026-09-07T06:06:54+02:00,354.0,1,Oslo S,VYG:Line:R31,Skøyen-Jaren-Gjøvik,R31,rail,VYG:ServiceJourney:BUS-244_655558-R,True,actual,False,,,,,2026-09-07T08:42:24.659182+02:00
NSR:StopPlace:400,Ler stasjon,2026-09-07T20:37:00+02:00,2026-09-07T20:42:53+02:00,2026-09-07T20:42:53+02:00,353.0,1,Steinkjer,SJN:Line:26,Trønderbanen,R70,rail,SJN:ServiceJourney:453_56082-R,True,actual,False,,,,,2026-09-08T00:20:52.129880+02:00
NSR:StopPlace:59648,Kjelsås stasjon,2026-09-07T17:55:00+02:00,2026-09-07T18:00:53+02:00,2026-09-07T18:00:53+02:00,353.0,1,Majorstuen,RUT:Line:25,Majorstuen-Haugerud,25,bus,RUT:ServiceJourney:227d7396620d426a33d11377c9c5d01f,True,actual,False,,,,,2026-09-07T20:27:16.249662+02:00
NSR:StopPlace:59638,Myrvoll stasjon,2026-09-07T18:37:00+02:00,2026-09-07T18:42:53+02:00,2026-09-07T18:42:53+02:00,353.0,1,Kolbotn torg,RUT:Line:580,Kolbotn - Ski,580,bus,RUT:ServiceJourney:17ef6c94d38b34968f93b2b9e46a3300,True,actual,False,,,,,2026-09-07T20:27:16.249662+02:00
NSR:StopPlace:58851,Heggedal stasjon,2026-09-07T18:54:00+02:00,2026-09-07T18:59:53+02:00,2026-09-07T18:59:53+02:00,353.0,1,Lillestrøm,VYG:Line:L1,Spikkestad-Oslo S-Lillestrøm,L1,rail,VYG:ServiceJourney:2260_445359-R,True,actual,False,,,,,2026-09-07T20:27:16.249662+02:00
NSR:StopPlace:62338,Fossum stasjon,2026-09-07T15:03:00+02:00,2026-09-07T15:08:53+02:00,2026-09-07T15:08:53+02:00,353.0,1,Sørumsand,RUT:Line:2673,Bjørkelangen - Sørumsand,2673,bus,RUT:ServiceJourney:5063e89933eb079d246ed24a17261718,True,actual,False,,,,,2026-09-07T15:44:36.205822+02:00
NSR:StopPlace:58834,Hokksund stasjon,2026-09-07T08:07:00+02:00,2026-09-07T08:12:53+02:00,2026-09-07T08:12:53+02:00,353.0,1,Hokksund skole,BRA:Line:4_6125,Hokksund - Harakollen,125,bus,BRA:ServiceJourney:6125_260415100159555_1023,True,actual,False,,,,,2026-09-07T08:42:24.659182+02:00
NSR:StopPlace:58860,Oppegård stasjon,2026-09-07T08:31:00+02:00,2026-09-07T08:36:53+02:00,2026-09-07T08:36:53+02:00,353.0,1,Kolbotn torg,RUT:Line:580,Kolbotn - Ski,580,bus,RUT:ServiceJourney:e8a6e01cd78eea167b27a237c3ecf553,True,actual,False,,,,,2026-09-07T08:42:24.659182+02:00
NSR:StopPlace:62309,Ljan stasjon,2026-09-07T07:24:00+02:00,2026-09-07T07:29:53+02:00,2026-09-07T07:29:53+02:00,353.0,1,Ski,VYG:Line:L2,Stabekk-Oslo S-Ski,L2,rail,VYG:ServiceJourney:2709-HVK_443915-R,True,actual,False,,,,,2026-09-07T08:42:24.659182+02:00
NSR:StopPlace:58861,Solbråtan stasjon,2026-09-07T23:41:00+02:00,2026-09-07T23:46:52+02:00,2026-09-07T23:46:52+02:00,352.0,1,Tårnåsen,RUT:Line:83,Jernbanetorget - Tårnåsen,83,bus,RUT:ServiceJourney:2ec0a174cafd1eaa41f3575c0bbb5112,True,actual,False,Linje 80E og 83 får Hausmanns bru som ny endeholdeplass fra 29. juni,"Bussene stopper ikke på Jernbanetorget etter 29. juni, men starter og stopper på Hausmanns bru i Nylandsveien.",incident,normal,2026-09-08T00:20:52.129880+02:00
NSR:StopPlace:58796,Moss stasjon,2026-09-07T17:24:00+02:00,2026-09-07T17:29:52+02:00,2026-09-07T17:29:52+02:00,352.0,1,Stabekk,VYG:Line:R21,Stabekk-Oslo S-Moss,R21,rail,VYG:ServiceJourney:1154-MOS_443038-R,True,actual,False,,,,,2026-09-07T20:27:16.249662+02:00
NSR:StopPlace:58853,Kolbotn stasjon,2026-09-07T17:52:00+02:00,2026-09-07T17:57:52+02:00,2026-09-07T17:57:52+02:00,352.0,1,Tårnåsen,RUT:Line:83,Jernbanetorget - Tårnåsen,83,bus,RUT:ServiceJourney:2bb4f2587ab4c8af6bcc3abf05a456cd,True,actual,False,Linje 80E og 83 får Hausmanns bru som ny endeholdeplass fra 29. juni,"Bussene stopper ikke på Jernbanetorget etter 29. juni, men starter og stopper på Hausmanns bru i Nylandsveien.",incident,normal,2026-09-07T20:27:16.249662+02:00
NSR:StopPlace:62393,Billingstad stasjon,2026-09-07T17:43:00+02:00,2026-09-07T17:48:52+02:00,2026-09-07T17:48:52+02:00,352.0,1,Lillestrøm,VYG:Line:L1,Spikkestad-Oslo S-Lillestrøm,L1,rail,VYG:ServiceJourney:2254_443676-R,True,actual,False,,,,,2026-09-07T20:27:16.249662+02:00
NSR:StopPlace:58846,Fetsund stasjon,2026-09-07T15:23:00+02:00,2026-09-07T15:28:52+02:00,2026-09-07T15:28:52+02:00,352.0,1,Kongsvinger,VYG:Line:R14,Asker-Oslo S-Kongsvinger,R14,rail,VYG:ServiceJourney:1021_442929-R,True,actual,False,,,,,2026-09-07T15:44:36.205822+02:00
NSR:StopPlace:60047,Melhus skysstasjon,2026-09-07T07:03:00+02:00,2026-09-07T07:08:52+02:00,2026-09-07T07:08:52+02:00,352.0,1,Hesttrøa via Melhus skysstasjon,ATB:Line:2_82,Hesttrøa-Brekkåsen,82,bus,ATB:ServiceJourney:82_251215112550627_14,True,actual,False,Linje 82 og 504,Avvikende kjøring for linje 82 og 504 pga Hølondvegen er stengt. ,general,normal,2026-09-07T08:42:24.659182+02:00
NSR:StopPlace:58889,Gjerstad stasjon,2026-09-07T07:59:00+02:00,2026-09-07T08:04:52+02:00,2026-09-07T08:04:52+02:00,352.0,1,Abel skole,AKT:Line:1966,Skolebusser Gjerstad,1966,bus,AKT:ServiceJourney:87721_11_37_54600_56700_3909660,True,actual,False,,,,,2026-09-07T08:42:24.659182+02:00
NSR:StopPlace:101,Sagdalen stasjon,2026-09-07T07:43:00+02:00,2026-09-07T07:48:52+02:00,2026-09-07T07:48:52+02:00,352.0,1,Spikkestad,VYG:Line:L1,Spikkestad-Oslo S-Lillestrøm,L1,rail,VYG:ServiceJourney:2213_443605-R,True,actual,False,,,,,2026-09-07T08:42:24.659182+02:00
NSR:StopPlace:59646,Høvik stasjon,2026-09-07T08:10:00+02:00,2026-09-07T08:15:51+02:00,2026-09-07T08:15:51+02:00,351.0,1,Asker,RUT:Line:270,Asker - Sandvika (- Fornebu),270,bus,RUT:ServiceJourney:90b8276c2bbd5365c7996dc60aa9c248,True,actual,False,,,,,2026-09-07T08:42:24.659182+02:00
NSR:StopPlace:59620,Grorud stasjon,2026-09-07T06:56:00+02:00,2026-09-07T07:01:51+02:00,2026-09-07T07:01:51+02:00,351.0,1,Lørenskog sentrum,RUT:Line:67,Økern-Lørenskog sentrum,67,bus,RUT:ServiceJourney:f236f052a574bbad9e5c0a576f31222b,True,actual,False,,,,,2026-09-07T08:42:24.659182+02:00
NSR:StopPlace:61464,Hvalstad stasjon,2026-09-08T00:40:00+02:00,2026-09-08T00:45:50+02:00,2026-09-08T00:45:50+02:00,350.0,1,Lillestrøm,VYG:Line:L1,Spikkestad-Oslo S-Lillestrøm,L1,rail,VYG:ServiceJourney:2282_443722-R,True,actual,False,,,,,2026-09-08T03:39:50.209703+02:00
NSR:StopPlace:58859,Nordby stasjon,2026-09-07T21:33:00+02:00,2026-09-07T21:38:50+02:00,2026-09-07T21:38:50+02:00,350.0,1,Drammen,VYG:Line:R13,Drammen-Oslo S-Dal,R13,rail,VYG:ServiceJourney:1668_443360-R,True,actual,False,,,,,2026-09-08T00:20:52.129880+02:00
NSR:StopPlace:62341,Tangen stasjon,2026-09-07T21:25:00+02:00,2026-09-07T21:30:50+02:00,2026-09-07T21:30:50+02:00,350.0,1,Lillehammer,VYG:Line:RE10,Drammen-Oslo S-Lillehammer,RE10,rail,VYG:ServiceJourney:333-SUD_444251-R,True,actual,False,Bruk de forreste vognene,På denne avgangen er det bakerste togsettet stengt mellom Drammen og Lillehammer. Bruk de forreste vognene.,general,normal,2026-09-08T00:20:52.129880+02:00
NSR:StopPlace:59957,Klepp stasjon,2026-09-07T16:52:00+02:00,2026-09-07T16:57:50+02:00,2026-09-07T16:57:50+02:00,350.0,1,Egersund,GOA:Line:59,Jærbanen,L5,rail,GOA:ServiceJourney:3050_63097-R,True,actual,False,,,,,2026-09-07T20:27:16.249662+02:00
NSR:StopPlace:58874,Stokke stasjon,2026-09-07T17:39:00+02:00,2026-09-07T17:44:50+02:00,2026-09-07T17:44:50+02:00,350.0,1,Skien,VYG:Line:RX11,Eidsvoll-Oslo S-Skien,RX11,rail,VYG:ServiceJourney:855-LOE_444425-R,True,actual,False,,,,,2026-09-07T20:27:16.249662+02:00
NSR:StopPlace:62393,Billingstad stasjon,2026-09-08T00:43:00+02:00,2026-09-08T00:48:49+02:00,2026-09-08T00:48:49+02:00,349.0,1,Lillestrøm,VYG:Line:L1,Spikkestad-Oslo S-Lillestrøm,L1,rail,VYG:ServiceJourney:2282_443722-R,True,actual,False,,,,,2026-09-08T03:39:50.209703+02:00
NSR:StopPlace:61169,Marienborg stasjon,2026-09-07T22:12:00+02:00,2026-09-07T22:17:49+02:00,2026-09-07T22:17:49+02:00,349.0,1,Havstad,ATB:Line:2_13,Østmarka - Strindheim - Lerkendal - Havstad,13,bus,ATB:ServiceJourney:13_251215112552731_146,True,actual,False,,,,,2026-09-08T00:20:52.129880+02:00
NSR:StopPlace:58855,Leirsund stasjon,2026-09-07T17:55:00+02:00,2026-09-07T18:00:48+02:00,2026-09-07T18:00:48+02:00,348.0,1,Drammen,VYG:Line:R13,Drammen-Oslo S-Dal,R13,rail,VYG:ServiceJourney:1652_443326-R,True,actual,False,,,,,2026-09-07T20:27:16.249662+02:00
NSR:StopPlace:58921,Vennesla stasjon,2026-09-07T15:07:00+02:00,2026-09-07T15:12:48+02:00,2026-09-07T15:12:48+02:00,348.0,1,Vennesla - Samkom,AKT:Line:31,Kvadraturen - Sødal - Vennesla,31,bus,AKT:ServiceJourney:79651_161_48_106200_108540_3950303,True,actual,False,,,,,2026-09-07T15:44:36.205822+02:00
NSR:StopPlace:58825,Raufoss stasjon,2026-09-07T14:45:00+02:00,2026-09-07T14:50:48+02:00,2026-09-07T14:50:48+02:00,348.0,1,Gjøvik-Kapp,INN:Line:46,Lena-Raufoss-Gjøvik-Kapp-Lena,B46,bus,INN:ServiceJourney:76837,True,actual,False,,,,,2026-09-07T15:44:36.205822+02:00
NSR:StopPlace:58825,Raufoss stasjon,2026-09-07T15:03:00+02:00,2026-09-07T15:08:48+02:00,2026-09-07T15:08:48+02:00,348.0,1,Raufosshallen,INN:Line:47,Lena-Kapp-Gjøvik-Raufoss-Lena,B47,bus,INN:ServiceJourney:76596,True,actual,False,,,,,2026-09-07T15:44:36.205822+02:00
NSR:StopPlace:58811,Moelv stasjon,2026-09-07T22:15:00+02:00,2026-09-07T22:20:47+02:00,2026-09-07T22:20:47+02:00,347.0,1,Lillehammer,VYG:Line:RE10,Drammen-Oslo S-Lillehammer,RE10,rail,VYG:ServiceJourney:333-SUD_444251-R,True,actual,False,Bruk de forreste vognene,På denne avgangen er det bakerste togsettet stengt mellom Drammen og Lillehammer. Bruk de forreste vognene.,general,normal,2026-09-08T00:20:52.129880+02:00
NSR:StopPlace:62295,Stanghelle stasjon,2026-09-07T23:17:00+02:00,2026-09-07T23:22:47+02:00,2026-09-07T23:22:47+02:00,347.0,1,Voss,VYG:Line:R40,Bergen-Voss-Myrdal-Ål,R40,rail,VYG:ServiceJourney:1836_443423-R,True,actual,False,,,,,2026-09-08T00:20:52.129880+02:00
NSR:StopPlace:58926,Dale stasjon,2026-09-07T20:08:00+02:00,2026-09-07T20:13:47+02:00,2026-09-07T20:13:47+02:00,347.0,1,Voss,VYG:Line:R40,Bergen-Voss-Myrdal-Ål,R40,rail,VYG:ServiceJourney:1830_457480-R,True,actual,False,,,,,2026-09-07T20:27:16.249662+02:00
NSR:StopPlace:58855,Leirsund stasjon,2026-09-07T14:00:00+02:00,2026-09-07T14:05:47+02:00,2026-09-07T14:05:47+02:00,347.0,1,Dal,VYG:Line:R13,Drammen-Oslo S-Dal,R13,rail,VYG:ServiceJourney:1635_481152-R,True,actual,False,,,,,2026-09-07T15:44:36.205822+02:00
NSR:StopPlace:58865,Vestby stasjon,2026-09-07T14:17:00+02:00,2026-09-07T14:22:47+02:00,2026-09-07T14:22:47+02:00,347.0,1,Randem – Åsveien,RUT:Line:533,Randem - Vestby stasjon,533,bus,RUT:ServiceJourney:dbc5e101e5c4d368655f991e92b90f07,True,actual,False,,,,,2026-09-07T15:44:36.205822+02:00
NSR:StopPlace:61872,Nærbø stasjon,2026-09-07T08:32:00+02:00,2026-09-07T08:37:47+02:00,2026-09-07T08:37:47+02:00,347.0,1,Egersund,GOA:Line:59,Jærbanen,L5,rail,GOA:ServiceJourney:3016_63048-R,True,actual,False,,,,,2026-09-07T08:42:24.659182+02:00
NSR:StopPlace:58836,Mjøndalen stasjon,2026-09-07T07:37:00+02:00,2026-09-07T07:42:47+02:00,2026-09-07T07:42:47+02:00,347.0,1,Eiker vgs,BRA:Line:4_6056,Mjøndalen - Drammen - Eiker VGS,56,bus,BRA:ServiceJourney:6056_260415100162470_1003,True,actual,False,,,,,2026-09-07T08:42:24.659182+02:00
NSR:StopPlace:60042,Trengereid stasjon,2026-09-07T23:00:00+02:00,2026-09-07T23:05:46+02:00,2026-09-07T23:05:46+02:00,346.0,1,Voss,VYG:Line:R40,Bergen-Voss-Myrdal-Ål,R40,rail,VYG:ServiceJourney:1836_443423-R,True,actual,False,,,,,2026-09-08T00:20:52.129880+02:00
NSR:StopPlace:610,Sandvika stasjon,2026-09-07T22:20:00+02:00,2026-09-07T22:25:46+02:00,2026-09-07T22:25:46+02:00,346.0,1,Oslo Lufthavn,FLT:Line:FLY1,FLY1,FLY1,rail,FLT:ServiceJourney:1-2614-3809-20260907,True,actual,False,,,,,2026-09-08T00:20:52.129880+02:00
NSR:StopPlace:58851,Heggedal stasjon,2026-09-07T17:54:00+02:00,2026-09-07T17:59:46+02:00,2026-09-07T17:59:46+02:00,346.0,1,Lillestrøm,VYG:Line:L1,Spikkestad-Oslo S-Lillestrøm,L1,rail,VYG:ServiceJourney:2256_445354-R,True,actual,False,,,,,2026-09-07T20:27:16.249662+02:00
NSR:StopPlace:699,Tynset stasjon,2026-09-07T17:02:00+02:00,2026-09-07T17:07:46+02:00,2026-09-07T17:07:46+02:00,346.0,1,Hamar,SJN:Line:25,Rørosbanen,R60,rail,SJN:ServiceJourney:2390_37668-R,True,actual,False,,,,,2026-09-07T20:27:16.249662+02:00
NSR:StopPlace:358,Ustaoset stasjon,2026-09-07T12:08:00+02:00,2026-09-07T12:13:46+02:00,2026-09-07T12:13:46+02:00,346.0,1,Bergen,VYG:Line:F4,Oslo S-Bergen,F4,rail,VYG:ServiceJourney:63-LOD_580500-R,True,actual,False,,,,,2026-09-07T15:44:36.205822+02:00
NSR:StopPlace:58795,Kambo stasjon,2026-09-07T07:26:00+02:00,2026-09-07T07:31:46+02:00,2026-09-07T07:31:46+02:00,346.0,1,Moss,RUT:Line:540,Moss - Son - Vestby stasjon,540,bus,RUT:ServiceJourney:e6bd7df4d2e8d3a2c864da0132923ec4,True,actual,False,,,,,2026-09-07T08:42:24.659182+02:00
NSR:StopPlace:58858,Nittedal stasjon,2026-09-07T07:14:00+02:00,2026-09-07T07:19:46+02:00,2026-09-07T07:19:46+02:00,346.0,1,Hakadal,VYG:Line:R31,Skøyen-Jaren-Gjøvik,R31,rail,VYG:ServiceJourney:BUS-273_655597-R,True,actual,False,,,,,2026-09-07T08:42:24.659182+02:00
NSR:StopPlace:58886,Arendal stasjon,2026-09-07T08:22:00+02:00,2026-09-07T08:27:46+02:00,2026-09-07T08:27:46+02:00,346.0,1,Arendal sentrum,AKT:Line:101,Eydehavn-Arendal-Grimstad N/S,101,bus,AKT:ServiceJourney:71735_131_32_58200_59580_3911100,True,actual,False,,,,,2026-09-07T08:42:24.659182+02:00
NSR:StopPlace:62392,Slependen stasjon,2026-09-07T17:49:00+02:00,2026-09-07T17:54:45+02:00,2026-09-07T17:54:45+02:00,345.0,1,Asker,VYG:Line:L1,Spikkestad-Oslo S-Lillestrøm,L1,rail,VYG:ServiceJourney:2149_443557-R,True,actual,False,,,,,2026-09-07T20:27:16.249662+02:00
NSR:StopPlace:58935,Levanger stasjon,2026-09-07T14:14:00+02:00,2026-09-07T14:19:45+02:00,2026-09-07T14:19:45+02:00,345.0,1,Verdal stasjon,ATB:Line:2_7402,Elihu - Nesheim - Neset - Gjem,7402,bus,ATB:ServiceJourney:7402_260106098640513_8,True,actual,False,,,,,2026-09-07T15:44:36.205822+02:00
NSR:StopPlace:59654,Stabekk stasjon,2026-09-07T21:54:00+02:00,2026-09-07T21:59:44+02:00,2026-09-07T21:59:44+02:00,344.0,1,Spikkestad,VYG:Line:L1,Spikkestad-Oslo S-Lillestrøm,L1,rail,VYG:ServiceJourney:2267_443697-R,True,actual,False,,,,,2026-09-08T00:20:52.129880+02:00
NSR:StopPlace:58838,Røyken stasjon,2026-09-08T00:03:00+02:00,2026-09-08T00:08:44+02:00,2026-09-08T00:08:44+02:00,344.0,1,Bråset,RUT:Line:260,Hyggen - Bråset -Slemmestad (- Asker),260,bus,RUT:ServiceJourney:0b492ddeba9f9a7cfe43303a59fb7bf9,True,actual,False,,,,,2026-09-08T00:20:52.129880+02:00
NSR:StopPlace:364,Vaksdal stasjon,2026-09-07T23:09:00+02:00,2026-09-07T23:14:44+02:00,2026-09-07T23:14:44+02:00,344.0,1,Voss,VYG:Line:R40,Bergen-Voss-Myrdal-Ål,R40,rail,VYG:ServiceJourney:1836_443423-R,True,actual,False,,,,,2026-09-08T00:20:52.129880+02:00
NSR:StopPlace:62341,Tangen stasjon,2026-09-07T19:28:00+02:00,2026-09-07T19:33:44+02:00,2026-09-07T19:33:44+02:00,344.0,1,Drammen,VYG:Line:RE10,Drammen-Oslo S-Lillehammer,RE10,rail,VYG:ServiceJourney:330-LHM_444236-R,True,actual,False,,,,,2026-09-07T20:27:16.249662+02:00
NSR:StopPlace:58847,Frogner stasjon,2026-09-07T14:21:00+02:00,2026-09-07T14:26:44+02:00,2026-09-07T14:26:44+02:00,344.0,1,Drammen,VYG:Line:R13,Drammen-Oslo S-Dal,R13,rail,VYG:ServiceJourney:1638_443294-R,True,actual,False,,,,,2026-09-07T15:44:36.205822+02:00
NSR:StopPlace:58855,Leirsund stasjon,2026-09-07T14:25:00+02:00,2026-09-07T14:30:44+02:00,2026-09-07T14:30:44+02:00,344.0,1,Drammen,VYG:Line:R13,Drammen-Oslo S-Dal,R13,rail,VYG:ServiceJourney:1638_443294-R,True,actual,False,,,,,2026-09-07T15:44:36.205822+02:00
NSR:StopPlace:61326,Gulskogen stasjon,2026-09-07T15:12:00+02:00,2026-09-07T15:17:43+02:00,2026-09-07T15:17:43+02:00,343.0,1,Eidsvoll,VYG:Line:R12,Kongsberg-Oslo S-Eidsvoll,R12,rail,VYG:ServiceJourney:522_481319-R,True,actual,False,,,,,2026-09-07T15:44:36.205822+02:00
NSR:StopPlace:58804,Alvdal stasjon,2026-09-07T15:16:00+02:00,2026-09-07T15:21:43+02:00,2026-09-07T15:21:43+02:00,343.0,1,Hamar,SJN:Line:25,Rørosbanen,R60,rail,SJN:ServiceJourney:2388_37666-R,True,actual,False,,,,,2026-09-07T15:44:36.205822+02:00
NSR:StopPlace:58859,Nordby stasjon,2026-09-07T17:53:00+02:00,2026-09-07T17:58:42+02:00,2026-09-07T17:58:42+02:00,342.0,1,Dal,VYG:Line:R13,Drammen-Oslo S-Dal,R13,rail,VYG:ServiceJourney:1649_443318-R,True,actual,False,,,,,2026-09-07T20:27:16.249662+02:00
NSR:StopPlace:62295,Stanghelle stasjon,2026-09-07T16:59:00+02:00,2026-09-07T17:04:42+02:00,2026-09-07T17:04:42+02:00,342.0,1,Myrdal,VYG:Line:R40,Bergen-Voss-Myrdal-Ål,R40,rail,VYG:ServiceJourney:1824_554550-R,True,actual,False,,,,,2026-09-07T20:27:16.249662+02:00
NSR:StopPlace:59653,Haugenstua stasjon,2026-09-07T15:10:00+02:00,2026-09-07T15:15:42+02:00,2026-09-07T15:15:42+02:00,342.0,1,Lillestrøm,VYG:Line:L1,Spikkestad-Oslo S-Lillestrøm,L1,rail,VYG:ServiceJourney:2140_443548-R,True,actual,False,,,,,2026-09-07T15:44:36.205822+02:00
NSR:StopPlace:58859,Nordby stasjon,2026-09-07T14:23:00+02:00,2026-09-07T14:28:41+02:00,2026-09-07T14:28:41+02:00,341.0,1,Dal,VYG:Line:R13,Drammen-Oslo S-Dal,R13,rail,VYG:ServiceJourney:1635_481152-R,True,actual,False,,,,,2026-09-07T15:44:36.205822+02:00
NSR:StopPlace:58828,Roa stasjon,2026-09-07T14:04:00+02:00,2026-09-07T14:09:41+02:00,2026-09-07T14:09:41+02:00,341.0,1,Gjøvik,VYG:Line:RE30,Oslo S-Gjøvik,RE30,rail,VYG:ServiceJourney:1217-ROA_589150-R,True,actual,False,,,,,2026-09-07T15:44:36.205822+02:00
NSR:StopPlace:58843,Blommenholm stasjon,2026-09-07T17:44:00+02:00,2026-09-07T17:49:40+02:00,2026-09-07T17:49:40+02:00,340.0,1,Asker,VYG:Line:L1,Spikkestad-Oslo S-Lillestrøm,L1,rail,VYG:ServiceJourney:2149_443557-R,True,actual,False,,,,,2026-09-07T20:27:16.249662+02:00
NSR:StopPlace:441,Auli stasjon,2026-09-07T17:09:00+02:00,2026-09-07T17:14:40+02:00,2026-09-07T17:14:40+02:00,340.0,1,Kongsvinger,VYG:Line:R14,Asker-Oslo S-Kongsvinger,R14,rail,VYG:ServiceJourney:1053-HAV_442957-R,True,actual,False,,,,,2026-09-07T20:27:16.249662+02:00
NSR:StopPlace:59958,Voss stasjon,2026-09-07T08:25:00+02:00,2026-09-07T08:30:40+02:00,2026-09-07T08:30:40+02:00,340.0,1,Myrdal,VYG:Line:R40,Bergen-Voss-Myrdal-Ål,R40,rail,VYG:ServiceJourney:1804_465739-R,True,actual,False,,,,,2026-09-07T08:42:24.659182+02:00
NSR:StopPlace:59646,Høvik stasjon,2026-09-07T17:25:00+02:00,2026-09-07T17:30:39+02:00,2026-09-07T17:30:39+02:00,339.0,1,Asker,RUT:Line:270,Asker - Sandvika (- Fornebu),270,bus,RUT:ServiceJourney:1474724049fafb8be6c4a05fcb9fc574,True,actual,False,,,,,2026-09-07T20:27:16.249662+02:00
NSR:StopPlace:58930,Larvik stasjon,2026-09-07T19:45:00+02:00,2026-09-07T19:50:39+02:00,2026-09-07T19:50:39+02:00,339.0,1,Larvik-Sandefjord,VKT:Line:4,Torp-Sandefjord-Larvik-Stavern,4,bus,VKT:ServiceJourney:17713,True,actual,False,,,,,2026-09-07T20:27:16.249662+02:00
NSR:StopPlace:628,Darbu stasjon,2026-09-07T18:11:00+02:00,2026-09-07T18:16:39+02:00,2026-09-07T18:16:39+02:00,339.0,1,Kongsberg,VYG:Line:R12,Kongsberg-Oslo S-Eidsvoll,R12,rail,VYG:ServiceJourney:525_444330-R,True,actual,False,,,,,2026-09-07T20:27:16.249662+02:00
NSR:StopPlace:61169,Marienborg stasjon,2026-09-07T13:26:00+02:00,2026-09-07T13:31:39+02:00,2026-09-07T13:31:39+02:00,339.0,1,Rissa,ATB:Line:2_350,Trondheim - Stadsbygd - Rissa,350,bus,ATB:ServiceJourney:350_260106098642528_7,True,actual,False,,,,,2026-09-07T15:44:36.205822+02:00
NSR:StopPlace:60078,Kongsvoll stasjon,2026-09-07T12:36:00+02:00,2026-09-07T12:41:39+02:00,2026-09-07T12:41:39+02:00,339.0,1,Trondheim S,SJN:Line:21,Dovrebanen,F6,rail,SJN:ServiceJourney:43-LOD_47893-R,True,actual,False,,,,,2026-09-07T15:44:36.205822+02:00
NSR:StopPlace:628,Darbu stasjon,2026-09-07T13:47:00+02:00,2026-09-07T13:52:39+02:00,2026-09-07T13:52:39+02:00,339.0,1,Eidsvoll,VYG:Line:R12,Kongsberg-Oslo S-Eidsvoll,R12,rail,VYG:ServiceJourney:520_444322-R,True,actual,False,,,,,2026-09-07T15:44:36.205822+02:00
NSR:StopPlace:61464,Hvalstad stasjon,2026-09-07T22:09:00+02:00,2026-09-07T22:14:38+02:00,2026-09-07T22:14:38+02:00,338.0,1,Spikkestad,VYG:Line:L1,Spikkestad-Oslo S-Lillestrøm,L1,rail,VYG:ServiceJourney:2267_443697-R,True,actual,False,,,,,2026-09-08T00:20:52.129880+02:00
NSR:StopPlace:441,Auli stasjon,2026-09-07T23:16:00+02:00,2026-09-07T23:21:38+02:00,2026-09-07T23:21:38+02:00,338.0,1,Asker,VYG:Line:R14,Asker-Oslo S-Kongsvinger,R14,rail,VYG:ServiceJourney:1038_442950-R,True,actual,False,,,,,2026-09-08T00:20:52.129880+02:00
NSR:StopPlace:58866,Vevelstad stasjon,2026-09-07T18:49:00+02:00,2026-09-07T18:54:38+02:00,2026-09-07T18:54:38+02:00,338.0,1,Bøleråsen,RUT:Line:510,Bøleråsen - Ski - Ås - Drøbak,510,bus,RUT:ServiceJourney:27d5af80a0782ce56c2bfc6229049ba9,True,actual,False,,,,,2026-09-07T20:27:16.249662+02:00
NSR:StopPlace:58835,Lier stasjon,2026-09-07T14:47:00+02:00,2026-09-07T14:52:38+02:00,2026-09-07T14:52:38+02:00,338.0,1,Drammen,VYG:Line:R13,Drammen-Oslo S-Dal,R13,rail,VYG:ServiceJourney:1636_443290-R,True,actual,False,,,,,2026-09-07T15:44:36.205822+02:00
NSR:StopPlace:58808,Kongsvinger stasjon,2026-09-07T14:58:00+02:00,2026-09-07T15:03:38+02:00,2026-09-07T15:03:38+02:00,338.0,1,Rasta - Vennersberg,INN:Line:81,Bogeråsen - Rasta,B81,bus,INN:ServiceJourney:54316,True,actual,False,,,,,2026-09-07T15:44:36.205822+02:00
NSR:StopPlace:59261,Trondheim lufthavn,2026-09-07T06:59:00+02:00,2026-09-07T07:04:38+02:00,2026-09-07T07:04:38+02:00,338.0,1,Stjørdal stasjon,ATB:Line:2_70,Stjørdal/Hommelvik- Trondheim,70,bus,ATB:ServiceJourney:70_251215112546895_3,True,actual,False,,,,,2026-09-07T08:42:24.659182+02:00
NSR:StopPlace:41,Hanaborg stasjon,2026-09-07T21:34:00+02:00,2026-09-07T21:39:37+02:00,2026-09-07T21:39:37+02:00,337.0,1,Asker,VYG:Line:L1,Spikkestad-Oslo S-Lillestrøm,L1,rail,VYG:ServiceJourney:2167_443577-R,True,actual,False,,,,,2026-09-08T00:20:52.129880+02:00
NSR:StopPlace:59957,Klepp stasjon,2026-09-07T22:52:00+02:00,2026-09-07T22:57:37+02:00,2026-09-07T22:57:37+02:00,337.0,1,Nærbø,GOA:Line:59,Jærbanen,L5,rail,GOA:ServiceJourney:3074_63137-R,True,actual,False,,,,,2026-09-08T00:20:52.129880+02:00
NSR:StopPlace:59261,Trondheim lufthavn,2026-09-07T22:00:00+02:00,2026-09-07T22:05:37+02:00,2026-09-07T22:05:37+02:00,337.0,1,Marienborg via Brattøra,ATB:Line:2_70,Stjørdal/Hommelvik- Trondheim,70,bus,ATB:ServiceJourney:70_251215112547007_106,True,actual,False,,,,,2026-09-08T00:20:52.129880+02:00
NSR:StopPlace:58862,Strømmen stasjon,2026-09-07T23:05:00+02:00,2026-09-07T23:10:37+02:00,2026-09-07T23:10:37+02:00,337.0,1,Lillestrøm,VYG:Line:L1,Spikkestad-Oslo S-Lillestrøm,L1,rail,VYG:ServiceJourney:2272_465117-R,True,actual,False,,,,,2026-09-08T00:20:52.129880+02:00
NSR:StopPlace:58834,Hokksund stasjon,2026-09-07T17:44:00+02:00,2026-09-07T17:49:37+02:00,2026-09-07T17:49:37+02:00,337.0,1,Kongsberg,VYG:Line:R13,Drammen-Oslo S-Dal,R13,rail,VYG:ServiceJourney:1646_443312-R,True,actual,False,,,,,2026-09-07T20:27:16.249662+02:00
NSR:StopPlace:59649,Nydalen stasjon,2026-09-07T14:16:00+02:00,2026-09-07T14:21:37+02:00,2026-09-07T14:21:37+02:00,337.0,1,Lysaker,RUT:Line:23,Lysaker - Simensbråten,23,bus,RUT:ServiceJourney:4857d011b42c9eaadccddfff59873380,True,actual,False,,,,,2026-09-07T15:44:36.205822+02:00
NSR:StopPlace:62308,Alna stasjon,2026-09-07T21:47:00+02:00,2026-09-07T21:52:36+02:00,2026-09-07T21:52:36+02:00,336.0,1,Asker,VYG:Line:L1,Spikkestad-Oslo S-Lillestrøm,L1,rail,VYG:ServiceJourney:2167_443577-R,True,actual,False,,,,,2026-09-08T00:20:52.129880+02:00
NSR:StopPlace:59646,Høvik stasjon,2026-09-07T19:40:00+02:00,2026-09-07T19:45:36+02:00,2026-09-07T19:45:36+02:00,336.0,1,Asker,RUT:Line:270,Asker - Sandvika (- Fornebu),270,bus,RUT:ServiceJourney:5515f24e94f0df8f7ae2dc6b935a2e8a,True,actual,False,,,,,2026-09-07T20:27:16.249662+02:00
NSR:StopPlace:58966,Porsgrunn stasjon,2026-09-07T18:17:00+02:00,2026-09-07T18:22:36+02:00,2026-09-07T18:22:36+02:00,336.0,1,Eidsvoll,VYG:Line:RE11,Eidsvoll-Oslo S-Skien,RE11,rail,VYG:ServiceJourney:830_444410-R,True,actual,False,Heis på Porsgrunn ute av drift,Heisen på Porsgrunn til spor 2 er ute av drift.,general,normal,2026-09-07T20:27:16.249662+02:00
NSR:StopPlace:58801,Sarpsborg stasjon,2026-09-07T18:34:00+02:00,2026-09-07T18:39:36+02:00,2026-09-07T18:39:36+02:00,336.0,1,Oslo S,VYG:Line:RE20,Oslo S-Halden-Göteborg (X-Border),RE20,rail,VYG:ServiceJourney:392-130_465603-R,True,actual,False,,,,,2026-09-07T20:27:16.249662+02:00
NSR:StopPlace:364,Vaksdal stasjon,2026-09-07T16:51:00+02:00,2026-09-07T16:56:36+02:00,2026-09-07T16:56:36+02:00,336.0,1,Myrdal,VYG:Line:R40,Bergen-Voss-Myrdal-Ål,R40,rail,VYG:ServiceJourney:1824_554550-R,True,actual,False,,,,,2026-09-07T20:27:16.249662+02:00
NSR:StopPlace:59652,Tøyen stasjon,2026-09-07T07:54:00+02:00,2026-09-07T07:59:36+02:00,2026-09-07T07:59:36+02:00,336.0,1,Tonsenhagen,RUT:Line:60,Vippetangen-Tonsenhagen,60,bus,RUT:ServiceJourney:936ea1ebfa103392707c924ca15e25a9,True,actual,False,,,,,2026-09-07T08:42:24.659182+02:00
NSR:StopPlace:58921,Vennesla stasjon,2026-09-07T07:58:00+02:00,2026-09-07T08:03:36+02:00,2026-09-07T08:03:36+02:00,336.0,1,Vennesla - Grovane st. via Moseidmoen,AKT:Line:30,Kvadraturen - Mosby - Vennesl,30,bus,AKT:ServiceJourney:79385_81_49_54000_56640_40001566,True,actual,False,,,,,2026-09-07T08:42:24.659182+02:00
NSR:StopPlace:58846,Fetsund stasjon,2026-09-07T23:23:00+02:00,2026-09-07T23:28:35+02:00,2026-09-07T23:28:35+02:00,335.0,1,Kongsvinger,VYG:Line:R14,Asker-Oslo S-Kongsvinger,R14,rail,VYG:ServiceJourney:1037_442949-R,True,actual,False,,,,,2026-09-08T00:20:52.129880+02:00
NSR:StopPlace:58847,Frogner stasjon,2026-09-07T22:04:00+02:00,2026-09-07T22:09:35+02:00,2026-09-07T22:09:35+02:00,335.0,1,Dal,VYG:Line:R13,Drammen-Oslo S-Dal,R13,rail,VYG:ServiceJourney:1667_443357-R,True,actual,False,,,,,2026-09-08T00:20:52.129880+02:00
NSR:StopPlace:59646,Høvik stasjon,2026-09-07T17:42:00+02:00,2026-09-07T17:47:35+02:00,2026-09-07T17:47:35+02:00,335.0,1,Asker,VYG:Line:L1,Spikkestad-Oslo S-Lillestrøm,L1,rail,VYG:ServiceJourney:2149_443557-R,True,actual,False,,,,,2026-09-07T20:27:16.249662+02:00
NSR:StopPlace:58932,Hommelvik stasjon,2026-09-07T13:59:00+02:00,2026-09-07T14:04:35+02:00,2026-09-07T14:04:35+02:00,335.0,1,Marienborg via Brattøra,ATB:Line:2_70,Stjørdal/Hommelvik- Trondheim,70,bus,ATB:ServiceJourney:70_251215112546924_52,True,actual,False,,,,,2026-09-07T15:44:36.205822+02:00
NSR:StopPlace:58819,Grua stasjon,2026-09-07T15:37:00+02:00,2026-09-07T15:42:35+02:00,2026-09-07T15:42:35+02:00,335.0,1,Harestua,INN:Line:112,Brandbu-Gran-Harestua,112,bus,INN:ServiceJourney:70802,True,actual,False,,,,,2026-09-07T15:44:36.205822+02:00
NSR:StopPlace:59638,Myrvoll stasjon,2026-09-07T07:37:00+02:00,2026-09-07T07:42:35+02:00,2026-09-07T07:42:35+02:00,335.0,1,Kolbotn torg,RUT:Line:580,Kolbotn - Ski,580,bus,RUT:ServiceJourney:457ed7a713421fdb5452d1ad18d3336a,True,actual,False,,,,,2026-09-07T08:42:24.659182+02:00
NSR:StopPlace:59653,Haugenstua stasjon,2026-09-07T21:40:00+02:00,2026-09-07T21:45:34+02:00,2026-09-07T21:45:34+02:00,334.0,1,Asker,VYG:Line:L1,Spikkestad-Oslo S-Lillestrøm,L1,rail,VYG:ServiceJourney:2167_443577-R,True,actual,False,,,,,2026-09-08T00:20:52.129880+02:00
NSR:StopPlace:58930,Larvik stasjon,2026-09-07T18:32:00+02:00,2026-09-07T18:37:34+02:00,2026-09-07T18:37:34+02:00,334.0,1,Eidsvoll,VYG:Line:RE11,Eidsvoll-Oslo S-Skien,RE11,rail,VYG:ServiceJourney:830_444410-R,True,actual,False,,,,,2026-09-07T20:27:16.249662+02:00
NSR:StopPlace:58835,Lier stasjon,2026-09-07T18:47:00+02:00,2026-09-07T18:52:34+02:00,2026-09-07T18:52:34+02:00,334.0,1,Drammen,VYG:Line:R13,Drammen-Oslo S-Dal,R13,rail,VYG:ServiceJourney:1652_443326-R,True,actual,False,,,,,2026-09-07T20:27:16.249662+02:00
NSR:StopPlace:60271,Varhaug stasjon,2026-09-07T15:08:00+02:00,2026-09-07T15:13:34+02:00,2026-09-07T15:13:34+02:00,334.0,1,Egersund,GOA:Line:59,Jærbanen,L5,rail,GOA:ServiceJourney:3042_63084-R,True,actual,False,,,,,2026-09-07T15:44:36.205822+02:00
NSR:StopPlace:61383,Urdland stasjon,2026-09-07T07:55:00+02:00,2026-09-07T08:00:34+02:00,2026-09-07T08:00:34+02:00,334.0,1,Voss,SKY:Line:958,Voss - Raundalen,958,bus,SKY:ServiceJourney:958-205165-20043243,True,actual,False,,,,,2026-09-07T08:42:24.659182+02:00
NSR:StopPlace:58826,Reinsvoll stasjon,2026-09-07T21:50:00+02:00,2026-09-07T21:55:33+02:00,2026-09-07T21:55:33+02:00,333.0,1,Roa,VYG:Line:R31,Skøyen-Jaren-Gjøvik,R31,rail,VYG:ServiceJourney:236-GJOe_648922-R,True,actual,False,,,,,2026-09-08T00:20:52.129880+02:00
NSR:StopPlace:58851,Heggedal stasjon,2026-09-07T18:55:00+02:00,2026-09-07T19:00:33+02:00,2026-09-07T19:00:33+02:00,333.0,1,Spikkestad,VYG:Line:L1,Spikkestad-Oslo S-Lillestrøm,L1,rail,VYG:ServiceJourney:2253_443674-R,True,actual,False,Færre vogner,Denne avgangen kjører dessverre med 4 vogner i stedet for 8 vogner. Dette skyldes at vi mangler et togsett.,general,normal,2026-09-07T20:27:16.249662+02:00
NSR:StopPlace:58820,Harestua stasjon,2026-09-07T20:00:00+02:00,2026-09-07T20:05:33+02:00,2026-09-07T20:05:33+02:00,333.0,1,Oslo S,VYG:Line:R31,Skøyen-Jaren-Gjøvik,R31,rail,VYG:ServiceJourney:BUS-230_655400-R,True,actual,False,,,,,2026-09-07T20:27:16.249662+02:00
NSR:StopPlace:58818,Gran stasjon,2026-09-07T15:22:00+02:00,2026-09-07T15:27:33+02:00,2026-09-07T15:27:33+02:00,333.0,1,Hadeland vgs,INN:Line:456,Gran-Grymyr,456,bus,INN:ServiceJourney:84278,True,actual,False,,,,,2026-09-07T15:44:36.205822+02:00
NSR:StopPlace:58823,Jaren stasjon,2026-09-07T14:21:00+02:00,2026-09-07T14:26:33+02:00,2026-09-07T14:26:33+02:00,333.0,1,Gjøvik,VYG:Line:RE30,Oslo S-Gjøvik,RE30,rail,VYG:ServiceJourney:1217-ROA_589150-R,True,actual,False,,,,,2026-09-07T15:44:36.205822+02:00
NSR:StopPlace:429,Vikersund stasjon,2026-09-07T15:35:00+02:00,2026-09-07T15:40:33+02:00,2026-09-07T15:40:33+02:00,333.0,1,Bergen,VYG:Line:F4,Oslo S-Bergen,F4,rail,VYG:ServiceJourney:65-LOD_590005-R,True,actual,False,,,,,2026-09-07T15:44:36.205822+02:00
NSR:StopPlace:58858,Nittedal stasjon,2026-09-07T06:13:00+02:00,2026-09-07T06:18:33+02:00,2026-09-07T06:18:33+02:00,333.0,1,Roa,VYG:Line:RE30,Oslo S-Gjøvik,RE30,rail,VYG:ServiceJourney:BUS-1203_654980-R,True,actual,False,,,,,2026-09-07T08:42:24.659182+02:00
NSR:StopPlace:58882,Nordagutu stasjon,2026-09-07T05:27:00+02:00,2026-09-07T05:32:33+02:00,2026-09-07T05:32:33+02:00,333.0,1,Oslo S,GOA:Line:50,Sørtoget region,F5,rail,GOA:ServiceJourney:726-KVB_63257-R,True,actual,False,,,,,2026-09-07T08:42:24.659182+02:00
NSR:StopPlace:425,Vinstra stasjon,2026-09-07T06:16:00+02:00,2026-09-07T06:21:33+02:00,2026-09-07T06:21:33+02:00,333.0,1,Drammen,VYG:Line:RE10,Drammen-Oslo S-Lillehammer,RE10,rail,VYG:ServiceJourney:308-DOM_444144-R,True,actual,False,,,,,2026-09-07T08:42:24.659182+02:00
NSR:StopPlace:58947,Steinkjer stasjon,2026-09-07T20:37:00+02:00,2026-09-07T20:42:32+02:00,2026-09-07T20:42:32+02:00,332.0,1,Støren,SJN:Line:26,Trønderbanen,R70,rail,SJN:ServiceJourney:452_56081-R,True,actual,False,,,,,2026-09-08T00:20:52.129880+02:00
NSR:StopPlace:58857,Lørenskog stasjon,2026-09-07T21:36:00+02:00,2026-09-07T21:41:32+02:00,2026-09-07T21:41:32+02:00,332.0,1,Asker,VYG:Line:L1,Spikkestad-Oslo S-Lillestrøm,L1,rail,VYG:ServiceJourney:2167_443577-R,True,actual,False,,,,,2026-09-08T00:20:52.129880+02:00
NSR:StopPlace:58795,Kambo stasjon,2026-09-07T17:30:00+02:00,2026-09-07T17:35:32+02:00,2026-09-07T17:35:32+02:00,332.0,1,Stabekk,VYG:Line:R21,Stabekk-Oslo S-Moss,R21,rail,VYG:ServiceJourney:1154-MOS_443038-R,True,actual,False,,,,,2026-09-07T20:27:16.249662+02:00
NSR:StopPlace:58964,Kløfta stasjon,2026-09-07T13:44:00+02:00,2026-09-07T13:49:32+02:00,2026-09-07T13:49:32+02:00,332.0,1,Drammen,VYG:Line:R13,Drammen-Oslo S-Dal,R13,rail,VYG:ServiceJourney:1636_443290-R,True,actual,False,,,,,2026-09-07T15:44:36.205822+02:00
NSR:StopPlace:59650,Nyland stasjon,2026-09-07T06:55:00+02:00,2026-09-07T07:00:32+02:00,2026-09-07T07:00:32+02:00,332.0,1,Vestvollen,RUT:Line:345,Vestvollen - Økern,345,bus,RUT:ServiceJourney:ef55b164884fba2cc94ac1b692241c42,True,actual,False,,,,,2026-09-07T08:42:24.659182+02:00
NSR:StopPlace:58868,Årnes stasjon,2026-09-07T07:49:00+02:00,2026-09-07T07:54:32+02:00,2026-09-07T07:54:32+02:00,332.0,1,Aktivitetsvegen,RUT:Line:450,Årnes - Oslo lufthavn,450,bus,RUT:ServiceJourney:3dfeaa180fb9e36b90480c62ae285f07,True,actual,False,,,,,2026-09-07T08:42:24.659182+02:00
NSR:StopPlace:61897,Bryn stasjon,2026-09-07T21:35:00+02:00,2026-09-07T21:40:31+02:00,2026-09-07T21:40:31+02:00,331.0,1,Spikkestad,VYG:Line:L1,Spikkestad-Oslo S-Lillestrøm,L1,rail,VYG:ServiceJourney:2267_443697-R,True,actual,False,,,,,2026-09-08T00:20:52.129880+02:00
NSR:StopPlace:59652,Tøyen stasjon,2026-09-07T19:44:00+02:00,2026-09-07T19:49:31+02:00,2026-09-07T19:49:31+02:00,331.0,1,Vippetangen,RUT:Line:60,Vippetangen-Tonsenhagen,60,bus,RUT:ServiceJourney:6b3e837ad8fcaa9f97906216454613b3,True,actual,False,,,,,2026-09-07T20:27:16.249662+02:00
NSR:StopPlace:58799,Rygge stasjon,2026-09-07T19:59:00+02:00,2026-09-07T20:04:31+02:00,2026-09-07T20:04:31+02:00,331.0,1,Oslo S,VYG:Line:RE20,Oslo S-Halden-Göteborg (X-Border),RE20,rail,VYG:ServiceJourney:132_443133-R,True,actual,False,,,,,2026-09-07T20:27:16.249662+02:00
NSR:StopPlace:58835,Lier stasjon,2026-09-07T19:11:00+02:00,2026-09-07T19:16:31+02:00,2026-09-07T19:16:31+02:00,331.0,1,Dal,VYG:Line:R13,Drammen-Oslo S-Dal,R13,rail,VYG:ServiceJourney:1659_443341-R,True,actual,False,,,,,2026-09-07T20:27:16.249662+02:00
NSR:StopPlace:58869,Ås stasjon,2026-09-07T17:45:00+02:00,2026-09-07T17:50:31+02:00,2026-09-07T17:50:31+02:00,331.0,1,Stabekk,VYG:Line:R21,Stabekk-Oslo S-Moss,R21,rail,VYG:ServiceJourney:1154-MOS_443038-R,True,actual,False,,,,,2026-09-07T20:27:16.249662+02:00
NSR:StopPlace:628,Darbu stasjon,2026-09-07T17:58:00+02:00,2026-09-07T18:03:31+02:00,2026-09-07T18:03:31+02:00,331.0,1,Kongsberg,VYG:Line:R13,Drammen-Oslo S-Dal,R13,rail,VYG:ServiceJourney:1646_443312-R,True,actual,False,,,,,2026-09-07T20:27:16.249662+02:00
NSR:StopPlace:41,Hanaborg stasjon,2026-09-07T15:31:00+02:00,2026-09-07T15:36:31+02:00,2026-09-07T15:36:31+02:00,331.0,1,Lillestrøm,VYG:Line:L1,Spikkestad-Oslo S-Lillestrøm,L1,rail,VYG:ServiceJourney:2242_443654-R,True,actual,False,,,,,2026-09-07T15:44:36.205822+02:00
NSR:StopPlace:58886,Arendal stasjon,2026-09-07T14:37:00+02:00,2026-09-07T14:42:31+02:00,2026-09-07T14:42:31+02:00,331.0,1,Grimstad via Arendal sentrum,AKT:Line:101,Eydehavn-Arendal-Grimstad N/S,101,bus,AKT:ServiceJourney:71752_281_89_103200_107580_40000971,True,actual,False,,,,,2026-09-07T15:44:36.205822+02:00
NSR:StopPlace:59165,Krøderen stasjon,2026-09-07T06:48:00+02:00,2026-09-07T06:53:31+02:00,2026-09-07T06:53:31+02:00,331.0,1,Hønefoss,BRA:Line:4_6241,Hønefoss-Sokna/Noresund,241,bus,BRA:ServiceJourney:6241_260415100159474_1002,True,actual,False,,,,,2026-09-07T08:42:24.659182+02:00
NSR:StopPlace:60077,Støren stasjon,2026-09-07T07:48:00+02:00,2026-09-07T07:53:31+02:00,2026-09-07T07:53:31+02:00,331.0,1,Størenhallen snuplass,ATB:Line:2_5004,Klett - Melhus - Støren,5004,bus,ATB:ServiceJourney:5004_260309084091718_28,True,actual,False,,,,,2026-09-07T08:42:24.659182+02:00
NSR:StopPlace:58930,Larvik stasjon,2026-09-07T08:10:00+02:00,2026-09-07T08:15:31+02:00,2026-09-07T08:15:31+02:00,331.0,1,Larvik,VKT:Line:820,Larvik-Kjose,820,bus,VKT:ServiceJourney:18046,True,actual,False,,,,,2026-09-07T08:42:24.659182+02:00
NSR:StopPlace:58860,Oppegård stasjon,2026-09-07T19:31:00+02:00,2026-09-07T19:36:30+02:00,2026-09-07T19:36:30+02:00,330.0,1,Kolbotn torg,RUT:Line:580,Kolbotn - Ski,580,bus,RUT:ServiceJourney:8abe6c33209027261e33d82eeb284583,True,actual,False,,,,,2026-09-07T20:27:16.249662+02:00
NSR:StopPlace:59641,Fjellhamar stasjon,2026-09-07T15:33:00+02:00,2026-09-07T15:38:30+02:00,2026-09-07T15:38:30+02:00,330.0,1,Lillestrøm,VYG:Line:L1,Spikkestad-Oslo S-Lillestrøm,L1,rail,VYG:ServiceJourney:2242_443654-R,True,actual,False,,,,,2026-09-07T15:44:36.205822+02:00
NSR:StopPlace:58793,Askim stasjon,2026-09-07T08:15:00+02:00,2026-09-07T08:20:30+02:00,2026-09-07T08:20:30+02:00,330.0,1,Steinerskolen Askim,OST:Line:1_459,Steinerskolen Askim,459,bus,OST:ServiceJourney:459_260325121475462_1,True,actual,False,,,,,2026-09-07T08:42:24.659182+02:00
NSR:StopPlace:58847,Frogner stasjon,2026-09-07T15:13:00+02:00,2026-09-07T15:18:29+02:00,2026-09-07T15:18:29+02:00,329.0,1,Skedsmokorset,RUT:Line:365,Sørumsand - Frogner - Skedsmokorset,365,bus,RUT:ServiceJourney:e6846e49eb57756e768afff4a2cddc09,True,actual,False,,,,,2026-09-07T15:44:36.205822+02:00
NSR:StopPlace:58844,Eidsvoll stasjon,2026-09-07T07:48:00+02:00,2026-09-07T07:53:29+02:00,2026-09-07T07:53:29+02:00,329.0,1,Eidsvoll,RUT:Line:443,Feiring/ Minnesund - Eidsvoll,443,bus,RUT:ServiceJourney:24ebe71ae915948c6c6abfe7407def47,True,actual,False,,,,,2026-09-07T08:42:24.659182+02:00
NSR:StopPlace:58925,Gausel stasjon,2026-09-07T21:45:00+02:00,2026-09-07T21:50:28+02:00,2026-09-07T21:50:28+02:00,328.0,1,Vardenes via UiS-Stavanger,KOL:Line:8_1007,6,6,bus,KOL:ServiceJourney:1007_260729080906926_2087,True,actual,False,,,,,2026-09-08T00:20:52.129880+02:00
NSR:StopPlace:58842,Blaker stasjon,2026-09-07T23:22:00+02:00,2026-09-07T23:27:28+02:00,2026-09-07T23:27:28+02:00,328.0,1,Asker,VYG:Line:R14,Asker-Oslo S-Kongsvinger,R14,rail,VYG:ServiceJourney:1038_442950-R,True,actual,False,,,,,2026-09-08T00:20:52.129880+02:00
NSR:StopPlace:58925,Gausel stasjon,2026-09-07T17:23:00+02:00,2026-09-07T17:28:28+02:00,2026-09-07T17:28:28+02:00,328.0,1,Vardenes via UiS-Stavanger,KOL:Line:8_1007,6,6,bus,KOL:ServiceJourney:1007_260729080906666_2070,True,actual,False,,,,,2026-09-07T20:27:16.249662+02:00
NSR:StopPlace:59616,Asker stasjon,2026-09-07T12:24:00+02:00,2026-09-07T12:29:28+02:00,2026-09-07T12:29:28+02:00,328.0,1,Bergen,VYG:Line:F4,Oslo S-Bergen,F4,rail,VYG:ServiceJourney:601-LOD_456939-R,True,actual,False,,,,,2026-09-07T15:44:36.205822+02:00
NSR:StopPlace:58873,Skoppum stasjon,2026-09-07T15:05:00+02:00,2026-09-07T15:10:28+02:00,2026-09-07T15:10:28+02:00,328.0,1,Skien,VYG:Line:RX11,Eidsvoll-Oslo S-Skien,RX11,rail,VYG:ServiceJourney:851-LOD_554643-R,True,actual,False,,,,,2026-09-07T15:44:36.205822+02:00
NSR:StopPlace:61735,Hell stasjon,2026-09-07T08:05:00+02:00,2026-09-07T08:10:28+02:00,2026-09-07T08:10:28+02:00,328.0,1,Ler,SJN:Line:26,Trønderbanen,R70,rail,SJN:ServiceJourney:424_56053-R,True,actual,False,,,,,2026-09-07T08:42:24.659182+02:00
NSR:StopPlace:58921,Vennesla stasjon,2026-09-07T06:20:00+02:00,2026-09-07T06:25:28+02:00,2026-09-07T06:25:28+02:00,328.0,1,Kristiansand,AKT:Line:31,Kvadraturen - Sødal - Vennesla,31,bus,AKT:ServiceJourney:79675_52_50_44040_46320_3950001,True,actual,False,,,,,2026-09-07T08:42:24.659182+02:00
NSR:StopPlace:58876,Tønsberg stasjon,2026-09-07T07:22:00+02:00,2026-09-07T07:27:28+02:00,2026-09-07T07:27:28+02:00,328.0,1,Tønsberg,VKT:Line:504,Tønsberg-Undrumsdal-Kirkevoll,504,bus,VKT:ServiceJourney:17119,True,actual,False,,,,,2026-09-07T08:42:24.659182+02:00
NSR:StopPlace:58884,Skien stasjon,2026-09-07T06:58:00+02:00,2026-09-07T07:03:28+02:00,2026-09-07T07:03:28+02:00,328.0,1,Åfoss via Skien sentrum,TEL:Line:8047,Siljan-Skien-Åfoss,P7,bus,TEL:ServiceJourney:127377,True,actual,False,,,,,2026-09-07T08:42:24.659182+02:00
NSR:StopPlace:59952,Drammen stasjon,2026-09-07T21:57:00+02:00,2026-09-07T22:02:27+02:00,2026-09-07T22:02:27+02:00,327.0,1,Lillehammer,VYG:Line:RE10,Drammen-Oslo S-Lillehammer,RE10,rail,VYG:ServiceJourney:337-SUD_486424-R,True,actual,False,,,,,2026-09-08T00:20:52.129880+02:00
NSR:StopPlace:58964,Kløfta stasjon,2026-09-07T14:14:00+02:00,2026-09-07T14:19:27+02:00,2026-09-07T14:19:27+02:00,327.0,1,Dal,VYG:Line:R13,Drammen-Oslo S-Dal,R13,rail,VYG:ServiceJourney:1635_481152-R,True,actual,False,,,,,2026-09-07T15:44:36.205822+02:00
NSR:StopPlace:60042,Trengereid stasjon,2026-09-07T06:55:00+02:00,2026-09-07T07:00:27+02:00,2026-09-07T07:00:27+02:00,327.0,1,Bergen,VYG:Line:R40,Bergen-Voss-Myrdal-Ål,R40,rail,VYG:ServiceJourney:1807_445121-R,True,actual,False,,,,,2026-09-07T08:42:24.659182+02:00
NSR:StopPlace:59244,Egersund stasjon,2026-09-07T07:02:00+02:00,2026-09-07T07:07:27+02:00,2026-09-07T07:07:27+02:00,327.0,1,Moi via Nygård barneskole,KOL:Line:8_2033,98,98,bus,KOL:ServiceJourney:2033_250903083241385_1001,True,actual,False,,,,,2026-09-07T08:42:24.659182+02:00
NSR:StopPlace:59261,Trondheim lufthavn,2026-09-07T08:02:00+02:00,2026-09-07T08:07:27+02:00,2026-09-07T08:07:27+02:00,327.0,1,Ler,SJN:Line:26,Trønderbanen,R70,rail,SJN:ServiceJourney:424_56053-R,True,actual,False,,,,,2026-09-07T08:42:24.659182+02:00
NSR:StopPlace:58950,Åsen stasjon,2026-09-07T08:20:00+02:00,2026-09-07T08:25:27+02:00,2026-09-07T08:25:27+02:00,327.0,1,Steinkjer,SJN:Line:26,Trønderbanen,R70,rail,SJN:ServiceJourney:425_56054-R,True,actual,False,,,,,2026-09-07T08:42:24.659182+02:00
NSR:StopPlace:58924,Bryne stasjon,2026-09-07T08:26:00+02:00,2026-09-07T08:31:27+02:00,2026-09-07T08:31:27+02:00,327.0,1,Egersund,GOA:Line:59,Jærbanen,L5,rail,GOA:ServiceJourney:3016_63048-R,True,actual,False,,,,,2026-09-07T08:42:24.659182+02:00
NSR:StopPlace:58828,Roa stasjon,2026-09-07T05:36:00+02:00,2026-09-07T05:41:27+02:00,2026-09-07T05:41:27+02:00,327.0,1,Oslo S,VYG:Line:R31,Skøyen-Jaren-Gjøvik,R31,rail,VYG:ServiceJourney:BUS-242_655542-R,True,actual,False,,,,,2026-09-07T08:42:24.659182+02:00
NSR:StopPlace:58801,Sarpsborg stasjon,2026-09-07T23:27:00+02:00,2026-09-07T23:32:26+02:00,2026-09-07T23:32:26+02:00,326.0,1,Halden,VYG:Line:RE20,Oslo S-Halden-Göteborg (X-Border),RE20,rail,VYG:ServiceJourney:135_443135-R,True,actual,False,,,,,2026-09-08T00:20:52.129880+02:00
NSR:StopPlace:60077,Støren stasjon,2026-09-07T15:00:00+02:00,2026-09-07T15:05:26+02:00,2026-09-07T15:05:26+02:00,326.0,1,Støren Rådhus,ATB:Line:2_5004,Klett - Melhus - Støren,5004,bus,ATB:ServiceJourney:5004_260309084082926_22,True,actual,False,,,,,2026-09-07T15:44:36.205822+02:00
NSR:StopPlace:58964,Kløfta stasjon,2026-09-07T14:14:00+02:00,2026-09-07T14:19:26+02:00,2026-09-07T14:19:26+02:00,326.0,1,Drammen,VYG:Line:R13,Drammen-Oslo S-Dal,R13,rail,VYG:ServiceJourney:1638_443294-R,True,actual,False,,,,,2026-09-07T15:44:36.205822+02:00
NSR:StopPlace:58948,Stjørdal stasjon,2026-09-07T07:39:00+02:00,2026-09-07T07:44:26+02:00,2026-09-07T07:44:26+02:00,326.0,1,Fosslia fjellhall,ATB:Line:2_311,Stjørdal - Trondheim,311,bus,ATB:ServiceJourney:311_260106098642754_9,True,actual,False,Endret tilbud ved Vikelvvegen,Sydgående avkjøringsrampe fra E6 ved Reppe er stengt frem til 21. september. Vikelvvegen og Ranheim fabrikker til sentrum blir ikke betjent av linje 311 i perioden. ,general,normal,2026-09-07T08:42:24.659182+02:00
NSR:StopPlace:58796,Moss stasjon,2026-09-07T06:32:00+02:00,2026-09-07T06:37:26+02:00,2026-09-07T06:37:26+02:00,326.0,1,Oslo S,VYG:Line:RE20,Oslo S-Halden-Göteborg (X-Border),RE20,rail,VYG:ServiceJourney:142-HLD_509063-R,True,actual,False,Færre vogner,Denne avgangen kjører dessverre med 4 vogner i stedet for 8 vogner. Dette skyldes at vi mangler et togsett.,general,normal,2026-09-07T08:42:24.659182+02:00
NSR:StopPlace:58952,Bodø stasjon,2026-09-07T22:55:00+02:00,2026-09-07T23:00:25+02:00,2026-09-07T23:00:25+02:00,325.0,1,Løpsmarka,NOR:Line:12_8004,Tverlandet - Bodø sentrum - Løpsmarka,4,bus,NOR:ServiceJourney:8004_251012124900626_2039,True,actual,False,,,,,2026-09-08T00:20:52.129880+02:00
NSR:StopPlace:420,Lillehammer stasjon,2026-09-07T20:45:00+02:00,2026-09-07T20:50:25+02:00,2026-09-07T20:50:25+02:00,325.0,1,Dombås,VYG:Line:RE10,Drammen-Oslo S-Lillehammer,RE10,rail,VYG:ServiceJourney:329-SUD_465133-R,True,actual,False,,,,,2026-09-08T00:20:52.129880+02:00
NSR:StopPlace:58834,Hokksund stasjon,2026-09-07T14:59:00+02:00,2026-09-07T15:04:25+02:00,2026-09-07T15:04:25+02:00,325.0,1,Eidsvoll,VYG:Line:R12,Kongsberg-Oslo S-Eidsvoll,R12,rail,VYG:ServiceJourney:522_481319-R,True,actual,False,,,,,2026-09-07T15:44:36.205822+02:00
NSR:StopPlace:58921,Vennesla stasjon,2026-09-07T06:57:00+02:00,2026-09-07T07:02:25+02:00,2026-09-07T07:02:25+02:00,325.0,1,Vennesla - Grovane st. via Moseidmoen,AKT:Line:30,Kvadraturen - Mosby - Vennesl,30,bus,AKT:ServiceJourney:79383_61_49_46800_49260_40001566,True,actual,False,,,,,2026-09-07T08:42:24.659182+02:00
NSR:StopPlace:58836,Mjøndalen stasjon,2026-09-07T07:02:00+02:00,2026-09-07T07:07:25+02:00,2026-09-07T07:07:25+02:00,325.0,1,Drammen busstasjon,BRA:Line:4_6139,Drammen - Åmot - Hønefoss,139,bus,BRA:ServiceJourney:6139_260415100161338_1001,True,actual,False,,,,,2026-09-07T08:42:24.659182+02:00
NSR:StopPlace:58801,Sarpsborg stasjon,2026-09-07T07:13:00+02:00,2026-09-07T07:18:25+02:00,2026-09-07T07:18:25+02:00,325.0,1,Blessom,OST:Line:1_13,Kalnes - Blessom,13,bus,OST:ServiceJourney:13_260325121470784_2,True,actual,False,,,,,2026-09-07T08:42:24.659182+02:00
NSR:StopPlace:61466,Vakås stasjon,2026-09-07T22:11:00+02:00,2026-09-07T22:16:24+02:00,2026-09-07T22:16:24+02:00,324.0,1,Spikkestad,VYG:Line:L1,Spikkestad-Oslo S-Lillestrøm,L1,rail,VYG:ServiceJourney:2267_443697-R,True,actual,False,,,,,2026-09-08T00:20:52.129880+02:00
NSR:StopPlace:59652,Tøyen stasjon,2026-09-07T22:14:00+02:00,2026-09-07T22:19:24+02:00,2026-09-07T22:19:24+02:00,324.0,1,Vippetangen,RUT:Line:60,Vippetangen-Tonsenhagen,60,bus,RUT:ServiceJourney:2fa130b1fa139478f72e1ec1888f9d35,True,actual,False,,,,,2026-09-08T00:20:52.129880+02:00
NSR:StopPlace:58821,Hjerkinn stasjon,2026-09-07T22:22:00+02:00,2026-09-07T22:27:24+02:00,2026-09-07T22:27:24+02:00,324.0,1,Trondheim S,SJN:Line:21,Dovrebanen,F6,rail,SJN:ServiceJourney:51-LOD_30215-R,True,actual,False,,,,,2026-09-08T00:20:52.129880+02:00
NSR:StopPlace:59654,Stabekk stasjon,2026-09-07T17:40:00+02:00,2026-09-07T17:45:24+02:00,2026-09-07T17:45:24+02:00,324.0,1,Asker,VYG:Line:L1,Spikkestad-Oslo S-Lillestrøm,L1,rail,VYG:ServiceJourney:2149_443557-R,True,actual,False,,,,,2026-09-07T20:27:16.249662+02:00
NSR:StopPlace:58864,Sørumsand stasjon,2026-09-07T18:30:00+02:00,2026-09-07T18:35:24+02:00,2026-09-07T18:35:24+02:00,324.0,1,Asker,VYG:Line:R14,Asker-Oslo S-Kongsvinger,R14,rail,VYG:ServiceJourney:1028_442938-R,True,actual,False,,,,,2026-09-07T20:27:16.249662+02:00
NSR:StopPlace:58865,Vestby stasjon,2026-09-07T17:40:00+02:00,2026-09-07T17:45:24+02:00,2026-09-07T17:45:24+02:00,324.0,1,Stabekk,VYG:Line:R21,Stabekk-Oslo S-Moss,R21,rail,VYG:ServiceJourney:1154-MOS_443038-R,True,actual,False,,,,,2026-09-07T20:27:16.249662+02:00
NSR:StopPlace:59648,Kjelsås stasjon,2026-09-07T14:10:00+02:00,2026-09-07T14:15:24+02:00,2026-09-07T14:15:24+02:00,324.0,1,Majorstuen,RUT:Line:25,Majorstuen-Haugerud,25,bus,RUT:ServiceJourney:668cf7d81fe5f88f84f94447376dca29,True,actual,False,,,,,2026-09-07T15:44:36.205822+02:00
NSR:StopPlace:58830,Brakerøya stasjon,2026-09-07T14:51:00+02:00,2026-09-07T14:56:24+02:00,2026-09-07T14:56:24+02:00,324.0,1,Drammen,VYG:Line:R13,Drammen-Oslo S-Dal,R13,rail,VYG:ServiceJourney:1636_443290-R,True,actual,False,,,,,2026-09-07T15:44:36.205822+02:00
NSR:StopPlace:151,Evanger stasjon,2026-09-07T14:24:00+02:00,2026-09-07T14:29:24+02:00,2026-09-07T14:29:24+02:00,324.0,1,Myrdal,VYG:Line:R40,Bergen-Voss-Myrdal-Ål,R40,rail,VYG:ServiceJourney:1818_443404-R,True,actual,False,,,,,2026-09-07T15:44:36.205822+02:00
NSR:StopPlace:59652,Tøyen stasjon,2026-09-07T07:30:00+02:00,2026-09-07T07:35:24+02:00,2026-09-07T07:35:24+02:00,324.0,1,Vippetangen,RUT:Line:60,Vippetangen-Tonsenhagen,60,bus,RUT:ServiceJourney:42cd8591250e63f323154aae4131944e,True,actual,False,,,,,2026-09-07T08:42:24.659182+02:00
NSR:StopPlace:60047,Melhus skysstasjon,2026-09-07T07:13:00+02:00,2026-09-07T07:18:24+02:00,2026-09-07T07:18:24+02:00,324.0,1,Hesttrøa via Melhus skysstasjon,ATB:Line:2_82,Hesttrøa-Brekkåsen,82,bus,ATB:ServiceJourney:82_251215112550632_16,True,actual,False,Linje 82 og 504,Avvikende kjøring for linje 82 og 504 pga Hølondvegen er stengt. ,general,normal,2026-09-07T08:42:24.659182+02:00
NSR:StopPlace:58935,Levanger stasjon,2026-09-07T08:03:00+02:00,2026-09-07T08:08:24+02:00,2026-09-07T08:08:24+02:00,324.0,1,Høgberget via Levanger stasjon,ATB:Line:2_604,Levanger - Høgberget,604,bus,ATB:ServiceJourney:604_260217093165561_8,True,actual,False,,,,,2026-09-07T08:42:24.659182+02:00
NSR:StopPlace:61169,Marienborg stasjon,2026-09-07T21:09:00+02:00,2026-09-07T21:14:23+02:00,2026-09-07T21:14:23+02:00,323.0,1,Steinkjer,SJN:Line:26,Trønderbanen,R70,rail,SJN:ServiceJourney:453_56082-R,True,actual,False,,,,,2026-09-08T00:20:52.129880+02:00
NSR:StopPlace:61381,Singsås stasjon,2026-09-07T17:04:00+02:00,2026-09-07T17:09:23+02:00,2026-09-07T17:09:23+02:00,323.0,1,Røros,ATB:Line:2_440,Støren - Røros,440,bus,ATB:ServiceJourney:440_260106098642806_16,True,actual,False,,,,,2026-09-07T20:27:16.249662+02:00
NSR:StopPlace:58830,Brakerøya stasjon,2026-09-07T18:51:00+02:00,2026-09-07T18:56:23+02:00,2026-09-07T18:56:23+02:00,323.0,1,Drammen,VYG:Line:R13,Drammen-Oslo S-Dal,R13,rail,VYG:ServiceJourney:1652_443326-R,True,actual,False,,,,,2026-09-07T20:27:16.249662+02:00
NSR:StopPlace:61169,Marienborg stasjon,2026-09-07T14:06:00+02:00,2026-09-07T14:11:23+02:00,2026-09-07T14:11:23+02:00,323.0,1,Sandmoen via Flatåsen,ATB:Line:2_23,Brattøra - St. Olavs - Hallset - Flatåsen - Sandmoen,23,bus,ATB:ServiceJourney:23_251215112545578_58,True,actual,False,,,,,2026-09-07T15:44:36.205822+02:00
NSR:StopPlace:628,Darbu stasjon,2026-09-07T15:10:00+02:00,2026-09-07T15:15:23+02:00,2026-09-07T15:15:23+02:00,323.0,1,Kongsberg,VYG:Line:R12,Kongsberg-Oslo S-Eidsvoll,R12,rail,VYG:ServiceJourney:519_444320-R,True,actual,False,,,,,2026-09-07T15:44:36.205822+02:00
NSR:StopPlace:62349,Kvam stasjon,2026-09-07T13:11:00+02:00,2026-09-07T13:16:23+02:00,2026-09-07T13:16:23+02:00,323.0,1,Trondheim S,SJN:Line:21,Dovrebanen,F6,rail,SJN:ServiceJourney:45-LOD_48255-R,True,actual,False,,,,,2026-09-07T15:44:36.205822+02:00
NSR:StopPlace:59650,Nyland stasjon,2026-09-07T07:25:00+02:00,2026-09-07T07:30:23+02:00,2026-09-07T07:30:23+02:00,323.0,1,Oslo lufthavn,NBU:Line:cb7b555c-f96e-42d5-84bf-a5e08c0145c2,Radiumhospitalet via Økern-Storo-Tåsen,FB3,bus,NBU:ServiceJourney:974fb96a-623a-474f-8278-200f9e6721ac,True,actual,False,,,,,2026-09-07T08:42:24.659182+02:00
NSR:StopPlace:58868,Årnes stasjon,2026-09-07T07:35:00+02:00,2026-09-07T07:40:23+02:00,2026-09-07T07:40:23+02:00,323.0,1,Årnes - Runni,RUT:Line:450,Årnes - Oslo lufthavn,450,bus,RUT:ServiceJourney:50d773ef50e65883ef38596aab03dc12,True,actual,False,,,,,2026-09-07T08:42:24.659182+02:00
NSR:StopPlace:58851,Heggedal stasjon,2026-09-07T14:54:00+02:00,2026-09-07T14:59:22+02:00,2026-09-07T14:59:22+02:00,322.0,1,Lillestrøm,VYG:Line:L1,Spikkestad-Oslo S-Lillestrøm,L1,rail,VYG:ServiceJourney:2244_445341-R,True,actual,False,,,,,2026-09-07T15:44:36.205822+02:00
NSR:StopPlace:58877,Bø stasjon,2026-09-07T15:17:00+02:00,2026-09-07T15:22:22+02:00,2026-09-07T15:22:22+02:00,322.0,1,Tjønntveit,TEL:Line:8321,Folkestad-Bø,321,bus,TEL:ServiceJourney:125716,True,actual,False,,,,,2026-09-07T15:44:36.205822+02:00
NSR:StopPlace:58876,Tønsberg stasjon,2026-09-07T07:18:00+02:00,2026-09-07T07:23:22+02:00,2026-09-07T07:23:22+02:00,322.0,1,Tønsberg,VKT:Line:520,Tønsberg-Stokke,520,bus,VKT:ServiceJourney:17297,True,actual,False,,,,,2026-09-07T08:42:24.659182+02:00
NSR:StopPlace:58843,Blommenholm stasjon,2026-09-07T23:44:00+02:00,2026-09-07T23:49:21+02:00,2026-09-07T23:49:21+02:00,321.0,1,Asker,VYG:Line:L1,Spikkestad-Oslo S-Lillestrøm,L1,rail,VYG:ServiceJourney:2173_443584-R,True,actual,False,,,,,2026-09-08T00:20:52.129880+02:00
NSR:StopPlace:58862,Strømmen stasjon,2026-09-07T14:40:00+02:00,2026-09-07T14:45:21+02:00,2026-09-07T14:45:21+02:00,321.0,1,Guldhaug-Tømte,RUT:Line:381,Guldhaug-Tømte - Lillestrøm,381,bus,RUT:ServiceJourney:88cc00ea42dfde5d8931ad33e9f0e361,True,actual,False,,,,,2026-09-07T15:44:36.205822+02:00
NSR:StopPlace:59648,Kjelsås stasjon,2026-09-07T18:23:00+02:00,2026-09-07T18:28:20+02:00,2026-09-07T18:28:20+02:00,320.0,1,Movatn,VYG:Line:R31,Skøyen-Jaren-Gjøvik,R31,rail,VYG:ServiceJourney:BUS-227_655358-R,True,actual,False,,,,,2026-09-07T20:27:16.249662+02:00
NSR:StopPlace:58840,Vestfossen stasjon,2026-09-07T17:30:00+02:00,2026-09-07T17:35:20+02:00,2026-09-07T17:35:20+02:00,320.0,1,Hokksund via Vestfossen-Røren,BRA:Line:4_6118,Hokksund - Røren - Darbu,118,bus,BRA:ServiceJourney:6118_260415100159036_1016,True,actual,False,,,,,2026-09-07T20:27:16.249662+02:00
NSR:StopPlace:222,Myrdal stasjon,2026-09-07T17:40:00+02:00,2026-09-07T17:45:20+02:00,2026-09-07T17:45:20+02:00,320.0,1,Oslo S,VYG:Line:F4,Oslo S-Bergen,F4,rail,VYG:ServiceJourney:64-BRG_444368-R,True,actual,False,,,,,2026-09-07T20:27:16.249662+02:00
NSR:StopPlace:61315,Nerdrum stasjon,2026-09-07T15:21:00+02:00,2026-09-07T15:26:20+02:00,2026-09-07T15:26:20+02:00,320.0,1,Kongsvinger,VYG:Line:R14,Asker-Oslo S-Kongsvinger,R14,rail,VYG:ServiceJourney:1021_442929-R,True,actual,False,,,,,2026-09-07T15:44:36.205822+02:00
NSR:StopPlace:60077,Støren stasjon,2026-09-07T07:35:00+02:00,2026-09-07T07:40:20+02:00,2026-09-07T07:40:20+02:00,320.0,1,Størenhallen snuplass,ATB:Line:2_5005,Korsvegen - Hovin - Lundamo,5005,bus,ATB:ServiceJourney:5005_260106098640004_2,True,actual,False,,,,,2026-09-07T08:42:24.659182+02:00
NSR:StopPlace:58811,Moelv stasjon,2026-09-07T07:48:00+02:00,2026-09-07T07:53:20+02:00,2026-09-07T07:53:20+02:00,320.0,1,Åshøgda - Ringsaker vgs.,INN:Line:605,Gjøvik - Moelv - Brumunddal,605,bus,INN:ServiceJourney:82981,True,actual,False,,,,,2026-09-07T08:42:24.659182+02:00
NSR:StopPlace:58824,Lunner stasjon,2026-09-07T07:20:00+02:00,2026-09-07T07:25:20+02:00,2026-09-07T07:25:20+02:00,320.0,1,Hadeland vgs via Solheimstorget,INN:Line:451,Gran-Lunner-Grindvoll-Jevnaker,451,bus,INN:ServiceJourney:71507,True,actual,False,,,,,2026-09-07T08:42:24.659182+02:00
NSR:StopPlace:59641,Fjellhamar stasjon,2026-09-07T23:03:00+02:00,2026-09-07T23:08:19+02:00,2026-09-07T23:08:19+02:00,319.0,1,Lillestrøm,VYG:Line:L1,Spikkestad-Oslo S-Lillestrøm,L1,rail,VYG:ServiceJourney:2272_465117-R,True,actual,False,,,,,2026-09-08T00:20:52.129880+02:00
NSR:StopPlace:60049,Hønefoss stasjon,2026-09-07T20:57:00+02:00,2026-09-07T21:02:19+02:00,2026-09-07T21:02:19+02:00,319.0,1,Oslo S,VYG:Line:F4,Oslo S-Bergen,F4,rail,VYG:ServiceJourney:64-BRG_444368-R,True,actual,False,,,,,2026-09-08T00:20:52.129880+02:00
NSR:StopPlace:58950,Åsen stasjon,2026-09-07T21:24:00+02:00,2026-09-07T21:29:19+02:00,2026-09-07T21:29:19+02:00,319.0,1,Steinkjer,SJN:Line:26,Trønderbanen,R70,rail,SJN:ServiceJourney:451_56080-R,True,actual,False,,,,,2026-09-08T00:20:52.129880+02:00
NSR:StopPlace:58832,Geilo stasjon,2026-09-07T18:01:00+02:00,2026-09-07T18:06:19+02:00,2026-09-07T18:06:19+02:00,319.0,1,Bergen,VYG:Line:F4,Oslo S-Bergen,F4,rail,VYG:ServiceJourney:65-LOD_590005-R,True,actual,False,,,,,2026-09-07T20:27:16.249662+02:00
NSR:StopPlace:58862,Strømmen stasjon,2026-09-07T14:59:00+02:00,2026-09-07T15:04:19+02:00,2026-09-07T15:04:19+02:00,319.0,1,Lørenskog sentrum,RUT:Line:385,Nittedal stasjon - Olavsgaard - Ahus,385,bus,RUT:ServiceJourney:7c3a7716be043acbd8a0cb8fda7fa934,True,actual,False,,,,,2026-09-07T15:44:36.205822+02:00
NSR:StopPlace:58858,Nittedal stasjon,2026-09-07T07:28:00+02:00,2026-09-07T07:33:19+02:00,2026-09-07T07:33:19+02:00,319.0,1,Oslo S,VYG:Line:R31,Skøyen-Jaren-Gjøvik,R31,rail,VYG:ServiceJourney:BUS-270_655590-R,True,actual,False,,,,,2026-09-07T08:42:24.659182+02:00
NSR:StopPlace:58871,Sande stasjon,2026-09-07T08:10:00+02:00,2026-09-07T08:15:19+02:00,2026-09-07T08:15:19+02:00,319.0,1,Skafjell-Selvik skole,VKT:Line:10,Drammen-Skoger-Sande,10,bus,VKT:ServiceJourney:104144,True,actual,False,,,,,2026-09-07T08:42:24.659182+02:00
NSR:StopPlace:62094,Lindeberg stasjon,2026-09-07T14:18:00+02:00,2026-09-07T14:23:18+02:00,2026-09-07T14:23:18+02:00,318.0,1,Drammen,VYG:Line:R13,Drammen-Oslo S-Dal,R13,rail,VYG:ServiceJourney:1638_443294-R,True,actual,False,,,,,2026-09-07T15:44:36.205822+02:00
NSR:StopPlace:59654,Stabekk stasjon,2026-09-07T07:00:00+02:00,2026-09-07T07:05:18+02:00,2026-09-07T07:05:18+02:00,318.0,1,Ski,VYG:Line:L2,Stabekk-Oslo S-Ski,L2,rail,VYG:ServiceJourney:2709-HVK_443915-R,True,actual,False,,,,,2026-09-07T08:42:24.659182+02:00
NSR:StopPlace:61169,Marienborg stasjon,2026-09-07T23:06:00+02:00,2026-09-07T23:11:17+02:00,2026-09-07T23:11:17+02:00,317.0,1,Grillstad via St. Olavs h- Ladeham.,ATB:Line:2_20,Grillstad - Strindheim - Ladehammeren- Sentrum - Romolslia,20,bus,ATB:ServiceJourney:20_251215112548248_103,True,actual,False,,,,,2026-09-08T00:20:52.129880+02:00
NSR:StopPlace:58811,Moelv stasjon,2026-09-08T00:08:00+02:00,2026-09-08T00:13:17+02:00,2026-09-08T00:13:17+02:00,317.0,1,Lillehammer,VYG:Line:RE10,Drammen-Oslo S-Lillehammer,RE10,rail,VYG:ServiceJourney:337-SUD_486424-R,True,actual,False,,,,,2026-09-08T00:20:52.129880+02:00
NSR:StopPlace:144,Skansen stasjon,2026-09-07T21:12:00+02:00,2026-09-07T21:17:17+02:00,2026-09-07T21:17:17+02:00,317.0,1,Steinkjer,SJN:Line:26,Trønderbanen,R70,rail,SJN:ServiceJourney:453_56082-R,True,actual,False,,,,,2026-09-08T00:20:52.129880+02:00
NSR:StopPlace:58805,Brumunddal stasjon,2026-09-07T17:49:00+02:00,2026-09-07T17:54:17+02:00,2026-09-07T17:54:17+02:00,317.0,1,Drammen,VYG:Line:RE10,Drammen-Oslo S-Lillehammer,RE10,rail,VYG:ServiceJourney:328-LHM_444225-R,True,actual,False,,,,,2026-09-07T20:27:16.249662+02:00
NSR:StopPlace:60603,Kongsberg stasjon,2026-09-07T13:34:00+02:00,2026-09-07T13:39:17+02:00,2026-09-07T13:39:17+02:00,317.0,1,Eidsvoll,VYG:Line:R12,Kongsberg-Oslo S-Eidsvoll,R12,rail,VYG:ServiceJourney:520_444322-R,True,actual,False,,,,,2026-09-07T15:44:36.205822+02:00
NSR:StopPlace:58836,Mjøndalen stasjon,2026-09-07T14:49:00+02:00,2026-09-07T14:54:17+02:00,2026-09-07T14:54:17+02:00,317.0,1,Hokksund - Vikersund,BRA:Line:4_6101,Drammen-Vikersund/Hønefoss,101,bus,BRA:ServiceJourney:6101_260415100161248_1031,True,actual,False,,,,,2026-09-07T15:44:36.205822+02:00
NSR:StopPlace:58836,Mjøndalen stasjon,2026-09-07T14:49:00+02:00,2026-09-07T14:54:17+02:00,2026-09-07T14:54:17+02:00,317.0,1,Hokksund stasjon,BRA:Line:4_6101,Drammen-Vikersund/Hønefoss,101,bus,BRA:ServiceJourney:6101_260415100161269_1077,True,actual,False,,,,,2026-09-07T15:44:36.205822+02:00
NSR:StopPlace:59652,Tøyen stasjon,2026-09-07T07:45:00+02:00,2026-09-07T07:50:17+02:00,2026-09-07T07:50:17+02:00,317.0,1,Vippetangen,RUT:Line:60,Vippetangen-Tonsenhagen,60,bus,RUT:ServiceJourney:6002dfa43af0dc65f9caca83517cb942,True,actual,False,,,,,2026-09-07T08:42:24.659182+02:00
NSR:StopPlace:58835,Lier stasjon,2026-09-07T06:36:00+02:00,2026-09-07T06:41:17+02:00,2026-09-07T06:41:17+02:00,317.0,1,Lierskogen,BRA:Line:4_6073,Drammen - Reistad - Lierskogen,73,bus,BRA:ServiceJourney:6073_260415100160804_1003,True,actual,False,Fra 17/8 går linje 61-63-71-73-251-261 og skolebusser fra holdeplass ved Skutebrygga ut av byen.Les mer på brakar.no/trafikkmeldinger.,,general,normal,2026-09-07T08:42:24.659182+02:00
NSR:StopPlace:58861,Solbråtan stasjon,2026-09-07T08:30:00+02:00,2026-09-07T08:35:17+02:00,2026-09-07T08:35:17+02:00,317.0,1,Bjørvika,RUT:Line:83,Jernbanetorget - Tårnåsen,83,bus,RUT:ServiceJourney:ee72b1c7217c906f2a48cc37e545e79a,True,actual,False,Linje 80E og 83 får Hausmanns bru som ny endeholdeplass fra 29. juni,"Bussene stopper ikke på Jernbanetorget etter 29. juni, men starter og stopper på Hausmanns bru i Nylandsveien.",incident,normal,2026-09-07T08:42:24.659182+02:00
NSR:StopPlace:58854,Langhus stasjon,2026-09-07T17:42:00+02:00,2026-09-07T17:47:16+02:00,2026-09-07T17:47:16+02:00,316.0,1,Stabekk,VYG:Line:L2,Stabekk-Oslo S-Ski,L2,rail,VYG:ServiceJourney:2756-SKI_443967-R,True,actual,False,,,,,2026-09-07T20:27:16.249662+02:00
NSR:StopPlace:58801,Sarpsborg stasjon,2026-09-07T18:02:00+02:00,2026-09-07T18:07:16+02:00,2026-09-07T18:07:16+02:00,316.0,1,Halden,VYG:Line:RE20,Oslo S-Halden-Göteborg (X-Border),RE20,rail,VYG:ServiceJourney:143-LOD_509064-R,True,actual,False,,,,,2026-09-07T20:27:16.249662+02:00
NSR:StopPlace:610,Sandvika stasjon,2026-09-07T17:47:00+02:00,2026-09-07T17:52:16+02:00,2026-09-07T17:52:16+02:00,316.0,1,Asker,VYG:Line:L1,Spikkestad-Oslo S-Lillestrøm,L1,rail,VYG:ServiceJourney:2149_443557-R,True,actual,False,,,,,2026-09-07T20:27:16.249662+02:00
NSR:StopPlace:58918,Nodeland stasjon,2026-09-07T08:05:00+02:00,2026-09-07T08:10:16+02:00,2026-09-07T08:10:16+02:00,316.0,1,Kristiansand,AKT:Line:1046,Kristiansand - Finsland,46,bus,AKT:ServiceJourney:78718_72_39_57000_58860_3950001,True,actual,False,,,,,2026-09-07T08:42:24.659182+02:00
NSR:StopPlace:58846,Fetsund stasjon,2026-09-07T08:17:00+02:00,2026-09-07T08:22:16+02:00,2026-09-07T08:22:16+02:00,316.0,1,Sundet,RUT:Line:2731,Vinsnes - Jølsen - Garderåsen - Sundet,2731,bus,RUT:ServiceJourney:1022e79253d346e0ca3c7c55546a4a9c,True,actual,False,,,,,2026-09-07T08:42:24.659182+02:00
NSR:StopPlace:61735,Hell stasjon,2026-09-07T21:50:00+02:00,2026-09-07T21:55:15+02:00,2026-09-07T21:55:15+02:00,315.0,1,Steinkjer,SJN:Line:26,Trønderbanen,R70,rail,SJN:ServiceJourney:453_56082-R,True,actual,False,,,,,2026-09-08T00:20:52.129880+02:00
NSR:StopPlace:59641,Fjellhamar stasjon,2026-09-07T21:32:00+02:00,2026-09-07T21:37:15+02:00,2026-09-07T21:37:15+02:00,315.0,1,Asker,VYG:Line:L1,Spikkestad-Oslo S-Lillestrøm,L1,rail,VYG:ServiceJourney:2167_443577-R,True,actual,False,,,,,2026-09-08T00:20:52.129880+02:00
NSR:StopPlace:58862,Strømmen stasjon,2026-09-07T21:30:00+02:00,2026-09-07T21:35:15+02:00,2026-09-07T21:35:15+02:00,315.0,1,Asker,VYG:Line:L1,Spikkestad-Oslo S-Lillestrøm,L1,rail,VYG:ServiceJourney:2167_443577-R,True,actual,False,,,,,2026-09-08T00:20:52.129880+02:00
NSR:StopPlace:313,Høybråten stasjon,2026-09-07T21:38:00+02:00,2026-09-07T21:43:15+02:00,2026-09-07T21:43:15+02:00,315.0,1,Asker,VYG:Line:L1,Spikkestad-Oslo S-Lillestrøm,L1,rail,VYG:ServiceJourney:2167_443577-R,True,actual,False,,,,,2026-09-08T00:20:52.129880+02:00
NSR:StopPlace:58817,Eina stasjon,2026-09-07T14:44:00+02:00,2026-09-07T14:49:15+02:00,2026-09-07T14:49:15+02:00,315.0,1,Gjøvik,VYG:Line:RE30,Oslo S-Gjøvik,RE30,rail,VYG:ServiceJourney:1217-ROA_589150-R,True,actual,False,,,,,2026-09-07T15:44:36.205822+02:00
NSR:StopPlace:358,Ustaoset stasjon,2026-09-07T14:50:00+02:00,2026-09-07T14:55:15+02:00,2026-09-07T14:55:15+02:00,315.0,1,Oslo S,VYG:Line:F4,Oslo S-Bergen,F4,rail,VYG:ServiceJourney:602-BRG_481321-R,True,actual,False,,,,,2026-09-07T15:44:36.205822+02:00
NSR:StopPlace:58844,Eidsvoll stasjon,2026-09-07T08:00:00+02:00,2026-09-07T08:05:15+02:00,2026-09-07T08:05:15+02:00,315.0,1,Eidsvoll,RUT:Line:443,Feiring/ Minnesund - Eidsvoll,443,bus,RUT:ServiceJourney:e84e373977b114e346e77bf4ae8330be,True,actual,False,,,,,2026-09-07T08:42:24.659182+02:00
NSR:StopPlace:58886,Arendal stasjon,2026-09-07T07:52:00+02:00,2026-09-07T07:57:15+02:00,2026-09-07T07:57:15+02:00,315.0,1,Grimstad via Arendal sentrum,AKT:Line:101,Eydehavn-Arendal-Grimstad N/S,101,bus,AKT:ServiceJourney:71733_101_89_54600_59160_40000971,True,actual,False,,,,,2026-09-07T08:42:24.659182+02:00
NSR:StopPlace:58872,Sandefjord stasjon,2026-09-07T16:47:00+02:00,2026-09-07T16:52:14+02:00,2026-09-07T16:52:14+02:00,314.0,1,Eidsvoll,VYG:Line:RE11,Eidsvoll-Oslo S-Skien,RE11,rail,VYG:ServiceJourney:826_481332-R,True,actual,False,Færre vogner,Denne avgangen kjører dessverre med 5 vogner i stedet for 10 vogner. Dette skyldes at vi mangler et togsett.,general,normal,2026-09-07T20:27:16.249662+02:00
NSR:StopPlace:58877,Bø stasjon,2026-09-07T14:55:00+02:00,2026-09-07T15:00:14+02:00,2026-09-07T15:00:14+02:00,314.0,1,Notodden via Nordagutu,TEL:Line:8323,Notodden-Nordagutu-Gvarv-Bø,323,bus,TEL:ServiceJourney:125769,True,actual,False,,,,,2026-09-07T15:44:36.205822+02:00
NSR:StopPlace:58966,Porsgrunn stasjon,2026-09-07T06:34:00+02:00,2026-09-07T06:39:14+02:00,2026-09-07T06:39:14+02:00,314.0,1,Oslo S,VYG:Line:RX11,Eidsvoll-Oslo S-Skien,RX11,rail,VYG:ServiceJourney:856-SKN_444426-R,True,actual,False,Heis på Porsgrunn ute av drift,Heisen på Porsgrunn til spor 2 er ute av drift.,general,normal,2026-09-07T08:42:24.659182+02:00
NSR:StopPlace:61897,Bryn stasjon,2026-09-07T21:50:00+02:00,2026-09-07T21:55:13+02:00,2026-09-07T21:55:13+02:00,313.0,1,Asker,VYG:Line:L1,Spikkestad-Oslo S-Lillestrøm,L1,rail,VYG:ServiceJourney:2167_443577-R,True,actual,False,,,,,2026-09-08T00:20:52.129880+02:00
NSR:StopPlace:59646,Høvik stasjon,2026-09-07T23:42:00+02:00,2026-09-07T23:47:13+02:00,2026-09-07T23:47:13+02:00,313.0,1,Asker,VYG:Line:L1,Spikkestad-Oslo S-Lillestrøm,L1,rail,VYG:ServiceJourney:2173_443584-R,True,actual,False,,,,,2026-09-08T00:20:52.129880+02:00
NSR:StopPlace:58930,Larvik stasjon,2026-09-07T22:17:00+02:00,2026-09-07T22:22:13+02:00,2026-09-07T22:22:13+02:00,313.0,1,Larvik-Sandefjord,VKT:Line:3,Busk-Sandefjord-Larvik-Veldre,3,bus,VKT:ServiceJourney:17567,True,actual,False,,,,,2026-09-08T00:20:52.129880+02:00
NSR:StopPlace:58932,Hommelvik stasjon,2026-09-07T23:11:00+02:00,2026-09-07T23:16:13+02:00,2026-09-07T23:16:13+02:00,313.0,1,Muruvik,ATB:Line:2_70,Stjørdal/Hommelvik- Trondheim,70,bus,ATB:ServiceJourney:70_251215112547064_111,True,actual,False,,,,,2026-09-08T00:20:52.129880+02:00
NSR:StopPlace:58790,Verdal stasjon,2026-09-07T22:02:00+02:00,2026-09-07T22:07:13+02:00,2026-09-07T22:07:13+02:00,313.0,1,Steinkjer,SJN:Line:26,Trønderbanen,R70,rail,SJN:ServiceJourney:451_56080-R,True,actual,False,,,,,2026-09-08T00:20:52.129880+02:00
NSR:StopPlace:708,Stange stasjon,2026-09-07T21:34:00+02:00,2026-09-07T21:39:13+02:00,2026-09-07T21:39:13+02:00,313.0,1,Lillehammer,VYG:Line:RE10,Drammen-Oslo S-Lillehammer,RE10,rail,VYG:ServiceJourney:333-SUD_444251-R,True,actual,False,Bruk de forreste vognene,På denne avgangen er det bakerste togsettet stengt mellom Drammen og Lillehammer. Bruk de forreste vognene.,general,normal,2026-09-08T00:20:52.129880+02:00
NSR:StopPlace:58799,Rygge stasjon,2026-09-07T18:05:00+02:00,2026-09-07T18:10:13+02:00,2026-09-07T18:10:13+02:00,313.0,1,Oslo S,VYG:Line:RE20,Oslo S-Halden-Göteborg (X-Border),RE20,rail,VYG:ServiceJourney:128_443128-R,True,actual,False,,,,,2026-09-07T20:27:16.249662+02:00
NSR:StopPlace:62341,Tangen stasjon,2026-09-07T19:28:00+02:00,2026-09-07T19:33:13+02:00,2026-09-07T19:33:13+02:00,313.0,1,Dombås,VYG:Line:RE10,Drammen-Oslo S-Lillehammer,RE10,rail,VYG:ServiceJourney:329-SUD_465133-R,True,actual,False,,,,,2026-09-07T20:27:16.249662+02:00
NSR:StopPlace:59244,Egersund stasjon,2026-09-07T17:13:00+02:00,2026-09-07T17:18:12+02:00,2026-09-07T17:18:12+02:00,312.0,1,Hauge i Dalane,KOL:Line:8_2040,E90,E90,bus,KOL:ServiceJourney:2040_250903083245419_2004,True,actual,False,,,,,2026-09-07T20:27:16.249662+02:00
NSR:StopPlace:58919,Sira stasjon,2026-09-07T19:18:00+02:00,2026-09-07T19:23:12+02:00,2026-09-07T19:23:12+02:00,312.0,1,Stavanger,GOA:Line:50,Sørtoget region,F5,rail,GOA:ServiceJourney:713-LOD_68191-R,True,actual,False,,,,,2026-09-07T20:27:16.249662+02:00
NSR:StopPlace:61872,Nærbø stasjon,2026-09-07T15:04:00+02:00,2026-09-07T15:09:12+02:00,2026-09-07T15:09:12+02:00,312.0,1,Egersund,GOA:Line:59,Jærbanen,L5,rail,GOA:ServiceJourney:3042_63084-R,True,actual,False,,,,,2026-09-07T15:44:36.205822+02:00
NSR:StopPlace:60271,Varhaug stasjon,2026-09-07T14:36:00+02:00,2026-09-07T14:41:12+02:00,2026-09-07T14:41:12+02:00,312.0,1,Egersund,GOA:Line:59,Jærbanen,L5,rail,GOA:ServiceJourney:3040_63080-R,True,actual,False,,,,,2026-09-07T15:44:36.205822+02:00
NSR:StopPlace:60047,Melhus skysstasjon,2026-09-07T20:47:00+02:00,2026-09-07T20:52:11+02:00,2026-09-07T20:52:11+02:00,311.0,1,Steinkjer,SJN:Line:26,Trønderbanen,R70,rail,SJN:ServiceJourney:453_56082-R,True,actual,False,,,,,2026-09-08T00:20:52.129880+02:00
NSR:StopPlace:58963,Jessheim stasjon,2026-09-07T21:37:00+02:00,2026-09-07T21:42:11+02:00,2026-09-07T21:42:11+02:00,311.0,1,Drammen,VYG:Line:R13,Drammen-Oslo S-Dal,R13,rail,VYG:ServiceJourney:1668_443360-R,True,actual,False,,,,,2026-09-08T00:20:52.129880+02:00
NSR:StopPlace:58847,Frogner stasjon,2026-09-07T22:21:00+02:00,2026-09-07T22:26:11+02:00,2026-09-07T22:26:11+02:00,311.0,1,Drammen,VYG:Line:R13,Drammen-Oslo S-Dal,R13,rail,VYG:ServiceJourney:1670_481178-R,True,actual,False,,,,,2026-09-08T00:20:52.129880+02:00
NSR:StopPlace:58946,Snåsa stasjon,2026-09-07T18:44:00+02:00,2026-09-07T18:49:11+02:00,2026-09-07T18:49:11+02:00,311.0,1,Mo i Rana,SJN:Line:71,Nordlandsbanen,F7,rail,SJN:ServiceJourney:477_45453-R,True,actual,False,,,,,2026-09-07T20:27:16.249662+02:00
NSR:StopPlace:58847,Frogner stasjon,2026-09-07T15:10:00+02:00,2026-09-07T15:15:11+02:00,2026-09-07T15:15:11+02:00,311.0,1,Sørumsand,RUT:Line:365,Sørumsand - Frogner - Skedsmokorset,365,bus,RUT:ServiceJourney:f2eb7172464a0af4213bd712df633f0f,True,actual,False,,,,,2026-09-07T15:44:36.205822+02:00
NSR:StopPlace:58855,Leirsund stasjon,2026-09-07T07:21:00+02:00,2026-09-07T07:26:11+02:00,2026-09-07T07:26:11+02:00,311.0,1,Lillestrøm,RUT:Line:335,Lillestrøm - Branderud,335,bus,RUT:ServiceJourney:11c64d215442c3e0bf2efc4482b4ec00,True,actual,False,,,,,2026-09-07T08:42:24.659182+02:00
NSR:StopPlace:58801,Sarpsborg stasjon,2026-09-07T07:48:00+02:00,2026-09-07T07:53:11+02:00,2026-09-07T07:53:11+02:00,311.0,1,Oslo S,VYG:Line:RE20,Oslo S-Halden-Göteborg (X-Border),RE20,rail,VYG:ServiceJourney:146-HLD_509067-R,True,actual,False,,,,,2026-09-07T08:42:24.659182+02:00
NSR:StopPlace:62392,Slependen stasjon,2026-09-07T23:49:00+02:00,2026-09-07T23:54:10+02:00,2026-09-07T23:54:10+02:00,310.0,1,Asker,VYG:Line:L1,Spikkestad-Oslo S-Lillestrøm,L1,rail,VYG:ServiceJourney:2173_443584-R,True,actual,False,,,,,2026-09-08T00:20:52.129880+02:00
NSR:StopPlace:61169,Marienborg stasjon,2026-09-07T17:30:00+02:00,2026-09-07T17:35:10+02:00,2026-09-07T17:35:10+02:00,310.0,1,Pirbadet via St. Olavs hospital,ATB:Line:2_23,Brattøra - St. Olavs - Hallset - Flatåsen - Sandmoen,23,bus,ATB:ServiceJourney:23_251215112545523_99,True,actual,False,,,,,2026-09-07T20:27:16.249662+02:00
NSR:StopPlace:59639,Sonsveien stasjon,2026-09-07T17:34:00+02:00,2026-09-07T17:39:10+02:00,2026-09-07T17:39:10+02:00,310.0,1,Stabekk,VYG:Line:R21,Stabekk-Oslo S-Moss,R21,rail,VYG:ServiceJourney:1154-MOS_443038-R,True,actual,False,,,,,2026-09-07T20:27:16.249662+02:00
NSR:StopPlace:58851,Heggedal stasjon,2026-09-07T14:55:00+02:00,2026-09-07T15:00:10+02:00,2026-09-07T15:00:10+02:00,310.0,1,Spikkestad,VYG:Line:L1,Spikkestad-Oslo S-Lillestrøm,L1,rail,VYG:ServiceJourney:2237_443645-R,True,actual,False,Forsinket | Færre vogner,Toget kjørte 7 minutter forsinket fra Lillestrøm. Dette skyldes en tidligere stans. | Denne avgangen kjører dessverre med 4 vogner i stedet for 8 vogner. Dette skyldes at vi mangler et togsett.,incident | general,normal | normal,2026-09-07T15:44:36.205822+02:00
NSR:StopPlace:58862,Strømmen stasjon,2026-09-07T14:51:00+02:00,2026-09-07T14:56:10+02:00,2026-09-07T14:56:10+02:00,310.0,1,Olavsgaard,RUT:Line:385,Nittedal stasjon - Olavsgaard - Ahus,385,bus,RUT:ServiceJourney:54bf1534b3ba03bdef27a82ef1cd6a23,True,actual,False,,,,,2026-09-07T15:44:36.205822+02:00
NSR:StopPlace:60047,Melhus skysstasjon,2026-09-07T21:31:00+02:00,2026-09-07T21:36:09+02:00,2026-09-07T21:36:09+02:00,309.0,1,Røros,ATB:Line:2_440,Støren - Røros,440,bus,ATB:ServiceJourney:440_260106098642804_28,True,actual,False,,,,,2026-09-08T00:20:52.129880+02:00
NSR:StopPlace:59261,Trondheim lufthavn,2026-09-07T23:42:00+02:00,2026-09-07T23:47:09+02:00,2026-09-07T23:47:09+02:00,309.0,1,Stjørdal stasjon,ATB:Line:2_70,Stjørdal/Hommelvik- Trondheim,70,bus,ATB:ServiceJourney:70_251215112547108_113,True,actual,False,,,,,2026-09-08T00:20:52.129880+02:00
NSR:StopPlace:58852,Høn stasjon,2026-09-07T22:13:00+02:00,2026-09-07T22:18:09+02:00,2026-09-07T22:18:09+02:00,309.0,1,Spikkestad,VYG:Line:L1,Spikkestad-Oslo S-Lillestrøm,L1,rail,VYG:ServiceJourney:2267_443697-R,True,actual,False,,,,,2026-09-08T00:20:52.129880+02:00
NSR:StopPlace:58862,Strømmen stasjon,2026-09-07T22:28:00+02:00,2026-09-07T22:33:09+02:00,2026-09-07T22:33:09+02:00,309.0,1,Lørenskog sentrum,RUT:Line:385,Nittedal stasjon - Olavsgaard - Ahus,385,bus,RUT:ServiceJourney:d2c20b8a297f80c2aa320539d7c59b63,True,actual,False,,,,,2026-09-08T00:20:52.129880+02:00
NSR:StopPlace:62339,Lillestrøm stasjon,2026-09-07T21:25:00+02:00,2026-09-07T21:30:09+02:00,2026-09-07T21:30:09+02:00,309.0,1,Asker,VYG:Line:L1,Spikkestad-Oslo S-Lillestrøm,L1,rail,VYG:ServiceJourney:2167_443577-R,True,actual,False,Heis i spor 1 og 2 er ute av bruk på grunn av vedlikehold.,Heis i spor 1 og 2 er ute av bruk på grunn av vedlikehold.,general,normal,2026-09-08T00:20:52.129880+02:00
NSR:StopPlace:59649,Nydalen stasjon,2026-09-07T18:31:00+02:00,2026-09-07T18:36:09+02:00,2026-09-07T18:36:09+02:00,309.0,1,Lysaker,RUT:Line:23,Lysaker - Simensbråten,23,bus,RUT:ServiceJourney:adf74fc2439378b282a089591b0fec5c,True,actual,False,,,,,2026-09-07T20:27:16.249662+02:00
NSR:StopPlace:59643,Grefsen stasjon,2026-09-07T16:50:00+02:00,2026-09-07T16:55:09+02:00,2026-09-07T16:55:09+02:00,309.0,1,Roa,VYG:Line:RE30,Oslo S-Gjøvik,RE30,rail,VYG:ServiceJourney:BUS-1225_655077-R,True,actual,False,,,,,2026-09-07T20:27:16.249662+02:00
NSR:StopPlace:60053,Halden stasjon,2026-09-07T19:47:00+02:00,2026-09-07T19:52:09+02:00,2026-09-07T19:52:09+02:00,309.0,1,Göteborg C,VYG:Line:RE20,Oslo S-Halden-Göteborg (X-Border),RE20,rail,VYG:ServiceJourney:127-397_448332-R,True,actual,False,,,,,2026-09-07T20:27:16.249662+02:00
NSR:StopPlace:58794,Fredrikstad stasjon,2026-09-07T19:14:00+02:00,2026-09-07T19:19:09+02:00,2026-09-07T19:19:09+02:00,309.0,1,Göteborg C,VYG:Line:RE20,Oslo S-Halden-Göteborg (X-Border),RE20,rail,VYG:ServiceJourney:127-397_448332-R,True,actual,False,,,,,2026-09-07T20:27:16.249662+02:00
NSR:StopPlace:699,Tynset stasjon,2026-09-07T14:58:00+02:00,2026-09-07T15:03:09+02:00,2026-09-07T15:03:09+02:00,309.0,1,Hamar,SJN:Line:25,Rørosbanen,R60,rail,SJN:ServiceJourney:2388_37666-R,True,actual,False,,,,,2026-09-07T15:44:36.205822+02:00
NSR:StopPlace:58859,Nordby stasjon,2026-09-07T22:23:00+02:00,2026-09-07T22:28:08+02:00,2026-09-07T22:28:08+02:00,308.0,1,Dal,VYG:Line:R13,Drammen-Oslo S-Dal,R13,rail,VYG:ServiceJourney:1667_443357-R,True,actual,False,,,,,2026-09-08T00:20:52.129880+02:00
NSR:StopPlace:101,Sagdalen stasjon,2026-09-07T19:22:00+02:00,2026-09-07T19:27:08+02:00,2026-09-07T19:27:08+02:00,308.0,1,Lillestrøm,VYG:Line:L1,Spikkestad-Oslo S-Lillestrøm,L1,rail,VYG:ServiceJourney:2156_443565-R,True,actual,False,,,,,2026-09-07T20:27:16.249662+02:00
NSR:StopPlace:61251,Øksnavadporten stasjon,2026-09-07T14:33:00+02:00,2026-09-07T14:38:08+02:00,2026-09-07T14:38:08+02:00,308.0,1,Stavanger,GOA:Line:59,Jærbanen,L5,rail,GOA:ServiceJourney:3039_63078-R,True,actual,False,,,,,2026-09-07T15:44:36.205822+02:00
NSR:StopPlace:59957,Klepp stasjon,2026-09-07T14:30:00+02:00,2026-09-07T14:35:08+02:00,2026-09-07T14:35:08+02:00,308.0,1,Stavanger,GOA:Line:59,Jærbanen,L5,rail,GOA:ServiceJourney:3039_63078-R,True,actual,False,,,,,2026-09-07T15:44:36.205822+02:00
NSR:StopPlace:58932,Hommelvik stasjon,2026-09-07T14:54:00+02:00,2026-09-07T14:59:08+02:00,2026-09-07T14:59:08+02:00,308.0,1,Stjørdal stasjon,ATB:Line:2_70,Stjørdal/Hommelvik- Trondheim,70,bus,ATB:ServiceJourney:70_251215112546890_49,True,actual,False,,,,,2026-09-07T15:44:36.205822+02:00
NSR:StopPlace:313,Høybråten stasjon,2026-09-07T15:27:00+02:00,2026-09-07T15:32:08+02:00,2026-09-07T15:32:08+02:00,308.0,1,Lillestrøm,VYG:Line:L1,Spikkestad-Oslo S-Lillestrøm,L1,rail,VYG:ServiceJourney:2242_443654-R,True,actual,False,,,,,2026-09-07T15:44:36.205822+02:00
NSR:StopPlace:59977,Trondheim S,2026-09-07T06:23:00+02:00,2026-09-07T06:28:08+02:00,2026-09-07T06:28:08+02:00,308.0,1,Stjørdal stasjon,ATB:Line:2_311,Stjørdal - Trondheim,311,bus,ATB:ServiceJourney:311_260106098642690_3,True,actual,False,Endret tilbud ved Vikelvvegen,Sydgående avkjøringsrampe fra E6 ved Reppe er stengt frem til 21. september. Vikelvvegen og Ranheim fabrikker til sentrum blir ikke betjent av linje 311 i perioden. ,general,normal,2026-09-07T08:42:24.659182+02:00
NSR:StopPlace:60053,Halden stasjon,2026-09-07T08:22:00+02:00,2026-09-07T08:27:08+02:00,2026-09-07T08:27:08+02:00,308.0,1,Halden sentrum,OST:Line:1_32,Brekkerød-Stenrød,32,bus,OST:ServiceJourney:32_260325121472786_7,True,actual,False,,,,,2026-09-07T08:42:24.659182+02:00
NSR:StopPlace:58840,Vestfossen stasjon,2026-09-07T07:02:00+02:00,2026-09-07T07:07:08+02:00,2026-09-07T07:07:08+02:00,308.0,1,Horne - Vestfossen - Kongsberg knutepunkt,BRA:Line:4_6115,Hokksund - Kongsberg,115,bus,BRA:ServiceJourney:6115_260427080308884_1002,True,actual,False,,,,,2026-09-07T08:42:24.659182+02:00
NSR:StopPlace:58872,Sandefjord stasjon,2026-09-07T07:02:00+02:00,2026-09-07T07:07:08+02:00,2026-09-07T07:07:08+02:00,308.0,1,Oslo S,VYG:Line:RX11,Eidsvoll-Oslo S-Skien,RX11,rail,VYG:ServiceJourney:856-SKN_444426-R,True,actual,False,,,,,2026-09-07T08:42:24.659182+02:00
NSR:StopPlace:58924,Bryne stasjon,2026-09-07T22:40:00+02:00,2026-09-07T22:45:07+02:00,2026-09-07T22:45:07+02:00,307.0,1,Lyefjell,KOL:Line:8_2017,50,50,bus,KOL:ServiceJourney:2017_260407061540694_2033,True,actual,False,,,,,2026-09-08T00:20:52.129880+02:00
NSR:StopPlace:58855,Leirsund stasjon,2026-09-07T22:25:00+02:00,2026-09-07T22:30:07+02:00,2026-09-07T22:30:07+02:00,307.0,1,Drammen,VYG:Line:R13,Drammen-Oslo S-Dal,R13,rail,VYG:ServiceJourney:1670_481178-R,True,actual,False,,,,,2026-09-08T00:20:52.129880+02:00
NSR:StopPlace:6,Greverud stasjon,2026-09-07T17:48:00+02:00,2026-09-07T17:53:07+02:00,2026-09-07T17:53:07+02:00,307.0,1,Stabekk,VYG:Line:L2,Stabekk-Oslo S-Ski,L2,rail,VYG:ServiceJourney:2756-SKI_443967-R,True,actual,False,,,,,2026-09-07T20:27:16.249662+02:00
NSR:StopPlace:58952,Bodø stasjon,2026-09-07T18:25:00+02:00,2026-09-07T18:30:07+02:00,2026-09-07T18:30:07+02:00,307.0,1,Løpsmarka,NOR:Line:12_8004,Tverlandet - Bodø sentrum - Løpsmarka,4,bus,NOR:ServiceJourney:8004_251012124900620_2033,True,actual,False,,,,,2026-09-07T20:27:16.249662+02:00
NSR:StopPlace:58841,Ål stasjon,2026-09-07T19:09:00+02:00,2026-09-07T19:14:07+02:00,2026-09-07T19:14:07+02:00,307.0,1,Oslo S,VYG:Line:F4,Oslo S-Bergen,F4,rail,VYG:ServiceJourney:64-BRG_444368-R,True,actual,False,,,,,2026-09-07T20:27:16.249662+02:00
NSR:StopPlace:58840,Vestfossen stasjon,2026-09-07T17:52:00+02:00,2026-09-07T17:57:07+02:00,2026-09-07T17:57:07+02:00,307.0,1,Kongsberg,VYG:Line:R13,Drammen-Oslo S-Dal,R13,rail,VYG:ServiceJourney:1646_443312-R,True,actual,False,,,,,2026-09-07T20:27:16.249662+02:00
NSR:StopPlace:393,Leangen stasjon,2026-09-07T16:23:00+02:00,2026-09-07T16:28:07+02:00,2026-09-07T16:28:07+02:00,307.0,1,Steinkjer,SJN:Line:26,Trønderbanen,R70,rail,SJN:ServiceJourney:443-SOeB_56072-R,True,actual,False,,,,,2026-09-07T20:27:16.249662+02:00
NSR:StopPlace:60053,Halden stasjon,2026-09-07T14:58:00+02:00,2026-09-07T15:03:07+02:00,2026-09-07T15:03:07+02:00,307.0,1,Halden,OST:Line:1_631,Halden-Ørje,631,bus,OST:ServiceJourney:631_260325121471425_8,True,actual,False,,,,,2026-09-07T15:44:36.205822+02:00
NSR:StopPlace:58877,Bø stasjon,2026-09-07T15:30:00+02:00,2026-09-07T15:35:07+02:00,2026-09-07T15:35:07+02:00,307.0,1,Folkestad-Nordbø,TEL:Line:8121,Bø-Lunde,121,bus,TEL:ServiceJourney:127359,True,actual,False,,,,,2026-09-07T15:44:36.205822+02:00
NSR:StopPlace:58866,Vevelstad stasjon,2026-09-07T07:54:00+02:00,2026-09-07T07:59:07+02:00,2026-09-07T07:59:07+02:00,307.0,1,Bøleråsen,RUT:Line:510,Bøleråsen - Ski - Ås - Drøbak,510,bus,RUT:ServiceJourney:cc59fd5768d486258a9d011eba80c3d0,True,actual,False,,,,,2026-09-07T08:42:24.659182+02:00
NSR:StopPlace:4,Otta stasjon,2026-09-07T21:26:00+02:00,2026-09-07T21:31:06+02:00,2026-09-07T21:31:06+02:00,306.0,1,Trondheim S,SJN:Line:21,Dovrebanen,F6,rail,SJN:ServiceJourney:51-LOD_30215-R,True,actual,False,,,,,2026-09-08T00:20:52.129880+02:00
NSR:StopPlace:58864,Sørumsand stasjon,2026-09-07T23:30:00+02:00,2026-09-07T23:35:06+02:00,2026-09-07T23:35:06+02:00,306.0,1,Asker,VYG:Line:R14,Asker-Oslo S-Kongsvinger,R14,rail,VYG:ServiceJourney:1038_442950-R,True,actual,False,,,,,2026-09-08T00:20:52.129880+02:00
NSR:StopPlace:101,Sagdalen stasjon,2026-09-07T23:22:00+02:00,2026-09-07T23:27:06+02:00,2026-09-07T23:27:06+02:00,306.0,1,Lillestrøm,VYG:Line:L1,Spikkestad-Oslo S-Lillestrøm,L1,rail,VYG:ServiceJourney:2172_443583-R,True,actual,False,,,,,2026-09-08T00:20:52.129880+02:00
NSR:StopPlace:58861,Solbråtan stasjon,2026-09-07T19:15:00+02:00,2026-09-07T19:20:06+02:00,2026-09-07T19:20:06+02:00,306.0,1,Bjørvika,RUT:Line:83,Jernbanetorget - Tårnåsen,83,bus,RUT:ServiceJourney:4106d13000c93ec8266555339a0d96d6,True,actual,False,Linje 80E og 83 får Hausmanns bru som ny endeholdeplass fra 29. juni,"Bussene stopper ikke på Jernbanetorget etter 29. juni, men starter og stopper på Hausmanns bru i Nylandsveien.",incident,normal,2026-09-07T20:27:16.249662+02:00
NSR:StopPlace:58872,Sandefjord stasjon,2026-09-07T18:06:00+02:00,2026-09-07T18:11:06+02:00,2026-09-07T18:11:06+02:00,306.0,1,Skien,VYG:Line:RX11,Eidsvoll-Oslo S-Skien,RX11,rail,VYG:ServiceJourney:863-LOE_562942-R,True,actual,False,,,,,2026-09-07T20:27:16.249662+02:00
NSR:StopPlace:420,Lillehammer stasjon,2026-09-07T17:51:00+02:00,2026-09-07T17:56:06+02:00,2026-09-07T17:56:06+02:00,306.0,1,Oslo S,SJN:Line:21,Dovrebanen,F6,rail,SJN:ServiceJourney:46-TND_48003-R,True,actual,False,,,,,2026-09-07T20:27:16.249662+02:00
NSR:StopPlace:58886,Arendal stasjon,2026-09-07T15:24:00+02:00,2026-09-07T15:29:06+02:00,2026-09-07T15:29:06+02:00,306.0,1,Tromøy Øst via Tromøy kirkevei,AKT:Line:102,Tromøy Øst-Arendal-Rykene,102,bus,AKT:ServiceJourney:72069_142_71_107400_110820_40000975,True,actual,False,,,,,2026-09-07T15:44:36.205822+02:00
NSR:StopPlace:58936,Skatval stasjon,2026-09-07T07:51:00+02:00,2026-09-07T07:56:06+02:00,2026-09-07T07:56:06+02:00,306.0,1,Ler,SJN:Line:26,Trønderbanen,R70,rail,SJN:ServiceJourney:424_56053-R,True,actual,False,,,,,2026-09-07T08:42:24.659182+02:00
NSR:StopPlace:58844,Eidsvoll stasjon,2026-09-07T07:57:00+02:00,2026-09-07T08:02:06+02:00,2026-09-07T08:02:06+02:00,306.0,1,Eidsvoll - Vilberg,RUT:Line:3772,Jessheim - Eidsvoll/ Eidsvoll - Dal - Østli,3772,bus,RUT:ServiceJourney:11b6a94917b4d94b83b9af51cc0bd777,True,actual,False,,,,,2026-09-07T08:42:24.659182+02:00
NSR:StopPlace:58865,Vestby stasjon,2026-09-07T08:05:00+02:00,2026-09-07T08:10:06+02:00,2026-09-07T08:10:06+02:00,306.0,1,Vestby arena,RUT:Line:530,Pepperstad - Vestby stasjon,530,bus,RUT:ServiceJourney:f628306222e4d4b236de909c7154a042,True,actual,False,,,,,2026-09-07T08:42:24.659182+02:00
NSR:StopPlace:41,Hanaborg stasjon,2026-09-07T23:01:00+02:00,2026-09-07T23:06:05+02:00,2026-09-07T23:06:05+02:00,305.0,1,Lillestrøm,VYG:Line:L1,Spikkestad-Oslo S-Lillestrøm,L1,rail,VYG:ServiceJourney:2272_465117-R,True,actual,False,,,,,2026-09-08T00:20:52.129880+02:00
NSR:StopPlace:58797,Mysen stasjon,2026-09-07T17:52:00+02:00,2026-09-07T17:57:05+02:00,2026-09-07T17:57:05+02:00,305.0,1,Ramstadkrysset,OST:Line:1_9,Timekspress linje 9,9,bus,OST:ServiceJourney:9_260325121472423_9012,True,actual,False,,,,,2026-09-07T20:27:16.249662+02:00
NSR:StopPlace:58925,Gausel stasjon,2026-09-07T06:53:00+02:00,2026-09-07T06:58:05+02:00,2026-09-07T06:58:05+02:00,305.0,1,Vardenes via UiS-Stavanger,KOL:Line:8_1007,6,6,bus,KOL:ServiceJourney:1007_260729080906596_2007,True,actual,False,,,,,2026-09-07T08:42:24.659182+02:00
NSR:StopPlace:58845,Eidsvoll verk stasjon,2026-09-07T08:02:00+02:00,2026-09-07T08:07:05+02:00,2026-09-07T08:07:05+02:00,305.0,1,Nannestad vgs.,RUT:Line:3872,Eidsvoll - Råholt - Dal - Nannestad,3872,bus,RUT:ServiceJourney:135b3d100ae56cbfa2d5128e2f501eb8,True,actual,False,,,,,2026-09-07T08:42:24.659182+02:00
NSR:StopPlace:518,Bolstadøyri stasjon,2026-09-07T06:17:00+02:00,2026-09-07T06:22:05+02:00,2026-09-07T06:22:05+02:00,305.0,1,Bergen,VYG:Line:R40,Bergen-Voss-Myrdal-Ål,R40,rail,VYG:ServiceJourney:1807_445121-R,True,actual,False,,,,,2026-09-07T08:42:24.659182+02:00
NSR:StopPlace:59952,Drammen stasjon,2026-09-07T15:00:00+02:00,2026-09-07T15:05:04+02:00,2026-09-07T15:05:04+02:00,304.0,1,Bergen,VYG:Line:F4,Oslo S-Bergen,F4,rail,VYG:ServiceJourney:65-LOD_590005-R,True,actual,False,,,,,2026-09-07T15:44:36.205822+02:00
NSR:StopPlace:58865,Vestby stasjon,2026-09-07T14:18:00+02:00,2026-09-07T14:23:04+02:00,2026-09-07T14:23:04+02:00,304.0,1,Randem – Åsveien,RUT:Line:533,Randem - Vestby stasjon,533,bus,RUT:ServiceJourney:9e77c1b5db0dd92fb69b4f5444fa4198,True,actual,False,,,,,2026-09-07T15:44:36.205822+02:00
NSR:StopPlace:59261,Trondheim lufthavn,2026-09-07T08:02:00+02:00,2026-09-07T08:07:04+02:00,2026-09-07T08:07:04+02:00,304.0,1,A Marienborg via Innherredsveien,ATB:Line:2_70,Stjørdal/Hommelvik- Trondheim,70,bus,ATB:ServiceJourney:70_251215112546912_28,True,actual,False,,,,,2026-09-07T08:42:24.659182+02:00
NSR:StopPlace:58844,Eidsvoll stasjon,2026-09-07T21:53:00+02:00,2026-09-07T21:58:03+02:00,2026-09-07T21:58:03+02:00,303.0,1,Drammen,VYG:Line:RE10,Drammen-Oslo S-Lillehammer,RE10,rail,VYG:ServiceJourney:334-LHM_444252-R,True,actual,False,,,,,2026-09-08T00:20:52.129880+02:00
NSR:StopPlace:58805,Brumunddal stasjon,2026-09-07T23:56:00+02:00,2026-09-08T00:01:03+02:00,2026-09-08T00:01:03+02:00,303.0,1,Lillehammer,VYG:Line:RE10,Drammen-Oslo S-Lillehammer,RE10,rail,VYG:ServiceJourney:337-SUD_486424-R,True,actual,False,,,,,2026-09-08T00:20:52.129880+02:00
NSR:StopPlace:58817,Eina stasjon,2026-09-07T21:56:00+02:00,2026-09-07T22:01:03+02:00,2026-09-07T22:01:03+02:00,303.0,1,Roa,VYG:Line:R31,Skøyen-Jaren-Gjøvik,R31,rail,VYG:ServiceJourney:236-GJOe_648922-R,True,actual,False,,,,,2026-09-08T00:20:52.129880+02:00
NSR:StopPlace:59648,Kjelsås stasjon,2026-09-07T16:37:00+02:00,2026-09-07T16:42:03+02:00,2026-09-07T16:42:03+02:00,303.0,1,Jaren,VYG:Line:R31,Skøyen-Jaren-Gjøvik,R31,rail,VYG:ServiceJourney:BUS-243_655554-R,True,actual,False,,,,,2026-09-07T20:27:16.249662+02:00
NSR:StopPlace:58930,Larvik stasjon,2026-09-07T17:07:00+02:00,2026-09-07T17:12:03+02:00,2026-09-07T17:12:03+02:00,303.0,1,Larvik-Sandefjord,VKT:Line:3,Busk-Sandefjord-Larvik-Veldre,3,bus,VKT:ServiceJourney:17561,True,actual,False,,,,,2026-09-07T20:27:16.249662+02:00
NSR:StopPlace:58860,Oppegård stasjon,2026-09-07T17:46:00+02:00,2026-09-07T17:51:03+02:00,2026-09-07T17:51:03+02:00,303.0,1,Stabekk,VYG:Line:L2,Stabekk-Oslo S-Ski,L2,rail,VYG:ServiceJourney:2756-SKI_443967-R,True,actual,False,,,,,2026-09-07T20:27:16.249662+02:00
NSR:StopPlace:101,Sagdalen stasjon,2026-09-07T19:37:00+02:00,2026-09-07T19:42:03+02:00,2026-09-07T19:42:03+02:00,303.0,1,Lillestrøm,VYG:Line:L1,Spikkestad-Oslo S-Lillestrøm,L1,rail,VYG:ServiceJourney:2258_443682-R,True,actual,False,,,,,2026-09-07T20:27:16.249662+02:00
NSR:StopPlace:59647,Dal stasjon,2026-09-07T08:11:00+02:00,2026-09-07T08:16:03+02:00,2026-09-07T08:16:03+02:00,303.0,1,Jessheim,RUT:Line:430,Eidsvoll - Jessheim,430,bus,RUT:ServiceJourney:c5504e4b1e9f2a5f39c9414c5e3fef77,True,actual,False,,,,,2026-09-07T08:42:24.659182+02:00
NSR:StopPlace:59957,Klepp stasjon,2026-09-07T08:22:00+02:00,2026-09-07T08:27:03+02:00,2026-09-07T08:27:03+02:00,303.0,1,Egersund,GOA:Line:59,Jærbanen,L5,rail,GOA:ServiceJourney:3016_63048-R,True,actual,False,,,,,2026-09-07T08:42:24.659182+02:00
NSR:StopPlace:58872,Sandefjord stasjon,2026-09-07T06:54:00+02:00,2026-09-07T06:59:03+02:00,2026-09-07T06:59:03+02:00,303.0,1,Oslo S,VYG:Line:RX11,Eidsvoll-Oslo S-Skien,RX11,rail,VYG:ServiceJourney:864-SKN_444430-R,True,actual,False,,,,,2026-09-07T08:42:24.659182+02:00
NSR:StopPlace:62377,Ronglan stasjon,2026-09-07T08:28:00+02:00,2026-09-07T08:33:03+02:00,2026-09-07T08:33:03+02:00,303.0,1,Lundamo,SJN:Line:26,Trønderbanen,R70,rail,SJN:ServiceJourney:426_56055-R,True,actual,False,,,,,2026-09-07T08:42:24.659182+02:00
NSR:StopPlace:60271,Varhaug stasjon,2026-09-07T22:48:00+02:00,2026-09-07T22:53:02+02:00,2026-09-07T22:53:02+02:00,302.0,1,Stavanger,GOA:Line:59,Jærbanen,L5,rail,GOA:ServiceJourney:3073_63135-R,True,actual,False,,,,,2026-09-08T00:20:52.129880+02:00
NSR:StopPlace:58835,Lier stasjon,2026-09-07T22:11:00+02:00,2026-09-07T22:16:02+02:00,2026-09-07T22:16:02+02:00,302.0,1,Dal,VYG:Line:R13,Drammen-Oslo S-Dal,R13,rail,VYG:ServiceJourney:1671_443365-R,True,actual,False,,,,,2026-09-08T00:20:52.129880+02:00
NSR:StopPlace:58844,Eidsvoll stasjon,2026-09-08T00:15:00+02:00,2026-09-08T00:20:02+02:00,2026-09-08T00:20:02+02:00,302.0,1,Sand,INN:Line:121,Eidsvoll - Sand,121,bus,INN:ServiceJourney:54642,True,actual,False,,,,,2026-09-08T00:20:52.129880+02:00
NSR:StopPlace:59654,Stabekk stasjon,2026-09-07T17:36:00+02:00,2026-09-07T17:41:02+02:00,2026-09-07T17:41:02+02:00,302.0,1,Moss,VYG:Line:R21,Stabekk-Oslo S-Moss,R21,rail,VYG:ServiceJourney:1151-HVK_443034-R,True,actual,False,,,,,2026-09-07T20:27:16.249662+02:00
NSR:StopPlace:61707,Jevnaker stasjon,2026-09-07T15:32:00+02:00,2026-09-07T15:37:02+02:00,2026-09-07T15:37:02+02:00,302.0,1,Hønefoss over Eggemoen,INN:Line:113,Toso-Jevnaker-Hønefoss,113,bus,INN:ServiceJourney:70986,True,actual,False,,,,,2026-09-07T15:44:36.205822+02:00
NSR:StopPlace:58855,Leirsund stasjon,2026-09-07T14:53:00+02:00,2026-09-07T14:58:02+02:00,2026-09-07T14:58:02+02:00,302.0,1,Lillestrøm,RUT:Line:335,Lillestrøm - Branderud,335,bus,RUT:ServiceJourney:d0c8f2056fe46b0cf9e6faa9b97bfcf6,True,actual,False,,,,,2026-09-07T15:44:36.205822+02:00
NSR:StopPlace:58814,Tolga stasjon,2026-09-07T15:15:00+02:00,2026-09-07T15:20:02+02:00,2026-09-07T15:20:02+02:00,302.0,1,Trondheim S,SJN:Line:25,Rørosbanen,R60,rail,SJN:ServiceJourney:2385_30335-R,True,actual,False,,,,,2026-09-07T15:44:36.205822+02:00
NSR:StopPlace:58828,Roa stasjon,2026-09-07T14:40:00+02:00,2026-09-07T14:45:02+02:00,2026-09-07T14:45:02+02:00,302.0,1,Oslo S,VYG:Line:RE30,Oslo S-Gjøvik,RE30,rail,VYG:ServiceJourney:BUS-1220_655048-R,True,actual,False,,,,,2026-09-07T15:44:36.205822+02:00
NSR:StopPlace:61251,Øksnavadporten stasjon,2026-09-07T08:19:00+02:00,2026-09-07T08:24:02+02:00,2026-09-07T08:24:02+02:00,302.0,1,Egersund,GOA:Line:59,Jærbanen,L5,rail,GOA:ServiceJourney:3016_63048-R,True,actual,False,,,,,2026-09-07T08:42:24.659182+02:00
NSR:StopPlace:59643,Grefsen stasjon,2026-09-07T07:23:00+02:00,2026-09-07T07:28:02+02:00,2026-09-07T07:28:02+02:00,302.0,1,Lysaker,RUT:Line:23,Lysaker - Simensbråten,23,bus,RUT:ServiceJourney:f9ab5a8ed63ed0db57c23a87c4628f2a,True,actual,False,,,,,2026-09-07T08:42:24.659182+02:00
NSR:StopPlace:58930,Larvik stasjon,2026-09-07T06:40:00+02:00,2026-09-07T06:45:02+02:00,2026-09-07T06:45:02+02:00,302.0,1,Oslo S,VYG:Line:RX11,Eidsvoll-Oslo S-Skien,RX11,rail,VYG:ServiceJourney:864-SKN_444430-R,True,actual,False,,,,,2026-09-07T08:42:24.659182+02:00
NSR:StopPlace:58886,Arendal stasjon,2026-09-07T06:29:00+02:00,2026-09-07T06:34:02+02:00,2026-09-07T06:34:02+02:00,302.0,1,Rykene via Arendal sentrum,AKT:Line:102,Tromøy Øst-Arendal-Rykene,102,bus,AKT:ServiceJourney:72000_11_72_43560_46980_40001667,True,actual,False,,,,,2026-09-07T08:42:24.659182+02:00
NSR:StopPlace:261,Ganddal stasjon,2026-09-07T08:15:00+02:00,2026-09-07T08:20:02+02:00,2026-09-07T08:20:02+02:00,302.0,1,Egersund,GOA:Line:59,Jærbanen,L5,rail,GOA:ServiceJourney:3016_63048-R,True,actual,False,,,,,2026-09-07T08:42:24.659182+02:00
NSR:StopPlace:61251,Øksnavadporten stasjon,2026-09-07T22:05:00+02:00,2026-09-07T22:10:01+02:00,2026-09-07T22:10:01+02:00,301.0,1,Stavanger,GOA:Line:59,Jærbanen,L5,rail,GOA:ServiceJourney:3069_63130-R,True,actual,False,,,,,2026-09-08T00:20:52.129880+02:00
NSR:StopPlace:61315,Nerdrum stasjon,2026-09-07T23:39:00+02:00,2026-09-07T23:44:01+02:00,2026-09-07T23:44:01+02:00,301.0,1,Asker,VYG:Line:R14,Asker-Oslo S-Kongsvinger,R14,rail,VYG:ServiceJourney:1038_442950-R,True,actual,False,,,,,2026-09-08T00:20:52.129880+02:00
NSR:StopPlace:59642,Rånåsfoss stasjon,2026-09-07T23:19:00+02:00,2026-09-07T23:24:01+02:00,2026-09-07T23:24:01+02:00,301.0,1,Asker,VYG:Line:R14,Asker-Oslo S-Kongsvinger,R14,rail,VYG:ServiceJourney:1038_442950-R,True,actual,False,,,,,2026-09-08T00:20:52.129880+02:00
NSR:StopPlace:59957,Klepp stasjon,2026-09-07T22:02:00+02:00,2026-09-07T22:07:01+02:00,2026-09-07T22:07:01+02:00,301.0,1,Stavanger,GOA:Line:59,Jærbanen,L5,rail,GOA:ServiceJourney:3069_63130-R,True,actual,False,,,,,2026-09-08T00:20:52.129880+02:00
NSR:StopPlace:59261,Trondheim lufthavn,2026-09-07T18:27:00+02:00,2026-09-07T18:32:01+02:00,2026-09-07T18:32:01+02:00,301.0,1,Stjørdal stasjon,ATB:Line:2_70,Stjørdal/Hommelvik- Trondheim,70,bus,ATB:ServiceJourney:70_251215112547103_81,True,actual,False,,,,,2026-09-07T20:27:16.249662+02:00
NSR:StopPlace:58811,Moelv stasjon,2026-09-07T17:37:00+02:00,2026-09-07T17:42:01+02:00,2026-09-07T17:42:01+02:00,301.0,1,Drammen,VYG:Line:RE10,Drammen-Oslo S-Lillehammer,RE10,rail,VYG:ServiceJourney:328-LHM_444225-R,True,actual,False,,,,,2026-09-07T20:27:16.249662+02:00
NSR:StopPlace:58812,Os stasjon,2026-09-07T19:28:00+02:00,2026-09-07T19:33:01+02:00,2026-09-07T19:33:01+02:00,301.0,1,Trondheim S,SJN:Line:25,Rørosbanen,R60,rail,SJN:ServiceJourney:2389_47883-R,True,actual,False,,,,,2026-09-07T20:27:16.249662+02:00
NSR:StopPlace:58841,Ål stasjon,2026-09-07T15:25:00+02:00,2026-09-07T15:30:01+02:00,2026-09-07T15:30:01+02:00,301.0,1,Oslo S,VYG:Line:F4,Oslo S-Bergen,F4,rail,VYG:ServiceJourney:602-BRG_481321-R,True,actual,False,,,,,2026-09-07T15:44:36.205822+02:00
NSR:StopPlace:610,Sandvika stasjon,2026-09-07T12:18:00+02:00,2026-09-07T12:23:01+02:00,2026-09-07T12:23:01+02:00,301.0,1,Bergen,VYG:Line:F4,Oslo S-Bergen,F4,rail,VYG:ServiceJourney:601-LOD_456939-R,True,actual,False,,,,,2026-09-07T15:44:36.205822+02:00
NSR:StopPlace:58952,Bodø stasjon,2026-09-07T07:55:00+02:00,2026-09-07T08:00:01+02:00,2026-09-07T08:00:01+02:00,301.0,1,"Festvåg, Kjerringøy",NOR:Line:12_8400,Kjerringøy - Festvåg - Skaug - Bodø,400,bus,NOR:ServiceJourney:8400_251012124900658_2002,True,actual,False,,,,,2026-09-07T08:42:24.659182+02:00
NSR:StopPlace:58798,Rakkestad stasjon,2026-09-07T06:30:00+02:00,2026-09-07T06:35:01+02:00,2026-09-07T06:35:01+02:00,301.0,1,Sykehuset Kalnes,OST:Line:1_640,Sarpsborg-Askim-Mysen,640,bus,OST:ServiceJourney:640_260325121473123_5,True,actual,False,,,,,2026-09-07T08:42:24.659182+02:00
NSR:StopPlace:58807,Hanestad stasjon,2026-09-07T07:42:00+02:00,2026-09-07T07:47:01+02:00,2026-09-07T07:47:01+02:00,301.0,1,Hamar,SJN:Line:25,Rørosbanen,R60,rail,SJN:ServiceJourney:2380_37659-R,True,actual,False,,,,,2026-09-07T08:42:24.659182+02:00
NSR:StopPlace:60131,Ed station,2026-09-07T21:28:00+02:00,2026-09-07T21:33:00+02:00,2026-09-07T21:33:00+02:00,300.0,1,Oslo S,VYG:Line:RE20,Oslo S-Halden-Göteborg (X-Border),RE20,rail,VYG:ServiceJourney:398-138_466030-R,True,actual,False,,,,,2026-09-08T00:20:52.129880+02:00
NSR:StopPlace:59957,Klepp stasjon,2026-09-07T18:57:00+02:00,2026-09-07T19:02:00+02:00,2026-09-07T19:02:00+02:00,300.0,1,Verdalen via Kleppekrossen,KOL:Line:8_2024,59,59,bus,KOL:ServiceJourney:2024_250903083241328_2034,True,actual,False,,,,,2026-09-07T20:27:16.249662+02:00
NSR:StopPlace:58884,Skien stasjon,2026-09-07T18:08:00+02:00,2026-09-07T18:13:00+02:00,2026-09-07T18:13:00+02:00,300.0,1,Eidsvoll,VYG:Line:RE11,Eidsvoll-Oslo S-Skien,RE11,rail,VYG:ServiceJourney:830_444410-R,True,actual,False,,,,,2026-09-07T20:27:16.249662+02:00
NSR:StopPlace:58886,Arendal stasjon,2026-09-07T08:17:00+02:00,2026-09-07T08:22:00+02:00,2026-09-07T08:22:00+02:00,300.0,1,Eydehavn - korr. Staubø,AKT:Line:101,Eydehavn-Arendal-Grimstad N/S,101,bus,AKT:ServiceJourney:71854_112_87_53160_57660_40001426,True,actual,False,,,,,2026-09-07T08:42:24.659182+02:00
NSR:StopPlace:60077,Støren stasjon,2026-09-07T22:06:00+02:00,2026-09-07T22:10:59+02:00,2026-09-07T22:10:59+02:00,299.0,1,Røros,ATB:Line:2_440,Støren - Røros,440,bus,ATB:ServiceJourney:440_260106098642804_28,True,actual,False,,,,,2026-09-08T00:20:52.129880+02:00
NSR:StopPlace:58924,Bryne stasjon,2026-09-07T23:01:00+02:00,2026-09-07T23:05:59+02:00,2026-09-07T23:05:59+02:00,299.0,1,Nærbø,GOA:Line:59,Jærbanen,L5,rail,GOA:ServiceJourney:3074_63137-R,True,actual,False,,,,,2026-09-08T00:20:52.129880+02:00
NSR:StopPlace:58932,Hommelvik stasjon,2026-09-07T22:52:00+02:00,2026-09-07T22:56:59+02:00,2026-09-07T22:56:59+02:00,299.0,1,Marienborg via Brattøra,ATB:Line:2_70,Stjørdal/Hommelvik- Trondheim,70,bus,ATB:ServiceJourney:70_251215112546950_110,True,actual,False,,,,,2026-09-08T00:20:52.129880+02:00
NSR:StopPlace:60045,Hamar stasjon,2026-09-07T18:38:00+02:00,2026-09-07T18:42:59+02:00,2026-09-07T18:42:59+02:00,299.0,1,Oslo S,SJN:Line:21,Dovrebanen,F6,rail,SJN:ServiceJourney:46-TND_48003-R,True,actual,False,,,,,2026-09-07T20:27:16.249662+02:00
NSR:StopPlace:60045,Hamar stasjon,2026-09-07T19:09:00+02:00,2026-09-07T19:13:59+02:00,2026-09-07T19:13:59+02:00,299.0,1,Drammen,VYG:Line:RE10,Drammen-Oslo S-Lillehammer,RE10,rail,VYG:ServiceJourney:330-LHM_444236-R,True,actual,False,,,,,2026-09-07T20:27:16.249662+02:00
NSR:StopPlace:58924,Bryne stasjon,2026-09-07T18:59:00+02:00,2026-09-07T19:03:59+02:00,2026-09-07T19:03:59+02:00,299.0,1,Stavanger,GOA:Line:59,Jærbanen,L5,rail,GOA:ServiceJourney:3057_63110-R,True,actual,False,,,,,2026-09-07T20:27:16.249662+02:00
NSR:StopPlace:58834,Hokksund stasjon,2026-09-07T15:35:00+02:00,2026-09-07T15:39:59+02:00,2026-09-07T15:39:59+02:00,299.0,1,Skotselv kryss,BRA:Line:4_6116,Hokksund-Skotselv,116,bus,BRA:ServiceJourney:6116_260415100158985_1013,True,actual,False,,,,,2026-09-07T15:44:36.205822+02:00
NSR:StopPlace:59650,Nyland stasjon,2026-09-07T07:06:00+02:00,2026-09-07T07:10:59+02:00,2026-09-07T07:10:59+02:00,299.0,1,Lillestrøm,VYG:Line:L1,Spikkestad-Oslo S-Lillestrøm,L1,rail,VYG:ServiceJourney:2108_443512-R,True,actual,False,,,,,2026-09-07T08:42:24.659182+02:00
NSR:StopPlace:58919,Sira stasjon,2026-09-07T06:10:00+02:00,2026-09-07T06:14:59+02:00,2026-09-07T06:14:59+02:00,299.0,1,Moi,AKT:Line:260,Flekkefjord - Sira - Moi,260,bus,AKT:ServiceJourney:56496_11_35_42000_45000_3932601,True,actual,False,,,,,2026-09-07T08:42:24.659182+02:00
NSR:StopPlace:58853,Kolbotn stasjon,2026-09-07T07:19:00+02:00,2026-09-07T07:23:59+02:00,2026-09-07T07:23:59+02:00,299.0,1,Bjørvika,RUT:Line:83,Jernbanetorget - Tårnåsen,83,bus,RUT:ServiceJourney:975fc81f9f1588a2b6765667f57e8eab,True,actual,False,Linje 80E og 83 får Hausmanns bru som ny endeholdeplass fra 29. juni,"Bussene stopper ikke på Jernbanetorget etter 29. juni, men starter og stopper på Hausmanns bru i Nylandsveien.",incident,normal,2026-09-07T08:42:24.659182+02:00
NSR:StopPlace:58826,Reinsvoll stasjon,2026-09-07T08:03:00+02:00,2026-09-07T08:07:59+02:00,2026-09-07T08:07:59+02:00,299.0,1,Raufoss-Gjøvik,INN:Line:46,Lena-Raufoss-Gjøvik-Kapp-Lena,B46,bus,INN:ServiceJourney:76823,True,actual,False,,,,,2026-09-07T08:42:24.659182+02:00
NSR:StopPlace:58932,Hommelvik stasjon,2026-09-07T23:31:00+02:00,2026-09-07T23:35:58+02:00,2026-09-07T23:35:58+02:00,298.0,1,Stjørdal stasjon,ATB:Line:2_70,Stjørdal/Hommelvik- Trondheim,70,bus,ATB:ServiceJourney:70_251215112547108_113,True,actual,False,,,,,2026-09-08T00:20:52.129880+02:00
NSR:StopPlace:58790,Verdal stasjon,2026-09-07T22:02:00+02:00,2026-09-07T22:06:58+02:00,2026-09-07T22:06:58+02:00,298.0,1,Støren,SJN:Line:26,Trønderbanen,R70,rail,SJN:ServiceJourney:454_56083-R,True,actual,False,,,,,2026-09-08T00:20:52.129880+02:00
NSR:StopPlace:708,Stange stasjon,2026-09-07T21:20:00+02:00,2026-09-07T21:24:58+02:00,2026-09-07T21:24:58+02:00,298.0,1,Drammen,VYG:Line:RE10,Drammen-Oslo S-Lillehammer,RE10,rail,VYG:ServiceJourney:334-LHM_444252-R,True,actual,False,,,,,2026-09-08T00:20:52.129880+02:00
NSR:StopPlace:58838,Røyken stasjon,2026-09-07T20:03:00+02:00,2026-09-07T20:07:58+02:00,2026-09-07T20:07:58+02:00,298.0,1,Bråset,RUT:Line:260,Hyggen - Bråset -Slemmestad (- Asker),260,bus,RUT:ServiceJourney:18d50476c05109c46e403236d091099c,True,actual,False,,,,,2026-09-07T20:27:16.249662+02:00
NSR:StopPlace:58874,Stokke stasjon,2026-09-07T16:56:00+02:00,2026-09-07T17:00:58+02:00,2026-09-07T17:00:58+02:00,298.0,1,Eidsvoll,VYG:Line:RE11,Eidsvoll-Oslo S-Skien,RE11,rail,VYG:ServiceJourney:826_481332-R,True,actual,False,Færre vogner,Denne avgangen kjører dessverre med 5 vogner i stedet for 10 vogner. Dette skyldes at vi mangler et togsett.,general,normal,2026-09-07T20:27:16.249662+02:00
NSR:StopPlace:58812,Os stasjon,2026-09-07T14:39:00+02:00,2026-09-07T14:43:58+02:00,2026-09-07T14:43:58+02:00,298.0,1,Røros,INN:Line:182,Tynset - Røros,182,bus,INN:ServiceJourney:74864,True,actual,False,,,,,2026-09-07T15:44:36.205822+02:00
NSR:StopPlace:58813,Skarnes stasjon,2026-09-07T14:48:00+02:00,2026-09-07T14:52:58+02:00,2026-09-07T14:52:58+02:00,298.0,1,Kongsvinger,INN:Line:700,Kongsvinger-Skarnes-Sand,700,bus,INN:ServiceJourney:82374,True,actual,False,,,,,2026-09-07T15:44:36.205822+02:00
NSR:StopPlace:58860,Oppegård stasjon,2026-09-07T08:01:00+02:00,2026-09-07T08:05:58+02:00,2026-09-07T08:05:58+02:00,298.0,1,Ski stasjon,RUT:Line:580,Kolbotn - Ski,580,bus,RUT:ServiceJourney:b13d52eb4dfcfca0157a6282710e210a,True,actual,False,,,,,2026-09-07T08:42:24.659182+02:00
NSR:StopPlace:58877,Bø stasjon,2026-09-07T07:10:00+02:00,2026-09-07T07:14:58+02:00,2026-09-07T07:14:58+02:00,298.0,1,Lunde,TEL:Line:8322,Bø-Lunde,322,bus,TEL:ServiceJourney:125820,True,actual,False,,,,,2026-09-07T08:42:24.659182+02:00
NSR:StopPlace:58803,Tomter stasjon,2026-09-07T07:39:00+02:00,2026-09-07T07:43:58+02:00,2026-09-07T07:43:58+02:00,298.0,1,Tomter-Hobøl ungdomsskole,OST:Line:1_410,Elvestad-Svikebøl,410,bus,OST:ServiceJourney:410_260327065881661_10,True,actual,False,,,,,2026-09-07T08:42:24.659182+02:00
NSR:StopPlace:59642,Rånåsfoss stasjon,2026-09-07T23:39:00+02:00,2026-09-07T23:43:57+02:00,2026-09-07T23:43:57+02:00,297.0,1,Kongsvinger,VYG:Line:R14,Asker-Oslo S-Kongsvinger,R14,rail,VYG:ServiceJourney:1037_442949-R,True,actual,False,,,,,2026-09-08T00:20:52.129880+02:00
NSR:StopPlace:58850,Hauerseter stasjon,2026-09-07T21:30:00+02:00,2026-09-07T21:34:57+02:00,2026-09-07T21:34:57+02:00,297.0,1,Drammen,VYG:Line:R13,Drammen-Oslo S-Dal,R13,rail,VYG:ServiceJourney:1668_443360-R,True,actual,False,,,,,2026-09-08T00:20:52.129880+02:00
NSR:StopPlace:101,Sagdalen stasjon,2026-09-07T22:37:00+02:00,2026-09-07T22:41:57+02:00,2026-09-07T22:41:57+02:00,297.0,1,Lillestrøm,VYG:Line:L1,Spikkestad-Oslo S-Lillestrøm,L1,rail,VYG:ServiceJourney:2270_443703-R,True,actual,False,,,,,2026-09-08T00:20:52.129880+02:00
NSR:StopPlace:60569,Sirevåg stasjon,2026-09-07T18:29:00+02:00,2026-09-07T18:33:57+02:00,2026-09-07T18:33:57+02:00,297.0,1,Stavanger,GOA:Line:59,Jærbanen,L5,rail,GOA:ServiceJourney:3057_63110-R,True,actual,False,,,,,2026-09-07T20:27:16.249662+02:00
NSR:StopPlace:58862,Strømmen stasjon,2026-09-07T18:40:00+02:00,2026-09-07T18:44:57+02:00,2026-09-07T18:44:57+02:00,297.0,1,Guldhaug-Tømte,RUT:Line:381,Guldhaug-Tømte - Lillestrøm,381,bus,RUT:ServiceJourney:c041b509d55c53331ef90bd96d9d7b31,True,actual,False,,,,,2026-09-07T20:27:16.249662+02:00
NSR:StopPlace:313,Høybråten stasjon,2026-09-07T19:12:00+02:00,2026-09-07T19:16:57+02:00,2026-09-07T19:16:57+02:00,297.0,1,Lillestrøm,VYG:Line:L1,Spikkestad-Oslo S-Lillestrøm,L1,rail,VYG:ServiceJourney:2156_443565-R,True,actual,False,,,,,2026-09-07T20:27:16.249662+02:00
NSR:StopPlace:61979,Hellvik stasjon,2026-09-07T18:24:00+02:00,2026-09-07T18:28:57+02:00,2026-09-07T18:28:57+02:00,297.0,1,Stavanger,GOA:Line:59,Jærbanen,L5,rail,GOA:ServiceJourney:3057_63110-R,True,actual,False,,,,,2026-09-07T20:27:16.249662+02:00
NSR:StopPlace:60042,Trengereid stasjon,2026-09-07T14:42:00+02:00,2026-09-07T14:46:57+02:00,2026-09-07T14:46:57+02:00,297.0,1,Voss,VYG:Line:R40,Bergen-Voss-Myrdal-Ål,R40,rail,VYG:ServiceJourney:1820_443407-R,True,actual,False,,,,,2026-09-07T15:44:36.205822+02:00
NSR:StopPlace:58821,Hjerkinn stasjon,2026-09-07T12:10:00+02:00,2026-09-07T12:14:57+02:00,2026-09-07T12:14:57+02:00,297.0,1,Oslo S,SJN:Line:21,Dovrebanen,F6,rail,SJN:ServiceJourney:44-TND_47992-R,True,actual,False,,,,,2026-09-07T15:44:36.205822+02:00
NSR:StopPlace:59649,Nydalen stasjon,2026-09-07T08:01:00+02:00,2026-09-07T08:05:57+02:00,2026-09-07T08:05:57+02:00,297.0,1,Brynseng,RUT:Line:24,Fornebu vest - Brynseng T,24,bus,RUT:ServiceJourney:0284967c07a5401cb25cd873a30c72a2,True,actual,False,,,,,2026-09-07T08:42:24.659182+02:00
NSR:StopPlace:58857,Lørenskog stasjon,2026-09-07T07:58:00+02:00,2026-09-07T08:02:57+02:00,2026-09-07T08:02:57+02:00,297.0,1,Stovner,RUT:Line:120,Nesåsen - Stovner,120,bus,RUT:ServiceJourney:dbc15aae98cdc33a8f4a30ee96b26322,True,actual,False,,,,,2026-09-07T08:42:24.659182+02:00
NSR:StopPlace:58860,Oppegård stasjon,2026-09-07T07:31:00+02:00,2026-09-07T07:35:57+02:00,2026-09-07T07:35:57+02:00,297.0,1,Kolbotn torg,RUT:Line:580,Kolbotn - Ski,580,bus,RUT:ServiceJourney:457ed7a713421fdb5452d1ad18d3336a,True,actual,False,,,,,2026-09-07T08:42:24.659182+02:00
NSR:StopPlace:62338,Fossum stasjon,2026-09-07T08:15:00+02:00,2026-09-07T08:19:57+02:00,2026-09-07T08:19:57+02:00,297.0,1,Sørumsand,RUT:Line:2673,Bjørkelangen - Sørumsand,2673,bus,RUT:ServiceJourney:dc50c2f88ded1002387834bb4eb5f5cf,True,actual,False,,,,,2026-09-07T08:42:24.659182+02:00
NSR:StopPlace:61872,Nærbø stasjon,2026-09-07T22:55:00+02:00,2026-09-07T22:59:56+02:00,2026-09-07T22:59:56+02:00,296.0,1,Stavanger,GOA:Line:59,Jærbanen,L5,rail,GOA:ServiceJourney:3073_63135-R,True,actual,False,,,,,2026-09-08T00:20:52.129880+02:00
NSR:StopPlace:58858,Nittedal stasjon,2026-09-08T00:04:00+02:00,2026-09-08T00:08:56+02:00,2026-09-08T00:08:56+02:00,296.0,1,Roa,VYG:Line:R31,Skøyen-Jaren-Gjøvik,R31,rail,VYG:ServiceJourney:BUS-239_655508-R,True,actual,False,,,,,2026-09-08T00:20:52.129880+02:00
NSR:StopPlace:61251,Øksnavadporten stasjon,2026-09-07T19:05:00+02:00,2026-09-07T19:09:56+02:00,2026-09-07T19:09:56+02:00,296.0,1,Stavanger,GOA:Line:59,Jærbanen,L5,rail,GOA:ServiceJourney:3057_63110-R,True,actual,False,,,,,2026-09-07T20:27:16.249662+02:00
NSR:StopPlace:59957,Klepp stasjon,2026-09-07T19:03:00+02:00,2026-09-07T19:07:56+02:00,2026-09-07T19:07:56+02:00,296.0,1,Stavanger,GOA:Line:59,Jærbanen,L5,rail,GOA:ServiceJourney:3057_63110-R,True,actual,False,,,,,2026-09-07T20:27:16.249662+02:00
NSR:StopPlace:58830,Brakerøya stasjon,2026-09-07T19:08:00+02:00,2026-09-07T19:12:56+02:00,2026-09-07T19:12:56+02:00,296.0,1,Dal,VYG:Line:R13,Drammen-Oslo S-Dal,R13,rail,VYG:ServiceJourney:1659_443341-R,True,actual,False,,,,,2026-09-07T20:27:16.249662+02:00
NSR:StopPlace:58858,Nittedal stasjon,2026-09-07T07:49:00+02:00,2026-09-07T07:53:56+02:00,2026-09-07T07:53:56+02:00,296.0,1,Oslo S,VYG:Line:R31,Skøyen-Jaren-Gjøvik,R31,rail,VYG:ServiceJourney:BUS-246_655575-R,True,actual,False,,,,,2026-09-07T08:42:24.659182+02:00
NSR:StopPlace:58804,Alvdal stasjon,2026-09-07T07:15:00+02:00,2026-09-07T07:19:56+02:00,2026-09-07T07:19:56+02:00,296.0,1,Hamar,SJN:Line:25,Rørosbanen,R60,rail,SJN:ServiceJourney:2380_37659-R,True,actual,False,,,,,2026-09-07T08:42:24.659182+02:00
NSR:StopPlace:58835,Lier stasjon,2026-09-07T22:41:00+02:00,2026-09-07T22:45:55+02:00,2026-09-07T22:45:55+02:00,295.0,1,Dal,VYG:Line:R13,Drammen-Oslo S-Dal,R13,rail,VYG:ServiceJourney:1673_443370-R,True,actual,False,,,,,2026-09-08T00:20:52.129880+02:00
NSR:StopPlace:58917,Marnardal stasjon,2026-09-07T18:27:00+02:00,2026-09-07T18:31:55+02:00,2026-09-07T18:31:55+02:00,295.0,1,Stavanger,GOA:Line:50,Sørtoget region,F5,rail,GOA:ServiceJourney:713-LOD_68191-R,True,actual,False,,,,,2026-09-07T20:27:16.249662+02:00
NSR:StopPlace:58924,Bryne stasjon,2026-09-07T18:59:00+02:00,2026-09-07T19:03:55+02:00,2026-09-07T19:03:55+02:00,295.0,1,Nærbø,GOA:Line:59,Jærbanen,L5,rail,GOA:ServiceJourney:3058_63111-R,True,actual,False,,,,,2026-09-07T20:27:16.249662+02:00
NSR:StopPlace:58862,Strømmen stasjon,2026-09-07T19:35:00+02:00,2026-09-07T19:39:55+02:00,2026-09-07T19:39:55+02:00,295.0,1,Lillestrøm,VYG:Line:L1,Spikkestad-Oslo S-Lillestrøm,L1,rail,VYG:ServiceJourney:2258_443682-R,True,actual,False,,,,,2026-09-07T20:27:16.249662+02:00
NSR:StopPlace:61897,Bryn stasjon,2026-09-07T14:50:00+02:00,2026-09-07T14:54:55+02:00,2026-09-07T14:54:55+02:00,295.0,1,Asker,VYG:Line:L1,Spikkestad-Oslo S-Lillestrøm,L1,rail,VYG:ServiceJourney:2139_443546-R,True,actual,False,,,,,2026-09-07T15:44:36.205822+02:00
NSR:StopPlace:61315,Nerdrum stasjon,2026-09-07T18:39:00+02:00,2026-09-07T18:43:54+02:00,2026-09-07T18:43:54+02:00,294.0,1,Asker,VYG:Line:R14,Asker-Oslo S-Kongsvinger,R14,rail,VYG:ServiceJourney:1028_442938-R,True,actual,False,,,,,2026-09-07T20:27:16.249662+02:00
NSR:StopPlace:58930,Larvik stasjon,2026-09-07T19:34:00+02:00,2026-09-07T19:38:54+02:00,2026-09-07T19:38:54+02:00,294.0,1,Nevlunghavn,VKT:Line:81,Nordbyen-Nevlunghavn,81,bus,VKT:ServiceJourney:18080,True,actual,False,,,,,2026-09-07T20:27:16.249662+02:00
NSR:StopPlace:58932,Hommelvik stasjon,2026-09-07T18:31:00+02:00,2026-09-07T18:35:54+02:00,2026-09-07T18:35:54+02:00,294.0,1,Marienborg via Brattøra,ATB:Line:2_70,Stjørdal/Hommelvik- Trondheim,70,bus,ATB:ServiceJourney:70_251215112547046_84,True,actual,False,,,,,2026-09-07T20:27:16.249662+02:00
NSR:StopPlace:58866,Vevelstad stasjon,2026-09-07T17:44:00+02:00,2026-09-07T17:48:54+02:00,2026-09-07T17:48:54+02:00,294.0,1,Stabekk,VYG:Line:L2,Stabekk-Oslo S-Ski,L2,rail,VYG:ServiceJourney:2756-SKI_443967-R,True,actual,False,,,,,2026-09-07T20:27:16.249662+02:00
NSR:StopPlace:58862,Strømmen stasjon,2026-09-07T19:20:00+02:00,2026-09-07T19:24:54+02:00,2026-09-07T19:24:54+02:00,294.0,1,Lillestrøm,VYG:Line:L1,Spikkestad-Oslo S-Lillestrøm,L1,rail,VYG:ServiceJourney:2156_443565-R,True,actual,False,,,,,2026-09-07T20:27:16.249662+02:00
NSR:StopPlace:58872,Sandefjord stasjon,2026-09-07T17:49:00+02:00,2026-09-07T17:53:54+02:00,2026-09-07T17:53:54+02:00,294.0,1,Skien,VYG:Line:RX11,Eidsvoll-Oslo S-Skien,RX11,rail,VYG:ServiceJourney:855-LOE_444425-R,True,actual,False,,,,,2026-09-07T20:27:16.249662+02:00
NSR:StopPlace:59703,Åndalsnes stasjon,2026-09-07T13:40:00+02:00,2026-09-07T13:44:54+02:00,2026-09-07T13:44:54+02:00,294.0,1,Molde,MOR:Line:420,Fram Ekspress Molde-Åndalsnes,420,bus,MOR:ServiceJourney:420_113_9150000047248723,True,actual,False,,,,,2026-09-07T15:44:36.205822+02:00
NSR:StopPlace:699,Tynset stasjon,2026-09-07T13:02:00+02:00,2026-09-07T13:06:54+02:00,2026-09-07T13:06:54+02:00,294.0,1,Hamar,SJN:Line:25,Rørosbanen,R60,rail,SJN:ServiceJourney:2386_47976-R,True,actual,False,,,,,2026-09-07T15:44:36.205822+02:00
NSR:StopPlace:59649,Nydalen stasjon,2026-09-07T07:53:00+02:00,2026-09-07T07:57:54+02:00,2026-09-07T07:57:54+02:00,294.0,1,Fornebu,RUT:Line:24,Fornebu vest - Brynseng T,24,bus,RUT:ServiceJourney:52ae296ac4920f40c81b5bf1afd18ff6,True,actual,False,,,,,2026-09-07T08:42:24.659182+02:00
NSR:StopPlace:58819,Grua stasjon,2026-09-07T06:14:00+02:00,2026-09-07T06:18:54+02:00,2026-09-07T06:18:54+02:00,294.0,1,Oslo,INN:Line:126,Dokka-Hov-Brandbu-Oslo,126,bus,INN:ServiceJourney:68044,True,actual,False,,,,,2026-09-07T08:42:24.659182+02:00
NSR:StopPlace:101,Sagdalen stasjon,2026-09-07T06:37:00+02:00,2026-09-07T06:41:54+02:00,2026-09-07T06:41:54+02:00,294.0,1,Lillestrøm,VYG:Line:L1,Spikkestad-Oslo S-Lillestrøm,L1,rail,VYG:ServiceJourney:2206_443594-R,True,actual,False,,,,,2026-09-07T08:42:24.659182+02:00
NSR:StopPlace:101,Sagdalen stasjon,2026-09-07T21:28:00+02:00,2026-09-07T21:32:53+02:00,2026-09-07T21:32:53+02:00,293.0,1,Asker,VYG:Line:L1,Spikkestad-Oslo S-Lillestrøm,L1,rail,VYG:ServiceJourney:2167_443577-R,True,actual,False,,,,,2026-09-08T00:20:52.129880+02:00
NSR:StopPlace:58793,Askim stasjon,2026-09-07T15:12:00+02:00,2026-09-07T15:16:53+02:00,2026-09-07T15:16:53+02:00,293.0,1,Mysen,OST:Line:1_411,Askim-Mysen,411,bus,OST:ServiceJourney:411_260325121475503_7,True,actual,False,,,,,2026-09-07T15:44:36.205822+02:00
NSR:StopPlace:58831,Flå stasjon,2026-09-07T14:26:00+02:00,2026-09-07T14:30:53+02:00,2026-09-07T14:30:53+02:00,293.0,1,Ovestrud,BRA:Line:4_6304,Flå-Buøyni-Gaptjern-Stavn,304,bus,BRA:ServiceJourney:6304_260415100159058_1002,True,actual,False,,,,,2026-09-07T15:44:36.205822+02:00
NSR:StopPlace:58796,Moss stasjon,2026-09-07T23:47:00+02:00,2026-09-07T23:51:52+02:00,2026-09-07T23:51:52+02:00,292.0,1,Halden,VYG:Line:RE20,Oslo S-Halden-Göteborg (X-Border),RE20,rail,VYG:ServiceJourney:137_443137-R,True,actual,False,,,,,2026-09-08T00:20:52.129880+02:00
NSR:StopPlace:59647,Dal stasjon,2026-09-07T14:26:00+02:00,2026-09-07T14:30:52+02:00,2026-09-07T14:30:52+02:00,292.0,1,Jessheim,RUT:Line:430,Eidsvoll - Jessheim,430,bus,RUT:ServiceJourney:8df65da5b41caba7dd9e4b47dbf5e95d,True,actual,False,,,,,2026-09-07T15:44:36.205822+02:00
NSR:StopPlace:59653,Haugenstua stasjon,2026-09-07T15:25:00+02:00,2026-09-07T15:29:52+02:00,2026-09-07T15:29:52+02:00,292.0,1,Lillestrøm,VYG:Line:L1,Spikkestad-Oslo S-Lillestrøm,L1,rail,VYG:ServiceJourney:2242_443654-R,True,actual,False,,,,,2026-09-07T15:44:36.205822+02:00
NSR:StopPlace:59650,Nyland stasjon,2026-09-07T06:55:00+02:00,2026-09-07T06:59:52+02:00,2026-09-07T06:59:52+02:00,292.0,1,Oslo lufthavn,NBU:Line:cb7b555c-f96e-42d5-84bf-a5e08c0145c2,Radiumhospitalet via Økern-Storo-Tåsen,FB3,bus,NBU:ServiceJourney:50b0888e-f513-4a8f-8f9e-a7d9726787ce,True,actual,False,,,,,2026-09-07T08:42:24.659182+02:00
NSR:StopPlace:398,Arna stasjon,2026-09-08T00:45:00+02:00,2026-09-08T00:49:51+02:00,2026-09-08T00:49:51+02:00,291.0,1,Voss,VYG:Line:R40,Bergen-Voss-Myrdal-Ål,R40,rail,VYG:ServiceJourney:1838_456880-R,True,actual,False,,,,,2026-09-08T03:39:50.209703+02:00
NSR:StopPlace:313,Høybråten stasjon,2026-09-07T19:27:00+02:00,2026-09-07T19:31:51+02:00,2026-09-07T19:31:51+02:00,291.0,1,Lillestrøm,VYG:Line:L1,Spikkestad-Oslo S-Lillestrøm,L1,rail,VYG:ServiceJourney:2258_443682-R,True,actual,False,,,,,2026-09-07T20:27:16.249662+02:00
NSR:StopPlace:518,Bolstadøyri stasjon,2026-09-07T20:18:00+02:00,2026-09-07T20:22:51+02:00,2026-09-07T20:22:51+02:00,291.0,1,Voss,VYG:Line:R40,Bergen-Voss-Myrdal-Ål,R40,rail,VYG:ServiceJourney:1830_457480-R,True,actual,False,,,,,2026-09-07T20:27:16.249662+02:00
NSR:StopPlace:61251,Øksnavadporten stasjon,2026-09-07T05:25:00+02:00,2026-09-07T05:29:51+02:00,2026-09-07T05:29:51+02:00,291.0,1,Stavanger,GOA:Line:59,Jærbanen,L5,rail,GOA:ServiceJourney:3001_63033-R,True,actual,False,,,,,2026-09-07T08:42:24.659182+02:00
NSR:StopPlace:59647,Dal stasjon,2026-09-07T08:26:00+02:00,2026-09-07T08:30:51+02:00,2026-09-07T08:30:51+02:00,291.0,1,Jessheim,RUT:Line:430,Eidsvoll - Jessheim,430,bus,RUT:ServiceJourney:c1b7f85a63d7879a8ca970d9db9eb1ba,True,actual,False,,,,,2026-09-07T08:42:24.659182+02:00
NSR:StopPlace:58858,Nittedal stasjon,2026-09-07T07:46:00+02:00,2026-09-07T07:50:51+02:00,2026-09-07T07:50:51+02:00,291.0,1,Oslo S,VYG:Line:R31,Skøyen-Jaren-Gjøvik,R31,rail,VYG:ServiceJourney:BUS-246_655577-R,True,actual,False,,,,,2026-09-07T08:42:24.659182+02:00
NSR:StopPlace:62338,Fossum stasjon,2026-09-07T08:25:00+02:00,2026-09-07T08:29:51+02:00,2026-09-07T08:29:51+02:00,291.0,1,Sørumsand,RUT:Line:2632,Grønnbekkveien - Blaker skole - Sørumsand,2632,bus,RUT:ServiceJourney:559142956932d82279c41841c4e37e9d,True,actual,False,,,,,2026-09-07T08:42:24.659182+02:00
NSR:StopPlace:58853,Kolbotn stasjon,2026-09-07T17:37:00+02:00,2026-09-07T17:41:50+02:00,2026-09-07T17:41:50+02:00,290.0,1,Tårnåsen,RUT:Line:83,Jernbanetorget - Tårnåsen,83,bus,RUT:ServiceJourney:70f86acc56ac49dba1ca38dc0fff1861,True,actual,False,Linje 80E og 83 får Hausmanns bru som ny endeholdeplass fra 29. juni,"Bussene stopper ikke på Jernbanetorget etter 29. juni, men starter og stopper på Hausmanns bru i Nylandsveien.",incident,normal,2026-09-07T20:27:16.249662+02:00
NSR:StopPlace:58874,Stokke stasjon,2026-09-07T15:07:00+02:00,2026-09-07T15:11:50+02:00,2026-09-07T15:11:50+02:00,290.0,1,Sørby,VKT:Line:520,Tønsberg-Stokke,520,bus,VKT:ServiceJourney:17241,True,actual,False,,,,,2026-09-07T15:44:36.205822+02:00
NSR:StopPlace:8,Paradis stasjon,2026-09-07T08:28:00+02:00,2026-09-07T08:32:50+02:00,2026-09-07T08:32:50+02:00,290.0,1,Stavanger,GOA:Line:59,Jærbanen,L5,rail,GOA:ServiceJourney:3013_63045-R,True,actual,False,,,,,2026-09-07T08:42:24.659182+02:00
NSR:StopPlace:63079,Skeiane stasjon,2026-09-07T08:12:00+02:00,2026-09-07T08:16:50+02:00,2026-09-07T08:16:50+02:00,290.0,1,Stavanger,GOA:Line:59,Jærbanen,L5,rail,GOA:ServiceJourney:3013_63045-R,True,actual,False,,,,,2026-09-07T08:42:24.659182+02:00
NSR:StopPlace:441,Auli stasjon,2026-09-07T08:15:00+02:00,2026-09-07T08:19:50+02:00,2026-09-07T08:19:50+02:00,290.0,1,Asker,VYG:Line:R14,Asker-Oslo S-Kongsvinger,R14,rail,VYG:ServiceJourney:1008_442913-R,True,actual,False,,,,,2026-09-07T08:42:24.659182+02:00
NSR:StopPlace:702,Sandnes sentrum stasjon,2026-09-07T08:14:00+02:00,2026-09-07T08:18:50+02:00,2026-09-07T08:18:50+02:00,290.0,1,Stavanger,GOA:Line:59,Jærbanen,L5,rail,GOA:ServiceJourney:3013_63045-R,True,actual,False,,,,,2026-09-07T08:42:24.659182+02:00
NSR:StopPlace:61872,Nærbø stasjon,2026-09-07T18:53:00+02:00,2026-09-07T18:57:49+02:00,2026-09-07T18:57:49+02:00,289.0,1,Stavanger,GOA:Line:59,Jærbanen,L5,rail,GOA:ServiceJourney:3057_63110-R,True,actual,False,,,,,2026-09-07T20:27:16.249662+02:00
NSR:StopPlace:58849,Hakadal stasjon,2026-09-07T19:35:00+02:00,2026-09-07T19:39:49+02:00,2026-09-07T19:39:49+02:00,289.0,1,Kongskog,RUT:Line:390,Kongskog/Hellerudhaugen - Oslo bussterminal,390,bus,RUT:ServiceJourney:f2d32e04d5473ae77e70adeb001cf976,True,actual,False,,,,,2026-09-07T20:27:16.249662+02:00
NSR:StopPlace:58854,Langhus stasjon,2026-09-07T18:29:00+02:00,2026-09-07T18:33:49+02:00,2026-09-07T18:33:49+02:00,289.0,1,Bøleråsen,RUT:Line:510,Bøleråsen - Ski - Ås - Drøbak,510,bus,RUT:ServiceJourney:177214fce492a8a61d9dfece5e73ba0d,True,actual,False,,,,,2026-09-07T20:27:16.249662+02:00
NSR:StopPlace:58828,Roa stasjon,2026-09-07T20:05:00+02:00,2026-09-07T20:09:49+02:00,2026-09-07T20:09:49+02:00,289.0,1,Gjøvik,VYG:Line:R31,Skøyen-Jaren-Gjøvik,R31,rail,VYG:ServiceJourney:229-ROA_589352-R,True,actual,False,,,,,2026-09-07T20:27:16.249662+02:00
NSR:StopPlace:101,Sagdalen stasjon,2026-09-07T18:22:00+02:00,2026-09-07T18:26:49+02:00,2026-09-07T18:26:49+02:00,289.0,1,Lillestrøm,VYG:Line:L1,Spikkestad-Oslo S-Lillestrøm,L1,rail,VYG:ServiceJourney:2152_443561-R,True,actual,False,Færre vogner,Denne avgangen kjører dessverre med 4 vogner i stedet for 8 vogner. Dette skyldes at vi mangler et togsett.,general,normal,2026-09-07T20:27:16.249662+02:00
NSR:StopPlace:62393,Billingstad stasjon,2026-09-07T17:52:00+02:00,2026-09-07T17:56:49+02:00,2026-09-07T17:56:49+02:00,289.0,1,Asker,VYG:Line:L1,Spikkestad-Oslo S-Lillestrøm,L1,rail,VYG:ServiceJourney:2149_443557-R,True,actual,False,,,,,2026-09-07T20:27:16.249662+02:00
NSR:StopPlace:58840,Vestfossen stasjon,2026-09-07T15:05:00+02:00,2026-09-07T15:09:49+02:00,2026-09-07T15:09:49+02:00,289.0,1,Kongsberg,VYG:Line:R12,Kongsberg-Oslo S-Eidsvoll,R12,rail,VYG:ServiceJourney:519_444320-R,True,actual,False,,,,,2026-09-07T15:44:36.205822+02:00
NSR:StopPlace:58828,Roa stasjon,2026-09-07T14:40:00+02:00,2026-09-07T14:44:49+02:00,2026-09-07T14:44:49+02:00,289.0,1,Oslo S,VYG:Line:RE30,Oslo S-Gjøvik,RE30,rail,VYG:ServiceJourney:BUS-1220_655050-R,True,actual,False,,,,,2026-09-07T15:44:36.205822+02:00
NSR:StopPlace:58925,Gausel stasjon,2026-09-07T06:23:00+02:00,2026-09-07T06:27:49+02:00,2026-09-07T06:27:49+02:00,289.0,1,Vardenes via UiS-Stavanger,KOL:Line:8_1007,6,6,bus,KOL:ServiceJourney:1007_260729080906593_2004,True,actual,False,,,,,2026-09-07T08:42:24.659182+02:00
NSR:StopPlace:101,Sagdalen stasjon,2026-09-07T06:52:00+02:00,2026-09-07T06:56:49+02:00,2026-09-07T06:56:49+02:00,289.0,1,Lillestrøm,VYG:Line:L1,Spikkestad-Oslo S-Lillestrøm,L1,rail,VYG:ServiceJourney:2106_443510-R,True,actual,False,,,,,2026-09-07T08:42:24.659182+02:00
NSR:StopPlace:206,Mariero stasjon,2026-09-07T08:25:00+02:00,2026-09-07T08:29:49+02:00,2026-09-07T08:29:49+02:00,289.0,1,Stavanger,GOA:Line:59,Jærbanen,L5,rail,GOA:ServiceJourney:3013_63045-R,True,actual,False,,,,,2026-09-07T08:42:24.659182+02:00
NSR:StopPlace:58860,Oppegård stasjon,2026-09-07T22:01:00+02:00,2026-09-07T22:05:48+02:00,2026-09-07T22:05:48+02:00,288.0,1,Kolbotn torg,RUT:Line:580,Kolbotn - Ski,580,bus,RUT:ServiceJourney:06ecfc27831641ad97eb2493f53a2de0,True,actual,False,,,,,2026-09-08T00:20:52.129880+02:00
NSR:StopPlace:41,Hanaborg stasjon,2026-09-07T19:31:00+02:00,2026-09-07T19:35:48+02:00,2026-09-07T19:35:48+02:00,288.0,1,Lillestrøm,VYG:Line:L1,Spikkestad-Oslo S-Lillestrøm,L1,rail,VYG:ServiceJourney:2258_443682-R,True,actual,False,,,,,2026-09-07T20:27:16.249662+02:00
NSR:StopPlace:58836,Mjøndalen stasjon,2026-09-07T17:35:00+02:00,2026-09-07T17:39:48+02:00,2026-09-07T17:39:48+02:00,288.0,1,Kongsberg,VYG:Line:R13,Drammen-Oslo S-Dal,R13,rail,VYG:ServiceJourney:1646_443312-R,True,actual,False,,,,,2026-09-07T20:27:16.249662+02:00
NSR:StopPlace:58854,Langhus stasjon,2026-09-07T17:54:00+02:00,2026-09-07T17:58:48+02:00,2026-09-07T17:58:48+02:00,288.0,1,Drøbak - Seiersten,RUT:Line:510,Bøleråsen - Ski - Ås - Drøbak,510,bus,RUT:ServiceJourney:ee0d08ca53683c1f3a07992dea30a658,True,actual,False,,,,,2026-09-07T20:27:16.249662+02:00
NSR:StopPlace:58812,Os stasjon,2026-09-07T15:28:00+02:00,2026-09-07T15:32:48+02:00,2026-09-07T15:32:48+02:00,288.0,1,Trondheim S,SJN:Line:25,Rørosbanen,R60,rail,SJN:ServiceJourney:2385_30335-R,True,actual,False,,,,,2026-09-07T15:44:36.205822+02:00
NSR:StopPlace:59649,Nydalen stasjon,2026-09-07T07:21:00+02:00,2026-09-07T07:25:48+02:00,2026-09-07T07:25:48+02:00,288.0,1,Brynseng,RUT:Line:24,Fornebu vest - Brynseng T,24,bus,RUT:ServiceJourney:6b16fc2d3b6b7292b014bf4c1c5f8a4a,True,actual,False,,,,,2026-09-07T08:42:24.659182+02:00
NSR:StopPlace:58924,Bryne stasjon,2026-09-07T23:01:00+02:00,2026-09-07T23:05:47+02:00,2026-09-07T23:05:47+02:00,287.0,1,Stavanger,GOA:Line:59,Jærbanen,L5,rail,GOA:ServiceJourney:3073_63135-R,True,actual,False,,,,,2026-09-08T00:20:52.129880+02:00
NSR:StopPlace:222,Myrdal stasjon,2026-09-07T17:04:00+02:00,2026-09-07T17:08:47+02:00,2026-09-07T17:08:47+02:00,287.0,1,Bergen,VYG:Line:F4,Oslo S-Bergen,F4,rail,VYG:ServiceJourney:601-LOD_456939-R,True,actual,False,,,,,2026-09-07T20:27:16.249662+02:00
NSR:StopPlace:58921,Vennesla stasjon,2026-09-07T15:18:00+02:00,2026-09-07T15:22:47+02:00,2026-09-07T15:22:47+02:00,287.0,1,Kristiansand,AKT:Line:31,Kvadraturen - Sødal - Vennesla,31,bus,AKT:ServiceJourney:79690_202_50_108360_111060_3950001,True,actual,False,,,,,2026-09-07T15:44:36.205822+02:00
NSR:StopPlace:58882,Nordagutu stasjon,2026-09-07T13:13:00+02:00,2026-09-07T13:17:47+02:00,2026-09-07T13:17:47+02:00,287.0,1,Stavanger,GOA:Line:50,Sørtoget region,F5,rail,GOA:ServiceJourney:711-LOD_64080-R,True,actual,False,,,,,2026-09-07T15:44:36.205822+02:00
NSR:StopPlace:58950,Åsen stasjon,2026-09-07T08:36:00+02:00,2026-09-07T08:40:47+02:00,2026-09-07T08:40:47+02:00,287.0,1,Lundamo,SJN:Line:26,Trønderbanen,R70,rail,SJN:ServiceJourney:426_56055-R,True,actual,False,,,,,2026-09-07T08:42:24.659182+02:00
NSR:StopPlace:58868,Årnes stasjon,2026-09-07T07:50:00+02:00,2026-09-07T07:54:47+02:00,2026-09-07T07:54:47+02:00,287.0,1,Årnes - Nes vgs.,RUT:Line:450,Årnes - Oslo lufthavn,450,bus,RUT:ServiceJourney:881782169c41a25200c4d8fc52942f6b,True,actual,False,,,,,2026-09-07T08:42:24.659182+02:00
NSR:StopPlace:17,Ringebu stasjon,2026-09-07T21:25:00+02:00,2026-09-07T21:29:46+02:00,2026-09-07T21:29:46+02:00,286.0,1,Dombås,VYG:Line:RE10,Drammen-Oslo S-Lillehammer,RE10,rail,VYG:ServiceJourney:329-SUD_465133-R,True,actual,False,,,,,2026-09-08T00:20:52.129880+02:00
NSR:StopPlace:58857,Lørenskog stasjon,2026-09-07T23:07:00+02:00,2026-09-07T23:11:46+02:00,2026-09-07T23:11:46+02:00,286.0,1,Nesåsen,RUT:Line:120,Nesåsen - Stovner,120,bus,RUT:ServiceJourney:66bf8665c9c7a5b25081110a13968ec2,True,actual,False,,,,,2026-09-08T00:20:52.129880+02:00
NSR:StopPlace:58816,Dombås stasjon,2026-09-07T21:58:00+02:00,2026-09-07T22:02:46+02:00,2026-09-07T22:02:46+02:00,286.0,1,Trondheim S,SJN:Line:21,Dovrebanen,F6,rail,SJN:ServiceJourney:51-LOD_30215-R,True,actual,False,,,,,2026-09-08T00:20:52.129880+02:00
NSR:StopPlace:62380,Røra stasjon,2026-09-07T22:10:00+02:00,2026-09-07T22:14:46+02:00,2026-09-07T22:14:46+02:00,286.0,1,Steinkjer,SJN:Line:26,Trønderbanen,R70,rail,SJN:ServiceJourney:451_56080-R,True,actual,False,,,,,2026-09-08T00:20:52.129880+02:00
NSR:StopPlace:59653,Haugenstua stasjon,2026-09-07T19:10:00+02:00,2026-09-07T19:14:46+02:00,2026-09-07T19:14:46+02:00,286.0,1,Lillestrøm,VYG:Line:L1,Spikkestad-Oslo S-Lillestrøm,L1,rail,VYG:ServiceJourney:2156_443565-R,True,actual,False,,,,,2026-09-07T20:27:16.249662+02:00
NSR:StopPlace:59653,Haugenstua stasjon,2026-09-07T19:25:00+02:00,2026-09-07T19:29:46+02:00,2026-09-07T19:29:46+02:00,286.0,1,Lillestrøm,VYG:Line:L1,Spikkestad-Oslo S-Lillestrøm,L1,rail,VYG:ServiceJourney:2258_443682-R,True,actual,False,,,,,2026-09-07T20:27:16.249662+02:00
NSR:StopPlace:58814,Tolga stasjon,2026-09-07T19:15:00+02:00,2026-09-07T19:19:46+02:00,2026-09-07T19:19:46+02:00,286.0,1,Trondheim S,SJN:Line:25,Rørosbanen,R60,rail,SJN:ServiceJourney:2389_47883-R,True,actual,False,,,,,2026-09-07T20:27:16.249662+02:00
NSR:StopPlace:151,Evanger stasjon,2026-09-07T14:25:00+02:00,2026-09-07T14:29:46+02:00,2026-09-07T14:29:46+02:00,286.0,1,Bergen,VYG:Line:R40,Bergen-Voss-Myrdal-Ål,R40,rail,VYG:ServiceJourney:1823_443410-R,True,actual,False,Forsinket,Toget kjørte 14 minutter forsinket fra Myrdal. Vi venter på passasjerer fra et annet tog.,incident,normal,2026-09-07T15:44:36.205822+02:00
NSR:StopPlace:58924,Bryne stasjon,2026-09-07T08:26:00+02:00,2026-09-07T08:30:46+02:00,2026-09-07T08:30:46+02:00,286.0,1,Stavanger,GOA:Line:59,Jærbanen,L5,rail,GOA:ServiceJourney:3015_63047-R,True,actual,False,,,,,2026-09-07T08:42:24.659182+02:00
NSR:StopPlace:58862,Strømmen stasjon,2026-09-07T06:35:00+02:00,2026-09-07T06:39:46+02:00,2026-09-07T06:39:46+02:00,286.0,1,Lillestrøm,VYG:Line:L1,Spikkestad-Oslo S-Lillestrøm,L1,rail,VYG:ServiceJourney:2206_443594-R,True,actual,False,,,,,2026-09-07T08:42:24.659182+02:00
NSR:StopPlace:58802,Spydeberg stasjon,2026-09-07T07:19:00+02:00,2026-09-07T07:23:46+02:00,2026-09-07T07:23:46+02:00,286.0,1,Spydeberg torv,OST:Line:1_408,Askim-Spydeberg-Svikebøl,408,bus,OST:ServiceJourney:408_260325121473058_2,True,actual,False,,,,,2026-09-07T08:42:24.659182+02:00
NSR:StopPlace:58811,Moelv stasjon,2026-09-07T08:15:00+02:00,2026-09-07T08:19:46+02:00,2026-09-07T08:19:46+02:00,286.0,1,Moelv,INN:Line:610,Næroset - Fossen - Moelv,610,bus,INN:ServiceJourney:83008,True,actual,False,,,,,2026-09-07T08:42:24.659182+02:00
NSR:StopPlace:62392,Slependen stasjon,2026-09-07T07:45:00+02:00,2026-09-07T07:49:46+02:00,2026-09-07T07:49:46+02:00,286.0,1,Lillestrøm,VYG:Line:L1,Spikkestad-Oslo S-Lillestrøm,L1,rail,VYG:ServiceJourney:2214_443607-R,True,actual,False,Færre vogner,Denne avgangen kjører dessverre med 4 vogner i stedet for 8 vogner. Dette skyldes at vi mangler et togsett.,general,normal,2026-09-07T08:42:24.659182+02:00
NSR:StopPlace:60047,Melhus skysstasjon,2026-09-07T22:53:00+02:00,2026-09-07T22:57:45+02:00,2026-09-07T22:57:45+02:00,285.0,1,Hesttrøa via Melhus skysstasjon,ATB:Line:2_82,Hesttrøa-Brekkåsen,82,bus,ATB:ServiceJourney:82_251215112550652_128,True,actual,False,Linje 82 og 504,Avvikende kjøring for linje 82 og 504 pga Hølondvegen er stengt. ,general,normal,2026-09-08T00:20:52.129880+02:00
NSR:StopPlace:59244,Egersund stasjon,2026-09-07T22:09:00+02:00,2026-09-07T22:13:45+02:00,2026-09-07T22:13:45+02:00,285.0,1,Stavanger,GOA:Line:50,Sørtoget region,F5,rail,GOA:ServiceJourney:715-LOD_63248-R,True,actual,False,,,,,2026-09-08T00:20:52.129880+02:00
NSR:StopPlace:62308,Alna stasjon,2026-09-07T21:32:00+02:00,2026-09-07T21:36:45+02:00,2026-09-07T21:36:45+02:00,285.0,1,Spikkestad,VYG:Line:L1,Spikkestad-Oslo S-Lillestrøm,L1,rail,VYG:ServiceJourney:2267_443697-R,True,actual,False,,,,,2026-09-08T00:20:52.129880+02:00
NSR:StopPlace:59244,Egersund stasjon,2026-09-07T17:17:00+02:00,2026-09-07T17:21:45+02:00,2026-09-07T17:21:45+02:00,285.0,1,Oslo S,GOA:Line:50,Sørtoget region,F5,rail,GOA:ServiceJourney:716-STV_63249-R,True,actual,False,,,,,2026-09-07T20:27:16.249662+02:00
NSR:StopPlace:58849,Hakadal stasjon,2026-09-07T20:05:00+02:00,2026-09-07T20:09:45+02:00,2026-09-07T20:09:45+02:00,285.0,1,Kongskog,RUT:Line:390,Kongskog/Hellerudhaugen - Oslo bussterminal,390,bus,RUT:ServiceJourney:83e7d9e11dc8eb27e729385c4ea3ae21,True,actual,False,,,,,2026-09-07T20:27:16.249662+02:00
NSR:StopPlace:61251,Øksnavadporten stasjon,2026-09-07T08:33:00+02:00,2026-09-07T08:37:45+02:00,2026-09-07T08:37:45+02:00,285.0,1,Stavanger,GOA:Line:59,Jærbanen,L5,rail,GOA:ServiceJourney:3015_63047-R,True,actual,False,,,,,2026-09-07T08:42:24.659182+02:00
NSR:StopPlace:61387,Skogn stasjon,2026-09-07T08:33:00+02:00,2026-09-07T08:37:45+02:00,2026-09-07T08:37:45+02:00,285.0,1,Steinkjer,SJN:Line:26,Trønderbanen,R70,rail,SJN:ServiceJourney:425_56054-R,True,actual,False,,,,,2026-09-07T08:42:24.659182+02:00
NSR:StopPlace:59650,Nyland stasjon,2026-09-07T07:10:00+02:00,2026-09-07T07:14:45+02:00,2026-09-07T07:14:45+02:00,285.0,1,Økern,RUT:Line:345,Vestvollen - Økern,345,bus,RUT:ServiceJourney:42f4e3aaf34080ec42938668ffa3a515,True,actual,False,,,,,2026-09-07T08:42:24.659182+02:00
NSR:StopPlace:59957,Klepp stasjon,2026-09-07T08:30:00+02:00,2026-09-07T08:34:45+02:00,2026-09-07T08:34:45+02:00,285.0,1,Stavanger,GOA:Line:59,Jærbanen,L5,rail,GOA:ServiceJourney:3015_63047-R,True,actual,False,,,,,2026-09-07T08:42:24.659182+02:00
NSR:StopPlace:59952,Drammen stasjon,2026-09-07T12:38:00+02:00,2026-09-07T12:42:44+02:00,2026-09-07T12:42:44+02:00,284.0,1,Bergen,VYG:Line:F4,Oslo S-Bergen,F4,rail,VYG:ServiceJourney:601-LOD_456939-R,True,actual,False,,,,,2026-09-07T15:44:36.205822+02:00
NSR:StopPlace:58861,Solbråtan stasjon,2026-09-07T15:15:00+02:00,2026-09-07T15:19:44+02:00,2026-09-07T15:19:44+02:00,284.0,1,Bjørvika,RUT:Line:83,Jernbanetorget - Tårnåsen,83,bus,RUT:ServiceJourney:9de90e18ba24ee31ffaed01bbcf5606b,True,actual,False,Linje 80E og 83 får Hausmanns bru som ny endeholdeplass fra 29. juni,"Bussene stopper ikke på Jernbanetorget etter 29. juni, men starter og stopper på Hausmanns bru i Nylandsveien.",incident,normal,2026-09-07T15:44:36.205822+02:00
NSR:StopPlace:61463,Nordstrand stasjon,2026-09-07T07:22:00+02:00,2026-09-07T07:26:44+02:00,2026-09-07T07:26:44+02:00,284.0,1,Ski,VYG:Line:L2,Stabekk-Oslo S-Ski,L2,rail,VYG:ServiceJourney:2709-HVK_443915-R,True,actual,False,,,,,2026-09-07T08:42:24.659182+02:00
NSR:StopPlace:59244,Egersund stasjon,2026-09-07T08:12:00+02:00,2026-09-07T08:16:44+02:00,2026-09-07T08:16:44+02:00,284.0,1,Lagård,KOL:Line:8_2697,SK0123,SK0123,bus,KOL:ServiceJourney:2697_250903083241514_2000,True,actual,False,,,,,2026-09-07T08:42:24.659182+02:00
NSR:StopPlace:59261,Trondheim lufthavn,2026-09-07T07:04:00+02:00,2026-09-07T07:08:44+02:00,2026-09-07T07:08:44+02:00,284.0,1,Stjørdal stasjon,ATB:Line:2_311,Stjørdal - Trondheim,311,bus,ATB:ServiceJourney:311_260209103451782_5,True,actual,False,Endret tilbud ved Vikelvvegen,Sydgående avkjøringsrampe fra E6 ved Reppe er stengt frem til 21. september. Vikelvvegen og Ranheim fabrikker til sentrum blir ikke betjent av linje 311 i perioden. ,general,normal,2026-09-07T08:42:24.659182+02:00
NSR:StopPlace:58921,Vennesla stasjon,2026-09-07T08:28:00+02:00,2026-09-07T08:32:44+02:00,2026-09-07T08:32:44+02:00,284.0,1,Vennesla - Grovane st. via Moseidmoen,AKT:Line:30,Kvadraturen - Mosby - Vennesl,30,bus,AKT:ServiceJourney:79386_91_49_57600_60240_40001566,True,actual,False,,,,,2026-09-07T08:42:24.659182+02:00
NSR:StopPlace:101,Sagdalen stasjon,2026-09-07T07:52:00+02:00,2026-09-07T07:56:44+02:00,2026-09-07T07:56:44+02:00,284.0,1,Lillestrøm,VYG:Line:L1,Spikkestad-Oslo S-Lillestrøm,L1,rail,VYG:ServiceJourney:2110_443515-R,True,actual,False,,,,,2026-09-07T08:42:24.659182+02:00
NSR:StopPlace:261,Ganddal stasjon,2026-09-07T08:09:00+02:00,2026-09-07T08:13:44+02:00,2026-09-07T08:13:44+02:00,284.0,1,Stavanger,GOA:Line:59,Jærbanen,L5,rail,GOA:ServiceJourney:3013_63045-R,True,actual,False,,,,,2026-09-07T08:42:24.659182+02:00
NSR:StopPlace:58794,Fredrikstad stasjon,2026-09-08T00:15:00+02:00,2026-09-08T00:19:43+02:00,2026-09-08T00:19:43+02:00,283.0,1,Halden,VYG:Line:RE20,Oslo S-Halden-Göteborg (X-Border),RE20,rail,VYG:ServiceJourney:137_443137-R,True,actual,False,,,,,2026-09-08T00:20:52.129880+02:00
NSR:StopPlace:58855,Leirsund stasjon,2026-09-07T23:25:00+02:00,2026-09-07T23:29:43+02:00,2026-09-07T23:29:43+02:00,283.0,1,Drammen,VYG:Line:R13,Drammen-Oslo S-Dal,R13,rail,VYG:ServiceJourney:1674_481183-R,True,actual,False,,,,,2026-09-08T00:20:52.129880+02:00
NSR:StopPlace:58855,Leirsund stasjon,2026-09-07T16:25:00+02:00,2026-09-07T16:29:43+02:00,2026-09-07T16:29:43+02:00,283.0,1,Kongsberg,VYG:Line:R13,Drammen-Oslo S-Dal,R13,rail,VYG:ServiceJourney:1646_443312-R,True,actual,False,,,,,2026-09-07T20:27:16.249662+02:00
NSR:StopPlace:628,Darbu stasjon,2026-09-07T17:47:00+02:00,2026-09-07T17:51:43+02:00,2026-09-07T17:51:43+02:00,283.0,1,Eidsvoll,VYG:Line:R12,Kongsberg-Oslo S-Eidsvoll,R12,rail,VYG:ServiceJourney:528_444335-R,True,actual,False,,,,,2026-09-07T20:27:16.249662+02:00
NSR:StopPlace:62310,Brusand stasjon,2026-09-07T18:35:00+02:00,2026-09-07T18:39:43+02:00,2026-09-07T18:39:43+02:00,283.0,1,Stavanger,GOA:Line:59,Jærbanen,L5,rail,GOA:ServiceJourney:3057_63110-R,True,actual,False,,,,,2026-09-07T20:27:16.249662+02:00
NSR:StopPlace:60047,Melhus skysstasjon,2026-09-07T14:23:00+02:00,2026-09-07T14:27:43+02:00,2026-09-07T14:27:43+02:00,283.0,1,Hesttrøa via Melhus skysstasjon,ATB:Line:2_82,Hesttrøa-Brekkåsen,82,bus,ATB:ServiceJourney:82_251215112552063_64,True,actual,False,Linje 82 og 504,Avvikende kjøring for linje 82 og 504 pga Hølondvegen er stengt. ,general,normal,2026-09-07T15:44:36.205822+02:00
NSR:StopPlace:58924,Bryne stasjon,2026-09-07T14:32:00+02:00,2026-09-07T14:36:43+02:00,2026-09-07T14:36:43+02:00,283.0,1,Undheim,KOL:Line:8_2021,56,56,bus,KOL:ServiceJourney:2021_250903083243569_1001,True,actual,False,,,,,2026-09-07T15:44:36.205822+02:00
NSR:StopPlace:58805,Brumunddal stasjon,2026-09-07T14:03:00+02:00,2026-09-07T14:07:43+02:00,2026-09-07T14:07:43+02:00,283.0,1,Lillehammer,VYG:Line:RE10,Drammen-Oslo S-Lillehammer,RE10,rail,VYG:ServiceJourney:317-SUD_444183-R,True,actual,False,,,,,2026-09-07T15:44:36.205822+02:00
NSR:StopPlace:63079,Skeiane stasjon,2026-09-07T14:41:00+02:00,2026-09-07T14:45:43+02:00,2026-09-07T14:45:43+02:00,283.0,1,Stavanger,GOA:Line:59,Jærbanen,L5,rail,GOA:ServiceJourney:3039_63078-R,True,actual,False,,,,,2026-09-07T15:44:36.205822+02:00
NSR:StopPlace:59638,Myrvoll stasjon,2026-09-07T07:05:00+02:00,2026-09-07T07:09:43+02:00,2026-09-07T07:09:43+02:00,283.0,1,Fornebu,RUT:Line:81,Fornebu - Myrvoll stasjon,81,bus,RUT:ServiceJourney:35f8b968cc7808304315b270c56789f3,True,actual,False,,,,,2026-09-07T08:42:24.659182+02:00
NSR:StopPlace:58862,Strømmen stasjon,2026-09-07T08:13:00+02:00,2026-09-07T08:17:43+02:00,2026-09-07T08:17:43+02:00,283.0,1,Lørenskog sentrum,RUT:Line:385,Nittedal stasjon - Olavsgaard - Ahus,385,bus,RUT:ServiceJourney:b101c04a6b03b9e3eedf09a84f5b98f4,True,actual,False,,,,,2026-09-07T08:42:24.659182+02:00
NSR:StopPlace:58963,Jessheim stasjon,2026-09-07T22:28:00+02:00,2026-09-07T22:32:42+02:00,2026-09-07T22:32:42+02:00,282.0,1,Nordkisa,RUT:Line:440,Fenstad/Nordkisa - Oslo lufthavn,440,bus,RUT:ServiceJourney:cf430ca6f159a06d5cb8025c1a589a27,True,actual,False,,,,,2026-09-08T00:20:52.129880+02:00
NSR:StopPlace:59649,Nydalen stasjon,2026-09-07T18:04:00+02:00,2026-09-07T18:08:42+02:00,2026-09-07T18:08:42+02:00,282.0,1,Jaren,VYG:Line:R31,Skøyen-Jaren-Gjøvik,R31,rail,VYG:ServiceJourney:BUS-247_655584-R,True,actual,False,,,,,2026-09-07T20:27:16.249662+02:00
NSR:StopPlace:62379,Bergsgrav stasjon,2026-09-07T19:53:00+02:00,2026-09-07T19:57:42+02:00,2026-09-07T19:57:42+02:00,282.0,1,Steinkjer,SJN:Line:26,Trønderbanen,R70,rail,SJN:ServiceJourney:447_56076-R,True,actual,False,,,,,2026-09-07T20:27:16.249662+02:00
NSR:StopPlace:59650,Nyland stasjon,2026-09-07T14:31:00+02:00,2026-09-07T14:35:42+02:00,2026-09-07T14:35:42+02:00,282.0,1,Økern,RUT:Line:345,Vestvollen - Økern,345,bus,RUT:ServiceJourney:f281630af8da44e468a50c76c9ed52d7,True,actual,False,,,,,2026-09-07T15:44:36.205822+02:00
NSR:StopPlace:58930,Larvik stasjon,2026-09-07T07:16:00+02:00,2026-09-07T07:20:42+02:00,2026-09-07T07:20:42+02:00,282.0,1,Skien,VYG:Line:RE11,Eidsvoll-Oslo S-Skien,RE11,rail,VYG:ServiceJourney:873_444433-R,True,actual,False,,,,,2026-09-07T08:42:24.659182+02:00
NSR:StopPlace:61251,Øksnavadporten stasjon,2026-09-07T22:34:00+02:00,2026-09-07T22:38:41+02:00,2026-09-07T22:38:41+02:00,281.0,1,Stavanger,GOA:Line:59,Jærbanen,L5,rail,GOA:ServiceJourney:3071_63132-R,True,actual,False,,,,,2026-09-08T00:20:52.129880+02:00
NSR:StopPlace:59957,Klepp stasjon,2026-09-07T22:31:00+02:00,2026-09-07T22:35:41+02:00,2026-09-07T22:35:41+02:00,281.0,1,Stavanger,GOA:Line:59,Jærbanen,L5,rail,GOA:ServiceJourney:3071_63132-R,True,actual,False,,,,,2026-09-08T00:20:52.129880+02:00
NSR:StopPlace:58834,Hokksund stasjon,2026-09-07T15:35:00+02:00,2026-09-07T15:39:41+02:00,2026-09-07T15:39:41+02:00,281.0,1,Ormåsen,BRA:Line:4_6117,Hokksund - Ormåsen,117,bus,BRA:ServiceJourney:6117_260622052302367_1019,True,actual,False,,,,,2026-09-07T15:44:36.205822+02:00
NSR:StopPlace:60603,Kongsberg stasjon,2026-09-07T06:11:00+02:00,2026-09-07T06:15:41+02:00,2026-09-07T06:15:41+02:00,281.0,1,Oslo S,GOA:Line:50,Sørtoget region,F5,rail,GOA:ServiceJourney:726-KVB_63257-R,True,actual,False,,,,,2026-09-07T08:42:24.659182+02:00
NSR:StopPlace:59636,Holmlia stasjon,2026-09-07T06:10:00+02:00,2026-09-07T06:14:41+02:00,2026-09-07T06:14:41+02:00,281.0,1,Grorud T,RUT:Line:79,Grorud T - Åsbråten,79,bus,RUT:ServiceJourney:fa3af8d494088b12f40a3946287d037a,True,actual,False,,,,,2026-09-07T08:42:24.659182+02:00
NSR:StopPlace:58847,Frogner stasjon,2026-09-07T07:10:00+02:00,2026-09-07T07:14:41+02:00,2026-09-07T07:14:41+02:00,281.0,1,Sørumsand,RUT:Line:365,Sørumsand - Frogner - Skedsmokorset,365,bus,RUT:ServiceJourney:e37feb0419f072629460ca6d50274a4b,True,actual,False,,,,,2026-09-07T08:42:24.659182+02:00
NSR:StopPlace:63079,Skeiane stasjon,2026-09-07T08:12:00+02:00,2026-09-07T08:16:41+02:00,2026-09-07T08:16:41+02:00,281.0,1,Egersund,GOA:Line:59,Jærbanen,L5,rail,GOA:ServiceJourney:3016_63048-R,True,actual,False,,,,,2026-09-07T08:42:24.659182+02:00
NSR:StopPlace:61169,Marienborg stasjon,2026-09-07T22:25:00+02:00,2026-09-07T22:29:40+02:00,2026-09-07T22:29:40+02:00,280.0,1,Sandmoen via Flatåsen,ATB:Line:2_23,Brattøra - St. Olavs - Hallset - Flatåsen - Sandmoen,23,bus,ATB:ServiceJourney:23_251215112545476_128,True,actual,False,,,,,2026-09-08T00:20:52.129880+02:00
NSR:StopPlace:58855,Leirsund stasjon,2026-09-07T23:55:00+02:00,2026-09-07T23:59:40+02:00,2026-09-07T23:59:40+02:00,280.0,1,Drammen,VYG:Line:R13,Drammen-Oslo S-Dal,R13,rail,VYG:ServiceJourney:1676_443378-R,True,actual,False,,,,,2026-09-08T00:20:52.129880+02:00
NSR:StopPlace:41,Hanaborg stasjon,2026-09-07T19:16:00+02:00,2026-09-07T19:20:40+02:00,2026-09-07T19:20:40+02:00,280.0,1,Lillestrøm,VYG:Line:L1,Spikkestad-Oslo S-Lillestrøm,L1,rail,VYG:ServiceJourney:2156_443565-R,True,actual,False,,,,,2026-09-07T20:27:16.249662+02:00
NSR:StopPlace:59641,Fjellhamar stasjon,2026-09-07T19:33:00+02:00,2026-09-07T19:37:40+02:00,2026-09-07T19:37:40+02:00,280.0,1,Lillestrøm,VYG:Line:L1,Spikkestad-Oslo S-Lillestrøm,L1,rail,VYG:ServiceJourney:2258_443682-R,True,actual,False,,,,,2026-09-07T20:27:16.249662+02:00
NSR:StopPlace:58795,Kambo stasjon,2026-09-07T18:26:00+02:00,2026-09-07T18:30:40+02:00,2026-09-07T18:30:40+02:00,280.0,1,Moss,RUT:Line:540,Moss - Son - Vestby stasjon,540,bus,RUT:ServiceJourney:a35a9055be7e24d64667d6d2aea274f1,True,actual,False,,,,,2026-09-07T20:27:16.249662+02:00
NSR:StopPlace:708,Stange stasjon,2026-09-07T19:37:00+02:00,2026-09-07T19:41:40+02:00,2026-09-07T19:41:40+02:00,280.0,1,Dombås,VYG:Line:RE10,Drammen-Oslo S-Lillehammer,RE10,rail,VYG:ServiceJourney:329-SUD_465133-R,True,actual,False,,,,,2026-09-07T20:27:16.249662+02:00
NSR:StopPlace:61872,Nærbø stasjon,2026-09-07T14:32:00+02:00,2026-09-07T14:36:40+02:00,2026-09-07T14:36:40+02:00,280.0,1,Egersund,GOA:Line:59,Jærbanen,L5,rail,GOA:ServiceJourney:3040_63080-R,True,actual,False,,,,,2026-09-07T15:44:36.205822+02:00
NSR:StopPlace:58840,Vestfossen stasjon,2026-09-07T13:53:00+02:00,2026-09-07T13:57:40+02:00,2026-09-07T13:57:40+02:00,280.0,1,Eidsvoll,VYG:Line:R12,Kongsberg-Oslo S-Eidsvoll,R12,rail,VYG:ServiceJourney:520_444322-R,True,actual,False,,,,,2026-09-07T15:44:36.205822+02:00
NSR:StopPlace:362,Jåttåvågen stasjon,2026-09-07T14:51:00+02:00,2026-09-07T14:55:40+02:00,2026-09-07T14:55:40+02:00,280.0,1,Stavanger,GOA:Line:59,Jærbanen,L5,rail,GOA:ServiceJourney:3039_63078-R,True,actual,False,,,,,2026-09-07T15:44:36.205822+02:00
NSR:StopPlace:61169,Marienborg stasjon,2026-09-07T07:58:00+02:00,2026-09-07T08:02:40+02:00,2026-09-07T08:02:40+02:00,280.0,1,Sandmoen via Flatåsen,ATB:Line:2_23,Brattøra - St. Olavs - Hallset - Flatåsen - Sandmoen,23,bus,ATB:ServiceJourney:23_251215112545507_20,True,actual,False,,,,,2026-09-07T08:42:24.659182+02:00
NSR:StopPlace:62380,Røra stasjon,2026-09-07T06:20:00+02:00,2026-09-07T06:24:40+02:00,2026-09-07T06:24:40+02:00,280.0,1,Lerkendal,SJN:Line:26,Trønderbanen,R70,rail,SJN:ServiceJourney:1762_55816-R,True,actual,False,,,,,2026-09-07T08:42:24.659182+02:00
NSR:StopPlace:58846,Fetsund stasjon,2026-09-07T23:37:00+02:00,2026-09-07T23:41:39+02:00,2026-09-07T23:41:39+02:00,279.0,1,Asker,VYG:Line:R14,Asker-Oslo S-Kongsvinger,R14,rail,VYG:ServiceJourney:1038_442950-R,True,actual,False,,,,,2026-09-08T00:20:52.129880+02:00
NSR:StopPlace:58847,Frogner stasjon,2026-09-07T23:51:00+02:00,2026-09-07T23:55:39+02:00,2026-09-07T23:55:39+02:00,279.0,1,Drammen,VYG:Line:R13,Drammen-Oslo S-Dal,R13,rail,VYG:ServiceJourney:1676_443378-R,True,actual,False,,,,,2026-09-08T00:20:52.129880+02:00
NSR:StopPlace:58857,Lørenskog stasjon,2026-09-07T22:59:00+02:00,2026-09-07T23:03:39+02:00,2026-09-07T23:03:39+02:00,279.0,1,Lillestrøm,VYG:Line:L1,Spikkestad-Oslo S-Lillestrøm,L1,rail,VYG:ServiceJourney:2272_465117-R,True,actual,False,,,,,2026-09-08T00:20:52.129880+02:00
NSR:StopPlace:313,Høybråten stasjon,2026-09-07T22:57:00+02:00,2026-09-07T23:01:39+02:00,2026-09-07T23:01:39+02:00,279.0,1,Lillestrøm,VYG:Line:L1,Spikkestad-Oslo S-Lillestrøm,L1,rail,VYG:ServiceJourney:2272_465117-R,True,actual,False,,,,,2026-09-08T00:20:52.129880+02:00
NSR:StopPlace:61464,Hvalstad stasjon,2026-09-07T17:55:00+02:00,2026-09-07T17:59:39+02:00,2026-09-07T17:59:39+02:00,279.0,1,Asker,VYG:Line:L1,Spikkestad-Oslo S-Lillestrøm,L1,rail,VYG:ServiceJourney:2149_443557-R,True,actual,False,,,,,2026-09-07T20:27:16.249662+02:00
NSR:StopPlace:59641,Fjellhamar stasjon,2026-09-07T19:18:00+02:00,2026-09-07T19:22:39+02:00,2026-09-07T19:22:39+02:00,279.0,1,Lillestrøm,VYG:Line:L1,Spikkestad-Oslo S-Lillestrøm,L1,rail,VYG:ServiceJourney:2156_443565-R,True,actual,False,,,,,2026-09-07T20:27:16.249662+02:00
NSR:StopPlace:60053,Halden stasjon,2026-09-07T20:03:00+02:00,2026-09-07T20:07:39+02:00,2026-09-07T20:07:39+02:00,279.0,1,Halden sentrum,OST:Line:1_33,Tistedal-Vold skog,33,bus,OST:ServiceJourney:33_260325121472227_27,True,actual,False,,,,,2026-09-07T20:27:16.249662+02:00
NSR:StopPlace:58963,Jessheim stasjon,2026-09-07T17:51:00+02:00,2026-09-07T17:55:39+02:00,2026-09-07T17:55:39+02:00,279.0,1,Dal,VYG:Line:R13,Drammen-Oslo S-Dal,R13,rail,VYG:ServiceJourney:1649_443318-R,True,actual,False,,,,,2026-09-07T20:27:16.249662+02:00
NSR:StopPlace:58846,Fetsund stasjon,2026-09-07T18:37:00+02:00,2026-09-07T18:41:39+02:00,2026-09-07T18:41:39+02:00,279.0,1,Asker,VYG:Line:R14,Asker-Oslo S-Kongsvinger,R14,rail,VYG:ServiceJourney:1028_442938-R,True,actual,False,,,,,2026-09-07T20:27:16.249662+02:00
NSR:StopPlace:58852,Høn stasjon,2026-09-07T18:06:00+02:00,2026-09-07T18:10:39+02:00,2026-09-07T18:10:39+02:00,279.0,1,Lillestrøm,VYG:Line:L1,Spikkestad-Oslo S-Lillestrøm,L1,rail,VYG:ServiceJourney:2256_445354-R,True,actual,False,,,,,2026-09-07T20:27:16.249662+02:00
NSR:StopPlace:58843,Blommenholm stasjon,2026-09-07T07:50:00+02:00,2026-09-07T07:54:39+02:00,2026-09-07T07:54:39+02:00,279.0,1,Lillestrøm,VYG:Line:L1,Spikkestad-Oslo S-Lillestrøm,L1,rail,VYG:ServiceJourney:2214_443607-R,True,actual,False,Færre vogner,Denne avgangen kjører dessverre med 4 vogner i stedet for 8 vogner. Dette skyldes at vi mangler et togsett.,general,normal,2026-09-07T08:42:24.659182+02:00
NSR:StopPlace:58868,Årnes stasjon,2026-09-07T07:54:00+02:00,2026-09-07T07:58:39+02:00,2026-09-07T07:58:39+02:00,279.0,1,Runni,RUT:Line:455,Årnes -Rånåsfoss,455,bus,RUT:ServiceJourney:d793614a3dbd2a0a565b4d3d70faa3ba,True,actual,False,,,,,2026-09-07T08:42:24.659182+02:00
NSR:StopPlace:58829,Stryken stasjon,2026-09-07T06:29:00+02:00,2026-09-07T06:33:39+02:00,2026-09-07T06:33:39+02:00,279.0,1,Oslo,INN:Line:126,Dokka-Hov-Brandbu-Oslo,126,bus,INN:ServiceJourney:68044,True,actual,False,,,,,2026-09-07T08:42:24.659182+02:00
NSR:StopPlace:58852,Høn stasjon,2026-09-08T00:36:30+02:00,2026-09-08T00:41:08+02:00,2026-09-08T00:41:08+02:00,278.0,1,Lillestrøm,VYG:Line:L1,Spikkestad-Oslo S-Lillestrøm,L1,rail,VYG:ServiceJourney:2282_443722-R,True,actual,False,,,,,2026-09-08T03:39:50.209703+02:00
NSR:StopPlace:58858,Nittedal stasjon,2026-09-07T23:34:00+02:00,2026-09-07T23:38:38+02:00,2026-09-07T23:38:38+02:00,278.0,1,Jaren,VYG:Line:R31,Skøyen-Jaren-Gjøvik,R31,rail,VYG:ServiceJourney:BUS-237_655493-R,True,actual,False,,,,,2026-09-08T00:20:52.129880+02:00
NSR:StopPlace:62094,Lindeberg stasjon,2026-09-07T22:18:00+02:00,2026-09-07T22:22:38+02:00,2026-09-07T22:22:38+02:00,278.0,1,Drammen,VYG:Line:R13,Drammen-Oslo S-Dal,R13,rail,VYG:ServiceJourney:1670_481178-R,True,actual,False,,,,,2026-09-08T00:20:52.129880+02:00
NSR:StopPlace:59648,Kjelsås stasjon,2026-09-07T18:02:00+02:00,2026-09-07T18:06:38+02:00,2026-09-07T18:06:38+02:00,278.0,1,Movatn,VYG:Line:R31,Skøyen-Jaren-Gjøvik,R31,rail,VYG:ServiceJourney:BUS-247_655583-R,True,actual,False,,,,,2026-09-07T20:27:16.249662+02:00
NSR:StopPlace:58873,Skoppum stasjon,2026-09-07T17:45:00+02:00,2026-09-07T17:49:38+02:00,2026-09-07T17:49:38+02:00,278.0,1,Horten rutebilstasjon,VKT:Line:411,Horten-Skoppum stasjon,411,bus,VKT:ServiceJourney:133308,True,actual,False,Forsinkelser Linje 2 og 411 | Kjører ikke Storgata i Horten,Pga. veiarbeid i Horten sentrum vil det kunne oppstå forsinkelser på busser i tidsrommet 3.-11. september.  | 7.-9. september: Bussene vil ikke kjøre Storgata. Benytt holdeplassene Peders gate eller Horten rb.st. Se vkt.no/avvik Det vil oppstå forsinkelser. ,incident | general,normal | normal,2026-09-07T20:27:16.249662+02:00
NSR:StopPlace:61251,Øksnavadporten stasjon,2026-09-07T14:18:00+02:00,2026-09-07T14:22:38+02:00,2026-09-07T14:22:38+02:00,278.0,1,Egersund,GOA:Line:59,Jærbanen,L5,rail,GOA:ServiceJourney:3040_63080-R,True,actual,False,,,,,2026-09-07T15:44:36.205822+02:00
NSR:StopPlace:261,Ganddal stasjon,2026-09-07T14:14:00+02:00,2026-09-07T14:18:38+02:00,2026-09-07T14:18:38+02:00,278.0,1,Egersund,GOA:Line:59,Jærbanen,L5,rail,GOA:ServiceJourney:3040_63080-R,True,actual,False,,,,,2026-09-07T15:44:36.205822+02:00
NSR:StopPlace:8,Paradis stasjon,2026-09-07T07:48:00+02:00,2026-09-07T07:52:38+02:00,2026-09-07T07:52:38+02:00,278.0,1,Stavanger,GOA:Line:59,Jærbanen,L5,rail,GOA:ServiceJourney:3009_63041-R,True,actual,False,,,,,2026-09-07T08:42:24.659182+02:00
NSR:StopPlace:58861,Solbråtan stasjon,2026-09-07T08:00:00+02:00,2026-09-07T08:04:38+02:00,2026-09-07T08:04:38+02:00,278.0,1,Bjørvika,RUT:Line:83,Jernbanetorget - Tårnåsen,83,bus,RUT:ServiceJourney:1b84a8f3e6ef19e694f0828a0a76ef3c,True,actual,False,Linje 80E og 83 får Hausmanns bru som ny endeholdeplass fra 29. juni,"Bussene stopper ikke på Jernbanetorget etter 29. juni, men starter og stopper på Hausmanns bru i Nylandsveien.",incident,normal,2026-09-07T08:42:24.659182+02:00
NSR:StopPlace:58818,Gran stasjon,2026-09-07T05:42:00+02:00,2026-09-07T05:46:38+02:00,2026-09-07T05:46:38+02:00,278.0,1,Oslo S,VYG:Line:R31,Skøyen-Jaren-Gjøvik,R31,rail,VYG:ServiceJourney:BUS-244_655558-R,True,actual,False,,,,,2026-09-07T08:42:24.659182+02:00
NSR:StopPlace:101,Sagdalen stasjon,2026-09-07T22:22:00+02:00,2026-09-07T22:26:37+02:00,2026-09-07T22:26:37+02:00,277.0,1,Lillestrøm,VYG:Line:L1,Spikkestad-Oslo S-Lillestrøm,L1,rail,VYG:ServiceJourney:2168_443578-R,True,actual,False,,,,,2026-09-08T00:20:52.129880+02:00
NSR:StopPlace:58952,Bodø stasjon,2026-09-07T08:25:00+02:00,2026-09-07T08:29:37+02:00,2026-09-07T08:29:37+02:00,277.0,1,Løpsmarka,NOR:Line:12_8004,Tverlandet - Bodø sentrum - Løpsmarka,4,bus,NOR:ServiceJourney:8004_251012124900594_2007,True,actual,False,,,,,2026-09-07T08:42:24.659182+02:00
NSR:StopPlace:58884,Skien stasjon,2026-09-07T08:20:00+02:00,2026-09-07T08:24:37+02:00,2026-09-07T08:24:37+02:00,277.0,1,Seljord,TEL:Line:8181,Seljord-Bø-Skien,R1,bus,TEL:ServiceJourney:127087,True,actual,False,,,,,2026-09-07T08:42:24.659182+02:00
NSR:StopPlace:58805,Brumunddal stasjon,2026-09-07T08:03:00+02:00,2026-09-07T08:07:37+02:00,2026-09-07T08:07:37+02:00,277.0,1,Lillehammer,VYG:Line:RE10,Drammen-Oslo S-Lillehammer,RE10,rail,VYG:ServiceJourney:305-SUD_444133-R,True,actual,False,,,,,2026-09-07T08:42:24.659182+02:00
NSR:StopPlace:58848,Haga stasjon,2026-09-07T23:14:00+02:00,2026-09-07T23:18:36+02:00,2026-09-07T23:18:36+02:00,276.0,1,Asker,VYG:Line:R14,Asker-Oslo S-Kongsvinger,R14,rail,VYG:ServiceJourney:1038_442950-R,True,actual,False,,,,,2026-09-08T00:20:52.129880+02:00
NSR:StopPlace:610,Sandvika stasjon,2026-09-07T22:25:00+02:00,2026-09-07T22:29:36+02:00,2026-09-07T22:29:36+02:00,276.0,1,Dal,VYG:Line:R13,Drammen-Oslo S-Dal,R13,rail,VYG:ServiceJourney:1671_443365-R,True,actual,False,,,,,2026-09-08T00:20:52.129880+02:00
NSR:StopPlace:59957,Klepp stasjon,2026-09-07T18:22:00+02:00,2026-09-07T18:26:36+02:00,2026-09-07T18:26:36+02:00,276.0,1,Egersund,GOA:Line:59,Jærbanen,L5,rail,GOA:ServiceJourney:3056_63108-R,True,actual,False,,,,,2026-09-07T20:27:16.249662+02:00
NSR:StopPlace:58853,Kolbotn stasjon,2026-09-07T17:19:00+02:00,2026-09-07T17:23:36+02:00,2026-09-07T17:23:36+02:00,276.0,1,Bjørvika,RUT:Line:83,Jernbanetorget - Tårnåsen,83,bus,RUT:ServiceJourney:2dc2ce3b100d8fe631aeaffd5666d37f,True,actual,False,Linje 80E og 83 får Hausmanns bru som ny endeholdeplass fra 29. juni,"Bussene stopper ikke på Jernbanetorget etter 29. juni, men starter og stopper på Hausmanns bru i Nylandsveien.",incident,normal,2026-09-07T20:27:16.249662+02:00
NSR:StopPlace:58924,Bryne stasjon,2026-09-07T14:26:00+02:00,2026-09-07T14:30:36+02:00,2026-09-07T14:30:36+02:00,276.0,1,Egersund,GOA:Line:59,Jærbanen,L5,rail,GOA:ServiceJourney:3040_63080-R,True,actual,False,,,,,2026-09-07T15:44:36.205822+02:00
NSR:StopPlace:58886,Arendal stasjon,2026-09-07T15:10:00+02:00,2026-09-07T15:14:36+02:00,2026-09-07T15:14:36+02:00,276.0,1,Sykehuset via Arendal sentrum,AKT:Line:111,Sykehuset-Arendal-Solåsen,111,bus,AKT:ServiceJourney:73598_181_33_106440_108540_40001010,True,actual,False,,,,,2026-09-07T15:44:36.205822+02:00
NSR:StopPlace:58872,Sandefjord stasjon,2026-09-07T07:03:00+02:00,2026-09-07T07:07:36+02:00,2026-09-07T07:07:36+02:00,276.0,1,Skien,VYG:Line:RE11,Eidsvoll-Oslo S-Skien,RE11,rail,VYG:ServiceJourney:873_444433-R,True,actual,False,,,,,2026-09-07T08:42:24.659182+02:00
NSR:StopPlace:58886,Arendal stasjon,2026-09-07T08:24:00+02:00,2026-09-07T08:28:36+02:00,2026-09-07T08:28:36+02:00,276.0,1,Tromøy Øst via Tromøy kirkevei,AKT:Line:102,Tromøy Øst-Arendal-Rykene,102,bus,AKT:ServiceJourney:72053_52_71_57000_60420_40000975,True,actual,False,,,,,2026-09-07T08:42:24.659182+02:00
NSR:StopPlace:206,Mariero stasjon,2026-09-07T07:45:00+02:00,2026-09-07T07:49:36+02:00,2026-09-07T07:49:36+02:00,276.0,1,Stavanger,GOA:Line:59,Jærbanen,L5,rail,GOA:ServiceJourney:3009_63041-R,True,actual,False,,,,,2026-09-07T08:42:24.659182+02:00
NSR:StopPlace:58834,Hokksund stasjon,2026-09-07T15:00:00+02:00,2026-09-07T15:04:35+02:00,2026-09-07T15:04:35+02:00,275.0,1,Kongsberg,VYG:Line:R12,Kongsberg-Oslo S-Eidsvoll,R12,rail,VYG:ServiceJourney:519_444320-R,True,actual,False,,,,,2026-09-07T15:44:36.205822+02:00
NSR:StopPlace:58952,Bodø stasjon,2026-09-07T23:55:00+02:00,2026-09-07T23:59:34+02:00,2026-09-07T23:59:34+02:00,274.0,1,Løpsmarka,NOR:Line:12_8004,Tverlandet - Bodø sentrum - Løpsmarka,4,bus,NOR:ServiceJourney:8004_251012124900627_2040,True,actual,False,,,,,2026-09-08T00:20:52.129880+02:00
NSR:StopPlace:59652,Tøyen stasjon,2026-09-07T14:15:00+02:00,2026-09-07T14:19:34+02:00,2026-09-07T14:19:34+02:00,274.0,1,Vippetangen,RUT:Line:60,Vippetangen-Tonsenhagen,60,bus,RUT:ServiceJourney:18303aaa6c6c00e36ed4e55ff03f3bfe,True,actual,False,,,,,2026-09-07T15:44:36.205822+02:00
NSR:StopPlace:58839,Steinberg stasjon,2026-09-07T15:24:00+02:00,2026-09-07T15:28:34+02:00,2026-09-07T15:28:34+02:00,274.0,1,Hokksund,BRA:Line:4_6101,Drammen-Vikersund/Hønefoss,101,bus,BRA:ServiceJourney:6101_260415100161216_1033,True,actual,False,,,,,2026-09-07T15:44:36.205822+02:00
NSR:StopPlace:59650,Nyland stasjon,2026-09-07T07:42:00+02:00,2026-09-07T07:46:34+02:00,2026-09-07T07:46:34+02:00,274.0,1,Økern,RUT:Line:67,Økern-Lørenskog sentrum,67,bus,RUT:ServiceJourney:67ce6d55d4633f6900ac681a898621ed,True,actual,False,,,,,2026-09-07T08:42:24.659182+02:00
NSR:StopPlace:699,Tynset stasjon,2026-09-07T04:57:00+02:00,2026-09-07T05:01:34+02:00,2026-09-07T05:01:34+02:00,274.0,1,Hamar,SJN:Line:25,Rørosbanen,R60,rail,SJN:ServiceJourney:2378_30115-R,True,actual,False,,,,,2026-09-07T08:42:24.659182+02:00
NSR:StopPlace:60078,Kongsvoll stasjon,2026-09-07T22:30:00+02:00,2026-09-07T22:34:33+02:00,2026-09-07T22:34:33+02:00,273.0,1,Trondheim S,SJN:Line:21,Dovrebanen,F6,rail,SJN:ServiceJourney:51-LOD_30215-R,True,actual,False,,,,,2026-09-08T00:20:52.129880+02:00
NSR:StopPlace:62339,Lillestrøm stasjon,2026-09-07T21:36:00+02:00,2026-09-07T21:40:33+02:00,2026-09-07T21:40:33+02:00,273.0,1,Drammen,VYG:Line:R13,Drammen-Oslo S-Dal,R13,rail,VYG:ServiceJourney:1666_443356-R,True,actual,False,Heis i spor 1 og 2 er ute av bruk på grunn av vedlikehold.,Heis i spor 1 og 2 er ute av bruk på grunn av vedlikehold.,general,normal,2026-09-08T00:20:52.129880+02:00
NSR:StopPlace:62379,Bergsgrav stasjon,2026-09-07T22:05:00+02:00,2026-09-07T22:09:33+02:00,2026-09-07T22:09:33+02:00,273.0,1,Støren,SJN:Line:26,Trønderbanen,R70,rail,SJN:ServiceJourney:454_56083-R,True,actual,False,,,,,2026-09-08T00:20:52.129880+02:00
NSR:StopPlace:60271,Varhaug stasjon,2026-09-07T18:46:00+02:00,2026-09-07T18:50:33+02:00,2026-09-07T18:50:33+02:00,273.0,1,Stavanger,GOA:Line:59,Jærbanen,L5,rail,GOA:ServiceJourney:3057_63110-R,True,actual,False,,,,,2026-09-07T20:27:16.249662+02:00
NSR:StopPlace:58840,Vestfossen stasjon,2026-09-07T17:53:00+02:00,2026-09-07T17:57:33+02:00,2026-09-07T17:57:33+02:00,273.0,1,Eidsvoll,VYG:Line:R12,Kongsberg-Oslo S-Eidsvoll,R12,rail,VYG:ServiceJourney:528_444335-R,True,actual,False,,,,,2026-09-07T20:27:16.249662+02:00
NSR:StopPlace:58874,Stokke stasjon,2026-09-07T17:07:00+02:00,2026-09-07T17:11:33+02:00,2026-09-07T17:11:33+02:00,273.0,1,Skien,VYG:Line:RE11,Eidsvoll-Oslo S-Skien,RE11,rail,VYG:ServiceJourney:823_444403-R,True,actual,False,,,,,2026-09-07T20:27:16.249662+02:00
NSR:StopPlace:58800,Råde stasjon,2026-09-07T20:01:00+02:00,2026-09-07T20:05:33+02:00,2026-09-07T20:05:33+02:00,273.0,1,Halden,VYG:Line:RE20,Oslo S-Halden-Göteborg (X-Border),RE20,rail,VYG:ServiceJourney:129_443130-R,True,actual,False,,,,,2026-09-07T20:27:16.249662+02:00
NSR:StopPlace:58211,Oslo lufthavn,2026-09-07T16:28:00+02:00,2026-09-07T16:32:33+02:00,2026-09-07T16:32:33+02:00,273.0,1,Trondheim S,SJN:Line:21,Dovrebanen,F6,rail,SJN:ServiceJourney:49-LOD_54215-R,True,actual,False,,,,,2026-09-07T20:27:16.249662+02:00
NSR:StopPlace:59243,Mo i Rana stasjon,2026-09-07T15:12:00+02:00,2026-09-07T15:16:33+02:00,2026-09-07T15:16:33+02:00,273.0,1,Kvernkroken,NOR:Line:12_8372,Kvernkroken - Sykehuset Mo,2,bus,NOR:ServiceJourney:8372_251012124855367_2019,True,actual,False,,,,,2026-09-07T15:44:36.205822+02:00
NSR:StopPlace:58884,Skien stasjon,2026-09-07T15:28:00+02:00,2026-09-07T15:32:33+02:00,2026-09-07T15:32:33+02:00,273.0,1,Åfoss via Skien sentrum,TEL:Line:8047,Siljan-Skien-Åfoss,P7,bus,TEL:ServiceJourney:127390,True,actual,False,,,,,2026-09-07T15:44:36.205822+02:00
NSR:StopPlace:41,Hanaborg stasjon,2026-09-07T06:31:00+02:00,2026-09-07T06:35:33+02:00,2026-09-07T06:35:33+02:00,273.0,1,Lillestrøm,VYG:Line:L1,Spikkestad-Oslo S-Lillestrøm,L1,rail,VYG:ServiceJourney:2206_443594-R,True,actual,False,,,,,2026-09-07T08:42:24.659182+02:00
NSR:StopPlace:59650,Nyland stasjon,2026-09-07T06:40:00+02:00,2026-09-07T06:44:33+02:00,2026-09-07T06:44:33+02:00,273.0,1,Økern,RUT:Line:345,Vestvollen - Økern,345,bus,RUT:ServiceJourney:d9ee9bcb694e6cefc9cc0091bf93149a,True,actual,False,,,,,2026-09-07T08:42:24.659182+02:00
NSR:StopPlace:58886,Arendal stasjon,2026-09-07T07:40:00+02:00,2026-09-07T07:44:33+02:00,2026-09-07T07:44:33+02:00,273.0,1,Sykehuset via Arendal sentrum,AKT:Line:111,Sykehuset-Arendal-Solåsen,111,bus,AKT:ServiceJourney:73583_31_33_52440_54540_40001010,True,actual,False,,,,,2026-09-07T08:42:24.659182+02:00
NSR:StopPlace:58809,Koppang stasjon,2026-09-07T06:41:00+02:00,2026-09-07T06:45:33+02:00,2026-09-07T06:45:33+02:00,273.0,1,Rendalen - Tynset,INN:Line:860,Koppang - Rendalen - Tynset,860,bus,INN:ServiceJourney:78117,True,actual,False,,,,,2026-09-07T08:42:24.659182+02:00
NSR:StopPlace:58963,Jessheim stasjon,2026-09-07T22:21:00+02:00,2026-09-07T22:25:32+02:00,2026-09-07T22:25:32+02:00,272.0,1,Dal,VYG:Line:R13,Drammen-Oslo S-Dal,R13,rail,VYG:ServiceJourney:1667_443357-R,True,actual,False,,,,,2026-09-08T00:20:52.129880+02:00
NSR:StopPlace:59244,Egersund stasjon,2026-09-07T18:18:00+02:00,2026-09-07T18:22:32+02:00,2026-09-07T18:22:32+02:00,272.0,1,Stavanger,GOA:Line:59,Jærbanen,L5,rail,GOA:ServiceJourney:3057_63110-R,True,actual,False,,,,,2026-09-07T20:27:16.249662+02:00
NSR:StopPlace:59957,Klepp stasjon,2026-09-07T15:38:00+02:00,2026-09-07T15:42:32+02:00,2026-09-07T15:42:32+02:00,272.0,1,Boreringen,KOL:Line:8_2024,59,59,bus,KOL:ServiceJourney:2024_250903083241335_2025,True,actual,False,,,,,2026-09-07T15:44:36.205822+02:00
NSR:StopPlace:60077,Støren stasjon,2026-09-07T07:02:00+02:00,2026-09-07T07:06:32+02:00,2026-09-07T07:06:32+02:00,272.0,1,Skjetlein vgs,ATB:Line:2_5004,Klett - Melhus - Støren,5004,bus,ATB:ServiceJourney:5004_260309084090044_15,True,actual,False,,,,,2026-09-07T08:42:24.659182+02:00
NSR:StopPlace:58930,Larvik stasjon,2026-09-07T07:50:00+02:00,2026-09-07T07:54:32+02:00,2026-09-07T07:54:32+02:00,272.0,1,Larvik-Sandefjord,VKT:Line:4,Torp-Sandefjord-Larvik-Stavern,4,bus,VKT:ServiceJourney:17691,True,actual,False,,,,,2026-09-07T08:42:24.659182+02:00
NSR:StopPlace:58876,Tønsberg stasjon,2026-09-07T07:27:00+02:00,2026-09-07T07:31:32+02:00,2026-09-07T07:31:32+02:00,272.0,1,Tønsberg-Åsgårdstrand,VKT:Line:1,Horten-Tønsberg-Sandefjord,1,bus,VKT:ServiceJourney:15624,True,actual,False,,,,,2026-09-07T08:42:24.659182+02:00
NSR:StopPlace:61466,Vakås stasjon,2026-09-08T00:38:30+02:00,2026-09-08T00:43:01+02:00,2026-09-08T00:43:01+02:00,271.0,1,Lillestrøm,VYG:Line:L1,Spikkestad-Oslo S-Lillestrøm,L1,rail,VYG:ServiceJourney:2282_443722-R,True,actual,False,,,,,2026-09-08T03:39:50.209703+02:00
NSR:StopPlace:58948,Stjørdal stasjon,2026-09-07T21:56:00+02:00,2026-09-07T22:00:31+02:00,2026-09-07T22:00:31+02:00,271.0,1,Marienborg via Brattøra,ATB:Line:2_70,Stjørdal/Hommelvik- Trondheim,70,bus,ATB:ServiceJourney:70_251215112547007_106,True,actual,False,,,,,2026-09-08T00:20:52.129880+02:00
NSR:StopPlace:58861,Solbråtan stasjon,2026-09-07T17:15:00+02:00,2026-09-07T17:19:31+02:00,2026-09-07T17:19:31+02:00,271.0,1,Bjørvika,RUT:Line:83,Jernbanetorget - Tårnåsen,83,bus,RUT:ServiceJourney:2dc2ce3b100d8fe631aeaffd5666d37f,True,actual,False,Linje 80E og 83 får Hausmanns bru som ny endeholdeplass fra 29. juni,"Bussene stopper ikke på Jernbanetorget etter 29. juni, men starter og stopper på Hausmanns bru i Nylandsveien.",incident,normal,2026-09-07T20:27:16.249662+02:00
NSR:StopPlace:58879,Lunde stasjon,2026-09-07T17:37:00+02:00,2026-09-07T17:41:31+02:00,2026-09-07T17:41:31+02:00,271.0,1,Stavanger,GOA:Line:50,Sørtoget region,F5,rail,GOA:ServiceJourney:715-LOD_63248-R,True,actual,False,,,,,2026-09-07T20:27:16.249662+02:00
NSR:StopPlace:702,Sandnes sentrum stasjon,2026-09-07T14:43:00+02:00,2026-09-07T14:47:31+02:00,2026-09-07T14:47:31+02:00,271.0,1,Stavanger,GOA:Line:59,Jærbanen,L5,rail,GOA:ServiceJourney:3039_63078-R,True,actual,False,,,,,2026-09-07T15:44:36.205822+02:00
NSR:StopPlace:58854,Langhus stasjon,2026-09-07T07:16:00+02:00,2026-09-07T07:20:31+02:00,2026-09-07T07:20:31+02:00,271.0,1,Drøbak - Frogn vgs.,RUT:Line:510,Bøleråsen - Ski - Ås - Drøbak,510,bus,RUT:ServiceJourney:6bf925d5510c9f7b64b846dd19ae8126,True,actual,False,,,,,2026-09-07T08:42:24.659182+02:00
NSR:StopPlace:58812,Os stasjon,2026-09-07T08:32:00+02:00,2026-09-07T08:36:31+02:00,2026-09-07T08:36:31+02:00,271.0,1,Hamar,SJN:Line:25,Rørosbanen,R60,rail,SJN:ServiceJourney:2382_48224-R,True,actual,False,,,,,2026-09-07T08:42:24.659182+02:00
NSR:StopPlace:61334,Ogna stasjon,2026-09-07T22:51:00+02:00,2026-09-07T22:55:30+02:00,2026-09-07T22:55:30+02:00,270.0,1,Egersund,GOA:Line:59,Jærbanen,L5,rail,GOA:ServiceJourney:3072_63133-R,True,actual,False,,,,,2026-09-08T00:20:52.129880+02:00
NSR:StopPlace:60569,Sirevåg stasjon,2026-09-07T22:54:00+02:00,2026-09-07T22:58:30+02:00,2026-09-07T22:58:30+02:00,270.0,1,Egersund,GOA:Line:59,Jærbanen,L5,rail,GOA:ServiceJourney:3072_63133-R,True,actual,False,,,,,2026-09-08T00:20:52.129880+02:00
NSR:StopPlace:61466,Vakås stasjon,2026-09-07T17:57:00+02:00,2026-09-07T18:01:30+02:00,2026-09-07T18:01:30+02:00,270.0,1,Asker,VYG:Line:L1,Spikkestad-Oslo S-Lillestrøm,L1,rail,VYG:ServiceJourney:2149_443557-R,True,actual,False,,,,,2026-09-07T20:27:16.249662+02:00
NSR:StopPlace:58794,Fredrikstad stasjon,2026-09-07T17:48:00+02:00,2026-09-07T17:52:30+02:00,2026-09-07T17:52:30+02:00,270.0,1,Halden,VYG:Line:RE20,Oslo S-Halden-Göteborg (X-Border),RE20,rail,VYG:ServiceJourney:143-LOD_509064-R,True,actual,False,,,,,2026-09-07T20:27:16.249662+02:00
NSR:StopPlace:58876,Tønsberg stasjon,2026-09-07T17:08:00+02:00,2026-09-07T17:12:30+02:00,2026-09-07T17:12:30+02:00,270.0,1,Eidsvoll,VYG:Line:RE11,Eidsvoll-Oslo S-Skien,RE11,rail,VYG:ServiceJourney:826_481332-R,True,actual,False,Færre vogner,Denne avgangen kjører dessverre med 5 vogner i stedet for 10 vogner. Dette skyldes at vi mangler et togsett.,general,normal,2026-09-07T20:27:16.249662+02:00
NSR:StopPlace:62339,Lillestrøm stasjon,2026-09-07T18:13:00+02:00,2026-09-07T18:17:30+02:00,2026-09-07T18:17:30+02:00,270.0,1,Trondheim S,SJN:Line:21,Dovrebanen,F6,rail,SJN:ServiceJourney:51-LOD_30215-R,True,actual,False,Heis i spor 1 og 2 er ute av bruk på grunn av vedlikehold.,Heis i spor 1 og 2 er ute av bruk på grunn av vedlikehold.,general,normal,2026-09-07T20:27:16.249662+02:00
NSR:StopPlace:59261,Trondheim lufthavn,2026-09-07T13:46:00+02:00,2026-09-07T13:50:30+02:00,2026-09-07T13:50:30+02:00,270.0,1,Marienborg via Brattøra,ATB:Line:2_70,Stjørdal/Hommelvik- Trondheim,70,bus,ATB:ServiceJourney:70_251215112546924_52,True,actual,False,,,,,2026-09-07T15:44:36.205822+02:00
NSR:StopPlace:58918,Nodeland stasjon,2026-09-07T14:24:00+02:00,2026-09-07T14:28:30+02:00,2026-09-07T14:28:30+02:00,270.0,1,Finsland,AKT:Line:1046,Kristiansand - Finsland,46,bus,AKT:ServiceJourney:78707_101_60_101400_104460_40000945,True,actual,False,,,,,2026-09-07T15:44:36.205822+02:00
NSR:StopPlace:58847,Frogner stasjon,2026-09-07T07:40:00+02:00,2026-09-07T07:44:30+02:00,2026-09-07T07:44:30+02:00,270.0,1,Sørumsand,RUT:Line:365,Sørumsand - Frogner - Skedsmokorset,365,bus,RUT:ServiceJourney:c00df72a91c516fcdadfe05f96610028,True,actual,False,,,,,2026-09-07T08:42:24.659182+02:00
NSR:StopPlace:61169,Marienborg stasjon,2026-09-07T22:36:00+02:00,2026-09-07T22:40:29+02:00,2026-09-07T22:40:29+02:00,269.0,1,Østmarka via Lerkendal-Strindh.,ATB:Line:2_13,Østmarka - Strindheim - Lerkendal - Havstad,13,bus,ATB:ServiceJourney:13_251215112552826_151,True,actual,False,,,,,2026-09-08T00:20:52.129880+02:00
NSR:StopPlace:59647,Dal stasjon,2026-09-07T20:11:00+02:00,2026-09-07T20:15:29+02:00,2026-09-07T20:15:29+02:00,269.0,1,Jessheim,RUT:Line:430,Eidsvoll - Jessheim,430,bus,RUT:ServiceJourney:f817c6b92468c3dab4533e30605d14de,True,actual,False,,,,,2026-09-07T20:27:16.249662+02:00
NSR:StopPlace:58840,Vestfossen stasjon,2026-09-07T18:06:00+02:00,2026-09-07T18:10:29+02:00,2026-09-07T18:10:29+02:00,269.0,1,Kongsberg,VYG:Line:R12,Kongsberg-Oslo S-Eidsvoll,R12,rail,VYG:ServiceJourney:525_444330-R,True,actual,False,,,,,2026-09-07T20:27:16.249662+02:00
NSR:StopPlace:58862,Strømmen stasjon,2026-09-07T18:28:00+02:00,2026-09-07T18:32:29+02:00,2026-09-07T18:32:29+02:00,269.0,1,Lørenskog sentrum,RUT:Line:385,Nittedal stasjon - Olavsgaard - Ahus,385,bus,RUT:ServiceJourney:720b30c4a355c8afec09188b7ce21447,True,actual,False,,,,,2026-09-07T20:27:16.249662+02:00
NSR:StopPlace:58800,Råde stasjon,2026-09-07T16:31:00+02:00,2026-09-07T16:35:29+02:00,2026-09-07T16:35:29+02:00,269.0,1,Göteborg C,VYG:Line:RE20,Oslo S-Halden-Göteborg (X-Border),RE20,rail,VYG:ServiceJourney:141-393-LOD_459842-R,True,actual,False,,,,,2026-09-07T20:27:16.249662+02:00
NSR:StopPlace:62379,Bergsgrav stasjon,2026-09-07T20:00:00+02:00,2026-09-07T20:04:29+02:00,2026-09-07T20:04:29+02:00,269.0,1,Melhus skysstasjon,SJN:Line:26,Trønderbanen,R70,rail,SJN:ServiceJourney:450-STK_56079-R,True,actual,False,,,,,2026-09-07T20:27:16.249662+02:00
NSR:StopPlace:58926,Dale stasjon,2026-09-07T14:41:00+02:00,2026-09-07T14:45:29+02:00,2026-09-07T14:45:29+02:00,269.0,1,Bergen,VYG:Line:R40,Bergen-Voss-Myrdal-Ål,R40,rail,VYG:ServiceJourney:1823_443410-R,True,actual,False,Forsinket,Toget kjørte 14 minutter forsinket fra Myrdal. Vi venter på passasjerer fra et annet tog.,incident,normal,2026-09-07T15:44:36.205822+02:00
NSR:StopPlace:58799,Rygge stasjon,2026-09-07T07:26:00+02:00,2026-09-07T07:30:29+02:00,2026-09-07T07:30:29+02:00,269.0,1,Oslo S,VYG:Line:RE20,Oslo S-Halden-Göteborg (X-Border),RE20,rail,VYG:ServiceJourney:144-HLD_509065-R,True,actual,False,Færre vogner,Denne avgangen kjører dessverre med 4 vogner i stedet for 8 vogner. Dette skyldes at vi mangler et togsett.,general,normal,2026-09-07T08:42:24.659182+02:00
NSR:StopPlace:58868,Årnes stasjon,2026-09-07T07:54:00+02:00,2026-09-07T07:58:29+02:00,2026-09-07T07:58:29+02:00,269.0,1,Runni,RUT:Line:3659,Østgård - Dragsjøvegen - Årnes,3659,bus,RUT:ServiceJourney:32f6893874520e2b749efbab89a0c4e8,True,actual,False,,,,,2026-09-07T08:42:24.659182+02:00
NSR:StopPlace:58877,Bø stasjon,2026-09-07T05:11:00+02:00,2026-09-07T05:15:29+02:00,2026-09-07T05:15:29+02:00,269.0,1,Oslo S,GOA:Line:50,Sørtoget region,F5,rail,GOA:ServiceJourney:726-KVB_63257-R,True,actual,False,,,,,2026-09-07T08:42:24.659182+02:00
NSR:StopPlace:362,Jåttåvågen stasjon,2026-09-07T08:22:00+02:00,2026-09-07T08:26:29+02:00,2026-09-07T08:26:29+02:00,269.0,1,Stavanger,GOA:Line:59,Jærbanen,L5,rail,GOA:ServiceJourney:3013_63045-R,True,actual,False,,,,,2026-09-07T08:42:24.659182+02:00
NSR:StopPlace:610,Sandvika stasjon,2026-09-07T18:34:00+02:00,2026-09-07T18:38:28+02:00,2026-09-07T18:38:28+02:00,268.0,1,Drammen,VYG:Line:R13,Drammen-Oslo S-Dal,R13,rail,VYG:ServiceJourney:1652_443326-R,True,actual,False,,,,,2026-09-07T20:27:16.249662+02:00
NSR:StopPlace:62094,Lindeberg stasjon,2026-09-07T17:48:00+02:00,2026-09-07T17:52:28+02:00,2026-09-07T17:52:28+02:00,268.0,1,Drammen,VYG:Line:R13,Drammen-Oslo S-Dal,R13,rail,VYG:ServiceJourney:1652_443326-R,True,actual,False,,,,,2026-09-07T20:27:16.249662+02:00
NSR:StopPlace:58793,Askim stasjon,2026-09-07T15:00:00+02:00,2026-09-07T15:04:28+02:00,2026-09-07T15:04:28+02:00,268.0,1,Moss,OST:Line:1_641,Askim-Elvestad-Moss,641,bus,OST:ServiceJourney:641_260325121473623_13,True,actual,False,,,,,2026-09-07T15:44:36.205822+02:00
NSR:StopPlace:261,Ganddal stasjon,2026-09-07T14:38:00+02:00,2026-09-07T14:42:28+02:00,2026-09-07T14:42:28+02:00,268.0,1,Stavanger,GOA:Line:59,Jærbanen,L5,rail,GOA:ServiceJourney:3039_63078-R,True,actual,False,,,,,2026-09-07T15:44:36.205822+02:00
NSR:StopPlace:61707,Jevnaker stasjon,2026-09-07T07:32:00+02:00,2026-09-07T07:36:28+02:00,2026-09-07T07:36:28+02:00,268.0,1,Hønefoss over Eggemoen,INN:Line:113,Toso-Jevnaker-Hønefoss,113,bus,INN:ServiceJourney:70979,True,actual,False,,,,,2026-09-07T08:42:24.659182+02:00
NSR:StopPlace:58966,Porsgrunn stasjon,2026-09-07T08:17:00+02:00,2026-09-07T08:21:28+02:00,2026-09-07T08:21:28+02:00,268.0,1,Eidsvoll,VYG:Line:RE11,Eidsvoll-Oslo S-Skien,RE11,rail,VYG:ServiceJourney:810_481328-R,True,actual,False,Heis på Porsgrunn ute av drift,Heisen på Porsgrunn til spor 2 er ute av drift.,general,normal,2026-09-07T08:42:24.659182+02:00
NSR:StopPlace:63079,Skeiane stasjon,2026-09-07T05:32:00+02:00,2026-09-07T05:36:28+02:00,2026-09-07T05:36:28+02:00,268.0,1,Stavanger,GOA:Line:59,Jærbanen,L5,rail,GOA:ServiceJourney:3001_63033-R,True,actual,False,,,,,2026-09-07T08:42:24.659182+02:00
NSR:StopPlace:61169,Marienborg stasjon,2026-09-07T22:45:00+02:00,2026-09-07T22:49:27+02:00,2026-09-07T22:49:27+02:00,267.0,1,Sandmoen via Flatåsen,ATB:Line:2_23,Brattøra - St. Olavs - Hallset - Flatåsen - Sandmoen,23,bus,ATB:ServiceJourney:23_251215112545477_130,True,actual,False,,,,,2026-09-08T00:20:52.129880+02:00
NSR:StopPlace:59654,Stabekk stasjon,2026-09-07T17:27:00+02:00,2026-09-07T17:31:27+02:00,2026-09-07T17:31:27+02:00,267.0,1,Gullhaug,RUT:Line:150,Gullhaug - Nationaltheatret,150,bus,RUT:ServiceJourney:41c9e458d84f88423f4a29a630d7b5cd,True,actual,False,Holdeplass Stabekk stasjon i retning mot Bekkestua er flyttet ca. 50 meter bakover.,Dette skyldes anleggsarbeid i området.,incident,normal,2026-09-07T20:27:16.249662+02:00
NSR:StopPlace:58851,Heggedal stasjon,2026-09-07T17:55:00+02:00,2026-09-07T17:59:27+02:00,2026-09-07T17:59:27+02:00,267.0,1,Spikkestad,VYG:Line:L1,Spikkestad-Oslo S-Lillestrøm,L1,rail,VYG:ServiceJourney:2249_443666-R,True,actual,False,,,,,2026-09-07T20:27:16.249662+02:00
NSR:StopPlace:59952,Drammen stasjon,2026-09-07T14:40:00+02:00,2026-09-07T14:44:27+02:00,2026-09-07T14:44:27+02:00,267.0,1,Skien,VYG:Line:RX11,Eidsvoll-Oslo S-Skien,RX11,rail,VYG:ServiceJourney:851-LOD_554643-R,True,actual,False,,,,,2026-09-07T15:44:36.205822+02:00
NSR:StopPlace:59957,Klepp stasjon,2026-09-07T14:21:00+02:00,2026-09-07T14:25:27+02:00,2026-09-07T14:25:27+02:00,267.0,1,Egersund,GOA:Line:59,Jærbanen,L5,rail,GOA:ServiceJourney:3040_63080-R,True,actual,False,,,,,2026-09-07T15:44:36.205822+02:00
NSR:StopPlace:58849,Hakadal stasjon,2026-09-07T15:05:00+02:00,2026-09-07T15:09:27+02:00,2026-09-07T15:09:27+02:00,267.0,1,Kongskog,RUT:Line:390,Kongskog/Hellerudhaugen - Oslo bussterminal,390,bus,RUT:ServiceJourney:996b7b7a7cc281ce4998a88703aca84d,True,actual,False,,,,,2026-09-07T15:44:36.205822+02:00
NSR:StopPlace:58811,Moelv stasjon,2026-09-07T12:37:00+02:00,2026-09-07T12:41:27+02:00,2026-09-07T12:41:27+02:00,267.0,1,Drammen,VYG:Line:RE10,Drammen-Oslo S-Lillehammer,RE10,rail,VYG:ServiceJourney:318-LHM_444187-R,True,actual,False,,,,,2026-09-07T15:44:36.205822+02:00
NSR:StopPlace:58842,Blaker stasjon,2026-09-07T08:21:00+02:00,2026-09-07T08:25:27+02:00,2026-09-07T08:25:27+02:00,267.0,1,Asker,VYG:Line:R14,Asker-Oslo S-Kongsvinger,R14,rail,VYG:ServiceJourney:1008_442913-R,True,actual,False,,,,,2026-09-07T08:42:24.659182+02:00
NSR:StopPlace:58871,Sande stasjon,2026-09-07T08:15:00+02:00,2026-09-07T08:19:27+02:00,2026-09-07T08:19:27+02:00,267.0,1,Sande,VKT:Line:220,Kjeldås-Sande,220,bus,VKT:ServiceJourney:15066,True,actual,False,,,,,2026-09-07T08:42:24.659182+02:00
NSR:StopPlace:60042,Trengereid stasjon,2026-09-08T00:55:00+02:00,2026-09-08T00:59:26+02:00,2026-09-08T00:59:26+02:00,266.0,1,Voss,VYG:Line:R40,Bergen-Voss-Myrdal-Ål,R40,rail,VYG:ServiceJourney:1838_456880-R,True,actual,False,,,,,2026-09-08T03:39:50.209703+02:00
NSR:StopPlace:58847,Frogner stasjon,2026-09-07T23:21:00+02:00,2026-09-07T23:25:26+02:00,2026-09-07T23:25:26+02:00,266.0,1,Drammen,VYG:Line:R13,Drammen-Oslo S-Dal,R13,rail,VYG:ServiceJourney:1674_481183-R,True,actual,False,,,,,2026-09-08T00:20:52.129880+02:00
NSR:StopPlace:58932,Hommelvik stasjon,2026-09-07T17:55:00+02:00,2026-09-07T17:59:26+02:00,2026-09-07T17:59:26+02:00,266.0,1,Stjørdal stasjon,ATB:Line:2_70,Stjørdal/Hommelvik- Trondheim,70,bus,ATB:ServiceJourney:70_251215112547134_79,True,actual,False,,,,,2026-09-07T20:27:16.249662+02:00
NSR:StopPlace:58831,Flå stasjon,2026-09-07T16:25:00+02:00,2026-09-07T16:29:26+02:00,2026-09-07T16:29:26+02:00,266.0,1,Oslo S,VYG:Line:F4,Oslo S-Bergen,F4,rail,VYG:ServiceJourney:602-BRG_481321-R,True,actual,False,,,,,2026-09-07T20:27:16.249662+02:00
NSR:StopPlace:59690,Dovre stasjon,2026-09-07T13:54:00+02:00,2026-09-07T13:58:26+02:00,2026-09-07T13:58:26+02:00,266.0,1,Trondheim S,SJN:Line:21,Dovrebanen,F6,rail,SJN:ServiceJourney:45-LOD_48255-R,True,actual,False,,,,,2026-09-07T15:44:36.205822+02:00
NSR:StopPlace:58859,Nordby stasjon,2026-09-07T14:33:00+02:00,2026-09-07T14:37:26+02:00,2026-09-07T14:37:26+02:00,266.0,1,Drammen,VYG:Line:R13,Drammen-Oslo S-Dal,R13,rail,VYG:ServiceJourney:1640_443299-R,True,actual,False,,,,,2026-09-07T15:44:36.205822+02:00
NSR:StopPlace:58811,Moelv stasjon,2026-09-07T14:15:00+02:00,2026-09-07T14:19:26+02:00,2026-09-07T14:19:26+02:00,266.0,1,Lillehammer,VYG:Line:RE10,Drammen-Oslo S-Lillehammer,RE10,rail,VYG:ServiceJourney:317-SUD_444183-R,True,actual,False,,,,,2026-09-07T15:44:36.205822+02:00
NSR:StopPlace:63079,Skeiane stasjon,2026-09-07T14:11:00+02:00,2026-09-07T14:15:26+02:00,2026-09-07T14:15:26+02:00,266.0,1,Egersund,GOA:Line:59,Jærbanen,L5,rail,GOA:ServiceJourney:3040_63080-R,True,actual,False,,,,,2026-09-07T15:44:36.205822+02:00
NSR:StopPlace:584,Bulken stasjon,2026-09-07T14:34:00+02:00,2026-09-07T14:38:26+02:00,2026-09-07T14:38:26+02:00,266.0,1,Myrdal,VYG:Line:R40,Bergen-Voss-Myrdal-Ål,R40,rail,VYG:ServiceJourney:1818_443404-R,True,actual,False,,,,,2026-09-07T15:44:36.205822+02:00
NSR:StopPlace:518,Bolstadøyri stasjon,2026-09-07T15:17:00+02:00,2026-09-07T15:21:26+02:00,2026-09-07T15:21:26+02:00,266.0,1,Voss,VYG:Line:R40,Bergen-Voss-Myrdal-Ål,R40,rail,VYG:ServiceJourney:1820_443407-R,True,actual,False,,,,,2026-09-07T15:44:36.205822+02:00
NSR:StopPlace:420,Lillehammer stasjon,2026-09-07T12:50:00+02:00,2026-09-07T12:54:26+02:00,2026-09-07T12:54:26+02:00,266.0,1,Oslo S,SJN:Line:21,Dovrebanen,F6,rail,SJN:ServiceJourney:42-TND_47981-R,True,actual,False,,,,,2026-09-07T15:44:36.205822+02:00
NSR:StopPlace:58840,Vestfossen stasjon,2026-09-07T08:10:00+02:00,2026-09-07T08:14:26+02:00,2026-09-07T08:14:26+02:00,266.0,1,Vestfossen via Gamleveien-Darbu,BRA:Line:4_6115,Hokksund - Kongsberg,115,bus,BRA:ServiceJourney:6115_260427080307202_1005,True,actual,False,,,,,2026-09-07T08:42:24.659182+02:00
NSR:StopPlace:58861,Solbråtan stasjon,2026-09-07T07:26:00+02:00,2026-09-07T07:30:26+02:00,2026-09-07T07:30:26+02:00,266.0,1,Tårnåsen,RUT:Line:83,Jernbanetorget - Tårnåsen,83,bus,RUT:ServiceJourney:18957f0579622feaee037c75ee56d69f,True,actual,False,Linje 80E og 83 får Hausmanns bru som ny endeholdeplass fra 29. juni,"Bussene stopper ikke på Jernbanetorget etter 29. juni, men starter og stopper på Hausmanns bru i Nylandsveien.",incident,normal,2026-09-07T08:42:24.659182+02:00
NSR:StopPlace:61169,Marienborg stasjon,2026-09-07T22:48:00+02:00,2026-09-07T22:52:25+02:00,2026-09-07T22:52:25+02:00,265.0,1,Pirbadet via St. Olavs hospital,ATB:Line:2_23,Brattøra - St. Olavs - Hallset - Flatåsen - Sandmoen,23,bus,ATB:ServiceJourney:23_251215112545600_131,True,actual,False,,,,,2026-09-08T00:20:52.129880+02:00
NSR:StopPlace:58932,Hommelvik stasjon,2026-09-07T18:15:00+02:00,2026-09-07T18:19:25+02:00,2026-09-07T18:19:25+02:00,265.0,1,Stjørdal stasjon,ATB:Line:2_70,Stjørdal/Hommelvik- Trondheim,70,bus,ATB:ServiceJourney:70_251215112547103_81,True,actual,False,,,,,2026-09-07T20:27:16.249662+02:00
NSR:StopPlace:58879,Lunde stasjon,2026-09-07T15:37:00+02:00,2026-09-07T15:41:25+02:00,2026-09-07T15:41:25+02:00,265.0,1,Stavanger,GOA:Line:50,Sørtoget region,F5,rail,GOA:ServiceJourney:713-LOD_68191-R,True,actual,False,,,,,2026-09-07T15:44:36.205822+02:00
NSR:StopPlace:58816,Dombås stasjon,2026-09-07T14:05:00+02:00,2026-09-07T14:09:25+02:00,2026-09-07T14:09:25+02:00,265.0,1,Trondheim S,SJN:Line:21,Dovrebanen,F6,rail,SJN:ServiceJourney:45-LOD_48255-R,True,actual,False,,,,,2026-09-07T15:44:36.205822+02:00
NSR:StopPlace:58924,Bryne stasjon,2026-09-07T05:18:00+02:00,2026-09-07T05:22:25+02:00,2026-09-07T05:22:25+02:00,265.0,1,Egersund,GOA:Line:59,Jærbanen,L5,rail,GOA:ServiceJourney:3004_63035-R,True,actual,False,,,,,2026-09-07T08:42:24.659182+02:00
NSR:StopPlace:58849,Hakadal stasjon,2026-09-07T06:53:00+02:00,2026-09-07T06:57:25+02:00,2026-09-07T06:57:25+02:00,265.0,1,Oslo bussterminal,RUT:Line:390,Kongskog/Hellerudhaugen - Oslo bussterminal,390,bus,RUT:ServiceJourney:59367c56a40f4c31ca36e68df13884a5,True,actual,False,,,,,2026-09-07T08:42:24.659182+02:00
NSR:StopPlace:58811,Moelv stasjon,2026-09-07T06:58:00+02:00,2026-09-07T07:02:25+02:00,2026-09-07T07:02:25+02:00,265.0,1,Brumunddal,INN:Line:605,Gjøvik - Moelv - Brumunddal,605,bus,INN:ServiceJourney:82980,True,actual,False,,,,,2026-09-07T08:42:24.659182+02:00
NSR:StopPlace:58849,Hakadal stasjon,2026-09-07T22:35:00+02:00,2026-09-07T22:39:24+02:00,2026-09-07T22:39:24+02:00,264.0,1,Kongskog,RUT:Line:390,Kongskog/Hellerudhaugen - Oslo bussterminal,390,bus,RUT:ServiceJourney:06aec11b22abbc09d640fc706ac62ee8,True,actual,False,,,,,2026-09-08T00:20:52.129880+02:00
NSR:StopPlace:58851,Heggedal stasjon,2026-09-07T22:24:00+02:00,2026-09-07T22:28:24+02:00,2026-09-07T22:28:24+02:00,264.0,1,Lillestrøm,VYG:Line:L1,Spikkestad-Oslo S-Lillestrøm,L1,rail,VYG:ServiceJourney:2274_443709-R,True,actual,False,,,,,2026-09-08T00:20:52.129880+02:00
NSR:StopPlace:59651,Skøyen stasjon,2026-09-07T16:45:00+02:00,2026-09-07T16:49:24+02:00,2026-09-07T16:49:24+02:00,264.0,1,Skien,VYG:Line:RE11,Eidsvoll-Oslo S-Skien,RE11,rail,VYG:ServiceJourney:825_444405-R,True,actual,False,,,,,2026-09-07T20:27:16.249662+02:00
NSR:StopPlace:58932,Hommelvik stasjon,2026-09-07T08:11:00+02:00,2026-09-07T08:15:24+02:00,2026-09-07T08:15:24+02:00,264.0,1,Ler,SJN:Line:26,Trønderbanen,R70,rail,SJN:ServiceJourney:424_56053-R,True,actual,False,,,,,2026-09-07T08:42:24.659182+02:00
NSR:StopPlace:58874,Stokke stasjon,2026-09-07T07:15:00+02:00,2026-09-07T07:19:24+02:00,2026-09-07T07:19:24+02:00,264.0,1,Skien,VYG:Line:RE11,Eidsvoll-Oslo S-Skien,RE11,rail,VYG:ServiceJourney:300-803-HHS_658721-R,True,actual,False,,,,,2026-09-07T08:42:24.659182+02:00
NSR:StopPlace:63079,Skeiane stasjon,2026-09-07T05:32:00+02:00,2026-09-07T05:36:24+02:00,2026-09-07T05:36:24+02:00,264.0,1,Egersund,GOA:Line:59,Jærbanen,L5,rail,GOA:ServiceJourney:3006_63037-R,True,actual,False,,,,,2026-09-07T08:42:24.659182+02:00
NSR:StopPlace:58823,Jaren stasjon,2026-09-08T01:23:00+02:00,2026-09-08T01:27:23+02:00,2026-09-08T01:27:23+02:00,263.0,1,Gjøvik,VYG:Line:R31,Skøyen-Jaren-Gjøvik,R31,rail,VYG:ServiceJourney:239-ROA_589368-R,True,actual,False,,,,,2026-09-08T03:39:50.209703+02:00
NSR:StopPlace:61169,Marienborg stasjon,2026-09-07T22:52:00+02:00,2026-09-07T22:56:23+02:00,2026-09-07T22:56:23+02:00,263.0,1,Havstad,ATB:Line:2_13,Østmarka - Strindheim - Lerkendal - Havstad,13,bus,ATB:ServiceJourney:13_251215112552733_150,True,actual,False,,,,,2026-09-08T00:20:52.129880+02:00
NSR:StopPlace:59647,Dal stasjon,2026-09-07T22:16:00+02:00,2026-09-07T22:20:23+02:00,2026-09-07T22:20:23+02:00,263.0,1,Eidsvoll st.,RUT:Line:430,Eidsvoll - Jessheim,430,bus,RUT:ServiceJourney:ddd3cc9eb6c3dedbf08350648207b837,True,actual,False,,,,,2026-09-08T00:20:52.129880+02:00
NSR:StopPlace:59643,Grefsen stasjon,2026-09-07T22:26:00+02:00,2026-09-07T22:30:23+02:00,2026-09-07T22:30:23+02:00,263.0,1,Lysaker,RUT:Line:23,Lysaker - Simensbråten,23,bus,RUT:ServiceJourney:ca926d32758384b7d80bd7282f30405a,True,actual,False,,,,,2026-09-08T00:20:52.129880+02:00
NSR:StopPlace:60640,Heimdal stasjon,2026-09-07T22:12:00+02:00,2026-09-07T22:16:23+02:00,2026-09-07T22:16:23+02:00,263.0,1,Lund,ATB:Line:2_2,Strindheim- Lade- sentrum- Sau,2,bus,ATB:ServiceJourney:2_251215112550130_218,True,actual,False,,,,,2026-09-08T00:20:52.129880+02:00
NSR:StopPlace:58932,Hommelvik stasjon,2026-09-07T22:32:00+02:00,2026-09-07T22:36:23+02:00,2026-09-07T22:36:23+02:00,263.0,1,Marienborg via Brattøra,ATB:Line:2_70,Stjørdal/Hommelvik- Trondheim,70,bus,ATB:ServiceJourney:70_251215112546930_108,True,actual,False,,,,,2026-09-08T00:20:52.129880+02:00
NSR:StopPlace:59646,Høvik stasjon,2026-09-07T17:55:00+02:00,2026-09-07T17:59:23+02:00,2026-09-07T17:59:23+02:00,263.0,1,Asker,RUT:Line:270,Asker - Sandvika (- Fornebu),270,bus,RUT:ServiceJourney:b09838e8d540482da84e796ce07e0294,True,actual,False,,,,,2026-09-07T20:27:16.249662+02:00
NSR:StopPlace:58859,Nordby stasjon,2026-09-07T18:03:00+02:00,2026-09-07T18:07:23+02:00,2026-09-07T18:07:23+02:00,263.0,1,Drammen,VYG:Line:R13,Drammen-Oslo S-Dal,R13,rail,VYG:ServiceJourney:1654_443330-R,True,actual,False,,,,,2026-09-07T20:27:16.249662+02:00
NSR:StopPlace:58892,Audnedal stasjon,2026-09-07T18:40:00+02:00,2026-09-07T18:44:23+02:00,2026-09-07T18:44:23+02:00,263.0,1,Stavanger,GOA:Line:50,Sørtoget region,F5,rail,GOA:ServiceJourney:713-LOD_68191-R,True,actual,False,,,,,2026-09-07T20:27:16.249662+02:00
NSR:StopPlace:62392,Slependen stasjon,2026-09-07T18:15:00+02:00,2026-09-07T18:19:23+02:00,2026-09-07T18:19:23+02:00,263.0,1,Lillestrøm,VYG:Line:L1,Spikkestad-Oslo S-Lillestrøm,L1,rail,VYG:ServiceJourney:2256_445354-R,True,actual,False,,,,,2026-09-07T20:27:16.249662+02:00
NSR:StopPlace:59652,Tøyen stasjon,2026-09-07T15:30:00+02:00,2026-09-07T15:34:23+02:00,2026-09-07T15:34:23+02:00,263.0,1,Vippetangen,RUT:Line:60,Vippetangen-Tonsenhagen,60,bus,RUT:ServiceJourney:06789e99c899a9409d105520dde1dfdd,True,actual,False,,,,,2026-09-07T15:44:36.205822+02:00
NSR:StopPlace:59646,Høvik stasjon,2026-09-07T07:25:00+02:00,2026-09-07T07:29:23+02:00,2026-09-07T07:29:23+02:00,263.0,1,Asker,RUT:Line:270,Asker - Sandvika (- Fornebu),270,bus,RUT:ServiceJourney:002f5ee552fd30622b5727f4e71b592e,True,actual,False,,,,,2026-09-07T08:42:24.659182+02:00
NSR:StopPlace:58795,Kambo stasjon,2026-09-07T07:56:00+02:00,2026-09-07T08:00:23+02:00,2026-09-07T08:00:23+02:00,263.0,1,Moss,RUT:Line:540,Moss - Son - Vestby stasjon,540,bus,RUT:ServiceJourney:ce97b0e35085fef307986c906c010591,True,actual,False,,,,,2026-09-07T08:42:24.659182+02:00
NSR:StopPlace:261,Ganddal stasjon,2026-09-07T05:29:00+02:00,2026-09-07T05:33:23+02:00,2026-09-07T05:33:23+02:00,263.0,1,Stavanger,GOA:Line:59,Jærbanen,L5,rail,GOA:ServiceJourney:3001_63033-R,True,actual,False,,,,,2026-09-07T08:42:24.659182+02:00
NSR:StopPlace:58921,Vennesla stasjon,2026-09-07T17:38:00+02:00,2026-09-07T17:42:22+02:00,2026-09-07T17:42:22+02:00,262.0,1,Vennesla - Grovane st.,AKT:Line:31,Kvadraturen - Sødal - Vennesla,31,bus,AKT:ServiceJourney:79659_241_42_124200_126300_3950310,True,actual,False,,,,,2026-09-07T20:27:16.249662+02:00
NSR:StopPlace:58935,Levanger stasjon,2026-09-07T19:43:00+02:00,2026-09-07T19:47:22+02:00,2026-09-07T19:47:22+02:00,262.0,1,Steinkjer,SJN:Line:26,Trønderbanen,R70,rail,SJN:ServiceJourney:447_56076-R,True,actual,False,,,,,2026-09-07T20:27:16.249662+02:00
NSR:StopPlace:58877,Bø stasjon,2026-09-07T17:26:00+02:00,2026-09-07T17:30:22+02:00,2026-09-07T17:30:22+02:00,262.0,1,Stavanger,GOA:Line:50,Sørtoget region,F5,rail,GOA:ServiceJourney:715-LOD_63248-R,True,actual,False,,,,,2026-09-07T20:27:16.249662+02:00
NSR:StopPlace:8,Paradis stasjon,2026-09-07T14:58:00+02:00,2026-09-07T15:02:22+02:00,2026-09-07T15:02:22+02:00,262.0,1,Stavanger,GOA:Line:59,Jærbanen,L5,rail,GOA:ServiceJourney:3039_63078-R,True,actual,False,,,,,2026-09-07T15:44:36.205822+02:00
NSR:StopPlace:58870,Holmestrand stasjon,2026-09-07T14:57:00+02:00,2026-09-07T15:01:22+02:00,2026-09-07T15:01:22+02:00,262.0,1,Skien,VYG:Line:RX11,Eidsvoll-Oslo S-Skien,RX11,rail,VYG:ServiceJourney:851-LOD_554643-R,True,actual,False,,,,,2026-09-07T15:44:36.205822+02:00
NSR:StopPlace:58801,Sarpsborg stasjon,2026-09-07T14:31:00+02:00,2026-09-07T14:35:22+02:00,2026-09-07T14:35:22+02:00,262.0,1,Sarpsborg-Kalnes,OST:Line:1_13,Kalnes - Blessom,13,bus,OST:ServiceJourney:13_260325121470790_25,True,actual,False,,,,,2026-09-07T15:44:36.205822+02:00
NSR:StopPlace:58924,Bryne stasjon,2026-09-07T05:18:00+02:00,2026-09-07T05:22:22+02:00,2026-09-07T05:22:22+02:00,262.0,1,Stavanger,GOA:Line:59,Jærbanen,L5,rail,GOA:ServiceJourney:3001_63033-R,True,actual,False,,,,,2026-09-07T08:42:24.659182+02:00
NSR:StopPlace:59650,Nyland stasjon,2026-09-07T21:29:00+02:00,2026-09-07T21:33:21+02:00,2026-09-07T21:33:21+02:00,261.0,1,Spikkestad,VYG:Line:L1,Spikkestad-Oslo S-Lillestrøm,L1,rail,VYG:ServiceJourney:2267_443697-R,True,actual,False,,,,,2026-09-08T00:20:52.129880+02:00
NSR:StopPlace:58858,Nittedal stasjon,2026-09-07T22:30:00+02:00,2026-09-07T22:34:21+02:00,2026-09-07T22:34:21+02:00,261.0,1,Oslo S,VYG:Line:R31,Skøyen-Jaren-Gjøvik,R31,rail,VYG:ServiceJourney:BUS-234_655455-R,True,actual,False,,,,,2026-09-08T00:20:52.129880+02:00
NSR:StopPlace:59703,Åndalsnes stasjon,2026-09-07T19:55:00+02:00,2026-09-07T19:59:21+02:00,2026-09-07T19:59:21+02:00,261.0,1,Molde,MOR:Line:420,Fram Ekspress Molde-Åndalsnes,420,bus,MOR:ServiceJourney:420_123_9150000047249497,True,actual,False,,,,,2026-09-07T20:27:16.249662+02:00
NSR:StopPlace:58790,Verdal stasjon,2026-09-07T19:57:00+02:00,2026-09-07T20:01:21+02:00,2026-09-07T20:01:21+02:00,261.0,1,Steinkjer,SJN:Line:26,Trønderbanen,R70,rail,SJN:ServiceJourney:447_56076-R,True,actual,False,,,,,2026-09-07T20:27:16.249662+02:00
NSR:StopPlace:58839,Steinberg stasjon,2026-09-07T17:02:00+02:00,2026-09-07T17:06:21+02:00,2026-09-07T17:06:21+02:00,261.0,1,Eidsvoll,VYG:Line:R12,Kongsberg-Oslo S-Eidsvoll,R12,rail,VYG:ServiceJourney:526_444332-R,True,actual,False,,,,,2026-09-07T20:27:16.249662+02:00
NSR:StopPlace:58891,Vegårshei stasjon,2026-09-07T16:41:00+02:00,2026-09-07T16:45:21+02:00,2026-09-07T16:45:21+02:00,261.0,1,Stavanger,GOA:Line:50,Sørtoget region,F5,rail,GOA:ServiceJourney:713-LOD_68191-R,True,actual,False,,,,,2026-09-07T20:27:16.249662+02:00
NSR:StopPlace:61463,Nordstrand stasjon,2026-09-07T08:22:00+02:00,2026-09-07T08:26:21+02:00,2026-09-07T08:26:21+02:00,261.0,1,Lysaker,VYG:Line:L2,Stabekk-Oslo S-Ski,L2,rail,VYG:ServiceJourney:2816-SKI_444028-R,True,actual,False,Færre vogner,Denne avgangen kjører dessverre med 3 vogner i stedet for 6 vogner. Dette skyldes at vi mangler et togsett.,general,normal,2026-09-07T08:42:24.659182+02:00
NSR:StopPlace:59977,Trondheim S,2026-09-07T06:34:00+02:00,2026-09-07T06:38:21+02:00,2026-09-07T06:38:21+02:00,261.0,1,Romolslia via Tempevegen,ATB:Line:2_20,Grillstad - Strindheim - Ladehammeren- Sentrum - Romolslia,20,bus,ATB:ServiceJourney:20_251215112548212_4,True,actual,False,,,,,2026-09-07T08:42:24.659182+02:00
NSR:StopPlace:58843,Blommenholm stasjon,2026-09-07T23:58:00+02:00,2026-09-08T00:02:20+02:00,2026-09-08T00:02:20+02:00,260.0,1,Spikkestad,VYG:Line:L1,Spikkestad-Oslo S-Lillestrøm,L1,rail,VYG:ServiceJourney:2275_443710-R,True,actual,False,,,,,2026-09-08T00:20:52.129880+02:00
NSR:StopPlace:398,Arna stasjon,2026-09-07T23:11:00+02:00,2026-09-07T23:15:20+02:00,2026-09-07T23:15:20+02:00,260.0,1,Oslo S,VYG:Line:F4,Oslo S-Bergen,F4,rail,VYG:ServiceJourney:606-BRG_481554-R,True,actual,False,,,,,2026-09-08T00:20:52.129880+02:00
NSR:StopPlace:441,Auli stasjon,2026-09-07T21:16:00+02:00,2026-09-07T21:20:20+02:00,2026-09-07T21:20:20+02:00,260.0,1,Asker,VYG:Line:R14,Asker-Oslo S-Kongsvinger,R14,rail,VYG:ServiceJourney:1034_442946-R,True,actual,False,,,,,2026-09-08T00:20:52.129880+02:00
NSR:StopPlace:61251,Øksnavadporten stasjon,2026-09-07T18:33:00+02:00,2026-09-07T18:37:20+02:00,2026-09-07T18:37:20+02:00,260.0,1,Stavanger,GOA:Line:59,Jærbanen,L5,rail,GOA:ServiceJourney:3055_63106-R,True,actual,False,,,,,2026-09-07T20:27:16.249662+02:00
NSR:StopPlace:61466,Vakås stasjon,2026-09-07T18:08:00+02:00,2026-09-07T18:12:20+02:00,2026-09-07T18:12:20+02:00,260.0,1,Lillestrøm,VYG:Line:L1,Spikkestad-Oslo S-Lillestrøm,L1,rail,VYG:ServiceJourney:2256_445354-R,True,actual,False,,,,,2026-09-07T20:27:16.249662+02:00
NSR:StopPlace:59957,Klepp stasjon,2026-09-07T18:30:00+02:00,2026-09-07T18:34:20+02:00,2026-09-07T18:34:20+02:00,260.0,1,Stavanger,GOA:Line:59,Jærbanen,L5,rail,GOA:ServiceJourney:3055_63106-R,True,actual,False,,,,,2026-09-07T20:27:16.249662+02:00
NSR:StopPlace:58839,Steinberg stasjon,2026-09-07T17:40:00+02:00,2026-09-07T17:44:20+02:00,2026-09-07T17:44:20+02:00,260.0,1,Kongsberg,VYG:Line:R13,Drammen-Oslo S-Dal,R13,rail,VYG:ServiceJourney:1646_443312-R,True,actual,False,,,,,2026-09-07T20:27:16.249662+02:00
NSR:StopPlace:59649,Nydalen stasjon,2026-09-07T07:28:00+02:00,2026-09-07T07:32:20+02:00,2026-09-07T07:32:20+02:00,260.0,1,Lysaker,RUT:Line:23,Lysaker - Simensbråten,23,bus,RUT:ServiceJourney:f9ab5a8ed63ed0db57c23a87c4628f2a,True,actual,False,,,,,2026-09-07T08:42:24.659182+02:00
NSR:StopPlace:59646,Høvik stasjon,2026-09-07T23:56:00+02:00,2026-09-08T00:00:19+02:00,2026-09-08T00:00:19+02:00,259.0,1,Spikkestad,VYG:Line:L1,Spikkestad-Oslo S-Lillestrøm,L1,rail,VYG:ServiceJourney:2275_443710-R,True,actual,False,,,,,2026-09-08T00:20:52.129880+02:00
NSR:StopPlace:58932,Hommelvik stasjon,2026-09-07T21:44:00+02:00,2026-09-07T21:48:19+02:00,2026-09-07T21:48:19+02:00,259.0,1,Steinkjer,SJN:Line:26,Trønderbanen,R70,rail,SJN:ServiceJourney:453_56082-R,True,actual,False,,,,,2026-09-08T00:20:52.129880+02:00
NSR:StopPlace:59957,Klepp stasjon,2026-09-07T17:57:00+02:00,2026-09-07T18:01:19+02:00,2026-09-07T18:01:19+02:00,259.0,1,Verdalen via Kleppekrossen,KOL:Line:8_2024,59,59,bus,KOL:ServiceJourney:2024_250903083241326_2032,True,actual,False,,,,,2026-09-07T20:27:16.249662+02:00
NSR:StopPlace:58878,Drangedal stasjon,2026-09-07T17:57:00+02:00,2026-09-07T18:01:19+02:00,2026-09-07T18:01:19+02:00,259.0,1,Stavanger,GOA:Line:50,Sørtoget region,F5,rail,GOA:ServiceJourney:715-LOD_63248-R,True,actual,False,,,,,2026-09-07T20:27:16.249662+02:00
NSR:StopPlace:58801,Sarpsborg stasjon,2026-09-07T19:13:00+02:00,2026-09-07T19:17:19+02:00,2026-09-07T19:17:19+02:00,259.0,1,Blessom,OST:Line:1_13,Kalnes - Blessom,13,bus,OST:ServiceJourney:13_260325121470803_36,True,actual,False,,,,,2026-09-07T20:27:16.249662+02:00
NSR:StopPlace:610,Sandvika stasjon,2026-09-07T18:18:00+02:00,2026-09-07T18:22:19+02:00,2026-09-07T18:22:19+02:00,259.0,1,Lillestrøm,VYG:Line:L1,Spikkestad-Oslo S-Lillestrøm,L1,rail,VYG:ServiceJourney:2256_445354-R,True,actual,False,,,,,2026-09-07T20:27:16.249662+02:00
NSR:StopPlace:59687,Grong stasjon,2026-09-07T14:05:00+02:00,2026-09-07T14:09:19+02:00,2026-09-07T14:09:19+02:00,259.0,1,Namsskogan via Grong skole,ATB:Line:2_611,Grong - Harran - Namsskogan,611,bus,ATB:ServiceJourney:611_260106098640322_8,True,actual,False,,,,,2026-09-07T15:44:36.205822+02:00
NSR:StopPlace:58931,Fannrem stasjon,2026-09-07T14:10:00+02:00,2026-09-07T14:14:19+02:00,2026-09-07T14:14:19+02:00,259.0,1,Trondheim S via Orkanger skysst.,ATB:Line:2_310,Trondheim - Orkanger - Fannrem,310,bus,ATB:ServiceJourney:310_260106098640143_73,True,actual,False,,,,,2026-09-07T15:44:36.205822+02:00
NSR:StopPlace:58850,Hauerseter stasjon,2026-09-07T14:30:00+02:00,2026-09-07T14:34:19+02:00,2026-09-07T14:34:19+02:00,259.0,1,Drammen,VYG:Line:R13,Drammen-Oslo S-Dal,R13,rail,VYG:ServiceJourney:1640_443299-R,True,actual,False,,,,,2026-09-07T15:44:36.205822+02:00
NSR:StopPlace:58886,Arendal stasjon,2026-09-07T15:27:00+02:00,2026-09-07T15:31:19+02:00,2026-09-07T15:31:19+02:00,259.0,1,Solåsen,AKT:Line:111,Sykehuset-Arendal-Solåsen,111,bus,AKT:ServiceJourney:73599_191_33_110040_112140_40001010,True,actual,False,,,,,2026-09-07T15:44:36.205822+02:00
NSR:StopPlace:206,Mariero stasjon,2026-09-07T14:55:00+02:00,2026-09-07T14:59:19+02:00,2026-09-07T14:59:19+02:00,259.0,1,Stavanger,GOA:Line:59,Jærbanen,L5,rail,GOA:ServiceJourney:3039_63078-R,True,actual,False,,,,,2026-09-07T15:44:36.205822+02:00
NSR:StopPlace:61169,Marienborg stasjon,2026-09-07T06:13:00+02:00,2026-09-07T06:17:19+02:00,2026-09-07T06:17:19+02:00,259.0,1,Østmarka via Lerkendal-Strindh.,ATB:Line:2_13,Østmarka - Strindheim - Lerkendal - Havstad,13,bus,ATB:ServiceJourney:13_251215112552820_3,True,actual,False,,,,,2026-09-07T08:42:24.659182+02:00
NSR:StopPlace:58920,Snartemo stasjon,2026-09-07T06:50:00+02:00,2026-09-07T06:54:19+02:00,2026-09-07T06:54:19+02:00,259.0,1,Byremo skoler,AKT:Line:2341,Skolerute Eiken/Snartemo/Byreo,2341,bus,AKT:ServiceJourney:65373_21_19_49200_50940_1075813,True,actual,False,,,,,2026-09-07T08:42:24.659182+02:00
NSR:StopPlace:62308,Alna stasjon,2026-09-07T07:03:00+02:00,2026-09-07T07:07:19+02:00,2026-09-07T07:07:19+02:00,259.0,1,Lillestrøm,VYG:Line:L1,Spikkestad-Oslo S-Lillestrøm,L1,rail,VYG:ServiceJourney:2108_443512-R,True,actual,False,,,,,2026-09-07T08:42:24.659182+02:00
NSR:StopPlace:58947,Steinkjer stasjon,2026-09-07T21:34:00+02:00,2026-09-07T21:38:18+02:00,2026-09-07T21:38:18+02:00,258.0,1,Støren,SJN:Line:26,Trønderbanen,R70,rail,SJN:ServiceJourney:454_56083-R,True,actual,False,,,,,2026-09-08T00:20:52.129880+02:00
NSR:StopPlace:41,Hanaborg stasjon,2026-09-07T20:01:00+02:00,2026-09-07T20:05:18+02:00,2026-09-07T20:05:18+02:00,258.0,1,Lillestrøm,VYG:Line:L1,Spikkestad-Oslo S-Lillestrøm,L1,rail,VYG:ServiceJourney:2260_445359-R,True,actual,False,,,,,2026-09-07T20:27:16.249662+02:00
NSR:StopPlace:58794,Fredrikstad stasjon,2026-09-07T16:45:00+02:00,2026-09-07T16:49:18+02:00,2026-09-07T16:49:18+02:00,258.0,1,Göteborg C,VYG:Line:RE20,Oslo S-Halden-Göteborg (X-Border),RE20,rail,VYG:ServiceJourney:141-393-LOD_459842-R,True,actual,False,,,,,2026-09-07T20:27:16.249662+02:00
NSR:StopPlace:702,Sandnes sentrum stasjon,2026-09-07T15:40:00+02:00,2026-09-07T15:44:18+02:00,2026-09-07T15:44:18+02:00,258.0,1,Egersund,GOA:Line:59,Jærbanen,L5,rail,GOA:ServiceJourney:3046_63090-R,True,actual,False,Toget har redusert kapasitet mellom Stavanger og Bryne.,Vi kjører med færre vogner enn planlagt.,incident,severe,2026-09-07T15:44:36.205822+02:00
NSR:StopPlace:62308,Alna stasjon,2026-09-07T15:03:00+02:00,2026-09-07T15:07:18+02:00,2026-09-07T15:07:18+02:00,258.0,1,Lillestrøm,VYG:Line:L1,Spikkestad-Oslo S-Lillestrøm,L1,rail,VYG:ServiceJourney:2140_443548-R,True,actual,False,,,,,2026-09-07T15:44:36.205822+02:00
NSR:StopPlace:58930,Larvik stasjon,2026-09-07T06:48:00+02:00,2026-09-07T06:52:18+02:00,2026-09-07T06:52:18+02:00,258.0,1,Oslo S,VYG:Line:RX11,Eidsvoll-Oslo S-Skien,RX11,rail,VYG:ServiceJourney:856-SKN_444426-R,True,actual,False,,,,,2026-09-07T08:42:24.659182+02:00
NSR:StopPlace:58835,Lier stasjon,2026-09-07T08:36:00+02:00,2026-09-07T08:40:18+02:00,2026-09-07T08:40:18+02:00,258.0,1,Lierskogen,BRA:Line:4_6073,Drammen - Reistad - Lierskogen,73,bus,BRA:ServiceJourney:6073_260415100160806_1007,True,actual,False,Fra 17/8 går linje 61-63-71-73-251-261 og skolebusser fra holdeplass ved Skutebrygga ut av byen.Les mer på brakar.no/trafikkmeldinger.,,general,normal,2026-09-07T08:42:24.659182+02:00
NSR:StopPlace:58857,Lørenskog stasjon,2026-09-07T06:29:00+02:00,2026-09-07T06:33:18+02:00,2026-09-07T06:33:18+02:00,258.0,1,Lillestrøm,VYG:Line:L1,Spikkestad-Oslo S-Lillestrøm,L1,rail,VYG:ServiceJourney:2206_443594-R,True,actual,False,,,,,2026-09-07T08:42:24.659182+02:00
NSR:StopPlace:58870,Holmestrand stasjon,2026-09-07T07:49:00+02:00,2026-09-07T07:53:18+02:00,2026-09-07T07:53:18+02:00,258.0,1,Oslo S,VYG:Line:RX11,Eidsvoll-Oslo S-Skien,RX11,rail,VYG:ServiceJourney:856-SKN_444426-R,True,actual,False,,,,,2026-09-07T08:42:24.659182+02:00
NSR:StopPlace:58870,Holmestrand stasjon,2026-09-07T22:40:00+02:00,2026-09-07T22:44:17+02:00,2026-09-07T22:44:17+02:00,257.0,1,Hvitstein-Kleiverud,VKT:Line:30,Kleiverud-Holmestrand,30,bus,VKT:ServiceJourney:14875,True,actual,False,,,,,2026-09-08T00:20:52.129880+02:00
NSR:StopPlace:59646,Høvik stasjon,2026-09-07T18:10:00+02:00,2026-09-07T18:14:17+02:00,2026-09-07T18:14:17+02:00,257.0,1,Asker,RUT:Line:270,Asker - Sandvika (- Fornebu),270,bus,RUT:ServiceJourney:3feec7cb285c916fdd871a5af87d4ad5,True,actual,False,,,,,2026-09-07T20:27:16.249662+02:00
NSR:StopPlace:59952,Drammen stasjon,2026-09-07T19:05:00+02:00,2026-09-07T19:09:17+02:00,2026-09-07T19:09:17+02:00,257.0,1,Dal,VYG:Line:R13,Drammen-Oslo S-Dal,R13,rail,VYG:ServiceJourney:1659_443341-R,True,actual,False,,,,,2026-09-07T20:27:16.249662+02:00
NSR:StopPlace:58930,Larvik stasjon,2026-09-07T18:04:00+02:00,2026-09-07T18:08:17+02:00,2026-09-07T18:08:17+02:00,257.0,1,Skien,VYG:Line:RX11,Eidsvoll-Oslo S-Skien,RX11,rail,VYG:ServiceJourney:855-LOE_444425-R,True,actual,False,,,,,2026-09-07T20:27:16.249662+02:00
NSR:StopPlace:58855,Leirsund stasjon,2026-09-07T17:25:00+02:00,2026-09-07T17:29:17+02:00,2026-09-07T17:29:17+02:00,257.0,1,Drammen,VYG:Line:R13,Drammen-Oslo S-Dal,R13,rail,VYG:ServiceJourney:1650_443321-R,True,actual,False,,,,,2026-09-07T20:27:16.249662+02:00
NSR:StopPlace:59652,Tøyen stasjon,2026-09-07T15:15:00+02:00,2026-09-07T15:19:17+02:00,2026-09-07T15:19:17+02:00,257.0,1,Vippetangen,RUT:Line:60,Vippetangen-Tonsenhagen,60,bus,RUT:ServiceJourney:d9b19cbb65bcfba63a5fb302b789eec3,True,actual,False,,,,,2026-09-07T15:44:36.205822+02:00
NSR:StopPlace:59952,Drammen stasjon,2026-09-07T15:17:00+02:00,2026-09-07T15:21:17+02:00,2026-09-07T15:21:17+02:00,257.0,1,Eidsvoll,VYG:Line:R12,Kongsberg-Oslo S-Eidsvoll,R12,rail,VYG:ServiceJourney:522_481319-R,True,actual,False,,,,,2026-09-07T15:44:36.205822+02:00
NSR:StopPlace:59174,Løkken stasjon,2026-09-07T14:33:00+02:00,2026-09-07T14:37:17+02:00,2026-09-07T14:37:17+02:00,257.0,1,Meldal barne- og ungdomsskole,ATB:Line:2_5601,Skjøtskift/Bjørnli - Løkken -,5601,bus,ATB:ServiceJourney:5601_260106098642601_6,True,actual,False,,,,,2026-09-07T15:44:36.205822+02:00
NSR:StopPlace:60047,Melhus skysstasjon,2026-09-07T13:16:00+02:00,2026-09-07T13:20:17+02:00,2026-09-07T13:20:17+02:00,257.0,1,Røros,ATB:Line:2_440,Støren - Røros,440,bus,ATB:ServiceJourney:440_260106098642805_10,True,actual,False,,,,,2026-09-07T15:44:36.205822+02:00
NSR:StopPlace:58795,Kambo stasjon,2026-09-07T15:26:00+02:00,2026-09-07T15:30:17+02:00,2026-09-07T15:30:17+02:00,257.0,1,Moss,RUT:Line:540,Moss - Son - Vestby stasjon,540,bus,RUT:ServiceJourney:d508e823d9bc6d6e54ca715d41bd1e99,True,actual,False,,,,,2026-09-07T15:44:36.205822+02:00
NSR:StopPlace:58841,Ål stasjon,2026-09-07T15:26:00+02:00,2026-09-07T15:30:17+02:00,2026-09-07T15:30:17+02:00,257.0,1,Bergen,VYG:Line:F4,Oslo S-Bergen,F4,rail,VYG:ServiceJourney:601-LOD_456939-R,True,actual,False,,,,,2026-09-07T15:44:36.205822+02:00
NSR:StopPlace:364,Vaksdal stasjon,2026-09-07T14:55:00+02:00,2026-09-07T14:59:17+02:00,2026-09-07T14:59:17+02:00,257.0,1,Voss,VYG:Line:R40,Bergen-Voss-Myrdal-Ål,R40,rail,VYG:ServiceJourney:1820_443407-R,True,actual,False,,,,,2026-09-07T15:44:36.205822+02:00
NSR:StopPlace:61979,Hellvik stasjon,2026-09-07T14:59:00+02:00,2026-09-07T15:03:17+02:00,2026-09-07T15:03:17+02:00,257.0,1,Egersund,GOA:Line:59,Jærbanen,L5,rail,GOA:ServiceJourney:3040_63080-R,True,actual,False,,,,,2026-09-07T15:44:36.205822+02:00
NSR:StopPlace:59648,Kjelsås stasjon,2026-09-07T07:03:00+02:00,2026-09-07T07:07:17+02:00,2026-09-07T07:07:17+02:00,257.0,1,Movatn,VYG:Line:R31,Skøyen-Jaren-Gjøvik,R31,rail,VYG:ServiceJourney:BUS-273_655598-R,True,actual,False,,,,,2026-09-07T08:42:24.659182+02:00
NSR:StopPlace:58935,Levanger stasjon,2026-09-07T07:45:00+02:00,2026-09-07T07:49:17+02:00,2026-09-07T07:49:17+02:00,257.0,1,Nord universitet Levanger,ATB:Line:2_604,Levanger - Høgberget,604,bus,ATB:ServiceJourney:604_260106098643301_6,True,actual,False,,,,,2026-09-07T08:42:24.659182+02:00
NSR:StopPlace:58857,Lørenskog stasjon,2026-09-07T07:36:00+02:00,2026-09-07T07:40:17+02:00,2026-09-07T07:40:17+02:00,257.0,1,Lørenskog sentrum,RUT:Line:67,Økern-Lørenskog sentrum,67,bus,RUT:ServiceJourney:5da9f871fdaf335624bb718745c406c7,True,actual,False,,,,,2026-09-07T08:42:24.659182+02:00
NSR:StopPlace:58819,Grua stasjon,2026-09-07T06:10:00+02:00,2026-09-07T06:14:17+02:00,2026-09-07T06:14:17+02:00,257.0,1,Oslo S,VYG:Line:R31,Skøyen-Jaren-Gjøvik,R31,rail,VYG:ServiceJourney:BUS-244_655559-R,True,actual,False,,,,,2026-09-07T08:42:24.659182+02:00
NSR:StopPlace:59641,Fjellhamar stasjon,2026-09-07T20:03:00+02:00,2026-09-07T20:07:16+02:00,2026-09-07T20:07:16+02:00,256.0,1,Lillestrøm,VYG:Line:L1,Spikkestad-Oslo S-Lillestrøm,L1,rail,VYG:ServiceJourney:2260_445359-R,True,actual,False,,,,,2026-09-07T20:27:16.249662+02:00
NSR:StopPlace:59952,Drammen stasjon,2026-09-07T14:43:00+02:00,2026-09-07T14:47:16+02:00,2026-09-07T14:47:16+02:00,256.0,1,Kongsberg,VYG:Line:R12,Kongsberg-Oslo S-Eidsvoll,R12,rail,VYG:ServiceJourney:519_444320-R,True,actual,False,,,,,2026-09-07T15:44:36.205822+02:00
NSR:StopPlace:59983,Bergen stasjon,2026-09-07T15:16:00+02:00,2026-09-07T15:20:16+02:00,2026-09-07T15:20:16+02:00,256.0,1,Voss,VYG:Line:R40,Bergen-Voss-Myrdal-Ål,R40,rail,VYG:ServiceJourney:1822_481192-R,True,actual,False,,,,,2026-09-07T15:44:36.205822+02:00
NSR:StopPlace:58838,Røyken stasjon,2026-09-07T07:47:00+02:00,2026-09-07T07:51:16+02:00,2026-09-07T07:51:16+02:00,256.0,1,Røyken vgs.,RUT:Line:2072,Grimsrud - Røyken vgs.,2072,bus,RUT:ServiceJourney:59ca2a3d064d091c082a38912ecc9394,True,actual,False,,,,,2026-09-07T08:42:24.659182+02:00
NSR:StopPlace:58844,Eidsvoll stasjon,2026-09-07T07:44:00+02:00,2026-09-07T07:48:16+02:00,2026-09-07T07:48:16+02:00,256.0,1,Eidsvoll,RUT:Line:430,Eidsvoll - Jessheim,430,bus,RUT:ServiceJourney:143177a91fa2f083e45ee98117a684f3,True,actual,False,,,,,2026-09-07T08:42:24.659182+02:00
NSR:StopPlace:58802,Spydeberg stasjon,2026-09-07T07:05:00+02:00,2026-09-07T07:09:16+02:00,2026-09-07T07:09:16+02:00,256.0,1,Svikebøl,OST:Line:1_408,Askim-Spydeberg-Svikebøl,408,bus,OST:ServiceJourney:408_260325121472013_9,True,actual,False,,,,,2026-09-07T08:42:24.659182+02:00
NSR:StopPlace:59653,Haugenstua stasjon,2026-09-07T22:55:00+02:00,2026-09-07T22:59:15+02:00,2026-09-07T22:59:15+02:00,255.0,1,Lillestrøm,VYG:Line:L1,Spikkestad-Oslo S-Lillestrøm,L1,rail,VYG:ServiceJourney:2272_465117-R,True,actual,False,,,,,2026-09-08T00:20:52.129880+02:00
NSR:StopPlace:58869,Ås stasjon,2026-09-07T23:40:00+02:00,2026-09-07T23:44:15+02:00,2026-09-07T23:44:15+02:00,255.0,1,Moss,VYG:Line:R21,Stabekk-Oslo S-Moss,R21,rail,VYG:ServiceJourney:1173-HVK_443070-R,True,actual,False,,,,,2026-09-08T00:20:52.129880+02:00
NSR:StopPlace:59648,Kjelsås stasjon,2026-09-07T18:29:00+02:00,2026-09-07T18:33:15+02:00,2026-09-07T18:33:15+02:00,255.0,1,Haugerud,RUT:Line:25,Majorstuen-Haugerud,25,bus,RUT:ServiceJourney:22e48263f418251b1a550c74da75b406,True,actual,False,,,,,2026-09-07T20:27:16.249662+02:00
NSR:StopPlace:59648,Kjelsås stasjon,2026-09-07T18:34:00+02:00,2026-09-07T18:38:15+02:00,2026-09-07T18:38:15+02:00,255.0,1,Nydalen,VYG:Line:R31,Skøyen-Jaren-Gjøvik,R31,rail,VYG:ServiceJourney:BUS-226_655344-R,True,actual,False,,,,,2026-09-07T20:27:16.249662+02:00
NSR:StopPlace:58950,Åsen stasjon,2026-09-07T20:21:00+02:00,2026-09-07T20:25:15+02:00,2026-09-07T20:25:15+02:00,255.0,1,Steinkjer,SJN:Line:26,Trønderbanen,R70,rail,SJN:ServiceJourney:449_56078-R,True,actual,False,,,,,2026-09-07T20:27:16.249662+02:00
NSR:StopPlace:58876,Tønsberg stasjon,2026-09-07T17:29:00+02:00,2026-09-07T17:33:15+02:00,2026-09-07T17:33:15+02:00,255.0,1,Skien,VYG:Line:RX11,Eidsvoll-Oslo S-Skien,RX11,rail,VYG:ServiceJourney:855-LOE_444425-R,True,actual,False,,,,,2026-09-07T20:27:16.249662+02:00
NSR:StopPlace:313,Høybråten stasjon,2026-09-07T19:57:00+02:00,2026-09-07T20:01:15+02:00,2026-09-07T20:01:15+02:00,255.0,1,Lillestrøm,VYG:Line:L1,Spikkestad-Oslo S-Lillestrøm,L1,rail,VYG:ServiceJourney:2260_445359-R,True,actual,False,,,,,2026-09-07T20:27:16.249662+02:00
NSR:StopPlace:58857,Lørenskog stasjon,2026-09-07T06:06:00+02:00,2026-09-07T06:10:15+02:00,2026-09-07T06:10:15+02:00,255.0,1,Lørenskog sentrum,RUT:Line:67,Økern-Lørenskog sentrum,67,bus,RUT:ServiceJourney:060bc6aae3b7768de5092540fe5dffb5,True,actual,False,,,,,2026-09-07T08:42:24.659182+02:00
NSR:StopPlace:58818,Gran stasjon,2026-09-07T05:24:00+02:00,2026-09-07T05:28:15+02:00,2026-09-07T05:28:15+02:00,255.0,1,Oslo S,VYG:Line:R31,Skøyen-Jaren-Gjøvik,R31,rail,VYG:ServiceJourney:BUS-242_655542-R,True,actual,False,,,,,2026-09-07T08:42:24.659182+02:00
NSR:StopPlace:206,Mariero stasjon,2026-09-07T05:45:00+02:00,2026-09-07T05:49:15+02:00,2026-09-07T05:49:15+02:00,255.0,1,Stavanger,GOA:Line:59,Jærbanen,L5,rail,GOA:ServiceJourney:3001_63033-R,True,actual,False,,,,,2026-09-07T08:42:24.659182+02:00
NSR:StopPlace:59616,Asker stasjon,2026-09-08T00:34:00+02:00,2026-09-08T00:38:14+02:00,2026-09-08T00:38:14+02:00,254.0,1,Lillestrøm,VYG:Line:L1,Spikkestad-Oslo S-Lillestrøm,L1,rail,VYG:ServiceJourney:2282_443722-R,True,actual,False,,,,,2026-09-08T03:39:50.209703+02:00
NSR:StopPlace:58817,Eina stasjon,2026-09-08T01:46:00+02:00,2026-09-08T01:50:14+02:00,2026-09-08T01:50:14+02:00,254.0,1,Gjøvik,VYG:Line:R31,Skøyen-Jaren-Gjøvik,R31,rail,VYG:ServiceJourney:239-ROA_589368-R,True,actual,False,,,,,2026-09-08T03:39:50.209703+02:00
NSR:StopPlace:59703,Åndalsnes stasjon,2026-09-07T21:55:00+02:00,2026-09-07T21:59:14+02:00,2026-09-07T21:59:14+02:00,254.0,1,Molde,MOR:Line:420,Fram Ekspress Molde-Åndalsnes,420,bus,MOR:ServiceJourney:420_125_9150000047249205,True,actual,False,,,,,2026-09-08T00:20:52.129880+02:00
NSR:StopPlace:59620,Grorud stasjon,2026-09-07T21:27:00+02:00,2026-09-07T21:31:14+02:00,2026-09-07T21:31:14+02:00,254.0,1,Spikkestad,VYG:Line:L1,Spikkestad-Oslo S-Lillestrøm,L1,rail,VYG:ServiceJourney:2267_443697-R,True,actual,False,,,,,2026-09-08T00:20:52.129880+02:00
NSR:StopPlace:62393,Billingstad stasjon,2026-09-07T23:52:00+02:00,2026-09-07T23:56:14+02:00,2026-09-07T23:56:14+02:00,254.0,1,Asker,VYG:Line:L1,Spikkestad-Oslo S-Lillestrøm,L1,rail,VYG:ServiceJourney:2173_443584-R,True,actual,False,,,,,2026-09-08T00:20:52.129880+02:00
NSR:StopPlace:58836,Mjøndalen stasjon,2026-09-07T17:05:00+02:00,2026-09-07T17:09:14+02:00,2026-09-07T17:09:14+02:00,254.0,1,Eidsvoll,VYG:Line:R12,Kongsberg-Oslo S-Eidsvoll,R12,rail,VYG:ServiceJourney:526_444332-R,True,actual,False,Normal hastighet: Gulskogen–Mjøndalen,"Gulskogen–Mjøndalen: Togene kjører med normal fart igjen. Togene kjører, men det kan ta litt tid før de er i rute. Du må derfor regne med forsinkelser.",general,normal,2026-09-07T20:27:16.249662+02:00
NSR:StopPlace:62339,Lillestrøm stasjon,2026-09-07T18:15:00+02:00,2026-09-07T18:19:14+02:00,2026-09-07T18:19:14+02:00,254.0,1,Kongsvinger,VYG:Line:R14,Asker-Oslo S-Kongsvinger,R14,rail,VYG:ServiceJourney:1027_442937-R,True,actual,False,Heis i spor 1 og 2 er ute av bruk på grunn av vedlikehold.,Heis i spor 1 og 2 er ute av bruk på grunn av vedlikehold.,general,normal,2026-09-07T20:27:16.249662+02:00
NSR:StopPlace:58826,Reinsvoll stasjon,2026-09-07T14:50:00+02:00,2026-09-07T14:54:14+02:00,2026-09-07T14:54:14+02:00,254.0,1,Roa,VYG:Line:RE30,Oslo S-Gjøvik,RE30,rail,VYG:ServiceJourney:1222-GJOe_589165-R,True,actual,False,,,,,2026-09-07T15:44:36.205822+02:00
NSR:StopPlace:61464,Hvalstad stasjon,2026-09-07T07:40:00+02:00,2026-09-07T07:44:14+02:00,2026-09-07T07:44:14+02:00,254.0,1,Lillestrøm,VYG:Line:L1,Spikkestad-Oslo S-Lillestrøm,L1,rail,VYG:ServiceJourney:2214_443607-R,True,actual,False,Færre vogner,Denne avgangen kjører dessverre med 4 vogner i stedet for 8 vogner. Dette skyldes at vi mangler et togsett.,general,normal,2026-09-07T08:42:24.659182+02:00
NSR:StopPlace:58884,Skien stasjon,2026-09-07T06:25:00+02:00,2026-09-07T06:29:14+02:00,2026-09-07T06:29:14+02:00,254.0,1,Oslo S,VYG:Line:RX11,Eidsvoll-Oslo S-Skien,RX11,rail,VYG:ServiceJourney:856-SKN_444426-R,True,actual,False,,,,,2026-09-07T08:42:24.659182+02:00
NSR:StopPlace:58884,Skien stasjon,2026-09-07T08:18:00+02:00,2026-09-07T08:22:14+02:00,2026-09-07T08:22:14+02:00,254.0,1,Skien Landmannstorget,TEL:Line:8047,Siljan-Skien-Åfoss,P7,bus,TEL:ServiceJourney:127379,True,actual,False,,,,,2026-09-07T08:42:24.659182+02:00
NSR:StopPlace:58801,Sarpsborg stasjon,2026-09-07T08:13:00+02:00,2026-09-07T08:17:14+02:00,2026-09-07T08:17:14+02:00,254.0,1,Blessom,OST:Line:1_13,Kalnes - Blessom,13,bus,OST:ServiceJourney:13_260325121470816_6,True,actual,False,,,,,2026-09-07T08:42:24.659182+02:00
NSR:StopPlace:58825,Raufoss stasjon,2026-09-07T08:15:00+02:00,2026-09-07T08:19:14+02:00,2026-09-07T08:19:14+02:00,254.0,1,Gjøvik-Lena,INN:Line:46,Lena-Raufoss-Gjøvik-Kapp-Lena,B46,bus,INN:ServiceJourney:76823,True,actual,False,,,,,2026-09-07T08:42:24.659182+02:00
NSR:StopPlace:313,Høybråten stasjon,2026-09-07T06:27:00+02:00,2026-09-07T06:31:14+02:00,2026-09-07T06:31:14+02:00,254.0,1,Lillestrøm,VYG:Line:L1,Spikkestad-Oslo S-Lillestrøm,L1,rail,VYG:ServiceJourney:2206_443594-R,True,actual,False,,,,,2026-09-07T08:42:24.659182+02:00
NSR:StopPlace:61608,Kristiansand stasjon,2026-09-07T18:01:00+02:00,2026-09-07T18:05:13+02:00,2026-09-07T18:05:13+02:00,253.0,1,Stavanger,GOA:Line:50,Sørtoget region,F5,rail,GOA:ServiceJourney:713-LOD_68191-R,True,actual,False,,,,,2026-09-07T20:27:16.249662+02:00
NSR:StopPlace:58847,Frogner stasjon,2026-09-07T17:21:00+02:00,2026-09-07T17:25:13+02:00,2026-09-07T17:25:13+02:00,253.0,1,Drammen,VYG:Line:R13,Drammen-Oslo S-Dal,R13,rail,VYG:ServiceJourney:1650_443321-R,True,actual,False,,,,,2026-09-07T20:27:16.249662+02:00
NSR:StopPlace:58850,Hauerseter stasjon,2026-09-07T18:00:00+02:00,2026-09-07T18:04:13+02:00,2026-09-07T18:04:13+02:00,253.0,1,Drammen,VYG:Line:R13,Drammen-Oslo S-Dal,R13,rail,VYG:ServiceJourney:1654_443330-R,True,actual,False,,,,,2026-09-07T20:27:16.249662+02:00
NSR:StopPlace:62094,Lindeberg stasjon,2026-09-07T17:37:00+02:00,2026-09-07T17:41:13+02:00,2026-09-07T17:41:13+02:00,253.0,1,Dal,VYG:Line:R13,Drammen-Oslo S-Dal,R13,rail,VYG:ServiceJourney:1649_443318-R,True,actual,False,,,,,2026-09-07T20:27:16.249662+02:00
NSR:StopPlace:61251,Øksnavadporten stasjon,2026-09-07T05:39:00+02:00,2026-09-07T05:43:13+02:00,2026-09-07T05:43:13+02:00,253.0,1,Egersund,GOA:Line:59,Jærbanen,L5,rail,GOA:ServiceJourney:3006_63037-R,True,actual,False,,,,,2026-09-07T08:42:24.659182+02:00
NSR:StopPlace:58930,Larvik stasjon,2026-09-07T07:07:00+02:00,2026-09-07T07:11:13+02:00,2026-09-07T07:11:13+02:00,253.0,1,Larvik-Sandefjord,VKT:Line:3,Busk-Sandefjord-Larvik-Veldre,3,bus,VKT:ServiceJourney:17539,True,actual,False,,,,,2026-09-07T08:42:24.659182+02:00
NSR:StopPlace:58852,Høn stasjon,2026-09-07T07:36:00+02:00,2026-09-07T07:40:13+02:00,2026-09-07T07:40:13+02:00,253.0,1,Lillestrøm,VYG:Line:L1,Spikkestad-Oslo S-Lillestrøm,L1,rail,VYG:ServiceJourney:2214_443607-R,True,actual,False,Færre vogner,Denne avgangen kjører dessverre med 4 vogner i stedet for 8 vogner. Dette skyldes at vi mangler et togsett.,general,normal,2026-09-07T08:42:24.659182+02:00
NSR:StopPlace:58886,Arendal stasjon,2026-09-07T07:07:00+02:00,2026-09-07T07:11:13+02:00,2026-09-07T07:11:13+02:00,253.0,1,Grimstad via Arendal sentrum,AKT:Line:101,Eydehavn-Arendal-Grimstad N/S,101,bus,AKT:ServiceJourney:71729_61_89_49200_53580_40000971,True,actual,False,,,,,2026-09-07T08:42:24.659182+02:00
NSR:StopPlace:261,Ganddal stasjon,2026-09-07T05:35:00+02:00,2026-09-07T05:39:13+02:00,2026-09-07T05:39:13+02:00,253.0,1,Egersund,GOA:Line:59,Jærbanen,L5,rail,GOA:ServiceJourney:3006_63037-R,True,actual,False,,,,,2026-09-07T08:42:24.659182+02:00
NSR:StopPlace:59261,Trondheim lufthavn,2026-09-07T22:42:00+02:00,2026-09-07T22:46:12+02:00,2026-09-07T22:46:12+02:00,252.0,1,Stjørdal stasjon,ATB:Line:2_70,Stjørdal/Hommelvik- Trondheim,70,bus,ATB:ServiceJourney:70_251215112547107_107,True,actual,False,,,,,2026-09-08T00:20:52.129880+02:00
NSR:StopPlace:58830,Brakerøya stasjon,2026-09-07T22:38:00+02:00,2026-09-07T22:42:12+02:00,2026-09-07T22:42:12+02:00,252.0,1,Dal,VYG:Line:R13,Drammen-Oslo S-Dal,R13,rail,VYG:ServiceJourney:1673_443370-R,True,actual,False,,,,,2026-09-08T00:20:52.129880+02:00
NSR:StopPlace:61334,Ogna stasjon,2026-09-07T18:32:00+02:00,2026-09-07T18:36:12+02:00,2026-09-07T18:36:12+02:00,252.0,1,Stavanger,GOA:Line:59,Jærbanen,L5,rail,GOA:ServiceJourney:3057_63110-R,True,actual,False,,,,,2026-09-07T20:27:16.249662+02:00
NSR:StopPlace:59643,Grefsen stasjon,2026-09-07T17:23:00+02:00,2026-09-07T17:27:12+02:00,2026-09-07T17:27:12+02:00,252.0,1,Lysaker,RUT:Line:23,Lysaker - Simensbråten,23,bus,RUT:ServiceJourney:42552528534d20ad964bd44ef818d635,True,actual,False,,,,,2026-09-07T20:27:16.249662+02:00
NSR:StopPlace:59653,Haugenstua stasjon,2026-09-07T19:55:00+02:00,2026-09-07T19:59:12+02:00,2026-09-07T19:59:12+02:00,252.0,1,Lillestrøm,VYG:Line:L1,Spikkestad-Oslo S-Lillestrøm,L1,rail,VYG:ServiceJourney:2260_445359-R,True,actual,False,,,,,2026-09-07T20:27:16.249662+02:00
NSR:StopPlace:58924,Bryne stasjon,2026-09-07T18:10:00+02:00,2026-09-07T18:14:12+02:00,2026-09-07T18:14:12+02:00,252.0,1,Lyefjell,KOL:Line:8_2017,50,50,bus,KOL:ServiceJourney:2017_260407061539067_2024,True,actual,False,,,,,2026-09-07T20:27:16.249662+02:00
NSR:StopPlace:58924,Bryne stasjon,2026-09-07T18:26:00+02:00,2026-09-07T18:30:12+02:00,2026-09-07T18:30:12+02:00,252.0,1,Stavanger,GOA:Line:59,Jærbanen,L5,rail,GOA:ServiceJourney:3055_63106-R,True,actual,False,,,,,2026-09-07T20:27:16.249662+02:00
NSR:StopPlace:58843,Blommenholm stasjon,2026-09-07T18:20:00+02:00,2026-09-07T18:24:12+02:00,2026-09-07T18:24:12+02:00,252.0,1,Lillestrøm,VYG:Line:L1,Spikkestad-Oslo S-Lillestrøm,L1,rail,VYG:ServiceJourney:2256_445354-R,True,actual,False,,,,,2026-09-07T20:27:16.249662+02:00
NSR:StopPlace:358,Ustaoset stasjon,2026-09-07T16:37:00+02:00,2026-09-07T16:41:12+02:00,2026-09-07T16:41:12+02:00,252.0,1,Oslo S,VYG:Line:F4,Oslo S-Bergen,F4,rail,VYG:ServiceJourney:90608_661661-R,True,actual,False,,,,,2026-09-07T20:27:16.249662+02:00
NSR:StopPlace:58886,Arendal stasjon,2026-09-07T14:29:00+02:00,2026-09-07T14:33:12+02:00,2026-09-07T14:33:12+02:00,252.0,1,Rykene via Arendal sentrum,AKT:Line:102,Tromøy Øst-Arendal-Rykene,102,bus,AKT:ServiceJourney:72013_121_72_101160_104580_40001667,True,actual,False,,,,,2026-09-07T15:44:36.205822+02:00
NSR:StopPlace:58819,Grua stasjon,2026-09-07T14:11:00+02:00,2026-09-07T14:15:12+02:00,2026-09-07T14:15:12+02:00,252.0,1,Brandbu via Mohagen,INN:Line:112,Brandbu-Gran-Harestua,112,bus,INN:ServiceJourney:70832,True,actual,False,,,,,2026-09-07T15:44:36.205822+02:00
NSR:StopPlace:62361,Reimegrend stasjon,2026-09-07T15:07:00+02:00,2026-09-07T15:11:12+02:00,2026-09-07T15:11:12+02:00,252.0,1,Myrdal,VYG:Line:R40,Bergen-Voss-Myrdal-Ål,R40,rail,VYG:ServiceJourney:1818_443404-R,True,actual,False,,,,,2026-09-07T15:44:36.205822+02:00
NSR:StopPlace:61251,Øksnavadporten stasjon,2026-09-07T08:05:00+02:00,2026-09-07T08:09:12+02:00,2026-09-07T08:09:12+02:00,252.0,1,Stavanger,GOA:Line:59,Jærbanen,L5,rail,GOA:ServiceJourney:3013_63045-R,True,actual,False,,,,,2026-09-07T08:42:24.659182+02:00
NSR:StopPlace:59952,Drammen stasjon,2026-09-07T08:14:00+02:00,2026-09-07T08:18:12+02:00,2026-09-07T08:18:12+02:00,252.0,1,Skien,VYG:Line:RE11,Eidsvoll-Oslo S-Skien,RE11,rail,VYG:ServiceJourney:807_481326-R,True,actual,False,,,,,2026-09-07T08:42:24.659182+02:00
NSR:StopPlace:59957,Klepp stasjon,2026-09-07T08:03:00+02:00,2026-09-07T08:07:12+02:00,2026-09-07T08:07:12+02:00,252.0,1,Stavanger,GOA:Line:59,Jærbanen,L5,rail,GOA:ServiceJourney:3013_63045-R,True,actual,False,,,,,2026-09-07T08:42:24.659182+02:00
NSR:StopPlace:58933,Hegra stasjon,2026-09-07T07:43:00+02:00,2026-09-07T07:47:12+02:00,2026-09-07T07:47:12+02:00,252.0,1,Halsen ungdomsskole,ATB:Line:2_7710,Flora - Sonli - Hegra - Halsen,7710,bus,ATB:ServiceJourney:7710_260106098642047_4,True,actual,False,,,,,2026-09-07T08:42:24.659182+02:00
NSR:StopPlace:58877,Bø stasjon,2026-09-07T07:52:00+02:00,2026-09-07T07:56:12+02:00,2026-09-07T07:56:12+02:00,252.0,1,Seljord,TEL:Line:8181,Seljord-Bø-Skien,R1,bus,TEL:ServiceJourney:127083,True,actual,False,,,,,2026-09-07T08:42:24.659182+02:00
NSR:StopPlace:58828,Roa stasjon,2026-09-07T06:40:00+02:00,2026-09-07T06:44:12+02:00,2026-09-07T06:44:12+02:00,252.0,1,Oslo S,VYG:Line:RE30,Oslo S-Gjøvik,RE30,rail,VYG:ServiceJourney:BUS-1204_654983-R,True,actual,False,,,,,2026-09-07T08:42:24.659182+02:00
NSR:StopPlace:59957,Klepp stasjon,2026-09-07T22:22:00+02:00,2026-09-07T22:26:11+02:00,2026-09-07T22:26:11+02:00,251.0,1,Egersund,GOA:Line:59,Jærbanen,L5,rail,GOA:ServiceJourney:3072_63133-R,True,actual,False,,,,,2026-09-08T00:20:52.129880+02:00
NSR:StopPlace:58964,Kløfta stasjon,2026-09-07T22:14:00+02:00,2026-09-07T22:18:11+02:00,2026-09-07T22:18:11+02:00,251.0,1,Dal,VYG:Line:R13,Drammen-Oslo S-Dal,R13,rail,VYG:ServiceJourney:1667_443357-R,True,actual,False,,,,,2026-09-08T00:20:52.129880+02:00
NSR:StopPlace:58842,Blaker stasjon,2026-09-07T23:36:00+02:00,2026-09-07T23:40:11+02:00,2026-09-07T23:40:11+02:00,251.0,1,Kongsvinger,VYG:Line:R14,Asker-Oslo S-Kongsvinger,R14,rail,VYG:ServiceJourney:1037_442949-R,True,actual,False,,,,,2026-09-08T00:20:52.129880+02:00
NSR:StopPlace:58859,Nordby stasjon,2026-09-07T23:03:00+02:00,2026-09-07T23:07:11+02:00,2026-09-07T23:07:11+02:00,251.0,1,Drammen,VYG:Line:R13,Drammen-Oslo S-Dal,R13,rail,VYG:ServiceJourney:1674_481183-R,True,actual,False,,,,,2026-09-08T00:20:52.129880+02:00
NSR:StopPlace:58864,Sørumsand stasjon,2026-09-07T23:31:00+02:00,2026-09-07T23:35:11+02:00,2026-09-07T23:35:11+02:00,251.0,1,Kongsvinger,VYG:Line:R14,Asker-Oslo S-Kongsvinger,R14,rail,VYG:ServiceJourney:1037_442949-R,True,actual,False,,,,,2026-09-08T00:20:52.129880+02:00
NSR:StopPlace:61381,Singsås stasjon,2026-09-07T18:03:00+02:00,2026-09-07T18:07:11+02:00,2026-09-07T18:07:11+02:00,251.0,1,Trondheim S,ATB:Line:2_440,Støren - Røros,440,bus,ATB:ServiceJourney:440_260106098642803_33,True,actual,False,,,,,2026-09-07T20:27:16.249662+02:00
NSR:StopPlace:59649,Nydalen stasjon,2026-09-07T18:06:00+02:00,2026-09-07T18:10:11+02:00,2026-09-07T18:10:11+02:00,251.0,1,Simensbråten,RUT:Line:23,Lysaker - Simensbråten,23,bus,RUT:ServiceJourney:8a85c6677b6615981906868062895c73,True,actual,False,,,,,2026-09-07T20:27:16.249662+02:00
NSR:StopPlace:60569,Sirevåg stasjon,2026-09-07T17:03:00+02:00,2026-09-07T17:07:11+02:00,2026-09-07T17:07:11+02:00,251.0,1,Stavanger,GOA:Line:59,Jærbanen,L5,rail,GOA:ServiceJourney:3051_63099-R,True,actual,False,,,,,2026-09-07T20:27:16.249662+02:00
NSR:StopPlace:58918,Nodeland stasjon,2026-09-07T18:10:00+02:00,2026-09-07T18:14:11+02:00,2026-09-07T18:14:11+02:00,251.0,1,Stavanger,GOA:Line:50,Sørtoget region,F5,rail,GOA:ServiceJourney:713-LOD_68191-R,True,actual,False,,,,,2026-09-07T20:27:16.249662+02:00
NSR:StopPlace:58835,Lier stasjon,2026-09-07T20:11:00+02:00,2026-09-07T20:15:11+02:00,2026-09-07T20:15:11+02:00,251.0,1,Dal,VYG:Line:R13,Drammen-Oslo S-Dal,R13,rail,VYG:ServiceJourney:1663_443349-R,True,actual,False,,,,,2026-09-07T20:27:16.249662+02:00
NSR:StopPlace:58852,Høn stasjon,2026-09-07T19:06:00+02:00,2026-09-07T19:10:11+02:00,2026-09-07T19:10:11+02:00,251.0,1,Lillestrøm,VYG:Line:L1,Spikkestad-Oslo S-Lillestrøm,L1,rail,VYG:ServiceJourney:2260_445359-R,True,actual,False,,,,,2026-09-07T20:27:16.249662+02:00
NSR:StopPlace:358,Ustaoset stasjon,2026-09-07T18:12:00+02:00,2026-09-07T18:16:11+02:00,2026-09-07T18:16:11+02:00,251.0,1,Bergen,VYG:Line:F4,Oslo S-Bergen,F4,rail,VYG:ServiceJourney:65-LOD_590005-R,True,actual,False,,,,,2026-09-07T20:27:16.249662+02:00
NSR:StopPlace:61979,Hellvik stasjon,2026-09-07T16:58:00+02:00,2026-09-07T17:02:11+02:00,2026-09-07T17:02:11+02:00,251.0,1,Stavanger,GOA:Line:59,Jærbanen,L5,rail,GOA:ServiceJourney:3051_63099-R,True,actual,False,,,,,2026-09-07T20:27:16.249662+02:00
NSR:StopPlace:4,Otta stasjon,2026-09-07T05:54:00+02:00,2026-09-07T05:58:11+02:00,2026-09-07T05:58:11+02:00,251.0,1,Drammen,VYG:Line:RE10,Drammen-Oslo S-Lillehammer,RE10,rail,VYG:ServiceJourney:308-DOM_444144-R,True,actual,False,,,,,2026-09-07T08:42:24.659182+02:00
NSR:StopPlace:58925,Gausel stasjon,2026-09-07T05:39:00+02:00,2026-09-07T05:43:11+02:00,2026-09-07T05:43:11+02:00,251.0,1,Stavanger,GOA:Line:59,Jærbanen,L5,rail,GOA:ServiceJourney:3001_63033-R,True,actual,False,,,,,2026-09-07T08:42:24.659182+02:00
NSR:StopPlace:59638,Myrvoll stasjon,2026-09-07T22:07:00+02:00,2026-09-07T22:11:10+02:00,2026-09-07T22:11:10+02:00,250.0,1,Kolbotn torg,RUT:Line:580,Kolbotn - Ski,580,bus,RUT:ServiceJourney:06ecfc27831641ad97eb2493f53a2de0,True,actual,False,,,,,2026-09-08T00:20:52.129880+02:00
NSR:StopPlace:61464,Hvalstad stasjon,2026-09-07T18:10:00+02:00,2026-09-07T18:14:10+02:00,2026-09-07T18:14:10+02:00,250.0,1,Lillestrøm,VYG:Line:L1,Spikkestad-Oslo S-Lillestrøm,L1,rail,VYG:ServiceJourney:2256_445354-R,True,actual,False,,,,,2026-09-07T20:27:16.249662+02:00
NSR:StopPlace:58852,Høn stasjon,2026-09-07T17:59:00+02:00,2026-09-07T18:03:10+02:00,2026-09-07T18:03:10+02:00,250.0,1,Asker,VYG:Line:L1,Spikkestad-Oslo S-Lillestrøm,L1,rail,VYG:ServiceJourney:2149_443557-R,True,actual,False,,,,,2026-09-07T20:27:16.249662+02:00
NSR:StopPlace:58850,Hauerseter stasjon,2026-09-07T14:30:00+02:00,2026-09-07T14:34:10+02:00,2026-09-07T14:34:10+02:00,250.0,1,Dal,VYG:Line:R13,Drammen-Oslo S-Dal,R13,rail,VYG:ServiceJourney:1635_481152-R,True,actual,False,,,,,2026-09-07T15:44:36.205822+02:00
NSR:StopPlace:59642,Rånåsfoss stasjon,2026-09-07T08:18:00+02:00,2026-09-07T08:22:10+02:00,2026-09-07T08:22:10+02:00,250.0,1,Asker,VYG:Line:R14,Asker-Oslo S-Kongsvinger,R14,rail,VYG:ServiceJourney:1008_442913-R,True,actual,False,,,,,2026-09-07T08:42:24.659182+02:00
NSR:StopPlace:58790,Verdal stasjon,2026-09-07T06:28:00+02:00,2026-09-07T06:32:10+02:00,2026-09-07T06:32:10+02:00,250.0,1,Lerkendal,SJN:Line:26,Trønderbanen,R70,rail,SJN:ServiceJourney:1762_55816-R,True,actual,False,,,,,2026-09-07T08:42:24.659182+02:00
NSR:StopPlace:702,Sandnes sentrum stasjon,2026-09-07T05:34:00+02:00,2026-09-07T05:38:10+02:00,2026-09-07T05:38:10+02:00,250.0,1,Stavanger,GOA:Line:59,Jærbanen,L5,rail,GOA:ServiceJourney:3001_63033-R,True,actual,False,,,,,2026-09-07T08:42:24.659182+02:00
NSR:StopPlace:58924,Bryne stasjon,2026-09-07T21:58:00+02:00,2026-09-07T22:02:09+02:00,2026-09-07T22:02:09+02:00,249.0,1,Stavanger,GOA:Line:59,Jærbanen,L5,rail,GOA:ServiceJourney:3069_63130-R,True,actual,False,,,,,2026-09-08T00:20:52.129880+02:00
NSR:StopPlace:58924,Bryne stasjon,2026-09-07T22:26:00+02:00,2026-09-07T22:30:09+02:00,2026-09-07T22:30:09+02:00,249.0,1,Stavanger,GOA:Line:59,Jærbanen,L5,rail,GOA:ServiceJourney:3071_63132-R,True,actual,False,,,,,2026-09-08T00:20:52.129880+02:00
NSR:StopPlace:58830,Brakerøya stasjon,2026-09-07T22:08:00+02:00,2026-09-07T22:12:09+02:00,2026-09-07T22:12:09+02:00,249.0,1,Dal,VYG:Line:R13,Drammen-Oslo S-Dal,R13,rail,VYG:ServiceJourney:1671_443365-R,True,actual,False,,,,,2026-09-08T00:20:52.129880+02:00
NSR:StopPlace:58852,Høn stasjon,2026-09-07T22:36:00+02:00,2026-09-07T22:40:09+02:00,2026-09-07T22:40:09+02:00,249.0,1,Lillestrøm,VYG:Line:L1,Spikkestad-Oslo S-Lillestrøm,L1,rail,VYG:ServiceJourney:2274_443709-R,True,actual,False,,,,,2026-09-08T00:20:52.129880+02:00
NSR:StopPlace:60603,Kongsberg stasjon,2026-09-07T17:34:00+02:00,2026-09-07T17:38:09+02:00,2026-09-07T17:38:09+02:00,249.0,1,Eidsvoll,VYG:Line:R12,Kongsberg-Oslo S-Eidsvoll,R12,rail,VYG:ServiceJourney:528_444335-R,True,actual,False,,,,,2026-09-07T20:27:16.249662+02:00
NSR:StopPlace:58861,Solbråtan stasjon,2026-09-07T18:45:00+02:00,2026-09-07T18:49:09+02:00,2026-09-07T18:49:09+02:00,249.0,1,Bjørvika,RUT:Line:83,Jernbanetorget - Tårnåsen,83,bus,RUT:ServiceJourney:748259974b908b1f36b1b49d547d0081,True,actual,False,Linje 80E og 83 får Hausmanns bru som ny endeholdeplass fra 29. juni,"Bussene stopper ikke på Jernbanetorget etter 29. juni, men starter og stopper på Hausmanns bru i Nylandsveien.",incident,normal,2026-09-07T20:27:16.249662+02:00
NSR:StopPlace:58873,Skoppum stasjon,2026-09-07T17:18:00+02:00,2026-09-07T17:22:09+02:00,2026-09-07T17:22:09+02:00,249.0,1,Skien,VYG:Line:RX11,Eidsvoll-Oslo S-Skien,RX11,rail,VYG:ServiceJourney:855-LOE_444425-R,True,actual,False,,,,,2026-09-07T20:27:16.249662+02:00
NSR:StopPlace:58834,Hokksund stasjon,2026-09-07T13:59:00+02:00,2026-09-07T14:03:09+02:00,2026-09-07T14:03:09+02:00,249.0,1,Eidsvoll,VYG:Line:R12,Kongsberg-Oslo S-Eidsvoll,R12,rail,VYG:ServiceJourney:520_444322-R,True,actual,False,,,,,2026-09-07T15:44:36.205822+02:00
NSR:StopPlace:58843,Blommenholm stasjon,2026-09-07T07:58:00+02:00,2026-09-07T08:02:09+02:00,2026-09-07T08:02:09+02:00,249.0,1,Spikkestad,VYG:Line:L1,Spikkestad-Oslo S-Lillestrøm,L1,rail,VYG:ServiceJourney:2211_443602-R,True,actual,False,,,,,2026-09-07T08:42:24.659182+02:00
NSR:StopPlace:58870,Holmestrand stasjon,2026-09-07T07:15:00+02:00,2026-09-07T07:19:09+02:00,2026-09-07T07:19:09+02:00,249.0,1,Horten-Tønsberg,VKT:Line:2,Tjøme-Tønsberg-Horten-Holmestr,2,bus,VKT:ServiceJourney:15815,True,actual,False,Forsinkelser Linje 2 og 411,Pga. veiarbeid i Horten sentrum vil det kunne oppstå forsinkelser på busser i tidsrommet 3.-11. september. ,incident,normal,2026-09-07T08:42:24.659182+02:00
NSR:StopPlace:58921,Vennesla stasjon,2026-09-07T15:31:00+02:00,2026-09-07T15:35:08+02:00,2026-09-07T15:35:08+02:00,248.0,1,Vennesla - Grovane st. via Moseidmoen,AKT:Line:30,Kvadraturen - Mosby - Vennesl,30,bus,AKT:ServiceJourney:79395_181_49_108000_110940_40001566,True,actual,False,,,,,2026-09-07T15:44:36.205822+02:00
NSR:StopPlace:58834,Hokksund stasjon,2026-09-07T14:55:00+02:00,2026-09-07T14:59:08+02:00,2026-09-07T14:59:08+02:00,248.0,1,Harakollen,BRA:Line:4_6125,Hokksund - Harakollen,125,bus,BRA:ServiceJourney:6125_260415100159539_1018,True,actual,False,,,,,2026-09-07T15:44:36.205822+02:00
NSR:StopPlace:58952,Bodø stasjon,2026-09-07T06:55:00+02:00,2026-09-07T06:59:08+02:00,2026-09-07T06:59:08+02:00,248.0,1,Løpsmarka,NOR:Line:12_8004,Tverlandet - Bodø sentrum - Løpsmarka,4,bus,NOR:ServiceJourney:8004_251012124900589_2002,True,actual,False,,,,,2026-09-07T08:42:24.659182+02:00
NSR:StopPlace:400,Ler stasjon,2026-09-07T07:01:00+02:00,2026-09-07T07:05:08+02:00,2026-09-07T07:05:08+02:00,248.0,1,Trondheim S,SJN:Line:25,Rørosbanen,R60,rail,SJN:ServiceJourney:411_37676-R,True,actual,False,,,,,2026-09-07T08:42:24.659182+02:00
NSR:StopPlace:59654,Stabekk stasjon,2026-09-07T17:37:00+02:00,2026-09-07T17:41:07+02:00,2026-09-07T17:41:07+02:00,247.0,1,Gullhaug,RUT:Line:150,Gullhaug - Nationaltheatret,150,bus,RUT:ServiceJourney:3b64a8ed9f1efaaa0eb8d4cf6e7834f7,True,actual,False,Holdeplass Stabekk stasjon i retning mot Bekkestua er flyttet ca. 50 meter bakover.,Dette skyldes anleggsarbeid i området.,incident,normal,2026-09-07T20:27:16.249662+02:00
NSR:StopPlace:59649,Nydalen stasjon,2026-09-07T08:06:00+02:00,2026-09-07T08:10:07+02:00,2026-09-07T08:10:07+02:00,247.0,1,Simensbråten,RUT:Line:23,Lysaker - Simensbråten,23,bus,RUT:ServiceJourney:1ce7d370aa5a98b357a6734e0e027b45,True,actual,False,,,,,2026-09-07T08:42:24.659182+02:00
NSR:StopPlace:58924,Bryne stasjon,2026-09-07T08:10:00+02:00,2026-09-07T08:14:07+02:00,2026-09-07T08:14:07+02:00,247.0,1,Lyefjell,KOL:Line:8_2017,50,50,bus,KOL:ServiceJourney:2017_260407061523325_2004,True,actual,False,,,,,2026-09-07T08:42:24.659182+02:00
NSR:StopPlace:58799,Rygge stasjon,2026-09-07T06:24:00+02:00,2026-09-07T06:28:07+02:00,2026-09-07T06:28:07+02:00,247.0,1,Oslo S,VYG:Line:RE20,Oslo S-Halden-Göteborg (X-Border),RE20,rail,VYG:ServiceJourney:142-HLD_509063-R,True,actual,False,Færre vogner,Denne avgangen kjører dessverre med 4 vogner i stedet for 8 vogner. Dette skyldes at vi mangler et togsett.,general,normal,2026-09-07T08:42:24.659182+02:00
NSR:StopPlace:58828,Roa stasjon,2026-09-07T05:54:00+02:00,2026-09-07T05:58:07+02:00,2026-09-07T05:58:07+02:00,247.0,1,Oslo S,VYG:Line:R31,Skøyen-Jaren-Gjøvik,R31,rail,VYG:ServiceJourney:BUS-244_655558-R,True,actual,False,,,,,2026-09-07T08:42:24.659182+02:00
NSR:StopPlace:362,Jåttåvågen stasjon,2026-09-07T07:42:00+02:00,2026-09-07T07:46:07+02:00,2026-09-07T07:46:07+02:00,247.0,1,Stavanger,GOA:Line:59,Jærbanen,L5,rail,GOA:ServiceJourney:3009_63041-R,True,actual,False,,,,,2026-09-07T08:42:24.659182+02:00
NSR:StopPlace:58853,Kolbotn stasjon,2026-09-07T18:04:00+02:00,2026-09-07T18:08:06+02:00,2026-09-07T18:08:06+02:00,246.0,1,Bjørvika,RUT:Line:83,Jernbanetorget - Tårnåsen,83,bus,RUT:ServiceJourney:f0f8a1ab0fa9215c5787e5174674cfff,True,actual,False,Linje 80E og 83 får Hausmanns bru som ny endeholdeplass fra 29. juni,"Bussene stopper ikke på Jernbanetorget etter 29. juni, men starter og stopper på Hausmanns bru i Nylandsveien.",incident,normal,2026-09-07T20:27:16.249662+02:00
NSR:StopPlace:60569,Sirevåg stasjon,2026-09-07T15:04:00+02:00,2026-09-07T15:08:06+02:00,2026-09-07T15:08:06+02:00,246.0,1,Stavanger,GOA:Line:59,Jærbanen,L5,rail,GOA:ServiceJourney:3043_63086-R,True,actual,False,,,,,2026-09-07T15:44:36.205822+02:00
NSR:StopPlace:59639,Sonsveien stasjon,2026-09-07T15:21:00+02:00,2026-09-07T15:25:06+02:00,2026-09-07T15:25:06+02:00,246.0,1,Moss,VYG:Line:R21,Stabekk-Oslo S-Moss,R21,rail,VYG:ServiceJourney:1139-HVK_443016-R,True,actual,False,,,,,2026-09-07T15:44:36.205822+02:00
NSR:StopPlace:58935,Levanger stasjon,2026-09-07T15:20:00+02:00,2026-09-07T15:24:06+02:00,2026-09-07T15:24:06+02:00,246.0,1,Langåsbakken,ATB:Line:2_7412,Markabygda - Skogn - Levanger,7412,bus,ATB:ServiceJourney:7412_260106098640819_1,True,actual,False,,,,,2026-09-07T15:44:36.205822+02:00
NSR:StopPlace:58852,Høn stasjon,2026-09-07T15:06:00+02:00,2026-09-07T15:10:06+02:00,2026-09-07T15:10:06+02:00,246.0,1,Lillestrøm,VYG:Line:L1,Spikkestad-Oslo S-Lillestrøm,L1,rail,VYG:ServiceJourney:2244_445341-R,True,actual,False,,,,,2026-09-07T15:44:36.205822+02:00
NSR:StopPlace:61979,Hellvik stasjon,2026-09-07T14:59:00+02:00,2026-09-07T15:03:06+02:00,2026-09-07T15:03:06+02:00,246.0,1,Stavanger,GOA:Line:59,Jærbanen,L5,rail,GOA:ServiceJourney:3043_63086-R,True,actual,False,,,,,2026-09-07T15:44:36.205822+02:00
NSR:StopPlace:58936,Skatval stasjon,2026-09-07T07:50:00+02:00,2026-09-07T07:54:06+02:00,2026-09-07T07:54:06+02:00,246.0,1,Halsen ungdomsskole,ATB:Line:2_7702,Langstein - Skatval - Halsen,7702,bus,ATB:ServiceJourney:7702_260106098642001_4,True,actual,False,,,,,2026-09-07T08:42:24.659182+02:00
NSR:StopPlace:59651,Skøyen stasjon,2026-09-07T20:54:00+02:00,2026-09-07T20:58:05+02:00,2026-09-07T20:58:05+02:00,245.0,1,Kongsvinger,VYG:Line:R14,Asker-Oslo S-Kongsvinger,R14,rail,VYG:ServiceJourney:1033_442944-R,True,actual,False,,,,,2026-09-08T00:20:52.129880+02:00
NSR:StopPlace:393,Leangen stasjon,2026-09-07T21:24:00+02:00,2026-09-07T21:28:05+02:00,2026-09-07T21:28:05+02:00,245.0,1,Steinkjer,SJN:Line:26,Trønderbanen,R70,rail,SJN:ServiceJourney:453_56082-R,True,actual,False,,,,,2026-09-08T00:20:52.129880+02:00
NSR:StopPlace:58837,Nesbyen stasjon,2026-09-07T17:59:00+02:00,2026-09-07T18:03:05+02:00,2026-09-07T18:03:05+02:00,245.0,1,Oslo S,VYG:Line:F4,Oslo S-Bergen,F4,rail,VYG:ServiceJourney:90608_661661-R,True,actual,False,,,,,2026-09-07T20:27:16.249662+02:00
NSR:StopPlace:58868,Årnes stasjon,2026-09-07T17:04:00+02:00,2026-09-07T17:08:05+02:00,2026-09-07T17:08:05+02:00,245.0,1,Oslo lufthavn,RUT:Line:450,Årnes - Oslo lufthavn,450,bus,RUT:ServiceJourney:06f493c3c3462ee07e537f9d129bf513,True,actual,False,,,,,2026-09-07T20:27:16.249662+02:00
NSR:StopPlace:62311,Vigrestad stasjon,2026-09-07T18:42:00+02:00,2026-09-07T18:46:05+02:00,2026-09-07T18:46:05+02:00,245.0,1,Egersund,GOA:Line:59,Jærbanen,L5,rail,GOA:ServiceJourney:3056_63108-R,True,actual,False,,,,,2026-09-07T20:27:16.249662+02:00
NSR:StopPlace:59646,Høvik stasjon,2026-09-07T07:56:00+02:00,2026-09-07T08:00:05+02:00,2026-09-07T08:00:05+02:00,245.0,1,Spikkestad,VYG:Line:L1,Spikkestad-Oslo S-Lillestrøm,L1,rail,VYG:ServiceJourney:2211_443602-R,True,actual,False,,,,,2026-09-07T08:42:24.659182+02:00
NSR:StopPlace:59649,Nydalen stasjon,2026-09-07T07:47:00+02:00,2026-09-07T07:51:05+02:00,2026-09-07T07:51:05+02:00,245.0,1,Roa,VYG:Line:RE30,Oslo S-Gjøvik,RE30,rail,VYG:ServiceJourney:BUS-1207_654996-R,True,actual,False,,,,,2026-09-07T08:42:24.659182+02:00
NSR:StopPlace:59659,Atna stasjon,2026-09-07T07:52:00+02:00,2026-09-07T07:56:05+02:00,2026-09-07T07:56:05+02:00,245.0,1,Hamar,SJN:Line:25,Rørosbanen,R60,rail,SJN:ServiceJourney:2380_37659-R,True,actual,False,,,,,2026-09-07T08:42:24.659182+02:00
NSR:StopPlace:58963,Jessheim stasjon,2026-09-07T06:01:00+02:00,2026-09-07T06:05:05+02:00,2026-09-07T06:05:05+02:00,245.0,1,Oslo lufthavn,RUT:Line:440,Fenstad/Nordkisa - Oslo lufthavn,440,bus,RUT:ServiceJourney:45266ba0c45f97181cec766510ee6d0a,True,actual,False,,,,,2026-09-07T08:42:24.659182+02:00
NSR:StopPlace:58921,Vennesla stasjon,2026-09-07T05:51:00+02:00,2026-09-07T05:55:05+02:00,2026-09-07T05:55:05+02:00,245.0,1,Kristiansand,AKT:Line:31,Kvadraturen - Sødal - Vennesla,31,bus,AKT:ServiceJourney:79674_42_44_40920_43020_3950001,True,actual,False,,,,,2026-09-07T08:42:24.659182+02:00
NSR:StopPlace:58853,Kolbotn stasjon,2026-09-07T07:34:00+02:00,2026-09-07T07:38:05+02:00,2026-09-07T07:38:05+02:00,245.0,1,Bjørvika,RUT:Line:83,Jernbanetorget - Tårnåsen,83,bus,RUT:ServiceJourney:ce16745c0c21f0d966b47f50dff0de1f,True,actual,False,Linje 80E og 83 får Hausmanns bru som ny endeholdeplass fra 29. juni,"Bussene stopper ikke på Jernbanetorget etter 29. juni, men starter og stopper på Hausmanns bru i Nylandsveien.",incident,normal,2026-09-07T08:42:24.659182+02:00
NSR:StopPlace:58855,Leirsund stasjon,2026-09-07T07:00:00+02:00,2026-09-07T07:04:05+02:00,2026-09-07T07:04:05+02:00,245.0,1,Branderud,RUT:Line:335,Lillestrøm - Branderud,335,bus,RUT:ServiceJourney:4a554b50d96ca0a924bcbbae762a636b,True,actual,False,,,,,2026-09-07T08:42:24.659182+02:00
NSR:StopPlace:58858,Nittedal stasjon,2026-09-07T07:06:00+02:00,2026-09-07T07:10:05+02:00,2026-09-07T07:10:05+02:00,245.0,1,Oslo S,VYG:Line:RE30,Oslo S-Gjøvik,RE30,rail,VYG:ServiceJourney:BUS-1204_654985-R,True,actual,False,,,,,2026-09-07T08:42:24.659182+02:00
NSR:StopPlace:62393,Billingstad stasjon,2026-09-07T07:43:00+02:00,2026-09-07T07:47:05+02:00,2026-09-07T07:47:05+02:00,245.0,1,Lillestrøm,VYG:Line:L1,Spikkestad-Oslo S-Lillestrøm,L1,rail,VYG:ServiceJourney:2214_443607-R,True,actual,False,Færre vogner,Denne avgangen kjører dessverre med 4 vogner i stedet for 8 vogner. Dette skyldes at vi mangler et togsett.,general,normal,2026-09-07T08:42:24.659182+02:00
NSR:StopPlace:61251,Øksnavadporten stasjon,2026-09-07T22:19:00+02:00,2026-09-07T22:23:04+02:00,2026-09-07T22:23:04+02:00,244.0,1,Egersund,GOA:Line:59,Jærbanen,L5,rail,GOA:ServiceJourney:3072_63133-R,True,actual,False,,,,,2026-09-08T00:20:52.129880+02:00
NSR:StopPlace:58834,Hokksund stasjon,2026-09-07T23:56:00+02:00,2026-09-08T00:00:04+02:00,2026-09-08T00:00:04+02:00,244.0,1,Bergen,VYG:Line:F4,Oslo S-Bergen,F4,rail,VYG:ServiceJourney:605-LOD_444356-R,True,actual,False,,,,,2026-09-08T00:20:52.129880+02:00
NSR:StopPlace:261,Ganddal stasjon,2026-09-07T22:15:00+02:00,2026-09-07T22:19:04+02:00,2026-09-07T22:19:04+02:00,244.0,1,Egersund,GOA:Line:59,Jærbanen,L5,rail,GOA:ServiceJourney:3072_63133-R,True,actual,False,,,,,2026-09-08T00:20:52.129880+02:00
NSR:StopPlace:61979,Hellvik stasjon,2026-09-07T22:59:00+02:00,2026-09-07T23:03:04+02:00,2026-09-07T23:03:04+02:00,244.0,1,Egersund,GOA:Line:59,Jærbanen,L5,rail,GOA:ServiceJourney:3072_63133-R,True,actual,False,,,,,2026-09-08T00:20:52.129880+02:00
NSR:StopPlace:59648,Kjelsås stasjon,2026-09-07T17:59:00+02:00,2026-09-07T18:03:04+02:00,2026-09-07T18:03:04+02:00,244.0,1,Haugerud,RUT:Line:25,Majorstuen-Haugerud,25,bus,RUT:ServiceJourney:646ac7eaa6aa267be2589116231368fe,True,actual,False,,,,,2026-09-07T20:27:16.249662+02:00
NSR:StopPlace:58880,Neslandsvatn stasjon,2026-09-07T18:09:00+02:00,2026-09-07T18:13:04+02:00,2026-09-07T18:13:04+02:00,244.0,1,Stavanger,GOA:Line:50,Sørtoget region,F5,rail,GOA:ServiceJourney:715-LOD_63248-R,True,actual,False,,,,,2026-09-07T20:27:16.249662+02:00
NSR:StopPlace:441,Auli stasjon,2026-09-07T19:16:00+02:00,2026-09-07T19:20:04+02:00,2026-09-07T19:20:04+02:00,244.0,1,Asker,VYG:Line:R14,Asker-Oslo S-Kongsvinger,R14,rail,VYG:ServiceJourney:1030_442941-R,True,actual,False,,,,,2026-09-07T20:27:16.249662+02:00
NSR:StopPlace:61897,Bryn stasjon,2026-09-07T15:00:00+02:00,2026-09-07T15:04:04+02:00,2026-09-07T15:04:04+02:00,244.0,1,Lillestrøm,VYG:Line:L1,Spikkestad-Oslo S-Lillestrøm,L1,rail,VYG:ServiceJourney:2140_443548-R,True,actual,False,,,,,2026-09-07T15:44:36.205822+02:00
NSR:StopPlace:59650,Nyland stasjon,2026-09-07T14:40:00+02:00,2026-09-07T14:44:04+02:00,2026-09-07T14:44:04+02:00,244.0,1,Økern,RUT:Line:67,Økern-Lørenskog sentrum,67,bus,RUT:ServiceJourney:eb9e63e7b4f7c6bfcd2ff1a8b575b9b9,True,actual,False,,,,,2026-09-07T15:44:36.205822+02:00
NSR:StopPlace:62295,Stanghelle stasjon,2026-09-07T14:48:00+02:00,2026-09-07T14:52:04+02:00,2026-09-07T14:52:04+02:00,244.0,1,Bergen,VYG:Line:R40,Bergen-Voss-Myrdal-Ål,R40,rail,VYG:ServiceJourney:1823_443410-R,True,actual,False,Forsinket,Toget kjørte 14 minutter forsinket fra Myrdal. Vi venter på passasjerer fra et annet tog.,incident,normal,2026-09-07T15:44:36.205822+02:00
NSR:StopPlace:60053,Halden stasjon,2026-09-07T08:20:00+02:00,2026-09-07T08:24:04+02:00,2026-09-07T08:24:04+02:00,244.0,1,Halden,OST:Line:1_304,Halden-Elgklev,304,bus,OST:ServiceJourney:304_260325121472015_2,True,actual,False,,,,,2026-09-07T08:42:24.659182+02:00
NSR:StopPlace:59638,Myrvoll stasjon,2026-09-07T06:45:00+02:00,2026-09-07T06:49:04+02:00,2026-09-07T06:49:04+02:00,244.0,1,Fornebu,RUT:Line:81,Fornebu - Myrvoll stasjon,81,bus,RUT:ServiceJourney:a8d87b3fe1f9e34f3ced6429030794f1,True,actual,False,,,,,2026-09-07T08:42:24.659182+02:00
NSR:StopPlace:58918,Nodeland stasjon,2026-09-07T08:13:00+02:00,2026-09-07T08:17:04+02:00,2026-09-07T08:17:04+02:00,244.0,1,Tunballen skole,AKT:Line:2175,Stokkeland - Tunballen skole,2175,bus,AKT:ServiceJourney:76922_61_11_58440_59100_3955759,True,actual,False,,,,,2026-09-07T08:42:24.659182+02:00
NSR:StopPlace:58924,Bryne stasjon,2026-09-07T07:40:00+02:00,2026-09-07T07:44:04+02:00,2026-09-07T07:44:04+02:00,244.0,1,Lyefjell,KOL:Line:8_2017,50,50,bus,KOL:ServiceJourney:2017_260407061537083_2003,True,actual,False,,,,,2026-09-07T08:42:24.659182+02:00
NSR:StopPlace:58797,Mysen stasjon,2026-09-07T08:20:00+02:00,2026-09-07T08:24:04+02:00,2026-09-07T08:24:04+02:00,244.0,1,Tenor-Mysen,OST:Line:1_464,Mysen ungdomsskole,464,bus,OST:ServiceJourney:464_260325121475511_3,True,actual,False,,,,,2026-09-07T08:42:24.659182+02:00
NSR:StopPlace:58851,Heggedal stasjon,2026-09-07T07:24:00+02:00,2026-09-07T07:28:04+02:00,2026-09-07T07:28:04+02:00,244.0,1,Lillestrøm,VYG:Line:L1,Spikkestad-Oslo S-Lillestrøm,L1,rail,VYG:ServiceJourney:2214_443607-R,True,actual,False,Færre vogner,Denne avgangen kjører dessverre med 4 vogner i stedet for 8 vogner. Dette skyldes at vi mangler et togsett.,general,normal,2026-09-07T08:42:24.659182+02:00
NSR:StopPlace:58811,Moelv stasjon,2026-09-07T06:32:00+02:00,2026-09-07T06:36:04+02:00,2026-09-07T06:36:04+02:00,244.0,1,Gjøvik,INN:Line:100,Hamar - Gjøvik,100,bus,INN:ServiceJourney:83453,True,actual,False,,,,,2026-09-07T08:42:24.659182+02:00
NSR:StopPlace:58868,Årnes stasjon,2026-09-07T21:07:00+02:00,2026-09-07T21:11:03+02:00,2026-09-07T21:11:03+02:00,243.0,1,Asker,VYG:Line:R14,Asker-Oslo S-Kongsvinger,R14,rail,VYG:ServiceJourney:1034_442946-R,True,actual,False,,,,,2026-09-08T00:20:52.129880+02:00
NSR:StopPlace:58877,Bø stasjon,2026-09-07T18:12:00+02:00,2026-09-07T18:16:03+02:00,2026-09-07T18:16:03+02:00,243.0,1,Folkestad-Nordbø,TEL:Line:8116,Bø-Folkestad-Nordbø-Breisås,116,bus,TEL:ServiceJourney:125939,True,actual,False,,,,,2026-09-07T20:27:16.249662+02:00
NSR:StopPlace:58886,Arendal stasjon,2026-09-07T18:59:00+02:00,2026-09-07T19:03:03+02:00,2026-09-07T19:03:03+02:00,243.0,1,Hisøy via Arendal sentrum,AKT:Line:103,Tromøy Vest-Arendal-Hisøy,103,bus,AKT:ServiceJourney:83478_191_54_134520_137160_40001671,True,actual,False,,,,,2026-09-07T20:27:16.249662+02:00
NSR:StopPlace:61334,Ogna stasjon,2026-09-07T14:51:00+02:00,2026-09-07T14:55:03+02:00,2026-09-07T14:55:03+02:00,243.0,1,Egersund,GOA:Line:59,Jærbanen,L5,rail,GOA:ServiceJourney:3040_63080-R,True,actual,False,,,,,2026-09-07T15:44:36.205822+02:00
NSR:StopPlace:60569,Sirevåg stasjon,2026-09-07T14:54:00+02:00,2026-09-07T14:58:03+02:00,2026-09-07T14:58:03+02:00,243.0,1,Egersund,GOA:Line:59,Jærbanen,L5,rail,GOA:ServiceJourney:3040_63080-R,True,actual,False,,,,,2026-09-07T15:44:36.205822+02:00
NSR:StopPlace:58960,Trofors stasjon,2026-09-07T12:48:00+02:00,2026-09-07T12:52:03+02:00,2026-09-07T12:52:03+02:00,243.0,1,Bodø,SJN:Line:71,Nordlandsbanen,F7,rail,SJN:ServiceJourney:471_46158-R,True,actual,False,,,,,2026-09-07T15:44:36.205822+02:00
NSR:StopPlace:58811,Moelv stasjon,2026-09-07T15:37:00+02:00,2026-09-07T15:41:03+02:00,2026-09-07T15:41:03+02:00,243.0,1,Drammen,VYG:Line:RE10,Drammen-Oslo S-Lillehammer,RE10,rail,VYG:ServiceJourney:324-LHM_444211-R,True,actual,False,,,,,2026-09-07T15:44:36.205822+02:00
NSR:StopPlace:8,Paradis stasjon,2026-09-07T05:48:00+02:00,2026-09-07T05:52:03+02:00,2026-09-07T05:52:03+02:00,243.0,1,Stavanger,GOA:Line:59,Jærbanen,L5,rail,GOA:ServiceJourney:3001_63033-R,True,actual,False,,,,,2026-09-07T08:42:24.659182+02:00
NSR:StopPlace:61466,Vakås stasjon,2026-09-07T07:38:00+02:00,2026-09-07T07:42:03+02:00,2026-09-07T07:42:03+02:00,243.0,1,Lillestrøm,VYG:Line:L1,Spikkestad-Oslo S-Lillestrøm,L1,rail,VYG:ServiceJourney:2214_443607-R,True,actual,False,Færre vogner,Denne avgangen kjører dessverre med 4 vogner i stedet for 8 vogner. Dette skyldes at vi mangler et togsett.,general,normal,2026-09-07T08:42:24.659182+02:00
NSR:StopPlace:58865,Vestby stasjon,2026-09-07T08:05:00+02:00,2026-09-07T08:09:03+02:00,2026-09-07T08:09:03+02:00,243.0,1,Vestby arena,RUT:Line:533,Randem - Vestby stasjon,533,bus,RUT:ServiceJourney:5d113b17113706f7076513bf195c5bd6,True,actual,False,,,,,2026-09-07T08:42:24.659182+02:00
NSR:StopPlace:61315,Nerdrum stasjon,2026-09-07T18:20:00+02:00,2026-09-07T18:24:02+02:00,2026-09-07T18:24:02+02:00,242.0,1,Kongsvinger,VYG:Line:R14,Asker-Oslo S-Kongsvinger,R14,rail,VYG:ServiceJourney:1027_442937-R,True,actual,False,,,,,2026-09-07T20:27:16.249662+02:00
NSR:StopPlace:59647,Dal stasjon,2026-09-07T19:41:00+02:00,2026-09-07T19:45:02+02:00,2026-09-07T19:45:02+02:00,242.0,1,Jessheim,RUT:Line:430,Eidsvoll - Jessheim,430,bus,RUT:ServiceJourney:97037528529ea49dfade9ec1e31fd4d7,True,actual,False,,,,,2026-09-07T20:27:16.249662+02:00
NSR:StopPlace:59648,Kjelsås stasjon,2026-09-07T18:14:00+02:00,2026-09-07T18:18:02+02:00,2026-09-07T18:18:02+02:00,242.0,1,Haugerud,RUT:Line:25,Majorstuen-Haugerud,25,bus,RUT:ServiceJourney:34abb7dc5d7f9daeac2bfeb6834a72f0,True,actual,False,,,,,2026-09-07T20:27:16.249662+02:00
NSR:StopPlace:58921,Vennesla stasjon,2026-09-07T15:07:00+02:00,2026-09-07T15:11:02+02:00,2026-09-07T15:11:02+02:00,242.0,1,Kristiansand via Mosby,AKT:Line:30,Kvadraturen - Mosby - Vennesl,30,bus,AKT:ServiceJourney:79457_182_48_106800_109680_40001545,True,actual,False,,,,,2026-09-07T15:44:36.205822+02:00
NSR:StopPlace:58932,Hommelvik stasjon,2026-09-07T15:00:00+02:00,2026-09-07T15:04:02+02:00,2026-09-07T15:04:02+02:00,242.0,1,A Marienborg via Innherredsveien,ATB:Line:2_70,Stjørdal/Hommelvik- Trondheim,70,bus,ATB:ServiceJourney:70_251215112546914_58,True,actual,False,,,,,2026-09-07T15:44:36.205822+02:00
NSR:StopPlace:58848,Haga stasjon,2026-09-07T08:13:00+02:00,2026-09-07T08:17:02+02:00,2026-09-07T08:17:02+02:00,242.0,1,Asker,VYG:Line:R14,Asker-Oslo S-Kongsvinger,R14,rail,VYG:ServiceJourney:1008_442913-R,True,actual,False,,,,,2026-09-07T08:42:24.659182+02:00
NSR:StopPlace:58840,Vestfossen stasjon,2026-09-07T07:52:00+02:00,2026-09-07T07:56:02+02:00,2026-09-07T07:56:02+02:00,242.0,1,Åssideveien - Darbu - Vestfossen ,BRA:Line:4_6115,Hokksund - Kongsberg,115,bus,BRA:ServiceJourney:6115_260427080306821_1003,True,actual,False,,,,,2026-09-07T08:42:24.659182+02:00
NSR:StopPlace:58819,Grua stasjon,2026-09-07T07:34:00+02:00,2026-09-07T07:38:02+02:00,2026-09-07T07:38:02+02:00,242.0,1,Roa,VYG:Line:RE30,Oslo S-Gjøvik,RE30,rail,VYG:ServiceJourney:BUS-1205_654986-R,True,actual,False,,,,,2026-09-07T08:42:24.659182+02:00
NSR:StopPlace:58794,Fredrikstad stasjon,2026-09-07T20:14:00+02:00,2026-09-07T20:18:01+02:00,2026-09-07T20:18:01+02:00,241.0,1,Halden,VYG:Line:RE20,Oslo S-Halden-Göteborg (X-Border),RE20,rail,VYG:ServiceJourney:129_443130-R,True,actual,False,,,,,2026-09-07T20:27:16.249662+02:00
NSR:StopPlace:58930,Larvik stasjon,2026-09-07T14:07:00+02:00,2026-09-07T14:11:01+02:00,2026-09-07T14:11:01+02:00,241.0,1,Larvik-Sandefjord,VKT:Line:3,Busk-Sandefjord-Larvik-Veldre,3,bus,VKT:ServiceJourney:17554,True,actual,False,,,,,2026-09-07T15:44:36.205822+02:00
NSR:StopPlace:58935,Levanger stasjon,2026-09-07T15:20:00+02:00,2026-09-07T15:24:01+02:00,2026-09-07T15:24:01+02:00,241.0,1,Høgberget via Levanger stasjon,ATB:Line:2_604,Levanger - Høgberget,604,bus,ATB:ServiceJourney:604_260106098643105_36,True,actual,False,,,,,2026-09-07T15:44:36.205822+02:00
NSR:StopPlace:60047,Melhus skysstasjon,2026-09-07T07:36:00+02:00,2026-09-07T07:40:01+02:00,2026-09-07T07:40:01+02:00,241.0,1,Trondheim S,ATB:Line:2_340,Trondheim - Støren,340,bus,ATB:ServiceJourney:340_260106098639876_9,True,actual,False,,,,,2026-09-07T08:42:24.659182+02:00
NSR:StopPlace:58819,Grua stasjon,2026-09-07T07:11:00+02:00,2026-09-07T07:15:01+02:00,2026-09-07T07:15:01+02:00,241.0,1,Brandbu via Mohagen,INN:Line:112,Brandbu-Gran-Harestua,112,bus,INN:ServiceJourney:70818,True,actual,False,,,,,2026-09-07T08:42:24.659182+02:00
NSR:StopPlace:62341,Tangen stasjon,2026-09-07T07:34:00+02:00,2026-09-07T07:38:01+02:00,2026-09-07T07:38:01+02:00,241.0,1,Drammen,VYG:Line:RE10,Drammen-Oslo S-Lillehammer,RE10,rail,VYG:ServiceJourney:306-HHS_487830-R,True,actual,False,,,,,2026-09-07T08:42:24.659182+02:00
NSR:StopPlace:62392,Slependen stasjon,2026-09-07T08:03:00+02:00,2026-09-07T08:07:01+02:00,2026-09-07T08:07:01+02:00,241.0,1,Spikkestad,VYG:Line:L1,Spikkestad-Oslo S-Lillestrøm,L1,rail,VYG:ServiceJourney:2211_443602-R,True,actual,False,,,,,2026-09-07T08:42:24.659182+02:00
NSR:StopPlace:59650,Nyland stasjon,2026-09-07T21:52:00+02:00,2026-09-07T21:56:00+02:00,2026-09-07T21:56:00+02:00,240.0,1,Oslo lufthavn,NBU:Line:cb7b555c-f96e-42d5-84bf-a5e08c0145c2,Radiumhospitalet via Økern-Storo-Tåsen,FB3,bus,NBU:ServiceJourney:7e6fdc7e-fa1b-483f-8b24-1ff3118ad6a6,True,actual,False,,,,,2026-09-08T00:20:52.129880+02:00
NSR:StopPlace:58790,Verdal stasjon,2026-09-07T19:57:00+02:00,2026-09-07T20:01:00+02:00,2026-09-07T20:01:00+02:00,240.0,1,Melhus skysstasjon,SJN:Line:26,Trønderbanen,R70,rail,SJN:ServiceJourney:450-STK_56079-R,True,actual,False,,,,,2026-09-07T20:27:16.249662+02:00
NSR:StopPlace:58838,Røyken stasjon,2026-09-07T17:38:00+02:00,2026-09-07T17:42:00+02:00,2026-09-07T17:42:00+02:00,240.0,1,Sætre,RUT:Line:261,Drammen - Lahell - Røyken - Sætre,261,bus,RUT:ServiceJourney:4cbb7122955d664977549633116cca49,True,actual,False,Fra 17/8 går linje 61-63-71-73-251-261 og skolebusser fra holdeplass ved Skutebrygga ut av byen.Les mer på brakar.no/trafikkmeldinger.,,general,normal,2026-09-07T20:27:16.249662+02:00
NSR:StopPlace:58843,Blommenholm stasjon,2026-09-07T20:20:00+02:00,2026-09-07T20:24:00+02:00,2026-09-07T20:24:00+02:00,240.0,1,Lillestrøm,VYG:Line:L1,Spikkestad-Oslo S-Lillestrøm,L1,rail,VYG:ServiceJourney:2264_445363-R,True,actual,False,,,,,2026-09-07T20:27:16.249662+02:00
NSR:StopPlace:61251,Øksnavadporten stasjon,2026-09-07T15:05:00+02:00,2026-09-07T15:09:00+02:00,2026-09-07T15:09:00+02:00,240.0,1,Stavanger,GOA:Line:59,Jærbanen,L5,rail,GOA:ServiceJourney:3041_63082-R,True,actual,False,,,,,2026-09-07T15:44:36.205822+02:00
NSR:StopPlace:59957,Klepp stasjon,2026-09-07T15:02:00+02:00,2026-09-07T15:06:00+02:00,2026-09-07T15:06:00+02:00,240.0,1,Stavanger,GOA:Line:59,Jærbanen,L5,rail,GOA:ServiceJourney:3041_63082-R,True,actual,False,,,,,2026-09-07T15:44:36.205822+02:00
NSR:StopPlace:58924,Bryne stasjon,2026-09-07T14:26:00+02:00,2026-09-07T14:30:00+02:00,2026-09-07T14:30:00+02:00,240.0,1,Stavanger,GOA:Line:59,Jærbanen,L5,rail,GOA:ServiceJourney:3039_63078-R,True,actual,False,,,,,2026-09-07T15:44:36.205822+02:00
NSR:StopPlace:58852,Høn stasjon,2026-09-07T07:13:00+02:00,2026-09-07T07:17:00+02:00,2026-09-07T07:17:00+02:00,240.0,1,Spikkestad,VYG:Line:L1,Spikkestad-Oslo S-Lillestrøm,L1,rail,VYG:ServiceJourney:2207_443595-R,True,actual,False,Færre vogner,Denne avgangen kjører dessverre med 4 vogner i stedet for 8 vogner. Dette skyldes at vi mangler et togsett.,general,normal,2026-09-07T08:42:24.659182+02:00
NSR:StopPlace:398,Arna stasjon,2026-09-07T07:06:00+02:00,2026-09-07T07:10:00+02:00,2026-09-07T07:10:00+02:00,240.0,1,Bergen,VYG:Line:R40,Bergen-Voss-Myrdal-Ål,R40,rail,VYG:ServiceJourney:1807_445121-R,True,actual,False,,,,,2026-09-07T08:42:24.659182+02:00
NSR:StopPlace:62308,Alna stasjon,2026-09-07T05:48:00+02:00,2026-09-07T05:52:00+02:00,2026-09-07T05:52:00+02:00,240.0,1,Lillestrøm,VYG:Line:L1,Spikkestad-Oslo S-Lillestrøm,L1,rail,VYG:ServiceJourney:2204_443592-R,True,actual,False,,,,,2026-09-07T08:42:24.659182+02:00
NSR:StopPlace:58868,Årnes stasjon,2026-09-07T23:07:00+02:00,2026-09-07T23:10:59+02:00,2026-09-07T23:10:59+02:00,239.0,1,Asker,VYG:Line:R14,Asker-Oslo S-Kongsvinger,R14,rail,VYG:ServiceJourney:1038_442950-R,True,actual,False,,,,,2026-09-08T00:20:52.129880+02:00
NSR:StopPlace:58860,Oppegård stasjon,2026-09-07T22:01:00+02:00,2026-09-07T22:04:59+02:00,2026-09-07T22:04:59+02:00,239.0,1,Ski stasjon,RUT:Line:580,Kolbotn - Ski,580,bus,RUT:ServiceJourney:120737d37f71abc0dc2531304760bb57,True,actual,False,,,,,2026-09-08T00:20:52.129880+02:00
NSR:StopPlace:59647,Dal stasjon,2026-09-07T15:01:00+02:00,2026-09-07T15:04:59+02:00,2026-09-07T15:04:59+02:00,239.0,1,Eidsvoll,RUT:Line:430,Eidsvoll - Jessheim,430,bus,RUT:ServiceJourney:f75e928eb0c85c6a55ac1209f65d84f1,True,actual,False,,,,,2026-09-07T15:44:36.205822+02:00
NSR:StopPlace:61169,Marienborg stasjon,2026-09-07T07:44:00+02:00,2026-09-07T07:47:59+02:00,2026-09-07T07:47:59+02:00,239.0,1,Grillstad via St. Olavs h- Ladeham.,ATB:Line:2_20,Grillstad - Strindheim - Ladehammeren- Sentrum - Romolslia,20,bus,ATB:ServiceJourney:20_251215112548251_15,True,actual,False,,,,,2026-09-07T08:42:24.659182+02:00
NSR:StopPlace:58854,Langhus stasjon,2026-09-07T06:44:00+02:00,2026-09-07T06:47:59+02:00,2026-09-07T06:47:59+02:00,239.0,1,Bøleråsen,RUT:Line:510,Bøleråsen - Ski - Ås - Drøbak,510,bus,RUT:ServiceJourney:c2228567447c058ff0a7e77a469c0da2,True,actual,False,,,,,2026-09-07T08:42:24.659182+02:00
NSR:StopPlace:58874,Stokke stasjon,2026-09-07T07:03:00+02:00,2026-09-07T07:06:59+02:00,2026-09-07T07:06:59+02:00,239.0,1,Tønsberg,VKT:Line:521,Tønsberg-Stokke-Vestre Skjee,521,bus,VKT:ServiceJourney:17222,True,actual,False,,,,,2026-09-07T08:42:24.659182+02:00
NSR:StopPlace:63079,Skeiane stasjon,2026-09-07T07:32:00+02:00,2026-09-07T07:35:59+02:00,2026-09-07T07:35:59+02:00,239.0,1,Stavanger,GOA:Line:59,Jærbanen,L5,rail,GOA:ServiceJourney:3009_63041-R,True,actual,False,,,,,2026-09-07T08:42:24.659182+02:00
NSR:StopPlace:628,Darbu stasjon,2026-09-07T22:47:00+02:00,2026-09-07T22:50:58+02:00,2026-09-07T22:50:58+02:00,238.0,1,Eidsvoll,VYG:Line:R12,Kongsberg-Oslo S-Eidsvoll,R12,rail,VYG:ServiceJourney:538_444348-R,True,actual,False,,,,,2026-09-08T00:20:52.129880+02:00
NSR:StopPlace:62309,Ljan stasjon,2026-09-07T22:54:00+02:00,2026-09-07T22:57:58+02:00,2026-09-07T22:57:58+02:00,238.0,1,Ski,VYG:Line:L2,Stabekk-Oslo S-Ski,L2,rail,VYG:ServiceJourney:2771-HVK_443992-R,True,actual,False,,,,,2026-09-08T00:20:52.129880+02:00
NSR:StopPlace:58932,Hommelvik stasjon,2026-09-07T20:14:00+02:00,2026-09-07T20:17:58+02:00,2026-09-07T20:17:58+02:00,238.0,1,Lundamo,SJN:Line:26,Trønderbanen,R70,rail,SJN:ServiceJourney:448_56077-R,True,actual,False,,,,,2026-09-07T20:27:16.249662+02:00
NSR:StopPlace:58793,Askim stasjon,2026-09-07T18:00:00+02:00,2026-09-07T18:03:58+02:00,2026-09-07T18:03:58+02:00,238.0,1,Mysen stasjon,OST:Line:1_640,Sarpsborg-Askim-Mysen,640,bus,OST:ServiceJourney:640_260325121473121_19,True,actual,False,,,,,2026-09-07T20:27:16.249662+02:00
NSR:StopPlace:58850,Hauerseter stasjon,2026-09-07T18:00:00+02:00,2026-09-07T18:03:58+02:00,2026-09-07T18:03:58+02:00,238.0,1,Dal,VYG:Line:R13,Drammen-Oslo S-Dal,R13,rail,VYG:ServiceJourney:1649_443318-R,True,actual,False,,,,,2026-09-07T20:27:16.249662+02:00
NSR:StopPlace:59648,Kjelsås stasjon,2026-09-07T07:25:00+02:00,2026-09-07T07:28:58+02:00,2026-09-07T07:28:58+02:00,238.0,1,Majorstuen,RUT:Line:25,Majorstuen-Haugerud,25,bus,RUT:ServiceJourney:822b688226d67711c00fae334618e37b,True,actual,False,,,,,2026-09-07T08:42:24.659182+02:00
NSR:StopPlace:58935,Levanger stasjon,2026-09-07T06:46:00+02:00,2026-09-07T06:49:58+02:00,2026-09-07T06:49:58+02:00,238.0,1,Sykehuset Levanger,ATB:Line:2_680,Levanger - Steinkjer - Namsos,680,bus,ATB:ServiceJourney:680_260106098642285_3,True,actual,False,,,,,2026-09-07T08:42:24.659182+02:00
NSR:StopPlace:58835,Lier stasjon,2026-09-07T08:10:00+02:00,2026-09-07T08:13:58+02:00,2026-09-07T08:13:58+02:00,238.0,1,Høvik skole,BRA:Line:4_6079,Lierskogen - Lahell - Stoppen,79,bus,BRA:ServiceJourney:6079_260415100160861_1008,True,actual,False,,,,,2026-09-07T08:42:24.659182+02:00
NSR:StopPlace:58828,Roa stasjon,2026-09-07T06:40:00+02:00,2026-09-07T06:43:58+02:00,2026-09-07T06:43:58+02:00,238.0,1,Oslo S,VYG:Line:RE30,Oslo S-Gjøvik,RE30,rail,VYG:ServiceJourney:BUS-1204_654982-R,True,actual,False,,,,,2026-09-07T08:42:24.659182+02:00
NSR:StopPlace:58851,Heggedal stasjon,2026-09-07T22:25:00+02:00,2026-09-07T22:28:57+02:00,2026-09-07T22:28:57+02:00,237.0,1,Spikkestad,VYG:Line:L1,Spikkestad-Oslo S-Lillestrøm,L1,rail,VYG:ServiceJourney:2267_443697-R,True,actual,False,,,,,2026-09-08T00:20:52.129880+02:00
NSR:StopPlace:61334,Ogna stasjon,2026-09-07T17:06:00+02:00,2026-09-07T17:09:57+02:00,2026-09-07T17:09:57+02:00,237.0,1,Stavanger,GOA:Line:59,Jærbanen,L5,rail,GOA:ServiceJourney:3051_63099-R,True,actual,False,,,,,2026-09-07T20:27:16.249662+02:00
NSR:StopPlace:58924,Bryne stasjon,2026-09-07T13:07:00+02:00,2026-09-07T13:10:57+02:00,2026-09-07T13:10:57+02:00,237.0,1,Oslo S,GOA:Line:50,Sørtoget region,F5,rail,GOA:ServiceJourney:712-STV_63979-R,True,actual,False,,,,,2026-09-07T15:44:36.205822+02:00
NSR:StopPlace:58926,Dale stasjon,2026-09-07T15:10:00+02:00,2026-09-07T15:13:57+02:00,2026-09-07T15:13:57+02:00,237.0,1,Voss,VYG:Line:R40,Bergen-Voss-Myrdal-Ål,R40,rail,VYG:ServiceJourney:1820_443407-R,True,actual,False,,,,,2026-09-07T15:44:36.205822+02:00
NSR:StopPlace:58793,Askim stasjon,2026-09-07T15:05:00+02:00,2026-09-07T15:08:57+02:00,2026-09-07T15:08:57+02:00,237.0,1,Trøgstad,OST:Line:1_400,Askim-Trøgstad,400,bus,OST:ServiceJourney:400_260827111750202_7,True,actual,False,,,,,2026-09-07T15:44:36.205822+02:00
NSR:StopPlace:58865,Vestby stasjon,2026-09-07T15:15:00+02:00,2026-09-07T15:18:57+02:00,2026-09-07T15:18:57+02:00,237.0,1,Moss,VYG:Line:R21,Stabekk-Oslo S-Moss,R21,rail,VYG:ServiceJourney:1139-HVK_443016-R,True,actual,False,,,,,2026-09-07T15:44:36.205822+02:00
NSR:StopPlace:62309,Ljan stasjon,2026-09-07T15:39:00+02:00,2026-09-07T15:42:57+02:00,2026-09-07T15:42:57+02:00,237.0,1,Ski,VYG:Line:L2,Stabekk-Oslo S-Ski,L2,rail,VYG:ServiceJourney:2841-HVK_444073-R,True,actual,False,,,,,2026-09-07T15:44:36.205822+02:00
NSR:StopPlace:59648,Kjelsås stasjon,2026-09-07T07:40:00+02:00,2026-09-07T07:43:57+02:00,2026-09-07T07:43:57+02:00,237.0,1,Majorstuen,RUT:Line:25,Majorstuen-Haugerud,25,bus,RUT:ServiceJourney:0256be48135e81f617f95db6488b5c39,True,actual,False,,,,,2026-09-07T08:42:24.659182+02:00
NSR:StopPlace:61464,Hvalstad stasjon,2026-09-07T23:55:00+02:00,2026-09-07T23:58:56+02:00,2026-09-07T23:58:56+02:00,236.0,1,Asker,VYG:Line:L1,Spikkestad-Oslo S-Lillestrøm,L1,rail,VYG:ServiceJourney:2173_443584-R,True,actual,False,,,,,2026-09-08T00:20:52.129880+02:00
NSR:StopPlace:58847,Frogner stasjon,2026-09-07T20:21:00+02:00,2026-09-07T20:24:56+02:00,2026-09-07T20:24:56+02:00,236.0,1,Drammen,VYG:Line:R13,Drammen-Oslo S-Dal,R13,rail,VYG:ServiceJourney:1662_443348-R,True,actual,False,,,,,2026-09-07T20:27:16.249662+02:00
NSR:StopPlace:58800,Råde stasjon,2026-09-07T18:30:00+02:00,2026-09-07T18:33:56+02:00,2026-09-07T18:33:56+02:00,236.0,1,Halden,VYG:Line:RE20,Oslo S-Halden-Göteborg (X-Border),RE20,rail,VYG:ServiceJourney:145_509066-R,True,actual,False,Færre vogner,Denne avgangen kjører dessverre med 5 vogner i stedet for 10 vogner. Dette skyldes at vi mangler et togsett.,general,normal,2026-09-07T20:27:16.249662+02:00
NSR:StopPlace:62094,Lindeberg stasjon,2026-09-07T18:07:00+02:00,2026-09-07T18:10:56+02:00,2026-09-07T18:10:56+02:00,236.0,1,Dal,VYG:Line:R13,Drammen-Oslo S-Dal,R13,rail,VYG:ServiceJourney:1651_481163-R,True,actual,False,,,,,2026-09-07T20:27:16.249662+02:00
NSR:StopPlace:62311,Vigrestad stasjon,2026-09-07T18:42:00+02:00,2026-09-07T18:45:56+02:00,2026-09-07T18:45:56+02:00,236.0,1,Stavanger,GOA:Line:59,Jærbanen,L5,rail,GOA:ServiceJourney:3057_63110-R,True,actual,False,,,,,2026-09-07T20:27:16.249662+02:00
NSR:StopPlace:62392,Slependen stasjon,2026-09-07T20:19:00+02:00,2026-09-07T20:22:56+02:00,2026-09-07T20:22:56+02:00,236.0,1,Asker,VYG:Line:L1,Spikkestad-Oslo S-Lillestrøm,L1,rail,VYG:ServiceJourney:2159_443568-R,True,actual,False,,,,,2026-09-07T20:27:16.249662+02:00
NSR:StopPlace:58935,Levanger stasjon,2026-09-07T14:20:00+02:00,2026-09-07T14:23:56+02:00,2026-09-07T14:23:56+02:00,236.0,1,Momarka via Magneten,ATB:Line:2_604,Levanger - Høgberget,604,bus,ATB:ServiceJourney:604_260106098643115_32,True,actual,False,,,,,2026-09-07T15:44:36.205822+02:00
NSR:StopPlace:58835,Lier stasjon,2026-09-07T15:11:00+02:00,2026-09-07T15:14:56+02:00,2026-09-07T15:14:56+02:00,236.0,1,Dal,VYG:Line:R13,Drammen-Oslo S-Dal,R13,rail,VYG:ServiceJourney:1643_443304-R,True,actual,False,,,,,2026-09-07T15:44:36.205822+02:00
NSR:StopPlace:62310,Brusand stasjon,2026-09-07T15:10:00+02:00,2026-09-07T15:13:56+02:00,2026-09-07T15:13:56+02:00,236.0,1,Stavanger,GOA:Line:59,Jærbanen,L5,rail,GOA:ServiceJourney:3043_63086-R,True,actual,False,,,,,2026-09-07T15:44:36.205822+02:00
NSR:StopPlace:58925,Gausel stasjon,2026-09-07T05:53:00+02:00,2026-09-07T05:56:56+02:00,2026-09-07T05:56:56+02:00,236.0,1,Vardenes via UiS-Stavanger,KOL:Line:8_1007,6,6,bus,KOL:ServiceJourney:1007_260729080906588_2001,True,actual,False,,,,,2026-09-07T08:42:24.659182+02:00
NSR:StopPlace:58795,Kambo stasjon,2026-09-07T08:24:00+02:00,2026-09-07T08:27:56+02:00,2026-09-07T08:27:56+02:00,236.0,1,Vestby stasjon,RUT:Line:540,Moss - Son - Vestby stasjon,540,bus,RUT:ServiceJourney:a36ef9b32122c86485ffd2cb0cc4b944,True,actual,False,,,,,2026-09-07T08:42:24.659182+02:00
NSR:StopPlace:702,Sandnes sentrum stasjon,2026-09-07T07:34:00+02:00,2026-09-07T07:37:56+02:00,2026-09-07T07:37:56+02:00,236.0,1,Stavanger,GOA:Line:59,Jærbanen,L5,rail,GOA:ServiceJourney:3009_63041-R,True,actual,False,,,,,2026-09-07T08:42:24.659182+02:00
NSR:StopPlace:62310,Brusand stasjon,2026-09-07T22:48:00+02:00,2026-09-07T22:51:55+02:00,2026-09-07T22:51:55+02:00,235.0,1,Egersund,GOA:Line:59,Jærbanen,L5,rail,GOA:ServiceJourney:3072_63133-R,True,actual,False,,,,,2026-09-08T00:20:52.129880+02:00
NSR:StopPlace:62392,Slependen stasjon,2026-09-08T00:03:00+02:00,2026-09-08T00:06:55+02:00,2026-09-08T00:06:55+02:00,235.0,1,Spikkestad,VYG:Line:L1,Spikkestad-Oslo S-Lillestrøm,L1,rail,VYG:ServiceJourney:2275_443710-R,True,actual,False,,,,,2026-09-08T00:20:52.129880+02:00
NSR:StopPlace:61315,Nerdrum stasjon,2026-09-07T19:20:00+02:00,2026-09-07T19:23:55+02:00,2026-09-07T19:23:55+02:00,235.0,1,Kongsvinger,VYG:Line:R14,Asker-Oslo S-Kongsvinger,R14,rail,VYG:ServiceJourney:1029_442939-R,True,actual,False,,,,,2026-09-07T20:27:16.249662+02:00
NSR:StopPlace:60053,Halden stasjon,2026-09-07T18:03:00+02:00,2026-09-07T18:06:55+02:00,2026-09-07T18:06:55+02:00,235.0,1,Halden sentrum,OST:Line:1_33,Tistedal-Vold skog,33,bus,OST:ServiceJourney:33_260325121472225_25,True,actual,False,,,,,2026-09-07T20:27:16.249662+02:00
NSR:StopPlace:58855,Leirsund stasjon,2026-09-07T18:00:00+02:00,2026-09-07T18:03:55+02:00,2026-09-07T18:03:55+02:00,235.0,1,Dal,VYG:Line:R13,Drammen-Oslo S-Dal,R13,rail,VYG:ServiceJourney:1651_481163-R,True,actual,False,,,,,2026-09-07T20:27:16.249662+02:00
NSR:StopPlace:62308,Alna stasjon,2026-09-07T20:03:00+02:00,2026-09-07T20:06:55+02:00,2026-09-07T20:06:55+02:00,235.0,1,Lillestrøm,VYG:Line:L1,Spikkestad-Oslo S-Lillestrøm,L1,rail,VYG:ServiceJourney:2160_443570-R,True,actual,False,,,,,2026-09-07T20:27:16.249662+02:00
NSR:StopPlace:62393,Billingstad stasjon,2026-09-07T18:13:00+02:00,2026-09-07T18:16:55+02:00,2026-09-07T18:16:55+02:00,235.0,1,Lillestrøm,VYG:Line:L1,Spikkestad-Oslo S-Lillestrøm,L1,rail,VYG:ServiceJourney:2256_445354-R,True,actual,False,,,,,2026-09-07T20:27:16.249662+02:00
NSR:StopPlace:61326,Gulskogen stasjon,2026-09-07T14:47:00+02:00,2026-09-07T14:50:55+02:00,2026-09-07T14:50:55+02:00,235.0,1,Kongsberg,VYG:Line:R12,Kongsberg-Oslo S-Eidsvoll,R12,rail,VYG:ServiceJourney:519_444320-R,True,actual,False,,,,,2026-09-07T15:44:36.205822+02:00
NSR:StopPlace:58932,Hommelvik stasjon,2026-09-07T15:35:00+02:00,2026-09-07T15:38:55+02:00,2026-09-07T15:38:55+02:00,235.0,1,Stjørdal stasjon,ATB:Line:2_70,Stjørdal/Hommelvik- Trondheim,70,bus,ATB:ServiceJourney:70_251215112546975_51,True,actual,False,,,,,2026-09-07T15:44:36.205822+02:00
NSR:StopPlace:59646,Høvik stasjon,2026-09-07T07:53:00+02:00,2026-09-07T07:56:55+02:00,2026-09-07T07:56:55+02:00,235.0,1,Lillestrøm,VYG:Line:L1,Spikkestad-Oslo S-Lillestrøm,L1,rail,VYG:ServiceJourney:2214_443607-R,True,actual,False,Færre vogner,Denne avgangen kjører dessverre med 4 vogner i stedet for 8 vogner. Dette skyldes at vi mangler et togsett.,general,normal,2026-09-07T08:42:24.659182+02:00
NSR:StopPlace:58918,Nodeland stasjon,2026-09-07T07:05:00+02:00,2026-09-07T07:08:55+02:00,2026-09-07T07:08:55+02:00,235.0,1,Kristiansand,AKT:Line:1046,Kristiansand - Finsland,46,bus,AKT:ServiceJourney:78716_52_60_47400_50460_3950001,True,actual,False,,,,,2026-09-07T08:42:24.659182+02:00
NSR:StopPlace:58842,Blaker stasjon,2026-09-07T08:04:00+02:00,2026-09-07T08:07:55+02:00,2026-09-07T08:07:55+02:00,235.0,1,Blaker skole,RUT:Line:2632,Grønnbekkveien - Blaker skole - Sørumsand,2632,bus,RUT:ServiceJourney:559142956932d82279c41841c4e37e9d,True,actual,False,,,,,2026-09-07T08:42:24.659182+02:00
NSR:StopPlace:62338,Fossum stasjon,2026-09-07T08:14:00+02:00,2026-09-07T08:17:55+02:00,2026-09-07T08:17:55+02:00,235.0,1,Blaker ring,RUT:Line:370,Sørumsand - Blaker - Sørumsand,370A,bus,RUT:ServiceJourney:1770ea80560c7d3241dbeb2f42b4c554,True,actual,False,,,,,2026-09-07T08:42:24.659182+02:00
NSR:StopPlace:60045,Hamar stasjon,2026-09-07T21:11:00+02:00,2026-09-07T21:14:54+02:00,2026-09-07T21:14:54+02:00,234.0,1,Drammen,VYG:Line:RE10,Drammen-Oslo S-Lillehammer,RE10,rail,VYG:ServiceJourney:334-LHM_444252-R,True,actual,False,,,,,2026-09-08T00:20:52.129880+02:00
NSR:StopPlace:58794,Fredrikstad stasjon,2026-09-07T21:41:00+02:00,2026-09-07T21:44:54+02:00,2026-09-07T21:44:54+02:00,234.0,1,Oslo S,VYG:Line:RE20,Oslo S-Halden-Göteborg (X-Border),RE20,rail,VYG:ServiceJourney:136_443136-R,True,actual,False,,,,,2026-09-08T00:20:52.129880+02:00
NSR:StopPlace:58817,Eina stasjon,2026-09-07T22:44:00+02:00,2026-09-07T22:47:54+02:00,2026-09-07T22:47:54+02:00,234.0,1,Gjøvik,VYG:Line:R31,Skøyen-Jaren-Gjøvik,R31,rail,VYG:ServiceJourney:233-ROA_589360-R,True,actual,False,,,,,2026-09-08T00:20:52.129880+02:00
NSR:StopPlace:369,Kvål stasjon,2026-09-07T20:42:00+02:00,2026-09-07T20:45:54+02:00,2026-09-07T20:45:54+02:00,234.0,1,Steinkjer,SJN:Line:26,Trønderbanen,R70,rail,SJN:ServiceJourney:453_56082-R,True,actual,False,,,,,2026-09-08T00:20:52.129880+02:00
NSR:StopPlace:261,Ganddal stasjon,2026-09-07T22:09:00+02:00,2026-09-07T22:12:54+02:00,2026-09-07T22:12:54+02:00,234.0,1,Stavanger,GOA:Line:59,Jærbanen,L5,rail,GOA:ServiceJourney:3069_63130-R,True,actual,False,,,,,2026-09-08T00:20:52.129880+02:00
NSR:StopPlace:62311,Vigrestad stasjon,2026-09-07T22:44:00+02:00,2026-09-07T22:47:54+02:00,2026-09-07T22:47:54+02:00,234.0,1,Egersund,GOA:Line:59,Jærbanen,L5,rail,GOA:ServiceJourney:3072_63133-R,True,actual,False,,,,,2026-09-08T00:20:52.129880+02:00
NSR:StopPlace:58854,Langhus stasjon,2026-09-07T18:14:00+02:00,2026-09-07T18:17:54+02:00,2026-09-07T18:17:54+02:00,234.0,1,Bøleråsen,RUT:Line:510,Bøleråsen - Ski - Ås - Drøbak,510,bus,RUT:ServiceJourney:6236c485f98f13d014044c03561c124d,True,actual,False,,,,,2026-09-07T20:27:16.249662+02:00
NSR:StopPlace:61897,Bryn stasjon,2026-09-07T15:20:00+02:00,2026-09-07T15:23:54+02:00,2026-09-07T15:23:54+02:00,234.0,1,Asker,VYG:Line:L1,Spikkestad-Oslo S-Lillestrøm,L1,rail,VYG:ServiceJourney:2141_443549-R,True,actual,False,Færre vogner,Denne avgangen kjører dessverre med 4 vogner i stedet for 8 vogner. Dette skyldes at vi mangler et togsett.,general,normal,2026-09-07T15:44:36.205822+02:00
NSR:StopPlace:59957,Klepp stasjon,2026-09-07T15:22:00+02:00,2026-09-07T15:25:54+02:00,2026-09-07T15:25:54+02:00,234.0,1,Egersund,GOA:Line:59,Jærbanen,L5,rail,GOA:ServiceJourney:3044_63087-R,True,actual,False,,,,,2026-09-07T15:44:36.205822+02:00
NSR:StopPlace:58966,Porsgrunn stasjon,2026-09-07T07:29:00+02:00,2026-09-07T07:32:54+02:00,2026-09-07T07:32:54+02:00,234.0,1,Skien,VYG:Line:RE11,Eidsvoll-Oslo S-Skien,RE11,rail,VYG:ServiceJourney:873_444433-R,True,actual,False,Heis på Porsgrunn ute av drift,Heisen på Porsgrunn til spor 2 er ute av drift.,general,normal,2026-09-07T08:42:24.659182+02:00
NSR:StopPlace:58845,Eidsvoll verk stasjon,2026-09-07T06:55:00+02:00,2026-09-07T06:58:54+02:00,2026-09-07T06:58:54+02:00,234.0,1,Eidsvoll,VYG:Line:RE11,Eidsvoll-Oslo S-Skien,RE11,rail,VYG:ServiceJourney:802_444382-R,True,actual,False,,,,,2026-09-07T08:42:24.659182+02:00
NSR:StopPlace:58861,Solbråtan stasjon,2026-09-07T08:15:00+02:00,2026-09-07T08:18:54+02:00,2026-09-07T08:18:54+02:00,234.0,1,Bjørvika,RUT:Line:83,Jernbanetorget - Tårnåsen,83,bus,RUT:ServiceJourney:44c9c73d419abba5f9b2582d6c787dcd,True,actual,False,Linje 80E og 83 får Hausmanns bru som ny endeholdeplass fra 29. juni,"Bussene stopper ikke på Jernbanetorget etter 29. juni, men starter og stopper på Hausmanns bru i Nylandsveien.",incident,normal,2026-09-07T08:42:24.659182+02:00
NSR:StopPlace:58874,Stokke stasjon,2026-09-07T07:15:00+02:00,2026-09-07T07:18:54+02:00,2026-09-07T07:18:54+02:00,234.0,1,Oslo S,VYG:Line:RX11,Eidsvoll-Oslo S-Skien,RX11,rail,VYG:ServiceJourney:856-SKN_444426-R,True,actual,False,,,,,2026-09-07T08:42:24.659182+02:00
NSR:StopPlace:61463,Nordstrand stasjon,2026-09-07T22:52:00+02:00,2026-09-07T22:55:53+02:00,2026-09-07T22:55:53+02:00,233.0,1,Ski,VYG:Line:L2,Stabekk-Oslo S-Ski,L2,rail,VYG:ServiceJourney:2771-HVK_443992-R,True,actual,False,,,,,2026-09-08T00:20:52.129880+02:00
NSR:StopPlace:58848,Haga stasjon,2026-09-07T21:14:00+02:00,2026-09-07T21:17:53+02:00,2026-09-07T21:17:53+02:00,233.0,1,Asker,VYG:Line:R14,Asker-Oslo S-Kongsvinger,R14,rail,VYG:ServiceJourney:1034_442946-R,True,actual,False,,,,,2026-09-08T00:20:52.129880+02:00
NSR:StopPlace:610,Sandvika stasjon,2026-09-07T17:04:00+02:00,2026-09-07T17:07:53+02:00,2026-09-07T17:07:53+02:00,233.0,1,Kongsberg,VYG:Line:R13,Drammen-Oslo S-Dal,R13,rail,VYG:ServiceJourney:1646_443312-R,True,actual,False,,,,,2026-09-07T20:27:16.249662+02:00
NSR:StopPlace:59648,Kjelsås stasjon,2026-09-07T14:40:00+02:00,2026-09-07T14:43:53+02:00,2026-09-07T14:43:53+02:00,233.0,1,Majorstuen,RUT:Line:25,Majorstuen-Haugerud,25,bus,RUT:ServiceJourney:785d5d6c6da5ee05b2c0933590c22bdc,True,actual,False,,,,,2026-09-07T15:44:36.205822+02:00
NSR:StopPlace:61466,Vakås stasjon,2026-09-07T07:11:00+02:00,2026-09-07T07:14:53+02:00,2026-09-07T07:14:53+02:00,233.0,1,Spikkestad,VYG:Line:L1,Spikkestad-Oslo S-Lillestrøm,L1,rail,VYG:ServiceJourney:2207_443595-R,True,actual,False,Færre vogner,Denne avgangen kjører dessverre med 4 vogner i stedet for 8 vogner. Dette skyldes at vi mangler et togsett.,general,normal,2026-09-07T08:42:24.659182+02:00
NSR:StopPlace:58845,Eidsvoll verk stasjon,2026-09-07T08:25:00+02:00,2026-09-07T08:28:53+02:00,2026-09-07T08:28:53+02:00,233.0,1,Eidsvoll,VYG:Line:R12,Kongsberg-Oslo S-Eidsvoll,R12,rail,VYG:ServiceJourney:506_481316-R,True,actual,False,,,,,2026-09-07T08:42:24.659182+02:00
NSR:StopPlace:58847,Frogner stasjon,2026-09-07T17:43:00+02:00,2026-09-07T17:46:52+02:00,2026-09-07T17:46:52+02:00,232.0,1,Skedsmokorset,RUT:Line:365,Sørumsand - Frogner - Skedsmokorset,365,bus,RUT:ServiceJourney:47503995cf5c84c88b72a8e6da7958a3,True,actual,False,,,,,2026-09-07T20:27:16.249662+02:00
NSR:StopPlace:58872,Sandefjord stasjon,2026-09-07T18:47:00+02:00,2026-09-07T18:50:52+02:00,2026-09-07T18:50:52+02:00,232.0,1,Eidsvoll,VYG:Line:RE11,Eidsvoll-Oslo S-Skien,RE11,rail,VYG:ServiceJourney:830_444410-R,True,actual,False,,,,,2026-09-07T20:27:16.249662+02:00
NSR:StopPlace:58790,Verdal stasjon,2026-09-07T07:28:00+02:00,2026-09-07T07:31:52+02:00,2026-09-07T07:31:52+02:00,232.0,1,Verdal stasjon,ATB:Line:2_635,Verdal - Levanger (- Frosta),635,bus,ATB:ServiceJourney:635_260106098642427_16,True,actual,False,,,,,2026-09-07T08:42:24.659182+02:00
NSR:StopPlace:101,Sagdalen stasjon,2026-09-07T07:37:00+02:00,2026-09-07T07:40:52+02:00,2026-09-07T07:40:52+02:00,232.0,1,Lillestrøm,VYG:Line:L1,Spikkestad-Oslo S-Lillestrøm,L1,rail,VYG:ServiceJourney:2210_443601-R,True,actual,False,Færre vogner,Denne avgangen kjører dessverre med 4 vogner i stedet for 8 vogner. Dette skyldes at vi mangler et togsett.,general,normal,2026-09-07T08:42:24.659182+02:00
NSR:StopPlace:59648,Kjelsås stasjon,2026-09-07T22:10:00+02:00,2026-09-07T22:13:51+02:00,2026-09-07T22:13:51+02:00,231.0,1,Majorstuen,RUT:Line:25,Majorstuen-Haugerud,25,bus,RUT:ServiceJourney:465aa433221be6181e62a5bdd94abc84,True,actual,False,,,,,2026-09-08T00:20:52.129880+02:00
NSR:StopPlace:59261,Trondheim lufthavn,2026-09-07T21:53:00+02:00,2026-09-07T21:56:51+02:00,2026-09-07T21:56:51+02:00,231.0,1,Steinkjer,SJN:Line:26,Trønderbanen,R70,rail,SJN:ServiceJourney:453_56082-R,True,actual,False,,,,,2026-09-08T00:20:52.129880+02:00
NSR:StopPlace:58935,Levanger stasjon,2026-09-07T22:14:00+02:00,2026-09-07T22:17:51+02:00,2026-09-07T22:17:51+02:00,231.0,1,Støren,SJN:Line:26,Trønderbanen,R70,rail,SJN:ServiceJourney:454_56083-R,True,actual,False,,,,,2026-09-08T00:20:52.129880+02:00
NSR:StopPlace:58799,Rygge stasjon,2026-09-07T23:55:00+02:00,2026-09-07T23:58:51+02:00,2026-09-07T23:58:51+02:00,231.0,1,Halden,VYG:Line:RE20,Oslo S-Halden-Göteborg (X-Border),RE20,rail,VYG:ServiceJourney:137_443137-R,True,actual,False,,,,,2026-09-08T00:20:52.129880+02:00
NSR:StopPlace:61326,Gulskogen stasjon,2026-09-07T17:28:00+02:00,2026-09-07T17:31:51+02:00,2026-09-07T17:31:51+02:00,231.0,1,Kongsberg,VYG:Line:R13,Drammen-Oslo S-Dal,R13,rail,VYG:ServiceJourney:1646_443312-R,True,actual,False,Normal hastighet: Gulskogen–Mjøndalen,"Gulskogen–Mjøndalen: Togene kjører med normal fart igjen. Togene kjører, men det kan ta litt tid før de er i rute. Du må derfor regne med forsinkelser.",general,normal,2026-09-07T20:27:16.249662+02:00
NSR:StopPlace:59647,Dal stasjon,2026-09-07T18:41:00+02:00,2026-09-07T18:44:51+02:00,2026-09-07T18:44:51+02:00,231.0,1,Jessheim,RUT:Line:430,Eidsvoll - Jessheim,430,bus,RUT:ServiceJourney:7a8a8995c212a377df0fb54499c9e93c,True,actual,False,,,,,2026-09-07T20:27:16.249662+02:00
NSR:StopPlace:58834,Hokksund stasjon,2026-09-07T16:59:00+02:00,2026-09-07T17:02:51+02:00,2026-09-07T17:02:51+02:00,231.0,1,Eidsvoll,VYG:Line:R12,Kongsberg-Oslo S-Eidsvoll,R12,rail,VYG:ServiceJourney:526_444332-R,True,actual,False,,,,,2026-09-07T20:27:16.249662+02:00
NSR:StopPlace:59872,Oslo S,2026-09-07T12:03:00+02:00,2026-09-07T12:06:51+02:00,2026-09-07T12:06:51+02:00,231.0,1,Bergen,VYG:Line:F4,Oslo S-Bergen,F4,rail,VYG:ServiceJourney:601-LOD_456939-R,True,actual,False,,,,,2026-09-07T15:44:36.205822+02:00
NSR:StopPlace:58795,Kambo stasjon,2026-09-07T14:26:00+02:00,2026-09-07T14:29:51+02:00,2026-09-07T14:29:51+02:00,231.0,1,Moss,RUT:Line:540,Moss - Son - Vestby stasjon,540,bus,RUT:ServiceJourney:6a273761a35fa8e711784a842f9c342b,True,actual,False,,,,,2026-09-07T15:44:36.205822+02:00
NSR:StopPlace:61464,Hvalstad stasjon,2026-09-07T07:09:00+02:00,2026-09-07T07:12:51+02:00,2026-09-07T07:12:51+02:00,231.0,1,Spikkestad,VYG:Line:L1,Spikkestad-Oslo S-Lillestrøm,L1,rail,VYG:ServiceJourney:2207_443595-R,True,actual,False,Færre vogner,Denne avgangen kjører dessverre med 4 vogner i stedet for 8 vogner. Dette skyldes at vi mangler et togsett.,general,normal,2026-09-07T08:42:24.659182+02:00
NSR:StopPlace:58845,Eidsvoll verk stasjon,2026-09-07T07:50:00+02:00,2026-09-07T07:53:51+02:00,2026-09-07T07:53:51+02:00,231.0,1,Eidsvoll - Vilberg,RUT:Line:445,Hurdal - Eidsvoll verk,445,bus,RUT:ServiceJourney:86cf4a853df03ce89523728e9dd39af4,True,actual,False,,,,,2026-09-07T08:42:24.659182+02:00
NSR:StopPlace:58846,Fetsund stasjon,2026-09-07T08:22:00+02:00,2026-09-07T08:25:51+02:00,2026-09-07T08:25:51+02:00,231.0,1,Kongsvinger,VYG:Line:R14,Asker-Oslo S-Kongsvinger,R14,rail,VYG:ServiceJourney:1007_442912-R,True,actual,False,,,,,2026-09-07T08:42:24.659182+02:00
NSR:StopPlace:58876,Tønsberg stasjon,2026-09-07T06:53:00+02:00,2026-09-07T06:56:51+02:00,2026-09-07T06:56:51+02:00,231.0,1,Tønsberg-Sandeåsen,VKT:Line:59,Barkåker-Tønsberg-Sandeåsen,59,bus,VKT:ServiceJourney:16038,True,actual,False,,,,,2026-09-07T08:42:24.659182+02:00
NSR:StopPlace:62392,Slependen stasjon,2026-09-07T07:03:00+02:00,2026-09-07T07:06:51+02:00,2026-09-07T07:06:51+02:00,231.0,1,Spikkestad,VYG:Line:L1,Spikkestad-Oslo S-Lillestrøm,L1,rail,VYG:ServiceJourney:2207_443595-R,True,actual,False,Færre vogner,Denne avgangen kjører dessverre med 4 vogner i stedet for 8 vogner. Dette skyldes at vi mangler et togsett.,general,normal,2026-09-07T08:42:24.659182+02:00
NSR:StopPlace:59650,Nyland stasjon,2026-09-07T23:14:00+02:00,2026-09-07T23:17:50+02:00,2026-09-07T23:17:50+02:00,230.0,1,Asker,VYG:Line:L1,Spikkestad-Oslo S-Lillestrøm,L1,rail,VYG:ServiceJourney:2173_443584-R,True,actual,False,,,,,2026-09-08T00:20:52.129880+02:00
NSR:StopPlace:58836,Mjøndalen stasjon,2026-09-07T23:36:00+02:00,2026-09-07T23:39:50+02:00,2026-09-07T23:39:50+02:00,230.0,1,Drammen sykehus,BRA:Line:4_6001,Drammen sykehus Brakerøya - Sørensvingen / Mjøndalen,1,bus,BRA:ServiceJourney:6001_260415100161847_1242,True,actual,False,,,,,2026-09-08T00:20:52.129880+02:00
NSR:StopPlace:62392,Slependen stasjon,2026-09-07T23:03:00+02:00,2026-09-07T23:06:50+02:00,2026-09-07T23:06:50+02:00,230.0,1,Spikkestad,VYG:Line:L1,Spikkestad-Oslo S-Lillestrøm,L1,rail,VYG:ServiceJourney:2271_443704-R,True,actual,False,,,,,2026-09-08T00:20:52.129880+02:00
NSR:StopPlace:61251,Øksnavadporten stasjon,2026-09-07T16:49:00+02:00,2026-09-07T16:52:50+02:00,2026-09-07T16:52:50+02:00,230.0,1,Egersund,GOA:Line:59,Jærbanen,L5,rail,GOA:ServiceJourney:3050_63097-R,True,actual,False,,,,,2026-09-07T20:27:16.249662+02:00
NSR:StopPlace:59648,Kjelsås stasjon,2026-09-07T17:25:00+02:00,2026-09-07T17:28:50+02:00,2026-09-07T17:28:50+02:00,230.0,1,Majorstuen,RUT:Line:25,Majorstuen-Haugerud,25,bus,RUT:ServiceJourney:59a1cb0572bc0c1b484ff4ea6ff767bb,True,actual,False,,,,,2026-09-07T20:27:16.249662+02:00
NSR:StopPlace:58954,Fauske stasjon,2026-09-07T18:00:00+02:00,2026-09-07T18:03:50+02:00,2026-09-07T18:03:50+02:00,230.0,1,Narvik - Sortland,NOR:Line:12_8100,Bodø - Fauske - Narvik/Sortland,100,bus,NOR:ServiceJourney:8100_260126119369932_1022,True,actual,False,,,,,2026-09-07T20:27:16.249662+02:00
NSR:StopPlace:58921,Vennesla stasjon,2026-09-07T19:39:00+02:00,2026-09-07T19:42:50+02:00,2026-09-07T19:42:50+02:00,230.0,1,Stavanger,GOA:Line:50,Sørtoget region,F5,rail,GOA:ServiceJourney:715-LOD_63248-R,True,actual,False,,,,,2026-09-07T20:27:16.249662+02:00
NSR:StopPlace:58870,Holmestrand stasjon,2026-09-07T14:25:00+02:00,2026-09-07T14:28:50+02:00,2026-09-07T14:28:50+02:00,230.0,1,Sande,VKT:Line:230,Sande-Holmestrand,230,bus,VKT:ServiceJourney:15061,True,actual,False,,,,,2026-09-07T15:44:36.205822+02:00
NSR:StopPlace:151,Evanger stasjon,2026-09-07T15:25:00+02:00,2026-09-07T15:28:50+02:00,2026-09-07T15:28:50+02:00,230.0,1,Voss,VYG:Line:R40,Bergen-Voss-Myrdal-Ål,R40,rail,VYG:ServiceJourney:1820_443407-R,True,actual,False,,,,,2026-09-07T15:44:36.205822+02:00
NSR:StopPlace:398,Arna stasjon,2026-09-07T15:24:00+02:00,2026-09-07T15:27:50+02:00,2026-09-07T15:27:50+02:00,230.0,1,Voss,VYG:Line:R40,Bergen-Voss-Myrdal-Ål,R40,rail,VYG:ServiceJourney:1822_481192-R,True,actual,False,,,,,2026-09-07T15:44:36.205822+02:00
NSR:StopPlace:59952,Drammen stasjon,2026-09-07T06:14:00+02:00,2026-09-07T06:17:50+02:00,2026-09-07T06:17:50+02:00,230.0,1,Skien,VYG:Line:RE11,Eidsvoll-Oslo S-Skien,RE11,rail,VYG:ServiceJourney:300-803-HHS_658721-R,True,actual,False,,,,,2026-09-07T08:42:24.659182+02:00
NSR:StopPlace:60053,Halden stasjon,2026-09-07T08:08:00+02:00,2026-09-07T08:11:50+02:00,2026-09-07T08:11:50+02:00,230.0,1,Halden sentrum,OST:Line:1_35,Næridsrød - Tistedal,35,bus,OST:ServiceJourney:35_260325121472363_6,True,actual,False,,,,,2026-09-07T08:42:24.659182+02:00
NSR:StopPlace:58848,Haga stasjon,2026-09-07T08:31:00+02:00,2026-09-07T08:34:50+02:00,2026-09-07T08:34:50+02:00,230.0,1,Framtun skole,RUT:Line:3676,Bjørkelangen - Aurskog - Hellne - Haga - Nes vgs.,3676,bus,RUT:ServiceJourney:28f4ffb769e592ea9c86af70f1001baa,True,actual,False,,,,,2026-09-07T08:42:24.659182+02:00
NSR:StopPlace:58860,Oppegård stasjon,2026-09-07T08:31:00+02:00,2026-09-07T08:34:50+02:00,2026-09-07T08:34:50+02:00,230.0,1,Ski stasjon,RUT:Line:580,Kolbotn - Ski,580,bus,RUT:ServiceJourney:2e59f06871999fb74944325f6e3122e3,True,actual,False,,,,,2026-09-07T08:42:24.659182+02:00
NSR:StopPlace:59244,Egersund stasjon,2026-09-07T23:18:00+02:00,2026-09-07T23:21:49+02:00,2026-09-07T23:21:49+02:00,229.0,1,Oslo S,GOA:Line:50,Sørtoget region,F5,rail,GOA:ServiceJourney:726-KVB_63257-R,True,actual,False,,,,,2026-09-08T00:20:52.129880+02:00
NSR:StopPlace:58800,Råde stasjon,2026-09-08T00:01:00+02:00,2026-09-08T00:04:49+02:00,2026-09-08T00:04:49+02:00,229.0,1,Halden,VYG:Line:RE20,Oslo S-Halden-Göteborg (X-Border),RE20,rail,VYG:ServiceJourney:137_443137-R,True,actual,False,,,,,2026-09-08T00:20:52.129880+02:00
NSR:StopPlace:62094,Lindeberg stasjon,2026-09-07T23:18:00+02:00,2026-09-07T23:21:49+02:00,2026-09-07T23:21:49+02:00,229.0,1,Drammen,VYG:Line:R13,Drammen-Oslo S-Dal,R13,rail,VYG:ServiceJourney:1674_481183-R,True,actual,False,,,,,2026-09-08T00:20:52.129880+02:00
NSR:StopPlace:58947,Steinkjer stasjon,2026-09-07T20:13:00+02:00,2026-09-07T20:16:49+02:00,2026-09-07T20:16:49+02:00,229.0,1,Sykehuset Levanger,ATB:Line:2_680,Levanger - Steinkjer - Namsos,680,bus,ATB:ServiceJourney:680_260106098642286_27,True,actual,False,,,,,2026-09-07T20:27:16.249662+02:00
NSR:StopPlace:58835,Lier stasjon,2026-09-07T17:17:00+02:00,2026-09-07T17:20:49+02:00,2026-09-07T17:20:49+02:00,229.0,1,Kongsberg,VYG:Line:R13,Drammen-Oslo S-Dal,R13,rail,VYG:ServiceJourney:1646_443312-R,True,actual,False,,,,,2026-09-07T20:27:16.249662+02:00
NSR:StopPlace:58845,Eidsvoll verk stasjon,2026-09-07T18:25:00+02:00,2026-09-07T18:28:49+02:00,2026-09-07T18:28:49+02:00,229.0,1,Eidsvoll,VYG:Line:R12,Kongsberg-Oslo S-Eidsvoll,R12,rail,VYG:ServiceJourney:526_444332-R,True,actual,False,,,,,2026-09-07T20:27:16.249662+02:00
NSR:StopPlace:441,Auli stasjon,2026-09-07T17:16:00+02:00,2026-09-07T17:19:49+02:00,2026-09-07T17:19:49+02:00,229.0,1,Asker,VYG:Line:R14,Asker-Oslo S-Kongsvinger,R14,rail,VYG:ServiceJourney:1026_442936-R,True,actual,False,,,,,2026-09-07T20:27:16.249662+02:00
NSR:StopPlace:58869,Ås stasjon,2026-09-07T15:10:00+02:00,2026-09-07T15:13:49+02:00,2026-09-07T15:13:49+02:00,229.0,1,Moss,VYG:Line:R21,Stabekk-Oslo S-Moss,R21,rail,VYG:ServiceJourney:1139-HVK_443016-R,True,actual,False,,,,,2026-09-07T15:44:36.205822+02:00
NSR:StopPlace:61101,Notodden stasjon,2026-09-07T06:36:00+02:00,2026-09-07T06:39:49+02:00,2026-09-07T06:39:49+02:00,229.0,1,Porsgrunn,VYG:Line:R55,Porsgrunn-Notodden,R55,rail,VYG:ServiceJourney:2473_443745-R,True,actual,False,,,,,2026-09-07T08:42:24.659182+02:00
NSR:StopPlace:59643,Grefsen stasjon,2026-09-07T07:26:00+02:00,2026-09-07T07:29:49+02:00,2026-09-07T07:29:49+02:00,229.0,1,Brynseng,RUT:Line:24,Fornebu vest - Brynseng T,24,bus,RUT:ServiceJourney:6b16fc2d3b6b7292b014bf4c1c5f8a4a,True,actual,False,,,,,2026-09-07T08:42:24.659182+02:00
NSR:StopPlace:58921,Vennesla stasjon,2026-09-07T07:08:00+02:00,2026-09-07T07:11:49+02:00,2026-09-07T07:11:49+02:00,229.0,1,Vennesla - Samkom,AKT:Line:31,Kvadraturen - Sødal - Vennesla,31,bus,AKT:ServiceJourney:79640_51_48_48600_50940_3950303,True,actual,False,,,,,2026-09-07T08:42:24.659182+02:00
NSR:StopPlace:58924,Bryne stasjon,2026-09-07T07:59:00+02:00,2026-09-07T08:02:49+02:00,2026-09-07T08:02:49+02:00,229.0,1,Stavanger,GOA:Line:59,Jærbanen,L5,rail,GOA:ServiceJourney:3013_63045-R,True,actual,False,,,,,2026-09-07T08:42:24.659182+02:00
NSR:StopPlace:58838,Røyken stasjon,2026-09-07T06:15:00+02:00,2026-09-07T06:18:49+02:00,2026-09-07T06:18:49+02:00,229.0,1,Asker,RUT:Line:260,Hyggen - Bråset -Slemmestad (- Asker),260,bus,RUT:ServiceJourney:fb6a92574b67239e234e46df5878eba2,True,actual,False,,,,,2026-09-07T08:42:24.659182+02:00
NSR:StopPlace:58853,Kolbotn stasjon,2026-09-07T07:20:00+02:00,2026-09-07T07:23:49+02:00,2026-09-07T07:23:49+02:00,229.0,1,Kolbotn,RUT:Line:87,Hauketo stasjon - Kolbotn,87,bus,RUT:ServiceJourney:83099cc3d99f0771f27aada8e677f693,True,actual,False,,,,,2026-09-07T08:42:24.659182+02:00
NSR:StopPlace:58864,Sørumsand stasjon,2026-09-07T08:29:00+02:00,2026-09-07T08:32:49+02:00,2026-09-07T08:32:49+02:00,229.0,1,Asker,VYG:Line:R14,Asker-Oslo S-Kongsvinger,R14,rail,VYG:ServiceJourney:1008_442913-R,True,actual,False,,,,,2026-09-07T08:42:24.659182+02:00
NSR:StopPlace:58807,Hanestad stasjon,2026-09-07T05:42:00+02:00,2026-09-07T05:45:49+02:00,2026-09-07T05:45:49+02:00,229.0,1,Hamar,SJN:Line:25,Rørosbanen,R60,rail,SJN:ServiceJourney:2378_30115-R,True,actual,False,,,,,2026-09-07T08:42:24.659182+02:00
NSR:StopPlace:362,Jåttåvågen stasjon,2026-09-07T05:42:00+02:00,2026-09-07T05:45:49+02:00,2026-09-07T05:45:49+02:00,229.0,1,Stavanger,GOA:Line:59,Jærbanen,L5,rail,GOA:ServiceJourney:3001_63033-R,True,actual,False,,,,,2026-09-07T08:42:24.659182+02:00
NSR:StopPlace:58814,Tolga stasjon,2026-09-07T23:14:00+02:00,2026-09-07T23:17:48+02:00,2026-09-07T23:17:48+02:00,228.0,1,Røros,SJN:Line:25,Rørosbanen,R60,rail,SJN:ServiceJourney:2393_37671-R,True,actual,False,,,,,2026-09-08T00:20:52.129880+02:00
NSR:StopPlace:62339,Lillestrøm stasjon,2026-09-07T22:45:00+02:00,2026-09-07T22:48:48+02:00,2026-09-07T22:48:48+02:00,228.0,1,Lillehammer,VYG:Line:RE10,Drammen-Oslo S-Lillehammer,RE10,rail,VYG:ServiceJourney:337-SUD_486424-R,True,actual,False,Heis i spor 1 og 2 er ute av bruk på grunn av vedlikehold.,Heis i spor 1 og 2 er ute av bruk på grunn av vedlikehold.,general,normal,2026-09-08T00:20:52.129880+02:00
NSR:StopPlace:62373,Berkåk stasjon,2026-09-07T21:33:00+02:00,2026-09-07T21:36:48+02:00,2026-09-07T21:36:48+02:00,228.0,1,Trondheim S,SJN:Line:21,Dovrebanen,F6,rail,SJN:ServiceJourney:49-LOD_54215-R,True,actual,False,,,,,2026-09-08T00:20:52.129880+02:00
NSR:StopPlace:59658,Moi stasjon,2026-09-07T19:26:00+02:00,2026-09-07T19:29:48+02:00,2026-09-07T19:29:48+02:00,228.0,1,Stavanger,GOA:Line:50,Sørtoget region,F5,rail,GOA:ServiceJourney:713-LOD_68191-R,True,actual,False,,,,,2026-09-07T20:27:16.249662+02:00
NSR:StopPlace:58872,Sandefjord stasjon,2026-09-07T17:18:00+02:00,2026-09-07T17:21:48+02:00,2026-09-07T17:21:48+02:00,228.0,1,Skien,VYG:Line:RE11,Eidsvoll-Oslo S-Skien,RE11,rail,VYG:ServiceJourney:823_444403-R,True,actual,False,,,,,2026-09-07T20:27:16.249662+02:00
NSR:StopPlace:58891,Vegårshei stasjon,2026-09-07T18:39:00+02:00,2026-09-07T18:42:48+02:00,2026-09-07T18:42:48+02:00,228.0,1,Stavanger,GOA:Line:50,Sørtoget region,F5,rail,GOA:ServiceJourney:715-LOD_63248-R,True,actual,False,,,,,2026-09-07T20:27:16.249662+02:00
NSR:StopPlace:58805,Brumunddal stasjon,2026-09-07T12:49:00+02:00,2026-09-07T12:52:48+02:00,2026-09-07T12:52:48+02:00,228.0,1,Drammen,VYG:Line:RE10,Drammen-Oslo S-Lillehammer,RE10,rail,VYG:ServiceJourney:318-LHM_444187-R,True,actual,False,,,,,2026-09-07T15:44:36.205822+02:00
NSR:StopPlace:58812,Os stasjon,2026-09-07T12:31:00+02:00,2026-09-07T12:34:48+02:00,2026-09-07T12:34:48+02:00,228.0,1,Hamar,SJN:Line:25,Rørosbanen,R60,rail,SJN:ServiceJourney:2386_47976-R,True,actual,False,,,,,2026-09-07T15:44:36.205822+02:00
NSR:StopPlace:58884,Skien stasjon,2026-09-07T07:18:00+02:00,2026-09-07T07:21:48+02:00,2026-09-07T07:21:48+02:00,228.0,1,Skien Landmannstorget,TEL:Line:8885,Skien-Fossum-Ås,85,bus,TEL:ServiceJourney:125844,True,actual,False,,,,,2026-09-07T08:42:24.659182+02:00
NSR:StopPlace:222,Myrdal stasjon,2026-09-07T08:12:00+02:00,2026-09-07T08:15:48+02:00,2026-09-07T08:15:48+02:00,228.0,1,Oslo S,VYG:Line:F4,Oslo S-Bergen,F4,rail,VYG:ServiceJourney:60-BRG_444351-R,True,actual,False,,,,,2026-09-07T08:42:24.659182+02:00
NSR:StopPlace:62379,Bergsgrav stasjon,2026-09-07T08:00:00+02:00,2026-09-07T08:03:48+02:00,2026-09-07T08:03:48+02:00,228.0,1,Lundamo,SJN:Line:26,Trønderbanen,R70,rail,SJN:ServiceJourney:426_56055-R,True,actual,False,,,,,2026-09-07T08:42:24.659182+02:00
NSR:StopPlace:59643,Grefsen stasjon,2026-09-07T22:41:00+02:00,2026-09-07T22:44:47+02:00,2026-09-07T22:44:47+02:00,227.0,1,Lysaker,RUT:Line:23,Lysaker - Simensbråten,23,bus,RUT:ServiceJourney:a0f32a66b7cea9e51e21cce10e20b984,True,actual,False,,,,,2026-09-08T00:20:52.129880+02:00
NSR:StopPlace:63079,Skeiane stasjon,2026-09-07T22:12:00+02:00,2026-09-07T22:15:47+02:00,2026-09-07T22:15:47+02:00,227.0,1,Egersund,GOA:Line:59,Jærbanen,L5,rail,GOA:ServiceJourney:3072_63133-R,True,actual,False,,,,,2026-09-08T00:20:52.129880+02:00
NSR:StopPlace:63079,Skeiane stasjon,2026-09-07T22:12:00+02:00,2026-09-07T22:15:47+02:00,2026-09-07T22:15:47+02:00,227.0,1,Stavanger,GOA:Line:59,Jærbanen,L5,rail,GOA:ServiceJourney:3069_63130-R,True,actual,False,,,,,2026-09-08T00:20:52.129880+02:00
NSR:StopPlace:62380,Røra stasjon,2026-09-07T21:54:00+02:00,2026-09-07T21:57:47+02:00,2026-09-07T21:57:47+02:00,227.0,1,Støren,SJN:Line:26,Trønderbanen,R70,rail,SJN:ServiceJourney:454_56083-R,True,actual,False,,,,,2026-09-08T00:20:52.129880+02:00
NSR:StopPlace:59649,Nydalen stasjon,2026-09-07T16:47:00+02:00,2026-09-07T16:50:47+02:00,2026-09-07T16:50:47+02:00,227.0,1,Roa,VYG:Line:RE30,Oslo S-Gjøvik,RE30,rail,VYG:ServiceJourney:BUS-1225_655077-R,True,actual,False,,,,,2026-09-07T20:27:16.249662+02:00
NSR:StopPlace:59636,Holmlia stasjon,2026-09-07T17:35:00+02:00,2026-09-07T17:38:47+02:00,2026-09-07T17:38:47+02:00,227.0,1,Grorud T,RUT:Line:79,Grorud T - Åsbråten,79,bus,RUT:ServiceJourney:83e784d58c6fca6360e0d58bb964b36c,True,actual,False,,,,,2026-09-07T20:27:16.249662+02:00
NSR:StopPlace:60042,Trengereid stasjon,2026-09-07T15:34:00+02:00,2026-09-07T15:37:47+02:00,2026-09-07T15:37:47+02:00,227.0,1,Voss,VYG:Line:R40,Bergen-Voss-Myrdal-Ål,R40,rail,VYG:ServiceJourney:1822_481192-R,True,actual,False,,,,,2026-09-07T15:44:36.205822+02:00
NSR:StopPlace:441,Auli stasjon,2026-09-07T14:15:00+02:00,2026-09-07T14:18:47+02:00,2026-09-07T14:18:47+02:00,227.0,1,Asker,VYG:Line:R14,Asker-Oslo S-Kongsvinger,R14,rail,VYG:ServiceJourney:1020_442928-R,True,actual,False,,,,,2026-09-07T15:44:36.205822+02:00
NSR:StopPlace:62308,Alna stasjon,2026-09-07T15:17:00+02:00,2026-09-07T15:20:47+02:00,2026-09-07T15:20:47+02:00,227.0,1,Asker,VYG:Line:L1,Spikkestad-Oslo S-Lillestrøm,L1,rail,VYG:ServiceJourney:2141_443549-R,True,actual,False,Færre vogner,Denne avgangen kjører dessverre med 4 vogner i stedet for 8 vogner. Dette skyldes at vi mangler et togsett.,general,normal,2026-09-07T15:44:36.205822+02:00
NSR:StopPlace:59244,Egersund stasjon,2026-09-07T08:08:00+02:00,2026-09-07T08:11:47+02:00,2026-09-07T08:11:47+02:00,227.0,1,Sandnes,KOL:Line:8_2040,E90,E90,bus,KOL:ServiceJourney:2040_250903083245415_1002,True,actual,False,,,,,2026-09-07T08:42:24.659182+02:00
NSR:StopPlace:58936,Skatval stasjon,2026-09-07T07:53:00+02:00,2026-09-07T07:56:47+02:00,2026-09-07T07:56:47+02:00,227.0,1,Skatval skole - Halsen U,ATB:Line:2_7702,Langstein - Skatval - Halsen,7702,bus,ATB:ServiceJourney:7702_260106098641999_2,True,actual,False,,,,,2026-09-07T08:42:24.659182+02:00
NSR:StopPlace:58893,Grovane stasjon,2026-09-07T06:10:00+02:00,2026-09-07T06:13:47+02:00,2026-09-07T06:13:47+02:00,227.0,1,Kristiansand,AKT:Line:31,Kvadraturen - Sødal - Vennesla,31,bus,AKT:ServiceJourney:79675_52_50_44040_46320_3950001,True,actual,False,,,,,2026-09-07T08:42:24.659182+02:00
NSR:StopPlace:61466,Vakås stasjon,2026-09-07T22:38:00+02:00,2026-09-07T22:41:46+02:00,2026-09-07T22:41:46+02:00,226.0,1,Lillestrøm,VYG:Line:L1,Spikkestad-Oslo S-Lillestrøm,L1,rail,VYG:ServiceJourney:2274_443709-R,True,actual,False,,,,,2026-09-08T00:20:52.129880+02:00
NSR:StopPlace:58842,Blaker stasjon,2026-09-07T21:22:00+02:00,2026-09-07T21:25:46+02:00,2026-09-07T21:25:46+02:00,226.0,1,Asker,VYG:Line:R14,Asker-Oslo S-Kongsvinger,R14,rail,VYG:ServiceJourney:1034_442946-R,True,actual,False,,,,,2026-09-08T00:20:52.129880+02:00
NSR:StopPlace:58845,Eidsvoll verk stasjon,2026-09-07T22:55:00+02:00,2026-09-07T22:58:46+02:00,2026-09-07T22:58:46+02:00,226.0,1,Eidsvoll,VYG:Line:RE11,Eidsvoll-Oslo S-Skien,RE11,rail,VYG:ServiceJourney:834_444414-R,True,actual,False,,,,,2026-09-08T00:20:52.129880+02:00
NSR:StopPlace:144,Skansen stasjon,2026-09-07T23:11:00+02:00,2026-09-07T23:14:46+02:00,2026-09-07T23:14:46+02:00,226.0,1,Steinkjer,SJN:Line:26,Trønderbanen,R70,rail,SJN:ServiceJourney:457-SOeB_56085-R,True,actual,False,,,,,2026-09-08T00:20:52.129880+02:00
NSR:StopPlace:58860,Oppegård stasjon,2026-09-07T20:01:00+02:00,2026-09-07T20:04:46+02:00,2026-09-07T20:04:46+02:00,226.0,1,Kolbotn torg,RUT:Line:580,Kolbotn - Ski,580,bus,RUT:ServiceJourney:ab086782c8dd387fe7d9681d4d55c28c,True,actual,False,,,,,2026-09-07T20:27:16.249662+02:00
NSR:StopPlace:364,Vaksdal stasjon,2026-09-07T19:53:00+02:00,2026-09-07T19:56:46+02:00,2026-09-07T19:56:46+02:00,226.0,1,Voss,VYG:Line:R40,Bergen-Voss-Myrdal-Ål,R40,rail,VYG:ServiceJourney:1830_457480-R,True,actual,False,,,,,2026-09-07T20:27:16.249662+02:00
NSR:StopPlace:61466,Vakås stasjon,2026-09-07T15:08:00+02:00,2026-09-07T15:11:46+02:00,2026-09-07T15:11:46+02:00,226.0,1,Lillestrøm,VYG:Line:L1,Spikkestad-Oslo S-Lillestrøm,L1,rail,VYG:ServiceJourney:2244_445341-R,True,actual,False,,,,,2026-09-07T15:44:36.205822+02:00
NSR:StopPlace:58855,Leirsund stasjon,2026-09-07T14:30:00+02:00,2026-09-07T14:33:46+02:00,2026-09-07T14:33:46+02:00,226.0,1,Dal,VYG:Line:R13,Drammen-Oslo S-Dal,R13,rail,VYG:ServiceJourney:1637_443291-R,True,actual,False,,,,,2026-09-07T15:44:36.205822+02:00
NSR:StopPlace:58893,Grovane stasjon,2026-09-07T15:20:00+02:00,2026-09-07T15:23:46+02:00,2026-09-07T15:23:46+02:00,226.0,1,Samkom,AKT:Line:31,Kvadraturen - Sødal - Vennesla,31,bus,AKT:ServiceJourney:79651_161_48_106200_108540_3950303,True,actual,False,,,,,2026-09-07T15:44:36.205822+02:00
NSR:StopPlace:58826,Reinsvoll stasjon,2026-09-07T15:33:00+02:00,2026-09-07T15:36:46+02:00,2026-09-07T15:36:46+02:00,226.0,1,Raufoss-Gjøvik,INN:Line:46,Lena-Raufoss-Gjøvik-Kapp-Lena,B46,bus,INN:ServiceJourney:76839,True,actual,False,,,,,2026-09-07T15:44:36.205822+02:00
NSR:StopPlace:144,Skansen stasjon,2026-09-07T14:32:00+02:00,2026-09-07T14:35:46+02:00,2026-09-07T14:35:46+02:00,226.0,1,Steinkjer,SJN:Line:26,Trønderbanen,R70,rail,SJN:ServiceJourney:1761_56047-R,True,actual,False,,,,,2026-09-07T15:44:36.205822+02:00
NSR:StopPlace:58851,Heggedal stasjon,2026-09-07T07:25:00+02:00,2026-09-07T07:28:46+02:00,2026-09-07T07:28:46+02:00,226.0,1,Spikkestad,VYG:Line:L1,Spikkestad-Oslo S-Lillestrøm,L1,rail,VYG:ServiceJourney:2207_443595-R,True,actual,False,Færre vogner,Denne avgangen kjører dessverre med 4 vogner i stedet for 8 vogner. Dette skyldes at vi mangler et togsett.,general,normal,2026-09-07T08:42:24.659182+02:00
NSR:StopPlace:441,Auli stasjon,2026-09-07T07:15:00+02:00,2026-09-07T07:18:46+02:00,2026-09-07T07:18:46+02:00,226.0,1,Asker,VYG:Line:R14,Asker-Oslo S-Kongsvinger,R14,rail,VYG:ServiceJourney:1006_442911-R,True,actual,False,,,,,2026-09-07T08:42:24.659182+02:00
NSR:StopPlace:62311,Vigrestad stasjon,2026-09-07T05:33:00+02:00,2026-09-07T05:36:46+02:00,2026-09-07T05:36:46+02:00,226.0,1,Egersund,GOA:Line:59,Jærbanen,L5,rail,GOA:ServiceJourney:3004_63035-R,True,actual,False,,,,,2026-09-07T08:42:24.659182+02:00
NSR:StopPlace:58857,Lørenskog stasjon,2026-09-08T00:07:00+02:00,2026-09-08T00:10:45+02:00,2026-09-08T00:10:45+02:00,225.0,1,Nesåsen,RUT:Line:120,Nesåsen - Stovner,120,bus,RUT:ServiceJourney:e42d6cadfcb255b75185a170b0fdb86f,True,actual,False,,,,,2026-09-08T00:20:52.129880+02:00
NSR:StopPlace:416,Vikhammer stasjon,2026-09-07T22:34:00+02:00,2026-09-07T22:37:45+02:00,2026-09-07T22:37:45+02:00,225.0,1,Steinkjer,SJN:Line:26,Trønderbanen,R70,rail,SJN:ServiceJourney:455_56084-R,True,actual,False,,,,,2026-09-08T00:20:52.129880+02:00
NSR:StopPlace:58963,Jessheim stasjon,2026-09-07T18:07:00+02:00,2026-09-07T18:10:45+02:00,2026-09-07T18:10:45+02:00,225.0,1,Drammen,VYG:Line:R13,Drammen-Oslo S-Dal,R13,rail,VYG:ServiceJourney:1654_443330-R,True,actual,False,,,,,2026-09-07T20:27:16.249662+02:00
NSR:StopPlace:59648,Kjelsås stasjon,2026-09-07T14:30:00+02:00,2026-09-07T14:33:45+02:00,2026-09-07T14:33:45+02:00,225.0,1,Haugerud,RUT:Line:25,Majorstuen-Haugerud,25,bus,RUT:ServiceJourney:dfb86ba712d10399385be3bdca0ac8b2,True,actual,False,,,,,2026-09-07T15:44:36.205822+02:00
NSR:StopPlace:59958,Voss stasjon,2026-09-07T14:41:00+02:00,2026-09-07T14:44:45+02:00,2026-09-07T14:44:45+02:00,225.0,1,Myrdal,VYG:Line:R40,Bergen-Voss-Myrdal-Ål,R40,rail,VYG:ServiceJourney:1818_443404-R,True,actual,False,,,,,2026-09-07T15:44:36.205822+02:00
NSR:StopPlace:60078,Kongsvoll stasjon,2026-09-07T12:00:00+02:00,2026-09-07T12:03:45+02:00,2026-09-07T12:03:45+02:00,225.0,1,Oslo S,SJN:Line:21,Dovrebanen,F6,rail,SJN:ServiceJourney:44-TND_47992-R,True,actual,False,,,,,2026-09-07T15:44:36.205822+02:00
NSR:StopPlace:58930,Larvik stasjon,2026-09-07T14:39:00+02:00,2026-09-07T14:42:45+02:00,2026-09-07T14:42:45+02:00,225.0,1,Veldre,VKT:Line:3,Busk-Sandefjord-Larvik-Veldre,3,bus,VKT:ServiceJourney:17484,True,actual,False,,,,,2026-09-07T15:44:36.205822+02:00
NSR:StopPlace:58851,Heggedal stasjon,2026-09-07T15:24:00+02:00,2026-09-07T15:27:45+02:00,2026-09-07T15:27:45+02:00,225.0,1,Lillestrøm,VYG:Line:L1,Spikkestad-Oslo S-Lillestrøm,L1,rail,VYG:ServiceJourney:2246_443661-R,True,actual,False,,,,,2026-09-07T15:44:36.205822+02:00
NSR:StopPlace:58871,Sande stasjon,2026-09-07T14:42:00+02:00,2026-09-07T14:45:45+02:00,2026-09-07T14:45:45+02:00,225.0,1,Holmestrand,VKT:Line:230,Sande-Holmestrand,230,bus,VKT:ServiceJourney:15058,True,actual,False,,,,,2026-09-07T15:44:36.205822+02:00
NSR:StopPlace:59649,Nydalen stasjon,2026-09-07T07:56:00+02:00,2026-09-07T07:59:45+02:00,2026-09-07T07:59:45+02:00,225.0,1,Simensbråten,RUT:Line:23,Lysaker - Simensbråten,23,bus,RUT:ServiceJourney:2f83a44322d08ec126e6ca2c93286028,True,actual,False,,,,,2026-09-07T08:42:24.659182+02:00
NSR:StopPlace:58848,Haga stasjon,2026-09-07T07:34:00+02:00,2026-09-07T07:37:45+02:00,2026-09-07T07:37:45+02:00,225.0,1,Runni,RUT:Line:455,Årnes -Rånåsfoss,455,bus,RUT:ServiceJourney:d793614a3dbd2a0a565b4d3d70faa3ba,True,actual,False,,,,,2026-09-07T08:42:24.659182+02:00
NSR:StopPlace:58858,Nittedal stasjon,2026-09-07T08:06:00+02:00,2026-09-07T08:09:45+02:00,2026-09-07T08:09:45+02:00,225.0,1,Oslo S,VYG:Line:RE30,Oslo S-Gjøvik,RE30,rail,VYG:ServiceJourney:BUS-1206_654993-R,True,actual,False,,,,,2026-09-07T08:42:24.659182+02:00
NSR:StopPlace:261,Ganddal stasjon,2026-09-07T07:29:00+02:00,2026-09-07T07:32:45+02:00,2026-09-07T07:32:45+02:00,225.0,1,Stavanger,GOA:Line:59,Jærbanen,L5,rail,GOA:ServiceJourney:3009_63041-R,True,actual,False,,,,,2026-09-07T08:42:24.659182+02:00
NSR:StopPlace:58859,Nordby stasjon,2026-09-07T22:33:00+02:00,2026-09-07T22:36:44+02:00,2026-09-07T22:36:44+02:00,224.0,1,Drammen,VYG:Line:R13,Drammen-Oslo S-Dal,R13,rail,VYG:ServiceJourney:1672_443368-R,True,actual,False,,,,,2026-09-08T00:20:52.129880+02:00
NSR:StopPlace:61466,Vakås stasjon,2026-09-07T19:08:00+02:00,2026-09-07T19:11:44+02:00,2026-09-07T19:11:44+02:00,224.0,1,Lillestrøm,VYG:Line:L1,Spikkestad-Oslo S-Lillestrøm,L1,rail,VYG:ServiceJourney:2260_445359-R,True,actual,False,,,,,2026-09-07T20:27:16.249662+02:00
NSR:StopPlace:58924,Bryne stasjon,2026-09-07T16:37:00+02:00,2026-09-07T16:40:44+02:00,2026-09-07T16:40:44+02:00,224.0,1,Oslo S,GOA:Line:50,Sørtoget region,F5,rail,GOA:ServiceJourney:716-STV_63249-R,True,actual,False,,,,,2026-09-07T20:27:16.249662+02:00
NSR:StopPlace:58830,Brakerøya stasjon,2026-09-07T20:08:00+02:00,2026-09-07T20:11:44+02:00,2026-09-07T20:11:44+02:00,224.0,1,Dal,VYG:Line:R13,Drammen-Oslo S-Dal,R13,rail,VYG:ServiceJourney:1663_443349-R,True,actual,False,,,,,2026-09-07T20:27:16.249662+02:00
NSR:StopPlace:58849,Hakadal stasjon,2026-09-07T18:35:00+02:00,2026-09-07T18:38:44+02:00,2026-09-07T18:38:44+02:00,224.0,1,Kongskog,RUT:Line:390,Kongskog/Hellerudhaugen - Oslo bussterminal,390,bus,RUT:ServiceJourney:997729b86e64b49f3e00ab6f879b803f,True,actual,False,,,,,2026-09-07T20:27:16.249662+02:00
NSR:StopPlace:58866,Vevelstad stasjon,2026-09-07T18:34:00+02:00,2026-09-07T18:37:44+02:00,2026-09-07T18:37:44+02:00,224.0,1,Bøleråsen,RUT:Line:510,Bøleråsen - Ski - Ås - Drøbak,510,bus,RUT:ServiceJourney:177214fce492a8a61d9dfece5e73ba0d,True,actual,False,,,,,2026-09-07T20:27:16.249662+02:00
NSR:StopPlace:62310,Brusand stasjon,2026-09-07T18:46:00+02:00,2026-09-07T18:49:44+02:00,2026-09-07T18:49:44+02:00,224.0,1,Egersund,GOA:Line:59,Jærbanen,L5,rail,GOA:ServiceJourney:3056_63108-R,True,actual,False,,,,,2026-09-07T20:27:16.249662+02:00
NSR:StopPlace:61707,Jevnaker stasjon,2026-09-07T14:32:00+02:00,2026-09-07T14:35:44+02:00,2026-09-07T14:35:44+02:00,224.0,1,Hønefoss over Eggemoen,INN:Line:113,Toso-Jevnaker-Hønefoss,113,bus,INN:ServiceJourney:70985,True,actual,False,,,,,2026-09-07T15:44:36.205822+02:00
NSR:StopPlace:59647,Dal stasjon,2026-09-07T14:41:00+02:00,2026-09-07T14:44:44+02:00,2026-09-07T14:44:44+02:00,224.0,1,Jessheim,RUT:Line:430,Eidsvoll - Jessheim,430,bus,RUT:ServiceJourney:9654b9f3cb3d8e2156b57d4047e4b0eb,True,actual,False,,,,,2026-09-07T15:44:36.205822+02:00
NSR:StopPlace:58795,Kambo stasjon,2026-09-07T15:25:00+02:00,2026-09-07T15:28:44+02:00,2026-09-07T15:28:44+02:00,224.0,1,Moss,VYG:Line:R21,Stabekk-Oslo S-Moss,R21,rail,VYG:ServiceJourney:1139-HVK_443016-R,True,actual,False,,,,,2026-09-07T15:44:36.205822+02:00
NSR:StopPlace:58879,Lunde stasjon,2026-09-07T15:08:00+02:00,2026-09-07T15:11:44+02:00,2026-09-07T15:11:44+02:00,224.0,1,Folkestad-Nordbø,TEL:Line:8121,Bø-Lunde,121,bus,TEL:ServiceJourney:127359,True,actual,False,,,,,2026-09-07T15:44:36.205822+02:00
NSR:StopPlace:6,Greverud stasjon,2026-09-07T06:33:00+02:00,2026-09-07T06:36:44+02:00,2026-09-07T06:36:44+02:00,224.0,1,Lysaker,VYG:Line:L2,Stabekk-Oslo S-Ski,L2,rail,VYG:ServiceJourney:2810-SKI_444022-R,True,actual,False,Færre vogner,Denne avgangen kjører dessverre med 3 vogner i stedet for 6 vogner. Dette skyldes at vi mangler et togsett.,general,normal,2026-09-07T08:42:24.659182+02:00
NSR:StopPlace:58936,Skatval stasjon,2026-09-07T07:58:00+02:00,2026-09-07T08:01:44+02:00,2026-09-07T08:01:44+02:00,224.0,1,Stjørdal stasjon,ATB:Line:2_7702,Langstein - Skatval - Halsen,7702,bus,ATB:ServiceJourney:7702_260106098642000_6,True,actual,False,,,,,2026-09-07T08:42:24.659182+02:00
NSR:StopPlace:58835,Lier stasjon,2026-09-08T00:11:30+02:00,2026-09-08T00:15:13+02:00,2026-09-08T00:15:13+02:00,223.0,1,Eidsvoll,VYG:Line:R13,Drammen-Oslo S-Dal,R13,rail,VYG:ServiceJourney:1679_443385-R,True,actual,False,,,,,2026-09-08T03:39:50.209703+02:00
NSR:StopPlace:61326,Gulskogen stasjon,2026-09-07T22:12:00+02:00,2026-09-07T22:15:43+02:00,2026-09-07T22:15:43+02:00,223.0,1,Eidsvoll,VYG:Line:R12,Kongsberg-Oslo S-Eidsvoll,R12,rail,VYG:ServiceJourney:536_444346-R,True,actual,False,,,,,2026-09-08T00:20:52.129880+02:00
NSR:StopPlace:58964,Kløfta stasjon,2026-09-07T22:14:00+02:00,2026-09-07T22:17:43+02:00,2026-09-07T22:17:43+02:00,223.0,1,Drammen,VYG:Line:R13,Drammen-Oslo S-Dal,R13,rail,VYG:ServiceJourney:1670_481178-R,True,actual,False,,,,,2026-09-08T00:20:52.129880+02:00
NSR:StopPlace:58853,Kolbotn stasjon,2026-09-07T22:49:00+02:00,2026-09-07T22:52:43+02:00,2026-09-07T22:52:43+02:00,223.0,1,Bjørvika,RUT:Line:83,Jernbanetorget - Tårnåsen,83,bus,RUT:ServiceJourney:703080409da2bdb614c0c2be28b2bcac,True,actual,False,Linje 80E og 83 får Hausmanns bru som ny endeholdeplass fra 29. juni,"Bussene stopper ikke på Jernbanetorget etter 29. juni, men starter og stopper på Hausmanns bru i Nylandsveien.",incident,normal,2026-09-08T00:20:52.129880+02:00
NSR:StopPlace:59957,Klepp stasjon,2026-09-07T17:22:00+02:00,2026-09-07T17:25:43+02:00,2026-09-07T17:25:43+02:00,223.0,1,Egersund,GOA:Line:59,Jærbanen,L5,rail,GOA:ServiceJourney:3052_63100-R,True,actual,False,,,,,2026-09-07T20:27:16.249662+02:00
NSR:StopPlace:59616,Asker stasjon,2026-09-07T17:10:00+02:00,2026-09-07T17:13:43+02:00,2026-09-07T17:13:43+02:00,223.0,1,Kongsberg,VYG:Line:R13,Drammen-Oslo S-Dal,R13,rail,VYG:ServiceJourney:1646_443312-R,True,actual,False,,,,,2026-09-07T20:27:16.249662+02:00
NSR:StopPlace:58835,Lier stasjon,2026-09-07T18:36:00+02:00,2026-09-07T18:39:43+02:00,2026-09-07T18:39:43+02:00,223.0,1,Lierskogen,BRA:Line:4_6073,Drammen - Reistad - Lierskogen,73,bus,BRA:ServiceJourney:6073_260415100160817_1029,True,actual,False,Fra 17/8 går linje 61-63-71-73-251-261 og skolebusser fra holdeplass ved Skutebrygga ut av byen.Les mer på brakar.no/trafikkmeldinger.,,general,normal,2026-09-07T20:27:16.249662+02:00
NSR:StopPlace:58842,Blaker stasjon,2026-09-07T19:22:00+02:00,2026-09-07T19:25:43+02:00,2026-09-07T19:25:43+02:00,223.0,1,Asker,VYG:Line:R14,Asker-Oslo S-Kongsvinger,R14,rail,VYG:ServiceJourney:1030_442941-R,True,actual,False,,,,,2026-09-07T20:27:16.249662+02:00
NSR:StopPlace:58889,Gjerstad stasjon,2026-09-07T16:24:00+02:00,2026-09-07T16:27:43+02:00,2026-09-07T16:27:43+02:00,223.0,1,Stavanger,GOA:Line:50,Sørtoget region,F5,rail,GOA:ServiceJourney:713-LOD_68191-R,True,actual,False,,,,,2026-09-07T20:27:16.249662+02:00
NSR:StopPlace:62339,Lillestrøm stasjon,2026-09-07T18:46:00+02:00,2026-09-07T18:49:43+02:00,2026-09-07T18:49:43+02:00,223.0,1,Asker,VYG:Line:R14,Asker-Oslo S-Kongsvinger,R14,rail,VYG:ServiceJourney:1028_442938-R,True,actual,False,Heis i spor 1 og 2 er ute av bruk på grunn av vedlikehold.,Heis i spor 1 og 2 er ute av bruk på grunn av vedlikehold.,general,normal,2026-09-07T20:27:16.249662+02:00
NSR:StopPlace:58790,Verdal stasjon,2026-09-07T15:40:00+02:00,2026-09-07T15:43:43+02:00,2026-09-07T15:43:43+02:00,223.0,1,Røra,ATB:Line:2_640,Levanger - Steinkjer,640,bus,ATB:ServiceJourney:640_260106098640614_12,True,actual,False,,,,,2026-09-07T15:44:36.205822+02:00
NSR:StopPlace:58851,Heggedal stasjon,2026-09-07T13:54:00+02:00,2026-09-07T13:57:43+02:00,2026-09-07T13:57:43+02:00,223.0,1,Lillestrøm,VYG:Line:L1,Spikkestad-Oslo S-Lillestrøm,L1,rail,VYG:ServiceJourney:2240_445337-R,True,actual,False,,,,,2026-09-07T15:44:36.205822+02:00
NSR:StopPlace:702,Sandnes sentrum stasjon,2026-09-07T15:25:00+02:00,2026-09-07T15:28:43+02:00,2026-09-07T15:28:43+02:00,223.0,1,Skeiane,GOA:Line:59,Jærbanen,L5,rail,GOA:ServiceJourney:3142_63187-R,True,actual,False,,,,,2026-09-07T15:44:36.205822+02:00
NSR:StopPlace:58793,Askim stasjon,2026-09-07T08:00:00+02:00,2026-09-07T08:03:43+02:00,2026-09-07T08:03:43+02:00,223.0,1,Haugen-Skiptvet,OST:Line:1_405,Aamodt-Askim,405,bus,OST:ServiceJourney:405_260325121476056_1,True,actual,False,,,,,2026-09-07T08:42:24.659182+02:00
NSR:StopPlace:58868,Årnes stasjon,2026-09-07T07:30:00+02:00,2026-09-07T07:33:43+02:00,2026-09-07T07:33:43+02:00,223.0,1,Dragsjøvegen,RUT:Line:3659,Østgård - Dragsjøvegen - Årnes,3659,bus,RUT:ServiceJourney:0236ed004817bbc20fa9d41295432a53,True,actual,False,,,,,2026-09-07T08:42:24.659182+02:00
NSR:StopPlace:58872,Sandefjord stasjon,2026-09-07T07:26:00+02:00,2026-09-07T07:29:43+02:00,2026-09-07T07:29:43+02:00,223.0,1,Skien,VYG:Line:RE11,Eidsvoll-Oslo S-Skien,RE11,rail,VYG:ServiceJourney:300-803-HHS_658721-R,True,actual,False,,,,,2026-09-07T08:42:24.659182+02:00
NSR:StopPlace:58932,Hommelvik stasjon,2026-09-07T23:51:00+02:00,2026-09-07T23:54:42+02:00,2026-09-07T23:54:42+02:00,222.0,1,Muruvik,ATB:Line:2_70,Stjørdal/Hommelvik- Trondheim,70,bus,ATB:ServiceJourney:70_251215112547081_115,True,actual,False,,,,,2026-09-08T00:20:52.129880+02:00
NSR:StopPlace:58856,Lysaker stasjon,2026-09-07T20:51:00+02:00,2026-09-07T20:54:42+02:00,2026-09-07T20:54:42+02:00,222.0,1,Kongsvinger,VYG:Line:R14,Asker-Oslo S-Kongsvinger,R14,rail,VYG:ServiceJourney:1033_442944-R,True,actual,False,,,,,2026-09-08T00:20:52.129880+02:00
NSR:StopPlace:60016,Kråkstad stasjon,2026-09-07T20:18:00+02:00,2026-09-07T20:21:42+02:00,2026-09-07T20:21:42+02:00,222.0,1,Rakkestad,VYG:Line:R22,Skøyen-Oslo S-Mysen-Rakkestad,R22,rail,VYG:ServiceJourney:1931_443485-R,True,actual,False,,,,,2026-09-07T20:27:16.249662+02:00
NSR:StopPlace:58966,Porsgrunn stasjon,2026-09-07T17:45:00+02:00,2026-09-07T17:48:42+02:00,2026-09-07T17:48:42+02:00,222.0,1,Skien,VYG:Line:RE11,Eidsvoll-Oslo S-Skien,RE11,rail,VYG:ServiceJourney:823_444403-R,True,actual,False,Heis på Porsgrunn ute av drift,Heisen på Porsgrunn til spor 2 er ute av drift.,general,normal,2026-09-07T20:27:16.249662+02:00
NSR:StopPlace:58869,Ås stasjon,2026-09-07T19:10:00+02:00,2026-09-07T19:13:42+02:00,2026-09-07T19:13:42+02:00,222.0,1,Moss,VYG:Line:R21,Stabekk-Oslo S-Moss,R21,rail,VYG:ServiceJourney:1155-HVK_443040-R,True,actual,False,,,,,2026-09-07T20:27:16.249662+02:00
NSR:StopPlace:58886,Arendal stasjon,2026-09-07T18:07:00+02:00,2026-09-07T18:10:42+02:00,2026-09-07T18:10:42+02:00,222.0,1,Grimstad via Arendal sentrum,AKT:Line:101,Eydehavn-Arendal-Grimstad N/S,101,bus,AKT:ServiceJourney:71766_421_89_128400_132960_40000971,True,actual,False,,,,,2026-09-07T20:27:16.249662+02:00
NSR:StopPlace:58886,Arendal stasjon,2026-09-07T20:10:00+02:00,2026-09-07T20:13:42+02:00,2026-09-07T20:13:42+02:00,222.0,1,Nelaug,GOA:Line:53,Sørtoget lokal,R50,rail,GOA:ServiceJourney:2076_63029-R,True,actual,False,,,,,2026-09-07T20:27:16.249662+02:00
NSR:StopPlace:369,Kvål stasjon,2026-09-07T19:13:00+02:00,2026-09-07T19:16:42+02:00,2026-09-07T19:16:42+02:00,222.0,1,Lundamo,SJN:Line:26,Trønderbanen,R70,rail,SJN:ServiceJourney:444_56073-R,True,actual,False,,,,,2026-09-07T20:27:16.249662+02:00
NSR:StopPlace:62341,Tangen stasjon,2026-09-07T16:34:00+02:00,2026-09-07T16:37:42+02:00,2026-09-07T16:37:42+02:00,222.0,1,Drammen,VYG:Line:RE10,Drammen-Oslo S-Lillehammer,RE10,rail,VYG:ServiceJourney:324-LHM_444211-R,True,actual,False,,,,,2026-09-07T20:27:16.249662+02:00
NSR:StopPlace:59652,Tøyen stasjon,2026-09-07T15:00:00+02:00,2026-09-07T15:03:42+02:00,2026-09-07T15:03:42+02:00,222.0,1,Vippetangen,RUT:Line:60,Vippetangen-Tonsenhagen,60,bus,RUT:ServiceJourney:79404a21c0b26fa63fc1cfe3835aad63,True,actual,False,,,,,2026-09-07T15:44:36.205822+02:00
NSR:StopPlace:58860,Oppegård stasjon,2026-09-07T15:31:00+02:00,2026-09-07T15:34:42+02:00,2026-09-07T15:34:42+02:00,222.0,1,Kolbotn torg,RUT:Line:580,Kolbotn - Ski,580,bus,RUT:ServiceJourney:d9e5b0d801ae5e75fdc022ddb67c6f61,True,actual,False,,,,,2026-09-07T15:44:36.205822+02:00
NSR:StopPlace:58801,Sarpsborg stasjon,2026-09-07T15:14:00+02:00,2026-09-07T15:17:42+02:00,2026-09-07T15:17:42+02:00,222.0,1,Blessom,OST:Line:1_13,Kalnes - Blessom,13,bus,OST:ServiceJourney:13_260325121470789_24,True,actual,False,,,,,2026-09-07T15:44:36.205822+02:00
NSR:StopPlace:58812,Os stasjon,2026-09-07T14:27:00+02:00,2026-09-07T14:30:42+02:00,2026-09-07T14:30:42+02:00,222.0,1,Hamar,SJN:Line:25,Rørosbanen,R60,rail,SJN:ServiceJourney:2388_37666-R,True,actual,False,,,,,2026-09-07T15:44:36.205822+02:00
NSR:StopPlace:58932,Hommelvik stasjon,2026-09-07T06:48:00+02:00,2026-09-07T06:51:42+02:00,2026-09-07T06:51:42+02:00,222.0,1,Stjørdal stasjon,ATB:Line:2_70,Stjørdal/Hommelvik- Trondheim,70,bus,ATB:ServiceJourney:70_251215112546895_3,True,actual,False,,,,,2026-09-07T08:42:24.659182+02:00
NSR:StopPlace:58834,Hokksund stasjon,2026-09-07T07:59:00+02:00,2026-09-07T08:02:42+02:00,2026-09-07T08:02:42+02:00,222.0,1,Eidsvoll,VYG:Line:R12,Kongsberg-Oslo S-Eidsvoll,R12,rail,VYG:ServiceJourney:508_481317-R,True,actual,False,,,,,2026-09-07T08:42:24.659182+02:00
NSR:StopPlace:58839,Steinberg stasjon,2026-09-07T07:46:00+02:00,2026-09-07T07:49:42+02:00,2026-09-07T07:49:42+02:00,222.0,1,Eiker vgs,BRA:Line:4_6056,Mjøndalen - Drammen - Eiker VGS,56,bus,BRA:ServiceJourney:6056_260415100162469_1005,True,actual,False,,,,,2026-09-07T08:42:24.659182+02:00
NSR:StopPlace:61169,Marienborg stasjon,2026-09-07T23:08:00+02:00,2026-09-07T23:11:41+02:00,2026-09-07T23:11:41+02:00,221.0,1,Steinkjer,SJN:Line:26,Trønderbanen,R70,rail,SJN:ServiceJourney:457-SOeB_56085-R,True,actual,False,,,,,2026-09-08T00:20:52.129880+02:00
NSR:StopPlace:58843,Blommenholm stasjon,2026-09-07T22:58:00+02:00,2026-09-07T23:01:41+02:00,2026-09-07T23:01:41+02:00,221.0,1,Spikkestad,VYG:Line:L1,Spikkestad-Oslo S-Lillestrøm,L1,rail,VYG:ServiceJourney:2271_443704-R,True,actual,False,,,,,2026-09-08T00:20:52.129880+02:00
NSR:StopPlace:58850,Hauerseter stasjon,2026-09-07T23:00:00+02:00,2026-09-07T23:03:41+02:00,2026-09-07T23:03:41+02:00,221.0,1,Drammen,VYG:Line:R13,Drammen-Oslo S-Dal,R13,rail,VYG:ServiceJourney:1674_481183-R,True,actual,False,,,,,2026-09-08T00:20:52.129880+02:00
NSR:StopPlace:62311,Vigrestad stasjon,2026-09-07T22:44:00+02:00,2026-09-07T22:47:41+02:00,2026-09-07T22:47:41+02:00,221.0,1,Stavanger,GOA:Line:59,Jærbanen,L5,rail,GOA:ServiceJourney:3073_63135-R,True,actual,False,,,,,2026-09-08T00:20:52.129880+02:00
NSR:StopPlace:62339,Lillestrøm stasjon,2026-09-07T22:50:00+02:00,2026-09-07T22:53:41+02:00,2026-09-07T22:53:41+02:00,221.0,1,Oslo Lufthavn,FLT:Line:FLY1,FLY1,FLY1,rail,FLT:ServiceJourney:1-2614-3809-20260907,True,actual,False,Heis i spor 1 og 2 er ute av bruk på grunn av vedlikehold.,Heis i spor 1 og 2 er ute av bruk på grunn av vedlikehold.,general,normal,2026-09-08T00:20:52.129880+02:00
NSR:StopPlace:59649,Nydalen stasjon,2026-09-07T14:36:00+02:00,2026-09-07T14:39:41+02:00,2026-09-07T14:39:41+02:00,221.0,1,Simensbråten,RUT:Line:23,Lysaker - Simensbråten,23,bus,RUT:ServiceJourney:29d9d0ea7cce6572dc2de3dc02f75271,True,actual,False,,,,,2026-09-07T15:44:36.205822+02:00
NSR:StopPlace:429,Vikersund stasjon,2026-09-07T13:45:00+02:00,2026-09-07T13:48:41+02:00,2026-09-07T13:48:41+02:00,221.0,1,Oslo S,VYG:Line:F4,Oslo S-Bergen,F4,rail,VYG:ServiceJourney:62-BRG_444359-R,True,actual,False,,,,,2026-09-07T15:44:36.205822+02:00
NSR:StopPlace:62295,Stanghelle stasjon,2026-09-07T15:03:00+02:00,2026-09-07T15:06:41+02:00,2026-09-07T15:06:41+02:00,221.0,1,Voss,VYG:Line:R40,Bergen-Voss-Myrdal-Ål,R40,rail,VYG:ServiceJourney:1820_443407-R,True,actual,False,,,,,2026-09-07T15:44:36.205822+02:00
NSR:StopPlace:61387,Skogn stasjon,2026-09-07T06:48:00+02:00,2026-09-07T06:51:41+02:00,2026-09-07T06:51:41+02:00,221.0,1,Lerkendal,SJN:Line:26,Trønderbanen,R70,rail,SJN:ServiceJourney:1762_55816-R,True,actual,False,,,,,2026-09-07T08:42:24.659182+02:00
NSR:StopPlace:59649,Nydalen stasjon,2026-09-07T07:46:00+02:00,2026-09-07T07:49:41+02:00,2026-09-07T07:49:41+02:00,221.0,1,Simensbråten,RUT:Line:23,Lysaker - Simensbråten,23,bus,RUT:ServiceJourney:bf4fca4adfe1eb323c75f8a35f640c15,True,actual,False,,,,,2026-09-07T08:42:24.659182+02:00
NSR:StopPlace:60047,Melhus skysstasjon,2026-09-07T06:43:00+02:00,2026-09-07T06:46:41+02:00,2026-09-07T06:46:41+02:00,221.0,1,Hesttrøa via Melhus skysstasjon,ATB:Line:2_82,Hesttrøa-Brekkåsen,82,bus,ATB:ServiceJourney:82_251215112550741_10,True,actual,False,Linje 82 og 504,Avvikende kjøring for linje 82 og 504 pga Hølondvegen er stengt. ,general,normal,2026-09-07T08:42:24.659182+02:00
NSR:StopPlace:58842,Blaker stasjon,2026-09-07T07:21:00+02:00,2026-09-07T07:24:41+02:00,2026-09-07T07:24:41+02:00,221.0,1,Asker,VYG:Line:R14,Asker-Oslo S-Kongsvinger,R14,rail,VYG:ServiceJourney:1006_442911-R,True,actual,False,,,,,2026-09-07T08:42:24.659182+02:00
NSR:StopPlace:62310,Brusand stasjon,2026-09-07T05:37:00+02:00,2026-09-07T05:40:41+02:00,2026-09-07T05:40:41+02:00,221.0,1,Egersund,GOA:Line:59,Jærbanen,L5,rail,GOA:ServiceJourney:3004_63035-R,True,actual,False,,,,,2026-09-07T08:42:24.659182+02:00
NSR:StopPlace:62393,Billingstad stasjon,2026-09-07T07:06:00+02:00,2026-09-07T07:09:41+02:00,2026-09-07T07:09:41+02:00,221.0,1,Spikkestad,VYG:Line:L1,Spikkestad-Oslo S-Lillestrøm,L1,rail,VYG:ServiceJourney:2207_443595-R,True,actual,False,Færre vogner,Denne avgangen kjører dessverre med 4 vogner i stedet for 8 vogner. Dette skyldes at vi mangler et togsett.,general,normal,2026-09-07T08:42:24.659182+02:00
NSR:StopPlace:429,Vikersund stasjon,2026-09-08T00:18:00+02:00,2026-09-08T00:21:40+02:00,2026-09-08T00:21:40+02:00,220.0,1,Bergen,VYG:Line:F4,Oslo S-Bergen,F4,rail,VYG:ServiceJourney:605-LOD_444356-R,True,actual,False,,,,,2026-09-08T03:39:50.209703+02:00
NSR:StopPlace:59648,Kjelsås stasjon,2026-09-07T22:56:00+02:00,2026-09-07T22:59:40+02:00,2026-09-07T22:59:40+02:00,220.0,1,Haugerud,RUT:Line:25,Majorstuen-Haugerud,25,bus,RUT:ServiceJourney:27cedf923eaac63eb3cbd916d88697f0,True,actual,False,,,,,2026-09-08T00:20:52.129880+02:00
NSR:StopPlace:58847,Frogner stasjon,2026-09-08T00:10:00+02:00,2026-09-08T00:13:40+02:00,2026-09-08T00:13:40+02:00,220.0,1,Sørumsand,RUT:Line:365,Sørumsand - Frogner - Skedsmokorset,365,bus,RUT:ServiceJourney:bd766ac7588034648d4654db3a2afcaf,True,actual,False,,,,,2026-09-08T00:20:52.129880+02:00
NSR:StopPlace:58865,Vestby stasjon,2026-09-07T23:45:00+02:00,2026-09-07T23:48:40+02:00,2026-09-07T23:48:40+02:00,220.0,1,Moss,VYG:Line:R21,Stabekk-Oslo S-Moss,R21,rail,VYG:ServiceJourney:1173-HVK_443070-R,True,actual,False,,,,,2026-09-08T00:20:52.129880+02:00
NSR:StopPlace:58924,Bryne stasjon,2026-09-07T14:58:00+02:00,2026-09-07T15:01:40+02:00,2026-09-07T15:01:40+02:00,220.0,1,Stavanger,GOA:Line:59,Jærbanen,L5,rail,GOA:ServiceJourney:3041_63082-R,True,actual,False,,,,,2026-09-07T15:44:36.205822+02:00
NSR:StopPlace:58842,Blaker stasjon,2026-09-07T14:21:00+02:00,2026-09-07T14:24:40+02:00,2026-09-07T14:24:40+02:00,220.0,1,Asker,VYG:Line:R14,Asker-Oslo S-Kongsvinger,R14,rail,VYG:ServiceJourney:1020_442928-R,True,actual,False,,,,,2026-09-07T15:44:36.205822+02:00
NSR:StopPlace:59952,Drammen stasjon,2026-09-07T07:57:00+02:00,2026-09-07T08:00:40+02:00,2026-09-07T08:00:40+02:00,220.0,1,Lillehammer,VYG:Line:RE10,Drammen-Oslo S-Lillehammer,RE10,rail,VYG:ServiceJourney:309-SUD_465121-R,True,actual,False,,,,,2026-09-07T08:42:24.659182+02:00
NSR:StopPlace:58847,Frogner stasjon,2026-09-07T07:13:00+02:00,2026-09-07T07:16:40+02:00,2026-09-07T07:16:40+02:00,220.0,1,Skedsmokorset,RUT:Line:365,Sørumsand - Frogner - Skedsmokorset,365,bus,RUT:ServiceJourney:7544bb38837173cb6dfddef546e6ede2,True,actual,False,,,,,2026-09-07T08:42:24.659182+02:00
NSR:StopPlace:58828,Roa stasjon,2026-09-08T01:07:00+02:00,2026-09-08T01:10:39+02:00,2026-09-08T01:10:39+02:00,219.0,1,Gjøvik,VYG:Line:R31,Skøyen-Jaren-Gjøvik,R31,rail,VYG:ServiceJourney:239-ROA_589368-R,True,actual,False,,,,,2026-09-08T03:39:50.209703+02:00
NSR:StopPlace:62094,Lindeberg stasjon,2026-09-07T22:37:00+02:00,2026-09-07T22:40:39+02:00,2026-09-07T22:40:39+02:00,219.0,1,Dal,VYG:Line:R13,Drammen-Oslo S-Dal,R13,rail,VYG:ServiceJourney:1669_443361-R,True,actual,False,,,,,2026-09-08T00:20:52.129880+02:00
NSR:StopPlace:59641,Fjellhamar stasjon,2026-09-07T17:25:00+02:00,2026-09-07T17:28:39+02:00,2026-09-07T17:28:39+02:00,219.0,1,Vallerudtoppen,RUT:Line:315,Vallerudtoppen - Ahus,315,bus,RUT:ServiceJourney:b8bcb655753fa0c537a9ecc15fb52dd7,True,actual,False,,,,,2026-09-07T20:27:16.249662+02:00
NSR:StopPlace:60045,Hamar stasjon,2026-09-07T18:52:00+02:00,2026-09-07T18:55:39+02:00,2026-09-07T18:55:39+02:00,219.0,1,Lillehammer,VYG:Line:RE10,Drammen-Oslo S-Lillehammer,RE10,rail,VYG:ServiceJourney:327-SUD_444222-R,True,actual,False,,,,,2026-09-07T20:27:16.249662+02:00
NSR:StopPlace:58924,Bryne stasjon,2026-09-07T18:27:00+02:00,2026-09-07T18:30:39+02:00,2026-09-07T18:30:39+02:00,219.0,1,Egersund,GOA:Line:59,Jærbanen,L5,rail,GOA:ServiceJourney:3056_63108-R,True,actual,False,,,,,2026-09-07T20:27:16.249662+02:00
NSR:StopPlace:58842,Blaker stasjon,2026-09-07T17:04:00+02:00,2026-09-07T17:07:39+02:00,2026-09-07T17:07:39+02:00,219.0,1,Kongsvinger,VYG:Line:R14,Asker-Oslo S-Kongsvinger,R14,rail,VYG:ServiceJourney:1053-HAV_442957-R,True,actual,False,,,,,2026-09-07T20:27:16.249662+02:00
NSR:StopPlace:62308,Alna stasjon,2026-09-07T19:03:00+02:00,2026-09-07T19:06:39+02:00,2026-09-07T19:06:39+02:00,219.0,1,Lillestrøm,VYG:Line:L1,Spikkestad-Oslo S-Lillestrøm,L1,rail,VYG:ServiceJourney:2156_443565-R,True,actual,False,,,,,2026-09-07T20:27:16.249662+02:00
NSR:StopPlace:61169,Marienborg stasjon,2026-09-07T14:44:00+02:00,2026-09-07T14:47:39+02:00,2026-09-07T14:47:39+02:00,219.0,1,Grillstad via St. Olavs h- Ladeham.,ATB:Line:2_20,Grillstad - Strindheim - Ladehammeren- Sentrum - Romolslia,20,bus,ATB:ServiceJourney:20_251215112548253_51,True,actual,False,,,,,2026-09-07T15:44:36.205822+02:00
NSR:StopPlace:61463,Nordstrand stasjon,2026-09-07T15:37:00+02:00,2026-09-07T15:40:39+02:00,2026-09-07T15:40:39+02:00,219.0,1,Ski,VYG:Line:L2,Stabekk-Oslo S-Ski,L2,rail,VYG:ServiceJourney:2841-HVK_444073-R,True,actual,False,,,,,2026-09-07T15:44:36.205822+02:00
NSR:StopPlace:59174,Løkken stasjon,2026-09-07T14:52:00+02:00,2026-09-07T14:55:39+02:00,2026-09-07T14:55:39+02:00,219.0,1,Orkanger skysstasjon,ATB:Line:2_460,Orkanger - Meldal - Berkåk,460,bus,ATB:ServiceJourney:460_260106098640561_11,True,actual,False,,,,,2026-09-07T15:44:36.205822+02:00
NSR:StopPlace:58862,Strømmen stasjon,2026-09-07T14:06:00+02:00,2026-09-07T14:09:39+02:00,2026-09-07T14:09:39+02:00,219.0,1,Nittedal,RUT:Line:385,Nittedal stasjon - Olavsgaard - Ahus,385,bus,RUT:ServiceJourney:b0548560eb3c6514d1060dc28ac11682,True,actual,False,,,,,2026-09-07T15:44:36.205822+02:00
NSR:StopPlace:61169,Marienborg stasjon,2026-09-07T07:53:00+02:00,2026-09-07T07:56:39+02:00,2026-09-07T07:56:39+02:00,219.0,1,Havstad,ATB:Line:2_13,Østmarka - Strindheim - Lerkendal - Havstad,13,bus,ATB:ServiceJourney:13_251215112552591_20,True,actual,False,,,,,2026-09-07T08:42:24.659182+02:00
NSR:StopPlace:60077,Støren stasjon,2026-09-07T08:00:00+02:00,2026-09-07T08:03:39+02:00,2026-09-07T08:03:39+02:00,219.0,1,Oppdal,ATB:Line:2_480,(Trondheim) - Støren - Berkåk,480,bus,ATB:ServiceJourney:480_260106098639968_4,True,actual,False,,,,,2026-09-07T08:42:24.659182+02:00
NSR:StopPlace:58795,Kambo stasjon,2026-09-07T06:54:00+02:00,2026-09-07T06:57:39+02:00,2026-09-07T06:57:39+02:00,219.0,1,Vestby stasjon,RUT:Line:540,Moss - Son - Vestby stasjon,540,bus,RUT:ServiceJourney:86766102cf676403ae94e7626df9ce5c,True,actual,False,,,,,2026-09-07T08:42:24.659182+02:00
NSR:StopPlace:58862,Strømmen stasjon,2026-09-07T07:35:00+02:00,2026-09-07T07:38:39+02:00,2026-09-07T07:38:39+02:00,219.0,1,Lillestrøm,VYG:Line:L1,Spikkestad-Oslo S-Lillestrøm,L1,rail,VYG:ServiceJourney:2210_443601-R,True,actual,False,Færre vogner,Denne avgangen kjører dessverre med 4 vogner i stedet for 8 vogner. Dette skyldes at vi mangler et togsett.,general,normal,2026-09-07T08:42:24.659182+02:00
NSR:StopPlace:58800,Råde stasjon,2026-09-07T07:20:00+02:00,2026-09-07T07:23:39+02:00,2026-09-07T07:23:39+02:00,219.0,1,Oslo S,VYG:Line:RE20,Oslo S-Halden-Göteborg (X-Border),RE20,rail,VYG:ServiceJourney:144-HLD_509065-R,True,actual,False,Færre vogner,Denne avgangen kjører dessverre med 4 vogner i stedet for 8 vogner. Dette skyldes at vi mangler et togsett.,general,normal,2026-09-07T08:42:24.659182+02:00
NSR:StopPlace:101,Sagdalen stasjon,2026-09-07T08:07:00+02:00,2026-09-07T08:10:39+02:00,2026-09-07T08:10:39+02:00,219.0,1,Lillestrøm,VYG:Line:L1,Spikkestad-Oslo S-Lillestrøm,L1,rail,VYG:ServiceJourney:2212_764749-R,True,actual,False,Færre vogner,Denne avgangen kjører dessverre med 4 vogner i stedet for 8 vogner. Dette skyldes at vi mangler et togsett.,general,normal,2026-09-07T08:42:24.659182+02:00
NSR:StopPlace:584,Bulken stasjon,2026-09-07T05:58:00+02:00,2026-09-07T06:01:39+02:00,2026-09-07T06:01:39+02:00,219.0,1,Bergen,VYG:Line:R40,Bergen-Voss-Myrdal-Ål,R40,rail,VYG:ServiceJourney:1807_445121-R,True,actual,False,Åpnet: Bulken–Bolstadøyri,"Bulken–Bolstadøyri er åpen for togtrafikk igjen. Togene kjører, men det kan ta litt tid før de er i rute. Du må derfor regne med forsinkelser, og at enkelte avganger kan bli innstilt.",general,normal,2026-09-07T08:42:24.659182+02:00
NSR:StopPlace:59952,Drammen stasjon,2026-09-08T00:05:00+02:00,2026-09-08T00:08:38+02:00,2026-09-08T00:08:38+02:00,218.0,1,Eidsvoll,VYG:Line:R13,Drammen-Oslo S-Dal,R13,rail,VYG:ServiceJourney:1679_443385-R,True,actual,False,,,,,2026-09-08T03:39:50.209703+02:00
NSR:StopPlace:58924,Bryne stasjon,2026-09-07T22:27:00+02:00,2026-09-07T22:30:38+02:00,2026-09-07T22:30:38+02:00,218.0,1,Egersund,GOA:Line:59,Jærbanen,L5,rail,GOA:ServiceJourney:3072_63133-R,True,actual,False,,,,,2026-09-08T00:20:52.129880+02:00
NSR:StopPlace:101,Sagdalen stasjon,2026-09-07T23:52:00+02:00,2026-09-07T23:55:38+02:00,2026-09-07T23:55:38+02:00,218.0,1,Lillestrøm,VYG:Line:L1,Spikkestad-Oslo S-Lillestrøm,L1,rail,VYG:ServiceJourney:2174_443585-R,True,actual,False,,,,,2026-09-08T00:20:52.129880+02:00
NSR:StopPlace:58931,Fannrem stasjon,2026-09-07T15:40:00+02:00,2026-09-07T15:43:38+02:00,2026-09-07T15:43:38+02:00,218.0,1,Trondheim S via Grønnøra,ATB:Line:2_310,Trondheim - Orkanger - Fannrem,310,bus,ATB:ServiceJourney:310_260106098640149_53,True,actual,False,,,,,2026-09-07T15:44:36.205822+02:00
NSR:StopPlace:58877,Bø stasjon,2026-09-07T14:55:00+02:00,2026-09-07T14:58:38+02:00,2026-09-07T14:58:38+02:00,218.0,1,Gvarv via Hørte,TEL:Line:8322,Bø-Lunde,322,bus,TEL:ServiceJourney:125830,True,actual,False,,,,,2026-09-07T15:44:36.205822+02:00
NSR:StopPlace:58808,Kongsvinger stasjon,2026-09-07T15:28:00+02:00,2026-09-07T15:31:38+02:00,2026-09-07T15:31:38+02:00,218.0,1,Rasta - Vennersberg,INN:Line:81,Bogeråsen - Rasta,B81,bus,INN:ServiceJourney:54317,True,actual,False,,,,,2026-09-07T15:44:36.205822+02:00
NSR:StopPlace:58826,Reinsvoll stasjon,2026-09-07T14:51:00+02:00,2026-09-07T14:54:38+02:00,2026-09-07T14:54:38+02:00,218.0,1,Gjøvik,VYG:Line:RE30,Oslo S-Gjøvik,RE30,rail,VYG:ServiceJourney:1217-ROA_589150-R,True,actual,False,,,,,2026-09-07T15:44:36.205822+02:00
NSR:StopPlace:59244,Egersund stasjon,2026-09-07T08:13:00+02:00,2026-09-07T08:16:38+02:00,2026-09-07T08:16:38+02:00,218.0,1,Lagård,KOL:Line:8_2609,SK0110,SK0110,bus,KOL:ServiceJourney:2609_250903083238560_2000,True,actual,False,,,,,2026-09-07T08:42:24.659182+02:00
NSR:StopPlace:58926,Dale stasjon,2026-09-07T06:27:00+02:00,2026-09-07T06:30:38+02:00,2026-09-07T06:30:38+02:00,218.0,1,Bergen,VYG:Line:R40,Bergen-Voss-Myrdal-Ål,R40,rail,VYG:ServiceJourney:1807_445121-R,True,actual,False,,,,,2026-09-07T08:42:24.659182+02:00
NSR:StopPlace:17,Ringebu stasjon,2026-09-07T20:45:00+02:00,2026-09-07T20:48:37+02:00,2026-09-07T20:48:37+02:00,217.0,1,Trondheim S,SJN:Line:21,Dovrebanen,F6,rail,SJN:ServiceJourney:51-LOD_30215-R,True,actual,False,,,,,2026-09-08T00:20:52.129880+02:00
NSR:StopPlace:60045,Hamar stasjon,2026-09-07T23:45:00+02:00,2026-09-07T23:48:37+02:00,2026-09-07T23:48:37+02:00,217.0,1,Lillehammer,VYG:Line:RE10,Drammen-Oslo S-Lillehammer,RE10,rail,VYG:ServiceJourney:337-SUD_486424-R,True,actual,False,,,,,2026-09-08T00:20:52.129880+02:00
NSR:StopPlace:62094,Lindeberg stasjon,2026-09-07T23:48:00+02:00,2026-09-07T23:51:37+02:00,2026-09-07T23:51:37+02:00,217.0,1,Drammen,VYG:Line:R13,Drammen-Oslo S-Dal,R13,rail,VYG:ServiceJourney:1676_443378-R,True,actual,False,,,,,2026-09-08T00:20:52.129880+02:00
NSR:StopPlace:61872,Nærbø stasjon,2026-09-07T18:17:00+02:00,2026-09-07T18:20:37+02:00,2026-09-07T18:20:37+02:00,217.0,1,Stavanger,GOA:Line:59,Jærbanen,L5,rail,GOA:ServiceJourney:3055_63106-R,True,actual,False,,,,,2026-09-07T20:27:16.249662+02:00
NSR:StopPlace:58810,Løten stasjon,2026-09-07T19:36:00+02:00,2026-09-07T19:39:37+02:00,2026-09-07T19:39:37+02:00,217.0,1,Hamar - Brumunddal,INN:Line:26,Brumunddal - Hamar - Løten,B26,bus,INN:ServiceJourney:54057,True,actual,False,,,,,2026-09-07T20:27:16.249662+02:00
NSR:StopPlace:59652,Tøyen stasjon,2026-09-07T14:30:00+02:00,2026-09-07T14:33:37+02:00,2026-09-07T14:33:37+02:00,217.0,1,Vippetangen,RUT:Line:60,Vippetangen-Tonsenhagen,60,bus,RUT:ServiceJourney:f7a7e3ceb5a7d43aafa3d3f58468c683,True,actual,False,,,,,2026-09-07T15:44:36.205822+02:00
NSR:StopPlace:59687,Grong stasjon,2026-09-07T14:05:00+02:00,2026-09-07T14:08:37+02:00,2026-09-07T14:08:37+02:00,217.0,1,Sørli,ATB:Line:2_610,Grong - Sørli,610,bus,ATB:ServiceJourney:610_260106098640576_8,True,actual,False,,,,,2026-09-07T15:44:36.205822+02:00
NSR:StopPlace:62392,Slependen stasjon,2026-09-07T15:15:00+02:00,2026-09-07T15:18:37+02:00,2026-09-07T15:18:37+02:00,217.0,1,Lillestrøm,VYG:Line:L1,Spikkestad-Oslo S-Lillestrøm,L1,rail,VYG:ServiceJourney:2244_445341-R,True,actual,False,,,,,2026-09-07T15:44:36.205822+02:00
NSR:StopPlace:61707,Jevnaker stasjon,2026-09-07T07:10:00+02:00,2026-09-07T07:13:37+02:00,2026-09-07T07:13:37+02:00,217.0,1,Jevnaker fortsetter til Hønefoss,INN:Line:452,Gran-Lunner-Olimb-Jevnaker,452,bus,INN:ServiceJourney:71401,True,actual,False,,,,,2026-09-07T08:42:24.659182+02:00
NSR:StopPlace:58930,Larvik stasjon,2026-09-07T06:37:00+02:00,2026-09-07T06:40:37+02:00,2026-09-07T06:40:37+02:00,217.0,1,Larvik-Sandefjord,VKT:Line:3,Busk-Sandefjord-Larvik-Veldre,3,bus,VKT:ServiceJourney:17538,True,actual,False,,,,,2026-09-07T08:42:24.659182+02:00
NSR:StopPlace:58856,Lysaker stasjon,2026-09-07T05:29:00+02:00,2026-09-07T05:32:37+02:00,2026-09-07T05:32:37+02:00,217.0,1,Lillestrøm,VYG:Line:L1,Spikkestad-Oslo S-Lillestrøm,L1,rail,VYG:ServiceJourney:2204_443592-R,True,actual,False,,,,,2026-09-07T08:42:24.659182+02:00
NSR:StopPlace:62338,Fossum stasjon,2026-09-07T07:55:00+02:00,2026-09-07T07:58:37+02:00,2026-09-07T07:58:37+02:00,217.0,1,Bjørkelangen,RUT:Line:2673,Bjørkelangen - Sørumsand,2673,bus,RUT:ServiceJourney:c6d48eb5d63c44857ca6eb2a286d1d98,True,actual,False,,,,,2026-09-07T08:42:24.659182+02:00
NSR:StopPlace:59642,Rånåsfoss stasjon,2026-09-07T21:19:00+02:00,2026-09-07T21:22:36+02:00,2026-09-07T21:22:36+02:00,216.0,1,Asker,VYG:Line:R14,Asker-Oslo S-Kongsvinger,R14,rail,VYG:ServiceJourney:1034_442946-R,True,actual,False,,,,,2026-09-08T00:20:52.129880+02:00
NSR:StopPlace:62339,Lillestrøm stasjon,2026-09-07T22:26:00+02:00,2026-09-07T22:29:36+02:00,2026-09-07T22:29:36+02:00,216.0,1,Skien,VYG:Line:RE11,Eidsvoll-Oslo S-Skien,RE11,rail,VYG:ServiceJourney:837_444417-R,True,actual,False,Heis i spor 1 og 2 er ute av bruk på grunn av vedlikehold.,Heis i spor 1 og 2 er ute av bruk på grunn av vedlikehold.,general,normal,2026-09-08T00:20:52.129880+02:00
NSR:StopPlace:58842,Blaker stasjon,2026-09-07T17:22:00+02:00,2026-09-07T17:25:36+02:00,2026-09-07T17:25:36+02:00,216.0,1,Asker,VYG:Line:R14,Asker-Oslo S-Kongsvinger,R14,rail,VYG:ServiceJourney:1026_442936-R,True,actual,False,,,,,2026-09-07T20:27:16.249662+02:00
NSR:StopPlace:62380,Røra stasjon,2026-09-07T19:46:00+02:00,2026-09-07T19:49:36+02:00,2026-09-07T19:49:36+02:00,216.0,1,Melhus skysstasjon,SJN:Line:26,Trønderbanen,R70,rail,SJN:ServiceJourney:450-STK_56079-R,True,actual,False,,,,,2026-09-07T20:27:16.249662+02:00
NSR:StopPlace:62392,Slependen stasjon,2026-09-07T20:15:00+02:00,2026-09-07T20:18:36+02:00,2026-09-07T20:18:36+02:00,216.0,1,Lillestrøm,VYG:Line:L1,Spikkestad-Oslo S-Lillestrøm,L1,rail,VYG:ServiceJourney:2264_445363-R,True,actual,False,,,,,2026-09-07T20:27:16.249662+02:00
NSR:StopPlace:59659,Atna stasjon,2026-09-07T05:52:00+02:00,2026-09-07T05:55:36+02:00,2026-09-07T05:55:36+02:00,216.0,1,Hamar,SJN:Line:25,Rørosbanen,R60,rail,SJN:ServiceJourney:2378_30115-R,True,actual,False,,,,,2026-09-07T08:42:24.659182+02:00
NSR:StopPlace:58819,Grua stasjon,2026-09-07T04:52:00+02:00,2026-09-07T04:55:36+02:00,2026-09-07T04:55:36+02:00,216.0,1,Oslo S,VYG:Line:R31,Skøyen-Jaren-Gjøvik,R31,rail,VYG:ServiceJourney:BUS-240_655528-R,True,actual,False,,,,,2026-09-07T08:42:24.659182+02:00
NSR:StopPlace:425,Vinstra stasjon,2026-09-07T02:27:00+02:00,2026-09-07T02:30:36+02:00,2026-09-07T02:30:36+02:00,216.0,1,Trondheim S,SJN:Line:21,Dovrebanen,F6,rail,SJN:ServiceJourney:405-LOD_30131-R,True,actual,False,,,,,2026-09-07T03:30:22.110925+02:00
NSR:StopPlace:59977,Trondheim S,2026-09-07T21:17:00+02:00,2026-09-07T21:20:35+02:00,2026-09-07T21:20:35+02:00,215.0,1,Steinkjer,SJN:Line:26,Trønderbanen,R70,rail,SJN:ServiceJourney:453_56082-R,True,actual,False,,,,,2026-09-08T00:20:52.129880+02:00
NSR:StopPlace:61336,Trollhättan Centralstation,2026-09-07T17:11:00+02:00,2026-09-07T17:14:35+02:00,2026-09-07T17:14:35+02:00,215.0,1,Göteborg C,VYG:Line:RE20,Oslo S-Halden-Göteborg (X-Border),RE20,rail,VYG:ServiceJourney:119-391_460181-R,True,actual,False,,,,,2026-09-07T20:27:16.249662+02:00
NSR:StopPlace:61897,Bryn stasjon,2026-09-07T19:00:00+02:00,2026-09-07T19:03:35+02:00,2026-09-07T19:03:35+02:00,215.0,1,Lillestrøm,VYG:Line:L1,Spikkestad-Oslo S-Lillestrøm,L1,rail,VYG:ServiceJourney:2156_443565-R,True,actual,False,,,,,2026-09-07T20:27:16.249662+02:00
NSR:StopPlace:144,Skansen stasjon,2026-09-07T16:24:00+02:00,2026-09-07T16:27:35+02:00,2026-09-07T16:27:35+02:00,215.0,1,Røros,SJN:Line:25,Rørosbanen,R60,rail,SJN:ServiceJourney:416_50919-R,True,actual,False,,,,,2026-09-07T20:27:16.249662+02:00
NSR:StopPlace:61464,Hvalstad stasjon,2026-09-07T15:10:00+02:00,2026-09-07T15:13:35+02:00,2026-09-07T15:13:35+02:00,215.0,1,Lillestrøm,VYG:Line:L1,Spikkestad-Oslo S-Lillestrøm,L1,rail,VYG:ServiceJourney:2244_445341-R,True,actual,False,,,,,2026-09-07T15:44:36.205822+02:00
NSR:StopPlace:59649,Nydalen stasjon,2026-09-07T14:04:00+02:00,2026-09-07T14:07:35+02:00,2026-09-07T14:07:35+02:00,215.0,1,Oslo lufthavn,NBU:Line:cb7b555c-f96e-42d5-84bf-a5e08c0145c2,Radiumhospitalet via Økern-Storo-Tåsen,FB3,bus,NBU:ServiceJourney:411647da-db5a-45fc-9bf3-0a1f676e467f,True,actual,False,,,,,2026-09-07T15:44:36.205822+02:00
NSR:StopPlace:59639,Sonsveien stasjon,2026-09-07T07:42:00+02:00,2026-09-07T07:45:35+02:00,2026-09-07T07:45:35+02:00,215.0,1,Vestby stasjon,RUT:Line:540,Moss - Son - Vestby stasjon,540,bus,RUT:ServiceJourney:a07c818b8cd555e0e90e8a5b1323d582,True,actual,False,,,,,2026-09-07T08:42:24.659182+02:00
NSR:StopPlace:58921,Vennesla stasjon,2026-09-07T06:27:00+02:00,2026-09-07T06:30:35+02:00,2026-09-07T06:30:35+02:00,215.0,1,Vennesla - Grovane st. via Moseidmoen,AKT:Line:30,Kvadraturen - Mosby - Vennesl,30,bus,AKT:ServiceJourney:79382_51_49_43200_45660_40001566,True,actual,False,,,,,2026-09-07T08:42:24.659182+02:00
NSR:StopPlace:58932,Hommelvik stasjon,2026-09-07T06:23:00+02:00,2026-09-07T06:26:35+02:00,2026-09-07T06:26:35+02:00,215.0,1,Stjørdal stasjon,ATB:Line:2_70,Stjørdal/Hommelvik- Trondheim,70,bus,ATB:ServiceJourney:70_251215112546896_1,True,actual,False,,,,,2026-09-07T08:42:24.659182+02:00
NSR:StopPlace:58845,Eidsvoll verk stasjon,2026-09-07T07:30:00+02:00,2026-09-07T07:33:35+02:00,2026-09-07T07:33:35+02:00,215.0,1,Hurdal,RUT:Line:445,Hurdal - Eidsvoll verk,445,bus,RUT:ServiceJourney:b8d8498b28bf79adc093b6f52f6971cf,True,actual,False,,,,,2026-09-07T08:42:24.659182+02:00
NSR:StopPlace:58873,Skoppum stasjon,2026-09-07T07:40:00+02:00,2026-09-07T07:43:35+02:00,2026-09-07T07:43:35+02:00,215.0,1,Oslo S,VYG:Line:RX11,Eidsvoll-Oslo S-Skien,RX11,rail,VYG:ServiceJourney:856-SKN_444426-R,True,actual,False,,,,,2026-09-07T08:42:24.659182+02:00
NSR:StopPlace:58839,Steinberg stasjon,2026-09-07T22:24:00+02:00,2026-09-07T22:27:34+02:00,2026-09-07T22:27:34+02:00,214.0,1,Hokksund,BRA:Line:4_6101,Drammen-Vikersund/Hønefoss,101,bus,BRA:ServiceJourney:6101_260415100161223_1061,True,actual,False,,,,,2026-09-08T00:20:52.129880+02:00
NSR:StopPlace:58850,Hauerseter stasjon,2026-09-07T22:30:00+02:00,2026-09-07T22:33:34+02:00,2026-09-07T22:33:34+02:00,214.0,1,Drammen,VYG:Line:R13,Drammen-Oslo S-Dal,R13,rail,VYG:ServiceJourney:1672_443368-R,True,actual,False,,,,,2026-09-08T00:20:52.129880+02:00
NSR:StopPlace:61464,Hvalstad stasjon,2026-09-07T19:10:00+02:00,2026-09-07T19:13:34+02:00,2026-09-07T19:13:34+02:00,214.0,1,Lillestrøm,VYG:Line:L1,Spikkestad-Oslo S-Lillestrøm,L1,rail,VYG:ServiceJourney:2260_445359-R,True,actual,False,,,,,2026-09-07T20:27:16.249662+02:00
NSR:StopPlace:59646,Høvik stasjon,2026-09-07T20:10:00+02:00,2026-09-07T20:13:34+02:00,2026-09-07T20:13:34+02:00,214.0,1,Asker,RUT:Line:270,Asker - Sandvika (- Fornebu),270,bus,RUT:ServiceJourney:ecd71328ac145f5e24f8f3e4d5b1f867,True,actual,False,,,,,2026-09-07T20:27:16.249662+02:00
NSR:StopPlace:59654,Stabekk stasjon,2026-09-07T17:40:00+02:00,2026-09-07T17:43:34+02:00,2026-09-07T17:43:34+02:00,214.0,1,Lillestrøm,VYG:Line:L1,Spikkestad-Oslo S-Lillestrøm,L1,rail,VYG:ServiceJourney:2152_443561-R,True,actual,False,Færre vogner,Denne avgangen kjører dessverre med 4 vogner i stedet for 8 vogner. Dette skyldes at vi mangler et togsett.,general,normal,2026-09-07T20:27:16.249662+02:00
NSR:StopPlace:58847,Frogner stasjon,2026-09-07T18:21:00+02:00,2026-09-07T18:24:34+02:00,2026-09-07T18:24:34+02:00,214.0,1,Drammen,VYG:Line:R13,Drammen-Oslo S-Dal,R13,rail,VYG:ServiceJourney:1654_443330-R,True,actual,False,,,,,2026-09-07T20:27:16.249662+02:00
NSR:StopPlace:58840,Vestfossen stasjon,2026-09-07T16:53:00+02:00,2026-09-07T16:56:34+02:00,2026-09-07T16:56:34+02:00,214.0,1,Eidsvoll,VYG:Line:R12,Kongsberg-Oslo S-Eidsvoll,R12,rail,VYG:ServiceJourney:526_444332-R,True,actual,False,,,,,2026-09-07T20:27:16.249662+02:00
NSR:StopPlace:62392,Slependen stasjon,2026-09-07T20:03:00+02:00,2026-09-07T20:06:34+02:00,2026-09-07T20:06:34+02:00,214.0,1,Spikkestad,VYG:Line:L1,Spikkestad-Oslo S-Lillestrøm,L1,rail,VYG:ServiceJourney:2259_443684-R,True,actual,False,,,,,2026-09-07T20:27:16.249662+02:00
NSR:StopPlace:61169,Marienborg stasjon,2026-09-07T14:38:00+02:00,2026-09-07T14:41:34+02:00,2026-09-07T14:41:34+02:00,214.0,1,Sandmoen via Flatåsen,ATB:Line:2_23,Brattøra - St. Olavs - Hallset - Flatåsen - Sandmoen,23,bus,ATB:ServiceJourney:23_251215112545510_66,True,actual,False,,,,,2026-09-07T15:44:36.205822+02:00
NSR:StopPlace:58811,Moelv stasjon,2026-09-07T15:26:00+02:00,2026-09-07T15:29:34+02:00,2026-09-07T15:29:34+02:00,214.0,1,Hamar,INN:Line:100,Hamar - Gjøvik,100,bus,INN:ServiceJourney:83507,True,actual,False,,,,,2026-09-07T15:44:36.205822+02:00
NSR:StopPlace:62094,Lindeberg stasjon,2026-09-07T14:37:00+02:00,2026-09-07T14:40:34+02:00,2026-09-07T14:40:34+02:00,214.0,1,Dal,VYG:Line:R13,Drammen-Oslo S-Dal,R13,rail,VYG:ServiceJourney:1637_443291-R,True,actual,False,,,,,2026-09-07T15:44:36.205822+02:00
NSR:StopPlace:62308,Alna stasjon,2026-09-07T14:47:00+02:00,2026-09-07T14:50:34+02:00,2026-09-07T14:50:34+02:00,214.0,1,Asker,VYG:Line:L1,Spikkestad-Oslo S-Lillestrøm,L1,rail,VYG:ServiceJourney:2139_443546-R,True,actual,False,,,,,2026-09-07T15:44:36.205822+02:00
NSR:StopPlace:58952,Bodø stasjon,2026-09-07T07:25:00+02:00,2026-09-07T07:28:34+02:00,2026-09-07T07:28:34+02:00,214.0,1,Løpsmarka,NOR:Line:12_8004,Tverlandet - Bodø sentrum - Løpsmarka,4,bus,NOR:ServiceJourney:8004_251012124900590_2003,True,actual,False,,,,,2026-09-07T08:42:24.659182+02:00
NSR:StopPlace:58862,Strømmen stasjon,2026-09-07T07:28:00+02:00,2026-09-07T07:31:34+02:00,2026-09-07T07:31:34+02:00,214.0,1,Lørenskog sentrum,RUT:Line:385,Nittedal stasjon - Olavsgaard - Ahus,385,bus,RUT:ServiceJourney:2527c9eac7994e5afe51a14ccdf65fbd,True,actual,False,,,,,2026-09-07T08:42:24.659182+02:00
NSR:StopPlace:61466,Vakås stasjon,2026-09-07T23:57:00+02:00,2026-09-08T00:00:33+02:00,2026-09-08T00:00:33+02:00,213.0,1,Asker,VYG:Line:L1,Spikkestad-Oslo S-Lillestrøm,L1,rail,VYG:ServiceJourney:2173_443584-R,True,actual,False,,,,,2026-09-08T00:20:52.129880+02:00
NSR:StopPlace:59952,Drammen stasjon,2026-09-07T22:35:00+02:00,2026-09-07T22:38:33+02:00,2026-09-07T22:38:33+02:00,213.0,1,Dal,VYG:Line:R13,Drammen-Oslo S-Dal,R13,rail,VYG:ServiceJourney:1673_443370-R,True,actual,False,,,,,2026-09-08T00:20:52.129880+02:00
NSR:StopPlace:58932,Hommelvik stasjon,2026-09-07T22:31:00+02:00,2026-09-07T22:34:33+02:00,2026-09-07T22:34:33+02:00,213.0,1,Stjørdal stasjon,ATB:Line:2_70,Stjørdal/Hommelvik- Trondheim,70,bus,ATB:ServiceJourney:70_251215112547107_107,True,actual,False,,,,,2026-09-08T00:20:52.129880+02:00
NSR:StopPlace:59638,Myrvoll stasjon,2026-09-07T17:51:00+02:00,2026-09-07T17:54:33+02:00,2026-09-07T17:54:33+02:00,213.0,1,Stabekk,VYG:Line:L2,Stabekk-Oslo S-Ski,L2,rail,VYG:ServiceJourney:2756-SKI_443967-R,True,actual,False,,,,,2026-09-07T20:27:16.249662+02:00
NSR:StopPlace:58963,Jessheim stasjon,2026-09-07T17:07:00+02:00,2026-09-07T17:10:33+02:00,2026-09-07T17:10:33+02:00,213.0,1,Drammen,VYG:Line:R13,Drammen-Oslo S-Dal,R13,rail,VYG:ServiceJourney:1650_443321-R,True,actual,False,,,,,2026-09-07T20:27:16.249662+02:00
NSR:StopPlace:58836,Mjøndalen stasjon,2026-09-07T18:53:00+02:00,2026-09-07T18:56:33+02:00,2026-09-07T18:56:33+02:00,213.0,1,Kongsberg,VYG:Line:R12,Kongsberg-Oslo S-Eidsvoll,R12,rail,VYG:ServiceJourney:527_444334-R,True,actual,False,,,,,2026-09-07T20:27:16.249662+02:00
NSR:StopPlace:58853,Kolbotn stasjon,2026-09-07T17:34:00+02:00,2026-09-07T17:37:33+02:00,2026-09-07T17:37:33+02:00,213.0,1,Bjørvika,RUT:Line:83,Jernbanetorget - Tårnåsen,83,bus,RUT:ServiceJourney:384442a625a1460ae3e7073ead8d1e90,True,actual,False,Linje 80E og 83 får Hausmanns bru som ny endeholdeplass fra 29. juni,"Bussene stopper ikke på Jernbanetorget etter 29. juni, men starter og stopper på Hausmanns bru i Nylandsveien.",incident,normal,2026-09-07T20:27:16.249662+02:00
NSR:StopPlace:58854,Langhus stasjon,2026-09-07T17:49:00+02:00,2026-09-07T17:52:33+02:00,2026-09-07T17:52:33+02:00,213.0,1,Bøleråsen,RUT:Line:510,Bøleråsen - Ski - Ås - Drøbak,510,bus,RUT:ServiceJourney:b08b21e0be63fd1f76395b799e0ec035,True,actual,False,,,,,2026-09-07T20:27:16.249662+02:00
NSR:StopPlace:58860,Oppegård stasjon,2026-09-07T18:31:00+02:00,2026-09-07T18:34:33+02:00,2026-09-07T18:34:33+02:00,213.0,1,Ski stasjon,RUT:Line:580,Kolbotn - Ski,580,bus,RUT:ServiceJourney:05abb46a6cb04b17d5b8395971960290,True,actual,False,,,,,2026-09-07T20:27:16.249662+02:00
NSR:StopPlace:58820,Harestua stasjon,2026-09-07T19:57:00+02:00,2026-09-07T20:00:33+02:00,2026-09-07T20:00:33+02:00,213.0,1,Oslo S,VYG:Line:R31,Skøyen-Jaren-Gjøvik,R31,rail,VYG:ServiceJourney:BUS-230_655401-R,True,actual,False,,,,,2026-09-07T20:27:16.249662+02:00
NSR:StopPlace:58838,Røyken stasjon,2026-09-07T15:37:00+02:00,2026-09-07T15:40:33+02:00,2026-09-07T15:40:33+02:00,213.0,1,Drammen,RUT:Line:261,Drammen - Lahell - Røyken - Sætre,261,bus,RUT:ServiceJourney:55ba43af7df4558877e249b624989a50,True,actual,False,Fra 17/8 går linje 61-63-71-73-251-261 og skolebusser fra holdeplass ved Skutebrygga ut av byen.Les mer på brakar.no/trafikkmeldinger.,,general,normal,2026-09-07T15:44:36.205822+02:00
NSR:StopPlace:58824,Lunner stasjon,2026-09-07T15:35:00+02:00,2026-09-07T15:38:33+02:00,2026-09-07T15:38:33+02:00,213.0,1,Grindvoll via Solheimstorget,INN:Line:451,Gran-Lunner-Grindvoll-Jevnaker,451,bus,INN:ServiceJourney:71504,True,actual,False,,,,,2026-09-07T15:44:36.205822+02:00
NSR:StopPlace:59652,Tøyen stasjon,2026-09-07T07:15:00+02:00,2026-09-07T07:18:33+02:00,2026-09-07T07:18:33+02:00,213.0,1,Vippetangen,RUT:Line:60,Vippetangen-Tonsenhagen,60,bus,RUT:ServiceJourney:1d30debb5fba339312521117b54a1ddc,True,actual,False,,,,,2026-09-07T08:42:24.659182+02:00
NSR:StopPlace:58871,Sande stasjon,2026-09-07T07:10:00+02:00,2026-09-07T07:13:33+02:00,2026-09-07T07:13:33+02:00,213.0,1,Skafjell-Selvik skole,VKT:Line:10,Drammen-Skoger-Sande,10,bus,VKT:ServiceJourney:104142,True,actual,False,,,,,2026-09-07T08:42:24.659182+02:00
NSR:StopPlace:59653,Haugenstua stasjon,2026-09-07T21:25:00+02:00,2026-09-07T21:28:32+02:00,2026-09-07T21:28:32+02:00,212.0,1,Spikkestad,VYG:Line:L1,Spikkestad-Oslo S-Lillestrøm,L1,rail,VYG:ServiceJourney:2267_443697-R,True,actual,False,,,,,2026-09-08T00:20:52.129880+02:00
NSR:StopPlace:60271,Varhaug stasjon,2026-09-07T21:48:00+02:00,2026-09-07T21:51:32+02:00,2026-09-07T21:51:32+02:00,212.0,1,Stavanger,GOA:Line:59,Jærbanen,L5,rail,GOA:ServiceJourney:3069_63130-R,True,actual,False,,,,,2026-09-08T00:20:52.129880+02:00
NSR:StopPlace:58859,Nordby stasjon,2026-09-07T22:03:00+02:00,2026-09-07T22:06:32+02:00,2026-09-07T22:06:32+02:00,212.0,1,Drammen,VYG:Line:R13,Drammen-Oslo S-Dal,R13,rail,VYG:ServiceJourney:1670_481178-R,True,actual,False,,,,,2026-09-08T00:20:52.129880+02:00
NSR:StopPlace:62308,Alna stasjon,2026-09-07T23:17:00+02:00,2026-09-07T23:20:32+02:00,2026-09-07T23:20:32+02:00,212.0,1,Asker,VYG:Line:L1,Spikkestad-Oslo S-Lillestrøm,L1,rail,VYG:ServiceJourney:2173_443584-R,True,actual,False,,,,,2026-09-08T00:20:52.129880+02:00
NSR:StopPlace:60047,Melhus skysstasjon,2026-09-07T17:53:00+02:00,2026-09-07T17:56:32+02:00,2026-09-07T17:56:32+02:00,212.0,1,Hesttrøa via Melhus skysstasjon,ATB:Line:2_82,Hesttrøa-Brekkåsen,82,bus,ATB:ServiceJourney:82_251215112550673_104,True,actual,False,Linje 82 og 504,Avvikende kjøring for linje 82 og 504 pga Hølondvegen er stengt. ,general,normal,2026-09-07T20:27:16.249662+02:00
NSR:StopPlace:58871,Sande stasjon,2026-09-07T17:40:00+02:00,2026-09-07T17:43:32+02:00,2026-09-07T17:43:32+02:00,212.0,1,Skafjell-Selvik skole,VKT:Line:10,Drammen-Skoger-Sande,10,bus,VKT:ServiceJourney:104163,True,actual,False,,,,,2026-09-07T20:27:16.249662+02:00
NSR:StopPlace:58793,Askim stasjon,2026-09-07T15:10:00+02:00,2026-09-07T15:13:32+02:00,2026-09-07T15:13:32+02:00,212.0,1,Oslo bussterminal,OST:Line:1_9,Timekspress linje 9,9,bus,OST:ServiceJourney:9_260325121472417_9011,True,actual,False,,,,,2026-09-07T15:44:36.205822+02:00
NSR:StopPlace:58886,Arendal stasjon,2026-09-07T14:40:00+02:00,2026-09-07T14:43:32+02:00,2026-09-07T14:43:32+02:00,212.0,1,Sykehuset via Arendal sentrum,AKT:Line:111,Sykehuset-Arendal-Solåsen,111,bus,AKT:ServiceJourney:73597_171_33_102840_104940_40001010,True,actual,False,,,,,2026-09-07T15:44:36.205822+02:00
NSR:StopPlace:58805,Brumunddal stasjon,2026-09-07T14:49:00+02:00,2026-09-07T14:52:32+02:00,2026-09-07T14:52:32+02:00,212.0,1,Drammen,VYG:Line:RE10,Drammen-Oslo S-Lillehammer,RE10,rail,VYG:ServiceJourney:322-LHM_444203-R,True,actual,False,,,,,2026-09-07T15:44:36.205822+02:00
NSR:StopPlace:59652,Tøyen stasjon,2026-09-07T08:24:00+02:00,2026-09-07T08:27:32+02:00,2026-09-07T08:27:32+02:00,212.0,1,Tonsenhagen,RUT:Line:60,Vippetangen-Tonsenhagen,60,bus,RUT:ServiceJourney:efb500a96bad0e833b50c52ddbd4fa03,True,actual,False,,,,,2026-09-07T08:42:24.659182+02:00
NSR:StopPlace:59653,Haugenstua stasjon,2026-09-07T08:25:00+02:00,2026-09-07T08:28:32+02:00,2026-09-07T08:28:32+02:00,212.0,1,Lillestrøm,VYG:Line:L1,Spikkestad-Oslo S-Lillestrøm,L1,rail,VYG:ServiceJourney:2214_443607-R,True,actual,False,Færre vogner,Denne avgangen kjører dessverre med 4 vogner i stedet for 8 vogner. Dette skyldes at vi mangler et togsett.,general,normal,2026-09-07T08:42:24.659182+02:00
NSR:StopPlace:59977,Trondheim S,2026-09-07T06:34:00+02:00,2026-09-07T06:37:32+02:00,2026-09-07T06:37:32+02:00,212.0,1,Fortuna/Sæterb. via Strindheim,ATB:Line:2_10,Sæterbakken- Strindheim- Sentrum- Ratesvingen,10,bus,ATB:ServiceJourney:10_260311106204931_3,True,actual,False,,,,,2026-09-07T08:42:24.659182+02:00
NSR:StopPlace:58857,Lørenskog stasjon,2026-09-07T07:43:00+02:00,2026-09-07T07:46:32+02:00,2026-09-07T07:46:32+02:00,212.0,1,Stovner,RUT:Line:120,Nesåsen - Stovner,120,bus,RUT:ServiceJourney:ea45ad2f1e5f8a114a855e3ee82c6104,True,actual,False,,,,,2026-09-07T08:42:24.659182+02:00
NSR:StopPlace:58884,Skien stasjon,2026-09-07T07:28:00+02:00,2026-09-07T07:31:32+02:00,2026-09-07T07:31:32+02:00,212.0,1,Åfoss via Skien sentrum,TEL:Line:8047,Siljan-Skien-Åfoss,P7,bus,TEL:ServiceJourney:127378,True,actual,False,,,,,2026-09-07T08:42:24.659182+02:00
NSR:StopPlace:58801,Sarpsborg stasjon,2026-09-07T08:31:00+02:00,2026-09-07T08:34:32+02:00,2026-09-07T08:34:32+02:00,212.0,1,Halden,VYG:Line:RE20,Oslo S-Halden-Göteborg (X-Border),RE20,rail,VYG:ServiceJourney:105_508940-R,True,actual,False,,,,,2026-09-07T08:42:24.659182+02:00
NSR:StopPlace:62355,Froland stasjon,2026-09-07T08:20:00+02:00,2026-09-07T08:23:32+02:00,2026-09-07T08:23:32+02:00,212.0,1,Froland skole,AKT:Line:1925,Skolebusser Froland/Blakstadh.,1925,bus,AKT:ServiceJourney:71429_21_27_57600_59100_3919249,True,actual,False,,,,,2026-09-07T08:42:24.659182+02:00
NSR:StopPlace:60053,Halden stasjon,2026-09-07T22:43:00+02:00,2026-09-07T22:46:31+02:00,2026-09-07T22:46:31+02:00,211.0,1,Halden sentrum,OST:Line:1_35,Næridsrød - Tistedal,35,bus,OST:ServiceJourney:35_260325121472337_33,True,actual,False,,,,,2026-09-08T00:20:52.129880+02:00
NSR:StopPlace:58799,Rygge stasjon,2026-09-07T23:06:00+02:00,2026-09-07T23:09:31+02:00,2026-09-07T23:09:31+02:00,211.0,1,Oslo S,VYG:Line:RE20,Oslo S-Halden-Göteborg (X-Border),RE20,rail,VYG:ServiceJourney:398-138_466030-R,True,actual,False,,,,,2026-09-08T00:20:52.129880+02:00
NSR:StopPlace:58847,Frogner stasjon,2026-09-07T22:51:00+02:00,2026-09-07T22:54:31+02:00,2026-09-07T22:54:31+02:00,211.0,1,Drammen,VYG:Line:R13,Drammen-Oslo S-Dal,R13,rail,VYG:ServiceJourney:1672_443368-R,True,actual,False,,,,,2026-09-08T00:20:52.129880+02:00
NSR:StopPlace:61872,Nærbø stasjon,2026-09-07T17:52:00+02:00,2026-09-07T17:55:31+02:00,2026-09-07T17:55:31+02:00,211.0,1,Stavanger,GOA:Line:59,Jærbanen,L5,rail,GOA:ServiceJourney:3053_63102-R,True,actual,False,,,,,2026-09-07T20:27:16.249662+02:00
NSR:StopPlace:60042,Trengereid stasjon,2026-09-07T19:22:00+02:00,2026-09-07T19:25:31+02:00,2026-09-07T19:25:31+02:00,211.0,1,Bergen,VYG:Line:R40,Bergen-Voss-Myrdal-Ål,R40,rail,VYG:ServiceJourney:1831_457481-R,True,actual,False,,,,,2026-09-07T20:27:16.249662+02:00
NSR:StopPlace:61334,Ogna stasjon,2026-09-07T15:07:00+02:00,2026-09-07T15:10:31+02:00,2026-09-07T15:10:31+02:00,211.0,1,Stavanger,GOA:Line:59,Jærbanen,L5,rail,GOA:ServiceJourney:3043_63086-R,True,actual,False,,,,,2026-09-07T15:44:36.205822+02:00
NSR:StopPlace:58920,Snartemo stasjon,2026-09-07T14:51:00+02:00,2026-09-07T14:54:31+02:00,2026-09-07T14:54:31+02:00,211.0,1,Snartemo,AKT:Line:2341,Skolerute Eiken/Snartemo/Byreo,2341,bus,AKT:ServiceJourney:65972_64_30_102000_104700_1095521,True,actual,False,,,,,2026-09-07T15:44:36.205822+02:00
NSR:StopPlace:58865,Vestby stasjon,2026-09-07T14:20:00+02:00,2026-09-07T14:23:31+02:00,2026-09-07T14:23:31+02:00,211.0,1,Randem,RUT:Line:533,Randem - Vestby stasjon,533,bus,RUT:ServiceJourney:bcd75e76253dc44093ed91d38004b08e,True,actual,False,,,,,2026-09-07T15:44:36.205822+02:00
NSR:StopPlace:63079,Skeiane stasjon,2026-09-07T14:42:00+02:00,2026-09-07T14:45:31+02:00,2026-09-07T14:45:31+02:00,211.0,1,Egersund,GOA:Line:59,Jærbanen,L5,rail,GOA:ServiceJourney:3042_63084-R,True,actual,False,,,,,2026-09-07T15:44:36.205822+02:00
NSR:StopPlace:61326,Gulskogen stasjon,2026-09-07T08:12:00+02:00,2026-09-07T08:15:31+02:00,2026-09-07T08:15:31+02:00,211.0,1,Eidsvoll,VYG:Line:R12,Kongsberg-Oslo S-Eidsvoll,R12,rail,VYG:ServiceJourney:508_481317-R,True,actual,False,,,,,2026-09-07T08:42:24.659182+02:00
NSR:StopPlace:59652,Tøyen stasjon,2026-09-07T06:45:00+02:00,2026-09-07T06:48:31+02:00,2026-09-07T06:48:31+02:00,211.0,1,Vippetangen,RUT:Line:60,Vippetangen-Tonsenhagen,60,bus,RUT:ServiceJourney:c00d4d6496c51a39ad9c8343ed746805,True,actual,False,,,,,2026-09-07T08:42:24.659182+02:00
NSR:StopPlace:58924,Bryne stasjon,2026-09-07T07:10:00+02:00,2026-09-07T07:13:31+02:00,2026-09-07T07:13:31+02:00,211.0,1,Lyefjell,KOL:Line:8_2017,50,50,bus,KOL:ServiceJourney:2017_260407061523143_2002,True,actual,False,,,,,2026-09-07T08:42:24.659182+02:00
NSR:StopPlace:58795,Kambo stasjon,2026-09-07T07:24:00+02:00,2026-09-07T07:27:31+02:00,2026-09-07T07:27:31+02:00,211.0,1,Vestby stasjon,RUT:Line:540,Moss - Son - Vestby stasjon,540,bus,RUT:ServiceJourney:a07c818b8cd555e0e90e8a5b1323d582,True,actual,False,,,,,2026-09-07T08:42:24.659182+02:00
NSR:StopPlace:58838,Røyken stasjon,2026-09-07T07:15:00+02:00,2026-09-07T07:18:31+02:00,2026-09-07T07:18:31+02:00,211.0,1,Asker,RUT:Line:260,Hyggen - Bråset -Slemmestad (- Asker),260,bus,RUT:ServiceJourney:e612b5c8632318041e2b66eb7a7fc832,True,actual,False,,,,,2026-09-07T08:42:24.659182+02:00
NSR:StopPlace:58801,Sarpsborg stasjon,2026-09-07T07:25:00+02:00,2026-09-07T07:28:31+02:00,2026-09-07T07:28:31+02:00,211.0,1,Göteborg C,VYG:Line:RE20,Oslo S-Halden-Göteborg (X-Border),RE20,rail,VYG:ServiceJourney:103-383_464567-R,True,actual,False,,,,,2026-09-07T08:42:24.659182+02:00
NSR:StopPlace:58963,Jessheim stasjon,2026-09-07T23:07:00+02:00,2026-09-07T23:10:30+02:00,2026-09-07T23:10:30+02:00,210.0,1,Drammen,VYG:Line:R13,Drammen-Oslo S-Dal,R13,rail,VYG:ServiceJourney:1674_481183-R,True,actual,False,,,,,2026-09-08T00:20:52.129880+02:00
NSR:StopPlace:58855,Leirsund stasjon,2026-09-07T22:55:00+02:00,2026-09-07T22:58:30+02:00,2026-09-07T22:58:30+02:00,210.0,1,Drammen,VYG:Line:R13,Drammen-Oslo S-Dal,R13,rail,VYG:ServiceJourney:1672_443368-R,True,actual,False,,,,,2026-09-08T00:20:52.129880+02:00
NSR:StopPlace:610,Sandvika stasjon,2026-09-07T20:45:00+02:00,2026-09-07T20:48:30+02:00,2026-09-07T20:48:30+02:00,210.0,1,Kongsvinger,VYG:Line:R14,Asker-Oslo S-Kongsvinger,R14,rail,VYG:ServiceJourney:1033_442944-R,True,actual,False,,,,,2026-09-08T00:20:52.129880+02:00
NSR:StopPlace:58964,Kløfta stasjon,2026-09-07T18:14:00+02:00,2026-09-07T18:17:30+02:00,2026-09-07T18:17:30+02:00,210.0,1,Drammen,VYG:Line:R13,Drammen-Oslo S-Dal,R13,rail,VYG:ServiceJourney:1654_443330-R,True,actual,False,,,,,2026-09-07T20:27:16.249662+02:00
NSR:StopPlace:58861,Solbråtan stasjon,2026-09-07T17:53:00+02:00,2026-09-07T17:56:30+02:00,2026-09-07T17:56:30+02:00,210.0,1,Stabekk,VYG:Line:L2,Stabekk-Oslo S-Ski,L2,rail,VYG:ServiceJourney:2756-SKI_443967-R,True,actual,False,,,,,2026-09-07T20:27:16.249662+02:00
NSR:StopPlace:58890,Nelaug stasjon,2026-09-07T18:54:00+02:00,2026-09-07T18:57:30+02:00,2026-09-07T18:57:30+02:00,210.0,1,Stavanger,GOA:Line:50,Sørtoget region,F5,rail,GOA:ServiceJourney:715-LOD_63248-R,True,actual,False,,,,,2026-09-07T20:27:16.249662+02:00
NSR:StopPlace:61381,Singsås stasjon,2026-09-07T14:49:00+02:00,2026-09-07T14:52:30+02:00,2026-09-07T14:52:30+02:00,210.0,1,Almås,ATB:Line:2_5471,Støren - Singsås - Almås/Wolde,5471,bus,ATB:ServiceJourney:5471_260106098642199_6,True,actual,False,,,,,2026-09-07T15:44:36.205822+02:00
NSR:StopPlace:58879,Lunde stasjon,2026-09-07T15:10:00+02:00,2026-09-07T15:13:30+02:00,2026-09-07T15:13:30+02:00,210.0,1,Gvarv via Hørte,TEL:Line:8322,Bø-Lunde,322,bus,TEL:ServiceJourney:125831,True,actual,False,,,,,2026-09-07T15:44:36.205822+02:00
NSR:StopPlace:58814,Tolga stasjon,2026-09-07T14:40:00+02:00,2026-09-07T14:43:30+02:00,2026-09-07T14:43:30+02:00,210.0,1,Hamar,SJN:Line:25,Rørosbanen,R60,rail,SJN:ServiceJourney:2388_37666-R,True,actual,False,,,,,2026-09-07T15:44:36.205822+02:00
NSR:StopPlace:62308,Alna stasjon,2026-09-07T15:18:00+02:00,2026-09-07T15:21:30+02:00,2026-09-07T15:21:30+02:00,210.0,1,Lillestrøm,VYG:Line:L1,Spikkestad-Oslo S-Lillestrøm,L1,rail,VYG:ServiceJourney:2242_443654-R,True,actual,False,,,,,2026-09-07T15:44:36.205822+02:00
NSR:StopPlace:58921,Vennesla stasjon,2026-09-07T06:36:00+02:00,2026-09-07T06:39:30+02:00,2026-09-07T06:39:30+02:00,210.0,1,Vennesla - Samkom,AKT:Line:31,Kvadraturen - Sødal - Vennesla,31,bus,AKT:ServiceJourney:79639_41_48_45000_47100_3950303,True,actual,False,,,,,2026-09-07T08:42:24.659182+02:00
NSR:StopPlace:58842,Blaker stasjon,2026-09-07T08:34:00+02:00,2026-09-07T08:37:30+02:00,2026-09-07T08:37:30+02:00,210.0,1,Kongsvinger,VYG:Line:R14,Asker-Oslo S-Kongsvinger,R14,rail,VYG:ServiceJourney:1007_442912-R,True,actual,False,,,,,2026-09-07T08:42:24.659182+02:00
NSR:StopPlace:58854,Langhus stasjon,2026-09-07T06:36:00+02:00,2026-09-07T06:39:30+02:00,2026-09-07T06:39:30+02:00,210.0,1,Drøbak - Frogn vgs.,RUT:Line:510,Bøleråsen - Ski - Ås - Drøbak,510,bus,RUT:ServiceJourney:077f0faeea5ad1fcbd86f3252beba27b,True,actual,False,,,,,2026-09-07T08:42:24.659182+02:00
NSR:StopPlace:313,Høybråten stasjon,2026-09-07T08:27:00+02:00,2026-09-07T08:30:30+02:00,2026-09-07T08:30:30+02:00,210.0,1,Lillestrøm,VYG:Line:L1,Spikkestad-Oslo S-Lillestrøm,L1,rail,VYG:ServiceJourney:2214_443607-R,True,actual,False,Færre vogner,Denne avgangen kjører dessverre med 4 vogner i stedet for 8 vogner. Dette skyldes at vi mangler et togsett.,general,normal,2026-09-07T08:42:24.659182+02:00
NSR:StopPlace:61464,Hvalstad stasjon,2026-09-07T22:40:00+02:00,2026-09-07T22:43:29+02:00,2026-09-07T22:43:29+02:00,209.0,1,Lillestrøm,VYG:Line:L1,Spikkestad-Oslo S-Lillestrøm,L1,rail,VYG:ServiceJourney:2274_443709-R,True,actual,False,,,,,2026-09-08T00:20:52.129880+02:00
NSR:StopPlace:61872,Nærbø stasjon,2026-09-07T21:52:00+02:00,2026-09-07T21:55:29+02:00,2026-09-07T21:55:29+02:00,209.0,1,Stavanger,GOA:Line:59,Jærbanen,L5,rail,GOA:ServiceJourney:3069_63130-R,True,actual,False,,,,,2026-09-08T00:20:52.129880+02:00
NSR:StopPlace:58862,Strømmen stasjon,2026-09-07T23:20:00+02:00,2026-09-07T23:23:29+02:00,2026-09-07T23:23:29+02:00,209.0,1,Lillestrøm,VYG:Line:L1,Spikkestad-Oslo S-Lillestrøm,L1,rail,VYG:ServiceJourney:2172_443583-R,True,actual,False,,,,,2026-09-08T00:20:52.129880+02:00
NSR:StopPlace:33,Ranheim stasjon,2026-09-07T16:29:00+02:00,2026-09-07T16:32:29+02:00,2026-09-07T16:32:29+02:00,209.0,1,Steinkjer,SJN:Line:26,Trønderbanen,R70,rail,SJN:ServiceJourney:443-SOeB_56072-R,True,actual,False,,,,,2026-09-07T20:27:16.249662+02:00
NSR:StopPlace:58817,Eina stasjon,2026-09-07T14:56:00+02:00,2026-09-07T14:59:29+02:00,2026-09-07T14:59:29+02:00,209.0,1,Roa,VYG:Line:RE30,Oslo S-Gjøvik,RE30,rail,VYG:ServiceJourney:1222-GJOe_589165-R,True,actual,False,,,,,2026-09-07T15:44:36.205822+02:00
NSR:StopPlace:702,Sandnes sentrum stasjon,2026-09-07T15:14:00+02:00,2026-09-07T15:17:29+02:00,2026-09-07T15:17:29+02:00,209.0,1,Stavanger,GOA:Line:59,Jærbanen,L5,rail,GOA:ServiceJourney:3041_63082-R,True,actual,False,,,,,2026-09-07T15:44:36.205822+02:00
NSR:StopPlace:59641,Fjellhamar stasjon,2026-09-07T07:49:00+02:00,2026-09-07T07:52:29+02:00,2026-09-07T07:52:29+02:00,209.0,1,Ahus,RUT:Line:315,Vallerudtoppen - Ahus,315,bus,RUT:ServiceJourney:0b6dab82818ae78c1434e15878a944f8,True,actual,False,,,,,2026-09-07T08:42:24.659182+02:00
NSR:StopPlace:59639,Sonsveien stasjon,2026-09-07T07:39:00+02:00,2026-09-07T07:42:29+02:00,2026-09-07T07:42:29+02:00,209.0,1,Moss,RUT:Line:540,Moss - Son - Vestby stasjon,540,bus,RUT:ServiceJourney:ce97b0e35085fef307986c906c010591,True,actual,False,,,,,2026-09-07T08:42:24.659182+02:00
NSR:StopPlace:58862,Strømmen stasjon,2026-09-07T06:28:00+02:00,2026-09-07T06:31:29+02:00,2026-09-07T06:31:29+02:00,209.0,1,Lørenskog sentrum,RUT:Line:385,Nittedal stasjon - Olavsgaard - Ahus,385,bus,RUT:ServiceJourney:f25bc06b2cb670bf6ee2a5d4d77ab390,True,actual,False,,,,,2026-09-07T08:42:24.659182+02:00
NSR:StopPlace:58811,Moelv stasjon,2026-09-07T06:23:00+02:00,2026-09-07T06:26:29+02:00,2026-09-07T06:26:29+02:00,209.0,1,Rudshøgda,INN:Line:600,Moelv - Lillehammer,600,bus,INN:ServiceJourney:82447,True,actual,False,,,,,2026-09-07T08:42:24.659182+02:00
NSR:StopPlace:58825,Raufoss stasjon,2026-09-07T07:33:00+02:00,2026-09-07T07:36:29+02:00,2026-09-07T07:36:29+02:00,209.0,1,Raufosshallen,INN:Line:47,Lena-Kapp-Gjøvik-Raufoss-Lena,B47,bus,INN:ServiceJourney:76580,True,actual,False,,,,,2026-09-07T08:42:24.659182+02:00
NSR:StopPlace:62309,Ljan stasjon,2026-09-07T08:20:00+02:00,2026-09-07T08:23:29+02:00,2026-09-07T08:23:29+02:00,209.0,1,Lysaker,VYG:Line:L2,Stabekk-Oslo S-Ski,L2,rail,VYG:ServiceJourney:2816-SKI_444028-R,True,actual,False,Færre vogner,Denne avgangen kjører dessverre med 3 vogner i stedet for 6 vogner. Dette skyldes at vi mangler et togsett.,general,normal,2026-09-07T08:42:24.659182+02:00
NSR:StopPlace:62371,Sparbu stasjon,2026-09-07T07:51:00+02:00,2026-09-07T07:54:29+02:00,2026-09-07T07:54:29+02:00,209.0,1,Mære skole,ATB:Line:2_7344,Mære skole - Risholt,7344,bus,ATB:ServiceJourney:7344_260106098641853_1,True,actual,False,,,,,2026-09-07T08:42:24.659182+02:00
NSR:StopPlace:60271,Varhaug stasjon,2026-09-07T17:48:00+02:00,2026-09-07T17:51:28+02:00,2026-09-07T17:51:28+02:00,208.0,1,Stavanger,GOA:Line:59,Jærbanen,L5,rail,GOA:ServiceJourney:3053_63102-R,True,actual,False,,,,,2026-09-07T20:27:16.249662+02:00
NSR:StopPlace:58924,Bryne stasjon,2026-09-07T18:40:00+02:00,2026-09-07T18:43:28+02:00,2026-09-07T18:43:28+02:00,208.0,1,Lyefjell,KOL:Line:8_2017,50,50,bus,KOL:ServiceJourney:2017_260407061539248_2025,True,actual,False,,,,,2026-09-07T20:27:16.249662+02:00
NSR:StopPlace:58848,Haga stasjon,2026-09-07T20:14:00+02:00,2026-09-07T20:17:28+02:00,2026-09-07T20:17:28+02:00,208.0,1,Asker,VYG:Line:R14,Asker-Oslo S-Kongsvinger,R14,rail,VYG:ServiceJourney:1032_442943-R,True,actual,False,,,,,2026-09-07T20:27:16.249662+02:00
NSR:StopPlace:62338,Fossum stasjon,2026-09-07T20:02:00+02:00,2026-09-07T20:05:28+02:00,2026-09-07T20:05:28+02:00,208.0,1,Blaker ring,RUT:Line:2370,Sørumsand - Blaker - Sørumsand,370B,bus,RUT:ServiceJourney:485e2c78329affd42f3cbf119c9070cf,True,actual,False,,,,,2026-09-07T20:27:16.249662+02:00
NSR:StopPlace:58843,Blommenholm stasjon,2026-09-07T15:20:00+02:00,2026-09-07T15:23:28+02:00,2026-09-07T15:23:28+02:00,208.0,1,Lillestrøm,VYG:Line:L1,Spikkestad-Oslo S-Lillestrøm,L1,rail,VYG:ServiceJourney:2244_445341-R,True,actual,False,,,,,2026-09-07T15:44:36.205822+02:00
NSR:StopPlace:61251,Øksnavadporten stasjon,2026-09-07T07:25:00+02:00,2026-09-07T07:28:28+02:00,2026-09-07T07:28:28+02:00,208.0,1,Stavanger,GOA:Line:59,Jærbanen,L5,rail,GOA:ServiceJourney:3009_63041-R,True,actual,False,,,,,2026-09-07T08:42:24.659182+02:00
NSR:StopPlace:61897,Bryn stasjon,2026-09-07T08:30:00+02:00,2026-09-07T08:33:28+02:00,2026-09-07T08:33:28+02:00,208.0,1,Lillestrøm,VYG:Line:L1,Spikkestad-Oslo S-Lillestrøm,L1,rail,VYG:ServiceJourney:2114_443519-R,True,actual,False,,,,,2026-09-07T08:42:24.659182+02:00
NSR:StopPlace:59649,Nydalen stasjon,2026-09-07T07:26:00+02:00,2026-09-07T07:29:28+02:00,2026-09-07T07:29:28+02:00,208.0,1,Simensbråten,RUT:Line:23,Lysaker - Simensbråten,23,bus,RUT:ServiceJourney:a2de26ec5468c8752fd0b2e5a9212539,True,actual,False,,,,,2026-09-07T08:42:24.659182+02:00
NSR:StopPlace:59957,Klepp stasjon,2026-09-07T07:22:00+02:00,2026-09-07T07:25:28+02:00,2026-09-07T07:25:28+02:00,208.0,1,Stavanger,GOA:Line:59,Jærbanen,L5,rail,GOA:ServiceJourney:3009_63041-R,True,actual,False,,,,,2026-09-07T08:42:24.659182+02:00
NSR:StopPlace:59244,Egersund stasjon,2026-09-07T07:02:00+02:00,2026-09-07T07:05:28+02:00,2026-09-07T07:05:28+02:00,208.0,1,Egersund,KOL:Line:8_2002,83,83,bus,KOL:ServiceJourney:2002_250903083245251_2002,True,actual,False,,,,,2026-09-07T08:42:24.659182+02:00
NSR:StopPlace:58790,Verdal stasjon,2026-09-07T07:57:00+02:00,2026-09-07T08:00:28+02:00,2026-09-07T08:00:28+02:00,208.0,1,Steinkjer,SJN:Line:26,Trønderbanen,R70,rail,SJN:ServiceJourney:423_56052-R,True,actual,False,,,,,2026-09-07T08:42:24.659182+02:00
NSR:StopPlace:58856,Lysaker stasjon,2026-09-07T05:33:00+02:00,2026-09-07T05:36:28+02:00,2026-09-07T05:36:28+02:00,208.0,1,Ski,VYG:Line:L2,Stabekk-Oslo S-Ski,L2,rail,VYG:ServiceJourney:2703-HVK_443909-R,True,actual,False,,,,,2026-09-07T08:42:24.659182+02:00
NSR:StopPlace:58862,Strømmen stasjon,2026-09-07T08:05:00+02:00,2026-09-07T08:08:28+02:00,2026-09-07T08:08:28+02:00,208.0,1,Lillestrøm,VYG:Line:L1,Spikkestad-Oslo S-Lillestrøm,L1,rail,VYG:ServiceJourney:2212_764749-R,True,actual,False,Færre vogner,Denne avgangen kjører dessverre med 4 vogner i stedet for 8 vogner. Dette skyldes at vi mangler et togsett.,general,normal,2026-09-07T08:42:24.659182+02:00
NSR:StopPlace:58828,Roa stasjon,2026-09-07T06:41:00+02:00,2026-09-07T06:44:28+02:00,2026-09-07T06:44:28+02:00,208.0,1,Oslo S,VYG:Line:R31,Skøyen-Jaren-Gjøvik,R31,rail,VYG:ServiceJourney:BUS-270_655589-R,True,actual,False,,,,,2026-09-07T08:42:24.659182+02:00
NSR:StopPlace:441,Auli stasjon,2026-09-07T05:17:00+02:00,2026-09-07T05:20:28+02:00,2026-09-07T05:20:28+02:00,208.0,1,Asker,VYG:Line:R14,Asker-Oslo S-Kongsvinger,R14,rail,VYG:ServiceJourney:1002_442907-R,True,actual,False,,,,,2026-09-07T08:42:24.659182+02:00
NSR:StopPlace:59649,Nydalen stasjon,2026-09-07T22:31:00+02:00,2026-09-07T22:34:27+02:00,2026-09-07T22:34:27+02:00,207.0,1,Lysaker,RUT:Line:23,Lysaker - Simensbråten,23,bus,RUT:ServiceJourney:ca926d32758384b7d80bd7282f30405a,True,actual,False,,,,,2026-09-08T00:20:52.129880+02:00
NSR:StopPlace:58862,Strømmen stasjon,2026-09-07T22:35:00+02:00,2026-09-07T22:38:27+02:00,2026-09-07T22:38:27+02:00,207.0,1,Lillestrøm,VYG:Line:L1,Spikkestad-Oslo S-Lillestrøm,L1,rail,VYG:ServiceJourney:2270_443703-R,True,actual,False,,,,,2026-09-08T00:20:52.129880+02:00
NSR:StopPlace:61169,Marienborg stasjon,2026-09-07T18:06:00+02:00,2026-09-07T18:09:27+02:00,2026-09-07T18:09:27+02:00,207.0,1,Sandmoen via Flatåsen,ATB:Line:2_23,Brattøra - St. Olavs - Hallset - Flatåsen - Sandmoen,23,bus,ATB:ServiceJourney:23_251215112545580_102,True,actual,False,,,,,2026-09-07T20:27:16.249662+02:00
NSR:StopPlace:61326,Gulskogen stasjon,2026-09-07T17:12:00+02:00,2026-09-07T17:15:27+02:00,2026-09-07T17:15:27+02:00,207.0,1,Eidsvoll,VYG:Line:R12,Kongsberg-Oslo S-Eidsvoll,R12,rail,VYG:ServiceJourney:526_444332-R,True,actual,False,,,,,2026-09-07T20:27:16.249662+02:00
NSR:StopPlace:58964,Kløfta stasjon,2026-09-07T17:44:00+02:00,2026-09-07T17:47:27+02:00,2026-09-07T17:47:27+02:00,207.0,1,Dal,VYG:Line:R13,Drammen-Oslo S-Dal,R13,rail,VYG:ServiceJourney:1649_443318-R,True,actual,False,,,,,2026-09-07T20:27:16.249662+02:00
NSR:StopPlace:58843,Blommenholm stasjon,2026-09-07T20:14:00+02:00,2026-09-07T20:17:27+02:00,2026-09-07T20:17:27+02:00,207.0,1,Asker,VYG:Line:L1,Spikkestad-Oslo S-Lillestrøm,L1,rail,VYG:ServiceJourney:2159_443568-R,True,actual,False,,,,,2026-09-07T20:27:16.249662+02:00
NSR:StopPlace:58847,Frogner stasjon,2026-09-07T18:04:00+02:00,2026-09-07T18:07:27+02:00,2026-09-07T18:07:27+02:00,207.0,1,Dal,VYG:Line:R13,Drammen-Oslo S-Dal,R13,rail,VYG:ServiceJourney:1651_481163-R,True,actual,False,,,,,2026-09-07T20:27:16.249662+02:00
NSR:StopPlace:58840,Vestfossen stasjon,2026-09-07T07:53:00+02:00,2026-09-07T07:56:27+02:00,2026-09-07T07:56:27+02:00,207.0,1,Eidsvoll,VYG:Line:R12,Kongsberg-Oslo S-Eidsvoll,R12,rail,VYG:ServiceJourney:508_481317-R,True,actual,False,,,,,2026-09-07T08:42:24.659182+02:00
NSR:StopPlace:58800,Råde stasjon,2026-09-07T06:18:00+02:00,2026-09-07T06:21:27+02:00,2026-09-07T06:21:27+02:00,207.0,1,Oslo S,VYG:Line:RE20,Oslo S-Halden-Göteborg (X-Border),RE20,rail,VYG:ServiceJourney:142-HLD_509063-R,True,actual,False,Færre vogner,Denne avgangen kjører dessverre med 4 vogner i stedet for 8 vogner. Dette skyldes at vi mangler et togsett.,general,normal,2026-09-07T08:42:24.659182+02:00
NSR:StopPlace:58824,Lunner stasjon,2026-09-07T08:13:00+02:00,2026-09-07T08:16:27+02:00,2026-09-07T08:16:27+02:00,207.0,1,Lunner usk via Volla,INN:Line:466,Lunner-Mylla-Grua,466,bus,INN:ServiceJourney:71205,True,actual,False,,,,,2026-09-07T08:42:24.659182+02:00
NSR:StopPlace:62094,Lindeberg stasjon,2026-09-07T08:37:00+02:00,2026-09-07T08:40:27+02:00,2026-09-07T08:40:27+02:00,207.0,1,Dal,VYG:Line:R13,Drammen-Oslo S-Dal,R13,rail,VYG:ServiceJourney:1613_443239-R,True,actual,False,,,,,2026-09-07T08:42:24.659182+02:00
NSR:StopPlace:58964,Kløfta stasjon,2026-09-07T23:14:00+02:00,2026-09-07T23:17:26+02:00,2026-09-07T23:17:26+02:00,206.0,1,Drammen,VYG:Line:R13,Drammen-Oslo S-Dal,R13,rail,VYG:ServiceJourney:1674_481183-R,True,actual,False,,,,,2026-09-08T00:20:52.129880+02:00
NSR:StopPlace:58793,Askim stasjon,2026-09-07T22:44:00+02:00,2026-09-07T22:47:26+02:00,2026-09-07T22:47:26+02:00,206.0,1,Rakkestad,VYG:Line:R22,Skøyen-Oslo S-Mysen-Rakkestad,R22,rail,VYG:ServiceJourney:1935_443489-R,True,actual,False,,,,,2026-09-08T00:20:52.129880+02:00
NSR:StopPlace:58796,Moss stasjon,2026-09-07T23:15:00+02:00,2026-09-07T23:18:26+02:00,2026-09-07T23:18:26+02:00,206.0,1,Oslo S,VYG:Line:RE20,Oslo S-Halden-Göteborg (X-Border),RE20,rail,VYG:ServiceJourney:398-138_466030-R,True,actual,False,,,,,2026-09-08T00:20:52.129880+02:00
NSR:StopPlace:59261,Trondheim lufthavn,2026-09-07T16:58:00+02:00,2026-09-07T17:01:26+02:00,2026-09-07T17:01:26+02:00,206.0,1,Marienborg via Brattøra,ATB:Line:2_70,Stjørdal/Hommelvik- Trondheim,70,bus,ATB:ServiceJourney:70_251215112547045_76,True,actual,False,,,,,2026-09-07T20:27:16.249662+02:00
NSR:StopPlace:58847,Frogner stasjon,2026-09-07T17:34:00+02:00,2026-09-07T17:37:26+02:00,2026-09-07T17:37:26+02:00,206.0,1,Dal,VYG:Line:R13,Drammen-Oslo S-Dal,R13,rail,VYG:ServiceJourney:1649_443318-R,True,actual,False,,,,,2026-09-07T20:27:16.249662+02:00
NSR:StopPlace:58862,Strømmen stasjon,2026-09-07T18:20:00+02:00,2026-09-07T18:23:26+02:00,2026-09-07T18:23:26+02:00,206.0,1,Lillestrøm,VYG:Line:L1,Spikkestad-Oslo S-Lillestrøm,L1,rail,VYG:ServiceJourney:2152_443561-R,True,actual,False,Færre vogner,Denne avgangen kjører dessverre med 4 vogner i stedet for 8 vogner. Dette skyldes at vi mangler et togsett.,general,normal,2026-09-07T20:27:16.249662+02:00
NSR:StopPlace:58846,Fetsund stasjon,2026-09-07T14:22:00+02:00,2026-09-07T14:25:26+02:00,2026-09-07T14:25:26+02:00,206.0,1,Kongsvinger,VYG:Line:R14,Asker-Oslo S-Kongsvinger,R14,rail,VYG:ServiceJourney:1019_442926-R,True,actual,False,,,,,2026-09-07T15:44:36.205822+02:00
NSR:StopPlace:58847,Frogner stasjon,2026-09-07T14:51:00+02:00,2026-09-07T14:54:26+02:00,2026-09-07T14:54:26+02:00,206.0,1,Drammen,VYG:Line:R13,Drammen-Oslo S-Dal,R13,rail,VYG:ServiceJourney:1640_443299-R,True,actual,False,,,,,2026-09-07T15:44:36.205822+02:00
NSR:StopPlace:61897,Bryn stasjon,2026-09-07T07:00:00+02:00,2026-09-07T07:03:26+02:00,2026-09-07T07:03:26+02:00,206.0,1,Lillestrøm,VYG:Line:L1,Spikkestad-Oslo S-Lillestrøm,L1,rail,VYG:ServiceJourney:2108_443512-R,True,actual,False,,,,,2026-09-07T08:42:24.659182+02:00
NSR:StopPlace:58932,Hommelvik stasjon,2026-09-07T08:03:00+02:00,2026-09-07T08:06:26+02:00,2026-09-07T08:06:26+02:00,206.0,1,A Marienborg via Innherredsveien,ATB:Line:2_70,Stjørdal/Hommelvik- Trondheim,70,bus,ATB:ServiceJourney:70_251215112546925_24,True,actual,False,,,,,2026-09-07T08:42:24.659182+02:00
NSR:StopPlace:58835,Lier stasjon,2026-09-07T07:36:00+02:00,2026-09-07T07:39:26+02:00,2026-09-07T07:39:26+02:00,206.0,1,Lierskogen,BRA:Line:4_6073,Drammen - Reistad - Lierskogen,73,bus,BRA:ServiceJourney:6073_260415100160805_1005,True,actual,False,Fra 17/8 går linje 61-63-71-73-251-261 og skolebusser fra holdeplass ved Skutebrygga ut av byen.Les mer på brakar.no/trafikkmeldinger.,,general,normal,2026-09-07T08:42:24.659182+02:00
NSR:StopPlace:58886,Arendal stasjon,2026-09-07T06:37:00+02:00,2026-09-07T06:40:26+02:00,2026-09-07T06:40:26+02:00,206.0,1,Grimstad via Arendal sentrum,AKT:Line:101,Eydehavn-Arendal-Grimstad N/S,101,bus,AKT:ServiceJourney:71725_21_89_45600_49980_40000971,True,actual,False,,,,,2026-09-07T08:42:24.659182+02:00
NSR:StopPlace:58801,Sarpsborg stasjon,2026-09-07T07:01:00+02:00,2026-09-07T07:04:26+02:00,2026-09-07T07:04:26+02:00,206.0,1,Sarpsborg-Kalnes,OST:Line:1_13,Kalnes - Blessom,13,bus,OST:ServiceJourney:13_260325121470795_3,True,actual,False,,,,,2026-09-07T08:42:24.659182+02:00
NSR:StopPlace:58804,Alvdal stasjon,2026-09-07T07:25:00+02:00,2026-09-07T07:28:26+02:00,2026-09-07T07:28:26+02:00,206.0,1,Folldal,INN:Line:181,Tynset - Alvdal - Folldal,181,bus,INN:ServiceJourney:84446,True,actual,False,,,,,2026-09-07T08:42:24.659182+02:00
NSR:StopPlace:61315,Nerdrum stasjon,2026-09-07T22:20:00+02:00,2026-09-07T22:23:25+02:00,2026-09-07T22:23:25+02:00,205.0,1,Kongsvinger,VYG:Line:R14,Asker-Oslo S-Kongsvinger,R14,rail,VYG:ServiceJourney:1035_442947-R,True,actual,False,,,,,2026-09-08T00:20:52.129880+02:00
NSR:StopPlace:59647,Dal stasjon,2026-09-07T23:41:00+02:00,2026-09-07T23:44:25+02:00,2026-09-07T23:44:25+02:00,205.0,1,Jessheim,RUT:Line:430,Eidsvoll - Jessheim,430,bus,RUT:ServiceJourney:73c7946581b4e05987f8b8019aa9efc9,True,actual,False,,,,,2026-09-08T00:20:52.129880+02:00
NSR:StopPlace:59642,Rånåsfoss stasjon,2026-09-07T17:19:00+02:00,2026-09-07T17:22:25+02:00,2026-09-07T17:22:25+02:00,205.0,1,Asker,VYG:Line:R14,Asker-Oslo S-Kongsvinger,R14,rail,VYG:ServiceJourney:1026_442936-R,True,actual,False,,,,,2026-09-07T20:27:16.249662+02:00
NSR:StopPlace:59952,Drammen stasjon,2026-09-07T20:14:00+02:00,2026-09-07T20:17:25+02:00,2026-09-07T20:17:25+02:00,205.0,1,Skien,VYG:Line:RE11,Eidsvoll-Oslo S-Skien,RE11,rail,VYG:ServiceJourney:831_444411-R,True,actual,False,,,,,2026-09-07T20:27:16.249662+02:00
NSR:StopPlace:58834,Hokksund stasjon,2026-09-07T18:00:00+02:00,2026-09-07T18:03:25+02:00,2026-09-07T18:03:25+02:00,205.0,1,Eidsvoll,VYG:Line:R12,Kongsberg-Oslo S-Eidsvoll,R12,rail,VYG:ServiceJourney:528_444335-R,True,actual,False,,,,,2026-09-07T20:27:16.249662+02:00
NSR:StopPlace:62393,Billingstad stasjon,2026-09-07T20:22:00+02:00,2026-09-07T20:25:25+02:00,2026-09-07T20:25:25+02:00,205.0,1,Asker,VYG:Line:L1,Spikkestad-Oslo S-Lillestrøm,L1,rail,VYG:ServiceJourney:2159_443568-R,True,actual,False,,,,,2026-09-07T20:27:16.249662+02:00
NSR:StopPlace:58845,Eidsvoll verk stasjon,2026-09-07T15:15:00+02:00,2026-09-07T15:18:25+02:00,2026-09-07T15:18:25+02:00,205.0,1,Eidsvoll,RUT:Line:430,Eidsvoll - Jessheim,430,bus,RUT:ServiceJourney:f75e928eb0c85c6a55ac1209f65d84f1,True,actual,False,,,,,2026-09-07T15:44:36.205822+02:00
NSR:StopPlace:58814,Tolga stasjon,2026-09-07T12:44:00+02:00,2026-09-07T12:47:25+02:00,2026-09-07T12:47:25+02:00,205.0,1,Hamar,SJN:Line:25,Rørosbanen,R60,rail,SJN:ServiceJourney:2386_47976-R,True,actual,False,,,,,2026-09-07T15:44:36.205822+02:00
NSR:StopPlace:58826,Reinsvoll stasjon,2026-09-07T13:33:00+02:00,2026-09-07T13:36:25+02:00,2026-09-07T13:36:25+02:00,205.0,1,Raufoss-Gjøvik,INN:Line:46,Lena-Raufoss-Gjøvik-Kapp-Lena,B46,bus,INN:ServiceJourney:76835,True,actual,False,,,,,2026-09-07T15:44:36.205822+02:00
NSR:StopPlace:58931,Fannrem stasjon,2026-09-07T07:08:00+02:00,2026-09-07T07:11:25+02:00,2026-09-07T07:11:25+02:00,205.0,1,Orkanger skysstasjon,ATB:Line:2_460,Orkanger - Meldal - Berkåk,460,bus,ATB:ServiceJourney:460_260106098640566_3,True,actual,False,,,,,2026-09-07T08:42:24.659182+02:00
NSR:StopPlace:313,Høybråten stasjon,2026-09-07T07:57:00+02:00,2026-09-07T08:00:25+02:00,2026-09-07T08:00:25+02:00,205.0,1,Lillestrøm,VYG:Line:L1,Spikkestad-Oslo S-Lillestrøm,L1,rail,VYG:ServiceJourney:2212_764749-R,True,actual,False,Færre vogner,Denne avgangen kjører dessverre med 4 vogner i stedet for 8 vogner. Dette skyldes at vi mangler et togsett.,general,normal,2026-09-07T08:42:24.659182+02:00
NSR:StopPlace:362,Jåttåvågen stasjon,2026-09-07T08:02:00+02:00,2026-09-07T08:05:25+02:00,2026-09-07T08:05:25+02:00,205.0,1,Egersund,GOA:Line:59,Jærbanen,L5,rail,GOA:ServiceJourney:3016_63048-R,True,actual,False,,,,,2026-09-07T08:42:24.659182+02:00
NSR:StopPlace:59653,Haugenstua stasjon,2026-09-07T23:10:00+02:00,2026-09-07T23:13:24+02:00,2026-09-07T23:13:24+02:00,204.0,1,Asker,VYG:Line:L1,Spikkestad-Oslo S-Lillestrøm,L1,rail,VYG:ServiceJourney:2173_443584-R,True,actual,False,,,,,2026-09-08T00:20:52.129880+02:00
NSR:StopPlace:58855,Leirsund stasjon,2026-09-07T23:30:00+02:00,2026-09-07T23:33:24+02:00,2026-09-07T23:33:24+02:00,204.0,1,Dal,VYG:Line:R13,Drammen-Oslo S-Dal,R13,rail,VYG:ServiceJourney:1673_443370-R,True,actual,False,,,,,2026-09-08T00:20:52.129880+02:00
NSR:StopPlace:58800,Råde stasjon,2026-09-07T23:00:00+02:00,2026-09-07T23:03:24+02:00,2026-09-07T23:03:24+02:00,204.0,1,Oslo S,VYG:Line:RE20,Oslo S-Halden-Göteborg (X-Border),RE20,rail,VYG:ServiceJourney:398-138_466030-R,True,actual,False,,,,,2026-09-08T00:20:52.129880+02:00
NSR:StopPlace:61464,Hvalstad stasjon,2026-09-07T20:09:00+02:00,2026-09-07T20:12:24+02:00,2026-09-07T20:12:24+02:00,204.0,1,Spikkestad,VYG:Line:L1,Spikkestad-Oslo S-Lillestrøm,L1,rail,VYG:ServiceJourney:2259_443684-R,True,actual,False,,,,,2026-09-07T20:27:16.249662+02:00
NSR:StopPlace:59642,Rånåsfoss stasjon,2026-09-07T19:19:00+02:00,2026-09-07T19:22:24+02:00,2026-09-07T19:22:24+02:00,204.0,1,Asker,VYG:Line:R14,Asker-Oslo S-Kongsvinger,R14,rail,VYG:ServiceJourney:1030_442941-R,True,actual,False,,,,,2026-09-07T20:27:16.249662+02:00
NSR:StopPlace:59650,Nyland stasjon,2026-09-07T17:44:00+02:00,2026-09-07T17:47:24+02:00,2026-09-07T17:47:24+02:00,204.0,1,Asker,VYG:Line:L1,Spikkestad-Oslo S-Lillestrøm,L1,rail,VYG:ServiceJourney:2151_443560-R,True,actual,False,,,,,2026-09-07T20:27:16.249662+02:00
NSR:StopPlace:58833,Gol stasjon,2026-09-07T19:29:00+02:00,2026-09-07T19:32:24+02:00,2026-09-07T19:32:24+02:00,204.0,1,Oslo S,VYG:Line:F4,Oslo S-Bergen,F4,rail,VYG:ServiceJourney:64-BRG_444368-R,True,actual,False,,,,,2026-09-07T20:27:16.249662+02:00
NSR:StopPlace:58855,Leirsund stasjon,2026-09-07T18:25:00+02:00,2026-09-07T18:28:24+02:00,2026-09-07T18:28:24+02:00,204.0,1,Drammen,VYG:Line:R13,Drammen-Oslo S-Dal,R13,rail,VYG:ServiceJourney:1654_443330-R,True,actual,False,,,,,2026-09-07T20:27:16.249662+02:00
NSR:StopPlace:58864,Sørumsand stasjon,2026-09-07T18:31:00+02:00,2026-09-07T18:34:24+02:00,2026-09-07T18:34:24+02:00,204.0,1,Kongsvinger,VYG:Line:R14,Asker-Oslo S-Kongsvinger,R14,rail,VYG:ServiceJourney:1027_442937-R,True,actual,False,,,,,2026-09-07T20:27:16.249662+02:00
NSR:StopPlace:58877,Bø stasjon,2026-09-07T17:12:00+02:00,2026-09-07T17:15:24+02:00,2026-09-07T17:15:24+02:00,204.0,1,Folkestad-Nordbø,TEL:Line:8116,Bø-Folkestad-Nordbø-Breisås,116,bus,TEL:ServiceJourney:125938,True,actual,False,,,,,2026-09-07T20:27:16.249662+02:00
NSR:StopPlace:59648,Kjelsås stasjon,2026-09-07T14:15:00+02:00,2026-09-07T14:18:24+02:00,2026-09-07T14:18:24+02:00,204.0,1,Haugerud,RUT:Line:25,Majorstuen-Haugerud,25,bus,RUT:ServiceJourney:481387684c9e77447680d785c8db083e,True,actual,False,,,,,2026-09-07T15:44:36.205822+02:00
NSR:StopPlace:60042,Trengereid stasjon,2026-09-07T12:28:00+02:00,2026-09-07T12:31:24+02:00,2026-09-07T12:31:24+02:00,204.0,1,Myrdal,VYG:Line:R40,Bergen-Voss-Myrdal-Ål,R40,rail,VYG:ServiceJourney:1816_465749-R,True,actual,False,,,,,2026-09-07T15:44:36.205822+02:00
NSR:StopPlace:58862,Strømmen stasjon,2026-09-07T15:05:00+02:00,2026-09-07T15:08:24+02:00,2026-09-07T15:08:24+02:00,204.0,1,Lillestrøm,RUT:Line:381,Guldhaug-Tømte - Lillestrøm,381,bus,RUT:ServiceJourney:940d4bd09cd93c19b6938c5fa3dbd1a5,True,actual,False,,,,,2026-09-07T15:44:36.205822+02:00
NSR:StopPlace:62392,Slependen stasjon,2026-09-07T14:15:00+02:00,2026-09-07T14:18:24+02:00,2026-09-07T14:18:24+02:00,204.0,1,Lillestrøm,VYG:Line:L1,Spikkestad-Oslo S-Lillestrøm,L1,rail,VYG:ServiceJourney:2240_445337-R,True,actual,False,,,,,2026-09-07T15:44:36.205822+02:00
NSR:StopPlace:41,Hanaborg stasjon,2026-09-07T07:31:00+02:00,2026-09-07T07:34:24+02:00,2026-09-07T07:34:24+02:00,204.0,1,Lillestrøm,VYG:Line:L1,Spikkestad-Oslo S-Lillestrøm,L1,rail,VYG:ServiceJourney:2210_443601-R,True,actual,False,Færre vogner,Denne avgangen kjører dessverre med 4 vogner i stedet for 8 vogner. Dette skyldes at vi mangler et togsett.,general,normal,2026-09-07T08:42:24.659182+02:00
NSR:StopPlace:41,Hanaborg stasjon,2026-09-07T08:01:00+02:00,2026-09-07T08:04:24+02:00,2026-09-07T08:04:24+02:00,204.0,1,Lillestrøm,VYG:Line:L1,Spikkestad-Oslo S-Lillestrøm,L1,rail,VYG:ServiceJourney:2212_764749-R,True,actual,False,Færre vogner,Denne avgangen kjører dessverre med 4 vogner i stedet for 8 vogner. Dette skyldes at vi mangler et togsett.,general,normal,2026-09-07T08:42:24.659182+02:00
NSR:StopPlace:59641,Fjellhamar stasjon,2026-09-07T07:33:00+02:00,2026-09-07T07:36:24+02:00,2026-09-07T07:36:24+02:00,204.0,1,Lillestrøm,VYG:Line:L1,Spikkestad-Oslo S-Lillestrøm,L1,rail,VYG:ServiceJourney:2210_443601-R,True,actual,False,Færre vogner,Denne avgangen kjører dessverre med 4 vogner i stedet for 8 vogner. Dette skyldes at vi mangler et togsett.,general,normal,2026-09-07T08:42:24.659182+02:00
NSR:StopPlace:58844,Eidsvoll stasjon,2026-09-07T08:04:00+02:00,2026-09-07T08:07:24+02:00,2026-09-07T08:07:24+02:00,204.0,1,Eidsvoll - Vilberg,RUT:Line:445,Hurdal - Eidsvoll verk,445,bus,RUT:ServiceJourney:86cf4a853df03ce89523728e9dd39af4,True,actual,False,,,,,2026-09-07T08:42:24.659182+02:00
NSR:StopPlace:59646,Høvik stasjon,2026-09-07T22:56:00+02:00,2026-09-07T22:59:23+02:00,2026-09-07T22:59:23+02:00,203.0,1,Spikkestad,VYG:Line:L1,Spikkestad-Oslo S-Lillestrøm,L1,rail,VYG:ServiceJourney:2271_443704-R,True,actual,False,,,,,2026-09-08T00:20:52.129880+02:00
NSR:StopPlace:58836,Mjøndalen stasjon,2026-09-07T22:06:00+02:00,2026-09-07T22:09:23+02:00,2026-09-07T22:09:23+02:00,203.0,1,Eidsvoll,VYG:Line:R12,Kongsberg-Oslo S-Eidsvoll,R12,rail,VYG:ServiceJourney:536_444346-R,True,actual,False,,,,,2026-09-08T00:20:52.129880+02:00
NSR:StopPlace:58855,Leirsund stasjon,2026-09-07T22:30:00+02:00,2026-09-07T22:33:23+02:00,2026-09-07T22:33:23+02:00,203.0,1,Dal,VYG:Line:R13,Drammen-Oslo S-Dal,R13,rail,VYG:ServiceJourney:1669_443361-R,True,actual,False,,,,,2026-09-08T00:20:52.129880+02:00
NSR:StopPlace:702,Sandnes sentrum stasjon,2026-09-07T22:14:00+02:00,2026-09-07T22:17:23+02:00,2026-09-07T22:17:23+02:00,203.0,1,Stavanger,GOA:Line:59,Jærbanen,L5,rail,GOA:ServiceJourney:3069_63130-R,True,actual,False,,,,,2026-09-08T00:20:52.129880+02:00
NSR:StopPlace:59952,Drammen stasjon,2026-09-07T17:25:00+02:00,2026-09-07T17:28:23+02:00,2026-09-07T17:28:23+02:00,203.0,1,Kongsberg,VYG:Line:R13,Drammen-Oslo S-Dal,R13,rail,VYG:ServiceJourney:1646_443312-R,True,actual,False,,,,,2026-09-07T20:27:16.249662+02:00
NSR:StopPlace:518,Bolstadøyri stasjon,2026-09-07T20:19:00+02:00,2026-09-07T20:22:23+02:00,2026-09-07T20:22:23+02:00,203.0,1,Bergen,VYG:Line:R40,Bergen-Voss-Myrdal-Ål,R40,rail,VYG:ServiceJourney:1835_477934-R,True,actual,False,,,,,2026-09-07T20:27:16.249662+02:00
NSR:StopPlace:58855,Leirsund stasjon,2026-09-07T14:55:00+02:00,2026-09-07T14:58:23+02:00,2026-09-07T14:58:23+02:00,203.0,1,Drammen,VYG:Line:R13,Drammen-Oslo S-Dal,R13,rail,VYG:ServiceJourney:1640_443299-R,True,actual,False,,,,,2026-09-07T15:44:36.205822+02:00
NSR:StopPlace:60053,Halden stasjon,2026-09-07T07:21:00+02:00,2026-09-07T07:24:23+02:00,2026-09-07T07:24:23+02:00,203.0,1,Sykehuset-Halden,OST:Line:1_34,Remmen-Sykehuset,34,bus,OST:ServiceJourney:34_260325121472270_3,True,actual,False,,,,,2026-09-07T08:42:24.659182+02:00
NSR:StopPlace:58932,Hommelvik stasjon,2026-09-07T07:43:00+02:00,2026-09-07T07:46:23+02:00,2026-09-07T07:46:23+02:00,203.0,1,Stjørdal stasjon - Tangen,ATB:Line:2_70,Stjørdal/Hommelvik- Trondheim,70,bus,ATB:ServiceJourney:70_251215112546991_7,True,actual,False,,,,,2026-09-07T08:42:24.659182+02:00
NSR:StopPlace:58795,Kambo stasjon,2026-09-07T08:26:00+02:00,2026-09-07T08:29:23+02:00,2026-09-07T08:29:23+02:00,203.0,1,Steinerskolen Moss,RUT:Line:540,Moss - Son - Vestby stasjon,540,bus,RUT:ServiceJourney:c04e31caade368c43963a29416b91e3a,True,actual,False,,,,,2026-09-07T08:42:24.659182+02:00
NSR:StopPlace:58860,Oppegård stasjon,2026-09-07T06:31:00+02:00,2026-09-07T06:34:23+02:00,2026-09-07T06:34:23+02:00,203.0,1,Lysaker,VYG:Line:L2,Stabekk-Oslo S-Ski,L2,rail,VYG:ServiceJourney:2810-SKI_444022-R,True,actual,False,Færre vogner,Denne avgangen kjører dessverre med 3 vogner i stedet for 6 vogner. Dette skyldes at vi mangler et togsett.,general,normal,2026-09-07T08:42:24.659182+02:00
NSR:StopPlace:58932,Hommelvik stasjon,2026-09-07T20:45:00+02:00,2026-09-07T20:48:22+02:00,2026-09-07T20:48:22+02:00,202.0,1,Steinkjer,SJN:Line:26,Trønderbanen,R70,rail,SJN:ServiceJourney:451_56080-R,True,actual,False,,,,,2026-09-08T00:20:52.129880+02:00
NSR:StopPlace:58838,Røyken stasjon,2026-09-07T23:03:00+02:00,2026-09-07T23:06:22+02:00,2026-09-07T23:06:22+02:00,202.0,1,Bråset,RUT:Line:260,Hyggen - Bråset -Slemmestad (- Asker),260,bus,RUT:ServiceJourney:83eb828193122fa6fd0ce4f44ed99ac7,True,actual,False,,,,,2026-09-08T00:20:52.129880+02:00
NSR:StopPlace:58853,Kolbotn stasjon,2026-09-07T21:49:00+02:00,2026-09-07T21:52:22+02:00,2026-09-07T21:52:22+02:00,202.0,1,Bjørvika,RUT:Line:83,Jernbanetorget - Tårnåsen,83,bus,RUT:ServiceJourney:189a5d5568db2bd65f12fe5f48c2a558,True,actual,False,Linje 80E og 83 får Hausmanns bru som ny endeholdeplass fra 29. juni,"Bussene stopper ikke på Jernbanetorget etter 29. juni, men starter og stopper på Hausmanns bru i Nylandsveien.",incident,normal,2026-09-08T00:20:52.129880+02:00
NSR:StopPlace:58801,Sarpsborg stasjon,2026-09-07T22:13:00+02:00,2026-09-07T22:16:22+02:00,2026-09-07T22:16:22+02:00,202.0,1,Blessom,OST:Line:1_13,Kalnes - Blessom,13,bus,OST:ServiceJourney:13_260325121470810_42,True,actual,False,,,,,2026-09-08T00:20:52.129880+02:00
NSR:StopPlace:58853,Kolbotn stasjon,2026-09-07T17:55:00+02:00,2026-09-07T17:58:22+02:00,2026-09-07T17:58:22+02:00,202.0,1,Stabekk,VYG:Line:L2,Stabekk-Oslo S-Ski,L2,rail,VYG:ServiceJourney:2756-SKI_443967-R,True,actual,False,,,,,2026-09-07T20:27:16.249662+02:00
NSR:StopPlace:62310,Brusand stasjon,2026-09-07T17:10:00+02:00,2026-09-07T17:13:22+02:00,2026-09-07T17:13:22+02:00,202.0,1,Stavanger,GOA:Line:59,Jærbanen,L5,rail,GOA:ServiceJourney:3051_63099-R,True,actual,False,,,,,2026-09-07T20:27:16.249662+02:00
NSR:StopPlace:62339,Lillestrøm stasjon,2026-09-07T18:05:00+02:00,2026-09-07T18:08:22+02:00,2026-09-07T18:08:22+02:00,202.0,1,Eidsvoll,VYG:Line:R12,Kongsberg-Oslo S-Eidsvoll,R12,rail,VYG:ServiceJourney:526_444332-R,True,actual,False,Heis i spor 1 og 2 er ute av bruk på grunn av vedlikehold.,Heis i spor 1 og 2 er ute av bruk på grunn av vedlikehold.,general,normal,2026-09-07T20:27:16.249662+02:00
NSR:StopPlace:59703,Åndalsnes stasjon,2026-09-07T14:30:00+02:00,2026-09-07T14:33:22+02:00,2026-09-07T14:33:22+02:00,202.0,1,Åfarnes,MOR:Line:420,Fram Ekspress Molde-Åndalsnes,420,bus,MOR:ServiceJourney:420_115_9150000047249040,True,actual,False,,,,,2026-09-07T15:44:36.205822+02:00
NSR:StopPlace:58931,Fannrem stasjon,2026-09-07T15:13:00+02:00,2026-09-07T15:16:22+02:00,2026-09-07T15:16:22+02:00,202.0,1,Orkanger skysstasjon,ATB:Line:2_460,Orkanger - Meldal - Berkåk,460,bus,ATB:ServiceJourney:460_260106098640561_11,True,actual,False,,,,,2026-09-07T15:44:36.205822+02:00
NSR:StopPlace:58847,Frogner stasjon,2026-09-07T14:34:00+02:00,2026-09-07T14:37:22+02:00,2026-09-07T14:37:22+02:00,202.0,1,Dal,VYG:Line:R13,Drammen-Oslo S-Dal,R13,rail,VYG:ServiceJourney:1637_443291-R,True,actual,False,,,,,2026-09-07T15:44:36.205822+02:00
NSR:StopPlace:58811,Moelv stasjon,2026-09-07T15:32:00+02:00,2026-09-07T15:35:22+02:00,2026-09-07T15:35:22+02:00,202.0,1,Gjøvik,INN:Line:100,Hamar - Gjøvik,100,bus,INN:ServiceJourney:83462,True,actual,False,,,,,2026-09-07T15:44:36.205822+02:00
NSR:StopPlace:58811,Moelv stasjon,2026-09-07T15:35:00+02:00,2026-09-07T15:38:22+02:00,2026-09-07T15:38:22+02:00,202.0,1,Lillehammer,INN:Line:600,Moelv - Lillehammer,600,bus,INN:ServiceJourney:82444,True,actual,False,,,,,2026-09-07T15:44:36.205822+02:00
NSR:StopPlace:362,Jåttåvågen stasjon,2026-09-07T15:17:00+02:00,2026-09-07T15:20:22+02:00,2026-09-07T15:20:22+02:00,202.0,1,Skeiane,GOA:Line:59,Jærbanen,L5,rail,GOA:ServiceJourney:3142_63187-R,True,actual,False,,,,,2026-09-07T15:44:36.205822+02:00
NSR:StopPlace:6,Greverud stasjon,2026-09-07T08:03:00+02:00,2026-09-07T08:06:22+02:00,2026-09-07T08:06:22+02:00,202.0,1,Lysaker,VYG:Line:L2,Stabekk-Oslo S-Ski,L2,rail,VYG:ServiceJourney:2816-SKI_444028-R,True,actual,False,Færre vogner,Denne avgangen kjører dessverre med 3 vogner i stedet for 6 vogner. Dette skyldes at vi mangler et togsett.,general,normal,2026-09-07T08:42:24.659182+02:00
NSR:StopPlace:59646,Høvik stasjon,2026-09-07T08:07:00+02:00,2026-09-07T08:10:22+02:00,2026-09-07T08:10:22+02:00,202.0,1,Lillestrøm,VYG:Line:L1,Spikkestad-Oslo S-Lillestrøm,L1,rail,VYG:ServiceJourney:2114_443519-R,True,actual,False,,,,,2026-09-07T08:42:24.659182+02:00
NSR:StopPlace:58924,Bryne stasjon,2026-09-07T05:49:00+02:00,2026-09-07T05:52:22+02:00,2026-09-07T05:52:22+02:00,202.0,1,Egersund,GOA:Line:59,Jærbanen,L5,rail,GOA:ServiceJourney:3006_63037-R,True,actual,False,,,,,2026-09-07T08:42:24.659182+02:00
NSR:StopPlace:62308,Alna stasjon,2026-09-07T08:33:00+02:00,2026-09-07T08:36:22+02:00,2026-09-07T08:36:22+02:00,202.0,1,Lillestrøm,VYG:Line:L1,Spikkestad-Oslo S-Lillestrøm,L1,rail,VYG:ServiceJourney:2114_443519-R,True,actual,False,,,,,2026-09-07T08:42:24.659182+02:00
NSR:StopPlace:62392,Slependen stasjon,2026-09-07T07:33:00+02:00,2026-09-07T07:36:22+02:00,2026-09-07T07:36:22+02:00,202.0,1,Spikkestad,VYG:Line:L1,Spikkestad-Oslo S-Lillestrøm,L1,rail,VYG:ServiceJourney:2209_443598-R,True,actual,False,,,,,2026-09-07T08:42:24.659182+02:00
NSR:StopPlace:58830,Brakerøya stasjon,2026-09-08T00:08:30+02:00,2026-09-08T00:11:51+02:00,2026-09-08T00:11:51+02:00,201.0,1,Eidsvoll,VYG:Line:R13,Drammen-Oslo S-Dal,R13,rail,VYG:ServiceJourney:1679_443385-R,True,actual,False,,,,,2026-09-08T03:39:50.209703+02:00
NSR:StopPlace:58812,Os stasjon,2026-09-07T23:27:00+02:00,2026-09-07T23:30:21+02:00,2026-09-07T23:30:21+02:00,201.0,1,Røros,SJN:Line:25,Rørosbanen,R60,rail,SJN:ServiceJourney:2393_37671-R,True,actual,False,,,,,2026-09-08T00:20:52.129880+02:00
NSR:StopPlace:62392,Slependen stasjon,2026-09-07T23:33:00+02:00,2026-09-07T23:36:21+02:00,2026-09-07T23:36:21+02:00,201.0,1,Spikkestad,VYG:Line:L1,Spikkestad-Oslo S-Lillestrøm,L1,rail,VYG:ServiceJourney:2273_443707-R,True,actual,False,,,,,2026-09-08T00:20:52.129880+02:00
NSR:StopPlace:59648,Kjelsås stasjon,2026-09-07T18:25:00+02:00,2026-09-07T18:28:21+02:00,2026-09-07T18:28:21+02:00,201.0,1,Majorstuen,RUT:Line:25,Majorstuen-Haugerud,25,bus,RUT:ServiceJourney:85477c1f884a3cf2d57ecf2a7a119075,True,actual,False,,,,,2026-09-07T20:27:16.249662+02:00
NSR:StopPlace:59650,Nyland stasjon,2026-09-07T17:59:00+02:00,2026-09-07T18:02:21+02:00,2026-09-07T18:02:21+02:00,201.0,1,Spikkestad,VYG:Line:L1,Spikkestad-Oslo S-Lillestrøm,L1,rail,VYG:ServiceJourney:2253_443674-R,True,actual,False,Færre vogner,Denne avgangen kjører dessverre med 4 vogner i stedet for 8 vogner. Dette skyldes at vi mangler et togsett.,general,normal,2026-09-07T20:27:16.249662+02:00
NSR:StopPlace:58931,Fannrem stasjon,2026-09-07T19:00:00+02:00,2026-09-07T19:03:21+02:00,2026-09-07T19:03:21+02:00,201.0,1,Trondheim S via Orkanger skysst.,ATB:Line:2_310,Trondheim - Orkanger - Fannrem,310,bus,ATB:ServiceJourney:310_260106098639834_67,True,actual,False,,,,,2026-09-07T20:27:16.249662+02:00
NSR:StopPlace:58868,Årnes stasjon,2026-09-07T17:22:00+02:00,2026-09-07T17:25:21+02:00,2026-09-07T17:25:21+02:00,201.0,1,Kongsvinger,VYG:Line:R14,Asker-Oslo S-Kongsvinger,R14,rail,VYG:ServiceJourney:1053-HAV_442957-R,True,actual,False,,,,,2026-09-07T20:27:16.249662+02:00
NSR:StopPlace:58873,Skoppum stasjon,2026-09-07T17:19:00+02:00,2026-09-07T17:22:21+02:00,2026-09-07T17:22:21+02:00,201.0,1,Eidsvoll,VYG:Line:RE11,Eidsvoll-Oslo S-Skien,RE11,rail,VYG:ServiceJourney:826_481332-R,True,actual,False,Færre vogner,Denne avgangen kjører dessverre med 5 vogner i stedet for 10 vogner. Dette skyldes at vi mangler et togsett.,general,normal,2026-09-07T20:27:16.249662+02:00
NSR:StopPlace:58889,Gjerstad stasjon,2026-09-07T18:22:00+02:00,2026-09-07T18:25:21+02:00,2026-09-07T18:25:21+02:00,201.0,1,Stavanger,GOA:Line:50,Sørtoget region,F5,rail,GOA:ServiceJourney:715-LOD_63248-R,True,actual,False,,,,,2026-09-07T20:27:16.249662+02:00
NSR:StopPlace:313,Høybråten stasjon,2026-09-07T18:12:00+02:00,2026-09-07T18:15:21+02:00,2026-09-07T18:15:21+02:00,201.0,1,Lillestrøm,VYG:Line:L1,Spikkestad-Oslo S-Lillestrøm,L1,rail,VYG:ServiceJourney:2152_443561-R,True,actual,False,Færre vogner,Denne avgangen kjører dessverre med 4 vogner i stedet for 8 vogner. Dette skyldes at vi mangler et togsett.,general,normal,2026-09-07T20:27:16.249662+02:00
NSR:StopPlace:61251,Øksnavadporten stasjon,2026-09-07T14:49:00+02:00,2026-09-07T14:52:21+02:00,2026-09-07T14:52:21+02:00,201.0,1,Egersund,GOA:Line:59,Jærbanen,L5,rail,GOA:ServiceJourney:3042_63084-R,True,actual,False,,,,,2026-09-07T15:44:36.205822+02:00
NSR:StopPlace:58830,Brakerøya stasjon,2026-09-07T15:08:00+02:00,2026-09-07T15:11:21+02:00,2026-09-07T15:11:21+02:00,201.0,1,Dal,VYG:Line:R13,Drammen-Oslo S-Dal,R13,rail,VYG:ServiceJourney:1643_443304-R,True,actual,False,,,,,2026-09-07T15:44:36.205822+02:00
NSR:StopPlace:261,Ganddal stasjon,2026-09-07T14:45:00+02:00,2026-09-07T14:48:21+02:00,2026-09-07T14:48:21+02:00,201.0,1,Egersund,GOA:Line:59,Jærbanen,L5,rail,GOA:ServiceJourney:3042_63084-R,True,actual,False,,,,,2026-09-07T15:44:36.205822+02:00
NSR:StopPlace:58797,Mysen stasjon,2026-09-07T07:56:00+02:00,2026-09-07T07:59:21+02:00,2026-09-07T07:59:21+02:00,201.0,1,Mysen vgs. avd. Suse,OST:Line:1_477,Mysen vgs.,477,bus,OST:ServiceJourney:477_260325121473106_13,True,actual,False,,,,,2026-09-07T08:42:24.659182+02:00
NSR:StopPlace:58801,Sarpsborg stasjon,2026-09-07T07:43:00+02:00,2026-09-07T07:46:21+02:00,2026-09-07T07:46:21+02:00,201.0,1,Blessom,OST:Line:1_13,Kalnes - Blessom,13,bus,OST:ServiceJourney:13_260325121470807_4,True,actual,False,,,,,2026-09-07T08:42:24.659182+02:00
NSR:StopPlace:58814,Tolga stasjon,2026-09-07T06:41:00+02:00,2026-09-07T06:44:21+02:00,2026-09-07T06:44:21+02:00,201.0,1,Hamar,SJN:Line:25,Rørosbanen,R60,rail,SJN:ServiceJourney:2380_37659-R,True,actual,False,,,,,2026-09-07T08:42:24.659182+02:00
NSR:StopPlace:61381,Singsås stasjon,2026-09-07T22:39:00+02:00,2026-09-07T22:42:20+02:00,2026-09-07T22:42:20+02:00,200.0,1,Røros,ATB:Line:2_440,Støren - Røros,440,bus,ATB:ServiceJourney:440_260106098642804_28,True,actual,False,,,,,2026-09-08T00:20:52.129880+02:00
NSR:StopPlace:61735,Hell stasjon,2026-09-07T20:51:00+02:00,2026-09-07T20:54:20+02:00,2026-09-07T20:54:20+02:00,200.0,1,Steinkjer,SJN:Line:26,Trønderbanen,R70,rail,SJN:ServiceJourney:451_56080-R,True,actual,False,,,,,2026-09-08T00:20:52.129880+02:00
NSR:StopPlace:58840,Vestfossen stasjon,2026-09-07T22:53:00+02:00,2026-09-07T22:56:20+02:00,2026-09-07T22:56:20+02:00,200.0,1,Eidsvoll,VYG:Line:R12,Kongsberg-Oslo S-Eidsvoll,R12,rail,VYG:ServiceJourney:538_444348-R,True,actual,False,,,,,2026-09-08T00:20:52.129880+02:00
NSR:StopPlace:58862,Strømmen stasjon,2026-09-07T22:20:00+02:00,2026-09-07T22:23:20+02:00,2026-09-07T22:23:20+02:00,200.0,1,Lillestrøm,VYG:Line:L1,Spikkestad-Oslo S-Lillestrøm,L1,rail,VYG:ServiceJourney:2168_443578-R,True,actual,False,,,,,2026-09-08T00:20:52.129880+02:00
NSR:StopPlace:61291,Stavanger stasjon,2026-09-07T19:53:00+02:00,2026-09-07T19:56:20+02:00,2026-09-07T19:56:20+02:00,200.0,1,Egersund,GOA:Line:59,Jærbanen,L5,rail,GOA:ServiceJourney:3064_63121-R,True,actual,False,,,,,2026-09-07T20:27:16.249662+02:00
NSR:StopPlace:58845,Eidsvoll verk stasjon,2026-09-07T20:01:00+02:00,2026-09-07T20:04:20+02:00,2026-09-07T20:04:20+02:00,200.0,1,Jessheim,RUT:Line:430,Eidsvoll - Jessheim,430,bus,RUT:ServiceJourney:f817c6b92468c3dab4533e30605d14de,True,actual,False,,,,,2026-09-07T20:27:16.249662+02:00
NSR:StopPlace:610,Sandvika stasjon,2026-09-07T17:35:00+02:00,2026-09-07T17:38:20+02:00,2026-09-07T17:38:20+02:00,200.0,1,Eidsvoll,VYG:Line:R12,Kongsberg-Oslo S-Eidsvoll,R12,rail,VYG:ServiceJourney:526_444332-R,True,actual,False,,,,,2026-09-07T20:27:16.249662+02:00
NSR:StopPlace:60047,Melhus skysstasjon,2026-09-07T14:36:00+02:00,2026-09-07T14:39:20+02:00,2026-09-07T14:39:20+02:00,200.0,1,Trondheim S,ATB:Line:2_340,Trondheim - Støren,340,bus,ATB:ServiceJourney:340_260106098639878_39,True,actual,False,,,,,2026-09-07T15:44:36.205822+02:00
NSR:StopPlace:58930,Larvik stasjon,2026-09-07T13:37:00+02:00,2026-09-07T13:40:20+02:00,2026-09-07T13:40:20+02:00,200.0,1,Larvik-Sandefjord,VKT:Line:3,Busk-Sandefjord-Larvik-Veldre,3,bus,VKT:ServiceJourney:17553,True,actual,False,,,,,2026-09-07T15:44:36.205822+02:00
NSR:StopPlace:58884,Skien stasjon,2026-09-07T14:28:00+02:00,2026-09-07T14:31:20+02:00,2026-09-07T14:31:20+02:00,200.0,1,Åfoss via Skien sentrum,TEL:Line:8047,Siljan-Skien-Åfoss,P7,bus,TEL:ServiceJourney:127388,True,actual,False,,,,,2026-09-07T15:44:36.205822+02:00
NSR:StopPlace:59646,Høvik stasjon,2026-09-07T07:40:00+02:00,2026-09-07T07:43:20+02:00,2026-09-07T07:43:20+02:00,200.0,1,Asker,RUT:Line:270,Asker - Sandvika (- Fornebu),270,bus,RUT:ServiceJourney:91e4cc1d13b3771d39b9150c9ecedd41,True,actual,False,,,,,2026-09-07T08:42:24.659182+02:00
NSR:StopPlace:58843,Blommenholm stasjon,2026-09-07T07:28:00+02:00,2026-09-07T07:31:20+02:00,2026-09-07T07:31:20+02:00,200.0,1,Spikkestad,VYG:Line:L1,Spikkestad-Oslo S-Lillestrøm,L1,rail,VYG:ServiceJourney:2209_443598-R,True,actual,False,,,,,2026-09-07T08:42:24.659182+02:00
NSR:StopPlace:58859,Nordby stasjon,2026-09-07T23:53:00+02:00,2026-09-07T23:56:19+02:00,2026-09-07T23:56:19+02:00,199.0,1,Dal,VYG:Line:R13,Drammen-Oslo S-Dal,R13,rail,VYG:ServiceJourney:1673_443370-R,True,actual,False,,,,,2026-09-08T00:20:52.129880+02:00
NSR:StopPlace:58964,Kløfta stasjon,2026-09-07T17:14:00+02:00,2026-09-07T17:17:19+02:00,2026-09-07T17:17:19+02:00,199.0,1,Drammen,VYG:Line:R13,Drammen-Oslo S-Dal,R13,rail,VYG:ServiceJourney:1650_443321-R,True,actual,False,,,,,2026-09-07T20:27:16.249662+02:00
NSR:StopPlace:62392,Slependen stasjon,2026-09-07T19:15:00+02:00,2026-09-07T19:18:19+02:00,2026-09-07T19:18:19+02:00,199.0,1,Lillestrøm,VYG:Line:L1,Spikkestad-Oslo S-Lillestrøm,L1,rail,VYG:ServiceJourney:2260_445359-R,True,actual,False,,,,,2026-09-07T20:27:16.249662+02:00
NSR:StopPlace:59638,Myrvoll stasjon,2026-09-07T14:25:00+02:00,2026-09-07T14:28:19+02:00,2026-09-07T14:28:19+02:00,199.0,1,Fornebu,RUT:Line:81,Fornebu - Myrvoll stasjon,81,bus,RUT:ServiceJourney:35ed74c171f14010f9ea39ba1f64eadc,True,actual,False,,,,,2026-09-07T15:44:36.205822+02:00
NSR:StopPlace:364,Vaksdal stasjon,2026-09-07T14:56:00+02:00,2026-09-07T14:59:19+02:00,2026-09-07T14:59:19+02:00,199.0,1,Bergen,VYG:Line:R40,Bergen-Voss-Myrdal-Ål,R40,rail,VYG:ServiceJourney:1823_443410-R,True,actual,False,Forsinket,Toget kjørte 14 minutter forsinket fra Myrdal. Vi venter på passasjerer fra et annet tog.,incident,normal,2026-09-07T15:44:36.205822+02:00
NSR:StopPlace:206,Mariero stasjon,2026-09-07T15:25:00+02:00,2026-09-07T15:28:19+02:00,2026-09-07T15:28:19+02:00,199.0,1,Stavanger,GOA:Line:59,Jærbanen,L5,rail,GOA:ServiceJourney:3041_63082-R,True,actual,False,,,,,2026-09-07T15:44:36.205822+02:00
NSR:StopPlace:62310,Brusand stasjon,2026-09-07T14:48:00+02:00,2026-09-07T14:51:19+02:00,2026-09-07T14:51:19+02:00,199.0,1,Egersund,GOA:Line:59,Jærbanen,L5,rail,GOA:ServiceJourney:3040_63080-R,True,actual,False,,,,,2026-09-07T15:44:36.205822+02:00
NSR:StopPlace:62338,Fossum stasjon,2026-09-07T14:58:00+02:00,2026-09-07T15:01:19+02:00,2026-09-07T15:01:19+02:00,199.0,1,Harkerud veikryss,RUT:Line:2634,Skugstad - Mork - Blaker skole - Sørumsand,2634,bus,RUT:ServiceJourney:d3fbc934942729e78ba2e22192e8029a,True,actual,False,,,,,2026-09-07T15:44:36.205822+02:00
NSR:StopPlace:60640,Heimdal stasjon,2026-09-07T06:40:00+02:00,2026-09-07T06:43:19+02:00,2026-09-07T06:43:19+02:00,199.0,1,Ranheim via Tiller-sentrum,ATB:Line:2_1,Ranheim - Strindheim - sentrum - Tiller - Heimdal - Kattem,1,bus,ATB:ServiceJourney:1_251215112545975_13,True,actual,False,,,,,2026-09-07T08:42:24.659182+02:00
NSR:StopPlace:58797,Mysen stasjon,2026-09-07T07:56:00+02:00,2026-09-07T07:59:19+02:00,2026-09-07T07:59:19+02:00,199.0,1,Mysen vgs. avd. Suse,OST:Line:1_477,Mysen vgs.,477,bus,OST:ServiceJourney:477_260325121473107_15,True,actual,False,,,,,2026-09-07T08:42:24.659182+02:00
NSR:StopPlace:58876,Tønsberg stasjon,2026-09-07T06:48:00+02:00,2026-09-07T06:51:19+02:00,2026-09-07T06:51:19+02:00,199.0,1,Tønsberg,VKT:Line:520,Tønsberg-Stokke,520,bus,VKT:ServiceJourney:17295,True,actual,False,,,,,2026-09-07T08:42:24.659182+02:00
NSR:StopPlace:702,Sandnes sentrum stasjon,2026-09-07T08:10:00+02:00,2026-09-07T08:13:19+02:00,2026-09-07T08:13:19+02:00,199.0,1,Egersund,GOA:Line:59,Jærbanen,L5,rail,GOA:ServiceJourney:3016_63048-R,True,actual,False,,,,,2026-09-07T08:42:24.659182+02:00
NSR:StopPlace:59647,Dal stasjon,2026-09-07T22:54:00+02:00,2026-09-07T22:57:18+02:00,2026-09-07T22:57:18+02:00,198.0,1,Drammen,VYG:Line:R13,Drammen-Oslo S-Dal,R13,rail,VYG:ServiceJourney:1674_481183-R,True,actual,False,,,,,2026-09-08T00:20:52.129880+02:00
NSR:StopPlace:59639,Sonsveien stasjon,2026-09-07T23:51:00+02:00,2026-09-07T23:54:18+02:00,2026-09-07T23:54:18+02:00,198.0,1,Moss,VYG:Line:R21,Stabekk-Oslo S-Moss,R21,rail,VYG:ServiceJourney:1173-HVK_443070-R,True,actual,False,,,,,2026-09-08T00:20:52.129880+02:00
NSR:StopPlace:58851,Heggedal stasjon,2026-09-07T23:54:00+02:00,2026-09-07T23:57:18+02:00,2026-09-07T23:57:18+02:00,198.0,1,Lillestrøm,VYG:Line:L1,Spikkestad-Oslo S-Lillestrøm,L1,rail,VYG:ServiceJourney:2280_443718-R,True,actual,False,,,,,2026-09-08T00:20:52.129880+02:00
NSR:StopPlace:61251,Øksnavadporten stasjon,2026-09-07T18:05:00+02:00,2026-09-07T18:08:18+02:00,2026-09-07T18:08:18+02:00,198.0,1,Stavanger,GOA:Line:59,Jærbanen,L5,rail,GOA:ServiceJourney:3053_63102-R,True,actual,False,,,,,2026-09-07T20:27:16.249662+02:00
NSR:StopPlace:59646,Høvik stasjon,2026-09-07T20:23:00+02:00,2026-09-07T20:26:18+02:00,2026-09-07T20:26:18+02:00,198.0,1,Lillestrøm,VYG:Line:L1,Spikkestad-Oslo S-Lillestrøm,L1,rail,VYG:ServiceJourney:2264_445363-R,True,actual,False,,,,,2026-09-07T20:27:16.249662+02:00
NSR:StopPlace:59957,Klepp stasjon,2026-09-07T18:02:00+02:00,2026-09-07T18:05:18+02:00,2026-09-07T18:05:18+02:00,198.0,1,Stavanger,GOA:Line:59,Jærbanen,L5,rail,GOA:ServiceJourney:3053_63102-R,True,actual,False,,,,,2026-09-07T20:27:16.249662+02:00
NSR:StopPlace:58932,Hommelvik stasjon,2026-09-07T18:55:00+02:00,2026-09-07T18:58:18+02:00,2026-09-07T18:58:18+02:00,198.0,1,Muruvik,ATB:Line:2_70,Stjørdal/Hommelvik- Trondheim,70,bus,ATB:ServiceJourney:70_251215112547059_85,True,actual,False,,,,,2026-09-07T20:27:16.249662+02:00
NSR:StopPlace:58830,Brakerøya stasjon,2026-09-07T17:21:00+02:00,2026-09-07T17:24:18+02:00,2026-09-07T17:24:18+02:00,198.0,1,Kongsberg,VYG:Line:R13,Drammen-Oslo S-Dal,R13,rail,VYG:ServiceJourney:1646_443312-R,True,actual,False,,,,,2026-09-07T20:27:16.249662+02:00
NSR:StopPlace:58847,Frogner stasjon,2026-09-07T20:10:00+02:00,2026-09-07T20:13:18+02:00,2026-09-07T20:13:18+02:00,198.0,1,Sørumsand,RUT:Line:365,Sørumsand - Frogner - Skedsmokorset,365,bus,RUT:ServiceJourney:fcee7068b5e4ba357afe3c6ae3eb61f3,True,actual,False,,,,,2026-09-07T20:27:16.249662+02:00
NSR:StopPlace:58876,Tønsberg stasjon,2026-09-07T19:28:00+02:00,2026-09-07T19:31:18+02:00,2026-09-07T19:31:18+02:00,198.0,1,Tønsberg,VKT:Line:510,Tønsberg-Andebu,510,bus,VKT:ServiceJourney:17178,True,actual,False,Kan oppstå forsinkelser Andebu,Pga. veiarbeid på Gravdal bru vil det kunne oppstå forsinkelser. Vi beklager ulempene. Se vkt.no/avvik for mer info ,incident,normal,2026-09-07T20:27:16.249662+02:00
NSR:StopPlace:63079,Skeiane stasjon,2026-09-07T15:12:00+02:00,2026-09-07T15:15:18+02:00,2026-09-07T15:15:18+02:00,198.0,1,Stavanger,GOA:Line:59,Jærbanen,L5,rail,GOA:ServiceJourney:3041_63082-R,True,actual,False,,,,,2026-09-07T15:44:36.205822+02:00
NSR:StopPlace:62339,Lillestrøm stasjon,2026-09-07T14:06:00+02:00,2026-09-07T14:09:18+02:00,2026-09-07T14:09:18+02:00,198.0,1,Drammen,VYG:Line:R13,Drammen-Oslo S-Dal,R13,rail,VYG:ServiceJourney:1636_443290-R,True,actual,False,Heis i spor 1 og 2 er ute av bruk på grunn av vedlikehold.,Heis i spor 1 og 2 er ute av bruk på grunn av vedlikehold.,general,normal,2026-09-07T15:44:36.205822+02:00
NSR:StopPlace:59687,Grong stasjon,2026-09-07T08:30:00+02:00,2026-09-07T08:33:18+02:00,2026-09-07T08:33:18+02:00,198.0,1,AMFI Steinkjer,ATB:Line:2_690,Grong - Steinkjer,690,bus,ATB:ServiceJourney:690_260106098640249_4,True,actual,False,,,,,2026-09-07T08:42:24.659182+02:00
NSR:StopPlace:58918,Nodeland stasjon,2026-09-07T05:51:00+02:00,2026-09-07T05:54:18+02:00,2026-09-07T05:54:18+02:00,198.0,1,Brennåsen,AKT:Line:1048,Høllen - Nodelandsheia,48,bus,AKT:ServiceJourney:76984_82_12_41640_42120_40000941,True,actual,False,,,,,2026-09-07T08:42:24.659182+02:00
NSR:StopPlace:58921,Vennesla stasjon,2026-09-07T07:02:00+02:00,2026-09-07T07:05:18+02:00,2026-09-07T07:05:18+02:00,198.0,1,Kristiansand,AKT:Line:31,Kvadraturen - Sødal - Vennesla,31,bus,AKT:ServiceJourney:79678_82_38_50040_52020_3950001,True,actual,False,,,,,2026-09-07T08:42:24.659182+02:00
NSR:StopPlace:58794,Fredrikstad stasjon,2026-09-07T07:08:00+02:00,2026-09-07T07:11:18+02:00,2026-09-07T07:11:18+02:00,198.0,1,Oslo S,VYG:Line:RE20,Oslo S-Halden-Göteborg (X-Border),RE20,rail,VYG:ServiceJourney:144-HLD_509065-R,True,actual,False,Færre vogner,Denne avgangen kjører dessverre med 4 vogner i stedet for 8 vogner. Dette skyldes at vi mangler et togsett.,general,normal,2026-09-07T08:42:24.659182+02:00
NSR:StopPlace:58808,Kongsvinger stasjon,2026-09-07T07:39:00+02:00,2026-09-07T07:42:18+02:00,2026-09-07T07:42:18+02:00,198.0,1,Skarnes - Sand,INN:Line:700,Kongsvinger-Skarnes-Sand,700,bus,INN:ServiceJourney:82354,True,actual,False,,,,,2026-09-07T08:42:24.659182+02:00
NSR:StopPlace:61897,Bryn stasjon,2026-09-07T23:20:00+02:00,2026-09-07T23:23:17+02:00,2026-09-07T23:23:17+02:00,197.0,1,Asker,VYG:Line:L1,Spikkestad-Oslo S-Lillestrøm,L1,rail,VYG:ServiceJourney:2173_443584-R,True,actual,False,,,,,2026-09-08T00:20:52.129880+02:00
NSR:StopPlace:58850,Hauerseter stasjon,2026-09-07T22:30:00+02:00,2026-09-07T22:33:17+02:00,2026-09-07T22:33:17+02:00,197.0,1,Dal,VYG:Line:R13,Drammen-Oslo S-Dal,R13,rail,VYG:ServiceJourney:1667_443357-R,True,actual,False,,,,,2026-09-08T00:20:52.129880+02:00
NSR:StopPlace:59653,Haugenstua stasjon,2026-09-07T18:10:00+02:00,2026-09-07T18:13:17+02:00,2026-09-07T18:13:17+02:00,197.0,1,Lillestrøm,VYG:Line:L1,Spikkestad-Oslo S-Lillestrøm,L1,rail,VYG:ServiceJourney:2152_443561-R,True,actual,False,Færre vogner,Denne avgangen kjører dessverre med 4 vogner i stedet for 8 vogner. Dette skyldes at vi mangler et togsett.,general,normal,2026-09-07T20:27:16.249662+02:00
NSR:StopPlace:60053,Halden stasjon,2026-09-07T18:14:00+02:00,2026-09-07T18:17:17+02:00,2026-09-07T18:17:17+02:00,197.0,1,Oslo S,VYG:Line:RE20,Oslo S-Halden-Göteborg (X-Border),RE20,rail,VYG:ServiceJourney:392-130_465603-R,True,actual,False,,,,,2026-09-07T20:27:16.249662+02:00
NSR:StopPlace:58924,Bryne stasjon,2026-09-07T17:58:00+02:00,2026-09-07T18:01:17+02:00,2026-09-07T18:01:17+02:00,197.0,1,Stavanger,GOA:Line:59,Jærbanen,L5,rail,GOA:ServiceJourney:3053_63102-R,True,actual,False,,,,,2026-09-07T20:27:16.249662+02:00
NSR:StopPlace:58859,Nordby stasjon,2026-09-07T18:23:00+02:00,2026-09-07T18:26:17+02:00,2026-09-07T18:26:17+02:00,197.0,1,Dal,VYG:Line:R13,Drammen-Oslo S-Dal,R13,rail,VYG:ServiceJourney:1651_481163-R,True,actual,False,,,,,2026-09-07T20:27:16.249662+02:00
NSR:StopPlace:420,Lillehammer stasjon,2026-09-07T18:09:00+02:00,2026-09-07T18:12:17+02:00,2026-09-07T18:12:17+02:00,197.0,1,Trondheim S,SJN:Line:21,Dovrebanen,F6,rail,SJN:ServiceJourney:49-LOD_54215-R,True,actual,False,,,,,2026-09-07T20:27:16.249662+02:00
NSR:StopPlace:62094,Lindeberg stasjon,2026-09-07T17:18:00+02:00,2026-09-07T17:21:17+02:00,2026-09-07T17:21:17+02:00,197.0,1,Drammen,VYG:Line:R13,Drammen-Oslo S-Dal,R13,rail,VYG:ServiceJourney:1650_443321-R,True,actual,False,,,,,2026-09-07T20:27:16.249662+02:00
NSR:StopPlace:62392,Slependen stasjon,2026-09-07T19:49:00+02:00,2026-09-07T19:52:17+02:00,2026-09-07T19:52:17+02:00,197.0,1,Asker,VYG:Line:L1,Spikkestad-Oslo S-Lillestrøm,L1,rail,VYG:ServiceJourney:2157_443566-R,True,actual,False,,,,,2026-09-07T20:27:16.249662+02:00
NSR:StopPlace:58918,Nodeland stasjon,2026-09-07T15:24:00+02:00,2026-09-07T15:27:17+02:00,2026-09-07T15:27:17+02:00,197.0,1,Stokkeland,AKT:Line:1046,Kristiansand - Finsland,46,bus,AKT:ServiceJourney:78708_111_39_108600_110460_40000943,True,actual,False,,,,,2026-09-07T15:44:36.205822+02:00
NSR:StopPlace:58848,Haga stasjon,2026-09-07T14:36:00+02:00,2026-09-07T14:39:17+02:00,2026-09-07T14:39:17+02:00,197.0,1,Aulitoppen,RUT:Line:3658,Huserteiet - Aulitoppen - Framtun,3658,bus,RUT:ServiceJourney:2fc8f636e05945139537dd4252998ea0,True,actual,False,,,,,2026-09-07T15:44:36.205822+02:00
NSR:StopPlace:518,Bolstadøyri stasjon,2026-09-07T14:34:00+02:00,2026-09-07T14:37:17+02:00,2026-09-07T14:37:17+02:00,197.0,1,Bergen,VYG:Line:R40,Bergen-Voss-Myrdal-Ål,R40,rail,VYG:ServiceJourney:1823_443410-R,True,actual,False,Forsinket,Toget kjørte 14 minutter forsinket fra Myrdal. Vi venter på passasjerer fra et annet tog.,incident,normal,2026-09-07T15:44:36.205822+02:00
NSR:StopPlace:59642,Rånåsfoss stasjon,2026-09-07T07:38:00+02:00,2026-09-07T07:41:17+02:00,2026-09-07T07:41:17+02:00,197.0,1,Kongsvinger,VYG:Line:R14,Asker-Oslo S-Kongsvinger,R14,rail,VYG:ServiceJourney:1005_442910-R,True,actual,False,,,,,2026-09-07T08:42:24.659182+02:00
NSR:StopPlace:59620,Grorud stasjon,2026-09-07T06:58:00+02:00,2026-09-07T07:01:17+02:00,2026-09-07T07:01:17+02:00,197.0,1,Oslo lufthavn,NBU:Line:cb7b555c-f96e-42d5-84bf-a5e08c0145c2,Radiumhospitalet via Økern-Storo-Tåsen,FB3,bus,NBU:ServiceJourney:50b0888e-f513-4a8f-8f9e-a7d9726787ce,True,actual,False,,,,,2026-09-07T08:42:24.659182+02:00
NSR:StopPlace:58794,Fredrikstad stasjon,2026-09-07T08:10:00+02:00,2026-09-07T08:13:17+02:00,2026-09-07T08:13:17+02:00,197.0,1,Kalnes,OST:Line:1_4,Fredrikstad - Kalnes,4,bus,OST:ServiceJourney:4_260325121471284_11,True,actual,False,,,,,2026-09-07T08:42:24.659182+02:00
NSR:StopPlace:58857,Lørenskog stasjon,2026-09-07T07:59:00+02:00,2026-09-07T08:02:17+02:00,2026-09-07T08:02:17+02:00,197.0,1,Lillestrøm,VYG:Line:L1,Spikkestad-Oslo S-Lillestrøm,L1,rail,VYG:ServiceJourney:2212_764749-R,True,actual,False,Færre vogner,Denne avgangen kjører dessverre med 4 vogner i stedet for 8 vogner. Dette skyldes at vi mangler et togsett.,general,normal,2026-09-07T08:42:24.659182+02:00
NSR:StopPlace:58871,Sande stasjon,2026-09-07T08:15:00+02:00,2026-09-07T08:18:17+02:00,2026-09-07T08:18:17+02:00,197.0,1,Sande,VKT:Line:222,Kjeldås-Skoger-Sande,222,bus,VKT:ServiceJourney:15186,True,actual,False,,,,,2026-09-07T08:42:24.659182+02:00
NSR:StopPlace:58886,Arendal stasjon,2026-09-07T08:10:00+02:00,2026-09-07T08:13:17+02:00,2026-09-07T08:13:17+02:00,197.0,1,Sykehuset via Arendal sentrum,AKT:Line:111,Sykehuset-Arendal-Solåsen,111,bus,AKT:ServiceJourney:73584_41_33_56040_58140_40001010,True,actual,False,,,,,2026-09-07T08:42:24.659182+02:00
NSR:StopPlace:58888,Blakstad stasjon,2026-09-07T08:07:00+02:00,2026-09-07T08:10:17+02:00,2026-09-07T08:10:17+02:00,197.0,1,Froland skole,AKT:Line:1925,Skolebusser Froland/Blakstadh.,1925,bus,AKT:ServiceJourney:71431_41_20_55200_57540_40001571,True,actual,False,,,,,2026-09-07T08:42:24.659182+02:00
NSR:StopPlace:58893,Grovane stasjon,2026-09-07T07:58:00+02:00,2026-09-07T08:01:17+02:00,2026-09-07T08:01:17+02:00,197.0,1,Vennesla,AKT:Line:173,Iveland-Vennesla,173,bus,AKT:ServiceJourney:70186_21_29_54000_56400_3950300,True,actual,False,,,,,2026-09-07T08:42:24.659182+02:00
NSR:StopPlace:58811,Moelv stasjon,2026-09-07T07:50:00+02:00,2026-09-07T07:53:17+02:00,2026-09-07T07:53:17+02:00,197.0,1,Ringsaker vgs via E6,INN:Line:605,Gjøvik - Moelv - Brumunddal,605,bus,INN:ServiceJourney:82982,True,actual,False,,,,,2026-09-07T08:42:24.659182+02:00
NSR:StopPlace:58828,Roa stasjon,2026-09-07T07:40:00+02:00,2026-09-07T07:43:17+02:00,2026-09-07T07:43:17+02:00,197.0,1,Oslo S,VYG:Line:RE30,Oslo S-Gjøvik,RE30,rail,VYG:ServiceJourney:BUS-1206_654989-R,True,actual,False,,,,,2026-09-07T08:42:24.659182+02:00
NSR:StopPlace:61464,Hvalstad stasjon,2026-09-07T23:09:00+02:00,2026-09-07T23:12:16+02:00,2026-09-07T23:12:16+02:00,196.0,1,Spikkestad,VYG:Line:L1,Spikkestad-Oslo S-Lillestrøm,L1,rail,VYG:ServiceJourney:2271_443704-R,True,actual,False,,,,,2026-09-08T00:20:52.129880+02:00
NSR:StopPlace:59649,Nydalen stasjon,2026-09-07T23:48:00+02:00,2026-09-07T23:51:16+02:00,2026-09-07T23:51:16+02:00,196.0,1,Roa,VYG:Line:R31,Skøyen-Jaren-Gjøvik,R31,rail,VYG:ServiceJourney:BUS-239_655511-R,True,actual,False,,,,,2026-09-08T00:20:52.129880+02:00
NSR:StopPlace:59643,Grefsen stasjon,2026-09-07T22:19:00+02:00,2026-09-07T22:22:16+02:00,2026-09-07T22:22:16+02:00,196.0,1,Simensbråten,RUT:Line:23,Lysaker - Simensbråten,23,bus,RUT:ServiceJourney:fabf043a29ffdcbc38890509ed754478,True,actual,False,,,,,2026-09-08T00:20:52.129880+02:00
NSR:StopPlace:60047,Melhus skysstasjon,2026-09-07T23:53:00+02:00,2026-09-07T23:56:16+02:00,2026-09-07T23:56:16+02:00,196.0,1,Hesttrøa via Melhus skysstasjon,ATB:Line:2_82,Hesttrøa-Brekkåsen,82,bus,ATB:ServiceJourney:82_251215112550750_132,True,actual,False,Linje 82 og 504,Avvikende kjøring for linje 82 og 504 pga Hølondvegen er stengt. ,general,normal,2026-09-08T00:20:52.129880+02:00
NSR:StopPlace:58839,Steinberg stasjon,2026-09-07T22:03:00+02:00,2026-09-07T22:06:16+02:00,2026-09-07T22:06:16+02:00,196.0,1,Eidsvoll,VYG:Line:R12,Kongsberg-Oslo S-Eidsvoll,R12,rail,VYG:ServiceJourney:536_444346-R,True,actual,False,,,,,2026-09-08T00:20:52.129880+02:00
NSR:StopPlace:41,Hanaborg stasjon,2026-09-07T18:16:00+02:00,2026-09-07T18:19:16+02:00,2026-09-07T18:19:16+02:00,196.0,1,Lillestrøm,VYG:Line:L1,Spikkestad-Oslo S-Lillestrøm,L1,rail,VYG:ServiceJourney:2152_443561-R,True,actual,False,Færre vogner,Denne avgangen kjører dessverre med 4 vogner i stedet for 8 vogner. Dette skyldes at vi mangler et togsett.,general,normal,2026-09-07T20:27:16.249662+02:00
NSR:StopPlace:59646,Høvik stasjon,2026-09-07T20:12:00+02:00,2026-09-07T20:15:16+02:00,2026-09-07T20:15:16+02:00,196.0,1,Asker,VYG:Line:L1,Spikkestad-Oslo S-Lillestrøm,L1,rail,VYG:ServiceJourney:2159_443568-R,True,actual,False,,,,,2026-09-07T20:27:16.249662+02:00
NSR:StopPlace:58844,Eidsvoll stasjon,2026-09-07T20:14:00+02:00,2026-09-07T20:17:16+02:00,2026-09-07T20:17:16+02:00,196.0,1,Eidsvoll,RUT:Line:430,Eidsvoll - Jessheim,430,bus,RUT:ServiceJourney:afa97c9c666185c879ca7f11fe3c0525,True,actual,False,,,,,2026-09-07T20:27:16.249662+02:00
NSR:StopPlace:58876,Tønsberg stasjon,2026-09-07T18:03:00+02:00,2026-09-07T18:06:16+02:00,2026-09-07T18:06:16+02:00,196.0,1,Tønsberg-Sandeåsen,VKT:Line:59,Barkåker-Tønsberg-Sandeåsen,59,bus,VKT:ServiceJourney:16049,True,actual,False,,,,,2026-09-07T20:27:16.249662+02:00
NSR:StopPlace:518,Bolstadøyri stasjon,2026-09-07T18:20:00+02:00,2026-09-07T18:23:16+02:00,2026-09-07T18:23:16+02:00,196.0,1,Voss,VYG:Line:R40,Bergen-Voss-Myrdal-Ål,R40,rail,VYG:ServiceJourney:1826_457479-R,True,actual,False,,,,,2026-09-07T20:27:16.249662+02:00
NSR:StopPlace:61315,Nerdrum stasjon,2026-09-07T14:20:00+02:00,2026-09-07T14:23:16+02:00,2026-09-07T14:23:16+02:00,196.0,1,Kongsvinger,VYG:Line:R14,Asker-Oslo S-Kongsvinger,R14,rail,VYG:ServiceJourney:1019_442926-R,True,actual,False,,,,,2026-09-07T15:44:36.205822+02:00
NSR:StopPlace:59642,Rånåsfoss stasjon,2026-09-07T14:18:00+02:00,2026-09-07T14:21:16+02:00,2026-09-07T14:21:16+02:00,196.0,1,Asker,VYG:Line:R14,Asker-Oslo S-Kongsvinger,R14,rail,VYG:ServiceJourney:1020_442928-R,True,actual,False,,,,,2026-09-07T15:44:36.205822+02:00
NSR:StopPlace:58865,Vestby stasjon,2026-09-07T14:20:00+02:00,2026-09-07T14:23:16+02:00,2026-09-07T14:23:16+02:00,196.0,1,Grønberg,RUT:Line:530,Pepperstad - Vestby stasjon,530,bus,RUT:ServiceJourney:6ce748e42d8f44cb28c74f71d014e0e0,True,actual,False,,,,,2026-09-07T15:44:36.205822+02:00
NSR:StopPlace:59647,Dal stasjon,2026-09-07T07:26:00+02:00,2026-09-07T07:29:16+02:00,2026-09-07T07:29:16+02:00,196.0,1,Jessheim,RUT:Line:430,Eidsvoll - Jessheim,430,bus,RUT:ServiceJourney:949140a546130ab2cf8439d2a7ad760f,True,actual,False,,,,,2026-09-07T08:42:24.659182+02:00
NSR:StopPlace:59653,Haugenstua stasjon,2026-09-07T07:55:00+02:00,2026-09-07T07:58:16+02:00,2026-09-07T07:58:16+02:00,196.0,1,Lillestrøm,VYG:Line:L1,Spikkestad-Oslo S-Lillestrøm,L1,rail,VYG:ServiceJourney:2212_764749-R,True,actual,False,Færre vogner,Denne avgangen kjører dessverre med 4 vogner i stedet for 8 vogner. Dette skyldes at vi mangler et togsett.,general,normal,2026-09-07T08:42:24.659182+02:00
NSR:StopPlace:59261,Trondheim lufthavn,2026-09-07T06:49:00+02:00,2026-09-07T06:52:16+02:00,2026-09-07T06:52:16+02:00,196.0,1,A Marienborg via Innherredsveien,ATB:Line:2_70,Stjørdal/Hommelvik- Trondheim,70,bus,ATB:ServiceJourney:70_251215112546909_12,True,actual,False,,,,,2026-09-07T08:42:24.659182+02:00
NSR:StopPlace:58877,Bø stasjon,2026-09-07T07:55:00+02:00,2026-09-07T07:58:16+02:00,2026-09-07T07:58:16+02:00,196.0,1,Bø skule,TEL:Line:8322,Bø-Lunde,322,bus,TEL:ServiceJourney:125826,True,actual,False,,,,,2026-09-07T08:42:24.659182+02:00
NSR:StopPlace:58831,Flå stasjon,2026-09-08T01:29:00+02:00,2026-09-08T01:32:15+02:00,2026-09-08T01:32:15+02:00,195.0,1,Bergen,VYG:Line:F4,Oslo S-Bergen,F4,rail,VYG:ServiceJourney:605-LOD_444356-R,True,actual,False,,,,,2026-09-08T03:39:50.209703+02:00
NSR:StopPlace:58874,Stokke stasjon,2026-09-07T21:56:00+02:00,2026-09-07T21:59:15+02:00,2026-09-07T21:59:15+02:00,195.0,1,Eidsvoll,VYG:Line:RE11,Eidsvoll-Oslo S-Skien,RE11,rail,VYG:ServiceJourney:836_444416-R,True,actual,False,,,,,2026-09-08T00:20:52.129880+02:00
NSR:StopPlace:62094,Lindeberg stasjon,2026-09-07T23:37:00+02:00,2026-09-07T23:40:15+02:00,2026-09-07T23:40:15+02:00,195.0,1,Dal,VYG:Line:R13,Drammen-Oslo S-Dal,R13,rail,VYG:ServiceJourney:1673_443370-R,True,actual,False,,,,,2026-09-08T00:20:52.129880+02:00
NSR:StopPlace:416,Vikhammer stasjon,2026-09-07T16:34:00+02:00,2026-09-07T16:37:15+02:00,2026-09-07T16:37:15+02:00,195.0,1,Steinkjer,SJN:Line:26,Trønderbanen,R70,rail,SJN:ServiceJourney:443-SOeB_56072-R,True,actual,False,,,,,2026-09-07T20:27:16.249662+02:00
NSR:StopPlace:62338,Fossum stasjon,2026-09-07T19:02:00+02:00,2026-09-07T19:05:15+02:00,2026-09-07T19:05:15+02:00,195.0,1,Blaker ring,RUT:Line:2370,Sørumsand - Blaker - Sørumsand,370B,bus,RUT:ServiceJourney:7765135d87f75481858ad9148eb6d129,True,actual,False,,,,,2026-09-07T20:27:16.249662+02:00
NSR:StopPlace:59647,Dal stasjon,2026-09-07T14:16:00+02:00,2026-09-07T14:19:15+02:00,2026-09-07T14:19:15+02:00,195.0,1,Eidsvoll,RUT:Line:430,Eidsvoll - Jessheim,430,bus,RUT:ServiceJourney:13bede929b281ca94335ec80fcfa4eda,True,actual,False,,,,,2026-09-07T15:44:36.205822+02:00
NSR:StopPlace:58851,Heggedal stasjon,2026-09-07T14:24:00+02:00,2026-09-07T14:27:15+02:00,2026-09-07T14:27:15+02:00,195.0,1,Lillestrøm,VYG:Line:L1,Spikkestad-Oslo S-Lillestrøm,L1,rail,VYG:ServiceJourney:2242_443654-R,True,actual,False,,,,,2026-09-07T15:44:36.205822+02:00
NSR:StopPlace:61169,Marienborg stasjon,2026-09-07T06:37:00+02:00,2026-09-07T06:40:15+02:00,2026-09-07T06:40:15+02:00,195.0,1,Havstad,ATB:Line:2_13,Østmarka - Strindheim - Lerkendal - Havstad,13,bus,ATB:ServiceJourney:13_251215112552725_6,True,actual,False,,,,,2026-09-07T08:42:24.659182+02:00
NSR:StopPlace:59641,Fjellhamar stasjon,2026-09-07T08:03:00+02:00,2026-09-07T08:06:15+02:00,2026-09-07T08:06:15+02:00,195.0,1,Lillestrøm,VYG:Line:L1,Spikkestad-Oslo S-Lillestrøm,L1,rail,VYG:ServiceJourney:2212_764749-R,True,actual,False,Færre vogner,Denne avgangen kjører dessverre med 4 vogner i stedet for 8 vogner. Dette skyldes at vi mangler et togsett.,general,normal,2026-09-07T08:42:24.659182+02:00
NSR:StopPlace:58854,Langhus stasjon,2026-09-07T06:59:00+02:00,2026-09-07T07:02:15+02:00,2026-09-07T07:02:15+02:00,195.0,1,Bøleråsen,RUT:Line:510,Bøleråsen - Ski - Ås - Drøbak,510,bus,RUT:ServiceJourney:45281f04da6497ceadd093956ab2c06b,True,actual,False,,,,,2026-09-07T08:42:24.659182+02:00
NSR:StopPlace:58855,Leirsund stasjon,2026-09-07T08:30:00+02:00,2026-09-07T08:33:15+02:00,2026-09-07T08:33:15+02:00,195.0,1,Dal,VYG:Line:R13,Drammen-Oslo S-Dal,R13,rail,VYG:ServiceJourney:1613_443239-R,True,actual,False,,,,,2026-09-07T08:42:24.659182+02:00
NSR:StopPlace:58893,Grovane stasjon,2026-09-07T06:46:00+02:00,2026-09-07T06:49:15+02:00,2026-09-07T06:49:15+02:00,195.0,1,Samkom,AKT:Line:31,Kvadraturen - Sødal - Vennesla,31,bus,AKT:ServiceJourney:79639_41_48_45000_47100_3950303,True,actual,False,,,,,2026-09-07T08:42:24.659182+02:00
NSR:StopPlace:101,Sagdalen stasjon,2026-09-07T08:37:00+02:00,2026-09-07T08:40:15+02:00,2026-09-07T08:40:15+02:00,195.0,1,Lillestrøm,VYG:Line:L1,Spikkestad-Oslo S-Lillestrøm,L1,rail,VYG:ServiceJourney:2214_443607-R,True,actual,False,Færre vogner,Denne avgangen kjører dessverre med 4 vogner i stedet for 8 vogner. Dette skyldes at vi mangler et togsett.,general,normal,2026-09-07T08:42:24.659182+02:00
NSR:StopPlace:61169,Marienborg stasjon,2026-09-07T22:05:00+02:00,2026-09-07T22:08:14+02:00,2026-09-07T22:08:14+02:00,194.0,1,Sandmoen via Flatåsen,ATB:Line:2_23,Brattøra - St. Olavs - Hallset - Flatåsen - Sandmoen,23,bus,ATB:ServiceJourney:23_251215112545475_126,True,actual,False,,,,,2026-09-08T00:20:52.129880+02:00
NSR:StopPlace:59648,Kjelsås stasjon,2026-09-07T23:11:00+02:00,2026-09-07T23:14:14+02:00,2026-09-07T23:14:14+02:00,194.0,1,Haugerud,RUT:Line:25,Majorstuen-Haugerud,25,bus,RUT:ServiceJourney:d2f8394f3508c69b36e5658f44aa8bf7,True,actual,False,,,,,2026-09-08T00:20:52.129880+02:00
NSR:StopPlace:59952,Drammen stasjon,2026-09-07T22:02:00+02:00,2026-09-07T22:05:14+02:00,2026-09-07T22:05:14+02:00,194.0,1,Oslo Lufthavn,FLT:Line:FLY1,FLY1,FLY1,rail,FLT:ServiceJourney:1-2614-3809-20260907,True,actual,False,,,,,2026-09-08T00:20:52.129880+02:00
NSR:StopPlace:58847,Frogner stasjon,2026-09-07T22:34:00+02:00,2026-09-07T22:37:14+02:00,2026-09-07T22:37:14+02:00,194.0,1,Dal,VYG:Line:R13,Drammen-Oslo S-Dal,R13,rail,VYG:ServiceJourney:1669_443361-R,True,actual,False,,,,,2026-09-08T00:20:52.129880+02:00
NSR:StopPlace:708,Stange stasjon,2026-09-07T23:34:00+02:00,2026-09-07T23:37:14+02:00,2026-09-07T23:37:14+02:00,194.0,1,Lillehammer,VYG:Line:RE10,Drammen-Oslo S-Lillehammer,RE10,rail,VYG:ServiceJourney:337-SUD_486424-R,True,actual,False,,,,,2026-09-08T00:20:52.129880+02:00
NSR:StopPlace:61169,Marienborg stasjon,2026-09-07T16:27:00+02:00,2026-09-07T16:30:14+02:00,2026-09-07T16:30:14+02:00,194.0,1,Røros,SJN:Line:25,Rørosbanen,R60,rail,SJN:ServiceJourney:416_50919-R,True,actual,False,,,,,2026-09-07T20:27:16.249662+02:00
NSR:StopPlace:59261,Trondheim lufthavn,2026-09-07T18:18:00+02:00,2026-09-07T18:21:14+02:00,2026-09-07T18:21:14+02:00,194.0,1,Marienborg via Brattøra,ATB:Line:2_70,Stjørdal/Hommelvik- Trondheim,70,bus,ATB:ServiceJourney:70_251215112547046_84,True,actual,False,,,,,2026-09-07T20:27:16.249662+02:00
NSR:StopPlace:58848,Haga stasjon,2026-09-07T17:14:00+02:00,2026-09-07T17:17:14+02:00,2026-09-07T17:17:14+02:00,194.0,1,Asker,VYG:Line:R14,Asker-Oslo S-Kongsvinger,R14,rail,VYG:ServiceJourney:1026_442936-R,True,actual,False,,,,,2026-09-07T20:27:16.249662+02:00
NSR:StopPlace:62393,Billingstad stasjon,2026-09-07T20:06:00+02:00,2026-09-07T20:09:14+02:00,2026-09-07T20:09:14+02:00,194.0,1,Spikkestad,VYG:Line:L1,Spikkestad-Oslo S-Lillestrøm,L1,rail,VYG:ServiceJourney:2259_443684-R,True,actual,False,,,,,2026-09-07T20:27:16.249662+02:00
NSR:StopPlace:8,Paradis stasjon,2026-09-07T15:28:00+02:00,2026-09-07T15:31:14+02:00,2026-09-07T15:31:14+02:00,194.0,1,Stavanger,GOA:Line:59,Jærbanen,L5,rail,GOA:ServiceJourney:3041_63082-R,True,actual,False,,,,,2026-09-07T15:44:36.205822+02:00
NSR:StopPlace:59174,Løkken stasjon,2026-09-07T15:41:00+02:00,2026-09-07T15:44:14+02:00,2026-09-07T15:44:14+02:00,194.0,1,Orkanger skysstasjon,ATB:Line:2_460,Orkanger - Meldal - Berkåk,460,bus,ATB:ServiceJourney:460_260106098641182_21,True,actual,False,,,,,2026-09-07T15:44:36.205822+02:00
NSR:StopPlace:58870,Holmestrand stasjon,2026-09-07T15:28:00+02:00,2026-09-07T15:31:14+02:00,2026-09-07T15:31:14+02:00,194.0,1,Eidsvoll,VYG:Line:RE11,Eidsvoll-Oslo S-Skien,RE11,rail,VYG:ServiceJourney:822_444402-R,True,actual,False,,,,,2026-09-07T15:44:36.205822+02:00
NSR:StopPlace:58811,Moelv stasjon,2026-09-07T14:20:00+02:00,2026-09-07T14:23:14+02:00,2026-09-07T14:23:14+02:00,194.0,1,Rudshøgda - Brumunddal,INN:Line:615,Brumunddal-Rudshøgda-Moelv,615,bus,INN:ServiceJourney:83114,True,actual,False,,,,,2026-09-07T15:44:36.205822+02:00
NSR:StopPlace:58825,Raufoss stasjon,2026-09-07T14:13:00+02:00,2026-09-07T14:16:14+02:00,2026-09-07T14:16:14+02:00,194.0,1,Åsmarka-Bøverbru-Børsvoll,INN:Line:436,Eina-Børsvoll-Raufoss,436,bus,INN:ServiceJourney:66226,True,actual,False,,,,,2026-09-07T15:44:36.205822+02:00
NSR:StopPlace:61315,Nerdrum stasjon,2026-09-07T08:20:00+02:00,2026-09-07T08:23:14+02:00,2026-09-07T08:23:14+02:00,194.0,1,Kongsvinger,VYG:Line:R14,Asker-Oslo S-Kongsvinger,R14,rail,VYG:ServiceJourney:1007_442912-R,True,actual,False,,,,,2026-09-07T08:42:24.659182+02:00
NSR:StopPlace:59958,Voss stasjon,2026-09-07T08:25:00+02:00,2026-09-07T08:28:14+02:00,2026-09-07T08:28:14+02:00,194.0,1,Voss stasjon,SKY:Line:964,Voss-Skjerpe/Sivlevegen(Ringbuss),964,bus,SKY:ServiceJourney:964-205165-20969012,True,actual,False,,,,,2026-09-07T08:42:24.659182+02:00
NSR:StopPlace:58963,Jessheim stasjon,2026-09-07T07:06:00+02:00,2026-09-07T07:09:14+02:00,2026-09-07T07:09:14+02:00,194.0,1,Oslo lufthavn,RUT:Line:450,Årnes - Oslo lufthavn,450,bus,RUT:ServiceJourney:4c1a7802de236dd8cfc9126d8e77fa2f,True,actual,False,,,,,2026-09-07T08:42:24.659182+02:00
NSR:StopPlace:58864,Sørumsand stasjon,2026-09-07T05:28:00+02:00,2026-09-07T05:31:14+02:00,2026-09-07T05:31:14+02:00,194.0,1,Asker,VYG:Line:R14,Asker-Oslo S-Kongsvinger,R14,rail,VYG:ServiceJourney:1002_442907-R,True,actual,False,,,,,2026-09-07T08:42:24.659182+02:00
NSR:StopPlace:58874,Stokke stasjon,2026-09-07T07:56:00+02:00,2026-09-07T07:59:14+02:00,2026-09-07T07:59:14+02:00,194.0,1,Eidsvoll,VYG:Line:RE11,Eidsvoll-Oslo S-Skien,RE11,rail,VYG:ServiceJourney:808_444388-R,True,actual,False,,,,,2026-09-07T08:42:24.659182+02:00
NSR:StopPlace:61387,Skogn stasjon,2026-09-07T22:21:00+02:00,2026-09-07T22:24:13+02:00,2026-09-07T22:24:13+02:00,193.0,1,Støren,SJN:Line:26,Trønderbanen,R70,rail,SJN:ServiceJourney:454_56083-R,True,actual,False,,,,,2026-09-08T00:20:52.129880+02:00
NSR:StopPlace:58876,Tønsberg stasjon,2026-09-08T00:17:00+02:00,2026-09-08T00:20:13+02:00,2026-09-08T00:20:13+02:00,193.0,1,Tønsberg-Åsgårdstrand,VKT:Line:1,Horten-Tønsberg-Sandefjord,1,bus,VKT:ServiceJourney:15658,True,actual,False,,,,,2026-09-08T00:20:52.129880+02:00
NSR:StopPlace:316,Oppdal stasjon,2026-09-07T21:08:00+02:00,2026-09-07T21:11:13+02:00,2026-09-07T21:11:13+02:00,193.0,1,Trondheim S,SJN:Line:21,Dovrebanen,F6,rail,SJN:ServiceJourney:49-LOD_54215-R,True,actual,False,,,,,2026-09-08T00:20:52.129880+02:00
NSR:StopPlace:59646,Høvik stasjon,2026-09-07T19:10:00+02:00,2026-09-07T19:13:13+02:00,2026-09-07T19:13:13+02:00,193.0,1,Asker,RUT:Line:270,Asker - Sandvika (- Fornebu),270,bus,RUT:ServiceJourney:0efbbc64e216a8cfeca2bf7ebdcba19e,True,actual,False,,,,,2026-09-07T20:27:16.249662+02:00
NSR:StopPlace:59952,Drammen stasjon,2026-09-07T20:05:00+02:00,2026-09-07T20:08:13+02:00,2026-09-07T20:08:13+02:00,193.0,1,Dal,VYG:Line:R13,Drammen-Oslo S-Dal,R13,rail,VYG:ServiceJourney:1663_443349-R,True,actual,False,,,,,2026-09-07T20:27:16.249662+02:00
NSR:StopPlace:58857,Lørenskog stasjon,2026-09-07T18:14:00+02:00,2026-09-07T18:17:13+02:00,2026-09-07T18:17:13+02:00,193.0,1,Lillestrøm,VYG:Line:L1,Spikkestad-Oslo S-Lillestrøm,L1,rail,VYG:ServiceJourney:2152_443561-R,True,actual,False,Færre vogner,Denne avgangen kjører dessverre med 4 vogner i stedet for 8 vogner. Dette skyldes at vi mangler et togsett.,general,normal,2026-09-07T20:27:16.249662+02:00
NSR:StopPlace:58855,Leirsund stasjon,2026-09-07T14:32:00+02:00,2026-09-07T14:35:13+02:00,2026-09-07T14:35:13+02:00,193.0,1,Branderud,RUT:Line:335,Lillestrøm - Branderud,335,bus,RUT:ServiceJourney:c32630cab2635f339dc1d6f1c02c7ad3,True,actual,False,,,,,2026-09-07T15:44:36.205822+02:00
NSR:StopPlace:58861,Solbråtan stasjon,2026-09-07T15:26:00+02:00,2026-09-07T15:29:13+02:00,2026-09-07T15:29:13+02:00,193.0,1,Tårnåsen,RUT:Line:83,Jernbanetorget - Tårnåsen,83,bus,RUT:ServiceJourney:2d907a62680e3b52e5e29f5600a0d255,True,actual,False,Linje 80E og 83 får Hausmanns bru som ny endeholdeplass fra 29. juni,"Bussene stopper ikke på Jernbanetorget etter 29. juni, men starter og stopper på Hausmanns bru i Nylandsveien.",incident,normal,2026-09-07T15:44:36.205822+02:00
NSR:StopPlace:58879,Lunde stasjon,2026-09-07T15:05:00+02:00,2026-09-07T15:08:13+02:00,2026-09-07T15:08:13+02:00,193.0,1,Ulefoss-Fen,TEL:Line:8103,Lunde-Ulefoss,103,bus,TEL:ServiceJourney:126335,True,actual,False,,,,,2026-09-07T15:44:36.205822+02:00
NSR:StopPlace:58891,Vegårshei stasjon,2026-09-07T15:11:00+02:00,2026-09-07T15:14:13+02:00,2026-09-07T15:14:13+02:00,193.0,1,Oslo S,GOA:Line:50,Sørtoget region,F5,rail,GOA:ServiceJourney:710-KVB_71575-R,True,actual,False,,,,,2026-09-07T15:44:36.205822+02:00
NSR:StopPlace:62393,Billingstad stasjon,2026-09-07T15:13:00+02:00,2026-09-07T15:16:13+02:00,2026-09-07T15:16:13+02:00,193.0,1,Lillestrøm,VYG:Line:L1,Spikkestad-Oslo S-Lillestrøm,L1,rail,VYG:ServiceJourney:2244_445341-R,True,actual,False,,,,,2026-09-07T15:44:36.205822+02:00
NSR:StopPlace:59646,Høvik stasjon,2026-09-07T07:26:00+02:00,2026-09-07T07:29:13+02:00,2026-09-07T07:29:13+02:00,193.0,1,Spikkestad,VYG:Line:L1,Spikkestad-Oslo S-Lillestrøm,L1,rail,VYG:ServiceJourney:2209_443598-R,True,actual,False,,,,,2026-09-07T08:42:24.659182+02:00
NSR:StopPlace:59642,Rånåsfoss stasjon,2026-09-07T07:18:00+02:00,2026-09-07T07:21:13+02:00,2026-09-07T07:21:13+02:00,193.0,1,Asker,VYG:Line:R14,Asker-Oslo S-Kongsvinger,R14,rail,VYG:ServiceJourney:1006_442911-R,True,actual,False,,,,,2026-09-07T08:42:24.659182+02:00
NSR:StopPlace:58790,Verdal stasjon,2026-09-07T07:57:00+02:00,2026-09-07T08:00:13+02:00,2026-09-07T08:00:13+02:00,193.0,1,Lundamo,SJN:Line:26,Trønderbanen,R70,rail,SJN:ServiceJourney:426_56055-R,True,actual,False,,,,,2026-09-07T08:42:24.659182+02:00
NSR:StopPlace:58839,Steinberg stasjon,2026-09-07T06:57:00+02:00,2026-09-07T07:00:13+02:00,2026-09-07T07:00:13+02:00,193.0,1,Drammen busstasjon,BRA:Line:4_6139,Drammen - Åmot - Hønefoss,139,bus,BRA:ServiceJourney:6139_260415100161338_1001,True,actual,False,,,,,2026-09-07T08:42:24.659182+02:00
NSR:StopPlace:58876,Tønsberg stasjon,2026-09-07T07:27:00+02:00,2026-09-07T07:30:13+02:00,2026-09-07T07:30:13+02:00,193.0,1,Oslo S,VYG:Line:RX11,Eidsvoll-Oslo S-Skien,RX11,rail,VYG:ServiceJourney:856-SKN_444426-R,True,actual,False,,,,,2026-09-07T08:42:24.659182+02:00
NSR:StopPlace:58886,Arendal stasjon,2026-09-07T07:45:00+02:00,2026-09-07T07:48:13+02:00,2026-09-07T07:48:13+02:00,193.0,1,Arendal sentrum,AKT:Line:102,Tromøy Øst-Arendal-Rykene,102,bus,AKT:ServiceJourney:72002_31_43_52200_54360_40000974,True,actual,False,,,,,2026-09-07T08:42:24.659182+02:00
NSR:StopPlace:58825,Raufoss stasjon,2026-09-07T07:27:00+02:00,2026-09-07T07:30:13+02:00,2026-09-07T07:30:13+02:00,193.0,1,Raufoss vgs,INN:Line:403,Gjøvik-Raufoss-Reinsvoll-Lena,403,bus,INN:ServiceJourney:65761,True,actual,False,,,,,2026-09-07T08:42:24.659182+02:00
NSR:StopPlace:369,Kvål stasjon,2026-09-07T07:13:00+02:00,2026-09-07T07:16:13+02:00,2026-09-07T07:16:13+02:00,193.0,1,Støren,SJN:Line:26,Trønderbanen,R70,rail,SJN:ServiceJourney:420_56049-R,True,actual,False,,,,,2026-09-07T08:42:24.659182+02:00
NSR:StopPlace:58924,Bryne stasjon,2026-09-07T22:50:00+02:00,2026-09-07T22:53:12+02:00,2026-09-07T22:53:12+02:00,192.0,1,Oslo S,GOA:Line:50,Sørtoget region,F5,rail,GOA:ServiceJourney:726-KVB_63257-R,True,actual,False,,,,,2026-09-08T00:20:52.129880+02:00
NSR:StopPlace:58850,Hauerseter stasjon,2026-09-07T22:00:00+02:00,2026-09-07T22:03:12+02:00,2026-09-07T22:03:12+02:00,192.0,1,Drammen,VYG:Line:R13,Drammen-Oslo S-Dal,R13,rail,VYG:ServiceJourney:1670_481178-R,True,actual,False,,,,,2026-09-08T00:20:52.129880+02:00
NSR:StopPlace:62392,Slependen stasjon,2026-09-07T22:45:00+02:00,2026-09-07T22:48:12+02:00,2026-09-07T22:48:12+02:00,192.0,1,Lillestrøm,VYG:Line:L1,Spikkestad-Oslo S-Lillestrøm,L1,rail,VYG:ServiceJourney:2274_443709-R,True,actual,False,,,,,2026-09-08T00:20:52.129880+02:00
NSR:StopPlace:58865,Vestby stasjon,2026-09-07T19:15:00+02:00,2026-09-07T19:18:12+02:00,2026-09-07T19:18:12+02:00,192.0,1,Moss,VYG:Line:R21,Stabekk-Oslo S-Moss,R21,rail,VYG:ServiceJourney:1155-HVK_443040-R,True,actual,False,,,,,2026-09-07T20:27:16.249662+02:00
NSR:StopPlace:628,Darbu stasjon,2026-09-07T20:12:00+02:00,2026-09-07T20:15:12+02:00,2026-09-07T20:15:12+02:00,192.0,1,Kongsberg,VYG:Line:R12,Kongsberg-Oslo S-Eidsvoll,R12,rail,VYG:ServiceJourney:529_444336-R,True,actual,False,,,,,2026-09-07T20:27:16.249662+02:00
NSR:StopPlace:17,Ringebu stasjon,2026-09-07T13:57:00+02:00,2026-09-07T14:00:12+02:00,2026-09-07T14:00:12+02:00,192.0,1,Oslo S,SJN:Line:21,Dovrebanen,F6,rail,SJN:ServiceJourney:44-TND_47992-R,True,actual,False,,,,,2026-09-07T15:44:36.205822+02:00
NSR:StopPlace:59952,Drammen stasjon,2026-09-07T12:57:00+02:00,2026-09-07T13:00:12+02:00,2026-09-07T13:00:12+02:00,192.0,1,Lillehammer,VYG:Line:RE10,Drammen-Oslo S-Lillehammer,RE10,rail,VYG:ServiceJourney:319-SUD_444192-R,True,actual,False,,,,,2026-09-07T15:44:36.205822+02:00
NSR:StopPlace:58860,Oppegård stasjon,2026-09-07T14:31:00+02:00,2026-09-07T14:34:12+02:00,2026-09-07T14:34:12+02:00,192.0,1,Ski stasjon,RUT:Line:580,Kolbotn - Ski,580,bus,RUT:ServiceJourney:573bf0f5d4ce9ea37dd85c8f22ce2ebf,True,actual,False,,,,,2026-09-07T15:44:36.205822+02:00
NSR:StopPlace:261,Ganddal stasjon,2026-09-07T15:09:00+02:00,2026-09-07T15:12:12+02:00,2026-09-07T15:12:12+02:00,192.0,1,Stavanger,GOA:Line:59,Jærbanen,L5,rail,GOA:ServiceJourney:3041_63082-R,True,actual,False,,,,,2026-09-07T15:44:36.205822+02:00
NSR:StopPlace:61169,Marienborg stasjon,2026-09-07T07:13:00+02:00,2026-09-07T07:16:12+02:00,2026-09-07T07:16:12+02:00,192.0,1,Pirbadet via St. Olavs hospital,ATB:Line:2_23,Brattøra - St. Olavs - Hallset - Flatåsen - Sandmoen,23,bus,ATB:ServiceJourney:23_251215112545531_9,True,actual,False,,,,,2026-09-07T08:42:24.659182+02:00
NSR:StopPlace:41,Hanaborg stasjon,2026-09-07T08:31:00+02:00,2026-09-07T08:34:12+02:00,2026-09-07T08:34:12+02:00,192.0,1,Lillestrøm,VYG:Line:L1,Spikkestad-Oslo S-Lillestrøm,L1,rail,VYG:ServiceJourney:2214_443607-R,True,actual,False,Færre vogner,Denne avgangen kjører dessverre med 4 vogner i stedet for 8 vogner. Dette skyldes at vi mangler et togsett.,general,normal,2026-09-07T08:42:24.659182+02:00
NSR:StopPlace:58868,Årnes stasjon,2026-09-07T07:56:00+02:00,2026-09-07T07:59:12+02:00,2026-09-07T07:59:12+02:00,192.0,1,Runni,RUT:Line:455,Årnes -Rånåsfoss,455,bus,RUT:ServiceJourney:4995c3d12181c3842c44a3196d997b24,True,actual,False,,,,,2026-09-07T08:42:24.659182+02:00
NSR:StopPlace:313,Høybråten stasjon,2026-09-07T07:27:00+02:00,2026-09-07T07:30:12+02:00,2026-09-07T07:30:12+02:00,192.0,1,Lillestrøm,VYG:Line:L1,Spikkestad-Oslo S-Lillestrøm,L1,rail,VYG:ServiceJourney:2210_443601-R,True,actual,False,Færre vogner,Denne avgangen kjører dessverre med 4 vogner i stedet for 8 vogner. Dette skyldes at vi mangler et togsett.,general,normal,2026-09-07T08:42:24.659182+02:00
NSR:StopPlace:41,Hanaborg stasjon,2026-09-07T22:16:00+02:00,2026-09-07T22:19:11+02:00,2026-09-07T22:19:11+02:00,191.0,1,Lillestrøm,VYG:Line:L1,Spikkestad-Oslo S-Lillestrøm,L1,rail,VYG:ServiceJourney:2168_443578-R,True,actual,False,,,,,2026-09-08T00:20:52.129880+02:00
NSR:StopPlace:59641,Fjellhamar stasjon,2026-09-07T22:33:00+02:00,2026-09-07T22:36:11+02:00,2026-09-07T22:36:11+02:00,191.0,1,Lillestrøm,VYG:Line:L1,Spikkestad-Oslo S-Lillestrøm,L1,rail,VYG:ServiceJourney:2270_443703-R,True,actual,False,,,,,2026-09-08T00:20:52.129880+02:00
NSR:StopPlace:59641,Fjellhamar stasjon,2026-09-07T23:18:00+02:00,2026-09-07T23:21:11+02:00,2026-09-07T23:21:11+02:00,191.0,1,Lillestrøm,VYG:Line:L1,Spikkestad-Oslo S-Lillestrøm,L1,rail,VYG:ServiceJourney:2172_443583-R,True,actual,False,,,,,2026-09-08T00:20:52.129880+02:00
NSR:StopPlace:60640,Heimdal stasjon,2026-09-07T22:21:00+02:00,2026-09-07T22:24:11+02:00,2026-09-07T22:24:11+02:00,191.0,1,Ranheim via Tiller-sentrum,ATB:Line:2_1,Ranheim - Strindheim - sentrum - Tiller - Heimdal - Kattem,1,bus,ATB:ServiceJourney:1_251215112545874_239,True,actual,False,,,,,2026-09-08T00:20:52.129880+02:00
NSR:StopPlace:58862,Strømmen stasjon,2026-09-07T23:50:00+02:00,2026-09-07T23:53:11+02:00,2026-09-07T23:53:11+02:00,191.0,1,Lillestrøm,VYG:Line:L1,Spikkestad-Oslo S-Lillestrøm,L1,rail,VYG:ServiceJourney:2174_443585-R,True,actual,False,,,,,2026-09-08T00:20:52.129880+02:00
NSR:StopPlace:62393,Billingstad stasjon,2026-09-07T23:06:00+02:00,2026-09-07T23:09:11+02:00,2026-09-07T23:09:11+02:00,191.0,1,Spikkestad,VYG:Line:L1,Spikkestad-Oslo S-Lillestrøm,L1,rail,VYG:ServiceJourney:2271_443704-R,True,actual,False,,,,,2026-09-08T00:20:52.129880+02:00
NSR:StopPlace:59872,Oslo S,2026-09-07T16:33:00+02:00,2026-09-07T16:36:11+02:00,2026-09-07T16:36:11+02:00,191.0,1,Skien,VYG:Line:RX11,Eidsvoll-Oslo S-Skien,RX11,rail,VYG:ServiceJourney:863-LOE_562942-R,True,actual,False,,,,,2026-09-07T20:27:16.249662+02:00
NSR:StopPlace:59646,Høvik stasjon,2026-09-07T18:23:00+02:00,2026-09-07T18:26:11+02:00,2026-09-07T18:26:11+02:00,191.0,1,Lillestrøm,VYG:Line:L1,Spikkestad-Oslo S-Lillestrøm,L1,rail,VYG:ServiceJourney:2256_445354-R,True,actual,False,,,,,2026-09-07T20:27:16.249662+02:00
NSR:StopPlace:59647,Dal stasjon,2026-09-07T18:46:00+02:00,2026-09-07T18:49:11+02:00,2026-09-07T18:49:11+02:00,191.0,1,Eidsvoll,RUT:Line:430,Eidsvoll - Jessheim,430,bus,RUT:ServiceJourney:4c102f7900f6e9021e2236075ec52ff2,True,actual,False,,,,,2026-09-07T20:27:16.249662+02:00
NSR:StopPlace:58846,Fetsund stasjon,2026-09-07T18:23:00+02:00,2026-09-07T18:26:11+02:00,2026-09-07T18:26:11+02:00,191.0,1,Kongsvinger,VYG:Line:R14,Asker-Oslo S-Kongsvinger,R14,rail,VYG:ServiceJourney:1027_442937-R,True,actual,False,,,,,2026-09-07T20:27:16.249662+02:00
NSR:StopPlace:58840,Vestfossen stasjon,2026-09-07T14:53:00+02:00,2026-09-07T14:56:11+02:00,2026-09-07T14:56:11+02:00,191.0,1,Eidsvoll,VYG:Line:R12,Kongsberg-Oslo S-Eidsvoll,R12,rail,VYG:ServiceJourney:522_481319-R,True,actual,False,,,,,2026-09-07T15:44:36.205822+02:00
NSR:StopPlace:58851,Heggedal stasjon,2026-09-07T14:59:00+02:00,2026-09-07T15:02:11+02:00,2026-09-07T15:02:11+02:00,191.0,1,Rustadgrenda,RUT:Line:286,Rustadgrenda-Heggedal,286,bus,RUT:ServiceJourney:c2d9938fa542d3fff54e33a305b84d33,True,actual,False,,,,,2026-09-07T15:44:36.205822+02:00
NSR:StopPlace:58865,Vestby stasjon,2026-09-07T14:20:00+02:00,2026-09-07T14:23:11+02:00,2026-09-07T14:23:11+02:00,191.0,1,Pepperstadmarka,RUT:Line:530,Pepperstad - Vestby stasjon,530,bus,RUT:ServiceJourney:913e981487e49a0522cc536a1c9d1522,True,actual,False,,,,,2026-09-07T15:44:36.205822+02:00
NSR:StopPlace:362,Jåttåvågen stasjon,2026-09-07T15:32:00+02:00,2026-09-07T15:35:11+02:00,2026-09-07T15:35:11+02:00,191.0,1,Egersund,GOA:Line:59,Jærbanen,L5,rail,GOA:ServiceJourney:3046_63090-R,True,actual,False,Toget har redusert kapasitet mellom Stavanger og Bryne.,Vi kjører med færre vogner enn planlagt.,incident,severe,2026-09-07T15:44:36.205822+02:00
NSR:StopPlace:58921,Vennesla stasjon,2026-09-07T07:47:00+02:00,2026-09-07T07:50:11+02:00,2026-09-07T07:50:11+02:00,191.0,1,Kristiansand,AKT:Line:31,Kvadraturen - Sødal - Vennesla,31,bus,AKT:ServiceJourney:79681_112_50_54360_56880_3950001,True,actual,False,,,,,2026-09-07T08:42:24.659182+02:00
NSR:StopPlace:58947,Steinkjer stasjon,2026-09-07T07:47:00+02:00,2026-09-07T07:50:11+02:00,2026-09-07T07:50:11+02:00,191.0,1,Campus Guldbergaunet,ATB:Line:2_630,Vanvikan - Follafoss - Steinkj,630,bus,ATB:ServiceJourney:630_260106098641115_2,True,actual,False,,,,,2026-09-07T08:42:24.659182+02:00
NSR:StopPlace:58866,Vevelstad stasjon,2026-09-07T07:13:00+02:00,2026-09-07T07:16:11+02:00,2026-09-07T07:16:11+02:00,191.0,1,Drøbak - Frogn vgs.,RUT:Line:510,Bøleråsen - Ski - Ås - Drøbak,510,bus,RUT:ServiceJourney:6bf925d5510c9f7b64b846dd19ae8126,True,actual,False,,,,,2026-09-07T08:42:24.659182+02:00
NSR:StopPlace:58801,Sarpsborg stasjon,2026-09-07T07:31:00+02:00,2026-09-07T07:34:11+02:00,2026-09-07T07:34:11+02:00,191.0,1,Sarpsborg-Kalnes,OST:Line:1_13,Kalnes - Blessom,13,bus,OST:ServiceJourney:13_260325121470815_5,True,actual,False,,,,,2026-09-07T08:42:24.659182+02:00
NSR:StopPlace:58804,Alvdal stasjon,2026-09-07T05:15:00+02:00,2026-09-07T05:18:11+02:00,2026-09-07T05:18:11+02:00,191.0,1,Hamar,SJN:Line:25,Rørosbanen,R60,rail,SJN:ServiceJourney:2378_30115-R,True,actual,False,,,,,2026-09-07T08:42:24.659182+02:00
NSR:StopPlace:58818,Gran stasjon,2026-09-07T07:41:00+02:00,2026-09-07T07:44:11+02:00,2026-09-07T07:44:11+02:00,191.0,1,Hadeland vgs via Grymyr,INN:Line:456,Gran-Grymyr,456,bus,INN:ServiceJourney:84272,True,actual,False,,,,,2026-09-07T08:42:24.659182+02:00
NSR:StopPlace:58819,Grua stasjon,2026-09-07T06:34:00+02:00,2026-09-07T06:37:11+02:00,2026-09-07T06:37:11+02:00,191.0,1,Roa,VYG:Line:RE30,Oslo S-Gjøvik,RE30,rail,VYG:ServiceJourney:BUS-1203_654978-R,True,actual,False,,,,,2026-09-07T08:42:24.659182+02:00
NSR:StopPlace:58848,Haga stasjon,2026-09-07T19:14:00+02:00,2026-09-07T19:17:10+02:00,2026-09-07T19:17:10+02:00,190.0,1,Asker,VYG:Line:R14,Asker-Oslo S-Kongsvinger,R14,rail,VYG:ServiceJourney:1030_442941-R,True,actual,False,,,,,2026-09-07T20:27:16.249662+02:00
NSR:StopPlace:58876,Tønsberg stasjon,2026-09-07T16:57:00+02:00,2026-09-07T17:00:10+02:00,2026-09-07T17:00:10+02:00,190.0,1,Tønsberg-Åsgårdstrand,VKT:Line:1,Horten-Tønsberg-Sandefjord,1,bus,VKT:ServiceJourney:15649,True,actual,False,,,,,2026-09-07T20:27:16.249662+02:00
NSR:StopPlace:59652,Tøyen stasjon,2026-09-07T15:09:00+02:00,2026-09-07T15:12:10+02:00,2026-09-07T15:12:10+02:00,190.0,1,Tonsenhagen,RUT:Line:60,Vippetangen-Tonsenhagen,60,bus,RUT:ServiceJourney:6ec3958eb2b3b607f2a9a60e2a2c1f33,True,actual,False,,,,,2026-09-07T15:44:36.205822+02:00
NSR:StopPlace:58794,Fredrikstad stasjon,2026-09-07T14:10:00+02:00,2026-09-07T14:13:10+02:00,2026-09-07T14:13:10+02:00,190.0,1,Kalnes,OST:Line:1_4,Fredrikstad - Kalnes,4,bus,OST:ServiceJourney:4_260325121471299_25,True,actual,False,,,,,2026-09-07T15:44:36.205822+02:00
NSR:StopPlace:58835,Lier stasjon,2026-09-07T14:36:00+02:00,2026-09-07T14:39:10+02:00,2026-09-07T14:39:10+02:00,190.0,1,Lierskogen,BRA:Line:4_6073,Drammen - Reistad - Lierskogen,73,bus,BRA:ServiceJourney:6073_260415100160812_1019,True,actual,False,Fra 17/8 går linje 61-63-71-73-251-261 og skolebusser fra holdeplass ved Skutebrygga ut av byen.Les mer på brakar.no/trafikkmeldinger.,,general,normal,2026-09-07T15:44:36.205822+02:00
NSR:StopPlace:58843,Blommenholm stasjon,2026-09-07T06:58:00+02:00,2026-09-07T07:01:10+02:00,2026-09-07T07:01:10+02:00,190.0,1,Spikkestad,VYG:Line:L1,Spikkestad-Oslo S-Lillestrøm,L1,rail,VYG:ServiceJourney:2207_443595-R,True,actual,False,Færre vogner,Denne avgangen kjører dessverre med 4 vogner i stedet for 8 vogner. Dette skyldes at vi mangler et togsett.,general,normal,2026-09-07T08:42:24.659182+02:00
NSR:StopPlace:58857,Lørenskog stasjon,2026-09-07T07:29:00+02:00,2026-09-07T07:32:10+02:00,2026-09-07T07:32:10+02:00,190.0,1,Lillestrøm,VYG:Line:L1,Spikkestad-Oslo S-Lillestrøm,L1,rail,VYG:ServiceJourney:2210_443601-R,True,actual,False,Færre vogner,Denne avgangen kjører dessverre med 4 vogner i stedet for 8 vogner. Dette skyldes at vi mangler et togsett.,general,normal,2026-09-07T08:42:24.659182+02:00
NSR:StopPlace:58801,Sarpsborg stasjon,2026-09-07T08:31:00+02:00,2026-09-07T08:34:10+02:00,2026-09-07T08:34:10+02:00,190.0,1,Sarpsborg-Kalnes,OST:Line:1_13,Kalnes - Blessom,13,bus,OST:ServiceJourney:13_260325121470887_9,True,actual,False,,,,,2026-09-07T08:42:24.659182+02:00
NSR:StopPlace:62393,Billingstad stasjon,2026-09-07T08:06:00+02:00,2026-09-07T08:09:10+02:00,2026-09-07T08:09:10+02:00,190.0,1,Spikkestad,VYG:Line:L1,Spikkestad-Oslo S-Lillestrøm,L1,rail,VYG:ServiceJourney:2211_443602-R,True,actual,False,,,,,2026-09-07T08:42:24.659182+02:00
NSR:StopPlace:62392,Slependen stasjon,2026-09-07T06:03:00+02:00,2026-09-07T06:06:10+02:00,2026-09-07T06:06:10+02:00,190.0,1,Spikkestad,VYG:Line:L1,Spikkestad-Oslo S-Lillestrøm,L1,rail,VYG:ServiceJourney:2203_764731-R,True,actual,False,Færre vogner,Denne avgangen kjører dessverre med 4 vogner i stedet for 8 vogner. Dette skyldes at vi mangler et togsett.,general,normal,2026-09-07T08:42:24.659182+02:00
NSR:StopPlace:61169,Marienborg stasjon,2026-09-07T17:51:00+02:00,2026-09-07T17:54:09+02:00,2026-09-07T17:54:09+02:00,189.0,1,Romolslia,ATB:Line:2_20,Grillstad - Strindheim - Ladehammeren- Sentrum - Romolslia,20,bus,ATB:ServiceJourney:20_251215112548143_70,True,actual,False,,,,,2026-09-07T20:27:16.249662+02:00
NSR:StopPlace:61466,Vakås stasjon,2026-09-07T20:11:00+02:00,2026-09-07T20:14:09+02:00,2026-09-07T20:14:09+02:00,189.0,1,Spikkestad,VYG:Line:L1,Spikkestad-Oslo S-Lillestrøm,L1,rail,VYG:ServiceJourney:2259_443684-R,True,actual,False,,,,,2026-09-07T20:27:16.249662+02:00
NSR:StopPlace:61897,Bryn stasjon,2026-09-07T18:05:00+02:00,2026-09-07T18:08:09+02:00,2026-09-07T18:08:09+02:00,189.0,1,Spikkestad,VYG:Line:L1,Spikkestad-Oslo S-Lillestrøm,L1,rail,VYG:ServiceJourney:2253_443674-R,True,actual,False,Færre vogner,Denne avgangen kjører dessverre med 4 vogner i stedet for 8 vogner. Dette skyldes at vi mangler et togsett.,general,normal,2026-09-07T20:27:16.249662+02:00
NSR:StopPlace:59646,Høvik stasjon,2026-09-07T17:37:00+02:00,2026-09-07T17:40:09+02:00,2026-09-07T17:40:09+02:00,189.0,1,Lillestrøm,VYG:Line:L1,Spikkestad-Oslo S-Lillestrøm,L1,rail,VYG:ServiceJourney:2152_443561-R,True,actual,False,Færre vogner,Denne avgangen kjører dessverre med 4 vogner i stedet for 8 vogner. Dette skyldes at vi mangler et togsett.,general,normal,2026-09-07T20:27:16.249662+02:00
NSR:StopPlace:59641,Fjellhamar stasjon,2026-09-07T18:18:00+02:00,2026-09-07T18:21:09+02:00,2026-09-07T18:21:09+02:00,189.0,1,Lillestrøm,VYG:Line:L1,Spikkestad-Oslo S-Lillestrøm,L1,rail,VYG:ServiceJourney:2152_443561-R,True,actual,False,Færre vogner,Denne avgangen kjører dessverre med 4 vogner i stedet for 8 vogner. Dette skyldes at vi mangler et togsett.,general,normal,2026-09-07T20:27:16.249662+02:00
NSR:StopPlace:58924,Bryne stasjon,2026-09-07T17:58:00+02:00,2026-09-07T18:01:09+02:00,2026-09-07T18:01:09+02:00,189.0,1,Nærbø,GOA:Line:59,Jærbanen,L5,rail,GOA:ServiceJourney:3054_63104-R,True,actual,False,,,,,2026-09-07T20:27:16.249662+02:00
NSR:StopPlace:58853,Kolbotn stasjon,2026-09-07T17:50:00+02:00,2026-09-07T17:53:09+02:00,2026-09-07T17:53:09+02:00,189.0,1,Kolbotn,RUT:Line:87,Hauketo stasjon - Kolbotn,87,bus,RUT:ServiceJourney:bc89db50c552753c666a954e6a06d637,True,actual,False,,,,,2026-09-07T20:27:16.249662+02:00
NSR:StopPlace:420,Lillehammer stasjon,2026-09-07T20:03:00+02:00,2026-09-07T20:06:09+02:00,2026-09-07T20:06:09+02:00,189.0,1,Trondheim S,SJN:Line:21,Dovrebanen,F6,rail,SJN:ServiceJourney:51-LOD_30215-R,True,actual,False,,,,,2026-09-07T20:27:16.249662+02:00
NSR:StopPlace:61897,Bryn stasjon,2026-09-07T15:15:00+02:00,2026-09-07T15:18:09+02:00,2026-09-07T15:18:09+02:00,189.0,1,Lillestrøm,VYG:Line:L1,Spikkestad-Oslo S-Lillestrøm,L1,rail,VYG:ServiceJourney:2242_443654-R,True,actual,False,,,,,2026-09-07T15:44:36.205822+02:00
NSR:StopPlace:58816,Dombås stasjon,2026-09-07T12:02:00+02:00,2026-09-07T12:05:09+02:00,2026-09-07T12:05:09+02:00,189.0,1,Trondheim S,SJN:Line:21,Dovrebanen,F6,rail,SJN:ServiceJourney:43-LOD_47893-R,True,actual,False,,,,,2026-09-07T15:44:36.205822+02:00
NSR:StopPlace:58817,Eina stasjon,2026-09-07T07:44:00+02:00,2026-09-07T07:47:09+02:00,2026-09-07T07:47:09+02:00,189.0,1,Gjøvik,VYG:Line:RE30,Oslo S-Gjøvik,RE30,rail,VYG:ServiceJourney:1203-ROA_589108-R,True,actual,False,,,,,2026-09-07T08:42:24.659182+02:00
NSR:StopPlace:41,Hanaborg stasjon,2026-09-07T22:31:00+02:00,2026-09-07T22:34:08+02:00,2026-09-07T22:34:08+02:00,188.0,1,Lillestrøm,VYG:Line:L1,Spikkestad-Oslo S-Lillestrøm,L1,rail,VYG:ServiceJourney:2270_443703-R,True,actual,False,,,,,2026-09-08T00:20:52.129880+02:00
NSR:StopPlace:58925,Gausel stasjon,2026-09-07T22:19:00+02:00,2026-09-07T22:22:08+02:00,2026-09-07T22:22:08+02:00,188.0,1,Stavanger,GOA:Line:59,Jærbanen,L5,rail,GOA:ServiceJourney:3069_63130-R,True,actual,False,,,,,2026-09-08T00:20:52.129880+02:00
NSR:StopPlace:59261,Trondheim lufthavn,2026-09-07T18:07:00+02:00,2026-09-07T18:10:08+02:00,2026-09-07T18:10:08+02:00,188.0,1,Stjørdal stasjon,ATB:Line:2_70,Stjørdal/Hommelvik- Trondheim,70,bus,ATB:ServiceJourney:70_251215112547134_79,True,actual,False,,,,,2026-09-07T20:27:16.249662+02:00
NSR:StopPlace:58846,Fetsund stasjon,2026-09-07T19:23:00+02:00,2026-09-07T19:26:08+02:00,2026-09-07T19:26:08+02:00,188.0,1,Kongsvinger,VYG:Line:R14,Asker-Oslo S-Kongsvinger,R14,rail,VYG:ServiceJourney:1029_442939-R,True,actual,False,,,,,2026-09-07T20:27:16.249662+02:00
NSR:StopPlace:58864,Sørumsand stasjon,2026-09-07T17:00:00+02:00,2026-09-07T17:03:08+02:00,2026-09-07T17:03:08+02:00,188.0,1,Kongsvinger,VYG:Line:R14,Asker-Oslo S-Kongsvinger,R14,rail,VYG:ServiceJourney:1053-HAV_442957-R,True,actual,False,,,,,2026-09-07T20:27:16.249662+02:00
NSR:StopPlace:58866,Vevelstad stasjon,2026-09-07T17:51:00+02:00,2026-09-07T17:54:08+02:00,2026-09-07T17:54:08+02:00,188.0,1,Drøbak - Seiersten,RUT:Line:510,Bøleråsen - Ski - Ås - Drøbak,510,bus,RUT:ServiceJourney:ee0d08ca53683c1f3a07992dea30a658,True,actual,False,,,,,2026-09-07T20:27:16.249662+02:00
NSR:StopPlace:398,Arna stasjon,2026-09-07T19:32:00+02:00,2026-09-07T19:35:08+02:00,2026-09-07T19:35:08+02:00,188.0,1,Bergen,VYG:Line:R40,Bergen-Voss-Myrdal-Ål,R40,rail,VYG:ServiceJourney:1831_457481-R,True,actual,False,,,,,2026-09-07T20:27:16.249662+02:00
NSR:StopPlace:62377,Ronglan stasjon,2026-09-07T19:29:00+02:00,2026-09-07T19:32:08+02:00,2026-09-07T19:32:08+02:00,188.0,1,Steinkjer,SJN:Line:26,Trønderbanen,R70,rail,SJN:ServiceJourney:447_56076-R,True,actual,False,,,,,2026-09-07T20:27:16.249662+02:00
NSR:StopPlace:62295,Stanghelle stasjon,2026-09-07T20:01:00+02:00,2026-09-07T20:04:08+02:00,2026-09-07T20:04:08+02:00,188.0,1,Voss,VYG:Line:R40,Bergen-Voss-Myrdal-Ål,R40,rail,VYG:ServiceJourney:1830_457480-R,True,actual,False,,,,,2026-09-07T20:27:16.249662+02:00
NSR:StopPlace:59952,Drammen stasjon,2026-09-07T08:17:00+02:00,2026-09-07T08:20:08+02:00,2026-09-07T08:20:08+02:00,188.0,1,Eidsvoll,VYG:Line:R12,Kongsberg-Oslo S-Eidsvoll,R12,rail,VYG:ServiceJourney:508_481317-R,True,actual,False,,,,,2026-09-07T08:42:24.659182+02:00
NSR:StopPlace:58862,Strømmen stasjon,2026-09-07T07:50:00+02:00,2026-09-07T07:53:08+02:00,2026-09-07T07:53:08+02:00,188.0,1,Lillestrøm,VYG:Line:L1,Spikkestad-Oslo S-Lillestrøm,L1,rail,VYG:ServiceJourney:2110_443515-R,True,actual,False,,,,,2026-09-07T08:42:24.659182+02:00
NSR:StopPlace:58812,Os stasjon,2026-09-07T06:28:00+02:00,2026-09-07T06:31:08+02:00,2026-09-07T06:31:08+02:00,188.0,1,Hamar,SJN:Line:25,Rørosbanen,R60,rail,SJN:ServiceJourney:2380_37659-R,True,actual,False,,,,,2026-09-07T08:42:24.659182+02:00
NSR:StopPlace:58846,Fetsund stasjon,2026-09-07T22:23:00+02:00,2026-09-07T22:26:07+02:00,2026-09-07T22:26:07+02:00,187.0,1,Kongsvinger,VYG:Line:R14,Asker-Oslo S-Kongsvinger,R14,rail,VYG:ServiceJourney:1035_442947-R,True,actual,False,,,,,2026-09-08T00:20:52.129880+02:00
NSR:StopPlace:58859,Nordby stasjon,2026-09-07T23:23:00+02:00,2026-09-07T23:26:07+02:00,2026-09-07T23:26:07+02:00,187.0,1,Dal,VYG:Line:R13,Drammen-Oslo S-Dal,R13,rail,VYG:ServiceJourney:1671_443365-R,True,actual,False,,,,,2026-09-08T00:20:52.129880+02:00
NSR:StopPlace:58930,Larvik stasjon,2026-09-07T17:49:00+02:00,2026-09-07T17:52:07+02:00,2026-09-07T17:52:07+02:00,187.0,1,Nevlunghavn,VKT:Line:81,Nordbyen-Nevlunghavn,81,bus,VKT:ServiceJourney:18078,True,actual,False,,,,,2026-09-07T20:27:16.249662+02:00
NSR:StopPlace:58874,Stokke stasjon,2026-09-07T18:56:00+02:00,2026-09-07T18:59:07+02:00,2026-09-07T18:59:07+02:00,187.0,1,Eidsvoll,VYG:Line:RE11,Eidsvoll-Oslo S-Skien,RE11,rail,VYG:ServiceJourney:830_444410-R,True,actual,False,,,,,2026-09-07T20:27:16.249662+02:00
NSR:StopPlace:58876,Tønsberg stasjon,2026-09-07T18:23:00+02:00,2026-09-07T18:26:07+02:00,2026-09-07T18:26:07+02:00,187.0,1,Tønsberg,VKT:Line:520,Tønsberg-Stokke,520,bus,VKT:ServiceJourney:17323,True,actual,False,,,,,2026-09-07T20:27:16.249662+02:00
NSR:StopPlace:362,Jåttåvågen stasjon,2026-09-07T20:02:00+02:00,2026-09-07T20:05:07+02:00,2026-09-07T20:05:07+02:00,187.0,1,Egersund,GOA:Line:59,Jærbanen,L5,rail,GOA:ServiceJourney:3064_63121-R,True,actual,False,,,,,2026-09-07T20:27:16.249662+02:00
NSR:StopPlace:59243,Mo i Rana stasjon,2026-09-07T14:30:00+02:00,2026-09-07T14:33:07+02:00,2026-09-07T14:33:07+02:00,187.0,1,Hemnesberget,NOR:Line:12_3721,Mo i Rana - Korgen- Mosjøen,200,bus,NOR:ServiceJourney:3721_251022109779682_1005,True,actual,False,,,,,2026-09-07T15:44:36.205822+02:00
NSR:StopPlace:58964,Kløfta stasjon,2026-09-07T14:44:00+02:00,2026-09-07T14:47:07+02:00,2026-09-07T14:47:07+02:00,187.0,1,Drammen,VYG:Line:R13,Drammen-Oslo S-Dal,R13,rail,VYG:ServiceJourney:1640_443299-R,True,actual,False,,,,,2026-09-07T15:44:36.205822+02:00
NSR:StopPlace:58843,Blommenholm stasjon,2026-09-07T14:50:00+02:00,2026-09-07T14:53:07+02:00,2026-09-07T14:53:07+02:00,187.0,1,Lillestrøm,VYG:Line:L1,Spikkestad-Oslo S-Lillestrøm,L1,rail,VYG:ServiceJourney:2242_443654-R,True,actual,False,,,,,2026-09-07T15:44:36.205822+02:00
NSR:StopPlace:58836,Mjøndalen stasjon,2026-09-07T08:05:00+02:00,2026-09-07T08:08:07+02:00,2026-09-07T08:08:07+02:00,187.0,1,Eidsvoll,VYG:Line:R12,Kongsberg-Oslo S-Eidsvoll,R12,rail,VYG:ServiceJourney:508_481317-R,True,actual,False,,,,,2026-09-07T08:42:24.659182+02:00
NSR:StopPlace:58853,Kolbotn stasjon,2026-09-07T06:40:00+02:00,2026-09-07T06:43:07+02:00,2026-09-07T06:43:07+02:00,187.0,1,Lysaker,VYG:Line:L2,Stabekk-Oslo S-Ski,L2,rail,VYG:ServiceJourney:2810-SKI_444022-R,True,actual,False,Færre vogner,Denne avgangen kjører dessverre med 3 vogner i stedet for 6 vogner. Dette skyldes at vi mangler et togsett.,general,normal,2026-09-07T08:42:24.659182+02:00
NSR:StopPlace:58864,Sørumsand stasjon,2026-09-07T08:30:00+02:00,2026-09-07T08:33:07+02:00,2026-09-07T08:33:07+02:00,187.0,1,Kongsvinger,VYG:Line:R14,Asker-Oslo S-Kongsvinger,R14,rail,VYG:ServiceJourney:1007_442912-R,True,actual,False,,,,,2026-09-07T08:42:24.659182+02:00
NSR:StopPlace:58886,Arendal stasjon,2026-09-07T06:07:00+02:00,2026-09-07T06:10:07+02:00,2026-09-07T06:10:07+02:00,187.0,1,Grimstad via Arendal sentrum,AKT:Line:101,Eydehavn-Arendal-Grimstad N/S,101,bus,AKT:ServiceJourney:71724_11_89_42000_46380_40000971,True,actual,False,,,,,2026-09-07T08:42:24.659182+02:00
NSR:StopPlace:62338,Fossum stasjon,2026-09-07T07:14:00+02:00,2026-09-07T07:17:07+02:00,2026-09-07T07:17:07+02:00,187.0,1,Blaker ring,RUT:Line:370,Sørumsand - Blaker - Sørumsand,370A,bus,RUT:ServiceJourney:85917d70402e8b2b9b430c83eb23f154,True,actual,False,,,,,2026-09-07T08:42:24.659182+02:00
NSR:StopPlace:41,Hanaborg stasjon,2026-09-07T23:16:00+02:00,2026-09-07T23:19:06+02:00,2026-09-07T23:19:06+02:00,186.0,1,Lillestrøm,VYG:Line:L1,Spikkestad-Oslo S-Lillestrøm,L1,rail,VYG:ServiceJourney:2172_443583-R,True,actual,False,,,,,2026-09-08T00:20:52.129880+02:00
NSR:StopPlace:58850,Hauerseter stasjon,2026-09-07T23:00:00+02:00,2026-09-07T23:03:06+02:00,2026-09-07T23:03:06+02:00,186.0,1,Dal,VYG:Line:R13,Drammen-Oslo S-Dal,R13,rail,VYG:ServiceJourney:1669_443361-R,True,actual,False,,,,,2026-09-08T00:20:52.129880+02:00
NSR:StopPlace:60047,Melhus skysstasjon,2026-09-07T18:33:00+02:00,2026-09-07T18:36:06+02:00,2026-09-07T18:36:06+02:00,186.0,1,Hesttrøa via Melhus skysstasjon,ATB:Line:2_82,Hesttrøa-Brekkåsen,82,bus,ATB:ServiceJourney:82_251215112550654_108,True,actual,False,Linje 82 og 504,Avvikende kjøring for linje 82 og 504 pga Hølondvegen er stengt. ,general,normal,2026-09-07T20:27:16.249662+02:00
NSR:StopPlace:58838,Røyken stasjon,2026-09-07T20:08:00+02:00,2026-09-07T20:11:06+02:00,2026-09-07T20:11:06+02:00,186.0,1,Sætre,RUT:Line:261,Drammen - Lahell - Røyken - Sætre,261,bus,RUT:ServiceJourney:4648c7e830dad923e3bf427c7a5f6bb6,True,actual,False,Fra 17/8 går linje 61-63-71-73-251-261 og skolebusser fra holdeplass ved Skutebrygga ut av byen.Les mer på brakar.no/trafikkmeldinger.,,general,normal,2026-09-07T20:27:16.249662+02:00
NSR:StopPlace:62339,Lillestrøm stasjon,2026-09-07T14:15:00+02:00,2026-09-07T14:18:06+02:00,2026-09-07T14:18:06+02:00,186.0,1,Kongsvinger,VYG:Line:R14,Asker-Oslo S-Kongsvinger,R14,rail,VYG:ServiceJourney:1019_442926-R,True,actual,False,Heis i spor 1 og 2 er ute av bruk på grunn av vedlikehold.,Heis i spor 1 og 2 er ute av bruk på grunn av vedlikehold.,general,normal,2026-09-07T15:44:36.205822+02:00
NSR:StopPlace:6,Greverud stasjon,2026-09-07T07:33:00+02:00,2026-09-07T07:36:06+02:00,2026-09-07T07:36:06+02:00,186.0,1,Lysaker,VYG:Line:L2,Stabekk-Oslo S-Ski,L2,rail,VYG:ServiceJourney:2814-SKI_444026-R,True,actual,False,,,,,2026-09-07T08:42:24.659182+02:00
NSR:StopPlace:58860,Oppegård stasjon,2026-09-07T08:01:00+02:00,2026-09-07T08:04:06+02:00,2026-09-07T08:04:06+02:00,186.0,1,Lysaker,VYG:Line:L2,Stabekk-Oslo S-Ski,L2,rail,VYG:ServiceJourney:2816-SKI_444028-R,True,actual,False,Færre vogner,Denne avgangen kjører dessverre med 3 vogner i stedet for 6 vogner. Dette skyldes at vi mangler et togsett.,general,normal,2026-09-07T08:42:24.659182+02:00
NSR:StopPlace:58861,Solbråtan stasjon,2026-09-07T07:15:00+02:00,2026-09-07T07:18:06+02:00,2026-09-07T07:18:06+02:00,186.0,1,Bjørvika,RUT:Line:83,Jernbanetorget - Tårnåsen,83,bus,RUT:ServiceJourney:975fc81f9f1588a2b6765667f57e8eab,True,actual,False,Linje 80E og 83 får Hausmanns bru som ny endeholdeplass fra 29. juni,"Bussene stopper ikke på Jernbanetorget etter 29. juni, men starter og stopper på Hausmanns bru i Nylandsveien.",incident,normal,2026-09-07T08:42:24.659182+02:00
NSR:StopPlace:58877,Bø stasjon,2026-09-07T06:33:00+02:00,2026-09-07T06:36:06+02:00,2026-09-07T06:36:06+02:00,186.0,1,Notodden via Hørte,TEL:Line:8325,Notodden-Simones-Hørte-Bø,325,bus,TEL:ServiceJourney:126264,True,actual,False,,,,,2026-09-07T08:42:24.659182+02:00
NSR:StopPlace:58884,Skien stasjon,2026-09-07T08:09:00+02:00,2026-09-07T08:12:06+02:00,2026-09-07T08:12:06+02:00,186.0,1,Eidsvoll,VYG:Line:RE11,Eidsvoll-Oslo S-Skien,RE11,rail,VYG:ServiceJourney:810_481328-R,True,actual,False,,,,,2026-09-07T08:42:24.659182+02:00
NSR:StopPlace:58808,Kongsvinger stasjon,2026-09-07T08:39:00+02:00,2026-09-07T08:42:06+02:00,2026-09-07T08:42:06+02:00,186.0,1,Skarnes - Sand,INN:Line:700,Kongsvinger-Skarnes-Sand,700,bus,INN:ServiceJourney:82355,True,actual,False,,,,,2026-09-07T08:42:24.659182+02:00
NSR:StopPlace:58964,Kløfta stasjon,2026-09-07T23:44:00+02:00,2026-09-07T23:47:05+02:00,2026-09-07T23:47:05+02:00,185.0,1,Drammen,VYG:Line:R13,Drammen-Oslo S-Dal,R13,rail,VYG:ServiceJourney:1676_443378-R,True,actual,False,,,,,2026-09-08T00:20:52.129880+02:00
NSR:StopPlace:58855,Leirsund stasjon,2026-09-08T00:00:00+02:00,2026-09-08T00:03:05+02:00,2026-09-08T00:03:05+02:00,185.0,1,Dal,VYG:Line:R13,Drammen-Oslo S-Dal,R13,rail,VYG:ServiceJourney:1675_443375-R,True,actual,False,Færre vogner,Denne avgangen kjører dessverre med 5 vogner i stedet for 10 vogner. Dette skyldes at vi mangler et togsett.,general,normal,2026-09-08T00:20:52.129880+02:00
NSR:StopPlace:610,Sandvika stasjon,2026-09-07T22:14:00+02:00,2026-09-07T22:17:05+02:00,2026-09-07T22:17:05+02:00,185.0,1,Asker,VYG:Line:R14,Asker-Oslo S-Kongsvinger,R14,rail,VYG:ServiceJourney:1034_442946-R,True,actual,False,,,,,2026-09-08T00:20:52.129880+02:00
NSR:StopPlace:58858,Nittedal stasjon,2026-09-07T17:20:00+02:00,2026-09-07T17:23:05+02:00,2026-09-07T17:23:05+02:00,185.0,1,Lørenskog sentrum,RUT:Line:385,Nittedal stasjon - Olavsgaard - Ahus,385,bus,RUT:ServiceJourney:4acadfe8ce0340437a236e7a626cbf8f,True,actual,False,,,,,2026-09-07T20:27:16.249662+02:00
NSR:StopPlace:58932,Hommelvik stasjon,2026-09-07T14:55:00+02:00,2026-09-07T14:58:05+02:00,2026-09-07T14:58:05+02:00,185.0,1,Stjørdal stasjon,ATB:Line:2_70,Stjørdal/Hommelvik- Trondheim,70,bus,ATB:ServiceJourney:70_251215112546986_53,True,actual,False,,,,,2026-09-07T15:44:36.205822+02:00
NSR:StopPlace:58870,Holmestrand stasjon,2026-09-07T12:45:00+02:00,2026-09-07T12:48:05+02:00,2026-09-07T12:48:05+02:00,185.0,1,Horten-Tønsberg,VKT:Line:2,Tjøme-Tønsberg-Horten-Holmestr,2,bus,VKT:ServiceJourney:15837,True,actual,False,Forsinkelser Linje 2 og 411 | Kjører ikke Storgata i Horten,Pga. veiarbeid i Horten sentrum vil det kunne oppstå forsinkelser på busser i tidsrommet 3.-11. september.  | 7.-9. september: Bussene vil ikke kjøre Storgata. Benytt holdeplassene Peders gate eller Horten rb.st. Se vkt.no/avvik Det vil oppstå forsinkelser. ,incident | general,normal | normal,2026-09-07T15:44:36.205822+02:00
NSR:StopPlace:58805,Brumunddal stasjon,2026-09-07T15:03:00+02:00,2026-09-07T15:06:05+02:00,2026-09-07T15:06:05+02:00,185.0,1,Lillehammer,VYG:Line:RE10,Drammen-Oslo S-Lillehammer,RE10,rail,VYG:ServiceJourney:319-SUD_444192-R,True,actual,False,,,,,2026-09-07T15:44:36.205822+02:00
NSR:StopPlace:699,Tynset stasjon,2026-09-07T14:59:00+02:00,2026-09-07T15:02:05+02:00,2026-09-07T15:02:05+02:00,185.0,1,Trondheim S,SJN:Line:25,Rørosbanen,R60,rail,SJN:ServiceJourney:2385_30335-R,True,actual,False,,,,,2026-09-07T15:44:36.205822+02:00
NSR:StopPlace:59649,Nydalen stasjon,2026-09-07T07:06:00+02:00,2026-09-07T07:09:05+02:00,2026-09-07T07:09:05+02:00,185.0,1,Hakadal,VYG:Line:R31,Skøyen-Jaren-Gjøvik,R31,rail,VYG:ServiceJourney:BUS-273_655599-R,True,actual,False,,,,,2026-09-07T08:42:24.659182+02:00
NSR:StopPlace:59649,Nydalen stasjon,2026-09-07T07:33:00+02:00,2026-09-07T07:36:05+02:00,2026-09-07T07:36:05+02:00,185.0,1,Fornebu,RUT:Line:24,Fornebu vest - Brynseng T,24,bus,RUT:ServiceJourney:7764ee8d1ba45283b7d3b25a230708e3,True,actual,False,,,,,2026-09-07T08:42:24.659182+02:00
NSR:StopPlace:59261,Trondheim lufthavn,2026-09-07T08:22:00+02:00,2026-09-07T08:25:05+02:00,2026-09-07T08:25:05+02:00,185.0,1,A Marienborg via Innherredsveien,ATB:Line:2_70,Stjørdal/Hommelvik- Trondheim,70,bus,ATB:ServiceJourney:70_251215112546998_30,True,actual,False,,,,,2026-09-07T08:42:24.659182+02:00
NSR:StopPlace:58843,Blommenholm stasjon,2026-09-07T08:20:00+02:00,2026-09-07T08:23:05+02:00,2026-09-07T08:23:05+02:00,185.0,1,Lillestrøm,VYG:Line:L1,Spikkestad-Oslo S-Lillestrøm,L1,rail,VYG:ServiceJourney:2216_445310-R,True,actual,False,Færre vogner,Denne avgangen kjører dessverre med 4 vogner i stedet for 8 vogner. Dette skyldes at vi mangler et togsett.,general,normal,2026-09-07T08:42:24.659182+02:00
NSR:StopPlace:58808,Kongsvinger stasjon,2026-09-07T08:28:00+02:00,2026-09-07T08:31:05+02:00,2026-09-07T08:31:05+02:00,185.0,1,Sykehuset - Bogeråsen,INN:Line:81,Bogeråsen - Rasta,B81,bus,INN:ServiceJourney:54302,True,actual,False,,,,,2026-09-07T08:42:24.659182+02:00
NSR:StopPlace:58824,Lunner stasjon,2026-09-07T07:40:00+02:00,2026-09-07T07:43:05+02:00,2026-09-07T07:43:05+02:00,185.0,1,Lunner usk via Solheimstorget,INN:Line:451,Gran-Lunner-Grindvoll-Jevnaker,451,bus,INN:ServiceJourney:71489,True,actual,False,,,,,2026-09-07T08:42:24.659182+02:00
NSR:StopPlace:362,Jåttåvågen stasjon,2026-09-07T08:17:00+02:00,2026-09-07T08:20:05+02:00,2026-09-07T08:20:05+02:00,185.0,1,Skeiane,GOA:Line:59,Jærbanen,L5,rail,GOA:ServiceJourney:3114_63159-R,True,actual,False,,,,,2026-09-07T08:42:24.659182+02:00
NSR:StopPlace:62309,Ljan stasjon,2026-09-07T08:39:00+02:00,2026-09-07T08:42:05+02:00,2026-09-07T08:42:05+02:00,185.0,1,Ski,VYG:Line:L2,Stabekk-Oslo S-Ski,L2,rail,VYG:ServiceJourney:2813-HVK_444025-R,True,actual,False,,,,,2026-09-07T08:42:24.659182+02:00
NSR:StopPlace:60016,Kråkstad stasjon,2026-09-07T22:36:00+02:00,2026-09-07T22:39:04+02:00,2026-09-07T22:39:04+02:00,184.0,1,Oslo S,VYG:Line:R22,Skøyen-Oslo S-Mysen-Rakkestad,R22,rail,VYG:ServiceJourney:1938_443493-R,True,actual,False,,,,,2026-09-08T00:20:52.129880+02:00
NSR:StopPlace:58823,Jaren stasjon,2026-09-07T22:20:00+02:00,2026-09-07T22:23:04+02:00,2026-09-07T22:23:04+02:00,184.0,1,Roa,VYG:Line:R31,Skøyen-Jaren-Gjøvik,R31,rail,VYG:ServiceJourney:236-GJOe_648922-R,True,actual,False,,,,,2026-09-08T00:20:52.129880+02:00
NSR:StopPlace:313,Høybråten stasjon,2026-09-07T22:12:00+02:00,2026-09-07T22:15:04+02:00,2026-09-07T22:15:04+02:00,184.0,1,Lillestrøm,VYG:Line:L1,Spikkestad-Oslo S-Lillestrøm,L1,rail,VYG:ServiceJourney:2168_443578-R,True,actual,False,,,,,2026-09-08T00:20:52.129880+02:00
NSR:StopPlace:61897,Bryn stasjon,2026-09-07T19:45:00+02:00,2026-09-07T19:48:04+02:00,2026-09-07T19:48:04+02:00,184.0,1,Lillestrøm,VYG:Line:L1,Spikkestad-Oslo S-Lillestrøm,L1,rail,VYG:ServiceJourney:2260_445359-R,True,actual,False,,,,,2026-09-07T20:27:16.249662+02:00
NSR:StopPlace:59652,Tøyen stasjon,2026-09-07T18:30:00+02:00,2026-09-07T18:33:04+02:00,2026-09-07T18:33:04+02:00,184.0,1,Vippetangen,RUT:Line:60,Vippetangen-Tonsenhagen,60,bus,RUT:ServiceJourney:1f5d6fa2964d6ac6d8296f77f11717bf,True,actual,False,,,,,2026-09-07T20:27:16.249662+02:00
NSR:StopPlace:58849,Hakadal stasjon,2026-09-07T17:53:00+02:00,2026-09-07T17:56:04+02:00,2026-09-07T17:56:04+02:00,184.0,1,Oslo bussterminal,RUT:Line:390,Kongskog/Hellerudhaugen - Oslo bussterminal,390,bus,RUT:ServiceJourney:b271e69b314f80592c377128666089d9,True,actual,False,,,,,2026-09-07T20:27:16.249662+02:00
NSR:StopPlace:58870,Holmestrand stasjon,2026-09-07T17:28:00+02:00,2026-09-07T17:31:04+02:00,2026-09-07T17:31:04+02:00,184.0,1,Eidsvoll,VYG:Line:RE11,Eidsvoll-Oslo S-Skien,RE11,rail,VYG:ServiceJourney:826_481332-R,True,actual,False,Færre vogner,Denne avgangen kjører dessverre med 5 vogner i stedet for 10 vogner. Dette skyldes at vi mangler et togsett.,general,normal,2026-09-07T20:27:16.249662+02:00
NSR:StopPlace:62308,Alna stasjon,2026-09-07T18:02:00+02:00,2026-09-07T18:05:04+02:00,2026-09-07T18:05:04+02:00,184.0,1,Spikkestad,VYG:Line:L1,Spikkestad-Oslo S-Lillestrøm,L1,rail,VYG:ServiceJourney:2253_443674-R,True,actual,False,Færre vogner,Denne avgangen kjører dessverre med 4 vogner i stedet for 8 vogner. Dette skyldes at vi mangler et togsett.,general,normal,2026-09-07T20:27:16.249662+02:00
NSR:StopPlace:62308,Alna stasjon,2026-09-07T19:48:00+02:00,2026-09-07T19:51:04+02:00,2026-09-07T19:51:04+02:00,184.0,1,Lillestrøm,VYG:Line:L1,Spikkestad-Oslo S-Lillestrøm,L1,rail,VYG:ServiceJourney:2260_445359-R,True,actual,False,,,,,2026-09-07T20:27:16.249662+02:00
NSR:StopPlace:62311,Vigrestad stasjon,2026-09-07T17:44:00+02:00,2026-09-07T17:47:04+02:00,2026-09-07T17:47:04+02:00,184.0,1,Stavanger,GOA:Line:59,Jærbanen,L5,rail,GOA:ServiceJourney:3053_63102-R,True,actual,False,,,,,2026-09-07T20:27:16.249662+02:00
NSR:StopPlace:58930,Larvik stasjon,2026-09-07T14:50:00+02:00,2026-09-07T14:53:04+02:00,2026-09-07T14:53:04+02:00,184.0,1,Stavern-Helgeroa,VKT:Line:830,Stavern-Nevlunghavn,830,bus,VKT:ServiceJourney:18038,True,actual,False,,,,,2026-09-07T15:44:36.205822+02:00
NSR:StopPlace:58931,Fannrem stasjon,2026-09-07T15:15:00+02:00,2026-09-07T15:18:04+02:00,2026-09-07T15:18:04+02:00,184.0,1,Orkanger skysstasjon,ATB:Line:2_460,Orkanger - Meldal - Berkåk,460,bus,ATB:ServiceJourney:460_260106098641923_17,True,actual,False,,,,,2026-09-07T15:44:36.205822+02:00
NSR:StopPlace:58843,Blommenholm stasjon,2026-09-07T14:20:00+02:00,2026-09-07T14:23:04+02:00,2026-09-07T14:23:04+02:00,184.0,1,Lillestrøm,VYG:Line:L1,Spikkestad-Oslo S-Lillestrøm,L1,rail,VYG:ServiceJourney:2240_445337-R,True,actual,False,,,,,2026-09-07T15:44:36.205822+02:00
NSR:StopPlace:59648,Kjelsås stasjon,2026-09-07T07:15:00+02:00,2026-09-07T07:18:04+02:00,2026-09-07T07:18:04+02:00,184.0,1,Haugerud,RUT:Line:25,Majorstuen-Haugerud,25,bus,RUT:ServiceJourney:3689439a67284b60f8a72877c674aa57,True,actual,False,,,,,2026-09-07T08:42:24.659182+02:00
NSR:StopPlace:59641,Fjellhamar stasjon,2026-09-07T08:33:00+02:00,2026-09-07T08:36:04+02:00,2026-09-07T08:36:04+02:00,184.0,1,Lillestrøm,VYG:Line:L1,Spikkestad-Oslo S-Lillestrøm,L1,rail,VYG:ServiceJourney:2214_443607-R,True,actual,False,Færre vogner,Denne avgangen kjører dessverre med 4 vogner i stedet for 8 vogner. Dette skyldes at vi mangler et togsett.,general,normal,2026-09-07T08:42:24.659182+02:00
NSR:StopPlace:60047,Melhus skysstasjon,2026-09-07T07:12:00+02:00,2026-09-07T07:15:04+02:00,2026-09-07T07:15:04+02:00,184.0,1,Trondheim S,SJN:Line:25,Rørosbanen,R60,rail,SJN:ServiceJourney:411_37676-R,True,actual,False,,,,,2026-09-07T08:42:24.659182+02:00
NSR:StopPlace:58838,Røyken stasjon,2026-09-07T07:38:00+02:00,2026-09-07T07:41:04+02:00,2026-09-07T07:41:04+02:00,184.0,1,Sætre,RUT:Line:261,Drammen - Lahell - Røyken - Sætre,261,bus,RUT:ServiceJourney:88aefbd7a54585d7d199e16dd8f47c27,True,actual,False,Fra 17/8 går linje 61-63-71-73-251-261 og skolebusser fra holdeplass ved Skutebrygga ut av byen.Les mer på brakar.no/trafikkmeldinger.,,general,normal,2026-09-07T08:42:24.659182+02:00
NSR:StopPlace:58861,Solbråtan stasjon,2026-09-07T07:59:00+02:00,2026-09-07T08:02:04+02:00,2026-09-07T08:02:04+02:00,184.0,1,Sofiemyråsen,RUT:Line:585,Kolbotn - Svartskog,585,bus,RUT:ServiceJourney:31a06700668e94353321120664d31f6d,True,actual,False,,,,,2026-09-07T08:42:24.659182+02:00
NSR:StopPlace:58819,Grua stasjon,2026-09-07T08:11:00+02:00,2026-09-07T08:14:04+02:00,2026-09-07T08:14:04+02:00,184.0,1,Brandbu via Mohagen,INN:Line:112,Brandbu-Gran-Harestua,112,bus,INN:ServiceJourney:70822,True,actual,False,,,,,2026-09-07T08:42:24.659182+02:00
NSR:StopPlace:59952,Drammen stasjon,2026-09-07T22:05:00+02:00,2026-09-07T22:08:03+02:00,2026-09-07T22:08:03+02:00,183.0,1,Dal,VYG:Line:R13,Drammen-Oslo S-Dal,R13,rail,VYG:ServiceJourney:1671_443365-R,True,actual,False,,,,,2026-09-08T00:20:52.129880+02:00
NSR:StopPlace:58859,Nordby stasjon,2026-09-07T22:53:00+02:00,2026-09-07T22:56:03+02:00,2026-09-07T22:56:03+02:00,183.0,1,Dal,VYG:Line:R13,Drammen-Oslo S-Dal,R13,rail,VYG:ServiceJourney:1669_443361-R,True,actual,False,,,,,2026-09-08T00:20:52.129880+02:00
NSR:StopPlace:58863,Svingen stasjon,2026-09-07T16:54:00+02:00,2026-09-07T16:57:03+02:00,2026-09-07T16:57:03+02:00,183.0,1,Kongsvinger,VYG:Line:R14,Asker-Oslo S-Kongsvinger,R14,rail,VYG:ServiceJourney:1053-HAV_442957-R,True,actual,False,,,,,2026-09-07T20:27:16.249662+02:00
NSR:StopPlace:62393,Billingstad stasjon,2026-09-07T19:13:00+02:00,2026-09-07T19:16:03+02:00,2026-09-07T19:16:03+02:00,183.0,1,Lillestrøm,VYG:Line:L1,Spikkestad-Oslo S-Lillestrøm,L1,rail,VYG:ServiceJourney:2260_445359-R,True,actual,False,,,,,2026-09-07T20:27:16.249662+02:00
NSR:StopPlace:59653,Haugenstua stasjon,2026-09-07T15:10:00+02:00,2026-09-07T15:13:03+02:00,2026-09-07T15:13:03+02:00,183.0,1,Asker,VYG:Line:L1,Spikkestad-Oslo S-Lillestrøm,L1,rail,VYG:ServiceJourney:2141_443549-R,True,actual,False,Færre vogner,Denne avgangen kjører dessverre med 4 vogner i stedet for 8 vogner. Dette skyldes at vi mangler et togsett.,general,normal,2026-09-07T15:44:36.205822+02:00
NSR:StopPlace:58935,Levanger stasjon,2026-09-07T15:15:00+02:00,2026-09-07T15:18:03+02:00,2026-09-07T15:18:03+02:00,183.0,1,Sykehuset Levanger,ATB:Line:2_640,Levanger - Steinkjer,640,bus,ATB:ServiceJourney:640_260106098642269_9,True,actual,False,,,,,2026-09-07T15:44:36.205822+02:00
NSR:StopPlace:58794,Fredrikstad stasjon,2026-09-07T15:10:00+02:00,2026-09-07T15:13:03+02:00,2026-09-07T15:13:03+02:00,183.0,1,Kalnes,OST:Line:1_4,Fredrikstad - Kalnes,4,bus,OST:ServiceJourney:4_260325121471303_29,True,actual,False,,,,,2026-09-07T15:44:36.205822+02:00
NSR:StopPlace:58852,Høn stasjon,2026-09-07T15:36:00+02:00,2026-09-07T15:39:03+02:00,2026-09-07T15:39:03+02:00,183.0,1,Lillestrøm,VYG:Line:L1,Spikkestad-Oslo S-Lillestrøm,L1,rail,VYG:ServiceJourney:2246_443661-R,True,actual,False,,,,,2026-09-07T15:44:36.205822+02:00
NSR:StopPlace:58931,Fannrem stasjon,2026-09-07T07:00:00+02:00,2026-09-07T07:03:03+02:00,2026-09-07T07:03:03+02:00,183.0,1,Berkåk st. via Løkken og Meldal,ATB:Line:2_460,Orkanger - Meldal - Berkåk,460,bus,ATB:ServiceJourney:460_260106098640555_4,True,actual,False,,,,,2026-09-07T08:42:24.659182+02:00
NSR:StopPlace:58839,Steinberg stasjon,2026-09-07T08:05:00+02:00,2026-09-07T08:08:03+02:00,2026-09-07T08:08:03+02:00,183.0,1,Drammen via Mjøndalen,BRA:Line:4_6101,Drammen-Vikersund/Hønefoss,101,bus,BRA:ServiceJourney:6101_260415100161330_1010,True,actual,False,,,,,2026-09-07T08:42:24.659182+02:00
NSR:StopPlace:58853,Kolbotn stasjon,2026-09-07T06:19:00+02:00,2026-09-07T06:22:03+02:00,2026-09-07T06:22:03+02:00,183.0,1,Bjørvika,RUT:Line:83,Jernbanetorget - Tårnåsen,83,bus,RUT:ServiceJourney:5fc5d33e2a662e7a69ffd3e2192f10ae,True,actual,False,Linje 80E og 83 får Hausmanns bru som ny endeholdeplass fra 29. juni,"Bussene stopper ikke på Jernbanetorget etter 29. juni, men starter og stopper på Hausmanns bru i Nylandsveien.",incident,normal,2026-09-07T08:42:24.659182+02:00
NSR:StopPlace:441,Auli stasjon,2026-09-07T07:41:00+02:00,2026-09-07T07:44:03+02:00,2026-09-07T07:44:03+02:00,183.0,1,Kongsvinger,VYG:Line:R14,Asker-Oslo S-Kongsvinger,R14,rail,VYG:ServiceJourney:1005_442910-R,True,actual,False,,,,,2026-09-07T08:42:24.659182+02:00
NSR:StopPlace:59648,Kjelsås stasjon,2026-09-07T22:41:00+02:00,2026-09-07T22:44:02+02:00,2026-09-07T22:44:02+02:00,182.0,1,Haugerud,RUT:Line:25,Majorstuen-Haugerud,25,bus,RUT:ServiceJourney:fce4926e50e38b6e8077490fd16060a2,True,actual,False,,,,,2026-09-08T00:20:52.129880+02:00
NSR:StopPlace:59641,Fjellhamar stasjon,2026-09-07T22:18:00+02:00,2026-09-07T22:21:02+02:00,2026-09-07T22:21:02+02:00,182.0,1,Lillestrøm,VYG:Line:L1,Spikkestad-Oslo S-Lillestrøm,L1,rail,VYG:ServiceJourney:2168_443578-R,True,actual,False,,,,,2026-09-08T00:20:52.129880+02:00
NSR:StopPlace:59650,Nyland stasjon,2026-09-07T22:51:00+02:00,2026-09-07T22:54:02+02:00,2026-09-07T22:54:02+02:00,182.0,1,Lillestrøm,VYG:Line:L1,Spikkestad-Oslo S-Lillestrøm,L1,rail,VYG:ServiceJourney:2272_465117-R,True,actual,False,,,,,2026-09-08T00:20:52.129880+02:00
NSR:StopPlace:58847,Frogner stasjon,2026-09-07T23:34:00+02:00,2026-09-07T23:37:02+02:00,2026-09-07T23:37:02+02:00,182.0,1,Dal,VYG:Line:R13,Drammen-Oslo S-Dal,R13,rail,VYG:ServiceJourney:1673_443370-R,True,actual,False,,,,,2026-09-08T00:20:52.129880+02:00
NSR:StopPlace:58852,Høn stasjon,2026-09-07T23:59:00+02:00,2026-09-08T00:02:02+02:00,2026-09-08T00:02:02+02:00,182.0,1,Asker,VYG:Line:L1,Spikkestad-Oslo S-Lillestrøm,L1,rail,VYG:ServiceJourney:2173_443584-R,True,actual,False,,,,,2026-09-08T00:20:52.129880+02:00
NSR:StopPlace:59649,Nydalen stasjon,2026-09-07T14:53:00+02:00,2026-09-07T14:56:02+02:00,2026-09-07T14:56:02+02:00,182.0,1,Fornebu,RUT:Line:24,Fornebu vest - Brynseng T,24,bus,RUT:ServiceJourney:108a145609e62e29d63387dfced21cdf,True,actual,False,,,,,2026-09-07T15:44:36.205822+02:00
NSR:StopPlace:58864,Sørumsand stasjon,2026-09-07T15:37:00+02:00,2026-09-07T15:40:02+02:00,2026-09-07T15:40:02+02:00,182.0,1,Blaker ring,RUT:Line:2370,Sørumsand - Blaker - Sørumsand,370B,bus,RUT:ServiceJourney:30e04a1a702e78f3e77e7dcc81ebc6d9,True,actual,False,,,,,2026-09-07T15:44:36.205822+02:00
NSR:StopPlace:58877,Bø stasjon,2026-09-07T15:27:00+02:00,2026-09-07T15:30:02+02:00,2026-09-07T15:30:02+02:00,182.0,1,Stavanger,GOA:Line:50,Sørtoget region,F5,rail,GOA:ServiceJourney:713-LOD_68191-R,True,actual,False,,,,,2026-09-07T15:44:36.205822+02:00
NSR:StopPlace:59649,Nydalen stasjon,2026-09-07T07:38:00+02:00,2026-09-07T07:41:02+02:00,2026-09-07T07:41:02+02:00,182.0,1,Lysaker,RUT:Line:23,Lysaker - Simensbråten,23,bus,RUT:ServiceJourney:f2e00cb08e7ea6c24c3e52c0a4263c22,True,actual,False,,,,,2026-09-07T08:42:24.659182+02:00
NSR:StopPlace:59643,Grefsen stasjon,2026-09-07T07:28:00+02:00,2026-09-07T07:31:02+02:00,2026-09-07T07:31:02+02:00,182.0,1,Fornebu,RUT:Line:24,Fornebu vest - Brynseng T,24,bus,RUT:ServiceJourney:7764ee8d1ba45283b7d3b25a230708e3,True,actual,False,,,,,2026-09-07T08:42:24.659182+02:00
NSR:StopPlace:60640,Heimdal stasjon,2026-09-07T07:00:00+02:00,2026-09-07T07:03:02+02:00,2026-09-07T07:03:02+02:00,182.0,1,Ranheim via Tiller-sentrum,ATB:Line:2_1,Ranheim - Strindheim - sentrum - Tiller - Heimdal - Kattem,1,bus,ATB:ServiceJourney:1_251215112545977_17,True,actual,False,,,,,2026-09-07T08:42:24.659182+02:00
NSR:StopPlace:59620,Grorud stasjon,2026-09-07T06:34:00+02:00,2026-09-07T06:37:02+02:00,2026-09-07T06:37:02+02:00,182.0,1,Åsbråten,RUT:Line:79,Grorud T - Åsbråten,79,bus,RUT:ServiceJourney:f85c4a9ec5895e295cefbcf571b5b4bf,True,actual,False,,,,,2026-09-07T08:42:24.659182+02:00
NSR:StopPlace:59620,Grorud stasjon,2026-09-07T06:54:00+02:00,2026-09-07T06:57:02+02:00,2026-09-07T06:57:02+02:00,182.0,1,Grorud T,RUT:Line:79,Grorud T - Åsbråten,79,bus,RUT:ServiceJourney:3cb1b9f1354e2ba26534d4330e0deee9,True,actual,False,,,,,2026-09-07T08:42:24.659182+02:00
NSR:StopPlace:58925,Gausel stasjon,2026-09-07T06:27:00+02:00,2026-09-07T06:30:02+02:00,2026-09-07T06:30:02+02:00,182.0,1,Stavanger,KOL:Line:8_1001,1,1,bus,KOL:ServiceJourney:1001_251008118371436_2006,True,actual,False,,,,,2026-09-07T08:42:24.659182+02:00
NSR:StopPlace:58926,Dale stasjon,2026-09-07T07:49:00+02:00,2026-09-07T07:52:02+02:00,2026-09-07T07:52:02+02:00,182.0,1,Mo,SKY:Line:923,Modalen - Dale,923,bus,SKY:ServiceJourney:923-208760-21965687,True,actual,False,,,,,2026-09-07T08:42:24.659182+02:00
NSR:StopPlace:58848,Haga stasjon,2026-09-07T07:36:00+02:00,2026-09-07T07:39:02+02:00,2026-09-07T07:39:02+02:00,182.0,1,Runni,RUT:Line:455,Årnes -Rånåsfoss,455,bus,RUT:ServiceJourney:4995c3d12181c3842c44a3196d997b24,True,actual,False,,,,,2026-09-07T08:42:24.659182+02:00
NSR:StopPlace:584,Bulken stasjon,2026-09-07T06:40:00+02:00,2026-09-07T06:43:02+02:00,2026-09-07T06:43:02+02:00,182.0,1,Bergen,VYG:Line:R40,Bergen-Voss-Myrdal-Ål,R40,rail,VYG:ServiceJourney:1809_443395-R,True,actual,False,Åpnet: Bulken–Bolstadøyri,"Bulken–Bolstadøyri er åpen for togtrafikk igjen. Togene kjører, men det kan ta litt tid før de er i rute. Du må derfor regne med forsinkelser, og at enkelte avganger kan bli innstilt.",general,normal,2026-09-07T08:42:24.659182+02:00
NSR:StopPlace:62341,Tangen stasjon,2026-09-07T04:42:00+02:00,2026-09-07T04:45:02+02:00,2026-09-07T04:45:02+02:00,182.0,1,Skien,VYG:Line:RE11,Eidsvoll-Oslo S-Skien,RE11,rail,VYG:ServiceJourney:300-803-HHS_658721-R,True,actual,False,,,,,2026-09-07T08:42:24.659182+02:00
NSR:StopPlace:62380,Røra stasjon,2026-09-07T08:05:00+02:00,2026-09-07T08:08:02+02:00,2026-09-07T08:08:02+02:00,182.0,1,Steinkjer,SJN:Line:26,Trønderbanen,R70,rail,SJN:ServiceJourney:423_56052-R,True,actual,False,,,,,2026-09-07T08:42:24.659182+02:00
NSR:StopPlace:61466,Vakås stasjon,2026-09-07T23:11:00+02:00,2026-09-07T23:14:01+02:00,2026-09-07T23:14:01+02:00,181.0,1,Spikkestad,VYG:Line:L1,Spikkestad-Oslo S-Lillestrøm,L1,rail,VYG:ServiceJourney:2271_443704-R,True,actual,False,,,,,2026-09-08T00:20:52.129880+02:00
NSR:StopPlace:58843,Blommenholm stasjon,2026-09-07T23:28:00+02:00,2026-09-07T23:31:01+02:00,2026-09-07T23:31:01+02:00,181.0,1,Spikkestad,VYG:Line:L1,Spikkestad-Oslo S-Lillestrøm,L1,rail,VYG:ServiceJourney:2273_443707-R,True,actual,False,,,,,2026-09-08T00:20:52.129880+02:00
NSR:StopPlace:58822,Opphus stasjon,2026-09-07T21:14:00+02:00,2026-09-07T21:17:01+02:00,2026-09-07T21:17:01+02:00,181.0,1,Røros,SJN:Line:25,Rørosbanen,R60,rail,SJN:ServiceJourney:2393_37671-R,True,actual,False,,,,,2026-09-08T00:20:52.129880+02:00
NSR:StopPlace:59952,Drammen stasjon,2026-09-07T17:17:00+02:00,2026-09-07T17:20:01+02:00,2026-09-07T17:20:01+02:00,181.0,1,Eidsvoll,VYG:Line:R12,Kongsberg-Oslo S-Eidsvoll,R12,rail,VYG:ServiceJourney:526_444332-R,True,actual,False,,,,,2026-09-07T20:27:16.249662+02:00
NSR:StopPlace:59958,Voss stasjon,2026-09-07T17:52:00+02:00,2026-09-07T17:55:01+02:00,2026-09-07T17:55:01+02:00,181.0,1,Myrdal,VYG:Line:R40,Bergen-Voss-Myrdal-Ål,R40,rail,VYG:ServiceJourney:1824_554550-R,True,actual,False,,,,,2026-09-07T20:27:16.249662+02:00
NSR:StopPlace:58862,Strømmen stasjon,2026-09-07T19:28:00+02:00,2026-09-07T19:31:01+02:00,2026-09-07T19:31:01+02:00,181.0,1,Lørenskog sentrum,RUT:Line:385,Nittedal stasjon - Olavsgaard - Ahus,385,bus,RUT:ServiceJourney:04fcf9c39259f8c0b282a644444124e1,True,actual,False,,,,,2026-09-07T20:27:16.249662+02:00
NSR:StopPlace:58886,Arendal stasjon,2026-09-07T18:10:00+02:00,2026-09-07T18:13:01+02:00,2026-09-07T18:13:01+02:00,181.0,1,Nelaug,GOA:Line:53,Sørtoget lokal,R50,rail,GOA:ServiceJourney:2074_63027-R,True,actual,False,,,,,2026-09-07T20:27:16.249662+02:00
NSR:StopPlace:62308,Alna stasjon,2026-09-07T17:47:00+02:00,2026-09-07T17:50:01+02:00,2026-09-07T17:50:01+02:00,181.0,1,Asker,VYG:Line:L1,Spikkestad-Oslo S-Lillestrøm,L1,rail,VYG:ServiceJourney:2151_443560-R,True,actual,False,,,,,2026-09-07T20:27:16.249662+02:00
NSR:StopPlace:58860,Oppegård stasjon,2026-09-07T15:01:00+02:00,2026-09-07T15:04:01+02:00,2026-09-07T15:04:01+02:00,181.0,1,Kolbotn torg,RUT:Line:580,Kolbotn - Ski,580,bus,RUT:ServiceJourney:8f560e21da5136defa5189a6fb4232d9,True,actual,False,,,,,2026-09-07T15:44:36.205822+02:00
NSR:StopPlace:62311,Vigrestad stasjon,2026-09-07T14:44:00+02:00,2026-09-07T14:47:01+02:00,2026-09-07T14:47:01+02:00,181.0,1,Egersund,GOA:Line:59,Jærbanen,L5,rail,GOA:ServiceJourney:3040_63080-R,True,actual,False,,,,,2026-09-07T15:44:36.205822+02:00
NSR:StopPlace:61334,Ogna stasjon,2026-09-07T05:41:00+02:00,2026-09-07T05:44:01+02:00,2026-09-07T05:44:01+02:00,181.0,1,Egersund,GOA:Line:59,Jærbanen,L5,rail,GOA:ServiceJourney:3004_63035-R,True,actual,False,,,,,2026-09-07T08:42:24.659182+02:00
NSR:StopPlace:59703,Åndalsnes stasjon,2026-09-07T06:10:00+02:00,2026-09-07T06:13:01+02:00,2026-09-07T06:13:01+02:00,181.0,1,Molde,MOR:Line:420,Fram Ekspress Molde-Åndalsnes,420,bus,MOR:ServiceJourney:420_101_9150000047248814,True,actual,False,,,,,2026-09-07T08:42:24.659182+02:00
NSR:StopPlace:59092,Gyland stasjon,2026-09-07T08:36:00+02:00,2026-09-07T08:39:01+02:00,2026-09-07T08:39:01+02:00,181.0,1,Oslo S,GOA:Line:50,Sørtoget region,F5,rail,GOA:ServiceJourney:706-KVB_63227-R,True,actual,False,,,,,2026-09-07T08:42:24.659182+02:00
NSR:StopPlace:58845,Eidsvoll verk stasjon,2026-09-07T08:30:00+02:00,2026-09-07T08:33:01+02:00,2026-09-07T08:33:01+02:00,181.0,1,Eidsvoll,RUT:Line:430,Eidsvoll - Jessheim,430,bus,RUT:ServiceJourney:15d302d1e908d768f63b917608462a8b,True,actual,False,,,,,2026-09-07T08:42:24.659182+02:00
NSR:StopPlace:58857,Lørenskog stasjon,2026-09-07T08:07:00+02:00,2026-09-07T08:10:01+02:00,2026-09-07T08:10:01+02:00,181.0,1,Nesåsen,RUT:Line:120,Nesåsen - Stovner,120,bus,RUT:ServiceJourney:b6ea0258e6de09d4286053bca740ef13,True,actual,False,,,,,2026-09-07T08:42:24.659182+02:00
NSR:StopPlace:58865,Vestby stasjon,2026-09-07T08:05:00+02:00,2026-09-07T08:08:01+02:00,2026-09-07T08:08:01+02:00,181.0,1,Vestby arena,RUT:Line:530,Pepperstad - Vestby stasjon,530,bus,RUT:ServiceJourney:5675e977b8ec745f38faba85503cecf5,True,actual,False,,,,,2026-09-07T08:42:24.659182+02:00
NSR:StopPlace:59620,Grorud stasjon,2026-09-08T00:57:00+02:00,2026-09-08T01:00:00+02:00,2026-09-08T01:00:00+02:00,180.0,1,Drammen,VYG:Line:L1,Spikkestad-Oslo S-Lillestrøm,L1,rail,VYG:ServiceJourney:2281_443719-R,True,actual,False,,,,,2026-09-08T03:39:50.209703+02:00
NSR:StopPlace:58857,Lørenskog stasjon,2026-09-07T22:14:00+02:00,2026-09-07T22:17:00+02:00,2026-09-07T22:17:00+02:00,180.0,1,Lillestrøm,VYG:Line:L1,Spikkestad-Oslo S-Lillestrøm,L1,rail,VYG:ServiceJourney:2168_443578-R,True,actual,False,,,,,2026-09-08T00:20:52.129880+02:00
NSR:StopPlace:58821,Hjerkinn stasjon,2026-09-07T20:34:00+02:00,2026-09-07T20:37:00+02:00,2026-09-07T20:37:00+02:00,180.0,1,Trondheim S,SJN:Line:21,Dovrebanen,F6,rail,SJN:ServiceJourney:49-LOD_54215-R,True,actual,False,,,,,2026-09-08T00:20:52.129880+02:00
NSR:StopPlace:313,Høybråten stasjon,2026-09-07T23:42:00+02:00,2026-09-07T23:45:00+02:00,2026-09-07T23:45:00+02:00,180.0,1,Lillestrøm,VYG:Line:L1,Spikkestad-Oslo S-Lillestrøm,L1,rail,VYG:ServiceJourney:2174_443585-R,True,actual,False,,,,,2026-09-08T00:20:52.129880+02:00
NSR:StopPlace:62393,Billingstad stasjon,2026-09-08T00:06:00+02:00,2026-09-08T00:09:00+02:00,2026-09-08T00:09:00+02:00,180.0,1,Spikkestad,VYG:Line:L1,Spikkestad-Oslo S-Lillestrøm,L1,rail,VYG:ServiceJourney:2275_443710-R,True,actual,False,,,,,2026-09-08T00:20:52.129880+02:00
NSR:StopPlace:59620,Grorud stasjon,2026-09-07T16:54:00+02:00,2026-09-07T16:57:00+02:00,2026-09-07T16:57:00+02:00,180.0,1,Åsbråten,RUT:Line:79,Grorud T - Åsbråten,79,bus,RUT:ServiceJourney:fb85cd2a46ba6a04d303e1264d6ded26,True,actual,False,,,,,2026-09-07T20:27:16.249662+02:00
NSR:StopPlace:58839,Steinberg stasjon,2026-09-07T19:02:00+02:00,2026-09-07T19:05:00+02:00,2026-09-07T19:05:00+02:00,180.0,1,Eidsvoll,VYG:Line:R12,Kongsberg-Oslo S-Eidsvoll,R12,rail,VYG:ServiceJourney:530_444338-R,True,actual,False,,,,,2026-09-07T20:27:16.249662+02:00
NSR:StopPlace:58866,Vevelstad stasjon,2026-09-07T18:19:00+02:00,2026-09-07T18:22:00+02:00,2026-09-07T18:22:00+02:00,180.0,1,Bøleråsen,RUT:Line:510,Bøleråsen - Ski - Ås - Drøbak,510,bus,RUT:ServiceJourney:6236c485f98f13d014044c03561c124d,True,actual,False,,,,,2026-09-07T20:27:16.249662+02:00
NSR:StopPlace:58813,Skarnes stasjon,2026-09-07T18:49:00+02:00,2026-09-07T18:52:00+02:00,2026-09-07T18:52:00+02:00,180.0,1,Asker,VYG:Line:R14,Asker-Oslo S-Kongsvinger,R14,rail,VYG:ServiceJourney:1030_442941-R,True,actual,False,Heis på Skarnes ute av drift,Heisen på Skarnes til spor 2 er ute av drift.,general,normal,2026-09-07T20:27:16.249662+02:00
NSR:StopPlace:62308,Alna stasjon,2026-09-07T19:18:00+02:00,2026-09-07T19:21:00+02:00,2026-09-07T19:21:00+02:00,180.0,1,Lillestrøm,VYG:Line:L1,Spikkestad-Oslo S-Lillestrøm,L1,rail,VYG:ServiceJourney:2258_443682-R,True,actual,False,,,,,2026-09-07T20:27:16.249662+02:00
NSR:StopPlace:59244,Egersund stasjon,2026-09-07T15:19:00+02:00,2026-09-07T15:22:00+02:00,2026-09-07T15:22:00+02:00,180.0,1,Stavanger,GOA:Line:59,Jærbanen,L5,rail,GOA:ServiceJourney:3045_63088-R,True,actual,False,,,,,2026-09-07T15:44:36.205822+02:00
NSR:StopPlace:63079,Skeiane stasjon,2026-09-07T15:12:00+02:00,2026-09-07T15:15:00+02:00,2026-09-07T15:15:00+02:00,180.0,1,Egersund,GOA:Line:59,Jærbanen,L5,rail,GOA:ServiceJourney:3044_63087-R,True,actual,False,,,,,2026-09-07T15:44:36.205822+02:00
NSR:StopPlace:61251,Øksnavadporten stasjon,2026-09-07T07:35:00+02:00,2026-09-07T07:38:00+02:00,2026-09-07T07:38:00+02:00,180.0,1,Stavanger,GOA:Line:59,Jærbanen,L5,rail,GOA:ServiceJourney:3011_63043-R,True,actual,False,,,,,2026-09-07T08:42:24.659182+02:00
NSR:StopPlace:59654,Stabekk stasjon,2026-09-07T07:24:00+02:00,2026-09-07T07:27:00+02:00,2026-09-07T07:27:00+02:00,180.0,1,Gullhaug,RUT:Line:150,Gullhaug - Nationaltheatret,150,bus,RUT:ServiceJourney:a877d145be20b7aa355b19ee11eaf9cd,True,actual,False,Holdeplass Stabekk stasjon i retning mot Bekkestua er flyttet ca. 50 meter bakover.,Dette skyldes anleggsarbeid i området.,incident,normal,2026-09-07T08:42:24.659182+02:00
NSR:StopPlace:59957,Klepp stasjon,2026-09-07T07:32:00+02:00,2026-09-07T07:35:00+02:00,2026-09-07T07:35:00+02:00,180.0,1,Stavanger,GOA:Line:59,Jærbanen,L5,rail,GOA:ServiceJourney:3011_63043-R,True,actual,False,,,,,2026-09-07T08:42:24.659182+02:00
NSR:StopPlace:59958,Voss stasjon,2026-09-07T05:52:00+02:00,2026-09-07T05:55:00+02:00,2026-09-07T05:55:00+02:00,180.0,1,Bergen,VYG:Line:R40,Bergen-Voss-Myrdal-Ål,R40,rail,VYG:ServiceJourney:1807_445121-R,True,actual,False,,,,,2026-09-07T08:42:24.659182+02:00
NSR:StopPlace:58862,Strømmen stasjon,2026-09-07T08:05:00+02:00,2026-09-07T08:08:00+02:00,2026-09-07T08:08:00+02:00,180.0,1,Lillestrøm,RUT:Line:381,Guldhaug-Tømte - Lillestrøm,381,bus,RUT:ServiceJourney:531d3ea6ab260649b4469a296f104998,True,actual,False,,,,,2026-09-07T08:42:24.659182+02:00
NSR:StopPlace:59616,Asker stasjon,2026-09-08T00:19:00+02:00,2026-09-08T00:21:59+02:00,2026-09-08T00:21:59+02:00,179.0,1,Eidsvoll,VYG:Line:R13,Drammen-Oslo S-Dal,R13,rail,VYG:ServiceJourney:1679_443385-R,True,actual,False,,,,,2026-09-08T03:39:50.209703+02:00
NSR:StopPlace:58862,Strømmen stasjon,2026-09-07T22:58:00+02:00,2026-09-07T23:00:59+02:00,2026-09-07T23:00:59+02:00,179.0,1,Lørenskog sentrum,RUT:Line:385,Nittedal stasjon - Olavsgaard - Ahus,385,bus,RUT:ServiceJourney:00965db9da7a74c8e2771a5cb8b530b8,True,actual,False,,,,,2026-09-08T00:20:52.129880+02:00
NSR:StopPlace:58921,Vennesla stasjon,2026-09-07T17:23:00+02:00,2026-09-07T17:25:59+02:00,2026-09-07T17:25:59+02:00,179.0,1,Kristiansand via Mosby,AKT:Line:30,Kvadraturen - Mosby - Vennesl,30,bus,AKT:ServiceJourney:79461_222_48_123240_126000_40001545,True,actual,False,,,,,2026-09-07T20:27:16.249662+02:00
NSR:StopPlace:58795,Kambo stasjon,2026-09-07T19:26:00+02:00,2026-09-07T19:28:59+02:00,2026-09-07T19:28:59+02:00,179.0,1,Moss,RUT:Line:540,Moss - Son - Vestby stasjon,540,bus,RUT:ServiceJourney:3111fdbf983805a37ddc9960ec84d25b,True,actual,False,,,,,2026-09-07T20:27:16.249662+02:00
NSR:StopPlace:58848,Haga stasjon,2026-09-07T18:54:00+02:00,2026-09-07T18:56:59+02:00,2026-09-07T18:56:59+02:00,179.0,1,Årnes,RUT:Line:455,Årnes -Rånåsfoss,455,bus,RUT:ServiceJourney:36a075955c1fe85f956448806c3cf8c9,True,actual,False,,,,,2026-09-07T20:27:16.249662+02:00
NSR:StopPlace:58848,Haga stasjon,2026-09-07T20:18:00+02:00,2026-09-07T20:20:59+02:00,2026-09-07T20:20:59+02:00,179.0,1,Rånåsfoss,RUT:Line:455,Årnes -Rånåsfoss,455,bus,RUT:ServiceJourney:6fbe54b57526ca67540edb6f9714e9f7,True,actual,False,,,,,2026-09-07T20:27:16.249662+02:00
NSR:StopPlace:628,Darbu stasjon,2026-09-07T16:48:00+02:00,2026-09-07T16:50:59+02:00,2026-09-07T16:50:59+02:00,179.0,1,Eidsvoll,VYG:Line:R12,Kongsberg-Oslo S-Eidsvoll,R12,rail,VYG:ServiceJourney:526_444332-R,True,actual,False,,,,,2026-09-07T20:27:16.249662+02:00
NSR:StopPlace:62341,Tangen stasjon,2026-09-07T16:25:00+02:00,2026-09-07T16:27:59+02:00,2026-09-07T16:27:59+02:00,179.0,1,Lillehammer,VYG:Line:RE10,Drammen-Oslo S-Lillehammer,RE10,rail,VYG:ServiceJourney:323-SUD_486402-R,True,actual,False,,,,,2026-09-07T20:27:16.249662+02:00
NSR:StopPlace:61341,Drevvatn stasjon,2026-09-07T14:41:00+02:00,2026-09-07T14:43:59+02:00,2026-09-07T14:43:59+02:00,179.0,1,Elsfjord,NOR:Line:12_8253,Mosjøen-Granmoen-Drevvatn-Elsf,253,bus,NOR:ServiceJourney:8253_251012124859995_1010,True,actual,False,,,,,2026-09-07T15:44:36.205822+02:00
NSR:StopPlace:61872,Nærbø stasjon,2026-09-07T14:52:00+02:00,2026-09-07T14:54:59+02:00,2026-09-07T14:54:59+02:00,179.0,1,Stavanger,GOA:Line:59,Jærbanen,L5,rail,GOA:ServiceJourney:3041_63082-R,True,actual,False,,,,,2026-09-07T15:44:36.205822+02:00
NSR:StopPlace:59643,Grefsen stasjon,2026-09-07T07:31:00+02:00,2026-09-07T07:33:59+02:00,2026-09-07T07:33:59+02:00,179.0,1,Simensbråten,RUT:Line:23,Lysaker - Simensbråten,23,bus,RUT:ServiceJourney:a2de26ec5468c8752fd0b2e5a9212539,True,actual,False,,,,,2026-09-07T08:42:24.659182+02:00
NSR:StopPlace:58954,Fauske stasjon,2026-09-07T08:35:00+02:00,2026-09-07T08:37:59+02:00,2026-09-07T08:37:59+02:00,179.0,1,Narvik - Sortland,NOR:Line:12_8100,Bodø - Fauske - Narvik/Sortland,100,bus,NOR:ServiceJourney:8100_260126119370386_1020,True,actual,False,,,,,2026-09-07T08:42:24.659182+02:00
NSR:StopPlace:58846,Fetsund stasjon,2026-09-07T08:36:00+02:00,2026-09-07T08:38:59+02:00,2026-09-07T08:38:59+02:00,179.0,1,Asker,VYG:Line:R14,Asker-Oslo S-Kongsvinger,R14,rail,VYG:ServiceJourney:1008_442913-R,True,actual,False,,,,,2026-09-07T08:42:24.659182+02:00
NSR:StopPlace:58847,Frogner stasjon,2026-09-07T08:34:00+02:00,2026-09-07T08:36:59+02:00,2026-09-07T08:36:59+02:00,179.0,1,Dal,VYG:Line:R13,Drammen-Oslo S-Dal,R13,rail,VYG:ServiceJourney:1613_443239-R,True,actual,False,,,,,2026-09-07T08:42:24.659182+02:00
NSR:StopPlace:58870,Holmestrand stasjon,2026-09-07T08:31:00+02:00,2026-09-07T08:33:59+02:00,2026-09-07T08:33:59+02:00,179.0,1,Skien,VYG:Line:RE11,Eidsvoll-Oslo S-Skien,RE11,rail,VYG:ServiceJourney:807_481326-R,True,actual,False,,,,,2026-09-07T08:42:24.659182+02:00
NSR:StopPlace:58889,Gjerstad stasjon,2026-09-07T07:59:00+02:00,2026-09-07T08:01:59+02:00,2026-09-07T08:01:59+02:00,179.0,1,Abel skole,AKT:Line:1966,Skolebusser Gjerstad,1966,bus,AKT:ServiceJourney:87722_21_30_55200_57000_3909660,True,actual,False,,,,,2026-09-07T08:42:24.659182+02:00
NSR:StopPlace:62392,Slependen stasjon,2026-09-07T08:15:00+02:00,2026-09-07T08:17:59+02:00,2026-09-07T08:17:59+02:00,179.0,1,Lillestrøm,VYG:Line:L1,Spikkestad-Oslo S-Lillestrøm,L1,rail,VYG:ServiceJourney:2216_445310-R,True,actual,False,Færre vogner,Denne avgangen kjører dessverre med 4 vogner i stedet for 8 vogner. Dette skyldes at vi mangler et togsett.,general,normal,2026-09-07T08:42:24.659182+02:00
NSR:StopPlace:41,Hanaborg stasjon,2026-09-07T23:46:00+02:00,2026-09-07T23:48:58+02:00,2026-09-07T23:48:58+02:00,178.0,1,Lillestrøm,VYG:Line:L1,Spikkestad-Oslo S-Lillestrøm,L1,rail,VYG:ServiceJourney:2174_443585-R,True,actual,False,,,,,2026-09-08T00:20:52.129880+02:00
NSR:StopPlace:59952,Drammen stasjon,2026-09-07T23:14:00+02:00,2026-09-07T23:16:58+02:00,2026-09-07T23:16:58+02:00,178.0,1,Skien,VYG:Line:RE11,Eidsvoll-Oslo S-Skien,RE11,rail,VYG:ServiceJourney:837_444417-R,True,actual,False,,,,,2026-09-08T00:20:52.129880+02:00
NSR:StopPlace:58857,Lørenskog stasjon,2026-09-07T23:14:00+02:00,2026-09-07T23:16:58+02:00,2026-09-07T23:16:58+02:00,178.0,1,Lillestrøm,VYG:Line:L1,Spikkestad-Oslo S-Lillestrøm,L1,rail,VYG:ServiceJourney:2172_443583-R,True,actual,False,,,,,2026-09-08T00:20:52.129880+02:00
NSR:StopPlace:62393,Billingstad stasjon,2026-09-07T22:43:00+02:00,2026-09-07T22:45:58+02:00,2026-09-07T22:45:58+02:00,178.0,1,Lillestrøm,VYG:Line:L1,Spikkestad-Oslo S-Lillestrøm,L1,rail,VYG:ServiceJourney:2274_443709-R,True,actual,False,,,,,2026-09-08T00:20:52.129880+02:00
NSR:StopPlace:60047,Melhus skysstasjon,2026-09-07T17:16:00+02:00,2026-09-07T17:18:58+02:00,2026-09-07T17:18:58+02:00,178.0,1,Trondheim S,ATB:Line:2_340,Trondheim - Støren,340,bus,ATB:ServiceJourney:340_260106098639883_29,True,actual,False,,,,,2026-09-07T20:27:16.249662+02:00
NSR:StopPlace:58930,Larvik stasjon,2026-09-07T17:40:00+02:00,2026-09-07T17:42:58+02:00,2026-09-07T17:42:58+02:00,178.0,1,Stavern-Kysthospitalet,VKT:Line:4,Torp-Sandefjord-Larvik-Stavern,4,bus,VKT:ServiceJourney:17630,True,actual,False,,,,,2026-09-07T20:27:16.249662+02:00
NSR:StopPlace:58845,Eidsvoll verk stasjon,2026-09-07T19:31:00+02:00,2026-09-07T19:33:58+02:00,2026-09-07T19:33:58+02:00,178.0,1,Jessheim,RUT:Line:430,Eidsvoll - Jessheim,430,bus,RUT:ServiceJourney:97037528529ea49dfade9ec1e31fd4d7,True,actual,False,,,,,2026-09-07T20:27:16.249662+02:00
NSR:StopPlace:58851,Heggedal stasjon,2026-09-07T18:59:00+02:00,2026-09-07T19:01:58+02:00,2026-09-07T19:01:58+02:00,178.0,1,Rustadgrenda,RUT:Line:286,Rustadgrenda-Heggedal,286,bus,RUT:ServiceJourney:0497fbe6effa76430b6b9b03d5dc9908,True,actual,False,,,,,2026-09-07T20:27:16.249662+02:00
NSR:StopPlace:59983,Bergen stasjon,2026-09-07T14:22:00+02:00,2026-09-07T14:24:58+02:00,2026-09-07T14:24:58+02:00,178.0,1,Voss,VYG:Line:R40,Bergen-Voss-Myrdal-Ål,R40,rail,VYG:ServiceJourney:1820_443407-R,True,actual,False,,,,,2026-09-07T15:44:36.205822+02:00
NSR:StopPlace:41,Hanaborg stasjon,2026-09-07T07:46:00+02:00,2026-09-07T07:48:58+02:00,2026-09-07T07:48:58+02:00,178.0,1,Lillestrøm,VYG:Line:L1,Spikkestad-Oslo S-Lillestrøm,L1,rail,VYG:ServiceJourney:2110_443515-R,True,actual,False,,,,,2026-09-07T08:42:24.659182+02:00
NSR:StopPlace:59646,Høvik stasjon,2026-09-07T06:55:00+02:00,2026-09-07T06:57:58+02:00,2026-09-07T06:57:58+02:00,178.0,1,Asker,RUT:Line:270,Asker - Sandvika (- Fornebu),270,bus,RUT:ServiceJourney:345afc2b2240de3829c1b0a1aed701f2,True,actual,False,,,,,2026-09-07T08:42:24.659182+02:00
NSR:StopPlace:59649,Nydalen stasjon,2026-09-07T07:36:00+02:00,2026-09-07T07:38:58+02:00,2026-09-07T07:38:58+02:00,178.0,1,Simensbråten,RUT:Line:23,Lysaker - Simensbråten,23,bus,RUT:ServiceJourney:35eb9002ebe790e15b58ce5d41ef6f0a,True,actual,False,,,,,2026-09-07T08:42:24.659182+02:00
NSR:StopPlace:59643,Grefsen stasjon,2026-09-07T06:43:00+02:00,2026-09-07T06:45:58+02:00,2026-09-07T06:45:58+02:00,178.0,1,Lysaker,RUT:Line:23,Lysaker - Simensbråten,23,bus,RUT:ServiceJourney:61a61d369956d9d2e5213292efa477de,True,actual,False,,,,,2026-09-07T08:42:24.659182+02:00
NSR:StopPlace:58845,Eidsvoll verk stasjon,2026-09-07T08:15:00+02:00,2026-09-07T08:17:58+02:00,2026-09-07T08:17:58+02:00,178.0,1,Eidsvoll,RUT:Line:430,Eidsvoll - Jessheim,430,bus,RUT:ServiceJourney:09ee6ed947d444f302b789c78f5c8581,True,actual,False,,,,,2026-09-07T08:42:24.659182+02:00
NSR:StopPlace:58864,Sørumsand stasjon,2026-09-07T07:50:00+02:00,2026-09-07T07:52:58+02:00,2026-09-07T07:52:58+02:00,178.0,1,Bjørkelangen,RUT:Line:2673,Bjørkelangen - Sørumsand,2673,bus,RUT:ServiceJourney:c6d48eb5d63c44857ca6eb2a286d1d98,True,actual,False,,,,,2026-09-07T08:42:24.659182+02:00
NSR:StopPlace:58825,Raufoss stasjon,2026-09-07T08:12:00+02:00,2026-09-07T08:14:58+02:00,2026-09-07T08:14:58+02:00,178.0,1,Landheim-Raufoss,INN:Line:436,Eina-Børsvoll-Raufoss,436,bus,INN:ServiceJourney:66224,True,actual,False,,,,,2026-09-07T08:42:24.659182+02:00
NSR:StopPlace:398,Arna stasjon,2026-09-07T06:28:00+02:00,2026-09-07T06:30:58+02:00,2026-09-07T06:30:58+02:00,178.0,1,Oslo S,VYG:Line:F4,Oslo S-Bergen,F4,rail,VYG:ServiceJourney:60-BRG_444351-R,True,actual,False,,,,,2026-09-07T08:42:24.659182+02:00
NSR:StopPlace:59652,Tøyen stasjon,2026-09-07T23:14:00+02:00,2026-09-07T23:16:57+02:00,2026-09-07T23:16:57+02:00,177.0,1,Vippetangen,RUT:Line:60,Vippetangen-Tonsenhagen,60,bus,RUT:ServiceJourney:0cd7a7f22a50d2ed609dbaa5e479704e,True,actual,False,,,,,2026-09-08T00:20:52.129880+02:00
NSR:StopPlace:59652,Tøyen stasjon,2026-09-07T23:44:00+02:00,2026-09-07T23:46:57+02:00,2026-09-07T23:46:57+02:00,177.0,1,Vippetangen,RUT:Line:60,Vippetangen-Tonsenhagen,60,bus,RUT:ServiceJourney:4ca0273e1aba2c8408a578e732aa75f7,True,actual,False,,,,,2026-09-08T00:20:52.129880+02:00
NSR:StopPlace:59616,Asker stasjon,2026-09-07T20:39:00+02:00,2026-09-07T20:41:57+02:00,2026-09-07T20:41:57+02:00,177.0,1,Kongsvinger,VYG:Line:R14,Asker-Oslo S-Kongsvinger,R14,rail,VYG:ServiceJourney:1033_442944-R,True,actual,False,,,,,2026-09-08T00:20:52.129880+02:00
NSR:StopPlace:313,Høybråten stasjon,2026-09-08T00:12:00+02:00,2026-09-08T00:14:57+02:00,2026-09-08T00:14:57+02:00,177.0,1,Lillestrøm,VYG:Line:L1,Spikkestad-Oslo S-Lillestrøm,L1,rail,VYG:ServiceJourney:2176_443587-R,True,actual,False,,,,,2026-09-08T00:20:52.129880+02:00
NSR:StopPlace:58964,Kløfta stasjon,2026-09-07T17:44:00+02:00,2026-09-07T17:46:57+02:00,2026-09-07T17:46:57+02:00,177.0,1,Drammen,VYG:Line:R13,Drammen-Oslo S-Dal,R13,rail,VYG:ServiceJourney:1652_443326-R,True,actual,False,,,,,2026-09-07T20:27:16.249662+02:00
NSR:StopPlace:58964,Kløfta stasjon,2026-09-07T18:14:00+02:00,2026-09-07T18:16:57+02:00,2026-09-07T18:16:57+02:00,177.0,1,Dal,VYG:Line:R13,Drammen-Oslo S-Dal,R13,rail,VYG:ServiceJourney:1651_481163-R,True,actual,False,,,,,2026-09-07T20:27:16.249662+02:00
NSR:StopPlace:58838,Røyken stasjon,2026-09-07T17:37:00+02:00,2026-09-07T17:39:57+02:00,2026-09-07T17:39:57+02:00,177.0,1,Drammen,RUT:Line:261,Drammen - Lahell - Røyken - Sætre,261,bus,RUT:ServiceJourney:b0b15859a804b370db91a87d739a5ce1,True,actual,False,Fra 17/8 går linje 61-63-71-73-251-261 og skolebusser fra holdeplass ved Skutebrygga ut av byen.Les mer på brakar.no/trafikkmeldinger.,,general,normal,2026-09-07T20:27:16.249662+02:00
NSR:StopPlace:58843,Blommenholm stasjon,2026-09-07T19:20:00+02:00,2026-09-07T19:22:57+02:00,2026-09-07T19:22:57+02:00,177.0,1,Lillestrøm,VYG:Line:L1,Spikkestad-Oslo S-Lillestrøm,L1,rail,VYG:ServiceJourney:2260_445359-R,True,actual,False,,,,,2026-09-07T20:27:16.249662+02:00
NSR:StopPlace:59652,Tøyen stasjon,2026-09-07T14:24:00+02:00,2026-09-07T14:26:57+02:00,2026-09-07T14:26:57+02:00,177.0,1,Tonsenhagen,RUT:Line:60,Vippetangen-Tonsenhagen,60,bus,RUT:ServiceJourney:9ab37e4cb37e617e8dcb3596badbd12f,True,actual,False,,,,,2026-09-07T15:44:36.205822+02:00
NSR:StopPlace:59687,Grong stasjon,2026-09-07T14:05:00+02:00,2026-09-07T14:07:57+02:00,2026-09-07T14:07:57+02:00,177.0,1,Snåsa stasjon,ATB:Line:2_612,Snåsa - Grong,612,bus,ATB:ServiceJourney:612_260106098640220_5,True,actual,False,,,,,2026-09-07T15:44:36.205822+02:00
NSR:StopPlace:58930,Larvik stasjon,2026-09-07T14:40:00+02:00,2026-09-07T14:42:57+02:00,2026-09-07T14:42:57+02:00,177.0,1,Stavern-Kysthospitalet,VKT:Line:4,Torp-Sandefjord-Larvik-Stavern,4,bus,VKT:ServiceJourney:17621,True,actual,False,,,,,2026-09-07T15:44:36.205822+02:00
NSR:StopPlace:58936,Skatval stasjon,2026-09-07T14:39:00+02:00,2026-09-07T14:41:57+02:00,2026-09-07T14:41:57+02:00,177.0,1,Alstad,ATB:Line:2_7702,Langstein - Skatval - Halsen,7702,bus,ATB:ServiceJourney:7702_260106098642003_9,True,actual,False,,,,,2026-09-07T15:44:36.205822+02:00
NSR:StopPlace:62392,Slependen stasjon,2026-09-07T14:45:00+02:00,2026-09-07T14:47:57+02:00,2026-09-07T14:47:57+02:00,177.0,1,Lillestrøm,VYG:Line:L1,Spikkestad-Oslo S-Lillestrøm,L1,rail,VYG:ServiceJourney:2242_443654-R,True,actual,False,,,,,2026-09-07T15:44:36.205822+02:00
NSR:StopPlace:61897,Bryn stasjon,2026-09-07T07:50:00+02:00,2026-09-07T07:52:57+02:00,2026-09-07T07:52:57+02:00,177.0,1,Asker,VYG:Line:L1,Spikkestad-Oslo S-Lillestrøm,L1,rail,VYG:ServiceJourney:2111_728233-R,True,actual,False,Færre vogner,Denne avgangen kjører dessverre med 4 vogner i stedet for 8 vogner. Dette skyldes at vi mangler et togsett.,general,normal,2026-09-07T08:42:24.659182+02:00
NSR:StopPlace:60053,Halden stasjon,2026-09-07T07:06:00+02:00,2026-09-07T07:08:57+02:00,2026-09-07T07:08:57+02:00,177.0,1,Halden sentrum,OST:Line:1_33,Tistedal-Vold skog,33,bus,OST:ServiceJourney:33_260325121472251_4,True,actual,False,,,,,2026-09-07T08:42:24.659182+02:00
NSR:StopPlace:59243,Mo i Rana stasjon,2026-09-07T08:08:00+02:00,2026-09-07T08:10:57+02:00,2026-09-07T08:10:57+02:00,177.0,1,Grubbåsen,NOR:Line:12_8371,Grubbåsen - Båsmobakken/Skillevollen,1,bus,NOR:ServiceJourney:8371_251012124858534_2006,True,actual,False,,,,,2026-09-07T08:42:24.659182+02:00
NSR:StopPlace:59635,Hauketo stasjon,2026-09-07T06:18:00+02:00,2026-09-07T06:20:57+02:00,2026-09-07T06:20:57+02:00,177.0,1,Grorud T,RUT:Line:79,Grorud T - Åsbråten,79,bus,RUT:ServiceJourney:fa3af8d494088b12f40a3946287d037a,True,actual,False,,,,,2026-09-07T08:42:24.659182+02:00
NSR:StopPlace:58854,Langhus stasjon,2026-09-07T07:15:00+02:00,2026-09-07T07:17:57+02:00,2026-09-07T07:17:57+02:00,177.0,1,Siggerud,RUT:Line:516,Siggerud - Ski stasjon,516,bus,RUT:ServiceJourney:f757fa22cbcd61440359d61cfc14c423,True,actual,False,,,,,2026-09-07T08:42:24.659182+02:00
NSR:StopPlace:58805,Brumunddal stasjon,2026-09-07T06:49:00+02:00,2026-09-07T06:51:57+02:00,2026-09-07T06:51:57+02:00,177.0,1,Drammen,VYG:Line:RE10,Drammen-Oslo S-Lillehammer,RE10,rail,VYG:ServiceJourney:306-HHS_487830-R,True,actual,False,,,,,2026-09-07T08:42:24.659182+02:00
NSR:StopPlace:58825,Raufoss stasjon,2026-09-07T07:45:00+02:00,2026-09-07T07:47:57+02:00,2026-09-07T07:47:57+02:00,177.0,1,Gjøvik-Lena,INN:Line:46,Lena-Raufoss-Gjøvik-Kapp-Lena,B46,bus,INN:ServiceJourney:76822,True,actual,False,,,,,2026-09-07T08:42:24.659182+02:00
NSR:StopPlace:62339,Lillestrøm stasjon,2026-09-07T07:10:00+02:00,2026-09-07T07:12:57+02:00,2026-09-07T07:12:57+02:00,177.0,1,Oslo Lufthavn,FLT:Line:FLY1,FLY1,FLY1,rail,FLT:ServiceJourney:1-2614-3715-20260907,True,actual,False,Heis i spor 1 og 2 er ute av bruk på grunn av vedlikehold.,Heis i spor 1 og 2 er ute av bruk på grunn av vedlikehold.,general,normal,2026-09-07T08:42:24.659182+02:00
NSR:StopPlace:62392,Slependen stasjon,2026-09-07T06:59:00+02:00,2026-09-07T07:01:57+02:00,2026-09-07T07:01:57+02:00,177.0,1,Lillestrøm,VYG:Line:L1,Spikkestad-Oslo S-Lillestrøm,L1,rail,VYG:ServiceJourney:2110_443515-R,True,actual,False,,,,,2026-09-07T08:42:24.659182+02:00
NSR:StopPlace:61466,Vakås stasjon,2026-09-07T23:41:00+02:00,2026-09-07T23:43:56+02:00,2026-09-07T23:43:56+02:00,176.0,1,Spikkestad,VYG:Line:L1,Spikkestad-Oslo S-Lillestrøm,L1,rail,VYG:ServiceJourney:2273_443707-R,True,actual,False,,,,,2026-09-08T00:20:52.129880+02:00
NSR:StopPlace:59653,Haugenstua stasjon,2026-09-08T00:10:00+02:00,2026-09-08T00:12:56+02:00,2026-09-08T00:12:56+02:00,176.0,1,Lillestrøm,VYG:Line:L1,Spikkestad-Oslo S-Lillestrøm,L1,rail,VYG:ServiceJourney:2176_443587-R,True,actual,False,,,,,2026-09-08T00:20:52.129880+02:00
NSR:StopPlace:313,Høybråten stasjon,2026-09-07T23:12:00+02:00,2026-09-07T23:14:56+02:00,2026-09-07T23:14:56+02:00,176.0,1,Lillestrøm,VYG:Line:L1,Spikkestad-Oslo S-Lillestrøm,L1,rail,VYG:ServiceJourney:2172_443583-R,True,actual,False,,,,,2026-09-08T00:20:52.129880+02:00
NSR:StopPlace:261,Ganddal stasjon,2026-09-07T22:39:00+02:00,2026-09-07T22:41:56+02:00,2026-09-07T22:41:56+02:00,176.0,1,Stavanger,GOA:Line:59,Jærbanen,L5,rail,GOA:ServiceJourney:3071_63132-R,True,actual,False,,,,,2026-09-08T00:20:52.129880+02:00
NSR:StopPlace:61897,Bryn stasjon,2026-09-07T20:00:00+02:00,2026-09-07T20:02:56+02:00,2026-09-07T20:02:56+02:00,176.0,1,Lillestrøm,VYG:Line:L1,Spikkestad-Oslo S-Lillestrøm,L1,rail,VYG:ServiceJourney:2160_443570-R,True,actual,False,,,,,2026-09-07T20:27:16.249662+02:00
NSR:StopPlace:58852,Høn stasjon,2026-09-07T20:13:00+02:00,2026-09-07T20:15:56+02:00,2026-09-07T20:15:56+02:00,176.0,1,Spikkestad,VYG:Line:L1,Spikkestad-Oslo S-Lillestrøm,L1,rail,VYG:ServiceJourney:2259_443684-R,True,actual,False,,,,,2026-09-07T20:27:16.249662+02:00
NSR:StopPlace:62094,Lindeberg stasjon,2026-09-07T18:18:00+02:00,2026-09-07T18:20:56+02:00,2026-09-07T18:20:56+02:00,176.0,1,Drammen,VYG:Line:R13,Drammen-Oslo S-Dal,R13,rail,VYG:ServiceJourney:1654_443330-R,True,actual,False,,,,,2026-09-07T20:27:16.249662+02:00
NSR:StopPlace:60271,Varhaug stasjon,2026-09-07T14:48:00+02:00,2026-09-07T14:50:56+02:00,2026-09-07T14:50:56+02:00,176.0,1,Stavanger,GOA:Line:59,Jærbanen,L5,rail,GOA:ServiceJourney:3041_63082-R,True,actual,False,,,,,2026-09-07T15:44:36.205822+02:00
NSR:StopPlace:58924,Bryne stasjon,2026-09-07T14:58:00+02:00,2026-09-07T15:00:56+02:00,2026-09-07T15:00:56+02:00,176.0,1,Egersund,GOA:Line:59,Jærbanen,L5,rail,GOA:ServiceJourney:3042_63084-R,True,actual,False,,,,,2026-09-07T15:44:36.205822+02:00
NSR:StopPlace:58861,Solbråtan stasjon,2026-09-07T14:45:00+02:00,2026-09-07T14:47:56+02:00,2026-09-07T14:47:56+02:00,176.0,1,Bjørvika,RUT:Line:83,Jernbanetorget - Tårnåsen,83,bus,RUT:ServiceJourney:0ad6506cb84e0c38cd959a4f339f4797,True,actual,False,Linje 80E og 83 får Hausmanns bru som ny endeholdeplass fra 29. juni,"Bussene stopper ikke på Jernbanetorget etter 29. juni, men starter og stopper på Hausmanns bru i Nylandsveien.",incident,normal,2026-09-07T15:44:36.205822+02:00
NSR:StopPlace:58870,Holmestrand stasjon,2026-09-07T15:10:00+02:00,2026-09-07T15:12:56+02:00,2026-09-07T15:12:56+02:00,176.0,1,Hvitstein-Kleiverud,VKT:Line:30,Kleiverud-Holmestrand,30,bus,VKT:ServiceJourney:14865,True,actual,False,,,,,2026-09-07T15:44:36.205822+02:00
NSR:StopPlace:58810,Løten stasjon,2026-09-07T15:38:00+02:00,2026-09-07T15:40:56+02:00,2026-09-07T15:40:56+02:00,176.0,1,Hamar,SJN:Line:25,Rørosbanen,R60,rail,SJN:ServiceJourney:2386_47976-R,True,actual,False,,,,,2026-09-07T15:44:36.205822+02:00
NSR:StopPlace:58963,Jessheim stasjon,2026-09-07T07:52:00+02:00,2026-09-07T07:54:56+02:00,2026-09-07T07:54:56+02:00,176.0,1,Årnes,RUT:Line:450,Årnes - Oslo lufthavn,450,bus,RUT:ServiceJourney:da5d0dc0f42bc9f94c29c48a47d2d2d4,True,actual,False,,,,,2026-09-07T08:42:24.659182+02:00
NSR:StopPlace:59649,Nydalen stasjon,2026-09-07T22:16:00+02:00,2026-09-07T22:18:55+02:00,2026-09-07T22:18:55+02:00,175.0,1,Lysaker,RUT:Line:23,Lysaker - Simensbråten,23,bus,RUT:ServiceJourney:8e5fc508d9f66431a92b6124e68d091d,True,actual,False,,,,,2026-09-08T00:20:52.129880+02:00
NSR:StopPlace:59653,Haugenstua stasjon,2026-09-07T22:10:00+02:00,2026-09-07T22:12:55+02:00,2026-09-07T22:12:55+02:00,175.0,1,Lillestrøm,VYG:Line:L1,Spikkestad-Oslo S-Lillestrøm,L1,rail,VYG:ServiceJourney:2168_443578-R,True,actual,False,,,,,2026-09-08T00:20:52.129880+02:00
NSR:StopPlace:58859,Nordby stasjon,2026-09-07T21:03:00+02:00,2026-09-07T21:05:55+02:00,2026-09-07T21:05:55+02:00,175.0,1,Drammen,VYG:Line:R13,Drammen-Oslo S-Dal,R13,rail,VYG:ServiceJourney:1666_443356-R,True,actual,False,,,,,2026-09-08T00:20:52.129880+02:00
NSR:StopPlace:58805,Brumunddal stasjon,2026-09-07T22:56:00+02:00,2026-09-07T22:58:55+02:00,2026-09-07T22:58:55+02:00,175.0,1,Lillehammer,VYG:Line:RE10,Drammen-Oslo S-Lillehammer,RE10,rail,VYG:ServiceJourney:335-SUD_486419-R,True,actual,False,,,,,2026-09-08T00:20:52.129880+02:00
NSR:StopPlace:61169,Marienborg stasjon,2026-09-07T17:46:00+02:00,2026-09-07T17:48:55+02:00,2026-09-07T17:48:55+02:00,175.0,1,Sandmoen via Flatåsen,ATB:Line:2_23,Brattøra - St. Olavs - Hallset - Flatåsen - Sandmoen,23,bus,ATB:ServiceJourney:23_251215112545579_100,True,actual,False,,,,,2026-09-07T20:27:16.249662+02:00
NSR:StopPlace:59639,Sonsveien stasjon,2026-09-07T18:09:00+02:00,2026-09-07T18:11:55+02:00,2026-09-07T18:11:55+02:00,175.0,1,Moss,RUT:Line:540,Moss - Son - Vestby stasjon,540,bus,RUT:ServiceJourney:a35a9055be7e24d64667d6d2aea274f1,True,actual,False,,,,,2026-09-07T20:27:16.249662+02:00
NSR:StopPlace:58860,Oppegård stasjon,2026-09-07T18:01:00+02:00,2026-09-07T18:03:55+02:00,2026-09-07T18:03:55+02:00,175.0,1,Ski stasjon,RUT:Line:580,Kolbotn - Ski,580,bus,RUT:ServiceJourney:1252499fbe62d0df706ed506b9fbd1d9,True,actual,False,,,,,2026-09-07T20:27:16.249662+02:00
NSR:StopPlace:61169,Marienborg stasjon,2026-09-07T14:29:00+02:00,2026-09-07T14:31:55+02:00,2026-09-07T14:31:55+02:00,175.0,1,Steinkjer,SJN:Line:26,Trønderbanen,R70,rail,SJN:ServiceJourney:1761_56047-R,True,actual,False,,,,,2026-09-07T15:44:36.205822+02:00
NSR:StopPlace:59641,Fjellhamar stasjon,2026-09-07T15:11:00+02:00,2026-09-07T15:13:55+02:00,2026-09-07T15:13:55+02:00,175.0,1,Ahus,RUT:Line:315,Vallerudtoppen - Ahus,315,bus,RUT:ServiceJourney:fa4ff181f07ad6ecf83f67ffd8002d49,True,actual,False,,,,,2026-09-07T15:44:36.205822+02:00
NSR:StopPlace:58836,Mjøndalen stasjon,2026-09-07T14:05:00+02:00,2026-09-07T14:07:55+02:00,2026-09-07T14:07:55+02:00,175.0,1,Eidsvoll,VYG:Line:R12,Kongsberg-Oslo S-Eidsvoll,R12,rail,VYG:ServiceJourney:520_444322-R,True,actual,False,,,,,2026-09-07T15:44:36.205822+02:00
NSR:StopPlace:58859,Nordby stasjon,2026-09-07T14:53:00+02:00,2026-09-07T14:55:55+02:00,2026-09-07T14:55:55+02:00,175.0,1,Dal,VYG:Line:R13,Drammen-Oslo S-Dal,R13,rail,VYG:ServiceJourney:1637_443291-R,True,actual,False,,,,,2026-09-07T15:44:36.205822+02:00
NSR:StopPlace:61464,Hvalstad stasjon,2026-09-07T08:09:00+02:00,2026-09-07T08:11:55+02:00,2026-09-07T08:11:55+02:00,175.0,1,Spikkestad,VYG:Line:L1,Spikkestad-Oslo S-Lillestrøm,L1,rail,VYG:ServiceJourney:2211_443602-R,True,actual,False,,,,,2026-09-07T08:42:24.659182+02:00
NSR:StopPlace:58810,Løten stasjon,2026-09-07T07:51:00+02:00,2026-09-07T07:53:55+02:00,2026-09-07T07:53:55+02:00,175.0,1,Løten,INN:Line:26,Brumunddal - Hamar - Løten,B26,bus,INN:ServiceJourney:53978,True,actual,False,,,,,2026-09-07T08:42:24.659182+02:00
NSR:StopPlace:313,Høybråten stasjon,2026-09-07T07:42:00+02:00,2026-09-07T07:44:55+02:00,2026-09-07T07:44:55+02:00,175.0,1,Lillestrøm,VYG:Line:L1,Spikkestad-Oslo S-Lillestrøm,L1,rail,VYG:ServiceJourney:2110_443515-R,True,actual,False,,,,,2026-09-07T08:42:24.659182+02:00
NSR:StopPlace:610,Sandvika stasjon,2026-09-07T07:01:00+02:00,2026-09-07T07:03:55+02:00,2026-09-07T07:03:55+02:00,175.0,1,Spikkestad,VYG:Line:L1,Spikkestad-Oslo S-Lillestrøm,L1,rail,VYG:ServiceJourney:2207_443595-R,True,actual,False,Færre vogner,Denne avgangen kjører dessverre med 4 vogner i stedet for 8 vogner. Dette skyldes at vi mangler et togsett.,general,normal,2026-09-07T08:42:24.659182+02:00
NSR:StopPlace:61464,Hvalstad stasjon,2026-09-07T23:39:00+02:00,2026-09-07T23:41:54+02:00,2026-09-07T23:41:54+02:00,174.0,1,Spikkestad,VYG:Line:L1,Spikkestad-Oslo S-Lillestrøm,L1,rail,VYG:ServiceJourney:2273_443707-R,True,actual,False,,,,,2026-09-08T00:20:52.129880+02:00
NSR:StopPlace:58963,Jessheim stasjon,2026-09-07T22:37:00+02:00,2026-09-07T22:39:54+02:00,2026-09-07T22:39:54+02:00,174.0,1,Drammen,VYG:Line:R13,Drammen-Oslo S-Dal,R13,rail,VYG:ServiceJourney:1672_443368-R,True,actual,False,,,,,2026-09-08T00:20:52.129880+02:00
NSR:StopPlace:58851,Heggedal stasjon,2026-09-07T23:55:00+02:00,2026-09-07T23:57:54+02:00,2026-09-07T23:57:54+02:00,174.0,1,Spikkestad,VYG:Line:L1,Spikkestad-Oslo S-Lillestrøm,L1,rail,VYG:ServiceJourney:2273_443707-R,True,actual,False,,,,,2026-09-08T00:20:52.129880+02:00
NSR:StopPlace:313,Høybråten stasjon,2026-09-07T21:23:00+02:00,2026-09-07T21:25:54+02:00,2026-09-07T21:25:54+02:00,174.0,1,Spikkestad,VYG:Line:L1,Spikkestad-Oslo S-Lillestrøm,L1,rail,VYG:ServiceJourney:2267_443697-R,True,actual,False,,,,,2026-09-08T00:20:52.129880+02:00
NSR:StopPlace:62094,Lindeberg stasjon,2026-09-07T22:48:00+02:00,2026-09-07T22:50:54+02:00,2026-09-07T22:50:54+02:00,174.0,1,Drammen,VYG:Line:R13,Drammen-Oslo S-Dal,R13,rail,VYG:ServiceJourney:1672_443368-R,True,actual,False,,,,,2026-09-08T00:20:52.129880+02:00
NSR:StopPlace:61326,Gulskogen stasjon,2026-09-07T18:12:00+02:00,2026-09-07T18:14:54+02:00,2026-09-07T18:14:54+02:00,174.0,1,Eidsvoll,VYG:Line:R12,Kongsberg-Oslo S-Eidsvoll,R12,rail,VYG:ServiceJourney:528_444335-R,True,actual,False,,,,,2026-09-07T20:27:16.249662+02:00
NSR:StopPlace:59653,Haugenstua stasjon,2026-09-07T18:55:00+02:00,2026-09-07T18:57:54+02:00,2026-09-07T18:57:54+02:00,174.0,1,Lillestrøm,VYG:Line:L1,Spikkestad-Oslo S-Lillestrøm,L1,rail,VYG:ServiceJourney:2256_445354-R,True,actual,False,,,,,2026-09-07T20:27:16.249662+02:00
NSR:StopPlace:58926,Dale stasjon,2026-09-07T18:28:00+02:00,2026-09-07T18:30:54+02:00,2026-09-07T18:30:54+02:00,174.0,1,Bergen,VYG:Line:F4,Oslo S-Bergen,F4,rail,VYG:ServiceJourney:601-LOD_456939-R,True,actual,False,,,,,2026-09-07T20:27:16.249662+02:00
NSR:StopPlace:58849,Hakadal stasjon,2026-09-07T20:23:00+02:00,2026-09-07T20:25:54+02:00,2026-09-07T20:25:54+02:00,174.0,1,Oslo bussterminal,RUT:Line:390,Kongskog/Hellerudhaugen - Oslo bussterminal,390,bus,RUT:ServiceJourney:7f75c8599076ee5fde1bc7f95a1596f2,True,actual,False,,,,,2026-09-07T20:27:16.249662+02:00
NSR:StopPlace:59646,Høvik stasjon,2026-09-07T14:10:00+02:00,2026-09-07T14:12:54+02:00,2026-09-07T14:12:54+02:00,174.0,1,Asker,RUT:Line:270,Asker - Sandvika (- Fornebu),270,bus,RUT:ServiceJourney:add28f364b1c232dcf9c567861863061,True,actual,False,,,,,2026-09-07T15:44:36.205822+02:00
NSR:StopPlace:58793,Askim stasjon,2026-09-07T14:10:00+02:00,2026-09-07T14:12:54+02:00,2026-09-07T14:12:54+02:00,174.0,1,Oslo bussterminal,OST:Line:1_9,Timekspress linje 9,9,bus,OST:ServiceJourney:9_260325121472415_9007,True,actual,False,,,,,2026-09-07T15:44:36.205822+02:00
NSR:StopPlace:58871,Sande stasjon,2026-09-07T14:40:00+02:00,2026-09-07T14:42:54+02:00,2026-09-07T14:42:54+02:00,174.0,1,Skafjell-Selvik skole,VKT:Line:10,Drammen-Skoger-Sande,10,bus,VKT:ServiceJourney:104157,True,actual,False,,,,,2026-09-07T15:44:36.205822+02:00
NSR:StopPlace:101,Sagdalen stasjon,2026-09-07T15:07:00+02:00,2026-09-07T15:09:54+02:00,2026-09-07T15:09:54+02:00,174.0,1,Lillestrøm,VYG:Line:L1,Spikkestad-Oslo S-Lillestrøm,L1,rail,VYG:ServiceJourney:2240_445337-R,True,actual,False,,,,,2026-09-07T15:44:36.205822+02:00
NSR:StopPlace:62338,Fossum stasjon,2026-09-07T14:34:00+02:00,2026-09-07T14:36:54+02:00,2026-09-07T14:36:54+02:00,174.0,1,Sørumsand,RUT:Line:2635,Blaker skole - Hellne - Sørumsand,2635,bus,RUT:ServiceJourney:34f2ea1a03fadf961fda6bdcb32a22d9,True,actual,False,,,,,2026-09-07T15:44:36.205822+02:00
NSR:StopPlace:59653,Haugenstua stasjon,2026-09-07T07:25:00+02:00,2026-09-07T07:27:54+02:00,2026-09-07T07:27:54+02:00,174.0,1,Lillestrøm,VYG:Line:L1,Spikkestad-Oslo S-Lillestrøm,L1,rail,VYG:ServiceJourney:2210_443601-R,True,actual,False,Færre vogner,Denne avgangen kjører dessverre med 4 vogner i stedet for 8 vogner. Dette skyldes at vi mangler et togsett.,general,normal,2026-09-07T08:42:24.659182+02:00
NSR:StopPlace:58848,Haga stasjon,2026-09-07T07:44:00+02:00,2026-09-07T07:46:54+02:00,2026-09-07T07:46:54+02:00,174.0,1,Kongsvinger,VYG:Line:R14,Asker-Oslo S-Kongsvinger,R14,rail,VYG:ServiceJourney:1005_442910-R,True,actual,False,,,,,2026-09-07T08:42:24.659182+02:00
NSR:StopPlace:58851,Heggedal stasjon,2026-09-07T06:22:00+02:00,2026-09-07T06:24:54+02:00,2026-09-07T06:24:54+02:00,174.0,1,Asker,RUT:Line:285,Heggedal - Blakstad - Asker,285,bus,RUT:ServiceJourney:a3732dce65341d87c551f1f94ad7e3db,True,actual,False,,,,,2026-09-07T08:42:24.659182+02:00
NSR:StopPlace:58862,Strømmen stasjon,2026-09-07T07:28:00+02:00,2026-09-07T07:30:54+02:00,2026-09-07T07:30:54+02:00,174.0,1,Helsfyr,RUT:Line:375,Strømmen - Olavsgaard - Helsfyr,375,bus,RUT:ServiceJourney:3fa479823ebffa99d0f57e4eafc4392e,True,actual,False,,,,,2026-09-07T08:42:24.659182+02:00
NSR:StopPlace:58820,Harestua stasjon,2026-09-07T06:23:00+02:00,2026-09-07T06:25:54+02:00,2026-09-07T06:25:54+02:00,174.0,1,Oslo S,VYG:Line:R31,Skøyen-Jaren-Gjøvik,R31,rail,VYG:ServiceJourney:BUS-244_655559-R,True,actual,False,,,,,2026-09-07T08:42:24.659182+02:00
NSR:StopPlace:59641,Fjellhamar stasjon,2026-09-07T23:48:00+02:00,2026-09-07T23:50:53+02:00,2026-09-07T23:50:53+02:00,173.0,1,Lillestrøm,VYG:Line:L1,Spikkestad-Oslo S-Lillestrøm,L1,rail,VYG:ServiceJourney:2174_443585-R,True,actual,False,,,,,2026-09-08T00:20:52.129880+02:00
NSR:StopPlace:62393,Billingstad stasjon,2026-09-07T23:36:00+02:00,2026-09-07T23:38:53+02:00,2026-09-07T23:38:53+02:00,173.0,1,Spikkestad,VYG:Line:L1,Spikkestad-Oslo S-Lillestrøm,L1,rail,VYG:ServiceJourney:2273_443707-R,True,actual,False,,,,,2026-09-08T00:20:52.129880+02:00
NSR:StopPlace:61334,Ogna stasjon,2026-09-07T18:50:00+02:00,2026-09-07T18:52:53+02:00,2026-09-07T18:52:53+02:00,173.0,1,Egersund,GOA:Line:59,Jærbanen,L5,rail,GOA:ServiceJourney:3056_63108-R,True,actual,False,,,,,2026-09-07T20:27:16.249662+02:00
NSR:StopPlace:60271,Varhaug stasjon,2026-09-07T18:37:00+02:00,2026-09-07T18:39:53+02:00,2026-09-07T18:39:53+02:00,173.0,1,Egersund,GOA:Line:59,Jærbanen,L5,rail,GOA:ServiceJourney:3056_63108-R,True,actual,False,,,,,2026-09-07T20:27:16.249662+02:00
NSR:StopPlace:60569,Sirevåg stasjon,2026-09-07T18:53:00+02:00,2026-09-07T18:55:53+02:00,2026-09-07T18:55:53+02:00,173.0,1,Egersund,GOA:Line:59,Jærbanen,L5,rail,GOA:ServiceJourney:3056_63108-R,True,actual,False,,,,,2026-09-07T20:27:16.249662+02:00
NSR:StopPlace:59639,Sonsveien stasjon,2026-09-07T19:21:00+02:00,2026-09-07T19:23:53+02:00,2026-09-07T19:23:53+02:00,173.0,1,Moss,VYG:Line:R21,Stabekk-Oslo S-Moss,R21,rail,VYG:ServiceJourney:1155-HVK_443040-R,True,actual,False,,,,,2026-09-07T20:27:16.249662+02:00
NSR:StopPlace:58851,Heggedal stasjon,2026-09-07T19:54:00+02:00,2026-09-07T19:56:53+02:00,2026-09-07T19:56:53+02:00,173.0,1,Lillestrøm,VYG:Line:L1,Spikkestad-Oslo S-Lillestrøm,L1,rail,VYG:ServiceJourney:2264_445363-R,True,actual,False,,,,,2026-09-07T20:27:16.249662+02:00
NSR:StopPlace:58874,Stokke stasjon,2026-09-07T19:37:00+02:00,2026-09-07T19:39:53+02:00,2026-09-07T19:39:53+02:00,173.0,1,Sørby,VKT:Line:520,Tønsberg-Stokke,520,bus,VKT:ServiceJourney:17252,True,actual,False,,,,,2026-09-07T20:27:16.249662+02:00
NSR:StopPlace:58890,Nelaug stasjon,2026-09-07T16:56:00+02:00,2026-09-07T16:58:53+02:00,2026-09-07T16:58:53+02:00,173.0,1,Stavanger,GOA:Line:50,Sørtoget region,F5,rail,GOA:ServiceJourney:713-LOD_68191-R,True,actual,False,,,,,2026-09-07T20:27:16.249662+02:00
NSR:StopPlace:58795,Kambo stasjon,2026-09-07T15:24:00+02:00,2026-09-07T15:26:53+02:00,2026-09-07T15:26:53+02:00,173.0,1,Vestby stasjon,RUT:Line:540,Moss - Son - Vestby stasjon,540,bus,RUT:ServiceJourney:4d9382d485e24169fec0cfa3e43780aa,True,actual,False,,,,,2026-09-07T15:44:36.205822+02:00
NSR:StopPlace:61169,Marienborg stasjon,2026-09-07T07:34:00+02:00,2026-09-07T07:36:53+02:00,2026-09-07T07:36:53+02:00,173.0,1,Pirbadet via St. Olavs hospital,ATB:Line:2_23,Brattøra - St. Olavs - Hallset - Flatåsen - Sandmoen,23,bus,ATB:ServiceJourney:23_251215112545532_13,True,actual,False,,,,,2026-09-07T08:42:24.659182+02:00
NSR:StopPlace:59641,Fjellhamar stasjon,2026-09-07T07:48:00+02:00,2026-09-07T07:50:53+02:00,2026-09-07T07:50:53+02:00,173.0,1,Lillestrøm,VYG:Line:L1,Spikkestad-Oslo S-Lillestrøm,L1,rail,VYG:ServiceJourney:2110_443515-R,True,actual,False,,,,,2026-09-07T08:42:24.659182+02:00
NSR:StopPlace:58854,Langhus stasjon,2026-09-07T06:27:00+02:00,2026-09-07T06:29:53+02:00,2026-09-07T06:29:53+02:00,173.0,1,Lysaker,VYG:Line:L2,Stabekk-Oslo S-Ski,L2,rail,VYG:ServiceJourney:2810-SKI_444022-R,True,actual,False,Færre vogner,Denne avgangen kjører dessverre med 3 vogner i stedet for 6 vogner. Dette skyldes at vi mangler et togsett.,general,normal,2026-09-07T08:42:24.659182+02:00
NSR:StopPlace:58858,Nittedal stasjon,2026-09-07T08:20:00+02:00,2026-09-07T08:22:53+02:00,2026-09-07T08:22:53+02:00,173.0,1,Lørenskog sentrum,RUT:Line:385,Nittedal stasjon - Olavsgaard - Ahus,385,bus,RUT:ServiceJourney:29d30546e4e30bf42735ddb491b30475,True,actual,False,,,,,2026-09-07T08:42:24.659182+02:00
NSR:StopPlace:58860,Oppegård stasjon,2026-09-07T08:01:00+02:00,2026-09-07T08:03:53+02:00,2026-09-07T08:03:53+02:00,173.0,1,Kolbotn torg,RUT:Line:580,Kolbotn - Ski,580,bus,RUT:ServiceJourney:365081c1629a667a1f75ef0436302a88,True,actual,False,,,,,2026-09-07T08:42:24.659182+02:00
NSR:StopPlace:58861,Solbråtan stasjon,2026-09-07T06:38:00+02:00,2026-09-07T06:40:53+02:00,2026-09-07T06:40:53+02:00,173.0,1,Lysaker,VYG:Line:L2,Stabekk-Oslo S-Ski,L2,rail,VYG:ServiceJourney:2810-SKI_444022-R,True,actual,False,Færre vogner,Denne avgangen kjører dessverre med 3 vogner i stedet for 6 vogner. Dette skyldes at vi mangler et togsett.,general,normal,2026-09-07T08:42:24.659182+02:00
NSR:StopPlace:610,Sandvika stasjon,2026-09-07T07:02:00+02:00,2026-09-07T07:04:53+02:00,2026-09-07T07:04:53+02:00,173.0,1,Lillestrøm,VYG:Line:L1,Spikkestad-Oslo S-Lillestrøm,L1,rail,VYG:ServiceJourney:2110_443515-R,True,actual,False,,,,,2026-09-07T08:42:24.659182+02:00
NSR:StopPlace:58404,Nationaltheatret,2026-09-07T02:04:00+02:00,2026-09-07T02:06:53+02:00,2026-09-07T02:06:53+02:00,173.0,1,Helsfyr,RUT:Line:37,Nydalen T - Helsfyr,37,bus,RUT:ServiceJourney:a0c03d632474fcb50eb4b51d694ccf32,True,actual,False,,,,,2026-09-07T03:30:22.110925+02:00
NSR:StopPlace:58851,Heggedal stasjon,2026-09-08T00:25:00+02:00,2026-09-08T00:27:52+02:00,2026-09-08T00:27:52+02:00,172.0,1,Lillestrøm,VYG:Line:L1,Spikkestad-Oslo S-Lillestrøm,L1,rail,VYG:ServiceJourney:2282_443722-R,True,actual,False,,,,,2026-09-08T03:39:50.209703+02:00
NSR:StopPlace:59653,Haugenstua stasjon,2026-09-07T23:40:00+02:00,2026-09-07T23:42:52+02:00,2026-09-07T23:42:52+02:00,172.0,1,Lillestrøm,VYG:Line:L1,Spikkestad-Oslo S-Lillestrøm,L1,rail,VYG:ServiceJourney:2174_443585-R,True,actual,False,,,,,2026-09-08T00:20:52.129880+02:00
NSR:StopPlace:59977,Trondheim S,2026-09-07T20:55:00+02:00,2026-09-07T20:57:52+02:00,2026-09-07T20:57:52+02:00,172.0,1,Røros,ATB:Line:2_440,Støren - Røros,440,bus,ATB:ServiceJourney:440_260106098642804_28,True,actual,False,,,,,2026-09-08T00:20:52.129880+02:00
NSR:StopPlace:58857,Lørenskog stasjon,2026-09-07T23:44:00+02:00,2026-09-07T23:46:52+02:00,2026-09-07T23:46:52+02:00,172.0,1,Lillestrøm,VYG:Line:L1,Spikkestad-Oslo S-Lillestrøm,L1,rail,VYG:ServiceJourney:2174_443585-R,True,actual,False,,,,,2026-09-08T00:20:52.129880+02:00
NSR:StopPlace:58870,Holmestrand stasjon,2026-09-07T22:45:00+02:00,2026-09-07T22:47:52+02:00,2026-09-07T22:47:52+02:00,172.0,1,Horten-Tønsberg,VKT:Line:2,Tjøme-Tønsberg-Horten-Holmestr,2,bus,VKT:ServiceJourney:15863,True,actual,False,Forsinkelser Linje 2 og 411 | Kjører ikke Storgata i Horten,Pga. veiarbeid i Horten sentrum vil det kunne oppstå forsinkelser på busser i tidsrommet 3.-11. september.  | 7.-9. september: Bussene vil ikke kjøre Storgata. Benytt holdeplassene Peders gate eller Horten rb.st. Se vkt.no/avvik Det vil oppstå forsinkelser. ,incident | general,normal | normal,2026-09-08T00:20:52.129880+02:00
NSR:StopPlace:313,Høybråten stasjon,2026-09-07T23:08:00+02:00,2026-09-07T23:10:52+02:00,2026-09-07T23:10:52+02:00,172.0,1,Asker,VYG:Line:L1,Spikkestad-Oslo S-Lillestrøm,L1,rail,VYG:ServiceJourney:2173_443584-R,True,actual,False,,,,,2026-09-08T00:20:52.129880+02:00
NSR:StopPlace:62094,Lindeberg stasjon,2026-09-08T00:07:00+02:00,2026-09-08T00:09:52+02:00,2026-09-08T00:09:52+02:00,172.0,1,Dal,VYG:Line:R13,Drammen-Oslo S-Dal,R13,rail,VYG:ServiceJourney:1675_443375-R,True,actual,False,Færre vogner,Denne avgangen kjører dessverre med 5 vogner i stedet for 10 vogner. Dette skyldes at vi mangler et togsett.,general,normal,2026-09-08T00:20:52.129880+02:00
NSR:StopPlace:58873,Skoppum stasjon,2026-09-07T18:00:00+02:00,2026-09-07T18:02:52+02:00,2026-09-07T18:02:52+02:00,172.0,1,Holtandalen-Horten,VKT:Line:40,Horten-Holtandalen-Skoppum,40,bus,VKT:ServiceJourney:17442,True,actual,False,,,,,2026-09-07T20:27:16.249662+02:00
NSR:StopPlace:58828,Roa stasjon,2026-09-07T19:40:00+02:00,2026-09-07T19:42:52+02:00,2026-09-07T19:42:52+02:00,172.0,1,Oslo S,VYG:Line:R31,Skøyen-Jaren-Gjøvik,R31,rail,VYG:ServiceJourney:BUS-230_655401-R,True,actual,False,,,,,2026-09-07T20:27:16.249662+02:00
NSR:StopPlace:62309,Ljan stasjon,2026-09-07T18:09:00+02:00,2026-09-07T18:11:52+02:00,2026-09-07T18:11:52+02:00,172.0,1,Ski,VYG:Line:L2,Stabekk-Oslo S-Ski,L2,rail,VYG:ServiceJourney:2851-BES_488385-R,True,actual,False,,,,,2026-09-07T20:27:16.249662+02:00
NSR:StopPlace:58862,Strømmen stasjon,2026-09-07T14:35:00+02:00,2026-09-07T14:37:52+02:00,2026-09-07T14:37:52+02:00,172.0,1,Lillestrøm,VYG:Line:L1,Spikkestad-Oslo S-Lillestrøm,L1,rail,VYG:ServiceJourney:2238_443647-R,True,actual,False,Færre vogner,Denne avgangen kjører dessverre med 4 vogner i stedet for 8 vogner. Dette skyldes at vi mangler et togsett.,general,normal,2026-09-07T15:44:36.205822+02:00
NSR:StopPlace:362,Jåttåvågen stasjon,2026-09-07T15:22:00+02:00,2026-09-07T15:24:52+02:00,2026-09-07T15:24:52+02:00,172.0,1,Stavanger,GOA:Line:59,Jærbanen,L5,rail,GOA:ServiceJourney:3041_63082-R,True,actual,False,,,,,2026-09-07T15:44:36.205822+02:00
NSR:StopPlace:62393,Billingstad stasjon,2026-09-07T14:13:00+02:00,2026-09-07T14:15:52+02:00,2026-09-07T14:15:52+02:00,172.0,1,Lillestrøm,VYG:Line:L1,Spikkestad-Oslo S-Lillestrøm,L1,rail,VYG:ServiceJourney:2240_445337-R,True,actual,False,,,,,2026-09-07T15:44:36.205822+02:00
NSR:StopPlace:59649,Nydalen stasjon,2026-09-07T08:06:00+02:00,2026-09-07T08:08:52+02:00,2026-09-07T08:08:52+02:00,172.0,1,Hakadal,VYG:Line:R31,Skøyen-Jaren-Gjøvik,R31,rail,VYG:ServiceJourney:BUS-275_655605-R,True,actual,False,,,,,2026-09-07T08:42:24.659182+02:00
NSR:StopPlace:59652,Tøyen stasjon,2026-09-07T07:39:00+02:00,2026-09-07T07:41:52+02:00,2026-09-07T07:41:52+02:00,172.0,1,Tonsenhagen,RUT:Line:60,Vippetangen-Tonsenhagen,60,bus,RUT:ServiceJourney:2ce8c6f523e15e88d3d3e99d28fa457d,True,actual,False,,,,,2026-09-07T08:42:24.659182+02:00
NSR:StopPlace:58854,Langhus stasjon,2026-09-07T07:39:00+02:00,2026-09-07T07:41:52+02:00,2026-09-07T07:41:52+02:00,172.0,1,Bøleråsen,RUT:Line:510,Bøleråsen - Ski - Ås - Drøbak,510,bus,RUT:ServiceJourney:bbc7a0d164481e3169d684870fbe00fd,True,actual,False,,,,,2026-09-07T08:42:24.659182+02:00
NSR:StopPlace:610,Sandvika stasjon,2026-09-07T07:31:00+02:00,2026-09-07T07:33:52+02:00,2026-09-07T07:33:52+02:00,172.0,1,Spikkestad,VYG:Line:L1,Spikkestad-Oslo S-Lillestrøm,L1,rail,VYG:ServiceJourney:2209_443598-R,True,actual,False,,,,,2026-09-07T08:42:24.659182+02:00
NSR:StopPlace:59643,Grefsen stasjon,2026-09-07T21:56:00+02:00,2026-09-07T21:58:51+02:00,2026-09-07T21:58:51+02:00,171.0,1,Lysaker,RUT:Line:23,Lysaker - Simensbråten,23,bus,RUT:ServiceJourney:4af6f7e4861ee33158922a1882efce8b,True,actual,False,,,,,2026-09-08T00:20:52.129880+02:00
NSR:StopPlace:60053,Halden stasjon,2026-09-07T23:06:00+02:00,2026-09-07T23:08:51+02:00,2026-09-07T23:08:51+02:00,171.0,1,Halden sentrum,OST:Line:1_33,Tistedal-Vold skog,33,bus,OST:ServiceJourney:33_260325121472256_34,True,actual,False,,,,,2026-09-08T00:20:52.129880+02:00
NSR:StopPlace:63079,Skeiane stasjon,2026-09-07T22:42:00+02:00,2026-09-07T22:44:51+02:00,2026-09-07T22:44:51+02:00,171.0,1,Stavanger,GOA:Line:59,Jærbanen,L5,rail,GOA:ServiceJourney:3071_63132-R,True,actual,False,,,,,2026-09-08T00:20:52.129880+02:00
NSR:StopPlace:313,Høybråten stasjon,2026-09-07T22:27:00+02:00,2026-09-07T22:29:51+02:00,2026-09-07T22:29:51+02:00,171.0,1,Lillestrøm,VYG:Line:L1,Spikkestad-Oslo S-Lillestrøm,L1,rail,VYG:ServiceJourney:2270_443703-R,True,actual,False,,,,,2026-09-08T00:20:52.129880+02:00
NSR:StopPlace:59654,Stabekk stasjon,2026-09-07T17:57:00+02:00,2026-09-07T17:59:51+02:00,2026-09-07T17:59:51+02:00,171.0,1,Gullhaug,RUT:Line:150,Gullhaug - Nationaltheatret,150,bus,RUT:ServiceJourney:2041719602835427ca53910fcc62c8a5,True,actual,False,Holdeplass Stabekk stasjon i retning mot Bekkestua er flyttet ca. 50 meter bakover.,Dette skyldes anleggsarbeid i området.,incident,normal,2026-09-07T20:27:16.249662+02:00
NSR:StopPlace:59639,Sonsveien stasjon,2026-09-07T18:21:00+02:00,2026-09-07T18:23:51+02:00,2026-09-07T18:23:51+02:00,171.0,1,Moss,VYG:Line:R21,Stabekk-Oslo S-Moss,R21,rail,VYG:ServiceJourney:1151-HVK_443034-R,True,actual,False,,,,,2026-09-07T20:27:16.249662+02:00
NSR:StopPlace:58852,Høn stasjon,2026-09-07T19:59:00+02:00,2026-09-07T20:01:51+02:00,2026-09-07T20:01:51+02:00,171.0,1,Asker,VYG:Line:L1,Spikkestad-Oslo S-Lillestrøm,L1,rail,VYG:ServiceJourney:2157_443566-R,True,actual,False,,,,,2026-09-07T20:27:16.249662+02:00
NSR:StopPlace:58930,Larvik stasjon,2026-09-07T14:37:00+02:00,2026-09-07T14:39:51+02:00,2026-09-07T14:39:51+02:00,171.0,1,Larvik-Sandefjord,VKT:Line:3,Busk-Sandefjord-Larvik-Veldre,3,bus,VKT:ServiceJourney:17555,True,actual,False,,,,,2026-09-07T15:44:36.205822+02:00
NSR:StopPlace:58838,Røyken stasjon,2026-09-07T14:45:00+02:00,2026-09-07T14:47:51+02:00,2026-09-07T14:47:51+02:00,171.0,1,Asker,RUT:Line:260,Hyggen - Bråset -Slemmestad (- Asker),260,bus,RUT:ServiceJourney:bfc1c7b1fef8fdd21efe639349d35da2,True,actual,False,,,,,2026-09-07T15:44:36.205822+02:00
NSR:StopPlace:59647,Dal stasjon,2026-09-07T07:16:00+02:00,2026-09-07T07:18:51+02:00,2026-09-07T07:18:51+02:00,171.0,1,Eidsvoll,RUT:Line:430,Eidsvoll - Jessheim,430,bus,RUT:ServiceJourney:143177a91fa2f083e45ee98117a684f3,True,actual,False,,,,,2026-09-07T08:42:24.659182+02:00
NSR:StopPlace:58921,Vennesla stasjon,2026-09-07T06:47:00+02:00,2026-09-07T06:49:51+02:00,2026-09-07T06:49:51+02:00,171.0,1,Kristiansand,AKT:Line:31,Kvadraturen - Sødal - Vennesla,31,bus,AKT:ServiceJourney:79677_72_50_47160_49680_3950001,True,actual,False,,,,,2026-09-07T08:42:24.659182+02:00
NSR:StopPlace:58797,Mysen stasjon,2026-09-07T08:14:00+02:00,2026-09-07T08:16:51+02:00,2026-09-07T08:16:51+02:00,171.0,1,Mysen ungdomsskole,OST:Line:1_464,Mysen ungdomsskole,464,bus,OST:ServiceJourney:464_260325121475514_11,True,actual,False,,,,,2026-09-07T08:42:24.659182+02:00
NSR:StopPlace:58834,Hokksund stasjon,2026-09-07T08:07:00+02:00,2026-09-07T08:09:51+02:00,2026-09-07T08:09:51+02:00,171.0,1,Hokksund skole o/Horne-Eiker vgs,BRA:Line:4_6122,Sørby-Horne-Vestf./Hokksund,122,bus,BRA:ServiceJourney:6122_260427090888236_1001,True,actual,False,,,,,2026-09-07T08:42:24.659182+02:00
NSR:StopPlace:58835,Lier stasjon,2026-09-07T08:13:00+02:00,2026-09-07T08:15:51+02:00,2026-09-07T08:15:51+02:00,171.0,1,Drammen,BRA:Line:4_6073,Drammen - Reistad - Lierskogen,73,bus,BRA:ServiceJourney:6073_260415100160825_1006,True,actual,False,Fra 17/8 går linje 61-63-71-73-251-261 og skolebusser fra holdeplass ved Skutebrygga ut av byen.Les mer på brakar.no/trafikkmeldinger.,,general,normal,2026-09-07T08:42:24.659182+02:00
NSR:StopPlace:58844,Eidsvoll stasjon,2026-09-07T08:14:00+02:00,2026-09-07T08:16:51+02:00,2026-09-07T08:16:51+02:00,171.0,1,Eidsvoll,RUT:Line:430,Eidsvoll - Jessheim,430,bus,RUT:ServiceJourney:2ee88942b40037ca6af7f04d7dbe7746,True,actual,False,,,,,2026-09-07T08:42:24.659182+02:00
NSR:StopPlace:58857,Lørenskog stasjon,2026-09-07T07:44:00+02:00,2026-09-07T07:46:51+02:00,2026-09-07T07:46:51+02:00,171.0,1,Lillestrøm,VYG:Line:L1,Spikkestad-Oslo S-Lillestrøm,L1,rail,VYG:ServiceJourney:2110_443515-R,True,actual,False,,,,,2026-09-07T08:42:24.659182+02:00
NSR:StopPlace:58879,Lunde stasjon,2026-09-07T07:40:00+02:00,2026-09-07T07:42:51+02:00,2026-09-07T07:42:51+02:00,171.0,1,Ulefoss,TEL:Line:8103,Lunde-Ulefoss,103,bus,TEL:ServiceJourney:126326,True,actual,False,,,,,2026-09-07T08:42:24.659182+02:00
NSR:StopPlace:58871,Sande stasjon,2026-09-07T07:40:00+02:00,2026-09-07T07:42:51+02:00,2026-09-07T07:42:51+02:00,171.0,1,Skafjell-Selvik skole,VKT:Line:10,Drammen-Skoger-Sande,10,bus,VKT:ServiceJourney:104143,True,actual,False,,,,,2026-09-07T08:42:24.659182+02:00
NSR:StopPlace:58893,Grovane stasjon,2026-09-07T08:22:00+02:00,2026-09-07T08:24:51+02:00,2026-09-07T08:24:51+02:00,171.0,1,Kristiansand via Moseidmoen - Mosby,AKT:Line:30,Kvadraturen - Mosby - Vennesl,30,bus,AKT:ServiceJourney:79449_102_48_60240_63000_40001545,True,actual,False,,,,,2026-09-07T08:42:24.659182+02:00
NSR:StopPlace:58964,Kløfta stasjon,2026-09-08T01:11:00+02:00,2026-09-08T01:13:50+02:00,2026-09-08T01:13:50+02:00,170.0,1,Eidsvoll,VYG:Line:R13,Drammen-Oslo S-Dal,R13,rail,VYG:ServiceJourney:1679_443385-R,True,actual,False,,,,,2026-09-08T03:39:50.209703+02:00
NSR:StopPlace:61872,Nærbø stasjon,2026-09-07T23:52:00+02:00,2026-09-07T23:54:50+02:00,2026-09-07T23:54:50+02:00,170.0,1,Stavanger,GOA:Line:59,Jærbanen,L5,rail,GOA:ServiceJourney:3077_63141-R,True,actual,False,,,,,2026-09-08T00:20:52.129880+02:00
NSR:StopPlace:58835,Lier stasjon,2026-09-08T00:17:00+02:00,2026-09-08T00:19:50+02:00,2026-09-08T00:19:50+02:00,170.0,1,Drammen,VYG:Line:R13,Drammen-Oslo S-Dal,R13,rail,VYG:ServiceJourney:1674_481183-R,True,actual,False,,,,,2026-09-08T00:20:52.129880+02:00
NSR:StopPlace:58852,Høn stasjon,2026-09-07T23:43:00+02:00,2026-09-07T23:45:50+02:00,2026-09-07T23:45:50+02:00,170.0,1,Spikkestad,VYG:Line:L1,Spikkestad-Oslo S-Lillestrøm,L1,rail,VYG:ServiceJourney:2273_443707-R,True,actual,False,,,,,2026-09-08T00:20:52.129880+02:00
NSR:StopPlace:58861,Solbråtan stasjon,2026-09-07T21:45:00+02:00,2026-09-07T21:47:50+02:00,2026-09-07T21:47:50+02:00,170.0,1,Bjørvika,RUT:Line:83,Jernbanetorget - Tårnåsen,83,bus,RUT:ServiceJourney:189a5d5568db2bd65f12fe5f48c2a558,True,actual,False,Linje 80E og 83 får Hausmanns bru som ny endeholdeplass fra 29. juni,"Bussene stopper ikke på Jernbanetorget etter 29. juni, men starter og stopper på Hausmanns bru i Nylandsveien.",incident,normal,2026-09-08T00:20:52.129880+02:00
NSR:StopPlace:58843,Blommenholm stasjon,2026-09-07T19:58:00+02:00,2026-09-07T20:00:50+02:00,2026-09-07T20:00:50+02:00,170.0,1,Spikkestad,VYG:Line:L1,Spikkestad-Oslo S-Lillestrøm,L1,rail,VYG:ServiceJourney:2259_443684-R,True,actual,False,,,,,2026-09-07T20:27:16.249662+02:00
NSR:StopPlace:313,Høybråten stasjon,2026-09-07T18:57:00+02:00,2026-09-07T18:59:50+02:00,2026-09-07T18:59:50+02:00,170.0,1,Lillestrøm,VYG:Line:L1,Spikkestad-Oslo S-Lillestrøm,L1,rail,VYG:ServiceJourney:2256_445354-R,True,actual,False,,,,,2026-09-07T20:27:16.249662+02:00
NSR:StopPlace:61251,Øksnavadporten stasjon,2026-09-07T15:19:00+02:00,2026-09-07T15:21:50+02:00,2026-09-07T15:21:50+02:00,170.0,1,Egersund,GOA:Line:59,Jærbanen,L5,rail,GOA:ServiceJourney:3044_63087-R,True,actual,False,,,,,2026-09-07T15:44:36.205822+02:00
NSR:StopPlace:61707,Jevnaker stasjon,2026-09-07T15:09:00+02:00,2026-09-07T15:11:50+02:00,2026-09-07T15:11:50+02:00,170.0,1,Prestmoen-Sogn,INN:Line:451,Gran-Lunner-Grindvoll-Jevnaker,451,bus,INN:ServiceJourney:71528,True,actual,False,,,,,2026-09-07T15:44:36.205822+02:00
NSR:StopPlace:59957,Klepp stasjon,2026-09-07T14:52:00+02:00,2026-09-07T14:54:50+02:00,2026-09-07T14:54:50+02:00,170.0,1,Egersund,GOA:Line:59,Jærbanen,L5,rail,GOA:ServiceJourney:3042_63084-R,True,actual,False,,,,,2026-09-07T15:44:36.205822+02:00
NSR:StopPlace:58864,Sørumsand stasjon,2026-09-07T14:21:00+02:00,2026-09-07T14:23:50+02:00,2026-09-07T14:23:50+02:00,170.0,1,Skedsmokorset,RUT:Line:365,Sørumsand - Frogner - Skedsmokorset,365,bus,RUT:ServiceJourney:f6a000ad5a1e9d9f5672d52487786583,True,actual,False,,,,,2026-09-07T15:44:36.205822+02:00
NSR:StopPlace:58864,Sørumsand stasjon,2026-09-07T14:29:00+02:00,2026-09-07T14:31:50+02:00,2026-09-07T14:31:50+02:00,170.0,1,Asker,VYG:Line:R14,Asker-Oslo S-Kongsvinger,R14,rail,VYG:ServiceJourney:1020_442928-R,True,actual,False,,,,,2026-09-07T15:44:36.205822+02:00
NSR:StopPlace:58804,Alvdal stasjon,2026-09-07T13:20:00+02:00,2026-09-07T13:22:50+02:00,2026-09-07T13:22:50+02:00,170.0,1,Hamar,SJN:Line:25,Rørosbanen,R60,rail,SJN:ServiceJourney:2386_47976-R,True,actual,False,,,,,2026-09-07T15:44:36.205822+02:00
NSR:StopPlace:261,Ganddal stasjon,2026-09-07T15:15:00+02:00,2026-09-07T15:17:50+02:00,2026-09-07T15:17:50+02:00,170.0,1,Egersund,GOA:Line:59,Jærbanen,L5,rail,GOA:ServiceJourney:3044_63087-R,True,actual,False,,,,,2026-09-07T15:44:36.205822+02:00
NSR:StopPlace:59649,Nydalen stasjon,2026-09-07T07:41:00+02:00,2026-09-07T07:43:50+02:00,2026-09-07T07:43:50+02:00,170.0,1,Brynseng,RUT:Line:24,Fornebu vest - Brynseng T,24,bus,RUT:ServiceJourney:8ea1aa67358e6d125492512edad1dc15,True,actual,False,,,,,2026-09-07T08:42:24.659182+02:00
NSR:StopPlace:59642,Rånåsfoss stasjon,2026-09-07T08:38:00+02:00,2026-09-07T08:40:50+02:00,2026-09-07T08:40:50+02:00,170.0,1,Kongsvinger,VYG:Line:R14,Asker-Oslo S-Kongsvinger,R14,rail,VYG:ServiceJourney:1007_442912-R,True,actual,False,,,,,2026-09-07T08:42:24.659182+02:00
NSR:StopPlace:59654,Stabekk stasjon,2026-09-07T07:24:00+02:00,2026-09-07T07:26:50+02:00,2026-09-07T07:26:50+02:00,170.0,1,Spikkestad,VYG:Line:L1,Spikkestad-Oslo S-Lillestrøm,L1,rail,VYG:ServiceJourney:2209_443598-R,True,actual,False,,,,,2026-09-07T08:42:24.659182+02:00
NSR:StopPlace:60944,Ski stasjon,2026-09-07T06:32:00+02:00,2026-09-07T06:34:50+02:00,2026-09-07T06:34:50+02:00,170.0,1,Drøbak - Seiersten,RUT:Line:510,Bøleråsen - Ski - Ås - Drøbak,510,bus,RUT:ServiceJourney:b3e75fde4b640e416ec1957627a2af07,True,actual,False,,,,,2026-09-07T08:42:24.659182+02:00
NSR:StopPlace:58921,Vennesla stasjon,2026-09-07T07:36:00+02:00,2026-09-07T07:38:50+02:00,2026-09-07T07:38:50+02:00,170.0,1,Kristiansand via Mosby,AKT:Line:30,Kvadraturen - Mosby - Vennesl,30,bus,AKT:ServiceJourney:79447_82_48_52800_55680_40001545,True,actual,False,,,,,2026-09-07T08:42:24.659182+02:00
NSR:StopPlace:58930,Larvik stasjon,2026-09-07T07:37:00+02:00,2026-09-07T07:39:50+02:00,2026-09-07T07:39:50+02:00,170.0,1,Larvik-Sandefjord,VKT:Line:3,Busk-Sandefjord-Larvik-Veldre,3,bus,VKT:ServiceJourney:17541,True,actual,False,,,,,2026-09-07T08:42:24.659182+02:00
NSR:StopPlace:58930,Larvik stasjon,2026-09-07T08:00:00+02:00,2026-09-07T08:02:50+02:00,2026-09-07T08:02:50+02:00,170.0,1,Ekspress Tønsberg,VKT:Line:6,Ekspress Larvik-Tønsberg,6,bus,VKT:ServiceJourney:17765,True,actual,False,,,,,2026-09-07T08:42:24.659182+02:00
NSR:StopPlace:58845,Eidsvoll verk stasjon,2026-09-07T08:00:00+02:00,2026-09-07T08:02:50+02:00,2026-09-07T08:02:50+02:00,170.0,1,Eidsvoll,RUT:Line:430,Eidsvoll - Jessheim,430,bus,RUT:ServiceJourney:2ee88942b40037ca6af7f04d7dbe7746,True,actual,False,,,,,2026-09-07T08:42:24.659182+02:00
NSR:StopPlace:58814,Tolga stasjon,2026-09-07T04:41:00+02:00,2026-09-07T04:43:50+02:00,2026-09-07T04:43:50+02:00,170.0,1,Hamar,SJN:Line:25,Rørosbanen,R60,rail,SJN:ServiceJourney:2378_30115-R,True,actual,False,,,,,2026-09-07T08:42:24.659182+02:00
NSR:StopPlace:461,Lundamo stasjon,2026-09-07T06:56:00+02:00,2026-09-07T06:58:50+02:00,2026-09-07T06:58:50+02:00,170.0,1,Trondheim S,SJN:Line:25,Rørosbanen,R60,rail,SJN:ServiceJourney:411_37676-R,True,actual,False,,,,,2026-09-07T08:42:24.659182+02:00
NSR:StopPlace:62341,Tangen stasjon,2026-09-07T05:24:00+02:00,2026-09-07T05:26:50+02:00,2026-09-07T05:26:50+02:00,170.0,1,Drammen,VYG:Line:RE10,Drammen-Oslo S-Lillehammer,RE10,rail,VYG:ServiceJourney:302-HHS_486370-R,True,actual,False,,,,,2026-09-07T08:42:24.659182+02:00
NSR:StopPlace:61251,Øksnavadporten stasjon,2026-09-08T00:05:00+02:00,2026-09-08T00:07:49+02:00,2026-09-08T00:07:49+02:00,169.0,1,Stavanger,GOA:Line:59,Jærbanen,L5,rail,GOA:ServiceJourney:3077_63141-R,True,actual,False,,,,,2026-09-08T00:20:52.129880+02:00
NSR:StopPlace:6,Greverud stasjon,2026-09-07T23:33:00+02:00,2026-09-07T23:35:49+02:00,2026-09-07T23:35:49+02:00,169.0,1,Oslo S,VYG:Line:L2,Stabekk-Oslo S-Ski,L2,rail,VYG:ServiceJourney:2878_444121-R,True,actual,False,,,,,2026-09-08T00:20:52.129880+02:00
NSR:StopPlace:41,Hanaborg stasjon,2026-09-07T23:04:00+02:00,2026-09-07T23:06:49+02:00,2026-09-07T23:06:49+02:00,169.0,1,Asker,VYG:Line:L1,Spikkestad-Oslo S-Lillestrøm,L1,rail,VYG:ServiceJourney:2173_443584-R,True,actual,False,,,,,2026-09-08T00:20:52.129880+02:00
NSR:StopPlace:59641,Fjellhamar stasjon,2026-09-07T23:02:00+02:00,2026-09-07T23:04:49+02:00,2026-09-07T23:04:49+02:00,169.0,1,Asker,VYG:Line:L1,Spikkestad-Oslo S-Lillestrøm,L1,rail,VYG:ServiceJourney:2173_443584-R,True,actual,False,,,,,2026-09-08T00:20:52.129880+02:00
NSR:StopPlace:59957,Klepp stasjon,2026-09-08T00:02:00+02:00,2026-09-08T00:04:49+02:00,2026-09-08T00:04:49+02:00,169.0,1,Stavanger,GOA:Line:59,Jærbanen,L5,rail,GOA:ServiceJourney:3077_63141-R,True,actual,False,,,,,2026-09-08T00:20:52.129880+02:00
NSR:StopPlace:58854,Langhus stasjon,2026-09-07T23:27:00+02:00,2026-09-07T23:29:49+02:00,2026-09-07T23:29:49+02:00,169.0,1,Oslo S,VYG:Line:L2,Stabekk-Oslo S-Ski,L2,rail,VYG:ServiceJourney:2878_444121-R,True,actual,False,,,,,2026-09-08T00:20:52.129880+02:00
NSR:StopPlace:58811,Moelv stasjon,2026-09-07T23:08:00+02:00,2026-09-07T23:10:49+02:00,2026-09-07T23:10:49+02:00,169.0,1,Lillehammer,VYG:Line:RE10,Drammen-Oslo S-Lillehammer,RE10,rail,VYG:ServiceJourney:335-SUD_486419-R,True,actual,False,,,,,2026-09-08T00:20:52.129880+02:00
NSR:StopPlace:58823,Jaren stasjon,2026-09-07T22:21:00+02:00,2026-09-07T22:23:49+02:00,2026-09-07T22:23:49+02:00,169.0,1,Gjøvik,VYG:Line:R31,Skøyen-Jaren-Gjøvik,R31,rail,VYG:ServiceJourney:233-ROA_589360-R,True,actual,False,,,,,2026-09-08T00:20:52.129880+02:00
NSR:StopPlace:59648,Kjelsås stasjon,2026-09-07T17:40:00+02:00,2026-09-07T17:42:49+02:00,2026-09-07T17:42:49+02:00,169.0,1,Majorstuen,RUT:Line:25,Majorstuen-Haugerud,25,bus,RUT:ServiceJourney:5c9640c435542dc6aca6a7367ce0c2a0,True,actual,False,,,,,2026-09-07T20:27:16.249662+02:00
NSR:StopPlace:58795,Kambo stasjon,2026-09-07T18:59:00+02:00,2026-09-07T19:01:49+02:00,2026-09-07T19:01:49+02:00,169.0,1,Kambo,OST:Line:1_22,Skredderåsen-Kambo,22,bus,OST:ServiceJourney:22_260821062875234_81,True,actual,False,,,,,2026-09-07T20:27:16.249662+02:00
NSR:StopPlace:58795,Kambo stasjon,2026-09-07T19:25:00+02:00,2026-09-07T19:27:49+02:00,2026-09-07T19:27:49+02:00,169.0,1,Moss,VYG:Line:R21,Stabekk-Oslo S-Moss,R21,rail,VYG:ServiceJourney:1155-HVK_443040-R,True,actual,False,,,,,2026-09-07T20:27:16.249662+02:00
NSR:StopPlace:58844,Eidsvoll stasjon,2026-09-07T18:44:00+02:00,2026-09-07T18:46:49+02:00,2026-09-07T18:46:49+02:00,169.0,1,Eidsvoll,RUT:Line:430,Eidsvoll - Jessheim,430,bus,RUT:ServiceJourney:1e3f3de09dad31d92eedfaab05b0aff8,True,actual,False,,,,,2026-09-07T20:27:16.249662+02:00
NSR:StopPlace:206,Mariero stasjon,2026-09-07T19:59:00+02:00,2026-09-07T20:01:49+02:00,2026-09-07T20:01:49+02:00,169.0,1,Egersund,GOA:Line:59,Jærbanen,L5,rail,GOA:ServiceJourney:3064_63121-R,True,actual,False,,,,,2026-09-07T20:27:16.249662+02:00
NSR:StopPlace:62379,Bergsgrav stasjon,2026-09-07T17:03:00+02:00,2026-09-07T17:05:49+02:00,2026-09-07T17:05:49+02:00,169.0,1,Lundamo,SJN:Line:26,Trønderbanen,R70,rail,SJN:ServiceJourney:444_56073-R,True,actual,False,,,,,2026-09-07T20:27:16.249662+02:00
NSR:StopPlace:58948,Stjørdal stasjon,2026-09-07T13:39:00+02:00,2026-09-07T13:41:49+02:00,2026-09-07T13:41:49+02:00,169.0,1,Marienborg via Brattøra,ATB:Line:2_70,Stjørdal/Hommelvik- Trondheim,70,bus,ATB:ServiceJourney:70_251215112546924_52,True,actual,False,,,,,2026-09-07T15:44:36.205822+02:00
NSR:StopPlace:59650,Nyland stasjon,2026-09-07T07:32:00+02:00,2026-09-07T07:34:49+02:00,2026-09-07T07:34:49+02:00,169.0,1,Økern,RUT:Line:345,Vestvollen - Økern,345,bus,RUT:ServiceJourney:2638ebf89a9c368d59357c8b1f77deec,True,actual,False,,,,,2026-09-07T08:42:24.659182+02:00
NSR:StopPlace:58930,Larvik stasjon,2026-09-07T06:09:00+02:00,2026-09-07T06:11:49+02:00,2026-09-07T06:11:49+02:00,169.0,1,Veldre,VKT:Line:3,Busk-Sandefjord-Larvik-Veldre,3,bus,VKT:ServiceJourney:17465,True,actual,False,,,,,2026-09-07T08:42:24.659182+02:00
NSR:StopPlace:58861,Solbråtan stasjon,2026-09-07T07:41:00+02:00,2026-09-07T07:43:49+02:00,2026-09-07T07:43:49+02:00,169.0,1,Tårnåsen,RUT:Line:83,Jernbanetorget - Tårnåsen,83,bus,RUT:ServiceJourney:4590e8cab844f8326c1f830f01cb2a2e,True,actual,False,Linje 80E og 83 får Hausmanns bru som ny endeholdeplass fra 29. juni,"Bussene stopper ikke på Jernbanetorget etter 29. juni, men starter og stopper på Hausmanns bru i Nylandsveien.",incident,normal,2026-09-07T08:42:24.659182+02:00
NSR:StopPlace:58817,Eina stasjon,2026-09-07T08:00:00+02:00,2026-09-07T08:02:49+02:00,2026-09-07T08:02:49+02:00,169.0,1,Raufoss,INN:Line:406,Gjø.-Reinsv.-Eina-Reinsv.-Gjø.,406,bus,INN:ServiceJourney:65782,True,actual,False,,,,,2026-09-07T08:42:24.659182+02:00
NSR:StopPlace:708,Stange stasjon,2026-09-07T05:15:00+02:00,2026-09-07T05:17:49+02:00,2026-09-07T05:17:49+02:00,169.0,1,Drammen,VYG:Line:RE10,Drammen-Oslo S-Lillehammer,RE10,rail,VYG:ServiceJourney:302-HHS_486370-R,True,actual,False,,,,,2026-09-07T08:42:24.659182+02:00
NSR:StopPlace:62308,Alna stasjon,2026-09-07T07:47:00+02:00,2026-09-07T07:49:49+02:00,2026-09-07T07:49:49+02:00,169.0,1,Asker,VYG:Line:L1,Spikkestad-Oslo S-Lillestrøm,L1,rail,VYG:ServiceJourney:2111_728233-R,True,actual,False,Færre vogner,Denne avgangen kjører dessverre med 4 vogner i stedet for 8 vogner. Dette skyldes at vi mangler et togsett.,general,normal,2026-09-07T08:42:24.659182+02:00
NSR:StopPlace:59650,Nyland stasjon,2026-09-07T23:44:00+02:00,2026-09-07T23:46:48+02:00,2026-09-07T23:46:48+02:00,168.0,1,Asker,VYG:Line:L1,Spikkestad-Oslo S-Lillestrøm,L1,rail,VYG:ServiceJourney:2175_443586-R,True,actual,False,,,,,2026-09-08T00:20:52.129880+02:00
NSR:StopPlace:58857,Lørenskog stasjon,2026-09-07T22:29:00+02:00,2026-09-07T22:31:48+02:00,2026-09-07T22:31:48+02:00,168.0,1,Lillestrøm,VYG:Line:L1,Spikkestad-Oslo S-Lillestrøm,L1,rail,VYG:ServiceJourney:2270_443703-R,True,actual,False,,,,,2026-09-08T00:20:52.129880+02:00
NSR:StopPlace:58857,Lørenskog stasjon,2026-09-07T23:06:00+02:00,2026-09-07T23:08:48+02:00,2026-09-07T23:08:48+02:00,168.0,1,Asker,VYG:Line:L1,Spikkestad-Oslo S-Lillestrøm,L1,rail,VYG:ServiceJourney:2173_443584-R,True,actual,False,,,,,2026-09-08T00:20:52.129880+02:00
NSR:StopPlace:58864,Sørumsand stasjon,2026-09-07T22:30:00+02:00,2026-09-07T22:32:48+02:00,2026-09-07T22:32:48+02:00,168.0,1,Asker,VYG:Line:R14,Asker-Oslo S-Kongsvinger,R14,rail,VYG:ServiceJourney:1036_442948-R,True,actual,False,,,,,2026-09-08T00:20:52.129880+02:00
NSR:StopPlace:62377,Ronglan stasjon,2026-09-07T22:29:00+02:00,2026-09-07T22:31:48+02:00,2026-09-07T22:31:48+02:00,168.0,1,Støren,SJN:Line:26,Trønderbanen,R70,rail,SJN:ServiceJourney:454_56083-R,True,actual,False,,,,,2026-09-08T00:20:52.129880+02:00
NSR:StopPlace:61466,Vakås stasjon,2026-09-07T19:57:00+02:00,2026-09-07T19:59:48+02:00,2026-09-07T19:59:48+02:00,168.0,1,Asker,VYG:Line:L1,Spikkestad-Oslo S-Lillestrøm,L1,rail,VYG:ServiceJourney:2157_443566-R,True,actual,False,,,,,2026-09-07T20:27:16.249662+02:00
NSR:StopPlace:61464,Hvalstad stasjon,2026-09-07T19:55:00+02:00,2026-09-07T19:57:48+02:00,2026-09-07T19:57:48+02:00,168.0,1,Asker,VYG:Line:L1,Spikkestad-Oslo S-Lillestrøm,L1,rail,VYG:ServiceJourney:2157_443566-R,True,actual,False,,,,,2026-09-07T20:27:16.249662+02:00
NSR:StopPlace:59958,Voss stasjon,2026-09-07T18:00:00+02:00,2026-09-07T18:02:48+02:00,2026-09-07T18:02:48+02:00,168.0,1,Bergen,VYG:Line:F4,Oslo S-Bergen,F4,rail,VYG:ServiceJourney:601-LOD_456939-R,True,actual,False,,,,,2026-09-07T20:27:16.249662+02:00
NSR:StopPlace:59639,Sonsveien stasjon,2026-09-07T20:12:00+02:00,2026-09-07T20:14:48+02:00,2026-09-07T20:14:48+02:00,168.0,1,Vestby stasjon,RUT:Line:540,Moss - Son - Vestby stasjon,540,bus,RUT:ServiceJourney:d76151ddf3abcaefbd8f53bc2d5a5a04,True,actual,False,,,,,2026-09-07T20:27:16.249662+02:00
NSR:StopPlace:58836,Mjøndalen stasjon,2026-09-07T19:05:00+02:00,2026-09-07T19:07:48+02:00,2026-09-07T19:07:48+02:00,168.0,1,Eidsvoll,VYG:Line:R12,Kongsberg-Oslo S-Eidsvoll,R12,rail,VYG:ServiceJourney:530_444338-R,True,actual,False,,,,,2026-09-07T20:27:16.249662+02:00
NSR:StopPlace:58846,Fetsund stasjon,2026-09-07T16:52:00+02:00,2026-09-07T16:54:48+02:00,2026-09-07T16:54:48+02:00,168.0,1,Kongsvinger,VYG:Line:R14,Asker-Oslo S-Kongsvinger,R14,rail,VYG:ServiceJourney:1053-HAV_442957-R,True,actual,False,,,,,2026-09-07T20:27:16.249662+02:00
NSR:StopPlace:58853,Kolbotn stasjon,2026-09-07T18:11:00+02:00,2026-09-07T18:13:48+02:00,2026-09-07T18:13:48+02:00,168.0,1,Kolbotn sentrum,RUT:Line:585,Kolbotn - Svartskog,585,bus,RUT:ServiceJourney:d1a7079e406a8f30a01ca09da1d233c2,True,actual,False,,,,,2026-09-07T20:27:16.249662+02:00
NSR:StopPlace:58877,Bø stasjon,2026-09-07T16:28:00+02:00,2026-09-07T16:30:48+02:00,2026-09-07T16:30:48+02:00,168.0,1,Oslo S,GOA:Line:50,Sørtoget region,F5,rail,GOA:ServiceJourney:710-KVB_71575-R,True,actual,False,,,,,2026-09-07T20:27:16.249662+02:00
NSR:StopPlace:58873,Skoppum stasjon,2026-09-07T20:00:00+02:00,2026-09-07T20:02:48+02:00,2026-09-07T20:02:48+02:00,168.0,1,Holtandalen-Horten,VKT:Line:40,Horten-Holtandalen-Skoppum,40,bus,VKT:ServiceJourney:17444,True,actual,False,,,,,2026-09-07T20:27:16.249662+02:00
NSR:StopPlace:151,Evanger stasjon,2026-09-07T20:09:00+02:00,2026-09-07T20:11:48+02:00,2026-09-07T20:11:48+02:00,168.0,1,Bergen,VYG:Line:R40,Bergen-Voss-Myrdal-Ål,R40,rail,VYG:ServiceJourney:1835_477934-R,True,actual,False,,,,,2026-09-07T20:27:16.249662+02:00
NSR:StopPlace:62308,Alna stasjon,2026-09-07T18:17:00+02:00,2026-09-07T18:19:48+02:00,2026-09-07T18:19:48+02:00,168.0,1,Asker,VYG:Line:L1,Spikkestad-Oslo S-Lillestrøm,L1,rail,VYG:ServiceJourney:2153_443562-R,True,actual,False,,,,,2026-09-07T20:27:16.249662+02:00
NSR:StopPlace:61707,Jevnaker stasjon,2026-09-07T15:09:00+02:00,2026-09-07T15:11:48+02:00,2026-09-07T15:11:48+02:00,168.0,1,Kanada,INN:Line:452,Gran-Lunner-Olimb-Jevnaker,452,bus,INN:ServiceJourney:71449,True,actual,False,,,,,2026-09-07T15:44:36.205822+02:00
NSR:StopPlace:59646,Høvik stasjon,2026-09-07T14:40:00+02:00,2026-09-07T14:42:48+02:00,2026-09-07T14:42:48+02:00,168.0,1,Asker,RUT:Line:270,Asker - Sandvika (- Fornebu),270,bus,RUT:ServiceJourney:1dab74dda87eb5b81c9e15ba28e8819f,True,actual,False,,,,,2026-09-07T15:44:36.205822+02:00
NSR:StopPlace:58952,Bodø stasjon,2026-09-07T15:32:00+02:00,2026-09-07T15:34:48+02:00,2026-09-07T15:34:48+02:00,168.0,1,Tverlandet,NOR:Line:12_8004,Tverlandet - Bodø sentrum - Løpsmarka,4,bus,NOR:ServiceJourney:8004_251012124900573_1026,True,actual,False,,,,,2026-09-07T15:44:36.205822+02:00
NSR:StopPlace:58797,Mysen stasjon,2026-09-07T14:16:00+02:00,2026-09-07T14:18:48+02:00,2026-09-07T14:18:48+02:00,168.0,1,Oslo bussterminal,OST:Line:1_9,Timekspress linje 9,9,bus,OST:ServiceJourney:9_260325121472416_9009,True,actual,False,,,,,2026-09-07T15:44:36.205822+02:00
NSR:StopPlace:58848,Haga stasjon,2026-09-07T14:13:00+02:00,2026-09-07T14:15:48+02:00,2026-09-07T14:15:48+02:00,168.0,1,Asker,VYG:Line:R14,Asker-Oslo S-Kongsvinger,R14,rail,VYG:ServiceJourney:1020_442928-R,True,actual,False,,,,,2026-09-07T15:44:36.205822+02:00
NSR:StopPlace:58801,Sarpsborg stasjon,2026-09-07T15:27:00+02:00,2026-09-07T15:29:48+02:00,2026-09-07T15:29:48+02:00,168.0,1,Göteborg C,VYG:Line:RE20,Oslo S-Halden-Göteborg (X-Border),RE20,rail,VYG:ServiceJourney:119-391_460181-R,True,actual,False,,,,,2026-09-07T15:44:36.205822+02:00
NSR:StopPlace:58809,Koppang stasjon,2026-09-07T14:20:00+02:00,2026-09-07T14:22:48+02:00,2026-09-07T14:22:48+02:00,168.0,1,Rendalen - Tynset,INN:Line:860,Koppang - Rendalen - Tynset,860,bus,INN:ServiceJourney:78119,True,actual,False,,,,,2026-09-07T15:44:36.205822+02:00
NSR:StopPlace:60053,Halden stasjon,2026-09-07T06:56:00+02:00,2026-09-07T06:58:48+02:00,2026-09-07T06:58:48+02:00,168.0,1,Halden sentrum,OST:Line:1_32,Brekkerød-Stenrød,32,bus,OST:ServiceJourney:32_260325121472809_4,True,actual,False,,,,,2026-09-07T08:42:24.659182+02:00
NSR:StopPlace:58797,Mysen stasjon,2026-09-07T08:21:00+02:00,2026-09-07T08:23:48+02:00,2026-09-07T08:23:48+02:00,168.0,1,Mysen ungdomsskole,OST:Line:1_464,Mysen ungdomsskole,464,bus,OST:ServiceJourney:464_260325121475510_9,True,actual,False,,,,,2026-09-07T08:42:24.659182+02:00
NSR:StopPlace:58845,Eidsvoll verk stasjon,2026-09-07T08:03:00+02:00,2026-09-07T08:05:48+02:00,2026-09-07T08:05:48+02:00,168.0,1,Nannestad vgs.,RUT:Line:3872,Eidsvoll - Råholt - Dal - Nannestad,3872,bus,RUT:ServiceJourney:72f21f3818ddf648da1864a6e65ae3ac,True,actual,False,,,,,2026-09-07T08:42:24.659182+02:00
NSR:StopPlace:58856,Lysaker stasjon,2026-09-07T05:32:00+02:00,2026-09-07T05:34:48+02:00,2026-09-07T05:34:48+02:00,168.0,1,Grorud T,RUT:Line:31,Snarøya - Fornebu - Tonsenhagen - Grorud,31,bus,RUT:ServiceJourney:765b7efd5dc82448a16483d5a1c06bab,True,actual,False,,,,,2026-09-07T08:42:24.659182+02:00
NSR:StopPlace:58865,Vestby stasjon,2026-09-07T08:05:00+02:00,2026-09-07T08:07:48+02:00,2026-09-07T08:07:48+02:00,168.0,1,Vestby arena,RUT:Line:530,Pepperstad - Vestby stasjon,530,bus,RUT:ServiceJourney:30b49a6b2032e4bceaab77af31dc5113,True,actual,False,,,,,2026-09-07T08:42:24.659182+02:00
NSR:StopPlace:58866,Vevelstad stasjon,2026-09-07T06:29:00+02:00,2026-09-07T06:31:48+02:00,2026-09-07T06:31:48+02:00,168.0,1,Lysaker,VYG:Line:L2,Stabekk-Oslo S-Ski,L2,rail,VYG:ServiceJourney:2810-SKI_444022-R,True,actual,False,Færre vogner,Denne avgangen kjører dessverre med 3 vogner i stedet for 6 vogner. Dette skyldes at vi mangler et togsett.,general,normal,2026-09-07T08:42:24.659182+02:00
NSR:StopPlace:58813,Skarnes stasjon,2026-09-07T08:14:00+02:00,2026-09-07T08:16:48+02:00,2026-09-07T08:16:48+02:00,168.0,1,Sand,INN:Line:700,Kongsvinger-Skarnes-Sand,700,bus,INN:ServiceJourney:82354,True,actual,False,,,,,2026-09-07T08:42:24.659182+02:00
NSR:StopPlace:62393,Billingstad stasjon,2026-09-07T07:36:00+02:00,2026-09-07T07:38:48+02:00,2026-09-07T07:38:48+02:00,168.0,1,Spikkestad,VYG:Line:L1,Spikkestad-Oslo S-Lillestrøm,L1,rail,VYG:ServiceJourney:2209_443598-R,True,actual,False,,,,,2026-09-07T08:42:24.659182+02:00
NSR:StopPlace:58837,Nesbyen stasjon,2026-09-08T01:57:00+02:00,2026-09-08T01:59:47+02:00,2026-09-08T01:59:47+02:00,167.0,1,Bergen,VYG:Line:F4,Oslo S-Bergen,F4,rail,VYG:ServiceJourney:605-LOD_444356-R,True,actual,False,,,,,2026-09-08T03:39:50.209703+02:00
NSR:StopPlace:63079,Skeiane stasjon,2026-09-07T22:42:00+02:00,2026-09-07T22:44:47+02:00,2026-09-07T22:44:47+02:00,167.0,1,Nærbø,GOA:Line:59,Jærbanen,L5,rail,GOA:ServiceJourney:3074_63137-R,True,actual,False,,,,,2026-09-08T00:20:52.129880+02:00
NSR:StopPlace:628,Darbu stasjon,2026-09-08T00:13:00+02:00,2026-09-08T00:15:47+02:00,2026-09-08T00:15:47+02:00,167.0,1,Kongsberg,VYG:Line:R12,Kongsberg-Oslo S-Eidsvoll,R12,rail,VYG:ServiceJourney:537_444347-R,True,actual,False,,,,,2026-09-08T00:20:52.129880+02:00
NSR:StopPlace:61872,Nærbø stasjon,2026-09-07T18:33:00+02:00,2026-09-07T18:35:47+02:00,2026-09-07T18:35:47+02:00,167.0,1,Egersund,GOA:Line:59,Jærbanen,L5,rail,GOA:ServiceJourney:3056_63108-R,True,actual,False,,,,,2026-09-07T20:27:16.249662+02:00
NSR:StopPlace:61897,Bryn stasjon,2026-09-07T17:50:00+02:00,2026-09-07T17:52:47+02:00,2026-09-07T17:52:47+02:00,167.0,1,Asker,VYG:Line:L1,Spikkestad-Oslo S-Lillestrøm,L1,rail,VYG:ServiceJourney:2151_443560-R,True,actual,False,,,,,2026-09-07T20:27:16.249662+02:00
NSR:StopPlace:59649,Nydalen stasjon,2026-09-07T17:28:00+02:00,2026-09-07T17:30:47+02:00,2026-09-07T17:30:47+02:00,167.0,1,Lysaker,RUT:Line:23,Lysaker - Simensbråten,23,bus,RUT:ServiceJourney:42552528534d20ad964bd44ef818d635,True,actual,False,,,,,2026-09-07T20:27:16.249662+02:00
NSR:StopPlace:58963,Jessheim stasjon,2026-09-07T18:06:00+02:00,2026-09-07T18:08:47+02:00,2026-09-07T18:08:47+02:00,167.0,1,Oslo lufthavn,RUT:Line:450,Årnes - Oslo lufthavn,450,bus,RUT:ServiceJourney:7cc737ef161fa411feeeff13f39cf020,True,actual,False,,,,,2026-09-07T20:27:16.249662+02:00
NSR:StopPlace:58963,Jessheim stasjon,2026-09-07T18:21:00+02:00,2026-09-07T18:23:47+02:00,2026-09-07T18:23:47+02:00,167.0,1,Dal,VYG:Line:R13,Drammen-Oslo S-Dal,R13,rail,VYG:ServiceJourney:1651_481163-R,True,actual,False,,,,,2026-09-07T20:27:16.249662+02:00
NSR:StopPlace:58836,Mjøndalen stasjon,2026-09-07T18:27:00+02:00,2026-09-07T18:29:47+02:00,2026-09-07T18:29:47+02:00,167.0,1,Åsen,BRA:Line:4_6053,Mjøndalen - Åsen,53,bus,BRA:ServiceJourney:6053_260415100160449_1037,True,actual,False,,,,,2026-09-07T20:27:16.249662+02:00
NSR:StopPlace:58840,Vestfossen stasjon,2026-09-07T20:07:00+02:00,2026-09-07T20:09:47+02:00,2026-09-07T20:09:47+02:00,167.0,1,Kongsberg,VYG:Line:R12,Kongsberg-Oslo S-Eidsvoll,R12,rail,VYG:ServiceJourney:529_444336-R,True,actual,False,,,,,2026-09-07T20:27:16.249662+02:00
NSR:StopPlace:58886,Arendal stasjon,2026-09-07T17:07:00+02:00,2026-09-07T17:09:47+02:00,2026-09-07T17:09:47+02:00,167.0,1,Grimstad via Arendal sentrum,AKT:Line:101,Eydehavn-Arendal-Grimstad N/S,101,bus,AKT:ServiceJourney:71763_391_89_121200_125760_40000971,True,actual,False,,,,,2026-09-07T20:27:16.249662+02:00
NSR:StopPlace:61169,Marienborg stasjon,2026-09-07T14:48:00+02:00,2026-09-07T14:50:47+02:00,2026-09-07T14:50:47+02:00,167.0,1,Sandmoen via Flatåsen,ATB:Line:2_23,Brattøra - St. Olavs - Hallset - Flatåsen - Sandmoen,23,bus,ATB:ServiceJourney:23_251215112545511_68,True,actual,False,,,,,2026-09-07T15:44:36.205822+02:00
NSR:StopPlace:59649,Nydalen stasjon,2026-09-07T13:47:00+02:00,2026-09-07T13:49:47+02:00,2026-09-07T13:49:47+02:00,167.0,1,Roa,VYG:Line:RE30,Oslo S-Gjøvik,RE30,rail,VYG:ServiceJourney:BUS-1219_655047-R,True,actual,False,,,,,2026-09-07T15:44:36.205822+02:00
NSR:StopPlace:59652,Tøyen stasjon,2026-09-07T15:24:00+02:00,2026-09-07T15:26:47+02:00,2026-09-07T15:26:47+02:00,167.0,1,Tonsenhagen,RUT:Line:60,Vippetangen-Tonsenhagen,60,bus,RUT:ServiceJourney:aed8d2a11d807903ab96954671e09bd6,True,actual,False,,,,,2026-09-07T15:44:36.205822+02:00
NSR:StopPlace:59639,Sonsveien stasjon,2026-09-07T15:25:00+02:00,2026-09-07T15:27:47+02:00,2026-09-07T15:27:47+02:00,167.0,1,Store Brevik - Son - Deør,RUT:Line:2545,Son med klokka,545A,bus,RUT:ServiceJourney:2628b9554dd9bbb61d91ef48c3a0f2fb,True,actual,False,,,,,2026-09-07T15:44:36.205822+02:00
NSR:StopPlace:58848,Haga stasjon,2026-09-07T14:54:00+02:00,2026-09-07T14:56:47+02:00,2026-09-07T14:56:47+02:00,167.0,1,Årnes,RUT:Line:455,Årnes -Rånåsfoss,455,bus,RUT:ServiceJourney:bbe9b7d69e604ed3e5b8f092afab73b8,True,actual,False,,,,,2026-09-07T15:44:36.205822+02:00
NSR:StopPlace:61463,Nordstrand stasjon,2026-09-07T08:37:00+02:00,2026-09-07T08:39:47+02:00,2026-09-07T08:39:47+02:00,167.0,1,Ski,VYG:Line:L2,Stabekk-Oslo S-Ski,L2,rail,VYG:ServiceJourney:2813-HVK_444025-R,True,actual,False,,,,,2026-09-07T08:42:24.659182+02:00
NSR:StopPlace:59647,Dal stasjon,2026-09-07T07:11:00+02:00,2026-09-07T07:13:47+02:00,2026-09-07T07:13:47+02:00,167.0,1,Jessheim,RUT:Line:430,Eidsvoll - Jessheim,430,bus,RUT:ServiceJourney:3c7be7a3be62c37d8a2e1ca49f612675,True,actual,False,,,,,2026-09-07T08:42:24.659182+02:00
NSR:StopPlace:58848,Haga stasjon,2026-09-07T07:13:00+02:00,2026-09-07T07:15:47+02:00,2026-09-07T07:15:47+02:00,167.0,1,Asker,VYG:Line:R14,Asker-Oslo S-Kongsvinger,R14,rail,VYG:ServiceJourney:1006_442911-R,True,actual,False,,,,,2026-09-07T08:42:24.659182+02:00
NSR:StopPlace:58874,Stokke stasjon,2026-09-07T08:07:00+02:00,2026-09-07T08:09:47+02:00,2026-09-07T08:09:47+02:00,167.0,1,Skien,VYG:Line:RE11,Eidsvoll-Oslo S-Skien,RE11,rail,VYG:ServiceJourney:805_444385-R,True,actual,False,,,,,2026-09-07T08:42:24.659182+02:00
NSR:StopPlace:206,Mariero stasjon,2026-09-07T08:14:00+02:00,2026-09-07T08:16:47+02:00,2026-09-07T08:16:47+02:00,167.0,1,Skeiane,GOA:Line:59,Jærbanen,L5,rail,GOA:ServiceJourney:3114_63159-R,True,actual,False,,,,,2026-09-07T08:42:24.659182+02:00
NSR:StopPlace:62339,Lillestrøm stasjon,2026-09-07T07:50:00+02:00,2026-09-07T07:52:47+02:00,2026-09-07T07:52:47+02:00,167.0,1,Oslo Lufthavn,FLT:Line:FLY1,FLY1,FLY1,rail,FLT:ServiceJourney:1-2614-3719-20260907,True,actual,False,Heis i spor 1 og 2 er ute av bruk på grunn av vedlikehold.,Heis i spor 1 og 2 er ute av bruk på grunn av vedlikehold.,general,normal,2026-09-07T08:42:24.659182+02:00
NSR:StopPlace:58920,Snartemo stasjon,2026-09-08T00:40:00+02:00,2026-09-08T00:42:46+02:00,2026-09-08T00:42:46+02:00,166.0,1,Oslo S,GOA:Line:50,Sørtoget region,F5,rail,GOA:ServiceJourney:726-KVB_63257-R,True,actual,False,,,,,2026-09-08T03:39:50.209703+02:00
NSR:StopPlace:59646,Høvik stasjon,2026-09-07T23:26:00+02:00,2026-09-07T23:28:46+02:00,2026-09-07T23:28:46+02:00,166.0,1,Spikkestad,VYG:Line:L1,Spikkestad-Oslo S-Lillestrøm,L1,rail,VYG:ServiceJourney:2273_443707-R,True,actual,False,,,,,2026-09-08T00:20:52.129880+02:00
NSR:StopPlace:59653,Haugenstua stasjon,2026-09-07T23:10:00+02:00,2026-09-07T23:12:46+02:00,2026-09-07T23:12:46+02:00,166.0,1,Lillestrøm,VYG:Line:L1,Spikkestad-Oslo S-Lillestrøm,L1,rail,VYG:ServiceJourney:2172_443583-R,True,actual,False,,,,,2026-09-08T00:20:52.129880+02:00
NSR:StopPlace:58963,Jessheim stasjon,2026-09-07T22:07:00+02:00,2026-09-07T22:09:46+02:00,2026-09-07T22:09:46+02:00,166.0,1,Drammen,VYG:Line:R13,Drammen-Oslo S-Dal,R13,rail,VYG:ServiceJourney:1670_481178-R,True,actual,False,,,,,2026-09-08T00:20:52.129880+02:00
NSR:StopPlace:58963,Jessheim stasjon,2026-09-07T23:51:00+02:00,2026-09-07T23:53:46+02:00,2026-09-07T23:53:46+02:00,166.0,1,Dal,VYG:Line:R13,Drammen-Oslo S-Dal,R13,rail,VYG:ServiceJourney:1673_443370-R,True,actual,False,,,,,2026-09-08T00:20:52.129880+02:00
NSR:StopPlace:59650,Nyland stasjon,2026-09-07T17:55:00+02:00,2026-09-07T17:57:46+02:00,2026-09-07T17:57:46+02:00,166.0,1,Oslo lufthavn,NBU:Line:cb7b555c-f96e-42d5-84bf-a5e08c0145c2,Radiumhospitalet via Økern-Storo-Tåsen,FB3,bus,NBU:ServiceJourney:af1cd8e6-5ad9-43d1-bc6c-c01721ad88bd,True,actual,False,,,,,2026-09-07T20:27:16.249662+02:00
NSR:StopPlace:60042,Trengereid stasjon,2026-09-07T18:49:00+02:00,2026-09-07T18:51:46+02:00,2026-09-07T18:51:46+02:00,166.0,1,Voss,VYG:Line:R40,Bergen-Voss-Myrdal-Ål,R40,rail,VYG:ServiceJourney:1828_481200-R,True,actual,False,,,,,2026-09-07T20:27:16.249662+02:00
NSR:StopPlace:58948,Stjørdal stasjon,2026-09-07T16:51:00+02:00,2026-09-07T16:53:46+02:00,2026-09-07T16:53:46+02:00,166.0,1,Marienborg via Brattøra,ATB:Line:2_70,Stjørdal/Hommelvik- Trondheim,70,bus,ATB:ServiceJourney:70_251215112547045_76,True,actual,False,,,,,2026-09-07T20:27:16.249662+02:00
NSR:StopPlace:58847,Frogner stasjon,2026-09-07T19:21:00+02:00,2026-09-07T19:23:46+02:00,2026-09-07T19:23:46+02:00,166.0,1,Drammen,VYG:Line:R13,Drammen-Oslo S-Dal,R13,rail,VYG:ServiceJourney:1658_443339-R,True,actual,False,,,,,2026-09-07T20:27:16.249662+02:00
NSR:StopPlace:58862,Strømmen stasjon,2026-09-07T19:05:00+02:00,2026-09-07T19:07:46+02:00,2026-09-07T19:07:46+02:00,166.0,1,Lillestrøm,VYG:Line:L1,Spikkestad-Oslo S-Lillestrøm,L1,rail,VYG:ServiceJourney:2256_445354-R,True,actual,False,,,,,2026-09-07T20:27:16.249662+02:00
NSR:StopPlace:61464,Hvalstad stasjon,2026-09-07T15:40:00+02:00,2026-09-07T15:42:46+02:00,2026-09-07T15:42:46+02:00,166.0,1,Lillestrøm,VYG:Line:L1,Spikkestad-Oslo S-Lillestrøm,L1,rail,VYG:ServiceJourney:2246_443661-R,True,actual,False,,,,,2026-09-07T15:44:36.205822+02:00
NSR:StopPlace:61301,Movatn stasjon,2026-09-07T05:24:00+02:00,2026-09-07T05:26:46+02:00,2026-09-07T05:26:46+02:00,166.0,1,Nydalen,VYG:Line:R31,Skøyen-Jaren-Gjøvik,R31,rail,VYG:ServiceJourney:BUS-240_655531-R,True,actual,False,,,,,2026-09-07T08:42:24.659182+02:00
NSR:StopPlace:59647,Dal stasjon,2026-09-07T08:16:00+02:00,2026-09-07T08:18:46+02:00,2026-09-07T08:18:46+02:00,166.0,1,Eidsvoll,RUT:Line:430,Eidsvoll - Jessheim,430,bus,RUT:ServiceJourney:15d302d1e908d768f63b917608462a8b,True,actual,False,,,,,2026-09-07T08:42:24.659182+02:00
NSR:StopPlace:58808,Kongsvinger stasjon,2026-09-07T06:29:00+02:00,2026-09-07T06:31:46+02:00,2026-09-07T06:31:46+02:00,166.0,1,Marikollen,INN:Line:82,Skriverskogen - Marikollen,B82,bus,INN:ServiceJourney:54344,True,actual,False,,,,,2026-09-07T08:42:24.659182+02:00
NSR:StopPlace:61251,Øksnavadporten stasjon,2026-09-07T22:49:00+02:00,2026-09-07T22:51:45+02:00,2026-09-07T22:51:45+02:00,165.0,1,Nærbø,GOA:Line:59,Jærbanen,L5,rail,GOA:ServiceJourney:3074_63137-R,True,actual,False,,,,,2026-09-08T00:20:52.129880+02:00
NSR:StopPlace:61464,Hvalstad stasjon,2026-09-08T00:09:00+02:00,2026-09-08T00:11:45+02:00,2026-09-08T00:11:45+02:00,165.0,1,Spikkestad,VYG:Line:L1,Spikkestad-Oslo S-Lillestrøm,L1,rail,VYG:ServiceJourney:2275_443710-R,True,actual,False,,,,,2026-09-08T00:20:52.129880+02:00
NSR:StopPlace:58950,Åsen stasjon,2026-09-07T22:37:00+02:00,2026-09-07T22:39:45+02:00,2026-09-07T22:39:45+02:00,165.0,1,Støren,SJN:Line:26,Trønderbanen,R70,rail,SJN:ServiceJourney:454_56083-R,True,actual,False,,,,,2026-09-08T00:20:52.129880+02:00
NSR:StopPlace:261,Ganddal stasjon,2026-09-07T22:45:00+02:00,2026-09-07T22:47:45+02:00,2026-09-07T22:47:45+02:00,165.0,1,Nærbø,GOA:Line:59,Jærbanen,L5,rail,GOA:ServiceJourney:3074_63137-R,True,actual,False,,,,,2026-09-08T00:20:52.129880+02:00
NSR:StopPlace:8,Paradis stasjon,2026-09-07T19:56:00+02:00,2026-09-07T19:58:45+02:00,2026-09-07T19:58:45+02:00,165.0,1,Egersund,GOA:Line:59,Jærbanen,L5,rail,GOA:ServiceJourney:3064_63121-R,True,actual,False,,,,,2026-09-07T20:27:16.249662+02:00
NSR:StopPlace:58932,Hommelvik stasjon,2026-09-07T19:35:00+02:00,2026-09-07T19:37:45+02:00,2026-09-07T19:37:45+02:00,165.0,1,Stjørdal stasjon,ATB:Line:2_70,Stjørdal/Hommelvik- Trondheim,70,bus,ATB:ServiceJourney:70_251215112547104_89,True,actual,False,,,,,2026-09-07T20:27:16.249662+02:00
NSR:StopPlace:58935,Levanger stasjon,2026-09-07T19:47:00+02:00,2026-09-07T19:49:45+02:00,2026-09-07T19:49:45+02:00,165.0,1,Nord universitet Levanger,ATB:Line:2_604,Levanger - Høgberget,604,bus,ATB:ServiceJourney:604_260106098643095_48,True,actual,False,,,,,2026-09-07T20:27:16.249662+02:00
NSR:StopPlace:58847,Frogner stasjon,2026-09-07T17:40:00+02:00,2026-09-07T17:42:45+02:00,2026-09-07T17:42:45+02:00,165.0,1,Sørumsand,RUT:Line:365,Sørumsand - Frogner - Skedsmokorset,365,bus,RUT:ServiceJourney:f85655df196cc688cb1eb690fd2e9c6d,True,actual,False,,,,,2026-09-07T20:27:16.249662+02:00
NSR:StopPlace:101,Sagdalen stasjon,2026-09-07T19:07:00+02:00,2026-09-07T19:09:45+02:00,2026-09-07T19:09:45+02:00,165.0,1,Lillestrøm,VYG:Line:L1,Spikkestad-Oslo S-Lillestrøm,L1,rail,VYG:ServiceJourney:2256_445354-R,True,actual,False,,,,,2026-09-07T20:27:16.249662+02:00
NSR:StopPlace:41,Hanaborg stasjon,2026-09-07T14:31:00+02:00,2026-09-07T14:33:45+02:00,2026-09-07T14:33:45+02:00,165.0,1,Lillestrøm,VYG:Line:L1,Spikkestad-Oslo S-Lillestrøm,L1,rail,VYG:ServiceJourney:2238_443647-R,True,actual,False,Færre vogner,Denne avgangen kjører dessverre med 4 vogner i stedet for 8 vogner. Dette skyldes at vi mangler et togsett.,general,normal,2026-09-07T15:44:36.205822+02:00
NSR:StopPlace:313,Høybråten stasjon,2026-09-07T14:57:00+02:00,2026-09-07T14:59:45+02:00,2026-09-07T14:59:45+02:00,165.0,1,Lillestrøm,VYG:Line:L1,Spikkestad-Oslo S-Lillestrøm,L1,rail,VYG:ServiceJourney:2240_445337-R,True,actual,False,,,,,2026-09-07T15:44:36.205822+02:00
NSR:StopPlace:59646,Høvik stasjon,2026-09-07T06:56:00+02:00,2026-09-07T06:58:45+02:00,2026-09-07T06:58:45+02:00,165.0,1,Spikkestad,VYG:Line:L1,Spikkestad-Oslo S-Lillestrøm,L1,rail,VYG:ServiceJourney:2207_443595-R,True,actual,False,Færre vogner,Denne avgangen kjører dessverre med 4 vogner i stedet for 8 vogner. Dette skyldes at vi mangler et togsett.,general,normal,2026-09-07T08:42:24.659182+02:00
NSR:StopPlace:59649,Nydalen stasjon,2026-09-07T06:34:00+02:00,2026-09-07T06:36:45+02:00,2026-09-07T06:36:45+02:00,165.0,1,Oslo lufthavn,NBU:Line:cb7b555c-f96e-42d5-84bf-a5e08c0145c2,Radiumhospitalet via Økern-Storo-Tåsen,FB3,bus,NBU:ServiceJourney:50b0888e-f513-4a8f-8f9e-a7d9726787ce,True,actual,False,,,,,2026-09-07T08:42:24.659182+02:00
NSR:StopPlace:59650,Nyland stasjon,2026-09-07T07:00:00+02:00,2026-09-07T07:02:45+02:00,2026-09-07T07:02:45+02:00,165.0,1,Økern,RUT:Line:345,Vestvollen - Økern,345,bus,RUT:ServiceJourney:4c8e2585cc4cb0ced54d1901df5d2cde,True,actual,False,,,,,2026-09-07T08:42:24.659182+02:00
NSR:StopPlace:58963,Jessheim stasjon,2026-09-07T07:13:00+02:00,2026-09-07T07:15:45+02:00,2026-09-07T07:15:45+02:00,165.0,1,Nordkisa,RUT:Line:440,Fenstad/Nordkisa - Oslo lufthavn,440,bus,RUT:ServiceJourney:de4a6640e15716ddf5776cfff0ec0e1d,True,actual,False,,,,,2026-09-07T08:42:24.659182+02:00
NSR:StopPlace:58924,Bryne stasjon,2026-09-07T07:28:00+02:00,2026-09-07T07:30:45+02:00,2026-09-07T07:30:45+02:00,165.0,1,Stavanger,GOA:Line:59,Jærbanen,L5,rail,GOA:ServiceJourney:3011_63043-R,True,actual,False,,,,,2026-09-07T08:42:24.659182+02:00
NSR:StopPlace:58852,Høn stasjon,2026-09-07T06:50:00+02:00,2026-09-07T06:52:45+02:00,2026-09-07T06:52:45+02:00,165.0,1,Lillestrøm,VYG:Line:L1,Spikkestad-Oslo S-Lillestrøm,L1,rail,VYG:ServiceJourney:2110_443515-R,True,actual,False,,,,,2026-09-07T08:42:24.659182+02:00
NSR:StopPlace:58862,Strømmen stasjon,2026-09-07T07:43:00+02:00,2026-09-07T07:45:45+02:00,2026-09-07T07:45:45+02:00,165.0,1,Lørenskog sentrum,RUT:Line:385,Nittedal stasjon - Olavsgaard - Ahus,385,bus,RUT:ServiceJourney:1a4d488282813da9a7cf3a5a1ea7c0dd,True,actual,False,,,,,2026-09-07T08:42:24.659182+02:00
NSR:StopPlace:58877,Bø stasjon,2026-09-07T08:02:00+02:00,2026-09-07T08:04:45+02:00,2026-09-07T08:04:45+02:00,165.0,1,Lunde,TEL:Line:8322,Bø-Lunde,322,bus,TEL:ServiceJourney:125821,True,actual,False,,,,,2026-09-07T08:42:24.659182+02:00
NSR:StopPlace:58826,Reinsvoll stasjon,2026-09-07T07:20:00+02:00,2026-09-07T07:22:45+02:00,2026-09-07T07:22:45+02:00,165.0,1,Lena,INN:Line:47,Lena-Kapp-Gjøvik-Raufoss-Lena,B47,bus,INN:ServiceJourney:76579,True,actual,False,,,,,2026-09-07T08:42:24.659182+02:00
NSR:StopPlace:61169,Marienborg stasjon,2026-09-07T21:56:00+02:00,2026-09-07T21:58:44+02:00,2026-09-07T21:58:44+02:00,164.0,1,Østmarka via Lerkendal-Strindh.,ATB:Line:2_13,Østmarka - Strindheim - Lerkendal - Havstad,13,bus,ATB:ServiceJourney:13_251215112552824_147,True,actual,False,,,,,2026-09-08T00:20:52.129880+02:00
NSR:StopPlace:59650,Nyland stasjon,2026-09-07T22:59:00+02:00,2026-09-07T23:01:44+02:00,2026-09-07T23:01:44+02:00,164.0,1,Spikkestad,VYG:Line:L1,Spikkestad-Oslo S-Lillestrøm,L1,rail,VYG:ServiceJourney:2273_443707-R,True,actual,False,,,,,2026-09-08T00:20:52.129880+02:00
NSR:StopPlace:59654,Stabekk stasjon,2026-09-07T22:09:00+02:00,2026-09-07T22:11:44+02:00,2026-09-07T22:11:44+02:00,164.0,1,Gullhaug,RUT:Line:150,Gullhaug - Nationaltheatret,150,bus,RUT:ServiceJourney:c376d1e73b6878305dfdf384840af9c5,True,actual,False,Holdeplass Stabekk stasjon i retning mot Bekkestua er flyttet ca. 50 meter bakover.,Dette skyldes anleggsarbeid i området.,incident,normal,2026-09-08T00:20:52.129880+02:00
NSR:StopPlace:58963,Jessheim stasjon,2026-09-07T23:21:00+02:00,2026-09-07T23:23:44+02:00,2026-09-07T23:23:44+02:00,164.0,1,Dal,VYG:Line:R13,Drammen-Oslo S-Dal,R13,rail,VYG:ServiceJourney:1671_443365-R,True,actual,False,,,,,2026-09-08T00:20:52.129880+02:00
NSR:StopPlace:58795,Kambo stasjon,2026-09-07T23:55:00+02:00,2026-09-07T23:57:44+02:00,2026-09-07T23:57:44+02:00,164.0,1,Moss,VYG:Line:R21,Stabekk-Oslo S-Moss,R21,rail,VYG:ServiceJourney:1173-HVK_443070-R,True,actual,False,,,,,2026-09-08T00:20:52.129880+02:00
NSR:StopPlace:58834,Hokksund stasjon,2026-09-07T22:00:00+02:00,2026-09-07T22:02:44+02:00,2026-09-07T22:02:44+02:00,164.0,1,Eidsvoll,VYG:Line:R12,Kongsberg-Oslo S-Eidsvoll,R12,rail,VYG:ServiceJourney:536_444346-R,True,actual,False,,,,,2026-09-08T00:20:52.129880+02:00
NSR:StopPlace:58843,Blommenholm stasjon,2026-09-08T00:14:00+02:00,2026-09-08T00:16:44+02:00,2026-09-08T00:16:44+02:00,164.0,1,Asker,VYG:Line:L1,Spikkestad-Oslo S-Lillestrøm,L1,rail,VYG:ServiceJourney:2175_443586-R,True,actual,False,,,,,2026-09-08T00:20:52.129880+02:00
NSR:StopPlace:58852,Høn stasjon,2026-09-07T23:13:00+02:00,2026-09-07T23:15:44+02:00,2026-09-07T23:15:44+02:00,164.0,1,Spikkestad,VYG:Line:L1,Spikkestad-Oslo S-Lillestrøm,L1,rail,VYG:ServiceJourney:2271_443704-R,True,actual,False,,,,,2026-09-08T00:20:52.129880+02:00
NSR:StopPlace:61326,Gulskogen stasjon,2026-09-07T18:47:00+02:00,2026-09-07T18:49:44+02:00,2026-09-07T18:49:44+02:00,164.0,1,Kongsberg,VYG:Line:R12,Kongsberg-Oslo S-Eidsvoll,R12,rail,VYG:ServiceJourney:527_444334-R,True,actual,False,,,,,2026-09-07T20:27:16.249662+02:00
NSR:StopPlace:58932,Hommelvik stasjon,2026-09-07T17:11:00+02:00,2026-09-07T17:13:44+02:00,2026-09-07T17:13:44+02:00,164.0,1,Marienborg via Brattøra,ATB:Line:2_70,Stjørdal/Hommelvik- Trondheim,70,bus,ATB:ServiceJourney:70_251215112547045_76,True,actual,False,,,,,2026-09-07T20:27:16.249662+02:00
NSR:StopPlace:58795,Kambo stasjon,2026-09-07T17:54:00+02:00,2026-09-07T17:56:44+02:00,2026-09-07T17:56:44+02:00,164.0,1,Vestby stasjon,RUT:Line:540,Moss - Son - Vestby stasjon,540,bus,RUT:ServiceJourney:72d091fb5deec4296164fabac97e8f13,True,actual,False,,,,,2026-09-07T20:27:16.249662+02:00
NSR:StopPlace:117,Elverum stasjon,2026-09-07T19:28:00+02:00,2026-09-07T19:30:44+02:00,2026-09-07T19:30:44+02:00,164.0,1,Hamar,SJN:Line:25,Rørosbanen,R60,rail,SJN:ServiceJourney:2390_37668-R,True,actual,False,,,,,2026-09-07T20:27:16.249662+02:00
NSR:StopPlace:58932,Hommelvik stasjon,2026-09-07T15:31:00+02:00,2026-09-07T15:33:44+02:00,2026-09-07T15:33:44+02:00,164.0,1,A Marienborg via Innherredsveien,ATB:Line:2_70,Stjørdal/Hommelvik- Trondheim,70,bus,ATB:ServiceJourney:70_251215112546988_64,True,actual,False,,,,,2026-09-07T15:44:36.205822+02:00
NSR:StopPlace:58862,Strømmen stasjon,2026-09-07T14:21:00+02:00,2026-09-07T14:23:44+02:00,2026-09-07T14:23:44+02:00,164.0,1,Olavsgaard,RUT:Line:385,Nittedal stasjon - Olavsgaard - Ahus,385,bus,RUT:ServiceJourney:f376dc934e75e34a63bdf2f8b86d2e5e,True,actual,False,,,,,2026-09-07T15:44:36.205822+02:00
NSR:StopPlace:58873,Skoppum stasjon,2026-09-07T15:30:00+02:00,2026-09-07T15:32:44+02:00,2026-09-07T15:32:44+02:00,164.0,1,Holtandalen-Horten,VKT:Line:40,Horten-Holtandalen-Skoppum,40,bus,VKT:ServiceJourney:17436,True,actual,False,,,,,2026-09-07T15:44:36.205822+02:00
NSR:StopPlace:59650,Nyland stasjon,2026-09-07T06:29:00+02:00,2026-09-07T06:31:44+02:00,2026-09-07T06:31:44+02:00,164.0,1,Spikkestad,VYG:Line:L1,Spikkestad-Oslo S-Lillestrøm,L1,rail,VYG:ServiceJourney:2207_443595-R,True,actual,False,Færre vogner,Denne avgangen kjører dessverre med 4 vogner i stedet for 8 vogner. Dette skyldes at vi mangler et togsett.,general,normal,2026-09-07T08:42:24.659182+02:00
NSR:StopPlace:59650,Nyland stasjon,2026-09-07T07:24:00+02:00,2026-09-07T07:26:44+02:00,2026-09-07T07:26:44+02:00,164.0,1,Lørenskog sentrum,RUT:Line:67,Økern-Lørenskog sentrum,67,bus,RUT:ServiceJourney:5da9f871fdaf335624bb718745c406c7,True,actual,False,,,,,2026-09-07T08:42:24.659182+02:00
NSR:StopPlace:59977,Trondheim S,2026-09-07T06:37:00+02:00,2026-09-07T06:39:44+02:00,2026-09-07T06:39:44+02:00,164.0,1,Lund via Kolstad-Heimdal,ATB:Line:2_2,Strindheim- Lade- sentrum- Sau,2,bus,ATB:ServiceJourney:2_251215112550242_10,True,actual,False,,,,,2026-09-07T08:42:24.659182+02:00
NSR:StopPlace:59261,Trondheim lufthavn,2026-09-07T05:54:00+02:00,2026-09-07T05:56:44+02:00,2026-09-07T05:56:44+02:00,164.0,1,Støren,SJN:Line:26,Trønderbanen,R70,rail,SJN:ServiceJourney:420_56049-R,True,actual,False,,,,,2026-09-07T08:42:24.659182+02:00
NSR:StopPlace:58947,Steinkjer stasjon,2026-09-07T08:33:00+02:00,2026-09-07T08:35:44+02:00,2026-09-07T08:35:44+02:00,164.0,1,Namsos skysstasjon,ATB:Line:2_680,Levanger - Steinkjer - Namsos,680,bus,ATB:ServiceJourney:680_260106098642299_6,True,actual,False,,,,,2026-09-07T08:42:24.659182+02:00
NSR:StopPlace:58848,Haga stasjon,2026-09-07T08:36:00+02:00,2026-09-07T08:38:44+02:00,2026-09-07T08:38:44+02:00,164.0,1,Årnes,RUT:Line:455,Årnes -Rånåsfoss,455,bus,RUT:ServiceJourney:21712f72f802b9a3b631e5869e2987c6,True,actual,False,,,,,2026-09-07T08:42:24.659182+02:00
NSR:StopPlace:58856,Lysaker stasjon,2026-09-07T05:51:00+02:00,2026-09-07T05:53:44+02:00,2026-09-07T05:53:44+02:00,164.0,1,Spikkestad,VYG:Line:L1,Spikkestad-Oslo S-Lillestrøm,L1,rail,VYG:ServiceJourney:2203_764731-R,True,actual,False,Færre vogner,Denne avgangen kjører dessverre med 4 vogner i stedet for 8 vogner. Dette skyldes at vi mangler et togsett.,general,normal,2026-09-07T08:42:24.659182+02:00
NSR:StopPlace:58856,Lysaker stasjon,2026-09-07T06:06:00+02:00,2026-09-07T06:08:44+02:00,2026-09-07T06:08:44+02:00,164.0,1,Sandvika,RUT:Line:130,Sandvika -Skøyen,130,bus,RUT:ServiceJourney:b8cc76fec6f7da000042d187b5f5dee4,True,actual,False,,,,,2026-09-07T08:42:24.659182+02:00
NSR:StopPlace:58866,Vevelstad stasjon,2026-09-07T07:59:00+02:00,2026-09-07T08:01:44+02:00,2026-09-07T08:01:44+02:00,164.0,1,Lysaker,VYG:Line:L2,Stabekk-Oslo S-Ski,L2,rail,VYG:ServiceJourney:2816-SKI_444028-R,True,actual,False,Færre vogner,Denne avgangen kjører dessverre med 3 vogner i stedet for 6 vogner. Dette skyldes at vi mangler et togsett.,general,normal,2026-09-07T08:42:24.659182+02:00
NSR:StopPlace:58820,Harestua stasjon,2026-09-07T07:24:00+02:00,2026-09-07T07:26:44+02:00,2026-09-07T07:26:44+02:00,164.0,1,Roa,VYG:Line:RE30,Oslo S-Gjøvik,RE30,rail,VYG:ServiceJourney:BUS-1205_654986-R,True,actual,False,,,,,2026-09-07T08:42:24.659182+02:00
NSR:StopPlace:62379,Bergsgrav stasjon,2026-09-07T07:01:00+02:00,2026-09-07T07:03:44+02:00,2026-09-07T07:03:44+02:00,164.0,1,Ler,SJN:Line:26,Trønderbanen,R70,rail,SJN:ServiceJourney:424_56053-R,True,actual,False,,,,,2026-09-07T08:42:24.659182+02:00
NSR:StopPlace:59643,Grefsen stasjon,2026-09-07T22:56:00+02:00,2026-09-07T22:58:43+02:00,2026-09-07T22:58:43+02:00,163.0,1,Lysaker,RUT:Line:23,Lysaker - Simensbråten,23,bus,RUT:ServiceJourney:c6a30b9693938ae4cae97490147ee081,True,actual,False,,,,,2026-09-08T00:20:52.129880+02:00
NSR:StopPlace:58794,Fredrikstad stasjon,2026-09-07T22:46:00+02:00,2026-09-07T22:48:43+02:00,2026-09-07T22:48:43+02:00,163.0,1,Oslo S,VYG:Line:RE20,Oslo S-Halden-Göteborg (X-Border),RE20,rail,VYG:ServiceJourney:398-138_466030-R,True,actual,False,,,,,2026-09-08T00:20:52.129880+02:00
NSR:StopPlace:58800,Råde stasjon,2026-09-07T23:01:00+02:00,2026-09-07T23:03:43+02:00,2026-09-07T23:03:43+02:00,163.0,1,Halden,VYG:Line:RE20,Oslo S-Halden-Göteborg (X-Border),RE20,rail,VYG:ServiceJourney:135_443135-R,True,actual,False,,,,,2026-09-08T00:20:52.129880+02:00
NSR:StopPlace:61463,Nordstrand stasjon,2026-09-07T18:07:00+02:00,2026-09-07T18:09:43+02:00,2026-09-07T18:09:43+02:00,163.0,1,Ski,VYG:Line:L2,Stabekk-Oslo S-Ski,L2,rail,VYG:ServiceJourney:2851-BES_488385-R,True,actual,False,,,,,2026-09-07T20:27:16.249662+02:00
NSR:StopPlace:61897,Bryn stasjon,2026-09-07T18:20:00+02:00,2026-09-07T18:22:43+02:00,2026-09-07T18:22:43+02:00,163.0,1,Asker,VYG:Line:L1,Spikkestad-Oslo S-Lillestrøm,L1,rail,VYG:ServiceJourney:2153_443562-R,True,actual,False,,,,,2026-09-07T20:27:16.249662+02:00
NSR:StopPlace:59653,Haugenstua stasjon,2026-09-07T17:40:00+02:00,2026-09-07T17:42:43+02:00,2026-09-07T17:42:43+02:00,163.0,1,Asker,VYG:Line:L1,Spikkestad-Oslo S-Lillestrøm,L1,rail,VYG:ServiceJourney:2151_443560-R,True,actual,False,,,,,2026-09-07T20:27:16.249662+02:00
NSR:StopPlace:58855,Leirsund stasjon,2026-09-07T17:30:00+02:00,2026-09-07T17:32:43+02:00,2026-09-07T17:32:43+02:00,163.0,1,Dal,VYG:Line:R13,Drammen-Oslo S-Dal,R13,rail,VYG:ServiceJourney:1649_443318-R,True,actual,False,,,,,2026-09-07T20:27:16.249662+02:00
NSR:StopPlace:58862,Strømmen stasjon,2026-09-07T19:40:00+02:00,2026-09-07T19:42:43+02:00,2026-09-07T19:42:43+02:00,163.0,1,Guldhaug-Tømte,RUT:Line:381,Guldhaug-Tømte - Lillestrøm,381,bus,RUT:ServiceJourney:7db0b4f39f0fce51405f9fcaf959da9b,True,actual,False,,,,,2026-09-07T20:27:16.249662+02:00
NSR:StopPlace:62370,Selsbakk stasjon,2026-09-07T16:32:00+02:00,2026-09-07T16:34:43+02:00,2026-09-07T16:34:43+02:00,163.0,1,Røros,SJN:Line:25,Rørosbanen,R60,rail,SJN:ServiceJourney:416_50919-R,True,actual,False,,,,,2026-09-07T20:27:16.249662+02:00
NSR:StopPlace:62393,Billingstad stasjon,2026-09-07T20:13:00+02:00,2026-09-07T20:15:43+02:00,2026-09-07T20:15:43+02:00,163.0,1,Lillestrøm,VYG:Line:L1,Spikkestad-Oslo S-Lillestrøm,L1,rail,VYG:ServiceJourney:2264_445363-R,True,actual,False,,,,,2026-09-07T20:27:16.249662+02:00
NSR:StopPlace:61466,Vakås stasjon,2026-09-07T15:38:00+02:00,2026-09-07T15:40:43+02:00,2026-09-07T15:40:43+02:00,163.0,1,Lillestrøm,VYG:Line:L1,Spikkestad-Oslo S-Lillestrøm,L1,rail,VYG:ServiceJourney:2246_443661-R,True,actual,False,,,,,2026-09-07T15:44:36.205822+02:00
NSR:StopPlace:58862,Strømmen stasjon,2026-09-07T15:05:00+02:00,2026-09-07T15:07:43+02:00,2026-09-07T15:07:43+02:00,163.0,1,Lillestrøm,VYG:Line:L1,Spikkestad-Oslo S-Lillestrøm,L1,rail,VYG:ServiceJourney:2240_445337-R,True,actual,False,,,,,2026-09-07T15:44:36.205822+02:00
NSR:StopPlace:425,Vinstra stasjon,2026-09-07T11:50:00+02:00,2026-09-07T11:52:43+02:00,2026-09-07T11:52:43+02:00,163.0,1,Oslo S,SJN:Line:21,Dovrebanen,F6,rail,SJN:ServiceJourney:42-TND_47981-R,True,actual,False,,,,,2026-09-07T15:44:36.205822+02:00
NSR:StopPlace:6,Greverud stasjon,2026-09-07T06:18:00+02:00,2026-09-07T06:20:43+02:00,2026-09-07T06:20:43+02:00,163.0,1,Stabekk,VYG:Line:L2,Stabekk-Oslo S-Ski,L2,rail,VYG:ServiceJourney:2710-SKI_443916-R,True,actual,False,Færre vogner,Denne avgangen kjører dessverre med 3 vogner i stedet for 6 vogner. Dette skyldes at vi mangler et togsett.,general,normal,2026-09-07T08:42:24.659182+02:00
NSR:StopPlace:61872,Nærbø stasjon,2026-09-07T07:52:00+02:00,2026-09-07T07:54:43+02:00,2026-09-07T07:54:43+02:00,163.0,1,Stavanger,GOA:Line:59,Jærbanen,L5,rail,GOA:ServiceJourney:3013_63045-R,True,actual,False,,,,,2026-09-07T08:42:24.659182+02:00
NSR:StopPlace:58877,Bø stasjon,2026-09-07T06:50:00+02:00,2026-09-07T06:52:43+02:00,2026-09-07T06:52:43+02:00,163.0,1,Notodden via Nordagutu,TEL:Line:8323,Notodden-Nordagutu-Gvarv-Bø,323,bus,TEL:ServiceJourney:125761,True,actual,False,,,,,2026-09-07T08:42:24.659182+02:00
NSR:StopPlace:58886,Arendal stasjon,2026-09-07T08:29:00+02:00,2026-09-07T08:31:43+02:00,2026-09-07T08:31:43+02:00,163.0,1,Arendal sentrum,AKT:Line:102,Tromøy Øst-Arendal-Rykene,102,bus,AKT:ServiceJourney:72005_51_45_57120_59460_40001653,True,actual,False,,,,,2026-09-07T08:42:24.659182+02:00
NSR:StopPlace:58802,Spydeberg stasjon,2026-09-07T07:44:00+02:00,2026-09-07T07:46:43+02:00,2026-09-07T07:46:43+02:00,163.0,1,Spydeberg torv,OST:Line:1_409,Askim-Spydeberg,409,bus,OST:ServiceJourney:409_260325121472377_2,True,actual,False,,,,,2026-09-07T08:42:24.659182+02:00
NSR:StopPlace:58810,Løten stasjon,2026-09-07T08:06:00+02:00,2026-09-07T08:08:43+02:00,2026-09-07T08:08:43+02:00,163.0,1,Hamar - Brumunddal,INN:Line:26,Brumunddal - Hamar - Løten,B26,bus,INN:ServiceJourney:54035,True,actual,False,,,,,2026-09-07T08:42:24.659182+02:00
NSR:StopPlace:461,Lundamo stasjon,2026-09-07T07:26:00+02:00,2026-09-07T07:28:43+02:00,2026-09-07T07:28:43+02:00,163.0,1,Steinkjer,SJN:Line:26,Trønderbanen,R70,rail,SJN:ServiceJourney:427_56056-R,True,actual,False,,,,,2026-09-07T08:42:24.659182+02:00
NSR:StopPlace:58826,Reinsvoll stasjon,2026-09-08T01:53:00+02:00,2026-09-08T01:55:42+02:00,2026-09-08T01:55:42+02:00,162.0,1,Gjøvik,VYG:Line:R31,Skøyen-Jaren-Gjøvik,R31,rail,VYG:ServiceJourney:239-ROA_589368-R,True,actual,False,,,,,2026-09-08T03:39:50.209703+02:00
NSR:StopPlace:41,Hanaborg stasjon,2026-09-08T00:16:00+02:00,2026-09-08T00:18:42+02:00,2026-09-08T00:18:42+02:00,162.0,1,Lillestrøm,VYG:Line:L1,Spikkestad-Oslo S-Lillestrøm,L1,rail,VYG:ServiceJourney:2176_443587-R,True,actual,False,,,,,2026-09-08T00:20:52.129880+02:00
NSR:StopPlace:59952,Drammen stasjon,2026-09-08T00:14:00+02:00,2026-09-08T00:16:42+02:00,2026-09-08T00:16:42+02:00,162.0,1,Skien,VYG:Line:RE11,Eidsvoll-Oslo S-Skien,RE11,rail,VYG:ServiceJourney:839_541229-R,True,actual,False,,,,,2026-09-08T00:20:52.129880+02:00
NSR:StopPlace:58964,Kløfta stasjon,2026-09-07T22:44:00+02:00,2026-09-07T22:46:42+02:00,2026-09-07T22:46:42+02:00,162.0,1,Drammen,VYG:Line:R13,Drammen-Oslo S-Dal,R13,rail,VYG:ServiceJourney:1672_443368-R,True,actual,False,,,,,2026-09-08T00:20:52.129880+02:00
NSR:StopPlace:58964,Kløfta stasjon,2026-09-07T23:14:00+02:00,2026-09-07T23:16:42+02:00,2026-09-07T23:16:42+02:00,162.0,1,Dal,VYG:Line:R13,Drammen-Oslo S-Dal,R13,rail,VYG:ServiceJourney:1671_443365-R,True,actual,False,,,,,2026-09-08T00:20:52.129880+02:00
NSR:StopPlace:58861,Solbråtan stasjon,2026-09-07T22:45:00+02:00,2026-09-07T22:47:42+02:00,2026-09-07T22:47:42+02:00,162.0,1,Bjørvika,RUT:Line:83,Jernbanetorget - Tårnåsen,83,bus,RUT:ServiceJourney:703080409da2bdb614c0c2be28b2bcac,True,actual,False,Linje 80E og 83 får Hausmanns bru som ny endeholdeplass fra 29. juni,"Bussene stopper ikke på Jernbanetorget etter 29. juni, men starter og stopper på Hausmanns bru i Nylandsveien.",incident,normal,2026-09-08T00:20:52.129880+02:00
NSR:StopPlace:58874,Stokke stasjon,2026-09-07T22:07:00+02:00,2026-09-07T22:09:42+02:00,2026-09-07T22:09:42+02:00,162.0,1,Skien,VYG:Line:RE11,Eidsvoll-Oslo S-Skien,RE11,rail,VYG:ServiceJourney:833_444413-R,True,actual,False,Færre vogner,Denne avgangen kjører dessverre med 5 vogner i stedet for 10 vogner. Dette skyldes at vi mangler et togsett.,general,normal,2026-09-08T00:20:52.129880+02:00
NSR:StopPlace:58801,Sarpsborg stasjon,2026-09-07T21:28:00+02:00,2026-09-07T21:30:42+02:00,2026-09-07T21:30:42+02:00,162.0,1,Oslo S,VYG:Line:RE20,Oslo S-Halden-Göteborg (X-Border),RE20,rail,VYG:ServiceJourney:136_443136-R,True,actual,False,,,,,2026-09-08T00:20:52.129880+02:00
NSR:StopPlace:58802,Spydeberg stasjon,2026-09-07T22:36:00+02:00,2026-09-07T22:38:42+02:00,2026-09-07T22:38:42+02:00,162.0,1,Rakkestad,VYG:Line:R22,Skøyen-Oslo S-Mysen-Rakkestad,R22,rail,VYG:ServiceJourney:1935_443489-R,True,actual,False,,,,,2026-09-08T00:20:52.129880+02:00
NSR:StopPlace:58803,Tomter stasjon,2026-09-07T22:28:00+02:00,2026-09-07T22:30:42+02:00,2026-09-07T22:30:42+02:00,162.0,1,Oslo S,VYG:Line:R22,Skøyen-Oslo S-Mysen-Rakkestad,R22,rail,VYG:ServiceJourney:1938_443493-R,True,actual,False,,,,,2026-09-08T00:20:52.129880+02:00
NSR:StopPlace:206,Mariero stasjon,2026-09-07T22:25:00+02:00,2026-09-07T22:27:42+02:00,2026-09-07T22:27:42+02:00,162.0,1,Stavanger,GOA:Line:59,Jærbanen,L5,rail,GOA:ServiceJourney:3069_63130-R,True,actual,False,,,,,2026-09-08T00:20:52.129880+02:00
NSR:StopPlace:61383,Urdland stasjon,2026-09-07T16:34:00+02:00,2026-09-07T16:36:42+02:00,2026-09-07T16:36:42+02:00,162.0,1,Bergen,VYG:Line:R40,Bergen-Voss-Myrdal-Ål,R40,rail,VYG:ServiceJourney:1829_445142-R,True,actual,False,Forsinket,Toget kjørte 3 minutter forsinket fra Myrdal. Dette skyldes at andre tog på strekningen er forsinket.,incident,normal,2026-09-07T20:27:16.249662+02:00
NSR:StopPlace:58834,Hokksund stasjon,2026-09-07T18:01:00+02:00,2026-09-07T18:03:42+02:00,2026-09-07T18:03:42+02:00,162.0,1,Kongsberg,VYG:Line:R12,Kongsberg-Oslo S-Eidsvoll,R12,rail,VYG:ServiceJourney:525_444330-R,True,actual,False,,,,,2026-09-07T20:27:16.249662+02:00
NSR:StopPlace:58855,Leirsund stasjon,2026-09-07T19:55:00+02:00,2026-09-07T19:57:42+02:00,2026-09-07T19:57:42+02:00,162.0,1,Drammen,VYG:Line:R13,Drammen-Oslo S-Dal,R13,rail,VYG:ServiceJourney:1660_443344-R,True,actual,False,,,,,2026-09-07T20:27:16.249662+02:00
NSR:StopPlace:58828,Roa stasjon,2026-09-07T19:40:00+02:00,2026-09-07T19:42:42+02:00,2026-09-07T19:42:42+02:00,162.0,1,Oslo S,VYG:Line:R31,Skøyen-Jaren-Gjøvik,R31,rail,VYG:ServiceJourney:BUS-230_655400-R,True,actual,False,,,,,2026-09-07T20:27:16.249662+02:00
NSR:StopPlace:62361,Reimegrend stasjon,2026-09-07T18:15:00+02:00,2026-09-07T18:17:42+02:00,2026-09-07T18:17:42+02:00,162.0,1,Myrdal,VYG:Line:R40,Bergen-Voss-Myrdal-Ål,R40,rail,VYG:ServiceJourney:1824_554550-R,True,actual,False,,,,,2026-09-07T20:27:16.249662+02:00
NSR:StopPlace:58930,Larvik stasjon,2026-09-07T14:10:00+02:00,2026-09-07T14:12:42+02:00,2026-09-07T14:12:42+02:00,162.0,1,Kjose,VKT:Line:820,Larvik-Kjose,820,bus,VKT:ServiceJourney:18044,True,actual,False,,,,,2026-09-07T15:44:36.205822+02:00
NSR:StopPlace:58947,Steinkjer stasjon,2026-09-07T13:35:00+02:00,2026-09-07T13:37:42+02:00,2026-09-07T13:37:42+02:00,162.0,1,Finnlibakken via Malm og Folla,ATB:Line:2_630,Vanvikan - Follafoss - Steinkj,630,bus,ATB:ServiceJourney:630_260106098641122_3,True,actual,False,,,,,2026-09-07T15:44:36.205822+02:00
NSR:StopPlace:58866,Vevelstad stasjon,2026-09-07T13:53:00+02:00,2026-09-07T13:55:42+02:00,2026-09-07T13:55:42+02:00,162.0,1,Drøbak - Frogn vgs.,RUT:Line:510,Bøleråsen - Ski - Ås - Drøbak,510,bus,RUT:ServiceJourney:3ecdf9afa8dc5f31639b84d0314a4db1,True,actual,False,,,,,2026-09-07T15:44:36.205822+02:00
NSR:StopPlace:58921,Vennesla stasjon,2026-09-07T07:28:00+02:00,2026-09-07T07:30:42+02:00,2026-09-07T07:30:42+02:00,162.0,1,Vennesla - Grovane st. via Moseidmoen,AKT:Line:30,Kvadraturen - Mosby - Vennesl,30,bus,AKT:ServiceJourney:79384_71_49_50400_53040_40001566,True,actual,False,,,,,2026-09-07T08:42:24.659182+02:00
NSR:StopPlace:58835,Lier stasjon,2026-09-07T08:11:00+02:00,2026-09-07T08:13:42+02:00,2026-09-07T08:13:42+02:00,162.0,1,Dal,VYG:Line:R13,Drammen-Oslo S-Dal,R13,rail,VYG:ServiceJourney:1615_443244-R,True,actual,False,,,,,2026-09-07T08:42:24.659182+02:00
NSR:StopPlace:58862,Strømmen stasjon,2026-09-07T06:50:00+02:00,2026-09-07T06:52:42+02:00,2026-09-07T06:52:42+02:00,162.0,1,Lillestrøm,VYG:Line:L1,Spikkestad-Oslo S-Lillestrøm,L1,rail,VYG:ServiceJourney:2106_443510-R,True,actual,False,,,,,2026-09-07T08:42:24.659182+02:00
NSR:StopPlace:58882,Nordagutu stasjon,2026-09-07T06:56:00+02:00,2026-09-07T06:58:42+02:00,2026-09-07T06:58:42+02:00,162.0,1,Porsgrunn,VYG:Line:R55,Porsgrunn-Notodden,R55,rail,VYG:ServiceJourney:2473_443745-R,True,actual,False,,,,,2026-09-07T08:42:24.659182+02:00
NSR:StopPlace:58820,Harestua stasjon,2026-09-07T05:05:00+02:00,2026-09-07T05:07:42+02:00,2026-09-07T05:07:42+02:00,162.0,1,Oslo S,VYG:Line:R31,Skøyen-Jaren-Gjøvik,R31,rail,VYG:ServiceJourney:BUS-240_655528-R,True,actual,False,,,,,2026-09-07T08:42:24.659182+02:00
NSR:StopPlace:60736,Spikkestad stasjon,2026-09-08T00:16:00+02:00,2026-09-08T00:18:41+02:00,2026-09-08T00:18:41+02:00,161.0,1,Lillestrøm,VYG:Line:L1,Spikkestad-Oslo S-Lillestrøm,L1,rail,VYG:ServiceJourney:2282_443722-R,True,actual,False,,,,,2026-09-08T03:39:50.209703+02:00
NSR:StopPlace:59648,Kjelsås stasjon,2026-09-07T21:59:00+02:00,2026-09-07T22:01:41+02:00,2026-09-07T22:01:41+02:00,161.0,1,Haugerud,RUT:Line:25,Majorstuen-Haugerud,25,bus,RUT:ServiceJourney:01e0d828df0e645eda601ef25e813fed,True,actual,False,,,,,2026-09-08T00:20:52.129880+02:00
NSR:StopPlace:60569,Sirevåg stasjon,2026-09-07T21:33:00+02:00,2026-09-07T21:35:41+02:00,2026-09-07T21:35:41+02:00,161.0,1,Stavanger,GOA:Line:59,Jærbanen,L5,rail,GOA:ServiceJourney:3069_63130-R,True,actual,False,,,,,2026-09-08T00:20:52.129880+02:00
NSR:StopPlace:58857,Lørenskog stasjon,2026-09-08T00:14:00+02:00,2026-09-08T00:16:41+02:00,2026-09-08T00:16:41+02:00,161.0,1,Lillestrøm,VYG:Line:L1,Spikkestad-Oslo S-Lillestrøm,L1,rail,VYG:ServiceJourney:2176_443587-R,True,actual,False,,,,,2026-09-08T00:20:52.129880+02:00
NSR:StopPlace:61979,Hellvik stasjon,2026-09-07T21:28:00+02:00,2026-09-07T21:30:41+02:00,2026-09-07T21:30:41+02:00,161.0,1,Stavanger,GOA:Line:59,Jærbanen,L5,rail,GOA:ServiceJourney:3069_63130-R,True,actual,False,,,,,2026-09-08T00:20:52.129880+02:00
NSR:StopPlace:61897,Bryn stasjon,2026-09-07T19:15:00+02:00,2026-09-07T19:17:41+02:00,2026-09-07T19:17:41+02:00,161.0,1,Lillestrøm,VYG:Line:L1,Spikkestad-Oslo S-Lillestrøm,L1,rail,VYG:ServiceJourney:2258_443682-R,True,actual,False,,,,,2026-09-07T20:27:16.249662+02:00
NSR:StopPlace:60603,Kongsberg stasjon,2026-09-07T18:34:00+02:00,2026-09-07T18:36:41+02:00,2026-09-07T18:36:41+02:00,161.0,1,Eidsvoll,VYG:Line:R12,Kongsberg-Oslo S-Eidsvoll,R12,rail,VYG:ServiceJourney:530_444338-R,True,actual,False,,,,,2026-09-07T20:27:16.249662+02:00
NSR:StopPlace:58925,Gausel stasjon,2026-09-07T17:32:00+02:00,2026-09-07T17:34:41+02:00,2026-09-07T17:34:41+02:00,161.0,1,Stavanger,KOL:Line:8_1003,2,2,bus,KOL:ServiceJourney:1003_251008123099528_2118,True,actual,False,,,,,2026-09-07T20:27:16.249662+02:00
NSR:StopPlace:58869,Ås stasjon,2026-09-07T18:10:00+02:00,2026-09-07T18:12:41+02:00,2026-09-07T18:12:41+02:00,161.0,1,Moss,VYG:Line:R21,Stabekk-Oslo S-Moss,R21,rail,VYG:ServiceJourney:1151-HVK_443034-R,True,actual,False,,,,,2026-09-07T20:27:16.249662+02:00
NSR:StopPlace:58860,Oppegård stasjon,2026-09-07T17:31:00+02:00,2026-09-07T17:33:41+02:00,2026-09-07T17:33:41+02:00,161.0,1,Kolbotn torg,RUT:Line:580,Kolbotn - Ski,580,bus,RUT:ServiceJourney:05cfc4a4589ee8435461a421d78eb95b,True,actual,False,,,,,2026-09-07T20:27:16.249662+02:00
NSR:StopPlace:58817,Eina stasjon,2026-09-07T19:44:00+02:00,2026-09-07T19:46:41+02:00,2026-09-07T19:46:41+02:00,161.0,1,Gjøvik,VYG:Line:R31,Skøyen-Jaren-Gjøvik,R31,rail,VYG:ServiceJourney:227-ROA_589347-R,True,actual,False,,,,,2026-09-07T20:27:16.249662+02:00
NSR:StopPlace:63079,Skeiane stasjon,2026-09-07T20:12:00+02:00,2026-09-07T20:14:41+02:00,2026-09-07T20:14:41+02:00,161.0,1,Egersund,GOA:Line:59,Jærbanen,L5,rail,GOA:ServiceJourney:3064_63121-R,True,actual,False,,,,,2026-09-07T20:27:16.249662+02:00
NSR:StopPlace:702,Sandnes sentrum stasjon,2026-09-07T20:10:00+02:00,2026-09-07T20:12:41+02:00,2026-09-07T20:12:41+02:00,161.0,1,Egersund,GOA:Line:59,Jærbanen,L5,rail,GOA:ServiceJourney:3064_63121-R,True,actual,False,,,,,2026-09-07T20:27:16.249662+02:00
NSR:StopPlace:610,Sandvika stasjon,2026-09-07T17:44:00+02:00,2026-09-07T17:46:41+02:00,2026-09-07T17:46:41+02:00,161.0,1,Drammen,VYG:Line:RE10,Drammen-Oslo S-Lillehammer,RE10,rail,VYG:ServiceJourney:324-LHM_444211-R,True,actual,False,Stopper ekstra på Lier og Brakerøya,Dette toget stopper ekstra på Lier og Brakerøya.,general,normal,2026-09-07T20:27:16.249662+02:00
NSR:StopPlace:41,Hanaborg stasjon,2026-09-07T15:01:00+02:00,2026-09-07T15:03:41+02:00,2026-09-07T15:03:41+02:00,161.0,1,Lillestrøm,VYG:Line:L1,Spikkestad-Oslo S-Lillestrøm,L1,rail,VYG:ServiceJourney:2240_445337-R,True,actual,False,,,,,2026-09-07T15:44:36.205822+02:00
NSR:StopPlace:60736,Spikkestad stasjon,2026-09-07T14:16:00+02:00,2026-09-07T14:18:41+02:00,2026-09-07T14:18:41+02:00,161.0,1,Lillestrøm,VYG:Line:L1,Spikkestad-Oslo S-Lillestrøm,L1,rail,VYG:ServiceJourney:2242_443654-R,True,actual,False,,,,,2026-09-07T15:44:36.205822+02:00
NSR:StopPlace:59952,Drammen stasjon,2026-09-07T15:22:00+02:00,2026-09-07T15:24:41+02:00,2026-09-07T15:24:41+02:00,161.0,1,Oslo Lufthavn,FLT:Line:FLY1,FLY1,FLY1,rail,FLT:ServiceJourney:1-2614-3769-20260907,True,actual,False,,,,,2026-09-07T15:44:36.205822+02:00
NSR:StopPlace:59958,Voss stasjon,2026-09-07T15:07:00+02:00,2026-09-07T15:09:41+02:00,2026-09-07T15:09:41+02:00,161.0,1,Voss stasjon,SKY:Line:964,Voss-Skjerpe/Sivlevegen(Ringbuss),964,bus,SKY:ServiceJourney:964-205165-20969018,True,actual,False,,,,,2026-09-07T15:44:36.205822+02:00
NSR:StopPlace:58952,Bodø stasjon,2026-09-07T15:30:00+02:00,2026-09-07T15:32:41+02:00,2026-09-07T15:32:41+02:00,161.0,1,"Festvåg, Kjerringøy",NOR:Line:12_8400,Kjerringøy - Festvåg - Skaug - Bodø,400,bus,NOR:ServiceJourney:8400_251012124900661_2008,True,actual,False,,,,,2026-09-07T15:44:36.205822+02:00
NSR:StopPlace:58852,Høn stasjon,2026-09-07T14:06:00+02:00,2026-09-07T14:08:41+02:00,2026-09-07T14:08:41+02:00,161.0,1,Lillestrøm,VYG:Line:L1,Spikkestad-Oslo S-Lillestrøm,L1,rail,VYG:ServiceJourney:2240_445337-R,True,actual,False,,,,,2026-09-07T15:44:36.205822+02:00
NSR:StopPlace:58861,Solbråtan stasjon,2026-09-07T15:08:00+02:00,2026-09-07T15:10:41+02:00,2026-09-07T15:10:41+02:00,161.0,1,Lysaker,VYG:Line:L2,Stabekk-Oslo S-Ski,L2,rail,VYG:ServiceJourney:2844-SKI_444076-R,True,actual,False,,,,,2026-09-07T15:44:36.205822+02:00
NSR:StopPlace:58879,Lunde stasjon,2026-09-07T15:10:00+02:00,2026-09-07T15:12:41+02:00,2026-09-07T15:12:41+02:00,161.0,1,Ulefoss,TEL:Line:8103,Lunde-Ulefoss,103,bus,TEL:ServiceJourney:126336,True,actual,False,,,,,2026-09-07T15:44:36.205822+02:00
NSR:StopPlace:62309,Ljan stasjon,2026-09-07T15:24:00+02:00,2026-09-07T15:26:41+02:00,2026-09-07T15:26:41+02:00,161.0,1,Ski,VYG:Line:L2,Stabekk-Oslo S-Ski,L2,rail,VYG:ServiceJourney:2741-HVK_443951-R,True,actual,False,Færre vogner,Denne avgangen kjører dessverre med 3 vogner i stedet for 6 vogner. Dette skyldes at vi mangler et togsett.,general,normal,2026-09-07T15:44:36.205822+02:00
NSR:StopPlace:61315,Nerdrum stasjon,2026-09-07T07:38:00+02:00,2026-09-07T07:40:41+02:00,2026-09-07T07:40:41+02:00,161.0,1,Asker,VYG:Line:R14,Asker-Oslo S-Kongsvinger,R14,rail,VYG:ServiceJourney:1006_442911-R,True,actual,False,,,,,2026-09-07T08:42:24.659182+02:00
NSR:StopPlace:59641,Fjellhamar stasjon,2026-09-07T08:03:00+02:00,2026-09-07T08:05:41+02:00,2026-09-07T08:05:41+02:00,161.0,1,Vallerudtoppen,RUT:Line:315,Vallerudtoppen - Ahus,315,bus,RUT:ServiceJourney:5c5bf469d8ccad7e16c30d859a9df38d,True,actual,False,,,,,2026-09-07T08:42:24.659182+02:00
NSR:StopPlace:59244,Egersund stasjon,2026-09-07T08:17:00+02:00,2026-09-07T08:19:41+02:00,2026-09-07T08:19:41+02:00,161.0,1,Egersund,KOL:Line:8_2029,93,93,bus,KOL:ServiceJourney:2029_250903083241470_2004,True,actual,False,,,,,2026-09-07T08:42:24.659182+02:00
NSR:StopPlace:58963,Jessheim stasjon,2026-09-07T07:46:00+02:00,2026-09-07T07:48:41+02:00,2026-09-07T07:48:41+02:00,161.0,1,Aktivitetsvegen,RUT:Line:450,Årnes - Oslo lufthavn,450,bus,RUT:ServiceJourney:f888fa3497ca491ccc523e0c3ce1662a,True,actual,False,,,,,2026-09-07T08:42:24.659182+02:00
NSR:StopPlace:58794,Fredrikstad stasjon,2026-09-07T08:17:00+02:00,2026-09-07T08:19:41+02:00,2026-09-07T08:19:41+02:00,161.0,1,Halden,VYG:Line:RE20,Oslo S-Halden-Göteborg (X-Border),RE20,rail,VYG:ServiceJourney:105_508940-R,True,actual,False,,,,,2026-09-07T08:42:24.659182+02:00
NSR:StopPlace:58836,Mjøndalen stasjon,2026-09-07T07:12:00+02:00,2026-09-07T07:14:41+02:00,2026-09-07T07:14:41+02:00,161.0,1,Drammen,BRA:Line:4_6101,Drammen-Vikersund/Hønefoss,101,bus,BRA:ServiceJourney:6101_260415100161305_1006,True,actual,False,,,,,2026-09-07T08:42:24.659182+02:00
NSR:StopPlace:58893,Grovane stasjon,2026-09-07T08:06:00+02:00,2026-09-07T08:08:41+02:00,2026-09-07T08:08:41+02:00,161.0,1,Kristiansand,AKT:Line:31,Kvadraturen - Sødal - Vennesla,31,bus,AKT:ServiceJourney:79682_122_50_57960_60360_3950001,True,actual,False,,,,,2026-09-07T08:42:24.659182+02:00
NSR:StopPlace:362,Jåttåvågen stasjon,2026-09-07T06:43:00+02:00,2026-09-07T06:45:41+02:00,2026-09-07T06:45:41+02:00,161.0,1,Skeiane,GOA:Line:59,Jærbanen,L5,rail,GOA:ServiceJourney:3108_63153-R,True,actual,False,,,,,2026-09-07T08:42:24.659182+02:00
NSR:StopPlace:62308,Alna stasjon,2026-09-07T06:32:00+02:00,2026-09-07T06:34:41+02:00,2026-09-07T06:34:41+02:00,161.0,1,Spikkestad,VYG:Line:L1,Spikkestad-Oslo S-Lillestrøm,L1,rail,VYG:ServiceJourney:2207_443595-R,True,actual,False,Færre vogner,Denne avgangen kjører dessverre med 4 vogner i stedet for 8 vogner. Dette skyldes at vi mangler et togsett.,general,normal,2026-09-07T08:42:24.659182+02:00
NSR:StopPlace:61979,Hellvik stasjon,2026-09-07T05:49:00+02:00,2026-09-07T05:51:41+02:00,2026-09-07T05:51:41+02:00,161.0,1,Egersund,GOA:Line:59,Jærbanen,L5,rail,GOA:ServiceJourney:3004_63035-R,True,actual,False,,,,,2026-09-07T08:42:24.659182+02:00
NSR:StopPlace:61897,Bryn stasjon,2026-09-07T23:50:00+02:00,2026-09-07T23:52:40+02:00,2026-09-07T23:52:40+02:00,160.0,1,Asker,VYG:Line:L1,Spikkestad-Oslo S-Lillestrøm,L1,rail,VYG:ServiceJourney:2175_443586-R,True,actual,False,,,,,2026-09-08T00:20:52.129880+02:00
NSR:StopPlace:59654,Stabekk stasjon,2026-09-07T22:39:00+02:00,2026-09-07T22:41:40+02:00,2026-09-07T22:41:40+02:00,160.0,1,Gullhaug,RUT:Line:150,Gullhaug - Nationaltheatret,150,bus,RUT:ServiceJourney:ef3baec7269b32a1062dd47b293260ae,True,actual,False,Holdeplass Stabekk stasjon i retning mot Bekkestua er flyttet ca. 50 meter bakover.,Dette skyldes anleggsarbeid i området.,incident,normal,2026-09-08T00:20:52.129880+02:00
NSR:StopPlace:58932,Hommelvik stasjon,2026-09-08T00:11:00+02:00,2026-09-08T00:13:40+02:00,2026-09-08T00:13:40+02:00,160.0,1,Stjørdal stasjon,ATB:Line:2_70,Stjørdal/Hommelvik- Trondheim,70,bus,ATB:ServiceJourney:70_251215112547142_117,True,actual,False,,,,,2026-09-08T00:20:52.129880+02:00
NSR:StopPlace:58936,Skatval stasjon,2026-09-07T22:52:00+02:00,2026-09-07T22:54:40+02:00,2026-09-07T22:54:40+02:00,160.0,1,Støren,SJN:Line:26,Trønderbanen,R70,rail,SJN:ServiceJourney:454_56083-R,True,actual,False,,,,,2026-09-08T00:20:52.129880+02:00
NSR:StopPlace:58793,Askim stasjon,2026-09-07T22:10:00+02:00,2026-09-07T22:12:40+02:00,2026-09-07T22:12:40+02:00,160.0,1,Oslo S,VYG:Line:R22,Skøyen-Oslo S-Mysen-Rakkestad,R22,rail,VYG:ServiceJourney:1938_443493-R,True,actual,False,,,,,2026-09-08T00:20:52.129880+02:00
NSR:StopPlace:58860,Oppegård stasjon,2026-09-07T23:31:00+02:00,2026-09-07T23:33:40+02:00,2026-09-07T23:33:40+02:00,160.0,1,Oslo S,VYG:Line:L2,Stabekk-Oslo S-Ski,L2,rail,VYG:ServiceJourney:2878_444121-R,True,actual,False,,,,,2026-09-08T00:20:52.129880+02:00
NSR:StopPlace:62379,Bergsgrav stasjon,2026-09-07T23:52:00+02:00,2026-09-07T23:54:40+02:00,2026-09-07T23:54:40+02:00,160.0,1,Steinkjer,SJN:Line:26,Trønderbanen,R70,rail,SJN:ServiceJourney:455_56084-R,True,actual,False,,,,,2026-09-08T00:20:52.129880+02:00
NSR:StopPlace:60640,Heimdal stasjon,2026-09-07T17:30:00+02:00,2026-09-07T17:32:40+02:00,2026-09-07T17:32:40+02:00,160.0,1,Ranheim via Tiller-sentrum,ATB:Line:2_1,Ranheim - Strindheim - sentrum - Tiller - Heimdal - Kattem,1,bus,ATB:ServiceJourney:1_251215112546080_195,True,actual,False,,,,,2026-09-07T20:27:16.249662+02:00
NSR:StopPlace:59650,Nyland stasjon,2026-09-07T17:44:00+02:00,2026-09-07T17:46:40+02:00,2026-09-07T17:46:40+02:00,160.0,1,Lørenskog sentrum,RUT:Line:67,Økern-Lørenskog sentrum,67,bus,RUT:ServiceJourney:cc07fb366c2bd32feeec883c251292c0,True,actual,False,,,,,2026-09-07T20:27:16.249662+02:00
NSR:StopPlace:58918,Nodeland stasjon,2026-09-07T18:38:00+02:00,2026-09-07T18:40:40+02:00,2026-09-07T18:40:40+02:00,160.0,1,Hortemo,AKT:Line:1048,Høllen - Nodelandsheia,48,bus,AKT:ServiceJourney:76959_201_21_132240_133500_3957751,True,actual,False,,,,,2026-09-07T20:27:16.249662+02:00
NSR:StopPlace:58926,Dale stasjon,2026-09-07T17:32:00+02:00,2026-09-07T17:34:40+02:00,2026-09-07T17:34:40+02:00,160.0,1,Oslo S,VYG:Line:F4,Oslo S-Bergen,F4,rail,VYG:ServiceJourney:66-BRG_513626-R,True,actual,False,,,,,2026-09-07T20:27:16.249662+02:00
NSR:StopPlace:58932,Hommelvik stasjon,2026-09-07T20:14:00+02:00,2026-09-07T20:16:40+02:00,2026-09-07T20:16:40+02:00,160.0,1,Marienborg via Brattøra,ATB:Line:2_70,Stjørdal/Hommelvik- Trondheim,70,bus,ATB:ServiceJourney:70_251215112547005_94,True,actual,False,,,,,2026-09-07T20:27:16.249662+02:00
NSR:StopPlace:58844,Eidsvoll stasjon,2026-09-07T19:45:00+02:00,2026-09-07T19:47:40+02:00,2026-09-07T19:47:40+02:00,160.0,1,Jessheim,RUT:Line:430,Eidsvoll - Jessheim,430,bus,RUT:ServiceJourney:f817c6b92468c3dab4533e30605d14de,True,actual,False,,,,,2026-09-07T20:27:16.249662+02:00
NSR:StopPlace:58855,Leirsund stasjon,2026-09-07T19:25:00+02:00,2026-09-07T19:27:40+02:00,2026-09-07T19:27:40+02:00,160.0,1,Drammen,VYG:Line:R13,Drammen-Oslo S-Dal,R13,rail,VYG:ServiceJourney:1658_443339-R,True,actual,False,,,,,2026-09-07T20:27:16.249662+02:00
NSR:StopPlace:58868,Årnes stasjon,2026-09-07T20:07:00+02:00,2026-09-07T20:09:40+02:00,2026-09-07T20:09:40+02:00,160.0,1,Asker,VYG:Line:R14,Asker-Oslo S-Kongsvinger,R14,rail,VYG:ServiceJourney:1032_442943-R,True,actual,False,,,,,2026-09-07T20:27:16.249662+02:00
NSR:StopPlace:58860,Oppegård stasjon,2026-09-07T18:01:00+02:00,2026-09-07T18:03:40+02:00,2026-09-07T18:03:40+02:00,160.0,1,Kolbotn torg,RUT:Line:580,Kolbotn - Ski,580,bus,RUT:ServiceJourney:7c17cc78a8b1c8a0395ff5cbbdf1cdb4,True,actual,False,,,,,2026-09-07T20:27:16.249662+02:00
NSR:StopPlace:58828,Roa stasjon,2026-09-07T18:40:00+02:00,2026-09-07T18:42:40+02:00,2026-09-07T18:42:40+02:00,160.0,1,Oslo S,VYG:Line:R31,Skøyen-Jaren-Gjøvik,R31,rail,VYG:ServiceJourney:BUS-228_655371-R,True,actual,False,,,,,2026-09-07T20:27:16.249662+02:00
NSR:StopPlace:101,Sagdalen stasjon,2026-09-07T17:52:00+02:00,2026-09-07T17:54:40+02:00,2026-09-07T17:54:40+02:00,160.0,1,Lillestrøm,VYG:Line:L1,Spikkestad-Oslo S-Lillestrøm,L1,rail,VYG:ServiceJourney:2150_443559-R,True,actual,False,,,,,2026-09-07T20:27:16.249662+02:00
NSR:StopPlace:59641,Fjellhamar stasjon,2026-09-07T15:02:00+02:00,2026-09-07T15:04:40+02:00,2026-09-07T15:04:40+02:00,160.0,1,Asker,VYG:Line:L1,Spikkestad-Oslo S-Lillestrøm,L1,rail,VYG:ServiceJourney:2141_443549-R,True,actual,False,Færre vogner,Denne avgangen kjører dessverre med 4 vogner i stedet for 8 vogner. Dette skyldes at vi mangler et togsett.,general,normal,2026-09-07T15:44:36.205822+02:00
NSR:StopPlace:58950,Åsen stasjon,2026-09-07T14:37:00+02:00,2026-09-07T14:39:40+02:00,2026-09-07T14:39:40+02:00,160.0,1,Ler,SJN:Line:26,Trønderbanen,R70,rail,SJN:ServiceJourney:438_56067-R,True,actual,False,,,,,2026-09-07T15:44:36.205822+02:00
NSR:StopPlace:58851,Heggedal stasjon,2026-09-07T14:22:00+02:00,2026-09-07T14:24:40+02:00,2026-09-07T14:24:40+02:00,160.0,1,Asker,RUT:Line:285,Heggedal - Blakstad - Asker,285,bus,RUT:ServiceJourney:2d1f21a6236a2c3cb32fff1169433897,True,actual,False,,,,,2026-09-07T15:44:36.205822+02:00
NSR:StopPlace:58828,Roa stasjon,2026-09-07T15:40:00+02:00,2026-09-07T15:42:40+02:00,2026-09-07T15:42:40+02:00,160.0,1,Oslo S,VYG:Line:RE30,Oslo S-Gjøvik,RE30,rail,VYG:ServiceJourney:BUS-1222_655058-R,True,actual,False,,,,,2026-09-07T15:44:36.205822+02:00
NSR:StopPlace:313,Høybråten stasjon,2026-09-07T15:08:00+02:00,2026-09-07T15:10:40+02:00,2026-09-07T15:10:40+02:00,160.0,1,Asker,VYG:Line:L1,Spikkestad-Oslo S-Lillestrøm,L1,rail,VYG:ServiceJourney:2141_443549-R,True,actual,False,Færre vogner,Denne avgangen kjører dessverre med 4 vogner i stedet for 8 vogner. Dette skyldes at vi mangler et togsett.,general,normal,2026-09-07T15:44:36.205822+02:00
NSR:StopPlace:58845,Eidsvoll verk stasjon,2026-09-07T05:05:00+02:00,2026-09-07T05:07:40+02:00,2026-09-07T05:07:40+02:00,160.0,1,Skien,VYG:Line:RE11,Eidsvoll-Oslo S-Skien,RE11,rail,VYG:ServiceJourney:300-803-HHS_658721-R,True,actual,False,,,,,2026-09-07T08:42:24.659182+02:00
NSR:StopPlace:58854,Langhus stasjon,2026-09-07T06:24:00+02:00,2026-09-07T06:26:40+02:00,2026-09-07T06:26:40+02:00,160.0,1,Drøbak - Seiersten,RUT:Line:510,Bøleråsen - Ski - Ås - Drøbak,510,bus,RUT:ServiceJourney:b3e75fde4b640e416ec1957627a2af07,True,actual,False,,,,,2026-09-07T08:42:24.659182+02:00
NSR:StopPlace:58865,Vestby stasjon,2026-09-07T08:20:00+02:00,2026-09-07T08:22:40+02:00,2026-09-07T08:22:40+02:00,160.0,1,Randem,RUT:Line:533,Randem - Vestby stasjon,533,bus,RUT:ServiceJourney:cbae2d3fea44c2702c67c462d42c1c07,True,actual,False,,,,,2026-09-07T08:42:24.659182+02:00
NSR:StopPlace:58860,Oppegård stasjon,2026-09-07T07:31:00+02:00,2026-09-07T07:33:40+02:00,2026-09-07T07:33:40+02:00,160.0,1,Lysaker,VYG:Line:L2,Stabekk-Oslo S-Ski,L2,rail,VYG:ServiceJourney:2814-SKI_444026-R,True,actual,False,,,,,2026-09-07T08:42:24.659182+02:00
NSR:StopPlace:58889,Gjerstad stasjon,2026-09-07T07:12:00+02:00,2026-09-07T07:14:40+02:00,2026-09-07T07:14:40+02:00,160.0,1,Tvedestrand vgs,AKT:Line:166,Gjerstad-Vinterkjær,166,bus,AKT:ServiceJourney:73889_21_69_49800_54000_3909501,True,actual,False,,,,,2026-09-07T08:42:24.659182+02:00
NSR:StopPlace:58810,Løten stasjon,2026-09-07T06:36:00+02:00,2026-09-07T06:38:40+02:00,2026-09-07T06:38:40+02:00,160.0,1,Hamar - Brumunddal,INN:Line:26,Brumunddal - Hamar - Løten,B26,bus,INN:ServiceJourney:54031,True,actual,False,,,,,2026-09-07T08:42:24.659182+02:00
NSR:StopPlace:58812,Os stasjon,2026-09-07T07:30:00+02:00,2026-09-07T07:32:40+02:00,2026-09-07T07:32:40+02:00,160.0,1,Røros,INN:Line:182,Tynset - Røros,182,bus,INN:ServiceJourney:74858,True,actual,False,,,,,2026-09-07T08:42:24.659182+02:00
NSR:StopPlace:62309,Ljan stasjon,2026-09-07T05:54:00+02:00,2026-09-07T05:56:40+02:00,2026-09-07T05:56:40+02:00,160.0,1,Ski,VYG:Line:L2,Stabekk-Oslo S-Ski,L2,rail,VYG:ServiceJourney:2703-HVK_443909-R,True,actual,False,,,,,2026-09-07T08:42:24.659182+02:00
NSR:StopPlace:60640,Heimdal stasjon,2026-09-07T22:00:00+02:00,2026-09-07T22:02:39+02:00,2026-09-07T22:02:39+02:00,159.0,1,Steinkjer,SJN:Line:26,Trønderbanen,R70,rail,SJN:ServiceJourney:455_56084-R,True,actual,False,,,,,2026-09-08T00:20:52.129880+02:00
NSR:StopPlace:59653,Haugenstua stasjon,2026-09-07T22:25:00+02:00,2026-09-07T22:27:39+02:00,2026-09-07T22:27:39+02:00,159.0,1,Lillestrøm,VYG:Line:L1,Spikkestad-Oslo S-Lillestrøm,L1,rail,VYG:ServiceJourney:2270_443703-R,True,actual,False,,,,,2026-09-08T00:20:52.129880+02:00
NSR:StopPlace:59639,Sonsveien stasjon,2026-09-07T22:12:00+02:00,2026-09-07T22:14:39+02:00,2026-09-07T22:14:39+02:00,159.0,1,Vestby stasjon,RUT:Line:540,Moss - Son - Vestby stasjon,540,bus,RUT:ServiceJourney:da77c349484bc8e9db78e8a8514109f6,True,actual,False,,,,,2026-09-08T00:20:52.129880+02:00
NSR:StopPlace:58839,Steinberg stasjon,2026-09-07T21:54:00+02:00,2026-09-07T21:56:39+02:00,2026-09-07T21:56:39+02:00,159.0,1,Hokksund - Vikersund,BRA:Line:4_6101,Drammen-Vikersund/Hønefoss,101,bus,BRA:ServiceJourney:6101_260415100161255_1059,True,actual,False,,,,,2026-09-08T00:20:52.129880+02:00
NSR:StopPlace:58847,Frogner stasjon,2026-09-08T00:04:00+02:00,2026-09-08T00:06:39+02:00,2026-09-08T00:06:39+02:00,159.0,1,Dal,VYG:Line:R13,Drammen-Oslo S-Dal,R13,rail,VYG:ServiceJourney:1675_443375-R,True,actual,False,Færre vogner,Denne avgangen kjører dessverre med 5 vogner i stedet for 10 vogner. Dette skyldes at vi mangler et togsett.,general,normal,2026-09-08T00:20:52.129880+02:00
NSR:StopPlace:58872,Sandefjord stasjon,2026-09-07T22:18:00+02:00,2026-09-07T22:20:39+02:00,2026-09-07T22:20:39+02:00,159.0,1,Skien,VYG:Line:RE11,Eidsvoll-Oslo S-Skien,RE11,rail,VYG:ServiceJourney:833_444413-R,True,actual,False,Færre vogner,Denne avgangen kjører dessverre med 5 vogner i stedet for 10 vogner. Dette skyldes at vi mangler et togsett.,general,normal,2026-09-08T00:20:52.129880+02:00
NSR:StopPlace:702,Sandnes sentrum stasjon,2026-09-07T22:44:00+02:00,2026-09-07T22:46:39+02:00,2026-09-07T22:46:39+02:00,159.0,1,Stavanger,GOA:Line:59,Jærbanen,L5,rail,GOA:ServiceJourney:3071_63132-R,True,actual,False,,,,,2026-09-08T00:20:52.129880+02:00
NSR:StopPlace:58855,Leirsund stasjon,2026-09-07T20:00:00+02:00,2026-09-07T20:02:39+02:00,2026-09-07T20:02:39+02:00,159.0,1,Dal,VYG:Line:R13,Drammen-Oslo S-Dal,R13,rail,VYG:ServiceJourney:1659_443341-R,True,actual,False,,,,,2026-09-07T20:27:16.249662+02:00
NSR:StopPlace:62393,Billingstad stasjon,2026-09-07T19:52:00+02:00,2026-09-07T19:54:39+02:00,2026-09-07T19:54:39+02:00,159.0,1,Asker,VYG:Line:L1,Spikkestad-Oslo S-Lillestrøm,L1,rail,VYG:ServiceJourney:2157_443566-R,True,actual,False,,,,,2026-09-07T20:27:16.249662+02:00
NSR:StopPlace:61315,Nerdrum stasjon,2026-09-07T14:38:00+02:00,2026-09-07T14:40:39+02:00,2026-09-07T14:40:39+02:00,159.0,1,Asker,VYG:Line:R14,Asker-Oslo S-Kongsvinger,R14,rail,VYG:ServiceJourney:1020_442928-R,True,actual,False,,,,,2026-09-07T15:44:36.205822+02:00
NSR:StopPlace:59648,Kjelsås stasjon,2026-09-07T14:45:00+02:00,2026-09-07T14:47:39+02:00,2026-09-07T14:47:39+02:00,159.0,1,Haugerud,RUT:Line:25,Majorstuen-Haugerud,25,bus,RUT:ServiceJourney:6efb7da1f66c4a0456462136df0eae4c,True,actual,False,,,,,2026-09-07T15:44:36.205822+02:00
NSR:StopPlace:59650,Nyland stasjon,2026-09-07T14:25:00+02:00,2026-09-07T14:27:39+02:00,2026-09-07T14:27:39+02:00,159.0,1,Oslo lufthavn,NBU:Line:cb7b555c-f96e-42d5-84bf-a5e08c0145c2,Radiumhospitalet via Økern-Storo-Tåsen,FB3,bus,NBU:ServiceJourney:411647da-db5a-45fc-9bf3-0a1f676e467f,True,actual,False,,,,,2026-09-07T15:44:36.205822+02:00
NSR:StopPlace:60016,Kråkstad stasjon,2026-09-07T15:18:00+02:00,2026-09-07T15:20:39+02:00,2026-09-07T15:20:39+02:00,159.0,1,Rakkestad,VYG:Line:R22,Skøyen-Oslo S-Mysen-Rakkestad,R22,rail,VYG:ServiceJourney:1921_443467-R,True,actual,False,,,,,2026-09-07T15:44:36.205822+02:00
NSR:StopPlace:59638,Myrvoll stasjon,2026-09-07T13:45:00+02:00,2026-09-07T13:47:39+02:00,2026-09-07T13:47:39+02:00,159.0,1,Fornebu,RUT:Line:81,Fornebu - Myrvoll stasjon,81,bus,RUT:ServiceJourney:0877625536872542b869a7b2ba1b660d,True,actual,False,,,,,2026-09-07T15:44:36.205822+02:00
NSR:StopPlace:59639,Sonsveien stasjon,2026-09-07T15:25:00+02:00,2026-09-07T15:27:39+02:00,2026-09-07T15:27:39+02:00,159.0,1,Ørajordet,RUT:Line:3545,Son mot klokka,545B,bus,RUT:ServiceJourney:a662ff5ace06b31cf27de08aeaf3d8dd,True,actual,False,,,,,2026-09-07T15:44:36.205822+02:00
NSR:StopPlace:58947,Steinkjer stasjon,2026-09-07T14:15:00+02:00,2026-09-07T14:17:39+02:00,2026-09-07T14:17:39+02:00,159.0,1,Granheim via Kringla,ATB:Line:2_7304,Mære - Guldbergaunet,7304,bus,ATB:ServiceJourney:7304_260106098640761_1,True,actual,False,,,,,2026-09-07T15:44:36.205822+02:00
NSR:StopPlace:58884,Skien stasjon,2026-09-07T14:10:00+02:00,2026-09-07T14:12:39+02:00,2026-09-07T14:12:39+02:00,159.0,1,Stulen-Mo,TEL:Line:8894,Eriksrød-Stulen-Ås-Skien,94,bus,TEL:ServiceJourney:127990,True,actual,False,,,,,2026-09-07T15:44:36.205822+02:00
NSR:StopPlace:206,Mariero stasjon,2026-09-07T15:14:00+02:00,2026-09-07T15:16:39+02:00,2026-09-07T15:16:39+02:00,159.0,1,Skeiane,GOA:Line:59,Jærbanen,L5,rail,GOA:ServiceJourney:3142_63187-R,True,actual,False,,,,,2026-09-07T15:44:36.205822+02:00
NSR:StopPlace:61464,Hvalstad stasjon,2026-09-07T07:39:00+02:00,2026-09-07T07:41:39+02:00,2026-09-07T07:41:39+02:00,159.0,1,Spikkestad,VYG:Line:L1,Spikkestad-Oslo S-Lillestrøm,L1,rail,VYG:ServiceJourney:2209_443598-R,True,actual,False,,,,,2026-09-07T08:42:24.659182+02:00
NSR:StopPlace:33,Ranheim stasjon,2026-09-07T08:29:00+02:00,2026-09-07T08:31:39+02:00,2026-09-07T08:31:39+02:00,159.0,1,Ler,SJN:Line:26,Trønderbanen,R70,rail,SJN:ServiceJourney:424_56053-R,True,actual,False,,,,,2026-09-07T08:42:24.659182+02:00
NSR:StopPlace:59650,Nyland stasjon,2026-09-07T05:59:00+02:00,2026-09-07T06:01:39+02:00,2026-09-07T06:01:39+02:00,159.0,1,Spikkestad,VYG:Line:L1,Spikkestad-Oslo S-Lillestrøm,L1,rail,VYG:ServiceJourney:2205_443593-R,True,actual,False,Færre vogner,Denne avgangen kjører dessverre med 4 vogner i stedet for 8 vogner. Dette skyldes at vi mangler et togsett.,general,normal,2026-09-07T08:42:24.659182+02:00
NSR:StopPlace:60016,Kråkstad stasjon,2026-09-07T08:36:00+02:00,2026-09-07T08:38:39+02:00,2026-09-07T08:38:39+02:00,159.0,1,Oslo S,VYG:Line:R22,Skøyen-Oslo S-Mysen-Rakkestad,R22,rail,VYG:ServiceJourney:1910_443448-R,True,actual,False,,,,,2026-09-07T08:42:24.659182+02:00
NSR:StopPlace:58868,Årnes stasjon,2026-09-07T07:43:00+02:00,2026-09-07T07:45:39+02:00,2026-09-07T07:45:39+02:00,159.0,1,Årnes,RUT:Line:441,Eidsvoll - Årnes,441,bus,RUT:ServiceJourney:209209639e6d4b34ffcf2972af9eeee7,True,actual,False,,,,,2026-09-07T08:42:24.659182+02:00
NSR:StopPlace:58819,Grua stasjon,2026-09-07T07:06:00+02:00,2026-09-07T07:08:39+02:00,2026-09-07T07:08:39+02:00,159.0,1,Oslo S,VYG:Line:R31,Skøyen-Jaren-Gjøvik,R31,rail,VYG:ServiceJourney:BUS-246_655575-R,True,actual,False,,,,,2026-09-07T08:42:24.659182+02:00
NSR:StopPlace:62308,Alna stasjon,2026-09-07T06:02:00+02:00,2026-09-07T06:04:39+02:00,2026-09-07T06:04:39+02:00,159.0,1,Spikkestad,VYG:Line:L1,Spikkestad-Oslo S-Lillestrøm,L1,rail,VYG:ServiceJourney:2205_443593-R,True,actual,False,Færre vogner,Denne avgangen kjører dessverre med 4 vogner i stedet for 8 vogner. Dette skyldes at vi mangler et togsett.,general,normal,2026-09-07T08:42:24.659182+02:00
NSR:StopPlace:61251,Øksnavadporten stasjon,2026-09-07T23:35:00+02:00,2026-09-07T23:37:38+02:00,2026-09-07T23:37:38+02:00,158.0,1,Stavanger,GOA:Line:59,Jærbanen,L5,rail,GOA:ServiceJourney:3075_63138-R,True,actual,False,,,,,2026-09-08T00:20:52.129880+02:00
NSR:StopPlace:59957,Klepp stasjon,2026-09-07T23:32:00+02:00,2026-09-07T23:34:38+02:00,2026-09-07T23:34:38+02:00,158.0,1,Stavanger,GOA:Line:59,Jærbanen,L5,rail,GOA:ServiceJourney:3075_63138-R,True,actual,False,,,,,2026-09-08T00:20:52.129880+02:00
NSR:StopPlace:58964,Kløfta stasjon,2026-09-08T00:14:00+02:00,2026-09-08T00:16:38+02:00,2026-09-08T00:16:38+02:00,158.0,1,Drammen,VYG:Line:R13,Drammen-Oslo S-Dal,R13,rail,VYG:ServiceJourney:1678_443382-R,True,actual,False,,,,,2026-09-08T00:20:52.129880+02:00
NSR:StopPlace:58796,Moss stasjon,2026-09-07T22:08:00+02:00,2026-09-07T22:10:38+02:00,2026-09-07T22:10:38+02:00,158.0,1,Oslo S,VYG:Line:RE20,Oslo S-Halden-Göteborg (X-Border),RE20,rail,VYG:ServiceJourney:136_443136-R,True,actual,False,,,,,2026-09-08T00:20:52.129880+02:00
NSR:StopPlace:41,Hanaborg stasjon,2026-09-07T19:01:00+02:00,2026-09-07T19:03:38+02:00,2026-09-07T19:03:38+02:00,158.0,1,Lillestrøm,VYG:Line:L1,Spikkestad-Oslo S-Lillestrøm,L1,rail,VYG:ServiceJourney:2256_445354-R,True,actual,False,,,,,2026-09-07T20:27:16.249662+02:00
NSR:StopPlace:59642,Rånåsfoss stasjon,2026-09-07T18:39:00+02:00,2026-09-07T18:41:38+02:00,2026-09-07T18:41:38+02:00,158.0,1,Kongsvinger,VYG:Line:R14,Asker-Oslo S-Kongsvinger,R14,rail,VYG:ServiceJourney:1027_442937-R,True,actual,False,,,,,2026-09-07T20:27:16.249662+02:00
NSR:StopPlace:58843,Blommenholm stasjon,2026-09-07T18:44:00+02:00,2026-09-07T18:46:38+02:00,2026-09-07T18:46:38+02:00,158.0,1,Asker,VYG:Line:L1,Spikkestad-Oslo S-Lillestrøm,L1,rail,VYG:ServiceJourney:2153_443562-R,True,actual,False,,,,,2026-09-07T20:27:16.249662+02:00
NSR:StopPlace:58868,Årnes stasjon,2026-09-07T17:34:00+02:00,2026-09-07T17:36:38+02:00,2026-09-07T17:36:38+02:00,158.0,1,Oslo lufthavn,RUT:Line:450,Årnes - Oslo lufthavn,450,bus,RUT:ServiceJourney:7cc737ef161fa411feeeff13f39cf020,True,actual,False,,,,,2026-09-07T20:27:16.249662+02:00
NSR:StopPlace:58861,Solbråtan stasjon,2026-09-07T19:26:00+02:00,2026-09-07T19:28:38+02:00,2026-09-07T19:28:38+02:00,158.0,1,Tårnåsen,RUT:Line:83,Jernbanetorget - Tårnåsen,83,bus,RUT:ServiceJourney:673dbaa5d8756510d9695f09b8de768d,True,actual,False,Linje 80E og 83 får Hausmanns bru som ny endeholdeplass fra 29. juni,"Bussene stopper ikke på Jernbanetorget etter 29. juni, men starter og stopper på Hausmanns bru i Nylandsveien.",incident,normal,2026-09-07T20:27:16.249662+02:00
NSR:StopPlace:261,Ganddal stasjon,2026-09-07T18:09:00+02:00,2026-09-07T18:11:38+02:00,2026-09-07T18:11:38+02:00,158.0,1,Stavanger,GOA:Line:59,Jærbanen,L5,rail,GOA:ServiceJourney:3053_63102-R,True,actual,False,,,,,2026-09-07T20:27:16.249662+02:00
NSR:StopPlace:708,Stange stasjon,2026-09-07T16:34:00+02:00,2026-09-07T16:36:38+02:00,2026-09-07T16:36:38+02:00,158.0,1,Lillehammer,VYG:Line:RE10,Drammen-Oslo S-Lillehammer,RE10,rail,VYG:ServiceJourney:323-SUD_486402-R,True,actual,False,,,,,2026-09-07T20:27:16.249662+02:00
NSR:StopPlace:58960,Trofors stasjon,2026-09-07T15:20:00+02:00,2026-09-07T15:22:38+02:00,2026-09-07T15:22:38+02:00,158.0,1,Hattfjelldal,NOR:Line:12_8231,Susendal-Hattfjelldal-Trofors-,231,bus,NOR:ServiceJourney:8231_251111096199254_2005,True,actual,False,,,,,2026-09-07T15:44:36.205822+02:00
NSR:StopPlace:58834,Hokksund stasjon,2026-09-07T12:53:00+02:00,2026-09-07T12:55:38+02:00,2026-09-07T12:55:38+02:00,158.0,1,Bergen,VYG:Line:F4,Oslo S-Bergen,F4,rail,VYG:ServiceJourney:601-LOD_456939-R,True,actual,False,,,,,2026-09-07T15:44:36.205822+02:00
NSR:StopPlace:58845,Eidsvoll verk stasjon,2026-09-07T14:30:00+02:00,2026-09-07T14:32:38+02:00,2026-09-07T14:32:38+02:00,158.0,1,Eidsvoll,RUT:Line:430,Eidsvoll - Jessheim,430,bus,RUT:ServiceJourney:13bede929b281ca94335ec80fcfa4eda,True,actual,False,,,,,2026-09-07T15:44:36.205822+02:00
NSR:StopPlace:58865,Vestby stasjon,2026-09-07T14:20:00+02:00,2026-09-07T14:22:38+02:00,2026-09-07T14:22:38+02:00,158.0,1,Pepperstadmarka,RUT:Line:530,Pepperstad - Vestby stasjon,530,bus,RUT:ServiceJourney:a036cfdeeedd63ddb90bd256cfdc1437,True,actual,False,,,,,2026-09-07T15:44:36.205822+02:00
NSR:StopPlace:58804,Alvdal stasjon,2026-09-07T13:47:00+02:00,2026-09-07T13:49:38+02:00,2026-09-07T13:49:38+02:00,158.0,1,Folldal - Hjerkinn,INN:Line:181,Tynset - Alvdal - Folldal,181,bus,INN:ServiceJourney:84450,True,actual,False,,,,,2026-09-07T15:44:36.205822+02:00
NSR:StopPlace:62094,Lindeberg stasjon,2026-09-07T14:48:00+02:00,2026-09-07T14:50:38+02:00,2026-09-07T14:50:38+02:00,158.0,1,Drammen,VYG:Line:R13,Drammen-Oslo S-Dal,R13,rail,VYG:ServiceJourney:1640_443299-R,True,actual,False,,,,,2026-09-07T15:44:36.205822+02:00
NSR:StopPlace:41,Hanaborg stasjon,2026-09-07T06:46:00+02:00,2026-09-07T06:48:38+02:00,2026-09-07T06:48:38+02:00,158.0,1,Lillestrøm,VYG:Line:L1,Spikkestad-Oslo S-Lillestrøm,L1,rail,VYG:ServiceJourney:2106_443510-R,True,actual,False,,,,,2026-09-07T08:42:24.659182+02:00
NSR:StopPlace:59649,Nydalen stasjon,2026-09-07T07:43:00+02:00,2026-09-07T07:45:38+02:00,2026-09-07T07:45:38+02:00,158.0,1,Fornebu,RUT:Line:24,Fornebu vest - Brynseng T,24,bus,RUT:ServiceJourney:2dcc0af107744522e0fc1f31f635a804,True,actual,False,,,,,2026-09-07T08:42:24.659182+02:00
NSR:StopPlace:58947,Steinkjer stasjon,2026-09-07T07:44:00+02:00,2026-09-07T07:46:38+02:00,2026-09-07T07:46:38+02:00,158.0,1,Campus Guldbergaunet,ATB:Line:2_640,Levanger - Steinkjer,640,bus,ATB:ServiceJourney:640_260106098640611_4,True,actual,False,,,,,2026-09-07T08:42:24.659182+02:00
NSR:StopPlace:58848,Haga stasjon,2026-09-07T06:44:00+02:00,2026-09-07T06:46:38+02:00,2026-09-07T06:46:38+02:00,158.0,1,Kongsvinger,VYG:Line:R14,Asker-Oslo S-Kongsvinger,R14,rail,VYG:ServiceJourney:1003_442908-R,True,actual,False,,,,,2026-09-07T08:42:24.659182+02:00
NSR:StopPlace:58854,Langhus stasjon,2026-09-07T06:09:00+02:00,2026-09-07T06:11:38+02:00,2026-09-07T06:11:38+02:00,158.0,1,Drøbak - Frogn vgs.,RUT:Line:510,Bøleråsen - Ski - Ås - Drøbak,510,bus,RUT:ServiceJourney:a4ed8d7c9788c33f2fb96669b7820810,True,actual,False,,,,,2026-09-07T08:42:24.659182+02:00
NSR:StopPlace:58886,Arendal stasjon,2026-09-07T08:10:00+02:00,2026-09-07T08:12:38+02:00,2026-09-07T08:12:38+02:00,158.0,1,Nelaug,GOA:Line:53,Sørtoget lokal,R50,rail,GOA:ServiceJourney:2064_63017-R,True,actual,False,,,,,2026-09-07T08:42:24.659182+02:00
NSR:StopPlace:58808,Kongsvinger stasjon,2026-09-07T08:28:00+02:00,2026-09-07T08:30:38+02:00,2026-09-07T08:30:38+02:00,158.0,1,Rasta - Vennersberg,INN:Line:81,Bogeråsen - Rasta,B81,bus,INN:ServiceJourney:54303,True,actual,False,,,,,2026-09-07T08:42:24.659182+02:00
NSR:StopPlace:461,Lundamo stasjon,2026-09-07T07:26:00+02:00,2026-09-07T07:28:38+02:00,2026-09-07T07:28:38+02:00,158.0,1,Støren,SJN:Line:26,Trønderbanen,R70,rail,SJN:ServiceJourney:420_56049-R,True,actual,False,,,,,2026-09-07T08:42:24.659182+02:00
NSR:StopPlace:58966,Porsgrunn stasjon,2026-09-07T22:45:00+02:00,2026-09-07T22:47:37+02:00,2026-09-07T22:47:37+02:00,157.0,1,Skien,VYG:Line:RE11,Eidsvoll-Oslo S-Skien,RE11,rail,VYG:ServiceJourney:833_444413-R,True,actual,False,Heis på Porsgrunn ute av drift | Færre vogner,Heisen på Porsgrunn til spor 2 er ute av drift. | Denne avgangen kjører dessverre med 5 vogner i stedet for 10 vogner. Dette skyldes at vi mangler et togsett.,general | general,normal | normal,2026-09-08T00:20:52.129880+02:00
NSR:StopPlace:58924,Bryne stasjon,2026-09-07T23:58:00+02:00,2026-09-08T00:00:37+02:00,2026-09-08T00:00:37+02:00,157.0,1,Stavanger,GOA:Line:59,Jærbanen,L5,rail,GOA:ServiceJourney:3077_63141-R,True,actual,False,,,,,2026-09-08T00:20:52.129880+02:00
NSR:StopPlace:58860,Oppegård stasjon,2026-09-07T23:31:00+02:00,2026-09-07T23:33:37+02:00,2026-09-07T23:33:37+02:00,157.0,1,Kolbotn torg,RUT:Line:580,Kolbotn - Ski,580,bus,RUT:ServiceJourney:5fb4954860f90f2e057e65efb321247b,True,actual,False,,,,,2026-09-08T00:20:52.129880+02:00
NSR:StopPlace:58862,Strømmen stasjon,2026-09-07T23:00:00+02:00,2026-09-07T23:02:37+02:00,2026-09-07T23:02:37+02:00,157.0,1,Asker,VYG:Line:L1,Spikkestad-Oslo S-Lillestrøm,L1,rail,VYG:ServiceJourney:2173_443584-R,True,actual,False,,,,,2026-09-08T00:20:52.129880+02:00
NSR:StopPlace:61464,Hvalstad stasjon,2026-09-07T20:10:00+02:00,2026-09-07T20:12:37+02:00,2026-09-07T20:12:37+02:00,157.0,1,Lillestrøm,VYG:Line:L1,Spikkestad-Oslo S-Lillestrøm,L1,rail,VYG:ServiceJourney:2264_445363-R,True,actual,False,,,,,2026-09-07T20:27:16.249662+02:00
NSR:StopPlace:60640,Heimdal stasjon,2026-09-07T16:39:00+02:00,2026-09-07T16:41:37+02:00,2026-09-07T16:41:37+02:00,157.0,1,Røros,SJN:Line:25,Rørosbanen,R60,rail,SJN:ServiceJourney:416_50919-R,True,actual,False,,,,,2026-09-07T20:27:16.249662+02:00
NSR:StopPlace:60016,Kråkstad stasjon,2026-09-07T18:36:00+02:00,2026-09-07T18:38:37+02:00,2026-09-07T18:38:37+02:00,157.0,1,Oslo S,VYG:Line:R22,Skøyen-Oslo S-Mysen-Rakkestad,R22,rail,VYG:ServiceJourney:1930-RST_443484-R,True,actual,False,,,,,2026-09-07T20:27:16.249662+02:00
NSR:StopPlace:60047,Melhus skysstasjon,2026-09-07T17:46:00+02:00,2026-09-07T17:48:37+02:00,2026-09-07T17:48:37+02:00,157.0,1,Trondheim S,ATB:Line:2_340,Trondheim - Støren,340,bus,ATB:ServiceJourney:340_260106098639884_31,True,actual,False,,,,,2026-09-07T20:27:16.249662+02:00
NSR:StopPlace:58857,Lørenskog stasjon,2026-09-07T17:56:00+02:00,2026-09-07T17:58:37+02:00,2026-09-07T17:58:37+02:00,157.0,1,Lørenskog sentrum,RUT:Line:67,Økern-Lørenskog sentrum,67,bus,RUT:ServiceJourney:cc07fb366c2bd32feeec883c251292c0,True,actual,False,,,,,2026-09-07T20:27:16.249662+02:00
NSR:StopPlace:58859,Nordby stasjon,2026-09-07T17:03:00+02:00,2026-09-07T17:05:37+02:00,2026-09-07T17:05:37+02:00,157.0,1,Drammen,VYG:Line:R13,Drammen-Oslo S-Dal,R13,rail,VYG:ServiceJourney:1650_443321-R,True,actual,False,,,,,2026-09-07T20:27:16.249662+02:00
NSR:StopPlace:58864,Sørumsand stasjon,2026-09-07T18:51:00+02:00,2026-09-07T18:53:37+02:00,2026-09-07T18:53:37+02:00,157.0,1,Skedsmokorset,RUT:Line:365,Sørumsand - Frogner - Skedsmokorset,365,bus,RUT:ServiceJourney:39b6a45f231bf7aa2e1ea2cfcd392aaa,True,actual,False,,,,,2026-09-07T20:27:16.249662+02:00
NSR:StopPlace:58871,Sande stasjon,2026-09-07T18:35:00+02:00,2026-09-07T18:37:37+02:00,2026-09-07T18:37:37+02:00,157.0,1,Svelvik,VKT:Line:200,Svelvik-Sande,200,bus,VKT:ServiceJourney:15044,True,actual,False,,,,,2026-09-07T20:27:16.249662+02:00
NSR:StopPlace:58801,Sarpsborg stasjon,2026-09-07T20:13:00+02:00,2026-09-07T20:15:37+02:00,2026-09-07T20:15:37+02:00,157.0,1,Blessom,OST:Line:1_13,Kalnes - Blessom,13,bus,OST:ServiceJourney:13_260325121470805_38,True,actual,False,,,,,2026-09-07T20:27:16.249662+02:00
NSR:StopPlace:62392,Slependen stasjon,2026-09-07T18:49:00+02:00,2026-09-07T18:51:37+02:00,2026-09-07T18:51:37+02:00,157.0,1,Asker,VYG:Line:L1,Spikkestad-Oslo S-Lillestrøm,L1,rail,VYG:ServiceJourney:2153_443562-R,True,actual,False,,,,,2026-09-07T20:27:16.249662+02:00
NSR:StopPlace:59653,Haugenstua stasjon,2026-09-07T14:55:00+02:00,2026-09-07T14:57:37+02:00,2026-09-07T14:57:37+02:00,157.0,1,Lillestrøm,VYG:Line:L1,Spikkestad-Oslo S-Lillestrøm,L1,rail,VYG:ServiceJourney:2240_445337-R,True,actual,False,,,,,2026-09-07T15:44:36.205822+02:00
NSR:StopPlace:59952,Drammen stasjon,2026-09-07T15:05:00+02:00,2026-09-07T15:07:37+02:00,2026-09-07T15:07:37+02:00,157.0,1,Dal,VYG:Line:R13,Drammen-Oslo S-Dal,R13,rail,VYG:ServiceJourney:1643_443304-R,True,actual,False,,,,,2026-09-07T15:44:36.205822+02:00
NSR:StopPlace:58966,Porsgrunn stasjon,2026-09-07T14:41:00+02:00,2026-09-07T14:43:37+02:00,2026-09-07T14:43:37+02:00,157.0,1,Notodden,VYG:Line:R55,Porsgrunn-Notodden,R55,rail,VYG:ServiceJourney:2482_443752-R,True,actual,False,Heis på Porsgrunn ute av drift,Heisen på Porsgrunn til spor 2 er ute av drift.,general,normal,2026-09-07T15:44:36.205822+02:00
NSR:StopPlace:58859,Nordby stasjon,2026-09-07T14:03:00+02:00,2026-09-07T14:05:37+02:00,2026-09-07T14:05:37+02:00,157.0,1,Drammen,VYG:Line:R13,Drammen-Oslo S-Dal,R13,rail,VYG:ServiceJourney:1638_443294-R,True,actual,False,,,,,2026-09-07T15:44:36.205822+02:00
NSR:StopPlace:58873,Skoppum stasjon,2026-09-07T15:20:00+02:00,2026-09-07T15:22:37+02:00,2026-09-07T15:22:37+02:00,157.0,1,Eidsvoll,VYG:Line:RE11,Eidsvoll-Oslo S-Skien,RE11,rail,VYG:ServiceJourney:822_444402-R,True,actual,False,,,,,2026-09-07T15:44:36.205822+02:00
NSR:StopPlace:200,Finse stasjon,2026-09-07T12:37:00+02:00,2026-09-07T12:39:37+02:00,2026-09-07T12:39:37+02:00,157.0,1,Bergen,VYG:Line:F4,Oslo S-Bergen,F4,rail,VYG:ServiceJourney:63-LOD_580500-R,True,actual,False,,,,,2026-09-07T15:44:36.205822+02:00
NSR:StopPlace:628,Darbu stasjon,2026-09-07T14:48:00+02:00,2026-09-07T14:50:37+02:00,2026-09-07T14:50:37+02:00,157.0,1,Eidsvoll,VYG:Line:R12,Kongsberg-Oslo S-Eidsvoll,R12,rail,VYG:ServiceJourney:522_481319-R,True,actual,False,,,,,2026-09-07T15:44:36.205822+02:00
NSR:StopPlace:61169,Marienborg stasjon,2026-09-07T05:50:00+02:00,2026-09-07T05:52:37+02:00,2026-09-07T05:52:37+02:00,157.0,1,Pirbadet,ATB:Line:2_23,Brattøra - St. Olavs - Hallset - Flatåsen - Sandmoen,23,bus,ATB:ServiceJourney:23_251215112545550_1,True,actual,False,,,,,2026-09-07T08:42:24.659182+02:00
NSR:StopPlace:61897,Bryn stasjon,2026-09-07T06:05:00+02:00,2026-09-07T06:07:37+02:00,2026-09-07T06:07:37+02:00,157.0,1,Spikkestad,VYG:Line:L1,Spikkestad-Oslo S-Lillestrøm,L1,rail,VYG:ServiceJourney:2205_443593-R,True,actual,False,Færre vogner,Denne avgangen kjører dessverre med 4 vogner i stedet for 8 vogner. Dette skyldes at vi mangler et togsett.,general,normal,2026-09-07T08:42:24.659182+02:00
NSR:StopPlace:59647,Dal stasjon,2026-09-07T07:41:00+02:00,2026-09-07T07:43:37+02:00,2026-09-07T07:43:37+02:00,157.0,1,Jessheim,RUT:Line:430,Eidsvoll - Jessheim,430,bus,RUT:ServiceJourney:5d39088c17331f28e6e7089d0ef8eb63,True,actual,False,,,,,2026-09-07T08:42:24.659182+02:00
NSR:StopPlace:59653,Haugenstua stasjon,2026-09-07T07:40:00+02:00,2026-09-07T07:42:37+02:00,2026-09-07T07:42:37+02:00,157.0,1,Lillestrøm,VYG:Line:L1,Spikkestad-Oslo S-Lillestrøm,L1,rail,VYG:ServiceJourney:2110_443515-R,True,actual,False,,,,,2026-09-07T08:42:24.659182+02:00
NSR:StopPlace:58963,Jessheim stasjon,2026-09-07T07:31:00+02:00,2026-09-07T07:33:37+02:00,2026-09-07T07:33:37+02:00,157.0,1,Oslo lufthavn,RUT:Line:440,Fenstad/Nordkisa - Oslo lufthavn,440,bus,RUT:ServiceJourney:94917d63d585d817abea097899871a73,True,actual,False,,,,,2026-09-07T08:42:24.659182+02:00
NSR:StopPlace:58924,Bryne stasjon,2026-09-07T05:50:00+02:00,2026-09-07T05:52:37+02:00,2026-09-07T05:52:37+02:00,157.0,1,Stavanger,GOA:Line:59,Jærbanen,L5,rail,GOA:ServiceJourney:3003_63034-R,True,actual,False,,,,,2026-09-07T08:42:24.659182+02:00
NSR:StopPlace:58947,Steinkjer stasjon,2026-09-07T06:05:00+02:00,2026-09-07T06:07:37+02:00,2026-09-07T06:07:37+02:00,157.0,1,Lerkendal,SJN:Line:26,Trønderbanen,R70,rail,SJN:ServiceJourney:1762_55816-R,True,actual,False,,,,,2026-09-07T08:42:24.659182+02:00
NSR:StopPlace:58795,Kambo stasjon,2026-09-07T06:25:00+02:00,2026-09-07T06:27:37+02:00,2026-09-07T06:27:37+02:00,157.0,1,Moss,VYG:Line:R21,Stabekk-Oslo S-Moss,R21,rail,VYG:ServiceJourney:1103-HVK_442974-R,True,actual,False,,,,,2026-09-07T08:42:24.659182+02:00
NSR:StopPlace:58834,Hokksund stasjon,2026-09-07T08:10:00+02:00,2026-09-07T08:12:37+02:00,2026-09-07T08:12:37+02:00,157.0,1,Hokksund skole,BRA:Line:4_6135,Hokksund - Torespæren/Vendelborg,135,bus,BRA:ServiceJourney:6135_260415100159569_1008,True,actual,False,,,,,2026-09-07T08:42:24.659182+02:00
NSR:StopPlace:58869,Ås stasjon,2026-09-07T06:45:00+02:00,2026-09-07T06:47:37+02:00,2026-09-07T06:47:37+02:00,157.0,1,Stabekk,VYG:Line:R21,Stabekk-Oslo S-Moss,R21,rail,VYG:ServiceJourney:1110-MOS_442985-R,True,actual,False,,,,,2026-09-07T08:42:24.659182+02:00
NSR:StopPlace:58813,Skarnes stasjon,2026-09-07T07:50:00+02:00,2026-09-07T07:52:37+02:00,2026-09-07T07:52:37+02:00,157.0,1,Kongsvinger,INN:Line:718,Disenå - Skarnes - Kongsvinger,718,bus,INN:ServiceJourney:76541,True,actual,False,,,,,2026-09-07T08:42:24.659182+02:00
NSR:StopPlace:58828,Roa stasjon,2026-09-07T04:45:00+02:00,2026-09-07T04:47:37+02:00,2026-09-07T04:47:37+02:00,157.0,1,Oslo S,VYG:Line:R31,Skøyen-Jaren-Gjøvik,R31,rail,VYG:ServiceJourney:BUS-240_655528-R,True,actual,False,,,,,2026-09-07T08:42:24.659182+02:00
NSR:StopPlace:313,Høybråten stasjon,2026-09-07T06:42:00+02:00,2026-09-07T06:44:37+02:00,2026-09-07T06:44:37+02:00,157.0,1,Lillestrøm,VYG:Line:L1,Spikkestad-Oslo S-Lillestrøm,L1,rail,VYG:ServiceJourney:2106_443510-R,True,actual,False,,,,,2026-09-07T08:42:24.659182+02:00
NSR:StopPlace:261,Ganddal stasjon,2026-09-07T08:38:00+02:00,2026-09-07T08:40:37+02:00,2026-09-07T08:40:37+02:00,157.0,1,Stavanger,GOA:Line:59,Jærbanen,L5,rail,GOA:ServiceJourney:3015_63047-R,True,actual,False,,,,,2026-09-07T08:42:24.659182+02:00
NSR:StopPlace:62308,Alna stasjon,2026-09-07T08:18:00+02:00,2026-09-07T08:20:37+02:00,2026-09-07T08:20:37+02:00,157.0,1,Lillestrøm,VYG:Line:L1,Spikkestad-Oslo S-Lillestrøm,L1,rail,VYG:ServiceJourney:2214_443607-R,True,actual,False,Færre vogner,Denne avgangen kjører dessverre med 4 vogner i stedet for 8 vogner. Dette skyldes at vi mangler et togsett.,general,normal,2026-09-07T08:42:24.659182+02:00
NSR:StopPlace:610,Sandvika stasjon,2026-09-08T00:25:00+02:00,2026-09-08T00:27:36+02:00,2026-09-08T00:27:36+02:00,156.0,1,Eidsvoll,VYG:Line:R13,Drammen-Oslo S-Dal,R13,rail,VYG:ServiceJourney:1679_443385-R,True,actual,False,,,,,2026-09-08T03:39:50.209703+02:00
NSR:StopPlace:59244,Egersund stasjon,2026-09-07T21:22:00+02:00,2026-09-07T21:24:36+02:00,2026-09-07T21:24:36+02:00,156.0,1,Stavanger,GOA:Line:59,Jærbanen,L5,rail,GOA:ServiceJourney:3069_63130-R,True,actual,False,,,,,2026-09-08T00:20:52.129880+02:00
NSR:StopPlace:58874,Stokke stasjon,2026-09-08T00:06:00+02:00,2026-09-08T00:08:36+02:00,2026-09-08T00:08:36+02:00,156.0,1,Skien,VYG:Line:RE11,Eidsvoll-Oslo S-Skien,RE11,rail,VYG:ServiceJourney:837_444417-R,True,actual,False,,,,,2026-09-08T00:20:52.129880+02:00
NSR:StopPlace:59653,Haugenstua stasjon,2026-09-07T17:55:00+02:00,2026-09-07T17:57:36+02:00,2026-09-07T17:57:36+02:00,156.0,1,Spikkestad,VYG:Line:L1,Spikkestad-Oslo S-Lillestrøm,L1,rail,VYG:ServiceJourney:2253_443674-R,True,actual,False,Færre vogner,Denne avgangen kjører dessverre med 4 vogner i stedet for 8 vogner. Dette skyldes at vi mangler et togsett.,general,normal,2026-09-07T20:27:16.249662+02:00
NSR:StopPlace:398,Arna stasjon,2026-09-07T19:32:00+02:00,2026-09-07T19:34:36+02:00,2026-09-07T19:34:36+02:00,156.0,1,Voss,VYG:Line:R40,Bergen-Voss-Myrdal-Ål,R40,rail,VYG:ServiceJourney:1830_457480-R,True,actual,False,,,,,2026-09-07T20:27:16.249662+02:00
NSR:StopPlace:41,Hanaborg stasjon,2026-09-07T15:04:00+02:00,2026-09-07T15:06:36+02:00,2026-09-07T15:06:36+02:00,156.0,1,Asker,VYG:Line:L1,Spikkestad-Oslo S-Lillestrøm,L1,rail,VYG:ServiceJourney:2141_443549-R,True,actual,False,Færre vogner,Denne avgangen kjører dessverre med 4 vogner i stedet for 8 vogner. Dette skyldes at vi mangler et togsett.,general,normal,2026-09-07T15:44:36.205822+02:00
NSR:StopPlace:58921,Vennesla stasjon,2026-09-07T14:08:00+02:00,2026-09-07T14:10:36+02:00,2026-09-07T14:10:36+02:00,156.0,1,Kristiansand via Mosby,AKT:Line:30,Kvadraturen - Mosby - Vennesl,30,bus,AKT:ServiceJourney:79455_162_48_99840_102600_40001545,True,actual,False,,,,,2026-09-07T15:44:36.205822+02:00
NSR:StopPlace:62311,Vigrestad stasjon,2026-09-07T14:44:00+02:00,2026-09-07T14:46:36+02:00,2026-09-07T14:46:36+02:00,156.0,1,Stavanger,GOA:Line:59,Jærbanen,L5,rail,GOA:ServiceJourney:3041_63082-R,True,actual,False,,,,,2026-09-07T15:44:36.205822+02:00
NSR:StopPlace:61466,Vakås stasjon,2026-09-07T08:11:00+02:00,2026-09-07T08:13:36+02:00,2026-09-07T08:13:36+02:00,156.0,1,Spikkestad,VYG:Line:L1,Spikkestad-Oslo S-Lillestrøm,L1,rail,VYG:ServiceJourney:2211_443602-R,True,actual,False,,,,,2026-09-07T08:42:24.659182+02:00
NSR:StopPlace:61464,Hvalstad stasjon,2026-09-07T06:54:00+02:00,2026-09-07T06:56:36+02:00,2026-09-07T06:56:36+02:00,156.0,1,Lillestrøm,VYG:Line:L1,Spikkestad-Oslo S-Lillestrøm,L1,rail,VYG:ServiceJourney:2110_443515-R,True,actual,False,,,,,2026-09-07T08:42:24.659182+02:00
NSR:StopPlace:59647,Dal stasjon,2026-09-07T08:31:00+02:00,2026-09-07T08:33:36+02:00,2026-09-07T08:33:36+02:00,156.0,1,Eidsvoll,RUT:Line:430,Eidsvoll - Jessheim,430,bus,RUT:ServiceJourney:a6c6a3c1771fd13f41ea669d11a04acd,True,actual,False,,,,,2026-09-07T08:42:24.659182+02:00
NSR:StopPlace:59620,Grorud stasjon,2026-09-07T05:57:00+02:00,2026-09-07T05:59:36+02:00,2026-09-07T05:59:36+02:00,156.0,1,Spikkestad,VYG:Line:L1,Spikkestad-Oslo S-Lillestrøm,L1,rail,VYG:ServiceJourney:2205_443593-R,True,actual,False,Færre vogner,Denne avgangen kjører dessverre med 4 vogner i stedet for 8 vogner. Dette skyldes at vi mangler et togsett.,general,normal,2026-09-07T08:42:24.659182+02:00
NSR:StopPlace:58935,Levanger stasjon,2026-09-07T06:41:00+02:00,2026-09-07T06:43:36+02:00,2026-09-07T06:43:36+02:00,156.0,1,Lerkendal,SJN:Line:26,Trønderbanen,R70,rail,SJN:ServiceJourney:1762_55816-R,True,actual,False,,,,,2026-09-07T08:42:24.659182+02:00
NSR:StopPlace:58947,Steinkjer stasjon,2026-09-07T08:12:00+02:00,2026-09-07T08:14:36+02:00,2026-09-07T08:14:36+02:00,156.0,1,Mære landbruksskole,ATB:Line:2_7306,Steinkjer - Sparbu,7306,bus,ATB:ServiceJourney:7306_260106098640765_2,True,actual,False,,,,,2026-09-07T08:42:24.659182+02:00
NSR:StopPlace:58843,Blommenholm stasjon,2026-09-07T07:04:00+02:00,2026-09-07T07:06:36+02:00,2026-09-07T07:06:36+02:00,156.0,1,Lillestrøm,VYG:Line:L1,Spikkestad-Oslo S-Lillestrøm,L1,rail,VYG:ServiceJourney:2110_443515-R,True,actual,False,,,,,2026-09-07T08:42:24.659182+02:00
NSR:StopPlace:62311,Vigrestad stasjon,2026-09-07T05:34:00+02:00,2026-09-07T05:36:36+02:00,2026-09-07T05:36:36+02:00,156.0,1,Stavanger,GOA:Line:59,Jærbanen,L5,rail,GOA:ServiceJourney:3003_63034-R,True,actual,False,,,,,2026-09-07T08:42:24.659182+02:00
NSR:StopPlace:62393,Billingstad stasjon,2026-09-07T06:06:00+02:00,2026-09-07T06:08:36+02:00,2026-09-07T06:08:36+02:00,156.0,1,Spikkestad,VYG:Line:L1,Spikkestad-Oslo S-Lillestrøm,L1,rail,VYG:ServiceJourney:2203_764731-R,True,actual,False,Færre vogner,Denne avgangen kjører dessverre med 4 vogner i stedet for 8 vogner. Dette skyldes at vi mangler et togsett.,general,normal,2026-09-07T08:42:24.659182+02:00
NSR:StopPlace:61315,Nerdrum stasjon,2026-09-07T21:20:00+02:00,2026-09-07T21:22:35+02:00,2026-09-07T21:22:35+02:00,155.0,1,Kongsvinger,VYG:Line:R14,Asker-Oslo S-Kongsvinger,R14,rail,VYG:ServiceJourney:1033_442944-R,True,actual,False,,,,,2026-09-08T00:20:52.129880+02:00
NSR:StopPlace:60271,Varhaug stasjon,2026-09-07T23:48:00+02:00,2026-09-07T23:50:35+02:00,2026-09-07T23:50:35+02:00,155.0,1,Stavanger,GOA:Line:59,Jærbanen,L5,rail,GOA:ServiceJourney:3077_63141-R,True,actual,False,,,,,2026-09-08T00:20:52.129880+02:00
NSR:StopPlace:59641,Fjellhamar stasjon,2026-09-07T19:41:00+02:00,2026-09-07T19:43:35+02:00,2026-09-07T19:43:35+02:00,155.0,1,Ahus,RUT:Line:315,Vallerudtoppen - Ahus,315,bus,RUT:ServiceJourney:5d27199230e876fd9b809fca619bfbe4,True,actual,False,,,,,2026-09-07T20:27:16.249662+02:00
NSR:StopPlace:58795,Kambo stasjon,2026-09-07T18:25:00+02:00,2026-09-07T18:27:35+02:00,2026-09-07T18:27:35+02:00,155.0,1,Moss,VYG:Line:R21,Stabekk-Oslo S-Moss,R21,rail,VYG:ServiceJourney:1151-HVK_443034-R,True,actual,False,,,,,2026-09-07T20:27:16.249662+02:00
NSR:StopPlace:58838,Røyken stasjon,2026-09-07T18:37:00+02:00,2026-09-07T18:39:35+02:00,2026-09-07T18:39:35+02:00,155.0,1,Drammen,RUT:Line:261,Drammen - Lahell - Røyken - Sætre,261,bus,RUT:ServiceJourney:4912ec170bc42b76752da1f922286b58,True,actual,False,Fra 17/8 går linje 61-63-71-73-251-261 og skolebusser fra holdeplass ved Skutebrygga ut av byen.Les mer på brakar.no/trafikkmeldinger.,,general,normal,2026-09-07T20:27:16.249662+02:00
NSR:StopPlace:58839,Steinberg stasjon,2026-09-07T19:24:00+02:00,2026-09-07T19:26:35+02:00,2026-09-07T19:26:35+02:00,155.0,1,Hokksund,BRA:Line:4_6101,Drammen-Vikersund/Hønefoss,101,bus,BRA:ServiceJourney:6101_260415100161220_1049,True,actual,False,,,,,2026-09-07T20:27:16.249662+02:00
NSR:StopPlace:58840,Vestfossen stasjon,2026-09-07T18:53:00+02:00,2026-09-07T18:55:35+02:00,2026-09-07T18:55:35+02:00,155.0,1,Eidsvoll,VYG:Line:R12,Kongsberg-Oslo S-Eidsvoll,R12,rail,VYG:ServiceJourney:530_444338-R,True,actual,False,,,,,2026-09-07T20:27:16.249662+02:00
NSR:StopPlace:58862,Strømmen stasjon,2026-09-07T18:58:00+02:00,2026-09-07T19:00:35+02:00,2026-09-07T19:00:35+02:00,155.0,1,Lørenskog sentrum,RUT:Line:385,Nittedal stasjon - Olavsgaard - Ahus,385,bus,RUT:ServiceJourney:21a25ea34ec41d33160847163933c756,True,actual,False,,,,,2026-09-07T20:27:16.249662+02:00
NSR:StopPlace:62094,Lindeberg stasjon,2026-09-07T20:07:00+02:00,2026-09-07T20:09:35+02:00,2026-09-07T20:09:35+02:00,155.0,1,Dal,VYG:Line:R13,Drammen-Oslo S-Dal,R13,rail,VYG:ServiceJourney:1659_443341-R,True,actual,False,,,,,2026-09-07T20:27:16.249662+02:00
NSR:StopPlace:62310,Brusand stasjon,2026-09-07T17:48:00+02:00,2026-09-07T17:50:35+02:00,2026-09-07T17:50:35+02:00,155.0,1,Egersund,GOA:Line:59,Jærbanen,L5,rail,GOA:ServiceJourney:3052_63100-R,True,actual,False,,,,,2026-09-07T20:27:16.249662+02:00
NSR:StopPlace:59952,Drammen stasjon,2026-09-07T14:47:00+02:00,2026-09-07T14:49:35+02:00,2026-09-07T14:49:35+02:00,155.0,1,Eidsvoll,VYG:Line:RE11,Eidsvoll-Oslo S-Skien,RE11,rail,VYG:ServiceJourney:820_444400-R,True,actual,False,,,,,2026-09-07T15:44:36.205822+02:00
NSR:StopPlace:58860,Oppegård stasjon,2026-09-07T14:31:00+02:00,2026-09-07T14:33:35+02:00,2026-09-07T14:33:35+02:00,155.0,1,Kolbotn torg,RUT:Line:580,Kolbotn - Ski,580,bus,RUT:ServiceJourney:a9bcb02800fba0490e795f971e77fc94,True,actual,False,,,,,2026-09-07T15:44:36.205822+02:00
NSR:StopPlace:61897,Bryn stasjon,2026-09-07T06:35:00+02:00,2026-09-07T06:37:35+02:00,2026-09-07T06:37:35+02:00,155.0,1,Spikkestad,VYG:Line:L1,Spikkestad-Oslo S-Lillestrøm,L1,rail,VYG:ServiceJourney:2207_443595-R,True,actual,False,Færre vogner,Denne avgangen kjører dessverre med 4 vogner i stedet for 8 vogner. Dette skyldes at vi mangler et togsett.,general,normal,2026-09-07T08:42:24.659182+02:00
NSR:StopPlace:61735,Hell stasjon,2026-09-07T05:42:00+02:00,2026-09-07T05:44:35+02:00,2026-09-07T05:44:35+02:00,155.0,1,Steinkjer,SJN:Line:26,Trønderbanen,R70,rail,SJN:ServiceJourney:421_56050-R,True,actual,False,,,,,2026-09-07T08:42:24.659182+02:00
NSR:StopPlace:59650,Nyland stasjon,2026-09-07T07:20:00+02:00,2026-09-07T07:22:35+02:00,2026-09-07T07:22:35+02:00,155.0,1,Økern,RUT:Line:345,Vestvollen - Økern,345,bus,RUT:ServiceJourney:8e227b8525f170b73adfe23baf431cfd,True,actual,False,,,,,2026-09-07T08:42:24.659182+02:00
NSR:StopPlace:59638,Myrvoll stasjon,2026-09-07T06:36:00+02:00,2026-09-07T06:38:35+02:00,2026-09-07T06:38:35+02:00,155.0,1,Lysaker,VYG:Line:L2,Stabekk-Oslo S-Ski,L2,rail,VYG:ServiceJourney:2810-SKI_444022-R,True,actual,False,Færre vogner,Denne avgangen kjører dessverre med 3 vogner i stedet for 6 vogner. Dette skyldes at vi mangler et togsett.,general,normal,2026-09-07T08:42:24.659182+02:00
NSR:StopPlace:58932,Hommelvik stasjon,2026-09-07T07:02:00+02:00,2026-09-07T07:04:35+02:00,2026-09-07T07:04:35+02:00,155.0,1,A Marienborg via Innherredsveien,ATB:Line:2_70,Stjørdal/Hommelvik- Trondheim,70,bus,ATB:ServiceJourney:70_251215112546909_12,True,actual,False,,,,,2026-09-07T08:42:24.659182+02:00
NSR:StopPlace:58948,Stjørdal stasjon,2026-09-07T06:45:00+02:00,2026-09-07T06:47:35+02:00,2026-09-07T06:47:35+02:00,155.0,1,A Marienborg via Innherredsveien,ATB:Line:2_70,Stjørdal/Hommelvik- Trondheim,70,bus,ATB:ServiceJourney:70_251215112546909_12,True,actual,False,,,,,2026-09-07T08:42:24.659182+02:00
NSR:StopPlace:58835,Lier stasjon,2026-09-07T08:06:00+02:00,2026-09-07T08:08:35+02:00,2026-09-07T08:08:35+02:00,155.0,1,St. Hallvard vgs,BRA:Line:4_6079,Lierskogen - Lahell - Stoppen,79,bus,BRA:ServiceJourney:6079_260415100160868_1000,True,actual,False,,,,,2026-09-07T08:42:24.659182+02:00
NSR:StopPlace:58860,Oppegård stasjon,2026-09-07T06:01:00+02:00,2026-09-07T06:03:35+02:00,2026-09-07T06:03:35+02:00,155.0,1,Kolbotn torg,RUT:Line:580,Kolbotn - Ski,580,bus,RUT:ServiceJourney:5bb2a471bcb546cc523d5ce90657e036,True,actual,False,,,,,2026-09-07T08:42:24.659182+02:00
NSR:StopPlace:58886,Arendal stasjon,2026-09-07T06:44:00+02:00,2026-09-07T06:46:35+02:00,2026-09-07T06:46:35+02:00,155.0,1,Hisøy via Arendal sentrum,AKT:Line:103,Tromøy Vest-Arendal-Hisøy,103,bus,AKT:ServiceJourney:83466_11_54_46320_48960_40001671,True,actual,False,,,,,2026-09-07T08:42:24.659182+02:00
NSR:StopPlace:58808,Kongsvinger stasjon,2026-09-07T08:28:00+02:00,2026-09-07T08:30:35+02:00,2026-09-07T08:30:35+02:00,155.0,1,Kirketorget,INN:Line:740,Kongsvinger - Svullrya,740,bus,INN:ServiceJourney:54851,True,actual,False,,,,,2026-09-07T08:42:24.659182+02:00
NSR:StopPlace:59651,Skøyen stasjon,2026-09-07T02:06:00+02:00,2026-09-07T02:08:35+02:00,2026-09-07T02:08:35+02:00,155.0,1,Fornebu,RUT:Line:31,Snarøya - Fornebu - Tonsenhagen - Grorud,31,bus,RUT:ServiceJourney:c4014a2a311e906779eb465205273791,True,actual,False,,,,,2026-09-07T03:30:22.110925+02:00
NSR:StopPlace:58830,Brakerøya stasjon,2026-09-08T01:57:30+02:00,2026-09-08T02:00:04+02:00,2026-09-08T02:00:04+02:00,154.0,1,Drammen,VYG:Line:L1,Spikkestad-Oslo S-Lillestrøm,L1,rail,VYG:ServiceJourney:2281_443719-R,True,actual,False,,,,,2026-09-08T03:39:50.209703+02:00
NSR:StopPlace:61169,Marienborg stasjon,2026-09-07T22:56:00+02:00,2026-09-07T22:58:34+02:00,2026-09-07T22:58:34+02:00,154.0,1,Østmarka via Lerkendal-Strindh.,ATB:Line:2_13,Østmarka - Strindheim - Lerkendal - Havstad,13,bus,ATB:ServiceJourney:13_251215112552827_153,True,actual,False,,,,,2026-09-08T00:20:52.129880+02:00
NSR:StopPlace:59957,Klepp stasjon,2026-09-07T23:24:00+02:00,2026-09-07T23:26:34+02:00,2026-09-07T23:26:34+02:00,154.0,1,Egersund,GOA:Line:59,Jærbanen,L5,rail,GOA:ServiceJourney:3076_63139-R,True,actual,False,,,,,2026-09-08T00:20:52.129880+02:00
NSR:StopPlace:62308,Alna stasjon,2026-09-07T23:02:00+02:00,2026-09-07T23:04:34+02:00,2026-09-07T23:04:34+02:00,154.0,1,Spikkestad,VYG:Line:L1,Spikkestad-Oslo S-Lillestrøm,L1,rail,VYG:ServiceJourney:2273_443707-R,True,actual,False,,,,,2026-09-08T00:20:52.129880+02:00
NSR:StopPlace:62341,Tangen stasjon,2026-09-07T23:25:00+02:00,2026-09-07T23:27:34+02:00,2026-09-07T23:27:34+02:00,154.0,1,Lillehammer,VYG:Line:RE10,Drammen-Oslo S-Lillehammer,RE10,rail,VYG:ServiceJourney:337-SUD_486424-R,True,actual,False,,,,,2026-09-08T00:20:52.129880+02:00
NSR:StopPlace:61251,Øksnavadporten stasjon,2026-09-07T17:19:00+02:00,2026-09-07T17:21:34+02:00,2026-09-07T17:21:34+02:00,154.0,1,Egersund,GOA:Line:59,Jærbanen,L5,rail,GOA:ServiceJourney:3052_63100-R,True,actual,False,,,,,2026-09-07T20:27:16.249662+02:00
NSR:StopPlace:59646,Høvik stasjon,2026-09-07T19:56:00+02:00,2026-09-07T19:58:34+02:00,2026-09-07T19:58:34+02:00,154.0,1,Spikkestad,VYG:Line:L1,Spikkestad-Oslo S-Lillestrøm,L1,rail,VYG:ServiceJourney:2259_443684-R,True,actual,False,,,,,2026-09-07T20:27:16.249662+02:00
NSR:StopPlace:59957,Klepp stasjon,2026-09-07T20:22:00+02:00,2026-09-07T20:24:34+02:00,2026-09-07T20:24:34+02:00,154.0,1,Egersund,GOA:Line:59,Jærbanen,L5,rail,GOA:ServiceJourney:3064_63121-R,True,actual,False,,,,,2026-09-07T20:27:16.249662+02:00
NSR:StopPlace:59639,Sonsveien stasjon,2026-09-07T17:04:00+02:00,2026-09-07T17:06:34+02:00,2026-09-07T17:06:34+02:00,154.0,1,Stabekk,VYG:Line:R21,Stabekk-Oslo S-Moss,R21,rail,VYG:ServiceJourney:1152-MOS_443035-R,True,actual,False,,,,,2026-09-07T20:27:16.249662+02:00
NSR:StopPlace:58919,Sira stasjon,2026-09-07T19:21:00+02:00,2026-09-07T19:23:34+02:00,2026-09-07T19:23:34+02:00,154.0,1,Flekkefjord,AKT:Line:260,Flekkefjord - Sira - Moi,260,bus,AKT:ServiceJourney:57223_171_24_138600_140460_3935551,True,actual,False,,,,,2026-09-07T20:27:16.249662+02:00
NSR:StopPlace:58859,Nordby stasjon,2026-09-07T18:33:00+02:00,2026-09-07T18:35:34+02:00,2026-09-07T18:35:34+02:00,154.0,1,Drammen,VYG:Line:R13,Drammen-Oslo S-Dal,R13,rail,VYG:ServiceJourney:1656_443335-R,True,actual,False,,,,,2026-09-07T20:27:16.249662+02:00
NSR:StopPlace:261,Ganddal stasjon,2026-09-07T17:15:00+02:00,2026-09-07T17:17:34+02:00,2026-09-07T17:17:34+02:00,154.0,1,Egersund,GOA:Line:59,Jærbanen,L5,rail,GOA:ServiceJourney:3052_63100-R,True,actual,False,,,,,2026-09-07T20:27:16.249662+02:00
NSR:StopPlace:62339,Lillestrøm stasjon,2026-09-07T16:36:00+02:00,2026-09-07T16:38:34+02:00,2026-09-07T16:38:34+02:00,154.0,1,Kongsberg,VYG:Line:R13,Drammen-Oslo S-Dal,R13,rail,VYG:ServiceJourney:1646_443312-R,True,actual,False,Heis i spor 1 og 2 er ute av bruk på grunn av vedlikehold.,Heis i spor 1 og 2 er ute av bruk på grunn av vedlikehold.,general,normal,2026-09-07T20:27:16.249662+02:00
NSR:StopPlace:62339,Lillestrøm stasjon,2026-09-07T17:55:00+02:00,2026-09-07T17:57:34+02:00,2026-09-07T17:57:34+02:00,154.0,1,Asker,VYG:Line:L1,Spikkestad-Oslo S-Lillestrøm,L1,rail,VYG:ServiceJourney:2153_443562-R,True,actual,False,Heis i spor 1 og 2 er ute av bruk på grunn av vedlikehold.,Heis i spor 1 og 2 er ute av bruk på grunn av vedlikehold.,general,normal,2026-09-07T20:27:16.249662+02:00
NSR:StopPlace:59641,Fjellhamar stasjon,2026-09-07T15:03:00+02:00,2026-09-07T15:05:34+02:00,2026-09-07T15:05:34+02:00,154.0,1,Lillestrøm,VYG:Line:L1,Spikkestad-Oslo S-Lillestrøm,L1,rail,VYG:ServiceJourney:2240_445337-R,True,actual,False,,,,,2026-09-07T15:44:36.205822+02:00
NSR:StopPlace:59641,Fjellhamar stasjon,2026-09-07T15:25:00+02:00,2026-09-07T15:27:34+02:00,2026-09-07T15:27:34+02:00,154.0,1,Vallerudtoppen,RUT:Line:315,Vallerudtoppen - Ahus,315,bus,RUT:ServiceJourney:b2eb1b8dc09909e90f2bf049815cfa12,True,actual,False,,,,,2026-09-07T15:44:36.205822+02:00
NSR:StopPlace:58861,Solbråtan stasjon,2026-09-07T14:30:00+02:00,2026-09-07T14:32:34+02:00,2026-09-07T14:32:34+02:00,154.0,1,Bjørvika,RUT:Line:83,Jernbanetorget - Tårnåsen,83,bus,RUT:ServiceJourney:fa687291a389d2e5a2b1652fd7c7fc85,True,actual,False,Linje 80E og 83 får Hausmanns bru som ny endeholdeplass fra 29. juni,"Bussene stopper ikke på Jernbanetorget etter 29. juni, men starter og stopper på Hausmanns bru i Nylandsveien.",incident,normal,2026-09-07T15:44:36.205822+02:00
NSR:StopPlace:8,Paradis stasjon,2026-09-07T07:58:00+02:00,2026-09-07T08:00:34+02:00,2026-09-07T08:00:34+02:00,154.0,1,Stavanger,GOA:Line:59,Jærbanen,L5,rail,GOA:ServiceJourney:3011_63043-R,True,actual,False,,,,,2026-09-07T08:42:24.659182+02:00
NSR:StopPlace:61897,Bryn stasjon,2026-09-07T08:15:00+02:00,2026-09-07T08:17:34+02:00,2026-09-07T08:17:34+02:00,154.0,1,Lillestrøm,VYG:Line:L1,Spikkestad-Oslo S-Lillestrøm,L1,rail,VYG:ServiceJourney:2214_443607-R,True,actual,False,Færre vogner,Denne avgangen kjører dessverre med 4 vogner i stedet for 8 vogner. Dette skyldes at vi mangler et togsett.,general,normal,2026-09-07T08:42:24.659182+02:00
NSR:StopPlace:59649,Nydalen stasjon,2026-09-07T08:04:00+02:00,2026-09-07T08:06:34+02:00,2026-09-07T08:06:34+02:00,154.0,1,Oslo lufthavn,NBU:Line:cb7b555c-f96e-42d5-84bf-a5e08c0145c2,Radiumhospitalet via Økern-Storo-Tåsen,FB3,bus,NBU:ServiceJourney:0d0945fc-eff1-4243-8b13-f68e7599a52c,True,actual,False,,,,,2026-09-07T08:42:24.659182+02:00
NSR:StopPlace:60640,Heimdal stasjon,2026-09-07T06:58:00+02:00,2026-09-07T07:00:34+02:00,2026-09-07T07:00:34+02:00,154.0,1,Torgård via Tillerringen,ATB:Line:2_16,Flatåsen- Heimdal- Torgård,16,bus,ATB:ServiceJourney:16_251215112550545_6,True,actual,False,,,,,2026-09-07T08:42:24.659182+02:00
NSR:StopPlace:58853,Kolbotn stasjon,2026-09-07T06:50:00+02:00,2026-09-07T06:52:34+02:00,2026-09-07T06:52:34+02:00,154.0,1,Kolbotn,RUT:Line:87,Hauketo stasjon - Kolbotn,87,bus,RUT:ServiceJourney:9124c242251017829fecdd140774a0aa,True,actual,False,,,,,2026-09-07T08:42:24.659182+02:00
NSR:StopPlace:58857,Lørenskog stasjon,2026-09-07T06:44:00+02:00,2026-09-07T06:46:34+02:00,2026-09-07T06:46:34+02:00,154.0,1,Lillestrøm,VYG:Line:L1,Spikkestad-Oslo S-Lillestrøm,L1,rail,VYG:ServiceJourney:2106_443510-R,True,actual,False,,,,,2026-09-07T08:42:24.659182+02:00
NSR:StopPlace:58868,Årnes stasjon,2026-09-07T07:51:00+02:00,2026-09-07T07:53:34+02:00,2026-09-07T07:53:34+02:00,154.0,1,Kongsvinger,VYG:Line:R14,Asker-Oslo S-Kongsvinger,R14,rail,VYG:ServiceJourney:1005_442910-R,True,actual,False,,,,,2026-09-07T08:42:24.659182+02:00
NSR:StopPlace:58825,Raufoss stasjon,2026-09-07T07:15:00+02:00,2026-09-07T07:17:34+02:00,2026-09-07T07:17:34+02:00,154.0,1,Åsmarka-Raufoss vgs,INN:Line:436,Eina-Børsvoll-Raufoss,436,bus,INN:ServiceJourney:66222,True,actual,False,,,,,2026-09-07T08:42:24.659182+02:00
NSR:StopPlace:416,Vikhammer stasjon,2026-09-07T06:10:00+02:00,2026-09-07T06:12:34+02:00,2026-09-07T06:12:34+02:00,154.0,1,Støren,SJN:Line:26,Trønderbanen,R70,rail,SJN:ServiceJourney:420_56049-R,True,actual,False,,,,,2026-09-07T08:42:24.659182+02:00
NSR:StopPlace:416,Vikhammer stasjon,2026-09-07T08:21:00+02:00,2026-09-07T08:23:34+02:00,2026-09-07T08:23:34+02:00,154.0,1,Ler,SJN:Line:26,Trønderbanen,R70,rail,SJN:ServiceJourney:424_56053-R,True,actual,False,,,,,2026-09-07T08:42:24.659182+02:00
NSR:StopPlace:702,Sandnes sentrum stasjon,2026-09-07T07:44:00+02:00,2026-09-07T07:46:34+02:00,2026-09-07T07:46:34+02:00,154.0,1,Stavanger,GOA:Line:59,Jærbanen,L5,rail,GOA:ServiceJourney:3011_63043-R,True,actual,False,,,,,2026-09-07T08:42:24.659182+02:00
NSR:StopPlace:610,Sandvika stasjon,2026-09-07T06:01:00+02:00,2026-09-07T06:03:34+02:00,2026-09-07T06:03:34+02:00,154.0,1,Spikkestad,VYG:Line:L1,Spikkestad-Oslo S-Lillestrøm,L1,rail,VYG:ServiceJourney:2203_764731-R,True,actual,False,Færre vogner,Denne avgangen kjører dessverre med 4 vogner i stedet for 8 vogner. Dette skyldes at vi mangler et togsett.,general,normal,2026-09-07T08:42:24.659182+02:00
NSR:StopPlace:62341,Tangen stasjon,2026-09-07T22:34:00+02:00,2026-09-07T22:36:33+02:00,2026-09-07T22:36:33+02:00,153.0,1,Drammen,VYG:Line:RE10,Drammen-Oslo S-Lillehammer,RE10,rail,VYG:ServiceJourney:336-LHM_444259-R,True,actual,False,,,,,2026-09-08T00:20:52.129880+02:00
NSR:StopPlace:61169,Marienborg stasjon,2026-09-07T18:21:00+02:00,2026-09-07T18:23:33+02:00,2026-09-07T18:23:33+02:00,153.0,1,Havstad,ATB:Line:2_13,Østmarka - Strindheim - Lerkendal - Havstad,13,bus,ATB:ServiceJourney:13_251215112552525_120,True,actual,False,,,,,2026-09-07T20:27:16.249662+02:00
NSR:StopPlace:59872,Oslo S,2026-09-07T16:49:00+02:00,2026-09-07T16:51:33+02:00,2026-09-07T16:51:33+02:00,153.0,1,Kongsberg,VYG:Line:R13,Drammen-Oslo S-Dal,R13,rail,VYG:ServiceJourney:1646_443312-R,True,actual,False,,,,,2026-09-07T20:27:16.249662+02:00
NSR:StopPlace:59646,Høvik stasjon,2026-09-07T17:40:00+02:00,2026-09-07T17:42:33+02:00,2026-09-07T17:42:33+02:00,153.0,1,Asker,RUT:Line:270,Asker - Sandvika (- Fornebu),270,bus,RUT:ServiceJourney:eb13aa5ad9fc187de712ebae444a9bdb,True,actual,False,,,,,2026-09-07T20:27:16.249662+02:00
NSR:StopPlace:59652,Tøyen stasjon,2026-09-07T17:39:00+02:00,2026-09-07T17:41:33+02:00,2026-09-07T17:41:33+02:00,153.0,1,Tonsenhagen,RUT:Line:60,Vippetangen-Tonsenhagen,60,bus,RUT:ServiceJourney:d535efc463ec474dad330570a613c200,True,actual,False,,,,,2026-09-07T20:27:16.249662+02:00
NSR:StopPlace:58930,Larvik stasjon,2026-09-07T18:17:00+02:00,2026-09-07T18:19:33+02:00,2026-09-07T18:19:33+02:00,153.0,1,Larvik-Sandefjord,VKT:Line:3,Busk-Sandefjord-Larvik-Veldre,3,bus,VKT:ServiceJourney:17563,True,actual,False,,,,,2026-09-07T20:27:16.249662+02:00
NSR:StopPlace:58835,Lier stasjon,2026-09-07T18:17:00+02:00,2026-09-07T18:19:33+02:00,2026-09-07T18:19:33+02:00,153.0,1,Drammen,VYG:Line:R13,Drammen-Oslo S-Dal,R13,rail,VYG:ServiceJourney:1650_443321-R,True,actual,False,,,,,2026-09-07T20:27:16.249662+02:00
NSR:StopPlace:58865,Vestby stasjon,2026-09-07T18:15:00+02:00,2026-09-07T18:17:33+02:00,2026-09-07T18:17:33+02:00,153.0,1,Moss,VYG:Line:R21,Stabekk-Oslo S-Moss,R21,rail,VYG:ServiceJourney:1151-HVK_443034-R,True,actual,False,,,,,2026-09-07T20:27:16.249662+02:00
NSR:StopPlace:358,Ustaoset stasjon,2026-09-07T19:59:00+02:00,2026-09-07T20:01:33+02:00,2026-09-07T20:01:33+02:00,153.0,1,Oslo S,VYG:Line:F4,Oslo S-Bergen,F4,rail,VYG:ServiceJourney:66-BRG_513626-R,True,actual,False,,,,,2026-09-07T20:27:16.249662+02:00
NSR:StopPlace:58823,Jaren stasjon,2026-09-07T15:20:00+02:00,2026-09-07T15:22:33+02:00,2026-09-07T15:22:33+02:00,153.0,1,Roa,VYG:Line:RE30,Oslo S-Gjøvik,RE30,rail,VYG:ServiceJourney:1222-GJOe_589165-R,True,actual,False,,,,,2026-09-07T15:44:36.205822+02:00
NSR:StopPlace:58825,Raufoss stasjon,2026-09-07T15:15:00+02:00,2026-09-07T15:17:33+02:00,2026-09-07T15:17:33+02:00,153.0,1,Gjøvik-Lena,INN:Line:46,Lena-Raufoss-Gjøvik-Kapp-Lena,B46,bus,INN:ServiceJourney:76838,True,actual,False,,,,,2026-09-07T15:44:36.205822+02:00
NSR:StopPlace:61466,Vakås stasjon,2026-09-07T06:52:00+02:00,2026-09-07T06:54:33+02:00,2026-09-07T06:54:33+02:00,153.0,1,Lillestrøm,VYG:Line:L1,Spikkestad-Oslo S-Lillestrøm,L1,rail,VYG:ServiceJourney:2110_443515-R,True,actual,False,,,,,2026-09-07T08:42:24.659182+02:00
NSR:StopPlace:61464,Hvalstad stasjon,2026-09-07T06:09:00+02:00,2026-09-07T06:11:33+02:00,2026-09-07T06:11:33+02:00,153.0,1,Spikkestad,VYG:Line:L1,Spikkestad-Oslo S-Lillestrøm,L1,rail,VYG:ServiceJourney:2203_764731-R,True,actual,False,Færre vogner,Denne avgangen kjører dessverre med 4 vogner i stedet for 8 vogner. Dette skyldes at vi mangler et togsett.,general,normal,2026-09-07T08:42:24.659182+02:00
NSR:StopPlace:59650,Nyland stasjon,2026-09-07T07:05:00+02:00,2026-09-07T07:07:33+02:00,2026-09-07T07:07:33+02:00,153.0,1,Vestvollen,RUT:Line:345,Vestvollen - Økern,345,bus,RUT:ServiceJourney:b8c3e4a2292f8293786a085bc3d31578,True,actual,False,,,,,2026-09-07T08:42:24.659182+02:00
NSR:StopPlace:59620,Grorud stasjon,2026-09-07T06:27:00+02:00,2026-09-07T06:29:33+02:00,2026-09-07T06:29:33+02:00,153.0,1,Spikkestad,VYG:Line:L1,Spikkestad-Oslo S-Lillestrøm,L1,rail,VYG:ServiceJourney:2207_443595-R,True,actual,False,Færre vogner,Denne avgangen kjører dessverre med 4 vogner i stedet for 8 vogner. Dette skyldes at vi mangler et togsett.,general,normal,2026-09-07T08:42:24.659182+02:00
NSR:StopPlace:58932,Hommelvik stasjon,2026-09-07T07:15:00+02:00,2026-09-07T07:17:33+02:00,2026-09-07T07:17:33+02:00,153.0,1,Marienborg via Hommelvik-E6,ATB:Line:2_70,Stjørdal/Hommelvik- Trondheim,70,bus,ATB:ServiceJourney:70_251215112546918_16,True,actual,False,Endret tilbud ved Vikelvvegen,Sydgående avkjøringsrampe fra E6 ved Reppe er stengt frem til 21. september. Vikelvvegen og Ranheim fabrikker til sentrum blir ikke betjent av linje 311 i perioden. Linje 70 avgang 06:58 via E6 blir også berørt.,general,normal,2026-09-07T08:42:24.659182+02:00
NSR:StopPlace:58935,Levanger stasjon,2026-09-07T08:12:00+02:00,2026-09-07T08:14:33+02:00,2026-09-07T08:14:33+02:00,153.0,1,Lundamo,SJN:Line:26,Trønderbanen,R70,rail,SJN:ServiceJourney:426_56055-R,True,actual,False,,,,,2026-09-07T08:42:24.659182+02:00
NSR:StopPlace:58844,Eidsvoll stasjon,2026-09-07T07:53:00+02:00,2026-09-07T07:55:33+02:00,2026-09-07T07:55:33+02:00,153.0,1,Drammen,VYG:Line:RE10,Drammen-Oslo S-Lillehammer,RE10,rail,VYG:ServiceJourney:306-HHS_487830-R,True,actual,False,,,,,2026-09-07T08:42:24.659182+02:00
NSR:StopPlace:58865,Vestby stasjon,2026-09-07T08:05:00+02:00,2026-09-07T08:07:33+02:00,2026-09-07T08:07:33+02:00,153.0,1,Vestby arena,RUT:Line:530,Pepperstad - Vestby stasjon,530,bus,RUT:ServiceJourney:75df5fef4ef869bc3d0130b0c9ce89c0,True,actual,False,,,,,2026-09-07T08:42:24.659182+02:00
NSR:StopPlace:58869,Ås stasjon,2026-09-07T05:45:00+02:00,2026-09-07T05:47:33+02:00,2026-09-07T05:47:33+02:00,153.0,1,Stabekk,VYG:Line:R21,Stabekk-Oslo S-Moss,R21,rail,VYG:ServiceJourney:1106-MOS_442977-R,True,actual,False,,,,,2026-09-07T08:42:24.659182+02:00
NSR:StopPlace:58879,Lunde stasjon,2026-09-07T04:58:00+02:00,2026-09-07T05:00:33+02:00,2026-09-07T05:00:33+02:00,153.0,1,Oslo S,GOA:Line:50,Sørtoget region,F5,rail,GOA:ServiceJourney:726-KVB_63257-R,True,actual,False,,,,,2026-09-07T08:42:24.659182+02:00
NSR:StopPlace:60049,Hønefoss stasjon,2026-09-08T00:41:00+02:00,2026-09-08T00:43:32+02:00,2026-09-08T00:43:32+02:00,152.0,1,Bergen,VYG:Line:F4,Oslo S-Bergen,F4,rail,VYG:ServiceJourney:605-LOD_444356-R,True,actual,False,,,,,2026-09-08T03:39:50.209703+02:00
NSR:StopPlace:58963,Jessheim stasjon,2026-09-08T01:18:00+02:00,2026-09-08T01:20:32+02:00,2026-09-08T01:20:32+02:00,152.0,1,Eidsvoll,VYG:Line:R13,Drammen-Oslo S-Dal,R13,rail,VYG:ServiceJourney:1679_443385-R,True,actual,False,,,,,2026-09-08T03:39:50.209703+02:00
NSR:StopPlace:61387,Skogn stasjon,2026-09-07T22:35:00+02:00,2026-09-07T22:37:32+02:00,2026-09-07T22:37:32+02:00,152.0,1,Steinkjer,SJN:Line:26,Trønderbanen,R70,rail,SJN:ServiceJourney:453_56082-R,True,actual,False,,,,,2026-09-08T00:20:52.129880+02:00
NSR:StopPlace:60078,Kongsvoll stasjon,2026-09-07T20:42:00+02:00,2026-09-07T20:44:32+02:00,2026-09-07T20:44:32+02:00,152.0,1,Trondheim S,SJN:Line:21,Dovrebanen,F6,rail,SJN:ServiceJourney:49-LOD_54215-R,True,actual,False,,,,,2026-09-08T00:20:52.129880+02:00
NSR:StopPlace:58847,Frogner stasjon,2026-09-07T22:13:00+02:00,2026-09-07T22:15:32+02:00,2026-09-07T22:15:32+02:00,152.0,1,Skedsmokorset,RUT:Line:365,Sørumsand - Frogner - Skedsmokorset,365,bus,RUT:ServiceJourney:436f04de94558f789a1bcb84727c3803,True,actual,False,,,,,2026-09-08T00:20:52.129880+02:00
NSR:StopPlace:58820,Harestua stasjon,2026-09-07T22:57:00+02:00,2026-09-07T22:59:32+02:00,2026-09-07T22:59:32+02:00,152.0,1,Oslo S,VYG:Line:R31,Skøyen-Jaren-Gjøvik,R31,rail,VYG:ServiceJourney:BUS-236_655482-R,True,actual,False,,,,,2026-09-08T00:20:52.129880+02:00
NSR:StopPlace:62308,Alna stasjon,2026-09-07T22:02:00+02:00,2026-09-07T22:04:32+02:00,2026-09-07T22:04:32+02:00,152.0,1,Spikkestad,VYG:Line:L1,Spikkestad-Oslo S-Lillestrøm,L1,rail,VYG:ServiceJourney:2269_443700-R,True,actual,False,,,,,2026-09-08T00:20:52.129880+02:00
NSR:StopPlace:61251,Øksnavadporten stasjon,2026-09-07T20:19:00+02:00,2026-09-07T20:21:32+02:00,2026-09-07T20:21:32+02:00,152.0,1,Egersund,GOA:Line:59,Jærbanen,L5,rail,GOA:ServiceJourney:3064_63121-R,True,actual,False,,,,,2026-09-07T20:27:16.249662+02:00
NSR:StopPlace:59649,Nydalen stasjon,2026-09-07T18:31:00+02:00,2026-09-07T18:33:32+02:00,2026-09-07T18:33:32+02:00,152.0,1,Simensbråten,RUT:Line:23,Lysaker - Simensbråten,23,bus,RUT:ServiceJourney:584e3bb36a02bbfce7bb0d3bf33fb429,True,actual,False,,,,,2026-09-07T20:27:16.249662+02:00
NSR:StopPlace:59641,Fjellhamar stasjon,2026-09-07T19:03:00+02:00,2026-09-07T19:05:32+02:00,2026-09-07T19:05:32+02:00,152.0,1,Lillestrøm,VYG:Line:L1,Spikkestad-Oslo S-Lillestrøm,L1,rail,VYG:ServiceJourney:2256_445354-R,True,actual,False,,,,,2026-09-07T20:27:16.249662+02:00
NSR:StopPlace:261,Ganddal stasjon,2026-09-07T20:15:00+02:00,2026-09-07T20:17:32+02:00,2026-09-07T20:17:32+02:00,152.0,1,Egersund,GOA:Line:59,Jærbanen,L5,rail,GOA:ServiceJourney:3064_63121-R,True,actual,False,,,,,2026-09-07T20:27:16.249662+02:00
NSR:StopPlace:59641,Fjellhamar stasjon,2026-09-07T14:33:00+02:00,2026-09-07T14:35:32+02:00,2026-09-07T14:35:32+02:00,152.0,1,Lillestrøm,VYG:Line:L1,Spikkestad-Oslo S-Lillestrøm,L1,rail,VYG:ServiceJourney:2238_443647-R,True,actual,False,Færre vogner,Denne avgangen kjører dessverre med 4 vogner i stedet for 8 vogner. Dette skyldes at vi mangler et togsett.,general,normal,2026-09-07T15:44:36.205822+02:00
NSR:StopPlace:58859,Nordby stasjon,2026-09-07T13:33:00+02:00,2026-09-07T13:35:32+02:00,2026-09-07T13:35:32+02:00,152.0,1,Drammen,VYG:Line:R13,Drammen-Oslo S-Dal,R13,rail,VYG:ServiceJourney:1636_443290-R,True,actual,False,,,,,2026-09-07T15:44:36.205822+02:00
NSR:StopPlace:584,Bulken stasjon,2026-09-07T15:37:00+02:00,2026-09-07T15:39:32+02:00,2026-09-07T15:39:32+02:00,152.0,1,Voss,VYG:Line:R40,Bergen-Voss-Myrdal-Ål,R40,rail,VYG:ServiceJourney:1820_443407-R,True,actual,False,,,,,2026-09-07T15:44:36.205822+02:00
NSR:StopPlace:58839,Steinberg stasjon,2026-09-07T07:24:00+02:00,2026-09-07T07:26:32+02:00,2026-09-07T07:26:32+02:00,152.0,1,Hokksund,BRA:Line:4_6101,Drammen-Vikersund/Hønefoss,101,bus,BRA:ServiceJourney:6101_260415100161208_1001,True,actual,False,,,,,2026-09-07T08:42:24.659182+02:00
NSR:StopPlace:58868,Årnes stasjon,2026-09-07T07:41:00+02:00,2026-09-07T07:43:32+02:00,2026-09-07T07:43:32+02:00,152.0,1,Årnes,RUT:Line:3657,Årnes - Brauter - Framtun,3657,bus,RUT:ServiceJourney:b15090259404b19191200fcee684cc82,True,actual,False,,,,,2026-09-07T08:42:24.659182+02:00
NSR:StopPlace:101,Sagdalen stasjon,2026-09-07T07:07:00+02:00,2026-09-07T07:09:32+02:00,2026-09-07T07:09:32+02:00,152.0,1,Lillestrøm,VYG:Line:L1,Spikkestad-Oslo S-Lillestrøm,L1,rail,VYG:ServiceJourney:2208_764738-R,True,actual,False,Færre vogner,Denne avgangen kjører dessverre med 4 vogner i stedet for 8 vogner. Dette skyldes at vi mangler et togsett.,general,normal,2026-09-07T08:42:24.659182+02:00
NSR:StopPlace:702,Sandnes sentrum stasjon,2026-09-07T06:51:00+02:00,2026-09-07T06:53:32+02:00,2026-09-07T06:53:32+02:00,152.0,1,Skeiane,GOA:Line:59,Jærbanen,L5,rail,GOA:ServiceJourney:3108_63153-R,True,actual,False,,,,,2026-09-07T08:42:24.659182+02:00
NSR:StopPlace:59649,Nydalen stasjon,2026-09-07T21:33:00+02:00,2026-09-07T21:35:31+02:00,2026-09-07T21:35:31+02:00,151.0,1,Oslo lufthavn,NBU:Line:cb7b555c-f96e-42d5-84bf-a5e08c0145c2,Radiumhospitalet via Økern-Storo-Tåsen,FB3,bus,NBU:ServiceJourney:7e6fdc7e-fa1b-483f-8b24-1ff3118ad6a6,True,actual,False,,,,,2026-09-08T00:20:52.129880+02:00
NSR:StopPlace:58839,Steinberg stasjon,2026-09-07T21:03:00+02:00,2026-09-07T21:05:31+02:00,2026-09-07T21:05:31+02:00,151.0,1,Eidsvoll,VYG:Line:R12,Kongsberg-Oslo S-Eidsvoll,R12,rail,VYG:ServiceJourney:534_444344-R,True,actual,False,,,,,2026-09-08T00:20:52.129880+02:00
NSR:StopPlace:58843,Blommenholm stasjon,2026-09-07T22:50:00+02:00,2026-09-07T22:52:31+02:00,2026-09-07T22:52:31+02:00,151.0,1,Lillestrøm,VYG:Line:L1,Spikkestad-Oslo S-Lillestrøm,L1,rail,VYG:ServiceJourney:2274_443709-R,True,actual,False,,,,,2026-09-08T00:20:52.129880+02:00
NSR:StopPlace:362,Jåttåvågen stasjon,2026-09-07T22:22:00+02:00,2026-09-07T22:24:31+02:00,2026-09-07T22:24:31+02:00,151.0,1,Stavanger,GOA:Line:59,Jærbanen,L5,rail,GOA:ServiceJourney:3069_63130-R,True,actual,False,,,,,2026-09-08T00:20:52.129880+02:00
NSR:StopPlace:62308,Alna stasjon,2026-09-07T23:47:00+02:00,2026-09-07T23:49:31+02:00,2026-09-07T23:49:31+02:00,151.0,1,Asker,VYG:Line:L1,Spikkestad-Oslo S-Lillestrøm,L1,rail,VYG:ServiceJourney:2175_443586-R,True,actual,False,,,,,2026-09-08T00:20:52.129880+02:00
NSR:StopPlace:61460,Flaten stasjon,2026-09-07T18:41:00+02:00,2026-09-07T18:43:31+02:00,2026-09-07T18:43:31+02:00,151.0,1,Nelaug,GOA:Line:53,Sørtoget lokal,R50,rail,GOA:ServiceJourney:2074_63027-R,True,actual,False,,,,,2026-09-07T20:27:16.249662+02:00
NSR:StopPlace:61465,Rise stasjon,2026-09-07T18:20:00+02:00,2026-09-07T18:22:31+02:00,2026-09-07T18:22:31+02:00,151.0,1,Nelaug,GOA:Line:53,Sørtoget lokal,R50,rail,GOA:ServiceJourney:2074_63027-R,True,actual,False,,,,,2026-09-07T20:27:16.249662+02:00
NSR:StopPlace:61315,Nerdrum stasjon,2026-09-07T17:20:00+02:00,2026-09-07T17:22:31+02:00,2026-09-07T17:22:31+02:00,151.0,1,Kongsvinger,VYG:Line:R14,Asker-Oslo S-Kongsvinger,R14,rail,VYG:ServiceJourney:1025_442935-R,True,actual,False,,,,,2026-09-07T20:27:16.249662+02:00
NSR:StopPlace:61897,Bryn stasjon,2026-09-07T20:20:00+02:00,2026-09-07T20:22:31+02:00,2026-09-07T20:22:31+02:00,151.0,1,Asker,VYG:Line:L1,Spikkestad-Oslo S-Lillestrøm,L1,rail,VYG:ServiceJourney:2161_443571-R,True,actual,False,,,,,2026-09-07T20:27:16.249662+02:00
NSR:StopPlace:59639,Sonsveien stasjon,2026-09-07T19:12:00+02:00,2026-09-07T19:14:31+02:00,2026-09-07T19:14:31+02:00,151.0,1,Vestby stasjon,RUT:Line:540,Moss - Son - Vestby stasjon,540,bus,RUT:ServiceJourney:b7cbe93f8468644791cb40971a8ca938,True,actual,False,,,,,2026-09-07T20:27:16.249662+02:00
NSR:StopPlace:58861,Solbråtan stasjon,2026-09-07T18:56:00+02:00,2026-09-07T18:58:31+02:00,2026-09-07T18:58:31+02:00,151.0,1,Tårnåsen,RUT:Line:83,Jernbanetorget - Tårnåsen,83,bus,RUT:ServiceJourney:a1262266fd5344b505bdc4af6eaa6f8f,True,actual,False,Linje 80E og 83 får Hausmanns bru som ny endeholdeplass fra 29. juni,"Bussene stopper ikke på Jernbanetorget etter 29. juni, men starter og stopper på Hausmanns bru i Nylandsveien.",incident,normal,2026-09-07T20:27:16.249662+02:00
NSR:StopPlace:58888,Blakstad stasjon,2026-09-07T18:25:00+02:00,2026-09-07T18:27:31+02:00,2026-09-07T18:27:31+02:00,151.0,1,Nelaug,GOA:Line:53,Sørtoget lokal,R50,rail,GOA:ServiceJourney:2074_63027-R,True,actual,False,,,,,2026-09-07T20:27:16.249662+02:00
NSR:StopPlace:62352,Stoa stasjon,2026-09-07T18:14:00+02:00,2026-09-07T18:16:31+02:00,2026-09-07T18:16:31+02:00,151.0,1,Nelaug,GOA:Line:53,Sørtoget lokal,R50,rail,GOA:ServiceJourney:2074_63027-R,True,actual,False,,,,,2026-09-07T20:27:16.249662+02:00
NSR:StopPlace:62351,Bråstad stasjon,2026-09-07T18:15:00+02:00,2026-09-07T18:17:31+02:00,2026-09-07T18:17:31+02:00,151.0,1,Nelaug,GOA:Line:53,Sørtoget lokal,R50,rail,GOA:ServiceJourney:2074_63027-R,True,actual,False,,,,,2026-09-07T20:27:16.249662+02:00
NSR:StopPlace:62355,Froland stasjon,2026-09-07T18:28:00+02:00,2026-09-07T18:30:31+02:00,2026-09-07T18:30:31+02:00,151.0,1,Nelaug,GOA:Line:53,Sørtoget lokal,R50,rail,GOA:ServiceJourney:2074_63027-R,True,actual,False,,,,,2026-09-07T20:27:16.249662+02:00
NSR:StopPlace:62354,Bøylestad stasjon,2026-09-07T18:34:00+02:00,2026-09-07T18:36:31+02:00,2026-09-07T18:36:31+02:00,151.0,1,Nelaug,GOA:Line:53,Sørtoget lokal,R50,rail,GOA:ServiceJourney:2074_63027-R,True,actual,False,,,,,2026-09-07T20:27:16.249662+02:00
NSR:StopPlace:60047,Melhus skysstasjon,2026-09-07T14:45:00+02:00,2026-09-07T14:47:31+02:00,2026-09-07T14:47:31+02:00,151.0,1,Varmbu,ATB:Line:2_5003,Melhus - Øyås - Varmbu - Melhus,5003,bus,ATB:ServiceJourney:5003_260106098640002_12,True,actual,False,,,,,2026-09-07T15:44:36.205822+02:00
NSR:StopPlace:58952,Bodø stasjon,2026-09-07T14:53:00+02:00,2026-09-07T14:55:31+02:00,2026-09-07T14:55:31+02:00,151.0,1,Bodø lufthavn,NOR:Line:12_8400,Kjerringøy - Festvåg - Skaug - Bodø,400,bus,NOR:ServiceJourney:8400_251012124900652_1009,True,actual,False,,,,,2026-09-07T15:44:36.205822+02:00
NSR:StopPlace:58862,Strømmen stasjon,2026-09-07T15:00:00+02:00,2026-09-07T15:02:31+02:00,2026-09-07T15:02:31+02:00,151.0,1,Asker,VYG:Line:L1,Spikkestad-Oslo S-Lillestrøm,L1,rail,VYG:ServiceJourney:2141_443549-R,True,actual,False,Færre vogner,Denne avgangen kjører dessverre med 4 vogner i stedet for 8 vogner. Dette skyldes at vi mangler et togsett.,general,normal,2026-09-07T15:44:36.205822+02:00
NSR:StopPlace:8,Paradis stasjon,2026-09-07T08:11:00+02:00,2026-09-07T08:13:31+02:00,2026-09-07T08:13:31+02:00,151.0,1,Skeiane,GOA:Line:59,Jærbanen,L5,rail,GOA:ServiceJourney:3114_63159-R,True,actual,False,,,,,2026-09-07T08:42:24.659182+02:00
NSR:StopPlace:59648,Kjelsås stasjon,2026-09-07T07:19:00+02:00,2026-09-07T07:21:31+02:00,2026-09-07T07:21:31+02:00,151.0,1,Kværnerbyen,RUT:Line:54,Kværnerbyen - Kjelsås stasjon,54,bus,RUT:ServiceJourney:e1366de53db6d1143940557046692fee,True,actual,False,,,,,2026-09-07T08:42:24.659182+02:00
NSR:StopPlace:59174,Løkken stasjon,2026-09-07T07:28:00+02:00,2026-09-07T07:30:31+02:00,2026-09-07T07:30:31+02:00,151.0,1,Meldal vgs,ATB:Line:2_460,Orkanger - Meldal - Berkåk,460,bus,ATB:ServiceJourney:460_260106098641922_18,True,actual,False,,,,,2026-09-07T08:42:24.659182+02:00
NSR:StopPlace:59243,Mo i Rana stasjon,2026-09-07T08:12:00+02:00,2026-09-07T08:14:31+02:00,2026-09-07T08:14:31+02:00,151.0,1,Båsmobakken,NOR:Line:12_8371,Grubbåsen - Båsmobakken/Skillevollen,1,bus,NOR:ServiceJourney:8371_251012124858511_1009,True,actual,False,,,,,2026-09-07T08:42:24.659182+02:00
NSR:StopPlace:59244,Egersund stasjon,2026-09-07T06:45:00+02:00,2026-09-07T06:47:31+02:00,2026-09-07T06:47:31+02:00,151.0,1,Hauge i Dalane,KOL:Line:8_2036,88,88,bus,KOL:ServiceJourney:2036_250903083242191_1001,True,actual,False,,,,,2026-09-07T08:42:24.659182+02:00
NSR:StopPlace:58921,Vennesla stasjon,2026-09-07T05:41:00+02:00,2026-09-07T05:43:31+02:00,2026-09-07T05:43:31+02:00,151.0,1,Kristiansand via Mosby,AKT:Line:30,Kvadraturen - Mosby - Vennesl,30,bus,AKT:ServiceJourney:79443_42_48_39120_41580_40001545,True,actual,False,,,,,2026-09-07T08:42:24.659182+02:00
NSR:StopPlace:58932,Hommelvik stasjon,2026-09-07T06:25:00+02:00,2026-09-07T06:27:31+02:00,2026-09-07T06:27:31+02:00,151.0,1,A Marienborg via Innherredsveien,ATB:Line:2_70,Stjørdal/Hommelvik- Trondheim,70,bus,ATB:ServiceJourney:70_251215112546907_6,True,actual,False,,,,,2026-09-07T08:42:24.659182+02:00
NSR:StopPlace:58845,Eidsvoll verk stasjon,2026-09-07T07:30:00+02:00,2026-09-07T07:32:31+02:00,2026-09-07T07:32:31+02:00,151.0,1,Eidsvoll,RUT:Line:430,Eidsvoll - Jessheim,430,bus,RUT:ServiceJourney:143177a91fa2f083e45ee98117a684f3,True,actual,False,,,,,2026-09-07T08:42:24.659182+02:00
NSR:StopPlace:58876,Tønsberg stasjon,2026-09-07T06:27:00+02:00,2026-09-07T06:29:31+02:00,2026-09-07T06:29:31+02:00,151.0,1,Tønsberg-Åsgårdstrand,VKT:Line:1,Horten-Tønsberg-Sandefjord,1,bus,VKT:ServiceJourney:15619,True,actual,False,,,,,2026-09-07T08:42:24.659182+02:00
NSR:StopPlace:206,Mariero stasjon,2026-09-07T07:59:00+02:00,2026-09-07T08:01:31+02:00,2026-09-07T08:01:31+02:00,151.0,1,Egersund,GOA:Line:59,Jærbanen,L5,rail,GOA:ServiceJourney:3016_63048-R,True,actual,False,,,,,2026-09-07T08:42:24.659182+02:00
NSR:StopPlace:62308,Alna stasjon,2026-09-07T05:32:00+02:00,2026-09-07T05:34:31+02:00,2026-09-07T05:34:31+02:00,151.0,1,Spikkestad,VYG:Line:L1,Spikkestad-Oslo S-Lillestrøm,L1,rail,VYG:ServiceJourney:2203_764731-R,True,actual,False,Færre vogner,Denne avgangen kjører dessverre med 4 vogner i stedet for 8 vogner. Dette skyldes at vi mangler et togsett.,general,normal,2026-09-07T08:42:24.659182+02:00
NSR:StopPlace:58857,Lørenskog stasjon,2026-09-07T21:21:00+02:00,2026-09-07T21:23:30+02:00,2026-09-07T21:23:30+02:00,150.0,1,Spikkestad,VYG:Line:L1,Spikkestad-Oslo S-Lillestrøm,L1,rail,VYG:ServiceJourney:2267_443697-R,True,actual,False,,,,,2026-09-08T00:20:52.129880+02:00
NSR:StopPlace:58884,Skien stasjon,2026-09-07T22:58:00+02:00,2026-09-07T23:00:30+02:00,2026-09-07T23:00:30+02:00,150.0,1,Åfoss via Skien sentrum,TEL:Line:8047,Siljan-Skien-Åfoss,P7,bus,TEL:ServiceJourney:127399,True,actual,False,,,,,2026-09-08T00:20:52.129880+02:00
NSR:StopPlace:61897,Bryn stasjon,2026-09-07T18:00:00+02:00,2026-09-07T18:02:30+02:00,2026-09-07T18:02:30+02:00,150.0,1,Lillestrøm,VYG:Line:L1,Spikkestad-Oslo S-Lillestrøm,L1,rail,VYG:ServiceJourney:2152_443561-R,True,actual,False,Færre vogner,Denne avgangen kjører dessverre med 4 vogner i stedet for 8 vogner. Dette skyldes at vi mangler et togsett.,general,normal,2026-09-07T20:27:16.249662+02:00
NSR:StopPlace:59654,Stabekk stasjon,2026-09-07T18:07:00+02:00,2026-09-07T18:09:30+02:00,2026-09-07T18:09:30+02:00,150.0,1,Gullhaug,RUT:Line:150,Gullhaug - Nationaltheatret,150,bus,RUT:ServiceJourney:0689132320d6f319709b4f03eea02d46,True,actual,False,Holdeplass Stabekk stasjon i retning mot Bekkestua er flyttet ca. 50 meter bakover.,Dette skyldes anleggsarbeid i området.,incident,normal,2026-09-07T20:27:16.249662+02:00
NSR:StopPlace:58932,Hommelvik stasjon,2026-09-07T19:14:00+02:00,2026-09-07T19:16:30+02:00,2026-09-07T19:16:30+02:00,150.0,1,Marienborg via Brattøra,ATB:Line:2_70,Stjørdal/Hommelvik- Trondheim,70,bus,ATB:ServiceJourney:70_251215112547003_88,True,actual,False,,,,,2026-09-07T20:27:16.249662+02:00
NSR:StopPlace:58838,Røyken stasjon,2026-09-07T19:45:00+02:00,2026-09-07T19:47:30+02:00,2026-09-07T19:47:30+02:00,150.0,1,Asker,RUT:Line:260,Hyggen - Bråset -Slemmestad (- Asker),260,bus,RUT:ServiceJourney:3f50e9ff30533592d5626b6e9a0cf89b,True,actual,False,,,,,2026-09-07T20:27:16.249662+02:00
NSR:StopPlace:58886,Arendal stasjon,2026-09-07T19:07:00+02:00,2026-09-07T19:09:30+02:00,2026-09-07T19:09:30+02:00,150.0,1,Arendal sentrum,AKT:Line:101,Eydehavn-Arendal-Grimstad N/S,101,bus,AKT:ServiceJourney:71768_441_32_135600_136980_3911100,True,actual,False,,,,,2026-09-07T20:27:16.249662+02:00
NSR:StopPlace:62308,Alna stasjon,2026-09-07T18:03:00+02:00,2026-09-07T18:05:30+02:00,2026-09-07T18:05:30+02:00,150.0,1,Lillestrøm,VYG:Line:L1,Spikkestad-Oslo S-Lillestrøm,L1,rail,VYG:ServiceJourney:2152_443561-R,True,actual,False,Færre vogner,Denne avgangen kjører dessverre med 4 vogner i stedet for 8 vogner. Dette skyldes at vi mangler et togsett.,general,normal,2026-09-07T20:27:16.249662+02:00
NSR:StopPlace:62370,Selsbakk stasjon,2026-09-07T18:16:00+02:00,2026-09-07T18:18:30+02:00,2026-09-07T18:18:30+02:00,150.0,1,Trondheim S,SJN:Line:25,Rørosbanen,R60,rail,SJN:ServiceJourney:2385_30335-R,True,actual,False,,,,,2026-09-07T20:27:16.249662+02:00
NSR:StopPlace:59652,Tøyen stasjon,2026-09-07T14:45:00+02:00,2026-09-07T14:47:30+02:00,2026-09-07T14:47:30+02:00,150.0,1,Vippetangen,RUT:Line:60,Vippetangen-Tonsenhagen,60,bus,RUT:ServiceJourney:1f81d62994cd90ed310b7255f8d454ae,True,actual,False,,,,,2026-09-07T15:44:36.205822+02:00
NSR:StopPlace:59952,Drammen stasjon,2026-09-07T14:14:00+02:00,2026-09-07T14:16:30+02:00,2026-09-07T14:16:30+02:00,150.0,1,Skien,VYG:Line:RE11,Eidsvoll-Oslo S-Skien,RE11,rail,VYG:ServiceJourney:819_444399-R,True,actual,False,Forsinket,Toget kjørte 4 minutter forsinket fra Oslo S. Dette skyldes en tidligere stans.,incident,normal,2026-09-07T15:44:36.205822+02:00
NSR:StopPlace:58844,Eidsvoll stasjon,2026-09-07T14:30:00+02:00,2026-09-07T14:32:30+02:00,2026-09-07T14:32:30+02:00,150.0,1,Jessheim,RUT:Line:430,Eidsvoll - Jessheim,430,bus,RUT:ServiceJourney:954d49b03dbb0093f8a62e24ecc0c711,True,actual,False,,,,,2026-09-07T15:44:36.205822+02:00
NSR:StopPlace:58865,Vestby stasjon,2026-09-07T14:20:00+02:00,2026-09-07T14:22:30+02:00,2026-09-07T14:22:30+02:00,150.0,1,Moss,RUT:Line:540,Moss - Son - Vestby stasjon,540,bus,RUT:ServiceJourney:3adf09201a82c11540c7ff2ab4cbce02,True,actual,False,,,,,2026-09-07T15:44:36.205822+02:00
NSR:StopPlace:58877,Bø stasjon,2026-09-07T13:32:00+02:00,2026-09-07T13:34:30+02:00,2026-09-07T13:34:30+02:00,150.0,1,Skien stasjon,TEL:Line:8181,Seljord-Bø-Skien,R1,bus,TEL:ServiceJourney:127053,True,actual,False,,,,,2026-09-07T15:44:36.205822+02:00
NSR:StopPlace:61707,Jevnaker stasjon,2026-09-07T06:57:00+02:00,2026-09-07T06:59:30+02:00,2026-09-07T06:59:30+02:00,150.0,1,Gran ekspress,INN:Line:452,Gran-Lunner-Olimb-Jevnaker,452,bus,INN:ServiceJourney:71427,True,actual,False,,,,,2026-09-07T08:42:24.659182+02:00
NSR:StopPlace:59650,Nyland stasjon,2026-09-08T00:59:30+02:00,2026-09-08T01:01:59+02:00,2026-09-08T01:01:59+02:00,149.0,1,Drammen,VYG:Line:L1,Spikkestad-Oslo S-Lillestrøm,L1,rail,VYG:ServiceJourney:2281_443719-R,True,actual,False,,,,,2026-09-08T03:39:50.209703+02:00
NSR:StopPlace:61897,Bryn stasjon,2026-09-07T23:05:00+02:00,2026-09-07T23:07:29+02:00,2026-09-07T23:07:29+02:00,149.0,1,Spikkestad,VYG:Line:L1,Spikkestad-Oslo S-Lillestrøm,L1,rail,VYG:ServiceJourney:2273_443707-R,True,actual,False,,,,,2026-09-08T00:20:52.129880+02:00
NSR:StopPlace:60640,Heimdal stasjon,2026-09-07T22:07:00+02:00,2026-09-07T22:09:29+02:00,2026-09-07T22:09:29+02:00,149.0,1,Strindheim via Kolstad-sentrum,ATB:Line:2_2,Strindheim- Lade- sentrum- Sau,2,bus,ATB:ServiceJourney:2_251215112549987_229,True,actual,False,,,,,2026-09-08T00:20:52.129880+02:00
NSR:StopPlace:59653,Haugenstua stasjon,2026-09-07T18:10:00+02:00,2026-09-07T18:12:29+02:00,2026-09-07T18:12:29+02:00,149.0,1,Asker,VYG:Line:L1,Spikkestad-Oslo S-Lillestrøm,L1,rail,VYG:ServiceJourney:2153_443562-R,True,actual,False,,,,,2026-09-07T20:27:16.249662+02:00
NSR:StopPlace:59952,Drammen stasjon,2026-09-07T16:41:00+02:00,2026-09-07T16:43:29+02:00,2026-09-07T16:43:29+02:00,149.0,1,Skien,VYG:Line:RX11,Eidsvoll-Oslo S-Skien,RX11,rail,VYG:ServiceJourney:855-LOE_444425-R,True,actual,False,,,,,2026-09-07T20:27:16.249662+02:00
NSR:StopPlace:60053,Halden stasjon,2026-09-07T20:11:00+02:00,2026-09-07T20:13:29+02:00,2026-09-07T20:13:29+02:00,149.0,1,Oslo S,VYG:Line:RE20,Oslo S-Halden-Göteborg (X-Border),RE20,rail,VYG:ServiceJourney:394-134_463487-R,True,actual,False,,,,,2026-09-07T20:27:16.249662+02:00
NSR:StopPlace:59638,Myrvoll stasjon,2026-09-07T17:56:00+02:00,2026-09-07T17:58:29+02:00,2026-09-07T17:58:29+02:00,149.0,1,Ski stasjon,RUT:Line:580,Kolbotn - Ski,580,bus,RUT:ServiceJourney:1252499fbe62d0df706ed506b9fbd1d9,True,actual,False,,,,,2026-09-07T20:27:16.249662+02:00
NSR:StopPlace:58834,Hokksund stasjon,2026-09-07T18:59:00+02:00,2026-09-07T19:01:29+02:00,2026-09-07T19:01:29+02:00,149.0,1,Eidsvoll,VYG:Line:R12,Kongsberg-Oslo S-Eidsvoll,R12,rail,VYG:ServiceJourney:530_444338-R,True,actual,False,,,,,2026-09-07T20:27:16.249662+02:00
NSR:StopPlace:58854,Langhus stasjon,2026-09-07T17:26:00+02:00,2026-09-07T17:28:29+02:00,2026-09-07T17:28:29+02:00,149.0,1,Drøbak - Seiersten,RUT:Line:510,Bøleråsen - Ski - Ås - Drøbak,510,bus,RUT:ServiceJourney:156a15706f9a96fc04eb77fd2b7ee91a,True,actual,False,,,,,2026-09-07T20:27:16.249662+02:00
NSR:StopPlace:144,Skansen stasjon,2026-09-07T18:23:00+02:00,2026-09-07T18:25:29+02:00,2026-09-07T18:25:29+02:00,149.0,1,Trondheim S,SJN:Line:25,Rørosbanen,R60,rail,SJN:ServiceJourney:2385_30335-R,True,actual,False,,,,,2026-09-07T20:27:16.249662+02:00
NSR:StopPlace:222,Myrdal stasjon,2026-09-07T18:49:00+02:00,2026-09-07T18:51:29+02:00,2026-09-07T18:51:29+02:00,149.0,1,Bergen,VYG:Line:R40,Bergen-Voss-Myrdal-Ål,R40,rail,VYG:ServiceJourney:1835_477934-R,True,actual,False,,,,,2026-09-07T20:27:16.249662+02:00
NSR:StopPlace:62311,Vigrestad stasjon,2026-09-07T17:44:00+02:00,2026-09-07T17:46:29+02:00,2026-09-07T17:46:29+02:00,149.0,1,Egersund,GOA:Line:59,Jærbanen,L5,rail,GOA:ServiceJourney:3052_63100-R,True,actual,False,,,,,2026-09-07T20:27:16.249662+02:00
NSR:StopPlace:61169,Marienborg stasjon,2026-09-07T14:32:00+02:00,2026-09-07T14:34:29+02:00,2026-09-07T14:34:29+02:00,149.0,1,Havstad,ATB:Line:2_13,Østmarka - Strindheim - Lerkendal - Havstad,13,bus,ATB:ServiceJourney:13_251215112552698_78,True,actual,False,,,,,2026-09-07T15:44:36.205822+02:00
NSR:StopPlace:59649,Nydalen stasjon,2026-09-07T14:38:00+02:00,2026-09-07T14:40:29+02:00,2026-09-07T14:40:29+02:00,149.0,1,Lysaker,RUT:Line:23,Lysaker - Simensbråten,23,bus,RUT:ServiceJourney:ef163b52b960dfcab5dc2cf558b98070,True,actual,False,,,,,2026-09-07T15:44:36.205822+02:00
NSR:StopPlace:59653,Haugenstua stasjon,2026-09-07T14:25:00+02:00,2026-09-07T14:27:29+02:00,2026-09-07T14:27:29+02:00,149.0,1,Lillestrøm,VYG:Line:L1,Spikkestad-Oslo S-Lillestrøm,L1,rail,VYG:ServiceJourney:2238_443647-R,True,actual,False,Færre vogner,Denne avgangen kjører dessverre med 4 vogner i stedet for 8 vogner. Dette skyldes at vi mangler et togsett.,general,normal,2026-09-07T15:44:36.205822+02:00
NSR:StopPlace:58935,Levanger stasjon,2026-09-07T15:17:00+02:00,2026-09-07T15:19:29+02:00,2026-09-07T15:19:29+02:00,149.0,1,Nord universitet Levanger,ATB:Line:2_604,Levanger - Høgberget,604,bus,ATB:ServiceJourney:604_260106098643104_34,True,actual,False,,,,,2026-09-07T15:44:36.205822+02:00
NSR:StopPlace:61463,Nordstrand stasjon,2026-09-07T05:52:00+02:00,2026-09-07T05:54:29+02:00,2026-09-07T05:54:29+02:00,149.0,1,Ski,VYG:Line:L2,Stabekk-Oslo S-Ski,L2,rail,VYG:ServiceJourney:2703-HVK_443909-R,True,actual,False,,,,,2026-09-07T08:42:24.659182+02:00
NSR:StopPlace:59647,Dal stasjon,2026-09-07T07:56:00+02:00,2026-09-07T07:58:29+02:00,2026-09-07T07:58:29+02:00,149.0,1,Jessheim,RUT:Line:430,Eidsvoll - Jessheim,430,bus,RUT:ServiceJourney:84833c8e0c88aa6373d7d7483cd10604,True,actual,False,,,,,2026-09-07T08:42:24.659182+02:00
NSR:StopPlace:59647,Dal stasjon,2026-09-07T08:01:00+02:00,2026-09-07T08:03:29+02:00,2026-09-07T08:03:29+02:00,149.0,1,Eidsvoll,RUT:Line:430,Eidsvoll - Jessheim,430,bus,RUT:ServiceJourney:09ee6ed947d444f302b789c78f5c8581,True,actual,False,,,,,2026-09-07T08:42:24.659182+02:00
NSR:StopPlace:59648,Kjelsås stasjon,2026-09-07T06:55:00+02:00,2026-09-07T06:57:29+02:00,2026-09-07T06:57:29+02:00,149.0,1,Majorstuen,RUT:Line:25,Majorstuen-Haugerud,25,bus,RUT:ServiceJourney:5bacf6b253c8e0bec1a980f07b29db46,True,actual,False,,,,,2026-09-07T08:42:24.659182+02:00
NSR:StopPlace:59690,Dovre stasjon,2026-09-07T05:32:00+02:00,2026-09-07T05:34:29+02:00,2026-09-07T05:34:29+02:00,149.0,1,Drammen,VYG:Line:RE10,Drammen-Oslo S-Lillehammer,RE10,rail,VYG:ServiceJourney:308-DOM_444144-R,True,actual,False,,,,,2026-09-07T08:42:24.659182+02:00
NSR:StopPlace:58925,Gausel stasjon,2026-09-07T06:07:00+02:00,2026-09-07T06:09:29+02:00,2026-09-07T06:09:29+02:00,149.0,1,Stavanger,KOL:Line:8_1001,1,1,bus,KOL:ServiceJourney:1001_251008118371211_2004,True,actual,False,,,,,2026-09-07T08:42:24.659182+02:00
NSR:StopPlace:58930,Larvik stasjon,2026-09-07T08:00:00+02:00,2026-09-07T08:02:29+02:00,2026-09-07T08:02:29+02:00,149.0,1,Larvik-Nordbyen,VKT:Line:81,Nordbyen-Nevlunghavn,81,bus,VKT:ServiceJourney:18122,True,actual,False,,,,,2026-09-07T08:42:24.659182+02:00
NSR:StopPlace:58800,Råde stasjon,2026-09-07T08:18:00+02:00,2026-09-07T08:20:29+02:00,2026-09-07T08:20:29+02:00,149.0,1,Oslo S,VYG:Line:RE20,Oslo S-Halden-Göteborg (X-Border),RE20,rail,VYG:ServiceJourney:146-HLD_509067-R,True,actual,False,,,,,2026-09-07T08:42:24.659182+02:00
NSR:StopPlace:58803,Tomter stasjon,2026-09-07T06:53:00+02:00,2026-09-07T06:55:29+02:00,2026-09-07T06:55:29+02:00,149.0,1,Askim vgs.-Mysen vgs.,OST:Line:1_410,Elvestad-Svikebøl,410,bus,OST:ServiceJourney:410_260327065879332_2,True,actual,False,,,,,2026-09-07T08:42:24.659182+02:00
NSR:StopPlace:58844,Eidsvoll stasjon,2026-09-07T22:15:00+02:00,2026-09-07T22:17:28+02:00,2026-09-07T22:17:28+02:00,148.0,1,Sand,INN:Line:121,Eidsvoll - Sand,121,bus,INN:ServiceJourney:54641,True,actual,False,,,,,2026-09-08T00:20:52.129880+02:00
NSR:StopPlace:58844,Eidsvoll stasjon,2026-09-07T23:08:00+02:00,2026-09-07T23:10:28+02:00,2026-09-07T23:10:28+02:00,148.0,1,Lillehammer,VYG:Line:RE10,Drammen-Oslo S-Lillehammer,RE10,rail,VYG:ServiceJourney:337-SUD_486424-R,True,actual,False,,,,,2026-09-08T00:20:52.129880+02:00
NSR:StopPlace:58826,Reinsvoll stasjon,2026-09-07T22:51:00+02:00,2026-09-07T22:53:28+02:00,2026-09-07T22:53:28+02:00,148.0,1,Gjøvik,VYG:Line:R31,Skøyen-Jaren-Gjøvik,R31,rail,VYG:ServiceJourney:233-ROA_589360-R,True,actual,False,,,,,2026-09-08T00:20:52.129880+02:00
NSR:StopPlace:393,Leangen stasjon,2026-09-07T23:23:00+02:00,2026-09-07T23:25:28+02:00,2026-09-07T23:25:28+02:00,148.0,1,Steinkjer,SJN:Line:26,Trønderbanen,R70,rail,SJN:ServiceJourney:457-SOeB_56085-R,True,actual,False,,,,,2026-09-08T00:20:52.129880+02:00
NSR:StopPlace:58862,Strømmen stasjon,2026-09-07T17:50:00+02:00,2026-09-07T17:52:28+02:00,2026-09-07T17:52:28+02:00,148.0,1,Lillestrøm,VYG:Line:L1,Spikkestad-Oslo S-Lillestrøm,L1,rail,VYG:ServiceJourney:2150_443559-R,True,actual,False,,,,,2026-09-07T20:27:16.249662+02:00
NSR:StopPlace:261,Ganddal stasjon,2026-09-07T18:38:00+02:00,2026-09-07T18:40:28+02:00,2026-09-07T18:40:28+02:00,148.0,1,Stavanger,GOA:Line:59,Jærbanen,L5,rail,GOA:ServiceJourney:3055_63106-R,True,actual,False,,,,,2026-09-07T20:27:16.249662+02:00
NSR:StopPlace:59646,Høvik stasjon,2026-09-07T14:53:00+02:00,2026-09-07T14:55:28+02:00,2026-09-07T14:55:28+02:00,148.0,1,Lillestrøm,VYG:Line:L1,Spikkestad-Oslo S-Lillestrøm,L1,rail,VYG:ServiceJourney:2242_443654-R,True,actual,False,,,,,2026-09-07T15:44:36.205822+02:00
NSR:StopPlace:58936,Skatval stasjon,2026-09-07T14:52:00+02:00,2026-09-07T14:54:28+02:00,2026-09-07T14:54:28+02:00,148.0,1,Ler,SJN:Line:26,Trønderbanen,R70,rail,SJN:ServiceJourney:438_56067-R,True,actual,False,,,,,2026-09-07T15:44:36.205822+02:00
NSR:StopPlace:58842,Blaker stasjon,2026-09-07T14:34:00+02:00,2026-09-07T14:36:28+02:00,2026-09-07T14:36:28+02:00,148.0,1,Kongsvinger,VYG:Line:R14,Asker-Oslo S-Kongsvinger,R14,rail,VYG:ServiceJourney:1019_442926-R,True,actual,False,,,,,2026-09-07T15:44:36.205822+02:00
NSR:StopPlace:58868,Årnes stasjon,2026-09-07T15:06:00+02:00,2026-09-07T15:08:28+02:00,2026-09-07T15:08:28+02:00,148.0,1,Dysterud,RUT:Line:451,Dysterud - Årnes,451,bus,RUT:ServiceJourney:9a97397641248485b42d373e886173c6,True,actual,False,,,,,2026-09-07T15:44:36.205822+02:00
NSR:StopPlace:58868,Årnes stasjon,2026-09-07T15:36:00+02:00,2026-09-07T15:38:28+02:00,2026-09-07T15:38:28+02:00,148.0,1,Dysterud,RUT:Line:451,Dysterud - Årnes,451,bus,RUT:ServiceJourney:ed86edddee829f35412144eba598edc5,True,actual,False,,,,,2026-09-07T15:44:36.205822+02:00
NSR:StopPlace:61169,Marienborg stasjon,2026-09-07T05:53:00+02:00,2026-09-07T05:55:28+02:00,2026-09-07T05:55:28+02:00,148.0,1,Østmarka via Lerkendal-Strindh.,ATB:Line:2_13,Østmarka - Strindheim - Lerkendal - Havstad,13,bus,ATB:ServiceJourney:13_251215112552819_1,True,actual,False,,,,,2026-09-07T08:42:24.659182+02:00
NSR:StopPlace:61169,Marienborg stasjon,2026-09-07T06:27:00+02:00,2026-09-07T06:29:28+02:00,2026-09-07T06:29:28+02:00,148.0,1,Havstad,ATB:Line:2_13,Østmarka - Strindheim - Lerkendal - Havstad,13,bus,ATB:ServiceJourney:13_251215112552727_4,True,actual,False,,,,,2026-09-07T08:42:24.659182+02:00
NSR:StopPlace:60640,Heimdal stasjon,2026-09-07T06:20:00+02:00,2026-09-07T06:22:28+02:00,2026-09-07T06:22:28+02:00,148.0,1,Ranheim via Tiller-sentrum,ATB:Line:2_1,Ranheim - Strindheim - sentrum - Tiller - Heimdal - Kattem,1,bus,ATB:ServiceJourney:1_251215112546045_9,True,actual,False,,,,,2026-09-07T08:42:24.659182+02:00
NSR:StopPlace:60047,Melhus skysstasjon,2026-09-07T05:40:00+02:00,2026-09-07T05:42:28+02:00,2026-09-07T05:42:28+02:00,148.0,1,Steinkjer,SJN:Line:26,Trønderbanen,R70,rail,SJN:ServiceJourney:423_56052-R,True,actual,False,,,,,2026-09-07T08:42:24.659182+02:00
NSR:StopPlace:58963,Jessheim stasjon,2026-09-07T07:46:00+02:00,2026-09-07T07:48:28+02:00,2026-09-07T07:48:28+02:00,148.0,1,Oslo lufthavn,RUT:Line:440,Fenstad/Nordkisa - Oslo lufthavn,440,bus,RUT:ServiceJourney:0a1c61915ec8910cc7ef684324ded43a,True,actual,False,,,,,2026-09-07T08:42:24.659182+02:00
NSR:StopPlace:58925,Gausel stasjon,2026-09-07T06:46:00+02:00,2026-09-07T06:48:28+02:00,2026-09-07T06:48:28+02:00,148.0,1,Skeiane,GOA:Line:59,Jærbanen,L5,rail,GOA:ServiceJourney:3108_63153-R,True,actual,False,,,,,2026-09-07T08:42:24.659182+02:00
NSR:StopPlace:58932,Hommelvik stasjon,2026-09-07T06:02:00+02:00,2026-09-07T06:04:28+02:00,2026-09-07T06:04:28+02:00,148.0,1,Støren,SJN:Line:26,Trønderbanen,R70,rail,SJN:ServiceJourney:420_56049-R,True,actual,False,,,,,2026-09-07T08:42:24.659182+02:00
NSR:StopPlace:58935,Levanger stasjon,2026-09-07T07:11:00+02:00,2026-09-07T07:13:28+02:00,2026-09-07T07:13:28+02:00,148.0,1,Ler,SJN:Line:26,Trønderbanen,R70,rail,SJN:ServiceJourney:424_56053-R,True,actual,False,,,,,2026-09-07T08:42:24.659182+02:00
NSR:StopPlace:59616,Asker stasjon,2026-09-07T21:00:00+02:00,2026-09-07T21:02:27+02:00,2026-09-07T21:02:27+02:00,147.0,1,Skien,VYG:Line:RE11,Eidsvoll-Oslo S-Skien,RE11,rail,VYG:ServiceJourney:833_444413-R,True,actual,False,Færre vogner,Denne avgangen kjører dessverre med 5 vogner i stedet for 10 vogner. Dette skyldes at vi mangler et togsett.,general,normal,2026-09-08T00:20:52.129880+02:00
NSR:StopPlace:58859,Nordby stasjon,2026-09-07T23:33:00+02:00,2026-09-07T23:35:27+02:00,2026-09-07T23:35:27+02:00,147.0,1,Drammen,VYG:Line:R13,Drammen-Oslo S-Dal,R13,rail,VYG:ServiceJourney:1676_443378-R,True,actual,False,,,,,2026-09-08T00:20:52.129880+02:00
NSR:StopPlace:59650,Nyland stasjon,2026-09-07T18:06:00+02:00,2026-09-07T18:08:27+02:00,2026-09-07T18:08:27+02:00,147.0,1,Lillestrøm,VYG:Line:L1,Spikkestad-Oslo S-Lillestrøm,L1,rail,VYG:ServiceJourney:2152_443561-R,True,actual,False,Færre vogner,Denne avgangen kjører dessverre med 4 vogner i stedet for 8 vogner. Dette skyldes at vi mangler et togsett.,general,normal,2026-09-07T20:27:16.249662+02:00
NSR:StopPlace:59977,Trondheim S,2026-09-07T16:45:00+02:00,2026-09-07T16:47:27+02:00,2026-09-07T16:47:27+02:00,147.0,1,Fannrem stasjon via Orkanger,ATB:Line:2_310,Trondheim - Orkanger - Fannrem,310,bus,ATB:ServiceJourney:310_260106098639793_60,True,actual,False,,,,,2026-09-07T20:27:16.249662+02:00
NSR:StopPlace:58839,Steinberg stasjon,2026-09-07T17:57:00+02:00,2026-09-07T17:59:27+02:00,2026-09-07T17:59:27+02:00,147.0,1,Kongsberg,VYG:Line:R12,Kongsberg-Oslo S-Eidsvoll,R12,rail,VYG:ServiceJourney:525_444330-R,True,actual,False,,,,,2026-09-07T20:27:16.249662+02:00
NSR:StopPlace:58842,Blaker stasjon,2026-09-07T18:36:00+02:00,2026-09-07T18:38:27+02:00,2026-09-07T18:38:27+02:00,147.0,1,Kongsvinger,VYG:Line:R14,Asker-Oslo S-Kongsvinger,R14,rail,VYG:ServiceJourney:1027_442937-R,True,actual,False,,,,,2026-09-07T20:27:16.249662+02:00
NSR:StopPlace:58857,Lørenskog stasjon,2026-09-07T17:43:00+02:00,2026-09-07T17:45:27+02:00,2026-09-07T17:45:27+02:00,147.0,1,Lørenskog sentrum,RUT:Line:67,Økern-Lørenskog sentrum,67,bus,RUT:ServiceJourney:a4bcf8ede5f6e3d657fc567c347966fa,True,actual,False,,,,,2026-09-07T20:27:16.249662+02:00
NSR:StopPlace:58874,Stokke stasjon,2026-09-07T18:37:00+02:00,2026-09-07T18:39:27+02:00,2026-09-07T18:39:27+02:00,147.0,1,Sørby,VKT:Line:520,Tønsberg-Stokke,520,bus,VKT:ServiceJourney:17251,True,actual,False,,,,,2026-09-07T20:27:16.249662+02:00
NSR:StopPlace:59958,Voss stasjon,2026-09-07T15:31:00+02:00,2026-09-07T15:33:27+02:00,2026-09-07T15:33:27+02:00,147.0,1,Bergen,VYG:Line:R40,Bergen-Voss-Myrdal-Ål,R40,rail,VYG:ServiceJourney:1825_465764-R,True,actual,False,,,,,2026-09-07T15:44:36.205822+02:00
NSR:StopPlace:59958,Voss stasjon,2026-09-07T07:20:00+02:00,2026-09-07T07:22:27+02:00,2026-09-07T07:22:27+02:00,147.0,1,Oppheim,SKY:Line:950,Bergen-Voss-Gudvangen,950,bus,SKY:ServiceJourney:950-205165-21338654,True,actual,False,,,,,2026-09-07T08:42:24.659182+02:00
NSR:StopPlace:58930,Larvik stasjon,2026-09-07T07:35:00+02:00,2026-09-07T07:37:27+02:00,2026-09-07T07:37:27+02:00,147.0,1,Larvik-Nordbyen,VKT:Line:81,Nordbyen-Nevlunghavn,81,bus,VKT:ServiceJourney:18120,True,actual,False,,,,,2026-09-07T08:42:24.659182+02:00
NSR:StopPlace:58844,Eidsvoll stasjon,2026-09-07T07:08:00+02:00,2026-09-07T07:10:27+02:00,2026-09-07T07:10:27+02:00,147.0,1,Lillehammer,VYG:Line:RE10,Drammen-Oslo S-Lillehammer,RE10,rail,VYG:ServiceJourney:305-SUD_444133-R,True,actual,False,,,,,2026-09-07T08:42:24.659182+02:00
NSR:StopPlace:58849,Hakadal stasjon,2026-09-07T07:10:00+02:00,2026-09-07T07:12:27+02:00,2026-09-07T07:12:27+02:00,147.0,1,Skedmo vgs,RUT:Line:3172,Hakadal - Gjelleråstoppen - Skjetten - Lillestrøm,3172,bus,RUT:ServiceJourney:869ca037d881abd6ca180a87654627ca,True,actual,False,,,,,2026-09-07T08:42:24.659182+02:00
NSR:StopPlace:58850,Hauerseter stasjon,2026-09-08T01:24:30+02:00,2026-09-08T01:26:56+02:00,2026-09-08T01:26:56+02:00,146.0,1,Eidsvoll,VYG:Line:R13,Drammen-Oslo S-Dal,R13,rail,VYG:ServiceJourney:1679_443385-R,True,actual,False,,,,,2026-09-08T03:39:50.209703+02:00
NSR:StopPlace:58839,Steinberg stasjon,2026-09-07T23:58:00+02:00,2026-09-08T00:00:26+02:00,2026-09-08T00:00:26+02:00,146.0,1,Kongsberg,VYG:Line:R12,Kongsberg-Oslo S-Eidsvoll,R12,rail,VYG:ServiceJourney:537_444347-R,True,actual,False,,,,,2026-09-08T00:20:52.129880+02:00
NSR:StopPlace:58845,Eidsvoll verk stasjon,2026-09-07T22:05:00+02:00,2026-09-07T22:07:26+02:00,2026-09-07T22:07:26+02:00,146.0,1,Skien,VYG:Line:RE11,Eidsvoll-Oslo S-Skien,RE11,rail,VYG:ServiceJourney:837_444417-R,True,actual,False,,,,,2026-09-08T00:20:52.129880+02:00
NSR:StopPlace:61387,Skogn stasjon,2026-09-07T19:35:00+02:00,2026-09-07T19:37:26+02:00,2026-09-07T19:37:26+02:00,146.0,1,Steinkjer,SJN:Line:26,Trønderbanen,R70,rail,SJN:ServiceJourney:447_56076-R,True,actual,False,,,,,2026-09-07T20:27:16.249662+02:00
NSR:StopPlace:17,Ringebu stasjon,2026-09-07T18:51:00+02:00,2026-09-07T18:53:26+02:00,2026-09-07T18:53:26+02:00,146.0,1,Trondheim S,SJN:Line:21,Dovrebanen,F6,rail,SJN:ServiceJourney:49-LOD_54215-R,True,actual,False,,,,,2026-09-07T20:27:16.249662+02:00
NSR:StopPlace:59649,Nydalen stasjon,2026-09-07T17:56:00+02:00,2026-09-07T17:58:26+02:00,2026-09-07T17:58:26+02:00,146.0,1,Simensbråten,RUT:Line:23,Lysaker - Simensbråten,23,bus,RUT:ServiceJourney:a21a95ff11d99d982b47ea1bbfe19cdb,True,actual,False,,,,,2026-09-07T20:27:16.249662+02:00
NSR:StopPlace:59646,Høvik stasjon,2026-09-07T15:23:00+02:00,2026-09-07T15:25:26+02:00,2026-09-07T15:25:26+02:00,146.0,1,Lillestrøm,VYG:Line:L1,Spikkestad-Oslo S-Lillestrøm,L1,rail,VYG:ServiceJourney:2244_445341-R,True,actual,False,,,,,2026-09-07T15:44:36.205822+02:00
NSR:StopPlace:59641,Fjellhamar stasjon,2026-09-07T06:48:00+02:00,2026-09-07T06:50:26+02:00,2026-09-07T06:50:26+02:00,146.0,1,Lillestrøm,VYG:Line:L1,Spikkestad-Oslo S-Lillestrøm,L1,rail,VYG:ServiceJourney:2106_443510-R,True,actual,False,,,,,2026-09-07T08:42:24.659182+02:00
NSR:StopPlace:59650,Nyland stasjon,2026-09-07T06:50:00+02:00,2026-09-07T06:52:26+02:00,2026-09-07T06:52:26+02:00,146.0,1,Økern,RUT:Line:345,Vestvollen - Økern,345,bus,RUT:ServiceJourney:d03c7d2b7e925d32f90f7810ab5935ee,True,actual,False,,,,,2026-09-07T08:42:24.659182+02:00
NSR:StopPlace:59653,Haugenstua stasjon,2026-09-07T06:40:00+02:00,2026-09-07T06:42:26+02:00,2026-09-07T06:42:26+02:00,146.0,1,Lillestrøm,VYG:Line:L1,Spikkestad-Oslo S-Lillestrøm,L1,rail,VYG:ServiceJourney:2106_443510-R,True,actual,False,,,,,2026-09-07T08:42:24.659182+02:00
NSR:StopPlace:58966,Porsgrunn stasjon,2026-09-07T06:15:00+02:00,2026-09-07T06:17:26+02:00,2026-09-07T06:17:26+02:00,146.0,1,Eidsvoll,VYG:Line:RE11,Eidsvoll-Oslo S-Skien,RE11,rail,VYG:ServiceJourney:806_444386-R,True,actual,False,Heis på Porsgrunn ute av drift,Heisen på Porsgrunn til spor 2 er ute av drift.,general,normal,2026-09-07T08:42:24.659182+02:00
NSR:StopPlace:58932,Hommelvik stasjon,2026-09-07T05:43:00+02:00,2026-09-07T05:45:26+02:00,2026-09-07T05:45:26+02:00,146.0,1,A Marienborg via Innherredsveien,ATB:Line:2_70,Stjørdal/Hommelvik- Trondheim,70,bus,ATB:ServiceJourney:70_251215112546987_2,True,actual,False,,,,,2026-09-07T08:42:24.659182+02:00
NSR:StopPlace:58869,Ås stasjon,2026-09-07T07:45:00+02:00,2026-09-07T07:47:26+02:00,2026-09-07T07:47:26+02:00,146.0,1,Stabekk,VYG:Line:R21,Stabekk-Oslo S-Moss,R21,rail,VYG:ServiceJourney:1114-MOS_442989-R,True,actual,False,,,,,2026-09-07T08:42:24.659182+02:00
NSR:StopPlace:58861,Solbråtan stasjon,2026-09-07T08:08:00+02:00,2026-09-07T08:10:26+02:00,2026-09-07T08:10:26+02:00,146.0,1,Lysaker,VYG:Line:L2,Stabekk-Oslo S-Ski,L2,rail,VYG:ServiceJourney:2816-SKI_444028-R,True,actual,False,Færre vogner,Denne avgangen kjører dessverre med 3 vogner i stedet for 6 vogner. Dette skyldes at vi mangler et togsett.,general,normal,2026-09-07T08:42:24.659182+02:00
NSR:StopPlace:58805,Brumunddal stasjon,2026-09-07T07:35:00+02:00,2026-09-07T07:37:26+02:00,2026-09-07T07:37:26+02:00,146.0,1,Gaupen skole,INN:Line:613,Brumunddal - Gaupen,613,bus,INN:ServiceJourney:83036,True,actual,False,,,,,2026-09-07T08:42:24.659182+02:00
NSR:StopPlace:58825,Raufoss stasjon,2026-09-07T07:15:00+02:00,2026-09-07T07:17:26+02:00,2026-09-07T07:17:26+02:00,146.0,1,Lena skysstasjon,INN:Line:403,Gjøvik-Raufoss-Reinsvoll-Lena,403,bus,INN:ServiceJourney:65760,True,actual,False,,,,,2026-09-07T08:42:24.659182+02:00
NSR:StopPlace:441,Auli stasjon,2026-09-07T07:46:00+02:00,2026-09-07T07:48:26+02:00,2026-09-07T07:48:26+02:00,146.0,1,Asker,VYG:Line:R14,Asker-Oslo S-Kongsvinger,R14,rail,VYG:ServiceJourney:1054-KVG_442958-R,True,actual,False,,,,,2026-09-07T08:42:24.659182+02:00
NSR:StopPlace:62341,Tangen stasjon,2026-09-07T07:25:00+02:00,2026-09-07T07:27:26+02:00,2026-09-07T07:27:26+02:00,146.0,1,Lillehammer,VYG:Line:RE10,Drammen-Oslo S-Lillehammer,RE10,rail,VYG:ServiceJourney:305-SUD_444133-R,True,actual,False,,,,,2026-09-07T08:42:24.659182+02:00
NSR:StopPlace:8,Paradis stasjon,2026-09-07T22:28:00+02:00,2026-09-07T22:30:25+02:00,2026-09-07T22:30:25+02:00,145.0,1,Stavanger,GOA:Line:59,Jærbanen,L5,rail,GOA:ServiceJourney:3069_63130-R,True,actual,False,,,,,2026-09-08T00:20:52.129880+02:00
NSR:StopPlace:58964,Kløfta stasjon,2026-09-07T23:44:00+02:00,2026-09-07T23:46:25+02:00,2026-09-07T23:46:25+02:00,145.0,1,Dal,VYG:Line:R13,Drammen-Oslo S-Dal,R13,rail,VYG:ServiceJourney:1673_443370-R,True,actual,False,,,,,2026-09-08T00:20:52.129880+02:00
NSR:StopPlace:62339,Lillestrøm stasjon,2026-09-07T22:06:00+02:00,2026-09-07T22:08:25+02:00,2026-09-07T22:08:25+02:00,145.0,1,Drammen,VYG:Line:R13,Drammen-Oslo S-Dal,R13,rail,VYG:ServiceJourney:1668_443360-R,True,actual,False,Heis i spor 1 og 2 er ute av bruk på grunn av vedlikehold.,Heis i spor 1 og 2 er ute av bruk på grunn av vedlikehold.,general,normal,2026-09-08T00:20:52.129880+02:00
NSR:StopPlace:58847,Frogner stasjon,2026-09-07T19:51:00+02:00,2026-09-07T19:53:25+02:00,2026-09-07T19:53:25+02:00,145.0,1,Drammen,VYG:Line:R13,Drammen-Oslo S-Dal,R13,rail,VYG:ServiceJourney:1660_443344-R,True,actual,False,,,,,2026-09-07T20:27:16.249662+02:00
NSR:StopPlace:58847,Frogner stasjon,2026-09-07T20:04:00+02:00,2026-09-07T20:06:25+02:00,2026-09-07T20:06:25+02:00,145.0,1,Dal,VYG:Line:R13,Drammen-Oslo S-Dal,R13,rail,VYG:ServiceJourney:1659_443341-R,True,actual,False,,,,,2026-09-07T20:27:16.249662+02:00
NSR:StopPlace:58853,Kolbotn stasjon,2026-09-07T17:22:00+02:00,2026-09-07T17:24:25+02:00,2026-09-07T17:24:25+02:00,145.0,1,Tårnåsen,RUT:Line:83,Jernbanetorget - Tårnåsen,83,bus,RUT:ServiceJourney:6ad0b54c377fe949e02502b7ee0cec86,True,actual,False,Linje 80E og 83 får Hausmanns bru som ny endeholdeplass fra 29. juni,"Bussene stopper ikke på Jernbanetorget etter 29. juni, men starter og stopper på Hausmanns bru i Nylandsveien.",incident,normal,2026-09-07T20:27:16.249662+02:00
NSR:StopPlace:58857,Lørenskog stasjon,2026-09-07T17:36:00+02:00,2026-09-07T17:38:25+02:00,2026-09-07T17:38:25+02:00,145.0,1,Asker,VYG:Line:L1,Spikkestad-Oslo S-Lillestrøm,L1,rail,VYG:ServiceJourney:2151_443560-R,True,actual,False,,,,,2026-09-07T20:27:16.249662+02:00
NSR:StopPlace:58865,Vestby stasjon,2026-09-07T17:10:00+02:00,2026-09-07T17:12:25+02:00,2026-09-07T17:12:25+02:00,145.0,1,Stabekk,VYG:Line:R21,Stabekk-Oslo S-Moss,R21,rail,VYG:ServiceJourney:1152-MOS_443035-R,True,actual,False,,,,,2026-09-07T20:27:16.249662+02:00
NSR:StopPlace:151,Evanger stasjon,2026-09-07T19:33:00+02:00,2026-09-07T19:35:25+02:00,2026-09-07T19:35:25+02:00,145.0,1,Voss,VYG:Line:R40,Bergen-Voss-Myrdal-Ål,R40,rail,VYG:ServiceJourney:1828_481200-R,True,actual,False,,,,,2026-09-07T20:27:16.249662+02:00
NSR:StopPlace:62308,Alna stasjon,2026-09-07T20:17:00+02:00,2026-09-07T20:19:25+02:00,2026-09-07T20:19:25+02:00,145.0,1,Asker,VYG:Line:L1,Spikkestad-Oslo S-Lillestrøm,L1,rail,VYG:ServiceJourney:2161_443571-R,True,actual,False,,,,,2026-09-07T20:27:16.249662+02:00
NSR:StopPlace:6,Greverud stasjon,2026-09-07T15:18:00+02:00,2026-09-07T15:20:25+02:00,2026-09-07T15:20:25+02:00,145.0,1,Stabekk,VYG:Line:L2,Stabekk-Oslo S-Ski,L2,rail,VYG:ServiceJourney:2746-SKI_443956-R,True,actual,False,,,,,2026-09-07T15:44:36.205822+02:00
NSR:StopPlace:58810,Løten stasjon,2026-09-07T15:36:00+02:00,2026-09-07T15:38:25+02:00,2026-09-07T15:38:25+02:00,145.0,1,Hamar - Brumunddal,INN:Line:26,Brumunddal - Hamar - Løten,B26,bus,INN:ServiceJourney:54050,True,actual,False,,,,,2026-09-07T15:44:36.205822+02:00
NSR:StopPlace:61466,Vakås stasjon,2026-09-07T07:41:00+02:00,2026-09-07T07:43:25+02:00,2026-09-07T07:43:25+02:00,145.0,1,Spikkestad,VYG:Line:L1,Spikkestad-Oslo S-Lillestrøm,L1,rail,VYG:ServiceJourney:2209_443598-R,True,actual,False,,,,,2026-09-07T08:42:24.659182+02:00
NSR:StopPlace:59646,Høvik stasjon,2026-09-07T08:23:00+02:00,2026-09-07T08:25:25+02:00,2026-09-07T08:25:25+02:00,145.0,1,Lillestrøm,VYG:Line:L1,Spikkestad-Oslo S-Lillestrøm,L1,rail,VYG:ServiceJourney:2216_445310-R,True,actual,False,Færre vogner,Denne avgangen kjører dessverre med 4 vogner i stedet for 8 vogner. Dette skyldes at vi mangler et togsett.,general,normal,2026-09-07T08:42:24.659182+02:00
NSR:StopPlace:58930,Larvik stasjon,2026-09-07T08:00:00+02:00,2026-09-07T08:02:25+02:00,2026-09-07T08:02:25+02:00,145.0,1,Larvik-Nordbyen,VKT:Line:81,Nordbyen-Nevlunghavn,81,bus,VKT:ServiceJourney:18121,True,actual,False,,,,,2026-09-07T08:42:24.659182+02:00
NSR:StopPlace:58849,Hakadal stasjon,2026-09-07T06:23:00+02:00,2026-09-07T06:25:25+02:00,2026-09-07T06:25:25+02:00,145.0,1,Oslo bussterminal,RUT:Line:390,Kongskog/Hellerudhaugen - Oslo bussterminal,390,bus,RUT:ServiceJourney:80b5b9532fdea6bfb2654ff38b9d7334,True,actual,False,,,,,2026-09-07T08:42:24.659182+02:00
NSR:StopPlace:58861,Solbråtan stasjon,2026-09-07T07:30:00+02:00,2026-09-07T07:32:25+02:00,2026-09-07T07:32:25+02:00,145.0,1,Bjørvika,RUT:Line:83,Jernbanetorget - Tårnåsen,83,bus,RUT:ServiceJourney:ce16745c0c21f0d966b47f50dff0de1f,True,actual,False,Linje 80E og 83 får Hausmanns bru som ny endeholdeplass fra 29. juni,"Bussene stopper ikke på Jernbanetorget etter 29. juni, men starter og stopper på Hausmanns bru i Nylandsveien.",incident,normal,2026-09-07T08:42:24.659182+02:00
NSR:StopPlace:58886,Arendal stasjon,2026-09-07T07:22:00+02:00,2026-09-07T07:24:25+02:00,2026-09-07T07:24:25+02:00,145.0,1,Grimstad via Arendal sentrum,AKT:Line:101,Eydehavn-Arendal-Grimstad N/S,101,bus,AKT:ServiceJourney:71731_81_89_51000_55560_40000971,True,actual,False,,,,,2026-09-07T08:42:24.659182+02:00
NSR:StopPlace:58805,Brumunddal stasjon,2026-09-07T04:53:00+02:00,2026-09-07T04:55:25+02:00,2026-09-07T04:55:25+02:00,145.0,1,Drammen,VYG:Line:RE10,Drammen-Oslo S-Lillehammer,RE10,rail,VYG:ServiceJourney:302-HHS_486370-R,True,actual,False,,,,,2026-09-07T08:42:24.659182+02:00
NSR:StopPlace:708,Stange stasjon,2026-09-07T07:20:00+02:00,2026-09-07T07:22:25+02:00,2026-09-07T07:22:25+02:00,145.0,1,Drammen,VYG:Line:RE10,Drammen-Oslo S-Lillehammer,RE10,rail,VYG:ServiceJourney:306-HHS_487830-R,True,actual,False,,,,,2026-09-07T08:42:24.659182+02:00
NSR:StopPlace:58825,Raufoss stasjon,2026-09-07T23:45:00+02:00,2026-09-07T23:47:24+02:00,2026-09-07T23:47:24+02:00,144.0,1,Gjøvik,INN:Line:46,Lena-Raufoss-Gjøvik-Kapp-Lena,B46,bus,INN:ServiceJourney:76850,True,actual,False,,,,,2026-09-08T00:20:52.129880+02:00
NSR:StopPlace:61251,Øksnavadporten stasjon,2026-09-07T20:05:00+02:00,2026-09-07T20:07:24+02:00,2026-09-07T20:07:24+02:00,144.0,1,Stavanger,GOA:Line:59,Jærbanen,L5,rail,GOA:ServiceJourney:3061_63116-R,True,actual,False,,,,,2026-09-07T20:27:16.249662+02:00
NSR:StopPlace:59952,Drammen stasjon,2026-09-07T18:17:00+02:00,2026-09-07T18:19:24+02:00,2026-09-07T18:19:24+02:00,144.0,1,Eidsvoll,VYG:Line:R12,Kongsberg-Oslo S-Eidsvoll,R12,rail,VYG:ServiceJourney:528_444335-R,True,actual,False,,,,,2026-09-07T20:27:16.249662+02:00
NSR:StopPlace:59957,Klepp stasjon,2026-09-07T20:02:00+02:00,2026-09-07T20:04:24+02:00,2026-09-07T20:04:24+02:00,144.0,1,Stavanger,GOA:Line:59,Jærbanen,L5,rail,GOA:ServiceJourney:3061_63116-R,True,actual,False,,,,,2026-09-07T20:27:16.249662+02:00
NSR:StopPlace:60077,Støren stasjon,2026-09-07T17:12:00+02:00,2026-09-07T17:14:24+02:00,2026-09-07T17:14:24+02:00,144.0,1,Trondheim S,ATB:Line:2_340,Trondheim - Støren,340,bus,ATB:ServiceJourney:340_260106098639884_31,True,actual,False,,,,,2026-09-07T20:27:16.249662+02:00
NSR:StopPlace:58869,Ås stasjon,2026-09-07T17:15:00+02:00,2026-09-07T17:17:24+02:00,2026-09-07T17:17:24+02:00,144.0,1,Stabekk,VYG:Line:R21,Stabekk-Oslo S-Moss,R21,rail,VYG:ServiceJourney:1152-MOS_443035-R,True,actual,False,,,,,2026-09-07T20:27:16.249662+02:00
NSR:StopPlace:58861,Solbråtan stasjon,2026-09-07T18:26:00+02:00,2026-09-07T18:28:24+02:00,2026-09-07T18:28:24+02:00,144.0,1,Tårnåsen,RUT:Line:83,Jernbanetorget - Tårnåsen,83,bus,RUT:ServiceJourney:435401e7ec3e5aa918b24657600999b9,True,actual,False,Linje 80E og 83 får Hausmanns bru som ny endeholdeplass fra 29. juni,"Bussene stopper ikke på Jernbanetorget etter 29. juni, men starter og stopper på Hausmanns bru i Nylandsveien.",incident,normal,2026-09-07T20:27:16.249662+02:00
NSR:StopPlace:58862,Strømmen stasjon,2026-09-07T18:00:00+02:00,2026-09-07T18:02:24+02:00,2026-09-07T18:02:24+02:00,144.0,1,Asker,VYG:Line:L1,Spikkestad-Oslo S-Lillestrøm,L1,rail,VYG:ServiceJourney:2153_443562-R,True,actual,False,,,,,2026-09-07T20:27:16.249662+02:00
NSR:StopPlace:610,Sandvika stasjon,2026-09-07T18:24:00+02:00,2026-09-07T18:26:24+02:00,2026-09-07T18:26:24+02:00,144.0,1,Kongsberg,VYG:Line:R12,Kongsberg-Oslo S-Eidsvoll,R12,rail,VYG:ServiceJourney:527_444334-R,True,actual,False,,,,,2026-09-07T20:27:16.249662+02:00
NSR:StopPlace:59646,Høvik stasjon,2026-09-07T14:23:00+02:00,2026-09-07T14:25:24+02:00,2026-09-07T14:25:24+02:00,144.0,1,Lillestrøm,VYG:Line:L1,Spikkestad-Oslo S-Lillestrøm,L1,rail,VYG:ServiceJourney:2240_445337-R,True,actual,False,,,,,2026-09-07T15:44:36.205822+02:00
NSR:StopPlace:58966,Porsgrunn stasjon,2026-09-07T14:45:00+02:00,2026-09-07T14:47:24+02:00,2026-09-07T14:47:24+02:00,144.0,1,Skien,VYG:Line:RE11,Eidsvoll-Oslo S-Skien,RE11,rail,VYG:ServiceJourney:817_444397-R,True,actual,False,Heis på Porsgrunn ute av drift,Heisen på Porsgrunn til spor 2 er ute av drift.,general,normal,2026-09-07T15:44:36.205822+02:00
NSR:StopPlace:58852,Høn stasjon,2026-09-07T14:36:00+02:00,2026-09-07T14:38:24+02:00,2026-09-07T14:38:24+02:00,144.0,1,Lillestrøm,VYG:Line:L1,Spikkestad-Oslo S-Lillestrøm,L1,rail,VYG:ServiceJourney:2242_443654-R,True,actual,False,,,,,2026-09-07T15:44:36.205822+02:00
NSR:StopPlace:61291,Stavanger stasjon,2026-09-07T07:53:00+02:00,2026-09-07T07:55:24+02:00,2026-09-07T07:55:24+02:00,144.0,1,Egersund,GOA:Line:59,Jærbanen,L5,rail,GOA:ServiceJourney:3016_63048-R,True,actual,False,,,,,2026-09-07T08:42:24.659182+02:00
NSR:StopPlace:61169,Marienborg stasjon,2026-09-07T07:14:00+02:00,2026-09-07T07:16:24+02:00,2026-09-07T07:16:24+02:00,144.0,1,Grillstad via St. Olavs h- Ladeham.,ATB:Line:2_20,Grillstad - Strindheim - Ladehammeren- Sentrum - Romolslia,20,bus,ATB:ServiceJourney:20_251215112548250_11,True,actual,False,,,,,2026-09-07T08:42:24.659182+02:00
NSR:StopPlace:61735,Hell stasjon,2026-09-07T05:57:00+02:00,2026-09-07T05:59:24+02:00,2026-09-07T05:59:24+02:00,144.0,1,Støren,SJN:Line:26,Trønderbanen,R70,rail,SJN:ServiceJourney:420_56049-R,True,actual,False,,,,,2026-09-07T08:42:24.659182+02:00
NSR:StopPlace:58796,Moss stasjon,2026-09-07T06:05:00+02:00,2026-09-07T06:07:24+02:00,2026-09-07T06:07:24+02:00,144.0,1,Moss,OST:Line:1_641,Askim-Elvestad-Moss,641,bus,OST:ServiceJourney:641_260325121475907_1,True,actual,False,,,,,2026-09-07T08:42:24.659182+02:00
NSR:StopPlace:58839,Steinberg stasjon,2026-09-07T07:54:00+02:00,2026-09-07T07:56:24+02:00,2026-09-07T07:56:24+02:00,144.0,1,Hokksund - Vikersund,BRA:Line:4_6101,Drammen-Vikersund/Hønefoss,101,bus,BRA:ServiceJourney:6101_260415100161241_1003,True,actual,False,,,,,2026-09-07T08:42:24.659182+02:00
NSR:StopPlace:58862,Strømmen stasjon,2026-09-07T07:05:00+02:00,2026-09-07T07:07:24+02:00,2026-09-07T07:07:24+02:00,144.0,1,Lillestrøm,VYG:Line:L1,Spikkestad-Oslo S-Lillestrøm,L1,rail,VYG:ServiceJourney:2208_764738-R,True,actual,False,Færre vogner,Denne avgangen kjører dessverre med 4 vogner i stedet for 8 vogner. Dette skyldes at vi mangler et togsett.,general,normal,2026-09-07T08:42:24.659182+02:00
NSR:StopPlace:58802,Spydeberg stasjon,2026-09-07T06:43:00+02:00,2026-09-07T06:45:24+02:00,2026-09-07T06:45:24+02:00,144.0,1,Svikebøl,OST:Line:1_408,Askim-Spydeberg-Svikebøl,408,bus,OST:ServiceJourney:408_260325121472010_1,True,actual,False,,,,,2026-09-07T08:42:24.659182+02:00
NSR:StopPlace:58810,Løten stasjon,2026-09-07T06:35:00+02:00,2026-09-07T06:37:24+02:00,2026-09-07T06:37:24+02:00,144.0,1,Nordbygda,INN:Line:693,Løten - Nordbygda - Løten,693,bus,INN:ServiceJourney:84305,True,actual,False,,,,,2026-09-07T08:42:24.659182+02:00
NSR:StopPlace:58828,Roa stasjon,2026-09-07T06:03:00+02:00,2026-09-07T06:05:24+02:00,2026-09-07T06:05:24+02:00,144.0,1,Oslo S,VYG:Line:R31,Skøyen-Jaren-Gjøvik,R31,rail,VYG:ServiceJourney:BUS-244_655559-R,True,actual,False,,,,,2026-09-07T08:42:24.659182+02:00
NSR:StopPlace:6,Greverud stasjon,2026-09-07T22:33:00+02:00,2026-09-07T22:35:23+02:00,2026-09-07T22:35:23+02:00,143.0,1,Oslo S,VYG:Line:L2,Stabekk-Oslo S-Ski,L2,rail,VYG:ServiceJourney:2874_444118-R,True,actual,False,,,,,2026-09-08T00:20:52.129880+02:00
NSR:StopPlace:61466,Vakås stasjon,2026-09-08T00:11:00+02:00,2026-09-08T00:13:23+02:00,2026-09-08T00:13:23+02:00,143.0,1,Spikkestad,VYG:Line:L1,Spikkestad-Oslo S-Lillestrøm,L1,rail,VYG:ServiceJourney:2275_443710-R,True,actual,False,,,,,2026-09-08T00:20:52.129880+02:00
NSR:StopPlace:59642,Rånåsfoss stasjon,2026-09-07T22:39:00+02:00,2026-09-07T22:41:23+02:00,2026-09-07T22:41:23+02:00,143.0,1,Kongsvinger,VYG:Line:R14,Asker-Oslo S-Kongsvinger,R14,rail,VYG:ServiceJourney:1035_442947-R,True,actual,False,,,,,2026-09-08T00:20:52.129880+02:00
NSR:StopPlace:59650,Nyland stasjon,2026-09-07T21:59:00+02:00,2026-09-07T22:01:23+02:00,2026-09-07T22:01:23+02:00,143.0,1,Spikkestad,VYG:Line:L1,Spikkestad-Oslo S-Lillestrøm,L1,rail,VYG:ServiceJourney:2269_443700-R,True,actual,False,,,,,2026-09-08T00:20:52.129880+02:00
NSR:StopPlace:60045,Hamar stasjon,2026-09-07T22:45:00+02:00,2026-09-07T22:47:23+02:00,2026-09-07T22:47:23+02:00,143.0,1,Lillehammer,VYG:Line:RE10,Drammen-Oslo S-Lillehammer,RE10,rail,VYG:ServiceJourney:335-SUD_486419-R,True,actual,False,,,,,2026-09-08T00:20:52.129880+02:00
NSR:StopPlace:58839,Steinberg stasjon,2026-09-07T21:57:00+02:00,2026-09-07T21:59:23+02:00,2026-09-07T21:59:23+02:00,143.0,1,Kongsberg,VYG:Line:R12,Kongsberg-Oslo S-Eidsvoll,R12,rail,VYG:ServiceJourney:533_444342-R,True,actual,False,,,,,2026-09-08T00:20:52.129880+02:00
NSR:StopPlace:58853,Kolbotn stasjon,2026-09-07T22:19:00+02:00,2026-09-07T22:21:23+02:00,2026-09-07T22:21:23+02:00,143.0,1,Bjørvika,RUT:Line:83,Jernbanetorget - Tårnåsen,83,bus,RUT:ServiceJourney:f2b27c8c0de2ea1a144f6b4489cb901c,True,actual,False,Linje 80E og 83 får Hausmanns bru som ny endeholdeplass fra 29. juni,"Bussene stopper ikke på Jernbanetorget etter 29. juni, men starter og stopper på Hausmanns bru i Nylandsveien.",incident,normal,2026-09-08T00:20:52.129880+02:00
NSR:StopPlace:61458,Mjølfjell stasjon,2026-09-07T19:08:00+02:00,2026-09-07T19:10:23+02:00,2026-09-07T19:10:23+02:00,143.0,1,Bergen,VYG:Line:R40,Bergen-Voss-Myrdal-Ål,R40,rail,VYG:ServiceJourney:1835_477934-R,True,actual,False,,,,,2026-09-07T20:27:16.249662+02:00
NSR:StopPlace:59647,Dal stasjon,2026-09-07T19:11:00+02:00,2026-09-07T19:13:23+02:00,2026-09-07T19:13:23+02:00,143.0,1,Jessheim,RUT:Line:430,Eidsvoll - Jessheim,430,bus,RUT:ServiceJourney:c3a97c0cc067c0c529374dbdef22d5a8,True,actual,False,,,,,2026-09-07T20:27:16.249662+02:00
NSR:StopPlace:58950,Åsen stasjon,2026-09-07T19:37:00+02:00,2026-09-07T19:39:23+02:00,2026-09-07T19:39:23+02:00,143.0,1,Lundamo,SJN:Line:26,Trønderbanen,R70,rail,SJN:ServiceJourney:448_56077-R,True,actual,False,,,,,2026-09-07T20:27:16.249662+02:00
NSR:StopPlace:58857,Lørenskog stasjon,2026-09-07T18:07:00+02:00,2026-09-07T18:09:23+02:00,2026-09-07T18:09:23+02:00,143.0,1,Nesåsen,RUT:Line:120,Nesåsen - Stovner,120,bus,RUT:ServiceJourney:9884995c013c555dbc963f231a177e00,True,actual,False,,,,,2026-09-07T20:27:16.249662+02:00
NSR:StopPlace:58874,Stokke stasjon,2026-09-07T17:56:00+02:00,2026-09-07T17:58:23+02:00,2026-09-07T17:58:23+02:00,143.0,1,Skien,VYG:Line:RX11,Eidsvoll-Oslo S-Skien,RX11,rail,VYG:ServiceJourney:863-LOE_562942-R,True,actual,False,,,,,2026-09-07T20:27:16.249662+02:00
NSR:StopPlace:60047,Melhus skysstasjon,2026-09-07T14:33:00+02:00,2026-09-07T14:35:23+02:00,2026-09-07T14:35:23+02:00,143.0,1,Hesttrøa via Melhus skysstasjon,ATB:Line:2_82,Hesttrøa-Brekkåsen,82,bus,ATB:ServiceJourney:82_251215112550638_66,True,actual,False,Linje 82 og 504,Avvikende kjøring for linje 82 og 504 pga Hølondvegen er stengt. ,general,normal,2026-09-07T15:44:36.205822+02:00
NSR:StopPlace:58838,Røyken stasjon,2026-09-07T15:19:00+02:00,2026-09-07T15:21:23+02:00,2026-09-07T15:21:23+02:00,143.0,1,Grimsrud,RUT:Line:2033,Grimsrud -Spikkestad ungdomsskole,2033,bus,RUT:ServiceJourney:d0ce38f15096c890ed334f8330d983b5,True,actual,False,,,,,2026-09-07T15:44:36.205822+02:00
NSR:StopPlace:58846,Fetsund stasjon,2026-09-07T14:36:00+02:00,2026-09-07T14:38:23+02:00,2026-09-07T14:38:23+02:00,143.0,1,Asker,VYG:Line:R14,Asker-Oslo S-Kongsvinger,R14,rail,VYG:ServiceJourney:1020_442928-R,True,actual,False,,,,,2026-09-07T15:44:36.205822+02:00
NSR:StopPlace:58859,Nordby stasjon,2026-09-07T15:23:00+02:00,2026-09-07T15:25:23+02:00,2026-09-07T15:25:23+02:00,143.0,1,Dal,VYG:Line:R13,Drammen-Oslo S-Dal,R13,rail,VYG:ServiceJourney:1639_443296-R,True,actual,False,,,,,2026-09-07T15:44:36.205822+02:00
NSR:StopPlace:61466,Vakås stasjon,2026-09-07T06:11:00+02:00,2026-09-07T06:13:23+02:00,2026-09-07T06:13:23+02:00,143.0,1,Spikkestad,VYG:Line:L1,Spikkestad-Oslo S-Lillestrøm,L1,rail,VYG:ServiceJourney:2203_764731-R,True,actual,False,Færre vogner,Denne avgangen kjører dessverre med 4 vogner i stedet for 8 vogner. Dette skyldes at vi mangler et togsett.,general,normal,2026-09-07T08:42:24.659182+02:00
NSR:StopPlace:58948,Stjørdal stasjon,2026-09-07T05:51:00+02:00,2026-09-07T05:53:23+02:00,2026-09-07T05:53:23+02:00,143.0,1,Støren,SJN:Line:26,Trønderbanen,R70,rail,SJN:ServiceJourney:420_56049-R,True,actual,False,,,,,2026-09-07T08:42:24.659182+02:00
NSR:StopPlace:58795,Kambo stasjon,2026-09-07T06:56:00+02:00,2026-09-07T06:58:23+02:00,2026-09-07T06:58:23+02:00,143.0,1,Moss,RUT:Line:540,Moss - Son - Vestby stasjon,540,bus,RUT:ServiceJourney:e79b750c75d321c643d5c2687e7dbd54,True,actual,False,,,,,2026-09-07T08:42:24.659182+02:00
NSR:StopPlace:58808,Kongsvinger stasjon,2026-09-07T07:29:00+02:00,2026-09-07T07:31:23+02:00,2026-09-07T07:31:23+02:00,143.0,1,Marikollen,INN:Line:82,Skriverskogen - Marikollen,B82,bus,INN:ServiceJourney:54345,True,actual,False,,,,,2026-09-07T08:42:24.659182+02:00
NSR:StopPlace:58824,Lunner stasjon,2026-09-07T06:55:00+02:00,2026-09-07T06:57:23+02:00,2026-09-07T06:57:23+02:00,143.0,1,Grindvoll,INN:Line:451,Gran-Lunner-Grindvoll-Jevnaker,451,bus,INN:ServiceJourney:71484,True,actual,False,,,,,2026-09-07T08:42:24.659182+02:00
NSR:StopPlace:58824,Lunner stasjon,2026-09-07T08:20:00+02:00,2026-09-07T08:22:23+02:00,2026-09-07T08:22:23+02:00,143.0,1,Lunner b.sk. via Solheimstorget,INN:Line:451,Gran-Lunner-Grindvoll-Jevnaker,451,bus,INN:ServiceJourney:71510,True,actual,False,,,,,2026-09-07T08:42:24.659182+02:00
NSR:StopPlace:61979,Hellvik stasjon,2026-09-07T05:49:00+02:00,2026-09-07T05:51:23+02:00,2026-09-07T05:51:23+02:00,143.0,1,Stavanger,GOA:Line:59,Jærbanen,L5,rail,GOA:ServiceJourney:3005_63036-R,True,actual,False,,,,,2026-09-07T08:42:24.659182+02:00
NSR:StopPlace:58801,Sarpsborg stasjon,2026-09-08T01:42:00+02:00,2026-09-08T01:44:22+02:00,2026-09-08T01:44:22+02:00,142.0,1,Halden,VYG:Line:RE20,Oslo S-Halden-Göteborg (X-Border),RE20,rail,VYG:ServiceJourney:139_443138-R,True,actual,False,,,,,2026-09-08T03:39:50.209703+02:00
NSR:StopPlace:59646,Høvik stasjon,2026-09-08T00:12:00+02:00,2026-09-08T00:14:22+02:00,2026-09-08T00:14:22+02:00,142.0,1,Asker,VYG:Line:L1,Spikkestad-Oslo S-Lillestrøm,L1,rail,VYG:ServiceJourney:2175_443586-R,True,actual,False,,,,,2026-09-08T00:20:52.129880+02:00
NSR:StopPlace:59649,Nydalen stasjon,2026-09-07T22:46:00+02:00,2026-09-07T22:48:22+02:00,2026-09-07T22:48:22+02:00,142.0,1,Lysaker,RUT:Line:23,Lysaker - Simensbråten,23,bus,RUT:ServiceJourney:a0f32a66b7cea9e51e21cce10e20b984,True,actual,False,,,,,2026-09-08T00:20:52.129880+02:00
NSR:StopPlace:59952,Drammen stasjon,2026-09-07T23:38:00+02:00,2026-09-07T23:40:22+02:00,2026-09-07T23:40:22+02:00,142.0,1,Bergen,VYG:Line:F4,Oslo S-Bergen,F4,rail,VYG:ServiceJourney:605-LOD_444356-R,True,actual,False,,,,,2026-09-08T00:20:52.129880+02:00
NSR:StopPlace:58800,Råde stasjon,2026-09-07T21:54:00+02:00,2026-09-07T21:56:22+02:00,2026-09-07T21:56:22+02:00,142.0,1,Oslo S,VYG:Line:RE20,Oslo S-Halden-Göteborg (X-Border),RE20,rail,VYG:ServiceJourney:136_443136-R,True,actual,False,,,,,2026-09-08T00:20:52.129880+02:00
NSR:StopPlace:41,Hanaborg stasjon,2026-09-07T18:04:00+02:00,2026-09-07T18:06:22+02:00,2026-09-07T18:06:22+02:00,142.0,1,Asker,VYG:Line:L1,Spikkestad-Oslo S-Lillestrøm,L1,rail,VYG:ServiceJourney:2153_443562-R,True,actual,False,,,,,2026-09-07T20:27:16.249662+02:00
NSR:StopPlace:59646,Høvik stasjon,2026-09-07T18:42:00+02:00,2026-09-07T18:44:22+02:00,2026-09-07T18:44:22+02:00,142.0,1,Asker,VYG:Line:L1,Spikkestad-Oslo S-Lillestrøm,L1,rail,VYG:ServiceJourney:2153_443562-R,True,actual,False,,,,,2026-09-07T20:27:16.249662+02:00
NSR:StopPlace:59647,Dal stasjon,2026-09-07T20:16:00+02:00,2026-09-07T20:18:22+02:00,2026-09-07T20:18:22+02:00,142.0,1,Eidsvoll st.,RUT:Line:430,Eidsvoll - Jessheim,430,bus,RUT:ServiceJourney:382399778e33cc8b32928c403b7c7542,True,actual,False,,,,,2026-09-07T20:27:16.249662+02:00
NSR:StopPlace:59654,Stabekk stasjon,2026-09-07T17:06:00+02:00,2026-09-07T17:08:22+02:00,2026-09-07T17:08:22+02:00,142.0,1,Moss,VYG:Line:R21,Stabekk-Oslo S-Moss,R21,rail,VYG:ServiceJourney:1149-HVK_443028-R,True,actual,False,,,,,2026-09-07T20:27:16.249662+02:00
NSR:StopPlace:59654,Stabekk stasjon,2026-09-07T17:47:00+02:00,2026-09-07T17:49:22+02:00,2026-09-07T17:49:22+02:00,142.0,1,Gullhaug,RUT:Line:150,Gullhaug - Nationaltheatret,150,bus,RUT:ServiceJourney:66b4db1f6bf730d02af9c62542e54242,True,actual,False,Holdeplass Stabekk stasjon i retning mot Bekkestua er flyttet ca. 50 meter bakover.,Dette skyldes anleggsarbeid i området.,incident,normal,2026-09-07T20:27:16.249662+02:00
NSR:StopPlace:60042,Trengereid stasjon,2026-09-07T19:42:00+02:00,2026-09-07T19:44:22+02:00,2026-09-07T19:44:22+02:00,142.0,1,Voss,VYG:Line:R40,Bergen-Voss-Myrdal-Ål,R40,rail,VYG:ServiceJourney:1830_457480-R,True,actual,False,,,,,2026-09-07T20:27:16.249662+02:00
NSR:StopPlace:58837,Nesbyen stasjon,2026-09-07T19:42:00+02:00,2026-09-07T19:44:22+02:00,2026-09-07T19:44:22+02:00,142.0,1,Oslo S,VYG:Line:F4,Oslo S-Bergen,F4,rail,VYG:ServiceJourney:64-BRG_444368-R,True,actual,False,,,,,2026-09-07T20:27:16.249662+02:00
NSR:StopPlace:58861,Solbråtan stasjon,2026-09-07T17:45:00+02:00,2026-09-07T17:47:22+02:00,2026-09-07T17:47:22+02:00,142.0,1,Bjørvika,RUT:Line:83,Jernbanetorget - Tårnåsen,83,bus,RUT:ServiceJourney:6980f0a4f391a23e5f42058be5cd4a54,True,actual,False,Linje 80E og 83 får Hausmanns bru som ny endeholdeplass fra 29. juni,"Bussene stopper ikke på Jernbanetorget etter 29. juni, men starter og stopper på Hausmanns bru i Nylandsveien.",incident,normal,2026-09-07T20:27:16.249662+02:00
NSR:StopPlace:628,Darbu stasjon,2026-09-07T19:10:00+02:00,2026-09-07T19:12:22+02:00,2026-09-07T19:12:22+02:00,142.0,1,Kongsberg,VYG:Line:R12,Kongsberg-Oslo S-Eidsvoll,R12,rail,VYG:ServiceJourney:527_444334-R,True,actual,False,,,,,2026-09-07T20:27:16.249662+02:00
NSR:StopPlace:59983,Bergen stasjon,2026-09-07T15:38:00+02:00,2026-09-07T15:40:22+02:00,2026-09-07T15:40:22+02:00,142.0,1,Oslo S,VYG:Line:F4,Oslo S-Bergen,F4,rail,VYG:ServiceJourney:64-BRG_444368-R,True,actual,False,,,,,2026-09-07T15:44:36.205822+02:00
NSR:StopPlace:58964,Kløfta stasjon,2026-09-07T14:44:00+02:00,2026-09-07T14:46:22+02:00,2026-09-07T14:46:22+02:00,142.0,1,Dal,VYG:Line:R13,Drammen-Oslo S-Dal,R13,rail,VYG:ServiceJourney:1637_443291-R,True,actual,False,,,,,2026-09-07T15:44:36.205822+02:00
NSR:StopPlace:61464,Hvalstad stasjon,2026-09-07T08:10:00+02:00,2026-09-07T08:12:22+02:00,2026-09-07T08:12:22+02:00,142.0,1,Lillestrøm,VYG:Line:L1,Spikkestad-Oslo S-Lillestrøm,L1,rail,VYG:ServiceJourney:2216_445310-R,True,actual,False,Færre vogner,Denne avgangen kjører dessverre med 4 vogner i stedet for 8 vogner. Dette skyldes at vi mangler et togsett.,general,normal,2026-09-07T08:42:24.659182+02:00
NSR:StopPlace:59957,Klepp stasjon,2026-09-07T07:22:00+02:00,2026-09-07T07:24:22+02:00,2026-09-07T07:24:22+02:00,142.0,1,Egersund,GOA:Line:59,Jærbanen,L5,rail,GOA:ServiceJourney:3012_63044-R,True,actual,False,,,,,2026-09-07T08:42:24.659182+02:00
NSR:StopPlace:59977,Trondheim S,2026-09-07T05:45:00+02:00,2026-09-07T05:47:22+02:00,2026-09-07T05:47:22+02:00,142.0,1,Fannrem stasjon via Orkanger,ATB:Line:2_310,Trondheim - Orkanger - Fannrem,310,bus,ATB:ServiceJourney:310_260106098639769_2,True,actual,False,,,,,2026-09-07T08:42:24.659182+02:00
NSR:StopPlace:58847,Frogner stasjon,2026-09-07T06:43:00+02:00,2026-09-07T06:45:22+02:00,2026-09-07T06:45:22+02:00,142.0,1,Skedsmokorset,RUT:Line:365,Sørumsand - Frogner - Skedsmokorset,365,bus,RUT:ServiceJourney:ec58ef150c6710ec55e3fa30595c1968,True,actual,False,,,,,2026-09-07T08:42:24.659182+02:00
NSR:StopPlace:58884,Skien stasjon,2026-09-07T07:58:00+02:00,2026-09-07T08:00:22+02:00,2026-09-07T08:00:22+02:00,142.0,1,Åfoss via Skien sentrum,TEL:Line:8047,Siljan-Skien-Åfoss,P7,bus,TEL:ServiceJourney:127380,True,actual,False,,,,,2026-09-07T08:42:24.659182+02:00
NSR:StopPlace:58819,Grua stasjon,2026-09-07T07:09:00+02:00,2026-09-07T07:11:22+02:00,2026-09-07T07:11:22+02:00,142.0,1,Hadeland vgs,INN:Line:112,Brandbu-Gran-Harestua,112,bus,INN:ServiceJourney:70817,True,actual,False,,,,,2026-09-07T08:42:24.659182+02:00
NSR:StopPlace:58935,Levanger stasjon,2026-09-07T22:42:00+02:00,2026-09-07T22:44:21+02:00,2026-09-07T22:44:21+02:00,141.0,1,Steinkjer,SJN:Line:26,Trønderbanen,R70,rail,SJN:ServiceJourney:453_56082-R,True,actual,False,,,,,2026-09-08T00:20:52.129880+02:00
NSR:StopPlace:58845,Eidsvoll verk stasjon,2026-09-07T22:30:00+02:00,2026-09-07T22:32:21+02:00,2026-09-07T22:32:21+02:00,141.0,1,Eidsvoll st.,RUT:Line:430,Eidsvoll - Jessheim,430,bus,RUT:ServiceJourney:ddd3cc9eb6c3dedbf08350648207b837,True,actual,False,,,,,2026-09-08T00:20:52.129880+02:00
NSR:StopPlace:58854,Langhus stasjon,2026-09-07T22:29:00+02:00,2026-09-07T22:31:21+02:00,2026-09-07T22:31:21+02:00,141.0,1,Bøleråsen,RUT:Line:510,Bøleråsen - Ski - Ås - Drøbak,510,bus,RUT:ServiceJourney:e0eb43b45a413645b6ce8699c3db19e1,True,actual,False,,,,,2026-09-08T00:20:52.129880+02:00
NSR:StopPlace:59654,Stabekk stasjon,2026-09-07T17:32:00+02:00,2026-09-07T17:34:21+02:00,2026-09-07T17:34:21+02:00,141.0,1,Nationaltheatret,RUT:Line:150,Gullhaug - Nationaltheatret,150,bus,RUT:ServiceJourney:c03c741ac9b394e0b5285230ff24af10,True,actual,False,,,,,2026-09-07T20:27:16.249662+02:00
NSR:StopPlace:59952,Drammen stasjon,2026-09-07T18:43:00+02:00,2026-09-07T18:45:21+02:00,2026-09-07T18:45:21+02:00,141.0,1,Kongsberg,VYG:Line:R12,Kongsberg-Oslo S-Eidsvoll,R12,rail,VYG:ServiceJourney:527_444334-R,True,actual,False,,,,,2026-09-07T20:27:16.249662+02:00
NSR:StopPlace:58966,Porsgrunn stasjon,2026-09-07T20:17:00+02:00,2026-09-07T20:19:21+02:00,2026-09-07T20:19:21+02:00,141.0,1,Eidsvoll,VYG:Line:RE11,Eidsvoll-Oslo S-Skien,RE11,rail,VYG:ServiceJourney:834_444414-R,True,actual,False,Heis på Porsgrunn ute av drift,Heisen på Porsgrunn til spor 2 er ute av drift.,general,normal,2026-09-07T20:27:16.249662+02:00
NSR:StopPlace:58924,Bryne stasjon,2026-09-07T17:28:00+02:00,2026-09-07T17:30:21+02:00,2026-09-07T17:30:21+02:00,141.0,1,Egersund,GOA:Line:59,Jærbanen,L5,rail,GOA:ServiceJourney:3052_63100-R,True,actual,False,,,,,2026-09-07T20:27:16.249662+02:00
NSR:StopPlace:58799,Rygge stasjon,2026-09-07T18:24:00+02:00,2026-09-07T18:26:21+02:00,2026-09-07T18:26:21+02:00,141.0,1,Halden,VYG:Line:RE20,Oslo S-Halden-Göteborg (X-Border),RE20,rail,VYG:ServiceJourney:145_509066-R,True,actual,False,Færre vogner,Denne avgangen kjører dessverre med 5 vogner i stedet for 10 vogner. Dette skyldes at vi mangler et togsett.,general,normal,2026-09-07T20:27:16.249662+02:00
NSR:StopPlace:58866,Vevelstad stasjon,2026-09-07T17:54:00+02:00,2026-09-07T17:56:21+02:00,2026-09-07T17:56:21+02:00,141.0,1,Bøleråsen,RUT:Line:510,Bøleråsen - Ski - Ås - Drøbak,510,bus,RUT:ServiceJourney:b08b21e0be63fd1f76395b799e0ec035,True,actual,False,,,,,2026-09-07T20:27:16.249662+02:00
NSR:StopPlace:58800,Råde stasjon,2026-09-07T17:35:00+02:00,2026-09-07T17:37:21+02:00,2026-09-07T17:37:21+02:00,141.0,1,Halden,VYG:Line:RE20,Oslo S-Halden-Göteborg (X-Border),RE20,rail,VYG:ServiceJourney:143-LOD_509064-R,True,actual,False,,,,,2026-09-07T20:27:16.249662+02:00
NSR:StopPlace:101,Sagdalen stasjon,2026-09-07T17:58:00+02:00,2026-09-07T18:00:21+02:00,2026-09-07T18:00:21+02:00,141.0,1,Asker,VYG:Line:L1,Spikkestad-Oslo S-Lillestrøm,L1,rail,VYG:ServiceJourney:2153_443562-R,True,actual,False,,,,,2026-09-07T20:27:16.249662+02:00
NSR:StopPlace:702,Sandnes sentrum stasjon,2026-09-07T18:14:00+02:00,2026-09-07T18:16:21+02:00,2026-09-07T18:16:21+02:00,141.0,1,Stavanger,GOA:Line:59,Jærbanen,L5,rail,GOA:ServiceJourney:3053_63102-R,True,actual,False,,,,,2026-09-07T20:27:16.249662+02:00
NSR:StopPlace:628,Darbu stasjon,2026-09-07T18:48:00+02:00,2026-09-07T18:50:21+02:00,2026-09-07T18:50:21+02:00,141.0,1,Eidsvoll,VYG:Line:R12,Kongsberg-Oslo S-Eidsvoll,R12,rail,VYG:ServiceJourney:530_444338-R,True,actual,False,,,,,2026-09-07T20:27:16.249662+02:00
NSR:StopPlace:62392,Slependen stasjon,2026-09-07T18:19:00+02:00,2026-09-07T18:21:21+02:00,2026-09-07T18:21:21+02:00,141.0,1,Asker,VYG:Line:L1,Spikkestad-Oslo S-Lillestrøm,L1,rail,VYG:ServiceJourney:2151_443560-R,True,actual,False,,,,,2026-09-07T20:27:16.249662+02:00
NSR:StopPlace:58858,Nittedal stasjon,2026-09-07T14:24:00+02:00,2026-09-07T14:26:21+02:00,2026-09-07T14:26:21+02:00,141.0,1,Oslo S,VYG:Line:R31,Skøyen-Jaren-Gjøvik,R31,rail,VYG:ServiceJourney:BUS-284_655630-R,True,actual,False,,,,,2026-09-07T15:44:36.205822+02:00
NSR:StopPlace:58821,Hjerkinn stasjon,2026-09-07T12:28:00+02:00,2026-09-07T12:30:21+02:00,2026-09-07T12:30:21+02:00,141.0,1,Trondheim S,SJN:Line:21,Dovrebanen,F6,rail,SJN:ServiceJourney:43-LOD_47893-R,True,actual,False,,,,,2026-09-07T15:44:36.205822+02:00
NSR:StopPlace:62338,Fossum stasjon,2026-09-07T15:34:00+02:00,2026-09-07T15:36:21+02:00,2026-09-07T15:36:21+02:00,141.0,1,Sørumsand,RUT:Line:2177,Harkerud - Sørumsand - Bjørkelangen,2177,bus,RUT:ServiceJourney:e639912569b73451cfc4457980b5d6a9,True,actual,False,,,,,2026-09-07T15:44:36.205822+02:00
NSR:StopPlace:59872,Oslo S,2026-09-07T06:11:00+02:00,2026-09-07T06:13:21+02:00,2026-09-07T06:13:21+02:00,141.0,1,Spikkestad,VYG:Line:L1,Spikkestad-Oslo S-Lillestrøm,L1,rail,VYG:ServiceJourney:2205_443593-R,True,actual,False,Færre vogner,Denne avgangen kjører dessverre med 4 vogner i stedet for 8 vogner. Dette skyldes at vi mangler et togsett.,general,normal,2026-09-07T08:42:24.659182+02:00
NSR:StopPlace:60944,Ski stasjon,2026-09-07T06:24:00+02:00,2026-09-07T06:26:21+02:00,2026-09-07T06:26:21+02:00,141.0,1,Lysaker,VYG:Line:L2,Stabekk-Oslo S-Ski,L2,rail,VYG:ServiceJourney:2810-SKI_444022-R,True,actual,False,Færre vogner,Denne avgangen kjører dessverre med 3 vogner i stedet for 6 vogner. Dette skyldes at vi mangler et togsett.,general,normal,2026-09-07T08:42:24.659182+02:00
NSR:StopPlace:58852,Høn stasjon,2026-09-07T08:13:00+02:00,2026-09-07T08:15:21+02:00,2026-09-07T08:15:21+02:00,141.0,1,Spikkestad,VYG:Line:L1,Spikkestad-Oslo S-Lillestrøm,L1,rail,VYG:ServiceJourney:2211_443602-R,True,actual,False,,,,,2026-09-07T08:42:24.659182+02:00
NSR:StopPlace:58856,Lysaker stasjon,2026-09-07T06:01:00+02:00,2026-09-07T06:03:21+02:00,2026-09-07T06:03:21+02:00,141.0,1,Fornebu,RUT:Line:31,Snarøya - Fornebu - Tonsenhagen - Grorud,31,bus,RUT:ServiceJourney:81cbf53bb011465ff56def61933bcdd3,True,actual,False,,,,,2026-09-07T08:42:24.659182+02:00
NSR:StopPlace:58851,Heggedal stasjon,2026-09-07T05:24:00+02:00,2026-09-07T05:26:21+02:00,2026-09-07T05:26:21+02:00,141.0,1,Lillestrøm,VYG:Line:L1,Spikkestad-Oslo S-Lillestrøm,L1,rail,VYG:ServiceJourney:2206_443594-R,True,actual,False,,,,,2026-09-07T08:42:24.659182+02:00
NSR:StopPlace:58868,Årnes stasjon,2026-09-07T06:51:00+02:00,2026-09-07T06:53:21+02:00,2026-09-07T06:53:21+02:00,141.0,1,Kongsvinger,VYG:Line:R14,Asker-Oslo S-Kongsvinger,R14,rail,VYG:ServiceJourney:1003_442908-R,True,actual,False,,,,,2026-09-07T08:42:24.659182+02:00
NSR:StopPlace:58860,Oppegård stasjon,2026-09-07T08:18:00+02:00,2026-09-07T08:20:21+02:00,2026-09-07T08:20:21+02:00,141.0,1,Jernbanetorget,RUT:Line:84,Jernbanetorget-Oppegård st.,84E,bus,RUT:ServiceJourney:10c8d3c7aff90319fbbb0b07b4d13ec9,True,actual,False,,,,,2026-09-07T08:42:24.659182+02:00
NSR:StopPlace:62341,Tangen stasjon,2026-09-07T06:36:00+02:00,2026-09-07T06:38:21+02:00,2026-09-07T06:38:21+02:00,141.0,1,Drammen,VYG:Line:RE10,Drammen-Oslo S-Lillehammer,RE10,rail,VYG:ServiceJourney:304-HHS_487829-R,True,actual,False,,,,,2026-09-07T08:42:24.659182+02:00
NSR:StopPlace:222,Myrdal stasjon,2026-09-08T01:20:00+02:00,2026-09-08T01:22:20+02:00,2026-09-08T01:22:20+02:00,140.0,1,Oslo S,VYG:Line:F4,Oslo S-Bergen,F4,rail,VYG:ServiceJourney:606-BRG_481554-R,True,actual,False,,,,,2026-09-08T03:39:50.209703+02:00
NSR:StopPlace:62308,Alna stasjon,2026-09-08T01:02:30+02:00,2026-09-08T01:04:50+02:00,2026-09-08T01:04:50+02:00,140.0,1,Drammen,VYG:Line:L1,Spikkestad-Oslo S-Lillestrøm,L1,rail,VYG:ServiceJourney:2281_443719-R,True,actual,False,,,,,2026-09-08T03:39:50.209703+02:00
NSR:StopPlace:41,Hanaborg stasjon,2026-09-07T21:19:00+02:00,2026-09-07T21:21:20+02:00,2026-09-07T21:21:20+02:00,140.0,1,Spikkestad,VYG:Line:L1,Spikkestad-Oslo S-Lillestrøm,L1,rail,VYG:ServiceJourney:2267_443697-R,True,actual,False,,,,,2026-09-08T00:20:52.129880+02:00
NSR:StopPlace:61897,Bryn stasjon,2026-09-07T22:05:00+02:00,2026-09-07T22:07:20+02:00,2026-09-07T22:07:20+02:00,140.0,1,Spikkestad,VYG:Line:L1,Spikkestad-Oslo S-Lillestrøm,L1,rail,VYG:ServiceJourney:2269_443700-R,True,actual,False,,,,,2026-09-08T00:20:52.129880+02:00
NSR:StopPlace:59652,Tøyen stasjon,2026-09-07T22:44:00+02:00,2026-09-07T22:46:20+02:00,2026-09-07T22:46:20+02:00,140.0,1,Vippetangen,RUT:Line:60,Vippetangen-Tonsenhagen,60,bus,RUT:ServiceJourney:e3db2cc2b5ef0ffe466c585531192c28,True,actual,False,,,,,2026-09-08T00:20:52.129880+02:00
NSR:StopPlace:58835,Lier stasjon,2026-09-07T22:47:00+02:00,2026-09-07T22:49:20+02:00,2026-09-07T22:49:20+02:00,140.0,1,Drammen,VYG:Line:R13,Drammen-Oslo S-Dal,R13,rail,VYG:ServiceJourney:1668_443360-R,True,actual,False,,,,,2026-09-08T00:20:52.129880+02:00
NSR:StopPlace:58809,Koppang stasjon,2026-09-07T21:42:00+02:00,2026-09-07T21:44:20+02:00,2026-09-07T21:44:20+02:00,140.0,1,Røros,SJN:Line:25,Rørosbanen,R60,rail,SJN:ServiceJourney:2393_37671-R,True,actual,False,,,,,2026-09-08T00:20:52.129880+02:00
NSR:StopPlace:101,Sagdalen stasjon,2026-09-07T22:52:00+02:00,2026-09-07T22:54:20+02:00,2026-09-07T22:54:20+02:00,140.0,1,Lillestrøm,VYG:Line:L1,Spikkestad-Oslo S-Lillestrøm,L1,rail,VYG:ServiceJourney:2170_443581-R,True,actual,False,,,,,2026-09-08T00:20:52.129880+02:00
NSR:StopPlace:59647,Dal stasjon,2026-09-07T17:46:00+02:00,2026-09-07T17:48:20+02:00,2026-09-07T17:48:20+02:00,140.0,1,Eidsvoll,RUT:Line:430,Eidsvoll - Jessheim,430,bus,RUT:ServiceJourney:f9b0c25a09410c357d952992b67c6a6b,True,actual,False,,,,,2026-09-07T20:27:16.249662+02:00
NSR:StopPlace:60047,Melhus skysstasjon,2026-09-07T19:08:00+02:00,2026-09-07T19:10:20+02:00,2026-09-07T19:10:20+02:00,140.0,1,Lundamo,SJN:Line:26,Trønderbanen,R70,rail,SJN:ServiceJourney:444_56073-R,True,actual,False,,,,,2026-09-07T20:27:16.249662+02:00
NSR:StopPlace:58799,Rygge stasjon,2026-09-07T17:57:00+02:00,2026-09-07T17:59:20+02:00,2026-09-07T17:59:20+02:00,140.0,1,Halden,VYG:Line:RE20,Oslo S-Halden-Göteborg (X-Border),RE20,rail,VYG:ServiceJourney:125_443123-R,True,actual,False,,,,,2026-09-07T20:27:16.249662+02:00
NSR:StopPlace:610,Sandvika stasjon,2026-09-07T17:40:00+02:00,2026-09-07T17:42:20+02:00,2026-09-07T17:42:20+02:00,140.0,1,Oslo Lufthavn,FLT:Line:FLY1,FLY1,FLY1,rail,FLT:ServiceJourney:1-2614-3781-20260907,True,actual,False,,,,,2026-09-07T20:27:16.249662+02:00
NSR:StopPlace:58947,Steinkjer stasjon,2026-09-07T15:25:00+02:00,2026-09-07T15:27:20+02:00,2026-09-07T15:27:20+02:00,140.0,1,Gaulstad,ATB:Line:2_7303,Ogndal - Steinkjer,7303,bus,ATB:ServiceJourney:7303_260106098640758_27,True,actual,False,,,,,2026-09-07T15:44:36.205822+02:00
NSR:StopPlace:58860,Oppegård stasjon,2026-09-07T15:01:00+02:00,2026-09-07T15:03:20+02:00,2026-09-07T15:03:20+02:00,140.0,1,Ski stasjon,RUT:Line:580,Kolbotn - Ski,580,bus,RUT:ServiceJourney:636118e98960bce80cc54913f89b8a51,True,actual,False,,,,,2026-09-07T15:44:36.205822+02:00
NSR:StopPlace:58801,Sarpsborg stasjon,2026-09-07T15:31:00+02:00,2026-09-07T15:33:20+02:00,2026-09-07T15:33:20+02:00,140.0,1,Sarpsborg-Kalnes,OST:Line:1_13,Kalnes - Blessom,13,bus,OST:ServiceJourney:13_260325121470794_29,True,actual,False,,,,,2026-09-07T15:44:36.205822+02:00
NSR:StopPlace:101,Sagdalen stasjon,2026-09-07T14:58:00+02:00,2026-09-07T15:00:20+02:00,2026-09-07T15:00:20+02:00,140.0,1,Asker,VYG:Line:L1,Spikkestad-Oslo S-Lillestrøm,L1,rail,VYG:ServiceJourney:2141_443549-R,True,actual,False,Færre vogner,Denne avgangen kjører dessverre med 4 vogner i stedet for 8 vogner. Dette skyldes at vi mangler et togsett.,general,normal,2026-09-07T15:44:36.205822+02:00
NSR:StopPlace:23,Rena stasjon,2026-09-07T06:55:00+02:00,2026-09-07T06:57:20+02:00,2026-09-07T06:57:20+02:00,140.0,1,Hamar,SJN:Line:25,Rørosbanen,R60,rail,SJN:ServiceJourney:2378_30115-R,True,actual,False,,,,,2026-09-07T08:42:24.659182+02:00
NSR:StopPlace:59620,Grorud stasjon,2026-09-07T07:05:00+02:00,2026-09-07T07:07:20+02:00,2026-09-07T07:07:20+02:00,140.0,1,Helsfyr,RUT:Line:66,Helsfyr T - Grorud T,66,bus,RUT:ServiceJourney:cd225665c91668bc9f0e9c184d44aa29,True,actual,False,,,,,2026-09-07T08:42:24.659182+02:00
NSR:StopPlace:58817,Eina stasjon,2026-09-07T07:00:00+02:00,2026-09-07T07:02:20+02:00,2026-09-07T07:02:20+02:00,140.0,1,Lena  o/Møllerhagen,INN:Line:441,Eina-Kolbu-Lindholm-Lena,441,bus,INN:ServiceJourney:67992,True,actual,False,,,,,2026-09-07T08:42:24.659182+02:00
NSR:StopPlace:60736,Spikkestad stasjon,2026-09-07T23:46:00+02:00,2026-09-07T23:48:19+02:00,2026-09-07T23:48:19+02:00,139.0,1,Lillestrøm,VYG:Line:L1,Spikkestad-Oslo S-Lillestrøm,L1,rail,VYG:ServiceJourney:2280_443718-R,True,actual,False,,,,,2026-09-08T00:20:52.129880+02:00
NSR:StopPlace:59638,Myrvoll stasjon,2026-09-07T21:56:00+02:00,2026-09-07T21:58:19+02:00,2026-09-07T21:58:19+02:00,139.0,1,Ski stasjon,RUT:Line:580,Kolbotn - Ski,580,bus,RUT:ServiceJourney:120737d37f71abc0dc2531304760bb57,True,actual,False,,,,,2026-09-08T00:20:52.129880+02:00
NSR:StopPlace:58963,Jessheim stasjon,2026-09-07T22:51:00+02:00,2026-09-07T22:53:19+02:00,2026-09-07T22:53:19+02:00,139.0,1,Dal,VYG:Line:R13,Drammen-Oslo S-Dal,R13,rail,VYG:ServiceJourney:1669_443361-R,True,actual,False,,,,,2026-09-08T00:20:52.129880+02:00
NSR:StopPlace:58870,Holmestrand stasjon,2026-09-07T23:31:00+02:00,2026-09-07T23:33:19+02:00,2026-09-07T23:33:19+02:00,139.0,1,Skien,VYG:Line:RE11,Eidsvoll-Oslo S-Skien,RE11,rail,VYG:ServiceJourney:837_444417-R,True,actual,False,,,,,2026-09-08T00:20:52.129880+02:00
NSR:StopPlace:58873,Skoppum stasjon,2026-09-07T22:00:00+02:00,2026-09-07T22:02:19+02:00,2026-09-07T22:02:19+02:00,139.0,1,Holtandalen-Horten,VKT:Line:40,Horten-Holtandalen-Skoppum,40,bus,VKT:ServiceJourney:17446,True,actual,False,,,,,2026-09-08T00:20:52.129880+02:00
NSR:StopPlace:261,Ganddal stasjon,2026-09-08T00:15:00+02:00,2026-09-08T00:17:19+02:00,2026-09-08T00:17:19+02:00,139.0,1,Egersund,GOA:Line:59,Jærbanen,L5,rail,GOA:ServiceJourney:3078_63142-R,True,actual,False,,,,,2026-09-08T00:20:52.129880+02:00
NSR:StopPlace:441,Auli stasjon,2026-09-07T22:42:00+02:00,2026-09-07T22:44:19+02:00,2026-09-07T22:44:19+02:00,139.0,1,Kongsvinger,VYG:Line:R14,Asker-Oslo S-Kongsvinger,R14,rail,VYG:ServiceJourney:1035_442947-R,True,actual,False,,,,,2026-09-08T00:20:52.129880+02:00
NSR:StopPlace:61169,Marienborg stasjon,2026-09-07T18:20:00+02:00,2026-09-07T18:22:19+02:00,2026-09-07T18:22:19+02:00,139.0,1,Trondheim S,SJN:Line:25,Rørosbanen,R60,rail,SJN:ServiceJourney:2385_30335-R,True,actual,False,,,,,2026-09-07T20:27:16.249662+02:00
NSR:StopPlace:58966,Porsgrunn stasjon,2026-09-07T19:45:00+02:00,2026-09-07T19:47:19+02:00,2026-09-07T19:47:19+02:00,139.0,1,Skien,VYG:Line:RE11,Eidsvoll-Oslo S-Skien,RE11,rail,VYG:ServiceJourney:827_444407-R,True,actual,False,Heis på Porsgrunn ute av drift,Heisen på Porsgrunn til spor 2 er ute av drift.,general,normal,2026-09-07T20:27:16.249662+02:00
NSR:StopPlace:58843,Blommenholm stasjon,2026-09-07T19:44:00+02:00,2026-09-07T19:46:19+02:00,2026-09-07T19:46:19+02:00,139.0,1,Asker,VYG:Line:L1,Spikkestad-Oslo S-Lillestrøm,L1,rail,VYG:ServiceJourney:2157_443566-R,True,actual,False,,,,,2026-09-07T20:27:16.249662+02:00
NSR:StopPlace:58851,Heggedal stasjon,2026-09-07T20:24:00+02:00,2026-09-07T20:26:19+02:00,2026-09-07T20:26:19+02:00,139.0,1,Lillestrøm,VYG:Line:L1,Spikkestad-Oslo S-Lillestrøm,L1,rail,VYG:ServiceJourney:2266_443696-R,True,actual,False,,,,,2026-09-07T20:27:16.249662+02:00
NSR:StopPlace:58864,Sørumsand stasjon,2026-09-07T19:30:00+02:00,2026-09-07T19:32:19+02:00,2026-09-07T19:32:19+02:00,139.0,1,Asker,VYG:Line:R14,Asker-Oslo S-Kongsvinger,R14,rail,VYG:ServiceJourney:1030_442941-R,True,actual,False,,,,,2026-09-07T20:27:16.249662+02:00
NSR:StopPlace:58816,Dombås stasjon,2026-09-07T20:10:00+02:00,2026-09-07T20:12:19+02:00,2026-09-07T20:12:19+02:00,139.0,1,Trondheim S,SJN:Line:21,Dovrebanen,F6,rail,SJN:ServiceJourney:49-LOD_54215-R,True,actual,False,,,,,2026-09-07T20:27:16.249662+02:00
NSR:StopPlace:58849,Hakadal stasjon,2026-09-07T13:53:00+02:00,2026-09-07T13:55:19+02:00,2026-09-07T13:55:19+02:00,139.0,1,Oslo bussterminal,RUT:Line:390,Kongskog/Hellerudhaugen - Oslo bussterminal,390,bus,RUT:ServiceJourney:fca3f897c26a5849fe9f0965446eeb3f,True,actual,False,,,,,2026-09-07T15:44:36.205822+02:00
NSR:StopPlace:58886,Arendal stasjon,2026-09-07T14:10:00+02:00,2026-09-07T14:12:19+02:00,2026-09-07T14:12:19+02:00,139.0,1,Nelaug,GOA:Line:53,Sørtoget lokal,R50,rail,GOA:ServiceJourney:2070_63023-R,True,actual,False,,,,,2026-09-07T15:44:36.205822+02:00
NSR:StopPlace:58893,Grovane stasjon,2026-09-07T15:06:00+02:00,2026-09-07T15:08:19+02:00,2026-09-07T15:08:19+02:00,139.0,1,Kristiansand,AKT:Line:31,Kvadraturen - Sødal - Vennesla,31,bus,AKT:ServiceJourney:79690_202_50_108360_111060_3950001,True,actual,False,,,,,2026-09-07T15:44:36.205822+02:00
NSR:StopPlace:58818,Gran stasjon,2026-09-07T14:37:00+02:00,2026-09-07T14:39:19+02:00,2026-09-07T14:39:19+02:00,139.0,1,Grymyr via Granåsen,INN:Line:456,Gran-Grymyr,456,bus,INN:ServiceJourney:84266,True,actual,False,,,,,2026-09-07T15:44:36.205822+02:00
NSR:StopPlace:60640,Heimdal stasjon,2026-09-07T07:03:00+02:00,2026-09-07T07:05:19+02:00,2026-09-07T07:05:19+02:00,139.0,1,Strindheim via Kolstad-sentrum,ATB:Line:2_2,Strindheim- Lade- sentrum- Sau,2,bus,ATB:ServiceJourney:2_251215112549867_27,True,actual,False,,,,,2026-09-07T08:42:24.659182+02:00
NSR:StopPlace:59651,Skøyen stasjon,2026-09-07T06:04:00+02:00,2026-09-07T06:06:19+02:00,2026-09-07T06:06:19+02:00,139.0,1,Dal,VYG:Line:R13,Drammen-Oslo S-Dal,R13,rail,VYG:ServiceJourney:1605_443222-R,True,actual,False,,,,,2026-09-07T08:42:24.659182+02:00
NSR:StopPlace:59654,Stabekk stasjon,2026-09-07T06:54:00+02:00,2026-09-07T06:56:19+02:00,2026-09-07T06:56:19+02:00,139.0,1,Spikkestad,VYG:Line:L1,Spikkestad-Oslo S-Lillestrøm,L1,rail,VYG:ServiceJourney:2207_443595-R,True,actual,False,Færre vogner,Denne avgangen kjører dessverre med 4 vogner i stedet for 8 vogner. Dette skyldes at vi mangler et togsett.,general,normal,2026-09-07T08:42:24.659182+02:00
NSR:StopPlace:58935,Levanger stasjon,2026-09-07T07:35:00+02:00,2026-09-07T07:37:19+02:00,2026-09-07T07:37:19+02:00,139.0,1,Steinkjer via Mære landbrukssk.,ATB:Line:2_640,Levanger - Steinkjer,640,bus,ATB:ServiceJourney:640_260106098642336_6,True,actual,False,,,,,2026-09-07T08:42:24.659182+02:00
NSR:StopPlace:58947,Steinkjer stasjon,2026-09-07T08:11:00+02:00,2026-09-07T08:13:19+02:00,2026-09-07T08:13:19+02:00,139.0,1,Steinkjer montessoriskole,ATB:Line:2_733,Agle Snåsa - Steinkjer,733,bus,ATB:ServiceJourney:733_260106098640640_2,True,actual,False,,,,,2026-09-07T08:42:24.659182+02:00
NSR:StopPlace:58834,Hokksund stasjon,2026-09-07T07:53:00+02:00,2026-09-07T07:55:19+02:00,2026-09-07T07:55:19+02:00,139.0,1,Eiker vgs,BRA:Line:4_6056,Mjøndalen - Drammen - Eiker VGS,56,bus,BRA:ServiceJourney:6056_260415100162469_1005,True,actual,False,,,,,2026-09-07T08:42:24.659182+02:00
NSR:StopPlace:58856,Lysaker stasjon,2026-09-07T05:41:00+02:00,2026-09-07T05:43:19+02:00,2026-09-07T05:43:19+02:00,139.0,1,Eidsvoll,VYG:Line:R12,Kongsberg-Oslo S-Eidsvoll,R12,rail,VYG:ServiceJourney:502_444293-R,True,actual,False,,,,,2026-09-07T08:42:24.659182+02:00
NSR:StopPlace:58874,Stokke stasjon,2026-09-07T07:52:00+02:00,2026-09-07T07:54:19+02:00,2026-09-07T07:54:19+02:00,139.0,1,Melsom vgs,VKT:Line:720,Sandefjord-Unneberg-Stokke,720,bus,VKT:ServiceJourney:17779,True,actual,False,,,,,2026-09-07T08:42:24.659182+02:00
NSR:StopPlace:63079,Skeiane stasjon,2026-09-07T07:42:00+02:00,2026-09-07T07:44:19+02:00,2026-09-07T07:44:19+02:00,139.0,1,Stavanger,GOA:Line:59,Jærbanen,L5,rail,GOA:ServiceJourney:3011_63043-R,True,actual,False,,,,,2026-09-07T08:42:24.659182+02:00
NSR:StopPlace:702,Sandnes sentrum stasjon,2026-09-07T08:25:00+02:00,2026-09-07T08:27:19+02:00,2026-09-07T08:27:19+02:00,139.0,1,Skeiane,GOA:Line:59,Jærbanen,L5,rail,GOA:ServiceJourney:3114_63159-R,True,actual,False,,,,,2026-09-07T08:42:24.659182+02:00
NSR:StopPlace:59616,Asker stasjon,2026-09-08T01:46:00+02:00,2026-09-08T01:48:18+02:00,2026-09-08T01:48:18+02:00,138.0,1,Drammen,VYG:Line:L1,Spikkestad-Oslo S-Lillestrøm,L1,rail,VYG:ServiceJourney:2281_443719-R,True,actual,False,,,,,2026-09-08T03:39:50.209703+02:00
NSR:StopPlace:60640,Heimdal stasjon,2026-09-07T22:27:00+02:00,2026-09-07T22:29:18+02:00,2026-09-07T22:29:18+02:00,138.0,1,Strindheim via Kolstad-sentrum,ATB:Line:2_2,Strindheim- Lade- sentrum- Sau,2,bus,ATB:ServiceJourney:2_251215112549988_231,True,actual,False,,,,,2026-09-08T00:20:52.129880+02:00
NSR:StopPlace:59952,Drammen stasjon,2026-09-07T23:00:00+02:00,2026-09-07T23:02:18+02:00,2026-09-07T23:02:18+02:00,138.0,1,Stavanger,GOA:Line:50,Sørtoget region,F5,rail,GOA:ServiceJourney:725-LOD_67061-R,True,actual,False,,,,,2026-09-08T00:20:52.129880+02:00
NSR:StopPlace:59639,Sonsveien stasjon,2026-09-07T23:21:00+02:00,2026-09-07T23:23:18+02:00,2026-09-07T23:23:18+02:00,138.0,1,Moss,VYG:Line:R21,Stabekk-Oslo S-Moss,R21,rail,VYG:ServiceJourney:1171-HVK_443068-R,True,actual,False,,,,,2026-09-08T00:20:52.129880+02:00
NSR:StopPlace:58849,Hakadal stasjon,2026-09-07T23:38:00+02:00,2026-09-07T23:40:18+02:00,2026-09-07T23:40:18+02:00,138.0,1,Oslo bussterminal,RUT:Line:390,Kongskog/Hellerudhaugen - Oslo bussterminal,390,bus,RUT:ServiceJourney:98cf6b24eaded3de034752fdca3b88f9,True,actual,False,,,,,2026-09-08T00:20:52.129880+02:00
NSR:StopPlace:58860,Oppegård stasjon,2026-09-07T23:31:00+02:00,2026-09-07T23:33:18+02:00,2026-09-07T23:33:18+02:00,138.0,1,Ski stasjon,RUT:Line:580,Kolbotn - Ski,580,bus,RUT:ServiceJourney:0cf83367bbd8fdf98cc1d41a1b1b3a22,True,actual,False,,,,,2026-09-08T00:20:52.129880+02:00
NSR:StopPlace:58803,Tomter stasjon,2026-09-07T22:28:00+02:00,2026-09-07T22:30:18+02:00,2026-09-07T22:30:18+02:00,138.0,1,Rakkestad,VYG:Line:R22,Skøyen-Oslo S-Mysen-Rakkestad,R22,rail,VYG:ServiceJourney:1935_443489-R,True,actual,False,,,,,2026-09-08T00:20:52.129880+02:00
NSR:StopPlace:313,Høybråten stasjon,2026-09-07T22:42:00+02:00,2026-09-07T22:44:18+02:00,2026-09-07T22:44:18+02:00,138.0,1,Lillestrøm,VYG:Line:L1,Spikkestad-Oslo S-Lillestrøm,L1,rail,VYG:ServiceJourney:2170_443581-R,True,actual,False,,,,,2026-09-08T00:20:52.129880+02:00
NSR:StopPlace:61251,Øksnavadporten stasjon,2026-09-07T18:19:00+02:00,2026-09-07T18:21:18+02:00,2026-09-07T18:21:18+02:00,138.0,1,Egersund,GOA:Line:59,Jærbanen,L5,rail,GOA:ServiceJourney:3056_63108-R,True,actual,False,,,,,2026-09-07T20:27:16.249662+02:00
NSR:StopPlace:59649,Nydalen stasjon,2026-09-07T17:41:00+02:00,2026-09-07T17:43:18+02:00,2026-09-07T17:43:18+02:00,138.0,1,Brynseng,RUT:Line:24,Fornebu vest - Brynseng T,24,bus,RUT:ServiceJourney:e1e05d20802919857654a84df47c4ad7,True,actual,False,,,,,2026-09-07T20:27:16.249662+02:00
NSR:StopPlace:58795,Kambo stasjon,2026-09-07T18:54:00+02:00,2026-09-07T18:56:18+02:00,2026-09-07T18:56:18+02:00,138.0,1,Vestby stasjon,RUT:Line:540,Moss - Son - Vestby stasjon,540,bus,RUT:ServiceJourney:b7cbe93f8468644791cb40971a8ca938,True,actual,False,,,,,2026-09-07T20:27:16.249662+02:00
NSR:StopPlace:58851,Heggedal stasjon,2026-09-07T16:54:00+02:00,2026-09-07T16:56:18+02:00,2026-09-07T16:56:18+02:00,138.0,1,Lillestrøm,VYG:Line:L1,Spikkestad-Oslo S-Lillestrøm,L1,rail,VYG:ServiceJourney:2252_445350-R,True,actual,False,,,,,2026-09-07T20:27:16.249662+02:00
NSR:StopPlace:58862,Strømmen stasjon,2026-09-07T18:36:00+02:00,2026-09-07T18:38:18+02:00,2026-09-07T18:38:18+02:00,138.0,1,Nittedal,RUT:Line:385,Nittedal stasjon - Olavsgaard - Ahus,385,bus,RUT:ServiceJourney:53138de1a232a54e7a2af4b83dc5f7bd,True,actual,False,,,,,2026-09-07T20:27:16.249662+02:00
NSR:StopPlace:261,Ganddal stasjon,2026-09-07T18:15:00+02:00,2026-09-07T18:17:18+02:00,2026-09-07T18:17:18+02:00,138.0,1,Egersund,GOA:Line:59,Jærbanen,L5,rail,GOA:ServiceJourney:3056_63108-R,True,actual,False,,,,,2026-09-07T20:27:16.249662+02:00
NSR:StopPlace:61463,Nordstrand stasjon,2026-09-07T15:22:00+02:00,2026-09-07T15:24:18+02:00,2026-09-07T15:24:18+02:00,138.0,1,Ski,VYG:Line:L2,Stabekk-Oslo S-Ski,L2,rail,VYG:ServiceJourney:2741-HVK_443951-R,True,actual,False,Færre vogner,Denne avgangen kjører dessverre med 3 vogner i stedet for 6 vogner. Dette skyldes at vi mangler et togsett.,general,normal,2026-09-07T15:44:36.205822+02:00
NSR:StopPlace:59244,Egersund stasjon,2026-09-07T14:41:00+02:00,2026-09-07T14:43:18+02:00,2026-09-07T14:43:18+02:00,138.0,1,Veen via Tengesdal-Vikeså,KOL:Line:8_2029,93,93,bus,KOL:ServiceJourney:2029_250903083241473_1003,True,actual,False,,,,,2026-09-07T15:44:36.205822+02:00
NSR:StopPlace:58966,Porsgrunn stasjon,2026-09-07T14:17:00+02:00,2026-09-07T14:19:18+02:00,2026-09-07T14:19:18+02:00,138.0,1,Eidsvoll,VYG:Line:RE11,Eidsvoll-Oslo S-Skien,RE11,rail,VYG:ServiceJourney:822_444402-R,True,actual,False,Heis på Porsgrunn ute av drift,Heisen på Porsgrunn til spor 2 er ute av drift.,general,normal,2026-09-07T15:44:36.205822+02:00
NSR:StopPlace:58855,Leirsund stasjon,2026-09-07T15:25:00+02:00,2026-09-07T15:27:18+02:00,2026-09-07T15:27:18+02:00,138.0,1,Kongsberg,VYG:Line:R13,Drammen-Oslo S-Dal,R13,rail,VYG:ServiceJourney:1642_443303-R,True,actual,False,,,,,2026-09-07T15:44:36.205822+02:00
NSR:StopPlace:58808,Kongsvinger stasjon,2026-09-07T14:28:00+02:00,2026-09-07T14:30:18+02:00,2026-09-07T14:30:18+02:00,138.0,1,Sykehuset - Bogeråsen,INN:Line:81,Bogeråsen - Rasta,B81,bus,INN:ServiceJourney:54314,True,actual,False,,,,,2026-09-07T15:44:36.205822+02:00
NSR:StopPlace:58811,Moelv stasjon,2026-09-07T14:32:00+02:00,2026-09-07T14:34:18+02:00,2026-09-07T14:34:18+02:00,138.0,1,Gjøvik,INN:Line:100,Hamar - Gjøvik,100,bus,INN:ServiceJourney:83461,True,actual,False,,,,,2026-09-07T15:44:36.205822+02:00
NSR:StopPlace:59654,Stabekk stasjon,2026-09-07T06:54:00+02:00,2026-09-07T06:56:18+02:00,2026-09-07T06:56:18+02:00,138.0,1,Gullhaug,RUT:Line:150,Gullhaug - Nationaltheatret,150,bus,RUT:ServiceJourney:0c013bf2803acf107d0a681cbaafead1,True,actual,False,Holdeplass Stabekk stasjon i retning mot Bekkestua er flyttet ca. 50 meter bakover.,Dette skyldes anleggsarbeid i området.,incident,normal,2026-09-07T08:42:24.659182+02:00
NSR:StopPlace:58839,Steinberg stasjon,2026-09-07T08:24:00+02:00,2026-09-07T08:26:18+02:00,2026-09-07T08:26:18+02:00,138.0,1,Hokksund,BRA:Line:4_6101,Drammen-Vikersund/Hønefoss,101,bus,BRA:ServiceJourney:6101_260415100161209_1005,True,actual,False,,,,,2026-09-07T08:42:24.659182+02:00
NSR:StopPlace:58856,Lysaker stasjon,2026-09-07T05:56:00+02:00,2026-09-07T05:58:18+02:00,2026-09-07T05:58:18+02:00,138.0,1,Skøyen,RUT:Line:130,Sandvika -Skøyen,130,bus,RUT:ServiceJourney:61c4a234a15196a692ab446490ea4c4f,True,actual,False,,,,,2026-09-07T08:42:24.659182+02:00
NSR:StopPlace:58857,Lørenskog stasjon,2026-09-07T07:52:00+02:00,2026-09-07T07:54:18+02:00,2026-09-07T07:54:18+02:00,138.0,1,Nesåsen,RUT:Line:120,Nesåsen - Stovner,120,bus,RUT:ServiceJourney:f6f1e09060ddf887b66d04fa1ddd587c,True,actual,False,,,,,2026-09-07T08:42:24.659182+02:00
NSR:StopPlace:58864,Sørumsand stasjon,2026-09-07T07:29:00+02:00,2026-09-07T07:31:18+02:00,2026-09-07T07:31:18+02:00,138.0,1,Asker,VYG:Line:R14,Asker-Oslo S-Kongsvinger,R14,rail,VYG:ServiceJourney:1006_442911-R,True,actual,False,,,,,2026-09-07T08:42:24.659182+02:00
NSR:StopPlace:58868,Årnes stasjon,2026-09-07T08:07:00+02:00,2026-09-07T08:09:18+02:00,2026-09-07T08:09:18+02:00,138.0,1,Asker,VYG:Line:R14,Asker-Oslo S-Kongsvinger,R14,rail,VYG:ServiceJourney:1008_442913-R,True,actual,False,,,,,2026-09-07T08:42:24.659182+02:00
NSR:StopPlace:58811,Moelv stasjon,2026-09-07T06:37:00+02:00,2026-09-07T06:39:18+02:00,2026-09-07T06:39:18+02:00,138.0,1,Drammen,VYG:Line:RE10,Drammen-Oslo S-Lillehammer,RE10,rail,VYG:ServiceJourney:306-HHS_487830-R,True,actual,False,,,,,2026-09-07T08:42:24.659182+02:00
NSR:StopPlace:58825,Raufoss stasjon,2026-09-07T07:21:00+02:00,2026-09-07T07:23:18+02:00,2026-09-07T07:23:18+02:00,138.0,1,Gjøvik-Sykehuset,INN:Line:406,Gjø.-Reinsv.-Eina-Reinsv.-Gjø.,406,bus,INN:ServiceJourney:97393,True,actual,False,,,,,2026-09-07T08:42:24.659182+02:00
NSR:StopPlace:628,Darbu stasjon,2026-09-07T07:47:00+02:00,2026-09-07T07:49:18+02:00,2026-09-07T07:49:18+02:00,138.0,1,Eidsvoll,VYG:Line:R12,Kongsberg-Oslo S-Eidsvoll,R12,rail,VYG:ServiceJourney:508_481317-R,True,actual,False,,,,,2026-09-07T08:42:24.659182+02:00
NSR:StopPlace:59653,Haugenstua stasjon,2026-09-08T00:55:00+02:00,2026-09-08T00:57:17+02:00,2026-09-08T00:57:17+02:00,137.0,1,Drammen,VYG:Line:L1,Spikkestad-Oslo S-Lillestrøm,L1,rail,VYG:ServiceJourney:2281_443719-R,True,actual,False,,,,,2026-09-08T03:39:50.209703+02:00
NSR:StopPlace:58794,Fredrikstad stasjon,2026-09-07T23:15:00+02:00,2026-09-07T23:17:17+02:00,2026-09-07T23:17:17+02:00,137.0,1,Halden,VYG:Line:RE20,Oslo S-Halden-Göteborg (X-Border),RE20,rail,VYG:ServiceJourney:135_443135-R,True,actual,False,,,,,2026-09-08T00:20:52.129880+02:00
NSR:StopPlace:58836,Mjøndalen stasjon,2026-09-07T21:54:00+02:00,2026-09-07T21:56:17+02:00,2026-09-07T21:56:17+02:00,137.0,1,Kongsberg,VYG:Line:R12,Kongsberg-Oslo S-Eidsvoll,R12,rail,VYG:ServiceJourney:533_444342-R,True,actual,False,,,,,2026-09-08T00:20:52.129880+02:00
NSR:StopPlace:58854,Langhus stasjon,2026-09-07T23:14:00+02:00,2026-09-07T23:16:17+02:00,2026-09-07T23:16:17+02:00,137.0,1,Bøleråsen,RUT:Line:510,Bøleråsen - Ski - Ås - Drøbak,510,bus,RUT:ServiceJourney:fd3782267bf49554ee208509047808aa,True,actual,False,,,,,2026-09-08T00:20:52.129880+02:00
NSR:StopPlace:58866,Vevelstad stasjon,2026-09-07T21:36:00+02:00,2026-09-07T21:38:17+02:00,2026-09-07T21:38:17+02:00,137.0,1,Drøbak - Frogn vgs.,RUT:Line:510,Bøleråsen - Ski - Ås - Drøbak,510,bus,RUT:ServiceJourney:b86cffea1d9e11c0100ffe8aed21ffb6,True,actual,False,,,,,2026-09-08T00:20:52.129880+02:00
NSR:StopPlace:518,Bolstadøyri stasjon,2026-09-07T21:33:00+02:00,2026-09-07T21:35:17+02:00,2026-09-07T21:35:17+02:00,137.0,1,Bergen,VYG:Line:R40,Bergen-Voss-Myrdal-Ål,R40,rail,VYG:ServiceJourney:1837_443424-R,True,actual,False,,,,,2026-09-08T00:20:52.129880+02:00
NSR:StopPlace:61383,Urdland stasjon,2026-09-07T18:05:00+02:00,2026-09-07T18:07:17+02:00,2026-09-07T18:07:17+02:00,137.0,1,Myrdal,VYG:Line:R40,Bergen-Voss-Myrdal-Ål,R40,rail,VYG:ServiceJourney:1824_554550-R,True,actual,False,,,,,2026-09-07T20:27:16.249662+02:00
NSR:StopPlace:59641,Fjellhamar stasjon,2026-09-07T18:02:00+02:00,2026-09-07T18:04:17+02:00,2026-09-07T18:04:17+02:00,137.0,1,Asker,VYG:Line:L1,Spikkestad-Oslo S-Lillestrøm,L1,rail,VYG:ServiceJourney:2153_443562-R,True,actual,False,,,,,2026-09-07T20:27:16.249662+02:00
NSR:StopPlace:59652,Tøyen stasjon,2026-09-07T18:24:00+02:00,2026-09-07T18:26:17+02:00,2026-09-07T18:26:17+02:00,137.0,1,Tonsenhagen,RUT:Line:60,Vippetangen-Tonsenhagen,60,bus,RUT:ServiceJourney:0daa695f4b888f6f846e111811b83b03,True,actual,False,,,,,2026-09-07T20:27:16.249662+02:00
NSR:StopPlace:58830,Brakerøya stasjon,2026-09-07T18:21:00+02:00,2026-09-07T18:23:17+02:00,2026-09-07T18:23:17+02:00,137.0,1,Drammen,VYG:Line:R13,Drammen-Oslo S-Dal,R13,rail,VYG:ServiceJourney:1650_443321-R,True,actual,False,,,,,2026-09-07T20:27:16.249662+02:00
NSR:StopPlace:58852,Høn stasjon,2026-09-07T20:06:00+02:00,2026-09-07T20:08:17+02:00,2026-09-07T20:08:17+02:00,137.0,1,Lillestrøm,VYG:Line:L1,Spikkestad-Oslo S-Lillestrøm,L1,rail,VYG:ServiceJourney:2264_445363-R,True,actual,False,,,,,2026-09-07T20:27:16.249662+02:00
NSR:StopPlace:58857,Lørenskog stasjon,2026-09-07T18:06:00+02:00,2026-09-07T18:08:17+02:00,2026-09-07T18:08:17+02:00,137.0,1,Asker,VYG:Line:L1,Spikkestad-Oslo S-Lillestrøm,L1,rail,VYG:ServiceJourney:2153_443562-R,True,actual,False,,,,,2026-09-07T20:27:16.249662+02:00
NSR:StopPlace:58861,Solbråtan stasjon,2026-09-07T17:30:00+02:00,2026-09-07T17:32:17+02:00,2026-09-07T17:32:17+02:00,137.0,1,Bjørvika,RUT:Line:83,Jernbanetorget - Tårnåsen,83,bus,RUT:ServiceJourney:384442a625a1460ae3e7073ead8d1e90,True,actual,False,Linje 80E og 83 får Hausmanns bru som ny endeholdeplass fra 29. juni,"Bussene stopper ikke på Jernbanetorget etter 29. juni, men starter og stopper på Hausmanns bru i Nylandsveien.",incident,normal,2026-09-07T20:27:16.249662+02:00
NSR:StopPlace:61466,Vakås stasjon,2026-09-07T14:08:00+02:00,2026-09-07T14:10:17+02:00,2026-09-07T14:10:17+02:00,137.0,1,Lillestrøm,VYG:Line:L1,Spikkestad-Oslo S-Lillestrøm,L1,rail,VYG:ServiceJourney:2240_445337-R,True,actual,False,,,,,2026-09-07T15:44:36.205822+02:00
NSR:StopPlace:61381,Singsås stasjon,2026-09-07T14:29:00+02:00,2026-09-07T14:31:17+02:00,2026-09-07T14:31:17+02:00,137.0,1,Røros,ATB:Line:2_440,Støren - Røros,440,bus,ATB:ServiceJourney:440_260106098642805_10,True,actual,False,,,,,2026-09-07T15:44:36.205822+02:00
NSR:StopPlace:60045,Hamar stasjon,2026-09-07T13:44:00+02:00,2026-09-07T13:46:17+02:00,2026-09-07T13:46:17+02:00,137.0,1,Oslo S,SJN:Line:21,Dovrebanen,F6,rail,SJN:ServiceJourney:42-TND_47981-R,True,actual,False,,,,,2026-09-07T15:44:36.205822+02:00
NSR:StopPlace:60077,Støren stasjon,2026-09-07T13:55:00+02:00,2026-09-07T13:57:17+02:00,2026-09-07T13:57:17+02:00,137.0,1,Trondheim S,SJN:Line:21,Dovrebanen,F6,rail,SJN:ServiceJourney:43-LOD_47893-R,True,actual,False,,,,,2026-09-07T15:44:36.205822+02:00
NSR:StopPlace:58807,Hanestad stasjon,2026-09-07T13:47:00+02:00,2026-09-07T13:49:17+02:00,2026-09-07T13:49:17+02:00,137.0,1,Hamar,SJN:Line:25,Rørosbanen,R60,rail,SJN:ServiceJourney:2386_47976-R,True,actual,False,,,,,2026-09-07T15:44:36.205822+02:00
NSR:StopPlace:117,Elverum stasjon,2026-09-07T15:28:00+02:00,2026-09-07T15:30:17+02:00,2026-09-07T15:30:17+02:00,137.0,1,Hamar,SJN:Line:25,Rørosbanen,R60,rail,SJN:ServiceJourney:2386_47976-R,True,actual,False,,,,,2026-09-07T15:44:36.205822+02:00
NSR:StopPlace:59977,Trondheim S,2026-09-07T06:27:00+02:00,2026-09-07T06:29:17+02:00,2026-09-07T06:29:17+02:00,137.0,1,Lund via Kolstad-Heimdal,ATB:Line:2_2,Strindheim- Lade- sentrum- Sau,2,bus,ATB:ServiceJourney:2_251215112550178_8,True,actual,False,,,,,2026-09-07T08:42:24.659182+02:00
NSR:StopPlace:58835,Lier stasjon,2026-09-07T07:11:00+02:00,2026-09-07T07:13:17+02:00,2026-09-07T07:13:17+02:00,137.0,1,Dal,VYG:Line:R13,Drammen-Oslo S-Dal,R13,rail,VYG:ServiceJourney:1611-SUD_443233-R,True,actual,False,,,,,2026-09-07T08:42:24.659182+02:00
NSR:StopPlace:58849,Hakadal stasjon,2026-09-07T07:05:00+02:00,2026-09-07T07:07:17+02:00,2026-09-07T07:07:17+02:00,137.0,1,Kongskog,RUT:Line:390,Kongskog/Hellerudhaugen - Oslo bussterminal,390,bus,RUT:ServiceJourney:300bbdc7c7542219f9dd11664d0f9a1a,True,actual,False,,,,,2026-09-07T08:42:24.659182+02:00
NSR:StopPlace:58808,Kongsvinger stasjon,2026-09-07T06:58:00+02:00,2026-09-07T07:00:17+02:00,2026-09-07T07:00:17+02:00,137.0,1,Skriverskogen,INN:Line:82,Skriverskogen - Marikollen,B82,bus,INN:ServiceJourney:54344,True,actual,False,,,,,2026-09-07T08:42:24.659182+02:00
NSR:StopPlace:58811,Moelv stasjon,2026-09-07T05:04:00+02:00,2026-09-07T05:06:17+02:00,2026-09-07T05:06:17+02:00,137.0,1,Oslo S,SJN:Line:21,Dovrebanen,F6,rail,SJN:ServiceJourney:406-TND_30133-R,True,actual,False,,,,,2026-09-07T08:42:24.659182+02:00
NSR:StopPlace:58823,Jaren stasjon,2026-09-07T05:38:00+02:00,2026-09-07T05:40:17+02:00,2026-09-07T05:40:17+02:00,137.0,1,Oslo S,VYG:Line:R31,Skøyen-Jaren-Gjøvik,R31,rail,VYG:ServiceJourney:BUS-244_655558-R,True,actual,False,,,,,2026-09-07T08:42:24.659182+02:00
NSR:StopPlace:369,Kvål stasjon,2026-09-07T07:06:00+02:00,2026-09-07T07:08:17+02:00,2026-09-07T07:08:17+02:00,137.0,1,Trondheim S,SJN:Line:25,Rørosbanen,R60,rail,SJN:ServiceJourney:411_37676-R,True,actual,False,,,,,2026-09-07T08:42:24.659182+02:00
NSR:StopPlace:261,Ganddal stasjon,2026-09-07T07:39:00+02:00,2026-09-07T07:41:17+02:00,2026-09-07T07:41:17+02:00,137.0,1,Stavanger,GOA:Line:59,Jærbanen,L5,rail,GOA:ServiceJourney:3011_63043-R,True,actual,False,,,,,2026-09-07T08:42:24.659182+02:00
NSR:StopPlace:62309,Ljan stasjon,2026-09-07T06:39:00+02:00,2026-09-07T06:41:17+02:00,2026-09-07T06:41:17+02:00,137.0,1,Ski,VYG:Line:L2,Stabekk-Oslo S-Ski,L2,rail,VYG:ServiceJourney:2805_444017-R,True,actual,False,,,,,2026-09-07T08:42:24.659182+02:00
NSR:StopPlace:62094,Lindeberg stasjon,2026-09-08T01:07:30+02:00,2026-09-08T01:09:46+02:00,2026-09-08T01:09:46+02:00,136.0,1,Eidsvoll,VYG:Line:R13,Drammen-Oslo S-Dal,R13,rail,VYG:ServiceJourney:1679_443385-R,True,actual,False,,,,,2026-09-08T03:39:50.209703+02:00
NSR:StopPlace:58964,Kløfta stasjon,2026-09-07T22:44:00+02:00,2026-09-07T22:46:16+02:00,2026-09-07T22:46:16+02:00,136.0,1,Dal,VYG:Line:R13,Drammen-Oslo S-Dal,R13,rail,VYG:ServiceJourney:1669_443361-R,True,actual,False,,,,,2026-09-08T00:20:52.129880+02:00
NSR:StopPlace:58836,Mjøndalen stasjon,2026-09-07T21:06:00+02:00,2026-09-07T21:08:16+02:00,2026-09-07T21:08:16+02:00,136.0,1,Eidsvoll,VYG:Line:R12,Kongsberg-Oslo S-Eidsvoll,R12,rail,VYG:ServiceJourney:534_444344-R,True,actual,False,,,,,2026-09-08T00:20:52.129880+02:00
NSR:StopPlace:58839,Steinberg stasjon,2026-09-07T23:03:00+02:00,2026-09-07T23:05:16+02:00,2026-09-07T23:05:16+02:00,136.0,1,Eidsvoll,VYG:Line:R12,Kongsberg-Oslo S-Eidsvoll,R12,rail,VYG:ServiceJourney:538_444348-R,True,actual,False,,,,,2026-09-08T00:20:52.129880+02:00
NSR:StopPlace:58859,Nordby stasjon,2026-09-08T00:03:00+02:00,2026-09-08T00:05:16+02:00,2026-09-08T00:05:16+02:00,136.0,1,Drammen,VYG:Line:R13,Drammen-Oslo S-Dal,R13,rail,VYG:ServiceJourney:1678_443382-R,True,actual,False,,,,,2026-09-08T00:20:52.129880+02:00
NSR:StopPlace:58872,Sandefjord stasjon,2026-09-07T21:47:00+02:00,2026-09-07T21:49:16+02:00,2026-09-07T21:49:16+02:00,136.0,1,Eidsvoll,VYG:Line:RE11,Eidsvoll-Oslo S-Skien,RE11,rail,VYG:ServiceJourney:836_444416-R,True,actual,False,,,,,2026-09-08T00:20:52.129880+02:00
NSR:StopPlace:101,Sagdalen stasjon,2026-09-07T22:58:00+02:00,2026-09-07T23:00:16+02:00,2026-09-07T23:00:16+02:00,136.0,1,Asker,VYG:Line:L1,Spikkestad-Oslo S-Lillestrøm,L1,rail,VYG:ServiceJourney:2173_443584-R,True,actual,False,,,,,2026-09-08T00:20:52.129880+02:00
NSR:StopPlace:59647,Dal stasjon,2026-09-07T18:16:00+02:00,2026-09-07T18:18:16+02:00,2026-09-07T18:18:16+02:00,136.0,1,Eidsvoll,RUT:Line:430,Eidsvoll - Jessheim,430,bus,RUT:ServiceJourney:1e3f3de09dad31d92eedfaab05b0aff8,True,actual,False,,,,,2026-09-07T20:27:16.249662+02:00
NSR:StopPlace:59654,Stabekk stasjon,2026-09-07T17:33:00+02:00,2026-09-07T17:35:16+02:00,2026-09-07T17:35:16+02:00,136.0,1,Oslo Lufthavn,FLT:Line:FLY2,FLY2,FLY2,rail,FLT:ServiceJourney:1-2614-3577-20260907,True,actual,False,,,,,2026-09-07T20:27:16.249662+02:00
NSR:StopPlace:58964,Kløfta stasjon,2026-09-07T20:14:00+02:00,2026-09-07T20:16:16+02:00,2026-09-07T20:16:16+02:00,136.0,1,Drammen,VYG:Line:R13,Drammen-Oslo S-Dal,R13,rail,VYG:ServiceJourney:1662_443348-R,True,actual,False,,,,,2026-09-07T20:27:16.249662+02:00
NSR:StopPlace:58847,Frogner stasjon,2026-09-07T18:10:00+02:00,2026-09-07T18:12:16+02:00,2026-09-07T18:12:16+02:00,136.0,1,Sørumsand,RUT:Line:365,Sørumsand - Frogner - Skedsmokorset,365,bus,RUT:ServiceJourney:3cbfb6187863a86dafa012d37b65551c,True,actual,False,,,,,2026-09-07T20:27:16.249662+02:00
NSR:StopPlace:58850,Hauerseter stasjon,2026-09-07T18:30:00+02:00,2026-09-07T18:32:16+02:00,2026-09-07T18:32:16+02:00,136.0,1,Drammen,VYG:Line:R13,Drammen-Oslo S-Dal,R13,rail,VYG:ServiceJourney:1656_443335-R,True,actual,False,,,,,2026-09-07T20:27:16.249662+02:00
NSR:StopPlace:60042,Trengereid stasjon,2026-09-07T15:05:00+02:00,2026-09-07T15:07:16+02:00,2026-09-07T15:07:16+02:00,136.0,1,Bergen,VYG:Line:R40,Bergen-Voss-Myrdal-Ål,R40,rail,VYG:ServiceJourney:1823_443410-R,True,actual,False,Forsinket,Toget kjørte 14 minutter forsinket fra Myrdal. Vi venter på passasjerer fra et annet tog.,incident,normal,2026-09-07T15:44:36.205822+02:00
NSR:StopPlace:58870,Holmestrand stasjon,2026-09-07T15:31:00+02:00,2026-09-07T15:33:16+02:00,2026-09-07T15:33:16+02:00,136.0,1,Skien,VYG:Line:RE11,Eidsvoll-Oslo S-Skien,RE11,rail,VYG:ServiceJourney:821_444401-R,True,actual,False,,,,,2026-09-07T15:44:36.205822+02:00
NSR:StopPlace:58925,Gausel stasjon,2026-09-07T06:47:00+02:00,2026-09-07T06:49:16+02:00,2026-09-07T06:49:16+02:00,136.0,1,Stavanger,KOL:Line:8_1001,1,1,bus,KOL:ServiceJourney:1001_251008118371665_2009,True,actual,False,,,,,2026-09-07T08:42:24.659182+02:00
NSR:StopPlace:58856,Lysaker stasjon,2026-09-07T05:39:00+02:00,2026-09-07T05:41:16+02:00,2026-09-07T05:41:16+02:00,136.0,1,Moss,VYG:Line:R21,Stabekk-Oslo S-Moss,R21,rail,VYG:ServiceJourney:1103-HVK_442974-R,True,actual,False,,,,,2026-09-07T08:42:24.659182+02:00
NSR:StopPlace:58872,Sandefjord stasjon,2026-09-07T08:18:00+02:00,2026-09-07T08:20:16+02:00,2026-09-07T08:20:16+02:00,136.0,1,Skien,VYG:Line:RE11,Eidsvoll-Oslo S-Skien,RE11,rail,VYG:ServiceJourney:805_444385-R,True,actual,False,,,,,2026-09-07T08:42:24.659182+02:00
NSR:StopPlace:58826,Reinsvoll stasjon,2026-09-07T07:50:00+02:00,2026-09-07T07:52:16+02:00,2026-09-07T07:52:16+02:00,136.0,1,Roa,VYG:Line:RE30,Oslo S-Gjøvik,RE30,rail,VYG:ServiceJourney:1208-GJOe_589122-R,True,actual,False,Heis på Reinsvoll ute av drift,Heisen på Reinsvoll til spor 1 og 2 er ute av drift.,general,normal,2026-09-07T08:42:24.659182+02:00
NSR:StopPlace:61897,Bryn stasjon,2026-09-08T01:05:30+02:00,2026-09-08T01:07:45+02:00,2026-09-08T01:07:45+02:00,135.0,1,Drammen,VYG:Line:L1,Spikkestad-Oslo S-Lillestrøm,L1,rail,VYG:ServiceJourney:2281_443719-R,True,actual,False,,,,,2026-09-08T03:39:50.209703+02:00
NSR:StopPlace:59648,Kjelsås stasjon,2026-09-07T23:10:00+02:00,2026-09-07T23:12:15+02:00,2026-09-07T23:12:15+02:00,135.0,1,Majorstuen,RUT:Line:25,Majorstuen-Haugerud,25,bus,RUT:ServiceJourney:86222f27a33e138f9506fd1bd7556a05,True,actual,False,,,,,2026-09-08T00:20:52.129880+02:00
NSR:StopPlace:58861,Solbråtan stasjon,2026-09-07T22:15:00+02:00,2026-09-07T22:17:15+02:00,2026-09-07T22:17:15+02:00,135.0,1,Bjørvika,RUT:Line:83,Jernbanetorget - Tårnåsen,83,bus,RUT:ServiceJourney:f2b27c8c0de2ea1a144f6b4489cb901c,True,actual,False,Linje 80E og 83 får Hausmanns bru som ny endeholdeplass fra 29. juni,"Bussene stopper ikke på Jernbanetorget etter 29. juni, men starter og stopper på Hausmanns bru i Nylandsveien.",incident,normal,2026-09-08T00:20:52.129880+02:00
NSR:StopPlace:59638,Myrvoll stasjon,2026-09-07T18:07:00+02:00,2026-09-07T18:09:15+02:00,2026-09-07T18:09:15+02:00,135.0,1,Kolbotn torg,RUT:Line:580,Kolbotn - Ski,580,bus,RUT:ServiceJourney:7c17cc78a8b1c8a0395ff5cbbdf1cdb4,True,actual,False,,,,,2026-09-07T20:27:16.249662+02:00
NSR:StopPlace:58790,Verdal stasjon,2026-09-07T17:00:00+02:00,2026-09-07T17:02:15+02:00,2026-09-07T17:02:15+02:00,135.0,1,Lundamo,SJN:Line:26,Trønderbanen,R70,rail,SJN:ServiceJourney:444_56073-R,True,actual,False,,,,,2026-09-07T20:27:16.249662+02:00
NSR:StopPlace:58793,Askim stasjon,2026-09-07T18:10:00+02:00,2026-09-07T18:12:15+02:00,2026-09-07T18:12:15+02:00,135.0,1,Oslo S,VYG:Line:R22,Skøyen-Oslo S-Mysen-Rakkestad,R22,rail,VYG:ServiceJourney:1930-RST_443484-R,True,actual,False,,,,,2026-09-07T20:27:16.249662+02:00
NSR:StopPlace:58835,Lier stasjon,2026-09-07T17:36:00+02:00,2026-09-07T17:38:15+02:00,2026-09-07T17:38:15+02:00,135.0,1,Lierskogen,BRA:Line:4_6073,Drammen - Reistad - Lierskogen,73,bus,BRA:ServiceJourney:6073_260415100160816_1027,True,actual,False,Fra 17/8 går linje 61-63-71-73-251-261 og skolebusser fra holdeplass ved Skutebrygga ut av byen.Les mer på brakar.no/trafikkmeldinger.,,general,normal,2026-09-07T20:27:16.249662+02:00
NSR:StopPlace:58853,Kolbotn stasjon,2026-09-07T18:07:00+02:00,2026-09-07T18:09:15+02:00,2026-09-07T18:09:15+02:00,135.0,1,Tårnåsen,RUT:Line:83,Jernbanetorget - Tårnåsen,83,bus,RUT:ServiceJourney:12079ddb6124a169492dd51eebd8ab5e,True,actual,False,Linje 80E og 83 får Hausmanns bru som ny endeholdeplass fra 29. juni,"Bussene stopper ikke på Jernbanetorget etter 29. juni, men starter og stopper på Hausmanns bru i Nylandsveien.",incident,normal,2026-09-07T20:27:16.249662+02:00
NSR:StopPlace:58813,Skarnes stasjon,2026-09-07T19:49:00+02:00,2026-09-07T19:51:15+02:00,2026-09-07T19:51:15+02:00,135.0,1,Asker,VYG:Line:R14,Asker-Oslo S-Kongsvinger,R14,rail,VYG:ServiceJourney:1032_442943-R,True,actual,False,Heis på Skarnes ute av drift,Heisen på Skarnes til spor 2 er ute av drift.,general,normal,2026-09-07T20:27:16.249662+02:00
NSR:StopPlace:313,Høybråten stasjon,2026-09-07T17:38:00+02:00,2026-09-07T17:40:15+02:00,2026-09-07T17:40:15+02:00,135.0,1,Asker,VYG:Line:L1,Spikkestad-Oslo S-Lillestrøm,L1,rail,VYG:ServiceJourney:2151_443560-R,True,actual,False,,,,,2026-09-07T20:27:16.249662+02:00
NSR:StopPlace:61464,Hvalstad stasjon,2026-09-07T14:10:00+02:00,2026-09-07T14:12:15+02:00,2026-09-07T14:12:15+02:00,135.0,1,Lillestrøm,VYG:Line:L1,Spikkestad-Oslo S-Lillestrøm,L1,rail,VYG:ServiceJourney:2240_445337-R,True,actual,False,,,,,2026-09-07T15:44:36.205822+02:00
NSR:StopPlace:61387,Skogn stasjon,2026-09-07T15:21:00+02:00,2026-09-07T15:23:15+02:00,2026-09-07T15:23:15+02:00,135.0,1,Ler,SJN:Line:26,Trønderbanen,R70,rail,SJN:ServiceJourney:440_56069-R,True,actual,False,,,,,2026-09-07T15:44:36.205822+02:00
NSR:StopPlace:59647,Dal stasjon,2026-09-07T15:16:00+02:00,2026-09-07T15:18:15+02:00,2026-09-07T15:18:15+02:00,135.0,1,Eidsvoll,RUT:Line:430,Eidsvoll - Jessheim,430,bus,RUT:ServiceJourney:ef4eccca0106c3899cd01a92c290b26a,True,actual,False,,,,,2026-09-07T15:44:36.205822+02:00
NSR:StopPlace:58916,Charlottenberg station,2026-09-07T15:30:00+02:00,2026-09-07T15:32:15+02:00,2026-09-07T15:32:15+02:00,135.0,1,Kongsvinger,INN:Line:120,Kongsvinger - Charlottenberg,120,bus,INN:ServiceJourney:54612,True,actual,False,,,,,2026-09-07T15:44:36.205822+02:00
NSR:StopPlace:58919,Sira stasjon,2026-09-07T14:42:00+02:00,2026-09-07T14:44:15+02:00,2026-09-07T14:44:15+02:00,135.0,1,Flekkefjord,AKT:Line:260,Flekkefjord - Sira - Moi,260,bus,AKT:ServiceJourney:57208_81_45_102000_105420_3935561,True,actual,False,,,,,2026-09-07T15:44:36.205822+02:00
NSR:StopPlace:58877,Bø stasjon,2026-09-07T15:12:00+02:00,2026-09-07T15:14:15+02:00,2026-09-07T15:14:15+02:00,135.0,1,Lunde,TEL:Line:8322,Bø-Lunde,322,bus,TEL:ServiceJourney:125825,True,actual,False,,,,,2026-09-07T15:44:36.205822+02:00
NSR:StopPlace:61169,Marienborg stasjon,2026-09-07T06:42:00+02:00,2026-09-07T06:44:15+02:00,2026-09-07T06:44:15+02:00,135.0,1,Sandmoen via Flatåsen,ATB:Line:2_23,Brattøra - St. Olavs - Hallset - Flatåsen - Sandmoen,23,bus,ATB:ServiceJourney:23_251215112545551_4,True,actual,False,,,,,2026-09-07T08:42:24.659182+02:00
NSR:StopPlace:60640,Heimdal stasjon,2026-09-07T06:50:00+02:00,2026-09-07T06:52:15+02:00,2026-09-07T06:52:15+02:00,135.0,1,Ranheim via Tiller-sentrum,ATB:Line:2_1,Ranheim - Strindheim - sentrum - Tiller - Heimdal - Kattem,1,bus,ATB:ServiceJourney:1_251215112545976_15,True,actual,False,,,,,2026-09-07T08:42:24.659182+02:00
NSR:StopPlace:60640,Heimdal stasjon,2026-09-07T06:57:00+02:00,2026-09-07T06:59:15+02:00,2026-09-07T06:59:15+02:00,135.0,1,Lund,ATB:Line:2_2,Strindheim- Lade- sentrum- Sau,2,bus,ATB:ServiceJourney:2_251215112550178_8,True,actual,False,,,,,2026-09-07T08:42:24.659182+02:00
NSR:StopPlace:59243,Mo i Rana stasjon,2026-09-07T08:27:00+02:00,2026-09-07T08:29:15+02:00,2026-09-07T08:29:15+02:00,135.0,1,Skillevollen,NOR:Line:12_8371,Grubbåsen - Båsmobakken/Skillevollen,1,bus,NOR:ServiceJourney:8371_251012124858485_1010,True,actual,False,,,,,2026-09-07T08:42:24.659182+02:00
NSR:StopPlace:58857,Lørenskog stasjon,2026-09-07T05:37:00+02:00,2026-09-07T05:39:15+02:00,2026-09-07T05:39:15+02:00,135.0,1,Nesåsen,RUT:Line:120,Nesåsen - Stovner,120,bus,RUT:ServiceJourney:a36f09b88900ca8aa860c9dc65a1f65f,True,actual,False,,,,,2026-09-07T08:42:24.659182+02:00
NSR:StopPlace:58866,Vevelstad stasjon,2026-09-07T06:49:00+02:00,2026-09-07T06:51:15+02:00,2026-09-07T06:51:15+02:00,135.0,1,Bøleråsen,RUT:Line:510,Bøleråsen - Ski - Ås - Drøbak,510,bus,RUT:ServiceJourney:c2228567447c058ff0a7e77a469c0da2,True,actual,False,,,,,2026-09-07T08:42:24.659182+02:00
NSR:StopPlace:58860,Oppegård stasjon,2026-09-07T07:01:00+02:00,2026-09-07T07:03:15+02:00,2026-09-07T07:03:15+02:00,135.0,1,Kolbotn torg,RUT:Line:580,Kolbotn - Ski,580,bus,RUT:ServiceJourney:a94138289d37f1e39baa50dd7038637b,True,actual,False,,,,,2026-09-07T08:42:24.659182+02:00
NSR:StopPlace:58876,Tønsberg stasjon,2026-09-07T07:05:00+02:00,2026-09-07T07:07:15+02:00,2026-09-07T07:07:15+02:00,135.0,1,Skien,VYG:Line:RE11,Eidsvoll-Oslo S-Skien,RE11,rail,VYG:ServiceJourney:300-803-HHS_658721-R,True,actual,False,,,,,2026-09-07T08:42:24.659182+02:00
NSR:StopPlace:58871,Sande stasjon,2026-09-07T07:07:00+02:00,2026-09-07T07:09:15+02:00,2026-09-07T07:09:15+02:00,135.0,1,Skoger-Drammen,VKT:Line:10,Drammen-Skoger-Sande,10,bus,VKT:ServiceJourney:104194,True,actual,False,,,,,2026-09-07T08:42:24.659182+02:00
NSR:StopPlace:58871,Sande stasjon,2026-09-07T07:10:00+02:00,2026-09-07T07:12:15+02:00,2026-09-07T07:12:15+02:00,135.0,1,Svelvik,VKT:Line:200,Svelvik-Sande,200,bus,VKT:ServiceJourney:15038,True,actual,False,,,,,2026-09-07T08:42:24.659182+02:00
NSR:StopPlace:58804,Alvdal stasjon,2026-09-07T08:24:00+02:00,2026-09-07T08:26:15+02:00,2026-09-07T08:26:15+02:00,135.0,1,Tynset,INN:Line:181,Tynset - Alvdal - Folldal,181,bus,INN:ServiceJourney:84461,True,actual,False,,,,,2026-09-07T08:42:24.659182+02:00
NSR:StopPlace:58817,Eina stasjon,2026-09-07T07:47:00+02:00,2026-09-07T07:49:15+02:00,2026-09-07T07:49:15+02:00,135.0,1,Thune skole,INN:Line:406,Gjø.-Reinsv.-Eina-Reinsv.-Gjø.,406,bus,INN:ServiceJourney:65783,True,actual,False,,,,,2026-09-07T08:42:24.659182+02:00
NSR:StopPlace:628,Darbu stasjon,2026-09-07T07:14:00+02:00,2026-09-07T07:16:15+02:00,2026-09-07T07:16:15+02:00,135.0,1,Kongsberg,VYG:Line:R12,Kongsberg-Oslo S-Eidsvoll,R12,rail,VYG:ServiceJourney:503_444294-R,True,actual,False,,,,,2026-09-07T08:42:24.659182+02:00
NSR:StopPlace:62380,Røra stasjon,2026-09-07T05:21:00+02:00,2026-09-07T05:23:15+02:00,2026-09-07T05:23:15+02:00,135.0,1,Lerkendal,SJN:Line:26,Trønderbanen,R70,rail,SJN:ServiceJourney:1760_56046-R,True,actual,False,,,,,2026-09-07T08:42:24.659182+02:00
NSR:StopPlace:62393,Billingstad stasjon,2026-09-07T06:57:00+02:00,2026-09-07T06:59:15+02:00,2026-09-07T06:59:15+02:00,135.0,1,Lillestrøm,VYG:Line:L1,Spikkestad-Oslo S-Lillestrøm,L1,rail,VYG:ServiceJourney:2110_443515-R,True,actual,False,,,,,2026-09-07T08:42:24.659182+02:00
NSR:StopPlace:59650,Nyland stasjon,2026-09-07T22:14:00+02:00,2026-09-07T22:16:14+02:00,2026-09-07T22:16:14+02:00,134.0,1,Asker,VYG:Line:L1,Spikkestad-Oslo S-Lillestrøm,L1,rail,VYG:ServiceJourney:2169_443579-R,True,actual,False,,,,,2026-09-08T00:20:52.129880+02:00
NSR:StopPlace:206,Mariero stasjon,2026-09-07T22:55:00+02:00,2026-09-07T22:57:14+02:00,2026-09-07T22:57:14+02:00,134.0,1,Stavanger,GOA:Line:59,Jærbanen,L5,rail,GOA:ServiceJourney:3071_63132-R,True,actual,False,,,,,2026-09-08T00:20:52.129880+02:00
NSR:StopPlace:59647,Dal stasjon,2026-09-07T18:11:00+02:00,2026-09-07T18:13:14+02:00,2026-09-07T18:13:14+02:00,134.0,1,Jessheim,RUT:Line:430,Eidsvoll - Jessheim,430,bus,RUT:ServiceJourney:13cca1b245cf0c8082b773a33d7386cd,True,actual,False,,,,,2026-09-07T20:27:16.249662+02:00
NSR:StopPlace:60271,Varhaug stasjon,2026-09-07T19:48:00+02:00,2026-09-07T19:50:14+02:00,2026-09-07T19:50:14+02:00,134.0,1,Stavanger,GOA:Line:59,Jærbanen,L5,rail,GOA:ServiceJourney:3061_63116-R,True,actual,False,,,,,2026-09-07T20:27:16.249662+02:00
NSR:StopPlace:58921,Vennesla stasjon,2026-09-07T18:48:00+02:00,2026-09-07T18:50:14+02:00,2026-09-07T18:50:14+02:00,134.0,1,Kristiansand,AKT:Line:31,Kvadraturen - Sødal - Vennesla,31,bus,AKT:ServiceJourney:79695_252_44_134040_136260_3950001,True,actual,False,,,,,2026-09-07T20:27:16.249662+02:00
NSR:StopPlace:58836,Mjøndalen stasjon,2026-09-07T18:06:00+02:00,2026-09-07T18:08:14+02:00,2026-09-07T18:08:14+02:00,134.0,1,Eidsvoll,VYG:Line:R12,Kongsberg-Oslo S-Eidsvoll,R12,rail,VYG:ServiceJourney:528_444335-R,True,actual,False,Normal hastighet: Gulskogen–Mjøndalen,"Gulskogen–Mjøndalen: Togene kjører med normal fart igjen. Togene kjører, men det kan ta litt tid før de er i rute. Du må derfor regne med forsinkelser.",general,normal,2026-09-07T20:27:16.249662+02:00
NSR:StopPlace:58869,Ås stasjon,2026-09-07T18:45:00+02:00,2026-09-07T18:47:14+02:00,2026-09-07T18:47:14+02:00,134.0,1,Stabekk,VYG:Line:R21,Stabekk-Oslo S-Moss,R21,rail,VYG:ServiceJourney:1158-MOS_443044-R,True,actual,False,,,,,2026-09-07T20:27:16.249662+02:00
NSR:StopPlace:58835,Lier stasjon,2026-09-07T14:54:00+02:00,2026-09-07T14:56:14+02:00,2026-09-07T14:56:14+02:00,134.0,1,Lierskogen sentrum,BRA:Line:4_6079,Lierskogen - Lahell - Stoppen,79,bus,BRA:ServiceJourney:6079_260415100160857_1021,True,actual,False,,,,,2026-09-07T15:44:36.205822+02:00
NSR:StopPlace:58836,Mjøndalen stasjon,2026-09-07T15:07:00+02:00,2026-09-07T15:09:14+02:00,2026-09-07T15:09:14+02:00,134.0,1,Hovjordet,BRA:Line:4_6054,Mjøndalen - Hovjordet,54,bus,BRA:ServiceJourney:6054_260415100162423_1023,True,actual,False,,,,,2026-09-07T15:44:36.205822+02:00
NSR:StopPlace:58855,Leirsund stasjon,2026-09-07T13:25:00+02:00,2026-09-07T13:27:14+02:00,2026-09-07T13:27:14+02:00,134.0,1,Drammen,VYG:Line:R13,Drammen-Oslo S-Dal,R13,rail,VYG:ServiceJourney:1634_443285-R,True,actual,False,,,,,2026-09-07T15:44:36.205822+02:00
NSR:StopPlace:58874,Stokke stasjon,2026-09-07T14:22:00+02:00,2026-09-07T14:24:14+02:00,2026-09-07T14:24:14+02:00,134.0,1,Tønsberg,VKT:Line:520,Tønsberg-Stokke,520,bus,VKT:ServiceJourney:17315,True,actual,False,,,,,2026-09-07T15:44:36.205822+02:00
NSR:StopPlace:62309,Ljan stasjon,2026-09-07T15:09:00+02:00,2026-09-07T15:11:14+02:00,2026-09-07T15:11:14+02:00,134.0,1,Ski,VYG:Line:L2,Stabekk-Oslo S-Ski,L2,rail,VYG:ServiceJourney:2839-BES_488381-R,True,actual,False,,,,,2026-09-07T15:44:36.205822+02:00
NSR:StopPlace:62377,Ronglan stasjon,2026-09-07T15:29:00+02:00,2026-09-07T15:31:14+02:00,2026-09-07T15:31:14+02:00,134.0,1,Steinkjer,SJN:Line:26,Trønderbanen,R70,rail,SJN:ServiceJourney:439_56068-R,True,actual,False,,,,,2026-09-07T15:44:36.205822+02:00
NSR:StopPlace:59650,Nyland stasjon,2026-09-07T07:14:00+02:00,2026-09-07T07:16:14+02:00,2026-09-07T07:16:14+02:00,134.0,1,Asker,VYG:Line:L1,Spikkestad-Oslo S-Lillestrøm,L1,rail,VYG:ServiceJourney:2109_443513-R,True,actual,False,,,,,2026-09-07T08:42:24.659182+02:00
NSR:StopPlace:59637,Rosenholm stasjon,2026-09-07T06:43:00+02:00,2026-09-07T06:45:14+02:00,2026-09-07T06:45:14+02:00,134.0,1,Lysaker,VYG:Line:L2,Stabekk-Oslo S-Ski,L2,rail,VYG:ServiceJourney:2810-SKI_444022-R,True,actual,False,Færre vogner,Denne avgangen kjører dessverre med 3 vogner i stedet for 6 vogner. Dette skyldes at vi mangler et togsett.,general,normal,2026-09-07T08:42:24.659182+02:00
NSR:StopPlace:58838,Røyken stasjon,2026-09-07T07:37:00+02:00,2026-09-07T07:39:14+02:00,2026-09-07T07:39:14+02:00,134.0,1,Drammen,RUT:Line:261,Drammen - Lahell - Røyken - Sætre,261,bus,RUT:ServiceJourney:7cb75c0f7841c54448c682931b463db4,True,actual,False,Fra 17/8 går linje 61-63-71-73-251-261 og skolebusser fra holdeplass ved Skutebrygga ut av byen.Les mer på brakar.no/trafikkmeldinger.,,general,normal,2026-09-07T08:42:24.659182+02:00
NSR:StopPlace:58854,Langhus stasjon,2026-09-07T07:06:00+02:00,2026-09-07T07:08:14+02:00,2026-09-07T07:08:14+02:00,134.0,1,Drøbak - Seiersten,RUT:Line:510,Bøleråsen - Ski - Ås - Drøbak,510,bus,RUT:ServiceJourney:2ca919b62827921d5d53a55d66808615,True,actual,False,,,,,2026-09-07T08:42:24.659182+02:00
NSR:StopPlace:58817,Eina stasjon,2026-09-07T06:45:00+02:00,2026-09-07T06:47:14+02:00,2026-09-07T06:47:14+02:00,134.0,1,Åsmarka-Raufoss vgs,INN:Line:436,Eina-Børsvoll-Raufoss,436,bus,INN:ServiceJourney:66222,True,actual,False,,,,,2026-09-07T08:42:24.659182+02:00
NSR:StopPlace:117,Elverum stasjon,2026-09-07T08:36:00+02:00,2026-09-07T08:38:14+02:00,2026-09-07T08:38:14+02:00,134.0,1,Røros,SJN:Line:25,Rørosbanen,R60,rail,SJN:ServiceJourney:2381_30117-R,True,actual,False,,,,,2026-09-07T08:42:24.659182+02:00
NSR:StopPlace:62392,Slependen stasjon,2026-09-08T01:33:00+02:00,2026-09-08T01:35:13+02:00,2026-09-08T01:35:13+02:00,133.0,1,Drammen,VYG:Line:L1,Spikkestad-Oslo S-Lillestrøm,L1,rail,VYG:ServiceJourney:2281_443719-R,True,actual,False,,,,,2026-09-08T03:39:50.209703+02:00
NSR:StopPlace:58848,Haga stasjon,2026-09-07T22:45:00+02:00,2026-09-07T22:47:13+02:00,2026-09-07T22:47:13+02:00,133.0,1,Kongsvinger,VYG:Line:R14,Asker-Oslo S-Kongsvinger,R14,rail,VYG:ServiceJourney:1035_442947-R,True,actual,False,,,,,2026-09-08T00:20:52.129880+02:00
NSR:StopPlace:58873,Skoppum stasjon,2026-09-07T22:40:00+02:00,2026-09-07T22:42:13+02:00,2026-09-07T22:42:13+02:00,133.0,1,Skien,VYG:Line:RE11,Eidsvoll-Oslo S-Skien,RE11,rail,VYG:ServiceJourney:835_444415-R,True,actual,False,,,,,2026-09-08T00:20:52.129880+02:00
NSR:StopPlace:62308,Alna stasjon,2026-09-07T22:48:00+02:00,2026-09-07T22:50:13+02:00,2026-09-07T22:50:13+02:00,133.0,1,Lillestrøm,VYG:Line:L1,Spikkestad-Oslo S-Lillestrøm,L1,rail,VYG:ServiceJourney:2272_465117-R,True,actual,False,,,,,2026-09-08T00:20:52.129880+02:00
NSR:StopPlace:61897,Bryn stasjon,2026-09-07T18:45:00+02:00,2026-09-07T18:47:13+02:00,2026-09-07T18:47:13+02:00,133.0,1,Lillestrøm,VYG:Line:L1,Spikkestad-Oslo S-Lillestrøm,L1,rail,VYG:ServiceJourney:2256_445354-R,True,actual,False,,,,,2026-09-07T20:27:16.249662+02:00
NSR:StopPlace:59872,Oslo S,2026-09-07T16:39:00+02:00,2026-09-07T16:41:13+02:00,2026-09-07T16:41:13+02:00,133.0,1,Skien,VYG:Line:RE11,Eidsvoll-Oslo S-Skien,RE11,rail,VYG:ServiceJourney:825_444405-R,True,actual,False,,,,,2026-09-07T20:27:16.249662+02:00
NSR:StopPlace:59652,Tøyen stasjon,2026-09-07T17:45:00+02:00,2026-09-07T17:47:13+02:00,2026-09-07T17:47:13+02:00,133.0,1,Vippetangen,RUT:Line:60,Vippetangen-Tonsenhagen,60,bus,RUT:ServiceJourney:9059cd5aec37ff3de9ba416a1d255d4a,True,actual,False,,,,,2026-09-07T20:27:16.249662+02:00
NSR:StopPlace:58859,Nordby stasjon,2026-09-07T17:33:00+02:00,2026-09-07T17:35:13+02:00,2026-09-07T17:35:13+02:00,133.0,1,Drammen,VYG:Line:R13,Drammen-Oslo S-Dal,R13,rail,VYG:ServiceJourney:1652_443326-R,True,actual,False,,,,,2026-09-07T20:27:16.249662+02:00
NSR:StopPlace:58873,Skoppum stasjon,2026-09-07T19:00:00+02:00,2026-09-07T19:02:13+02:00,2026-09-07T19:02:13+02:00,133.0,1,Holtandalen-Horten,VKT:Line:40,Horten-Holtandalen-Skoppum,40,bus,VKT:ServiceJourney:17443,True,actual,False,,,,,2026-09-07T20:27:16.249662+02:00
NSR:StopPlace:416,Vikhammer stasjon,2026-09-07T20:23:00+02:00,2026-09-07T20:25:13+02:00,2026-09-07T20:25:13+02:00,133.0,1,Lundamo,SJN:Line:26,Trønderbanen,R70,rail,SJN:ServiceJourney:448_56077-R,True,actual,False,,,,,2026-09-07T20:27:16.249662+02:00
NSR:StopPlace:58850,Hauerseter stasjon,2026-09-07T14:00:00+02:00,2026-09-07T14:02:13+02:00,2026-09-07T14:02:13+02:00,133.0,1,Drammen,VYG:Line:R13,Drammen-Oslo S-Dal,R13,rail,VYG:ServiceJourney:1638_443294-R,True,actual,False,,,,,2026-09-07T15:44:36.205822+02:00
NSR:StopPlace:58864,Sørumsand stasjon,2026-09-07T14:30:00+02:00,2026-09-07T14:32:13+02:00,2026-09-07T14:32:13+02:00,133.0,1,Kongsvinger,VYG:Line:R14,Asker-Oslo S-Kongsvinger,R14,rail,VYG:ServiceJourney:1019_442926-R,True,actual,False,,,,,2026-09-07T15:44:36.205822+02:00
NSR:StopPlace:58893,Grovane stasjon,2026-09-07T15:36:00+02:00,2026-09-07T15:38:13+02:00,2026-09-07T15:38:13+02:00,133.0,1,Kristiansand,AKT:Line:31,Kvadraturen - Sødal - Vennesla,31,bus,AKT:ServiceJourney:79691_212_50_111960_114660_3950001,True,actual,False,,,,,2026-09-07T15:44:36.205822+02:00
NSR:StopPlace:101,Sagdalen stasjon,2026-09-07T14:52:00+02:00,2026-09-07T14:54:13+02:00,2026-09-07T14:54:13+02:00,133.0,1,Lillestrøm,VYG:Line:L1,Spikkestad-Oslo S-Lillestrøm,L1,rail,VYG:ServiceJourney:2138_443545-R,True,actual,False,,,,,2026-09-07T15:44:36.205822+02:00
NSR:StopPlace:610,Sandvika stasjon,2026-09-07T13:15:00+02:00,2026-09-07T13:17:13+02:00,2026-09-07T13:17:13+02:00,133.0,1,Lillehammer,VYG:Line:RE10,Drammen-Oslo S-Lillehammer,RE10,rail,VYG:ServiceJourney:319-SUD_444192-R,True,actual,False,,,,,2026-09-07T15:44:36.205822+02:00
NSR:StopPlace:61897,Bryn stasjon,2026-09-07T07:20:00+02:00,2026-09-07T07:22:13+02:00,2026-09-07T07:22:13+02:00,133.0,1,Asker,VYG:Line:L1,Spikkestad-Oslo S-Lillestrøm,L1,rail,VYG:ServiceJourney:2109_443513-R,True,actual,False,,,,,2026-09-07T08:42:24.659182+02:00
NSR:StopPlace:58932,Hommelvik stasjon,2026-09-07T07:30:00+02:00,2026-09-07T07:32:13+02:00,2026-09-07T07:32:13+02:00,133.0,1,A Marienborg via Innherredsveien,ATB:Line:2_70,Stjørdal/Hommelvik- Trondheim,70,bus,ATB:ServiceJourney:70_251215112546910_18,True,actual,False,,,,,2026-09-07T08:42:24.659182+02:00
NSR:StopPlace:58948,Stjørdal stasjon,2026-09-07T07:22:00+02:00,2026-09-07T07:24:13+02:00,2026-09-07T07:24:13+02:00,133.0,1,Husbyåsen via Terrassehusene,ATB:Line:2_92,92 StjørdalSt-HusbySnu.,92,bus,ATB:ServiceJourney:92_260219106441707_12,True,actual,False,,,,,2026-09-07T08:42:24.659182+02:00
NSR:StopPlace:58797,Mysen stasjon,2026-09-07T08:15:00+02:00,2026-09-07T08:17:13+02:00,2026-09-07T08:17:13+02:00,133.0,1,Mysen ungdomsskole,OST:Line:1_464,Mysen ungdomsskole,464,bus,OST:ServiceJourney:464_260325121475513_7,True,actual,False,,,,,2026-09-07T08:42:24.659182+02:00
NSR:StopPlace:58798,Rakkestad stasjon,2026-09-07T08:11:00+02:00,2026-09-07T08:13:13+02:00,2026-09-07T08:13:13+02:00,133.0,1,Rakkestad sentrum-Os skole,OST:Line:1_473,Skoleruter Rakkestad,473,bus,OST:ServiceJourney:473_260325121475531_3,True,actual,False,,,,,2026-09-07T08:42:24.659182+02:00
NSR:StopPlace:58842,Blaker stasjon,2026-09-07T07:34:00+02:00,2026-09-07T07:36:13+02:00,2026-09-07T07:36:13+02:00,133.0,1,Kongsvinger,VYG:Line:R14,Asker-Oslo S-Kongsvinger,R14,rail,VYG:ServiceJourney:1005_442910-R,True,actual,False,,,,,2026-09-07T08:42:24.659182+02:00
NSR:StopPlace:58856,Lysaker stasjon,2026-09-07T05:56:00+02:00,2026-09-07T05:58:13+02:00,2026-09-07T05:58:13+02:00,133.0,1,Nationaltheatret,RUT:Line:150,Gullhaug - Nationaltheatret,150,bus,RUT:ServiceJourney:387fa253f7f27daf109cc3a2163917d1,True,actual,False,,,,,2026-09-07T08:42:24.659182+02:00
NSR:StopPlace:58861,Solbråtan stasjon,2026-09-07T07:38:00+02:00,2026-09-07T07:40:13+02:00,2026-09-07T07:40:13+02:00,133.0,1,Lysaker,VYG:Line:L2,Stabekk-Oslo S-Ski,L2,rail,VYG:ServiceJourney:2814-SKI_444026-R,True,actual,False,,,,,2026-09-07T08:42:24.659182+02:00
NSR:StopPlace:58862,Strømmen stasjon,2026-09-07T06:58:00+02:00,2026-09-07T07:00:13+02:00,2026-09-07T07:00:13+02:00,133.0,1,Lørenskog sentrum,RUT:Line:385,Nittedal stasjon - Olavsgaard - Ahus,385,bus,RUT:ServiceJourney:f01e091a10858b2480a162cefa9c6483,True,actual,False,,,,,2026-09-07T08:42:24.659182+02:00
NSR:StopPlace:62308,Alna stasjon,2026-09-07T06:18:00+02:00,2026-09-07T06:20:13+02:00,2026-09-07T06:20:13+02:00,133.0,1,Lillestrøm,VYG:Line:L1,Spikkestad-Oslo S-Lillestrøm,L1,rail,VYG:ServiceJourney:2206_443594-R,True,actual,False,,,,,2026-09-07T08:42:24.659182+02:00
NSR:StopPlace:62380,Røra stasjon,2026-09-07T07:49:00+02:00,2026-09-07T07:51:13+02:00,2026-09-07T07:51:13+02:00,133.0,1,Lundamo,SJN:Line:26,Trønderbanen,R70,rail,SJN:ServiceJourney:426_56055-R,True,actual,False,,,,,2026-09-07T08:42:24.659182+02:00
NSR:StopPlace:60077,Støren stasjon,2026-09-08T00:09:00+02:00,2026-09-08T00:11:12+02:00,2026-09-08T00:11:12+02:00,132.0,1,Oslo S,SJN:Line:21,Dovrebanen,F6,rail,SJN:ServiceJourney:406-TND_30133-R,True,actual,False,,,,,2026-09-08T03:39:50.209703+02:00
NSR:StopPlace:59648,Kjelsås stasjon,2026-09-07T22:40:00+02:00,2026-09-07T22:42:12+02:00,2026-09-07T22:42:12+02:00,132.0,1,Majorstuen,RUT:Line:25,Majorstuen-Haugerud,25,bus,RUT:ServiceJourney:6f5f86124ec16a73f2993ccbc14aca12,True,actual,False,,,,,2026-09-08T00:20:52.129880+02:00
NSR:StopPlace:60640,Heimdal stasjon,2026-09-07T21:41:00+02:00,2026-09-07T21:43:12+02:00,2026-09-07T21:43:12+02:00,132.0,1,Ranheim via Tiller-sentrum,ATB:Line:2_1,Ranheim - Strindheim - sentrum - Tiller - Heimdal - Kattem,1,bus,ATB:ServiceJourney:1_251215112545872_235,True,actual,False,,,,,2026-09-08T00:20:52.129880+02:00
NSR:StopPlace:58855,Leirsund stasjon,2026-09-07T23:00:00+02:00,2026-09-07T23:02:12+02:00,2026-09-07T23:02:12+02:00,132.0,1,Dal,VYG:Line:R13,Drammen-Oslo S-Dal,R13,rail,VYG:ServiceJourney:1671_443365-R,True,actual,False,,,,,2026-09-08T00:20:52.129880+02:00
NSR:StopPlace:61872,Nærbø stasjon,2026-09-07T19:52:00+02:00,2026-09-07T19:54:12+02:00,2026-09-07T19:54:12+02:00,132.0,1,Stavanger,GOA:Line:59,Jærbanen,L5,rail,GOA:ServiceJourney:3061_63116-R,True,actual,False,,,,,2026-09-07T20:27:16.249662+02:00
NSR:StopPlace:58794,Fredrikstad stasjon,2026-09-07T20:10:00+02:00,2026-09-07T20:12:12+02:00,2026-09-07T20:12:12+02:00,132.0,1,Kalnes,OST:Line:1_4,Fredrikstad - Kalnes,4,bus,OST:ServiceJourney:4_260325121471319_43,True,actual,False,,,,,2026-09-07T20:27:16.249662+02:00
NSR:StopPlace:58843,Blommenholm stasjon,2026-09-07T18:14:00+02:00,2026-09-07T18:16:12+02:00,2026-09-07T18:16:12+02:00,132.0,1,Asker,VYG:Line:L1,Spikkestad-Oslo S-Lillestrøm,L1,rail,VYG:ServiceJourney:2151_443560-R,True,actual,False,,,,,2026-09-07T20:27:16.249662+02:00
NSR:StopPlace:61464,Hvalstad stasjon,2026-09-07T14:40:00+02:00,2026-09-07T14:42:12+02:00,2026-09-07T14:42:12+02:00,132.0,1,Lillestrøm,VYG:Line:L1,Spikkestad-Oslo S-Lillestrøm,L1,rail,VYG:ServiceJourney:2242_443654-R,True,actual,False,,,,,2026-09-07T15:44:36.205822+02:00
NSR:StopPlace:58793,Askim stasjon,2026-09-07T14:40:00+02:00,2026-09-07T14:42:12+02:00,2026-09-07T14:42:12+02:00,132.0,1,Oslo bussterminal,OST:Line:1_9,Timekspress linje 9,9,bus,OST:ServiceJourney:9_260325121472416_9009,True,actual,False,,,,,2026-09-07T15:44:36.205822+02:00
NSR:StopPlace:58873,Skoppum stasjon,2026-09-07T15:40:00+02:00,2026-09-07T15:42:12+02:00,2026-09-07T15:42:12+02:00,132.0,1,Skien,VYG:Line:RE11,Eidsvoll-Oslo S-Skien,RE11,rail,VYG:ServiceJourney:821_444401-R,True,actual,False,,,,,2026-09-07T15:44:36.205822+02:00
NSR:StopPlace:58886,Arendal stasjon,2026-09-07T14:14:00+02:00,2026-09-07T14:16:12+02:00,2026-09-07T14:16:12+02:00,132.0,1,Hisøy via Arendal sentrum,AKT:Line:103,Tromøy Vest-Arendal-Hisøy,103,bus,AKT:ServiceJourney:83473_111_54_100320_102960_40001671,True,actual,False,,,,,2026-09-07T15:44:36.205822+02:00
NSR:StopPlace:62341,Tangen stasjon,2026-09-07T14:34:00+02:00,2026-09-07T14:36:12+02:00,2026-09-07T14:36:12+02:00,132.0,1,Drammen,VYG:Line:RE10,Drammen-Oslo S-Lillehammer,RE10,rail,VYG:ServiceJourney:320-LHM_444196-R,True,actual,False,,,,,2026-09-07T15:44:36.205822+02:00
NSR:StopPlace:33,Ranheim stasjon,2026-09-07T06:16:00+02:00,2026-09-07T06:18:12+02:00,2026-09-07T06:18:12+02:00,132.0,1,Støren,SJN:Line:26,Trønderbanen,R70,rail,SJN:ServiceJourney:420_56049-R,True,actual,False,,,,,2026-09-07T08:42:24.659182+02:00
NSR:StopPlace:41,Hanaborg stasjon,2026-09-07T07:01:00+02:00,2026-09-07T07:03:12+02:00,2026-09-07T07:03:12+02:00,132.0,1,Lillestrøm,VYG:Line:L1,Spikkestad-Oslo S-Lillestrøm,L1,rail,VYG:ServiceJourney:2208_764738-R,True,actual,False,Færre vogner,Denne avgangen kjører dessverre med 4 vogner i stedet for 8 vogner. Dette skyldes at vi mangler et togsett.,general,normal,2026-09-07T08:42:24.659182+02:00
NSR:StopPlace:59642,Rånåsfoss stasjon,2026-09-07T06:16:00+02:00,2026-09-07T06:18:12+02:00,2026-09-07T06:18:12+02:00,132.0,1,Asker,VYG:Line:R14,Asker-Oslo S-Kongsvinger,R14,rail,VYG:ServiceJourney:1004_442909-R,True,actual,False,,,,,2026-09-07T08:42:24.659182+02:00
NSR:StopPlace:59703,Åndalsnes stasjon,2026-09-07T07:50:00+02:00,2026-09-07T07:52:12+02:00,2026-09-07T07:52:12+02:00,132.0,1,Isfjorden,MOR:Line:423,Åndalsnes-Isfjorden,423,bus,MOR:ServiceJourney:423_102_9150000047259177,True,actual,False,,,,,2026-09-07T08:42:24.659182+02:00
NSR:StopPlace:60016,Kråkstad stasjon,2026-09-07T08:18:00+02:00,2026-09-07T08:20:12+02:00,2026-09-07T08:20:12+02:00,132.0,1,Rakkestad,VYG:Line:R22,Skøyen-Oslo S-Mysen-Rakkestad,R22,rail,VYG:ServiceJourney:1907_443443-R,True,actual,False,,,,,2026-09-07T08:42:24.659182+02:00
NSR:StopPlace:58919,Sira stasjon,2026-09-07T08:15:00+02:00,2026-09-07T08:17:12+02:00,2026-09-07T08:17:12+02:00,132.0,1,Sira,AKT:Line:260,Flekkefjord - Sira - Moi,260,bus,AKT:ServiceJourney:56498_31_47_57000_60360_3935561,True,actual,False,,,,,2026-09-07T08:42:24.659182+02:00
NSR:StopPlace:58860,Oppegård stasjon,2026-09-07T06:16:00+02:00,2026-09-07T06:18:12+02:00,2026-09-07T06:18:12+02:00,132.0,1,Stabekk,VYG:Line:L2,Stabekk-Oslo S-Ski,L2,rail,VYG:ServiceJourney:2710-SKI_443916-R,True,actual,False,Færre vogner,Denne avgangen kjører dessverre med 3 vogner i stedet for 6 vogner. Dette skyldes at vi mangler et togsett.,general,normal,2026-09-07T08:42:24.659182+02:00
NSR:StopPlace:58825,Raufoss stasjon,2026-09-07T08:11:00+02:00,2026-09-07T08:13:12+02:00,2026-09-07T08:13:12+02:00,132.0,1,Bøverbru-Åsmarka-Raufoss,INN:Line:436,Eina-Børsvoll-Raufoss,436,bus,INN:ServiceJourney:66223,True,actual,False,,,,,2026-09-07T08:42:24.659182+02:00
NSR:StopPlace:58825,Raufoss stasjon,2026-09-07T08:33:00+02:00,2026-09-07T08:35:12+02:00,2026-09-07T08:35:12+02:00,132.0,1,Raufosshallen,INN:Line:47,Lena-Kapp-Gjøvik-Raufoss-Lena,B47,bus,INN:ServiceJourney:76582,True,actual,False,,,,,2026-09-07T08:42:24.659182+02:00
NSR:StopPlace:400,Ler stasjon,2026-09-07T07:33:00+02:00,2026-09-07T07:35:12+02:00,2026-09-07T07:35:12+02:00,132.0,1,Steinkjer,SJN:Line:26,Trønderbanen,R70,rail,SJN:ServiceJourney:427_56056-R,True,actual,False,,,,,2026-09-07T08:42:24.659182+02:00
NSR:StopPlace:416,Vikhammer stasjon,2026-09-07T08:34:00+02:00,2026-09-07T08:36:12+02:00,2026-09-07T08:36:12+02:00,132.0,1,Steinkjer,SJN:Line:26,Trønderbanen,R70,rail,SJN:ServiceJourney:427_56056-R,True,actual,False,,,,,2026-09-07T08:42:24.659182+02:00
NSR:StopPlace:62309,Ljan stasjon,2026-09-07T08:09:00+02:00,2026-09-07T08:11:12+02:00,2026-09-07T08:11:12+02:00,132.0,1,Ski,VYG:Line:L2,Stabekk-Oslo S-Ski,L2,rail,VYG:ServiceJourney:2811-HVK_444023-R,True,actual,False,,,,,2026-09-07T08:42:24.659182+02:00
NSR:StopPlace:62393,Billingstad stasjon,2026-09-07T08:13:00+02:00,2026-09-07T08:15:12+02:00,2026-09-07T08:15:12+02:00,132.0,1,Lillestrøm,VYG:Line:L1,Spikkestad-Oslo S-Lillestrøm,L1,rail,VYG:ServiceJourney:2216_445310-R,True,actual,False,Færre vogner,Denne avgangen kjører dessverre med 4 vogner i stedet for 8 vogner. Dette skyldes at vi mangler et togsett.,general,normal,2026-09-07T08:42:24.659182+02:00
NSR:StopPlace:59653,Haugenstua stasjon,2026-09-07T22:55:00+02:00,2026-09-07T22:57:11+02:00,2026-09-07T22:57:11+02:00,131.0,1,Spikkestad,VYG:Line:L1,Spikkestad-Oslo S-Lillestrøm,L1,rail,VYG:ServiceJourney:2273_443707-R,True,actual,False,,,,,2026-09-08T00:20:52.129880+02:00
NSR:StopPlace:58936,Skatval stasjon,2026-09-07T19:06:00+02:00,2026-09-07T19:08:11+02:00,2026-09-07T19:08:11+02:00,131.0,1,Steinkjer,SJN:Line:26,Trønderbanen,R70,rail,SJN:ServiceJourney:447_56076-R,True,actual,False,,,,,2026-09-07T20:27:16.249662+02:00
NSR:StopPlace:468,Ørneberget stasjon,2026-09-07T19:00:00+02:00,2026-09-07T19:02:11+02:00,2026-09-07T19:02:11+02:00,131.0,1,Bergen,VYG:Line:R40,Bergen-Voss-Myrdal-Ål,R40,rail,VYG:ServiceJourney:1835_477934-R,True,actual,False,,,,,2026-09-07T20:27:16.249662+02:00
NSR:StopPlace:61707,Jevnaker stasjon,2026-09-07T15:09:00+02:00,2026-09-07T15:11:11+02:00,2026-09-07T15:11:11+02:00,131.0,1,Stortjernsvika-Felberg,INN:Line:452,Gran-Lunner-Olimb-Jevnaker,452,bus,INN:ServiceJourney:71451,True,actual,False,,,,,2026-09-07T15:44:36.205822+02:00
NSR:StopPlace:58838,Røyken stasjon,2026-09-07T15:07:00+02:00,2026-09-07T15:09:11+02:00,2026-09-07T15:09:11+02:00,131.0,1,Drammen,RUT:Line:261,Drammen - Lahell - Røyken - Sætre,261,bus,RUT:ServiceJourney:aa15836baf59fd0519432c0df6d36cdc,True,actual,False,Fra 17/8 går linje 61-63-71-73-251-261 og skolebusser fra holdeplass ved Skutebrygga ut av byen.Les mer på brakar.no/trafikkmeldinger.,,general,normal,2026-09-07T15:44:36.205822+02:00
NSR:StopPlace:58859,Nordby stasjon,2026-09-07T15:03:00+02:00,2026-09-07T15:05:11+02:00,2026-09-07T15:05:11+02:00,131.0,1,Kongsberg,VYG:Line:R13,Drammen-Oslo S-Dal,R13,rail,VYG:ServiceJourney:1642_443303-R,True,actual,False,,,,,2026-09-07T15:44:36.205822+02:00
NSR:StopPlace:58818,Gran stasjon,2026-09-07T15:34:00+02:00,2026-09-07T15:36:11+02:00,2026-09-07T15:36:11+02:00,131.0,1,Grymyr via Granåsen,INN:Line:456,Gran-Grymyr,456,bus,INN:ServiceJourney:84270,True,actual,False,,,,,2026-09-07T15:44:36.205822+02:00
NSR:StopPlace:62393,Billingstad stasjon,2026-09-07T14:43:00+02:00,2026-09-07T14:45:11+02:00,2026-09-07T14:45:11+02:00,131.0,1,Lillestrøm,VYG:Line:L1,Spikkestad-Oslo S-Lillestrøm,L1,rail,VYG:ServiceJourney:2242_443654-R,True,actual,False,,,,,2026-09-07T15:44:36.205822+02:00
NSR:StopPlace:6,Greverud stasjon,2026-09-07T08:18:00+02:00,2026-09-07T08:20:11+02:00,2026-09-07T08:20:11+02:00,131.0,1,Stabekk,VYG:Line:L2,Stabekk-Oslo S-Ski,L2,rail,VYG:ServiceJourney:2718-SKI_443924-R,True,actual,False,,,,,2026-09-07T08:42:24.659182+02:00
NSR:StopPlace:61169,Marienborg stasjon,2026-09-07T06:56:00+02:00,2026-09-07T06:58:11+02:00,2026-09-07T06:58:11+02:00,131.0,1,Østmarka via Lerkendal-Strindh.,ATB:Line:2_13,Østmarka - Strindheim - Lerkendal - Havstad,13,bus,ATB:ServiceJourney:13_251215112552669_9,True,actual,False,,,,,2026-09-07T08:42:24.659182+02:00
NSR:StopPlace:33,Ranheim stasjon,2026-09-07T08:29:00+02:00,2026-09-07T08:31:11+02:00,2026-09-07T08:31:11+02:00,131.0,1,Steinkjer,SJN:Line:26,Trønderbanen,R70,rail,SJN:ServiceJourney:427_56056-R,True,actual,False,,,,,2026-09-07T08:42:24.659182+02:00
NSR:StopPlace:60640,Heimdal stasjon,2026-09-07T06:11:00+02:00,2026-09-07T06:13:11+02:00,2026-09-07T06:13:11+02:00,131.0,1,Strindheim via Kolstad-sentrum,ATB:Line:2_2,Strindheim- Lade- sentrum- Sau,2,bus,ATB:ServiceJourney:2_251215112549914_9,True,actual,False,,,,,2026-09-07T08:42:24.659182+02:00
NSR:StopPlace:59261,Trondheim lufthavn,2026-09-07T07:57:00+02:00,2026-09-07T07:59:11+02:00,2026-09-07T07:59:11+02:00,131.0,1,Stjørdal stasjon - Tangen,ATB:Line:2_70,Stjørdal/Hommelvik- Trondheim,70,bus,ATB:ServiceJourney:70_251215112546991_7,True,actual,False,,,,,2026-09-07T08:42:24.659182+02:00
NSR:StopPlace:59636,Holmlia stasjon,2026-09-07T06:45:00+02:00,2026-09-07T06:47:11+02:00,2026-09-07T06:47:11+02:00,131.0,1,Lysaker,VYG:Line:L2,Stabekk-Oslo S-Ski,L2,rail,VYG:ServiceJourney:2810-SKI_444022-R,True,actual,False,Færre vogner,Denne avgangen kjører dessverre med 3 vogner i stedet for 6 vogner. Dette skyldes at vi mangler et togsett.,general,normal,2026-09-07T08:42:24.659182+02:00
NSR:StopPlace:58794,Fredrikstad stasjon,2026-09-07T06:06:00+02:00,2026-09-07T06:08:11+02:00,2026-09-07T06:08:11+02:00,131.0,1,Oslo S,VYG:Line:RE20,Oslo S-Halden-Göteborg (X-Border),RE20,rail,VYG:ServiceJourney:142-HLD_509063-R,True,actual,False,Færre vogner,Denne avgangen kjører dessverre med 4 vogner i stedet for 8 vogner. Dette skyldes at vi mangler et togsett.,general,normal,2026-09-07T08:42:24.659182+02:00
NSR:StopPlace:58838,Røyken stasjon,2026-09-07T08:38:00+02:00,2026-09-07T08:40:11+02:00,2026-09-07T08:40:11+02:00,131.0,1,Sætre,RUT:Line:261,Drammen - Lahell - Røyken - Sætre,261,bus,RUT:ServiceJourney:7dfab2ab59c2ffc0ffda651fc6a8c329,True,actual,False,Fra 17/8 går linje 61-63-71-73-251-261 og skolebusser fra holdeplass ved Skutebrygga ut av byen.Les mer på brakar.no/trafikkmeldinger.,,general,normal,2026-09-07T08:42:24.659182+02:00
NSR:StopPlace:58844,Eidsvoll stasjon,2026-09-07T07:51:00+02:00,2026-09-07T07:53:11+02:00,2026-09-07T07:53:11+02:00,131.0,1,Nannestad vgs.,RUT:Line:3872,Eidsvoll - Råholt - Dal - Nannestad,3872,bus,RUT:ServiceJourney:72f21f3818ddf648da1864a6e65ae3ac,True,actual,False,,,,,2026-09-07T08:42:24.659182+02:00
NSR:StopPlace:58817,Eina stasjon,2026-09-07T06:15:00+02:00,2026-09-07T06:17:11+02:00,2026-09-07T06:17:11+02:00,131.0,1,Gjøvik-Sykehuset,INN:Line:406,Gjø.-Reinsv.-Eina-Reinsv.-Gjø.,406,bus,INN:ServiceJourney:97393,True,actual,False,,,,,2026-09-07T08:42:24.659182+02:00
NSR:StopPlace:313,Høybråten stasjon,2026-09-07T06:57:00+02:00,2026-09-07T06:59:11+02:00,2026-09-07T06:59:11+02:00,131.0,1,Lillestrøm,VYG:Line:L1,Spikkestad-Oslo S-Lillestrøm,L1,rail,VYG:ServiceJourney:2208_764738-R,True,actual,False,Færre vogner,Denne avgangen kjører dessverre med 4 vogner i stedet for 8 vogner. Dette skyldes at vi mangler et togsett.,general,normal,2026-09-07T08:42:24.659182+02:00
NSR:StopPlace:61326,Gulskogen stasjon,2026-09-07T21:12:00+02:00,2026-09-07T21:14:10+02:00,2026-09-07T21:14:10+02:00,130.0,1,Eidsvoll,VYG:Line:R12,Kongsberg-Oslo S-Eidsvoll,R12,rail,VYG:ServiceJourney:534_444344-R,True,actual,False,,,,,2026-09-08T00:20:52.129880+02:00
NSR:StopPlace:59648,Kjelsås stasjon,2026-09-07T21:55:00+02:00,2026-09-07T21:57:10+02:00,2026-09-07T21:57:10+02:00,130.0,1,Majorstuen,RUT:Line:25,Majorstuen-Haugerud,25,bus,RUT:ServiceJourney:2177f8002000c380a9e60b457ac745cf,True,actual,False,,,,,2026-09-08T00:20:52.129880+02:00
NSR:StopPlace:58790,Verdal stasjon,2026-09-07T23:56:00+02:00,2026-09-07T23:58:10+02:00,2026-09-07T23:58:10+02:00,130.0,1,Steinkjer,SJN:Line:26,Trønderbanen,R70,rail,SJN:ServiceJourney:455_56084-R,True,actual,False,,,,,2026-09-08T00:20:52.129880+02:00
NSR:StopPlace:708,Stange stasjon,2026-09-07T22:34:00+02:00,2026-09-07T22:36:10+02:00,2026-09-07T22:36:10+02:00,130.0,1,Lillehammer,VYG:Line:RE10,Drammen-Oslo S-Lillehammer,RE10,rail,VYG:ServiceJourney:335-SUD_486419-R,True,actual,False,,,,,2026-09-08T00:20:52.129880+02:00
NSR:StopPlace:62392,Slependen stasjon,2026-09-07T22:33:00+02:00,2026-09-07T22:35:10+02:00,2026-09-07T22:35:10+02:00,130.0,1,Spikkestad,VYG:Line:L1,Spikkestad-Oslo S-Lillestrøm,L1,rail,VYG:ServiceJourney:2269_443700-R,True,actual,False,,,,,2026-09-08T00:20:52.129880+02:00
NSR:StopPlace:8,Paradis stasjon,2026-09-07T17:41:00+02:00,2026-09-07T17:43:10+02:00,2026-09-07T17:43:10+02:00,130.0,1,Skeiane,GOA:Line:59,Jærbanen,L5,rail,GOA:ServiceJourney:3152_63197-R,True,actual,False,,,,,2026-09-07T20:27:16.249662+02:00
NSR:StopPlace:23,Rena stasjon,2026-09-07T19:05:00+02:00,2026-09-07T19:07:10+02:00,2026-09-07T19:07:10+02:00,130.0,1,Røros,SJN:Line:25,Rørosbanen,R60,rail,SJN:ServiceJourney:2391_54213-R,True,actual,False,,,,,2026-09-07T20:27:16.249662+02:00
NSR:StopPlace:60640,Heimdal stasjon,2026-09-07T17:32:00+02:00,2026-09-07T17:34:10+02:00,2026-09-07T17:34:10+02:00,130.0,1,Strindheim via Kolstad-sentrum,ATB:Line:2_2,Strindheim- Lade- sentrum- Sau,2,bus,ATB:ServiceJourney:2_251215112549951_185,True,actual,False,,,,,2026-09-07T20:27:16.249662+02:00
NSR:StopPlace:60900,Harran stasjon,2026-09-07T19:27:00+02:00,2026-09-07T19:29:10+02:00,2026-09-07T19:29:10+02:00,130.0,1,Mo i Rana,SJN:Line:71,Nordlandsbanen,F7,rail,SJN:ServiceJourney:477_45453-R,True,actual,False,,,,,2026-09-07T20:27:16.249662+02:00
NSR:StopPlace:58839,Steinberg stasjon,2026-09-07T18:54:00+02:00,2026-09-07T18:56:10+02:00,2026-09-07T18:56:10+02:00,130.0,1,Hokksund - Vikersund,BRA:Line:4_6101,Drammen-Vikersund/Hønefoss,101,bus,BRA:ServiceJourney:6101_260415100161252_1047,True,actual,False,,,,,2026-09-07T20:27:16.249662+02:00
NSR:StopPlace:58868,Årnes stasjon,2026-09-07T19:07:00+02:00,2026-09-07T19:09:10+02:00,2026-09-07T19:09:10+02:00,130.0,1,Asker,VYG:Line:R14,Asker-Oslo S-Kongsvinger,R14,rail,VYG:ServiceJourney:1030_442941-R,True,actual,False,,,,,2026-09-07T20:27:16.249662+02:00
NSR:StopPlace:58862,Strømmen stasjon,2026-09-07T17:36:00+02:00,2026-09-07T17:38:10+02:00,2026-09-07T17:38:10+02:00,130.0,1,Nittedal,RUT:Line:385,Nittedal stasjon - Olavsgaard - Ahus,385,bus,RUT:ServiceJourney:6dc492f8a4de7d35372e568a0ed176a0,True,actual,False,,,,,2026-09-07T20:27:16.249662+02:00
NSR:StopPlace:62308,Alna stasjon,2026-09-07T19:17:00+02:00,2026-09-07T19:19:10+02:00,2026-09-07T19:19:10+02:00,130.0,1,Asker,VYG:Line:L1,Spikkestad-Oslo S-Lillestrøm,L1,rail,VYG:ServiceJourney:2157_443566-R,True,actual,False,,,,,2026-09-07T20:27:16.249662+02:00
NSR:StopPlace:61463,Nordstrand stasjon,2026-09-07T15:07:00+02:00,2026-09-07T15:09:10+02:00,2026-09-07T15:09:10+02:00,130.0,1,Ski,VYG:Line:L2,Stabekk-Oslo S-Ski,L2,rail,VYG:ServiceJourney:2839-BES_488381-R,True,actual,False,,,,,2026-09-07T15:44:36.205822+02:00
NSR:StopPlace:58847,Frogner stasjon,2026-09-07T15:21:00+02:00,2026-09-07T15:23:10+02:00,2026-09-07T15:23:10+02:00,130.0,1,Kongsberg,VYG:Line:R13,Drammen-Oslo S-Dal,R13,rail,VYG:ServiceJourney:1642_443303-R,True,actual,False,,,,,2026-09-07T15:44:36.205822+02:00
NSR:StopPlace:61314,Hovin stasjon,2026-09-07T06:50:00+02:00,2026-09-07T06:52:10+02:00,2026-09-07T06:52:10+02:00,130.0,1,Trondheim S,SJN:Line:25,Rørosbanen,R60,rail,SJN:ServiceJourney:411_37676-R,True,actual,False,,,,,2026-09-07T08:42:24.659182+02:00
NSR:StopPlace:59244,Egersund stasjon,2026-09-07T08:07:00+02:00,2026-09-07T08:09:10+02:00,2026-09-07T08:09:10+02:00,130.0,1,Lagård,KOL:Line:8_2623,SK1110,SK1110,bus,KOL:ServiceJourney:2623_250903083241539_2000,True,actual,False,,,,,2026-09-07T08:42:24.659182+02:00
NSR:StopPlace:59261,Trondheim lufthavn,2026-09-07T07:19:00+02:00,2026-09-07T07:21:10+02:00,2026-09-07T07:21:10+02:00,130.0,1,Selbu skysstasjon,ATB:Line:2_430,Trondheim - Stjørdal - Selbu - (Tydal),430,bus,ATB:ServiceJourney:430_260106098643535_13,True,actual,False,,,,,2026-09-07T08:42:24.659182+02:00
NSR:StopPlace:59635,Hauketo stasjon,2026-09-07T06:32:00+02:00,2026-09-07T06:34:10+02:00,2026-09-07T06:34:10+02:00,130.0,1,Stabekk,VYG:Line:L2,Stabekk-Oslo S-Ski,L2,rail,VYG:ServiceJourney:2710-SKI_443916-R,True,actual,False,Færre vogner,Denne avgangen kjører dessverre med 3 vogner i stedet for 6 vogner. Dette skyldes at vi mangler et togsett.,general,normal,2026-09-07T08:42:24.659182+02:00
NSR:StopPlace:59639,Sonsveien stasjon,2026-09-07T08:21:00+02:00,2026-09-07T08:23:10+02:00,2026-09-07T08:23:10+02:00,130.0,1,Moss,VYG:Line:R21,Stabekk-Oslo S-Moss,R21,rail,VYG:ServiceJourney:1111-HVK_442986-R,True,actual,False,,,,,2026-09-07T08:42:24.659182+02:00
NSR:StopPlace:58918,Nodeland stasjon,2026-09-07T05:59:00+02:00,2026-09-07T06:01:10+02:00,2026-09-07T06:01:10+02:00,130.0,1,Finsland / Byremo,AKT:Line:1046,Kristiansand - Finsland,46,bus,AKT:ServiceJourney:78705_11_38_43080_45000_40000862,True,actual,False,,,,,2026-09-07T08:42:24.659182+02:00
NSR:StopPlace:58919,Sira stasjon,2026-09-07T08:25:00+02:00,2026-09-07T08:27:10+02:00,2026-09-07T08:27:10+02:00,130.0,1,Oslo S,GOA:Line:50,Sørtoget region,F5,rail,GOA:ServiceJourney:706-KVB_63227-R,True,actual,False,,,,,2026-09-07T08:42:24.659182+02:00
NSR:StopPlace:58864,Sørumsand stasjon,2026-09-07T08:21:00+02:00,2026-09-07T08:23:10+02:00,2026-09-07T08:23:10+02:00,130.0,1,Skedsmokorset,RUT:Line:365,Sørumsand - Frogner - Skedsmokorset,365,bus,RUT:ServiceJourney:67fac50d3cda880ec837a44e73b39673,True,actual,False,,,,,2026-09-07T08:42:24.659182+02:00
NSR:StopPlace:58818,Gran stasjon,2026-09-07T06:35:00+02:00,2026-09-07T06:37:10+02:00,2026-09-07T06:37:10+02:00,130.0,1,Hadeland vgs via Grymyr,INN:Line:456,Gran-Grymyr,456,bus,INN:ServiceJourney:84260,True,actual,False,,,,,2026-09-07T08:42:24.659182+02:00
NSR:StopPlace:206,Mariero stasjon,2026-09-07T06:40:00+02:00,2026-09-07T06:42:10+02:00,2026-09-07T06:42:10+02:00,130.0,1,Skeiane,GOA:Line:59,Jærbanen,L5,rail,GOA:ServiceJourney:3108_63153-R,True,actual,False,,,,,2026-09-07T08:42:24.659182+02:00
NSR:StopPlace:61326,Gulskogen stasjon,2026-09-07T23:12:00+02:00,2026-09-07T23:14:09+02:00,2026-09-07T23:14:09+02:00,129.0,1,Eidsvoll,VYG:Line:R12,Kongsberg-Oslo S-Eidsvoll,R12,rail,VYG:ServiceJourney:538_444348-R,True,actual,False,,,,,2026-09-08T00:20:52.129880+02:00
NSR:StopPlace:59648,Kjelsås stasjon,2026-09-07T23:26:00+02:00,2026-09-07T23:28:09+02:00,2026-09-07T23:28:09+02:00,129.0,1,Haugerud,RUT:Line:25,Majorstuen-Haugerud,25,bus,RUT:ServiceJourney:5f2353c2871f454471b0948fe0447265,True,actual,False,,,,,2026-09-08T00:20:52.129880+02:00
NSR:StopPlace:59261,Trondheim lufthavn,2026-09-07T20:54:00+02:00,2026-09-07T20:56:09+02:00,2026-09-07T20:56:09+02:00,129.0,1,Steinkjer,SJN:Line:26,Trønderbanen,R70,rail,SJN:ServiceJourney:451_56080-R,True,actual,False,,,,,2026-09-08T00:20:52.129880+02:00
NSR:StopPlace:58924,Bryne stasjon,2026-09-07T23:28:00+02:00,2026-09-07T23:30:09+02:00,2026-09-07T23:30:09+02:00,129.0,1,Stavanger,GOA:Line:59,Jærbanen,L5,rail,GOA:ServiceJourney:3075_63138-R,True,actual,False,,,,,2026-09-08T00:20:52.129880+02:00
NSR:StopPlace:61314,Hovin stasjon,2026-09-07T17:12:00+02:00,2026-09-07T17:14:09+02:00,2026-09-07T17:14:09+02:00,129.0,1,Røros,SJN:Line:25,Rørosbanen,R60,rail,SJN:ServiceJourney:416_50919-R,True,actual,False,,,,,2026-09-07T20:27:16.249662+02:00
NSR:StopPlace:58864,Sørumsand stasjon,2026-09-07T19:37:00+02:00,2026-09-07T19:39:09+02:00,2026-09-07T19:39:09+02:00,129.0,1,Blaker ring,RUT:Line:2370,Sørumsand - Blaker - Sørumsand,370B,bus,RUT:ServiceJourney:485e2c78329affd42f3cbf119c9070cf,True,actual,False,,,,,2026-09-07T20:27:16.249662+02:00
NSR:StopPlace:58876,Tønsberg stasjon,2026-09-07T17:53:00+02:00,2026-09-07T17:55:09+02:00,2026-09-07T17:55:09+02:00,129.0,1,Tønsberg,VKT:Line:520,Tønsberg-Stokke,520,bus,VKT:ServiceJourney:17322,True,actual,False,,,,,2026-09-07T20:27:16.249662+02:00
NSR:StopPlace:59244,Egersund stasjon,2026-09-07T15:36:00+02:00,2026-09-07T15:38:09+02:00,2026-09-07T15:38:09+02:00,129.0,1,Vikeså via Tengesdal,KOL:Line:8_2029,93,93,bus,KOL:ServiceJourney:2029_250903083241466_1005,True,actual,False,,,,,2026-09-07T15:44:36.205822+02:00
NSR:StopPlace:59639,Sonsveien stasjon,2026-09-07T14:39:00+02:00,2026-09-07T14:41:09+02:00,2026-09-07T14:41:09+02:00,129.0,1,Moss,RUT:Line:540,Moss - Son - Vestby stasjon,540,bus,RUT:ServiceJourney:3adf09201a82c11540c7ff2ab4cbce02,True,actual,False,,,,,2026-09-07T15:44:36.205822+02:00
NSR:StopPlace:59639,Sonsveien stasjon,2026-09-07T15:39:00+02:00,2026-09-07T15:41:09+02:00,2026-09-07T15:41:09+02:00,129.0,1,Moss,RUT:Line:540,Moss - Son - Vestby stasjon,540,bus,RUT:ServiceJourney:33f915b467508af506d2a92a141fdc49,True,actual,False,,,,,2026-09-07T15:44:36.205822+02:00
NSR:StopPlace:58797,Mysen stasjon,2026-09-07T14:46:00+02:00,2026-09-07T14:48:09+02:00,2026-09-07T14:48:09+02:00,129.0,1,Oslo bussterminal,OST:Line:1_9,Timekspress linje 9,9,bus,OST:ServiceJourney:9_260325121472417_9011,True,actual,False,,,,,2026-09-07T15:44:36.205822+02:00
NSR:StopPlace:58884,Skien stasjon,2026-09-07T14:36:00+02:00,2026-09-07T14:38:09+02:00,2026-09-07T14:38:09+02:00,129.0,1,Skjelsvik via Klyve,TEL:Line:8043,Skien-Klyve-Skjelsvik,M3,bus,TEL:ServiceJourney:127182,True,actual,False,,,,,2026-09-07T15:44:36.205822+02:00
NSR:StopPlace:58800,Råde stasjon,2026-09-07T14:28:00+02:00,2026-09-07T14:30:09+02:00,2026-09-07T14:30:09+02:00,129.0,1,Spetalen-Andersrød,OST:Line:1_160,Råde ungdomsskole,160,bus,OST:ServiceJourney:160_260325121471007_2,True,actual,False,,,,,2026-09-07T15:44:36.205822+02:00
NSR:StopPlace:58816,Dombås stasjon,2026-09-07T12:43:00+02:00,2026-09-07T12:45:09+02:00,2026-09-07T12:45:09+02:00,129.0,1,Oslo S,SJN:Line:21,Dovrebanen,F6,rail,SJN:ServiceJourney:44-TND_47992-R,True,actual,False,,,,,2026-09-07T15:44:36.205822+02:00
NSR:StopPlace:61314,Hovin stasjon,2026-09-07T07:19:00+02:00,2026-09-07T07:21:09+02:00,2026-09-07T07:21:09+02:00,129.0,1,Steinkjer,SJN:Line:26,Trønderbanen,R70,rail,SJN:ServiceJourney:427_56056-R,True,actual,False,,,,,2026-09-07T08:42:24.659182+02:00
NSR:StopPlace:59640,Bodung stasjon,2026-09-07T08:21:00+02:00,2026-09-07T08:23:09+02:00,2026-09-07T08:23:09+02:00,129.0,1,Framtun skole,RUT:Line:3657,Årnes - Brauter - Framtun,3657,bus,RUT:ServiceJourney:05e3a0d264687b2df70c78957e113245,True,actual,False,,,,,2026-09-07T08:42:24.659182+02:00
NSR:StopPlace:59641,Fjellhamar stasjon,2026-09-07T07:03:00+02:00,2026-09-07T07:05:09+02:00,2026-09-07T07:05:09+02:00,129.0,1,Lillestrøm,VYG:Line:L1,Spikkestad-Oslo S-Lillestrøm,L1,rail,VYG:ServiceJourney:2208_764738-R,True,actual,False,Færre vogner,Denne avgangen kjører dessverre med 4 vogner i stedet for 8 vogner. Dette skyldes at vi mangler et togsett.,general,normal,2026-09-07T08:42:24.659182+02:00
NSR:StopPlace:58932,Hommelvik stasjon,2026-09-07T08:35:00+02:00,2026-09-07T08:37:09+02:00,2026-09-07T08:37:09+02:00,129.0,1,A Marienborg via Innherredsveien,ATB:Line:2_70,Stjørdal/Hommelvik- Trondheim,70,bus,ATB:ServiceJourney:70_251215112546998_30,True,actual,False,,,,,2026-09-07T08:42:24.659182+02:00
NSR:StopPlace:58935,Levanger stasjon,2026-09-07T07:38:00+02:00,2026-09-07T07:40:09+02:00,2026-09-07T07:40:09+02:00,129.0,1,Namsos via Steinkjer stasjon,ATB:Line:2_680,Levanger - Steinkjer - Namsos,680,bus,ATB:ServiceJourney:680_260106098642299_6,True,actual,False,,,,,2026-09-07T08:42:24.659182+02:00
NSR:StopPlace:58857,Lørenskog stasjon,2026-09-07T06:07:00+02:00,2026-09-07T06:09:09+02:00,2026-09-07T06:09:09+02:00,129.0,1,Nesåsen,RUT:Line:120,Nesåsen - Stovner,120,bus,RUT:ServiceJourney:d2cb02d176d1f4a373af1f4f1d3873d0,True,actual,False,,,,,2026-09-07T08:42:24.659182+02:00
NSR:StopPlace:58805,Brumunddal stasjon,2026-09-07T07:03:00+02:00,2026-09-07T07:05:09+02:00,2026-09-07T07:05:09+02:00,129.0,1,Lillehammer,VYG:Line:RE10,Drammen-Oslo S-Lillehammer,RE10,rail,VYG:ServiceJourney:303_444128-R,True,actual,False,,,,,2026-09-07T08:42:24.659182+02:00
NSR:StopPlace:58823,Jaren stasjon,2026-09-07T08:21:00+02:00,2026-09-07T08:23:09+02:00,2026-09-07T08:23:09+02:00,129.0,1,Gjøvik,VYG:Line:RE30,Oslo S-Gjøvik,RE30,rail,VYG:ServiceJourney:1205-ROA_589114-R,True,actual,False,,,,,2026-09-07T08:42:24.659182+02:00
NSR:StopPlace:708,Stange stasjon,2026-09-07T07:34:00+02:00,2026-09-07T07:36:09+02:00,2026-09-07T07:36:09+02:00,129.0,1,Lillehammer,VYG:Line:RE10,Drammen-Oslo S-Lillehammer,RE10,rail,VYG:ServiceJourney:305-SUD_444133-R,True,actual,False,,,,,2026-09-07T08:42:24.659182+02:00
NSR:StopPlace:58852,Høn stasjon,2026-09-08T00:06:00+02:00,2026-09-08T00:08:08+02:00,2026-09-08T00:08:08+02:00,128.0,1,Lillestrøm,VYG:Line:L1,Spikkestad-Oslo S-Lillestrøm,L1,rail,VYG:ServiceJourney:2280_443718-R,True,actual,False,,,,,2026-09-08T00:20:52.129880+02:00
NSR:StopPlace:58864,Sørumsand stasjon,2026-09-07T22:31:00+02:00,2026-09-07T22:33:08+02:00,2026-09-07T22:33:08+02:00,128.0,1,Kongsvinger,VYG:Line:R14,Asker-Oslo S-Kongsvinger,R14,rail,VYG:ServiceJourney:1035_442947-R,True,actual,False,,,,,2026-09-08T00:20:52.129880+02:00
NSR:StopPlace:58874,Stokke stasjon,2026-09-07T23:56:00+02:00,2026-09-07T23:58:08+02:00,2026-09-07T23:58:08+02:00,128.0,1,Drammen,VYG:Line:RE11,Eidsvoll-Oslo S-Skien,RE11,rail,VYG:ServiceJourney:840-SKN_444420-R,True,actual,False,,,,,2026-09-08T00:20:52.129880+02:00
NSR:StopPlace:63079,Skeiane stasjon,2026-09-08T00:12:00+02:00,2026-09-08T00:14:08+02:00,2026-09-08T00:14:08+02:00,128.0,1,Egersund,GOA:Line:59,Jærbanen,L5,rail,GOA:ServiceJourney:3078_63142-R,True,actual,False,,,,,2026-09-08T00:20:52.129880+02:00
NSR:StopPlace:62339,Lillestrøm stasjon,2026-09-07T22:55:00+02:00,2026-09-07T22:57:08+02:00,2026-09-07T22:57:08+02:00,128.0,1,Dal,VYG:Line:R13,Drammen-Oslo S-Dal,R13,rail,VYG:ServiceJourney:1671_443365-R,True,actual,False,Heis i spor 1 og 2 er ute av bruk på grunn av vedlikehold.,Heis i spor 1 og 2 er ute av bruk på grunn av vedlikehold.,general,normal,2026-09-08T00:20:52.129880+02:00
NSR:StopPlace:59872,Oslo S,2026-09-07T16:48:00+02:00,2026-09-07T16:50:08+02:00,2026-09-07T16:50:08+02:00,128.0,1,Halden,VYG:Line:RE20,Oslo S-Halden-Göteborg (X-Border),RE20,rail,VYG:ServiceJourney:143-LOD_509064-R,True,actual,False,,,,,2026-09-07T20:27:16.249662+02:00
NSR:StopPlace:59652,Tøyen stasjon,2026-09-07T18:45:00+02:00,2026-09-07T18:47:08+02:00,2026-09-07T18:47:08+02:00,128.0,1,Vippetangen,RUT:Line:60,Vippetangen-Tonsenhagen,60,bus,RUT:ServiceJourney:e16e7349691fbde379128a1195ef018a,True,actual,False,,,,,2026-09-07T20:27:16.249662+02:00
NSR:StopPlace:58795,Kambo stasjon,2026-09-07T19:59:00+02:00,2026-09-07T20:01:08+02:00,2026-09-07T20:01:08+02:00,128.0,1,Kambo,OST:Line:1_22,Skredderåsen-Kambo,22,bus,OST:ServiceJourney:22_260821062875921_83,True,actual,False,,,,,2026-09-07T20:27:16.249662+02:00
NSR:StopPlace:58869,Ås stasjon,2026-09-07T17:50:00+02:00,2026-09-07T17:52:08+02:00,2026-09-07T17:52:08+02:00,128.0,1,Dyster/Eldor,RUT:Line:536,Dyster/Eldor - Ås stasjon,536,bus,RUT:ServiceJourney:a4d2e047ed5da5de0859d9cb205616c3,True,actual,False,,,,,2026-09-07T20:27:16.249662+02:00
NSR:StopPlace:313,Høybråten stasjon,2026-09-07T18:08:00+02:00,2026-09-07T18:10:08+02:00,2026-09-07T18:10:08+02:00,128.0,1,Asker,VYG:Line:L1,Spikkestad-Oslo S-Lillestrøm,L1,rail,VYG:ServiceJourney:2153_443562-R,True,actual,False,,,,,2026-09-07T20:27:16.249662+02:00
NSR:StopPlace:62339,Lillestrøm stasjon,2026-09-07T17:25:00+02:00,2026-09-07T17:27:08+02:00,2026-09-07T17:27:08+02:00,128.0,1,Asker,VYG:Line:L1,Spikkestad-Oslo S-Lillestrøm,L1,rail,VYG:ServiceJourney:2151_443560-R,True,actual,False,Heis i spor 1 og 2 er ute av bruk på grunn av vedlikehold.,Heis i spor 1 og 2 er ute av bruk på grunn av vedlikehold.,general,normal,2026-09-07T20:27:16.249662+02:00
NSR:StopPlace:61979,Hellvik stasjon,2026-09-07T18:58:00+02:00,2026-09-07T19:00:08+02:00,2026-09-07T19:00:08+02:00,128.0,1,Egersund,GOA:Line:59,Jærbanen,L5,rail,GOA:ServiceJourney:3056_63108-R,True,actual,False,,,,,2026-09-07T20:27:16.249662+02:00
NSR:StopPlace:59243,Mo i Rana stasjon,2026-09-07T14:42:00+02:00,2026-09-07T14:44:08+02:00,2026-09-07T14:44:08+02:00,128.0,1,Sykehuset Mo,NOR:Line:12_8372,Kvernkroken - Sykehuset Mo,2,bus,NOR:ServiceJourney:8372_251012124855342_1018,True,actual,False,,,,,2026-09-07T15:44:36.205822+02:00
NSR:StopPlace:58924,Bryne stasjon,2026-09-07T15:20:00+02:00,2026-09-07T15:22:08+02:00,2026-09-07T15:22:08+02:00,128.0,1,Sandnes via Kleppekrossen,KOL:Line:8_2019,52,52,bus,KOL:ServiceJourney:2019_260728141809951_1016,True,actual,False,,,,,2026-09-07T15:44:36.205822+02:00
NSR:StopPlace:58850,Hauerseter stasjon,2026-09-07T13:30:00+02:00,2026-09-07T13:32:08+02:00,2026-09-07T13:32:08+02:00,128.0,1,Drammen,VYG:Line:R13,Drammen-Oslo S-Dal,R13,rail,VYG:ServiceJourney:1636_443290-R,True,actual,False,,,,,2026-09-07T15:44:36.205822+02:00
NSR:StopPlace:59261,Trondheim lufthavn,2026-09-07T07:47:00+02:00,2026-09-07T07:49:08+02:00,2026-09-07T07:49:08+02:00,128.0,1,A Marienborg via Innherredsveien,ATB:Line:2_70,Stjørdal/Hommelvik- Trondheim,70,bus,ATB:ServiceJourney:70_251215112546925_24,True,actual,False,,,,,2026-09-07T08:42:24.659182+02:00
NSR:StopPlace:58797,Mysen stasjon,2026-09-07T07:16:00+02:00,2026-09-07T07:18:08+02:00,2026-09-07T07:18:08+02:00,128.0,1,Oslo bussterminal,OST:Line:1_9,Timekspress linje 9,9,bus,OST:ServiceJourney:9_260325121472414_9005,True,actual,False,,,,,2026-09-07T08:42:24.659182+02:00
NSR:StopPlace:58846,Fetsund stasjon,2026-09-07T07:36:00+02:00,2026-09-07T07:38:08+02:00,2026-09-07T07:38:08+02:00,128.0,1,Asker,VYG:Line:R14,Asker-Oslo S-Kongsvinger,R14,rail,VYG:ServiceJourney:1006_442911-R,True,actual,False,,,,,2026-09-07T08:42:24.659182+02:00
NSR:StopPlace:58856,Lysaker stasjon,2026-09-07T05:43:00+02:00,2026-09-07T05:45:08+02:00,2026-09-07T05:45:08+02:00,128.0,1,Nationaltheatret,RUT:Line:250,Sætre - Slemmestad - Nationaltheatret,250,bus,RUT:ServiceJourney:548d1b9f8a6bcfad9e6b820b4b05981c,True,actual,False,,,,,2026-09-07T08:42:24.659182+02:00
NSR:StopPlace:58865,Vestby stasjon,2026-09-07T05:40:00+02:00,2026-09-07T05:42:08+02:00,2026-09-07T05:42:08+02:00,128.0,1,Stabekk,VYG:Line:R21,Stabekk-Oslo S-Moss,R21,rail,VYG:ServiceJourney:1106-MOS_442977-R,True,actual,False,,,,,2026-09-07T08:42:24.659182+02:00
NSR:StopPlace:58866,Vevelstad stasjon,2026-09-07T05:36:00+02:00,2026-09-07T05:38:08+02:00,2026-09-07T05:38:08+02:00,128.0,1,Drøbak - Frogn vgs.,RUT:Line:510,Bøleråsen - Ski - Ås - Drøbak,510,bus,RUT:ServiceJourney:04db12c3e1a891bf668e891792e755af,True,actual,False,,,,,2026-09-07T08:42:24.659182+02:00
NSR:StopPlace:58871,Sande stasjon,2026-09-07T06:52:00+02:00,2026-09-07T06:54:08+02:00,2026-09-07T06:54:08+02:00,128.0,1,Klevjerhagen-Kjeldås,VKT:Line:220,Kjeldås-Sande,220,bus,VKT:ServiceJourney:15073,True,actual,False,,,,,2026-09-07T08:42:24.659182+02:00
NSR:StopPlace:58811,Moelv stasjon,2026-09-07T07:15:00+02:00,2026-09-07T07:17:08+02:00,2026-09-07T07:17:08+02:00,128.0,1,Lillehammer,VYG:Line:RE10,Drammen-Oslo S-Lillehammer,RE10,rail,VYG:ServiceJourney:303_444128-R,True,actual,False,,,,,2026-09-07T08:42:24.659182+02:00
NSR:StopPlace:708,Stange stasjon,2026-09-07T08:20:00+02:00,2026-09-07T08:22:08+02:00,2026-09-07T08:22:08+02:00,128.0,1,Drammen,VYG:Line:RE10,Drammen-Oslo S-Lillehammer,RE10,rail,VYG:ServiceJourney:308-DOM_444144-R,True,actual,False,,,,,2026-09-07T08:42:24.659182+02:00
NSR:StopPlace:59653,Haugenstua stasjon,2026-09-07T22:40:00+02:00,2026-09-07T22:42:07+02:00,2026-09-07T22:42:07+02:00,127.0,1,Lillestrøm,VYG:Line:L1,Spikkestad-Oslo S-Lillestrøm,L1,rail,VYG:ServiceJourney:2170_443581-R,True,actual,False,,,,,2026-09-08T00:20:52.129880+02:00
NSR:StopPlace:59653,Haugenstua stasjon,2026-09-07T23:40:00+02:00,2026-09-07T23:42:07+02:00,2026-09-07T23:42:07+02:00,127.0,1,Asker,VYG:Line:L1,Spikkestad-Oslo S-Lillestrøm,L1,rail,VYG:ServiceJourney:2175_443586-R,True,actual,False,,,,,2026-09-08T00:20:52.129880+02:00
NSR:StopPlace:58854,Langhus stasjon,2026-09-07T22:44:00+02:00,2026-09-07T22:46:07+02:00,2026-09-07T22:46:07+02:00,127.0,1,Bøleråsen,RUT:Line:510,Bøleråsen - Ski - Ås - Drøbak,510,bus,RUT:ServiceJourney:9aa99ddeef1240ee4fe444c5cae3ef56,True,actual,False,,,,,2026-09-08T00:20:52.129880+02:00
NSR:StopPlace:58850,Hauerseter stasjon,2026-09-08T00:00:00+02:00,2026-09-08T00:02:07+02:00,2026-09-08T00:02:07+02:00,127.0,1,Drammen,VYG:Line:R13,Drammen-Oslo S-Dal,R13,rail,VYG:ServiceJourney:1678_443382-R,True,actual,False,,,,,2026-09-08T00:20:52.129880+02:00
NSR:StopPlace:61315,Nerdrum stasjon,2026-09-07T16:50:00+02:00,2026-09-07T16:52:07+02:00,2026-09-07T16:52:07+02:00,127.0,1,Kongsvinger,VYG:Line:R14,Asker-Oslo S-Kongsvinger,R14,rail,VYG:ServiceJourney:1053-HAV_442957-R,True,actual,False,,,,,2026-09-07T20:27:16.249662+02:00
NSR:StopPlace:41,Hanaborg stasjon,2026-09-07T17:46:00+02:00,2026-09-07T17:48:07+02:00,2026-09-07T17:48:07+02:00,127.0,1,Lillestrøm,VYG:Line:L1,Spikkestad-Oslo S-Lillestrøm,L1,rail,VYG:ServiceJourney:2150_443559-R,True,actual,False,,,,,2026-09-07T20:27:16.249662+02:00
NSR:StopPlace:60045,Hamar stasjon,2026-09-07T19:13:00+02:00,2026-09-07T19:15:07+02:00,2026-09-07T19:15:07+02:00,127.0,1,Trondheim S,SJN:Line:21,Dovrebanen,F6,rail,SJN:ServiceJourney:51-LOD_30215-R,True,actual,False,,,,,2026-09-07T20:27:16.249662+02:00
NSR:StopPlace:60053,Halden stasjon,2026-09-07T19:38:00+02:00,2026-09-07T19:40:07+02:00,2026-09-07T19:40:07+02:00,127.0,1,Halden sentrum,OST:Line:1_35,Næridsrød - Tistedal,35,bus,OST:ServiceJourney:35_260325121472360_28,True,actual,False,,,,,2026-09-07T20:27:16.249662+02:00
NSR:StopPlace:60271,Varhaug stasjon,2026-09-07T17:38:00+02:00,2026-09-07T17:40:07+02:00,2026-09-07T17:40:07+02:00,127.0,1,Egersund,GOA:Line:59,Jærbanen,L5,rail,GOA:ServiceJourney:3052_63100-R,True,actual,False,,,,,2026-09-07T20:27:16.249662+02:00
NSR:StopPlace:58924,Bryne stasjon,2026-09-07T19:58:00+02:00,2026-09-07T20:00:07+02:00,2026-09-07T20:00:07+02:00,127.0,1,Stavanger,GOA:Line:59,Jærbanen,L5,rail,GOA:ServiceJourney:3061_63116-R,True,actual,False,,,,,2026-09-07T20:27:16.249662+02:00
NSR:StopPlace:58930,Larvik stasjon,2026-09-07T18:45:00+02:00,2026-09-07T18:47:07+02:00,2026-09-07T18:47:07+02:00,127.0,1,Larvik-Sandefjord,VKT:Line:4,Torp-Sandefjord-Larvik-Stavern,4,bus,VKT:ServiceJourney:17712,True,actual,False,,,,,2026-09-07T20:27:16.249662+02:00
NSR:StopPlace:58793,Askim stasjon,2026-09-07T19:10:00+02:00,2026-09-07T19:12:07+02:00,2026-09-07T19:12:07+02:00,127.0,1,Oslo S,VYG:Line:R22,Skøyen-Oslo S-Mysen-Rakkestad,R22,rail,VYG:ServiceJourney:1932_443486-R,True,actual,False,,,,,2026-09-07T20:27:16.249662+02:00
NSR:StopPlace:58836,Mjøndalen stasjon,2026-09-07T19:37:00+02:00,2026-09-07T19:39:07+02:00,2026-09-07T19:39:07+02:00,127.0,1,Hovjordet,BRA:Line:4_6054,Mjøndalen - Hovjordet,54,bus,BRA:ServiceJourney:6054_260415100162427_1035,True,actual,False,,,,,2026-09-07T20:27:16.249662+02:00
NSR:StopPlace:58852,Høn stasjon,2026-09-07T17:06:00+02:00,2026-09-07T17:08:07+02:00,2026-09-07T17:08:07+02:00,127.0,1,Lillestrøm,VYG:Line:L1,Spikkestad-Oslo S-Lillestrøm,L1,rail,VYG:ServiceJourney:2252_445350-R,True,actual,False,,,,,2026-09-07T20:27:16.249662+02:00
NSR:StopPlace:58860,Oppegård stasjon,2026-09-07T20:01:00+02:00,2026-09-07T20:03:07+02:00,2026-09-07T20:03:07+02:00,127.0,1,Ski stasjon,RUT:Line:580,Kolbotn - Ski,580,bus,RUT:ServiceJourney:d41a6a4dfc35920f0627d1292f614a79,True,actual,False,,,,,2026-09-07T20:27:16.249662+02:00
NSR:StopPlace:62339,Lillestrøm stasjon,2026-09-07T17:16:00+02:00,2026-09-07T17:18:07+02:00,2026-09-07T17:18:07+02:00,127.0,1,Drammen,VYG:Line:RE10,Drammen-Oslo S-Lillehammer,RE10,rail,VYG:ServiceJourney:324-LHM_444211-R,True,actual,False,Heis i spor 1 og 2 er ute av bruk på grunn av vedlikehold.,Heis i spor 1 og 2 er ute av bruk på grunn av vedlikehold.,general,normal,2026-09-07T20:27:16.249662+02:00
NSR:StopPlace:61169,Marienborg stasjon,2026-09-07T06:14:00+02:00,2026-09-07T06:16:07+02:00,2026-09-07T06:16:07+02:00,127.0,1,Romolslia,ATB:Line:2_20,Grillstad - Strindheim - Ladehammeren- Sentrum - Romolslia,20,bus,ATB:ServiceJourney:20_251215112548168_2,True,actual,False,,,,,2026-09-07T08:42:24.659182+02:00
NSR:StopPlace:60047,Melhus skysstasjon,2026-09-07T07:45:00+02:00,2026-09-07T07:47:07+02:00,2026-09-07T07:47:07+02:00,127.0,1,Steinkjer,SJN:Line:26,Trønderbanen,R70,rail,SJN:ServiceJourney:427_56056-R,True,actual,False,,,,,2026-09-07T08:42:24.659182+02:00
NSR:StopPlace:58925,Gausel stasjon,2026-09-07T06:55:00+02:00,2026-09-07T06:57:07+02:00,2026-09-07T06:57:07+02:00,127.0,1,Forus,KOL:Line:8_1003,2,2,bus,KOL:ServiceJourney:1003_251008123066673_1008,True,actual,False,,,,,2026-09-07T08:42:24.659182+02:00
NSR:StopPlace:58932,Hommelvik stasjon,2026-09-07T06:46:00+02:00,2026-09-07T06:48:07+02:00,2026-09-07T06:48:07+02:00,127.0,1,A Marienborg via Innherredsveien,ATB:Line:2_70,Stjørdal/Hommelvik- Trondheim,70,bus,ATB:ServiceJourney:70_251215112546908_10,True,actual,False,,,,,2026-09-07T08:42:24.659182+02:00
NSR:StopPlace:58839,Steinberg stasjon,2026-09-07T08:35:00+02:00,2026-09-07T08:37:07+02:00,2026-09-07T08:37:07+02:00,127.0,1,Drammen via Mjøndalen,BRA:Line:4_6101,Drammen-Vikersund/Hønefoss,101,bus,BRA:ServiceJourney:6101_260415100161273_1016,True,actual,False,,,,,2026-09-07T08:42:24.659182+02:00
NSR:StopPlace:58844,Eidsvoll stasjon,2026-09-07T06:40:00+02:00,2026-09-07T06:42:07+02:00,2026-09-07T06:42:07+02:00,127.0,1,Sand,INN:Line:121,Eidsvoll - Sand,121,bus,INN:ServiceJourney:54627,True,actual,False,,,,,2026-09-07T08:42:24.659182+02:00
NSR:StopPlace:58853,Kolbotn stasjon,2026-09-07T06:25:00+02:00,2026-09-07T06:27:07+02:00,2026-09-07T06:27:07+02:00,127.0,1,Stabekk,VYG:Line:L2,Stabekk-Oslo S-Ski,L2,rail,VYG:ServiceJourney:2710-SKI_443916-R,True,actual,False,Færre vogner,Denne avgangen kjører dessverre med 3 vogner i stedet for 6 vogner. Dette skyldes at vi mangler et togsett.,general,normal,2026-09-07T08:42:24.659182+02:00
NSR:StopPlace:62339,Lillestrøm stasjon,2026-09-07T07:18:00+02:00,2026-09-07T07:20:07+02:00,2026-09-07T07:20:07+02:00,127.0,1,Asker,VYG:Line:R14,Asker-Oslo S-Kongsvinger,R14,rail,VYG:ServiceJourney:1052-KVG_442956-R,True,actual,False,Heis i spor 1 og 2 er ute av bruk på grunn av vedlikehold.,Heis i spor 1 og 2 er ute av bruk på grunn av vedlikehold.,general,normal,2026-09-07T08:42:24.659182+02:00
NSR:StopPlace:58865,Vestby stasjon,2026-09-07T21:50:00+02:00,2026-09-07T21:52:06+02:00,2026-09-07T21:52:06+02:00,126.0,1,Moss,RUT:Line:540,Moss - Son - Vestby stasjon,540,bus,RUT:ServiceJourney:41cf2eddc86d131d5de19a4c07a8ee25,True,actual,False,,,,,2026-09-08T00:20:52.129880+02:00
NSR:StopPlace:58862,Strømmen stasjon,2026-09-07T23:28:00+02:00,2026-09-07T23:30:06+02:00,2026-09-07T23:30:06+02:00,126.0,1,Lørenskog sentrum,RUT:Line:385,Nittedal stasjon - Olavsgaard - Ahus,385,bus,RUT:ServiceJourney:bb645f098e7140aebcd8a8b582254202,True,actual,False,,,,,2026-09-08T00:20:52.129880+02:00
NSR:StopPlace:62379,Bergsgrav stasjon,2026-09-07T22:52:00+02:00,2026-09-07T22:54:06+02:00,2026-09-07T22:54:06+02:00,126.0,1,Steinkjer,SJN:Line:26,Trønderbanen,R70,rail,SJN:ServiceJourney:453_56082-R,True,actual,False,,,,,2026-09-08T00:20:52.129880+02:00
NSR:StopPlace:59649,Nydalen stasjon,2026-09-07T18:33:00+02:00,2026-09-07T18:35:06+02:00,2026-09-07T18:35:06+02:00,126.0,1,Oslo lufthavn,NBU:Line:cb7b555c-f96e-42d5-84bf-a5e08c0145c2,Radiumhospitalet via Økern-Storo-Tåsen,FB3,bus,NBU:ServiceJourney:16c292a5-9334-4150-a467-e5f02b7823d3,True,actual,False,,,,,2026-09-07T20:27:16.249662+02:00
NSR:StopPlace:59643,Grefsen stasjon,2026-09-07T17:32:00+02:00,2026-09-07T17:34:06+02:00,2026-09-07T17:34:06+02:00,126.0,1,Gaustadalléen,RUT:Line:17,Rikshospitalet - Sinsen o/ Carl Berner,17,tram,RUT:ServiceJourney:6520b1c54a549e222ef4ff65f5328598,True,actual,False,,,,,2026-09-07T20:27:16.249662+02:00
NSR:StopPlace:59261,Trondheim lufthavn,2026-09-07T18:03:00+02:00,2026-09-07T18:05:06+02:00,2026-09-07T18:05:06+02:00,126.0,1,Lundamo,SJN:Line:26,Trønderbanen,R70,rail,SJN:ServiceJourney:444_56073-R,True,actual,False,,,,,2026-09-07T20:27:16.249662+02:00
NSR:StopPlace:58964,Kløfta stasjon,2026-09-07T18:49:00+02:00,2026-09-07T18:51:06+02:00,2026-09-07T18:51:06+02:00,126.0,1,Herbergåsen,RUT:Line:460,Herbergåsen - Kløfta,460,bus,RUT:ServiceJourney:c5a0afb1664545e8a5e4744f78cdef86,True,actual,False,,,,,2026-09-07T20:27:16.249662+02:00
NSR:StopPlace:58865,Vestby stasjon,2026-09-07T19:50:00+02:00,2026-09-07T19:52:06+02:00,2026-09-07T19:52:06+02:00,126.0,1,Moss,RUT:Line:540,Moss - Son - Vestby stasjon,540,bus,RUT:ServiceJourney:d2397d19757875fba761acb149b5907b,True,actual,False,,,,,2026-09-07T20:27:16.249662+02:00
NSR:StopPlace:58826,Reinsvoll stasjon,2026-09-07T19:33:00+02:00,2026-09-07T19:35:06+02:00,2026-09-07T19:35:06+02:00,126.0,1,Raufoss-Gjøvik,INN:Line:46,Lena-Raufoss-Gjøvik-Kapp-Lena,B46,bus,INN:ServiceJourney:76845,True,actual,False,,,,,2026-09-07T20:27:16.249662+02:00
NSR:StopPlace:468,Ørneberget stasjon,2026-09-07T18:30:00+02:00,2026-09-07T18:32:06+02:00,2026-09-07T18:32:06+02:00,126.0,1,Myrdal,VYG:Line:R40,Bergen-Voss-Myrdal-Ål,R40,rail,VYG:ServiceJourney:1824_554550-R,True,actual,False,,,,,2026-09-07T20:27:16.249662+02:00
NSR:StopPlace:59703,Åndalsnes stasjon,2026-09-07T14:30:00+02:00,2026-09-07T14:32:06+02:00,2026-09-07T14:32:06+02:00,126.0,1,Sogge,MOR:Line:424,Åndalsnes-Sogge-Frydenlund,424,bus,MOR:ServiceJourney:424_111_9150000047259823,True,actual,False,,,,,2026-09-07T15:44:36.205822+02:00
NSR:StopPlace:60047,Melhus skysstasjon,2026-09-07T13:56:00+02:00,2026-09-07T13:58:06+02:00,2026-09-07T13:58:06+02:00,126.0,1,Dora via E6 - City Syd E6,ATB:Line:2_71,MelhusSkyss-Trondheim,71,bus,ATB:ServiceJourney:71_251215112545667_54,True,actual,False,,,,,2026-09-07T15:44:36.205822+02:00
NSR:StopPlace:60077,Støren stasjon,2026-09-07T15:05:00+02:00,2026-09-07T15:07:06+02:00,2026-09-07T15:07:06+02:00,126.0,1,Haltdalen oppvekstsenter,ATB:Line:2_5471,Støren - Singsås - Almås/Wolde,5471,bus,ATB:ServiceJourney:5471_260106098642200_10,True,actual,False,,,,,2026-09-07T15:44:36.205822+02:00
NSR:StopPlace:58930,Larvik stasjon,2026-09-07T14:20:00+02:00,2026-09-07T14:22:06+02:00,2026-09-07T14:22:06+02:00,126.0,1,Larvik-Sandefjord,VKT:Line:4,Torp-Sandefjord-Larvik-Stavern,4,bus,VKT:ServiceJourney:17704,True,actual,False,,,,,2026-09-07T15:44:36.205822+02:00
NSR:StopPlace:58846,Fetsund stasjon,2026-09-07T15:28:00+02:00,2026-09-07T15:30:06+02:00,2026-09-07T15:30:06+02:00,126.0,1,Garderåsen,RUT:Line:321,Fetsund - Garderåsen,321,bus,RUT:ServiceJourney:0a44a507a5a9df47719cae33742f4113,True,actual,False,,,,,2026-09-07T15:44:36.205822+02:00
NSR:StopPlace:58861,Solbråtan stasjon,2026-09-07T15:00:00+02:00,2026-09-07T15:02:06+02:00,2026-09-07T15:02:06+02:00,126.0,1,Bjørvika,RUT:Line:83,Jernbanetorget - Tårnåsen,83,bus,RUT:ServiceJourney:07415d11f1886a9626d09d06afdf3866,True,actual,False,Linje 80E og 83 får Hausmanns bru som ny endeholdeplass fra 29. juni,"Bussene stopper ikke på Jernbanetorget etter 29. juni, men starter og stopper på Hausmanns bru i Nylandsveien.",incident,normal,2026-09-07T15:44:36.205822+02:00
NSR:StopPlace:58862,Strømmen stasjon,2026-09-07T14:50:00+02:00,2026-09-07T14:52:06+02:00,2026-09-07T14:52:06+02:00,126.0,1,Lillestrøm,VYG:Line:L1,Spikkestad-Oslo S-Lillestrøm,L1,rail,VYG:ServiceJourney:2138_443545-R,True,actual,False,,,,,2026-09-07T15:44:36.205822+02:00
NSR:StopPlace:58801,Sarpsborg stasjon,2026-09-07T13:25:00+02:00,2026-09-07T13:27:06+02:00,2026-09-07T13:27:06+02:00,126.0,1,Oslo S,VYG:Line:RE20,Oslo S-Halden-Göteborg (X-Border),RE20,rail,VYG:ServiceJourney:120_673497-R,True,actual,False,,,,,2026-09-07T15:44:36.205822+02:00
NSR:StopPlace:62094,Lindeberg stasjon,2026-09-07T13:18:00+02:00,2026-09-07T13:20:06+02:00,2026-09-07T13:20:06+02:00,126.0,1,Drammen,VYG:Line:R13,Drammen-Oslo S-Dal,R13,rail,VYG:ServiceJourney:1634_443285-R,True,actual,False,,,,,2026-09-07T15:44:36.205822+02:00
NSR:StopPlace:8,Paradis stasjon,2026-09-07T07:56:00+02:00,2026-09-07T07:58:06+02:00,2026-09-07T07:58:06+02:00,126.0,1,Egersund,GOA:Line:59,Jærbanen,L5,rail,GOA:ServiceJourney:3016_63048-R,True,actual,False,,,,,2026-09-07T08:42:24.659182+02:00
NSR:StopPlace:59653,Haugenstua stasjon,2026-09-07T06:55:00+02:00,2026-09-07T06:57:06+02:00,2026-09-07T06:57:06+02:00,126.0,1,Lillestrøm,VYG:Line:L1,Spikkestad-Oslo S-Lillestrøm,L1,rail,VYG:ServiceJourney:2208_764738-R,True,actual,False,Færre vogner,Denne avgangen kjører dessverre med 4 vogner i stedet for 8 vogner. Dette skyldes at vi mangler et togsett.,general,normal,2026-09-07T08:42:24.659182+02:00
NSR:StopPlace:60077,Støren stasjon,2026-09-07T07:30:00+02:00,2026-09-07T07:32:06+02:00,2026-09-07T07:32:06+02:00,126.0,1,Støren Rådhus,ATB:Line:2_340,Trondheim - Støren,340,bus,ATB:ServiceJourney:340_260106098640214_4,True,actual,False,,,,,2026-09-07T08:42:24.659182+02:00
NSR:StopPlace:58921,Vennesla stasjon,2026-09-07T08:38:00+02:00,2026-09-07T08:40:06+02:00,2026-09-07T08:40:06+02:00,126.0,1,Vennesla - Grovane st.,AKT:Line:31,Kvadraturen - Sødal - Vennesla,31,bus,AKT:ServiceJourney:79643_81_42_59400_61500_3950310,True,actual,False,,,,,2026-09-07T08:42:24.659182+02:00
NSR:StopPlace:58924,Bryne stasjon,2026-09-07T07:28:00+02:00,2026-09-07T07:30:06+02:00,2026-09-07T07:30:06+02:00,126.0,1,Egersund,GOA:Line:59,Jærbanen,L5,rail,GOA:ServiceJourney:3012_63044-R,True,actual,False,,,,,2026-09-07T08:42:24.659182+02:00
NSR:StopPlace:58947,Steinkjer stasjon,2026-09-07T07:20:00+02:00,2026-09-07T07:22:06+02:00,2026-09-07T07:22:06+02:00,126.0,1,Namsos skysstasjon,ATB:Line:2_680,Levanger - Steinkjer - Namsos,680,bus,ATB:ServiceJourney:680_260106098642287_4,True,actual,False,,,,,2026-09-07T08:42:24.659182+02:00
NSR:StopPlace:58853,Kolbotn stasjon,2026-09-07T07:04:00+02:00,2026-09-07T07:06:06+02:00,2026-09-07T07:06:06+02:00,126.0,1,Bjørvika,RUT:Line:83,Jernbanetorget - Tårnåsen,83,bus,RUT:ServiceJourney:84fc79d336d5b9fa1acf4a21ba59c09a,True,actual,False,Linje 80E og 83 får Hausmanns bru som ny endeholdeplass fra 29. juni,"Bussene stopper ikke på Jernbanetorget etter 29. juni, men starter og stopper på Hausmanns bru i Nylandsveien.",incident,normal,2026-09-07T08:42:24.659182+02:00
NSR:StopPlace:58861,Solbråtan stasjon,2026-09-07T07:00:00+02:00,2026-09-07T07:02:06+02:00,2026-09-07T07:02:06+02:00,126.0,1,Bjørvika,RUT:Line:83,Jernbanetorget - Tårnåsen,83,bus,RUT:ServiceJourney:84fc79d336d5b9fa1acf4a21ba59c09a,True,actual,False,Linje 80E og 83 får Hausmanns bru som ny endeholdeplass fra 29. juni,"Bussene stopper ikke på Jernbanetorget etter 29. juni, men starter og stopper på Hausmanns bru i Nylandsveien.",incident,normal,2026-09-07T08:42:24.659182+02:00
NSR:StopPlace:62308,Alna stasjon,2026-09-07T07:17:00+02:00,2026-09-07T07:19:06+02:00,2026-09-07T07:19:06+02:00,126.0,1,Asker,VYG:Line:L1,Spikkestad-Oslo S-Lillestrøm,L1,rail,VYG:ServiceJourney:2109_443513-R,True,actual,False,,,,,2026-09-07T08:42:24.659182+02:00
NSR:StopPlace:58835,Lier stasjon,2026-09-08T01:54:30+02:00,2026-09-08T01:56:35+02:00,2026-09-08T01:56:35+02:00,125.0,1,Drammen,VYG:Line:L1,Spikkestad-Oslo S-Lillestrøm,L1,rail,VYG:ServiceJourney:2281_443719-R,True,actual,False,,,,,2026-09-08T03:39:50.209703+02:00
NSR:StopPlace:58859,Nordby stasjon,2026-09-08T01:20:30+02:00,2026-09-08T01:22:35+02:00,2026-09-08T01:22:35+02:00,125.0,1,Eidsvoll,VYG:Line:R13,Drammen-Oslo S-Dal,R13,rail,VYG:ServiceJourney:1679_443385-R,True,actual,False,,,,,2026-09-08T03:39:50.209703+02:00
NSR:StopPlace:58404,Nationaltheatret,2026-09-07T20:28:00+02:00,2026-09-07T20:30:05+02:00,2026-09-07T20:30:05+02:00,125.0,1,Lillehammer,VYG:Line:RE10,Drammen-Oslo S-Lillehammer,RE10,rail,VYG:ServiceJourney:333-SUD_444251-R,True,actual,False,Bruk de forreste vognene,På denne avgangen er det bakerste togsettet stengt mellom Drammen og Lillehammer. Bruk de forreste vognene.,general,normal,2026-09-08T00:20:52.129880+02:00
NSR:StopPlace:58834,Hokksund stasjon,2026-09-07T21:00:00+02:00,2026-09-07T21:02:05+02:00,2026-09-07T21:02:05+02:00,125.0,1,Eidsvoll,VYG:Line:R12,Kongsberg-Oslo S-Eidsvoll,R12,rail,VYG:ServiceJourney:534_444344-R,True,actual,False,,,,,2026-09-08T00:20:52.129880+02:00
NSR:StopPlace:61458,Mjølfjell stasjon,2026-09-07T18:23:00+02:00,2026-09-07T18:25:05+02:00,2026-09-07T18:25:05+02:00,125.0,1,Myrdal,VYG:Line:R40,Bergen-Voss-Myrdal-Ål,R40,rail,VYG:ServiceJourney:1824_554550-R,True,actual,False,,,,,2026-09-07T20:27:16.249662+02:00
NSR:StopPlace:61735,Hell stasjon,2026-09-07T18:06:00+02:00,2026-09-07T18:08:05+02:00,2026-09-07T18:08:05+02:00,125.0,1,Lundamo,SJN:Line:26,Trønderbanen,R70,rail,SJN:ServiceJourney:444_56073-R,True,actual,False,,,,,2026-09-07T20:27:16.249662+02:00
NSR:StopPlace:61735,Hell stasjon,2026-09-07T19:06:00+02:00,2026-09-07T19:08:05+02:00,2026-09-07T19:08:05+02:00,125.0,1,Ler,SJN:Line:26,Trønderbanen,R70,rail,SJN:ServiceJourney:446_56075-R,True,actual,False,,,,,2026-09-07T20:27:16.249662+02:00
NSR:StopPlace:60077,Støren stasjon,2026-09-07T19:20:00+02:00,2026-09-07T19:22:05+02:00,2026-09-07T19:22:05+02:00,125.0,1,Støren Rådhus,ATB:Line:2_340,Trondheim - Støren,340,bus,ATB:ServiceJourney:340_260106098639851_50,True,actual,False,,,,,2026-09-07T20:27:16.249662+02:00
NSR:StopPlace:58836,Mjøndalen stasjon,2026-09-07T17:54:00+02:00,2026-09-07T17:56:05+02:00,2026-09-07T17:56:05+02:00,125.0,1,Kongsberg,VYG:Line:R12,Kongsberg-Oslo S-Eidsvoll,R12,rail,VYG:ServiceJourney:525_444330-R,True,actual,False,,,,,2026-09-07T20:27:16.249662+02:00
NSR:StopPlace:58874,Stokke stasjon,2026-09-07T19:07:00+02:00,2026-09-07T19:09:05+02:00,2026-09-07T19:09:05+02:00,125.0,1,Skien,VYG:Line:RE11,Eidsvoll-Oslo S-Skien,RE11,rail,VYG:ServiceJourney:827_444407-R,True,actual,False,,,,,2026-09-07T20:27:16.249662+02:00
NSR:StopPlace:61169,Marienborg stasjon,2026-09-07T14:26:00+02:00,2026-09-07T14:28:05+02:00,2026-09-07T14:28:05+02:00,125.0,1,Sandmoen via Flatåsen,ATB:Line:2_23,Brattøra - St. Olavs - Hallset - Flatåsen - Sandmoen,23,bus,ATB:ServiceJourney:23_251215112545557_64,True,actual,False,,,,,2026-09-07T15:44:36.205822+02:00
NSR:StopPlace:60053,Halden stasjon,2026-09-07T13:47:00+02:00,2026-09-07T13:49:05+02:00,2026-09-07T13:49:05+02:00,125.0,1,Göteborg C,VYG:Line:RE20,Oslo S-Halden-Göteborg (X-Border),RE20,rail,VYG:ServiceJourney:115-389_448305-R,True,actual,False,,,,,2026-09-07T15:44:36.205822+02:00
NSR:StopPlace:59639,Sonsveien stasjon,2026-09-07T15:42:00+02:00,2026-09-07T15:44:05+02:00,2026-09-07T15:44:05+02:00,125.0,1,Vestby stasjon,RUT:Line:540,Moss - Son - Vestby stasjon,540,bus,RUT:ServiceJourney:4d9382d485e24169fec0cfa3e43780aa,True,actual,False,,,,,2026-09-07T15:44:36.205822+02:00
NSR:StopPlace:62341,Tangen stasjon,2026-09-07T15:34:00+02:00,2026-09-07T15:36:05+02:00,2026-09-07T15:36:05+02:00,125.0,1,Drammen,VYG:Line:RE10,Drammen-Oslo S-Lillehammer,RE10,rail,VYG:ServiceJourney:322-LHM_444203-R,True,actual,False,,,,,2026-09-07T15:44:36.205822+02:00
NSR:StopPlace:61463,Nordstrand stasjon,2026-09-07T08:07:00+02:00,2026-09-07T08:09:05+02:00,2026-09-07T08:09:05+02:00,125.0,1,Ski,VYG:Line:L2,Stabekk-Oslo S-Ski,L2,rail,VYG:ServiceJourney:2811-HVK_444023-R,True,actual,False,,,,,2026-09-07T08:42:24.659182+02:00
NSR:StopPlace:58963,Jessheim stasjon,2026-09-07T07:01:00+02:00,2026-09-07T07:03:05+02:00,2026-09-07T07:03:05+02:00,125.0,1,Oslo lufthavn,RUT:Line:440,Fenstad/Nordkisa - Oslo lufthavn,440,bus,RUT:ServiceJourney:83c49cb3eeca0869648b2a004e7ad0e1,True,actual,False,,,,,2026-09-07T08:42:24.659182+02:00
NSR:StopPlace:58794,Fredrikstad stasjon,2026-09-07T07:41:00+02:00,2026-09-07T07:43:05+02:00,2026-09-07T07:43:05+02:00,125.0,1,Oslo S,VYG:Line:RE20,Oslo S-Halden-Göteborg (X-Border),RE20,rail,VYG:ServiceJourney:108-HLD_508944-R,True,actual,False,,,,,2026-09-07T08:42:24.659182+02:00
NSR:StopPlace:58856,Lysaker stasjon,2026-09-07T06:05:00+02:00,2026-09-07T06:07:05+02:00,2026-09-07T06:07:05+02:00,125.0,1,Sætre,RUT:Line:250,Sætre - Slemmestad - Nationaltheatret,250,bus,RUT:ServiceJourney:bc7f4eba66a1e00fc2113215811f7b4e,True,actual,False,,,,,2026-09-07T08:42:24.659182+02:00
NSR:StopPlace:58871,Sande stasjon,2026-09-07T07:45:00+02:00,2026-09-07T07:47:05+02:00,2026-09-07T07:47:05+02:00,125.0,1,Sande vgs,VKT:Line:1807,Sande stasjon-Sande vgs,1807,bus,VKT:ServiceJourney:23729,True,actual,False,,,,,2026-09-07T08:42:24.659182+02:00
NSR:StopPlace:58886,Arendal stasjon,2026-09-07T06:40:00+02:00,2026-09-07T06:42:05+02:00,2026-09-07T06:42:05+02:00,125.0,1,Sykehuset via Arendal sentrum,AKT:Line:111,Sykehuset-Arendal-Solåsen,111,bus,AKT:ServiceJourney:73581_11_28_46200_47820_40001009,True,actual,False,,,,,2026-09-07T08:42:24.659182+02:00
NSR:StopPlace:59648,Kjelsås stasjon,2026-09-08T01:48:00+02:00,2026-09-08T01:50:04+02:00,2026-09-08T01:50:04+02:00,124.0,1,Jernbanetorget,RUT:Line:3911,Majorstuen - Kjelsås,11N,bus,RUT:ServiceJourney:80bf46886d3d95671c7209f3fb2d4c98,True,actual,False,,,,,2026-09-08T03:39:50.209703+02:00
NSR:StopPlace:58889,Gjerstad stasjon,2026-09-08T01:40:00+02:00,2026-09-08T01:42:04+02:00,2026-09-08T01:42:04+02:00,124.0,1,Stavanger,GOA:Line:50,Sørtoget region,F5,rail,GOA:ServiceJourney:725-LOD_67061-R,True,actual,False,,,,,2026-09-08T03:39:50.209703+02:00
NSR:StopPlace:41,Hanaborg stasjon,2026-09-07T22:46:00+02:00,2026-09-07T22:48:04+02:00,2026-09-07T22:48:04+02:00,124.0,1,Lillestrøm,VYG:Line:L1,Spikkestad-Oslo S-Lillestrøm,L1,rail,VYG:ServiceJourney:2170_443581-R,True,actual,False,,,,,2026-09-08T00:20:52.129880+02:00
NSR:StopPlace:59643,Grefsen stasjon,2026-09-07T22:04:00+02:00,2026-09-07T22:06:04+02:00,2026-09-07T22:06:04+02:00,124.0,1,Simensbråten,RUT:Line:23,Lysaker - Simensbråten,23,bus,RUT:ServiceJourney:5ebef32f65fe082e6fbd8bba938701a4,True,actual,False,,,,,2026-09-08T00:20:52.129880+02:00
NSR:StopPlace:60047,Melhus skysstasjon,2026-09-07T23:26:00+02:00,2026-09-07T23:28:04+02:00,2026-09-07T23:28:04+02:00,124.0,1,B Dora via Ekra-Tillerterminalen,ATB:Line:2_71,MelhusSkyss-Trondheim,71,bus,ATB:ServiceJourney:71_251215112545752_116,True,actual,False,,,,,2026-09-08T00:20:52.129880+02:00
NSR:StopPlace:58963,Jessheim stasjon,2026-09-07T23:52:00+02:00,2026-09-07T23:54:04+02:00,2026-09-07T23:54:04+02:00,124.0,1,Årnes,RUT:Line:450,Årnes - Oslo lufthavn,450,bus,RUT:ServiceJourney:5e01906b62f5ecd680a29ca368bba102,True,actual,False,,,,,2026-09-08T00:20:52.129880+02:00
NSR:StopPlace:58857,Lørenskog stasjon,2026-09-07T22:44:00+02:00,2026-09-07T22:46:04+02:00,2026-09-07T22:46:04+02:00,124.0,1,Lillestrøm,VYG:Line:L1,Spikkestad-Oslo S-Lillestrøm,L1,rail,VYG:ServiceJourney:2170_443581-R,True,actual,False,,,,,2026-09-08T00:20:52.129880+02:00
NSR:StopPlace:58850,Hauerseter stasjon,2026-09-07T21:00:00+02:00,2026-09-07T21:02:04+02:00,2026-09-07T21:02:04+02:00,124.0,1,Drammen,VYG:Line:R13,Drammen-Oslo S-Dal,R13,rail,VYG:ServiceJourney:1666_443356-R,True,actual,False,,,,,2026-09-08T00:20:52.129880+02:00
NSR:StopPlace:58850,Hauerseter stasjon,2026-09-07T23:30:00+02:00,2026-09-07T23:32:04+02:00,2026-09-07T23:32:04+02:00,124.0,1,Drammen,VYG:Line:R13,Drammen-Oslo S-Dal,R13,rail,VYG:ServiceJourney:1676_443378-R,True,actual,False,,,,,2026-09-08T00:20:52.129880+02:00
NSR:StopPlace:58813,Skarnes stasjon,2026-09-07T22:49:00+02:00,2026-09-07T22:51:04+02:00,2026-09-07T22:51:04+02:00,124.0,1,Asker,VYG:Line:R14,Asker-Oslo S-Kongsvinger,R14,rail,VYG:ServiceJourney:1038_442950-R,True,actual,False,Heis på Skarnes ute av drift,Heisen på Skarnes til spor 2 er ute av drift.,general,normal,2026-09-08T00:20:52.129880+02:00
NSR:StopPlace:416,Vikhammer stasjon,2026-09-07T20:36:00+02:00,2026-09-07T20:38:04+02:00,2026-09-07T20:38:04+02:00,124.0,1,Steinkjer,SJN:Line:26,Trønderbanen,R70,rail,SJN:ServiceJourney:451_56080-R,True,actual,False,,,,,2026-09-08T00:20:52.129880+02:00
NSR:StopPlace:59652,Tøyen stasjon,2026-09-07T19:54:00+02:00,2026-09-07T19:56:04+02:00,2026-09-07T19:56:04+02:00,124.0,1,Tonsenhagen,RUT:Line:60,Vippetangen-Tonsenhagen,60,bus,RUT:ServiceJourney:3ab45700fe2620b84a6ff2acf193fc50,True,actual,False,,,,,2026-09-07T20:27:16.249662+02:00
NSR:StopPlace:58952,Bodø stasjon,2026-09-07T18:02:00+02:00,2026-09-07T18:04:04+02:00,2026-09-07T18:04:04+02:00,124.0,1,Tverlandet,NOR:Line:12_8004,Tverlandet - Bodø sentrum - Løpsmarka,4,bus,NOR:ServiceJourney:8004_251012124900580_1033,True,actual,False,,,,,2026-09-07T20:27:16.249662+02:00
NSR:StopPlace:58924,Bryne stasjon,2026-09-07T19:58:00+02:00,2026-09-07T20:00:04+02:00,2026-09-07T20:00:04+02:00,124.0,1,Nærbø,GOA:Line:59,Jærbanen,L5,rail,GOA:ServiceJourney:3062_63118-R,True,actual,False,,,,,2026-09-07T20:27:16.249662+02:00
NSR:StopPlace:58932,Hommelvik stasjon,2026-09-07T20:15:00+02:00,2026-09-07T20:17:04+02:00,2026-09-07T20:17:04+02:00,124.0,1,Muruvik,ATB:Line:2_70,Stjørdal/Hommelvik- Trondheim,70,bus,ATB:ServiceJourney:70_251215112547061_93,True,actual,False,,,,,2026-09-07T20:27:16.249662+02:00
NSR:StopPlace:206,Mariero stasjon,2026-09-07T17:44:00+02:00,2026-09-07T17:46:04+02:00,2026-09-07T17:46:04+02:00,124.0,1,Skeiane,GOA:Line:59,Jærbanen,L5,rail,GOA:ServiceJourney:3152_63197-R,True,actual,False,,,,,2026-09-07T20:27:16.249662+02:00
NSR:StopPlace:59647,Dal stasjon,2026-09-07T14:46:00+02:00,2026-09-07T14:48:04+02:00,2026-09-07T14:48:04+02:00,124.0,1,Eidsvoll,RUT:Line:430,Eidsvoll - Jessheim,430,bus,RUT:ServiceJourney:f3fb498cdebdeb4a52b70e022cbbc47d,True,actual,False,,,,,2026-09-07T15:44:36.205822+02:00
NSR:StopPlace:59652,Tøyen stasjon,2026-09-07T14:54:00+02:00,2026-09-07T14:56:04+02:00,2026-09-07T14:56:04+02:00,124.0,1,Tonsenhagen,RUT:Line:60,Vippetangen-Tonsenhagen,60,bus,RUT:ServiceJourney:d01eb745fce4ac2126cc6a9d892dd16b,True,actual,False,,,,,2026-09-07T15:44:36.205822+02:00
NSR:StopPlace:58850,Hauerseter stasjon,2026-09-07T15:00:00+02:00,2026-09-07T15:02:04+02:00,2026-09-07T15:02:04+02:00,124.0,1,Kongsberg,VYG:Line:R13,Drammen-Oslo S-Dal,R13,rail,VYG:ServiceJourney:1642_443303-R,True,actual,False,,,,,2026-09-07T15:44:36.205822+02:00
NSR:StopPlace:61169,Marienborg stasjon,2026-09-07T06:16:00+02:00,2026-09-07T06:18:04+02:00,2026-09-07T06:18:04+02:00,124.0,1,Grillstad via St. Olavs h- Ladeham.,ATB:Line:2_20,Grillstad - Strindheim - Ladehammeren- Sentrum - Romolslia,20,bus,ATB:ServiceJourney:20_251215112548243_3,True,actual,False,,,,,2026-09-07T08:42:24.659182+02:00
NSR:StopPlace:59648,Kjelsås stasjon,2026-09-07T07:10:00+02:00,2026-09-07T07:12:04+02:00,2026-09-07T07:12:04+02:00,124.0,1,Majorstuen,RUT:Line:25,Majorstuen-Haugerud,25,bus,RUT:ServiceJourney:29bae1652088dbe568d25f1685ec1954,True,actual,False,,,,,2026-09-07T08:42:24.659182+02:00
NSR:StopPlace:59648,Kjelsås stasjon,2026-09-07T07:49:00+02:00,2026-09-07T07:51:04+02:00,2026-09-07T07:51:04+02:00,124.0,1,Kværnerbyen,RUT:Line:54,Kværnerbyen - Kjelsås stasjon,54,bus,RUT:ServiceJourney:255959dd401e4ae9ad9f11534bc30f98,True,actual,False,,,,,2026-09-07T08:42:24.659182+02:00
NSR:StopPlace:59650,Nyland stasjon,2026-09-07T07:35:00+02:00,2026-09-07T07:37:04+02:00,2026-09-07T07:37:04+02:00,124.0,1,Vestvollen,RUT:Line:345,Vestvollen - Økern,345,bus,RUT:ServiceJourney:a0b28ce3d4fb82569d641d593ccce435,True,actual,False,,,,,2026-09-07T08:42:24.659182+02:00
NSR:StopPlace:58924,Bryne stasjon,2026-09-07T07:18:00+02:00,2026-09-07T07:20:04+02:00,2026-09-07T07:20:04+02:00,124.0,1,Stavanger,GOA:Line:59,Jærbanen,L5,rail,GOA:ServiceJourney:3009_63041-R,True,actual,False,,,,,2026-09-07T08:42:24.659182+02:00
NSR:StopPlace:58925,Gausel stasjon,2026-09-07T06:50:00+02:00,2026-09-07T06:52:04+02:00,2026-09-07T06:52:04+02:00,124.0,1,Sandnes,KOL:Line:8_1001,1,1,bus,KOL:ServiceJourney:1001_251008118343761_1006,True,actual,False,,,,,2026-09-07T08:42:24.659182+02:00
NSR:StopPlace:58932,Hommelvik stasjon,2026-09-07T06:51:00+02:00,2026-09-07T06:53:04+02:00,2026-09-07T06:53:04+02:00,124.0,1,B Marienborg via Brattøra,ATB:Line:2_70,Stjørdal/Hommelvik- Trondheim,70,bus,ATB:ServiceJourney:70_251215112546971_14,True,actual,False,,,,,2026-09-07T08:42:24.659182+02:00
NSR:StopPlace:58852,Høn stasjon,2026-09-07T07:43:00+02:00,2026-09-07T07:45:04+02:00,2026-09-07T07:45:04+02:00,124.0,1,Spikkestad,VYG:Line:L1,Spikkestad-Oslo S-Lillestrøm,L1,rail,VYG:ServiceJourney:2209_443598-R,True,actual,False,,,,,2026-09-07T08:42:24.659182+02:00
NSR:StopPlace:58809,Koppang stasjon,2026-09-07T08:12:00+02:00,2026-09-07T08:14:04+02:00,2026-09-07T08:14:04+02:00,124.0,1,Hamar,SJN:Line:25,Rørosbanen,R60,rail,SJN:ServiceJourney:2380_37659-R,True,actual,False,,,,,2026-09-07T08:42:24.659182+02:00
NSR:StopPlace:63079,Skeiane stasjon,2026-09-07T07:42:00+02:00,2026-09-07T07:44:04+02:00,2026-09-07T07:44:04+02:00,124.0,1,Nærbø,GOA:Line:59,Jærbanen,L5,rail,GOA:ServiceJourney:3014_63046-R,True,actual,False,,,,,2026-09-07T08:42:24.659182+02:00
NSR:StopPlace:59650,Nyland stasjon,2026-09-08T00:06:00+02:00,2026-09-08T00:08:03+02:00,2026-09-08T00:08:03+02:00,123.0,1,Lillestrøm,VYG:Line:L1,Spikkestad-Oslo S-Lillestrøm,L1,rail,VYG:ServiceJourney:2176_443587-R,True,actual,False,,,,,2026-09-08T00:20:52.129880+02:00
NSR:StopPlace:59952,Drammen stasjon,2026-09-07T22:17:00+02:00,2026-09-07T22:19:03+02:00,2026-09-07T22:19:03+02:00,123.0,1,Eidsvoll,VYG:Line:R12,Kongsberg-Oslo S-Eidsvoll,R12,rail,VYG:ServiceJourney:536_444346-R,True,actual,False,,,,,2026-09-08T00:20:52.129880+02:00
NSR:StopPlace:58930,Larvik stasjon,2026-09-07T22:32:00+02:00,2026-09-07T22:34:03+02:00,2026-09-07T22:34:03+02:00,123.0,1,Eidsvoll,VYG:Line:RE11,Eidsvoll-Oslo S-Skien,RE11,rail,VYG:ServiceJourney:838-341_515579-R,True,actual,False,,,,,2026-09-08T00:20:52.129880+02:00
NSR:StopPlace:58845,Eidsvoll verk stasjon,2026-09-07T23:55:00+02:00,2026-09-07T23:57:03+02:00,2026-09-07T23:57:03+02:00,123.0,1,Eidsvoll,VYG:Line:RE11,Eidsvoll-Oslo S-Skien,RE11,rail,VYG:ServiceJourney:836_444416-R,True,actual,False,,,,,2026-09-08T00:20:52.129880+02:00
NSR:StopPlace:58854,Langhus stasjon,2026-09-07T22:59:00+02:00,2026-09-07T23:01:03+02:00,2026-09-07T23:01:03+02:00,123.0,1,Bøleråsen,RUT:Line:510,Bøleråsen - Ski - Ås - Drøbak,510,bus,RUT:ServiceJourney:bcbb9f4a72562ea7b31f921508abf023,True,actual,False,,,,,2026-09-08T00:20:52.129880+02:00
NSR:StopPlace:58862,Strømmen stasjon,2026-09-07T23:58:00+02:00,2026-09-08T00:00:03+02:00,2026-09-08T00:00:03+02:00,123.0,1,Lørenskog sentrum,RUT:Line:385,Nittedal stasjon - Olavsgaard - Ahus,385,bus,RUT:ServiceJourney:a2435c8fbd7a74c54e8bd90ded2269b5,True,actual,False,,,,,2026-09-08T00:20:52.129880+02:00
NSR:StopPlace:58870,Holmestrand stasjon,2026-09-07T21:45:00+02:00,2026-09-07T21:47:03+02:00,2026-09-07T21:47:03+02:00,123.0,1,Horten-Tønsberg,VKT:Line:2,Tjøme-Tønsberg-Horten-Holmestr,2,bus,VKT:ServiceJourney:15862,True,actual,False,Forsinkelser Linje 2 og 411 | Kjører ikke Storgata i Horten,Pga. veiarbeid i Horten sentrum vil det kunne oppstå forsinkelser på busser i tidsrommet 3.-11. september.  | 7.-9. september: Bussene vil ikke kjøre Storgata. Benytt holdeplassene Peders gate eller Horten rb.st. Se vkt.no/avvik Det vil oppstå forsinkelser. ,incident | general,normal | normal,2026-09-08T00:20:52.129880+02:00
NSR:StopPlace:61326,Gulskogen stasjon,2026-09-07T19:12:00+02:00,2026-09-07T19:14:03+02:00,2026-09-07T19:14:03+02:00,123.0,1,Eidsvoll,VYG:Line:R12,Kongsberg-Oslo S-Eidsvoll,R12,rail,VYG:ServiceJourney:530_444338-R,True,actual,False,,,,,2026-09-07T20:27:16.249662+02:00
NSR:StopPlace:59650,Nyland stasjon,2026-09-07T18:08:00+02:00,2026-09-07T18:10:03+02:00,2026-09-07T18:10:03+02:00,123.0,1,Økern,RUT:Line:67,Økern-Lørenskog sentrum,67,bus,RUT:ServiceJourney:cc9dc8631dcb7ab31f26f4f17e06fdd0,True,actual,False,,,,,2026-09-07T20:27:16.249662+02:00
NSR:StopPlace:58799,Rygge stasjon,2026-09-07T17:29:00+02:00,2026-09-07T17:31:03+02:00,2026-09-07T17:31:03+02:00,123.0,1,Halden,VYG:Line:RE20,Oslo S-Halden-Göteborg (X-Border),RE20,rail,VYG:ServiceJourney:143-LOD_509064-R,True,actual,False,,,,,2026-09-07T20:27:16.249662+02:00
NSR:StopPlace:58839,Steinberg stasjon,2026-09-07T18:24:00+02:00,2026-09-07T18:26:03+02:00,2026-09-07T18:26:03+02:00,123.0,1,Hokksund,BRA:Line:4_6101,Drammen-Vikersund/Hønefoss,101,bus,BRA:ServiceJourney:6101_260415100161219_1045,True,actual,False,,,,,2026-09-07T20:27:16.249662+02:00
NSR:StopPlace:58846,Fetsund stasjon,2026-09-07T17:23:00+02:00,2026-09-07T17:25:03+02:00,2026-09-07T17:25:03+02:00,123.0,1,Kongsvinger,VYG:Line:R14,Asker-Oslo S-Kongsvinger,R14,rail,VYG:ServiceJourney:1025_442935-R,True,actual,False,,,,,2026-09-07T20:27:16.249662+02:00
NSR:StopPlace:58847,Frogner stasjon,2026-09-07T18:51:00+02:00,2026-09-07T18:53:03+02:00,2026-09-07T18:53:03+02:00,123.0,1,Drammen,VYG:Line:R13,Drammen-Oslo S-Dal,R13,rail,VYG:ServiceJourney:1656_443335-R,True,actual,False,,,,,2026-09-07T20:27:16.249662+02:00
NSR:StopPlace:62339,Lillestrøm stasjon,2026-09-07T17:56:00+02:00,2026-09-07T17:58:03+02:00,2026-09-07T17:58:03+02:00,123.0,1,Kongsberg,VYG:Line:R12,Kongsberg-Oslo S-Eidsvoll,R12,rail,VYG:ServiceJourney:527_444334-R,True,actual,False,Heis i spor 1 og 2 er ute av bruk på grunn av vedlikehold.,Heis i spor 1 og 2 er ute av bruk på grunn av vedlikehold.,general,normal,2026-09-07T20:27:16.249662+02:00
NSR:StopPlace:6,Greverud stasjon,2026-09-07T14:03:00+02:00,2026-09-07T14:05:03+02:00,2026-09-07T14:05:03+02:00,123.0,1,Skøyen,VYG:Line:L2,Stabekk-Oslo S-Ski,L2,rail,VYG:ServiceJourney:2840-SKI_488383-R,True,actual,False,,,,,2026-09-07T15:44:36.205822+02:00
NSR:StopPlace:59637,Rosenholm stasjon,2026-09-07T15:13:00+02:00,2026-09-07T15:15:03+02:00,2026-09-07T15:15:03+02:00,123.0,1,Lysaker,VYG:Line:L2,Stabekk-Oslo S-Ski,L2,rail,VYG:ServiceJourney:2844-SKI_444076-R,True,actual,False,,,,,2026-09-07T15:44:36.205822+02:00
NSR:StopPlace:58823,Jaren stasjon,2026-09-07T15:21:00+02:00,2026-09-07T15:23:03+02:00,2026-09-07T15:23:03+02:00,123.0,1,Gjøvik,VYG:Line:RE30,Oslo S-Gjøvik,RE30,rail,VYG:ServiceJourney:1219-ROA_589156-R,True,actual,False,,,,,2026-09-07T15:44:36.205822+02:00
NSR:StopPlace:62377,Ronglan stasjon,2026-09-07T14:29:00+02:00,2026-09-07T14:31:03+02:00,2026-09-07T14:31:03+02:00,123.0,1,Ler,SJN:Line:26,Trønderbanen,R70,rail,SJN:ServiceJourney:438_56067-R,True,actual,False,,,,,2026-09-07T15:44:36.205822+02:00
NSR:StopPlace:61251,Øksnavadporten stasjon,2026-09-07T07:49:00+02:00,2026-09-07T07:51:03+02:00,2026-09-07T07:51:03+02:00,123.0,1,Nærbø,GOA:Line:59,Jærbanen,L5,rail,GOA:ServiceJourney:3014_63046-R,True,actual,False,,,,,2026-09-07T08:42:24.659182+02:00
NSR:StopPlace:61169,Marienborg stasjon,2026-09-07T07:20:00+02:00,2026-09-07T07:22:03+02:00,2026-09-07T07:22:03+02:00,123.0,1,Lerkendal,SJN:Line:26,Trønderbanen,R70,rail,SJN:ServiceJourney:1760_56046-R,True,actual,False,,,,,2026-09-07T08:42:24.659182+02:00
NSR:StopPlace:58834,Hokksund stasjon,2026-09-07T07:25:00+02:00,2026-09-07T07:27:03+02:00,2026-09-07T07:27:03+02:00,123.0,1,Åmot skysstasjon,BRA:Line:4_6139,Drammen - Åmot - Hønefoss,139,bus,BRA:ServiceJourney:6139_260826054283978_1002,True,actual,False,,,,,2026-09-07T08:42:24.659182+02:00
NSR:StopPlace:58836,Mjøndalen stasjon,2026-09-07T07:06:00+02:00,2026-09-07T07:08:03+02:00,2026-09-07T07:08:03+02:00,123.0,1,Åssiden vgs,BRA:Line:4_6139,Drammen - Åmot - Hønefoss,139,bus,BRA:ServiceJourney:6139_260415100161339_1003,True,actual,False,,,,,2026-09-07T08:42:24.659182+02:00
NSR:StopPlace:58857,Lørenskog stasjon,2026-09-07T06:59:00+02:00,2026-09-07T07:01:03+02:00,2026-09-07T07:01:03+02:00,123.0,1,Lillestrøm,VYG:Line:L1,Spikkestad-Oslo S-Lillestrøm,L1,rail,VYG:ServiceJourney:2208_764738-R,True,actual,False,Færre vogner,Denne avgangen kjører dessverre med 4 vogner i stedet for 8 vogner. Dette skyldes at vi mangler et togsett.,general,normal,2026-09-07T08:42:24.659182+02:00
NSR:StopPlace:58858,Nittedal stasjon,2026-09-07T07:10:00+02:00,2026-09-07T07:12:03+02:00,2026-09-07T07:12:03+02:00,123.0,1,Oslo S,VYG:Line:R31,Skøyen-Jaren-Gjøvik,R31,rail,VYG:ServiceJourney:BUS-244_655946-R,True,actual,False,,,,,2026-09-07T08:42:24.659182+02:00
NSR:StopPlace:58876,Tønsberg stasjon,2026-09-07T07:22:00+02:00,2026-09-07T07:24:03+02:00,2026-09-07T07:24:03+02:00,123.0,1,Tønsberg,VKT:Line:501,Tønsberg-Ramnes-Kirkevoll,501,bus,VKT:ServiceJourney:17102,True,actual,False,Kan oppstå forsinkelser ,Pga. veiarbeid langs Bispeveien kan det oppstå forsinkelser. Vi beklager dette. ,incident,normal,2026-09-07T08:42:24.659182+02:00
NSR:StopPlace:58880,Neslandsvatn stasjon,2026-09-07T08:06:00+02:00,2026-09-07T08:08:03+02:00,2026-09-07T08:08:03+02:00,123.0,1,Drangedal,TEL:Line:8607,Drangedal-Kragerø,607,bus,TEL:ServiceJourney:126277,True,actual,False,,,,,2026-09-07T08:42:24.659182+02:00
NSR:StopPlace:151,Evanger stasjon,2026-09-07T06:09:00+02:00,2026-09-07T06:11:03+02:00,2026-09-07T06:11:03+02:00,123.0,1,Bergen,VYG:Line:R40,Bergen-Voss-Myrdal-Ål,R40,rail,VYG:ServiceJourney:1807_445121-R,True,actual,False,Åpnet: Bulken–Bolstadøyri,"Bulken–Bolstadøyri er åpen for togtrafikk igjen. Togene kjører, men det kan ta litt tid før de er i rute. Du må derfor regne med forsinkelser, og at enkelte avganger kan bli innstilt.",general,normal,2026-09-07T08:42:24.659182+02:00
NSR:StopPlace:261,Ganddal stasjon,2026-09-07T07:45:00+02:00,2026-09-07T07:47:03+02:00,2026-09-07T07:47:03+02:00,123.0,1,Nærbø,GOA:Line:59,Jærbanen,L5,rail,GOA:ServiceJourney:3014_63046-R,True,actual,False,,,,,2026-09-07T08:42:24.659182+02:00
NSR:StopPlace:61334,Ogna stasjon,2026-09-07T21:36:00+02:00,2026-09-07T21:38:02+02:00,2026-09-07T21:38:02+02:00,122.0,1,Stavanger,GOA:Line:59,Jærbanen,L5,rail,GOA:ServiceJourney:3069_63130-R,True,actual,False,,,,,2026-09-08T00:20:52.129880+02:00
NSR:StopPlace:59872,Oslo S,2026-09-07T21:04:00+02:00,2026-09-07T21:06:02+02:00,2026-09-07T21:06:02+02:00,122.0,1,Kongsvinger,VYG:Line:R14,Asker-Oslo S-Kongsvinger,R14,rail,VYG:ServiceJourney:1033_442944-R,True,actual,False,,,,,2026-09-08T00:20:52.129880+02:00
NSR:StopPlace:60047,Melhus skysstasjon,2026-09-07T22:23:00+02:00,2026-09-07T22:25:02+02:00,2026-09-07T22:25:02+02:00,122.0,1,Brekkåsen,ATB:Line:2_82,Hesttrøa-Brekkåsen,82,bus,ATB:ServiceJourney:82_251215112550793_125,True,actual,False,Linje 82 og 504,Avvikende kjøring for linje 82 og 504 pga Hølondvegen er stengt. ,general,normal,2026-09-08T00:20:52.129880+02:00
NSR:StopPlace:58795,Kambo stasjon,2026-09-07T23:25:00+02:00,2026-09-07T23:27:02+02:00,2026-09-07T23:27:02+02:00,122.0,1,Moss,VYG:Line:R21,Stabekk-Oslo S-Moss,R21,rail,VYG:ServiceJourney:1171-HVK_443068-R,True,actual,False,,,,,2026-09-08T00:20:52.129880+02:00
NSR:StopPlace:58795,Kambo stasjon,2026-09-07T23:54:00+02:00,2026-09-07T23:56:02+02:00,2026-09-07T23:56:02+02:00,122.0,1,Vestby stasjon,RUT:Line:540,Moss - Son - Vestby stasjon,540,bus,RUT:ServiceJourney:fc0c879b4b1b8b2a2cfefc8e785d0e11,True,actual,False,,,,,2026-09-08T00:20:52.129880+02:00
NSR:StopPlace:58843,Blommenholm stasjon,2026-09-07T22:28:00+02:00,2026-09-07T22:30:02+02:00,2026-09-07T22:30:02+02:00,122.0,1,Spikkestad,VYG:Line:L1,Spikkestad-Oslo S-Lillestrøm,L1,rail,VYG:ServiceJourney:2269_443700-R,True,actual,False,,,,,2026-09-08T00:20:52.129880+02:00
NSR:StopPlace:58873,Skoppum stasjon,2026-09-07T21:40:00+02:00,2026-09-07T21:42:02+02:00,2026-09-07T21:42:02+02:00,122.0,1,Skien,VYG:Line:RE11,Eidsvoll-Oslo S-Skien,RE11,rail,VYG:ServiceJourney:833_444413-R,True,actual,False,Færre vogner,Denne avgangen kjører dessverre med 5 vogner i stedet for 10 vogner. Dette skyldes at vi mangler et togsett.,general,normal,2026-09-08T00:20:52.129880+02:00
NSR:StopPlace:62311,Vigrestad stasjon,2026-09-07T23:43:00+02:00,2026-09-07T23:45:02+02:00,2026-09-07T23:45:02+02:00,122.0,1,Egersund,GOA:Line:59,Jærbanen,L5,rail,GOA:ServiceJourney:3076_63139-R,True,actual,False,,,,,2026-09-08T00:20:52.129880+02:00
NSR:StopPlace:61466,Vakås stasjon,2026-09-07T20:08:00+02:00,2026-09-07T20:10:02+02:00,2026-09-07T20:10:02+02:00,122.0,1,Lillestrøm,VYG:Line:L1,Spikkestad-Oslo S-Lillestrøm,L1,rail,VYG:ServiceJourney:2264_445363-R,True,actual,False,,,,,2026-09-07T20:27:16.249662+02:00
NSR:StopPlace:60016,Kråkstad stasjon,2026-09-07T19:36:00+02:00,2026-09-07T19:38:02+02:00,2026-09-07T19:38:02+02:00,122.0,1,Oslo S,VYG:Line:R22,Skøyen-Oslo S-Mysen-Rakkestad,R22,rail,VYG:ServiceJourney:1932_443486-R,True,actual,False,,,,,2026-09-07T20:27:16.249662+02:00
NSR:StopPlace:59637,Rosenholm stasjon,2026-09-07T17:58:00+02:00,2026-09-07T18:00:02+02:00,2026-09-07T18:00:02+02:00,122.0,1,Stabekk,VYG:Line:L2,Stabekk-Oslo S-Ski,L2,rail,VYG:ServiceJourney:2756-SKI_443967-R,True,actual,False,,,,,2026-09-07T20:27:16.249662+02:00
NSR:StopPlace:58860,Oppegård stasjon,2026-09-07T19:01:00+02:00,2026-09-07T19:03:02+02:00,2026-09-07T19:03:02+02:00,122.0,1,Kolbotn torg,RUT:Line:580,Kolbotn - Ski,580,bus,RUT:ServiceJourney:ff41f408e2bee8dda34c3cb5e4beeb46,True,actual,False,,,,,2026-09-07T20:27:16.249662+02:00
NSR:StopPlace:362,Jåttåvågen stasjon,2026-09-07T17:47:00+02:00,2026-09-07T17:49:02+02:00,2026-09-07T17:49:02+02:00,122.0,1,Skeiane,GOA:Line:59,Jærbanen,L5,rail,GOA:ServiceJourney:3152_63197-R,True,actual,False,,,,,2026-09-07T20:27:16.249662+02:00
NSR:StopPlace:6,Greverud stasjon,2026-09-07T14:18:00+02:00,2026-09-07T14:20:02+02:00,2026-09-07T14:20:02+02:00,122.0,1,Stabekk,VYG:Line:L2,Stabekk-Oslo S-Ski,L2,rail,VYG:ServiceJourney:2742-SKI_443952-R,True,actual,False,,,,,2026-09-07T15:44:36.205822+02:00
NSR:StopPlace:61466,Vakås stasjon,2026-09-07T14:38:00+02:00,2026-09-07T14:40:02+02:00,2026-09-07T14:40:02+02:00,122.0,1,Lillestrøm,VYG:Line:L1,Spikkestad-Oslo S-Lillestrøm,L1,rail,VYG:ServiceJourney:2242_443654-R,True,actual,False,,,,,2026-09-07T15:44:36.205822+02:00
NSR:StopPlace:58964,Kløfta stasjon,2026-09-07T13:14:00+02:00,2026-09-07T13:16:02+02:00,2026-09-07T13:16:02+02:00,122.0,1,Drammen,VYG:Line:R13,Drammen-Oslo S-Dal,R13,rail,VYG:ServiceJourney:1634_443285-R,True,actual,False,,,,,2026-09-07T15:44:36.205822+02:00
NSR:StopPlace:58964,Kløfta stasjon,2026-09-07T15:14:00+02:00,2026-09-07T15:16:02+02:00,2026-09-07T15:16:02+02:00,122.0,1,Kongsberg,VYG:Line:R13,Drammen-Oslo S-Dal,R13,rail,VYG:ServiceJourney:1642_443303-R,True,actual,False,,,,,2026-09-07T15:44:36.205822+02:00
NSR:StopPlace:58868,Årnes stasjon,2026-09-07T15:04:00+02:00,2026-09-07T15:06:02+02:00,2026-09-07T15:06:02+02:00,122.0,1,Oslo lufthavn,RUT:Line:450,Årnes - Oslo lufthavn,450,bus,RUT:ServiceJourney:2178efc4dcfdcff1f2cd525466a34148,True,actual,False,,,,,2026-09-07T15:44:36.205822+02:00
NSR:StopPlace:58886,Arendal stasjon,2026-09-07T15:14:00+02:00,2026-09-07T15:16:02+02:00,2026-09-07T15:16:02+02:00,122.0,1,Hisøy via Arendal sentrum,AKT:Line:103,Tromøy Vest-Arendal-Hisøy,103,bus,AKT:ServiceJourney:83474_131_54_107520_110160_40001671,True,actual,False,,,,,2026-09-07T15:44:36.205822+02:00
NSR:StopPlace:206,Mariero stasjon,2026-09-07T15:29:00+02:00,2026-09-07T15:31:02+02:00,2026-09-07T15:31:02+02:00,122.0,1,Egersund,GOA:Line:59,Jærbanen,L5,rail,GOA:ServiceJourney:3046_63090-R,True,actual,False,Toget har redusert kapasitet mellom Stavanger og Bryne.,Vi kjører med færre vogner enn planlagt.,incident,severe,2026-09-07T15:44:36.205822+02:00
NSR:StopPlace:61169,Marienborg stasjon,2026-09-07T06:46:00+02:00,2026-09-07T06:48:02+02:00,2026-09-07T06:48:02+02:00,122.0,1,Østmarka via Lerkendal-Strindh.,ATB:Line:2_13,Østmarka - Strindheim - Lerkendal - Havstad,13,bus,ATB:ServiceJourney:13_251215112552661_7,True,actual,False,,,,,2026-09-07T08:42:24.659182+02:00
NSR:StopPlace:61169,Marienborg stasjon,2026-09-07T07:23:00+02:00,2026-09-07T07:25:02+02:00,2026-09-07T07:25:02+02:00,122.0,1,Havstad,ATB:Line:2_13,Østmarka - Strindheim - Lerkendal - Havstad,13,bus,ATB:ServiceJourney:13_251215112552588_14,True,actual,False,,,,,2026-09-07T08:42:24.659182+02:00
NSR:StopPlace:61463,Nordstrand stasjon,2026-09-07T06:37:00+02:00,2026-09-07T06:39:02+02:00,2026-09-07T06:39:02+02:00,122.0,1,Stabekk,VYG:Line:L2,Stabekk-Oslo S-Ski,L2,rail,VYG:ServiceJourney:2710-SKI_443916-R,True,actual,False,Færre vogner,Denne avgangen kjører dessverre med 3 vogner i stedet for 6 vogner. Dette skyldes at vi mangler et togsett.,general,normal,2026-09-07T08:42:24.659182+02:00
NSR:StopPlace:59650,Nyland stasjon,2026-09-07T07:15:00+02:00,2026-09-07T07:17:02+02:00,2026-09-07T07:17:02+02:00,122.0,1,Vestvollen,RUT:Line:345,Vestvollen - Økern,345,bus,RUT:ServiceJourney:90f19e95c8b1f0eb5e0c311155c09b6f,True,actual,False,,,,,2026-09-07T08:42:24.659182+02:00
NSR:StopPlace:59654,Stabekk stasjon,2026-09-07T07:22:00+02:00,2026-09-07T07:24:02+02:00,2026-09-07T07:24:02+02:00,122.0,1,Nationaltheatret,RUT:Line:150,Gullhaug - Nationaltheatret,150,bus,RUT:ServiceJourney:f76c453aab692adf03abec46b0546df7,True,actual,False,,,,,2026-09-07T08:42:24.659182+02:00
NSR:StopPlace:58790,Verdal stasjon,2026-09-07T07:30:00+02:00,2026-09-07T07:32:02+02:00,2026-09-07T07:32:02+02:00,122.0,1,Levanger vgs.,ATB:Line:2_635,Verdal - Levanger (- Frosta),635,bus,ATB:ServiceJourney:635_260106098642282_15,True,actual,False,,,,,2026-09-07T08:42:24.659182+02:00
NSR:StopPlace:58865,Vestby stasjon,2026-09-07T06:15:00+02:00,2026-09-07T06:17:02+02:00,2026-09-07T06:17:02+02:00,122.0,1,Moss,VYG:Line:R21,Stabekk-Oslo S-Moss,R21,rail,VYG:ServiceJourney:1103-HVK_442974-R,True,actual,False,,,,,2026-09-07T08:42:24.659182+02:00
NSR:StopPlace:58853,Kolbotn stasjon,2026-09-07T21:43:00+02:00,2026-09-07T21:45:01+02:00,2026-09-07T21:45:01+02:00,121.0,1,Ski stasjon,RUT:Line:580,Kolbotn - Ski,580,bus,RUT:ServiceJourney:120737d37f71abc0dc2531304760bb57,True,actual,False,,,,,2026-09-08T00:20:52.129880+02:00
NSR:StopPlace:59646,Høvik stasjon,2026-09-07T19:42:00+02:00,2026-09-07T19:44:01+02:00,2026-09-07T19:44:01+02:00,121.0,1,Asker,VYG:Line:L1,Spikkestad-Oslo S-Lillestrøm,L1,rail,VYG:ServiceJourney:2157_443566-R,True,actual,False,,,,,2026-09-07T20:27:16.249662+02:00
NSR:StopPlace:59649,Nydalen stasjon,2026-09-07T18:16:00+02:00,2026-09-07T18:18:01+02:00,2026-09-07T18:18:01+02:00,121.0,1,Lysaker,RUT:Line:23,Lysaker - Simensbråten,23,bus,RUT:ServiceJourney:a7359c16c5326586d5121ae6a8f58aaf,True,actual,False,,,,,2026-09-07T20:27:16.249662+02:00
NSR:StopPlace:60640,Heimdal stasjon,2026-09-07T17:12:00+02:00,2026-09-07T17:14:01+02:00,2026-09-07T17:14:01+02:00,121.0,1,Strindheim via Kolstad-sentrum,ATB:Line:2_2,Strindheim- Lade- sentrum- Sau,2,bus,ATB:ServiceJourney:2_251215112549949_181,True,actual,False,,,,,2026-09-07T20:27:16.249662+02:00
NSR:StopPlace:59652,Tøyen stasjon,2026-09-07T19:09:00+02:00,2026-09-07T19:11:01+02:00,2026-09-07T19:11:01+02:00,121.0,1,Tonsenhagen,RUT:Line:60,Vippetangen-Tonsenhagen,60,bus,RUT:ServiceJourney:caac89a8981eeab3bd839894620a5f6a,True,actual,False,,,,,2026-09-07T20:27:16.249662+02:00
NSR:StopPlace:60047,Melhus skysstasjon,2026-09-07T18:36:00+02:00,2026-09-07T18:38:01+02:00,2026-09-07T18:38:01+02:00,121.0,1,Dora via E6 - City Syd E6,ATB:Line:2_71,MelhusSkyss-Trondheim,71,bus,ATB:ServiceJourney:71_251215112545638_94,True,actual,False,,,,,2026-09-07T20:27:16.249662+02:00
NSR:StopPlace:59638,Myrvoll stasjon,2026-09-07T17:37:00+02:00,2026-09-07T17:39:01+02:00,2026-09-07T17:39:01+02:00,121.0,1,Kolbotn torg,RUT:Line:580,Kolbotn - Ski,580,bus,RUT:ServiceJourney:05cfc4a4589ee8435461a421d78eb95b,True,actual,False,,,,,2026-09-07T20:27:16.249662+02:00
NSR:StopPlace:58865,Vestby stasjon,2026-09-07T18:40:00+02:00,2026-09-07T18:42:01+02:00,2026-09-07T18:42:01+02:00,121.0,1,Stabekk,VYG:Line:R21,Stabekk-Oslo S-Moss,R21,rail,VYG:ServiceJourney:1158-MOS_443044-R,True,actual,False,,,,,2026-09-07T20:27:16.249662+02:00
NSR:StopPlace:58861,Solbråtan stasjon,2026-09-07T18:11:00+02:00,2026-09-07T18:13:01+02:00,2026-09-07T18:13:01+02:00,121.0,1,Tårnåsen,RUT:Line:83,Jernbanetorget - Tårnåsen,83,bus,RUT:ServiceJourney:12079ddb6124a169492dd51eebd8ab5e,True,actual,False,Linje 80E og 83 får Hausmanns bru som ny endeholdeplass fra 29. juni,"Bussene stopper ikke på Jernbanetorget etter 29. juni, men starter og stopper på Hausmanns bru i Nylandsveien.",incident,normal,2026-09-07T20:27:16.249662+02:00
NSR:StopPlace:58861,Solbråtan stasjon,2026-09-07T18:15:00+02:00,2026-09-07T18:17:01+02:00,2026-09-07T18:17:01+02:00,121.0,1,Bjørvika,RUT:Line:83,Jernbanetorget - Tårnåsen,83,bus,RUT:ServiceJourney:2c10c9bef8379aa469876889ccddcd4e,True,actual,False,Linje 80E og 83 får Hausmanns bru som ny endeholdeplass fra 29. juni,"Bussene stopper ikke på Jernbanetorget etter 29. juni, men starter og stopper på Hausmanns bru i Nylandsveien.",incident,normal,2026-09-07T20:27:16.249662+02:00
NSR:StopPlace:58822,Opphus stasjon,2026-09-07T19:20:00+02:00,2026-09-07T19:22:01+02:00,2026-09-07T19:22:01+02:00,121.0,1,Røros,SJN:Line:25,Rørosbanen,R60,rail,SJN:ServiceJourney:2391_54213-R,True,actual,False,,,,,2026-09-07T20:27:16.249662+02:00
NSR:StopPlace:416,Vikhammer stasjon,2026-09-07T16:42:00+02:00,2026-09-07T16:44:01+02:00,2026-09-07T16:44:01+02:00,121.0,1,Storlien,SJN:Line:72,Meråkerbanen,R71,rail,SJN:ServiceJourney:1307_56270-R,True,actual,False,,,,,2026-09-07T20:27:16.249662+02:00
NSR:StopPlace:62308,Alna stasjon,2026-09-07T18:48:00+02:00,2026-09-07T18:50:01+02:00,2026-09-07T18:50:01+02:00,121.0,1,Lillestrøm,VYG:Line:L1,Spikkestad-Oslo S-Lillestrøm,L1,rail,VYG:ServiceJourney:2256_445354-R,True,actual,False,,,,,2026-09-07T20:27:16.249662+02:00
NSR:StopPlace:59952,Drammen stasjon,2026-09-07T15:14:00+02:00,2026-09-07T15:16:01+02:00,2026-09-07T15:16:01+02:00,121.0,1,Skien,VYG:Line:RE11,Eidsvoll-Oslo S-Skien,RE11,rail,VYG:ServiceJourney:821_444401-R,True,actual,False,,,,,2026-09-07T15:44:36.205822+02:00
NSR:StopPlace:60603,Kongsberg stasjon,2026-09-07T12:36:00+02:00,2026-09-07T12:38:01+02:00,2026-09-07T12:38:01+02:00,121.0,1,Stavanger,GOA:Line:50,Sørtoget region,F5,rail,GOA:ServiceJourney:711-LOD_64080-R,True,actual,False,,,,,2026-09-07T15:44:36.205822+02:00
NSR:StopPlace:58797,Mysen stasjon,2026-09-07T13:46:00+02:00,2026-09-07T13:48:01+02:00,2026-09-07T13:48:01+02:00,121.0,1,Oslo bussterminal,OST:Line:1_9,Timekspress linje 9,9,bus,OST:ServiceJourney:9_260325121472415_9007,True,actual,False,,,,,2026-09-07T15:44:36.205822+02:00
NSR:StopPlace:61291,Stavanger stasjon,2026-09-07T08:09:00+02:00,2026-09-07T08:11:01+02:00,2026-09-07T08:11:01+02:00,121.0,1,Skeiane,GOA:Line:59,Jærbanen,L5,rail,GOA:ServiceJourney:3114_63159-R,True,actual,False,,,,,2026-09-07T08:42:24.659182+02:00
NSR:StopPlace:59643,Grefsen stasjon,2026-09-07T07:09:00+02:00,2026-09-07T07:11:01+02:00,2026-09-07T07:11:01+02:00,121.0,1,Hakadal,VYG:Line:R31,Skøyen-Jaren-Gjøvik,R31,rail,VYG:ServiceJourney:BUS-273_655599-R,True,actual,False,,,,,2026-09-07T08:42:24.659182+02:00
NSR:StopPlace:59653,Haugenstua stasjon,2026-09-07T05:55:00+02:00,2026-09-07T05:57:01+02:00,2026-09-07T05:57:01+02:00,121.0,1,Spikkestad,VYG:Line:L1,Spikkestad-Oslo S-Lillestrøm,L1,rail,VYG:ServiceJourney:2205_443593-R,True,actual,False,Færre vogner,Denne avgangen kjører dessverre med 4 vogner i stedet for 8 vogner. Dette skyldes at vi mangler et togsett.,general,normal,2026-09-07T08:42:24.659182+02:00
NSR:StopPlace:59654,Stabekk stasjon,2026-09-07T07:32:00+02:00,2026-09-07T07:34:01+02:00,2026-09-07T07:34:01+02:00,121.0,1,Nationaltheatret,RUT:Line:150,Gullhaug - Nationaltheatret,150,bus,RUT:ServiceJourney:1273fe477cdb57b47a55d1689836371c,True,actual,False,,,,,2026-09-07T08:42:24.659182+02:00
NSR:StopPlace:59620,Grorud stasjon,2026-09-07T06:38:00+02:00,2026-09-07T06:40:01+02:00,2026-09-07T06:40:01+02:00,121.0,1,Lillestrøm,VYG:Line:L1,Spikkestad-Oslo S-Lillestrøm,L1,rail,VYG:ServiceJourney:2106_443510-R,True,actual,False,,,,,2026-09-07T08:42:24.659182+02:00
NSR:StopPlace:59637,Rosenholm stasjon,2026-09-07T08:13:00+02:00,2026-09-07T08:15:01+02:00,2026-09-07T08:15:01+02:00,121.0,1,Lysaker,VYG:Line:L2,Stabekk-Oslo S-Ski,L2,rail,VYG:ServiceJourney:2816-SKI_444028-R,True,actual,False,Færre vogner,Denne avgangen kjører dessverre med 3 vogner i stedet for 6 vogner. Dette skyldes at vi mangler et togsett.,general,normal,2026-09-07T08:42:24.659182+02:00
NSR:StopPlace:58932,Hommelvik stasjon,2026-09-07T08:03:00+02:00,2026-09-07T08:05:01+02:00,2026-09-07T08:05:01+02:00,121.0,1,Stjørdal stasjon,ATB:Line:2_70,Stjørdal/Hommelvik- Trondheim,70,bus,ATB:ServiceJourney:70_251215112546897_9,True,actual,False,,,,,2026-09-07T08:42:24.659182+02:00
NSR:StopPlace:58932,Hommelvik stasjon,2026-09-07T08:18:00+02:00,2026-09-07T08:20:01+02:00,2026-09-07T08:20:01+02:00,121.0,1,Stjørdal stasjon,ATB:Line:2_70,Stjørdal/Hommelvik- Trondheim,70,bus,ATB:ServiceJourney:70_251215112546898_11,True,actual,False,,,,,2026-09-07T08:42:24.659182+02:00
NSR:StopPlace:58867,Åneby stasjon,2026-09-07T07:55:00+02:00,2026-09-07T07:57:01+02:00,2026-09-07T07:57:01+02:00,121.0,1,Elvetangen,RUT:Line:3333,Åneby stasjon - Elvetangen,3333,bus,RUT:ServiceJourney:cfeb745877b0b87ff9019035751396ef,True,actual,False,,,,,2026-09-07T08:42:24.659182+02:00
NSR:StopPlace:58869,Ås stasjon,2026-09-07T06:10:00+02:00,2026-09-07T06:12:01+02:00,2026-09-07T06:12:01+02:00,121.0,1,Moss,VYG:Line:R21,Stabekk-Oslo S-Moss,R21,rail,VYG:ServiceJourney:1103-HVK_442974-R,True,actual,False,,,,,2026-09-07T08:42:24.659182+02:00
NSR:StopPlace:58800,Råde stasjon,2026-09-07T07:53:00+02:00,2026-09-07T07:55:01+02:00,2026-09-07T07:55:01+02:00,121.0,1,Oslo S,VYG:Line:RE20,Oslo S-Halden-Göteborg (X-Border),RE20,rail,VYG:ServiceJourney:108-HLD_508944-R,True,actual,False,,,,,2026-09-07T08:42:24.659182+02:00
NSR:StopPlace:58808,Kongsvinger stasjon,2026-09-07T05:39:00+02:00,2026-09-07T05:41:01+02:00,2026-09-07T05:41:01+02:00,121.0,1,Flisa - Hamar,INN:Line:105,Kongsvinger - Elverum - Hamar,105,bus,INN:ServiceJourney:83628,True,actual,False,,,,,2026-09-07T08:42:24.659182+02:00
NSR:StopPlace:58808,Kongsvinger stasjon,2026-09-07T08:29:00+02:00,2026-09-07T08:31:01+02:00,2026-09-07T08:31:01+02:00,121.0,1,Marikollen,INN:Line:82,Skriverskogen - Marikollen,B82,bus,INN:ServiceJourney:54346,True,actual,False,,,,,2026-09-07T08:42:24.659182+02:00
NSR:StopPlace:58811,Moelv stasjon,2026-09-07T04:41:00+02:00,2026-09-07T04:43:01+02:00,2026-09-07T04:43:01+02:00,121.0,1,Drammen,VYG:Line:RE10,Drammen-Oslo S-Lillehammer,RE10,rail,VYG:ServiceJourney:302-HHS_486370-R,True,actual,False,,,,,2026-09-07T08:42:24.659182+02:00
NSR:StopPlace:58820,Harestua stasjon,2026-09-07T06:24:00+02:00,2026-09-07T06:26:01+02:00,2026-09-07T06:26:01+02:00,121.0,1,Roa,VYG:Line:RE30,Oslo S-Gjøvik,RE30,rail,VYG:ServiceJourney:BUS-1203_654978-R,True,actual,False,,,,,2026-09-07T08:42:24.659182+02:00
NSR:StopPlace:610,Sandvika stasjon,2026-09-07T07:35:00+02:00,2026-09-07T07:37:01+02:00,2026-09-07T07:37:01+02:00,121.0,1,Eidsvoll,VYG:Line:R12,Kongsberg-Oslo S-Eidsvoll,R12,rail,VYG:ServiceJourney:506_481316-R,True,actual,False,,,,,2026-09-07T08:42:24.659182+02:00
NSR:StopPlace:62339,Lillestrøm stasjon,2026-09-07T07:16:00+02:00,2026-09-07T07:18:01+02:00,2026-09-07T07:18:01+02:00,121.0,1,Drammen,VYG:Line:RE10,Drammen-Oslo S-Lillehammer,RE10,rail,VYG:ServiceJourney:304-HHS_487829-R,True,actual,False,Heis i spor 1 og 2 er ute av bruk på grunn av vedlikehold.,Heis i spor 1 og 2 er ute av bruk på grunn av vedlikehold.,general,normal,2026-09-07T08:42:24.659182+02:00
NSR:StopPlace:8,Paradis stasjon,2026-09-07T22:58:00+02:00,2026-09-07T23:00:00+02:00,2026-09-07T23:00:00+02:00,120.0,1,Stavanger,GOA:Line:59,Jærbanen,L5,rail,GOA:ServiceJourney:3071_63132-R,True,actual,False,,,,,2026-09-08T00:20:52.129880+02:00
NSR:StopPlace:58971,Mosjøen stasjon,2026-09-07T21:43:00+02:00,2026-09-07T21:45:00+02:00,2026-09-07T21:45:00+02:00,120.0,1,Mo i Rana,SJN:Line:71,Nordlandsbanen,F7,rail,SJN:ServiceJourney:477_45453-R,True,actual,False,,,,,2026-09-08T00:20:52.129880+02:00
NSR:StopPlace:58926,Dale stasjon,2026-09-07T21:41:00+02:00,2026-09-07T21:43:00+02:00,2026-09-07T21:43:00+02:00,120.0,1,Bergen,VYG:Line:R40,Bergen-Voss-Myrdal-Ål,R40,rail,VYG:ServiceJourney:1837_443424-R,True,actual,False,,,,,2026-09-08T00:20:52.129880+02:00
NSR:StopPlace:58862,Strømmen stasjon,2026-09-07T22:50:00+02:00,2026-09-07T22:52:00+02:00,2026-09-07T22:52:00+02:00,120.0,1,Lillestrøm,VYG:Line:L1,Spikkestad-Oslo S-Lillestrøm,L1,rail,VYG:ServiceJourney:2170_443581-R,True,actual,False,,,,,2026-09-08T00:20:52.129880+02:00
NSR:StopPlace:62339,Lillestrøm stasjon,2026-09-07T22:15:00+02:00,2026-09-07T22:17:00+02:00,2026-09-07T22:17:00+02:00,120.0,1,Kongsvinger,VYG:Line:R14,Asker-Oslo S-Kongsvinger,R14,rail,VYG:ServiceJourney:1035_442947-R,True,actual,False,Heis i spor 1 og 2 er ute av bruk på grunn av vedlikehold.,Heis i spor 1 og 2 er ute av bruk på grunn av vedlikehold.,general,normal,2026-09-08T00:20:52.129880+02:00
NSR:StopPlace:23,Rena stasjon,2026-09-07T19:06:00+02:00,2026-09-07T19:08:00+02:00,2026-09-07T19:08:00+02:00,120.0,1,Hamar,SJN:Line:25,Rørosbanen,R60,rail,SJN:ServiceJourney:2390_37668-R,True,actual,False,,,,,2026-09-07T20:27:16.249662+02:00
NSR:StopPlace:59641,Fjellhamar stasjon,2026-09-07T17:48:00+02:00,2026-09-07T17:50:00+02:00,2026-09-07T17:50:00+02:00,120.0,1,Lillestrøm,VYG:Line:L1,Spikkestad-Oslo S-Lillestrøm,L1,rail,VYG:ServiceJourney:2150_443559-R,True,actual,False,,,,,2026-09-07T20:27:16.249662+02:00
NSR:StopPlace:58795,Kambo stasjon,2026-09-07T19:54:00+02:00,2026-09-07T19:56:00+02:00,2026-09-07T19:56:00+02:00,120.0,1,Vestby stasjon,RUT:Line:540,Moss - Son - Vestby stasjon,540,bus,RUT:ServiceJourney:d76151ddf3abcaefbd8f53bc2d5a5a04,True,actual,False,,,,,2026-09-07T20:27:16.249662+02:00
NSR:StopPlace:58854,Langhus stasjon,2026-09-07T17:39:00+02:00,2026-09-07T17:41:00+02:00,2026-09-07T17:41:00+02:00,120.0,1,Bøleråsen,RUT:Line:510,Bøleråsen - Ski - Ås - Drøbak,510,bus,RUT:ServiceJourney:5da261bb948bdf7dafc4ff0c58e3d206,True,actual,False,,,,,2026-09-07T20:27:16.249662+02:00
NSR:StopPlace:58855,Leirsund stasjon,2026-09-07T18:55:00+02:00,2026-09-07T18:57:00+02:00,2026-09-07T18:57:00+02:00,120.0,1,Drammen,VYG:Line:R13,Drammen-Oslo S-Dal,R13,rail,VYG:ServiceJourney:1656_443335-R,True,actual,False,,,,,2026-09-07T20:27:16.249662+02:00
NSR:StopPlace:58870,Holmestrand stasjon,2026-09-07T17:45:00+02:00,2026-09-07T17:47:00+02:00,2026-09-07T17:47:00+02:00,120.0,1,Horten-Tønsberg,VKT:Line:2,Tjøme-Tønsberg-Horten-Holmestr,2,bus,VKT:ServiceJourney:15855,True,actual,False,Forsinkelser Linje 2 og 411 | Kjører ikke Storgata i Horten,Pga. veiarbeid i Horten sentrum vil det kunne oppstå forsinkelser på busser i tidsrommet 3.-11. september.  | 7.-9. september: Bussene vil ikke kjøre Storgata. Benytt holdeplassene Peders gate eller Horten rb.st. Se vkt.no/avvik Det vil oppstå forsinkelser. ,incident | general,normal | normal,2026-09-07T20:27:16.249662+02:00
NSR:StopPlace:61336,Trollhättan Centralstation,2026-09-07T15:12:00+02:00,2026-09-07T15:14:00+02:00,2026-09-07T15:14:00+02:00,120.0,1,Göteborg C,VYG:Line:RE20,Oslo S-Halden-Göteborg (X-Border),RE20,rail,VYG:ServiceJourney:115-389_448305-R,True,actual,False,,,general,normal,2026-09-07T15:44:36.205822+02:00
NSR:StopPlace:61341,Drevvatn stasjon,2026-09-07T13:45:00+02:00,2026-09-07T13:47:00+02:00,2026-09-07T13:47:00+02:00,120.0,1,Bodø,SJN:Line:71,Nordlandsbanen,F7,rail,SJN:ServiceJourney:471_46158-R,True,actual,False,,,,,2026-09-07T15:44:36.205822+02:00
NSR:StopPlace:60131,Ed station,2026-09-07T15:28:00+02:00,2026-09-07T15:30:00+02:00,2026-09-07T15:30:00+02:00,120.0,1,Oslo S,VYG:Line:RE20,Oslo S-Halden-Göteborg (X-Border),RE20,rail,VYG:ServiceJourney:390-126_459684-R,True,actual,False,,,,,2026-09-07T15:44:36.205822+02:00
NSR:StopPlace:59243,Mo i Rana stasjon,2026-09-07T14:31:00+02:00,2026-09-07T14:33:00+02:00,2026-09-07T14:33:00+02:00,120.0,1,Bodø,SJN:Line:71,Nordlandsbanen,F7,rail,SJN:ServiceJourney:471_46158-R,True,actual,False,,,,,2026-09-07T15:44:36.205822+02:00
NSR:StopPlace:58951,Bjerka stasjon,2026-09-07T14:07:00+02:00,2026-09-07T14:09:00+02:00,2026-09-07T14:09:00+02:00,120.0,1,Bodø,SJN:Line:71,Nordlandsbanen,F7,rail,SJN:ServiceJourney:471_46158-R,True,actual,False,,,,,2026-09-07T15:44:36.205822+02:00
NSR:StopPlace:58932,Hommelvik stasjon,2026-09-07T14:46:00+02:00,2026-09-07T14:48:00+02:00,2026-09-07T14:48:00+02:00,120.0,1,A Marienborg via Innherredsveien,ATB:Line:2_70,Stjørdal/Hommelvik- Trondheim,70,bus,ATB:ServiceJourney:70_251215112546913_56,True,actual,False,,,,,2026-09-07T15:44:36.205822+02:00
NSR:StopPlace:58845,Eidsvoll verk stasjon,2026-09-07T14:05:00+02:00,2026-09-07T14:07:00+02:00,2026-09-07T14:07:00+02:00,120.0,1,Skien,VYG:Line:RE11,Eidsvoll-Oslo S-Skien,RE11,rail,VYG:ServiceJourney:821_444401-R,True,actual,False,,,,,2026-09-07T15:44:36.205822+02:00
NSR:StopPlace:61336,Trollhättan Centralstation,2026-09-07T06:44:00+02:00,2026-09-07T06:46:00+02:00,2026-09-07T06:46:00+02:00,120.0,1,Oslo S,VYG:Line:RE20,Oslo S-Halden-Göteborg (X-Border),RE20,rail,VYG:ServiceJourney:382-110_482787-R,True,actual,False,,,,,2026-09-07T08:42:24.659182+02:00
NSR:StopPlace:60944,Ski stasjon,2026-09-07T06:17:00+02:00,2026-09-07T06:19:00+02:00,2026-09-07T06:19:00+02:00,120.0,1,Drøbak - Frogn vgs.,RUT:Line:510,Bøleråsen - Ski - Ås - Drøbak,510,bus,RUT:ServiceJourney:a4ed8d7c9788c33f2fb96669b7820810,True,actual,False,,,,,2026-09-07T08:42:24.659182+02:00
NSR:StopPlace:59243,Mo i Rana stasjon,2026-09-07T07:20:00+02:00,2026-09-07T07:22:00+02:00,2026-09-07T07:22:00+02:00,120.0,1,Utskarpen,NOR:Line:12_8331,Mo i Rana - Utskarpen - Tonnes - Nesna,100,bus,NOR:ServiceJourney:8331_251012124858696_1002,True,actual,False,,,,,2026-09-07T08:42:24.659182+02:00
NSR:StopPlace:58931,Fannrem stasjon,2026-09-07T07:50:00+02:00,2026-09-07T07:52:00+02:00,2026-09-07T07:52:00+02:00,120.0,1,Orkanger skysstasjon,ATB:Line:2_5100,Meldal - Storås - Orkanger,5100,bus,ATB:ServiceJourney:5100_260106098640013_2,True,actual,False,,,,,2026-09-07T08:42:24.659182+02:00
NSR:StopPlace:58794,Fredrikstad stasjon,2026-09-07T07:09:00+02:00,2026-09-07T07:11:00+02:00,2026-09-07T07:11:00+02:00,120.0,1,Göteborg C,VYG:Line:RE20,Oslo S-Halden-Göteborg (X-Border),RE20,rail,VYG:ServiceJourney:103-383_464567-R,True,actual,False,,,,,2026-09-07T08:42:24.659182+02:00
NSR:StopPlace:58843,Blommenholm stasjon,2026-09-07T08:14:00+02:00,2026-09-07T08:16:00+02:00,2026-09-07T08:16:00+02:00,120.0,1,Asker,VYG:Line:L1,Spikkestad-Oslo S-Lillestrøm,L1,rail,VYG:ServiceJourney:2111_728233-R,True,actual,False,Færre vogner,Denne avgangen kjører dessverre med 4 vogner i stedet for 8 vogner. Dette skyldes at vi mangler et togsett.,general,normal,2026-09-07T08:42:24.659182+02:00
NSR:StopPlace:59650,Nyland stasjon,2026-09-07T23:36:00+02:00,2026-09-07T23:37:59+02:00,2026-09-07T23:37:59+02:00,119.0,1,Lillestrøm,VYG:Line:L1,Spikkestad-Oslo S-Lillestrøm,L1,rail,VYG:ServiceJourney:2174_443585-R,True,actual,False,,,,,2026-09-08T00:20:52.129880+02:00
NSR:StopPlace:59620,Grorud stasjon,2026-09-07T21:19:00+02:00,2026-09-07T21:20:59+02:00,2026-09-07T21:20:59+02:00,119.0,1,Åsbråten,RUT:Line:79,Grorud T - Åsbråten,79,bus,RUT:ServiceJourney:9f5fb60ede484197aa82d5e808ed627d,True,actual,False,,,,,2026-09-08T00:20:52.129880+02:00
NSR:StopPlace:58966,Porsgrunn stasjon,2026-09-07T21:17:00+02:00,2026-09-07T21:18:59+02:00,2026-09-07T21:18:59+02:00,119.0,1,Eidsvoll,VYG:Line:RE11,Eidsvoll-Oslo S-Skien,RE11,rail,VYG:ServiceJourney:836_444416-R,True,actual,False,Heis på Porsgrunn ute av drift,Heisen på Porsgrunn til spor 2 er ute av drift.,general,normal,2026-09-08T00:20:52.129880+02:00
NSR:StopPlace:58830,Brakerøya stasjon,2026-09-07T22:51:00+02:00,2026-09-07T22:52:59+02:00,2026-09-07T22:52:59+02:00,119.0,1,Drammen,VYG:Line:R13,Drammen-Oslo S-Dal,R13,rail,VYG:ServiceJourney:1668_443360-R,True,actual,False,,,,,2026-09-08T00:20:52.129880+02:00
NSR:StopPlace:58836,Mjøndalen stasjon,2026-09-07T23:06:00+02:00,2026-09-07T23:07:59+02:00,2026-09-07T23:07:59+02:00,119.0,1,Eidsvoll,VYG:Line:R12,Kongsberg-Oslo S-Eidsvoll,R12,rail,VYG:ServiceJourney:538_444348-R,True,actual,False,,,,,2026-09-08T00:20:52.129880+02:00
NSR:StopPlace:58870,Holmestrand stasjon,2026-09-07T22:31:00+02:00,2026-09-07T22:32:59+02:00,2026-09-07T22:32:59+02:00,119.0,1,Skien,VYG:Line:RE11,Eidsvoll-Oslo S-Skien,RE11,rail,VYG:ServiceJourney:835_444415-R,True,actual,False,,,,,2026-09-08T00:20:52.129880+02:00
NSR:StopPlace:62308,Alna stasjon,2026-09-07T22:17:00+02:00,2026-09-07T22:18:59+02:00,2026-09-07T22:18:59+02:00,119.0,1,Asker,VYG:Line:L1,Spikkestad-Oslo S-Lillestrøm,L1,rail,VYG:ServiceJourney:2169_443579-R,True,actual,False,,,,,2026-09-08T00:20:52.129880+02:00
NSR:StopPlace:59872,Oslo S,2026-09-07T17:09:00+02:00,2026-09-07T17:10:59+02:00,2026-09-07T17:10:59+02:00,119.0,1,Kongsberg,VYG:Line:R12,Kongsberg-Oslo S-Eidsvoll,R12,rail,VYG:ServiceJourney:525_444330-R,True,actual,False,,,,,2026-09-07T20:27:16.249662+02:00
NSR:StopPlace:59636,Holmlia stasjon,2026-09-07T16:45:00+02:00,2026-09-07T16:46:59+02:00,2026-09-07T16:46:59+02:00,119.0,1,Grorud T,RUT:Line:79,Grorud T - Åsbråten,79,bus,RUT:ServiceJourney:3a41ba344528c99c836e2670e592ec5d,True,actual,False,,,,,2026-09-07T20:27:16.249662+02:00
NSR:StopPlace:58857,Lørenskog stasjon,2026-09-07T17:37:00+02:00,2026-09-07T17:38:59+02:00,2026-09-07T17:38:59+02:00,119.0,1,Nesåsen,RUT:Line:120,Nesåsen - Stovner,120,bus,RUT:ServiceJourney:da78eaac9f12e430db97ca7d07b13366,True,actual,False,,,,,2026-09-07T20:27:16.249662+02:00
NSR:StopPlace:62094,Lindeberg stasjon,2026-09-07T20:18:00+02:00,2026-09-07T20:19:59+02:00,2026-09-07T20:19:59+02:00,119.0,1,Drammen,VYG:Line:R13,Drammen-Oslo S-Dal,R13,rail,VYG:ServiceJourney:1662_443348-R,True,actual,False,,,,,2026-09-07T20:27:16.249662+02:00
NSR:StopPlace:6,Greverud stasjon,2026-09-07T15:03:00+02:00,2026-09-07T15:04:59+02:00,2026-09-07T15:04:59+02:00,119.0,1,Lysaker,VYG:Line:L2,Stabekk-Oslo S-Ski,L2,rail,VYG:ServiceJourney:2844-SKI_444076-R,True,actual,False,,,,,2026-09-07T15:44:36.205822+02:00
NSR:StopPlace:58921,Vennesla stasjon,2026-09-07T14:29:00+02:00,2026-09-07T14:30:59+02:00,2026-09-07T14:30:59+02:00,119.0,1,Vennesla - Grovane st. via Moseidmoen,AKT:Line:30,Kvadraturen - Mosby - Vennesl,30,bus,AKT:ServiceJourney:79393_161_49_100800_103500_40001566,True,actual,False,,,,,2026-09-07T15:44:36.205822+02:00
NSR:StopPlace:61463,Nordstrand stasjon,2026-09-07T06:37:00+02:00,2026-09-07T06:38:59+02:00,2026-09-07T06:38:59+02:00,119.0,1,Ski,VYG:Line:L2,Stabekk-Oslo S-Ski,L2,rail,VYG:ServiceJourney:2805_444017-R,True,actual,False,,,,,2026-09-07T08:42:24.659182+02:00
NSR:StopPlace:60047,Melhus skysstasjon,2026-09-07T07:13:00+02:00,2026-09-07T07:14:59+02:00,2026-09-07T07:14:59+02:00,119.0,1,Støren barneskole via Støren st.,ATB:Line:2_340,Trondheim - Støren,340,bus,ATB:ServiceJourney:340_260106098639852_2,True,actual,False,,,,,2026-09-07T08:42:24.659182+02:00
NSR:StopPlace:60271,Varhaug stasjon,2026-09-07T07:38:00+02:00,2026-09-07T07:39:59+02:00,2026-09-07T07:39:59+02:00,119.0,1,Egersund,GOA:Line:59,Jærbanen,L5,rail,GOA:ServiceJourney:3012_63044-R,True,actual,False,,,,,2026-09-07T08:42:24.659182+02:00
NSR:StopPlace:58924,Bryne stasjon,2026-09-07T08:20:00+02:00,2026-09-07T08:21:59+02:00,2026-09-07T08:21:59+02:00,119.0,1,Sandnes via Kleppekrossen,KOL:Line:8_2019,52,52,bus,KOL:ServiceJourney:2019_260728141809926_1006,True,actual,False,,,,,2026-09-07T08:42:24.659182+02:00
NSR:StopPlace:58835,Lier stasjon,2026-09-07T06:11:00+02:00,2026-09-07T06:12:59+02:00,2026-09-07T06:12:59+02:00,119.0,1,Dal,VYG:Line:R13,Drammen-Oslo S-Dal,R13,rail,VYG:ServiceJourney:1607_443224-R,True,actual,False,,,,,2026-09-07T08:42:24.659182+02:00
NSR:StopPlace:58845,Eidsvoll verk stasjon,2026-09-07T07:05:00+02:00,2026-09-07T07:06:59+02:00,2026-09-07T07:06:59+02:00,119.0,1,Skien,VYG:Line:RE11,Eidsvoll-Oslo S-Skien,RE11,rail,VYG:ServiceJourney:807_481326-R,True,actual,False,,,,,2026-09-07T08:42:24.659182+02:00
NSR:StopPlace:58852,Høn stasjon,2026-09-07T08:06:00+02:00,2026-09-07T08:07:59+02:00,2026-09-07T08:07:59+02:00,119.0,1,Lillestrøm,VYG:Line:L1,Spikkestad-Oslo S-Lillestrøm,L1,rail,VYG:ServiceJourney:2216_445310-R,True,actual,False,Færre vogner,Denne avgangen kjører dessverre med 4 vogner i stedet for 8 vogner. Dette skyldes at vi mangler et togsett.,general,normal,2026-09-07T08:42:24.659182+02:00
NSR:StopPlace:58876,Tønsberg stasjon,2026-09-07T07:18:00+02:00,2026-09-07T07:19:59+02:00,2026-09-07T07:19:59+02:00,119.0,1,Oslo S,VYG:Line:RX11,Eidsvoll-Oslo S-Skien,RX11,rail,VYG:ServiceJourney:864-SKN_444430-R,True,actual,False,,,,,2026-09-07T08:42:24.659182+02:00
NSR:StopPlace:59646,Høvik stasjon,2026-09-08T01:26:00+02:00,2026-09-08T01:27:58+02:00,2026-09-08T01:27:58+02:00,118.0,1,Drammen,VYG:Line:L1,Spikkestad-Oslo S-Lillestrøm,L1,rail,VYG:ServiceJourney:2281_443719-R,True,actual,False,,,,,2026-09-08T03:39:50.209703+02:00
NSR:StopPlace:59649,Nydalen stasjon,2026-09-07T23:01:00+02:00,2026-09-07T23:02:58+02:00,2026-09-07T23:02:58+02:00,118.0,1,Lysaker,RUT:Line:23,Lysaker - Simensbråten,23,bus,RUT:ServiceJourney:c6a30b9693938ae4cae97490147ee081,True,actual,False,,,,,2026-09-08T00:20:52.129880+02:00
NSR:StopPlace:58866,Vevelstad stasjon,2026-09-07T22:36:00+02:00,2026-09-07T22:37:58+02:00,2026-09-07T22:37:58+02:00,118.0,1,Drøbak - Frogn vgs.,RUT:Line:510,Bøleråsen - Ski - Ås - Drøbak,510,bus,RUT:ServiceJourney:917847a96bf4225a52466e20c1161dae,True,actual,False,,,,,2026-09-08T00:20:52.129880+02:00
NSR:StopPlace:362,Jåttåvågen stasjon,2026-09-07T22:52:00+02:00,2026-09-07T22:53:58+02:00,2026-09-07T22:53:58+02:00,118.0,1,Stavanger,GOA:Line:59,Jærbanen,L5,rail,GOA:ServiceJourney:3071_63132-R,True,actual,False,,,,,2026-09-08T00:20:52.129880+02:00
NSR:StopPlace:59646,Høvik stasjon,2026-09-07T19:23:00+02:00,2026-09-07T19:24:58+02:00,2026-09-07T19:24:58+02:00,118.0,1,Lillestrøm,VYG:Line:L1,Spikkestad-Oslo S-Lillestrøm,L1,rail,VYG:ServiceJourney:2260_445359-R,True,actual,False,,,,,2026-09-07T20:27:16.249662+02:00
NSR:StopPlace:59648,Kjelsås stasjon,2026-09-07T17:57:00+02:00,2026-09-07T17:58:58+02:00,2026-09-07T17:58:58+02:00,118.0,1,Jaren,VYG:Line:R31,Skøyen-Jaren-Gjøvik,R31,rail,VYG:ServiceJourney:BUS-247_655584-R,True,actual,False,,,,,2026-09-07T20:27:16.249662+02:00
NSR:StopPlace:59687,Grong stasjon,2026-09-07T20:00:00+02:00,2026-09-07T20:01:58+02:00,2026-09-07T20:01:58+02:00,118.0,1,Steinkjer stasjon,ATB:Line:2_690,Grong - Steinkjer,690,bus,ATB:ServiceJourney:690_260106098643592_8,True,actual,False,,,,,2026-09-07T20:27:16.249662+02:00
NSR:StopPlace:58404,Nationaltheatret,2026-09-07T16:28:00+02:00,2026-09-07T16:29:58+02:00,2026-09-07T16:29:58+02:00,118.0,1,Lillehammer,VYG:Line:RE10,Drammen-Oslo S-Lillehammer,RE10,rail,VYG:ServiceJourney:325-SUD_444215-R,True,actual,False,,,,,2026-09-07T20:27:16.249662+02:00
NSR:StopPlace:58839,Steinberg stasjon,2026-09-07T19:54:00+02:00,2026-09-07T19:55:58+02:00,2026-09-07T19:55:58+02:00,118.0,1,Hokksund - Vikersund,BRA:Line:4_6101,Drammen-Vikersund/Hønefoss,101,bus,BRA:ServiceJourney:6101_260415100161253_1051,True,actual,False,,,,,2026-09-07T20:27:16.249662+02:00
NSR:StopPlace:58890,Nelaug stasjon,2026-09-07T19:00:00+02:00,2026-09-07T19:01:58+02:00,2026-09-07T19:01:58+02:00,118.0,1,Arendal,GOA:Line:53,Sørtoget lokal,R50,rail,GOA:ServiceJourney:2075_63028-R,True,actual,False,,,,,2026-09-07T20:27:16.249662+02:00
NSR:StopPlace:702,Sandnes sentrum stasjon,2026-09-07T18:43:00+02:00,2026-09-07T18:44:58+02:00,2026-09-07T18:44:58+02:00,118.0,1,Stavanger,GOA:Line:59,Jærbanen,L5,rail,GOA:ServiceJourney:3055_63106-R,True,actual,False,,,,,2026-09-07T20:27:16.249662+02:00
NSR:StopPlace:62380,Røra stasjon,2026-09-07T16:52:00+02:00,2026-09-07T16:53:58+02:00,2026-09-07T16:53:58+02:00,118.0,1,Lundamo,SJN:Line:26,Trønderbanen,R70,rail,SJN:ServiceJourney:444_56073-R,True,actual,False,,,,,2026-09-07T20:27:16.249662+02:00
NSR:StopPlace:59653,Haugenstua stasjon,2026-09-07T15:40:00+02:00,2026-09-07T15:41:58+02:00,2026-09-07T15:41:58+02:00,118.0,1,Asker,VYG:Line:L1,Spikkestad-Oslo S-Lillestrøm,L1,rail,VYG:ServiceJourney:2143_443551-R,True,actual,False,,,,,2026-09-07T15:44:36.205822+02:00
NSR:StopPlace:58864,Sørumsand stasjon,2026-09-07T14:39:00+02:00,2026-09-07T14:40:58+02:00,2026-09-07T14:40:58+02:00,118.0,1,Orredalen,RUT:Line:366,Orredalen - Sørumsand,366,bus,RUT:ServiceJourney:e5177b24413ff5761ea7d644d1d094b8,True,actual,False,,,,,2026-09-07T15:44:36.205822+02:00
NSR:StopPlace:58876,Tønsberg stasjon,2026-09-07T13:57:00+02:00,2026-09-07T13:58:58+02:00,2026-09-07T13:58:58+02:00,118.0,1,Tønsberg-Åsgårdstrand,VKT:Line:1,Horten-Tønsberg-Sandefjord,1,bus,VKT:ServiceJourney:15639,True,actual,False,,,,,2026-09-07T15:44:36.205822+02:00
NSR:StopPlace:58886,Arendal stasjon,2026-09-07T14:57:00+02:00,2026-09-07T14:58:58+02:00,2026-09-07T14:58:58+02:00,118.0,1,Solåsen,AKT:Line:111,Sykehuset-Arendal-Solåsen,111,bus,AKT:ServiceJourney:73598_181_33_106440_108540_40001010,True,actual,False,,,,,2026-09-07T15:44:36.205822+02:00
NSR:StopPlace:6,Greverud stasjon,2026-09-07T07:18:00+02:00,2026-09-07T07:19:58+02:00,2026-09-07T07:19:58+02:00,118.0,1,Stabekk,VYG:Line:L2,Stabekk-Oslo S-Ski,L2,rail,VYG:ServiceJourney:2714-SKI_443920-R,True,actual,False,,,,,2026-09-07T08:42:24.659182+02:00
NSR:StopPlace:6,Greverud stasjon,2026-09-07T07:48:00+02:00,2026-09-07T07:49:58+02:00,2026-09-07T07:49:58+02:00,118.0,1,Stabekk,VYG:Line:L2,Stabekk-Oslo S-Ski,L2,rail,VYG:ServiceJourney:2716-SKI_443922-R,True,actual,False,,,,,2026-09-07T08:42:24.659182+02:00
NSR:StopPlace:61169,Marienborg stasjon,2026-09-07T06:49:00+02:00,2026-09-07T06:50:58+02:00,2026-09-07T06:50:58+02:00,118.0,1,Havstad,ATB:Line:2_13,Østmarka - Strindheim - Lerkendal - Havstad,13,bus,ATB:ServiceJourney:13_251215112552515_8,True,actual,False,,,,,2026-09-07T08:42:24.659182+02:00
NSR:StopPlace:61872,Nærbø stasjon,2026-09-07T07:34:00+02:00,2026-09-07T07:35:58+02:00,2026-09-07T07:35:58+02:00,118.0,1,Egersund,GOA:Line:59,Jærbanen,L5,rail,GOA:ServiceJourney:3012_63044-R,True,actual,False,,,,,2026-09-07T08:42:24.659182+02:00
NSR:StopPlace:59646,Høvik stasjon,2026-09-07T06:40:00+02:00,2026-09-07T06:41:58+02:00,2026-09-07T06:41:58+02:00,118.0,1,Asker,RUT:Line:270,Asker - Sandvika (- Fornebu),270,bus,RUT:ServiceJourney:3564ed75dcc5ea13223c50140ca6e042,True,actual,False,,,,,2026-09-07T08:42:24.659182+02:00
NSR:StopPlace:59244,Egersund stasjon,2026-09-07T07:11:00+02:00,2026-09-07T07:12:58+02:00,2026-09-07T07:12:58+02:00,118.0,1,Hovland,KOL:Line:8_2002,83,83,bus,KOL:ServiceJourney:2002_250903083245245_1004,True,actual,False,,,,,2026-09-07T08:42:24.659182+02:00
NSR:StopPlace:58930,Larvik stasjon,2026-09-07T07:49:00+02:00,2026-09-07T07:50:58+02:00,2026-09-07T07:50:58+02:00,118.0,1,Nevlunghavn,VKT:Line:81,Nordbyen-Nevlunghavn,81,bus,VKT:ServiceJourney:18058,True,actual,False,,,,,2026-09-07T08:42:24.659182+02:00
NSR:StopPlace:58932,Hommelvik stasjon,2026-09-07T07:19:00+02:00,2026-09-07T07:20:58+02:00,2026-09-07T07:20:58+02:00,118.0,1,B Marienborg via Brattøra,ATB:Line:2_70,Stjørdal/Hommelvik- Trondheim,70,bus,ATB:ServiceJourney:70_251215112546972_20,True,actual,False,,,,,2026-09-07T08:42:24.659182+02:00
NSR:StopPlace:58790,Verdal stasjon,2026-09-07T05:29:00+02:00,2026-09-07T05:30:58+02:00,2026-09-07T05:30:58+02:00,118.0,1,Lerkendal,SJN:Line:26,Trønderbanen,R70,rail,SJN:ServiceJourney:1760_56046-R,True,actual,False,,,,,2026-09-07T08:42:24.659182+02:00
NSR:StopPlace:58835,Lier stasjon,2026-09-07T07:41:00+02:00,2026-09-07T07:42:58+02:00,2026-09-07T07:42:58+02:00,118.0,1,Dal,VYG:Line:R13,Drammen-Oslo S-Dal,R13,rail,VYG:ServiceJourney:1613_443239-R,True,actual,False,,,,,2026-09-07T08:42:24.659182+02:00
NSR:StopPlace:58836,Mjøndalen stasjon,2026-09-07T08:06:00+02:00,2026-09-07T08:07:58+02:00,2026-09-07T08:07:58+02:00,118.0,1,Drammen sykehus,BRA:Line:4_6001,Drammen sykehus Brakerøya - Sørensvingen / Mjøndalen,1,bus,BRA:ServiceJourney:6001_260415100161797_1042,True,actual,False,,,,,2026-09-07T08:42:24.659182+02:00
NSR:StopPlace:58845,Eidsvoll verk stasjon,2026-09-07T05:35:00+02:00,2026-09-07T05:36:58+02:00,2026-09-07T05:36:58+02:00,118.0,1,Kongsberg,VYG:Line:R12,Kongsberg-Oslo S-Eidsvoll,R12,rail,VYG:ServiceJourney:503_444294-R,True,actual,False,,,,,2026-09-07T08:42:24.659182+02:00
NSR:StopPlace:58845,Eidsvoll verk stasjon,2026-09-07T06:35:00+02:00,2026-09-07T06:36:58+02:00,2026-09-07T06:36:58+02:00,118.0,1,Kongsberg,VYG:Line:R12,Kongsberg-Oslo S-Eidsvoll,R12,rail,VYG:ServiceJourney:505_444298-R,True,actual,False,,,,,2026-09-07T08:42:24.659182+02:00
NSR:StopPlace:58856,Lysaker stasjon,2026-09-07T05:59:00+02:00,2026-09-07T06:00:58+02:00,2026-09-07T06:00:58+02:00,118.0,1,Lillestrøm,VYG:Line:L1,Spikkestad-Oslo S-Lillestrøm,L1,rail,VYG:ServiceJourney:2206_443594-R,True,actual,False,,,,,2026-09-07T08:42:24.659182+02:00
NSR:StopPlace:58866,Vevelstad stasjon,2026-09-07T06:33:00+02:00,2026-09-07T06:34:58+02:00,2026-09-07T06:34:58+02:00,118.0,1,Drøbak - Frogn vgs.,RUT:Line:510,Bøleråsen - Ski - Ås - Drøbak,510,bus,RUT:ServiceJourney:077f0faeea5ad1fcbd86f3252beba27b,True,actual,False,,,,,2026-09-07T08:42:24.659182+02:00
NSR:StopPlace:58808,Kongsvinger stasjon,2026-09-07T06:45:00+02:00,2026-09-07T06:46:58+02:00,2026-09-07T06:46:58+02:00,118.0,1,Finnskogen Montessoriskole,INN:Line:740,Kongsvinger - Svullrya,740,bus,INN:ServiceJourney:54841,True,actual,False,,,,,2026-09-07T08:42:24.659182+02:00
NSR:StopPlace:58808,Kongsvinger stasjon,2026-09-07T07:58:00+02:00,2026-09-07T07:59:58+02:00,2026-09-07T07:59:58+02:00,118.0,1,Skriverskogen,INN:Line:82,Skriverskogen - Marikollen,B82,bus,INN:ServiceJourney:54345,True,actual,False,,,,,2026-09-07T08:42:24.659182+02:00
NSR:StopPlace:58820,Harestua stasjon,2026-09-07T07:47:00+02:00,2026-09-07T07:48:58+02:00,2026-09-07T07:48:58+02:00,118.0,1,Oslo S,VYG:Line:RE30,Oslo S-Gjøvik,RE30,rail,VYG:ServiceJourney:BUS-1206_654992-R,True,actual,False,,,,,2026-09-07T08:42:24.659182+02:00
NSR:StopPlace:400,Ler stasjon,2026-09-07T05:30:00+02:00,2026-09-07T05:31:58+02:00,2026-09-07T05:31:58+02:00,118.0,1,Steinkjer,SJN:Line:26,Trønderbanen,R70,rail,SJN:ServiceJourney:423_56052-R,True,actual,False,,,,,2026-09-07T08:42:24.659182+02:00
NSR:StopPlace:62392,Slependen stasjon,2026-09-07T05:45:00+02:00,2026-09-07T05:46:58+02:00,2026-09-07T05:46:58+02:00,118.0,1,Lillestrøm,VYG:Line:L1,Spikkestad-Oslo S-Lillestrøm,L1,rail,VYG:ServiceJourney:2206_443594-R,True,actual,False,,,,,2026-09-07T08:42:24.659182+02:00
NSR:StopPlace:58846,Fetsund stasjon,2026-09-07T21:23:00+02:00,2026-09-07T21:24:57+02:00,2026-09-07T21:24:57+02:00,117.0,1,Kongsvinger,VYG:Line:R14,Asker-Oslo S-Kongsvinger,R14,rail,VYG:ServiceJourney:1033_442944-R,True,actual,False,,,,,2026-09-08T00:20:52.129880+02:00
NSR:StopPlace:58860,Oppegård stasjon,2026-09-07T23:01:00+02:00,2026-09-07T23:02:57+02:00,2026-09-07T23:02:57+02:00,117.0,1,Ski stasjon,RUT:Line:580,Kolbotn - Ski,580,bus,RUT:ServiceJourney:533211632a655a30e329ee67262fa858,True,actual,False,,,,,2026-09-08T00:20:52.129880+02:00
NSR:StopPlace:58872,Sandefjord stasjon,2026-09-08T00:17:00+02:00,2026-09-08T00:18:57+02:00,2026-09-08T00:18:57+02:00,117.0,1,Skien,VYG:Line:RE11,Eidsvoll-Oslo S-Skien,RE11,rail,VYG:ServiceJourney:837_444417-R,True,actual,False,,,,,2026-09-08T00:20:52.129880+02:00
NSR:StopPlace:441,Auli stasjon,2026-09-07T21:40:00+02:00,2026-09-07T21:41:57+02:00,2026-09-07T21:41:57+02:00,117.0,1,Kongsvinger,VYG:Line:R14,Asker-Oslo S-Kongsvinger,R14,rail,VYG:ServiceJourney:1033_442944-R,True,actual,False,,,,,2026-09-08T00:20:52.129880+02:00
NSR:StopPlace:628,Darbu stasjon,2026-09-07T22:12:00+02:00,2026-09-07T22:13:57+02:00,2026-09-07T22:13:57+02:00,117.0,1,Kongsberg,VYG:Line:R12,Kongsberg-Oslo S-Eidsvoll,R12,rail,VYG:ServiceJourney:533_444342-R,True,actual,False,,,,,2026-09-08T00:20:52.129880+02:00
NSR:StopPlace:58919,Sira stasjon,2026-09-07T18:05:00+02:00,2026-09-07T18:06:57+02:00,2026-09-07T18:06:57+02:00,117.0,1,Sira,AKT:Line:260,Flekkefjord - Sira - Moi,260,bus,AKT:ServiceJourney:57222_161_23_127800_129300_3935561,True,actual,False,,,,,2026-09-07T20:27:16.249662+02:00
NSR:StopPlace:58839,Steinberg stasjon,2026-09-07T20:24:00+02:00,2026-09-07T20:25:57+02:00,2026-09-07T20:25:57+02:00,117.0,1,Hokksund,BRA:Line:4_6101,Drammen-Vikersund/Hønefoss,101,bus,BRA:ServiceJourney:6101_260415100161221_1053,True,actual,False,,,,,2026-09-07T20:27:16.249662+02:00
NSR:StopPlace:58850,Hauerseter stasjon,2026-09-07T17:30:00+02:00,2026-09-07T17:31:57+02:00,2026-09-07T17:31:57+02:00,117.0,1,Drammen,VYG:Line:R13,Drammen-Oslo S-Dal,R13,rail,VYG:ServiceJourney:1652_443326-R,True,actual,False,,,,,2026-09-07T20:27:16.249662+02:00
NSR:StopPlace:61326,Gulskogen stasjon,2026-09-07T14:12:00+02:00,2026-09-07T14:13:57+02:00,2026-09-07T14:13:57+02:00,117.0,1,Eidsvoll,VYG:Line:R12,Kongsberg-Oslo S-Eidsvoll,R12,rail,VYG:ServiceJourney:520_444322-R,True,actual,False,,,,,2026-09-07T15:44:36.205822+02:00
NSR:StopPlace:59652,Tøyen stasjon,2026-09-07T14:39:00+02:00,2026-09-07T14:40:57+02:00,2026-09-07T14:40:57+02:00,117.0,1,Tonsenhagen,RUT:Line:60,Vippetangen-Tonsenhagen,60,bus,RUT:ServiceJourney:9cd360b4b3751c107f74291351241d7c,True,actual,False,,,,,2026-09-07T15:44:36.205822+02:00
NSR:StopPlace:58921,Vennesla stasjon,2026-09-07T14:53:00+02:00,2026-09-07T14:54:57+02:00,2026-09-07T14:54:57+02:00,117.0,1,Vennesla sentrum,AKT:Line:31,Kvadraturen - Sødal - Vennesla,31,bus,AKT:ServiceJourney:79650_151_36_104400_106140_3950344,True,actual,False,,,,,2026-09-07T15:44:36.205822+02:00
NSR:StopPlace:58870,Holmestrand stasjon,2026-09-07T14:15:00+02:00,2026-09-07T14:16:57+02:00,2026-09-07T14:16:57+02:00,117.0,1,Horten-Tønsberg,VKT:Line:2,Tjøme-Tønsberg-Horten-Holmestr,2,bus,VKT:ServiceJourney:15843,True,actual,False,Forsinkelser Linje 2 og 411 | Kjører ikke Storgata i Horten,Pga. veiarbeid i Horten sentrum vil det kunne oppstå forsinkelser på busser i tidsrommet 3.-11. september.  | 7.-9. september: Bussene vil ikke kjøre Storgata. Benytt holdeplassene Peders gate eller Horten rb.st. Se vkt.no/avvik Det vil oppstå forsinkelser. ,incident | general,normal | normal,2026-09-07T15:44:36.205822+02:00
NSR:StopPlace:58818,Gran stasjon,2026-09-07T14:37:00+02:00,2026-09-07T14:38:57+02:00,2026-09-07T14:38:57+02:00,117.0,1,Brandbu via Grymyr,INN:Line:456,Gran-Grymyr,456,bus,INN:ServiceJourney:84265,True,actual,False,,,,,2026-09-07T15:44:36.205822+02:00
NSR:StopPlace:62094,Lindeberg stasjon,2026-09-07T15:07:00+02:00,2026-09-07T15:08:57+02:00,2026-09-07T15:08:57+02:00,117.0,1,Dal,VYG:Line:R13,Drammen-Oslo S-Dal,R13,rail,VYG:ServiceJourney:1639_443296-R,True,actual,False,,,,,2026-09-07T15:44:36.205822+02:00
NSR:StopPlace:59646,Høvik stasjon,2026-09-07T08:12:00+02:00,2026-09-07T08:13:57+02:00,2026-09-07T08:13:57+02:00,117.0,1,Asker,VYG:Line:L1,Spikkestad-Oslo S-Lillestrøm,L1,rail,VYG:ServiceJourney:2111_728233-R,True,actual,False,Færre vogner,Denne avgangen kjører dessverre med 4 vogner i stedet for 8 vogner. Dette skyldes at vi mangler et togsett.,general,normal,2026-09-07T08:42:24.659182+02:00
NSR:StopPlace:59652,Tøyen stasjon,2026-09-07T08:39:00+02:00,2026-09-07T08:40:57+02:00,2026-09-07T08:40:57+02:00,117.0,1,Tonsenhagen,RUT:Line:60,Vippetangen-Tonsenhagen,60,bus,RUT:ServiceJourney:7c5a9e1d947fb3dbb2a0b43047fe8adf,True,actual,False,,,,,2026-09-07T08:42:24.659182+02:00
NSR:StopPlace:60047,Melhus skysstasjon,2026-09-07T07:33:00+02:00,2026-09-07T07:34:57+02:00,2026-09-07T07:34:57+02:00,117.0,1,Brekkåsen,ATB:Line:2_82,Hesttrøa-Brekkåsen,82,bus,ATB:ServiceJourney:82_251215112550846_19,True,actual,False,Linje 82 og 504,Avvikende kjøring for linje 82 og 504 pga Hølondvegen er stengt. ,general,normal,2026-09-07T08:42:24.659182+02:00
NSR:StopPlace:59244,Egersund stasjon,2026-09-07T06:42:00+02:00,2026-09-07T06:43:57+02:00,2026-09-07T06:43:57+02:00,117.0,1,Østebrød via Hovland,KOL:Line:8_2002,83,83,bus,KOL:ServiceJourney:2002_250903083245236_1003,True,actual,False,,,,,2026-09-07T08:42:24.659182+02:00
NSR:StopPlace:58797,Mysen stasjon,2026-09-07T06:16:00+02:00,2026-09-07T06:17:57+02:00,2026-09-07T06:17:57+02:00,117.0,1,Oslo bussterminal,OST:Line:1_9,Timekspress linje 9,9,bus,OST:ServiceJourney:9_260325121472413_9003,True,actual,False,,,,,2026-09-07T08:42:24.659182+02:00
NSR:StopPlace:58799,Rygge stasjon,2026-09-07T07:59:00+02:00,2026-09-07T08:00:57+02:00,2026-09-07T08:00:57+02:00,117.0,1,Oslo S,VYG:Line:RE20,Oslo S-Halden-Göteborg (X-Border),RE20,rail,VYG:ServiceJourney:108-HLD_508944-R,True,actual,False,,,,,2026-09-07T08:42:24.659182+02:00
NSR:StopPlace:58836,Mjøndalen stasjon,2026-09-07T07:42:00+02:00,2026-09-07T07:43:57+02:00,2026-09-07T07:43:57+02:00,117.0,1,Drammen,BRA:Line:4_6101,Drammen-Vikersund/Hønefoss,101,bus,BRA:ServiceJourney:6101_260415100161272_1012,True,actual,False,,,,,2026-09-07T08:42:24.659182+02:00
NSR:StopPlace:58878,Drangedal stasjon,2026-09-07T08:38:00+02:00,2026-09-07T08:39:57+02:00,2026-09-07T08:39:57+02:00,117.0,1,Drangedal,TEL:Line:8606,Drangedal-Oseid,606,bus,TEL:ServiceJourney:127138,True,actual,False,,,,,2026-09-07T08:42:24.659182+02:00
NSR:StopPlace:58879,Lunde stasjon,2026-09-07T07:40:00+02:00,2026-09-07T07:41:57+02:00,2026-09-07T07:41:57+02:00,117.0,1,Lunde 10-årige skole,TEL:Line:8115,Lunde-Tjønnås,115,bus,TEL:ServiceJourney:125735,True,actual,False,,,,,2026-09-07T08:42:24.659182+02:00
NSR:StopPlace:144,Skansen stasjon,2026-09-07T06:35:00+02:00,2026-09-07T06:36:57+02:00,2026-09-07T06:36:57+02:00,117.0,1,Støren,SJN:Line:26,Trønderbanen,R70,rail,SJN:ServiceJourney:420_56049-R,True,actual,False,,,,,2026-09-07T08:42:24.659182+02:00
NSR:StopPlace:59651,Skøyen stasjon,2026-09-07T02:11:00+02:00,2026-09-07T02:12:57+02:00,2026-09-07T02:12:57+02:00,117.0,1,Grorud T,RUT:Line:31,Snarøya - Fornebu - Tonsenhagen - Grorud,31,bus,RUT:ServiceJourney:4d0d391ef662b1d2f0e6d76391ce6c15,True,actual,False,,,,,2026-09-07T03:30:22.110925+02:00
NSR:StopPlace:58856,Lysaker stasjon,2026-09-08T01:21:00+02:00,2026-09-08T01:22:56+02:00,2026-09-08T01:22:56+02:00,116.0,1,Drammen,VYG:Line:L1,Spikkestad-Oslo S-Lillestrøm,L1,rail,VYG:ServiceJourney:2281_443719-R,True,actual,False,,,,,2026-09-08T03:39:50.209703+02:00
NSR:StopPlace:61251,Øksnavadporten stasjon,2026-09-07T23:21:00+02:00,2026-09-07T23:22:56+02:00,2026-09-07T23:22:56+02:00,116.0,1,Egersund,GOA:Line:59,Jærbanen,L5,rail,GOA:ServiceJourney:3076_63139-R,True,actual,False,,,,,2026-09-08T00:20:52.129880+02:00
NSR:StopPlace:58799,Rygge stasjon,2026-09-07T22:00:00+02:00,2026-09-07T22:01:56+02:00,2026-09-07T22:01:56+02:00,116.0,1,Oslo S,VYG:Line:RE20,Oslo S-Halden-Göteborg (X-Border),RE20,rail,VYG:ServiceJourney:136_443136-R,True,actual,False,,,,,2026-09-08T00:20:52.129880+02:00
NSR:StopPlace:58793,Askim stasjon,2026-09-07T23:10:00+02:00,2026-09-07T23:11:56+02:00,2026-09-07T23:11:56+02:00,116.0,1,Oslo S,VYG:Line:R22,Skøyen-Oslo S-Mysen-Rakkestad,R22,rail,VYG:ServiceJourney:1940_443496-R,True,actual,False,,,,,2026-09-08T00:20:52.129880+02:00
NSR:StopPlace:58851,Heggedal stasjon,2026-09-07T21:54:00+02:00,2026-09-07T21:55:56+02:00,2026-09-07T21:55:56+02:00,116.0,1,Lillestrøm,VYG:Line:L1,Spikkestad-Oslo S-Lillestrøm,L1,rail,VYG:ServiceJourney:2272_465117-R,True,actual,False,,,,,2026-09-08T00:20:52.129880+02:00
NSR:StopPlace:261,Ganddal stasjon,2026-09-07T23:18:00+02:00,2026-09-07T23:19:56+02:00,2026-09-07T23:19:56+02:00,116.0,1,Egersund,GOA:Line:59,Jærbanen,L5,rail,GOA:ServiceJourney:3076_63139-R,True,actual,False,,,,,2026-09-08T00:20:52.129880+02:00
NSR:StopPlace:62339,Lillestrøm stasjon,2026-09-07T21:15:00+02:00,2026-09-07T21:16:56+02:00,2026-09-07T21:16:56+02:00,116.0,1,Kongsvinger,VYG:Line:R14,Asker-Oslo S-Kongsvinger,R14,rail,VYG:ServiceJourney:1033_442944-R,True,actual,False,Heis i spor 1 og 2 er ute av bruk på grunn av vedlikehold.,Heis i spor 1 og 2 er ute av bruk på grunn av vedlikehold.,general,normal,2026-09-08T00:20:52.129880+02:00
NSR:StopPlace:58847,Frogner stasjon,2026-09-07T19:10:00+02:00,2026-09-07T19:11:56+02:00,2026-09-07T19:11:56+02:00,116.0,1,Sørumsand,RUT:Line:365,Sørumsand - Frogner - Skedsmokorset,365,bus,RUT:ServiceJourney:5300dfb3c5b6878e2412f80517e8d59b,True,actual,False,,,,,2026-09-07T20:27:16.249662+02:00
NSR:StopPlace:58857,Lørenskog stasjon,2026-09-07T18:37:00+02:00,2026-09-07T18:38:56+02:00,2026-09-07T18:38:56+02:00,116.0,1,Nesåsen,RUT:Line:120,Nesåsen - Stovner,120,bus,RUT:ServiceJourney:836149a6512dbfc4af4e580f6fbd4ce9,True,actual,False,,,,,2026-09-07T20:27:16.249662+02:00
NSR:StopPlace:58826,Reinsvoll stasjon,2026-09-07T19:50:00+02:00,2026-09-07T19:51:56+02:00,2026-09-07T19:51:56+02:00,116.0,1,Roa,VYG:Line:R31,Skøyen-Jaren-Gjøvik,R31,rail,VYG:ServiceJourney:232-GJOe_648914-R,True,actual,False,,,,,2026-09-07T20:27:16.249662+02:00
NSR:StopPlace:23,Rena stasjon,2026-09-07T12:59:00+02:00,2026-09-07T13:00:56+02:00,2026-09-07T13:00:56+02:00,116.0,1,Trondheim S,SJN:Line:25,Rørosbanen,R60,rail,SJN:ServiceJourney:2385_30335-R,True,actual,False,,,,,2026-09-07T15:44:36.205822+02:00
NSR:StopPlace:58835,Lier stasjon,2026-09-07T15:41:00+02:00,2026-09-07T15:42:56+02:00,2026-09-07T15:42:56+02:00,116.0,1,Dal,VYG:Line:R13,Drammen-Oslo S-Dal,R13,rail,VYG:ServiceJourney:1645_443309-R,True,actual,False,,,,,2026-09-07T15:44:36.205822+02:00
NSR:StopPlace:58801,Sarpsborg stasjon,2026-09-07T14:30:00+02:00,2026-09-07T14:31:56+02:00,2026-09-07T14:31:56+02:00,116.0,1,Halden,VYG:Line:RE20,Oslo S-Halden-Göteborg (X-Border),RE20,rail,VYG:ServiceJourney:117-LOD_673472-R,True,actual,False,,,,,2026-09-07T15:44:36.205822+02:00
NSR:StopPlace:61169,Marienborg stasjon,2026-09-07T07:43:00+02:00,2026-09-07T07:44:56+02:00,2026-09-07T07:44:56+02:00,116.0,1,Havstad,ATB:Line:2_13,Østmarka - Strindheim - Lerkendal - Havstad,13,bus,ATB:ServiceJourney:13_251215112552590_18,True,actual,False,,,,,2026-09-07T08:42:24.659182+02:00
NSR:StopPlace:59243,Mo i Rana stasjon,2026-09-07T08:12:00+02:00,2026-09-07T08:13:56+02:00,2026-09-07T08:13:56+02:00,116.0,1,Kvernkroken,NOR:Line:12_8372,Kvernkroken - Sykehuset Mo,2,bus,NOR:ServiceJourney:8372_251012124855354_2005,True,actual,False,,,,,2026-09-07T08:42:24.659182+02:00
NSR:StopPlace:58921,Vennesla stasjon,2026-09-07T07:32:00+02:00,2026-09-07T07:33:56+02:00,2026-09-07T07:33:56+02:00,116.0,1,Kristiansand,AKT:Line:31,Kvadraturen - Sødal - Vennesla,31,bus,AKT:ServiceJourney:79680_102_38_53640_55620_3950001,True,actual,False,,,,,2026-09-07T08:42:24.659182+02:00
NSR:StopPlace:58935,Levanger stasjon,2026-09-07T07:19:00+02:00,2026-09-07T07:20:56+02:00,2026-09-07T07:20:56+02:00,116.0,1,Høgberget,ATB:Line:2_604,Levanger - Høgberget,604,bus,ATB:ServiceJourney:604_260106098643301_6,True,actual,False,,,,,2026-09-07T08:42:24.659182+02:00
NSR:StopPlace:58855,Leirsund stasjon,2026-09-07T08:25:00+02:00,2026-09-07T08:26:56+02:00,2026-09-07T08:26:56+02:00,116.0,1,Drammen,VYG:Line:R13,Drammen-Oslo S-Dal,R13,rail,VYG:ServiceJourney:1614_481141-R,True,actual,False,,,,,2026-09-07T08:42:24.659182+02:00
NSR:StopPlace:58860,Oppegård stasjon,2026-09-07T07:31:00+02:00,2026-09-07T07:32:56+02:00,2026-09-07T07:32:56+02:00,116.0,1,Ski stasjon,RUT:Line:580,Kolbotn - Ski,580,bus,RUT:ServiceJourney:efb4958da179db868fc5cf3d5523ae22,True,actual,False,,,,,2026-09-07T08:42:24.659182+02:00
NSR:StopPlace:58879,Lunde stasjon,2026-09-07T07:40:00+02:00,2026-09-07T07:41:56+02:00,2026-09-07T07:41:56+02:00,116.0,1,Flåbygd,TEL:Line:8122,Lunde-Flåbygd,122,bus,TEL:ServiceJourney:127911,True,actual,False,,,,,2026-09-07T08:42:24.659182+02:00
NSR:StopPlace:58873,Skoppum stasjon,2026-09-07T07:41:00+02:00,2026-09-07T07:42:56+02:00,2026-09-07T07:42:56+02:00,116.0,1,Skien,VYG:Line:RE11,Eidsvoll-Oslo S-Skien,RE11,rail,VYG:ServiceJourney:805_444385-R,True,actual,False,,,,,2026-09-07T08:42:24.659182+02:00
NSR:StopPlace:58884,Skien stasjon,2026-09-07T08:03:00+02:00,2026-09-07T08:04:56+02:00,2026-09-07T08:04:56+02:00,116.0,1,Siljan,TEL:Line:8047,Siljan-Skien-Åfoss,P7,bus,TEL:ServiceJourney:127422,True,actual,False,,,,,2026-09-07T08:42:24.659182+02:00
NSR:StopPlace:58893,Grovane stasjon,2026-09-07T06:36:00+02:00,2026-09-07T06:37:56+02:00,2026-09-07T06:37:56+02:00,116.0,1,Kristiansand,AKT:Line:31,Kvadraturen - Sødal - Vennesla,31,bus,AKT:ServiceJourney:79677_72_50_47160_49680_3950001,True,actual,False,,,,,2026-09-07T08:42:24.659182+02:00
NSR:StopPlace:58818,Gran stasjon,2026-09-07T07:30:00+02:00,2026-09-07T07:31:56+02:00,2026-09-07T07:31:56+02:00,116.0,1,Jevnaker via Sogn,INN:Line:451,Gran-Lunner-Grindvoll-Jevnaker,451,bus,INN:ServiceJourney:71487,True,actual,False,,,,,2026-09-07T08:42:24.659182+02:00
NSR:StopPlace:6,Greverud stasjon,2026-09-07T23:48:00+02:00,2026-09-07T23:49:55+02:00,2026-09-07T23:49:55+02:00,115.0,1,Stabekk,VYG:Line:L2,Stabekk-Oslo S-Ski,L2,rail,VYG:ServiceJourney:2780-SKI_444006-R,True,actual,False,,,,,2026-09-08T00:20:52.129880+02:00
NSR:StopPlace:59646,Høvik stasjon,2026-09-07T22:26:00+02:00,2026-09-07T22:27:55+02:00,2026-09-07T22:27:55+02:00,115.0,1,Spikkestad,VYG:Line:L1,Spikkestad-Oslo S-Lillestrøm,L1,rail,VYG:ServiceJourney:2269_443700-R,True,actual,False,,,,,2026-09-08T00:20:52.129880+02:00
NSR:StopPlace:59649,Nydalen stasjon,2026-09-07T22:16:00+02:00,2026-09-07T22:17:55+02:00,2026-09-07T22:17:55+02:00,115.0,1,Simensbråten,RUT:Line:23,Lysaker - Simensbråten,23,bus,RUT:ServiceJourney:fabf043a29ffdcbc38890509ed754478,True,actual,False,,,,,2026-09-08T00:20:52.129880+02:00
NSR:StopPlace:60569,Sirevåg stasjon,2026-09-07T23:30:00+02:00,2026-09-07T23:31:55+02:00,2026-09-07T23:31:55+02:00,115.0,1,Stavanger,GOA:Line:59,Jærbanen,L5,rail,GOA:ServiceJourney:3077_63141-R,True,actual,False,,,,,2026-09-08T00:20:52.129880+02:00
NSR:StopPlace:58925,Gausel stasjon,2026-09-07T22:02:00+02:00,2026-09-07T22:03:55+02:00,2026-09-07T22:03:55+02:00,115.0,1,Stavanger,KOL:Line:8_1001,1,1,bus,KOL:ServiceJourney:1001_251211092973520_2116,True,actual,False,,,,,2026-09-08T00:20:52.129880+02:00
NSR:StopPlace:58841,Ål stasjon,2026-09-07T20:33:00+02:00,2026-09-07T20:34:55+02:00,2026-09-07T20:34:55+02:00,115.0,1,Oslo S,VYG:Line:F4,Oslo S-Bergen,F4,rail,VYG:ServiceJourney:66-BRG_513626-R,True,actual,False,,,,,2026-09-08T00:20:52.129880+02:00
NSR:StopPlace:58860,Oppegård stasjon,2026-09-07T22:31:00+02:00,2026-09-07T22:32:55+02:00,2026-09-07T22:32:55+02:00,115.0,1,Oslo S,VYG:Line:L2,Stabekk-Oslo S-Ski,L2,rail,VYG:ServiceJourney:2874_444118-R,True,actual,False,,,,,2026-09-08T00:20:52.129880+02:00
NSR:StopPlace:58800,Råde stasjon,2026-09-07T22:01:00+02:00,2026-09-07T22:02:55+02:00,2026-09-07T22:02:55+02:00,115.0,1,Halden,VYG:Line:RE20,Oslo S-Halden-Göteborg (X-Border),RE20,rail,VYG:ServiceJourney:133_443134-R,True,actual,False,,,,,2026-09-08T00:20:52.129880+02:00
NSR:StopPlace:58801,Sarpsborg stasjon,2026-09-07T22:32:00+02:00,2026-09-07T22:33:55+02:00,2026-09-07T22:33:55+02:00,115.0,1,Oslo S,VYG:Line:RE20,Oslo S-Halden-Göteborg (X-Border),RE20,rail,VYG:ServiceJourney:398-138_466030-R,True,actual,False,,,,,2026-09-08T00:20:52.129880+02:00
NSR:StopPlace:63079,Skeiane stasjon,2026-09-08T00:12:00+02:00,2026-09-08T00:13:55+02:00,2026-09-08T00:13:55+02:00,115.0,1,Stavanger,GOA:Line:59,Jærbanen,L5,rail,GOA:ServiceJourney:3077_63141-R,True,actual,False,,,,,2026-09-08T00:20:52.129880+02:00
NSR:StopPlace:61979,Hellvik stasjon,2026-09-07T23:25:00+02:00,2026-09-07T23:26:55+02:00,2026-09-07T23:26:55+02:00,115.0,1,Stavanger,GOA:Line:59,Jærbanen,L5,rail,GOA:ServiceJourney:3077_63141-R,True,actual,False,,,,,2026-09-08T00:20:52.129880+02:00
NSR:StopPlace:59872,Oslo S,2026-09-07T16:34:00+02:00,2026-09-07T16:35:55+02:00,2026-09-07T16:35:55+02:00,115.0,1,Lillehammer,VYG:Line:RE10,Drammen-Oslo S-Lillehammer,RE10,rail,VYG:ServiceJourney:325-SUD_444215-R,True,actual,False,,,,,2026-09-07T20:27:16.249662+02:00
NSR:StopPlace:58838,Røyken stasjon,2026-09-07T17:45:00+02:00,2026-09-07T17:46:55+02:00,2026-09-07T17:46:55+02:00,115.0,1,Asker,RUT:Line:260,Hyggen - Bråset -Slemmestad (- Asker),260,bus,RUT:ServiceJourney:5a1a863fefc227f5d2af1d2aa85f596c,True,actual,False,,,,,2026-09-07T20:27:16.249662+02:00
NSR:StopPlace:58840,Vestfossen stasjon,2026-09-07T19:05:00+02:00,2026-09-07T19:06:55+02:00,2026-09-07T19:06:55+02:00,115.0,1,Kongsberg,VYG:Line:R12,Kongsberg-Oslo S-Eidsvoll,R12,rail,VYG:ServiceJourney:527_444334-R,True,actual,False,,,,,2026-09-07T20:27:16.249662+02:00
NSR:StopPlace:58870,Holmestrand stasjon,2026-09-07T18:45:00+02:00,2026-09-07T18:46:55+02:00,2026-09-07T18:46:55+02:00,115.0,1,Horten-Tønsberg,VKT:Line:2,Tjøme-Tønsberg-Horten-Holmestr,2,bus,VKT:ServiceJourney:15857,True,actual,False,Forsinkelser Linje 2 og 411 | Kjører ikke Storgata i Horten,Pga. veiarbeid i Horten sentrum vil det kunne oppstå forsinkelser på busser i tidsrommet 3.-11. september.  | 7.-9. september: Bussene vil ikke kjøre Storgata. Benytt holdeplassene Peders gate eller Horten rb.st. Se vkt.no/avvik Det vil oppstå forsinkelser. ,incident | general,normal | normal,2026-09-07T20:27:16.249662+02:00
NSR:StopPlace:62094,Lindeberg stasjon,2026-09-07T19:18:00+02:00,2026-09-07T19:19:55+02:00,2026-09-07T19:19:55+02:00,115.0,1,Drammen,VYG:Line:R13,Drammen-Oslo S-Dal,R13,rail,VYG:ServiceJourney:1658_443339-R,True,actual,False,,,,,2026-09-07T20:27:16.249662+02:00
NSR:StopPlace:59244,Egersund stasjon,2026-09-07T15:21:00+02:00,2026-09-07T15:22:55+02:00,2026-09-07T15:22:55+02:00,115.0,1,Sannarnes via Hellvik,KOL:Line:8_2032,87,87,bus,KOL:ServiceJourney:2032_250903083238544_1002,True,actual,False,,,,,2026-09-07T15:44:36.205822+02:00
NSR:StopPlace:58931,Fannrem stasjon,2026-09-07T15:09:00+02:00,2026-09-07T15:10:55+02:00,2026-09-07T15:10:55+02:00,115.0,1,Orkanger,ATB:Line:2_460,Orkanger - Meldal - Berkåk,460,bus,ATB:ServiceJourney:460_260106098640569_19,True,actual,False,,,,,2026-09-07T15:44:36.205822+02:00
NSR:StopPlace:58858,Nittedal stasjon,2026-09-07T14:06:00+02:00,2026-09-07T14:07:55+02:00,2026-09-07T14:07:55+02:00,115.0,1,Oslo S,VYG:Line:RE30,Oslo S-Gjøvik,RE30,rail,VYG:ServiceJourney:BUS-1218_655042-R,True,actual,False,,,,,2026-09-07T15:44:36.205822+02:00
NSR:StopPlace:61169,Marienborg stasjon,2026-09-07T06:46:00+02:00,2026-09-07T06:47:55+02:00,2026-09-07T06:47:55+02:00,115.0,1,Grillstad via St. Olavs h- Ladeham.,ATB:Line:2_20,Grillstad - Strindheim - Ladehammeren- Sentrum - Romolslia,20,bus,ATB:ServiceJourney:20_251215112548244_7,True,actual,False,,,,,2026-09-07T08:42:24.659182+02:00
NSR:StopPlace:59648,Kjelsås stasjon,2026-09-07T06:44:00+02:00,2026-09-07T06:45:55+02:00,2026-09-07T06:45:55+02:00,115.0,1,Haugerud,RUT:Line:25,Majorstuen-Haugerud,25,bus,RUT:ServiceJourney:f043d8682f7501cffaa8803815729527,True,actual,False,,,,,2026-09-07T08:42:24.659182+02:00
NSR:StopPlace:60640,Heimdal stasjon,2026-09-07T06:21:00+02:00,2026-09-07T06:22:55+02:00,2026-09-07T06:22:55+02:00,115.0,1,Strindheim via Kolstad-sentrum,ATB:Line:2_2,Strindheim- Lade- sentrum- Sau,2,bus,ATB:ServiceJourney:2_251215112549915_11,True,actual,False,,,,,2026-09-07T08:42:24.659182+02:00
NSR:StopPlace:59261,Trondheim lufthavn,2026-09-07T07:02:00+02:00,2026-09-07T07:03:55+02:00,2026-09-07T07:03:55+02:00,115.0,1,Marienborg via Hommelvik-E6,ATB:Line:2_70,Stjørdal/Hommelvik- Trondheim,70,bus,ATB:ServiceJourney:70_251215112546918_16,True,actual,False,Endret tilbud ved Vikelvvegen,Sydgående avkjøringsrampe fra E6 ved Reppe er stengt frem til 21. september. Vikelvvegen og Ranheim fabrikker til sentrum blir ikke betjent av linje 311 i perioden. Linje 70 avgang 06:58 via E6 blir også berørt.,general,normal,2026-09-07T08:42:24.659182+02:00
NSR:StopPlace:59638,Myrvoll stasjon,2026-09-07T07:36:00+02:00,2026-09-07T07:37:55+02:00,2026-09-07T07:37:55+02:00,115.0,1,Lysaker,VYG:Line:L2,Stabekk-Oslo S-Ski,L2,rail,VYG:ServiceJourney:2814-SKI_444026-R,True,actual,False,,,,,2026-09-07T08:42:24.659182+02:00
NSR:StopPlace:58963,Jessheim stasjon,2026-09-07T07:23:00+02:00,2026-09-07T07:24:55+02:00,2026-09-07T07:24:55+02:00,115.0,1,Vilberg,RUT:Line:3771,Jessheim - Dal - Råholt - Eidsvoll,3771,bus,RUT:ServiceJourney:513e6fb8e28b92c0479a777a14810c4b,True,actual,False,,,,,2026-09-07T08:42:24.659182+02:00
NSR:StopPlace:58853,Kolbotn stasjon,2026-09-07T06:34:00+02:00,2026-09-07T06:35:55+02:00,2026-09-07T06:35:55+02:00,115.0,1,Bjørvika,RUT:Line:83,Jernbanetorget - Tårnåsen,83,bus,RUT:ServiceJourney:c931522435efb0734c27e7d9b3d88e7d,True,actual,False,Linje 80E og 83 får Hausmanns bru som ny endeholdeplass fra 29. juni,"Bussene stopper ikke på Jernbanetorget etter 29. juni, men starter og stopper på Hausmanns bru i Nylandsveien.",incident,normal,2026-09-07T08:42:24.659182+02:00
NSR:StopPlace:58808,Kongsvinger stasjon,2026-09-07T07:58:00+02:00,2026-09-07T07:59:55+02:00,2026-09-07T07:59:55+02:00,115.0,1,Rasta - Vennersberg,INN:Line:81,Bogeråsen - Rasta,B81,bus,INN:ServiceJourney:54302,True,actual,False,,,,,2026-09-07T08:42:24.659182+02:00
NSR:StopPlace:58819,Grua stasjon,2026-09-07T06:11:00+02:00,2026-09-07T06:12:55+02:00,2026-09-07T06:12:55+02:00,115.0,1,Brandbu via Mohagen,INN:Line:112,Brandbu-Gran-Harestua,112,bus,INN:ServiceJourney:70816,True,actual,False,,,,,2026-09-07T08:42:24.659182+02:00
NSR:StopPlace:461,Lundamo stasjon,2026-09-07T06:21:00+02:00,2026-09-07T06:22:55+02:00,2026-09-07T06:22:55+02:00,115.0,1,Steinkjer,SJN:Line:26,Trønderbanen,R70,rail,SJN:ServiceJourney:425_56054-R,True,actual,False,,,,,2026-09-07T08:42:24.659182+02:00
NSR:StopPlace:62392,Slependen stasjon,2026-09-07T08:19:00+02:00,2026-09-07T08:20:55+02:00,2026-09-07T08:20:55+02:00,115.0,1,Asker,VYG:Line:L1,Spikkestad-Oslo S-Lillestrøm,L1,rail,VYG:ServiceJourney:2111_728233-R,True,actual,False,Færre vogner,Denne avgangen kjører dessverre med 4 vogner i stedet for 8 vogner. Dette skyldes at vi mangler et togsett.,general,normal,2026-09-07T08:42:24.659182+02:00
NSR:StopPlace:61315,Nerdrum stasjon,2026-09-07T22:39:00+02:00,2026-09-07T22:40:54+02:00,2026-09-07T22:40:54+02:00,114.0,1,Asker,VYG:Line:R14,Asker-Oslo S-Kongsvinger,R14,rail,VYG:ServiceJourney:1036_442948-R,True,actual,False,,,,,2026-09-08T00:20:52.129880+02:00
NSR:StopPlace:60047,Melhus skysstasjon,2026-09-07T21:56:00+02:00,2026-09-07T21:57:54+02:00,2026-09-07T21:57:54+02:00,114.0,1,Dora via E6 - City Syd E6,ATB:Line:2_71,MelhusSkyss-Trondheim,71,bus,ATB:ServiceJourney:71_251215112545750_110,True,actual,False,,,,,2026-09-08T00:20:52.129880+02:00
NSR:StopPlace:60047,Melhus skysstasjon,2026-09-07T22:48:00+02:00,2026-09-07T22:49:54+02:00,2026-09-07T22:49:54+02:00,114.0,1,Støren Rådhus,ATB:Line:2_340,Trondheim - Støren,340,bus,ATB:ServiceJourney:340_260106098640182_30,True,actual,False,,,,,2026-09-08T00:20:52.129880+02:00
NSR:StopPlace:59638,Myrvoll stasjon,2026-09-07T23:05:00+02:00,2026-09-07T23:06:54+02:00,2026-09-07T23:06:54+02:00,114.0,1,Filipstad,RUT:Line:81,Fornebu - Myrvoll stasjon,81,bus,RUT:ServiceJourney:57c99df8c85575f65b242d955ed41a34,True,actual,False,,,,,2026-09-08T00:20:52.129880+02:00
NSR:StopPlace:58852,Høn stasjon,2026-09-08T00:13:00+02:00,2026-09-08T00:14:54+02:00,2026-09-08T00:14:54+02:00,114.0,1,Spikkestad,VYG:Line:L1,Spikkestad-Oslo S-Lillestrøm,L1,rail,VYG:ServiceJourney:2275_443710-R,True,actual,False,,,,,2026-09-08T00:20:52.129880+02:00
NSR:StopPlace:58873,Skoppum stasjon,2026-09-07T23:40:00+02:00,2026-09-07T23:41:54+02:00,2026-09-07T23:41:54+02:00,114.0,1,Skien,VYG:Line:RE11,Eidsvoll-Oslo S-Skien,RE11,rail,VYG:ServiceJourney:837_444417-R,True,actual,False,,,,,2026-09-08T00:20:52.129880+02:00
NSR:StopPlace:261,Ganddal stasjon,2026-09-08T00:09:00+02:00,2026-09-08T00:10:54+02:00,2026-09-08T00:10:54+02:00,114.0,1,Stavanger,GOA:Line:59,Jærbanen,L5,rail,GOA:ServiceJourney:3077_63141-R,True,actual,False,,,,,2026-09-08T00:20:52.129880+02:00
NSR:StopPlace:62308,Alna stasjon,2026-09-08T00:03:00+02:00,2026-09-08T00:04:54+02:00,2026-09-08T00:04:54+02:00,114.0,1,Lillestrøm,VYG:Line:L1,Spikkestad-Oslo S-Lillestrøm,L1,rail,VYG:ServiceJourney:2176_443587-R,True,actual,False,,,,,2026-09-08T00:20:52.129880+02:00
NSR:StopPlace:61463,Nordstrand stasjon,2026-09-07T19:07:00+02:00,2026-09-07T19:08:54+02:00,2026-09-07T19:08:54+02:00,114.0,1,Ski,VYG:Line:L2,Stabekk-Oslo S-Ski,L2,rail,VYG:ServiceJourney:2855-BES_488389-R,True,actual,False,,,,,2026-09-07T20:27:16.249662+02:00
NSR:StopPlace:59646,Høvik stasjon,2026-09-07T18:12:00+02:00,2026-09-07T18:13:54+02:00,2026-09-07T18:13:54+02:00,114.0,1,Asker,VYG:Line:L1,Spikkestad-Oslo S-Lillestrøm,L1,rail,VYG:ServiceJourney:2151_443560-R,True,actual,False,,,,,2026-09-07T20:27:16.249662+02:00
NSR:StopPlace:59647,Dal stasjon,2026-09-07T17:41:00+02:00,2026-09-07T17:42:54+02:00,2026-09-07T17:42:54+02:00,114.0,1,Jessheim,RUT:Line:430,Eidsvoll - Jessheim,430,bus,RUT:ServiceJourney:0549b0740f0676f33a28a74600c48fca,True,actual,False,,,,,2026-09-07T20:27:16.249662+02:00
NSR:StopPlace:59652,Tøyen stasjon,2026-09-07T18:09:00+02:00,2026-09-07T18:10:54+02:00,2026-09-07T18:10:54+02:00,114.0,1,Tonsenhagen,RUT:Line:60,Vippetangen-Tonsenhagen,60,bus,RUT:ServiceJourney:9d1616514ca6b4a2536c44e2c14152a3,True,actual,False,,,,,2026-09-07T20:27:16.249662+02:00
NSR:StopPlace:58952,Bodø stasjon,2026-09-07T17:48:00+02:00,2026-09-07T17:49:54+02:00,2026-09-07T17:49:54+02:00,114.0,1,,NOR:Line:12_8400,Kjerringøy - Festvåg - Skaug - Bodø,400,bus,NOR:ServiceJourney:8400_251012124900653_1012:690104047,True,actual,False,,,,,2026-09-07T20:27:16.249662+02:00
NSR:StopPlace:58936,Skatval stasjon,2026-09-07T19:52:00+02:00,2026-09-07T19:53:54+02:00,2026-09-07T19:53:54+02:00,114.0,1,Lundamo,SJN:Line:26,Trønderbanen,R70,rail,SJN:ServiceJourney:448_56077-R,True,actual,False,,,,,2026-09-07T20:27:16.249662+02:00
NSR:StopPlace:58857,Lørenskog stasjon,2026-09-07T17:44:00+02:00,2026-09-07T17:45:54+02:00,2026-09-07T17:45:54+02:00,114.0,1,Lillestrøm,VYG:Line:L1,Spikkestad-Oslo S-Lillestrøm,L1,rail,VYG:ServiceJourney:2150_443559-R,True,actual,False,,,,,2026-09-07T20:27:16.249662+02:00
NSR:StopPlace:313,Høybråten stasjon,2026-09-07T17:42:00+02:00,2026-09-07T17:43:54+02:00,2026-09-07T17:43:54+02:00,114.0,1,Lillestrøm,VYG:Line:L1,Spikkestad-Oslo S-Lillestrøm,L1,rail,VYG:ServiceJourney:2150_443559-R,True,actual,False,,,,,2026-09-07T20:27:16.249662+02:00
NSR:StopPlace:416,Vikhammer stasjon,2026-09-07T19:34:00+02:00,2026-09-07T19:35:54+02:00,2026-09-07T19:35:54+02:00,114.0,1,Steinkjer,SJN:Line:26,Trønderbanen,R70,rail,SJN:ServiceJourney:449_56078-R,True,actual,False,,,,,2026-09-07T20:27:16.249662+02:00
NSR:StopPlace:6,Greverud stasjon,2026-09-07T15:33:00+02:00,2026-09-07T15:34:54+02:00,2026-09-07T15:34:54+02:00,114.0,1,Lysaker,VYG:Line:L2,Stabekk-Oslo S-Ski,L2,rail,VYG:ServiceJourney:2846-SKI_444078-R,True,actual,False,,,,,2026-09-07T15:44:36.205822+02:00
NSR:StopPlace:58935,Levanger stasjon,2026-09-07T14:50:00+02:00,2026-09-07T14:51:54+02:00,2026-09-07T14:51:54+02:00,114.0,1,Høgberget via Levanger stasjon,ATB:Line:2_604,Levanger - Høgberget,604,bus,ATB:ServiceJourney:604_260106098643104_34,True,actual,False,,,,,2026-09-07T15:44:36.205822+02:00
NSR:StopPlace:58860,Oppegård stasjon,2026-09-07T15:16:00+02:00,2026-09-07T15:17:54+02:00,2026-09-07T15:17:54+02:00,114.0,1,Stabekk,VYG:Line:L2,Stabekk-Oslo S-Ski,L2,rail,VYG:ServiceJourney:2746-SKI_443956-R,True,actual,False,,,,,2026-09-07T15:44:36.205822+02:00
NSR:StopPlace:58877,Bø stasjon,2026-09-07T15:07:00+02:00,2026-09-07T15:08:54+02:00,2026-09-07T15:08:54+02:00,114.0,1,Tjønntveit,TEL:Line:8321,Folkestad-Bø,321,bus,TEL:ServiceJourney:125716,True,actual,False,,,,,2026-09-07T15:44:36.205822+02:00
NSR:StopPlace:58804,Alvdal stasjon,2026-09-07T14:32:00+02:00,2026-09-07T14:33:54+02:00,2026-09-07T14:33:54+02:00,114.0,1,Strømmen - Alvdal,INN:Line:875,Alvdal - Strømmen - Alvdal,875,bus,INN:ServiceJourney:55921,True,actual,False,,,,,2026-09-07T15:44:36.205822+02:00
NSR:StopPlace:60640,Heimdal stasjon,2026-09-07T06:57:00+02:00,2026-09-07T06:58:54+02:00,2026-09-07T06:58:54+02:00,114.0,1,Torgård,ATB:Line:2_46,Torgård- Lundåsen,46,bus,ATB:ServiceJourney:46_251215112544166_7,True,actual,False,,,,,2026-09-07T08:42:24.659182+02:00
NSR:StopPlace:59650,Nyland stasjon,2026-09-07T07:39:00+02:00,2026-09-07T07:40:54+02:00,2026-09-07T07:40:54+02:00,114.0,1,Lørenskog sentrum,RUT:Line:67,Økern-Lørenskog sentrum,67,bus,RUT:ServiceJourney:eb98f8e5cafa732882a6f0351f42f921,True,actual,False,,,,,2026-09-07T08:42:24.659182+02:00
NSR:StopPlace:59687,Grong stasjon,2026-09-07T08:30:00+02:00,2026-09-07T08:31:54+02:00,2026-09-07T08:31:54+02:00,114.0,1,Namsos skysstasjon,ATB:Line:2_695,Namsos - Grong - (Harran),695,bus,ATB:ServiceJourney:695_260106098640297_3,True,actual,False,,,,,2026-09-07T08:42:24.659182+02:00
NSR:StopPlace:59174,Løkken stasjon,2026-09-07T07:21:00+02:00,2026-09-07T07:22:54+02:00,2026-09-07T07:22:54+02:00,114.0,1,Meldal vgs,ATB:Line:2_460,Orkanger - Meldal - Berkåk,460,bus,ATB:ServiceJourney:460_260106098640559_16,True,actual,False,,,,,2026-09-07T08:42:24.659182+02:00
NSR:StopPlace:60077,Støren stasjon,2026-09-07T07:50:00+02:00,2026-09-07T07:51:54+02:00,2026-09-07T07:51:54+02:00,114.0,1,Støren barneskole,ATB:Line:2_340,Trondheim - Støren,340,bus,ATB:ServiceJourney:340_260106098639852_2,True,actual,False,,,,,2026-09-07T08:42:24.659182+02:00
NSR:StopPlace:59244,Egersund stasjon,2026-09-07T07:21:00+02:00,2026-09-07T07:22:54+02:00,2026-09-07T07:22:54+02:00,114.0,1,Bjerkreim skule via Tengesdal,KOL:Line:8_2029,93,93,bus,KOL:ServiceJourney:2029_250903083241462_1001,True,actual,False,,,,,2026-09-07T08:42:24.659182+02:00
NSR:StopPlace:58930,Larvik stasjon,2026-09-07T06:35:00+02:00,2026-09-07T06:36:54+02:00,2026-09-07T06:36:54+02:00,114.0,1,Larvik-Nordbyen,VKT:Line:81,Nordbyen-Nevlunghavn,81,bus,VKT:ServiceJourney:18118,True,actual,False,,,,,2026-09-07T08:42:24.659182+02:00
NSR:StopPlace:58835,Lier stasjon,2026-09-07T06:41:00+02:00,2026-09-07T06:42:54+02:00,2026-09-07T06:42:54+02:00,114.0,1,Dal,VYG:Line:R13,Drammen-Oslo S-Dal,R13,rail,VYG:ServiceJourney:1609_443226-R,True,actual,False,,,,,2026-09-07T08:42:24.659182+02:00
NSR:StopPlace:58854,Langhus stasjon,2026-09-07T07:27:00+02:00,2026-09-07T07:28:54+02:00,2026-09-07T07:28:54+02:00,114.0,1,Lysaker,VYG:Line:L2,Stabekk-Oslo S-Ski,L2,rail,VYG:ServiceJourney:2814-SKI_444026-R,True,actual,False,,,,,2026-09-07T08:42:24.659182+02:00
NSR:StopPlace:58866,Vevelstad stasjon,2026-09-07T07:29:00+02:00,2026-09-07T07:30:54+02:00,2026-09-07T07:30:54+02:00,114.0,1,Lysaker,VYG:Line:L2,Stabekk-Oslo S-Ski,L2,rail,VYG:ServiceJourney:2814-SKI_444026-R,True,actual,False,,,,,2026-09-07T08:42:24.659182+02:00
NSR:StopPlace:58861,Solbråtan stasjon,2026-09-07T06:30:00+02:00,2026-09-07T06:31:54+02:00,2026-09-07T06:31:54+02:00,114.0,1,Bjørvika,RUT:Line:83,Jernbanetorget - Tårnåsen,83,bus,RUT:ServiceJourney:c931522435efb0734c27e7d9b3d88e7d,True,actual,False,Linje 80E og 83 får Hausmanns bru som ny endeholdeplass fra 29. juni,"Bussene stopper ikke på Jernbanetorget etter 29. juni, men starter og stopper på Hausmanns bru i Nylandsveien.",incident,normal,2026-09-07T08:42:24.659182+02:00
NSR:StopPlace:58861,Solbråtan stasjon,2026-09-07T07:11:00+02:00,2026-09-07T07:12:54+02:00,2026-09-07T07:12:54+02:00,114.0,1,Tårnåsen,RUT:Line:83,Jernbanetorget - Tårnåsen,83,bus,RUT:ServiceJourney:453a7f7813a38c1119fdeb541300df67,True,actual,False,Linje 80E og 83 får Hausmanns bru som ny endeholdeplass fra 29. juni,"Bussene stopper ikke på Jernbanetorget etter 29. juni, men starter og stopper på Hausmanns bru i Nylandsveien.",incident,normal,2026-09-07T08:42:24.659182+02:00
NSR:StopPlace:58826,Reinsvoll stasjon,2026-09-07T07:51:00+02:00,2026-09-07T07:52:54+02:00,2026-09-07T07:52:54+02:00,114.0,1,Gjøvik,VYG:Line:RE30,Oslo S-Gjøvik,RE30,rail,VYG:ServiceJourney:1203-ROA_589108-R,True,actual,False,Heis på Reinsvoll ute av drift,Heisen på Reinsvoll til spor 1 og 2 er ute av drift.,general,normal,2026-09-07T08:42:24.659182+02:00
NSR:StopPlace:59641,Fjellhamar stasjon,2026-09-07T22:48:00+02:00,2026-09-07T22:49:53+02:00,2026-09-07T22:49:53+02:00,113.0,1,Lillestrøm,VYG:Line:L1,Spikkestad-Oslo S-Lillestrøm,L1,rail,VYG:ServiceJourney:2170_443581-R,True,actual,False,,,,,2026-09-08T00:20:52.129880+02:00
NSR:StopPlace:59952,Drammen stasjon,2026-09-07T21:14:00+02:00,2026-09-07T21:15:53+02:00,2026-09-07T21:15:53+02:00,113.0,1,Skien,VYG:Line:RE11,Eidsvoll-Oslo S-Skien,RE11,rail,VYG:ServiceJourney:833_444413-R,True,actual,False,Færre vogner,Denne avgangen kjører dessverre med 5 vogner i stedet for 10 vogner. Dette skyldes at vi mangler et togsett.,general,normal,2026-09-08T00:20:52.129880+02:00
NSR:StopPlace:60016,Kråkstad stasjon,2026-09-07T23:18:00+02:00,2026-09-07T23:19:53+02:00,2026-09-07T23:19:53+02:00,113.0,1,Rakkestad,VYG:Line:R22,Skøyen-Oslo S-Mysen-Rakkestad,R22,rail,VYG:ServiceJourney:1937_443491-R,True,actual,False,,,,,2026-09-08T00:20:52.129880+02:00
NSR:StopPlace:61291,Stavanger stasjon,2026-09-07T17:39:00+02:00,2026-09-07T17:40:53+02:00,2026-09-07T17:40:53+02:00,113.0,1,Skeiane,GOA:Line:59,Jærbanen,L5,rail,GOA:ServiceJourney:3152_63197-R,True,actual,False,,,,,2026-09-07T20:27:16.249662+02:00
NSR:StopPlace:59977,Trondheim S,2026-09-07T16:30:00+02:00,2026-09-07T16:31:53+02:00,2026-09-07T16:31:53+02:00,113.0,1,Tynset,INN:Line:135,Alvdal - Tynset - Trondheim,135,bus,INN:ServiceJourney:83409,True,actual,False,,,,,2026-09-07T20:27:16.249662+02:00
NSR:StopPlace:58793,Askim stasjon,2026-09-07T17:35:00+02:00,2026-09-07T17:36:53+02:00,2026-09-07T17:36:53+02:00,113.0,1,Ramstadkrysset,OST:Line:1_9,Timekspress linje 9,9,bus,OST:ServiceJourney:9_260325121472423_9012,True,actual,False,,,,,2026-09-07T20:27:16.249662+02:00
NSR:StopPlace:62309,Ljan stasjon,2026-09-07T18:05:00+02:00,2026-09-07T18:06:53+02:00,2026-09-07T18:06:53+02:00,113.0,1,Stabekk,VYG:Line:L2,Stabekk-Oslo S-Ski,L2,rail,VYG:ServiceJourney:2756-SKI_443967-R,True,actual,False,,,,,2026-09-07T20:27:16.249662+02:00
NSR:StopPlace:59649,Nydalen stasjon,2026-09-07T14:26:00+02:00,2026-09-07T14:27:53+02:00,2026-09-07T14:27:53+02:00,113.0,1,Simensbråten,RUT:Line:23,Lysaker - Simensbråten,23,bus,RUT:ServiceJourney:4323c7cf2fcc853d6edb9df8b91dbe23,True,actual,False,,,,,2026-09-07T15:44:36.205822+02:00
NSR:StopPlace:59639,Sonsveien stasjon,2026-09-07T15:12:00+02:00,2026-09-07T15:13:53+02:00,2026-09-07T15:13:53+02:00,113.0,1,Vestby stasjon,RUT:Line:540,Moss - Son - Vestby stasjon,540,bus,RUT:ServiceJourney:71b1a39dadc3fbe002c5cd11ab6ea59e,True,actual,False,,,,,2026-09-07T15:44:36.205822+02:00
NSR:StopPlace:58930,Larvik stasjon,2026-09-07T14:50:00+02:00,2026-09-07T14:51:53+02:00,2026-09-07T14:51:53+02:00,113.0,1,Stavern-Brunla,VKT:Line:1116,Thor Heyerdahl vgs-Stavern,1116,bus,VKT:ServiceJourney:24499,True,actual,False,,,,,2026-09-07T15:44:36.205822+02:00
NSR:StopPlace:58869,Ås stasjon,2026-09-07T15:15:00+02:00,2026-09-07T15:16:53+02:00,2026-09-07T15:16:53+02:00,113.0,1,Stabekk,VYG:Line:R21,Stabekk-Oslo S-Moss,R21,rail,VYG:ServiceJourney:1144-MOS_443023-R,True,actual,False,,,,,2026-09-07T15:44:36.205822+02:00
NSR:StopPlace:58801,Sarpsborg stasjon,2026-09-07T13:26:00+02:00,2026-09-07T13:27:53+02:00,2026-09-07T13:27:53+02:00,113.0,1,Göteborg C,VYG:Line:RE20,Oslo S-Halden-Göteborg (X-Border),RE20,rail,VYG:ServiceJourney:115-389_448305-R,True,actual,False,,,,,2026-09-07T15:44:36.205822+02:00
NSR:StopPlace:61169,Marienborg stasjon,2026-09-07T06:38:00+02:00,2026-09-07T06:39:53+02:00,2026-09-07T06:39:53+02:00,113.0,1,Støren,SJN:Line:26,Trønderbanen,R70,rail,SJN:ServiceJourney:420_56049-R,True,actual,False,,,,,2026-09-07T08:42:24.659182+02:00
NSR:StopPlace:61314,Hovin stasjon,2026-09-07T07:32:00+02:00,2026-09-07T07:33:53+02:00,2026-09-07T07:33:53+02:00,113.0,1,Støren,SJN:Line:26,Trønderbanen,R70,rail,SJN:ServiceJourney:420_56049-R,True,actual,False,,,,,2026-09-07T08:42:24.659182+02:00
NSR:StopPlace:59653,Haugenstua stasjon,2026-09-07T06:25:00+02:00,2026-09-07T06:26:53+02:00,2026-09-07T06:26:53+02:00,113.0,1,Spikkestad,VYG:Line:L1,Spikkestad-Oslo S-Lillestrøm,L1,rail,VYG:ServiceJourney:2207_443595-R,True,actual,False,Færre vogner,Denne avgangen kjører dessverre med 4 vogner i stedet for 8 vogner. Dette skyldes at vi mangler et togsett.,general,normal,2026-09-07T08:42:24.659182+02:00
NSR:StopPlace:59654,Stabekk stasjon,2026-09-07T07:06:00+02:00,2026-09-07T07:07:53+02:00,2026-09-07T07:07:53+02:00,113.0,1,Moss,VYG:Line:R21,Stabekk-Oslo S-Moss,R21,rail,VYG:ServiceJourney:1109-HVK_442980-R,True,actual,False,,,,,2026-09-07T08:42:24.659182+02:00
NSR:StopPlace:60078,Kongsvoll stasjon,2026-09-07T08:06:00+02:00,2026-09-07T08:07:53+02:00,2026-09-07T08:07:53+02:00,113.0,1,Oslo S,SJN:Line:21,Dovrebanen,F6,rail,SJN:ServiceJourney:40-TND_48233-R,True,actual,False,,,,,2026-09-07T08:42:24.659182+02:00
NSR:StopPlace:59261,Trondheim lufthavn,2026-09-07T07:33:00+02:00,2026-09-07T07:34:53+02:00,2026-09-07T07:34:53+02:00,113.0,1,A Marienborg via Innherredsveien,ATB:Line:2_70,Stjørdal/Hommelvik- Trondheim,70,bus,ATB:ServiceJourney:70_251215112546911_22,True,actual,False,,,,,2026-09-07T08:42:24.659182+02:00
NSR:StopPlace:59639,Sonsveien stasjon,2026-09-07T08:09:00+02:00,2026-09-07T08:10:53+02:00,2026-09-07T08:10:53+02:00,113.0,1,Moss,RUT:Line:540,Moss - Son - Vestby stasjon,540,bus,RUT:ServiceJourney:730c5209da9faa11886f841e2008befe,True,actual,False,,,,,2026-09-07T08:42:24.659182+02:00
NSR:StopPlace:58798,Rakkestad stasjon,2026-09-07T08:12:00+02:00,2026-09-07T08:13:53+02:00,2026-09-07T08:13:53+02:00,113.0,1,Rakkestad ungdomsskole,OST:Line:1_416,Rakkestad-Os,416,bus,OST:ServiceJourney:416_260325121471394_1,True,actual,False,,,,,2026-09-07T08:42:24.659182+02:00
NSR:StopPlace:58854,Langhus stasjon,2026-09-07T07:09:00+02:00,2026-09-07T07:10:53+02:00,2026-09-07T07:10:53+02:00,113.0,1,Bøleråsen,RUT:Line:510,Bøleråsen - Ski - Ås - Drøbak,510,bus,RUT:ServiceJourney:5c460a1bed255e502469f41dd2b30adf,True,actual,False,,,,,2026-09-07T08:42:24.659182+02:00
NSR:StopPlace:58857,Lørenskog stasjon,2026-09-07T07:22:00+02:00,2026-09-07T07:23:53+02:00,2026-09-07T07:23:53+02:00,113.0,1,Nesåsen,RUT:Line:120,Nesåsen - Stovner,120,bus,RUT:ServiceJourney:0f076ef5f0581791572e9e7323e77e92,True,actual,False,,,,,2026-09-07T08:42:24.659182+02:00
NSR:StopPlace:58893,Grovane stasjon,2026-09-07T07:36:00+02:00,2026-09-07T07:37:53+02:00,2026-09-07T07:37:53+02:00,113.0,1,Kristiansand,AKT:Line:31,Kvadraturen - Sødal - Vennesla,31,bus,AKT:ServiceJourney:79681_112_50_54360_56880_3950001,True,actual,False,,,,,2026-09-07T08:42:24.659182+02:00
NSR:StopPlace:58811,Moelv stasjon,2026-09-07T06:05:00+02:00,2026-09-07T06:06:53+02:00,2026-09-07T06:06:53+02:00,113.0,1,Lillehammer,INN:Line:600,Moelv - Lillehammer,600,bus,INN:ServiceJourney:82436,True,actual,False,,,,,2026-09-07T08:42:24.659182+02:00
NSR:StopPlace:59651,Skøyen stasjon,2026-09-08T01:17:00+02:00,2026-09-08T01:18:52+02:00,2026-09-08T01:18:52+02:00,112.0,1,Drammen,VYG:Line:L1,Spikkestad-Oslo S-Lillestrøm,L1,rail,VYG:ServiceJourney:2281_443719-R,True,actual,False,,,,,2026-09-08T03:39:50.209703+02:00
NSR:StopPlace:59651,Skøyen stasjon,2026-09-07T20:24:00+02:00,2026-09-07T20:25:52+02:00,2026-09-07T20:25:52+02:00,112.0,1,Lillehammer,VYG:Line:RE10,Drammen-Oslo S-Lillehammer,RE10,rail,VYG:ServiceJourney:333-SUD_444251-R,True,actual,False,Bruk de forreste vognene,På denne avgangen er det bakerste togsettet stengt mellom Drammen og Lillehammer. Bruk de forreste vognene.,general,normal,2026-09-08T00:20:52.129880+02:00
NSR:StopPlace:58947,Steinkjer stasjon,2026-09-07T21:35:00+02:00,2026-09-07T21:36:52+02:00,2026-09-07T21:36:52+02:00,112.0,1,Grong stasjon,ATB:Line:2_690,Grong - Steinkjer,690,bus,ATB:ServiceJourney:690_260106098643593_9,True,actual,False,,,,,2026-09-08T00:20:52.129880+02:00
NSR:StopPlace:58834,Hokksund stasjon,2026-09-07T23:00:00+02:00,2026-09-07T23:01:52+02:00,2026-09-07T23:01:52+02:00,112.0,1,Eidsvoll,VYG:Line:R12,Kongsberg-Oslo S-Eidsvoll,R12,rail,VYG:ServiceJourney:538_444348-R,True,actual,False,,,,,2026-09-08T00:20:52.129880+02:00
NSR:StopPlace:58854,Langhus stasjon,2026-09-07T22:24:00+02:00,2026-09-07T22:25:52+02:00,2026-09-07T22:25:52+02:00,112.0,1,Drøbak - Seiersten,RUT:Line:510,Bøleråsen - Ski - Ås - Drøbak,510,bus,RUT:ServiceJourney:12b0363d723397bb66411598aa6413c6,True,actual,False,,,,,2026-09-08T00:20:52.129880+02:00
NSR:StopPlace:58857,Lørenskog stasjon,2026-09-07T22:07:00+02:00,2026-09-07T22:08:52+02:00,2026-09-07T22:08:52+02:00,112.0,1,Nesåsen,RUT:Line:120,Nesåsen - Stovner,120,bus,RUT:ServiceJourney:e569ec1f32bd8245f034ff6a853c332e,True,actual,False,,,,,2026-09-08T00:20:52.129880+02:00
NSR:StopPlace:58861,Solbråtan stasjon,2026-09-07T23:45:00+02:00,2026-09-07T23:46:52+02:00,2026-09-07T23:46:52+02:00,112.0,1,Bjørvika,RUT:Line:83,Jernbanetorget - Tårnåsen,83,bus,RUT:ServiceJourney:2062290b7e678c5b7f79168c2cc2084d,True,actual,False,Linje 80E og 83 får Hausmanns bru som ny endeholdeplass fra 29. juni,"Bussene stopper ikke på Jernbanetorget etter 29. juni, men starter og stopper på Hausmanns bru i Nylandsveien.",incident,normal,2026-09-08T00:20:52.129880+02:00
NSR:StopPlace:101,Sagdalen stasjon,2026-09-08T00:07:00+02:00,2026-09-08T00:08:52+02:00,2026-09-08T00:08:52+02:00,112.0,1,Lillestrøm,VYG:Line:L1,Spikkestad-Oslo S-Lillestrøm,L1,rail,VYG:ServiceJourney:2276_445376-R,True,actual,False,,,,,2026-09-08T00:20:52.129880+02:00
NSR:StopPlace:62094,Lindeberg stasjon,2026-09-07T23:07:00+02:00,2026-09-07T23:08:52+02:00,2026-09-07T23:08:52+02:00,112.0,1,Dal,VYG:Line:R13,Drammen-Oslo S-Dal,R13,rail,VYG:ServiceJourney:1671_443365-R,True,actual,False,,,,,2026-09-08T00:20:52.129880+02:00
NSR:StopPlace:61169,Marienborg stasjon,2026-09-07T17:35:00+02:00,2026-09-07T17:36:52+02:00,2026-09-07T17:36:52+02:00,112.0,1,Østmarka via Lerkendal-Strindh.,ATB:Line:2_13,Østmarka - Strindheim - Lerkendal - Havstad,13,bus,ATB:ServiceJourney:13_251215112552658_115,True,actual,False,,,,,2026-09-07T20:27:16.249662+02:00
NSR:StopPlace:33,Ranheim stasjon,2026-09-07T19:29:00+02:00,2026-09-07T19:30:52+02:00,2026-09-07T19:30:52+02:00,112.0,1,Steinkjer,SJN:Line:26,Trønderbanen,R70,rail,SJN:ServiceJourney:449_56078-R,True,actual,False,,,,,2026-09-07T20:27:16.249662+02:00
NSR:StopPlace:59958,Voss stasjon,2026-09-07T17:15:00+02:00,2026-09-07T17:16:52+02:00,2026-09-07T17:16:52+02:00,112.0,1,Lemme,SKY:Line:954,Voss - Lemme,954,bus,SKY:ServiceJourney:954-205165-21245357,True,actual,False,,,,,2026-09-07T20:27:16.249662+02:00
NSR:StopPlace:58930,Larvik stasjon,2026-09-07T16:32:00+02:00,2026-09-07T16:33:52+02:00,2026-09-07T16:33:52+02:00,112.0,1,Eidsvoll,VYG:Line:RE11,Eidsvoll-Oslo S-Skien,RE11,rail,VYG:ServiceJourney:826_481332-R,True,actual,False,Færre vogner,Denne avgangen kjører dessverre med 5 vogner i stedet for 10 vogner. Dette skyldes at vi mangler et togsett.,general,normal,2026-09-07T20:27:16.249662+02:00
NSR:StopPlace:58932,Hommelvik stasjon,2026-09-07T19:15:00+02:00,2026-09-07T19:16:52+02:00,2026-09-07T19:16:52+02:00,112.0,1,Muruvik,ATB:Line:2_70,Stjørdal/Hommelvik- Trondheim,70,bus,ATB:ServiceJourney:70_251215112547060_87,True,actual,False,,,,,2026-09-07T20:27:16.249662+02:00
NSR:StopPlace:58797,Mysen stasjon,2026-09-07T18:59:00+02:00,2026-09-07T19:00:52+02:00,2026-09-07T19:00:52+02:00,112.0,1,Rakkestad,VYG:Line:R22,Skøyen-Oslo S-Mysen-Rakkestad,R22,rail,VYG:ServiceJourney:1927_443479-R,True,actual,False,,,,,2026-09-07T20:27:16.249662+02:00
NSR:StopPlace:58796,Moss stasjon,2026-09-07T17:21:00+02:00,2026-09-07T17:22:52+02:00,2026-09-07T17:22:52+02:00,112.0,1,Halden,VYG:Line:RE20,Oslo S-Halden-Göteborg (X-Border),RE20,rail,VYG:ServiceJourney:143-LOD_509064-R,True,actual,False,,,,,2026-09-07T20:27:16.249662+02:00
NSR:StopPlace:62311,Vigrestad stasjon,2026-09-07T19:43:00+02:00,2026-09-07T19:44:52+02:00,2026-09-07T19:44:52+02:00,112.0,1,Egersund,GOA:Line:59,Jærbanen,L5,rail,GOA:ServiceJourney:3060_63114-R,True,actual,False,,,,,2026-09-07T20:27:16.249662+02:00
NSR:StopPlace:62393,Billingstad stasjon,2026-09-07T18:52:00+02:00,2026-09-07T18:53:52+02:00,2026-09-07T18:53:52+02:00,112.0,1,Asker,VYG:Line:L1,Spikkestad-Oslo S-Lillestrøm,L1,rail,VYG:ServiceJourney:2153_443562-R,True,actual,False,,,,,2026-09-07T20:27:16.249662+02:00
NSR:StopPlace:61463,Nordstrand stasjon,2026-09-07T14:37:00+02:00,2026-09-07T14:38:52+02:00,2026-09-07T14:38:52+02:00,112.0,1,Stabekk,VYG:Line:L2,Stabekk-Oslo S-Ski,L2,rail,VYG:ServiceJourney:2742-SKI_443952-R,True,actual,False,,,,,2026-09-07T15:44:36.205822+02:00
NSR:StopPlace:59244,Egersund stasjon,2026-09-07T13:40:00+02:00,2026-09-07T13:41:52+02:00,2026-09-07T13:41:52+02:00,112.0,1,Oslo S,GOA:Line:50,Sørtoget region,F5,rail,GOA:ServiceJourney:712-STV_63979-R,True,actual,False,,,,,2026-09-07T15:44:36.205822+02:00
NSR:StopPlace:58844,Eidsvoll stasjon,2026-09-07T14:29:00+02:00,2026-09-07T14:30:52+02:00,2026-09-07T14:30:52+02:00,112.0,1,Eidsvoll,RUT:Line:430,Eidsvoll - Jessheim,430,bus,RUT:ServiceJourney:37a31835afee2efdd0fde43d8f2d3f0e,True,actual,False,,,,,2026-09-07T15:44:36.205822+02:00
NSR:StopPlace:58865,Vestby stasjon,2026-09-07T14:10:00+02:00,2026-09-07T14:11:52+02:00,2026-09-07T14:11:52+02:00,112.0,1,Hølen via Garder,RUT:Line:1131,Hølen - Garder - Vestby stasjon,1131,bus,RUT:ServiceJourney:be7b1cc467bee1f4a296df5e80c56df5,True,actual,False,,,,,2026-09-07T15:44:36.205822+02:00
NSR:StopPlace:58810,Løten stasjon,2026-09-07T14:51:00+02:00,2026-09-07T14:52:52+02:00,2026-09-07T14:52:52+02:00,112.0,1,Løten,INN:Line:26,Brumunddal - Hamar - Løten,B26,bus,INN:ServiceJourney:53993,True,actual,False,,,,,2026-09-07T15:44:36.205822+02:00
NSR:StopPlace:62309,Ljan stasjon,2026-09-07T14:35:00+02:00,2026-09-07T14:36:52+02:00,2026-09-07T14:36:52+02:00,112.0,1,Stabekk,VYG:Line:L2,Stabekk-Oslo S-Ski,L2,rail,VYG:ServiceJourney:2742-SKI_443952-R,True,actual,False,,,,,2026-09-07T15:44:36.205822+02:00
NSR:StopPlace:61251,Øksnavadporten stasjon,2026-09-07T05:58:00+02:00,2026-09-07T05:59:52+02:00,2026-09-07T05:59:52+02:00,112.0,1,Stavanger,GOA:Line:59,Jærbanen,L5,rail,GOA:ServiceJourney:3003_63034-R,True,actual,False,,,,,2026-09-07T08:42:24.659182+02:00
NSR:StopPlace:6,Greverud stasjon,2026-09-07T06:48:00+02:00,2026-09-07T06:49:52+02:00,2026-09-07T06:49:52+02:00,112.0,1,Stabekk,VYG:Line:L2,Stabekk-Oslo S-Ski,L2,rail,VYG:ServiceJourney:2712-SKI_443918-R,True,actual,False,,,,,2026-09-07T08:42:24.659182+02:00
NSR:StopPlace:59643,Grefsen stasjon,2026-09-07T07:09:00+02:00,2026-09-07T07:10:52+02:00,2026-09-07T07:10:52+02:00,112.0,1,Simensbråten,RUT:Line:23,Lysaker - Simensbråten,23,bus,RUT:ServiceJourney:2dfe3aff8c167a465462c7b5881451c6,True,actual,False,,,,,2026-09-07T08:42:24.659182+02:00
NSR:StopPlace:60640,Heimdal stasjon,2026-09-07T06:51:00+02:00,2026-09-07T06:52:52+02:00,2026-09-07T06:52:52+02:00,112.0,1,Kattem,ATB:Line:2_1,Ranheim - Strindheim - sentrum - Tiller - Heimdal - Kattem,1,bus,ATB:ServiceJourney:1_251215112546295_6,True,actual,False,,,,,2026-09-07T08:42:24.659182+02:00
NSR:StopPlace:59654,Stabekk stasjon,2026-09-07T07:12:00+02:00,2026-09-07T07:13:52+02:00,2026-09-07T07:13:52+02:00,112.0,1,Nationaltheatret,RUT:Line:150,Gullhaug - Nationaltheatret,150,bus,RUT:ServiceJourney:76538005ab7cc6e04b93b8dd230d00f0,True,actual,False,,,,,2026-09-07T08:42:24.659182+02:00
NSR:StopPlace:59244,Egersund stasjon,2026-09-07T07:41:00+02:00,2026-09-07T07:42:52+02:00,2026-09-07T07:42:52+02:00,112.0,1,Oslo S,GOA:Line:50,Sørtoget region,F5,rail,GOA:ServiceJourney:706-KVB_63227-R,True,actual,False,,,,,2026-09-07T08:42:24.659182+02:00
NSR:StopPlace:58840,Vestfossen stasjon,2026-09-07T07:30:00+02:00,2026-09-07T07:31:52+02:00,2026-09-07T07:31:52+02:00,112.0,1,Hokksund via Vestfossen-Røren,BRA:Line:4_6118,Hokksund - Røren - Darbu,118,bus,BRA:ServiceJourney:6118_260415100159033_1002,True,actual,False,,,,,2026-09-07T08:42:24.659182+02:00
NSR:StopPlace:58868,Årnes stasjon,2026-09-07T05:08:00+02:00,2026-09-07T05:09:52+02:00,2026-09-07T05:09:52+02:00,112.0,1,Asker,VYG:Line:R14,Asker-Oslo S-Kongsvinger,R14,rail,VYG:ServiceJourney:1002_442907-R,True,actual,False,,,,,2026-09-07T08:42:24.659182+02:00
NSR:StopPlace:58840,Vestfossen stasjon,2026-09-08T00:08:00+02:00,2026-09-08T00:09:51+02:00,2026-09-08T00:09:51+02:00,111.0,1,Kongsberg,VYG:Line:R12,Kongsberg-Oslo S-Eidsvoll,R12,rail,VYG:ServiceJourney:537_444347-R,True,actual,False,,,,,2026-09-08T00:20:52.129880+02:00
NSR:StopPlace:58866,Vevelstad stasjon,2026-09-07T22:34:00+02:00,2026-09-07T22:35:51+02:00,2026-09-07T22:35:51+02:00,111.0,1,Bøleråsen,RUT:Line:510,Bøleråsen - Ski - Ås - Drøbak,510,bus,RUT:ServiceJourney:e0eb43b45a413645b6ce8699c3db19e1,True,actual,False,,,,,2026-09-08T00:20:52.129880+02:00
NSR:StopPlace:58801,Sarpsborg stasjon,2026-09-07T22:31:00+02:00,2026-09-07T22:32:51+02:00,2026-09-07T22:32:51+02:00,111.0,1,Halden,VYG:Line:RE20,Oslo S-Halden-Göteborg (X-Border),RE20,rail,VYG:ServiceJourney:133_443134-R,True,actual,False,,,,,2026-09-08T00:20:52.129880+02:00
NSR:StopPlace:62311,Vigrestad stasjon,2026-09-07T21:44:00+02:00,2026-09-07T21:45:51+02:00,2026-09-07T21:45:51+02:00,111.0,1,Stavanger,GOA:Line:59,Jærbanen,L5,rail,GOA:ServiceJourney:3069_63130-R,True,actual,False,,,,,2026-09-08T00:20:52.129880+02:00
NSR:StopPlace:6,Greverud stasjon,2026-09-07T18:33:00+02:00,2026-09-07T18:34:51+02:00,2026-09-07T18:34:51+02:00,111.0,1,Oslo S,VYG:Line:L2,Stabekk-Oslo S-Ski,L2,rail,VYG:ServiceJourney:2858_444098-R,True,actual,False,,,,,2026-09-07T20:27:16.249662+02:00
NSR:StopPlace:6,Greverud stasjon,2026-09-07T19:18:00+02:00,2026-09-07T19:19:51+02:00,2026-09-07T19:19:51+02:00,111.0,1,Stabekk,VYG:Line:L2,Stabekk-Oslo S-Ski,L2,rail,VYG:ServiceJourney:2762-SKI_443977-R,True,actual,False,,,,,2026-09-07T20:27:16.249662+02:00
NSR:StopPlace:62309,Ljan stasjon,2026-09-07T19:09:00+02:00,2026-09-07T19:10:51+02:00,2026-09-07T19:10:51+02:00,111.0,1,Ski,VYG:Line:L2,Stabekk-Oslo S-Ski,L2,rail,VYG:ServiceJourney:2855-BES_488389-R,True,actual,False,,,,,2026-09-07T20:27:16.249662+02:00
NSR:StopPlace:62295,Stanghelle stasjon,2026-09-07T19:05:00+02:00,2026-09-07T19:06:51+02:00,2026-09-07T19:06:51+02:00,111.0,1,Bergen,VYG:Line:R40,Bergen-Voss-Myrdal-Ål,R40,rail,VYG:ServiceJourney:1831_457481-R,True,actual,False,,,,,2026-09-07T20:27:16.249662+02:00
NSR:StopPlace:61383,Urdland stasjon,2026-09-07T14:57:00+02:00,2026-09-07T14:58:51+02:00,2026-09-07T14:58:51+02:00,111.0,1,Myrdal,VYG:Line:R40,Bergen-Voss-Myrdal-Ål,R40,rail,VYG:ServiceJourney:1818_443404-R,True,actual,False,,,,,2026-09-07T15:44:36.205822+02:00
NSR:StopPlace:61387,Skogn stasjon,2026-09-07T15:35:00+02:00,2026-09-07T15:36:51+02:00,2026-09-07T15:36:51+02:00,111.0,1,Steinkjer,SJN:Line:26,Trønderbanen,R70,rail,SJN:ServiceJourney:439_56068-R,True,actual,False,,,,,2026-09-07T15:44:36.205822+02:00
NSR:StopPlace:61897,Bryn stasjon,2026-09-07T15:35:00+02:00,2026-09-07T15:36:51+02:00,2026-09-07T15:36:51+02:00,111.0,1,Spikkestad,VYG:Line:L1,Spikkestad-Oslo S-Lillestrøm,L1,rail,VYG:ServiceJourney:2243_443656-R,True,actual,False,,,,,2026-09-07T15:44:36.205822+02:00
NSR:StopPlace:59641,Fjellhamar stasjon,2026-09-07T14:41:00+02:00,2026-09-07T14:42:51+02:00,2026-09-07T14:42:51+02:00,111.0,1,Ahus,RUT:Line:315,Vallerudtoppen - Ahus,315,bus,RUT:ServiceJourney:7baa9a3f0ca49742d286fd6b5e6797b8,True,actual,False,,,,,2026-09-07T15:44:36.205822+02:00
NSR:StopPlace:59952,Drammen stasjon,2026-09-07T15:40:00+02:00,2026-09-07T15:41:51+02:00,2026-09-07T15:41:51+02:00,111.0,1,Skien,VYG:Line:RX11,Eidsvoll-Oslo S-Skien,RX11,rail,VYG:ServiceJourney:853-LOD_554644-R,True,actual,False,,,,,2026-09-07T15:44:36.205822+02:00
NSR:StopPlace:58836,Mjøndalen stasjon,2026-09-07T14:42:00+02:00,2026-09-07T14:43:51+02:00,2026-09-07T14:43:51+02:00,111.0,1,Drammen,BRA:Line:4_6101,Drammen-Vikersund/Hønefoss,101,bus,BRA:ServiceJourney:6101_260415100161279_1040,True,actual,False,,,,,2026-09-07T15:44:36.205822+02:00
NSR:StopPlace:61463,Nordstrand stasjon,2026-09-07T07:52:00+02:00,2026-09-07T07:53:51+02:00,2026-09-07T07:53:51+02:00,111.0,1,Lysaker,VYG:Line:L2,Stabekk-Oslo S-Ski,L2,rail,VYG:ServiceJourney:2814-SKI_444026-R,True,actual,False,,,,,2026-09-07T08:42:24.659182+02:00
NSR:StopPlace:59646,Høvik stasjon,2026-09-07T07:07:00+02:00,2026-09-07T07:08:51+02:00,2026-09-07T07:08:51+02:00,111.0,1,Lillestrøm,VYG:Line:L1,Spikkestad-Oslo S-Lillestrøm,L1,rail,VYG:ServiceJourney:2110_443515-R,True,actual,False,,,,,2026-09-07T08:42:24.659182+02:00
NSR:StopPlace:59174,Løkken stasjon,2026-09-07T07:21:00+02:00,2026-09-07T07:22:51+02:00,2026-09-07T07:22:51+02:00,111.0,1,Meldal vgs,ATB:Line:2_460,Orkanger - Meldal - Berkåk,460,bus,ATB:ServiceJourney:460_260106098640558_2,True,actual,False,,,,,2026-09-07T08:42:24.659182+02:00
NSR:StopPlace:60077,Støren stasjon,2026-09-07T06:44:00+02:00,2026-09-07T06:45:51+02:00,2026-09-07T06:45:51+02:00,111.0,1,Trondheim S,SJN:Line:25,Rørosbanen,R60,rail,SJN:ServiceJourney:411_37676-R,True,actual,False,,,,,2026-09-07T08:42:24.659182+02:00
NSR:StopPlace:59244,Egersund stasjon,2026-09-07T07:26:00+02:00,2026-09-07T07:27:51+02:00,2026-09-07T07:27:51+02:00,111.0,1,Helleland skole,KOL:Line:8_2600,SK0101,SK0101,bus,KOL:ServiceJourney:2600_250903083242794_1000,True,actual,False,,,,,2026-09-07T08:42:24.659182+02:00
NSR:StopPlace:58963,Jessheim stasjon,2026-09-07T06:36:00+02:00,2026-09-07T06:37:51+02:00,2026-09-07T06:37:51+02:00,111.0,1,Oslo lufthavn,RUT:Line:450,Årnes - Oslo lufthavn,450,bus,RUT:ServiceJourney:82a155c0147c215d887578afec5175d3,True,actual,False,,,,,2026-09-07T08:42:24.659182+02:00
NSR:StopPlace:58921,Vennesla stasjon,2026-09-07T06:11:00+02:00,2026-09-07T06:12:51+02:00,2026-09-07T06:12:51+02:00,111.0,1,Kristiansand via Mosby,AKT:Line:30,Kvadraturen - Mosby - Vennesl,30,bus,AKT:ServiceJourney:79444_52_48_42720_45180_40001545,True,actual,False,,,,,2026-09-07T08:42:24.659182+02:00
NSR:StopPlace:58830,Brakerøya stasjon,2026-09-07T08:08:00+02:00,2026-09-07T08:09:51+02:00,2026-09-07T08:09:51+02:00,111.0,1,Dal,VYG:Line:R13,Drammen-Oslo S-Dal,R13,rail,VYG:ServiceJourney:1615_443244-R,True,actual,False,,,,,2026-09-07T08:42:24.659182+02:00
NSR:StopPlace:58835,Lier stasjon,2026-09-07T07:13:00+02:00,2026-09-07T07:14:51+02:00,2026-09-07T07:14:51+02:00,111.0,1,Drammen,BRA:Line:4_6073,Drammen - Reistad - Lierskogen,73,bus,BRA:ServiceJourney:6073_260415100160823_1002,True,actual,False,Fra 17/8 går linje 61-63-71-73-251-261 og skolebusser fra holdeplass ved Skutebrygga ut av byen.Les mer på brakar.no/trafikkmeldinger.,,general,normal,2026-09-07T08:42:24.659182+02:00
NSR:StopPlace:58854,Langhus stasjon,2026-09-07T07:45:00+02:00,2026-09-07T07:46:51+02:00,2026-09-07T07:46:51+02:00,111.0,1,Universitetet i Ås,RUT:Line:510,Bøleråsen - Ski - Ås - Drøbak,510,bus,RUT:ServiceJourney:dea8ccaca53ae3d7047d9eadb0c1e2d7,True,actual,False,,,,,2026-09-07T08:42:24.659182+02:00
NSR:StopPlace:58865,Vestby stasjon,2026-09-07T06:40:00+02:00,2026-09-07T06:41:51+02:00,2026-09-07T06:41:51+02:00,111.0,1,Stabekk,VYG:Line:R21,Stabekk-Oslo S-Moss,R21,rail,VYG:ServiceJourney:1110-MOS_442985-R,True,actual,False,,,,,2026-09-07T08:42:24.659182+02:00
NSR:StopPlace:58818,Gran stasjon,2026-09-07T06:22:00+02:00,2026-09-07T06:23:51+02:00,2026-09-07T06:23:51+02:00,111.0,1,Roa,VYG:Line:R31,Skøyen-Jaren-Gjøvik,R31,rail,VYG:ServiceJourney:BUS-270_655587-R,True,actual,False,,,,,2026-09-07T08:42:24.659182+02:00
NSR:StopPlace:362,Jåttåvågen stasjon,2026-09-07T06:27:00+02:00,2026-09-07T06:28:51+02:00,2026-09-07T06:28:51+02:00,111.0,1,Nærbø,GOA:Line:59,Jærbanen,L5,rail,GOA:ServiceJourney:3010_63042-R,True,actual,False,,,,,2026-09-07T08:42:24.659182+02:00
NSR:StopPlace:610,Sandvika stasjon,2026-09-07T07:24:00+02:00,2026-09-07T07:25:51+02:00,2026-09-07T07:25:51+02:00,111.0,1,Kongsberg,VYG:Line:R12,Kongsberg-Oslo S-Eidsvoll,R12,rail,VYG:ServiceJourney:505_444298-R,True,actual,False,,,,,2026-09-07T08:42:24.659182+02:00
NSR:StopPlace:610,Sandvika stasjon,2026-09-07T07:28:00+02:00,2026-09-07T07:29:51+02:00,2026-09-07T07:29:51+02:00,111.0,1,Oslo S,VYG:Line:RX11,Eidsvoll-Oslo S-Skien,RX11,rail,VYG:ServiceJourney:854-SKN_554645-R,True,actual,False,,,,,2026-09-07T08:42:24.659182+02:00
NSR:StopPlace:62311,Vigrestad stasjon,2026-09-07T06:06:00+02:00,2026-09-07T06:07:51+02:00,2026-09-07T06:07:51+02:00,111.0,1,Egersund,GOA:Line:59,Jærbanen,L5,rail,GOA:ServiceJourney:3006_63037-R,True,actual,False,,,,,2026-09-07T08:42:24.659182+02:00
NSR:StopPlace:62392,Slependen stasjon,2026-09-07T06:33:00+02:00,2026-09-07T06:34:51+02:00,2026-09-07T06:34:51+02:00,111.0,1,Spikkestad,VYG:Line:L1,Spikkestad-Oslo S-Lillestrøm,L1,rail,VYG:ServiceJourney:2205_443593-R,True,actual,False,Færre vogner,Denne avgangen kjører dessverre med 4 vogner i stedet for 8 vogner. Dette skyldes at vi mangler et togsett.,general,normal,2026-09-07T08:42:24.659182+02:00
NSR:StopPlace:58963,Jessheim stasjon,2026-09-07T23:37:00+02:00,2026-09-07T23:38:50+02:00,2026-09-07T23:38:50+02:00,110.0,1,Drammen,VYG:Line:R13,Drammen-Oslo S-Dal,R13,rail,VYG:ServiceJourney:1676_443378-R,True,actual,False,,,,,2026-09-08T00:20:52.129880+02:00
NSR:StopPlace:58846,Fetsund stasjon,2026-09-07T22:37:00+02:00,2026-09-07T22:38:50+02:00,2026-09-07T22:38:50+02:00,110.0,1,Asker,VYG:Line:R14,Asker-Oslo S-Kongsvinger,R14,rail,VYG:ServiceJourney:1036_442948-R,True,actual,False,,,,,2026-09-08T00:20:52.129880+02:00
NSR:StopPlace:58853,Kolbotn stasjon,2026-09-07T22:20:00+02:00,2026-09-07T22:21:50+02:00,2026-09-07T22:21:50+02:00,110.0,1,Kolbotn,RUT:Line:87,Hauketo stasjon - Kolbotn,87,bus,RUT:ServiceJourney:1b606bc6c9d088e5771c17d92de402d9,True,actual,False,,,,,2026-09-08T00:20:52.129880+02:00
NSR:StopPlace:313,Høybråten stasjon,2026-09-07T23:57:00+02:00,2026-09-07T23:58:50+02:00,2026-09-07T23:58:50+02:00,110.0,1,Lillestrøm,VYG:Line:L1,Spikkestad-Oslo S-Lillestrøm,L1,rail,VYG:ServiceJourney:2276_445376-R,True,actual,False,,,,,2026-09-08T00:20:52.129880+02:00
NSR:StopPlace:61872,Nærbø stasjon,2026-09-07T17:34:00+02:00,2026-09-07T17:35:50+02:00,2026-09-07T17:35:50+02:00,110.0,1,Egersund,GOA:Line:59,Jærbanen,L5,rail,GOA:ServiceJourney:3052_63100-R,True,actual,False,,,,,2026-09-07T20:27:16.249662+02:00
NSR:StopPlace:61897,Bryn stasjon,2026-09-07T19:20:00+02:00,2026-09-07T19:21:50+02:00,2026-09-07T19:21:50+02:00,110.0,1,Asker,VYG:Line:L1,Spikkestad-Oslo S-Lillestrøm,L1,rail,VYG:ServiceJourney:2157_443566-R,True,actual,False,,,,,2026-09-07T20:27:16.249662+02:00
NSR:StopPlace:59653,Haugenstua stasjon,2026-09-07T20:10:00+02:00,2026-09-07T20:11:50+02:00,2026-09-07T20:11:50+02:00,110.0,1,Asker,VYG:Line:L1,Spikkestad-Oslo S-Lillestrøm,L1,rail,VYG:ServiceJourney:2161_443571-R,True,actual,False,,,,,2026-09-07T20:27:16.249662+02:00
NSR:StopPlace:59703,Åndalsnes stasjon,2026-09-07T17:20:00+02:00,2026-09-07T17:21:50+02:00,2026-09-07T17:21:50+02:00,110.0,1,Molde,MOR:Line:420,Fram Ekspress Molde-Åndalsnes,420,bus,MOR:ServiceJourney:420_119_9150000047250055,True,actual,False,,,,,2026-09-07T20:27:16.249662+02:00
NSR:StopPlace:59957,Klepp stasjon,2026-09-07T17:38:00+02:00,2026-09-07T17:39:50+02:00,2026-09-07T17:39:50+02:00,110.0,1,Boreringen,KOL:Line:8_2024,59,59,bus,KOL:ServiceJourney:2024_250903083241337_2031,True,actual,False,,,,,2026-09-07T20:27:16.249662+02:00
NSR:StopPlace:60944,Ski stasjon,2026-09-07T17:00:00+02:00,2026-09-07T17:01:50+02:00,2026-09-07T17:01:50+02:00,110.0,1,Halden,VYG:Line:RE20,Oslo S-Halden-Göteborg (X-Border),RE20,rail,VYG:ServiceJourney:143-LOD_509064-R,True,actual,False,,,,,2026-09-07T20:27:16.249662+02:00
NSR:StopPlace:58839,Steinberg stasjon,2026-09-07T17:54:00+02:00,2026-09-07T17:55:50+02:00,2026-09-07T17:55:50+02:00,110.0,1,Hokksund - Vikersund,BRA:Line:4_6101,Drammen-Vikersund/Hønefoss,101,bus,BRA:ServiceJourney:6101_260415100161251_1043,True,actual,False,,,,,2026-09-07T20:27:16.249662+02:00
NSR:StopPlace:58813,Skarnes stasjon,2026-09-07T20:08:00+02:00,2026-09-07T20:09:50+02:00,2026-09-07T20:09:50+02:00,110.0,1,Kongsvinger,VYG:Line:R14,Asker-Oslo S-Kongsvinger,R14,rail,VYG:ServiceJourney:1029_442939-R,True,actual,False,Heis på Skarnes ute av drift,Heisen på Skarnes til spor 2 er ute av drift.,general,normal,2026-09-07T20:27:16.249662+02:00
NSR:StopPlace:58211,Oslo lufthavn,2026-09-07T17:10:00+02:00,2026-09-07T17:11:50+02:00,2026-09-07T17:11:50+02:00,110.0,1,Nordkisa,RUT:Line:440,Fenstad/Nordkisa - Oslo lufthavn,440,bus,RUT:ServiceJourney:1c9382878c2c16ed4dbff04095180fa7,True,actual,False,,,,,2026-09-07T20:27:16.249662+02:00
NSR:StopPlace:416,Vikhammer stasjon,2026-09-07T19:21:00+02:00,2026-09-07T19:22:50+02:00,2026-09-07T19:22:50+02:00,110.0,1,Ler,SJN:Line:26,Trønderbanen,R70,rail,SJN:ServiceJourney:446_56075-R,True,actual,False,,,,,2026-09-07T20:27:16.249662+02:00
NSR:StopPlace:8,Paradis stasjon,2026-09-07T15:11:00+02:00,2026-09-07T15:12:50+02:00,2026-09-07T15:12:50+02:00,110.0,1,Skeiane,GOA:Line:59,Jærbanen,L5,rail,GOA:ServiceJourney:3142_63187-R,True,actual,False,,,,,2026-09-07T15:44:36.205822+02:00
NSR:StopPlace:61169,Marienborg stasjon,2026-09-07T14:33:00+02:00,2026-09-07T14:34:50+02:00,2026-09-07T14:34:50+02:00,110.0,1,Pirbadet via St. Olavs hospital,ATB:Line:2_23,Brattøra - St. Olavs - Hallset - Flatåsen - Sandmoen,23,bus,ATB:ServiceJourney:23_251215112545594_65,True,actual,False,,,,,2026-09-07T15:44:36.205822+02:00
NSR:StopPlace:61462,Namsskogan stasjon,2026-09-07T11:51:00+02:00,2026-09-07T11:52:50+02:00,2026-09-07T11:52:50+02:00,110.0,1,Bodø,SJN:Line:71,Nordlandsbanen,F7,rail,SJN:ServiceJourney:471_46158-R,True,actual,False,,,,,2026-09-07T15:44:36.205822+02:00
NSR:StopPlace:58832,Geilo stasjon,2026-09-07T15:04:00+02:00,2026-09-07T15:05:50+02:00,2026-09-07T15:05:50+02:00,110.0,1,Oslo S,VYG:Line:F4,Oslo S-Bergen,F4,rail,VYG:ServiceJourney:602-BRG_481321-R,True,actual,False,,,,,2026-09-07T15:44:36.205822+02:00
NSR:StopPlace:58808,Kongsvinger stasjon,2026-09-07T14:28:00+02:00,2026-09-07T14:29:50+02:00,2026-09-07T14:29:50+02:00,110.0,1,Rasta - Vennersberg,INN:Line:81,Bogeråsen - Rasta,B81,bus,INN:ServiceJourney:54315,True,actual,False,,,,,2026-09-07T15:44:36.205822+02:00
NSR:StopPlace:393,Leangen stasjon,2026-09-07T15:23:00+02:00,2026-09-07T15:24:50+02:00,2026-09-07T15:24:50+02:00,110.0,1,Steinkjer,SJN:Line:26,Trønderbanen,R70,rail,SJN:ServiceJourney:441-SOeB_56070-R,True,actual,False,,,,,2026-09-07T15:44:36.205822+02:00
NSR:StopPlace:708,Stange stasjon,2026-09-07T13:20:00+02:00,2026-09-07T13:21:50+02:00,2026-09-07T13:21:50+02:00,110.0,1,Drammen,VYG:Line:RE10,Drammen-Oslo S-Lillehammer,RE10,rail,VYG:ServiceJourney:318-LHM_444187-R,True,actual,False,,,,,2026-09-07T15:44:36.205822+02:00
NSR:StopPlace:61463,Nordstrand stasjon,2026-09-07T08:37:00+02:00,2026-09-07T08:38:50+02:00,2026-09-07T08:38:50+02:00,110.0,1,Stabekk,VYG:Line:L2,Stabekk-Oslo S-Ski,L2,rail,VYG:ServiceJourney:2718-SKI_443924-R,True,actual,False,,,,,2026-09-07T08:42:24.659182+02:00
NSR:StopPlace:60047,Melhus skysstasjon,2026-09-07T07:41:00+02:00,2026-09-07T07:42:50+02:00,2026-09-07T07:42:50+02:00,110.0,1,Gimse skole,ATB:Line:2_5001,(Brannåsen) - Rødde - Gimse,5001,bus,ATB:ServiceJourney:5001_260106098642118_2,True,actual,False,,,,,2026-09-07T08:42:24.659182+02:00
NSR:StopPlace:60045,Hamar stasjon,2026-09-07T05:06:00+02:00,2026-09-07T05:07:50+02:00,2026-09-07T05:07:50+02:00,110.0,1,Drammen,VYG:Line:RE10,Drammen-Oslo S-Lillehammer,RE10,rail,VYG:ServiceJourney:302-HHS_486370-R,True,actual,False,,,,,2026-09-07T08:42:24.659182+02:00
NSR:StopPlace:59620,Grorud stasjon,2026-09-07T06:50:00+02:00,2026-09-07T06:51:50+02:00,2026-09-07T06:51:50+02:00,110.0,1,Helsfyr,RUT:Line:66,Helsfyr T - Grorud T,66,bus,RUT:ServiceJourney:1350937102a81d50f0e50a0d26dc3c78,True,actual,False,,,,,2026-09-07T08:42:24.659182+02:00
NSR:StopPlace:58793,Askim stasjon,2026-09-07T07:40:00+02:00,2026-09-07T07:41:50+02:00,2026-09-07T07:41:50+02:00,110.0,1,Oslo bussterminal,OST:Line:1_9,Timekspress linje 9,9,bus,OST:ServiceJourney:9_260325121472414_9005,True,actual,False,,,,,2026-09-07T08:42:24.659182+02:00
NSR:StopPlace:58854,Langhus stasjon,2026-09-07T07:35:00+02:00,2026-09-07T07:36:50+02:00,2026-09-07T07:36:50+02:00,110.0,1,Universitetet i Ås,RUT:Line:510,Bøleråsen - Ski - Ås - Drøbak,510,bus,RUT:ServiceJourney:804dfbed6bac9722b0fec5ed0bbc3c51,True,actual,False,,,,,2026-09-07T08:42:24.659182+02:00
NSR:StopPlace:58888,Blakstad stasjon,2026-09-07T07:59:00+02:00,2026-09-07T08:00:50+02:00,2026-09-07T08:00:50+02:00,110.0,1,Blakstadheia skole,AKT:Line:1925,Skolebusser Froland/Blakstadh.,1925,bus,AKT:ServiceJourney:71432_51_42_56400_58980_3919250,True,actual,False,,,,,2026-09-07T08:42:24.659182+02:00
NSR:StopPlace:58893,Grovane stasjon,2026-09-07T07:06:00+02:00,2026-09-07T07:07:50+02:00,2026-09-07T07:07:50+02:00,110.0,1,Kristiansand,AKT:Line:31,Kvadraturen - Sødal - Vennesla,31,bus,AKT:ServiceJourney:79679_92_50_50760_53280_3950001,True,actual,False,,,,,2026-09-07T08:42:24.659182+02:00
NSR:StopPlace:23,Rena stasjon,2026-09-07T20:59:00+02:00,2026-09-07T21:00:49+02:00,2026-09-07T21:00:49+02:00,109.0,1,Røros,SJN:Line:25,Rørosbanen,R60,rail,SJN:ServiceJourney:2393_37671-R,True,actual,False,,,,,2026-09-08T00:20:52.129880+02:00
NSR:StopPlace:59648,Kjelsås stasjon,2026-09-07T22:39:00+02:00,2026-09-07T22:40:49+02:00,2026-09-07T22:40:49+02:00,109.0,1,Kværnerbyen,RUT:Line:54,Kværnerbyen - Kjelsås stasjon,54,bus,RUT:ServiceJourney:f0ed1b0821e52b2f6a7ce4c8b707d5da,True,actual,False,,,,,2026-09-08T00:20:52.129880+02:00
NSR:StopPlace:59654,Stabekk stasjon,2026-09-07T22:24:00+02:00,2026-09-07T22:25:49+02:00,2026-09-07T22:25:49+02:00,109.0,1,Spikkestad,VYG:Line:L1,Spikkestad-Oslo S-Lillestrøm,L1,rail,VYG:ServiceJourney:2269_443700-R,True,actual,False,,,,,2026-09-08T00:20:52.129880+02:00
NSR:StopPlace:60047,Melhus skysstasjon,2026-09-07T22:56:00+02:00,2026-09-07T22:57:49+02:00,2026-09-07T22:57:49+02:00,109.0,1,Dora via E6 - City Syd E6,ATB:Line:2_71,MelhusSkyss-Trondheim,71,bus,ATB:ServiceJourney:71_251215112545751_114,True,actual,False,,,,,2026-09-08T00:20:52.129880+02:00
NSR:StopPlace:58932,Hommelvik stasjon,2026-09-07T23:34:00+02:00,2026-09-07T23:35:49+02:00,2026-09-07T23:35:49+02:00,109.0,1,Marienborg via Brattøra,ATB:Line:2_70,Stjørdal/Hommelvik- Trondheim,70,bus,ATB:ServiceJourney:70_251215112546931_114,True,actual,False,,,,,2026-09-08T00:20:52.129880+02:00
NSR:StopPlace:58864,Sørumsand stasjon,2026-09-07T21:30:00+02:00,2026-09-07T21:31:49+02:00,2026-09-07T21:31:49+02:00,109.0,1,Asker,VYG:Line:R14,Asker-Oslo S-Kongsvinger,R14,rail,VYG:ServiceJourney:1034_442946-R,True,actual,False,,,,,2026-09-08T00:20:52.129880+02:00
NSR:StopPlace:58861,Solbråtan stasjon,2026-09-07T22:11:00+02:00,2026-09-07T22:12:49+02:00,2026-09-07T22:12:49+02:00,109.0,1,Tårnåsen,RUT:Line:83,Jernbanetorget - Tårnåsen,83,bus,RUT:ServiceJourney:602c42ae4194c2c0d61369487f29a090,True,actual,False,Linje 80E og 83 får Hausmanns bru som ny endeholdeplass fra 29. juni,"Bussene stopper ikke på Jernbanetorget etter 29. juni, men starter og stopper på Hausmanns bru i Nylandsveien.",incident,normal,2026-09-08T00:20:52.129880+02:00
NSR:StopPlace:58862,Strømmen stasjon,2026-09-08T00:05:00+02:00,2026-09-08T00:06:49+02:00,2026-09-08T00:06:49+02:00,109.0,1,Lillestrøm,VYG:Line:L1,Spikkestad-Oslo S-Lillestrøm,L1,rail,VYG:ServiceJourney:2276_445376-R,True,actual,False,,,,,2026-09-08T00:20:52.129880+02:00
NSR:StopPlace:58876,Tønsberg stasjon,2026-09-07T22:23:00+02:00,2026-09-07T22:24:49+02:00,2026-09-07T22:24:49+02:00,109.0,1,Tønsberg,VKT:Line:500,Tønsberg-Revetal-Bergsåsen,500,bus,VKT:ServiceJourney:17067,True,actual,False,Kan oppstå forsinkelser ,Pga. veiarbeid langs Bispeveien kan det oppstå forsinkelser. Vi beklager dette. ,incident,normal,2026-09-08T00:20:52.129880+02:00
NSR:StopPlace:59647,Dal stasjon,2026-09-07T19:16:00+02:00,2026-09-07T19:17:49+02:00,2026-09-07T19:17:49+02:00,109.0,1,Eidsvoll,RUT:Line:430,Eidsvoll - Jessheim,430,bus,RUT:ServiceJourney:406bcd13c06c57c59becedfcc61abfac,True,actual,False,,,,,2026-09-07T20:27:16.249662+02:00
NSR:StopPlace:60053,Halden stasjon,2026-09-07T18:46:00+02:00,2026-09-07T18:47:49+02:00,2026-09-07T18:47:49+02:00,109.0,1,Sykehuset-Halden,OST:Line:1_34,Remmen-Sykehuset,34,bus,OST:ServiceJourney:34_260325121472281_25,True,actual,False,,,,,2026-09-07T20:27:16.249662+02:00
NSR:StopPlace:58859,Nordby stasjon,2026-09-07T19:33:00+02:00,2026-09-07T19:34:49+02:00,2026-09-07T19:34:49+02:00,109.0,1,Drammen,VYG:Line:R13,Drammen-Oslo S-Dal,R13,rail,VYG:ServiceJourney:1660_443344-R,True,actual,False,,,,,2026-09-07T20:27:16.249662+02:00
NSR:StopPlace:58862,Strømmen stasjon,2026-09-07T17:30:00+02:00,2026-09-07T17:31:49+02:00,2026-09-07T17:31:49+02:00,109.0,1,Asker,VYG:Line:L1,Spikkestad-Oslo S-Lillestrøm,L1,rail,VYG:ServiceJourney:2151_443560-R,True,actual,False,,,,,2026-09-07T20:27:16.249662+02:00
NSR:StopPlace:699,Tynset stasjon,2026-09-07T18:59:00+02:00,2026-09-07T19:00:49+02:00,2026-09-07T19:00:49+02:00,109.0,1,Trondheim S,SJN:Line:25,Rørosbanen,R60,rail,SJN:ServiceJourney:2389_47883-R,True,actual,False,,,,,2026-09-07T20:27:16.249662+02:00
NSR:StopPlace:62311,Vigrestad stasjon,2026-09-07T19:43:00+02:00,2026-09-07T19:44:49+02:00,2026-09-07T19:44:49+02:00,109.0,1,Stavanger,GOA:Line:59,Jærbanen,L5,rail,GOA:ServiceJourney:3061_63116-R,True,actual,False,,,,,2026-09-07T20:27:16.249662+02:00
NSR:StopPlace:4,Otta stasjon,2026-09-07T13:34:00+02:00,2026-09-07T13:35:49+02:00,2026-09-07T13:35:49+02:00,109.0,1,Trondheim S,SJN:Line:21,Dovrebanen,F6,rail,SJN:ServiceJourney:45-LOD_48255-R,True,actual,False,,,,,2026-09-07T15:44:36.205822+02:00
NSR:StopPlace:61460,Flaten stasjon,2026-09-07T14:41:00+02:00,2026-09-07T14:42:49+02:00,2026-09-07T14:42:49+02:00,109.0,1,Nelaug,GOA:Line:53,Sørtoget lokal,R50,rail,GOA:ServiceJourney:2070_63023-R,True,actual,False,,,,,2026-09-07T15:44:36.205822+02:00
NSR:StopPlace:61465,Rise stasjon,2026-09-07T14:20:00+02:00,2026-09-07T14:21:49+02:00,2026-09-07T14:21:49+02:00,109.0,1,Nelaug,GOA:Line:53,Sørtoget lokal,R50,rail,GOA:ServiceJourney:2070_63023-R,True,actual,False,,,,,2026-09-07T15:44:36.205822+02:00
NSR:StopPlace:59647,Dal stasjon,2026-09-07T15:31:00+02:00,2026-09-07T15:32:49+02:00,2026-09-07T15:32:49+02:00,109.0,1,Eidsvoll,RUT:Line:430,Eidsvoll - Jessheim,430,bus,RUT:ServiceJourney:029bde71542d28f0a577eaae58cefc22,True,actual,False,,,,,2026-09-07T15:44:36.205822+02:00
NSR:StopPlace:58936,Skatval stasjon,2026-09-07T14:44:00+02:00,2026-09-07T14:45:49+02:00,2026-09-07T14:45:49+02:00,109.0,1,Øvre Langstein,ATB:Line:2_7702,Langstein - Skatval - Halsen,7702,bus,ATB:ServiceJourney:7702_260106098642004_11,True,actual,False,,,,,2026-09-07T15:44:36.205822+02:00
NSR:StopPlace:58948,Stjørdal stasjon,2026-09-07T15:03:00+02:00,2026-09-07T15:04:49+02:00,2026-09-07T15:04:49+02:00,109.0,1,Selbu skysstasjon,ATB:Line:2_430,Trondheim - Stjørdal - Selbu - (Tydal),430,bus,ATB:ServiceJourney:430_260106098640414_6,True,actual,False,,,,,2026-09-07T15:44:36.205822+02:00
NSR:StopPlace:58835,Lier stasjon,2026-09-07T15:17:00+02:00,2026-09-07T15:18:49+02:00,2026-09-07T15:18:49+02:00,109.0,1,Drammen,VYG:Line:R13,Drammen-Oslo S-Dal,R13,rail,VYG:ServiceJourney:1638_443294-R,True,actual,False,,,,,2026-09-07T15:44:36.205822+02:00
NSR:StopPlace:58888,Blakstad stasjon,2026-09-07T14:25:00+02:00,2026-09-07T14:26:49+02:00,2026-09-07T14:26:49+02:00,109.0,1,Nelaug,GOA:Line:53,Sørtoget lokal,R50,rail,GOA:ServiceJourney:2070_63023-R,True,actual,False,,,,,2026-09-07T15:44:36.205822+02:00
NSR:StopPlace:58800,Råde stasjon,2026-09-07T13:00:00+02:00,2026-09-07T13:01:49+02:00,2026-09-07T13:01:49+02:00,109.0,1,Göteborg C,VYG:Line:RE20,Oslo S-Halden-Göteborg (X-Border),RE20,rail,VYG:ServiceJourney:115-389_448305-R,True,actual,False,,,,,2026-09-07T15:44:36.205822+02:00
NSR:StopPlace:610,Sandvika stasjon,2026-09-07T12:54:00+02:00,2026-09-07T12:55:49+02:00,2026-09-07T12:55:49+02:00,109.0,1,Skien,VYG:Line:RE11,Eidsvoll-Oslo S-Skien,RE11,rail,VYG:ServiceJourney:817_444397-R,True,actual,False,,,,,2026-09-07T15:44:36.205822+02:00
NSR:StopPlace:62352,Stoa stasjon,2026-09-07T14:14:00+02:00,2026-09-07T14:15:49+02:00,2026-09-07T14:15:49+02:00,109.0,1,Nelaug,GOA:Line:53,Sørtoget lokal,R50,rail,GOA:ServiceJourney:2070_63023-R,True,actual,False,,,,,2026-09-07T15:44:36.205822+02:00
NSR:StopPlace:62351,Bråstad stasjon,2026-09-07T14:15:00+02:00,2026-09-07T14:16:49+02:00,2026-09-07T14:16:49+02:00,109.0,1,Nelaug,GOA:Line:53,Sørtoget lokal,R50,rail,GOA:ServiceJourney:2070_63023-R,True,actual,False,,,,,2026-09-07T15:44:36.205822+02:00
NSR:StopPlace:62355,Froland stasjon,2026-09-07T14:28:00+02:00,2026-09-07T14:29:49+02:00,2026-09-07T14:29:49+02:00,109.0,1,Nelaug,GOA:Line:53,Sørtoget lokal,R50,rail,GOA:ServiceJourney:2070_63023-R,True,actual,False,,,,,2026-09-07T15:44:36.205822+02:00
NSR:StopPlace:62354,Bøylestad stasjon,2026-09-07T14:34:00+02:00,2026-09-07T14:35:49+02:00,2026-09-07T14:35:49+02:00,109.0,1,Nelaug,GOA:Line:53,Sørtoget lokal,R50,rail,GOA:ServiceJourney:2070_63023-R,True,actual,False,,,,,2026-09-07T15:44:36.205822+02:00
NSR:StopPlace:61169,Marienborg stasjon,2026-09-07T07:48:00+02:00,2026-09-07T07:49:49+02:00,2026-09-07T07:49:49+02:00,109.0,1,Sandmoen via Flatåsen,ATB:Line:2_23,Brattøra - St. Olavs - Hallset - Flatåsen - Sandmoen,23,bus,ATB:ServiceJourney:23_251215112545506_18,True,actual,False,,,,,2026-09-07T08:42:24.659182+02:00
NSR:StopPlace:61466,Vakås stasjon,2026-09-07T08:08:00+02:00,2026-09-07T08:09:49+02:00,2026-09-07T08:09:49+02:00,109.0,1,Lillestrøm,VYG:Line:L1,Spikkestad-Oslo S-Lillestrøm,L1,rail,VYG:ServiceJourney:2216_445310-R,True,actual,False,Færre vogner,Denne avgangen kjører dessverre med 4 vogner i stedet for 8 vogner. Dette skyldes at vi mangler et togsett.,general,normal,2026-09-07T08:42:24.659182+02:00
NSR:StopPlace:59616,Asker stasjon,2026-09-07T05:50:00+02:00,2026-09-07T05:51:49+02:00,2026-09-07T05:51:49+02:00,109.0,1,Hyggen,RUT:Line:260,Hyggen - Bråset -Slemmestad (- Asker),260,bus,RUT:ServiceJourney:8596a0d48b940c8ac102f1a0e13bab2a,True,actual,False,,,,,2026-09-07T08:42:24.659182+02:00
NSR:StopPlace:59620,Grorud stasjon,2026-09-07T07:07:00+02:00,2026-09-07T07:08:49+02:00,2026-09-07T07:08:49+02:00,109.0,1,Stovner,RUT:Line:65,Furuset T - Stovner T via Smedstua,65,bus,RUT:ServiceJourney:e98434e3f1b4644c95be5ee1b9cf4773,True,actual,False,,,,,2026-09-07T08:42:24.659182+02:00
NSR:StopPlace:58921,Vennesla stasjon,2026-09-07T07:46:00+02:00,2026-09-07T07:47:49+02:00,2026-09-07T07:47:49+02:00,109.0,1,Vennesla,AKT:Line:2108,Høietun - Venneslahallen,2108,bus,AKT:ServiceJourney:76909_51_34_54360_56100_3950300,True,actual,False,,,,,2026-09-07T08:42:24.659182+02:00
NSR:StopPlace:58795,Kambo stasjon,2026-09-07T08:25:00+02:00,2026-09-07T08:26:49+02:00,2026-09-07T08:26:49+02:00,109.0,1,Moss,VYG:Line:R21,Stabekk-Oslo S-Moss,R21,rail,VYG:ServiceJourney:1111-HVK_442986-R,True,actual,False,,,,,2026-09-07T08:42:24.659182+02:00
NSR:StopPlace:58842,Blaker stasjon,2026-09-07T07:52:00+02:00,2026-09-07T07:53:49+02:00,2026-09-07T07:53:49+02:00,109.0,1,Asker,VYG:Line:R14,Asker-Oslo S-Kongsvinger,R14,rail,VYG:ServiceJourney:1054-KVG_442958-R,True,actual,False,,,,,2026-09-07T08:42:24.659182+02:00
NSR:StopPlace:58843,Blommenholm stasjon,2026-09-07T06:28:00+02:00,2026-09-07T06:29:49+02:00,2026-09-07T06:29:49+02:00,109.0,1,Spikkestad,VYG:Line:L1,Spikkestad-Oslo S-Lillestrøm,L1,rail,VYG:ServiceJourney:2205_443593-R,True,actual,False,Færre vogner,Denne avgangen kjører dessverre med 4 vogner i stedet for 8 vogner. Dette skyldes at vi mangler et togsett.,general,normal,2026-09-07T08:42:24.659182+02:00
NSR:StopPlace:58866,Vevelstad stasjon,2026-09-07T06:53:00+02:00,2026-09-07T06:54:49+02:00,2026-09-07T06:54:49+02:00,109.0,1,Drøbak - Frogn vgs.,RUT:Line:510,Bøleråsen - Ski - Ås - Drøbak,510,bus,RUT:ServiceJourney:e25969bf58735f4c2087a95f27f4c21a,True,actual,False,,,,,2026-09-07T08:42:24.659182+02:00
NSR:StopPlace:58873,Skoppum stasjon,2026-09-07T07:00:00+02:00,2026-09-07T07:01:49+02:00,2026-09-07T07:01:49+02:00,109.0,1,Holtandalen-Horten,VKT:Line:40,Horten-Holtandalen-Skoppum,40,bus,VKT:ServiceJourney:17417,True,actual,False,,,,,2026-09-07T08:42:24.659182+02:00
NSR:StopPlace:58801,Sarpsborg stasjon,2026-09-07T08:32:00+02:00,2026-09-07T08:33:49+02:00,2026-09-07T08:33:49+02:00,109.0,1,Oslo S,VYG:Line:RE20,Oslo S-Halden-Göteborg (X-Border),RE20,rail,VYG:ServiceJourney:382-110_482787-R,True,actual,False,,,,,2026-09-07T08:42:24.659182+02:00
NSR:StopPlace:58825,Raufoss stasjon,2026-09-07T08:11:00+02:00,2026-09-07T08:12:49+02:00,2026-09-07T08:12:49+02:00,109.0,1,Lena,INN:Line:47,Lena-Kapp-Gjøvik-Raufoss-Lena,B47,bus,INN:ServiceJourney:76581,True,actual,False,,,,,2026-09-07T08:42:24.659182+02:00
NSR:StopPlace:610,Sandvika stasjon,2026-09-07T05:48:00+02:00,2026-09-07T05:49:49+02:00,2026-09-07T05:49:49+02:00,109.0,1,Lillestrøm,VYG:Line:L1,Spikkestad-Oslo S-Lillestrøm,L1,rail,VYG:ServiceJourney:2206_443594-R,True,actual,False,,,,,2026-09-07T08:42:24.659182+02:00
NSR:StopPlace:62392,Slependen stasjon,2026-09-07T06:29:00+02:00,2026-09-07T06:30:49+02:00,2026-09-07T06:30:49+02:00,109.0,1,Lillestrøm,VYG:Line:L1,Spikkestad-Oslo S-Lillestrøm,L1,rail,VYG:ServiceJourney:2108_443512-R,True,actual,False,,,,,2026-09-07T08:42:24.659182+02:00
NSR:StopPlace:61169,Marienborg stasjon,2026-09-07T22:16:00+02:00,2026-09-07T22:17:48+02:00,2026-09-07T22:17:48+02:00,108.0,1,Østmarka via Lerkendal-Strindh.,ATB:Line:2_13,Østmarka - Strindheim - Lerkendal - Havstad,13,bus,ATB:ServiceJourney:13_251215112552825_149,True,actual,False,,,,,2026-09-08T00:20:52.129880+02:00
NSR:StopPlace:58835,Lier stasjon,2026-09-07T21:11:00+02:00,2026-09-07T21:12:48+02:00,2026-09-07T21:12:48+02:00,108.0,1,Dal,VYG:Line:R13,Drammen-Oslo S-Dal,R13,rail,VYG:ServiceJourney:1667_443357-R,True,actual,False,,,,,2026-09-08T00:20:52.129880+02:00
NSR:StopPlace:58853,Kolbotn stasjon,2026-09-07T22:07:00+02:00,2026-09-07T22:08:48+02:00,2026-09-07T22:08:48+02:00,108.0,1,Tårnåsen,RUT:Line:83,Jernbanetorget - Tårnåsen,83,bus,RUT:ServiceJourney:602c42ae4194c2c0d61369487f29a090,True,actual,False,Linje 80E og 83 får Hausmanns bru som ny endeholdeplass fra 29. juni,"Bussene stopper ikke på Jernbanetorget etter 29. juni, men starter og stopper på Hausmanns bru i Nylandsveien.",incident,normal,2026-09-08T00:20:52.129880+02:00
NSR:StopPlace:316,Oppdal stasjon,2026-09-07T22:57:00+02:00,2026-09-07T22:58:48+02:00,2026-09-07T22:58:48+02:00,108.0,1,Trondheim S,SJN:Line:21,Dovrebanen,F6,rail,SJN:ServiceJourney:51-LOD_30215-R,True,actual,False,,,,,2026-09-08T00:20:52.129880+02:00
NSR:StopPlace:62310,Brusand stasjon,2026-09-07T23:47:00+02:00,2026-09-07T23:48:48+02:00,2026-09-07T23:48:48+02:00,108.0,1,Egersund,GOA:Line:59,Jærbanen,L5,rail,GOA:ServiceJourney:3076_63139-R,True,actual,False,,,,,2026-09-08T00:20:52.129880+02:00
NSR:StopPlace:59641,Fjellhamar stasjon,2026-09-07T18:11:00+02:00,2026-09-07T18:12:48+02:00,2026-09-07T18:12:48+02:00,108.0,1,Ahus,RUT:Line:315,Vallerudtoppen - Ahus,315,bus,RUT:ServiceJourney:aa3e15a3eb06f10b51a50d22c2d7c72c,True,actual,False,,,,,2026-09-07T20:27:16.249662+02:00
NSR:StopPlace:59639,Sonsveien stasjon,2026-09-07T18:25:00+02:00,2026-09-07T18:26:48+02:00,2026-09-07T18:26:48+02:00,108.0,1,Store Brevik - Son - Deør,RUT:Line:2545,Son med klokka,545A,bus,RUT:ServiceJourney:25d2c2f0d866315fcde7bd9d8088d24a,True,actual,False,,,,,2026-09-07T20:27:16.249662+02:00
NSR:StopPlace:59639,Sonsveien stasjon,2026-09-07T20:21:00+02:00,2026-09-07T20:22:48+02:00,2026-09-07T20:22:48+02:00,108.0,1,Moss,VYG:Line:R21,Stabekk-Oslo S-Moss,R21,rail,VYG:ServiceJourney:1159-HVK_443046-R,True,actual,False,,,,,2026-09-07T20:27:16.249662+02:00
NSR:StopPlace:58838,Røyken stasjon,2026-09-07T18:45:00+02:00,2026-09-07T18:46:48+02:00,2026-09-07T18:46:48+02:00,108.0,1,Asker,RUT:Line:260,Hyggen - Bråset -Slemmestad (- Asker),260,bus,RUT:ServiceJourney:8afa2a94214523625eaf3e2654c5a61a,True,actual,False,,,,,2026-09-07T20:27:16.249662+02:00
NSR:StopPlace:610,Sandvika stasjon,2026-09-07T17:24:00+02:00,2026-09-07T17:25:48+02:00,2026-09-07T17:25:48+02:00,108.0,1,Kongsberg,VYG:Line:R12,Kongsberg-Oslo S-Eidsvoll,R12,rail,VYG:ServiceJourney:525_444330-R,True,actual,False,,,,,2026-09-07T20:27:16.249662+02:00
NSR:StopPlace:610,Sandvika stasjon,2026-09-07T18:17:00+02:00,2026-09-07T18:18:48+02:00,2026-09-07T18:18:48+02:00,108.0,1,Asker,VYG:Line:L1,Spikkestad-Oslo S-Lillestrøm,L1,rail,VYG:ServiceJourney:2151_443560-R,True,actual,False,,,,,2026-09-07T20:27:16.249662+02:00
NSR:StopPlace:62094,Lindeberg stasjon,2026-09-07T19:48:00+02:00,2026-09-07T19:49:48+02:00,2026-09-07T19:49:48+02:00,108.0,1,Drammen,VYG:Line:R13,Drammen-Oslo S-Dal,R13,rail,VYG:ServiceJourney:1660_443344-R,True,actual,False,,,,,2026-09-07T20:27:16.249662+02:00
NSR:StopPlace:62310,Brusand stasjon,2026-09-07T19:37:00+02:00,2026-09-07T19:38:48+02:00,2026-09-07T19:38:48+02:00,108.0,1,Stavanger,GOA:Line:59,Jærbanen,L5,rail,GOA:ServiceJourney:3061_63116-R,True,actual,False,,,,,2026-09-07T20:27:16.249662+02:00
NSR:StopPlace:59650,Nyland stasjon,2026-09-07T14:35:00+02:00,2026-09-07T14:36:48+02:00,2026-09-07T14:36:48+02:00,108.0,1,Vestvollen,RUT:Line:345,Vestvollen - Økern,345,bus,RUT:ServiceJourney:623f46a0a2815c961a5d47a9f4ae521e,True,actual,False,,,,,2026-09-07T15:44:36.205822+02:00
NSR:StopPlace:59952,Drammen stasjon,2026-09-07T13:14:00+02:00,2026-09-07T13:15:48+02:00,2026-09-07T13:15:48+02:00,108.0,1,Skien,VYG:Line:RE11,Eidsvoll-Oslo S-Skien,RE11,rail,VYG:ServiceJourney:817_444397-R,True,actual,False,,,,,2026-09-07T15:44:36.205822+02:00
NSR:StopPlace:58966,Porsgrunn stasjon,2026-09-07T13:17:00+02:00,2026-09-07T13:18:48+02:00,2026-09-07T13:18:48+02:00,108.0,1,Eidsvoll,VYG:Line:RE11,Eidsvoll-Oslo S-Skien,RE11,rail,VYG:ServiceJourney:820_444400-R,True,actual,False,Heis på Porsgrunn ute av drift,Heisen på Porsgrunn til spor 2 er ute av drift.,general,normal,2026-09-07T15:44:36.205822+02:00
NSR:StopPlace:708,Stange stasjon,2026-09-07T15:21:00+02:00,2026-09-07T15:22:48+02:00,2026-09-07T15:22:48+02:00,108.0,1,Drammen,VYG:Line:RE10,Drammen-Oslo S-Lillehammer,RE10,rail,VYG:ServiceJourney:322-LHM_444203-R,True,actual,False,,,,,2026-09-07T15:44:36.205822+02:00
NSR:StopPlace:59643,Grefsen stasjon,2026-09-07T06:48:00+02:00,2026-09-07T06:49:48+02:00,2026-09-07T06:49:48+02:00,108.0,1,Fornebu,RUT:Line:24,Fornebu vest - Brynseng T,24,bus,RUT:ServiceJourney:994fc02c3d88c6e21bdabad4d1d8e312,True,actual,False,,,,,2026-09-07T08:42:24.659182+02:00
NSR:StopPlace:59620,Grorud stasjon,2026-09-07T06:53:00+02:00,2026-09-07T06:54:48+02:00,2026-09-07T06:54:48+02:00,108.0,1,Lillestrøm,VYG:Line:L1,Spikkestad-Oslo S-Lillestrøm,L1,rail,VYG:ServiceJourney:2208_764738-R,True,actual,False,Færre vogner,Denne avgangen kjører dessverre med 4 vogner i stedet for 8 vogner. Dette skyldes at vi mangler et togsett.,general,normal,2026-09-07T08:42:24.659182+02:00
NSR:StopPlace:58935,Levanger stasjon,2026-09-07T06:41:00+02:00,2026-09-07T06:42:48+02:00,2026-09-07T06:42:48+02:00,108.0,1,Steinkjer,SJN:Line:26,Trønderbanen,R70,rail,SJN:ServiceJourney:421_56050-R,True,actual,False,,,,,2026-09-07T08:42:24.659182+02:00
NSR:StopPlace:58864,Sørumsand stasjon,2026-09-07T07:57:00+02:00,2026-09-07T07:58:48+02:00,2026-09-07T07:58:48+02:00,108.0,1,Asker,VYG:Line:R14,Asker-Oslo S-Kongsvinger,R14,rail,VYG:ServiceJourney:1054-KVG_442958-R,True,actual,False,,,,,2026-09-07T08:42:24.659182+02:00
NSR:StopPlace:58865,Vestby stasjon,2026-09-07T07:40:00+02:00,2026-09-07T07:41:48+02:00,2026-09-07T07:41:48+02:00,108.0,1,Stabekk,VYG:Line:R21,Stabekk-Oslo S-Moss,R21,rail,VYG:ServiceJourney:1114-MOS_442989-R,True,actual,False,,,,,2026-09-07T08:42:24.659182+02:00
NSR:StopPlace:58868,Årnes stasjon,2026-09-07T08:00:00+02:00,2026-09-07T08:01:48+02:00,2026-09-07T08:01:48+02:00,108.0,1,Runni,RUT:Line:455,Årnes -Rånåsfoss,455,bus,RUT:ServiceJourney:4282870277e518302518526d1e4bca03,True,actual,False,,,,,2026-09-07T08:42:24.659182+02:00
NSR:StopPlace:58861,Solbråtan stasjon,2026-09-07T05:15:00+02:00,2026-09-07T05:16:48+02:00,2026-09-07T05:16:48+02:00,108.0,1,Bjørvika,RUT:Line:83,Jernbanetorget - Tårnåsen,83,bus,RUT:ServiceJourney:6536bb0c18807fa57162ffdea5f6afa8,True,actual,False,Linje 80E og 83 får Hausmanns bru som ny endeholdeplass fra 29. juni,"Bussene stopper ikke på Jernbanetorget etter 29. juni, men starter og stopper på Hausmanns bru i Nylandsveien.",incident,normal,2026-09-07T08:42:24.659182+02:00
NSR:StopPlace:58820,Harestua stasjon,2026-09-07T06:47:00+02:00,2026-09-07T06:48:48+02:00,2026-09-07T06:48:48+02:00,108.0,1,Oslo S,VYG:Line:RE30,Oslo S-Gjøvik,RE30,rail,VYG:ServiceJourney:BUS-1204_654984-R,True,actual,False,,,,,2026-09-07T08:42:24.659182+02:00
NSR:StopPlace:144,Skansen stasjon,2026-09-07T06:08:00+02:00,2026-09-07T06:09:48+02:00,2026-09-07T06:09:48+02:00,108.0,1,Steinkjer,SJN:Line:26,Trønderbanen,R70,rail,SJN:ServiceJourney:423_56052-R,True,actual,False,,,,,2026-09-07T08:42:24.659182+02:00
NSR:StopPlace:62341,Tangen stasjon,2026-09-07T08:34:00+02:00,2026-09-07T08:35:48+02:00,2026-09-07T08:35:48+02:00,108.0,1,Drammen,VYG:Line:RE10,Drammen-Oslo S-Lillehammer,RE10,rail,VYG:ServiceJourney:308-DOM_444144-R,True,actual,False,,,,,2026-09-07T08:42:24.659182+02:00
NSR:StopPlace:316,Oppdal stasjon,2026-09-08T01:11:00+02:00,2026-09-08T01:12:47+02:00,2026-09-08T01:12:47+02:00,107.0,1,Oslo S,SJN:Line:21,Dovrebanen,F6,rail,SJN:ServiceJourney:406-TND_30133-R,True,actual,False,,,,,2026-09-08T03:39:50.209703+02:00
NSR:StopPlace:58790,Verdal stasjon,2026-09-07T22:56:00+02:00,2026-09-07T22:57:47+02:00,2026-09-07T22:57:47+02:00,107.0,1,Steinkjer,SJN:Line:26,Trønderbanen,R70,rail,SJN:ServiceJourney:453_56082-R,True,actual,False,,,,,2026-09-08T00:20:52.129880+02:00
NSR:StopPlace:58795,Kambo stasjon,2026-09-07T21:54:00+02:00,2026-09-07T21:55:47+02:00,2026-09-07T21:55:47+02:00,107.0,1,Vestby stasjon,RUT:Line:540,Moss - Son - Vestby stasjon,540,bus,RUT:ServiceJourney:da77c349484bc8e9db78e8a8514109f6,True,actual,False,,,,,2026-09-08T00:20:52.129880+02:00
NSR:StopPlace:58847,Frogner stasjon,2026-09-07T23:04:00+02:00,2026-09-07T23:05:47+02:00,2026-09-07T23:05:47+02:00,107.0,1,Dal,VYG:Line:R13,Drammen-Oslo S-Dal,R13,rail,VYG:ServiceJourney:1671_443365-R,True,actual,False,,,,,2026-09-08T00:20:52.129880+02:00
NSR:StopPlace:58857,Lørenskog stasjon,2026-09-07T23:59:00+02:00,2026-09-08T00:00:47+02:00,2026-09-08T00:00:47+02:00,107.0,1,Lillestrøm,VYG:Line:L1,Spikkestad-Oslo S-Lillestrøm,L1,rail,VYG:ServiceJourney:2276_445376-R,True,actual,False,,,,,2026-09-08T00:20:52.129880+02:00
NSR:StopPlace:59647,Dal stasjon,2026-09-07T17:56:00+02:00,2026-09-07T17:57:47+02:00,2026-09-07T17:57:47+02:00,107.0,1,Jessheim,RUT:Line:430,Eidsvoll - Jessheim,430,bus,RUT:ServiceJourney:dd1018d5916c55af1abd4412edcbc2af,True,actual,False,,,,,2026-09-07T20:27:16.249662+02:00
NSR:StopPlace:59641,Fjellhamar stasjon,2026-09-07T17:32:00+02:00,2026-09-07T17:33:47+02:00,2026-09-07T17:33:47+02:00,107.0,1,Asker,VYG:Line:L1,Spikkestad-Oslo S-Lillestrøm,L1,rail,VYG:ServiceJourney:2151_443560-R,True,actual,False,,,,,2026-09-07T20:27:16.249662+02:00
NSR:StopPlace:59641,Fjellhamar stasjon,2026-09-07T19:55:00+02:00,2026-09-07T19:56:47+02:00,2026-09-07T19:56:47+02:00,107.0,1,Vallerudtoppen,RUT:Line:315,Vallerudtoppen - Ahus,315,bus,RUT:ServiceJourney:5c4b74aff422363fcffcec807a21670d,True,actual,False,,,,,2026-09-07T20:27:16.249662+02:00
NSR:StopPlace:58932,Hommelvik stasjon,2026-09-07T19:55:00+02:00,2026-09-07T19:56:47+02:00,2026-09-07T19:56:47+02:00,107.0,1,Muruvik,ATB:Line:2_70,Stjørdal/Hommelvik- Trondheim,70,bus,ATB:ServiceJourney:70_251215112547077_91,True,actual,False,,,,,2026-09-07T20:27:16.249662+02:00
NSR:StopPlace:58934,Lassemoen stasjon,2026-09-07T19:40:00+02:00,2026-09-07T19:41:47+02:00,2026-09-07T19:41:47+02:00,107.0,1,Mo i Rana,SJN:Line:71,Nordlandsbanen,F7,rail,SJN:ServiceJourney:477_45453-R,True,actual,False,,,,,2026-09-07T20:27:16.249662+02:00
NSR:StopPlace:58864,Sørumsand stasjon,2026-09-07T17:30:00+02:00,2026-09-07T17:31:47+02:00,2026-09-07T17:31:47+02:00,107.0,1,Asker,VYG:Line:R14,Asker-Oslo S-Kongsvinger,R14,rail,VYG:ServiceJourney:1026_442936-R,True,actual,False,,,,,2026-09-07T20:27:16.249662+02:00
NSR:StopPlace:58864,Sørumsand stasjon,2026-09-07T19:31:00+02:00,2026-09-07T19:32:47+02:00,2026-09-07T19:32:47+02:00,107.0,1,Kongsvinger,VYG:Line:R14,Asker-Oslo S-Kongsvinger,R14,rail,VYG:ServiceJourney:1029_442939-R,True,actual,False,,,,,2026-09-07T20:27:16.249662+02:00
NSR:StopPlace:364,Vaksdal stasjon,2026-09-07T18:58:00+02:00,2026-09-07T18:59:47+02:00,2026-09-07T18:59:47+02:00,107.0,1,Voss,VYG:Line:R40,Bergen-Voss-Myrdal-Ål,R40,rail,VYG:ServiceJourney:1828_481200-R,True,actual,False,,,,,2026-09-07T20:27:16.249662+02:00
NSR:StopPlace:610,Sandvika stasjon,2026-09-07T18:14:00+02:00,2026-09-07T18:15:47+02:00,2026-09-07T18:15:47+02:00,107.0,1,Asker,VYG:Line:R14,Asker-Oslo S-Kongsvinger,R14,rail,VYG:ServiceJourney:1026_442936-R,True,actual,False,,,,,2026-09-07T20:27:16.249662+02:00
NSR:StopPlace:58966,Porsgrunn stasjon,2026-09-07T12:17:00+02:00,2026-09-07T12:18:47+02:00,2026-09-07T12:18:47+02:00,107.0,1,Eidsvoll,VYG:Line:RE11,Eidsvoll-Oslo S-Skien,RE11,rail,VYG:ServiceJourney:818_444398-R,True,actual,False,Heis på Porsgrunn ute av drift,Heisen på Porsgrunn til spor 2 er ute av drift.,general,normal,2026-09-07T15:44:36.205822+02:00
NSR:StopPlace:58850,Hauerseter stasjon,2026-09-07T15:00:00+02:00,2026-09-07T15:01:47+02:00,2026-09-07T15:01:47+02:00,107.0,1,Dal,VYG:Line:R13,Drammen-Oslo S-Dal,R13,rail,VYG:ServiceJourney:1637_443291-R,True,actual,False,,,,,2026-09-07T15:44:36.205822+02:00
NSR:StopPlace:61169,Marienborg stasjon,2026-09-07T07:06:00+02:00,2026-09-07T07:07:47+02:00,2026-09-07T07:07:47+02:00,107.0,1,Østmarka via Lerkendal-Strindh.,ATB:Line:2_13,Østmarka - Strindheim - Lerkendal - Havstad,13,bus,ATB:ServiceJourney:13_251215112552678_11,True,actual,False,,,,,2026-09-07T08:42:24.659182+02:00
NSR:StopPlace:59650,Nyland stasjon,2026-09-07T06:14:00+02:00,2026-09-07T06:15:47+02:00,2026-09-07T06:15:47+02:00,107.0,1,Asker,VYG:Line:L1,Spikkestad-Oslo S-Lillestrøm,L1,rail,VYG:ServiceJourney:2105_443509-R,True,actual,False,,,,,2026-09-07T08:42:24.659182+02:00
NSR:StopPlace:59261,Trondheim lufthavn,2026-09-07T06:12:00+02:00,2026-09-07T06:13:47+02:00,2026-09-07T06:13:47+02:00,107.0,1,A Marienborg via Innherredsveien,ATB:Line:2_70,Stjørdal/Hommelvik- Trondheim,70,bus,ATB:ServiceJourney:70_251215112546907_6,True,actual,False,,,,,2026-09-07T08:42:24.659182+02:00
NSR:StopPlace:58811,Moelv stasjon,2026-09-07T08:32:00+02:00,2026-09-07T08:33:47+02:00,2026-09-07T08:33:47+02:00,107.0,1,Gjøvik,INN:Line:100,Hamar - Gjøvik,100,bus,INN:ServiceJourney:83455,True,actual,False,,,,,2026-09-07T08:42:24.659182+02:00
NSR:StopPlace:206,Mariero stasjon,2026-09-07T07:55:00+02:00,2026-09-07T07:56:47+02:00,2026-09-07T07:56:47+02:00,107.0,1,Stavanger,GOA:Line:59,Jærbanen,L5,rail,GOA:ServiceJourney:3011_63043-R,True,actual,False,,,,,2026-09-07T08:42:24.659182+02:00
NSR:StopPlace:58404,Nationaltheatret,2026-09-07T02:34:00+02:00,2026-09-07T02:35:47+02:00,2026-09-07T02:35:47+02:00,107.0,1,Helsfyr,RUT:Line:37,Nydalen T - Helsfyr,37,bus,RUT:ServiceJourney:77c31f85027713b634cc8572e5979438,True,actual,False,,,,,2026-09-07T03:30:22.110925+02:00
NSR:StopPlace:59647,Dal stasjon,2026-09-08T01:31:00+02:00,2026-09-08T01:32:46+02:00,2026-09-08T01:32:46+02:00,106.0,1,Eidsvoll,VYG:Line:R13,Drammen-Oslo S-Dal,R13,rail,VYG:ServiceJourney:1679_443385-R,True,actual,False,,,,,2026-09-08T03:39:50.209703+02:00
NSR:StopPlace:58856,Lysaker stasjon,2026-09-08T01:19:00+02:00,2026-09-08T01:20:46+02:00,2026-09-08T01:20:46+02:00,106.0,1,Rykkinn,RUT:Line:160,Rykkinn -Nationaltheatret,160,bus,RUT:ServiceJourney:03f906551d9426551e3a34521db600eb,True,actual,False,,,,,2026-09-08T03:39:50.209703+02:00
NSR:StopPlace:61291,Stavanger stasjon,2026-09-07T21:53:00+02:00,2026-09-07T21:54:46+02:00,2026-09-07T21:54:46+02:00,106.0,1,Egersund,GOA:Line:59,Jærbanen,L5,rail,GOA:ServiceJourney:3072_63133-R,True,actual,False,,,,,2026-09-08T00:20:52.129880+02:00
NSR:StopPlace:59650,Nyland stasjon,2026-09-07T22:06:00+02:00,2026-09-07T22:07:46+02:00,2026-09-07T22:07:46+02:00,106.0,1,Lillestrøm,VYG:Line:L1,Spikkestad-Oslo S-Lillestrøm,L1,rail,VYG:ServiceJourney:2168_443578-R,True,actual,False,,,,,2026-09-08T00:20:52.129880+02:00
NSR:StopPlace:628,Darbu stasjon,2026-09-07T23:10:00+02:00,2026-09-07T23:11:46+02:00,2026-09-07T23:11:46+02:00,106.0,1,Kongsberg,VYG:Line:R12,Kongsberg-Oslo S-Eidsvoll,R12,rail,VYG:ServiceJourney:535_444345-R,True,actual,False,,,,,2026-09-08T00:20:52.129880+02:00
NSR:StopPlace:610,Sandvika stasjon,2026-09-07T21:24:00+02:00,2026-09-07T21:25:46+02:00,2026-09-07T21:25:46+02:00,106.0,1,Kongsberg,VYG:Line:R12,Kongsberg-Oslo S-Eidsvoll,R12,rail,VYG:ServiceJourney:533_444342-R,True,actual,False,,,,,2026-09-08T00:20:52.129880+02:00
NSR:StopPlace:60569,Sirevåg stasjon,2026-09-07T19:31:00+02:00,2026-09-07T19:32:46+02:00,2026-09-07T19:32:46+02:00,106.0,1,Stavanger,GOA:Line:59,Jærbanen,L5,rail,GOA:ServiceJourney:3061_63116-R,True,actual,False,,,,,2026-09-07T20:27:16.249662+02:00
NSR:StopPlace:58950,Åsen stasjon,2026-09-07T16:38:00+02:00,2026-09-07T16:39:46+02:00,2026-09-07T16:39:46+02:00,106.0,1,Ler,SJN:Line:26,Trønderbanen,R70,rail,SJN:ServiceJourney:442_56071-R,True,actual,False,,,,,2026-09-07T20:27:16.249662+02:00
NSR:StopPlace:58932,Hommelvik stasjon,2026-09-07T18:50:00+02:00,2026-09-07T18:51:46+02:00,2026-09-07T18:51:46+02:00,106.0,1,Marienborg via Brattøra,ATB:Line:2_70,Stjørdal/Hommelvik- Trondheim,70,bus,ATB:ServiceJourney:70_251215112546946_86,True,actual,False,,,,,2026-09-07T20:27:16.249662+02:00
NSR:StopPlace:58795,Kambo stasjon,2026-09-07T17:41:00+02:00,2026-09-07T17:42:46+02:00,2026-09-07T17:42:46+02:00,106.0,1,Skredderåsen-Moss sentrum,OST:Line:1_22,Skredderåsen-Kambo,22,bus,OST:ServiceJourney:22_260821062955089_80,True,actual,False,,,,,2026-09-07T20:27:16.249662+02:00
NSR:StopPlace:61979,Hellvik stasjon,2026-09-07T19:26:00+02:00,2026-09-07T19:27:46+02:00,2026-09-07T19:27:46+02:00,106.0,1,Stavanger,GOA:Line:59,Jærbanen,L5,rail,GOA:ServiceJourney:3061_63116-R,True,actual,False,,,,,2026-09-07T20:27:16.249662+02:00
NSR:StopPlace:58936,Skatval stasjon,2026-09-07T15:34:00+02:00,2026-09-07T15:35:46+02:00,2026-09-07T15:35:46+02:00,106.0,1,Steinkjer,SJN:Line:26,Trønderbanen,R70,rail,SJN:ServiceJourney:1761_56047-R,True,actual,False,,,,,2026-09-07T15:44:36.205822+02:00
NSR:StopPlace:58842,Blaker stasjon,2026-09-07T15:04:00+02:00,2026-09-07T15:05:46+02:00,2026-09-07T15:05:46+02:00,106.0,1,Grønnbekkvegen,RUT:Line:2633,Bingsfoss - Grønnbekkveien,2633,bus,RUT:ServiceJourney:c9b71adfb517eb597e7fe0125f751d3e,True,actual,False,,,,,2026-09-07T15:44:36.205822+02:00
NSR:StopPlace:58861,Solbråtan stasjon,2026-09-07T14:15:00+02:00,2026-09-07T14:16:46+02:00,2026-09-07T14:16:46+02:00,106.0,1,Bjørvika,RUT:Line:83,Jernbanetorget - Tårnåsen,83,bus,RUT:ServiceJourney:cd5d1b71d9ac348280e981bd872db76d,True,actual,False,Linje 80E og 83 får Hausmanns bru som ny endeholdeplass fra 29. juni,"Bussene stopper ikke på Jernbanetorget etter 29. juni, men starter og stopper på Hausmanns bru i Nylandsveien.",incident,normal,2026-09-07T15:44:36.205822+02:00
NSR:StopPlace:441,Auli stasjon,2026-09-07T15:16:00+02:00,2026-09-07T15:17:46+02:00,2026-09-07T15:17:46+02:00,106.0,1,Asker,VYG:Line:R14,Asker-Oslo S-Kongsvinger,R14,rail,VYG:ServiceJourney:1022_442930-R,True,actual,False,,,,,2026-09-07T15:44:36.205822+02:00
NSR:StopPlace:62339,Lillestrøm stasjon,2026-09-07T14:13:00+02:00,2026-09-07T14:14:46+02:00,2026-09-07T14:14:46+02:00,106.0,1,Trondheim S,SJN:Line:21,Dovrebanen,F6,rail,SJN:ServiceJourney:47-LOD_54214-R,True,actual,False,Heis i spor 1 og 2 er ute av bruk på grunn av vedlikehold.,Heis i spor 1 og 2 er ute av bruk på grunn av vedlikehold.,general,normal,2026-09-07T15:44:36.205822+02:00
NSR:StopPlace:59649,Nydalen stasjon,2026-09-07T06:48:00+02:00,2026-09-07T06:49:46+02:00,2026-09-07T06:49:46+02:00,106.0,1,Lysaker,RUT:Line:23,Lysaker - Simensbråten,23,bus,RUT:ServiceJourney:61a61d369956d9d2e5213292efa477de,True,actual,False,,,,,2026-09-07T08:42:24.659182+02:00
NSR:StopPlace:59635,Hauketo stasjon,2026-09-07T06:28:00+02:00,2026-09-07T06:29:46+02:00,2026-09-07T06:29:46+02:00,106.0,1,Enebakk kirke,RUT:Line:550,Enebakk - Oslo,550,bus,RUT:ServiceJourney:f7ec01389a5a6c2d62a156999ad1b190,True,actual,False,,,,,2026-09-07T08:42:24.659182+02:00
NSR:StopPlace:58966,Porsgrunn stasjon,2026-09-07T05:46:00+02:00,2026-09-07T05:47:46+02:00,2026-09-07T05:47:46+02:00,106.0,1,Lillestrøm,VYG:Line:RX11,Eidsvoll-Oslo S-Skien,RX11,rail,VYG:ServiceJourney:862_444428-R,True,actual,False,Heis på Porsgrunn ute av drift,Heisen på Porsgrunn til spor 2 er ute av drift.,general,normal,2026-09-07T08:42:24.659182+02:00
NSR:StopPlace:58936,Skatval stasjon,2026-09-07T05:57:00+02:00,2026-09-07T05:58:46+02:00,2026-09-07T05:58:46+02:00,106.0,1,Steinkjer,SJN:Line:26,Trønderbanen,R70,rail,SJN:ServiceJourney:421_56050-R,True,actual,False,,,,,2026-09-07T08:42:24.659182+02:00
NSR:StopPlace:58855,Leirsund stasjon,2026-09-07T07:26:00+02:00,2026-09-07T07:27:46+02:00,2026-09-07T07:27:46+02:00,106.0,1,Drammen,VYG:Line:R13,Drammen-Oslo S-Dal,R13,rail,VYG:ServiceJourney:1610_443230-R,True,actual,False,,,,,2026-09-07T08:42:24.659182+02:00
NSR:StopPlace:58856,Lysaker stasjon,2026-09-07T06:01:00+02:00,2026-09-07T06:02:46+02:00,2026-09-07T06:02:46+02:00,106.0,1,Dal,VYG:Line:R13,Drammen-Oslo S-Dal,R13,rail,VYG:ServiceJourney:1605_443222-R,True,actual,False,,,,,2026-09-07T08:42:24.659182+02:00
NSR:StopPlace:58859,Nordby stasjon,2026-09-07T08:23:00+02:00,2026-09-07T08:24:46+02:00,2026-09-07T08:24:46+02:00,106.0,1,Dal,VYG:Line:R13,Drammen-Oslo S-Dal,R13,rail,VYG:ServiceJourney:1611-SUD_443233-R,True,actual,False,,,,,2026-09-07T08:42:24.659182+02:00
NSR:StopPlace:58869,Ås stasjon,2026-09-07T07:15:00+02:00,2026-09-07T07:16:46+02:00,2026-09-07T07:16:46+02:00,106.0,1,Stabekk,VYG:Line:R21,Stabekk-Oslo S-Moss,R21,rail,VYG:ServiceJourney:1112-MOS_442987-R,True,actual,False,,,,,2026-09-07T08:42:24.659182+02:00
NSR:StopPlace:58876,Tønsberg stasjon,2026-09-07T07:27:00+02:00,2026-09-07T07:28:46+02:00,2026-09-07T07:28:46+02:00,106.0,1,Tønsberg,VKT:Line:521,Tønsberg-Stokke-Vestre Skjee,521,bus,VKT:ServiceJourney:17222,True,actual,False,,,,,2026-09-07T08:42:24.659182+02:00
NSR:StopPlace:441,Auli stasjon,2026-09-07T06:14:00+02:00,2026-09-07T06:15:46+02:00,2026-09-07T06:15:46+02:00,106.0,1,Asker,VYG:Line:R14,Asker-Oslo S-Kongsvinger,R14,rail,VYG:ServiceJourney:1004_442909-R,True,actual,False,,,,,2026-09-07T08:42:24.659182+02:00
NSR:StopPlace:610,Sandvika stasjon,2026-09-07T06:32:00+02:00,2026-09-07T06:33:46+02:00,2026-09-07T06:33:46+02:00,106.0,1,Lillestrøm,VYG:Line:L1,Spikkestad-Oslo S-Lillestrøm,L1,rail,VYG:ServiceJourney:2108_443512-R,True,actual,False,,,,,2026-09-07T08:42:24.659182+02:00
NSR:StopPlace:61608,Kristiansand stasjon,2026-09-07T02:17:00+02:00,2026-09-07T02:18:46+02:00,2026-09-07T02:18:46+02:00,106.0,1,Oslo S,GOA:Line:50,Sørtoget region,F5,rail,GOA:ServiceJourney:726-KVB_63257-R,True,actual,False,,,,,2026-09-07T03:30:22.110925+02:00
NSR:StopPlace:59872,Oslo S,2026-09-08T01:11:00+02:00,2026-09-08T01:12:45+02:00,2026-09-08T01:12:45+02:00,105.0,1,Drammen,VYG:Line:L1,Spikkestad-Oslo S-Lillestrøm,L1,rail,VYG:ServiceJourney:2281_443719-R,True,actual,False,,,,,2026-09-08T03:39:50.209703+02:00
NSR:StopPlace:6,Greverud stasjon,2026-09-07T22:03:00+02:00,2026-09-07T22:04:45+02:00,2026-09-07T22:04:45+02:00,105.0,1,Skøyen,VYG:Line:L2,Stabekk-Oslo S-Ski,L2,rail,VYG:ServiceJourney:2872-SKI_488400-R,True,actual,False,,,,,2026-09-08T00:20:52.129880+02:00
NSR:StopPlace:58964,Kløfta stasjon,2026-09-08T00:14:00+02:00,2026-09-08T00:15:45+02:00,2026-09-08T00:15:45+02:00,105.0,1,Dal,VYG:Line:R13,Drammen-Oslo S-Dal,R13,rail,VYG:ServiceJourney:1675_443375-R,True,actual,False,Færre vogner,Denne avgangen kjører dessverre med 5 vogner i stedet for 10 vogner. Dette skyldes at vi mangler et togsett.,general,normal,2026-09-08T00:20:52.129880+02:00
NSR:StopPlace:58932,Hommelvik stasjon,2026-09-07T23:13:00+02:00,2026-09-07T23:14:45+02:00,2026-09-07T23:14:45+02:00,105.0,1,Marienborg via Brattøra,ATB:Line:2_70,Stjørdal/Hommelvik- Trondheim,70,bus,ATB:ServiceJourney:70_251215112547008_112,True,actual,False,,,,,2026-09-08T00:20:52.129880+02:00
NSR:StopPlace:58853,Kolbotn stasjon,2026-09-07T22:50:00+02:00,2026-09-07T22:51:45+02:00,2026-09-07T22:51:45+02:00,105.0,1,Kolbotn,RUT:Line:87,Hauketo stasjon - Kolbotn,87,bus,RUT:ServiceJourney:051016f4b3d4ce9c40f7c2f23811203a,True,actual,False,,,,,2026-09-08T00:20:52.129880+02:00
NSR:StopPlace:58865,Vestby stasjon,2026-09-07T23:15:00+02:00,2026-09-07T23:16:45+02:00,2026-09-07T23:16:45+02:00,105.0,1,Moss,VYG:Line:R21,Stabekk-Oslo S-Moss,R21,rail,VYG:ServiceJourney:1171-HVK_443068-R,True,actual,False,,,,,2026-09-08T00:20:52.129880+02:00
NSR:StopPlace:59957,Klepp stasjon,2026-09-07T19:22:00+02:00,2026-09-07T19:23:45+02:00,2026-09-07T19:23:45+02:00,105.0,1,Egersund,GOA:Line:59,Jærbanen,L5,rail,GOA:ServiceJourney:3060_63114-R,True,actual,False,,,,,2026-09-07T20:27:16.249662+02:00
NSR:StopPlace:59639,Sonsveien stasjon,2026-09-07T19:25:00+02:00,2026-09-07T19:26:45+02:00,2026-09-07T19:26:45+02:00,105.0,1,Store Brevik - Son - Deør,RUT:Line:2545,Son med klokka,545A,bus,RUT:ServiceJourney:b626137c1625004c0d789040fcb3e889,True,actual,False,,,,,2026-09-07T20:27:16.249662+02:00
NSR:StopPlace:58858,Nittedal stasjon,2026-09-07T18:50:00+02:00,2026-09-07T18:51:45+02:00,2026-09-07T18:51:45+02:00,105.0,1,Lørenskog sentrum,RUT:Line:385,Nittedal stasjon - Olavsgaard - Ahus,385,bus,RUT:ServiceJourney:04fcf9c39259f8c0b282a644444124e1,True,actual,False,,,,,2026-09-07T20:27:16.249662+02:00
NSR:StopPlace:101,Sagdalen stasjon,2026-09-07T17:28:00+02:00,2026-09-07T17:29:45+02:00,2026-09-07T17:29:45+02:00,105.0,1,Asker,VYG:Line:L1,Spikkestad-Oslo S-Lillestrøm,L1,rail,VYG:ServiceJourney:2151_443560-R,True,actual,False,,,,,2026-09-07T20:27:16.249662+02:00
NSR:StopPlace:362,Jåttåvågen stasjon,2026-09-07T18:47:00+02:00,2026-09-07T18:48:45+02:00,2026-09-07T18:48:45+02:00,105.0,1,Skeiane,GOA:Line:59,Jærbanen,L5,rail,GOA:ServiceJourney:3156_63201-R,True,actual,False,,,,,2026-09-07T20:27:16.249662+02:00
NSR:StopPlace:60077,Støren stasjon,2026-09-07T15:05:00+02:00,2026-09-07T15:06:45+02:00,2026-09-07T15:06:45+02:00,105.0,1,Enodd,ATB:Line:2_5472,Kotsøy/Støren - Enodd Budalen,5472,bus,ATB:ServiceJourney:5472_260106098642176_16,True,actual,False,,,,,2026-09-07T15:44:36.205822+02:00
NSR:StopPlace:58847,Frogner stasjon,2026-09-07T15:04:00+02:00,2026-09-07T15:05:45+02:00,2026-09-07T15:05:45+02:00,105.0,1,Dal,VYG:Line:R13,Drammen-Oslo S-Dal,R13,rail,VYG:ServiceJourney:1639_443296-R,True,actual,False,,,,,2026-09-07T15:44:36.205822+02:00
NSR:StopPlace:58860,Oppegård stasjon,2026-09-07T14:01:00+02:00,2026-09-07T14:02:45+02:00,2026-09-07T14:02:45+02:00,105.0,1,Skøyen,VYG:Line:L2,Stabekk-Oslo S-Ski,L2,rail,VYG:ServiceJourney:2840-SKI_488383-R,True,actual,False,,,,,2026-09-07T15:44:36.205822+02:00
NSR:StopPlace:58874,Stokke stasjon,2026-09-07T15:21:00+02:00,2026-09-07T15:22:45+02:00,2026-09-07T15:22:45+02:00,105.0,1,Råstad-Sandefjord,VKT:Line:720,Sandefjord-Unneberg-Stokke,720,bus,VKT:ServiceJourney:17787,True,actual,False,,,,,2026-09-07T15:44:36.205822+02:00
NSR:StopPlace:6,Greverud stasjon,2026-09-07T08:33:00+02:00,2026-09-07T08:34:45+02:00,2026-09-07T08:34:45+02:00,105.0,1,Lysaker,VYG:Line:L2,Stabekk-Oslo S-Ski,L2,rail,VYG:ServiceJourney:2818-SKI_444030-R,True,actual,False,Færre vogner,Denne avgangen kjører dessverre med 3 vogner i stedet for 6 vogner. Dette skyldes at vi mangler et togsett.,general,normal,2026-09-07T08:42:24.659182+02:00
NSR:StopPlace:61464,Hvalstad stasjon,2026-09-07T06:39:00+02:00,2026-09-07T06:40:45+02:00,2026-09-07T06:40:45+02:00,105.0,1,Spikkestad,VYG:Line:L1,Spikkestad-Oslo S-Lillestrøm,L1,rail,VYG:ServiceJourney:2205_443593-R,True,actual,False,Færre vogner,Denne avgangen kjører dessverre med 4 vogner i stedet for 8 vogner. Dette skyldes at vi mangler et togsett.,general,normal,2026-09-07T08:42:24.659182+02:00
NSR:StopPlace:59658,Moi stasjon,2026-09-07T08:18:00+02:00,2026-09-07T08:19:45+02:00,2026-09-07T08:19:45+02:00,105.0,1,Oslo S,GOA:Line:50,Sørtoget region,F5,rail,GOA:ServiceJourney:706-KVB_63227-R,True,actual,False,,,,,2026-09-07T08:42:24.659182+02:00
NSR:StopPlace:59650,Nyland stasjon,2026-09-07T07:21:00+02:00,2026-09-07T07:22:45+02:00,2026-09-07T07:22:45+02:00,105.0,1,Lillestrøm,VYG:Line:L1,Spikkestad-Oslo S-Lillestrøm,L1,rail,VYG:ServiceJourney:2210_443601-R,True,actual,False,Færre vogner,Denne avgangen kjører dessverre med 4 vogner i stedet for 8 vogner. Dette skyldes at vi mangler et togsett.,general,normal,2026-09-07T08:42:24.659182+02:00
NSR:StopPlace:58814,Tolga stasjon,2026-09-07T07:08:00+02:00,2026-09-07T07:09:45+02:00,2026-09-07T07:09:45+02:00,105.0,1,Røros,INN:Line:182,Tynset - Røros,182,bus,INN:ServiceJourney:74858,True,actual,False,,,,,2026-09-07T08:42:24.659182+02:00
NSR:StopPlace:58825,Raufoss stasjon,2026-09-07T07:11:00+02:00,2026-09-07T07:12:45+02:00,2026-09-07T07:12:45+02:00,105.0,1,Lena,INN:Line:47,Lena-Kapp-Gjøvik-Raufoss-Lena,B47,bus,INN:ServiceJourney:76579,True,actual,False,,,,,2026-09-07T08:42:24.659182+02:00
NSR:StopPlace:362,Jåttåvågen stasjon,2026-09-07T04:48:00+02:00,2026-09-07T04:49:45+02:00,2026-09-07T04:49:45+02:00,105.0,1,Egersund,GOA:Line:59,Jærbanen,L5,rail,GOA:ServiceJourney:3004_63035-R,True,actual,False,,,,,2026-09-07T08:42:24.659182+02:00
NSR:StopPlace:362,Jåttåvågen stasjon,2026-09-07T07:47:00+02:00,2026-09-07T07:48:45+02:00,2026-09-07T07:48:45+02:00,105.0,1,Skeiane,GOA:Line:59,Jærbanen,L5,rail,GOA:ServiceJourney:3112_63157-R,True,actual,False,,,,,2026-09-07T08:42:24.659182+02:00
NSR:StopPlace:58404,Nationaltheatret,2026-09-07T03:04:00+02:00,2026-09-07T03:05:45+02:00,2026-09-07T03:05:45+02:00,105.0,1,Helsfyr,RUT:Line:37,Nydalen T - Helsfyr,37,bus,RUT:ServiceJourney:e313f7c279c1c719246ae70f985f370b,True,actual,False,,,,,2026-09-07T03:30:22.110925+02:00
NSR:StopPlace:59651,Skøyen stasjon,2026-09-08T00:34:00+02:00,2026-09-08T00:35:44+02:00,2026-09-08T00:35:44+02:00,104.0,1,Eidsvoll,VYG:Line:R13,Drammen-Oslo S-Dal,R13,rail,VYG:ServiceJourney:1679_443385-R,True,actual,False,,,,,2026-09-08T03:39:50.209703+02:00
NSR:StopPlace:61169,Marienborg stasjon,2026-09-07T21:45:00+02:00,2026-09-07T21:46:44+02:00,2026-09-07T21:46:44+02:00,104.0,1,Sandmoen via Flatåsen,ATB:Line:2_23,Brattøra - St. Olavs - Hallset - Flatåsen - Sandmoen,23,bus,ATB:ServiceJourney:23_251215112545474_124,True,actual,False,,,,,2026-09-08T00:20:52.129880+02:00
NSR:StopPlace:41,Hanaborg stasjon,2026-09-08T00:01:00+02:00,2026-09-08T00:02:44+02:00,2026-09-08T00:02:44+02:00,104.0,1,Lillestrøm,VYG:Line:L1,Spikkestad-Oslo S-Lillestrøm,L1,rail,VYG:ServiceJourney:2276_445376-R,True,actual,False,,,,,2026-09-08T00:20:52.129880+02:00
NSR:StopPlace:61897,Bryn stasjon,2026-09-07T22:20:00+02:00,2026-09-07T22:21:44+02:00,2026-09-07T22:21:44+02:00,104.0,1,Asker,VYG:Line:L1,Spikkestad-Oslo S-Lillestrøm,L1,rail,VYG:ServiceJourney:2169_443579-R,True,actual,False,,,,,2026-09-08T00:20:52.129880+02:00
NSR:StopPlace:58842,Blaker stasjon,2026-09-07T22:36:00+02:00,2026-09-07T22:37:44+02:00,2026-09-07T22:37:44+02:00,104.0,1,Kongsvinger,VYG:Line:R14,Asker-Oslo S-Kongsvinger,R14,rail,VYG:ServiceJourney:1035_442947-R,True,actual,False,,,,,2026-09-08T00:20:52.129880+02:00
NSR:StopPlace:58857,Lørenskog stasjon,2026-09-07T23:36:00+02:00,2026-09-07T23:37:44+02:00,2026-09-07T23:37:44+02:00,104.0,1,Asker,VYG:Line:L1,Spikkestad-Oslo S-Lillestrøm,L1,rail,VYG:ServiceJourney:2175_443586-R,True,actual,False,,,,,2026-09-08T00:20:52.129880+02:00
NSR:StopPlace:58850,Hauerseter stasjon,2026-09-08T00:00:00+02:00,2026-09-08T00:01:44+02:00,2026-09-08T00:01:44+02:00,104.0,1,Dal,VYG:Line:R13,Drammen-Oslo S-Dal,R13,rail,VYG:ServiceJourney:1673_443370-R,True,actual,False,,,,,2026-09-08T00:20:52.129880+02:00
NSR:StopPlace:61466,Vakås stasjon,2026-09-07T17:08:00+02:00,2026-09-07T17:09:44+02:00,2026-09-07T17:09:44+02:00,104.0,1,Lillestrøm,VYG:Line:L1,Spikkestad-Oslo S-Lillestrøm,L1,rail,VYG:ServiceJourney:2252_445350-R,True,actual,False,,,,,2026-09-07T20:27:16.249662+02:00
NSR:StopPlace:59872,Oslo S,2026-09-07T16:34:00+02:00,2026-09-07T16:35:44+02:00,2026-09-07T16:35:44+02:00,104.0,1,Roa,VYG:Line:RE30,Oslo S-Gjøvik,RE30,rail,VYG:ServiceJourney:BUS-1225_655075-R,True,actual,False,,,,,2026-09-07T20:27:16.249662+02:00
NSR:StopPlace:60042,Trengereid stasjon,2026-09-07T16:38:00+02:00,2026-09-07T16:39:44+02:00,2026-09-07T16:39:44+02:00,104.0,1,Myrdal,VYG:Line:R40,Bergen-Voss-Myrdal-Ål,R40,rail,VYG:ServiceJourney:1824_554550-R,True,actual,False,,,,,2026-09-07T20:27:16.249662+02:00
NSR:StopPlace:58861,Solbråtan stasjon,2026-09-07T19:41:00+02:00,2026-09-07T19:42:44+02:00,2026-09-07T19:42:44+02:00,104.0,1,Tårnåsen,RUT:Line:83,Jernbanetorget - Tårnåsen,83,bus,RUT:ServiceJourney:fdd4696cdadf99d1191760e2714e33df,True,actual,False,Linje 80E og 83 får Hausmanns bru som ny endeholdeplass fra 29. juni,"Bussene stopper ikke på Jernbanetorget etter 29. juni, men starter og stopper på Hausmanns bru i Nylandsveien.",incident,normal,2026-09-07T20:27:16.249662+02:00
NSR:StopPlace:313,Høybråten stasjon,2026-09-07T17:57:00+02:00,2026-09-07T17:58:44+02:00,2026-09-07T17:58:44+02:00,104.0,1,Lillestrøm,VYG:Line:L1,Spikkestad-Oslo S-Lillestrøm,L1,rail,VYG:ServiceJourney:2252_445350-R,True,actual,False,,,,,2026-09-07T20:27:16.249662+02:00
NSR:StopPlace:702,Sandnes sentrum stasjon,2026-09-07T16:40:00+02:00,2026-09-07T16:41:44+02:00,2026-09-07T16:41:44+02:00,104.0,1,Egersund,GOA:Line:59,Jærbanen,L5,rail,GOA:ServiceJourney:3050_63097-R,True,actual,False,,,,,2026-09-07T20:27:16.249662+02:00
NSR:StopPlace:59647,Dal stasjon,2026-09-07T14:56:00+02:00,2026-09-07T14:57:44+02:00,2026-09-07T14:57:44+02:00,104.0,1,Jessheim,RUT:Line:430,Eidsvoll - Jessheim,430,bus,RUT:ServiceJourney:954d49b03dbb0093f8a62e24ecc0c711,True,actual,False,,,,,2026-09-07T15:44:36.205822+02:00
NSR:StopPlace:58855,Leirsund stasjon,2026-09-07T15:00:00+02:00,2026-09-07T15:01:44+02:00,2026-09-07T15:01:44+02:00,104.0,1,Dal,VYG:Line:R13,Drammen-Oslo S-Dal,R13,rail,VYG:ServiceJourney:1639_443296-R,True,actual,False,,,,,2026-09-07T15:44:36.205822+02:00
NSR:StopPlace:58886,Arendal stasjon,2026-09-07T14:47:00+02:00,2026-09-07T14:48:44+02:00,2026-09-07T14:48:44+02:00,104.0,1,Eydehavn,AKT:Line:101,Eydehavn-Arendal-Grimstad N/S,101,bus,AKT:ServiceJourney:71873_272_90_99600_104280_40001426,True,actual,False,,,,,2026-09-07T15:44:36.205822+02:00
NSR:StopPlace:58889,Gjerstad stasjon,2026-09-07T15:30:00+02:00,2026-09-07T15:31:44+02:00,2026-09-07T15:31:44+02:00,104.0,1,Oslo S,GOA:Line:50,Sørtoget region,F5,rail,GOA:ServiceJourney:710-KVB_71575-R,True,actual,False,,,,,2026-09-07T15:44:36.205822+02:00
NSR:StopPlace:6,Greverud stasjon,2026-09-07T06:03:00+02:00,2026-09-07T06:04:44+02:00,2026-09-07T06:04:44+02:00,104.0,1,Lysaker,VYG:Line:L2,Stabekk-Oslo S-Ski,L2,rail,VYG:ServiceJourney:2808-SKI_444019-R,True,actual,False,,,,,2026-09-07T08:42:24.659182+02:00
NSR:StopPlace:61463,Nordstrand stasjon,2026-09-07T06:52:00+02:00,2026-09-07T06:53:44+02:00,2026-09-07T06:53:44+02:00,104.0,1,Lysaker,VYG:Line:L2,Stabekk-Oslo S-Ski,L2,rail,VYG:ServiceJourney:2810-SKI_444022-R,True,actual,False,Færre vogner,Denne avgangen kjører dessverre med 3 vogner i stedet for 6 vogner. Dette skyldes at vi mangler et togsett.,general,normal,2026-09-07T08:42:24.659182+02:00
NSR:StopPlace:61387,Skogn stasjon,2026-09-07T06:30:00+02:00,2026-09-07T06:31:44+02:00,2026-09-07T06:31:44+02:00,104.0,1,Steinkjer,SJN:Line:26,Trønderbanen,R70,rail,SJN:ServiceJourney:421_56050-R,True,actual,False,,,,,2026-09-07T08:42:24.659182+02:00
NSR:StopPlace:59650,Nyland stasjon,2026-09-07T07:29:00+02:00,2026-09-07T07:30:44+02:00,2026-09-07T07:30:44+02:00,104.0,1,Spikkestad,VYG:Line:L1,Spikkestad-Oslo S-Lillestrøm,L1,rail,VYG:ServiceJourney:2211_443602-R,True,actual,False,,,,,2026-09-07T08:42:24.659182+02:00
NSR:StopPlace:59653,Haugenstua stasjon,2026-09-07T07:40:00+02:00,2026-09-07T07:41:44+02:00,2026-09-07T07:41:44+02:00,104.0,1,Asker,VYG:Line:L1,Spikkestad-Oslo S-Lillestrøm,L1,rail,VYG:ServiceJourney:2111_728233-R,True,actual,False,Færre vogner,Denne avgangen kjører dessverre med 4 vogner i stedet for 8 vogner. Dette skyldes at vi mangler et togsett.,general,normal,2026-09-07T08:42:24.659182+02:00
NSR:StopPlace:58836,Mjøndalen stasjon,2026-09-07T06:27:00+02:00,2026-09-07T06:28:44+02:00,2026-09-07T06:28:44+02:00,104.0,1,Åsen,BRA:Line:4_6053,Mjøndalen - Åsen,53,bus,BRA:ServiceJourney:6053_260415100160450_1003,True,actual,False,,,,,2026-09-07T08:42:24.659182+02:00
NSR:StopPlace:58845,Eidsvoll verk stasjon,2026-09-07T08:16:00+02:00,2026-09-07T08:17:44+02:00,2026-09-07T08:17:44+02:00,104.0,1,Jessheim,RUT:Line:430,Eidsvoll - Jessheim,430,bus,RUT:ServiceJourney:c1b7f85a63d7879a8ca970d9db9eb1ba,True,actual,False,,,,,2026-09-07T08:42:24.659182+02:00
NSR:StopPlace:58846,Fetsund stasjon,2026-09-07T07:56:00+02:00,2026-09-07T07:57:44+02:00,2026-09-07T07:57:44+02:00,104.0,1,Bjørkelangen,RUT:Line:2171,Garderåsen - Bjørkelangen,2171,bus,RUT:ServiceJourney:15eaf4340a2fc4c59f20cac2f431a2b2,True,actual,False,,,,,2026-09-07T08:42:24.659182+02:00
NSR:StopPlace:58854,Langhus stasjon,2026-09-07T06:45:00+02:00,2026-09-07T06:46:44+02:00,2026-09-07T06:46:44+02:00,104.0,1,Siggerud,RUT:Line:516,Siggerud - Ski stasjon,516,bus,RUT:ServiceJourney:ff8278b9c1af13a89b7fbfa5d5faa0fa,True,actual,False,,,,,2026-09-07T08:42:24.659182+02:00
NSR:StopPlace:58854,Langhus stasjon,2026-09-07T07:25:00+02:00,2026-09-07T07:26:44+02:00,2026-09-07T07:26:44+02:00,104.0,1,Universitetet i Ås,RUT:Line:510,Bøleråsen - Ski - Ås - Drøbak,510,bus,RUT:ServiceJourney:9f029771b358dbe27f0ba51f0e147625,True,actual,False,,,,,2026-09-07T08:42:24.659182+02:00
NSR:StopPlace:58865,Vestby stasjon,2026-09-07T08:15:00+02:00,2026-09-07T08:16:44+02:00,2026-09-07T08:16:44+02:00,104.0,1,Moss,VYG:Line:R21,Stabekk-Oslo S-Moss,R21,rail,VYG:ServiceJourney:1111-HVK_442986-R,True,actual,False,,,,,2026-09-07T08:42:24.659182+02:00
NSR:StopPlace:58868,Årnes stasjon,2026-09-07T07:59:00+02:00,2026-09-07T08:00:44+02:00,2026-09-07T08:00:44+02:00,104.0,1,Runni,RUT:Line:455,Årnes -Rånåsfoss,455,bus,RUT:ServiceJourney:5fbbea91f3842894acdcc1378114ae99,True,actual,False,,,,,2026-09-07T08:42:24.659182+02:00
NSR:StopPlace:58869,Ås stasjon,2026-09-07T08:10:00+02:00,2026-09-07T08:11:44+02:00,2026-09-07T08:11:44+02:00,104.0,1,Moss,VYG:Line:R21,Stabekk-Oslo S-Moss,R21,rail,VYG:ServiceJourney:1111-HVK_442986-R,True,actual,False,,,,,2026-09-07T08:42:24.659182+02:00
NSR:StopPlace:58811,Moelv stasjon,2026-09-07T05:53:00+02:00,2026-09-07T05:54:44+02:00,2026-09-07T05:54:44+02:00,104.0,1,Drammen,VYG:Line:RE10,Drammen-Oslo S-Lillehammer,RE10,rail,VYG:ServiceJourney:304-HHS_487829-R,True,actual,False,,,,,2026-09-07T08:42:24.659182+02:00
NSR:StopPlace:222,Myrdal stasjon,2026-09-07T08:17:00+02:00,2026-09-07T08:18:44+02:00,2026-09-07T08:18:44+02:00,104.0,1,Flåm,VYG:Line:R45,Myrdal-Flåm,R45,rail,VYG:ServiceJourney:1851_465769-R,True,actual,False,,,,,2026-09-07T08:42:24.659182+02:00
NSR:StopPlace:708,Stange stasjon,2026-09-07T06:27:00+02:00,2026-09-07T06:28:44+02:00,2026-09-07T06:28:44+02:00,104.0,1,Drammen,VYG:Line:RE10,Drammen-Oslo S-Lillehammer,RE10,rail,VYG:ServiceJourney:304-HHS_487829-R,True,actual,False,,,,,2026-09-07T08:42:24.659182+02:00
NSR:StopPlace:610,Sandvika stasjon,2026-09-07T06:28:00+02:00,2026-09-07T06:29:44+02:00,2026-09-07T06:29:44+02:00,104.0,1,Oslo lufthavn,VYG:Line:RX11,Eidsvoll-Oslo S-Skien,RX11,rail,VYG:ServiceJourney:852_444422-R,True,actual,False,,,,,2026-09-07T08:42:24.659182+02:00
NSR:StopPlace:62309,Ljan stasjon,2026-09-07T06:50:00+02:00,2026-09-07T06:51:44+02:00,2026-09-07T06:51:44+02:00,104.0,1,Lysaker,VYG:Line:L2,Stabekk-Oslo S-Ski,L2,rail,VYG:ServiceJourney:2810-SKI_444022-R,True,actual,False,Færre vogner,Denne avgangen kjører dessverre med 3 vogner i stedet for 6 vogner. Dette skyldes at vi mangler et togsett.,general,normal,2026-09-07T08:42:24.659182+02:00
NSR:StopPlace:58843,Blommenholm stasjon,2026-09-08T01:28:30+02:00,2026-09-08T01:30:13+02:00,2026-09-08T01:30:13+02:00,103.0,1,Drammen,VYG:Line:L1,Spikkestad-Oslo S-Lillestrøm,L1,rail,VYG:ServiceJourney:2281_443719-R,True,actual,False,,,,,2026-09-08T03:39:50.209703+02:00
NSR:StopPlace:59642,Rånåsfoss stasjon,2026-09-07T21:38:00+02:00,2026-09-07T21:39:43+02:00,2026-09-07T21:39:43+02:00,103.0,1,Kongsvinger,VYG:Line:R14,Asker-Oslo S-Kongsvinger,R14,rail,VYG:ServiceJourney:1033_442944-R,True,actual,False,,,,,2026-09-08T00:20:52.129880+02:00
NSR:StopPlace:58838,Røyken stasjon,2026-09-07T22:08:00+02:00,2026-09-07T22:09:43+02:00,2026-09-07T22:09:43+02:00,103.0,1,Sætre,RUT:Line:261,Drammen - Lahell - Røyken - Sætre,261,bus,RUT:ServiceJourney:dfa89cc09e8735f204fe9ab0b5a8b2ca,True,actual,False,Fra 17/8 går linje 61-63-71-73-251-261 og skolebusser fra holdeplass ved Skutebrygga ut av byen.Les mer på brakar.no/trafikkmeldinger.,,general,normal,2026-09-08T00:20:52.129880+02:00
NSR:StopPlace:58854,Langhus stasjon,2026-09-07T21:39:00+02:00,2026-09-07T21:40:43+02:00,2026-09-07T21:40:43+02:00,103.0,1,Drøbak - Frogn vgs.,RUT:Line:510,Bøleråsen - Ski - Ås - Drøbak,510,bus,RUT:ServiceJourney:b86cffea1d9e11c0100ffe8aed21ffb6,True,actual,False,,,,,2026-09-08T00:20:52.129880+02:00
NSR:StopPlace:58802,Spydeberg stasjon,2026-09-07T22:20:00+02:00,2026-09-07T22:21:43+02:00,2026-09-07T22:21:43+02:00,103.0,1,Oslo S,VYG:Line:R22,Skøyen-Oslo S-Mysen-Rakkestad,R22,rail,VYG:ServiceJourney:1938_443493-R,True,actual,False,,,,,2026-09-08T00:20:52.129880+02:00
NSR:StopPlace:6,Greverud stasjon,2026-09-07T17:18:00+02:00,2026-09-07T17:19:43+02:00,2026-09-07T17:19:43+02:00,103.0,1,Stabekk,VYG:Line:L2,Stabekk-Oslo S-Ski,L2,rail,VYG:ServiceJourney:2754-SKI_443965-R,True,actual,False,,,,,2026-09-07T20:27:16.249662+02:00
NSR:StopPlace:6,Greverud stasjon,2026-09-07T18:03:00+02:00,2026-09-07T18:04:43+02:00,2026-09-07T18:04:43+02:00,103.0,1,Skøyen,VYG:Line:L2,Stabekk-Oslo S-Ski,L2,rail,VYG:ServiceJourney:2856-SKI_488390-R,True,actual,False,,,,,2026-09-07T20:27:16.249662+02:00
NSR:StopPlace:59261,Trondheim lufthavn,2026-09-07T17:03:00+02:00,2026-09-07T17:04:43+02:00,2026-09-07T17:04:43+02:00,103.0,1,Ler,SJN:Line:26,Trønderbanen,R70,rail,SJN:ServiceJourney:442_56071-R,True,actual,False,,,,,2026-09-07T20:27:16.249662+02:00
NSR:StopPlace:58835,Lier stasjon,2026-09-07T18:11:00+02:00,2026-09-07T18:12:43+02:00,2026-09-07T18:12:43+02:00,103.0,1,Dal,VYG:Line:R13,Drammen-Oslo S-Dal,R13,rail,VYG:ServiceJourney:1655_443331-R,True,actual,False,,,,,2026-09-07T20:27:16.249662+02:00
NSR:StopPlace:58845,Eidsvoll verk stasjon,2026-09-07T18:30:00+02:00,2026-09-07T18:31:43+02:00,2026-09-07T18:31:43+02:00,103.0,1,Eidsvoll,RUT:Line:430,Eidsvoll - Jessheim,430,bus,RUT:ServiceJourney:1e3f3de09dad31d92eedfaab05b0aff8,True,actual,False,,,,,2026-09-07T20:27:16.249662+02:00
NSR:StopPlace:206,Mariero stasjon,2026-09-07T19:09:00+02:00,2026-09-07T19:10:43+02:00,2026-09-07T19:10:43+02:00,103.0,1,Stavanger,GOA:Line:59,Jærbanen,L5,rail,GOA:ServiceJourney:3157_63202-R,True,actual,False,,,,,2026-09-07T20:27:16.249662+02:00
NSR:StopPlace:610,Sandvika stasjon,2026-09-07T17:45:00+02:00,2026-09-07T17:46:43+02:00,2026-09-07T17:46:43+02:00,103.0,1,Kongsvinger,VYG:Line:R14,Asker-Oslo S-Kongsvinger,R14,rail,VYG:ServiceJourney:1027_442937-R,True,actual,False,,,,,2026-09-07T20:27:16.249662+02:00
NSR:StopPlace:59983,Bergen stasjon,2026-09-07T11:49:00+02:00,2026-09-07T11:50:43+02:00,2026-09-07T11:50:43+02:00,103.0,1,Oslo S,VYG:Line:F4,Oslo S-Bergen,F4,rail,VYG:ServiceJourney:602-BRG_481321-R,True,actual,False,,,,,2026-09-07T15:44:36.205822+02:00
NSR:StopPlace:58860,Oppegård stasjon,2026-09-07T15:01:00+02:00,2026-09-07T15:02:43+02:00,2026-09-07T15:02:43+02:00,103.0,1,Lysaker,VYG:Line:L2,Stabekk-Oslo S-Ski,L2,rail,VYG:ServiceJourney:2844-SKI_444076-R,True,actual,False,,,,,2026-09-07T15:44:36.205822+02:00
NSR:StopPlace:59649,Nydalen stasjon,2026-09-07T07:51:00+02:00,2026-09-07T07:52:43+02:00,2026-09-07T07:52:43+02:00,103.0,1,Brynseng,RUT:Line:24,Fornebu vest - Brynseng T,24,bus,RUT:ServiceJourney:7d2b6dd500af8e9f81e5484d04306a40,True,actual,False,,,,,2026-09-07T08:42:24.659182+02:00
NSR:StopPlace:59639,Sonsveien stasjon,2026-09-07T06:39:00+02:00,2026-09-07T06:40:43+02:00,2026-09-07T06:40:43+02:00,103.0,1,Moss,RUT:Line:540,Moss - Son - Vestby stasjon,540,bus,RUT:ServiceJourney:e79b750c75d321c643d5c2687e7dbd54,True,actual,False,,,,,2026-09-07T08:42:24.659182+02:00
NSR:StopPlace:58963,Jessheim stasjon,2026-09-07T05:58:00+02:00,2026-09-07T05:59:43+02:00,2026-09-07T05:59:43+02:00,103.0,1,Fenstad,RUT:Line:440,Fenstad/Nordkisa - Oslo lufthavn,440,bus,RUT:ServiceJourney:a8ec200beb6b27b85b47bcf0fc916ba4,True,actual,False,,,,,2026-09-07T08:42:24.659182+02:00
NSR:StopPlace:58930,Larvik stasjon,2026-09-07T07:10:00+02:00,2026-09-07T07:11:43+02:00,2026-09-07T07:11:43+02:00,103.0,1,Stavern-Kysthospitalet,VKT:Line:4,Torp-Sandefjord-Larvik-Stavern,4,bus,VKT:ServiceJourney:17605,True,actual,False,,,,,2026-09-07T08:42:24.659182+02:00
NSR:StopPlace:58854,Langhus stasjon,2026-09-07T06:56:00+02:00,2026-09-07T06:57:43+02:00,2026-09-07T06:57:43+02:00,103.0,1,Drøbak - Frogn vgs.,RUT:Line:510,Bøleråsen - Ski - Ås - Drøbak,510,bus,RUT:ServiceJourney:e25969bf58735f4c2087a95f27f4c21a,True,actual,False,,,,,2026-09-07T08:42:24.659182+02:00
NSR:StopPlace:58868,Årnes stasjon,2026-09-07T06:37:00+02:00,2026-09-07T06:38:43+02:00,2026-09-07T06:38:43+02:00,103.0,1,Dragsjøvegen,RUT:Line:452,Auli - Årnes - Østgård - Årnes,452,bus,RUT:ServiceJourney:e46ab6ec3404fa0022981647bb64aa6f,True,actual,False,,,,,2026-09-07T08:42:24.659182+02:00
NSR:StopPlace:58868,Årnes stasjon,2026-09-07T07:48:00+02:00,2026-09-07T07:49:43+02:00,2026-09-07T07:49:43+02:00,103.0,1,Årnes - Runni,RUT:Line:450,Årnes - Oslo lufthavn,450,bus,RUT:ServiceJourney:fb63ae05aebe99d301f4fb5caeab9b96,True,actual,False,,,,,2026-09-07T08:42:24.659182+02:00
NSR:StopPlace:58803,Tomter stasjon,2026-09-07T06:16:00+02:00,2026-09-07T06:17:43+02:00,2026-09-07T06:17:43+02:00,103.0,1,Oslo S,VYG:Line:R22,Skøyen-Oslo S-Mysen-Rakkestad,R22,rail,VYG:ServiceJourney:1906_443441-R,True,actual,False,,,,,2026-09-07T08:42:24.659182+02:00
NSR:StopPlace:58811,Moelv stasjon,2026-09-07T08:37:00+02:00,2026-09-07T08:38:43+02:00,2026-09-07T08:38:43+02:00,103.0,1,Drammen,VYG:Line:RE10,Drammen-Oslo S-Lillehammer,RE10,rail,VYG:ServiceJourney:310-LHM_444152-R,True,actual,False,,,,,2026-09-07T08:42:24.659182+02:00
NSR:StopPlace:62311,Vigrestad stasjon,2026-09-07T06:06:00+02:00,2026-09-07T06:07:43+02:00,2026-09-07T06:07:43+02:00,103.0,1,Stavanger,GOA:Line:59,Jærbanen,L5,rail,GOA:ServiceJourney:3005_63036-R,True,actual,False,,,,,2026-09-07T08:42:24.659182+02:00
NSR:StopPlace:62310,Brusand stasjon,2026-09-07T06:10:00+02:00,2026-09-07T06:11:43+02:00,2026-09-07T06:11:43+02:00,103.0,1,Egersund,GOA:Line:59,Jærbanen,L5,rail,GOA:ServiceJourney:3006_63037-R,True,actual,False,,,,,2026-09-07T08:42:24.659182+02:00
NSR:StopPlace:610,Sandvika stasjon,2026-09-08T01:31:00+02:00,2026-09-08T01:32:42+02:00,2026-09-08T01:32:42+02:00,102.0,1,Drammen,VYG:Line:L1,Spikkestad-Oslo S-Lillestrøm,L1,rail,VYG:ServiceJourney:2281_443719-R,True,actual,False,,,,,2026-09-08T03:39:50.209703+02:00
NSR:StopPlace:61466,Vakås stasjon,2026-09-08T00:08:00+02:00,2026-09-08T00:09:42+02:00,2026-09-08T00:09:42+02:00,102.0,1,Lillestrøm,VYG:Line:L1,Spikkestad-Oslo S-Lillestrøm,L1,rail,VYG:ServiceJourney:2280_443718-R,True,actual,False,,,,,2026-09-08T00:20:52.129880+02:00
NSR:StopPlace:59648,Kjelsås stasjon,2026-09-07T22:25:00+02:00,2026-09-07T22:26:42+02:00,2026-09-07T22:26:42+02:00,102.0,1,Majorstuen,RUT:Line:25,Majorstuen-Haugerud,25,bus,RUT:ServiceJourney:603e79127fbc8f2d5dbe3728fd4c5636,True,actual,False,,,,,2026-09-08T00:20:52.129880+02:00
NSR:StopPlace:59641,Fjellhamar stasjon,2026-09-07T21:17:00+02:00,2026-09-07T21:18:42+02:00,2026-09-07T21:18:42+02:00,102.0,1,Spikkestad,VYG:Line:L1,Spikkestad-Oslo S-Lillestrøm,L1,rail,VYG:ServiceJourney:2267_443697-R,True,actual,False,,,,,2026-09-08T00:20:52.129880+02:00
NSR:StopPlace:59653,Haugenstua stasjon,2026-09-07T22:10:00+02:00,2026-09-07T22:11:42+02:00,2026-09-07T22:11:42+02:00,102.0,1,Asker,VYG:Line:L1,Spikkestad-Oslo S-Lillestrøm,L1,rail,VYG:ServiceJourney:2169_443579-R,True,actual,False,,,,,2026-09-08T00:20:52.129880+02:00
NSR:StopPlace:59653,Haugenstua stasjon,2026-09-07T23:55:00+02:00,2026-09-07T23:56:42+02:00,2026-09-07T23:56:42+02:00,102.0,1,Lillestrøm,VYG:Line:L1,Spikkestad-Oslo S-Lillestrøm,L1,rail,VYG:ServiceJourney:2276_445376-R,True,actual,False,,,,,2026-09-08T00:20:52.129880+02:00
NSR:StopPlace:59244,Egersund stasjon,2026-09-07T23:19:00+02:00,2026-09-07T23:20:42+02:00,2026-09-07T23:20:42+02:00,102.0,1,Stavanger,GOA:Line:59,Jærbanen,L5,rail,GOA:ServiceJourney:3077_63141-R,True,actual,False,,,,,2026-09-08T00:20:52.129880+02:00
NSR:StopPlace:58952,Bodø stasjon,2026-09-07T23:32:00+02:00,2026-09-07T23:33:42+02:00,2026-09-07T23:33:42+02:00,102.0,1,Tverlandet,NOR:Line:12_8004,Tverlandet - Bodø sentrum - Løpsmarka,4,bus,NOR:ServiceJourney:8004_251012124900587_1040,True,actual,False,,,,,2026-09-08T00:20:52.129880+02:00
NSR:StopPlace:58884,Skien stasjon,2026-09-07T21:46:00+02:00,2026-09-07T21:47:42+02:00,2026-09-07T21:47:42+02:00,102.0,1,Skjelsvik via Klyve-Kongerød,TEL:Line:8043,Skien-Klyve-Skjelsvik,M3,bus,TEL:ServiceJourney:127206,True,actual,False,,,,,2026-09-08T00:20:52.129880+02:00
NSR:StopPlace:313,Høybråten stasjon,2026-09-07T23:38:00+02:00,2026-09-07T23:39:42+02:00,2026-09-07T23:39:42+02:00,102.0,1,Asker,VYG:Line:L1,Spikkestad-Oslo S-Lillestrøm,L1,rail,VYG:ServiceJourney:2175_443586-R,True,actual,False,,,,,2026-09-08T00:20:52.129880+02:00
NSR:StopPlace:61387,Skogn stasjon,2026-09-07T17:05:00+02:00,2026-09-07T17:06:42+02:00,2026-09-07T17:06:42+02:00,102.0,1,Steinkjer,SJN:Line:26,Trønderbanen,R70,rail,SJN:ServiceJourney:1763_56048-R,True,actual,False,,,,,2026-09-07T20:27:16.249662+02:00
NSR:StopPlace:41,Hanaborg stasjon,2026-09-07T17:34:00+02:00,2026-09-07T17:35:42+02:00,2026-09-07T17:35:42+02:00,102.0,1,Asker,VYG:Line:L1,Spikkestad-Oslo S-Lillestrøm,L1,rail,VYG:ServiceJourney:2151_443560-R,True,actual,False,,,,,2026-09-07T20:27:16.249662+02:00
NSR:StopPlace:59653,Haugenstua stasjon,2026-09-07T19:10:00+02:00,2026-09-07T19:11:42+02:00,2026-09-07T19:11:42+02:00,102.0,1,Asker,VYG:Line:L1,Spikkestad-Oslo S-Lillestrøm,L1,rail,VYG:ServiceJourney:2157_443566-R,True,actual,False,,,,,2026-09-07T20:27:16.249662+02:00
NSR:StopPlace:58797,Mysen stasjon,2026-09-07T19:59:00+02:00,2026-09-07T20:00:42+02:00,2026-09-07T20:00:42+02:00,102.0,1,Rakkestad,VYG:Line:R22,Skøyen-Oslo S-Mysen-Rakkestad,R22,rail,VYG:ServiceJourney:1929_443482-R,True,actual,False,,,,,2026-09-07T20:27:16.249662+02:00
NSR:StopPlace:58844,Eidsvoll stasjon,2026-09-07T17:15:00+02:00,2026-09-07T17:16:42+02:00,2026-09-07T17:16:42+02:00,102.0,1,Sand,INN:Line:121,Eidsvoll - Sand,121,bus,INN:ServiceJourney:54638,True,actual,False,,,,,2026-09-07T20:27:16.249662+02:00
NSR:StopPlace:58850,Hauerseter stasjon,2026-09-07T18:30:00+02:00,2026-09-07T18:31:42+02:00,2026-09-07T18:31:42+02:00,102.0,1,Dal,VYG:Line:R13,Drammen-Oslo S-Dal,R13,rail,VYG:ServiceJourney:1651_481163-R,True,actual,False,,,,,2026-09-07T20:27:16.249662+02:00
NSR:StopPlace:58860,Oppegård stasjon,2026-09-07T19:16:00+02:00,2026-09-07T19:17:42+02:00,2026-09-07T19:17:42+02:00,102.0,1,Stabekk,VYG:Line:L2,Stabekk-Oslo S-Ski,L2,rail,VYG:ServiceJourney:2762-SKI_443977-R,True,actual,False,,,,,2026-09-07T20:27:16.249662+02:00
NSR:StopPlace:58862,Strømmen stasjon,2026-09-07T17:58:00+02:00,2026-09-07T17:59:42+02:00,2026-09-07T17:59:42+02:00,102.0,1,Lørenskog sentrum,RUT:Line:385,Nittedal stasjon - Olavsgaard - Ahus,385,bus,RUT:ServiceJourney:4acadfe8ce0340437a236e7a626cbf8f,True,actual,False,,,,,2026-09-07T20:27:16.249662+02:00
NSR:StopPlace:313,Høybråten stasjon,2026-09-07T17:53:00+02:00,2026-09-07T17:54:42+02:00,2026-09-07T17:54:42+02:00,102.0,1,Spikkestad,VYG:Line:L1,Spikkestad-Oslo S-Lillestrøm,L1,rail,VYG:ServiceJourney:2253_443674-R,True,actual,False,Færre vogner,Denne avgangen kjører dessverre med 4 vogner i stedet for 8 vogner. Dette skyldes at vi mangler et togsett.,general,normal,2026-09-07T20:27:16.249662+02:00
NSR:StopPlace:441,Auli stasjon,2026-09-07T18:42:00+02:00,2026-09-07T18:43:42+02:00,2026-09-07T18:43:42+02:00,102.0,1,Kongsvinger,VYG:Line:R14,Asker-Oslo S-Kongsvinger,R14,rail,VYG:ServiceJourney:1027_442937-R,True,actual,False,,,,,2026-09-07T20:27:16.249662+02:00
NSR:StopPlace:62393,Billingstad stasjon,2026-09-07T18:22:00+02:00,2026-09-07T18:23:42+02:00,2026-09-07T18:23:42+02:00,102.0,1,Asker,VYG:Line:L1,Spikkestad-Oslo S-Lillestrøm,L1,rail,VYG:ServiceJourney:2151_443560-R,True,actual,False,,,,,2026-09-07T20:27:16.249662+02:00
NSR:StopPlace:59647,Dal stasjon,2026-09-07T14:01:00+02:00,2026-09-07T14:02:42+02:00,2026-09-07T14:02:42+02:00,102.0,1,Eidsvoll,RUT:Line:430,Eidsvoll - Jessheim,430,bus,RUT:ServiceJourney:37a31835afee2efdd0fde43d8f2d3f0e,True,actual,False,,,,,2026-09-07T15:44:36.205822+02:00
NSR:StopPlace:60078,Kongsvoll stasjon,2026-09-07T15:08:00+02:00,2026-09-07T15:09:42+02:00,2026-09-07T15:09:42+02:00,102.0,1,Oslo S,SJN:Line:21,Dovrebanen,F6,rail,SJN:ServiceJourney:46-TND_48003-R,True,actual,False,,,,,2026-09-07T15:44:36.205822+02:00
NSR:StopPlace:58948,Stjørdal stasjon,2026-09-07T15:29:00+02:00,2026-09-07T15:30:42+02:00,2026-09-07T15:30:42+02:00,102.0,1,A Marienborg via Innherredsveien,ATB:Line:2_70,Stjørdal/Hommelvik- Trondheim,70,bus,ATB:ServiceJourney:70_251215112546916_66,True,actual,False,,,,,2026-09-07T15:44:36.205822+02:00
NSR:StopPlace:58877,Bø stasjon,2026-09-07T15:12:00+02:00,2026-09-07T15:13:42+02:00,2026-09-07T15:13:42+02:00,102.0,1,Folkestad-Nordbø,TEL:Line:8116,Bø-Folkestad-Nordbø-Breisås,116,bus,TEL:ServiceJourney:125936,True,actual,False,,,,,2026-09-07T15:44:36.205822+02:00
NSR:StopPlace:58805,Brumunddal stasjon,2026-09-07T14:43:00+02:00,2026-09-07T14:44:42+02:00,2026-09-07T14:44:42+02:00,102.0,1,Brumunddal,INN:Line:641,Brumunddal-Jessnes-Furnes u.sk,641,bus,INN:ServiceJourney:83308,True,actual,False,,,,,2026-09-07T15:44:36.205822+02:00
NSR:StopPlace:60640,Heimdal stasjon,2026-09-07T06:08:00+02:00,2026-09-07T06:09:42+02:00,2026-09-07T06:09:42+02:00,102.0,1,Oslo S,SJN:Line:21,Dovrebanen,F6,rail,SJN:ServiceJourney:40-TND_48233-R,True,actual,False,,,,,2026-09-07T08:42:24.659182+02:00
NSR:StopPlace:59650,Nyland stasjon,2026-09-07T07:45:00+02:00,2026-09-07T07:46:42+02:00,2026-09-07T07:46:42+02:00,102.0,1,Vestvollen,RUT:Line:345,Vestvollen - Økern,345,bus,RUT:ServiceJourney:b391d24c8149f5a8cef2c40938a778ca,True,actual,False,,,,,2026-09-07T08:42:24.659182+02:00
NSR:StopPlace:59958,Voss stasjon,2026-09-07T08:05:00+02:00,2026-09-07T08:06:42+02:00,2026-09-07T08:06:42+02:00,102.0,1,Sivlevegen,SKY:Line:964,Voss-Skjerpe/Sivlevegen(Ringbuss),964,bus,SKY:ServiceJourney:964-205165-20969012,True,actual,False,,,,,2026-09-07T08:42:24.659182+02:00
NSR:StopPlace:59620,Grorud stasjon,2026-09-07T06:19:00+02:00,2026-09-07T06:20:42+02:00,2026-09-07T06:20:42+02:00,102.0,1,Åsbråten,RUT:Line:79,Grorud T - Åsbråten,79,bus,RUT:ServiceJourney:5e08cc7332894c85bfa96fe302825fad,True,actual,False,,,,,2026-09-07T08:42:24.659182+02:00
NSR:StopPlace:58947,Steinkjer stasjon,2026-09-07T07:58:00+02:00,2026-09-07T07:59:42+02:00,2026-09-07T07:59:42+02:00,102.0,1,Beitstad skole,ATB:Line:2_731,Namdalseid - Steinkj,731,bus,ATB:ServiceJourney:731_260106098641162_3,True,actual,False,,,,,2026-09-07T08:42:24.659182+02:00
NSR:StopPlace:58864,Sørumsand stasjon,2026-09-07T07:30:00+02:00,2026-09-07T07:31:42+02:00,2026-09-07T07:31:42+02:00,102.0,1,Kongsvinger,VYG:Line:R14,Asker-Oslo S-Kongsvinger,R14,rail,VYG:ServiceJourney:1005_442910-R,True,actual,False,,,,,2026-09-07T08:42:24.659182+02:00
NSR:StopPlace:58866,Vevelstad stasjon,2026-09-07T06:06:00+02:00,2026-09-07T06:07:42+02:00,2026-09-07T06:07:42+02:00,102.0,1,Drøbak - Frogn vgs.,RUT:Line:510,Bøleråsen - Ski - Ås - Drøbak,510,bus,RUT:ServiceJourney:a4ed8d7c9788c33f2fb96669b7820810,True,actual,False,,,,,2026-09-07T08:42:24.659182+02:00
NSR:StopPlace:58869,Ås stasjon,2026-09-07T07:40:00+02:00,2026-09-07T07:41:42+02:00,2026-09-07T07:41:42+02:00,102.0,1,Moss,VYG:Line:R21,Stabekk-Oslo S-Moss,R21,rail,VYG:ServiceJourney:1109-HVK_442980-R,True,actual,False,,,,,2026-09-07T08:42:24.659182+02:00
NSR:StopPlace:58861,Solbråtan stasjon,2026-09-07T05:45:00+02:00,2026-09-07T05:46:42+02:00,2026-09-07T05:46:42+02:00,102.0,1,Bjørvika,RUT:Line:83,Jernbanetorget - Tårnåsen,83,bus,RUT:ServiceJourney:3061382978476cbad8719238ee834ec0,True,actual,False,Linje 80E og 83 får Hausmanns bru som ny endeholdeplass fra 29. juni,"Bussene stopper ikke på Jernbanetorget etter 29. juni, men starter og stopper på Hausmanns bru i Nylandsveien.",incident,normal,2026-09-07T08:42:24.659182+02:00
NSR:StopPlace:58871,Sande stasjon,2026-09-07T08:40:00+02:00,2026-09-07T08:41:42+02:00,2026-09-07T08:41:42+02:00,102.0,1,Skafjell-Selvik skole,VKT:Line:10,Drammen-Skoger-Sande,10,bus,VKT:ServiceJourney:104145,True,actual,False,,,,,2026-09-07T08:42:24.659182+02:00
NSR:StopPlace:58886,Arendal stasjon,2026-09-07T08:39:00+02:00,2026-09-07T08:40:42+02:00,2026-09-07T08:40:42+02:00,102.0,1,Tromøy Vest,AKT:Line:103,Tromøy Vest-Arendal-Hisøy,103,bus,AKT:ServiceJourney:83633_52_50_59400_62040_40001024,True,actual,False,,,,,2026-09-07T08:42:24.659182+02:00
NSR:StopPlace:628,Darbu stasjon,2026-09-07T06:47:00+02:00,2026-09-07T06:48:42+02:00,2026-09-07T06:48:42+02:00,102.0,1,Eidsvoll,VYG:Line:R12,Kongsberg-Oslo S-Eidsvoll,R12,rail,VYG:ServiceJourney:506_481316-R,True,actual,False,,,,,2026-09-07T08:42:24.659182+02:00
NSR:StopPlace:62308,Alna stasjon,2026-09-07T08:32:00+02:00,2026-09-07T08:33:42+02:00,2026-09-07T08:33:42+02:00,102.0,1,Spikkestad,VYG:Line:L1,Spikkestad-Oslo S-Lillestrøm,L1,rail,VYG:ServiceJourney:2215_443608-R,True,actual,False,,,,,2026-09-07T08:42:24.659182+02:00
NSR:StopPlace:59654,Stabekk stasjon,2026-09-08T01:24:00+02:00,2026-09-08T01:25:41+02:00,2026-09-08T01:25:41+02:00,101.0,1,Drammen,VYG:Line:L1,Spikkestad-Oslo S-Lillestrøm,L1,rail,VYG:ServiceJourney:2281_443719-R,True,actual,False,,,,,2026-09-08T03:39:50.209703+02:00
NSR:StopPlace:59648,Kjelsås stasjon,2026-09-07T23:25:00+02:00,2026-09-07T23:26:41+02:00,2026-09-07T23:26:41+02:00,101.0,1,Kværnerbyen,RUT:Line:54,Kværnerbyen - Kjelsås stasjon,54,bus,RUT:ServiceJourney:72da80949e8f59105e8a4b38479c46e9,True,actual,False,,,,,2026-09-08T00:20:52.129880+02:00
NSR:StopPlace:58853,Kolbotn stasjon,2026-09-07T22:43:00+02:00,2026-09-07T22:44:41+02:00,2026-09-07T22:44:41+02:00,101.0,1,Ski stasjon,RUT:Line:580,Kolbotn - Ski,580,bus,RUT:ServiceJourney:533211632a655a30e329ee67262fa858,True,actual,False,,,,,2026-09-08T00:20:52.129880+02:00
NSR:StopPlace:58854,Langhus stasjon,2026-09-07T22:14:00+02:00,2026-09-07T22:15:41+02:00,2026-09-07T22:15:41+02:00,101.0,1,Bøleråsen,RUT:Line:510,Bøleråsen - Ski - Ås - Drøbak,510,bus,RUT:ServiceJourney:1675a5e75625ff8a6ca2e40d7f5a511d,True,actual,False,,,,,2026-09-08T00:20:52.129880+02:00
NSR:StopPlace:58862,Strømmen stasjon,2026-09-07T23:36:00+02:00,2026-09-07T23:37:41+02:00,2026-09-07T23:37:41+02:00,101.0,1,Nittedal,RUT:Line:385,Nittedal stasjon - Olavsgaard - Ahus,385,bus,RUT:ServiceJourney:fc449144a65f0886960e0d1325b99efa,True,actual,False,,,,,2026-09-08T00:20:52.129880+02:00
NSR:StopPlace:58870,Holmestrand stasjon,2026-09-07T21:31:00+02:00,2026-09-07T21:32:41+02:00,2026-09-07T21:32:41+02:00,101.0,1,Skien,VYG:Line:RE11,Eidsvoll-Oslo S-Skien,RE11,rail,VYG:ServiceJourney:833_444413-R,True,actual,False,Færre vogner,Denne avgangen kjører dessverre med 5 vogner i stedet for 10 vogner. Dette skyldes at vi mangler et togsett.,general,normal,2026-09-08T00:20:52.129880+02:00
NSR:StopPlace:362,Jåttåvågen stasjon,2026-09-07T22:02:00+02:00,2026-09-07T22:03:41+02:00,2026-09-07T22:03:41+02:00,101.0,1,Egersund,GOA:Line:59,Jærbanen,L5,rail,GOA:ServiceJourney:3072_63133-R,True,actual,False,,,,,2026-09-08T00:20:52.129880+02:00
NSR:StopPlace:62339,Lillestrøm stasjon,2026-09-07T20:56:00+02:00,2026-09-07T20:57:41+02:00,2026-09-07T20:57:41+02:00,101.0,1,Kongsberg,VYG:Line:R12,Kongsberg-Oslo S-Eidsvoll,R12,rail,VYG:ServiceJourney:533_444342-R,True,actual,False,Heis i spor 1 og 2 er ute av bruk på grunn av vedlikehold.,Heis i spor 1 og 2 er ute av bruk på grunn av vedlikehold.,general,normal,2026-09-08T00:20:52.129880+02:00
NSR:StopPlace:61464,Hvalstad stasjon,2026-09-07T18:25:00+02:00,2026-09-07T18:26:41+02:00,2026-09-07T18:26:41+02:00,101.0,1,Asker,VYG:Line:L1,Spikkestad-Oslo S-Lillestrøm,L1,rail,VYG:ServiceJourney:2151_443560-R,True,actual,False,,,,,2026-09-07T20:27:16.249662+02:00
NSR:StopPlace:61326,Gulskogen stasjon,2026-09-07T17:48:00+02:00,2026-09-07T17:49:41+02:00,2026-09-07T17:49:41+02:00,101.0,1,Kongsberg,VYG:Line:R12,Kongsberg-Oslo S-Eidsvoll,R12,rail,VYG:ServiceJourney:525_444330-R,True,actual,False,Normal hastighet: Gulskogen–Mjøndalen,"Gulskogen–Mjøndalen: Togene kjører med normal fart igjen. Togene kjører, men det kan ta litt tid før de er i rute. Du må derfor regne med forsinkelser.",general,normal,2026-09-07T20:27:16.249662+02:00
NSR:StopPlace:58932,Hommelvik stasjon,2026-09-07T17:34:00+02:00,2026-09-07T17:35:41+02:00,2026-09-07T17:35:41+02:00,101.0,1,Marienborg via Brattøra,ATB:Line:2_70,Stjørdal/Hommelvik- Trondheim,70,bus,ATB:ServiceJourney:70_251215112547000_78,True,actual,False,,,,,2026-09-07T20:27:16.249662+02:00
NSR:StopPlace:58936,Skatval stasjon,2026-09-07T16:53:00+02:00,2026-09-07T16:54:41+02:00,2026-09-07T16:54:41+02:00,101.0,1,Ler,SJN:Line:26,Trønderbanen,R70,rail,SJN:ServiceJourney:442_56071-R,True,actual,False,,,,,2026-09-07T20:27:16.249662+02:00
NSR:StopPlace:62341,Tangen stasjon,2026-09-07T17:34:00+02:00,2026-09-07T17:35:41+02:00,2026-09-07T17:35:41+02:00,101.0,1,Drammen,VYG:Line:RE10,Drammen-Oslo S-Lillehammer,RE10,rail,VYG:ServiceJourney:326-LHM_444219-R,True,actual,False,,,,,2026-09-07T20:27:16.249662+02:00
NSR:StopPlace:59653,Haugenstua stasjon,2026-09-07T14:40:00+02:00,2026-09-07T14:41:41+02:00,2026-09-07T14:41:41+02:00,101.0,1,Lillestrøm,VYG:Line:L1,Spikkestad-Oslo S-Lillestrøm,L1,rail,VYG:ServiceJourney:2138_443545-R,True,actual,False,,,,,2026-09-07T15:44:36.205822+02:00
NSR:StopPlace:60603,Kongsberg stasjon,2026-09-07T14:35:00+02:00,2026-09-07T14:36:41+02:00,2026-09-07T14:36:41+02:00,101.0,1,Eidsvoll,VYG:Line:R12,Kongsberg-Oslo S-Eidsvoll,R12,rail,VYG:ServiceJourney:522_481319-R,True,actual,False,,,,,2026-09-07T15:44:36.205822+02:00
NSR:StopPlace:58950,Åsen stasjon,2026-09-07T15:37:00+02:00,2026-09-07T15:38:41+02:00,2026-09-07T15:38:41+02:00,101.0,1,Ler,SJN:Line:26,Trønderbanen,R70,rail,SJN:ServiceJourney:440_56069-R,True,actual,False,,,,,2026-09-07T15:44:36.205822+02:00
NSR:StopPlace:58808,Kongsvinger stasjon,2026-09-07T15:28:00+02:00,2026-09-07T15:29:41+02:00,2026-09-07T15:29:41+02:00,101.0,1,Sykehuset - Bogeråsen,INN:Line:81,Bogeråsen - Rasta,B81,bus,INN:ServiceJourney:54316,True,actual,False,,,,,2026-09-07T15:44:36.205822+02:00
NSR:StopPlace:61466,Vakås stasjon,2026-09-07T06:41:00+02:00,2026-09-07T06:42:41+02:00,2026-09-07T06:42:41+02:00,101.0,1,Spikkestad,VYG:Line:L1,Spikkestad-Oslo S-Lillestrøm,L1,rail,VYG:ServiceJourney:2205_443593-R,True,actual,False,Færre vogner,Denne avgangen kjører dessverre med 4 vogner i stedet for 8 vogner. Dette skyldes at vi mangler et togsett.,general,normal,2026-09-07T08:42:24.659182+02:00
NSR:StopPlace:61326,Gulskogen stasjon,2026-09-07T05:12:00+02:00,2026-09-07T05:13:41+02:00,2026-09-07T05:13:41+02:00,101.0,1,Eidsvoll,VYG:Line:R12,Kongsberg-Oslo S-Eidsvoll,R12,rail,VYG:ServiceJourney:502_444293-R,True,actual,False,,,,,2026-09-07T08:42:24.659182+02:00
NSR:StopPlace:59649,Nydalen stasjon,2026-09-07T07:16:00+02:00,2026-09-07T07:17:41+02:00,2026-09-07T07:17:41+02:00,101.0,1,Simensbråten,RUT:Line:23,Lysaker - Simensbråten,23,bus,RUT:ServiceJourney:238c27fd57a79e32dece03a020b63269,True,actual,False,,,,,2026-09-07T08:42:24.659182+02:00
NSR:StopPlace:58950,Åsen stasjon,2026-09-07T05:59:00+02:00,2026-09-07T06:00:41+02:00,2026-09-07T06:00:41+02:00,101.0,1,Lerkendal,SJN:Line:26,Trønderbanen,R70,rail,SJN:ServiceJourney:1760_56046-R,True,actual,False,,,,,2026-09-07T08:42:24.659182+02:00
NSR:StopPlace:58796,Moss stasjon,2026-09-07T06:43:00+02:00,2026-09-07T06:44:41+02:00,2026-09-07T06:44:41+02:00,101.0,1,Göteborg C,VYG:Line:RE20,Oslo S-Halden-Göteborg (X-Border),RE20,rail,VYG:ServiceJourney:103-383_464567-R,True,actual,False,,,,,2026-09-07T08:42:24.659182+02:00
NSR:StopPlace:58836,Mjøndalen stasjon,2026-09-07T07:05:00+02:00,2026-09-07T07:06:41+02:00,2026-09-07T07:06:41+02:00,101.0,1,Eidsvoll,VYG:Line:R12,Kongsberg-Oslo S-Eidsvoll,R12,rail,VYG:ServiceJourney:506_481316-R,True,actual,False,,,,,2026-09-07T08:42:24.659182+02:00
NSR:StopPlace:58848,Haga stasjon,2026-09-07T06:11:00+02:00,2026-09-07T06:12:41+02:00,2026-09-07T06:12:41+02:00,101.0,1,Asker,VYG:Line:R14,Asker-Oslo S-Kongsvinger,R14,rail,VYG:ServiceJourney:1004_442909-R,True,actual,False,,,,,2026-09-07T08:42:24.659182+02:00
NSR:StopPlace:58856,Lysaker stasjon,2026-09-07T06:05:00+02:00,2026-09-07T06:06:41+02:00,2026-09-07T06:06:41+02:00,101.0,1,Gullhaug,RUT:Line:150,Gullhaug - Nationaltheatret,150,bus,RUT:ServiceJourney:92004934db164fb36c369fd7bd9257d4,True,actual,False,,,,,2026-09-07T08:42:24.659182+02:00
NSR:StopPlace:58851,Heggedal stasjon,2026-09-07T06:24:00+02:00,2026-09-07T06:25:41+02:00,2026-09-07T06:25:41+02:00,101.0,1,Lillestrøm,VYG:Line:L1,Spikkestad-Oslo S-Lillestrøm,L1,rail,VYG:ServiceJourney:2210_443601-R,True,actual,False,Færre vogner,Denne avgangen kjører dessverre med 4 vogner i stedet for 8 vogner. Dette skyldes at vi mangler et togsett.,general,normal,2026-09-07T08:42:24.659182+02:00
NSR:StopPlace:58861,Solbråtan stasjon,2026-09-07T05:41:00+02:00,2026-09-07T05:42:41+02:00,2026-09-07T05:42:41+02:00,101.0,1,Tårnåsen,RUT:Line:83,Jernbanetorget - Tårnåsen,83,bus,RUT:ServiceJourney:fafe9ed624c0acfc8620488ace1cd800,True,actual,False,Linje 80E og 83 får Hausmanns bru som ny endeholdeplass fra 29. juni,"Bussene stopper ikke på Jernbanetorget etter 29. juni, men starter og stopper på Hausmanns bru i Nylandsveien.",incident,normal,2026-09-07T08:42:24.659182+02:00
NSR:StopPlace:58862,Strømmen stasjon,2026-09-07T07:13:00+02:00,2026-09-07T07:14:41+02:00,2026-09-07T07:14:41+02:00,101.0,1,Lørenskog sentrum,RUT:Line:385,Nittedal stasjon - Olavsgaard - Ahus,385,bus,RUT:ServiceJourney:cbbecfab5716c2e8fa653a7c218ab0ee,True,actual,False,,,,,2026-09-07T08:42:24.659182+02:00
NSR:StopPlace:58873,Skoppum stasjon,2026-09-07T08:20:00+02:00,2026-09-07T08:21:41+02:00,2026-09-07T08:21:41+02:00,101.0,1,Bakkenteigen,VKT:Line:410,Skoppum st-Bakkenteigen,410,bus,VKT:ServiceJourney:17127,True,actual,False,,,,,2026-09-07T08:42:24.659182+02:00
NSR:StopPlace:58823,Jaren stasjon,2026-09-07T07:20:00+02:00,2026-09-07T07:21:41+02:00,2026-09-07T07:21:41+02:00,101.0,1,Roa,VYG:Line:RE30,Oslo S-Gjøvik,RE30,rail,VYG:ServiceJourney:1206-GJOe_589116-R,True,actual,False,,,,,2026-09-07T08:42:24.659182+02:00
NSR:StopPlace:58825,Raufoss stasjon,2026-09-07T06:33:00+02:00,2026-09-07T06:34:41+02:00,2026-09-07T06:34:41+02:00,101.0,1,Raufosshallen,INN:Line:47,Lena-Kapp-Gjøvik-Raufoss-Lena,B47,bus,INN:ServiceJourney:76578,True,actual,False,,,,,2026-09-07T08:42:24.659182+02:00
NSR:StopPlace:58211,Oslo lufthavn,2026-09-07T05:40:00+02:00,2026-09-07T05:41:41+02:00,2026-09-07T05:41:41+02:00,101.0,1,Fenstad,RUT:Line:440,Fenstad/Nordkisa - Oslo lufthavn,440,bus,RUT:ServiceJourney:a8ec200beb6b27b85b47bcf0fc916ba4,True,actual,False,,,,,2026-09-07T08:42:24.659182+02:00
NSR:StopPlace:362,Jåttåvågen stasjon,2026-09-07T07:52:00+02:00,2026-09-07T07:53:41+02:00,2026-09-07T07:53:41+02:00,101.0,1,Stavanger,GOA:Line:59,Jærbanen,L5,rail,GOA:ServiceJourney:3011_63043-R,True,actual,False,,,,,2026-09-07T08:42:24.659182+02:00
NSR:StopPlace:610,Sandvika stasjon,2026-09-07T07:18:00+02:00,2026-09-07T07:19:41+02:00,2026-09-07T07:19:41+02:00,101.0,1,Lillestrøm,VYG:Line:L1,Spikkestad-Oslo S-Lillestrøm,L1,rail,VYG:ServiceJourney:2212_764749-R,True,actual,False,Færre vogner,Denne avgangen kjører dessverre med 4 vogner i stedet for 8 vogner. Dette skyldes at vi mangler et togsett.,general,normal,2026-09-07T08:42:24.659182+02:00
NSR:StopPlace:62393,Billingstad stasjon,2026-09-07T06:36:00+02:00,2026-09-07T06:37:41+02:00,2026-09-07T06:37:41+02:00,101.0,1,Spikkestad,VYG:Line:L1,Spikkestad-Oslo S-Lillestrøm,L1,rail,VYG:ServiceJourney:2205_443593-R,True,actual,False,Færre vogner,Denne avgangen kjører dessverre med 4 vogner i stedet for 8 vogner. Dette skyldes at vi mangler et togsett.,general,normal,2026-09-07T08:42:24.659182+02:00
NSR:StopPlace:313,Høybråten stasjon,2026-09-08T00:53:00+02:00,2026-09-08T00:54:40+02:00,2026-09-08T00:54:40+02:00,100.0,1,Drammen,VYG:Line:L1,Spikkestad-Oslo S-Lillestrøm,L1,rail,VYG:ServiceJourney:2281_443719-R,True,actual,False,,,,,2026-09-08T03:39:50.209703+02:00
NSR:StopPlace:59648,Kjelsås stasjon,2026-09-07T22:24:00+02:00,2026-09-07T22:25:40+02:00,2026-09-07T22:25:40+02:00,100.0,1,Kværnerbyen,RUT:Line:54,Kværnerbyen - Kjelsås stasjon,54,bus,RUT:ServiceJourney:348f667ad059839389265b7824d6ecca,True,actual,False,,,,,2026-09-08T00:20:52.129880+02:00
NSR:StopPlace:58884,Skien stasjon,2026-09-07T22:46:00+02:00,2026-09-07T22:47:40+02:00,2026-09-07T22:47:40+02:00,100.0,1,Skjelsvik via Klyve-Kongerød,TEL:Line:8043,Skien-Klyve-Skjelsvik,M3,bus,TEL:ServiceJourney:127208,True,actual,False,,,,,2026-09-08T00:20:52.129880+02:00
NSR:StopPlace:58828,Roa stasjon,2026-09-07T22:40:00+02:00,2026-09-07T22:41:40+02:00,2026-09-07T22:41:40+02:00,100.0,1,Oslo S,VYG:Line:R31,Skøyen-Jaren-Gjøvik,R31,rail,VYG:ServiceJourney:BUS-236_655482-R,True,actual,False,,,,,2026-09-08T00:20:52.129880+02:00
NSR:StopPlace:61466,Vakås stasjon,2026-09-07T18:27:00+02:00,2026-09-07T18:28:40+02:00,2026-09-07T18:28:40+02:00,100.0,1,Asker,VYG:Line:L1,Spikkestad-Oslo S-Lillestrøm,L1,rail,VYG:ServiceJourney:2151_443560-R,True,actual,False,,,,,2026-09-07T20:27:16.249662+02:00
NSR:StopPlace:59652,Tøyen stasjon,2026-09-07T20:09:00+02:00,2026-09-07T20:10:40+02:00,2026-09-07T20:10:40+02:00,100.0,1,Tonsenhagen,RUT:Line:60,Vippetangen-Tonsenhagen,60,bus,RUT:ServiceJourney:073ce7b93596af6e45e625933024e5ae,True,actual,False,,,,,2026-09-07T20:27:16.249662+02:00
NSR:StopPlace:59616,Asker stasjon,2026-09-07T17:20:00+02:00,2026-09-07T17:21:40+02:00,2026-09-07T17:21:40+02:00,100.0,1,Hyggen,RUT:Line:260,Hyggen - Bråset -Slemmestad (- Asker),260,bus,RUT:ServiceJourney:dd367fd20b78930efdd1beffef558e9e,True,actual,False,,,,,2026-09-07T20:27:16.249662+02:00
NSR:StopPlace:58963,Jessheim stasjon,2026-09-07T17:37:00+02:00,2026-09-07T17:38:40+02:00,2026-09-07T17:38:40+02:00,100.0,1,Drammen,VYG:Line:R13,Drammen-Oslo S-Dal,R13,rail,VYG:ServiceJourney:1652_443326-R,True,actual,False,,,,,2026-09-07T20:27:16.249662+02:00
NSR:StopPlace:58834,Hokksund stasjon,2026-09-07T19:00:00+02:00,2026-09-07T19:01:40+02:00,2026-09-07T19:01:40+02:00,100.0,1,Kongsberg,VYG:Line:R12,Kongsberg-Oslo S-Eidsvoll,R12,rail,VYG:ServiceJourney:527_444334-R,True,actual,False,,,,,2026-09-07T20:27:16.249662+02:00
NSR:StopPlace:58823,Jaren stasjon,2026-09-07T19:21:00+02:00,2026-09-07T19:22:40+02:00,2026-09-07T19:22:40+02:00,100.0,1,Gjøvik,VYG:Line:R31,Skøyen-Jaren-Gjøvik,R31,rail,VYG:ServiceJourney:227-ROA_589347-R,True,actual,False,,,,,2026-09-07T20:27:16.249662+02:00
NSR:StopPlace:610,Sandvika stasjon,2026-09-07T16:55:00+02:00,2026-09-07T16:56:40+02:00,2026-09-07T16:56:40+02:00,100.0,1,Dal,VYG:Line:R13,Drammen-Oslo S-Dal,R13,rail,VYG:ServiceJourney:1649_443318-R,True,actual,False,,,,,2026-09-07T20:27:16.249662+02:00
NSR:StopPlace:59641,Fjellhamar stasjon,2026-09-07T14:55:00+02:00,2026-09-07T14:56:40+02:00,2026-09-07T14:56:40+02:00,100.0,1,Vallerudtoppen,RUT:Line:315,Vallerudtoppen - Ahus,315,bus,RUT:ServiceJourney:481916812504a943cb6947e5a99c2bf4,True,actual,False,,,,,2026-09-07T15:44:36.205822+02:00
NSR:StopPlace:60944,Ski stasjon,2026-09-07T12:26:00+02:00,2026-09-07T12:27:40+02:00,2026-09-07T12:27:40+02:00,100.0,1,Göteborg C,VYG:Line:RE20,Oslo S-Halden-Göteborg (X-Border),RE20,rail,VYG:ServiceJourney:115-389_448305-R,True,actual,False,,,,,2026-09-07T15:44:36.205822+02:00
NSR:StopPlace:58835,Lier stasjon,2026-09-07T13:41:00+02:00,2026-09-07T13:42:40+02:00,2026-09-07T13:42:40+02:00,100.0,1,Dal,VYG:Line:R13,Drammen-Oslo S-Dal,R13,rail,VYG:ServiceJourney:1637_443291-R,True,actual,False,,,,,2026-09-07T15:44:36.205822+02:00
NSR:StopPlace:58835,Lier stasjon,2026-09-07T14:11:00+02:00,2026-09-07T14:12:40+02:00,2026-09-07T14:12:40+02:00,100.0,1,Dal,VYG:Line:R13,Drammen-Oslo S-Dal,R13,rail,VYG:ServiceJourney:1639_443296-R,True,actual,False,,,,,2026-09-07T15:44:36.205822+02:00
NSR:StopPlace:313,Høybråten stasjon,2026-09-07T14:42:00+02:00,2026-09-07T14:43:40+02:00,2026-09-07T14:43:40+02:00,100.0,1,Lillestrøm,VYG:Line:L1,Spikkestad-Oslo S-Lillestrøm,L1,rail,VYG:ServiceJourney:2138_443545-R,True,actual,False,,,,,2026-09-07T15:44:36.205822+02:00
NSR:StopPlace:61897,Bryn stasjon,2026-09-07T08:35:00+02:00,2026-09-07T08:36:40+02:00,2026-09-07T08:36:40+02:00,100.0,1,Spikkestad,VYG:Line:L1,Spikkestad-Oslo S-Lillestrøm,L1,rail,VYG:ServiceJourney:2215_443608-R,True,actual,False,,,,,2026-09-07T08:42:24.659182+02:00
NSR:StopPlace:59642,Rånåsfoss stasjon,2026-09-07T07:49:00+02:00,2026-09-07T07:50:40+02:00,2026-09-07T07:50:40+02:00,100.0,1,Asker,VYG:Line:R14,Asker-Oslo S-Kongsvinger,R14,rail,VYG:ServiceJourney:1054-KVG_442958-R,True,actual,False,,,,,2026-09-07T08:42:24.659182+02:00
NSR:StopPlace:58935,Levanger stasjon,2026-09-07T06:49:00+02:00,2026-09-07T06:50:40+02:00,2026-09-07T06:50:40+02:00,100.0,1,Høgberget via Levanger stasjon,ATB:Line:2_604,Levanger - Høgberget,604,bus,ATB:ServiceJourney:604_260106098643112_4,True,actual,False,,,,,2026-09-07T08:42:24.659182+02:00
NSR:StopPlace:58844,Eidsvoll stasjon,2026-09-07T08:15:00+02:00,2026-09-07T08:16:40+02:00,2026-09-07T08:16:40+02:00,100.0,1,Sand,INN:Line:121,Eidsvoll - Sand,121,bus,INN:ServiceJourney:54629,True,actual,False,,,,,2026-09-07T08:42:24.659182+02:00
NSR:StopPlace:58845,Eidsvoll verk stasjon,2026-09-07T06:05:00+02:00,2026-09-07T06:06:40+02:00,2026-09-07T06:06:40+02:00,100.0,1,Skien,VYG:Line:RE11,Eidsvoll-Oslo S-Skien,RE11,rail,VYG:ServiceJourney:805_444385-R,True,actual,False,,,,,2026-09-07T08:42:24.659182+02:00
NSR:StopPlace:58853,Kolbotn stasjon,2026-09-07T06:49:00+02:00,2026-09-07T06:50:40+02:00,2026-09-07T06:50:40+02:00,100.0,1,Bjørvika,RUT:Line:83,Jernbanetorget - Tårnåsen,83,bus,RUT:ServiceJourney:c110d06aa6cc1da2eec8e26de4b0ef5a,True,actual,False,Linje 80E og 83 får Hausmanns bru som ny endeholdeplass fra 29. juni,"Bussene stopper ikke på Jernbanetorget etter 29. juni, men starter og stopper på Hausmanns bru i Nylandsveien.",incident,normal,2026-09-07T08:42:24.659182+02:00
NSR:StopPlace:58865,Vestby stasjon,2026-09-07T08:20:00+02:00,2026-09-07T08:21:40+02:00,2026-09-07T08:21:40+02:00,100.0,1,Grønberg,RUT:Line:530,Pepperstad - Vestby stasjon,530,bus,RUT:ServiceJourney:b3a2577fd762ee960f2271ec773f55c7,True,actual,False,,,,,2026-09-07T08:42:24.659182+02:00
NSR:StopPlace:58861,Solbråtan stasjon,2026-09-07T06:15:00+02:00,2026-09-07T06:16:40+02:00,2026-09-07T06:16:40+02:00,100.0,1,Bjørvika,RUT:Line:83,Jernbanetorget - Tårnåsen,83,bus,RUT:ServiceJourney:5fc5d33e2a662e7a69ffd3e2192f10ae,True,actual,False,Linje 80E og 83 får Hausmanns bru som ny endeholdeplass fra 29. juni,"Bussene stopper ikke på Jernbanetorget etter 29. juni, men starter og stopper på Hausmanns bru i Nylandsveien.",incident,normal,2026-09-07T08:42:24.659182+02:00
NSR:StopPlace:58870,Holmestrand stasjon,2026-09-07T08:15:00+02:00,2026-09-07T08:16:40+02:00,2026-09-07T08:16:40+02:00,100.0,1,Horten-Tønsberg,VKT:Line:2,Tjøme-Tønsberg-Horten-Holmestr,2,bus,VKT:ServiceJourney:15819,True,actual,False,Forsinkelser Linje 2 og 411,Pga. veiarbeid i Horten sentrum vil det kunne oppstå forsinkelser på busser i tidsrommet 3.-11. september. ,incident,normal,2026-09-07T08:42:24.659182+02:00
NSR:StopPlace:58808,Kongsvinger stasjon,2026-09-07T07:26:00+02:00,2026-09-07T07:27:40+02:00,2026-09-07T07:27:40+02:00,100.0,1,Roverud,INN:Line:752,Roverud-Hokåsen-Lundersæter,752,bus,INN:ServiceJourney:55086,True,actual,False,,,,,2026-09-07T08:42:24.659182+02:00
NSR:StopPlace:58811,Moelv stasjon,2026-09-07T06:05:00+02:00,2026-09-07T06:06:40+02:00,2026-09-07T06:06:40+02:00,100.0,1,Åsmarka - Lillehammer,INN:Line:602,Lillehammer-Åsmarka-Moelv,602,bus,INN:ServiceJourney:82970,True,actual,False,,,,,2026-09-07T08:42:24.659182+02:00
NSR:StopPlace:58813,Skarnes stasjon,2026-09-07T06:48:00+02:00,2026-09-07T06:49:40+02:00,2026-09-07T06:49:40+02:00,100.0,1,Asker,VYG:Line:R14,Asker-Oslo S-Kongsvinger,R14,rail,VYG:ServiceJourney:1006_442911-R,True,actual,False,,,,,2026-09-07T08:42:24.659182+02:00
NSR:StopPlace:58817,Eina stasjon,2026-09-07T07:56:00+02:00,2026-09-07T07:57:40+02:00,2026-09-07T07:57:40+02:00,100.0,1,Roa,VYG:Line:RE30,Oslo S-Gjøvik,RE30,rail,VYG:ServiceJourney:1208-GJOe_589122-R,True,actual,False,,,,,2026-09-07T08:42:24.659182+02:00
NSR:StopPlace:461,Lundamo stasjon,2026-09-07T06:21:00+02:00,2026-09-07T06:22:40+02:00,2026-09-07T06:22:40+02:00,100.0,1,Hamar,SJN:Line:25,Rørosbanen,R60,rail,SJN:ServiceJourney:2382_48224-R,True,actual,False,,,,,2026-09-07T08:42:24.659182+02:00
NSR:StopPlace:62309,Ljan stasjon,2026-09-07T06:35:00+02:00,2026-09-07T06:36:40+02:00,2026-09-07T06:36:40+02:00,100.0,1,Stabekk,VYG:Line:L2,Stabekk-Oslo S-Ski,L2,rail,VYG:ServiceJourney:2710-SKI_443916-R,True,actual,False,Færre vogner,Denne avgangen kjører dessverre med 3 vogner i stedet for 6 vogner. Dette skyldes at vi mangler et togsett.,general,normal,2026-09-07T08:42:24.659182+02:00
NSR:StopPlace:62308,Alna stasjon,2026-09-07T08:17:00+02:00,2026-09-07T08:18:40+02:00,2026-09-07T08:18:40+02:00,100.0,1,Asker,VYG:Line:L1,Spikkestad-Oslo S-Lillestrøm,L1,rail,VYG:ServiceJourney:2113_443518-R,True,actual,False,Færre vogner,Denne avgangen kjører dessverre med 4 vogner i stedet for 8 vogner. Dette skyldes at vi mangler et togsett.,general,normal,2026-09-07T08:42:24.659182+02:00
NSR:StopPlace:6,Greverud stasjon,2026-09-08T00:18:00+02:00,2026-09-08T00:19:39+02:00,2026-09-08T00:19:39+02:00,99.0,1,Stabekk,VYG:Line:L2,Stabekk-Oslo S-Ski,L2,rail,VYG:ServiceJourney:2782-SKI_444011-R,True,actual,False,,,,,2026-09-08T00:20:52.129880+02:00
NSR:StopPlace:59643,Grefsen stasjon,2026-09-07T22:11:00+02:00,2026-09-07T22:12:39+02:00,2026-09-07T22:12:39+02:00,99.0,1,Lysaker,RUT:Line:23,Lysaker - Simensbråten,23,bus,RUT:ServiceJourney:8e5fc508d9f66431a92b6124e68d091d,True,actual,False,,,,,2026-09-08T00:20:52.129880+02:00
NSR:StopPlace:59653,Haugenstua stasjon,2026-09-07T21:55:00+02:00,2026-09-07T21:56:39+02:00,2026-09-07T21:56:39+02:00,99.0,1,Spikkestad,VYG:Line:L1,Spikkestad-Oslo S-Lillestrøm,L1,rail,VYG:ServiceJourney:2269_443700-R,True,actual,False,,,,,2026-09-08T00:20:52.129880+02:00
NSR:StopPlace:58924,Bryne stasjon,2026-09-07T23:29:00+02:00,2026-09-07T23:30:39+02:00,2026-09-07T23:30:39+02:00,99.0,1,Egersund,GOA:Line:59,Jærbanen,L5,rail,GOA:ServiceJourney:3076_63139-R,True,actual,False,,,,,2026-09-08T00:20:52.129880+02:00
NSR:StopPlace:58930,Larvik stasjon,2026-09-07T23:10:00+02:00,2026-09-07T23:11:39+02:00,2026-09-07T23:11:39+02:00,99.0,1,Stavern-Kysthospitalet,VKT:Line:4,Torp-Sandefjord-Larvik-Stavern,4,bus,VKT:ServiceJourney:17637,True,actual,False,,,,,2026-09-08T00:20:52.129880+02:00
NSR:StopPlace:58851,Heggedal stasjon,2026-09-07T23:25:00+02:00,2026-09-07T23:26:39+02:00,2026-09-07T23:26:39+02:00,99.0,1,Spikkestad,VYG:Line:L1,Spikkestad-Oslo S-Lillestrøm,L1,rail,VYG:ServiceJourney:2271_443704-R,True,actual,False,,,,,2026-09-08T00:20:52.129880+02:00
NSR:StopPlace:62308,Alna stasjon,2026-09-07T23:33:00+02:00,2026-09-07T23:34:39+02:00,2026-09-07T23:34:39+02:00,99.0,1,Lillestrøm,VYG:Line:L1,Spikkestad-Oslo S-Lillestrøm,L1,rail,VYG:ServiceJourney:2174_443585-R,True,actual,False,,,,,2026-09-08T00:20:52.129880+02:00
NSR:StopPlace:62311,Vigrestad stasjon,2026-09-07T23:43:00+02:00,2026-09-07T23:44:39+02:00,2026-09-07T23:44:39+02:00,99.0,1,Stavanger,GOA:Line:59,Jærbanen,L5,rail,GOA:ServiceJourney:3077_63141-R,True,actual,False,,,,,2026-09-08T00:20:52.129880+02:00
NSR:StopPlace:62392,Slependen stasjon,2026-09-08T00:15:00+02:00,2026-09-08T00:16:39+02:00,2026-09-08T00:16:39+02:00,99.0,1,Lillestrøm,VYG:Line:L1,Spikkestad-Oslo S-Lillestrøm,L1,rail,VYG:ServiceJourney:2280_443718-R,True,actual,False,,,,,2026-09-08T00:20:52.129880+02:00
NSR:StopPlace:6,Greverud stasjon,2026-09-07T19:03:00+02:00,2026-09-07T19:04:39+02:00,2026-09-07T19:04:39+02:00,99.0,1,Skøyen,VYG:Line:L2,Stabekk-Oslo S-Ski,L2,rail,VYG:ServiceJourney:2860-SKI_488393-R,True,actual,False,,,,,2026-09-07T20:27:16.249662+02:00
NSR:StopPlace:61464,Hvalstad stasjon,2026-09-07T18:55:00+02:00,2026-09-07T18:56:39+02:00,2026-09-07T18:56:39+02:00,99.0,1,Asker,VYG:Line:L1,Spikkestad-Oslo S-Lillestrøm,L1,rail,VYG:ServiceJourney:2153_443562-R,True,actual,False,,,,,2026-09-07T20:27:16.249662+02:00
NSR:StopPlace:58849,Hakadal stasjon,2026-09-07T18:53:00+02:00,2026-09-07T18:54:39+02:00,2026-09-07T18:54:39+02:00,99.0,1,Oslo bussterminal,RUT:Line:390,Kongskog/Hellerudhaugen - Oslo bussterminal,390,bus,RUT:ServiceJourney:1b3793a7799a757da7f4c3e3aef3821c,True,actual,False,,,,,2026-09-07T20:27:16.249662+02:00
NSR:StopPlace:58886,Arendal stasjon,2026-09-07T17:29:00+02:00,2026-09-07T17:30:39+02:00,2026-09-07T17:30:39+02:00,99.0,1,Rykene via Arendal sentrum,AKT:Line:102,Tromøy Øst-Arendal-Rykene,102,bus,AKT:ServiceJourney:72018_171_72_122760_126180_40001667,True,actual,False,,,,,2026-09-07T20:27:16.249662+02:00
NSR:StopPlace:58884,Skien stasjon,2026-09-07T19:00:00+02:00,2026-09-07T19:01:39+02:00,2026-09-07T19:01:39+02:00,99.0,1,Bø stasjon,TEL:Line:8181,Seljord-Bø-Skien,R1,bus,TEL:ServiceJourney:127101,True,actual,False,,,,,2026-09-07T20:27:16.249662+02:00
NSR:StopPlace:393,Leangen stasjon,2026-09-07T18:23:00+02:00,2026-09-07T18:24:39+02:00,2026-09-07T18:24:39+02:00,99.0,1,Steinkjer,SJN:Line:26,Trønderbanen,R70,rail,SJN:ServiceJourney:447_56076-R,True,actual,False,,,,,2026-09-07T20:27:16.249662+02:00
NSR:StopPlace:62338,Fossum stasjon,2026-09-07T19:42:00+02:00,2026-09-07T19:43:39+02:00,2026-09-07T19:43:39+02:00,99.0,1,Blaker ring,RUT:Line:2370,Sørumsand - Blaker - Sørumsand,370B,bus,RUT:ServiceJourney:485e2c78329affd42f3cbf119c9070cf,True,actual,False,,,,,2026-09-07T20:27:16.249662+02:00
NSR:StopPlace:59641,Fjellhamar stasjon,2026-09-07T14:48:00+02:00,2026-09-07T14:49:39+02:00,2026-09-07T14:49:39+02:00,99.0,1,Lillestrøm,VYG:Line:L1,Spikkestad-Oslo S-Lillestrøm,L1,rail,VYG:ServiceJourney:2138_443545-R,True,actual,False,,,,,2026-09-07T15:44:36.205822+02:00
NSR:StopPlace:59642,Rånåsfoss stasjon,2026-09-07T14:38:00+02:00,2026-09-07T14:39:39+02:00,2026-09-07T14:39:39+02:00,99.0,1,Kongsvinger,VYG:Line:R14,Asker-Oslo S-Kongsvinger,R14,rail,VYG:ServiceJourney:1019_442926-R,True,actual,False,,,,,2026-09-07T15:44:36.205822+02:00
NSR:StopPlace:58793,Askim stasjon,2026-09-07T15:05:00+02:00,2026-09-07T15:06:39+02:00,2026-09-07T15:06:39+02:00,99.0,1,Mysen stasjon,OST:Line:1_640,Sarpsborg-Askim-Mysen,640,bus,OST:ServiceJourney:640_260325121473120_17,True,actual,False,,,,,2026-09-07T15:44:36.205822+02:00
NSR:StopPlace:58874,Stokke stasjon,2026-09-07T15:22:00+02:00,2026-09-07T15:23:39+02:00,2026-09-07T15:23:39+02:00,99.0,1,Tønsberg,VKT:Line:520,Tønsberg-Stokke,520,bus,VKT:ServiceJourney:17318,True,actual,False,,,,,2026-09-07T15:44:36.205822+02:00
NSR:StopPlace:58878,Drangedal stasjon,2026-09-07T14:18:00+02:00,2026-09-07T14:19:39+02:00,2026-09-07T14:19:39+02:00,99.0,1,Singusdal - Oseid,TEL:Line:8606,Drangedal-Oseid,606,bus,TEL:ServiceJourney:127134,True,actual,False,,,,,2026-09-07T15:44:36.205822+02:00
NSR:StopPlace:708,Stange stasjon,2026-09-07T15:34:00+02:00,2026-09-07T15:35:39+02:00,2026-09-07T15:35:39+02:00,99.0,1,Lillehammer,VYG:Line:RE10,Drammen-Oslo S-Lillehammer,RE10,rail,VYG:ServiceJourney:321-SUD_444201-R,True,actual,False,,,,,2026-09-07T15:44:36.205822+02:00
NSR:StopPlace:61315,Nerdrum stasjon,2026-09-07T05:38:00+02:00,2026-09-07T05:39:39+02:00,2026-09-07T05:39:39+02:00,99.0,1,Asker,VYG:Line:R14,Asker-Oslo S-Kongsvinger,R14,rail,VYG:ServiceJourney:1002_442907-R,True,actual,False,,,,,2026-09-07T08:42:24.659182+02:00
NSR:StopPlace:61897,Bryn stasjon,2026-09-07T08:20:00+02:00,2026-09-07T08:21:39+02:00,2026-09-07T08:21:39+02:00,99.0,1,Asker,VYG:Line:L1,Spikkestad-Oslo S-Lillestrøm,L1,rail,VYG:ServiceJourney:2113_443518-R,True,actual,False,Færre vogner,Denne avgangen kjører dessverre med 4 vogner i stedet for 8 vogner. Dette skyldes at vi mangler et togsett.,general,normal,2026-09-07T08:42:24.659182+02:00
NSR:StopPlace:58924,Bryne stasjon,2026-09-07T08:00:00+02:00,2026-09-07T08:01:39+02:00,2026-09-07T08:01:39+02:00,99.0,1,Nærbø,GOA:Line:59,Jærbanen,L5,rail,GOA:ServiceJourney:3014_63046-R,True,actual,False,,,,,2026-09-07T08:42:24.659182+02:00
NSR:StopPlace:58935,Levanger stasjon,2026-09-07T06:19:00+02:00,2026-09-07T06:20:39+02:00,2026-09-07T06:20:39+02:00,99.0,1,Høgberget via Levanger stasjon,ATB:Line:2_604,Levanger - Høgberget,604,bus,ATB:ServiceJourney:604_260106098643111_2,True,actual,False,,,,,2026-09-07T08:42:24.659182+02:00
NSR:StopPlace:58793,Askim stasjon,2026-09-07T05:58:00+02:00,2026-09-07T05:59:39+02:00,2026-09-07T05:59:39+02:00,99.0,1,Oslo S,VYG:Line:R22,Skøyen-Oslo S-Mysen-Rakkestad,R22,rail,VYG:ServiceJourney:1906_443441-R,True,actual,False,,,,,2026-09-07T08:42:24.659182+02:00
NSR:StopPlace:58795,Kambo stasjon,2026-09-07T07:55:00+02:00,2026-09-07T07:56:39+02:00,2026-09-07T07:56:39+02:00,99.0,1,Moss,VYG:Line:R21,Stabekk-Oslo S-Moss,R21,rail,VYG:ServiceJourney:1109-HVK_442980-R,True,actual,False,,,,,2026-09-07T08:42:24.659182+02:00
NSR:StopPlace:58843,Blommenholm stasjon,2026-09-07T06:34:00+02:00,2026-09-07T06:35:39+02:00,2026-09-07T06:35:39+02:00,99.0,1,Lillestrøm,VYG:Line:L1,Spikkestad-Oslo S-Lillestrøm,L1,rail,VYG:ServiceJourney:2108_443512-R,True,actual,False,,,,,2026-09-07T08:42:24.659182+02:00
NSR:StopPlace:58861,Solbråtan stasjon,2026-09-07T06:41:00+02:00,2026-09-07T06:42:39+02:00,2026-09-07T06:42:39+02:00,99.0,1,Tårnåsen,RUT:Line:83,Jernbanetorget - Tårnåsen,83,bus,RUT:ServiceJourney:60d655952ea07388f561e000bf6afdb4,True,actual,False,Linje 80E og 83 får Hausmanns bru som ny endeholdeplass fra 29. juni,"Bussene stopper ikke på Jernbanetorget etter 29. juni, men starter og stopper på Hausmanns bru i Nylandsveien.",incident,normal,2026-09-07T08:42:24.659182+02:00
NSR:StopPlace:58211,Oslo lufthavn,2026-09-07T06:19:00+02:00,2026-09-07T06:20:39+02:00,2026-09-07T06:20:39+02:00,99.0,1,Eidsvoll,VYG:Line:R12,Kongsberg-Oslo S-Eidsvoll,R12,rail,VYG:ServiceJourney:502_444293-R,True,actual,False,,,,,2026-09-07T08:42:24.659182+02:00
NSR:StopPlace:702,Sandnes sentrum stasjon,2026-09-07T07:55:00+02:00,2026-09-07T07:56:39+02:00,2026-09-07T07:56:39+02:00,99.0,1,Skeiane,GOA:Line:59,Jærbanen,L5,rail,GOA:ServiceJourney:3112_63157-R,True,actual,False,,,,,2026-09-07T08:42:24.659182+02:00
NSR:StopPlace:364,Vaksdal stasjon,2026-09-08T01:06:00+02:00,2026-09-08T01:07:38+02:00,2026-09-08T01:07:38+02:00,98.0,1,Voss,VYG:Line:R40,Bergen-Voss-Myrdal-Ål,R40,rail,VYG:ServiceJourney:1838_456880-R,True,actual,False,,,,,2026-09-08T03:39:50.209703+02:00
NSR:StopPlace:41,Hanaborg stasjon,2026-09-07T23:34:00+02:00,2026-09-07T23:35:38+02:00,2026-09-07T23:35:38+02:00,98.0,1,Asker,VYG:Line:L1,Spikkestad-Oslo S-Lillestrøm,L1,rail,VYG:ServiceJourney:2175_443586-R,True,actual,False,,,,,2026-09-08T00:20:52.129880+02:00
NSR:StopPlace:59647,Dal stasjon,2026-09-07T21:24:00+02:00,2026-09-07T21:25:38+02:00,2026-09-07T21:25:38+02:00,98.0,1,Drammen,VYG:Line:R13,Drammen-Oslo S-Dal,R13,rail,VYG:ServiceJourney:1668_443360-R,True,actual,False,,,,,2026-09-08T00:20:52.129880+02:00
NSR:StopPlace:58963,Jessheim stasjon,2026-09-07T22:31:00+02:00,2026-09-07T22:32:38+02:00,2026-09-07T22:32:38+02:00,98.0,1,Oslo lufthavn,RUT:Line:440,Fenstad/Nordkisa - Oslo lufthavn,440,bus,RUT:ServiceJourney:582e586a35fc9d0ed42575d76bb5bf93,True,actual,False,,,,,2026-09-08T00:20:52.129880+02:00
NSR:StopPlace:58932,Hommelvik stasjon,2026-09-07T22:51:00+02:00,2026-09-07T22:52:38+02:00,2026-09-07T22:52:38+02:00,98.0,1,Muruvik,ATB:Line:2_70,Stjørdal/Hommelvik- Trondheim,70,bus,ATB:ServiceJourney:70_251215112547080_109,True,actual,False,,,,,2026-09-08T00:20:52.129880+02:00
NSR:StopPlace:58853,Kolbotn stasjon,2026-09-07T22:19:00+02:00,2026-09-07T22:20:38+02:00,2026-09-07T22:20:38+02:00,98.0,1,Kolbotn torg,RUT:Line:580,Kolbotn - Ski,580,bus,RUT:ServiceJourney:06ecfc27831641ad97eb2493f53a2de0,True,actual,False,,,,,2026-09-08T00:20:52.129880+02:00
NSR:StopPlace:62339,Lillestrøm stasjon,2026-09-07T22:46:00+02:00,2026-09-07T22:47:38+02:00,2026-09-07T22:47:38+02:00,98.0,1,Asker,VYG:Line:R14,Asker-Oslo S-Kongsvinger,R14,rail,VYG:ServiceJourney:1036_442948-R,True,actual,False,Heis i spor 1 og 2 er ute av bruk på grunn av vedlikehold.,Heis i spor 1 og 2 er ute av bruk på grunn av vedlikehold.,general,normal,2026-09-08T00:20:52.129880+02:00
NSR:StopPlace:61463,Nordstrand stasjon,2026-09-07T18:07:00+02:00,2026-09-07T18:08:38+02:00,2026-09-07T18:08:38+02:00,98.0,1,Stabekk,VYG:Line:L2,Stabekk-Oslo S-Ski,L2,rail,VYG:ServiceJourney:2756-SKI_443967-R,True,actual,False,,,,,2026-09-07T20:27:16.249662+02:00
NSR:StopPlace:58931,Fannrem stasjon,2026-09-07T18:15:00+02:00,2026-09-07T18:16:38+02:00,2026-09-07T18:16:38+02:00,98.0,1,Trondheim S via Orkanger skysst.,ATB:Line:2_310,Trondheim - Orkanger - Fannrem,310,bus,ATB:ServiceJourney:310_260106098639833_65,True,actual,False,,,,,2026-09-07T20:27:16.249662+02:00
NSR:StopPlace:58859,Nordby stasjon,2026-09-07T19:53:00+02:00,2026-09-07T19:54:38+02:00,2026-09-07T19:54:38+02:00,98.0,1,Dal,VYG:Line:R13,Drammen-Oslo S-Dal,R13,rail,VYG:ServiceJourney:1657_443336-R,True,actual,False,,,,,2026-09-07T20:27:16.249662+02:00
NSR:StopPlace:58861,Solbråtan stasjon,2026-09-07T19:45:00+02:00,2026-09-07T19:46:38+02:00,2026-09-07T19:46:38+02:00,98.0,1,Bjørvika,RUT:Line:83,Jernbanetorget - Tårnåsen,83,bus,RUT:ServiceJourney:f841ffc946ad249d0a3d4c3165b78046,True,actual,False,Linje 80E og 83 får Hausmanns bru som ny endeholdeplass fra 29. juni,"Bussene stopper ikke på Jernbanetorget etter 29. juni, men starter og stopper på Hausmanns bru i Nylandsveien.",incident,normal,2026-09-07T20:27:16.249662+02:00
NSR:StopPlace:6,Greverud stasjon,2026-09-07T14:48:00+02:00,2026-09-07T14:49:38+02:00,2026-09-07T14:49:38+02:00,98.0,1,Stabekk,VYG:Line:L2,Stabekk-Oslo S-Ski,L2,rail,VYG:ServiceJourney:2744-SKI_443954-R,True,actual,False,,,,,2026-09-07T15:44:36.205822+02:00
NSR:StopPlace:59872,Oslo S,2026-09-07T12:39:00+02:00,2026-09-07T12:40:38+02:00,2026-09-07T12:40:38+02:00,98.0,1,Skien,VYG:Line:RE11,Eidsvoll-Oslo S-Skien,RE11,rail,VYG:ServiceJourney:817_444397-R,True,actual,False,,,,,2026-09-07T15:44:36.205822+02:00
NSR:StopPlace:58935,Levanger stasjon,2026-09-07T15:20:00+02:00,2026-09-07T15:21:38+02:00,2026-09-07T15:21:38+02:00,98.0,1,Åsen videre til Frosta,ATB:Line:2_7419,Åsen - Levanger,7419,bus,ATB:ServiceJourney:7419_260106098640519_1,True,actual,False,,,,,2026-09-07T15:44:36.205822+02:00
NSR:StopPlace:58871,Sande stasjon,2026-09-07T15:20:00+02:00,2026-09-07T15:21:38+02:00,2026-09-07T15:21:38+02:00,98.0,1,Holmestrand,VKT:Line:230,Sande-Holmestrand,230,bus,VKT:ServiceJourney:15059,True,actual,False,,,,,2026-09-07T15:44:36.205822+02:00
NSR:StopPlace:58811,Moelv stasjon,2026-09-07T14:15:00+02:00,2026-09-07T14:16:38+02:00,2026-09-07T14:16:38+02:00,98.0,1,Gaupen - Stavsjø,INN:Line:618,Moelv-Gaupen-Stavsjø-Tingnes,618,bus,INN:ServiceJourney:83120,True,actual,False,,,,,2026-09-07T15:44:36.205822+02:00
NSR:StopPlace:58825,Raufoss stasjon,2026-09-07T14:41:00+02:00,2026-09-07T14:42:38+02:00,2026-09-07T14:42:38+02:00,98.0,1,Lena,INN:Line:47,Lena-Kapp-Gjøvik-Raufoss-Lena,B47,bus,INN:ServiceJourney:76595,True,actual,False,,,,,2026-09-07T15:44:36.205822+02:00
NSR:StopPlace:420,Lillehammer stasjon,2026-09-07T12:00:00+02:00,2026-09-07T12:01:38+02:00,2026-09-07T12:01:38+02:00,98.0,1,Trondheim S,SJN:Line:21,Dovrebanen,F6,rail,SJN:ServiceJourney:45-LOD_48255-R,True,actual,False,,,,,2026-09-07T15:44:36.205822+02:00
NSR:StopPlace:61169,Marienborg stasjon,2026-09-07T06:59:00+02:00,2026-09-07T07:00:38+02:00,2026-09-07T07:00:38+02:00,98.0,1,Havstad,ATB:Line:2_13,Østmarka - Strindheim - Lerkendal - Havstad,13,bus,ATB:ServiceJourney:13_251215112552581_10,True,actual,False,,,,,2026-09-07T08:42:24.659182+02:00
NSR:StopPlace:59977,Trondheim S,2026-09-07T05:49:00+02:00,2026-09-07T05:50:38+02:00,2026-09-07T05:50:38+02:00,98.0,1,Stjørdal via Brattøra-Hommelvik,ATB:Line:2_70,Stjørdal/Hommelvik- Trondheim,70,bus,ATB:ServiceJourney:70_251215112546896_1,True,actual,False,,,,,2026-09-07T08:42:24.659182+02:00
NSR:StopPlace:60053,Halden stasjon,2026-09-07T07:47:00+02:00,2026-09-07T07:48:38+02:00,2026-09-07T07:48:38+02:00,98.0,1,Göteborg C,VYG:Line:RE20,Oslo S-Halden-Göteborg (X-Border),RE20,rail,VYG:ServiceJourney:103-383_464567-R,True,actual,False,,,,,2026-09-07T08:42:24.659182+02:00
NSR:StopPlace:59638,Myrvoll stasjon,2026-09-07T07:07:00+02:00,2026-09-07T07:08:38+02:00,2026-09-07T07:08:38+02:00,98.0,1,Kolbotn torg,RUT:Line:580,Kolbotn - Ski,580,bus,RUT:ServiceJourney:a94138289d37f1e39baa50dd7038637b,True,actual,False,,,,,2026-09-07T08:42:24.659182+02:00
NSR:StopPlace:58798,Rakkestad stasjon,2026-09-07T07:45:00+02:00,2026-09-07T07:46:38+02:00,2026-09-07T07:46:38+02:00,98.0,1,Gjulem-Rakkestad,OST:Line:1_473,Skoleruter Rakkestad,473,bus,OST:ServiceJourney:473_260325121475533_7,True,actual,False,,,,,2026-09-07T08:42:24.659182+02:00
NSR:StopPlace:58790,Verdal stasjon,2026-09-07T06:58:00+02:00,2026-09-07T06:59:38+02:00,2026-09-07T06:59:38+02:00,98.0,1,Ler,SJN:Line:26,Trønderbanen,R70,rail,SJN:ServiceJourney:424_56053-R,True,actual,False,,,,,2026-09-07T08:42:24.659182+02:00
NSR:StopPlace:58839,Steinberg stasjon,2026-09-07T07:05:00+02:00,2026-09-07T07:06:38+02:00,2026-09-07T07:06:38+02:00,98.0,1,Drammen via Mjøndalen,BRA:Line:4_6101,Drammen-Vikersund/Hønefoss,101,bus,BRA:ServiceJourney:6101_260415100161305_1006,True,actual,False,,,,,2026-09-07T08:42:24.659182+02:00
NSR:StopPlace:58844,Eidsvoll stasjon,2026-09-07T06:53:00+02:00,2026-09-07T06:54:38+02:00,2026-09-07T06:54:38+02:00,98.0,1,Drammen,VYG:Line:RE10,Drammen-Oslo S-Lillehammer,RE10,rail,VYG:ServiceJourney:304-HHS_487829-R,True,actual,False,,,,,2026-09-07T08:42:24.659182+02:00
NSR:StopPlace:58857,Lørenskog stasjon,2026-09-07T07:07:00+02:00,2026-09-07T07:08:38+02:00,2026-09-07T07:08:38+02:00,98.0,1,Nesåsen,RUT:Line:120,Nesåsen - Stovner,120,bus,RUT:ServiceJourney:0a8864db380bcaf92abf15ac6ed5aabd,True,actual,False,,,,,2026-09-07T08:42:24.659182+02:00
NSR:StopPlace:58858,Nittedal stasjon,2026-09-07T05:35:00+02:00,2026-09-07T05:36:38+02:00,2026-09-07T05:36:38+02:00,98.0,1,Oslo S,VYG:Line:R31,Skøyen-Jaren-Gjøvik,R31,rail,VYG:ServiceJourney:BUS-240_655528-R,True,actual,False,,,,,2026-09-07T08:42:24.659182+02:00
NSR:StopPlace:58860,Oppegård stasjon,2026-09-07T05:31:00+02:00,2026-09-07T05:32:38+02:00,2026-09-07T05:32:38+02:00,98.0,1,Kolbotn torg,RUT:Line:580,Kolbotn - Ski,580,bus,RUT:ServiceJourney:5053edeb82b9fea14cd6e5e9e731f3d9,True,actual,False,,,,,2026-09-07T08:42:24.659182+02:00
NSR:StopPlace:58860,Oppegård stasjon,2026-09-07T07:01:00+02:00,2026-09-07T07:02:38+02:00,2026-09-07T07:02:38+02:00,98.0,1,Ski stasjon,RUT:Line:580,Kolbotn - Ski,580,bus,RUT:ServiceJourney:2365a3e4573405ead9fccbf7f2e7c9d6,True,actual,False,,,,,2026-09-07T08:42:24.659182+02:00
NSR:StopPlace:58810,Løten stasjon,2026-09-07T08:36:00+02:00,2026-09-07T08:37:38+02:00,2026-09-07T08:37:38+02:00,98.0,1,Hamar - Brumunddal,INN:Line:26,Brumunddal - Hamar - Løten,B26,bus,INN:ServiceJourney:54036,True,actual,False,,,,,2026-09-07T08:42:24.659182+02:00
NSR:StopPlace:58820,Harestua stasjon,2026-09-07T07:19:00+02:00,2026-09-07T07:20:38+02:00,2026-09-07T07:20:38+02:00,98.0,1,Oslo S,VYG:Line:R31,Skøyen-Jaren-Gjøvik,R31,rail,VYG:ServiceJourney:BUS-246_655575-R,True,actual,False,,,,,2026-09-07T08:42:24.659182+02:00
NSR:StopPlace:62392,Slependen stasjon,2026-09-07T07:29:00+02:00,2026-09-07T07:30:38+02:00,2026-09-07T07:30:38+02:00,98.0,1,Lillestrøm,VYG:Line:L1,Spikkestad-Oslo S-Lillestrøm,L1,rail,VYG:ServiceJourney:2112_443517-R,True,actual,False,,,,,2026-09-07T08:42:24.659182+02:00
NSR:StopPlace:6,Greverud stasjon,2026-09-07T22:18:00+02:00,2026-09-07T22:19:37+02:00,2026-09-07T22:19:37+02:00,97.0,1,Stabekk,VYG:Line:L2,Stabekk-Oslo S-Ski,L2,rail,VYG:ServiceJourney:2774-SKI_443996-R,True,actual,False,,,,,2026-09-08T00:20:52.129880+02:00
NSR:StopPlace:59261,Trondheim lufthavn,2026-09-07T23:02:00+02:00,2026-09-07T23:03:37+02:00,2026-09-07T23:03:37+02:00,97.0,1,Marienborg via Brattøra,ATB:Line:2_70,Stjørdal/Hommelvik- Trondheim,70,bus,ATB:ServiceJourney:70_251215112547008_112,True,actual,False,,,,,2026-09-08T00:20:52.129880+02:00
NSR:StopPlace:60271,Varhaug stasjon,2026-09-07T23:39:00+02:00,2026-09-07T23:40:37+02:00,2026-09-07T23:40:37+02:00,97.0,1,Egersund,GOA:Line:59,Jærbanen,L5,rail,GOA:ServiceJourney:3076_63139-R,True,actual,False,,,,,2026-09-08T00:20:52.129880+02:00
NSR:StopPlace:59639,Sonsveien stasjon,2026-09-07T23:55:00+02:00,2026-09-07T23:56:37+02:00,2026-09-07T23:56:37+02:00,97.0,1,Deør - Son - Store Brevik,RUT:Line:3545,Son mot klokka,545B,bus,RUT:ServiceJourney:32a420cb5f4399d9a1a0212e2a5d9250,True,actual,False,,,,,2026-09-08T00:20:52.129880+02:00
NSR:StopPlace:58834,Hokksund stasjon,2026-09-08T00:03:00+02:00,2026-09-08T00:04:37+02:00,2026-09-08T00:04:37+02:00,97.0,1,Kongsberg,VYG:Line:R12,Kongsberg-Oslo S-Eidsvoll,R12,rail,VYG:ServiceJourney:537_444347-R,True,actual,False,,,,,2026-09-08T00:20:52.129880+02:00
NSR:StopPlace:58852,Høn stasjon,2026-09-07T22:50:00+02:00,2026-09-07T22:51:37+02:00,2026-09-07T22:51:37+02:00,97.0,1,Lillestrøm,VYG:Line:L1,Spikkestad-Oslo S-Lillestrøm,L1,rail,VYG:ServiceJourney:2174_443585-R,True,actual,False,,,,,2026-09-08T00:20:52.129880+02:00
NSR:StopPlace:58819,Grua stasjon,2026-09-07T22:40:00+02:00,2026-09-07T22:41:37+02:00,2026-09-07T22:41:37+02:00,97.0,1,Roa,VYG:Line:R31,Skøyen-Jaren-Gjøvik,R31,rail,VYG:ServiceJourney:BUS-235_655467-R,True,actual,False,,,,,2026-09-08T00:20:52.129880+02:00
NSR:StopPlace:313,Høybråten stasjon,2026-09-07T22:53:00+02:00,2026-09-07T22:54:37+02:00,2026-09-07T22:54:37+02:00,97.0,1,Spikkestad,VYG:Line:L1,Spikkestad-Oslo S-Lillestrøm,L1,rail,VYG:ServiceJourney:2273_443707-R,True,actual,False,,,,,2026-09-08T00:20:52.129880+02:00
NSR:StopPlace:61169,Marienborg stasjon,2026-09-07T18:26:00+02:00,2026-09-07T18:27:37+02:00,2026-09-07T18:27:37+02:00,97.0,1,Sandmoen via Flatåsen,ATB:Line:2_23,Brattøra - St. Olavs - Hallset - Flatåsen - Sandmoen,23,bus,ATB:ServiceJourney:23_251215112545581_104,True,actual,False,,,,,2026-09-07T20:27:16.249662+02:00
NSR:StopPlace:61315,Nerdrum stasjon,2026-09-07T19:39:00+02:00,2026-09-07T19:40:37+02:00,2026-09-07T19:40:37+02:00,97.0,1,Asker,VYG:Line:R14,Asker-Oslo S-Kongsvinger,R14,rail,VYG:ServiceJourney:1030_442941-R,True,actual,False,,,,,2026-09-07T20:27:16.249662+02:00
NSR:StopPlace:59653,Haugenstua stasjon,2026-09-07T17:40:00+02:00,2026-09-07T17:41:37+02:00,2026-09-07T17:41:37+02:00,97.0,1,Lillestrøm,VYG:Line:L1,Spikkestad-Oslo S-Lillestrøm,L1,rail,VYG:ServiceJourney:2150_443559-R,True,actual,False,,,,,2026-09-07T20:27:16.249662+02:00
NSR:StopPlace:59653,Haugenstua stasjon,2026-09-07T17:55:00+02:00,2026-09-07T17:56:37+02:00,2026-09-07T17:56:37+02:00,97.0,1,Lillestrøm,VYG:Line:L1,Spikkestad-Oslo S-Lillestrøm,L1,rail,VYG:ServiceJourney:2252_445350-R,True,actual,False,,,,,2026-09-07T20:27:16.249662+02:00
NSR:StopPlace:58952,Bodø stasjon,2026-09-07T17:32:00+02:00,2026-09-07T17:33:37+02:00,2026-09-07T17:33:37+02:00,97.0,1,Tverlandet,NOR:Line:12_8004,Tverlandet - Bodø sentrum - Løpsmarka,4,bus,NOR:ServiceJourney:8004_251012124900579_1032,True,actual,False,,,,,2026-09-07T20:27:16.249662+02:00
NSR:StopPlace:58795,Kambo stasjon,2026-09-07T17:55:00+02:00,2026-09-07T17:56:37+02:00,2026-09-07T17:56:37+02:00,97.0,1,Moss,VYG:Line:R21,Stabekk-Oslo S-Moss,R21,rail,VYG:ServiceJourney:1149-HVK_443028-R,True,actual,False,,,,,2026-09-07T20:27:16.249662+02:00
NSR:StopPlace:58801,Sarpsborg stasjon,2026-09-07T18:43:00+02:00,2026-09-07T18:44:37+02:00,2026-09-07T18:44:37+02:00,97.0,1,Opsund,OST:Line:1_134,Sarpsborg - Opsund,134,bus,OST:ServiceJourney:134_260325121470906_9,True,actual,False,,,,,2026-09-07T20:27:16.249662+02:00
NSR:StopPlace:58952,Bodø stasjon,2026-09-07T14:32:00+02:00,2026-09-07T14:33:37+02:00,2026-09-07T14:33:37+02:00,97.0,1,Tverlandet,NOR:Line:12_8004,Tverlandet - Bodø sentrum - Løpsmarka,4,bus,NOR:ServiceJourney:8004_251012124900569_1022,True,actual,False,,,,,2026-09-07T15:44:36.205822+02:00
NSR:StopPlace:58947,Steinkjer stasjon,2026-09-07T14:15:00+02:00,2026-09-07T14:16:37+02:00,2026-09-07T14:16:37+02:00,97.0,1,Bremset,ATB:Line:2_7302,Veiesdal - Henning - Steinkjer,7302,bus,ATB:ServiceJourney:7302_260106098640744_13,True,actual,False,,,,,2026-09-07T15:44:36.205822+02:00
NSR:StopPlace:58884,Skien stasjon,2026-09-07T13:00:00+02:00,2026-09-07T13:01:37+02:00,2026-09-07T13:01:37+02:00,97.0,1,Seljord,TEL:Line:8181,Seljord-Bø-Skien,R1,bus,TEL:ServiceJourney:127093,True,actual,False,,,,,2026-09-07T15:44:36.205822+02:00
NSR:StopPlace:58812,Os stasjon,2026-09-07T14:35:00+02:00,2026-09-07T14:36:37+02:00,2026-09-07T14:36:37+02:00,97.0,1,Tufsingdal,INN:Line:896,Os - Tufsingdal,896,bus,INN:ServiceJourney:74883,True,actual,False,,,,,2026-09-07T15:44:36.205822+02:00
NSR:StopPlace:58812,Os stasjon,2026-09-07T14:47:00+02:00,2026-09-07T14:48:37+02:00,2026-09-07T14:48:37+02:00,97.0,1,Dalsbygda,INN:Line:897,Os - Dalsbygda - Os,897,bus,INN:ServiceJourney:76454,True,actual,False,,,,,2026-09-07T15:44:36.205822+02:00
NSR:StopPlace:59643,Grefsen stasjon,2026-09-07T06:38:00+02:00,2026-09-07T06:39:37+02:00,2026-09-07T06:39:37+02:00,97.0,1,Fornebu,RUT:Line:24,Fornebu vest - Brynseng T,24,bus,RUT:ServiceJourney:9da67b35c7a2ef9f44aeafedc30f23e3,True,actual,False,,,,,2026-09-07T08:42:24.659182+02:00
NSR:StopPlace:60271,Varhaug stasjon,2026-09-07T07:48:00+02:00,2026-09-07T07:49:37+02:00,2026-09-07T07:49:37+02:00,97.0,1,Stavanger,GOA:Line:59,Jærbanen,L5,rail,GOA:ServiceJourney:3013_63045-R,True,actual,False,,,,,2026-09-07T08:42:24.659182+02:00
NSR:StopPlace:59620,Grorud stasjon,2026-09-07T06:12:00+02:00,2026-09-07T06:13:37+02:00,2026-09-07T06:13:37+02:00,97.0,1,Asker,VYG:Line:L1,Spikkestad-Oslo S-Lillestrøm,L1,rail,VYG:ServiceJourney:2105_443509-R,True,actual,False,,,,,2026-09-07T08:42:24.659182+02:00
NSR:StopPlace:59620,Grorud stasjon,2026-09-07T07:05:00+02:00,2026-09-07T07:06:37+02:00,2026-09-07T07:06:37+02:00,97.0,1,Furuset,RUT:Line:65,Furuset T - Stovner T via Smedstua,65,bus,RUT:ServiceJourney:b334941feb31ae94bf4eb73beb02bdaa,True,actual,False,,,,,2026-09-07T08:42:24.659182+02:00
NSR:StopPlace:58966,Porsgrunn stasjon,2026-09-07T06:16:00+02:00,2026-09-07T06:17:37+02:00,2026-09-07T06:17:37+02:00,97.0,1,Notodden,VYG:Line:R55,Porsgrunn-Notodden,R55,rail,VYG:ServiceJourney:BUS-2472_698791-R,True,actual,False,,,,,2026-09-07T08:42:24.659182+02:00
NSR:StopPlace:58925,Gausel stasjon,2026-09-07T06:30:00+02:00,2026-09-07T06:31:37+02:00,2026-09-07T06:31:37+02:00,97.0,1,Nærbø,GOA:Line:59,Jærbanen,L5,rail,GOA:ServiceJourney:3010_63042-R,True,actual,False,,,,,2026-09-07T08:42:24.659182+02:00
NSR:StopPlace:58797,Mysen stasjon,2026-09-07T08:15:00+02:00,2026-09-07T08:16:37+02:00,2026-09-07T08:16:37+02:00,97.0,1,Mysen ungdomsskole,OST:Line:1_464,Mysen ungdomsskole,464,bus,OST:ServiceJourney:464_260325121475512_5,True,actual,False,,,,,2026-09-07T08:42:24.659182+02:00
NSR:StopPlace:58853,Kolbotn stasjon,2026-09-07T07:07:00+02:00,2026-09-07T07:08:37+02:00,2026-09-07T07:08:37+02:00,97.0,1,Tårnåsen,RUT:Line:83,Jernbanetorget - Tårnåsen,83,bus,RUT:ServiceJourney:453a7f7813a38c1119fdeb541300df67,True,actual,False,Linje 80E og 83 får Hausmanns bru som ny endeholdeplass fra 29. juni,"Bussene stopper ikke på Jernbanetorget etter 29. juni, men starter og stopper på Hausmanns bru i Nylandsveien.",incident,normal,2026-09-07T08:42:24.659182+02:00
NSR:StopPlace:58854,Langhus stasjon,2026-09-07T07:46:00+02:00,2026-09-07T07:47:37+02:00,2026-09-07T07:47:37+02:00,97.0,1,Drøbak - Seiersten,RUT:Line:510,Bøleråsen - Ski - Ås - Drøbak,510,bus,RUT:ServiceJourney:c124abc5529c7200252e7dce7bcc27c3,True,actual,False,,,,,2026-09-07T08:42:24.659182+02:00
NSR:StopPlace:58861,Solbråtan stasjon,2026-09-07T06:23:00+02:00,2026-09-07T06:24:37+02:00,2026-09-07T06:24:37+02:00,97.0,1,Stabekk,VYG:Line:L2,Stabekk-Oslo S-Ski,L2,rail,VYG:ServiceJourney:2710-SKI_443916-R,True,actual,False,Færre vogner,Denne avgangen kjører dessverre med 3 vogner i stedet for 6 vogner. Dette skyldes at vi mangler et togsett.,general,normal,2026-09-07T08:42:24.659182+02:00
NSR:StopPlace:58821,Hjerkinn stasjon,2026-09-07T08:16:00+02:00,2026-09-07T08:17:37+02:00,2026-09-07T08:17:37+02:00,97.0,1,Oslo S,SJN:Line:21,Dovrebanen,F6,rail,SJN:ServiceJourney:40-TND_48233-R,True,actual,False,,,,,2026-09-07T08:42:24.659182+02:00
NSR:StopPlace:362,Jåttåvågen stasjon,2026-09-07T06:11:00+02:00,2026-09-07T06:12:37+02:00,2026-09-07T06:12:37+02:00,97.0,1,Skeiane,GOA:Line:59,Jærbanen,L5,rail,GOA:ServiceJourney:3106_63151-R,True,actual,False,,,,,2026-09-07T08:42:24.659182+02:00
NSR:StopPlace:708,Stange stasjon,2026-09-07T06:45:00+02:00,2026-09-07T06:46:37+02:00,2026-09-07T06:46:37+02:00,97.0,1,Oslo S,VYG:Line:RE10,Drammen-Oslo S-Lillehammer,RE10,rail,VYG:ServiceJourney:352-HMR_621900-R,True,actual,False,,,,,2026-09-07T08:42:24.659182+02:00
NSR:StopPlace:610,Sandvika stasjon,2026-09-07T07:32:00+02:00,2026-09-07T07:33:37+02:00,2026-09-07T07:33:37+02:00,97.0,1,Lillestrøm,VYG:Line:L1,Spikkestad-Oslo S-Lillestrøm,L1,rail,VYG:ServiceJourney:2112_443517-R,True,actual,False,,,,,2026-09-07T08:42:24.659182+02:00
NSR:StopPlace:62309,Ljan stasjon,2026-09-07T07:50:00+02:00,2026-09-07T07:51:37+02:00,2026-09-07T07:51:37+02:00,97.0,1,Lysaker,VYG:Line:L2,Stabekk-Oslo S-Ski,L2,rail,VYG:ServiceJourney:2814-SKI_444026-R,True,actual,False,,,,,2026-09-07T08:42:24.659182+02:00
NSR:StopPlace:62380,Røra stasjon,2026-09-07T06:50:00+02:00,2026-09-07T06:51:37+02:00,2026-09-07T06:51:37+02:00,97.0,1,Ler,SJN:Line:26,Trønderbanen,R70,rail,SJN:ServiceJourney:424_56053-R,True,actual,False,,,,,2026-09-07T08:42:24.659182+02:00
NSR:StopPlace:59641,Fjellhamar stasjon,2026-09-08T00:03:00+02:00,2026-09-08T00:04:36+02:00,2026-09-08T00:04:36+02:00,96.0,1,Lillestrøm,VYG:Line:L1,Spikkestad-Oslo S-Lillestrøm,L1,rail,VYG:ServiceJourney:2276_445376-R,True,actual,False,,,,,2026-09-08T00:20:52.129880+02:00
NSR:StopPlace:59952,Drammen stasjon,2026-09-07T22:14:00+02:00,2026-09-07T22:15:36+02:00,2026-09-07T22:15:36+02:00,96.0,1,Skien,VYG:Line:RE11,Eidsvoll-Oslo S-Skien,RE11,rail,VYG:ServiceJourney:835_444415-R,True,actual,False,,,,,2026-09-08T00:20:52.129880+02:00
NSR:StopPlace:58857,Lørenskog stasjon,2026-09-07T22:51:00+02:00,2026-09-07T22:52:36+02:00,2026-09-07T22:52:36+02:00,96.0,1,Spikkestad,VYG:Line:L1,Spikkestad-Oslo S-Lillestrøm,L1,rail,VYG:ServiceJourney:2273_443707-R,True,actual,False,,,,,2026-09-08T00:20:52.129880+02:00
NSR:StopPlace:58860,Oppegård stasjon,2026-09-07T23:46:00+02:00,2026-09-07T23:47:36+02:00,2026-09-07T23:47:36+02:00,96.0,1,Stabekk,VYG:Line:L2,Stabekk-Oslo S-Ski,L2,rail,VYG:ServiceJourney:2780-SKI_444006-R,True,actual,False,,,,,2026-09-08T00:20:52.129880+02:00
NSR:StopPlace:61251,Øksnavadporten stasjon,2026-09-07T19:33:00+02:00,2026-09-07T19:34:36+02:00,2026-09-07T19:34:36+02:00,96.0,1,Stavanger,GOA:Line:59,Jærbanen,L5,rail,GOA:ServiceJourney:3059_63113-R,True,actual,False,,,,,2026-09-07T20:27:16.249662+02:00
NSR:StopPlace:59653,Haugenstua stasjon,2026-09-07T18:40:00+02:00,2026-09-07T18:41:36+02:00,2026-09-07T18:41:36+02:00,96.0,1,Lillestrøm,VYG:Line:L1,Spikkestad-Oslo S-Lillestrøm,L1,rail,VYG:ServiceJourney:2154_443563-R,True,actual,False,,,,,2026-09-07T20:27:16.249662+02:00
NSR:StopPlace:59952,Drammen stasjon,2026-09-07T16:57:00+02:00,2026-09-07T16:58:36+02:00,2026-09-07T16:58:36+02:00,96.0,1,Lillehammer,VYG:Line:RE10,Drammen-Oslo S-Lillehammer,RE10,rail,VYG:ServiceJourney:327-SUD_444222-R,True,actual,False,,,,,2026-09-07T20:27:16.249662+02:00
NSR:StopPlace:59952,Drammen stasjon,2026-09-07T18:14:00+02:00,2026-09-07T18:15:36+02:00,2026-09-07T18:15:36+02:00,96.0,1,Skien,VYG:Line:RE11,Eidsvoll-Oslo S-Skien,RE11,rail,VYG:ServiceJourney:827_444407-R,True,actual,False,,,,,2026-09-07T20:27:16.249662+02:00
NSR:StopPlace:59957,Klepp stasjon,2026-09-07T19:30:00+02:00,2026-09-07T19:31:36+02:00,2026-09-07T19:31:36+02:00,96.0,1,Stavanger,GOA:Line:59,Jærbanen,L5,rail,GOA:ServiceJourney:3059_63113-R,True,actual,False,,,,,2026-09-07T20:27:16.249662+02:00
NSR:StopPlace:59616,Asker stasjon,2026-09-07T17:04:00+02:00,2026-09-07T17:05:36+02:00,2026-09-07T17:05:36+02:00,96.0,1,Lillestrøm,VYG:Line:L1,Spikkestad-Oslo S-Lillestrøm,L1,rail,VYG:ServiceJourney:2252_445350-R,True,actual,False,,,,,2026-09-07T20:27:16.249662+02:00
NSR:StopPlace:58950,Åsen stasjon,2026-09-07T19:22:00+02:00,2026-09-07T19:23:36+02:00,2026-09-07T19:23:36+02:00,96.0,1,Steinkjer,SJN:Line:26,Trønderbanen,R70,rail,SJN:ServiceJourney:447_56076-R,True,actual,False,,,,,2026-09-07T20:27:16.249662+02:00
NSR:StopPlace:58948,Stjørdal stasjon,2026-09-07T19:00:00+02:00,2026-09-07T19:01:36+02:00,2026-09-07T19:01:36+02:00,96.0,1,Ler,SJN:Line:26,Trønderbanen,R70,rail,SJN:ServiceJourney:446_56075-R,True,actual,False,,,,,2026-09-07T20:27:16.249662+02:00
NSR:StopPlace:58793,Askim stasjon,2026-09-07T20:10:00+02:00,2026-09-07T20:11:36+02:00,2026-09-07T20:11:36+02:00,96.0,1,Oslo S,VYG:Line:R22,Skøyen-Oslo S-Mysen-Rakkestad,R22,rail,VYG:ServiceJourney:1934_443488-R,True,actual,False,,,,,2026-09-07T20:27:16.249662+02:00
NSR:StopPlace:58835,Lier stasjon,2026-09-07T19:13:00+02:00,2026-09-07T19:14:36+02:00,2026-09-07T19:14:36+02:00,96.0,1,Drammen,BRA:Line:4_6073,Drammen - Reistad - Lierskogen,73,bus,BRA:ServiceJourney:6073_260415100160836_1028,True,actual,False,Fra 17/8 går linje 61-63-71-73-251-261 og skolebusser fra holdeplass ved Skutebrygga ut av byen.Les mer på brakar.no/trafikkmeldinger.,,general,normal,2026-09-07T20:27:16.249662+02:00
NSR:StopPlace:58844,Eidsvoll stasjon,2026-09-07T20:15:00+02:00,2026-09-07T20:16:36+02:00,2026-09-07T20:16:36+02:00,96.0,1,Jessheim,RUT:Line:430,Eidsvoll - Jessheim,430,bus,RUT:ServiceJourney:8af56ab17233a0da1cf1e4b5c6a0831f,True,actual,False,,,,,2026-09-07T20:27:16.249662+02:00
NSR:StopPlace:58855,Leirsund stasjon,2026-09-07T18:30:00+02:00,2026-09-07T18:31:36+02:00,2026-09-07T18:31:36+02:00,96.0,1,Dal,VYG:Line:R13,Drammen-Oslo S-Dal,R13,rail,VYG:ServiceJourney:1653_443327-R,True,actual,False,,,,,2026-09-07T20:27:16.249662+02:00
NSR:StopPlace:58850,Hauerseter stasjon,2026-09-07T17:00:00+02:00,2026-09-07T17:01:36+02:00,2026-09-07T17:01:36+02:00,96.0,1,Drammen,VYG:Line:R13,Drammen-Oslo S-Dal,R13,rail,VYG:ServiceJourney:1650_443321-R,True,actual,False,,,,,2026-09-07T20:27:16.249662+02:00
NSR:StopPlace:58860,Oppegård stasjon,2026-09-07T18:31:00+02:00,2026-09-07T18:32:36+02:00,2026-09-07T18:32:36+02:00,96.0,1,Oslo S,VYG:Line:L2,Stabekk-Oslo S-Ski,L2,rail,VYG:ServiceJourney:2858_444098-R,True,actual,False,,,,,2026-09-07T20:27:16.249662+02:00
NSR:StopPlace:58870,Holmestrand stasjon,2026-09-07T17:01:00+02:00,2026-09-07T17:02:36+02:00,2026-09-07T17:02:36+02:00,96.0,1,Skien,VYG:Line:RX11,Eidsvoll-Oslo S-Skien,RX11,rail,VYG:ServiceJourney:855-LOE_444425-R,True,actual,False,,,,,2026-09-07T20:27:16.249662+02:00
NSR:StopPlace:101,Sagdalen stasjon,2026-09-07T19:52:00+02:00,2026-09-07T19:53:36+02:00,2026-09-07T19:53:36+02:00,96.0,1,Lillestrøm,VYG:Line:L1,Spikkestad-Oslo S-Lillestrøm,L1,rail,VYG:ServiceJourney:2158_443567-R,True,actual,False,,,,,2026-09-07T20:27:16.249662+02:00
NSR:StopPlace:206,Mariero stasjon,2026-09-07T18:25:00+02:00,2026-09-07T18:26:36+02:00,2026-09-07T18:26:36+02:00,96.0,1,Stavanger,GOA:Line:59,Jærbanen,L5,rail,GOA:ServiceJourney:3053_63102-R,True,actual,False,,,,,2026-09-07T20:27:16.249662+02:00
NSR:StopPlace:61169,Marienborg stasjon,2026-09-07T14:04:00+02:00,2026-09-07T14:05:36+02:00,2026-09-07T14:05:36+02:00,96.0,1,Grillstad via St. Olavs h- Ladeham.,ATB:Line:2_20,Grillstad - Strindheim - Ladehammeren- Sentrum - Romolslia,20,bus,ATB:ServiceJourney:20_251215112548011_47,True,actual,False,,,,,2026-09-07T15:44:36.205822+02:00
NSR:StopPlace:41,Hanaborg stasjon,2026-09-07T15:34:00+02:00,2026-09-07T15:35:36+02:00,2026-09-07T15:35:36+02:00,96.0,1,Asker,VYG:Line:L1,Spikkestad-Oslo S-Lillestrøm,L1,rail,VYG:ServiceJourney:2143_443551-R,True,actual,False,,,,,2026-09-07T15:44:36.205822+02:00
NSR:StopPlace:59244,Egersund stasjon,2026-09-07T15:37:00+02:00,2026-09-07T15:38:36+02:00,2026-09-07T15:38:36+02:00,96.0,1,Hovland,KOL:Line:8_2616,SK0117,SK0117,bus,KOL:ServiceJourney:2616_250903083245422_1001,True,actual,False,,,,,2026-09-07T15:44:36.205822+02:00
NSR:StopPlace:58947,Steinkjer stasjon,2026-09-07T15:30:00+02:00,2026-09-07T15:31:36+02:00,2026-09-07T15:31:36+02:00,96.0,1,Snåsa stasjon,ATB:Line:2_733,Agle Snåsa - Steinkjer,733,bus,ATB:ServiceJourney:733_260106098640642_5,True,actual,False,,,,,2026-09-07T15:44:36.205822+02:00
NSR:StopPlace:58857,Lørenskog stasjon,2026-09-07T14:22:00+02:00,2026-09-07T14:23:36+02:00,2026-09-07T14:23:36+02:00,96.0,1,Nesåsen,RUT:Line:120,Nesåsen - Stovner,120,bus,RUT:ServiceJourney:9cb159c76b8f27ef054fabb4bdb17b16,True,actual,False,,,,,2026-09-07T15:44:36.205822+02:00
NSR:StopPlace:58850,Hauerseter stasjon,2026-09-07T14:42:00+02:00,2026-09-07T14:43:36+02:00,2026-09-07T14:43:36+02:00,96.0,1,Nordkisa,RUT:Line:3532,Gystadmaraka - Hauerseter - Nordkisa,3532,bus,RUT:ServiceJourney:3efc511a790c032b346cda8191b76853,True,actual,False,,,,,2026-09-07T15:44:36.205822+02:00
NSR:StopPlace:58861,Solbråtan stasjon,2026-09-07T15:23:00+02:00,2026-09-07T15:24:36+02:00,2026-09-07T15:24:36+02:00,96.0,1,Stabekk,VYG:Line:L2,Stabekk-Oslo S-Ski,L2,rail,VYG:ServiceJourney:2746-SKI_443956-R,True,actual,False,,,,,2026-09-07T15:44:36.205822+02:00
NSR:StopPlace:59643,Grefsen stasjon,2026-09-07T06:59:00+02:00,2026-09-07T07:00:36+02:00,2026-09-07T07:00:36+02:00,96.0,1,Simensbråten,RUT:Line:23,Lysaker - Simensbråten,23,bus,RUT:ServiceJourney:fa6b7d369723c06d5c5956324ce77023,True,actual,False,,,,,2026-09-07T08:42:24.659182+02:00
NSR:StopPlace:59243,Mo i Rana stasjon,2026-09-07T08:38:00+02:00,2026-09-07T08:39:36+02:00,2026-09-07T08:39:36+02:00,96.0,1,Grubbåsen,NOR:Line:12_8371,Grubbåsen - Båsmobakken/Skillevollen,1,bus,NOR:ServiceJourney:8371_251012124858535_2008,True,actual,False,,,,,2026-09-07T08:42:24.659182+02:00
NSR:StopPlace:59639,Sonsveien stasjon,2026-09-07T07:51:00+02:00,2026-09-07T07:52:36+02:00,2026-09-07T07:52:36+02:00,96.0,1,Moss,VYG:Line:R21,Stabekk-Oslo S-Moss,R21,rail,VYG:ServiceJourney:1109-HVK_442980-R,True,actual,False,,,,,2026-09-07T08:42:24.659182+02:00
NSR:StopPlace:58921,Vennesla stasjon,2026-09-07T07:06:00+02:00,2026-09-07T07:07:36+02:00,2026-09-07T07:07:36+02:00,96.0,1,Kristiansand via Mosby,AKT:Line:30,Kvadraturen - Mosby - Vennesl,30,bus,AKT:ServiceJourney:79446_72_48_49200_52080_40001545,True,actual,False,,,,,2026-09-07T08:42:24.659182+02:00
NSR:StopPlace:58932,Hommelvik stasjon,2026-09-07T08:33:00+02:00,2026-09-07T08:34:36+02:00,2026-09-07T08:34:36+02:00,96.0,1,Stjørdal stasjon,ATB:Line:2_70,Stjørdal/Hommelvik- Trondheim,70,bus,ATB:ServiceJourney:70_251215112546899_13,True,actual,False,,,,,2026-09-07T08:42:24.659182+02:00
NSR:StopPlace:58849,Hakadal stasjon,2026-09-07T08:23:00+02:00,2026-09-07T08:24:36+02:00,2026-09-07T08:24:36+02:00,96.0,1,Oslo bussterminal,RUT:Line:390,Kongskog/Hellerudhaugen - Oslo bussterminal,390,bus,RUT:ServiceJourney:500822d1db56b08fe5dc23c4bf283fca,True,actual,False,,,,,2026-09-07T08:42:24.659182+02:00
NSR:StopPlace:58852,Høn stasjon,2026-09-07T06:43:00+02:00,2026-09-07T06:44:36+02:00,2026-09-07T06:44:36+02:00,96.0,1,Spikkestad,VYG:Line:L1,Spikkestad-Oslo S-Lillestrøm,L1,rail,VYG:ServiceJourney:2205_443593-R,True,actual,False,Færre vogner,Denne avgangen kjører dessverre med 4 vogner i stedet for 8 vogner. Dette skyldes at vi mangler et togsett.,general,normal,2026-09-07T08:42:24.659182+02:00
NSR:StopPlace:58856,Lysaker stasjon,2026-09-07T05:58:00+02:00,2026-09-07T05:59:36+02:00,2026-09-07T05:59:36+02:00,96.0,1,Bekkestua via Østerås,RUT:Line:140,Bekkestua - Østerås - Skøyen,140,bus,RUT:ServiceJourney:3c2738b78d4e880a25e666c80b5340c0,True,actual,False,,,,,2026-09-07T08:42:24.659182+02:00
NSR:StopPlace:58860,Oppegård stasjon,2026-09-07T07:16:00+02:00,2026-09-07T07:17:36+02:00,2026-09-07T07:17:36+02:00,96.0,1,Stabekk,VYG:Line:L2,Stabekk-Oslo S-Ski,L2,rail,VYG:ServiceJourney:2714-SKI_443920-R,True,actual,False,,,,,2026-09-07T08:42:24.659182+02:00
NSR:StopPlace:610,Sandvika stasjon,2026-09-07T06:20:00+02:00,2026-09-07T06:21:36+02:00,2026-09-07T06:21:36+02:00,96.0,1,Oslo Lufthavn,FLT:Line:FLY1,FLY1,FLY1,rail,FLT:ServiceJourney:1-2614-3713-20260907,True,actual,False,,,,,2026-09-07T08:42:24.659182+02:00
NSR:StopPlace:62392,Slependen stasjon,2026-09-07T07:15:00+02:00,2026-09-07T07:16:36+02:00,2026-09-07T07:16:36+02:00,96.0,1,Lillestrøm,VYG:Line:L1,Spikkestad-Oslo S-Lillestrøm,L1,rail,VYG:ServiceJourney:2212_764749-R,True,actual,False,Færre vogner,Denne avgangen kjører dessverre med 4 vogner i stedet for 8 vogner. Dette skyldes at vi mangler et togsett.,general,normal,2026-09-07T08:42:24.659182+02:00
NSR:StopPlace:61464,Hvalstad stasjon,2026-09-08T01:39:00+02:00,2026-09-08T01:40:35+02:00,2026-09-08T01:40:35+02:00,95.0,1,Drammen,VYG:Line:L1,Spikkestad-Oslo S-Lillestrøm,L1,rail,VYG:ServiceJourney:2281_443719-R,True,actual,False,,,,,2026-09-08T03:39:50.209703+02:00
NSR:StopPlace:58919,Sira stasjon,2026-09-08T00:08:00+02:00,2026-09-08T00:09:35+02:00,2026-09-08T00:09:35+02:00,95.0,1,Oslo S,GOA:Line:50,Sørtoget region,F5,rail,GOA:ServiceJourney:726-KVB_63257-R,True,actual,False,,,,,2026-09-08T03:39:50.209703+02:00
NSR:StopPlace:59872,Oslo S,2026-09-07T20:34:00+02:00,2026-09-07T20:35:35+02:00,2026-09-07T20:35:35+02:00,95.0,1,Lillehammer,VYG:Line:RE10,Drammen-Oslo S-Lillehammer,RE10,rail,VYG:ServiceJourney:333-SUD_444251-R,True,actual,False,Bruk de forreste vognene,På denne avgangen er det bakerste togsettet stengt mellom Drammen og Lillehammer. Bruk de forreste vognene.,general,normal,2026-09-08T00:20:52.129880+02:00
NSR:StopPlace:60640,Heimdal stasjon,2026-09-07T22:37:00+02:00,2026-09-07T22:38:35+02:00,2026-09-07T22:38:35+02:00,95.0,1,Torgård,ATB:Line:2_46,Torgård- Lundåsen,46,bus,ATB:ServiceJourney:46_251215112544200_101,True,actual,False,,,,,2026-09-08T00:20:52.129880+02:00
NSR:StopPlace:59952,Drammen stasjon,2026-09-07T23:17:00+02:00,2026-09-07T23:18:35+02:00,2026-09-07T23:18:35+02:00,95.0,1,Eidsvoll,VYG:Line:R12,Kongsberg-Oslo S-Eidsvoll,R12,rail,VYG:ServiceJourney:538_444348-R,True,actual,False,,,,,2026-09-08T00:20:52.129880+02:00
NSR:StopPlace:58966,Porsgrunn stasjon,2026-09-07T23:17:00+02:00,2026-09-07T23:18:35+02:00,2026-09-07T23:18:35+02:00,95.0,1,Drammen,VYG:Line:RE11,Eidsvoll-Oslo S-Skien,RE11,rail,VYG:ServiceJourney:840-SKN_444420-R,True,actual,False,Heis på Porsgrunn ute av drift,Heisen på Porsgrunn til spor 2 er ute av drift.,general,normal,2026-09-08T00:20:52.129880+02:00
NSR:StopPlace:61735,Hell stasjon,2026-09-07T17:06:00+02:00,2026-09-07T17:07:35+02:00,2026-09-07T17:07:35+02:00,95.0,1,Ler,SJN:Line:26,Trønderbanen,R70,rail,SJN:ServiceJourney:442_56071-R,True,actual,False,,,,,2026-09-07T20:27:16.249662+02:00
NSR:StopPlace:59643,Grefsen stasjon,2026-09-07T17:33:00+02:00,2026-09-07T17:34:35+02:00,2026-09-07T17:34:35+02:00,95.0,1,Lysaker,RUT:Line:23,Lysaker - Simensbråten,23,bus,RUT:ServiceJourney:ee492b25945ce384f056ae8e50b0d1d2,True,actual,False,,,,,2026-09-07T20:27:16.249662+02:00
NSR:StopPlace:60053,Halden stasjon,2026-09-07T19:22:00+02:00,2026-09-07T19:23:35+02:00,2026-09-07T19:23:35+02:00,95.0,1,Halden sentrum,OST:Line:1_32,Brekkerød-Stenrød,32,bus,OST:ServiceJourney:32_260325121472782_29,True,actual,False,,,,,2026-09-07T20:27:16.249662+02:00
NSR:StopPlace:58932,Hommelvik stasjon,2026-09-07T19:52:00+02:00,2026-09-07T19:53:35+02:00,2026-09-07T19:53:35+02:00,95.0,1,Marienborg via Brattøra,ATB:Line:2_70,Stjørdal/Hommelvik- Trondheim,70,bus,ATB:ServiceJourney:70_251215112546947_92,True,actual,False,,,,,2026-09-07T20:27:16.249662+02:00
NSR:StopPlace:58935,Levanger stasjon,2026-09-07T17:15:00+02:00,2026-09-07T17:16:35+02:00,2026-09-07T17:16:35+02:00,95.0,1,Lundamo,SJN:Line:26,Trønderbanen,R70,rail,SJN:ServiceJourney:444_56073-R,True,actual,False,,,,,2026-09-07T20:27:16.249662+02:00
NSR:StopPlace:58793,Askim stasjon,2026-09-07T18:45:00+02:00,2026-09-07T18:46:35+02:00,2026-09-07T18:46:35+02:00,95.0,1,Rakkestad,VYG:Line:R22,Skøyen-Oslo S-Mysen-Rakkestad,R22,rail,VYG:ServiceJourney:1927_443479-R,True,actual,False,,,,,2026-09-07T20:27:16.249662+02:00
NSR:StopPlace:702,Sandnes sentrum stasjon,2026-09-07T20:14:00+02:00,2026-09-07T20:15:35+02:00,2026-09-07T20:15:35+02:00,95.0,1,Stavanger,GOA:Line:59,Jærbanen,L5,rail,GOA:ServiceJourney:3061_63116-R,True,actual,False,,,,,2026-09-07T20:27:16.249662+02:00
NSR:StopPlace:62309,Ljan stasjon,2026-09-07T20:09:00+02:00,2026-09-07T20:10:35+02:00,2026-09-07T20:10:35+02:00,95.0,1,Ski,VYG:Line:L2,Stabekk-Oslo S-Ski,L2,rail,VYG:ServiceJourney:2859-BES_488392-R,True,actual,False,,,,,2026-09-07T20:27:16.249662+02:00
NSR:StopPlace:62377,Ronglan stasjon,2026-09-07T16:30:00+02:00,2026-09-07T16:31:35+02:00,2026-09-07T16:31:35+02:00,95.0,1,Ler,SJN:Line:26,Trønderbanen,R70,rail,SJN:ServiceJourney:442_56071-R,True,actual,False,,,,,2026-09-07T20:27:16.249662+02:00
NSR:StopPlace:41,Hanaborg stasjon,2026-09-07T14:46:00+02:00,2026-09-07T14:47:35+02:00,2026-09-07T14:47:35+02:00,95.0,1,Lillestrøm,VYG:Line:L1,Spikkestad-Oslo S-Lillestrøm,L1,rail,VYG:ServiceJourney:2138_443545-R,True,actual,False,,,,,2026-09-07T15:44:36.205822+02:00
NSR:StopPlace:61872,Nærbø stasjon,2026-09-07T14:17:00+02:00,2026-09-07T14:18:35+02:00,2026-09-07T14:18:35+02:00,95.0,1,Stavanger,GOA:Line:59,Jærbanen,L5,rail,GOA:ServiceJourney:3039_63078-R,True,actual,False,,,,,2026-09-07T15:44:36.205822+02:00
NSR:StopPlace:59653,Haugenstua stasjon,2026-09-07T14:40:00+02:00,2026-09-07T14:41:35+02:00,2026-09-07T14:41:35+02:00,95.0,1,Asker,VYG:Line:L1,Spikkestad-Oslo S-Lillestrøm,L1,rail,VYG:ServiceJourney:2139_443546-R,True,actual,False,,,,,2026-09-07T15:44:36.205822+02:00
NSR:StopPlace:58839,Steinberg stasjon,2026-09-07T13:54:00+02:00,2026-09-07T13:55:35+02:00,2026-09-07T13:55:35+02:00,95.0,1,Hokksund - Vikersund,BRA:Line:4_6101,Drammen-Vikersund/Hønefoss,101,bus,BRA:ServiceJourney:6101_260415100161247_1027,True,actual,False,,,,,2026-09-07T15:44:36.205822+02:00
NSR:StopPlace:58860,Oppegård stasjon,2026-09-07T14:16:00+02:00,2026-09-07T14:17:35+02:00,2026-09-07T14:17:35+02:00,95.0,1,Stabekk,VYG:Line:L2,Stabekk-Oslo S-Ski,L2,rail,VYG:ServiceJourney:2742-SKI_443952-R,True,actual,False,,,,,2026-09-07T15:44:36.205822+02:00
NSR:StopPlace:58211,Oslo lufthavn,2026-09-07T12:13:00+02:00,2026-09-07T12:14:35+02:00,2026-09-07T12:14:35+02:00,95.0,1,Skien,VYG:Line:RE11,Eidsvoll-Oslo S-Skien,RE11,rail,VYG:ServiceJourney:817_444397-R,True,actual,False,,,,,2026-09-07T15:44:36.205822+02:00
NSR:StopPlace:362,Jåttåvågen stasjon,2026-09-07T14:01:00+02:00,2026-09-07T14:02:35+02:00,2026-09-07T14:02:35+02:00,95.0,1,Egersund,GOA:Line:59,Jærbanen,L5,rail,GOA:ServiceJourney:3040_63080-R,True,actual,False,,,,,2026-09-07T15:44:36.205822+02:00
NSR:StopPlace:59653,Haugenstua stasjon,2026-09-07T08:10:00+02:00,2026-09-07T08:11:35+02:00,2026-09-07T08:11:35+02:00,95.0,1,Lillestrøm,VYG:Line:L1,Spikkestad-Oslo S-Lillestrøm,L1,rail,VYG:ServiceJourney:2112_443517-R,True,actual,False,,,,,2026-09-07T08:42:24.659182+02:00
NSR:StopPlace:59977,Trondheim S,2026-09-07T06:32:00+02:00,2026-09-07T06:33:35+02:00,2026-09-07T06:33:35+02:00,95.0,1,Stjørdal stasjon,ATB:Line:2_311,Stjørdal - Trondheim,311,bus,ATB:ServiceJourney:311_260209103451782_5,True,actual,False,Endret tilbud ved Vikelvvegen,Sydgående avkjøringsrampe fra E6 ved Reppe er stengt frem til 21. september. Vikelvvegen og Ranheim fabrikker til sentrum blir ikke betjent av linje 311 i perioden. ,general,normal,2026-09-07T08:42:24.659182+02:00
NSR:StopPlace:59636,Holmlia stasjon,2026-09-07T06:30:00+02:00,2026-09-07T06:31:35+02:00,2026-09-07T06:31:35+02:00,95.0,1,Stabekk,VYG:Line:L2,Stabekk-Oslo S-Ski,L2,rail,VYG:ServiceJourney:2710-SKI_443916-R,True,actual,False,Færre vogner,Denne avgangen kjører dessverre med 3 vogner i stedet for 6 vogner. Dette skyldes at vi mangler et togsett.,general,normal,2026-09-07T08:42:24.659182+02:00
NSR:StopPlace:59638,Myrvoll stasjon,2026-09-07T06:55:00+02:00,2026-09-07T06:56:35+02:00,2026-09-07T06:56:35+02:00,95.0,1,Fornebu,RUT:Line:81,Fornebu - Myrvoll stasjon,81,bus,RUT:ServiceJourney:258fab4ff1921a5628e8a0c9d0ccce22,True,actual,False,,,,,2026-09-07T08:42:24.659182+02:00
NSR:StopPlace:58931,Fannrem stasjon,2026-09-07T07:53:00+02:00,2026-09-07T07:54:35+02:00,2026-09-07T07:54:35+02:00,95.0,1,Årlivoll skole,ATB:Line:2_5105,Årlivoll skole - Kårmo/Løften/,5105,bus,ATB:ServiceJourney:5105_260106098640035_5,True,actual,False,,,,,2026-09-07T08:42:24.659182+02:00
NSR:StopPlace:58948,Stjørdal stasjon,2026-09-07T05:51:00+02:00,2026-09-07T05:52:35+02:00,2026-09-07T05:52:35+02:00,95.0,1,Steinkjer,SJN:Line:26,Trønderbanen,R70,rail,SJN:ServiceJourney:421_56050-R,True,actual,False,,,,,2026-09-07T08:42:24.659182+02:00
NSR:StopPlace:58845,Eidsvoll verk stasjon,2026-09-07T08:35:00+02:00,2026-09-07T08:36:35+02:00,2026-09-07T08:36:35+02:00,95.0,1,Kongsberg,VYG:Line:R12,Kongsberg-Oslo S-Eidsvoll,R12,rail,VYG:ServiceJourney:509_444302-R,True,actual,False,,,,,2026-09-07T08:42:24.659182+02:00
NSR:StopPlace:58856,Lysaker stasjon,2026-09-07T05:48:00+02:00,2026-09-07T05:49:35+02:00,2026-09-07T05:49:35+02:00,95.0,1,Skøyen,RUT:Line:140,Bekkestua - Østerås - Skøyen,140,bus,RUT:ServiceJourney:6a1453b7de49bd71550d63aad7c2fcef,True,actual,False,,,,,2026-09-07T08:42:24.659182+02:00
NSR:StopPlace:58859,Nordby stasjon,2026-09-07T08:33:00+02:00,2026-09-07T08:34:35+02:00,2026-09-07T08:34:35+02:00,95.0,1,Drammen,VYG:Line:R13,Drammen-Oslo S-Dal,R13,rail,VYG:ServiceJourney:1616_443247-R,True,actual,False,,,,,2026-09-07T08:42:24.659182+02:00
NSR:StopPlace:58865,Vestby stasjon,2026-09-07T07:45:00+02:00,2026-09-07T07:46:35+02:00,2026-09-07T07:46:35+02:00,95.0,1,Moss,VYG:Line:R21,Stabekk-Oslo S-Moss,R21,rail,VYG:ServiceJourney:1109-HVK_442980-R,True,actual,False,,,,,2026-09-07T08:42:24.659182+02:00
NSR:StopPlace:58805,Brumunddal stasjon,2026-09-07T07:13:00+02:00,2026-09-07T07:14:35+02:00,2026-09-07T07:14:35+02:00,95.0,1,Næroset - Ellevsæterhøgda,INN:Line:634,Brumunddal-Arneberg-Brumunddal,634,bus,INN:ServiceJourney:83278,True,actual,False,,,,,2026-09-07T08:42:24.659182+02:00
NSR:StopPlace:58825,Raufoss stasjon,2026-09-07T06:11:00+02:00,2026-09-07T06:12:35+02:00,2026-09-07T06:12:35+02:00,95.0,1,Lena,INN:Line:47,Lena-Kapp-Gjøvik-Raufoss-Lena,B47,bus,INN:ServiceJourney:76577,True,actual,False,,,,,2026-09-07T08:42:24.659182+02:00
NSR:StopPlace:58211,Oslo lufthavn,2026-09-07T06:30:00+02:00,2026-09-07T06:31:35+02:00,2026-09-07T06:31:35+02:00,95.0,1,Jessheim,RUT:Line:420,Maura -  Jessheim,420,bus,RUT:ServiceJourney:06b9e9b8fc798af78b194e3b326ce371,True,actual,False,,,,,2026-09-07T08:42:24.659182+02:00
NSR:StopPlace:416,Vikhammer stasjon,2026-09-07T06:33:00+02:00,2026-09-07T06:34:35+02:00,2026-09-07T06:34:35+02:00,95.0,1,Steinkjer,SJN:Line:26,Trønderbanen,R70,rail,SJN:ServiceJourney:423_56052-R,True,actual,False,,,,,2026-09-07T08:42:24.659182+02:00
NSR:StopPlace:58856,Lysaker stasjon,2026-09-08T01:36:00+02:00,2026-09-08T01:37:34+02:00,2026-09-08T01:37:34+02:00,94.0,1,Grorud T,RUT:Line:31,Snarøya - Fornebu - Tonsenhagen - Grorud,31,bus,RUT:ServiceJourney:0a4a4ea49d8212b8e2cecaa5d81c01fb,True,actual,False,,,,,2026-09-08T03:39:50.209703+02:00
NSR:StopPlace:62308,Alna stasjon,2026-09-07T22:03:00+02:00,2026-09-07T22:04:34+02:00,2026-09-07T22:04:34+02:00,94.0,1,Lillestrøm,VYG:Line:L1,Spikkestad-Oslo S-Lillestrøm,L1,rail,VYG:ServiceJourney:2168_443578-R,True,actual,False,,,,,2026-09-08T00:20:52.129880+02:00
NSR:StopPlace:62341,Tangen stasjon,2026-09-07T22:25:00+02:00,2026-09-07T22:26:34+02:00,2026-09-07T22:26:34+02:00,94.0,1,Lillehammer,VYG:Line:RE10,Drammen-Oslo S-Lillehammer,RE10,rail,VYG:ServiceJourney:335-SUD_486419-R,True,actual,False,,,,,2026-09-08T00:20:52.129880+02:00
NSR:StopPlace:60047,Melhus skysstasjon,2026-09-07T17:18:00+02:00,2026-09-07T17:19:34+02:00,2026-09-07T17:19:34+02:00,94.0,1,Støren Rådhus,ATB:Line:2_340,Trondheim - Støren,340,bus,ATB:ServiceJourney:340_260106098639860_46,True,actual,False,,,,,2026-09-07T20:27:16.249662+02:00
NSR:StopPlace:59244,Egersund stasjon,2026-09-07T19:20:00+02:00,2026-09-07T19:21:34+02:00,2026-09-07T19:21:34+02:00,94.0,1,Stavanger,GOA:Line:59,Jærbanen,L5,rail,GOA:ServiceJourney:3061_63116-R,True,actual,False,,,,,2026-09-07T20:27:16.249662+02:00
NSR:StopPlace:59616,Asker stasjon,2026-09-07T17:27:00+02:00,2026-09-07T17:28:34+02:00,2026-09-07T17:28:34+02:00,94.0,1,Heggedal,RUT:Line:280,Asker - Dikemark - Heggedal,280,bus,RUT:ServiceJourney:5f2b0d4041fef4159a2f21ee711addf3,True,actual,False,,,,,2026-09-07T20:27:16.249662+02:00
NSR:StopPlace:58964,Kløfta stasjon,2026-09-07T18:44:00+02:00,2026-09-07T18:45:34+02:00,2026-09-07T18:45:34+02:00,94.0,1,Drammen,VYG:Line:R13,Drammen-Oslo S-Dal,R13,rail,VYG:ServiceJourney:1656_443335-R,True,actual,False,,,,,2026-09-07T20:27:16.249662+02:00
NSR:StopPlace:58930,Larvik stasjon,2026-09-07T18:50:00+02:00,2026-09-07T18:51:34+02:00,2026-09-07T18:51:34+02:00,94.0,1,Larvik-Nordbyen,VKT:Line:81,Nordbyen-Nevlunghavn,81,bus,VKT:ServiceJourney:18143,True,actual,False,,,,,2026-09-07T20:27:16.249662+02:00
NSR:StopPlace:58936,Skatval stasjon,2026-09-07T18:54:00+02:00,2026-09-07T18:55:34+02:00,2026-09-07T18:55:34+02:00,94.0,1,Ler,SJN:Line:26,Trønderbanen,R70,rail,SJN:ServiceJourney:446_56075-R,True,actual,False,,,,,2026-09-07T20:27:16.249662+02:00
NSR:StopPlace:58948,Stjørdal stasjon,2026-09-07T18:05:00+02:00,2026-09-07T18:06:34+02:00,2026-09-07T18:06:34+02:00,94.0,1,Remyra via Stokkanvegen,ATB:Line:2_91,91 StjørdalSt-Remyrv.,91,bus,ATB:ServiceJourney:91_260220075616610_62,True,actual,False,,,,,2026-09-07T20:27:16.249662+02:00
NSR:StopPlace:58846,Fetsund stasjon,2026-09-07T19:37:00+02:00,2026-09-07T19:38:34+02:00,2026-09-07T19:38:34+02:00,94.0,1,Asker,VYG:Line:R14,Asker-Oslo S-Kongsvinger,R14,rail,VYG:ServiceJourney:1030_442941-R,True,actual,False,,,,,2026-09-07T20:27:16.249662+02:00
NSR:StopPlace:58868,Årnes stasjon,2026-09-07T17:07:00+02:00,2026-09-07T17:08:34+02:00,2026-09-07T17:08:34+02:00,94.0,1,Asker,VYG:Line:R14,Asker-Oslo S-Kongsvinger,R14,rail,VYG:ServiceJourney:1026_442936-R,True,actual,False,,,,,2026-09-07T20:27:16.249662+02:00
NSR:StopPlace:58884,Skien stasjon,2026-09-07T17:00:00+02:00,2026-09-07T17:01:34+02:00,2026-09-07T17:01:34+02:00,94.0,1,Bø stasjon,TEL:Line:8181,Seljord-Bø-Skien,R1,bus,TEL:ServiceJourney:127099,True,actual,False,,,,,2026-09-07T20:27:16.249662+02:00
NSR:StopPlace:60077,Støren stasjon,2026-09-07T13:55:00+02:00,2026-09-07T13:56:34+02:00,2026-09-07T13:56:34+02:00,94.0,1,Røros,ATB:Line:2_440,Støren - Røros,440,bus,ATB:ServiceJourney:440_260106098642805_10,True,actual,False,,,,,2026-09-07T15:44:36.205822+02:00
NSR:StopPlace:58948,Stjørdal stasjon,2026-09-07T15:28:00+02:00,2026-09-07T15:29:34+02:00,2026-09-07T15:29:34+02:00,94.0,1,Steinkjer,SJN:Line:26,Trønderbanen,R70,rail,SJN:ServiceJourney:1761_56047-R,True,actual,False,,,,,2026-09-07T15:44:36.205822+02:00
NSR:StopPlace:58870,Holmestrand stasjon,2026-09-07T15:15:00+02:00,2026-09-07T15:16:34+02:00,2026-09-07T15:16:34+02:00,94.0,1,Gullhaug-Hof,VKT:Line:300,Holmestrand-Gullhaug-Hof,300,bus,VKT:ServiceJourney:14759,True,actual,False,,,,,2026-09-07T15:44:36.205822+02:00
NSR:StopPlace:58800,Råde stasjon,2026-09-07T14:01:00+02:00,2026-09-07T14:02:34+02:00,2026-09-07T14:02:34+02:00,94.0,1,Halden,VYG:Line:RE20,Oslo S-Halden-Göteborg (X-Border),RE20,rail,VYG:ServiceJourney:117-LOD_673472-R,True,actual,False,,,,,2026-09-07T15:44:36.205822+02:00
NSR:StopPlace:313,Høybråten stasjon,2026-09-07T15:38:00+02:00,2026-09-07T15:39:34+02:00,2026-09-07T15:39:34+02:00,94.0,1,Asker,VYG:Line:L1,Spikkestad-Oslo S-Lillestrøm,L1,rail,VYG:ServiceJourney:2143_443551-R,True,actual,False,,,,,2026-09-07T15:44:36.205822+02:00
NSR:StopPlace:61169,Marienborg stasjon,2026-09-07T06:50:00+02:00,2026-09-07T06:51:34+02:00,2026-09-07T06:51:34+02:00,94.0,1,Pirbadet via St. Olavs hospital,ATB:Line:2_23,Brattøra - St. Olavs - Hallset - Flatåsen - Sandmoen,23,bus,ATB:ServiceJourney:23_251215112545590_7,True,actual,False,,,,,2026-09-07T08:42:24.659182+02:00
NSR:StopPlace:61463,Nordstrand stasjon,2026-09-07T07:22:00+02:00,2026-09-07T07:23:34+02:00,2026-09-07T07:23:34+02:00,94.0,1,Lysaker,VYG:Line:L2,Stabekk-Oslo S-Ski,L2,rail,VYG:ServiceJourney:2812-SKI_444024-R,True,actual,False,Færre vogner,Denne avgangen kjører dessverre med 3 vogner i stedet for 6 vogner. Dette skyldes at vi mangler et togsett.,general,normal,2026-09-07T08:42:24.659182+02:00
NSR:StopPlace:59646,Høvik stasjon,2026-09-07T06:26:00+02:00,2026-09-07T06:27:34+02:00,2026-09-07T06:27:34+02:00,94.0,1,Spikkestad,VYG:Line:L1,Spikkestad-Oslo S-Lillestrøm,L1,rail,VYG:ServiceJourney:2205_443593-R,True,actual,False,Færre vogner,Denne avgangen kjører dessverre med 4 vogner i stedet for 8 vogner. Dette skyldes at vi mangler et togsett.,general,normal,2026-09-07T08:42:24.659182+02:00
NSR:StopPlace:59648,Kjelsås stasjon,2026-09-07T07:19:00+02:00,2026-09-07T07:20:34+02:00,2026-09-07T07:20:34+02:00,94.0,1,Majorstuen,RUT:Line:25,Majorstuen-Haugerud,25,bus,RUT:ServiceJourney:41258498585b242c0d9662ee1676e66b,True,actual,False,,,,,2026-09-07T08:42:24.659182+02:00
NSR:StopPlace:59649,Nydalen stasjon,2026-09-07T07:34:00+02:00,2026-09-07T07:35:34+02:00,2026-09-07T07:35:34+02:00,94.0,1,Oslo lufthavn,NBU:Line:cb7b555c-f96e-42d5-84bf-a5e08c0145c2,Radiumhospitalet via Økern-Storo-Tåsen,FB3,bus,NBU:ServiceJourney:a1b77378-d6ca-4e6f-bbb9-fee7275ca0b5,True,actual,False,,,,,2026-09-07T08:42:24.659182+02:00
NSR:StopPlace:60640,Heimdal stasjon,2026-09-07T06:47:00+02:00,2026-09-07T06:48:34+02:00,2026-09-07T06:48:34+02:00,94.0,1,Støren,SJN:Line:26,Trønderbanen,R70,rail,SJN:ServiceJourney:420_56049-R,True,actual,False,,,,,2026-09-07T08:42:24.659182+02:00
NSR:StopPlace:59977,Trondheim S,2026-09-07T06:27:00+02:00,2026-09-07T06:28:34+02:00,2026-09-07T06:28:34+02:00,94.0,1,Grillstad via Ladeham.-Strindh.,ATB:Line:2_20,Grillstad - Strindheim - Ladehammeren- Sentrum - Romolslia,20,bus,ATB:ServiceJourney:20_251215112548243_3,True,actual,False,,,,,2026-09-07T08:42:24.659182+02:00
NSR:StopPlace:60077,Støren stasjon,2026-09-07T06:40:00+02:00,2026-09-07T06:41:34+02:00,2026-09-07T06:41:34+02:00,94.0,1,Hamar,SJN:Line:25,Rørosbanen,R60,rail,SJN:ServiceJourney:2382_48224-R,True,actual,False,,,,,2026-09-07T08:42:24.659182+02:00
NSR:StopPlace:59637,Rosenholm stasjon,2026-09-07T07:43:00+02:00,2026-09-07T07:44:34+02:00,2026-09-07T07:44:34+02:00,94.0,1,Lysaker,VYG:Line:L2,Stabekk-Oslo S-Ski,L2,rail,VYG:ServiceJourney:2814-SKI_444026-R,True,actual,False,,,,,2026-09-07T08:42:24.659182+02:00
NSR:StopPlace:58963,Jessheim stasjon,2026-09-07T06:31:00+02:00,2026-09-07T06:32:34+02:00,2026-09-07T06:32:34+02:00,94.0,1,Oslo lufthavn,RUT:Line:440,Fenstad/Nordkisa - Oslo lufthavn,440,bus,RUT:ServiceJourney:cc2320d79276ec755fc80bff5bee44ad,True,actual,False,,,,,2026-09-07T08:42:24.659182+02:00
NSR:StopPlace:58964,Kløfta stasjon,2026-09-07T05:39:00+02:00,2026-09-07T05:40:34+02:00,2026-09-07T05:40:34+02:00,94.0,1,Ask,RUT:Line:405,Kløfta - Ask terminal,405,bus,RUT:ServiceJourney:945a8ca28830f6c4a7daf08ce7b56590,True,actual,False,,,,,2026-09-07T08:42:24.659182+02:00
NSR:StopPlace:58966,Porsgrunn stasjon,2026-09-07T07:17:00+02:00,2026-09-07T07:18:34+02:00,2026-09-07T07:18:34+02:00,94.0,1,Eidsvoll,VYG:Line:RE11,Eidsvoll-Oslo S-Skien,RE11,rail,VYG:ServiceJourney:808_444388-R,True,actual,False,Heis på Porsgrunn ute av drift,Heisen på Porsgrunn til spor 2 er ute av drift.,general,normal,2026-09-07T08:42:24.659182+02:00
NSR:StopPlace:58966,Porsgrunn stasjon,2026-09-07T07:58:00+02:00,2026-09-07T07:59:34+02:00,2026-09-07T07:59:34+02:00,94.0,1,Skien,VYG:Line:RE11,Eidsvoll-Oslo S-Skien,RE11,rail,VYG:ServiceJourney:300-803-HHS_658721-R,True,actual,False,Heis på Porsgrunn ute av drift,Heisen på Porsgrunn til spor 2 er ute av drift.,general,normal,2026-09-07T08:42:24.659182+02:00
NSR:StopPlace:58839,Steinberg stasjon,2026-09-07T07:02:00+02:00,2026-09-07T07:03:34+02:00,2026-09-07T07:03:34+02:00,94.0,1,Eidsvoll,VYG:Line:R12,Kongsberg-Oslo S-Eidsvoll,R12,rail,VYG:ServiceJourney:506_481316-R,True,actual,False,,,,,2026-09-07T08:42:24.659182+02:00
NSR:StopPlace:58843,Blommenholm stasjon,2026-09-07T07:20:00+02:00,2026-09-07T07:21:34+02:00,2026-09-07T07:21:34+02:00,94.0,1,Lillestrøm,VYG:Line:L1,Spikkestad-Oslo S-Lillestrøm,L1,rail,VYG:ServiceJourney:2212_764749-R,True,actual,False,Færre vogner,Denne avgangen kjører dessverre med 4 vogner i stedet for 8 vogner. Dette skyldes at vi mangler et togsett.,general,normal,2026-09-07T08:42:24.659182+02:00
NSR:StopPlace:58868,Årnes stasjon,2026-09-07T06:14:00+02:00,2026-09-07T06:15:34+02:00,2026-09-07T06:15:34+02:00,94.0,1,Fenstad,RUT:Line:441,Eidsvoll - Årnes,441,bus,RUT:ServiceJourney:8abc8c53c9bd341ef0872fe0937cac6a,True,actual,False,,,,,2026-09-07T08:42:24.659182+02:00
NSR:StopPlace:58873,Skoppum stasjon,2026-09-07T08:00:00+02:00,2026-09-07T08:01:34+02:00,2026-09-07T08:01:34+02:00,94.0,1,Holtandalen-Horten,VKT:Line:40,Horten-Holtandalen-Skoppum,40,bus,VKT:ServiceJourney:17421,True,actual,False,,,,,2026-09-07T08:42:24.659182+02:00
NSR:StopPlace:610,Sandvika stasjon,2026-09-07T05:18:00+02:00,2026-09-07T05:19:34+02:00,2026-09-07T05:19:34+02:00,94.0,1,Lillestrøm,VYG:Line:L1,Spikkestad-Oslo S-Lillestrøm,L1,rail,VYG:ServiceJourney:2204_443592-R,True,actual,False,,,,,2026-09-07T08:42:24.659182+02:00
NSR:StopPlace:59651,Skøyen stasjon,2026-09-08T01:41:00+02:00,2026-09-08T01:42:33+02:00,2026-09-08T01:42:33+02:00,93.0,1,Grorud T,RUT:Line:31,Snarøya - Fornebu - Tonsenhagen - Grorud,31,bus,RUT:ServiceJourney:0a4a4ea49d8212b8e2cecaa5d81c01fb,True,actual,False,,,,,2026-09-08T03:39:50.209703+02:00
NSR:StopPlace:61897,Bryn stasjon,2026-09-08T00:00:00+02:00,2026-09-08T00:01:33+02:00,2026-09-08T00:01:33+02:00,93.0,1,Lillestrøm,VYG:Line:L1,Spikkestad-Oslo S-Lillestrøm,L1,rail,VYG:ServiceJourney:2176_443587-R,True,actual,False,,,,,2026-09-08T00:20:52.129880+02:00
NSR:StopPlace:58966,Porsgrunn stasjon,2026-09-07T22:17:00+02:00,2026-09-07T22:18:33+02:00,2026-09-07T22:18:33+02:00,93.0,1,Eidsvoll,VYG:Line:RE11,Eidsvoll-Oslo S-Skien,RE11,rail,VYG:ServiceJourney:838-341_515579-R,True,actual,False,Heis på Porsgrunn ute av drift,Heisen på Porsgrunn til spor 2 er ute av drift.,general,normal,2026-09-08T00:20:52.129880+02:00
NSR:StopPlace:58869,Ås stasjon,2026-09-07T23:10:00+02:00,2026-09-07T23:11:33+02:00,2026-09-07T23:11:33+02:00,93.0,1,Moss,VYG:Line:R21,Stabekk-Oslo S-Moss,R21,rail,VYG:ServiceJourney:1171-HVK_443068-R,True,actual,False,,,,,2026-09-08T00:20:52.129880+02:00
NSR:StopPlace:58828,Roa stasjon,2026-09-07T22:05:00+02:00,2026-09-07T22:06:33+02:00,2026-09-07T22:06:33+02:00,93.0,1,Gjøvik,VYG:Line:R31,Skøyen-Jaren-Gjøvik,R31,rail,VYG:ServiceJourney:233-ROA_589360-R,True,actual,False,,,,,2026-09-08T00:20:52.129880+02:00
NSR:StopPlace:59872,Oslo S,2026-09-07T17:14:00+02:00,2026-09-07T17:15:33+02:00,2026-09-07T17:15:33+02:00,93.0,1,Dal,VYG:Line:R13,Drammen-Oslo S-Dal,R13,rail,VYG:ServiceJourney:1649_443318-R,True,actual,False,,,,,2026-09-07T20:27:16.249662+02:00
NSR:StopPlace:59647,Dal stasjon,2026-09-07T17:31:00+02:00,2026-09-07T17:32:33+02:00,2026-09-07T17:32:33+02:00,93.0,1,Eidsvoll,RUT:Line:430,Eidsvoll - Jessheim,430,bus,RUT:ServiceJourney:c0e0a71eaed35a0a169487a5f005f595,True,actual,False,,,,,2026-09-07T20:27:16.249662+02:00
NSR:StopPlace:58964,Kløfta stasjon,2026-09-07T20:14:00+02:00,2026-09-07T20:15:33+02:00,2026-09-07T20:15:33+02:00,93.0,1,Dal,VYG:Line:R13,Drammen-Oslo S-Dal,R13,rail,VYG:ServiceJourney:1659_443341-R,True,actual,False,,,,,2026-09-07T20:27:16.249662+02:00
NSR:StopPlace:58924,Bryne stasjon,2026-09-07T19:26:00+02:00,2026-09-07T19:27:33+02:00,2026-09-07T19:27:33+02:00,93.0,1,Stavanger,GOA:Line:59,Jærbanen,L5,rail,GOA:ServiceJourney:3059_63113-R,True,actual,False,,,,,2026-09-07T20:27:16.249662+02:00
NSR:StopPlace:58930,Larvik stasjon,2026-09-07T17:37:00+02:00,2026-09-07T17:38:33+02:00,2026-09-07T17:38:33+02:00,93.0,1,Larvik-Sandefjord,VKT:Line:3,Busk-Sandefjord-Larvik-Veldre,3,bus,VKT:ServiceJourney:17562,True,actual,False,,,,,2026-09-07T20:27:16.249662+02:00
NSR:StopPlace:58866,Vevelstad stasjon,2026-09-07T17:36:00+02:00,2026-09-07T17:37:33+02:00,2026-09-07T17:37:33+02:00,93.0,1,Drøbak - Frogn vgs.,RUT:Line:510,Bøleråsen - Ski - Ås - Drøbak,510,bus,RUT:ServiceJourney:af2290dbe3dc8c3372c4c3935e56f4bc,True,actual,False,,,,,2026-09-07T20:27:16.249662+02:00
NSR:StopPlace:59958,Voss stasjon,2026-09-07T13:40:00+02:00,2026-09-07T13:41:33+02:00,2026-09-07T13:41:33+02:00,93.0,1,Lemme,SKY:Line:954,Voss - Lemme,954,bus,SKY:ServiceJourney:954-205165-21245359,True,actual,False,,,,,2026-09-07T15:44:36.205822+02:00
NSR:StopPlace:58822,Opphus stasjon,2026-09-07T13:14:00+02:00,2026-09-07T13:15:33+02:00,2026-09-07T13:15:33+02:00,93.0,1,Trondheim S,SJN:Line:25,Rørosbanen,R60,rail,SJN:ServiceJourney:2385_30335-R,True,actual,False,,,,,2026-09-07T15:44:36.205822+02:00
NSR:StopPlace:62094,Lindeberg stasjon,2026-09-07T15:18:00+02:00,2026-09-07T15:19:33+02:00,2026-09-07T15:19:33+02:00,93.0,1,Kongsberg,VYG:Line:R13,Drammen-Oslo S-Dal,R13,rail,VYG:ServiceJourney:1642_443303-R,True,actual,False,,,,,2026-09-07T15:44:36.205822+02:00
NSR:StopPlace:62309,Ljan stasjon,2026-09-07T14:54:00+02:00,2026-09-07T14:55:33+02:00,2026-09-07T14:55:33+02:00,93.0,1,Ski,VYG:Line:L2,Stabekk-Oslo S-Ski,L2,rail,VYG:ServiceJourney:2739-HVK_443948-R,True,actual,False,,,,,2026-09-07T15:44:36.205822+02:00
NSR:StopPlace:62380,Røra stasjon,2026-09-07T13:52:00+02:00,2026-09-07T13:53:33+02:00,2026-09-07T13:53:33+02:00,93.0,1,Ler,SJN:Line:26,Trønderbanen,R70,rail,SJN:ServiceJourney:438_56067-R,True,actual,False,,,,,2026-09-07T15:44:36.205822+02:00
NSR:StopPlace:61169,Marienborg stasjon,2026-09-07T07:18:00+02:00,2026-09-07T07:19:33+02:00,2026-09-07T07:19:33+02:00,93.0,1,Sandmoen via Flatåsen,ATB:Line:2_23,Brattøra - St. Olavs - Hallset - Flatåsen - Sandmoen,23,bus,ATB:ServiceJourney:23_251215112545503_10,True,actual,False,,,,,2026-09-07T08:42:24.659182+02:00
NSR:StopPlace:61463,Nordstrand stasjon,2026-09-07T06:52:00+02:00,2026-09-07T06:53:33+02:00,2026-09-07T06:53:33+02:00,93.0,1,Ski,VYG:Line:L2,Stabekk-Oslo S-Ski,L2,rail,VYG:ServiceJourney:2707-HVK_443913-R,True,actual,False,,,,,2026-09-07T08:42:24.659182+02:00
NSR:StopPlace:59650,Nyland stasjon,2026-09-07T07:36:00+02:00,2026-09-07T07:37:33+02:00,2026-09-07T07:37:33+02:00,93.0,1,Lillestrøm,VYG:Line:L1,Spikkestad-Oslo S-Lillestrøm,L1,rail,VYG:ServiceJourney:2110_443515-R,True,actual,False,,,,,2026-09-07T08:42:24.659182+02:00
NSR:StopPlace:59977,Trondheim S,2026-09-07T06:12:00+02:00,2026-09-07T06:13:33+02:00,2026-09-07T06:13:33+02:00,93.0,1,Lund via Kolstad-Heimdal,ATB:Line:2_2,Strindheim- Lade- sentrum- Sau,2,bus,ATB:ServiceJourney:2_251215112550128_6,True,actual,False,,,,,2026-09-07T08:42:24.659182+02:00
NSR:StopPlace:59977,Trondheim S,2026-09-07T06:39:00+02:00,2026-09-07T06:40:33+02:00,2026-09-07T06:40:33+02:00,93.0,1,Stjørdal via Brattøra-Hommelvik,ATB:Line:2_70,Stjørdal/Hommelvik- Trondheim,70,bus,ATB:ServiceJourney:70_251215112546904_5,True,actual,False,,,,,2026-09-07T08:42:24.659182+02:00
NSR:StopPlace:58966,Porsgrunn stasjon,2026-09-07T05:19:00+02:00,2026-09-07T05:20:33+02:00,2026-09-07T05:20:33+02:00,93.0,1,Eidsvoll,VYG:Line:RE11,Eidsvoll-Oslo S-Skien,RE11,rail,VYG:ServiceJourney:804_444384-R,True,actual,False,Heis på Porsgrunn ute av drift,Heisen på Porsgrunn til spor 2 er ute av drift.,general,normal,2026-09-07T08:42:24.659182+02:00
NSR:StopPlace:58924,Bryne stasjon,2026-09-07T07:15:00+02:00,2026-09-07T07:16:33+02:00,2026-09-07T07:16:33+02:00,93.0,1,Sandnes via Kleppekrossen,KOL:Line:8_2019,52,52,bus,KOL:ServiceJourney:2019_260728141809922_1003,True,actual,False,,,,,2026-09-07T08:42:24.659182+02:00
NSR:StopPlace:58838,Røyken stasjon,2026-09-07T08:08:00+02:00,2026-09-07T08:09:33+02:00,2026-09-07T08:09:33+02:00,93.0,1,Sætre,RUT:Line:261,Drammen - Lahell - Røyken - Sætre,261,bus,RUT:ServiceJourney:3e250f005992367b36b92ea86faec5ba,True,actual,False,Fra 17/8 går linje 61-63-71-73-251-261 og skolebusser fra holdeplass ved Skutebrygga ut av byen.Les mer på brakar.no/trafikkmeldinger.,,general,normal,2026-09-07T08:42:24.659182+02:00
NSR:StopPlace:58847,Frogner stasjon,2026-09-07T08:21:00+02:00,2026-09-07T08:22:33+02:00,2026-09-07T08:22:33+02:00,93.0,1,Drammen,VYG:Line:R13,Drammen-Oslo S-Dal,R13,rail,VYG:ServiceJourney:1614_481141-R,True,actual,False,,,,,2026-09-07T08:42:24.659182+02:00
NSR:StopPlace:58864,Sørumsand stasjon,2026-09-07T07:19:00+02:00,2026-09-07T07:20:33+02:00,2026-09-07T07:20:33+02:00,93.0,1,Blaker ring,RUT:Line:370,Sørumsand - Blaker - Sørumsand,370A,bus,RUT:ServiceJourney:ac1d82cce5f5b899e8db7a8869dd6621,True,actual,False,,,,,2026-09-07T08:42:24.659182+02:00
NSR:StopPlace:58860,Oppegård stasjon,2026-09-07T08:16:00+02:00,2026-09-07T08:17:33+02:00,2026-09-07T08:17:33+02:00,93.0,1,Stabekk,VYG:Line:L2,Stabekk-Oslo S-Ski,L2,rail,VYG:ServiceJourney:2718-SKI_443924-R,True,actual,False,,,,,2026-09-07T08:42:24.659182+02:00
NSR:StopPlace:58861,Solbråtan stasjon,2026-09-07T07:45:00+02:00,2026-09-07T07:46:33+02:00,2026-09-07T07:46:33+02:00,93.0,1,Bjørvika,RUT:Line:83,Jernbanetorget - Tårnåsen,83,bus,RUT:ServiceJourney:16efa17a05d702c4c65d39e8a6cb23ba,True,actual,False,Linje 80E og 83 får Hausmanns bru som ny endeholdeplass fra 29. juni,"Bussene stopper ikke på Jernbanetorget etter 29. juni, men starter og stopper på Hausmanns bru i Nylandsveien.",incident,normal,2026-09-07T08:42:24.659182+02:00
NSR:StopPlace:58876,Tønsberg stasjon,2026-09-07T07:17:00+02:00,2026-09-07T07:18:33+02:00,2026-09-07T07:18:33+02:00,93.0,1,Tønsberg,VKT:Line:511,Tønsberg-Fossnes-Andebu,511,bus,VKT:ServiceJourney:17197,True,actual,False,,,,,2026-09-07T08:42:24.659182+02:00
NSR:StopPlace:58803,Tomter stasjon,2026-09-07T06:16:00+02:00,2026-09-07T06:17:33+02:00,2026-09-07T06:17:33+02:00,93.0,1,Rakkestad,VYG:Line:R22,Skøyen-Oslo S-Mysen-Rakkestad,R22,rail,VYG:ServiceJourney:1903_443437-R,True,actual,False,,,,,2026-09-07T08:42:24.659182+02:00
NSR:StopPlace:58813,Skarnes stasjon,2026-09-07T08:09:00+02:00,2026-09-07T08:10:33+02:00,2026-09-07T08:10:33+02:00,93.0,1,Skarnes,INN:Line:718,Disenå - Skarnes - Kongsvinger,718,bus,INN:ServiceJourney:76542,True,actual,False,,,,,2026-09-07T08:42:24.659182+02:00
NSR:StopPlace:58819,Grua stasjon,2026-09-07T07:15:00+02:00,2026-09-07T07:16:33+02:00,2026-09-07T07:16:33+02:00,93.0,1,Brandbu,INN:Line:112,Brandbu-Gran-Harestua,112,bus,INN:ServiceJourney:70820,True,actual,False,,,,,2026-09-07T08:42:24.659182+02:00
NSR:StopPlace:610,Sandvika stasjon,2026-09-07T06:48:00+02:00,2026-09-07T06:49:33+02:00,2026-09-07T06:49:33+02:00,93.0,1,Lillestrøm,VYG:Line:L1,Spikkestad-Oslo S-Lillestrøm,L1,rail,VYG:ServiceJourney:2210_443601-R,True,actual,False,Færre vogner,Denne avgangen kjører dessverre med 4 vogner i stedet for 8 vogner. Dette skyldes at vi mangler et togsett.,general,normal,2026-09-07T08:42:24.659182+02:00
NSR:StopPlace:62309,Ljan stasjon,2026-09-07T06:54:00+02:00,2026-09-07T06:55:33+02:00,2026-09-07T06:55:33+02:00,93.0,1,Ski,VYG:Line:L2,Stabekk-Oslo S-Ski,L2,rail,VYG:ServiceJourney:2707-HVK_443913-R,True,actual,False,,,,,2026-09-07T08:42:24.659182+02:00
NSR:StopPlace:62339,Lillestrøm stasjon,2026-09-07T06:50:00+02:00,2026-09-07T06:51:33+02:00,2026-09-07T06:51:33+02:00,93.0,1,Oslo Lufthavn,FLT:Line:FLY1,FLY1,FLY1,rail,FLT:ServiceJourney:1-2614-3713-20260907,True,actual,False,Heis i spor 1 og 2 er ute av bruk på grunn av vedlikehold.,Heis i spor 1 og 2 er ute av bruk på grunn av vedlikehold.,general,normal,2026-09-07T08:42:24.659182+02:00
NSR:StopPlace:6,Greverud stasjon,2026-09-07T20:03:00+02:00,2026-09-07T20:04:32+02:00,2026-09-07T20:04:32+02:00,92.0,1,Skøyen,VYG:Line:L2,Stabekk-Oslo S-Ski,L2,rail,VYG:ServiceJourney:2864-SKI_488396-R,True,actual,False,,,,,2026-09-07T20:27:16.249662+02:00
NSR:StopPlace:6,Greverud stasjon,2026-09-07T20:18:00+02:00,2026-09-07T20:19:32+02:00,2026-09-07T20:19:32+02:00,92.0,1,Stabekk,VYG:Line:L2,Stabekk-Oslo S-Ski,L2,rail,VYG:ServiceJourney:2766-SKI_443983-R,True,actual,False,,,,,2026-09-07T20:27:16.249662+02:00
NSR:StopPlace:61463,Nordstrand stasjon,2026-09-07T20:07:00+02:00,2026-09-07T20:08:32+02:00,2026-09-07T20:08:32+02:00,92.0,1,Ski,VYG:Line:L2,Stabekk-Oslo S-Ski,L2,rail,VYG:ServiceJourney:2859-BES_488392-R,True,actual,False,,,,,2026-09-07T20:27:16.249662+02:00
NSR:StopPlace:59261,Trondheim lufthavn,2026-09-07T17:41:00+02:00,2026-09-07T17:42:32+02:00,2026-09-07T17:42:32+02:00,92.0,1,Marienborg via Brattøra,ATB:Line:2_70,Stjørdal/Hommelvik- Trondheim,70,bus,ATB:ServiceJourney:70_251215112547001_80,True,actual,False,,,,,2026-09-07T20:27:16.249662+02:00
NSR:StopPlace:60603,Kongsberg stasjon,2026-09-07T16:36:00+02:00,2026-09-07T16:37:32+02:00,2026-09-07T16:37:32+02:00,92.0,1,Stavanger,GOA:Line:50,Sørtoget region,F5,rail,GOA:ServiceJourney:715-LOD_63248-R,True,actual,False,,,,,2026-09-07T20:27:16.249662+02:00
NSR:StopPlace:58845,Eidsvoll verk stasjon,2026-09-07T17:46:00+02:00,2026-09-07T17:47:32+02:00,2026-09-07T17:47:32+02:00,92.0,1,Jessheim,RUT:Line:430,Eidsvoll - Jessheim,430,bus,RUT:ServiceJourney:dd1018d5916c55af1abd4412edcbc2af,True,actual,False,,,,,2026-09-07T20:27:16.249662+02:00
NSR:StopPlace:58857,Lørenskog stasjon,2026-09-07T17:51:00+02:00,2026-09-07T17:52:32+02:00,2026-09-07T17:52:32+02:00,92.0,1,Spikkestad,VYG:Line:L1,Spikkestad-Oslo S-Lillestrøm,L1,rail,VYG:ServiceJourney:2253_443674-R,True,actual,False,Færre vogner,Denne avgangen kjører dessverre med 4 vogner i stedet for 8 vogner. Dette skyldes at vi mangler et togsett.,general,normal,2026-09-07T20:27:16.249662+02:00
NSR:StopPlace:58861,Solbråtan stasjon,2026-09-07T18:00:00+02:00,2026-09-07T18:01:32+02:00,2026-09-07T18:01:32+02:00,92.0,1,Bjørvika,RUT:Line:83,Jernbanetorget - Tårnåsen,83,bus,RUT:ServiceJourney:f0f8a1ab0fa9215c5787e5174674cfff,True,actual,False,Linje 80E og 83 får Hausmanns bru som ny endeholdeplass fra 29. juni,"Bussene stopper ikke på Jernbanetorget etter 29. juni, men starter og stopper på Hausmanns bru i Nylandsveien.",incident,normal,2026-09-07T20:27:16.249662+02:00
NSR:StopPlace:362,Jåttåvågen stasjon,2026-09-07T16:32:00+02:00,2026-09-07T16:33:32+02:00,2026-09-07T16:33:32+02:00,92.0,1,Egersund,GOA:Line:59,Jærbanen,L5,rail,GOA:ServiceJourney:3050_63097-R,True,actual,False,,,,,2026-09-07T20:27:16.249662+02:00
NSR:StopPlace:708,Stange stasjon,2026-09-07T17:20:00+02:00,2026-09-07T17:21:32+02:00,2026-09-07T17:21:32+02:00,92.0,1,Drammen,VYG:Line:RE10,Drammen-Oslo S-Lillehammer,RE10,rail,VYG:ServiceJourney:326-LHM_444219-R,True,actual,False,,,,,2026-09-07T20:27:16.249662+02:00
NSR:StopPlace:61301,Movatn stasjon,2026-09-07T14:27:00+02:00,2026-09-07T14:28:32+02:00,2026-09-07T14:28:32+02:00,92.0,1,Nydalen,VYG:Line:R31,Skøyen-Jaren-Gjøvik,R31,rail,VYG:ServiceJourney:BUS-284_655632-R,True,actual,False,,,,,2026-09-07T15:44:36.205822+02:00
NSR:StopPlace:59650,Nyland stasjon,2026-09-07T14:45:00+02:00,2026-09-07T14:46:32+02:00,2026-09-07T14:46:32+02:00,92.0,1,Vestvollen,RUT:Line:345,Vestvollen - Økern,345,bus,RUT:ServiceJourney:143a3dd746abf12141d8cc06a5f6c606,True,actual,False,,,,,2026-09-07T15:44:36.205822+02:00
NSR:StopPlace:59243,Mo i Rana stasjon,2026-09-07T14:53:00+02:00,2026-09-07T14:54:32+02:00,2026-09-07T14:54:32+02:00,92.0,1,Grubbåsen,NOR:Line:12_8371,Grubbåsen - Båsmobakken/Skillevollen,1,bus,NOR:ServiceJourney:8371_251012124858567_2023,True,actual,False,,,,,2026-09-07T15:44:36.205822+02:00
NSR:StopPlace:58920,Snartemo stasjon,2026-09-07T12:35:00+02:00,2026-09-07T12:36:32+02:00,2026-09-07T12:36:32+02:00,92.0,1,Oslo S,GOA:Line:50,Sørtoget region,F5,rail,GOA:ServiceJourney:710-KVB_71575-R,True,actual,False,,,,,2026-09-07T15:44:36.205822+02:00
NSR:StopPlace:58793,Askim stasjon,2026-09-07T15:10:00+02:00,2026-09-07T15:11:32+02:00,2026-09-07T15:11:32+02:00,92.0,1,Oslo S,VYG:Line:R22,Skøyen-Oslo S-Mysen-Rakkestad,R22,rail,VYG:ServiceJourney:1924_443474-R,True,actual,False,,,,,2026-09-07T15:44:36.205822+02:00
NSR:StopPlace:58845,Eidsvoll verk stasjon,2026-09-07T12:05:00+02:00,2026-09-07T12:06:32+02:00,2026-09-07T12:06:32+02:00,92.0,1,Skien,VYG:Line:RE11,Eidsvoll-Oslo S-Skien,RE11,rail,VYG:ServiceJourney:817_444397-R,True,actual,False,,,,,2026-09-07T15:44:36.205822+02:00
NSR:StopPlace:58870,Holmestrand stasjon,2026-09-07T14:31:00+02:00,2026-09-07T14:32:32+02:00,2026-09-07T14:32:32+02:00,92.0,1,Skien,VYG:Line:RE11,Eidsvoll-Oslo S-Skien,RE11,rail,VYG:ServiceJourney:819_444399-R,True,actual,False,Forsinket,Toget kjørte 4 minutter forsinket fra Oslo S. Dette skyldes en tidligere stans.,incident,normal,2026-09-07T15:44:36.205822+02:00
NSR:StopPlace:61169,Marienborg stasjon,2026-09-07T07:28:00+02:00,2026-09-07T07:29:32+02:00,2026-09-07T07:29:32+02:00,92.0,1,Sandmoen via Flatåsen,ATB:Line:2_23,Brattøra - St. Olavs - Hallset - Flatåsen - Sandmoen,23,bus,ATB:ServiceJourney:23_251215112545504_12,True,actual,False,,,,,2026-09-07T08:42:24.659182+02:00
NSR:StopPlace:59643,Grefsen stasjon,2026-09-07T07:18:00+02:00,2026-09-07T07:19:32+02:00,2026-09-07T07:19:32+02:00,92.0,1,Fornebu,RUT:Line:24,Fornebu vest - Brynseng T,24,bus,RUT:ServiceJourney:cfac25d96dfc6edb68144e39dfa78c94,True,actual,False,,,,,2026-09-07T08:42:24.659182+02:00
NSR:StopPlace:59650,Nyland stasjon,2026-09-07T07:25:00+02:00,2026-09-07T07:26:32+02:00,2026-09-07T07:26:32+02:00,92.0,1,Vestvollen,RUT:Line:345,Vestvollen - Økern,345,bus,RUT:ServiceJourney:1c13d267fa48002838c7f1057f067f2a,True,actual,False,,,,,2026-09-07T08:42:24.659182+02:00
NSR:StopPlace:59952,Drammen stasjon,2026-09-07T08:02:00+02:00,2026-09-07T08:03:32+02:00,2026-09-07T08:03:32+02:00,92.0,1,Oslo Lufthavn,FLT:Line:FLY1,FLY1,FLY1,rail,FLT:ServiceJourney:1-2614-3725-20260907,True,actual,False,,,,,2026-09-07T08:42:24.659182+02:00
NSR:StopPlace:60047,Melhus skysstasjon,2026-09-07T06:53:00+02:00,2026-09-07T06:54:32+02:00,2026-09-07T06:54:32+02:00,92.0,1,Støren Rådhus,ATB:Line:2_340,Trondheim - Støren,340,bus,ATB:ServiceJourney:340_260106098640214_4,True,actual,False,,,,,2026-09-07T08:42:24.659182+02:00
NSR:StopPlace:58930,Larvik stasjon,2026-09-07T06:20:00+02:00,2026-09-07T06:21:32+02:00,2026-09-07T06:21:32+02:00,92.0,1,Larvik-Sandefjord,VKT:Line:4,Torp-Sandefjord-Larvik-Stavern,4,bus,VKT:ServiceJourney:17684,True,actual,False,,,,,2026-09-07T08:42:24.659182+02:00
NSR:StopPlace:58936,Skatval stasjon,2026-09-07T07:58:00+02:00,2026-09-07T07:59:32+02:00,2026-09-07T07:59:32+02:00,92.0,1,Halsen ungdomsskole,ATB:Line:2_7702,Langstein - Skatval - Halsen,7702,bus,ATB:ServiceJourney:7702_260106098642002_8,True,actual,False,,,,,2026-09-07T08:42:24.659182+02:00
NSR:StopPlace:58843,Blommenholm stasjon,2026-09-07T07:34:00+02:00,2026-09-07T07:35:32+02:00,2026-09-07T07:35:32+02:00,92.0,1,Lillestrøm,VYG:Line:L1,Spikkestad-Oslo S-Lillestrøm,L1,rail,VYG:ServiceJourney:2112_443517-R,True,actual,False,,,,,2026-09-07T08:42:24.659182+02:00
NSR:StopPlace:58854,Langhus stasjon,2026-09-07T05:54:00+02:00,2026-09-07T05:55:32+02:00,2026-09-07T05:55:32+02:00,92.0,1,Drøbak - Seiersten,RUT:Line:510,Bøleråsen - Ski - Ås - Drøbak,510,bus,RUT:ServiceJourney:6cab17daf24462c16df119bc20063fc2,True,actual,False,,,,,2026-09-07T08:42:24.659182+02:00
NSR:StopPlace:58861,Solbråtan stasjon,2026-09-07T08:26:00+02:00,2026-09-07T08:27:32+02:00,2026-09-07T08:27:32+02:00,92.0,1,Tårnåsen,RUT:Line:83,Jernbanetorget - Tårnåsen,83,bus,RUT:ServiceJourney:28e4310d7841dd1e8fd461fec5b82435,True,actual,False,Linje 80E og 83 får Hausmanns bru som ny endeholdeplass fra 29. juni,"Bussene stopper ikke på Jernbanetorget etter 29. juni, men starter og stopper på Hausmanns bru i Nylandsveien.",incident,normal,2026-09-07T08:42:24.659182+02:00
NSR:StopPlace:58803,Tomter stasjon,2026-09-07T08:28:00+02:00,2026-09-07T08:29:32+02:00,2026-09-07T08:29:32+02:00,92.0,1,Rakkestad,VYG:Line:R22,Skøyen-Oslo S-Mysen-Rakkestad,R22,rail,VYG:ServiceJourney:1907_443443-R,True,actual,False,,,,,2026-09-07T08:42:24.659182+02:00
NSR:StopPlace:58823,Jaren stasjon,2026-09-07T06:34:00+02:00,2026-09-07T06:35:32+02:00,2026-09-07T06:35:32+02:00,92.0,1,Roa,VYG:Line:R31,Skøyen-Jaren-Gjøvik,R31,rail,VYG:ServiceJourney:BUS-246_655573-R,True,actual,False,,,,,2026-09-07T08:42:24.659182+02:00
NSR:StopPlace:206,Mariero stasjon,2026-09-07T06:18:00+02:00,2026-09-07T06:19:32+02:00,2026-09-07T06:19:32+02:00,92.0,1,Stavanger,GOA:Line:59,Jærbanen,L5,rail,GOA:ServiceJourney:3003_63034-R,True,actual,False,,,,,2026-09-07T08:42:24.659182+02:00
NSR:StopPlace:702,Sandnes sentrum stasjon,2026-09-07T06:19:00+02:00,2026-09-07T06:20:32+02:00,2026-09-07T06:20:32+02:00,92.0,1,Skeiane,GOA:Line:59,Jærbanen,L5,rail,GOA:ServiceJourney:3106_63151-R,True,actual,False,,,,,2026-09-07T08:42:24.659182+02:00
NSR:StopPlace:62308,Alna stasjon,2026-09-07T07:18:00+02:00,2026-09-07T07:19:32+02:00,2026-09-07T07:19:32+02:00,92.0,1,Lillestrøm,VYG:Line:L1,Spikkestad-Oslo S-Lillestrøm,L1,rail,VYG:ServiceJourney:2210_443601-R,True,actual,False,Færre vogner,Denne avgangen kjører dessverre med 4 vogner i stedet for 8 vogner. Dette skyldes at vi mangler et togsett.,general,normal,2026-09-07T08:42:24.659182+02:00
NSR:StopPlace:58404,Nationaltheatret,2026-09-07T02:51:00+02:00,2026-09-07T02:52:32+02:00,2026-09-07T02:52:32+02:00,92.0,1,Nydalen T,RUT:Line:37,Nydalen T - Helsfyr,37,bus,RUT:ServiceJourney:c0e49125fb3bb303f6a821a5faccb6c9,True,actual,False,,,,,2026-09-07T03:30:22.110925+02:00
NSR:StopPlace:62393,Billingstad stasjon,2026-09-08T01:36:00+02:00,2026-09-08T01:37:31+02:00,2026-09-08T01:37:31+02:00,91.0,1,Drammen,VYG:Line:L1,Spikkestad-Oslo S-Lillestrøm,L1,rail,VYG:ServiceJourney:2281_443719-R,True,actual,False,,,,,2026-09-08T03:39:50.209703+02:00
NSR:StopPlace:59648,Kjelsås stasjon,2026-09-07T23:25:00+02:00,2026-09-07T23:26:31+02:00,2026-09-07T23:26:31+02:00,91.0,1,Majorstuen,RUT:Line:25,Majorstuen-Haugerud,25,bus,RUT:ServiceJourney:23adab19bcf6f26bfcebceed72cbfbc4,True,actual,False,,,,,2026-09-08T00:20:52.129880+02:00
NSR:StopPlace:59641,Fjellhamar stasjon,2026-09-07T23:11:00+02:00,2026-09-07T23:12:31+02:00,2026-09-07T23:12:31+02:00,91.0,1,Ahus,RUT:Line:315,Vallerudtoppen - Ahus,315,bus,RUT:ServiceJourney:bfd7e7faf38bc0a54bff1b32c00d5e9b,True,actual,False,,,,,2026-09-08T00:20:52.129880+02:00
NSR:StopPlace:59639,Sonsveien stasjon,2026-09-07T22:51:00+02:00,2026-09-07T22:52:31+02:00,2026-09-07T22:52:31+02:00,91.0,1,Moss,VYG:Line:R21,Stabekk-Oslo S-Moss,R21,rail,VYG:ServiceJourney:1169-HVK_443062-R,True,actual,False,,,,,2026-09-08T00:20:52.129880+02:00
NSR:StopPlace:58836,Mjøndalen stasjon,2026-09-07T23:07:00+02:00,2026-09-07T23:08:31+02:00,2026-09-07T23:08:31+02:00,91.0,1,Hovjordet,BRA:Line:4_6054,Mjøndalen - Hovjordet,54,bus,BRA:ServiceJourney:6054_260415100162430_1041,True,actual,False,,,,,2026-09-08T00:20:52.129880+02:00
NSR:StopPlace:58849,Hakadal stasjon,2026-09-07T22:38:00+02:00,2026-09-07T22:39:31+02:00,2026-09-07T22:39:31+02:00,91.0,1,Oslo bussterminal,RUT:Line:390,Kongskog/Hellerudhaugen - Oslo bussterminal,390,bus,RUT:ServiceJourney:eba347e47c2d866cb609b8421c654848,True,actual,False,,,,,2026-09-08T00:20:52.129880+02:00
NSR:StopPlace:58862,Strømmen stasjon,2026-09-08T00:06:00+02:00,2026-09-08T00:07:31+02:00,2026-09-08T00:07:31+02:00,91.0,1,Nittedal,RUT:Line:385,Nittedal stasjon - Olavsgaard - Ahus,385,bus,RUT:ServiceJourney:8019390cd1f433709d41e043c21df1e3,True,actual,False,,,,,2026-09-08T00:20:52.129880+02:00
NSR:StopPlace:62339,Lillestrøm stasjon,2026-09-07T21:55:00+02:00,2026-09-07T21:56:31+02:00,2026-09-07T21:56:31+02:00,91.0,1,Dal,VYG:Line:R13,Drammen-Oslo S-Dal,R13,rail,VYG:ServiceJourney:1667_443357-R,True,actual,False,Heis i spor 1 og 2 er ute av bruk på grunn av vedlikehold.,Heis i spor 1 og 2 er ute av bruk på grunn av vedlikehold.,general,normal,2026-09-08T00:20:52.129880+02:00
NSR:StopPlace:60603,Kongsberg stasjon,2026-09-07T16:35:00+02:00,2026-09-07T16:36:31+02:00,2026-09-07T16:36:31+02:00,91.0,1,Eidsvoll,VYG:Line:R12,Kongsberg-Oslo S-Eidsvoll,R12,rail,VYG:ServiceJourney:526_444332-R,True,actual,False,,,,,2026-09-07T20:27:16.249662+02:00
NSR:StopPlace:59638,Myrvoll stasjon,2026-09-07T18:26:00+02:00,2026-09-07T18:27:31+02:00,2026-09-07T18:27:31+02:00,91.0,1,Ski stasjon,RUT:Line:580,Kolbotn - Ski,580,bus,RUT:ServiceJourney:05abb46a6cb04b17d5b8395971960290,True,actual,False,,,,,2026-09-07T20:27:16.249662+02:00
NSR:StopPlace:58963,Jessheim stasjon,2026-09-07T17:58:00+02:00,2026-09-07T17:59:31+02:00,2026-09-07T17:59:31+02:00,91.0,1,Fenstad,RUT:Line:440,Fenstad/Nordkisa - Oslo lufthavn,440,bus,RUT:ServiceJourney:f304d2595302614eeb0614af2221866c,True,actual,False,,,,,2026-09-07T20:27:16.249662+02:00
NSR:StopPlace:58859,Nordby stasjon,2026-09-07T18:53:00+02:00,2026-09-07T18:54:31+02:00,2026-09-07T18:54:31+02:00,91.0,1,Dal,VYG:Line:R13,Drammen-Oslo S-Dal,R13,rail,VYG:ServiceJourney:1653_443327-R,True,actual,False,,,,,2026-09-07T20:27:16.249662+02:00
NSR:StopPlace:60016,Kråkstad stasjon,2026-09-07T15:36:00+02:00,2026-09-07T15:37:31+02:00,2026-09-07T15:37:31+02:00,91.0,1,Oslo S,VYG:Line:R22,Skøyen-Oslo S-Mysen-Rakkestad,R22,rail,VYG:ServiceJourney:1924_443474-R,True,actual,False,,,,,2026-09-07T15:44:36.205822+02:00
NSR:StopPlace:58936,Skatval stasjon,2026-09-07T14:06:00+02:00,2026-09-07T14:07:31+02:00,2026-09-07T14:07:31+02:00,91.0,1,Steinkjer,SJN:Line:26,Trønderbanen,R70,rail,SJN:ServiceJourney:437_56066-R,True,actual,False,,,,,2026-09-07T15:44:36.205822+02:00
NSR:StopPlace:58948,Stjørdal stasjon,2026-09-07T15:13:00+02:00,2026-09-07T15:14:31+02:00,2026-09-07T15:14:31+02:00,91.0,1,Trondheim,ATB:Line:2_311,Stjørdal - Trondheim,311,bus,ATB:ServiceJourney:311_260106098642726_56,True,actual,False,Endret tilbud ved Vikelvvegen,Sydgående avkjøringsrampe fra E6 ved Reppe er stengt frem til 21. september. Vikelvvegen og Ranheim fabrikker til sentrum blir ikke betjent av linje 311 i perioden. ,general,normal,2026-09-07T15:44:36.205822+02:00
NSR:StopPlace:58830,Brakerøya stasjon,2026-09-07T15:21:00+02:00,2026-09-07T15:22:31+02:00,2026-09-07T15:22:31+02:00,91.0,1,Drammen,VYG:Line:R13,Drammen-Oslo S-Dal,R13,rail,VYG:ServiceJourney:1638_443294-R,True,actual,False,,,,,2026-09-07T15:44:36.205822+02:00
NSR:StopPlace:58844,Eidsvoll stasjon,2026-09-07T14:35:00+02:00,2026-09-07T14:36:31+02:00,2026-09-07T14:36:31+02:00,91.0,1,Frilset,RUT:Line:441,Eidsvoll - Årnes,441,bus,RUT:ServiceJourney:4d123095b44ebb42fc9fc3b8a32fd226,True,actual,False,,,,,2026-09-07T15:44:36.205822+02:00
NSR:StopPlace:58868,Årnes stasjon,2026-09-07T14:49:00+02:00,2026-09-07T14:50:31+02:00,2026-09-07T14:50:31+02:00,91.0,1,Aktivitetsvegen,RUT:Line:450,Årnes - Oslo lufthavn,450,bus,RUT:ServiceJourney:f947176c80081c84dd4ce0e18afb685e,True,actual,False,,,,,2026-09-07T15:44:36.205822+02:00
NSR:StopPlace:58860,Oppegård stasjon,2026-09-07T15:31:00+02:00,2026-09-07T15:32:31+02:00,2026-09-07T15:32:31+02:00,91.0,1,Lysaker,VYG:Line:L2,Stabekk-Oslo S-Ski,L2,rail,VYG:ServiceJourney:2846-SKI_444078-R,True,actual,False,,,,,2026-09-07T15:44:36.205822+02:00
NSR:StopPlace:58886,Arendal stasjon,2026-09-07T14:32:00+02:00,2026-09-07T14:33:31+02:00,2026-09-07T14:33:31+02:00,91.0,1,Tromøy Øst via Tromøy kirkevei,AKT:Line:102,Tromøy Øst-Arendal-Rykene,102,bus,AKT:ServiceJourney:72067_132_71_101160_104580_40000975,True,actual,False,,,,,2026-09-07T15:44:36.205822+02:00
NSR:StopPlace:362,Jåttåvågen stasjon,2026-09-07T14:47:00+02:00,2026-09-07T14:48:31+02:00,2026-09-07T14:48:31+02:00,91.0,1,Skeiane,GOA:Line:59,Jærbanen,L5,rail,GOA:ServiceJourney:3140_63185-R,True,actual,False,,,,,2026-09-07T15:44:36.205822+02:00
NSR:StopPlace:62309,Ljan stasjon,2026-09-07T14:39:00+02:00,2026-09-07T14:40:31+02:00,2026-09-07T14:40:31+02:00,91.0,1,Ski,VYG:Line:L2,Stabekk-Oslo S-Ski,L2,rail,VYG:ServiceJourney:2837_444064-R,True,actual,False,,,,,2026-09-07T15:44:36.205822+02:00
NSR:StopPlace:62338,Fossum stasjon,2026-09-07T14:58:00+02:00,2026-09-07T14:59:31+02:00,2026-09-07T14:59:31+02:00,91.0,1,Mork - Ånerud,RUT:Line:2634,Skugstad - Mork - Blaker skole - Sørumsand,2634,bus,RUT:ServiceJourney:582a33ec77ac1c4d9a6a59d4781d00be,True,actual,False,,,,,2026-09-07T15:44:36.205822+02:00
NSR:StopPlace:62392,Slependen stasjon,2026-09-07T15:33:00+02:00,2026-09-07T15:34:31+02:00,2026-09-07T15:34:31+02:00,91.0,1,Spikkestad,VYG:Line:L1,Spikkestad-Oslo S-Lillestrøm,L1,rail,VYG:ServiceJourney:2241_443652-R,True,actual,False,,,,,2026-09-07T15:44:36.205822+02:00
NSR:StopPlace:61464,Hvalstad stasjon,2026-09-07T05:40:00+02:00,2026-09-07T05:41:31+02:00,2026-09-07T05:41:31+02:00,91.0,1,Lillestrøm,VYG:Line:L1,Spikkestad-Oslo S-Lillestrøm,L1,rail,VYG:ServiceJourney:2206_443594-R,True,actual,False,,,,,2026-09-07T08:42:24.659182+02:00
NSR:StopPlace:59650,Nyland stasjon,2026-09-07T07:09:00+02:00,2026-09-07T07:10:31+02:00,2026-09-07T07:10:31+02:00,91.0,1,Lørenskog sentrum,RUT:Line:67,Økern-Lørenskog sentrum,67,bus,RUT:ServiceJourney:126b2bf0d961e1dd5ca1496d416ea178,True,actual,False,,,,,2026-09-07T08:42:24.659182+02:00
NSR:StopPlace:59653,Haugenstua stasjon,2026-09-07T07:10:00+02:00,2026-09-07T07:11:31+02:00,2026-09-07T07:11:31+02:00,91.0,1,Asker,VYG:Line:L1,Spikkestad-Oslo S-Lillestrøm,L1,rail,VYG:ServiceJourney:2109_443513-R,True,actual,False,,,,,2026-09-07T08:42:24.659182+02:00
NSR:StopPlace:59957,Klepp stasjon,2026-09-07T07:57:00+02:00,2026-09-07T07:58:31+02:00,2026-09-07T07:58:31+02:00,91.0,1,Verdalen via Kleppekrossen,KOL:Line:8_2024,59,59,bus,KOL:ServiceJourney:2024_250903083241306_2006,True,actual,False,,,,,2026-09-07T08:42:24.659182+02:00
NSR:StopPlace:59092,Gyland stasjon,2026-09-07T07:17:00+02:00,2026-09-07T07:18:31+02:00,2026-09-07T07:18:31+02:00,91.0,1,Flekkefjord,AKT:Line:270,Flekkefjord - Gyland - Tonstad,270,bus,AKT:ServiceJourney:87951_14_47_49320_52860_3935551,True,actual,False,,,,,2026-09-07T08:42:24.659182+02:00
NSR:StopPlace:58948,Stjørdal stasjon,2026-09-07T07:45:00+02:00,2026-09-07T07:46:31+02:00,2026-09-07T07:46:31+02:00,91.0,1,Tangen,ATB:Line:2_91,91 StjørdalSt-Remyrv.,91,bus,ATB:ServiceJourney:91_260220075615029_14,True,actual,False,,,,,2026-09-07T08:42:24.659182+02:00
NSR:StopPlace:58844,Eidsvoll stasjon,2026-09-07T06:44:00+02:00,2026-09-07T06:45:31+02:00,2026-09-07T06:45:31+02:00,91.0,1,Eidsvoll,RUT:Line:430,Eidsvoll - Jessheim,430,bus,RUT:ServiceJourney:bb4df0a49f399f8fa3a0010df73f0191,True,actual,False,,,,,2026-09-07T08:42:24.659182+02:00
NSR:StopPlace:58859,Nordby stasjon,2026-09-07T07:03:00+02:00,2026-09-07T07:04:31+02:00,2026-09-07T07:04:31+02:00,91.0,1,Drammen,VYG:Line:R13,Drammen-Oslo S-Dal,R13,rail,VYG:ServiceJourney:1610_443230-R,True,actual,False,,,,,2026-09-07T08:42:24.659182+02:00
NSR:StopPlace:58869,Ås stasjon,2026-09-07T06:15:00+02:00,2026-09-07T06:16:31+02:00,2026-09-07T06:16:31+02:00,91.0,1,Stabekk,VYG:Line:R21,Stabekk-Oslo S-Moss,R21,rail,VYG:ServiceJourney:1108-MOS_442979-R,True,actual,False,,,,,2026-09-07T08:42:24.659182+02:00
NSR:StopPlace:58860,Oppegård stasjon,2026-09-07T07:46:00+02:00,2026-09-07T07:47:31+02:00,2026-09-07T07:47:31+02:00,91.0,1,Stabekk,VYG:Line:L2,Stabekk-Oslo S-Ski,L2,rail,VYG:ServiceJourney:2716-SKI_443922-R,True,actual,False,,,,,2026-09-07T08:42:24.659182+02:00
NSR:StopPlace:58810,Løten stasjon,2026-09-07T07:28:00+02:00,2026-09-07T07:29:31+02:00,2026-09-07T07:29:31+02:00,91.0,1,Hamar,SJN:Line:25,Rørosbanen,R60,rail,SJN:ServiceJourney:2378_30115-R,True,actual,False,,,,,2026-09-07T08:42:24.659182+02:00
NSR:StopPlace:58819,Grua stasjon,2026-09-07T07:16:00+02:00,2026-09-07T07:17:31+02:00,2026-09-07T07:17:31+02:00,91.0,1,Hadeland vgs,INN:Line:112,Brandbu-Gran-Harestua,112,bus,INN:ServiceJourney:70819,True,actual,False,,,,,2026-09-07T08:42:24.659182+02:00
NSR:StopPlace:58826,Reinsvoll stasjon,2026-09-07T07:03:00+02:00,2026-09-07T07:04:31+02:00,2026-09-07T07:04:31+02:00,91.0,1,Raufoss-Gjøvik,INN:Line:46,Lena-Raufoss-Gjøvik-Kapp-Lena,B46,bus,INN:ServiceJourney:76821,True,actual,False,,,,,2026-09-07T08:42:24.659182+02:00
NSR:StopPlace:62309,Ljan stasjon,2026-09-07T06:09:00+02:00,2026-09-07T06:10:31+02:00,2026-09-07T06:10:31+02:00,91.0,1,Ski,VYG:Line:L2,Stabekk-Oslo S-Ski,L2,rail,VYG:ServiceJourney:2803_444016-R,True,actual,False,,,,,2026-09-07T08:42:24.659182+02:00
NSR:StopPlace:62308,Alna stasjon,2026-09-07T06:17:00+02:00,2026-09-07T06:18:31+02:00,2026-09-07T06:18:31+02:00,91.0,1,Asker,VYG:Line:L1,Spikkestad-Oslo S-Lillestrøm,L1,rail,VYG:ServiceJourney:2105_443509-R,True,actual,False,,,,,2026-09-07T08:42:24.659182+02:00
NSR:StopPlace:62392,Slependen stasjon,2026-09-07T06:45:00+02:00,2026-09-07T06:46:31+02:00,2026-09-07T06:46:31+02:00,91.0,1,Lillestrøm,VYG:Line:L1,Spikkestad-Oslo S-Lillestrøm,L1,rail,VYG:ServiceJourney:2210_443601-R,True,actual,False,Færre vogner,Denne avgangen kjører dessverre med 4 vogner i stedet for 8 vogner. Dette skyldes at vi mangler et togsett.,general,normal,2026-09-07T08:42:24.659182+02:00
NSR:StopPlace:4,Otta stasjon,2026-09-07T02:57:00+02:00,2026-09-07T02:58:31+02:00,2026-09-07T02:58:31+02:00,91.0,1,Trondheim S,SJN:Line:21,Dovrebanen,F6,rail,SJN:ServiceJourney:405-LOD_30131-R,True,actual,False,,,,,2026-09-07T03:30:22.110925+02:00
NSR:StopPlace:58926,Dale stasjon,2026-09-08T01:21:00+02:00,2026-09-08T01:22:30+02:00,2026-09-08T01:22:30+02:00,90.0,1,Voss,VYG:Line:R40,Bergen-Voss-Myrdal-Ål,R40,rail,VYG:ServiceJourney:1838_456880-R,True,actual,False,,,,,2026-09-08T03:39:50.209703+02:00
NSR:StopPlace:61464,Hvalstad stasjon,2026-09-08T00:10:00+02:00,2026-09-08T00:11:30+02:00,2026-09-08T00:11:30+02:00,90.0,1,Lillestrøm,VYG:Line:L1,Spikkestad-Oslo S-Lillestrøm,L1,rail,VYG:ServiceJourney:2280_443718-R,True,actual,False,,,,,2026-09-08T00:20:52.129880+02:00
NSR:StopPlace:41,Hanaborg stasjon,2026-09-07T22:49:00+02:00,2026-09-07T22:50:30+02:00,2026-09-07T22:50:30+02:00,90.0,1,Spikkestad,VYG:Line:L1,Spikkestad-Oslo S-Lillestrøm,L1,rail,VYG:ServiceJourney:2273_443707-R,True,actual,False,,,,,2026-09-08T00:20:52.129880+02:00
NSR:StopPlace:61897,Bryn stasjon,2026-09-07T22:45:00+02:00,2026-09-07T22:46:30+02:00,2026-09-07T22:46:30+02:00,90.0,1,Lillestrøm,VYG:Line:L1,Spikkestad-Oslo S-Lillestrøm,L1,rail,VYG:ServiceJourney:2272_465117-R,True,actual,False,,,,,2026-09-08T00:20:52.129880+02:00
NSR:StopPlace:59616,Asker stasjon,2026-09-07T21:30:00+02:00,2026-09-07T21:31:30+02:00,2026-09-07T21:31:30+02:00,90.0,1,Kongsberg,VYG:Line:R12,Kongsberg-Oslo S-Eidsvoll,R12,rail,VYG:ServiceJourney:533_444342-R,True,actual,False,,,,,2026-09-08T00:20:52.129880+02:00
NSR:StopPlace:58873,Skoppum stasjon,2026-09-07T23:00:00+02:00,2026-09-07T23:01:30+02:00,2026-09-07T23:01:30+02:00,90.0,1,Holtandalen-Horten,VKT:Line:40,Horten-Holtandalen-Skoppum,40,bus,VKT:ServiceJourney:17447,True,actual,False,,,,,2026-09-08T00:20:52.129880+02:00
NSR:StopPlace:58926,Dale stasjon,2026-09-07T19:13:00+02:00,2026-09-07T19:14:30+02:00,2026-09-07T19:14:30+02:00,90.0,1,Voss,VYG:Line:R40,Bergen-Voss-Myrdal-Ål,R40,rail,VYG:ServiceJourney:1828_481200-R,True,actual,False,,,,,2026-09-07T20:27:16.249662+02:00
NSR:StopPlace:58860,Oppegård stasjon,2026-09-07T18:01:00+02:00,2026-09-07T18:02:30+02:00,2026-09-07T18:02:30+02:00,90.0,1,Skøyen,VYG:Line:L2,Stabekk-Oslo S-Ski,L2,rail,VYG:ServiceJourney:2856-SKI_488390-R,True,actual,False,,,,,2026-09-07T20:27:16.249662+02:00
NSR:StopPlace:58886,Arendal stasjon,2026-09-07T18:37:00+02:00,2026-09-07T18:38:30+02:00,2026-09-07T18:38:30+02:00,90.0,1,Grimstad via Arendal sentrum,AKT:Line:101,Eydehavn-Arendal-Grimstad N/S,101,bus,AKT:ServiceJourney:71767_431_89_132000_136380_40000971,True,actual,False,,,,,2026-09-07T20:27:16.249662+02:00
NSR:StopPlace:58817,Eina stasjon,2026-09-07T19:56:00+02:00,2026-09-07T19:57:30+02:00,2026-09-07T19:57:30+02:00,90.0,1,Roa,VYG:Line:R31,Skøyen-Jaren-Gjøvik,R31,rail,VYG:ServiceJourney:232-GJOe_648914-R,True,actual,False,,,,,2026-09-07T20:27:16.249662+02:00
NSR:StopPlace:313,Høybråten stasjon,2026-09-07T18:42:00+02:00,2026-09-07T18:43:30+02:00,2026-09-07T18:43:30+02:00,90.0,1,Lillestrøm,VYG:Line:L1,Spikkestad-Oslo S-Lillestrøm,L1,rail,VYG:ServiceJourney:2154_443563-R,True,actual,False,,,,,2026-09-07T20:27:16.249662+02:00
NSR:StopPlace:518,Bolstadøyri stasjon,2026-09-07T19:24:00+02:00,2026-09-07T19:25:30+02:00,2026-09-07T19:25:30+02:00,90.0,1,Voss,VYG:Line:R40,Bergen-Voss-Myrdal-Ål,R40,rail,VYG:ServiceJourney:1828_481200-R,True,actual,False,,,,,2026-09-07T20:27:16.249662+02:00
NSR:StopPlace:62339,Lillestrøm stasjon,2026-09-07T17:15:00+02:00,2026-09-07T17:16:30+02:00,2026-09-07T17:16:30+02:00,90.0,1,Kongsvinger,VYG:Line:R14,Asker-Oslo S-Kongsvinger,R14,rail,VYG:ServiceJourney:1025_442935-R,True,actual,False,Heis i spor 1 og 2 er ute av bruk på grunn av vedlikehold.,Heis i spor 1 og 2 er ute av bruk på grunn av vedlikehold.,general,normal,2026-09-07T20:27:16.249662+02:00
NSR:StopPlace:62380,Røra stasjon,2026-09-07T18:52:00+02:00,2026-09-07T18:53:30+02:00,2026-09-07T18:53:30+02:00,90.0,1,Lundamo,SJN:Line:26,Trønderbanen,R70,rail,SJN:ServiceJourney:448_56077-R,True,actual,False,,,,,2026-09-07T20:27:16.249662+02:00
NSR:StopPlace:33,Ranheim stasjon,2026-09-07T14:29:00+02:00,2026-09-07T14:30:30+02:00,2026-09-07T14:30:30+02:00,90.0,1,Melhus skysstasjon,SJN:Line:26,Trønderbanen,R70,rail,SJN:ServiceJourney:436-STK_56065-R,True,actual,False,,,,,2026-09-07T15:44:36.205822+02:00
NSR:StopPlace:58966,Porsgrunn stasjon,2026-09-07T15:17:00+02:00,2026-09-07T15:18:30+02:00,2026-09-07T15:18:30+02:00,90.0,1,Eidsvoll,VYG:Line:RE11,Eidsvoll-Oslo S-Skien,RE11,rail,VYG:ServiceJourney:824_444404-R,True,actual,False,Heis på Porsgrunn ute av drift,Heisen på Porsgrunn til spor 2 er ute av drift.,general,normal,2026-09-07T15:44:36.205822+02:00
NSR:StopPlace:58842,Blaker stasjon,2026-09-07T15:22:00+02:00,2026-09-07T15:23:30+02:00,2026-09-07T15:23:30+02:00,90.0,1,Asker,VYG:Line:R14,Asker-Oslo S-Kongsvinger,R14,rail,VYG:ServiceJourney:1022_442930-R,True,actual,False,,,,,2026-09-07T15:44:36.205822+02:00
NSR:StopPlace:58845,Eidsvoll verk stasjon,2026-09-07T14:35:00+02:00,2026-09-07T14:36:30+02:00,2026-09-07T14:36:30+02:00,90.0,1,Kongsberg,VYG:Line:R12,Kongsberg-Oslo S-Eidsvoll,R12,rail,VYG:ServiceJourney:521_444323-R,True,actual,False,,,,,2026-09-07T15:44:36.205822+02:00
NSR:StopPlace:58878,Drangedal stasjon,2026-09-07T14:18:00+02:00,2026-09-07T14:19:30+02:00,2026-09-07T14:19:30+02:00,90.0,1,Vold - (Skien/Porsgrunn),TEL:Line:8601,Drangedal-Porsgrunn-Skien,601,bus,TEL:ServiceJourney:126378,True,actual,False,,,,,2026-09-07T15:44:36.205822+02:00
NSR:StopPlace:62308,Alna stasjon,2026-09-07T15:32:00+02:00,2026-09-07T15:33:30+02:00,2026-09-07T15:33:30+02:00,90.0,1,Spikkestad,VYG:Line:L1,Spikkestad-Oslo S-Lillestrøm,L1,rail,VYG:ServiceJourney:2243_443656-R,True,actual,False,,,,,2026-09-07T15:44:36.205822+02:00
NSR:StopPlace:8,Paradis stasjon,2026-09-07T06:21:00+02:00,2026-09-07T06:22:30+02:00,2026-09-07T06:22:30+02:00,90.0,1,Stavanger,GOA:Line:59,Jærbanen,L5,rail,GOA:ServiceJourney:3003_63034-R,True,actual,False,,,,,2026-09-07T08:42:24.659182+02:00
NSR:StopPlace:8,Paradis stasjon,2026-09-07T06:37:00+02:00,2026-09-07T06:38:30+02:00,2026-09-07T06:38:30+02:00,90.0,1,Skeiane,GOA:Line:59,Jærbanen,L5,rail,GOA:ServiceJourney:3108_63153-R,True,actual,False,,,,,2026-09-07T08:42:24.659182+02:00
NSR:StopPlace:61463,Nordstrand stasjon,2026-09-07T06:07:00+02:00,2026-09-07T06:08:30+02:00,2026-09-07T06:08:30+02:00,90.0,1,Ski,VYG:Line:L2,Stabekk-Oslo S-Ski,L2,rail,VYG:ServiceJourney:2803_444016-R,True,actual,False,,,,,2026-09-07T08:42:24.659182+02:00
NSR:StopPlace:61315,Nerdrum stasjon,2026-09-07T08:07:00+02:00,2026-09-07T08:08:30+02:00,2026-09-07T08:08:30+02:00,90.0,1,Asker,VYG:Line:R14,Asker-Oslo S-Kongsvinger,R14,rail,VYG:ServiceJourney:1054-KVG_442958-R,True,actual,False,,,,,2026-09-07T08:42:24.659182+02:00
NSR:StopPlace:59983,Bergen stasjon,2026-09-07T07:57:00+02:00,2026-09-07T07:58:30+02:00,2026-09-07T07:58:30+02:00,90.0,1,Arna,VYG:Line:L4,Bergen-Arna,L4,rail,VYG:ServiceJourney:2612_443827-R,True,actual,False,,,,,2026-09-07T08:42:24.659182+02:00
NSR:StopPlace:59636,Holmlia stasjon,2026-09-07T06:57:00+02:00,2026-09-07T06:58:30+02:00,2026-09-07T06:58:30+02:00,90.0,1,Krummedike,RUT:Line:2077,Holmlia stasjon - Asperudåsen,77B,bus,RUT:ServiceJourney:4689ca475e258fac333c1c268c6c9fe3,True,actual,False,,,,,2026-09-07T08:42:24.659182+02:00
NSR:StopPlace:58932,Hommelvik stasjon,2026-09-07T05:36:00+02:00,2026-09-07T05:37:30+02:00,2026-09-07T05:37:30+02:00,90.0,1,Steinkjer,SJN:Line:26,Trønderbanen,R70,rail,SJN:ServiceJourney:421_56050-R,True,actual,False,,,,,2026-09-07T08:42:24.659182+02:00
NSR:StopPlace:58932,Hommelvik stasjon,2026-09-07T06:03:00+02:00,2026-09-07T06:04:30+02:00,2026-09-07T06:04:30+02:00,90.0,1,A Marienborg via Innherredsveien,ATB:Line:2_70,Stjørdal/Hommelvik- Trondheim,70,bus,ATB:ServiceJourney:70_251215112546906_4,True,actual,False,,,,,2026-09-07T08:42:24.659182+02:00
NSR:StopPlace:58799,Rygge stasjon,2026-09-07T08:25:00+02:00,2026-09-07T08:26:30+02:00,2026-09-07T08:26:30+02:00,90.0,1,Oslo S,VYG:Line:RE20,Oslo S-Halden-Göteborg (X-Border),RE20,rail,VYG:ServiceJourney:146-HLD_509067-R,True,actual,False,,,,,2026-09-07T08:42:24.659182+02:00
NSR:StopPlace:58839,Steinberg stasjon,2026-09-07T08:10:00+02:00,2026-09-07T08:11:30+02:00,2026-09-07T08:11:30+02:00,90.0,1,Veiavangen skole,BRA:Line:4_6056,Mjøndalen - Drammen - Eiker VGS,56,bus,BRA:ServiceJourney:6056_260415100162472_1010,True,actual,False,,,,,2026-09-07T08:42:24.659182+02:00
NSR:StopPlace:58844,Eidsvoll stasjon,2026-09-07T08:00:00+02:00,2026-09-07T08:01:30+02:00,2026-09-07T08:01:30+02:00,90.0,1,Jessheim,RUT:Line:430,Eidsvoll - Jessheim,430,bus,RUT:ServiceJourney:c1b7f85a63d7879a8ca970d9db9eb1ba,True,actual,False,,,,,2026-09-07T08:42:24.659182+02:00
NSR:StopPlace:58857,Lørenskog stasjon,2026-09-07T06:21:00+02:00,2026-09-07T06:22:30+02:00,2026-09-07T06:22:30+02:00,90.0,1,Spikkestad,VYG:Line:L1,Spikkestad-Oslo S-Lillestrøm,L1,rail,VYG:ServiceJourney:2207_443595-R,True,actual,False,Færre vogner,Denne avgangen kjører dessverre med 4 vogner i stedet for 8 vogner. Dette skyldes at vi mangler et togsett.,general,normal,2026-09-07T08:42:24.659182+02:00
NSR:StopPlace:58864,Sørumsand stasjon,2026-09-07T06:49:00+02:00,2026-09-07T06:50:30+02:00,2026-09-07T06:50:30+02:00,90.0,1,Blaker ring,RUT:Line:370,Sørumsand - Blaker - Sørumsand,370A,bus,RUT:ServiceJourney:85917d70402e8b2b9b430c83eb23f154,True,actual,False,,,,,2026-09-07T08:42:24.659182+02:00
NSR:StopPlace:58861,Solbråtan stasjon,2026-09-07T06:45:00+02:00,2026-09-07T06:46:30+02:00,2026-09-07T06:46:30+02:00,90.0,1,Bjørvika,RUT:Line:83,Jernbanetorget - Tårnåsen,83,bus,RUT:ServiceJourney:c110d06aa6cc1da2eec8e26de4b0ef5a,True,actual,False,Linje 80E og 83 får Hausmanns bru som ny endeholdeplass fra 29. juni,"Bussene stopper ikke på Jernbanetorget etter 29. juni, men starter og stopper på Hausmanns bru i Nylandsveien.",incident,normal,2026-09-07T08:42:24.659182+02:00
NSR:StopPlace:58800,Råde stasjon,2026-09-07T06:57:00+02:00,2026-09-07T06:58:30+02:00,2026-09-07T06:58:30+02:00,90.0,1,Göteborg C,VYG:Line:RE20,Oslo S-Halden-Göteborg (X-Border),RE20,rail,VYG:ServiceJourney:103-383_464567-R,True,actual,False,,,,,2026-09-07T08:42:24.659182+02:00
NSR:StopPlace:58813,Skarnes stasjon,2026-09-07T08:09:00+02:00,2026-09-07T08:10:30+02:00,2026-09-07T08:10:30+02:00,90.0,1,Kongsvinger,VYG:Line:R14,Asker-Oslo S-Kongsvinger,R14,rail,VYG:ServiceJourney:1005_442910-R,True,actual,False,,,,,2026-09-07T08:42:24.659182+02:00
NSR:StopPlace:58818,Gran stasjon,2026-09-07T07:40:00+02:00,2026-09-07T07:41:30+02:00,2026-09-07T07:41:30+02:00,90.0,1,3 Hadeland vgs-Trintom skole,INN:Line:456,Gran-Grymyr,456,bus,INN:ServiceJourney:84275,True,actual,False,,,,,2026-09-07T08:42:24.659182+02:00
NSR:StopPlace:58211,Oslo lufthavn,2026-09-07T05:10:00+02:00,2026-09-07T05:11:30+02:00,2026-09-07T05:11:30+02:00,90.0,1,Fenstad,RUT:Line:440,Fenstad/Nordkisa - Oslo lufthavn,440,bus,RUT:ServiceJourney:d58008c7b92250dc6654ec6b4ee9cfcc,True,actual,False,,,,,2026-09-07T08:42:24.659182+02:00
NSR:StopPlace:58932,Hommelvik stasjon,2026-09-07T21:52:00+02:00,2026-09-07T21:53:29+02:00,2026-09-07T21:53:29+02:00,89.0,1,Marienborg via Brattøra,ATB:Line:2_70,Stjørdal/Hommelvik- Trondheim,70,bus,ATB:ServiceJourney:70_251215112546949_104,True,actual,False,,,,,2026-09-08T00:20:52.129880+02:00
NSR:StopPlace:58835,Lier stasjon,2026-09-07T21:41:00+02:00,2026-09-07T21:42:29+02:00,2026-09-07T21:42:29+02:00,89.0,1,Dal,VYG:Line:R13,Drammen-Oslo S-Dal,R13,rail,VYG:ServiceJourney:1669_443361-R,True,actual,False,,,,,2026-09-08T00:20:52.129880+02:00
NSR:StopPlace:58835,Lier stasjon,2026-09-07T23:11:00+02:00,2026-09-07T23:12:29+02:00,2026-09-07T23:12:29+02:00,89.0,1,Dal,VYG:Line:R13,Drammen-Oslo S-Dal,R13,rail,VYG:ServiceJourney:1675_443375-R,True,actual,False,Færre vogner,Denne avgangen kjører dessverre med 5 vogner i stedet for 10 vogner. Dette skyldes at vi mangler et togsett.,general,normal,2026-09-08T00:20:52.129880+02:00
NSR:StopPlace:58810,Løten stasjon,2026-09-07T21:36:00+02:00,2026-09-07T21:37:29+02:00,2026-09-07T21:37:29+02:00,89.0,1,Hamar - Brumunddal,INN:Line:26,Brumunddal - Hamar - Løten,B26,bus,INN:ServiceJourney:54059,True,actual,False,,,,,2026-09-08T00:20:52.129880+02:00
NSR:StopPlace:8,Paradis stasjon,2026-09-07T19:12:00+02:00,2026-09-07T19:13:29+02:00,2026-09-07T19:13:29+02:00,89.0,1,Stavanger,GOA:Line:59,Jærbanen,L5,rail,GOA:ServiceJourney:3157_63202-R,True,actual,False,,,,,2026-09-07T20:27:16.249662+02:00
NSR:StopPlace:61466,Vakås stasjon,2026-09-07T18:57:00+02:00,2026-09-07T18:58:29+02:00,2026-09-07T18:58:29+02:00,89.0,1,Asker,VYG:Line:L1,Spikkestad-Oslo S-Lillestrøm,L1,rail,VYG:ServiceJourney:2153_443562-R,True,actual,False,,,,,2026-09-07T20:27:16.249662+02:00
NSR:StopPlace:59647,Dal stasjon,2026-09-07T19:46:00+02:00,2026-09-07T19:47:29+02:00,2026-09-07T19:47:29+02:00,89.0,1,Eidsvoll,RUT:Line:430,Eidsvoll - Jessheim,430,bus,RUT:ServiceJourney:afa97c9c666185c879ca7f11fe3c0525,True,actual,False,,,,,2026-09-07T20:27:16.249662+02:00
NSR:StopPlace:58790,Verdal stasjon,2026-09-07T18:00:00+02:00,2026-09-07T18:01:29+02:00,2026-09-07T18:01:29+02:00,89.0,1,Ler,SJN:Line:26,Trønderbanen,R70,rail,SJN:ServiceJourney:446_56075-R,True,actual,False,,,,,2026-09-07T20:27:16.249662+02:00
NSR:StopPlace:58854,Langhus stasjon,2026-09-07T17:59:00+02:00,2026-09-07T18:00:29+02:00,2026-09-07T18:00:29+02:00,89.0,1,Bøleråsen,RUT:Line:510,Bøleråsen - Ski - Ås - Drøbak,510,bus,RUT:ServiceJourney:d6759d9bce64145979f1874991bb8060,True,actual,False,,,,,2026-09-07T20:27:16.249662+02:00
NSR:StopPlace:58876,Tønsberg stasjon,2026-09-07T17:42:00+02:00,2026-09-07T17:43:29+02:00,2026-09-07T17:43:29+02:00,89.0,1,Skien,VYG:Line:RX11,Eidsvoll-Oslo S-Skien,RX11,rail,VYG:ServiceJourney:863-LOE_562942-R,True,actual,False,,,,,2026-09-07T20:27:16.249662+02:00
NSR:StopPlace:461,Lundamo stasjon,2026-09-07T17:07:00+02:00,2026-09-07T17:08:29+02:00,2026-09-07T17:08:29+02:00,89.0,1,Røros,SJN:Line:25,Rørosbanen,R60,rail,SJN:ServiceJourney:416_50919-R,True,actual,False,,,,,2026-09-07T20:27:16.249662+02:00
NSR:StopPlace:62310,Brusand stasjon,2026-09-07T19:47:00+02:00,2026-09-07T19:48:29+02:00,2026-09-07T19:48:29+02:00,89.0,1,Egersund,GOA:Line:59,Jærbanen,L5,rail,GOA:ServiceJourney:3060_63114-R,True,actual,False,,,,,2026-09-07T20:27:16.249662+02:00
NSR:StopPlace:62339,Lillestrøm stasjon,2026-09-07T16:43:00+02:00,2026-09-07T16:44:29+02:00,2026-09-07T16:44:29+02:00,89.0,1,Kongsvinger,VYG:Line:R14,Asker-Oslo S-Kongsvinger,R14,rail,VYG:ServiceJourney:1053-HAV_442957-R,True,actual,False,Heis i spor 1 og 2 er ute av bruk på grunn av vedlikehold.,Heis i spor 1 og 2 er ute av bruk på grunn av vedlikehold.,general,normal,2026-09-07T20:27:16.249662+02:00
NSR:StopPlace:59641,Fjellhamar stasjon,2026-09-07T15:32:00+02:00,2026-09-07T15:33:29+02:00,2026-09-07T15:33:29+02:00,89.0,1,Asker,VYG:Line:L1,Spikkestad-Oslo S-Lillestrøm,L1,rail,VYG:ServiceJourney:2143_443551-R,True,actual,False,,,,,2026-09-07T15:44:36.205822+02:00
NSR:StopPlace:59653,Haugenstua stasjon,2026-09-07T15:40:00+02:00,2026-09-07T15:41:29+02:00,2026-09-07T15:41:29+02:00,89.0,1,Lillestrøm,VYG:Line:L1,Spikkestad-Oslo S-Lillestrøm,L1,rail,VYG:ServiceJourney:2142_443550-R,True,actual,False,,,,,2026-09-07T15:44:36.205822+02:00
NSR:StopPlace:59261,Trondheim lufthavn,2026-09-07T14:23:00+02:00,2026-09-07T14:24:29+02:00,2026-09-07T14:24:29+02:00,89.0,1,Melhus skysstasjon,SJN:Line:26,Trønderbanen,R70,rail,SJN:ServiceJourney:1722-STJ_55556-R,True,actual,False,,,,,2026-09-07T15:44:36.205822+02:00
NSR:StopPlace:58947,Steinkjer stasjon,2026-09-07T14:18:00+02:00,2026-09-07T14:19:29+02:00,2026-09-07T14:19:29+02:00,89.0,1,Sykehuset Levanger,ATB:Line:2_640,Levanger - Steinkjer,640,bus,ATB:ServiceJourney:640_260106098642269_9,True,actual,False,,,,,2026-09-07T15:44:36.205822+02:00
NSR:StopPlace:58859,Nordby stasjon,2026-09-07T15:33:00+02:00,2026-09-07T15:34:29+02:00,2026-09-07T15:34:29+02:00,89.0,1,Drammen,VYG:Line:R13,Drammen-Oslo S-Dal,R13,rail,VYG:ServiceJourney:1644-DAL_632370-R,True,actual,False,,,,,2026-09-07T15:44:36.205822+02:00
NSR:StopPlace:58800,Råde stasjon,2026-09-07T14:29:00+02:00,2026-09-07T14:30:29+02:00,2026-09-07T14:30:29+02:00,89.0,1,Saltnes handel Grønn buss,OST:Line:1_160,Råde ungdomsskole,160,bus,OST:ServiceJourney:160_260325121471008_20,True,actual,False,,,,,2026-09-07T15:44:36.205822+02:00
NSR:StopPlace:6,Greverud stasjon,2026-09-07T05:18:00+02:00,2026-09-07T05:19:29+02:00,2026-09-07T05:19:29+02:00,89.0,1,Stabekk,VYG:Line:L2,Stabekk-Oslo S-Ski,L2,rail,VYG:ServiceJourney:2706-SKI_443912-R,True,actual,False,,,,,2026-09-07T08:42:24.659182+02:00
NSR:StopPlace:61169,Marienborg stasjon,2026-09-07T07:21:00+02:00,2026-09-07T07:22:29+02:00,2026-09-07T07:22:29+02:00,89.0,1,Romolslia,ATB:Line:2_20,Grillstad - Strindheim - Ladehammeren- Sentrum - Romolslia,20,bus,ATB:ServiceJourney:20_251215112548141_6,True,actual,False,,,,,2026-09-07T08:42:24.659182+02:00
NSR:StopPlace:59648,Kjelsås stasjon,2026-09-07T07:30:00+02:00,2026-09-07T07:31:29+02:00,2026-09-07T07:31:29+02:00,89.0,1,Haugerud,RUT:Line:25,Majorstuen-Haugerud,25,bus,RUT:ServiceJourney:7412e7327bf292b2e4426675d00159c2,True,actual,False,,,,,2026-09-07T08:42:24.659182+02:00
NSR:StopPlace:59261,Trondheim lufthavn,2026-09-07T06:33:00+02:00,2026-09-07T06:34:29+02:00,2026-09-07T06:34:29+02:00,89.0,1,A Marienborg via Innherredsveien,ATB:Line:2_70,Stjørdal/Hommelvik- Trondheim,70,bus,ATB:ServiceJourney:70_251215112546908_10,True,actual,False,,,,,2026-09-07T08:42:24.659182+02:00
NSR:StopPlace:58952,Bodø stasjon,2026-09-07T07:32:00+02:00,2026-09-07T07:33:29+02:00,2026-09-07T07:33:29+02:00,89.0,1,Tverlandet,NOR:Line:12_8004,Tverlandet - Bodø sentrum - Løpsmarka,4,bus,NOR:ServiceJourney:8004_251012124900552_1005,True,actual,False,,,,,2026-09-07T08:42:24.659182+02:00
NSR:StopPlace:58930,Larvik stasjon,2026-09-07T06:10:00+02:00,2026-09-07T06:11:29+02:00,2026-09-07T06:11:29+02:00,89.0,1,Stavern-Kysthospitalet,VKT:Line:4,Torp-Sandefjord-Larvik-Stavern,4,bus,VKT:ServiceJourney:17603,True,actual,False,,,,,2026-09-07T08:42:24.659182+02:00
NSR:StopPlace:58930,Larvik stasjon,2026-09-07T06:40:00+02:00,2026-09-07T06:41:29+02:00,2026-09-07T06:41:29+02:00,89.0,1,Stavern-Kysthospitalet,VKT:Line:4,Torp-Sandefjord-Larvik-Stavern,4,bus,VKT:ServiceJourney:17604,True,actual,False,,,,,2026-09-07T08:42:24.659182+02:00
NSR:StopPlace:58935,Levanger stasjon,2026-09-07T06:50:00+02:00,2026-09-07T06:51:29+02:00,2026-09-07T06:51:29+02:00,89.0,1,Verdal stasjon,ATB:Line:2_635,Verdal - Levanger (- Frosta),635,bus,ATB:ServiceJourney:635_260106098642283_13,True,actual,False,,,,,2026-09-07T08:42:24.659182+02:00
NSR:StopPlace:58834,Hokksund stasjon,2026-09-07T08:06:00+02:00,2026-09-07T08:07:29+02:00,2026-09-07T08:07:29+02:00,89.0,1,Vikersund,BRA:Line:4_6101,Drammen-Vikersund/Hønefoss,101,bus,BRA:ServiceJourney:6101_260415100161241_1003,True,actual,False,,,,,2026-09-07T08:42:24.659182+02:00
NSR:StopPlace:58849,Hakadal stasjon,2026-09-07T07:23:00+02:00,2026-09-07T07:24:29+02:00,2026-09-07T07:24:29+02:00,89.0,1,Oslo bussterminal,RUT:Line:390,Kongskog/Hellerudhaugen - Oslo bussterminal,390,bus,RUT:ServiceJourney:2cb7cfbed6528658d5e58b3abc73b789,True,actual,False,,,,,2026-09-07T08:42:24.659182+02:00
NSR:StopPlace:58853,Kolbotn stasjon,2026-09-07T07:19:00+02:00,2026-09-07T07:20:29+02:00,2026-09-07T07:20:29+02:00,89.0,1,Kolbotn torg,RUT:Line:580,Kolbotn - Ski,580,bus,RUT:ServiceJourney:a94138289d37f1e39baa50dd7038637b,True,actual,False,,,,,2026-09-07T08:42:24.659182+02:00
NSR:StopPlace:58854,Langhus stasjon,2026-09-07T07:45:00+02:00,2026-09-07T07:46:29+02:00,2026-09-07T07:46:29+02:00,89.0,1,Siggerud,RUT:Line:516,Siggerud - Ski stasjon,516,bus,RUT:ServiceJourney:ec34f70a209877dd6a84f67d63ae2786,True,actual,False,,,,,2026-09-07T08:42:24.659182+02:00
NSR:StopPlace:58864,Sørumsand stasjon,2026-09-07T05:21:00+02:00,2026-09-07T05:22:29+02:00,2026-09-07T05:22:29+02:00,89.0,1,Skedsmokorset,RUT:Line:365,Sørumsand - Frogner - Skedsmokorset,365,bus,RUT:ServiceJourney:c113784ff0f4708b46f208082f083b9b,True,actual,False,,,,,2026-09-07T08:42:24.659182+02:00
NSR:StopPlace:58877,Bø stasjon,2026-09-07T07:12:00+02:00,2026-09-07T07:13:29+02:00,2026-09-07T07:13:29+02:00,89.0,1,Lunde,TEL:Line:8121,Bø-Lunde,121,bus,TEL:ServiceJourney:127355,True,actual,False,,,,,2026-09-07T08:42:24.659182+02:00
NSR:StopPlace:58886,Arendal stasjon,2026-09-07T08:27:00+02:00,2026-09-07T08:28:29+02:00,2026-09-07T08:28:29+02:00,89.0,1,Solåsen,AKT:Line:111,Sykehuset-Arendal-Solåsen,111,bus,AKT:ServiceJourney:73585_51_33_59640_61740_40001010,True,actual,False,,,,,2026-09-07T08:42:24.659182+02:00
NSR:StopPlace:313,Høybråten stasjon,2026-09-07T08:12:00+02:00,2026-09-07T08:13:29+02:00,2026-09-07T08:13:29+02:00,89.0,1,Lillestrøm,VYG:Line:L1,Spikkestad-Oslo S-Lillestrøm,L1,rail,VYG:ServiceJourney:2112_443517-R,True,actual,False,,,,,2026-09-07T08:42:24.659182+02:00
NSR:StopPlace:362,Jåttåvågen stasjon,2026-09-07T05:55:00+02:00,2026-09-07T05:56:29+02:00,2026-09-07T05:56:29+02:00,89.0,1,Egersund,GOA:Line:59,Jærbanen,L5,rail,GOA:ServiceJourney:3008_63040-R,True,actual,False,,,,,2026-09-07T08:42:24.659182+02:00
NSR:StopPlace:62309,Ljan stasjon,2026-09-07T08:35:00+02:00,2026-09-07T08:36:29+02:00,2026-09-07T08:36:29+02:00,89.0,1,Stabekk,VYG:Line:L2,Stabekk-Oslo S-Ski,L2,rail,VYG:ServiceJourney:2718-SKI_443924-R,True,actual,False,,,,,2026-09-07T08:42:24.659182+02:00
NSR:StopPlace:6,Greverud stasjon,2026-09-07T22:48:00+02:00,2026-09-07T22:49:28+02:00,2026-09-07T22:49:28+02:00,88.0,1,Stabekk,VYG:Line:L2,Stabekk-Oslo S-Ski,L2,rail,VYG:ServiceJourney:2776-SKI_443999-R,True,actual,False,,,,,2026-09-08T00:20:52.129880+02:00
NSR:StopPlace:60640,Heimdal stasjon,2026-09-07T22:01:00+02:00,2026-09-07T22:02:28+02:00,2026-09-07T22:02:28+02:00,88.0,1,Ranheim via Tiller-sentrum,ATB:Line:2_1,Ranheim - Strindheim - sentrum - Tiller - Heimdal - Kattem,1,bus,ATB:ServiceJourney:1_251215112545873_237,True,actual,False,,,,,2026-09-08T00:20:52.129880+02:00
NSR:StopPlace:59650,Nyland stasjon,2026-09-07T22:21:00+02:00,2026-09-07T22:22:28+02:00,2026-09-07T22:22:28+02:00,88.0,1,Lillestrøm,VYG:Line:L1,Spikkestad-Oslo S-Lillestrøm,L1,rail,VYG:ServiceJourney:2270_443703-R,True,actual,False,,,,,2026-09-08T00:20:52.129880+02:00
NSR:StopPlace:58853,Kolbotn stasjon,2026-09-07T22:40:00+02:00,2026-09-07T22:41:28+02:00,2026-09-07T22:41:28+02:00,88.0,1,Oslo S,VYG:Line:L2,Stabekk-Oslo S-Ski,L2,rail,VYG:ServiceJourney:2874_444118-R,True,actual,False,,,,,2026-09-08T00:20:52.129880+02:00
NSR:StopPlace:58860,Oppegård stasjon,2026-09-07T22:01:00+02:00,2026-09-07T22:02:28+02:00,2026-09-07T22:02:28+02:00,88.0,1,Skøyen,VYG:Line:L2,Stabekk-Oslo S-Ski,L2,rail,VYG:ServiceJourney:2872-SKI_488400-R,True,actual,False,,,,,2026-09-08T00:20:52.129880+02:00
NSR:StopPlace:58860,Oppegård stasjon,2026-09-07T23:01:00+02:00,2026-09-07T23:02:28+02:00,2026-09-07T23:02:28+02:00,88.0,1,Kolbotn torg,RUT:Line:580,Kolbotn - Ski,580,bus,RUT:ServiceJourney:2f77db51fbb6bea2565113561804de4d,True,actual,False,,,,,2026-09-08T00:20:52.129880+02:00
NSR:StopPlace:8,Paradis stasjon,2026-09-07T18:28:00+02:00,2026-09-07T18:29:28+02:00,2026-09-07T18:29:28+02:00,88.0,1,Stavanger,GOA:Line:59,Jærbanen,L5,rail,GOA:ServiceJourney:3053_63102-R,True,actual,False,,,,,2026-09-07T20:27:16.249662+02:00
NSR:StopPlace:61460,Flaten stasjon,2026-09-07T19:04:00+02:00,2026-09-07T19:05:28+02:00,2026-09-07T19:05:28+02:00,88.0,1,Arendal,GOA:Line:53,Sørtoget lokal,R50,rail,GOA:ServiceJourney:2075_63028-R,True,actual,False,,,,,2026-09-07T20:27:16.249662+02:00
NSR:StopPlace:61465,Rise stasjon,2026-09-07T19:25:00+02:00,2026-09-07T19:26:28+02:00,2026-09-07T19:26:28+02:00,88.0,1,Arendal,GOA:Line:53,Sørtoget lokal,R50,rail,GOA:ServiceJourney:2075_63028-R,True,actual,False,,,,,2026-09-07T20:27:16.249662+02:00
NSR:StopPlace:58918,Nodeland stasjon,2026-09-07T17:51:00+02:00,2026-09-07T17:52:28+02:00,2026-09-07T17:52:28+02:00,88.0,1,Høllen,AKT:Line:1048,Høllen - Nodelandsheia,48,bus,AKT:ServiceJourney:76996_202_22_128040_129360_1099022,True,actual,False,,,,,2026-09-07T20:27:16.249662+02:00
NSR:StopPlace:58795,Kambo stasjon,2026-09-07T19:30:00+02:00,2026-09-07T19:31:28+02:00,2026-09-07T19:31:28+02:00,88.0,1,Stabekk,VYG:Line:R21,Stabekk-Oslo S-Moss,R21,rail,VYG:ServiceJourney:1162-MOS_443052-R,True,actual,False,,,,,2026-09-07T20:27:16.249662+02:00
NSR:StopPlace:58857,Lørenskog stasjon,2026-09-07T17:59:00+02:00,2026-09-07T18:00:28+02:00,2026-09-07T18:00:28+02:00,88.0,1,Lillestrøm,VYG:Line:L1,Spikkestad-Oslo S-Lillestrøm,L1,rail,VYG:ServiceJourney:2252_445350-R,True,actual,False,,,,,2026-09-07T20:27:16.249662+02:00
NSR:StopPlace:58857,Lørenskog stasjon,2026-09-07T18:41:00+02:00,2026-09-07T18:42:28+02:00,2026-09-07T18:42:28+02:00,88.0,1,Lørenskog sentrum,RUT:Line:67,Økern-Lørenskog sentrum,67,bus,RUT:ServiceJourney:9de924b0460503dddea6d02ce2f624ca,True,actual,False,,,,,2026-09-07T20:27:16.249662+02:00
NSR:StopPlace:58870,Holmestrand stasjon,2026-09-07T18:10:00+02:00,2026-09-07T18:11:28+02:00,2026-09-07T18:11:28+02:00,88.0,1,Hvitstein-Gullhaug,VKT:Line:31,Gullhaug-Kleiverud-Holmestrand,31,bus,VKT:ServiceJourney:14985,True,actual,False,,,,,2026-09-07T20:27:16.249662+02:00
NSR:StopPlace:58886,Arendal stasjon,2026-09-07T17:47:00+02:00,2026-09-07T17:48:28+02:00,2026-09-07T17:48:28+02:00,88.0,1,Eydehavn,AKT:Line:101,Eydehavn-Arendal-Grimstad N/S,101,bus,AKT:ServiceJourney:71889_422_90_121200_125880_40001426,True,actual,False,,,,,2026-09-07T20:27:16.249662+02:00
NSR:StopPlace:58888,Blakstad stasjon,2026-09-07T19:20:00+02:00,2026-09-07T19:21:28+02:00,2026-09-07T19:21:28+02:00,88.0,1,Arendal,GOA:Line:53,Sørtoget lokal,R50,rail,GOA:ServiceJourney:2075_63028-R,True,actual,False,,,,,2026-09-07T20:27:16.249662+02:00
NSR:StopPlace:101,Sagdalen stasjon,2026-09-07T18:07:00+02:00,2026-09-07T18:08:28+02:00,2026-09-07T18:08:28+02:00,88.0,1,Lillestrøm,VYG:Line:L1,Spikkestad-Oslo S-Lillestrøm,L1,rail,VYG:ServiceJourney:2252_445350-R,True,actual,False,,,,,2026-09-07T20:27:16.249662+02:00
NSR:StopPlace:62352,Stoa stasjon,2026-09-07T19:31:00+02:00,2026-09-07T19:32:28+02:00,2026-09-07T19:32:28+02:00,88.0,1,Arendal,GOA:Line:53,Sørtoget lokal,R50,rail,GOA:ServiceJourney:2075_63028-R,True,actual,False,,,,,2026-09-07T20:27:16.249662+02:00
NSR:StopPlace:62351,Bråstad stasjon,2026-09-07T19:30:00+02:00,2026-09-07T19:31:28+02:00,2026-09-07T19:31:28+02:00,88.0,1,Arendal,GOA:Line:53,Sørtoget lokal,R50,rail,GOA:ServiceJourney:2075_63028-R,True,actual,False,,,,,2026-09-07T20:27:16.249662+02:00
NSR:StopPlace:62355,Froland stasjon,2026-09-07T19:17:00+02:00,2026-09-07T19:18:28+02:00,2026-09-07T19:18:28+02:00,88.0,1,Arendal,GOA:Line:53,Sørtoget lokal,R50,rail,GOA:ServiceJourney:2075_63028-R,True,actual,False,,,,,2026-09-07T20:27:16.249662+02:00
NSR:StopPlace:62354,Bøylestad stasjon,2026-09-07T19:11:00+02:00,2026-09-07T19:12:28+02:00,2026-09-07T19:12:28+02:00,88.0,1,Arendal,GOA:Line:53,Sørtoget lokal,R50,rail,GOA:ServiceJourney:2075_63028-R,True,actual,False,,,,,2026-09-07T20:27:16.249662+02:00
NSR:StopPlace:58798,Rakkestad stasjon,2026-09-07T14:45:00+02:00,2026-09-07T14:46:28+02:00,2026-09-07T14:46:28+02:00,88.0,1,Oslo S,VYG:Line:R22,Skøyen-Oslo S-Mysen-Rakkestad,R22,rail,VYG:ServiceJourney:1924_443474-R,True,actual,False,,,,,2026-09-07T15:44:36.205822+02:00
NSR:StopPlace:58794,Fredrikstad stasjon,2026-09-07T15:14:00+02:00,2026-09-07T15:15:28+02:00,2026-09-07T15:15:28+02:00,88.0,1,Göteborg C,VYG:Line:RE20,Oslo S-Halden-Göteborg (X-Border),RE20,rail,VYG:ServiceJourney:119-391_460181-R,True,actual,False,,,,,2026-09-07T15:44:36.205822+02:00
NSR:StopPlace:58862,Strømmen stasjon,2026-09-07T14:36:00+02:00,2026-09-07T14:37:28+02:00,2026-09-07T14:37:28+02:00,88.0,1,Nittedal,RUT:Line:385,Nittedal stasjon - Olavsgaard - Ahus,385,bus,RUT:ServiceJourney:b966cc7e685fc48ac1ed33e70d8a218b,True,actual,False,,,,,2026-09-07T15:44:36.205822+02:00
NSR:StopPlace:58870,Holmestrand stasjon,2026-09-07T13:31:00+02:00,2026-09-07T13:32:28+02:00,2026-09-07T13:32:28+02:00,88.0,1,Skien,VYG:Line:RE11,Eidsvoll-Oslo S-Skien,RE11,rail,VYG:ServiceJourney:817_444397-R,True,actual,False,,,,,2026-09-07T15:44:36.205822+02:00
NSR:StopPlace:58825,Raufoss stasjon,2026-09-07T13:45:00+02:00,2026-09-07T13:46:28+02:00,2026-09-07T13:46:28+02:00,88.0,1,Gjøvik-Kapp,INN:Line:46,Lena-Raufoss-Gjøvik-Kapp-Lena,B46,bus,INN:ServiceJourney:76835,True,actual,False,,,,,2026-09-07T15:44:36.205822+02:00
NSR:StopPlace:61169,Marienborg stasjon,2026-09-07T07:08:00+02:00,2026-09-07T07:09:28+02:00,2026-09-07T07:09:28+02:00,88.0,1,Sandmoen via Flatåsen,ATB:Line:2_23,Brattøra - St. Olavs - Hallset - Flatåsen - Sandmoen,23,bus,ATB:ServiceJourney:23_251215112545552_8,True,actual,False,,,,,2026-09-07T08:42:24.659182+02:00
NSR:StopPlace:61544,Tuen stasjon,2026-09-07T08:10:00+02:00,2026-09-07T08:11:28+02:00,2026-09-07T08:11:28+02:00,88.0,1,Asker,VYG:Line:R14,Asker-Oslo S-Kongsvinger,R14,rail,VYG:ServiceJourney:1054-KVG_442958-R,True,actual,False,,,,,2026-09-07T08:42:24.659182+02:00
NSR:StopPlace:60047,Melhus skysstasjon,2026-09-07T07:26:00+02:00,2026-09-07T07:27:28+02:00,2026-09-07T07:27:28+02:00,88.0,1,Dora via E6 - City Syd E6,ATB:Line:2_71,MelhusSkyss-Trondheim,71,bus,ATB:ServiceJourney:71_251215112545759_18,True,actual,False,,,,,2026-09-07T08:42:24.659182+02:00
NSR:StopPlace:60053,Halden stasjon,2026-09-07T07:08:00+02:00,2026-09-07T07:09:28+02:00,2026-09-07T07:09:28+02:00,88.0,1,Halden sentrum,OST:Line:1_35,Næridsrød - Tistedal,35,bus,OST:ServiceJourney:35_260325121472362_4,True,actual,False,,,,,2026-09-07T08:42:24.659182+02:00
NSR:StopPlace:59639,Sonsveien stasjon,2026-09-07T08:09:00+02:00,2026-09-07T08:10:28+02:00,2026-09-07T08:10:28+02:00,88.0,1,Steinerskolen Moss,RUT:Line:540,Moss - Son - Vestby stasjon,540,bus,RUT:ServiceJourney:c04e31caade368c43963a29416b91e3a,True,actual,False,,,,,2026-09-07T08:42:24.659182+02:00
NSR:StopPlace:58963,Jessheim stasjon,2026-09-07T06:55:00+02:00,2026-09-07T06:56:28+02:00,2026-09-07T06:56:28+02:00,88.0,1,Eidsvoll,RUT:Line:430,Eidsvoll - Jessheim,430,bus,RUT:ServiceJourney:143177a91fa2f083e45ee98117a684f3,True,actual,False,,,,,2026-09-07T08:42:24.659182+02:00
NSR:StopPlace:58947,Steinkjer stasjon,2026-09-07T06:20:00+02:00,2026-09-07T06:21:28+02:00,2026-09-07T06:21:28+02:00,88.0,1,Namsos skysstasjon,ATB:Line:2_680,Levanger - Steinkjer - Namsos,680,bus,ATB:ServiceJourney:680_260106098642324_2,True,actual,False,,,,,2026-09-07T08:42:24.659182+02:00
NSR:StopPlace:58832,Geilo stasjon,2026-09-07T07:05:00+02:00,2026-09-07T07:06:28+02:00,2026-09-07T07:06:28+02:00,88.0,1,Kongsberg,BRA:Line:4_6420,Kongsberg - Geilo,420,bus,BRA:ServiceJourney:6420_260427091724672_1004,True,actual,False,"26.mai stenges Grettefoss bru. Bussen får omkjøring. Les mer på brakar.no | Merk at linje 420 ikke har plassgaranti, og det er begrenset med bagasjeplass.",,general | incident,normal | normal,2026-09-07T08:42:24.659182+02:00
NSR:StopPlace:58859,Nordby stasjon,2026-09-07T06:03:00+02:00,2026-09-07T06:04:28+02:00,2026-09-07T06:04:28+02:00,88.0,1,Drammen,VYG:Line:R13,Drammen-Oslo S-Dal,R13,rail,VYG:ServiceJourney:1606_443223-R,True,actual,False,Færre vogner,Denne avgangen kjører dessverre med 5 vogner i stedet for 10 vogner. Dette skyldes at vi mangler et togsett.,general,normal,2026-09-07T08:42:24.659182+02:00
NSR:StopPlace:58865,Vestby stasjon,2026-09-07T06:50:00+02:00,2026-09-07T06:51:28+02:00,2026-09-07T06:51:28+02:00,88.0,1,Sonsveien st.,RUT:Line:540,Moss - Son - Vestby stasjon,540,bus,RUT:ServiceJourney:8252cf44fe9fad2f126d3c55431e66a3,True,actual,False,,,,,2026-09-07T08:42:24.659182+02:00
NSR:StopPlace:58860,Oppegård stasjon,2026-09-07T06:46:00+02:00,2026-09-07T06:47:28+02:00,2026-09-07T06:47:28+02:00,88.0,1,Stabekk,VYG:Line:L2,Stabekk-Oslo S-Ski,L2,rail,VYG:ServiceJourney:2712-SKI_443918-R,True,actual,False,,,,,2026-09-07T08:42:24.659182+02:00
NSR:StopPlace:58805,Brumunddal stasjon,2026-09-07T07:21:00+02:00,2026-09-07T07:22:28+02:00,2026-09-07T07:22:28+02:00,88.0,1,Jessnes - Hamar,INN:Line:637,Hamar - Jessnes - Brumunddal,637,bus,INN:ServiceJourney:83302,True,actual,False,,,,,2026-09-07T08:42:24.659182+02:00
NSR:StopPlace:58826,Reinsvoll stasjon,2026-09-07T08:20:00+02:00,2026-09-07T08:21:28+02:00,2026-09-07T08:21:28+02:00,88.0,1,Lena,INN:Line:47,Lena-Kapp-Gjøvik-Raufoss-Lena,B47,bus,INN:ServiceJourney:76581,True,actual,False,,,,,2026-09-07T08:42:24.659182+02:00
NSR:StopPlace:313,Høybråten stasjon,2026-09-07T05:23:00+02:00,2026-09-07T05:24:28+02:00,2026-09-07T05:24:28+02:00,88.0,1,Spikkestad,VYG:Line:L1,Spikkestad-Oslo S-Lillestrøm,L1,rail,VYG:ServiceJourney:2203_764731-R,True,actual,False,Færre vogner,Denne avgangen kjører dessverre med 4 vogner i stedet for 8 vogner. Dette skyldes at vi mangler et togsett.,general,normal,2026-09-07T08:42:24.659182+02:00
NSR:StopPlace:313,Høybråten stasjon,2026-09-07T05:53:00+02:00,2026-09-07T05:54:28+02:00,2026-09-07T05:54:28+02:00,88.0,1,Spikkestad,VYG:Line:L1,Spikkestad-Oslo S-Lillestrøm,L1,rail,VYG:ServiceJourney:2205_443593-R,True,actual,False,Færre vogner,Denne avgangen kjører dessverre med 4 vogner i stedet for 8 vogner. Dette skyldes at vi mangler et togsett.,general,normal,2026-09-07T08:42:24.659182+02:00
NSR:StopPlace:628,Darbu stasjon,2026-09-07T08:11:00+02:00,2026-09-07T08:12:28+02:00,2026-09-07T08:12:28+02:00,88.0,1,Kongsberg,VYG:Line:R12,Kongsberg-Oslo S-Eidsvoll,R12,rail,VYG:ServiceJourney:505_444298-R,True,actual,False,,,,,2026-09-07T08:42:24.659182+02:00
NSR:StopPlace:4,Otta stasjon,2026-09-07T03:11:00+02:00,2026-09-07T03:12:28+02:00,2026-09-07T03:12:28+02:00,88.0,1,Oslo S,SJN:Line:21,Dovrebanen,F6,rail,SJN:ServiceJourney:406-TND_30133-R,True,actual,False,,,,,2026-09-07T03:30:22.110925+02:00
NSR:StopPlace:58834,Hokksund stasjon,2026-09-07T22:02:00+02:00,2026-09-07T22:03:27+02:00,2026-09-07T22:03:27+02:00,87.0,1,Kongsberg,VYG:Line:R12,Kongsberg-Oslo S-Eidsvoll,R12,rail,VYG:ServiceJourney:533_444342-R,True,actual,False,,,,,2026-09-08T00:20:52.129880+02:00
NSR:StopPlace:58848,Haga stasjon,2026-09-07T21:43:00+02:00,2026-09-07T21:44:27+02:00,2026-09-07T21:44:27+02:00,87.0,1,Kongsvinger,VYG:Line:R14,Asker-Oslo S-Kongsvinger,R14,rail,VYG:ServiceJourney:1033_442944-R,True,actual,False,,,,,2026-09-08T00:20:52.129880+02:00
NSR:StopPlace:58857,Lørenskog stasjon,2026-09-07T22:37:00+02:00,2026-09-07T22:38:27+02:00,2026-09-07T22:38:27+02:00,87.0,1,Nesåsen,RUT:Line:120,Nesåsen - Stovner,120,bus,RUT:ServiceJourney:d8071b894b12f686904d3d96498d5198,True,actual,False,,,,,2026-09-08T00:20:52.129880+02:00
NSR:StopPlace:702,Sandnes sentrum stasjon,2026-09-08T00:14:00+02:00,2026-09-08T00:15:27+02:00,2026-09-08T00:15:27+02:00,87.0,1,Stavanger,GOA:Line:59,Jærbanen,L5,rail,GOA:ServiceJourney:3077_63141-R,True,actual,False,,,,,2026-09-08T00:20:52.129880+02:00
NSR:StopPlace:62380,Røra stasjon,2026-09-08T00:04:00+02:00,2026-09-08T00:05:27+02:00,2026-09-08T00:05:27+02:00,87.0,1,Steinkjer,SJN:Line:26,Trønderbanen,R70,rail,SJN:ServiceJourney:455_56084-R,True,actual,False,,,,,2026-09-08T00:20:52.129880+02:00
NSR:StopPlace:62393,Billingstad stasjon,2026-09-07T22:36:00+02:00,2026-09-07T22:37:27+02:00,2026-09-07T22:37:27+02:00,87.0,1,Spikkestad,VYG:Line:L1,Spikkestad-Oslo S-Lillestrøm,L1,rail,VYG:ServiceJourney:2269_443700-R,True,actual,False,,,,,2026-09-08T00:20:52.129880+02:00
NSR:StopPlace:6,Greverud stasjon,2026-09-07T18:18:00+02:00,2026-09-07T18:19:27+02:00,2026-09-07T18:19:27+02:00,87.0,1,Stabekk,VYG:Line:L2,Stabekk-Oslo S-Ski,L2,rail,VYG:ServiceJourney:2758-SKI_443970-R,True,actual,False,,,,,2026-09-07T20:27:16.249662+02:00
NSR:StopPlace:6,Greverud stasjon,2026-09-07T19:33:00+02:00,2026-09-07T19:34:27+02:00,2026-09-07T19:34:27+02:00,87.0,1,Oslo S,VYG:Line:L2,Stabekk-Oslo S-Ski,L2,rail,VYG:ServiceJourney:2862_444105-R,True,actual,False,,,,,2026-09-07T20:27:16.249662+02:00
NSR:StopPlace:61464,Hvalstad stasjon,2026-09-07T17:10:00+02:00,2026-09-07T17:11:27+02:00,2026-09-07T17:11:27+02:00,87.0,1,Lillestrøm,VYG:Line:L1,Spikkestad-Oslo S-Lillestrøm,L1,rail,VYG:ServiceJourney:2252_445350-R,True,actual,False,,,,,2026-09-07T20:27:16.249662+02:00
NSR:StopPlace:61334,Ogna stasjon,2026-09-07T19:34:00+02:00,2026-09-07T19:35:27+02:00,2026-09-07T19:35:27+02:00,87.0,1,Stavanger,GOA:Line:59,Jærbanen,L5,rail,GOA:ServiceJourney:3061_63116-R,True,actual,False,,,,,2026-09-07T20:27:16.249662+02:00
NSR:StopPlace:59641,Fjellhamar stasjon,2026-09-07T19:02:00+02:00,2026-09-07T19:03:27+02:00,2026-09-07T19:03:27+02:00,87.0,1,Asker,VYG:Line:L1,Spikkestad-Oslo S-Lillestrøm,L1,rail,VYG:ServiceJourney:2157_443566-R,True,actual,False,,,,,2026-09-07T20:27:16.249662+02:00
NSR:StopPlace:59652,Tøyen stasjon,2026-09-07T18:00:00+02:00,2026-09-07T18:01:27+02:00,2026-09-07T18:01:27+02:00,87.0,1,Vippetangen,RUT:Line:60,Vippetangen-Tonsenhagen,60,bus,RUT:ServiceJourney:5580a5352327f2c413a91e5a2804b47a,True,actual,False,,,,,2026-09-07T20:27:16.249662+02:00
NSR:StopPlace:59639,Sonsveien stasjon,2026-09-07T20:09:00+02:00,2026-09-07T20:10:27+02:00,2026-09-07T20:10:27+02:00,87.0,1,Moss,RUT:Line:540,Moss - Son - Vestby stasjon,540,bus,RUT:ServiceJourney:d2397d19757875fba761acb149b5907b,True,actual,False,,,,,2026-09-07T20:27:16.249662+02:00
NSR:StopPlace:58925,Gausel stasjon,2026-09-07T16:35:00+02:00,2026-09-07T16:36:27+02:00,2026-09-07T16:36:27+02:00,87.0,1,Egersund,GOA:Line:59,Jærbanen,L5,rail,GOA:ServiceJourney:3050_63097-R,True,actual,False,,,,,2026-09-07T20:27:16.249662+02:00
NSR:StopPlace:58843,Blommenholm stasjon,2026-09-07T18:50:00+02:00,2026-09-07T18:51:27+02:00,2026-09-07T18:51:27+02:00,87.0,1,Lillestrøm,VYG:Line:L1,Spikkestad-Oslo S-Lillestrøm,L1,rail,VYG:ServiceJourney:2258_443682-R,True,actual,False,,,,,2026-09-07T20:27:16.249662+02:00
NSR:StopPlace:58857,Lørenskog stasjon,2026-09-07T18:11:00+02:00,2026-09-07T18:12:27+02:00,2026-09-07T18:12:27+02:00,87.0,1,Lørenskog sentrum,RUT:Line:67,Økern-Lørenskog sentrum,67,bus,RUT:ServiceJourney:519a7af6a83a13466fedb5713ecb076d,True,actual,False,,,,,2026-09-07T20:27:16.249662+02:00
NSR:StopPlace:261,Ganddal stasjon,2026-09-07T20:09:00+02:00,2026-09-07T20:10:27+02:00,2026-09-07T20:10:27+02:00,87.0,1,Stavanger,GOA:Line:59,Jærbanen,L5,rail,GOA:ServiceJourney:3061_63116-R,True,actual,False,,,,,2026-09-07T20:27:16.249662+02:00
NSR:StopPlace:59244,Egersund stasjon,2026-09-07T14:52:00+02:00,2026-09-07T14:53:27+02:00,2026-09-07T14:53:27+02:00,87.0,1,Østebrød via Hovland,KOL:Line:8_2002,83,83,bus,KOL:ServiceJourney:2002_250903083245237_1008,True,actual,False,,,,,2026-09-07T15:44:36.205822+02:00
NSR:StopPlace:58790,Verdal stasjon,2026-09-07T15:10:00+02:00,2026-09-07T15:11:27+02:00,2026-09-07T15:11:27+02:00,87.0,1,Sykehuset Levanger,ATB:Line:2_635,Verdal - Levanger (- Frosta),635,bus,ATB:ServiceJourney:635_260106098640531_5,True,actual,False,,,,,2026-09-07T15:44:36.205822+02:00
NSR:StopPlace:58795,Kambo stasjon,2026-09-07T14:55:00+02:00,2026-09-07T14:56:27+02:00,2026-09-07T14:56:27+02:00,87.0,1,Moss,VYG:Line:R21,Stabekk-Oslo S-Moss,R21,rail,VYG:ServiceJourney:1137-HVK_443014-R,True,actual,False,,,,,2026-09-07T15:44:36.205822+02:00
NSR:StopPlace:58886,Arendal stasjon,2026-09-07T14:17:00+02:00,2026-09-07T14:18:27+02:00,2026-09-07T14:18:27+02:00,87.0,1,Eydehavn,AKT:Line:101,Eydehavn-Arendal-Grimstad N/S,101,bus,AKT:ServiceJourney:71868_250_87_96360_100860_40001426,True,actual,False,,,,,2026-09-07T15:44:36.205822+02:00
NSR:StopPlace:62380,Røra stasjon,2026-09-07T14:52:00+02:00,2026-09-07T14:53:27+02:00,2026-09-07T14:53:27+02:00,87.0,1,Ler,SJN:Line:26,Trønderbanen,R70,rail,SJN:ServiceJourney:440_56069-R,True,actual,False,,,,,2026-09-07T15:44:36.205822+02:00
NSR:StopPlace:59643,Grefsen stasjon,2026-09-07T06:34:00+02:00,2026-09-07T06:35:27+02:00,2026-09-07T06:35:27+02:00,87.0,1,Simensbråten,RUT:Line:23,Lysaker - Simensbråten,23,bus,RUT:ServiceJourney:2661d9492f44fdf975886d8f517878d8,True,actual,False,,,,,2026-09-07T08:42:24.659182+02:00
NSR:StopPlace:59650,Nyland stasjon,2026-09-07T06:36:00+02:00,2026-09-07T06:37:27+02:00,2026-09-07T06:37:27+02:00,87.0,1,Lillestrøm,VYG:Line:L1,Spikkestad-Oslo S-Lillestrøm,L1,rail,VYG:ServiceJourney:2106_443510-R,True,actual,False,,,,,2026-09-07T08:42:24.659182+02:00
NSR:StopPlace:59243,Mo i Rana stasjon,2026-09-07T07:27:00+02:00,2026-09-07T07:28:27+02:00,2026-09-07T07:28:27+02:00,87.0,1,Skillevollen,NOR:Line:12_8371,Grubbåsen - Båsmobakken/Skillevollen,1,bus,NOR:ServiceJourney:8371_251012124858483_1006,True,actual,False,,,,,2026-09-07T08:42:24.659182+02:00
NSR:StopPlace:59637,Rosenholm stasjon,2026-09-07T06:28:00+02:00,2026-09-07T06:29:27+02:00,2026-09-07T06:29:27+02:00,87.0,1,Stabekk,VYG:Line:L2,Stabekk-Oslo S-Ski,L2,rail,VYG:ServiceJourney:2710-SKI_443916-R,True,actual,False,Færre vogner,Denne avgangen kjører dessverre med 3 vogner i stedet for 6 vogner. Dette skyldes at vi mangler et togsett.,general,normal,2026-09-07T08:42:24.659182+02:00
NSR:StopPlace:58925,Gausel stasjon,2026-09-07T05:52:00+02:00,2026-09-07T05:53:27+02:00,2026-09-07T05:53:27+02:00,87.0,1,Stavanger,KOL:Line:8_1003,2,2,bus,KOL:ServiceJourney:1003_251008123091187_2001,True,actual,False,,,,,2026-09-07T08:42:24.659182+02:00
NSR:StopPlace:58868,Årnes stasjon,2026-09-07T06:50:00+02:00,2026-09-07T06:51:27+02:00,2026-09-07T06:51:27+02:00,87.0,1,Rånåsfoss,RUT:Line:453,Rånåsfoss - Årnes,453,bus,RUT:ServiceJourney:8764ea542dbb906e4b418ffd5a63a36f,True,actual,False,,,,,2026-09-07T08:42:24.659182+02:00
NSR:StopPlace:58886,Arendal stasjon,2026-09-07T07:10:00+02:00,2026-09-07T07:11:27+02:00,2026-09-07T07:11:27+02:00,87.0,1,Sykehuset via Arendal sentrum,AKT:Line:111,Sykehuset-Arendal-Solåsen,111,bus,AKT:ServiceJourney:73582_21_28_49800_51420_40001009,True,actual,False,,,,,2026-09-07T08:42:24.659182+02:00
NSR:StopPlace:58886,Arendal stasjon,2026-09-07T08:37:00+02:00,2026-09-07T08:38:27+02:00,2026-09-07T08:38:27+02:00,87.0,1,Grimstad via Arendal sentrum,AKT:Line:101,Eydehavn-Arendal-Grimstad N/S,101,bus,AKT:ServiceJourney:71736_141_89_60000_64560_40000971,True,actual,False,,,,,2026-09-07T08:42:24.659182+02:00
NSR:StopPlace:144,Skansen stasjon,2026-09-07T07:35:00+02:00,2026-09-07T07:36:27+02:00,2026-09-07T07:36:27+02:00,87.0,1,Trondheim S,SJN:Line:25,Rørosbanen,R60,rail,SJN:ServiceJourney:411_37676-R,True,actual,False,,,,,2026-09-07T08:42:24.659182+02:00
NSR:StopPlace:313,Høybråten stasjon,2026-09-07T06:23:00+02:00,2026-09-07T06:24:27+02:00,2026-09-07T06:24:27+02:00,87.0,1,Spikkestad,VYG:Line:L1,Spikkestad-Oslo S-Lillestrøm,L1,rail,VYG:ServiceJourney:2207_443595-R,True,actual,False,Færre vogner,Denne avgangen kjører dessverre med 4 vogner i stedet for 8 vogner. Dette skyldes at vi mangler et togsett.,general,normal,2026-09-07T08:42:24.659182+02:00
NSR:StopPlace:59641,Fjellhamar stasjon,2026-09-07T23:32:00+02:00,2026-09-07T23:33:26+02:00,2026-09-07T23:33:26+02:00,86.0,1,Asker,VYG:Line:L1,Spikkestad-Oslo S-Lillestrøm,L1,rail,VYG:ServiceJourney:2175_443586-R,True,actual,False,,,,,2026-09-08T00:20:52.129880+02:00
NSR:StopPlace:59658,Moi stasjon,2026-09-08T00:00:00+02:00,2026-09-08T00:01:26+02:00,2026-09-08T00:01:26+02:00,86.0,1,Oslo S,GOA:Line:50,Sørtoget region,F5,rail,GOA:ServiceJourney:726-KVB_63257-R,True,actual,False,,,,,2026-09-08T00:20:52.129880+02:00
NSR:StopPlace:59983,Bergen stasjon,2026-09-07T23:01:00+02:00,2026-09-07T23:02:26+02:00,2026-09-07T23:02:26+02:00,86.0,1,Oslo S,VYG:Line:F4,Oslo S-Bergen,F4,rail,VYG:ServiceJourney:606-BRG_481554-R,True,actual,False,,,,,2026-09-08T00:20:52.129880+02:00
NSR:StopPlace:58936,Skatval stasjon,2026-09-07T22:06:00+02:00,2026-09-07T22:07:26+02:00,2026-09-07T22:07:26+02:00,86.0,1,Steinkjer,SJN:Line:26,Trønderbanen,R70,rail,SJN:ServiceJourney:453_56082-R,True,actual,False,,,,,2026-09-08T00:20:52.129880+02:00
NSR:StopPlace:58830,Brakerøya stasjon,2026-09-07T21:08:00+02:00,2026-09-07T21:09:26+02:00,2026-09-07T21:09:26+02:00,86.0,1,Dal,VYG:Line:R13,Drammen-Oslo S-Dal,R13,rail,VYG:ServiceJourney:1667_443357-R,True,actual,False,,,,,2026-09-08T00:20:52.129880+02:00
NSR:StopPlace:58854,Langhus stasjon,2026-09-07T22:27:00+02:00,2026-09-07T22:28:26+02:00,2026-09-07T22:28:26+02:00,86.0,1,Oslo S,VYG:Line:L2,Stabekk-Oslo S-Ski,L2,rail,VYG:ServiceJourney:2874_444118-R,True,actual,False,,,,,2026-09-08T00:20:52.129880+02:00
NSR:StopPlace:61169,Marienborg stasjon,2026-09-07T17:56:00+02:00,2026-09-07T17:57:26+02:00,2026-09-07T17:57:26+02:00,86.0,1,Grillstad via St. Olavs h- Ladeham.,ATB:Line:2_20,Grillstad - Strindheim - Ladehammeren- Sentrum - Romolslia,20,bus,ATB:ServiceJourney:20_251215112548010_75,True,actual,False,,,,,2026-09-07T20:27:16.249662+02:00
NSR:StopPlace:41,Hanaborg stasjon,2026-09-07T18:01:00+02:00,2026-09-07T18:02:26+02:00,2026-09-07T18:02:26+02:00,86.0,1,Lillestrøm,VYG:Line:L1,Spikkestad-Oslo S-Lillestrøm,L1,rail,VYG:ServiceJourney:2252_445350-R,True,actual,False,,,,,2026-09-07T20:27:16.249662+02:00
NSR:StopPlace:59650,Nyland stasjon,2026-09-07T17:59:00+02:00,2026-09-07T18:00:26+02:00,2026-09-07T18:00:26+02:00,86.0,1,Lørenskog sentrum,RUT:Line:67,Økern-Lørenskog sentrum,67,bus,RUT:ServiceJourney:519a7af6a83a13466fedb5713ecb076d,True,actual,False,,,,,2026-09-07T20:27:16.249662+02:00
NSR:StopPlace:59653,Haugenstua stasjon,2026-09-07T19:40:00+02:00,2026-09-07T19:41:26+02:00,2026-09-07T19:41:26+02:00,86.0,1,Lillestrøm,VYG:Line:L1,Spikkestad-Oslo S-Lillestrøm,L1,rail,VYG:ServiceJourney:2158_443567-R,True,actual,False,,,,,2026-09-07T20:27:16.249662+02:00
NSR:StopPlace:59654,Stabekk stasjon,2026-09-07T17:42:00+02:00,2026-09-07T17:43:26+02:00,2026-09-07T17:43:26+02:00,86.0,1,Nationaltheatret,RUT:Line:150,Gullhaug - Nationaltheatret,150,bus,RUT:ServiceJourney:1ee835e60d417a151cb6a72b684b7b95,True,actual,False,,,,,2026-09-07T20:27:16.249662+02:00
NSR:StopPlace:59952,Drammen stasjon,2026-09-07T19:17:00+02:00,2026-09-07T19:18:26+02:00,2026-09-07T19:18:26+02:00,86.0,1,Eidsvoll,VYG:Line:R12,Kongsberg-Oslo S-Eidsvoll,R12,rail,VYG:ServiceJourney:530_444338-R,True,actual,False,,,,,2026-09-07T20:27:16.249662+02:00
NSR:StopPlace:59639,Sonsveien stasjon,2026-09-07T18:12:00+02:00,2026-09-07T18:13:26+02:00,2026-09-07T18:13:26+02:00,86.0,1,Vestby stasjon,RUT:Line:540,Moss - Son - Vestby stasjon,540,bus,RUT:ServiceJourney:72d091fb5deec4296164fabac97e8f13,True,actual,False,,,,,2026-09-07T20:27:16.249662+02:00
NSR:StopPlace:58932,Hommelvik stasjon,2026-09-07T19:36:00+02:00,2026-09-07T19:37:26+02:00,2026-09-07T19:37:26+02:00,86.0,1,Marienborg via Brattøra,ATB:Line:2_70,Stjørdal/Hommelvik- Trondheim,70,bus,ATB:ServiceJourney:70_251215112547004_90,True,actual,False,,,,,2026-09-07T20:27:16.249662+02:00
NSR:StopPlace:58948,Stjørdal stasjon,2026-09-07T17:00:00+02:00,2026-09-07T17:01:26+02:00,2026-09-07T17:01:26+02:00,86.0,1,Trondheim via Tangen,ATB:Line:2_311,Stjørdal - Trondheim,311,bus,ATB:ServiceJourney:311_260106098642775_72,True,actual,False,Endret tilbud ved Vikelvvegen,Sydgående avkjøringsrampe fra E6 ved Reppe er stengt frem til 21. september. Vikelvvegen og Ranheim fabrikker til sentrum blir ikke betjent av linje 311 i perioden. ,general,normal,2026-09-07T20:27:16.249662+02:00
NSR:StopPlace:58834,Hokksund stasjon,2026-09-07T19:06:00+02:00,2026-09-07T19:07:26+02:00,2026-09-07T19:07:26+02:00,86.0,1,Vikersund,BRA:Line:4_6101,Drammen-Vikersund/Hønefoss,101,bus,BRA:ServiceJourney:6101_260415100161252_1047,True,actual,False,,,,,2026-09-07T20:27:16.249662+02:00
NSR:StopPlace:58835,Lier stasjon,2026-09-07T16:41:00+02:00,2026-09-07T16:42:26+02:00,2026-09-07T16:42:26+02:00,86.0,1,Dal,VYG:Line:R13,Drammen-Oslo S-Dal,R13,rail,VYG:ServiceJourney:1649_443318-R,True,actual,False,,,,,2026-09-07T20:27:16.249662+02:00
NSR:StopPlace:58835,Lier stasjon,2026-09-07T19:41:00+02:00,2026-09-07T19:42:26+02:00,2026-09-07T19:42:26+02:00,86.0,1,Dal,VYG:Line:R13,Drammen-Oslo S-Dal,R13,rail,VYG:ServiceJourney:1661_443345-R,True,actual,False,,,,,2026-09-07T20:27:16.249662+02:00
NSR:StopPlace:58845,Eidsvoll verk stasjon,2026-09-07T19:35:00+02:00,2026-09-07T19:36:26+02:00,2026-09-07T19:36:26+02:00,86.0,1,Kongsberg,VYG:Line:R12,Kongsberg-Oslo S-Eidsvoll,R12,rail,VYG:ServiceJourney:531_444339-R,True,actual,False,,,,,2026-09-07T20:27:16.249662+02:00
NSR:StopPlace:58864,Sørumsand stasjon,2026-09-07T19:39:00+02:00,2026-09-07T19:40:26+02:00,2026-09-07T19:40:26+02:00,86.0,1,Orredalen,RUT:Line:366,Orredalen - Sørumsand,366,bus,RUT:ServiceJourney:bd7349e53e9df0062ea4d85030b7ad25,True,actual,False,,,,,2026-09-07T20:27:16.249662+02:00
NSR:StopPlace:58869,Ås stasjon,2026-09-07T19:15:00+02:00,2026-09-07T19:16:26+02:00,2026-09-07T19:16:26+02:00,86.0,1,Stabekk,VYG:Line:R21,Stabekk-Oslo S-Moss,R21,rail,VYG:ServiceJourney:1160-MOS_443049-R,True,actual,False,,,,,2026-09-07T20:27:16.249662+02:00
NSR:StopPlace:58871,Sande stasjon,2026-09-07T18:40:00+02:00,2026-09-07T18:41:26+02:00,2026-09-07T18:41:26+02:00,86.0,1,Skafjell-Selvik skole,VKT:Line:10,Drammen-Skoger-Sande,10,bus,VKT:ServiceJourney:104164,True,actual,False,,,,,2026-09-07T20:27:16.249662+02:00
NSR:StopPlace:61458,Mjølfjell stasjon,2026-09-07T15:18:00+02:00,2026-09-07T15:19:26+02:00,2026-09-07T15:19:26+02:00,86.0,1,Myrdal,VYG:Line:R40,Bergen-Voss-Myrdal-Ål,R40,rail,VYG:ServiceJourney:1818_443404-R,True,actual,False,,,,,2026-09-07T15:44:36.205822+02:00
NSR:StopPlace:61456,Majavatn stasjon,2026-09-07T12:14:00+02:00,2026-09-07T12:15:26+02:00,2026-09-07T12:15:26+02:00,86.0,1,Bodø,SJN:Line:71,Nordlandsbanen,F7,rail,SJN:ServiceJourney:471_46158-R,True,actual,False,,,,,2026-09-07T15:44:36.205822+02:00
NSR:StopPlace:61463,Nordstrand stasjon,2026-09-07T15:22:00+02:00,2026-09-07T15:23:26+02:00,2026-09-07T15:23:26+02:00,86.0,1,Lysaker,VYG:Line:L2,Stabekk-Oslo S-Ski,L2,rail,VYG:ServiceJourney:2844-SKI_444076-R,True,actual,False,,,,,2026-09-07T15:44:36.205822+02:00
NSR:StopPlace:59952,Drammen stasjon,2026-09-07T14:00:00+02:00,2026-09-07T14:01:26+02:00,2026-09-07T14:01:26+02:00,86.0,1,Stavanger,GOA:Line:50,Sørtoget region,F5,rail,GOA:ServiceJourney:713-LOD_68191-R,True,actual,False,,,,,2026-09-07T15:44:36.205822+02:00
NSR:StopPlace:59639,Sonsveien stasjon,2026-09-07T14:42:00+02:00,2026-09-07T14:43:26+02:00,2026-09-07T14:43:26+02:00,86.0,1,Vestby stasjon,RUT:Line:540,Moss - Son - Vestby stasjon,540,bus,RUT:ServiceJourney:42bce334e9e0cac397bb02a06dd61329,True,actual,False,,,,,2026-09-07T15:44:36.205822+02:00
NSR:StopPlace:58946,Snåsa stasjon,2026-09-07T14:48:00+02:00,2026-09-07T14:49:26+02:00,2026-09-07T14:49:26+02:00,86.0,1,Ålmo via Kolven,ATB:Line:2_7327,Agle - Snåsa,7327,bus,ATB:ServiceJourney:7327_260106098642364_9,True,actual,False,,,,,2026-09-07T15:44:36.205822+02:00
NSR:StopPlace:58947,Steinkjer stasjon,2026-09-07T14:10:00+02:00,2026-09-07T14:11:26+02:00,2026-09-07T14:11:26+02:00,86.0,1,Hegge,ATB:Line:2_7315,Øvre Kvam - Steinkjer,7315,bus,ATB:ServiceJourney:7315_260106098642151_11,True,actual,False,,,,,2026-09-07T15:44:36.205822+02:00
NSR:StopPlace:6,Greverud stasjon,2026-09-07T07:03:00+02:00,2026-09-07T07:04:26+02:00,2026-09-07T07:04:26+02:00,86.0,1,Lysaker,VYG:Line:L2,Stabekk-Oslo S-Ski,L2,rail,VYG:ServiceJourney:2812-SKI_444024-R,True,actual,False,Færre vogner,Denne avgangen kjører dessverre med 3 vogner i stedet for 6 vogner. Dette skyldes at vi mangler et togsett.,general,normal,2026-09-07T08:42:24.659182+02:00
NSR:StopPlace:61169,Marienborg stasjon,2026-09-07T07:38:00+02:00,2026-09-07T07:39:26+02:00,2026-09-07T07:39:26+02:00,86.0,1,Sandmoen via Flatåsen,ATB:Line:2_23,Brattøra - St. Olavs - Hallset - Flatåsen - Sandmoen,23,bus,ATB:ServiceJourney:23_251215112545505_16,True,actual,False,,,,,2026-09-07T08:42:24.659182+02:00
NSR:StopPlace:59650,Nyland stasjon,2026-09-07T06:59:00+02:00,2026-09-07T07:00:26+02:00,2026-09-07T07:00:26+02:00,86.0,1,Spikkestad,VYG:Line:L1,Spikkestad-Oslo S-Lillestrøm,L1,rail,VYG:ServiceJourney:2209_443598-R,True,actual,False,,,,,2026-09-07T08:42:24.659182+02:00
NSR:StopPlace:59654,Stabekk stasjon,2026-09-07T07:09:00+02:00,2026-09-07T07:10:26+02:00,2026-09-07T07:10:26+02:00,86.0,1,Gullhaug,RUT:Line:150,Gullhaug - Nationaltheatret,150,bus,RUT:ServiceJourney:d2d067df4c02345becf761b3b5d102cf,True,actual,False,Holdeplass Stabekk stasjon i retning mot Bekkestua er flyttet ca. 50 meter bakover.,Dette skyldes anleggsarbeid i området.,incident,normal,2026-09-07T08:42:24.659182+02:00
NSR:StopPlace:59977,Trondheim S,2026-09-07T06:40:00+02:00,2026-09-07T06:41:26+02:00,2026-09-07T06:41:26+02:00,86.0,1,Nidarvoll,ATB:Line:2_79,Sluppen/Strindheim - Være - Vikhammeråsen,79,bus,ATB:ServiceJourney:79_251215112551221_3,True,actual,False,,,,,2026-09-07T08:42:24.659182+02:00
NSR:StopPlace:58930,Larvik stasjon,2026-09-07T05:50:00+02:00,2026-09-07T05:51:26+02:00,2026-09-07T05:51:26+02:00,86.0,1,Larvik-Sandefjord,VKT:Line:4,Torp-Sandefjord-Larvik-Stavern,4,bus,VKT:ServiceJourney:17683,True,actual,False,,,,,2026-09-07T08:42:24.659182+02:00
NSR:StopPlace:58948,Stjørdal stasjon,2026-09-07T06:18:00+02:00,2026-09-07T06:19:26+02:00,2026-09-07T06:19:26+02:00,86.0,1,Tangen,ATB:Line:2_91,91 StjørdalSt-Remyrv.,91,bus,ATB:ServiceJourney:91_260220075614977_4,True,actual,False,,,,,2026-09-07T08:42:24.659182+02:00
NSR:StopPlace:58948,Stjørdal stasjon,2026-09-07T07:58:00+02:00,2026-09-07T07:59:26+02:00,2026-09-07T07:59:26+02:00,86.0,1,A Marienborg via Innherredsveien,ATB:Line:2_70,Stjørdal/Hommelvik- Trondheim,70,bus,ATB:ServiceJourney:70_251215112546912_28,True,actual,False,,,,,2026-09-07T08:42:24.659182+02:00
NSR:StopPlace:58843,Blommenholm stasjon,2026-09-07T06:50:00+02:00,2026-09-07T06:51:26+02:00,2026-09-07T06:51:26+02:00,86.0,1,Lillestrøm,VYG:Line:L1,Spikkestad-Oslo S-Lillestrøm,L1,rail,VYG:ServiceJourney:2210_443601-R,True,actual,False,Færre vogner,Denne avgangen kjører dessverre med 4 vogner i stedet for 8 vogner. Dette skyldes at vi mangler et togsett.,general,normal,2026-09-07T08:42:24.659182+02:00
NSR:StopPlace:58855,Leirsund stasjon,2026-09-07T06:25:00+02:00,2026-09-07T06:26:26+02:00,2026-09-07T06:26:26+02:00,86.0,1,Drammen,VYG:Line:R13,Drammen-Oslo S-Dal,R13,rail,VYG:ServiceJourney:1606_443223-R,True,actual,False,Færre vogner,Denne avgangen kjører dessverre med 5 vogner i stedet for 10 vogner. Dette skyldes at vi mangler et togsett.,general,normal,2026-09-07T08:42:24.659182+02:00
NSR:StopPlace:58855,Leirsund stasjon,2026-09-07T07:55:00+02:00,2026-09-07T07:56:26+02:00,2026-09-07T07:56:26+02:00,86.0,1,Drammen,VYG:Line:R13,Drammen-Oslo S-Dal,R13,rail,VYG:ServiceJourney:1612_443236-R,True,actual,False,,,,,2026-09-07T08:42:24.659182+02:00
NSR:StopPlace:58856,Lysaker stasjon,2026-09-07T06:03:00+02:00,2026-09-07T06:04:26+02:00,2026-09-07T06:04:26+02:00,86.0,1,Ski,VYG:Line:L2,Stabekk-Oslo S-Ski,L2,rail,VYG:ServiceJourney:2705-HVK_443911-R,True,actual,False,,,,,2026-09-07T08:42:24.659182+02:00
NSR:StopPlace:58861,Solbråtan stasjon,2026-09-07T08:23:00+02:00,2026-09-07T08:24:26+02:00,2026-09-07T08:24:26+02:00,86.0,1,Stabekk,VYG:Line:L2,Stabekk-Oslo S-Ski,L2,rail,VYG:ServiceJourney:2718-SKI_443924-R,True,actual,False,,,,,2026-09-07T08:42:24.659182+02:00
NSR:StopPlace:58874,Stokke stasjon,2026-09-07T06:54:00+02:00,2026-09-07T06:55:26+02:00,2026-09-07T06:55:26+02:00,86.0,1,Eidsvoll,VYG:Line:RE11,Eidsvoll-Oslo S-Skien,RE11,rail,VYG:ServiceJourney:806_444386-R,True,actual,False,,,,,2026-09-07T08:42:24.659182+02:00
NSR:StopPlace:58805,Brumunddal stasjon,2026-09-07T06:05:00+02:00,2026-09-07T06:06:26+02:00,2026-09-07T06:06:26+02:00,86.0,1,Drammen,VYG:Line:RE10,Drammen-Oslo S-Lillehammer,RE10,rail,VYG:ServiceJourney:304-HHS_487829-R,True,actual,False,,,,,2026-09-07T08:42:24.659182+02:00
NSR:StopPlace:58211,Oslo lufthavn,2026-09-07T05:51:00+02:00,2026-09-07T05:52:26+02:00,2026-09-07T05:52:26+02:00,86.0,1,Oslo bussterminal,RUT:Line:400,Oslo lufthavn - Veståsen - Olavsgaard - Oslo,400,bus,RUT:ServiceJourney:a18c351f703168350d3c684ef6a290fc,True,actual,False,,,,,2026-09-07T08:42:24.659182+02:00
NSR:StopPlace:62308,Alna stasjon,2026-09-07T07:32:00+02:00,2026-09-07T07:33:26+02:00,2026-09-07T07:33:26+02:00,86.0,1,Spikkestad,VYG:Line:L1,Spikkestad-Oslo S-Lillestrøm,L1,rail,VYG:ServiceJourney:2211_443602-R,True,actual,False,,,,,2026-09-07T08:42:24.659182+02:00
NSR:StopPlace:62338,Fossum stasjon,2026-09-07T07:44:00+02:00,2026-09-07T07:45:26+02:00,2026-09-07T07:45:26+02:00,86.0,1,Blaker ring,RUT:Line:370,Sørumsand - Blaker - Sørumsand,370A,bus,RUT:ServiceJourney:ac1d82cce5f5b899e8db7a8869dd6621,True,actual,False,,,,,2026-09-07T08:42:24.659182+02:00
NSR:StopPlace:62380,Røra stasjon,2026-09-07T07:06:00+02:00,2026-09-07T07:07:26+02:00,2026-09-07T07:07:26+02:00,86.0,1,Steinkjer,SJN:Line:26,Trønderbanen,R70,rail,SJN:ServiceJourney:421_56050-R,True,actual,False,,,,,2026-09-07T08:42:24.659182+02:00
NSR:StopPlace:59650,Nyland stasjon,2026-09-07T23:06:00+02:00,2026-09-07T23:07:25+02:00,2026-09-07T23:07:25+02:00,85.0,1,Lillestrøm,VYG:Line:L1,Spikkestad-Oslo S-Lillestrøm,L1,rail,VYG:ServiceJourney:2172_443583-R,True,actual,False,,,,,2026-09-08T00:20:52.129880+02:00
NSR:StopPlace:59652,Tøyen stasjon,2026-09-07T23:27:00+02:00,2026-09-07T23:28:25+02:00,2026-09-07T23:28:25+02:00,85.0,1,Tonsenhagen,RUT:Line:60,Vippetangen-Tonsenhagen,60,bus,RUT:ServiceJourney:e1be3f0fe774300a560800dad956465c,True,actual,False,,,,,2026-09-08T00:20:52.129880+02:00
NSR:StopPlace:58850,Hauerseter stasjon,2026-09-07T23:30:00+02:00,2026-09-07T23:31:25+02:00,2026-09-07T23:31:25+02:00,85.0,1,Dal,VYG:Line:R13,Drammen-Oslo S-Dal,R13,rail,VYG:ServiceJourney:1671_443365-R,True,actual,False,,,,,2026-09-08T00:20:52.129880+02:00
NSR:StopPlace:58873,Skoppum stasjon,2026-09-08T00:18:00+02:00,2026-09-08T00:19:25+02:00,2026-09-08T00:19:25+02:00,85.0,1,Drammen,VYG:Line:RE11,Eidsvoll-Oslo S-Skien,RE11,rail,VYG:ServiceJourney:840-SKN_444420-R,True,actual,False,,,,,2026-09-08T00:20:52.129880+02:00
NSR:StopPlace:62310,Brusand stasjon,2026-09-07T21:40:00+02:00,2026-09-07T21:41:25+02:00,2026-09-07T21:41:25+02:00,85.0,1,Stavanger,GOA:Line:59,Jærbanen,L5,rail,GOA:ServiceJourney:3069_63130-R,True,actual,False,,,,,2026-09-08T00:20:52.129880+02:00
NSR:StopPlace:59641,Fjellhamar stasjon,2026-09-07T20:02:00+02:00,2026-09-07T20:03:25+02:00,2026-09-07T20:03:25+02:00,85.0,1,Asker,VYG:Line:L1,Spikkestad-Oslo S-Lillestrøm,L1,rail,VYG:ServiceJourney:2161_443571-R,True,actual,False,,,,,2026-09-07T20:27:16.249662+02:00
NSR:StopPlace:59652,Tøyen stasjon,2026-09-07T18:15:00+02:00,2026-09-07T18:16:25+02:00,2026-09-07T18:16:25+02:00,85.0,1,Vippetangen,RUT:Line:60,Vippetangen-Tonsenhagen,60,bus,RUT:ServiceJourney:d7d335af9e3f7f8e459fd2f43cd6f971,True,actual,False,,,,,2026-09-07T20:27:16.249662+02:00
NSR:StopPlace:59983,Bergen stasjon,2026-09-07T16:48:00+02:00,2026-09-07T16:49:25+02:00,2026-09-07T16:49:25+02:00,85.0,1,Oslo S,VYG:Line:F4,Oslo S-Bergen,F4,rail,VYG:ServiceJourney:66-BRG_513626-R,True,actual,False,,,,,2026-09-07T20:27:16.249662+02:00
NSR:StopPlace:60016,Kråkstad stasjon,2026-09-07T19:18:00+02:00,2026-09-07T19:19:25+02:00,2026-09-07T19:19:25+02:00,85.0,1,Rakkestad,VYG:Line:R22,Skøyen-Oslo S-Mysen-Rakkestad,R22,rail,VYG:ServiceJourney:1929_443482-R,True,actual,False,,,,,2026-09-07T20:27:16.249662+02:00
NSR:StopPlace:59261,Trondheim lufthavn,2026-09-07T16:45:00+02:00,2026-09-07T16:46:25+02:00,2026-09-07T16:46:25+02:00,85.0,1,Meråker,ATB:Line:2_670,Stjørdal - Meråker,670,bus,ATB:ServiceJourney:670_260106098640643_10,True,actual,False,,,,,2026-09-07T20:27:16.249662+02:00
NSR:StopPlace:58859,Nordby stasjon,2026-09-07T19:23:00+02:00,2026-09-07T19:24:25+02:00,2026-09-07T19:24:25+02:00,85.0,1,Dal,VYG:Line:R13,Drammen-Oslo S-Dal,R13,rail,VYG:ServiceJourney:1655_443331-R,True,actual,False,,,,,2026-09-07T20:27:16.249662+02:00
NSR:StopPlace:58862,Strømmen stasjon,2026-09-07T18:05:00+02:00,2026-09-07T18:06:25+02:00,2026-09-07T18:06:25+02:00,85.0,1,Lillestrøm,VYG:Line:L1,Spikkestad-Oslo S-Lillestrøm,L1,rail,VYG:ServiceJourney:2252_445350-R,True,actual,False,,,,,2026-09-07T20:27:16.249662+02:00
NSR:StopPlace:313,Høybråten stasjon,2026-09-07T19:42:00+02:00,2026-09-07T19:43:25+02:00,2026-09-07T19:43:25+02:00,85.0,1,Lillestrøm,VYG:Line:L1,Spikkestad-Oslo S-Lillestrøm,L1,rail,VYG:ServiceJourney:2158_443567-R,True,actual,False,,,,,2026-09-07T20:27:16.249662+02:00
NSR:StopPlace:362,Jåttåvågen stasjon,2026-09-07T18:22:00+02:00,2026-09-07T18:23:25+02:00,2026-09-07T18:23:25+02:00,85.0,1,Stavanger,GOA:Line:59,Jærbanen,L5,rail,GOA:ServiceJourney:3053_63102-R,True,actual,False,,,,,2026-09-07T20:27:16.249662+02:00
NSR:StopPlace:584,Bulken stasjon,2026-09-07T17:06:00+02:00,2026-09-07T17:07:25+02:00,2026-09-07T17:07:25+02:00,85.0,1,Bergen,VYG:Line:R40,Bergen-Voss-Myrdal-Ål,R40,rail,VYG:ServiceJourney:1829_445142-R,True,actual,False,Forsinket,Toget kjørte 3 minutter forsinket fra Myrdal. Dette skyldes at andre tog på strekningen er forsinket.,incident,normal,2026-09-07T20:27:16.249662+02:00
NSR:StopPlace:6,Greverud stasjon,2026-09-07T14:33:00+02:00,2026-09-07T14:34:25+02:00,2026-09-07T14:34:25+02:00,85.0,1,Lysaker,VYG:Line:L2,Stabekk-Oslo S-Ski,L2,rail,VYG:ServiceJourney:2842-SKI_444074-R,True,actual,False,Færre vogner,Denne avgangen kjører dessverre med 3 vogner i stedet for 6 vogner. Dette skyldes at vi mangler et togsett.,general,normal,2026-09-07T15:44:36.205822+02:00
NSR:StopPlace:61463,Nordstrand stasjon,2026-09-07T14:52:00+02:00,2026-09-07T14:53:25+02:00,2026-09-07T14:53:25+02:00,85.0,1,Ski,VYG:Line:L2,Stabekk-Oslo S-Ski,L2,rail,VYG:ServiceJourney:2739-HVK_443948-R,True,actual,False,,,,,2026-09-07T15:44:36.205822+02:00
NSR:StopPlace:58932,Hommelvik stasjon,2026-09-07T14:29:00+02:00,2026-09-07T14:30:25+02:00,2026-09-07T14:30:25+02:00,85.0,1,Marienborg via Brattøra,ATB:Line:2_70,Stjørdal/Hommelvik- Trondheim,70,bus,ATB:ServiceJourney:70_251215112546996_54,True,actual,False,,,,,2026-09-07T15:44:36.205822+02:00
NSR:StopPlace:58795,Kambo stasjon,2026-09-07T14:56:00+02:00,2026-09-07T14:57:25+02:00,2026-09-07T14:57:25+02:00,85.0,1,Moss,RUT:Line:540,Moss - Son - Vestby stasjon,540,bus,RUT:ServiceJourney:3adf09201a82c11540c7ff2ab4cbce02,True,actual,False,,,,,2026-09-07T15:44:36.205822+02:00
NSR:StopPlace:58843,Blommenholm stasjon,2026-09-07T15:28:00+02:00,2026-09-07T15:29:25+02:00,2026-09-07T15:29:25+02:00,85.0,1,Spikkestad,VYG:Line:L1,Spikkestad-Oslo S-Lillestrøm,L1,rail,VYG:ServiceJourney:2241_443652-R,True,actual,False,,,,,2026-09-07T15:44:36.205822+02:00
NSR:StopPlace:58821,Hjerkinn stasjon,2026-09-07T15:17:00+02:00,2026-09-07T15:18:25+02:00,2026-09-07T15:18:25+02:00,85.0,1,Oslo S,SJN:Line:21,Dovrebanen,F6,rail,SJN:ServiceJourney:46-TND_48003-R,True,actual,False,,,,,2026-09-07T15:44:36.205822+02:00
NSR:StopPlace:59872,Oslo S,2026-09-07T05:48:00+02:00,2026-09-07T05:49:25+02:00,2026-09-07T05:49:25+02:00,85.0,1,Rakkestad,VYG:Line:R22,Skøyen-Oslo S-Mysen-Rakkestad,R22,rail,VYG:ServiceJourney:1903_443437-R,True,actual,False,,,,,2026-09-07T08:42:24.659182+02:00
NSR:StopPlace:59648,Kjelsås stasjon,2026-09-07T06:40:00+02:00,2026-09-07T06:41:25+02:00,2026-09-07T06:41:25+02:00,85.0,1,Majorstuen,RUT:Line:25,Majorstuen-Haugerud,25,bus,RUT:ServiceJourney:5a4bd17266f5408b8f991e8860cc619b,True,actual,False,,,,,2026-09-07T08:42:24.659182+02:00
NSR:StopPlace:60016,Kråkstad stasjon,2026-09-07T07:14:00+02:00,2026-09-07T07:15:25+02:00,2026-09-07T07:15:25+02:00,85.0,1,Rakkestad,VYG:Line:R22,Skøyen-Oslo S-Mysen-Rakkestad,R22,rail,VYG:ServiceJourney:1905_443439-R,True,actual,False,,,,,2026-09-07T08:42:24.659182+02:00
NSR:StopPlace:59620,Grorud stasjon,2026-09-07T06:57:00+02:00,2026-09-07T06:58:25+02:00,2026-09-07T06:58:25+02:00,85.0,1,Spikkestad,VYG:Line:L1,Spikkestad-Oslo S-Lillestrøm,L1,rail,VYG:ServiceJourney:2209_443598-R,True,actual,False,,,,,2026-09-07T08:42:24.659182+02:00
NSR:StopPlace:58836,Mjøndalen stasjon,2026-09-07T07:07:00+02:00,2026-09-07T07:08:25+02:00,2026-09-07T07:08:25+02:00,85.0,1,Hovjordet,BRA:Line:4_6054,Mjøndalen - Hovjordet,54,bus,BRA:ServiceJourney:6054_260415100162413_1005,True,actual,False,,,,,2026-09-07T08:42:24.659182+02:00
NSR:StopPlace:58876,Tønsberg stasjon,2026-09-07T06:57:00+02:00,2026-09-07T06:58:25+02:00,2026-09-07T06:58:25+02:00,85.0,1,Tønsberg-Åsgårdstrand,VKT:Line:1,Horten-Tønsberg-Sandefjord,1,bus,VKT:ServiceJourney:15621,True,actual,False,,,,,2026-09-07T08:42:24.659182+02:00
NSR:StopPlace:58829,Stryken stasjon,2026-09-07T07:00:00+02:00,2026-09-07T07:01:25+02:00,2026-09-07T07:01:25+02:00,85.0,1,Hadeland vgs,INN:Line:112,Brandbu-Gran-Harestua,112,bus,INN:ServiceJourney:70819,True,actual,False,,,,,2026-09-07T08:42:24.659182+02:00
NSR:StopPlace:393,Leangen stasjon,2026-09-07T08:35:00+02:00,2026-09-07T08:36:25+02:00,2026-09-07T08:36:25+02:00,85.0,1,Ler,SJN:Line:26,Trønderbanen,R70,rail,SJN:ServiceJourney:424_56053-R,True,actual,False,,,,,2026-09-07T08:42:24.659182+02:00
NSR:StopPlace:62308,Alna stasjon,2026-09-07T07:02:00+02:00,2026-09-07T07:03:25+02:00,2026-09-07T07:03:25+02:00,85.0,1,Spikkestad,VYG:Line:L1,Spikkestad-Oslo S-Lillestrøm,L1,rail,VYG:ServiceJourney:2209_443598-R,True,actual,False,,,,,2026-09-07T08:42:24.659182+02:00
NSR:StopPlace:62377,Ronglan stasjon,2026-09-07T06:25:00+02:00,2026-09-07T06:26:25+02:00,2026-09-07T06:26:25+02:00,85.0,1,Melhus skysstasjon,SJN:Line:26,Trønderbanen,R70,rail,SJN:ServiceJourney:422-STK_56051-R,True,actual,False,,,,,2026-09-07T08:42:24.659182+02:00
NSR:StopPlace:58404,Nationaltheatret,2026-09-07T02:55:00+02:00,2026-09-07T02:56:25+02:00,2026-09-07T02:56:25+02:00,85.0,1,Fornebu,RUT:Line:31,Snarøya - Fornebu - Tonsenhagen - Grorud,31,bus,RUT:ServiceJourney:8e7f740aa6d87e5c1f8ef5cffffa3ce9,True,actual,False,,,,,2026-09-07T03:30:22.110925+02:00
NSR:StopPlace:60640,Heimdal stasjon,2026-09-07T22:17:00+02:00,2026-09-07T22:18:24+02:00,2026-09-07T22:18:24+02:00,84.0,1,Torgård,ATB:Line:2_46,Torgård- Lundåsen,46,bus,ATB:ServiceJourney:46_251215112548538_99,True,actual,False,,,,,2026-09-08T00:20:52.129880+02:00
NSR:StopPlace:58842,Blaker stasjon,2026-09-07T21:35:00+02:00,2026-09-07T21:36:24+02:00,2026-09-07T21:36:24+02:00,84.0,1,Kongsvinger,VYG:Line:R14,Asker-Oslo S-Kongsvinger,R14,rail,VYG:ServiceJourney:1033_442944-R,True,actual,False,,,,,2026-09-08T00:20:52.129880+02:00
NSR:StopPlace:58845,Eidsvoll verk stasjon,2026-09-07T22:35:00+02:00,2026-09-07T22:36:24+02:00,2026-09-07T22:36:24+02:00,84.0,1,Kongsberg,VYG:Line:R12,Kongsberg-Oslo S-Eidsvoll,R12,rail,VYG:ServiceJourney:537_444347-R,True,actual,False,,,,,2026-09-08T00:20:52.129880+02:00
NSR:StopPlace:58857,Lørenskog stasjon,2026-09-07T22:43:00+02:00,2026-09-07T22:44:24+02:00,2026-09-07T22:44:24+02:00,84.0,1,Stovner,RUT:Line:120,Nesåsen - Stovner,120,bus,RUT:ServiceJourney:f30be491afea2a89be889a11463c41e6,True,actual,False,,,,,2026-09-08T00:20:52.129880+02:00
NSR:StopPlace:518,Bolstadøyri stasjon,2026-09-07T22:28:00+02:00,2026-09-07T22:29:24+02:00,2026-09-07T22:29:24+02:00,84.0,1,Voss,VYG:Line:R40,Bergen-Voss-Myrdal-Ål,R40,rail,VYG:ServiceJourney:1834_443421-R,True,actual,False,,,,,2026-09-08T00:20:52.129880+02:00
NSR:StopPlace:610,Sandvika stasjon,2026-09-07T22:31:00+02:00,2026-09-07T22:32:24+02:00,2026-09-07T22:32:24+02:00,84.0,1,Spikkestad,VYG:Line:L1,Spikkestad-Oslo S-Lillestrøm,L1,rail,VYG:ServiceJourney:2269_443700-R,True,actual,False,,,,,2026-09-08T00:20:52.129880+02:00
NSR:StopPlace:61464,Hvalstad stasjon,2026-09-07T20:24:00+02:00,2026-09-07T20:25:24+02:00,2026-09-07T20:25:24+02:00,84.0,1,Lillestrøm,VYG:Line:L1,Spikkestad-Oslo S-Lillestrøm,L1,rail,VYG:ServiceJourney:2164_443574-R,True,actual,False,,,,,2026-09-07T20:27:16.249662+02:00
NSR:StopPlace:33,Ranheim stasjon,2026-09-07T19:29:00+02:00,2026-09-07T19:30:24+02:00,2026-09-07T19:30:24+02:00,84.0,1,Ler,SJN:Line:26,Trønderbanen,R70,rail,SJN:ServiceJourney:446_56075-R,True,actual,False,,,,,2026-09-07T20:27:16.249662+02:00
NSR:StopPlace:59616,Asker stasjon,2026-09-07T17:10:00+02:00,2026-09-07T17:11:24+02:00,2026-09-07T17:11:24+02:00,84.0,1,Fornebu,RUT:Line:270,Asker - Sandvika (- Fornebu),270,bus,RUT:ServiceJourney:0c5aacc9d63f908bdcca53b98d816898,True,actual,False,,,,,2026-09-07T20:27:16.249662+02:00
NSR:StopPlace:58835,Lier stasjon,2026-09-07T18:41:00+02:00,2026-09-07T18:42:24+02:00,2026-09-07T18:42:24+02:00,84.0,1,Dal,VYG:Line:R13,Drammen-Oslo S-Dal,R13,rail,VYG:ServiceJourney:1657_443336-R,True,actual,False,,,,,2026-09-07T20:27:16.249662+02:00
NSR:StopPlace:58852,Høn stasjon,2026-09-07T18:29:00+02:00,2026-09-07T18:30:24+02:00,2026-09-07T18:30:24+02:00,84.0,1,Asker,VYG:Line:L1,Spikkestad-Oslo S-Lillestrøm,L1,rail,VYG:ServiceJourney:2151_443560-R,True,actual,False,,,,,2026-09-07T20:27:16.249662+02:00
NSR:StopPlace:58857,Lørenskog stasjon,2026-09-07T17:43:00+02:00,2026-09-07T17:44:24+02:00,2026-09-07T17:44:24+02:00,84.0,1,Stovner,RUT:Line:120,Nesåsen - Stovner,120,bus,RUT:ServiceJourney:d57ea9a34e4f550faa04465ab15e9d59,True,actual,False,,,,,2026-09-07T20:27:16.249662+02:00
NSR:StopPlace:58860,Oppegård stasjon,2026-09-07T19:01:00+02:00,2026-09-07T19:02:24+02:00,2026-09-07T19:02:24+02:00,84.0,1,Skøyen,VYG:Line:L2,Stabekk-Oslo S-Ski,L2,rail,VYG:ServiceJourney:2860-SKI_488393-R,True,actual,False,,,,,2026-09-07T20:27:16.249662+02:00
NSR:StopPlace:58862,Strømmen stasjon,2026-09-07T19:00:00+02:00,2026-09-07T19:01:24+02:00,2026-09-07T19:01:24+02:00,84.0,1,Asker,VYG:Line:L1,Spikkestad-Oslo S-Lillestrøm,L1,rail,VYG:ServiceJourney:2157_443566-R,True,actual,False,,,,,2026-09-07T20:27:16.249662+02:00
NSR:StopPlace:58862,Strømmen stasjon,2026-09-07T19:50:00+02:00,2026-09-07T19:51:24+02:00,2026-09-07T19:51:24+02:00,84.0,1,Lillestrøm,VYG:Line:L1,Spikkestad-Oslo S-Lillestrøm,L1,rail,VYG:ServiceJourney:2158_443567-R,True,actual,False,,,,,2026-09-07T20:27:16.249662+02:00
NSR:StopPlace:63079,Skeiane stasjon,2026-09-07T20:12:00+02:00,2026-09-07T20:13:24+02:00,2026-09-07T20:13:24+02:00,84.0,1,Stavanger,GOA:Line:59,Jærbanen,L5,rail,GOA:ServiceJourney:3061_63116-R,True,actual,False,,,,,2026-09-07T20:27:16.249662+02:00
NSR:StopPlace:584,Bulken stasjon,2026-09-07T19:57:00+02:00,2026-09-07T19:58:24+02:00,2026-09-07T19:58:24+02:00,84.0,1,Bergen,VYG:Line:R40,Bergen-Voss-Myrdal-Ål,R40,rail,VYG:ServiceJourney:1835_477934-R,True,actual,False,,,,,2026-09-07T20:27:16.249662+02:00
NSR:StopPlace:62392,Slependen stasjon,2026-09-07T19:03:00+02:00,2026-09-07T19:04:24+02:00,2026-09-07T19:04:24+02:00,84.0,1,Spikkestad,VYG:Line:L1,Spikkestad-Oslo S-Lillestrøm,L1,rail,VYG:ServiceJourney:2255_443677-R,True,actual,False,,,,,2026-09-07T20:27:16.249662+02:00
NSR:StopPlace:8,Paradis stasjon,2026-09-07T15:26:00+02:00,2026-09-07T15:27:24+02:00,2026-09-07T15:27:24+02:00,84.0,1,Egersund,GOA:Line:59,Jærbanen,L5,rail,GOA:ServiceJourney:3046_63090-R,True,actual,False,Toget har redusert kapasitet mellom Stavanger og Bryne.,Vi kjører med færre vogner enn planlagt.,incident,severe,2026-09-07T15:44:36.205822+02:00
NSR:StopPlace:61463,Nordstrand stasjon,2026-09-07T14:37:00+02:00,2026-09-07T14:38:24+02:00,2026-09-07T14:38:24+02:00,84.0,1,Ski,VYG:Line:L2,Stabekk-Oslo S-Ski,L2,rail,VYG:ServiceJourney:2837_444064-R,True,actual,False,,,,,2026-09-07T15:44:36.205822+02:00
NSR:StopPlace:61735,Hell stasjon,2026-09-07T14:26:00+02:00,2026-09-07T14:27:24+02:00,2026-09-07T14:27:24+02:00,84.0,1,Melhus skysstasjon,SJN:Line:26,Trønderbanen,R70,rail,SJN:ServiceJourney:1722-STJ_55556-R,True,actual,False,,,,,2026-09-07T15:44:36.205822+02:00
NSR:StopPlace:58930,Larvik stasjon,2026-09-07T13:20:00+02:00,2026-09-07T13:21:24+02:00,2026-09-07T13:21:24+02:00,84.0,1,Larvik-Sandefjord,VKT:Line:4,Torp-Sandefjord-Larvik-Stavern,4,bus,VKT:ServiceJourney:17702,True,actual,False,,,,,2026-09-07T15:44:36.205822+02:00
NSR:StopPlace:58845,Eidsvoll verk stasjon,2026-09-07T14:31:00+02:00,2026-09-07T14:32:24+02:00,2026-09-07T14:32:24+02:00,84.0,1,Jessheim,RUT:Line:430,Eidsvoll - Jessheim,430,bus,RUT:ServiceJourney:9654b9f3cb3d8e2156b57d4047e4b0eb,True,actual,False,,,,,2026-09-07T15:44:36.205822+02:00
NSR:StopPlace:58879,Lunde stasjon,2026-09-07T14:15:00+02:00,2026-09-07T14:16:24+02:00,2026-09-07T14:16:24+02:00,84.0,1,Tjønnås,TEL:Line:8115,Lunde-Tjønnås,115,bus,TEL:ServiceJourney:125734,True,actual,False,,,,,2026-09-07T15:44:36.205822+02:00
NSR:StopPlace:58871,Sande stasjon,2026-09-07T15:00:00+02:00,2026-09-07T15:01:24+02:00,2026-09-07T15:01:24+02:00,84.0,1,Svelvik,VKT:Line:200,Svelvik-Sande,200,bus,VKT:ServiceJourney:15042,True,actual,False,,,,,2026-09-07T15:44:36.205822+02:00
NSR:StopPlace:58815,Bleiken stasjon,2026-09-07T14:47:00+02:00,2026-09-07T14:48:24+02:00,2026-09-07T14:48:24+02:00,84.0,1,Hennung via Skari,INN:Line:454,Brandbu-Hennung,454,bus,INN:ServiceJourney:71361,True,actual,False,,,,,2026-09-07T15:44:36.205822+02:00
NSR:StopPlace:468,Ørneberget stasjon,2026-09-07T15:25:00+02:00,2026-09-07T15:26:24+02:00,2026-09-07T15:26:24+02:00,84.0,1,Myrdal,VYG:Line:R40,Bergen-Voss-Myrdal-Ål,R40,rail,VYG:ServiceJourney:1818_443404-R,True,actual,False,,,,,2026-09-07T15:44:36.205822+02:00
NSR:StopPlace:6,Greverud stasjon,2026-09-07T05:48:00+02:00,2026-09-07T05:49:24+02:00,2026-09-07T05:49:24+02:00,84.0,1,Stabekk,VYG:Line:L2,Stabekk-Oslo S-Ski,L2,rail,VYG:ServiceJourney:2708-SKI_443914-R,True,actual,False,,,,,2026-09-07T08:42:24.659182+02:00
NSR:StopPlace:59647,Dal stasjon,2026-09-07T07:46:00+02:00,2026-09-07T07:47:24+02:00,2026-09-07T07:47:24+02:00,84.0,1,Eidsvoll,RUT:Line:430,Eidsvoll - Jessheim,430,bus,RUT:ServiceJourney:2ee88942b40037ca6af7f04d7dbe7746,True,actual,False,,,,,2026-09-07T08:42:24.659182+02:00
NSR:StopPlace:59650,Nyland stasjon,2026-09-07T06:51:00+02:00,2026-09-07T06:52:24+02:00,2026-09-07T06:52:24+02:00,84.0,1,Lillestrøm,VYG:Line:L1,Spikkestad-Oslo S-Lillestrøm,L1,rail,VYG:ServiceJourney:2208_764738-R,True,actual,False,Færre vogner,Denne avgangen kjører dessverre med 4 vogner i stedet for 8 vogner. Dette skyldes at vi mangler et togsett.,general,normal,2026-09-07T08:42:24.659182+02:00
NSR:StopPlace:58930,Larvik stasjon,2026-09-07T06:00:00+02:00,2026-09-07T06:01:24+02:00,2026-09-07T06:01:24+02:00,84.0,1,Ekspress Tønsberg,VKT:Line:6,Ekspress Larvik-Tønsberg,6,bus,VKT:ServiceJourney:17762,True,actual,False,,,,,2026-09-07T08:42:24.659182+02:00
NSR:StopPlace:58845,Eidsvoll verk stasjon,2026-09-07T07:35:00+02:00,2026-09-07T07:36:24+02:00,2026-09-07T07:36:24+02:00,84.0,1,Kongsberg,VYG:Line:R12,Kongsberg-Oslo S-Eidsvoll,R12,rail,VYG:ServiceJourney:507_444300-R,True,actual,False,,,,,2026-09-07T08:42:24.659182+02:00
NSR:StopPlace:58854,Langhus stasjon,2026-09-07T07:15:00+02:00,2026-09-07T07:16:24+02:00,2026-09-07T07:16:24+02:00,84.0,1,Universitetet i Ås,RUT:Line:510,Bøleråsen - Ski - Ås - Drøbak,510,bus,RUT:ServiceJourney:5ee6d09c080dfb8f13db69f15e228a59,True,actual,False,,,,,2026-09-07T08:42:24.659182+02:00
NSR:StopPlace:58857,Lørenskog stasjon,2026-09-07T05:51:00+02:00,2026-09-07T05:52:24+02:00,2026-09-07T05:52:24+02:00,84.0,1,Spikkestad,VYG:Line:L1,Spikkestad-Oslo S-Lillestrøm,L1,rail,VYG:ServiceJourney:2205_443593-R,True,actual,False,Færre vogner,Denne avgangen kjører dessverre med 4 vogner i stedet for 8 vogner. Dette skyldes at vi mangler et togsett.,general,normal,2026-09-07T08:42:24.659182+02:00
NSR:StopPlace:58857,Lørenskog stasjon,2026-09-07T07:28:00+02:00,2026-09-07T07:29:24+02:00,2026-09-07T07:29:24+02:00,84.0,1,Økern,RUT:Line:67,Økern-Lørenskog sentrum,67,bus,RUT:ServiceJourney:67ce6d55d4633f6900ac681a898621ed,True,actual,False,,,,,2026-09-07T08:42:24.659182+02:00
NSR:StopPlace:58811,Moelv stasjon,2026-09-07T06:40:00+02:00,2026-09-07T06:41:24+02:00,2026-09-07T06:41:24+02:00,84.0,1,Lillehammer o/ Kløvstadhøgda,INN:Line:601,Moelv-Kløvstadhøgda-Lillehmr,601,bus,INN:ServiceJourney:82459,True,actual,False,,,,,2026-09-07T08:42:24.659182+02:00
NSR:StopPlace:63079,Skeiane stasjon,2026-09-07T04:58:00+02:00,2026-09-07T04:59:24+02:00,2026-09-07T04:59:24+02:00,84.0,1,Egersund,GOA:Line:59,Jærbanen,L5,rail,GOA:ServiceJourney:3004_63035-R,True,actual,False,,,,,2026-09-07T08:42:24.659182+02:00
NSR:StopPlace:58211,Oslo lufthavn,2026-09-07T06:40:00+02:00,2026-09-07T06:41:24+02:00,2026-09-07T06:41:24+02:00,84.0,1,Fenstad,RUT:Line:440,Fenstad/Nordkisa - Oslo lufthavn,440,bus,RUT:ServiceJourney:31ca163cf36e8c82fe8fee959659d989,True,actual,False,,,,,2026-09-07T08:42:24.659182+02:00
NSR:StopPlace:61872,Nærbø stasjon,2026-09-07T23:35:00+02:00,2026-09-07T23:36:23+02:00,2026-09-07T23:36:23+02:00,83.0,1,Egersund,GOA:Line:59,Jærbanen,L5,rail,GOA:ServiceJourney:3076_63139-R,True,actual,False,,,,,2026-09-08T00:20:52.129880+02:00
NSR:StopPlace:59646,Høvik stasjon,2026-09-07T22:53:00+02:00,2026-09-07T22:54:23+02:00,2026-09-07T22:54:23+02:00,83.0,1,Lillestrøm,VYG:Line:L1,Spikkestad-Oslo S-Lillestrøm,L1,rail,VYG:ServiceJourney:2274_443709-R,True,actual,False,,,,,2026-09-08T00:20:52.129880+02:00
NSR:StopPlace:628,Darbu stasjon,2026-09-07T20:47:00+02:00,2026-09-07T20:48:23+02:00,2026-09-07T20:48:23+02:00,83.0,1,Eidsvoll,VYG:Line:R12,Kongsberg-Oslo S-Eidsvoll,R12,rail,VYG:ServiceJourney:534_444344-R,True,actual,False,,,,,2026-09-08T00:20:52.129880+02:00
NSR:StopPlace:59641,Fjellhamar stasjon,2026-09-07T17:55:00+02:00,2026-09-07T17:56:23+02:00,2026-09-07T17:56:23+02:00,83.0,1,Vallerudtoppen,RUT:Line:315,Vallerudtoppen - Ahus,315,bus,RUT:ServiceJourney:2bed3f4f2aacc5f70a120102eae2eb0c,True,actual,False,,,,,2026-09-07T20:27:16.249662+02:00
NSR:StopPlace:59651,Skøyen stasjon,2026-09-07T16:54:00+02:00,2026-09-07T16:55:23+02:00,2026-09-07T16:55:23+02:00,83.0,1,Kongsvinger,VYG:Line:R14,Asker-Oslo S-Kongsvinger,R14,rail,VYG:ServiceJourney:1025_442935-R,True,actual,False,,,,,2026-09-07T20:27:16.249662+02:00
NSR:StopPlace:58843,Blommenholm stasjon,2026-09-07T18:58:00+02:00,2026-09-07T18:59:23+02:00,2026-09-07T18:59:23+02:00,83.0,1,Spikkestad,VYG:Line:L1,Spikkestad-Oslo S-Lillestrøm,L1,rail,VYG:ServiceJourney:2255_443677-R,True,actual,False,,,,,2026-09-07T20:27:16.249662+02:00
NSR:StopPlace:58886,Arendal stasjon,2026-09-07T17:37:00+02:00,2026-09-07T17:38:23+02:00,2026-09-07T17:38:23+02:00,83.0,1,Grimstad via Arendal sentrum,AKT:Line:101,Eydehavn-Arendal-Grimstad N/S,101,bus,AKT:ServiceJourney:71765_411_89_124800_129180_40000971,True,actual,False,,,,,2026-09-07T20:27:16.249662+02:00
NSR:StopPlace:62094,Lindeberg stasjon,2026-09-07T19:37:00+02:00,2026-09-07T19:38:23+02:00,2026-09-07T19:38:23+02:00,83.0,1,Dal,VYG:Line:R13,Drammen-Oslo S-Dal,R13,rail,VYG:ServiceJourney:1657_443336-R,True,actual,False,,,,,2026-09-07T20:27:16.249662+02:00
NSR:StopPlace:62380,Røra stasjon,2026-09-07T17:52:00+02:00,2026-09-07T17:53:23+02:00,2026-09-07T17:53:23+02:00,83.0,1,Ler,SJN:Line:26,Trønderbanen,R70,rail,SJN:ServiceJourney:446_56075-R,True,actual,False,,,,,2026-09-07T20:27:16.249662+02:00
NSR:StopPlace:8,Paradis stasjon,2026-09-07T15:41:00+02:00,2026-09-07T15:42:23+02:00,2026-09-07T15:42:23+02:00,83.0,1,Skeiane,GOA:Line:59,Jærbanen,L5,rail,GOA:ServiceJourney:3144_63189-R,True,actual,False,,,,,2026-09-07T15:44:36.205822+02:00
NSR:StopPlace:60016,Kråkstad stasjon,2026-09-07T14:18:00+02:00,2026-09-07T14:19:23+02:00,2026-09-07T14:19:23+02:00,83.0,1,Rakkestad,VYG:Line:R22,Skøyen-Oslo S-Mysen-Rakkestad,R22,rail,VYG:ServiceJourney:1919_443464-R,True,actual,False,,,,,2026-09-07T15:44:36.205822+02:00
NSR:StopPlace:60603,Kongsberg stasjon,2026-09-07T14:36:00+02:00,2026-09-07T14:37:23+02:00,2026-09-07T14:37:23+02:00,83.0,1,Stavanger,GOA:Line:50,Sørtoget region,F5,rail,GOA:ServiceJourney:713-LOD_68191-R,True,actual,False,,,,,2026-09-07T15:44:36.205822+02:00
NSR:StopPlace:58935,Levanger stasjon,2026-09-07T15:12:00+02:00,2026-09-07T15:13:23+02:00,2026-09-07T15:13:23+02:00,83.0,1,Nord universitet via Levanger st.,ATB:Line:2_7401,Levanger - Nesset - Gjemble,7401,bus,ATB:ServiceJourney:7401_260106098643081_26,True,actual,False,,,,,2026-09-07T15:44:36.205822+02:00
NSR:StopPlace:58865,Vestby stasjon,2026-09-07T15:10:00+02:00,2026-09-07T15:11:23+02:00,2026-09-07T15:11:23+02:00,83.0,1,Stabekk,VYG:Line:R21,Stabekk-Oslo S-Moss,R21,rail,VYG:ServiceJourney:1144-MOS_443023-R,True,actual,False,,,,,2026-09-07T15:44:36.205822+02:00
NSR:StopPlace:58865,Vestby stasjon,2026-09-07T15:20:00+02:00,2026-09-07T15:21:23+02:00,2026-09-07T15:21:23+02:00,83.0,1,Grønberg,RUT:Line:530,Pepperstad - Vestby stasjon,530,bus,RUT:ServiceJourney:2b4c4c8e14a3fc949376ff3d2b7ab104,True,actual,False,,,,,2026-09-07T15:44:36.205822+02:00
NSR:StopPlace:58803,Tomter stasjon,2026-09-07T15:28:00+02:00,2026-09-07T15:29:23+02:00,2026-09-07T15:29:23+02:00,83.0,1,Oslo S,VYG:Line:R22,Skøyen-Oslo S-Mysen-Rakkestad,R22,rail,VYG:ServiceJourney:1924_443474-R,True,actual,False,,,,,2026-09-07T15:44:36.205822+02:00
NSR:StopPlace:58814,Tolga stasjon,2026-09-07T14:22:00+02:00,2026-09-07T14:23:23+02:00,2026-09-07T14:23:23+02:00,83.0,1,Tynset,INN:Line:182,Tynset - Røros,182,bus,INN:ServiceJourney:74875,True,actual,False,,,,,2026-09-07T15:44:36.205822+02:00
NSR:StopPlace:469,Lerkendal stasjon,2026-09-07T15:27:00+02:00,2026-09-07T15:28:23+02:00,2026-09-07T15:28:23+02:00,83.0,1,Steinkjer,SJN:Line:26,Trønderbanen,R70,rail,SJN:ServiceJourney:1763_56048-R,True,actual,False,,,,,2026-09-07T15:44:36.205822+02:00
NSR:StopPlace:702,Sandnes sentrum stasjon,2026-09-07T14:55:00+02:00,2026-09-07T14:56:23+02:00,2026-09-07T14:56:23+02:00,83.0,1,Skeiane,GOA:Line:59,Jærbanen,L5,rail,GOA:ServiceJourney:3140_63185-R,True,actual,False,,,,,2026-09-07T15:44:36.205822+02:00
NSR:StopPlace:62341,Tangen stasjon,2026-09-07T13:34:00+02:00,2026-09-07T13:35:23+02:00,2026-09-07T13:35:23+02:00,83.0,1,Drammen,VYG:Line:RE10,Drammen-Oslo S-Lillehammer,RE10,rail,VYG:ServiceJourney:318-LHM_444187-R,True,actual,False,,,,,2026-09-07T15:44:36.205822+02:00
NSR:StopPlace:61251,Øksnavadporten stasjon,2026-09-07T05:05:00+02:00,2026-09-07T05:06:23+02:00,2026-09-07T05:06:23+02:00,83.0,1,Egersund,GOA:Line:59,Jærbanen,L5,rail,GOA:ServiceJourney:3004_63035-R,True,actual,False,,,,,2026-09-07T08:42:24.659182+02:00
NSR:StopPlace:59174,Løkken stasjon,2026-09-07T06:48:00+02:00,2026-09-07T06:49:23+02:00,2026-09-07T06:49:23+02:00,83.0,1,Orkanger skysstasjon,ATB:Line:2_460,Orkanger - Meldal - Berkåk,460,bus,ATB:ServiceJourney:460_260106098640566_3,True,actual,False,,,,,2026-09-07T08:42:24.659182+02:00
NSR:StopPlace:59638,Myrvoll stasjon,2026-09-07T06:21:00+02:00,2026-09-07T06:22:23+02:00,2026-09-07T06:22:23+02:00,83.0,1,Stabekk,VYG:Line:L2,Stabekk-Oslo S-Ski,L2,rail,VYG:ServiceJourney:2710-SKI_443916-R,True,actual,False,Færre vogner,Denne avgangen kjører dessverre med 3 vogner i stedet for 6 vogner. Dette skyldes at vi mangler et togsett.,general,normal,2026-09-07T08:42:24.659182+02:00
NSR:StopPlace:58845,Eidsvoll verk stasjon,2026-09-07T08:01:00+02:00,2026-09-07T08:02:23+02:00,2026-09-07T08:02:23+02:00,83.0,1,Jessheim,RUT:Line:430,Eidsvoll - Jessheim,430,bus,RUT:ServiceJourney:c5504e4b1e9f2a5f39c9414c5e3fef77,True,actual,False,,,,,2026-09-07T08:42:24.659182+02:00
NSR:StopPlace:58846,Fetsund stasjon,2026-09-07T08:05:00+02:00,2026-09-07T08:06:23+02:00,2026-09-07T08:06:23+02:00,83.0,1,Asker,VYG:Line:R14,Asker-Oslo S-Kongsvinger,R14,rail,VYG:ServiceJourney:1054-KVG_442958-R,True,actual,False,,,,,2026-09-07T08:42:24.659182+02:00
NSR:StopPlace:58854,Langhus stasjon,2026-09-07T06:12:00+02:00,2026-09-07T06:13:23+02:00,2026-09-07T06:13:23+02:00,83.0,1,Stabekk,VYG:Line:L2,Stabekk-Oslo S-Ski,L2,rail,VYG:ServiceJourney:2710-SKI_443916-R,True,actual,False,Færre vogner,Denne avgangen kjører dessverre med 3 vogner i stedet for 6 vogner. Dette skyldes at vi mangler et togsett.,general,normal,2026-09-07T08:42:24.659182+02:00
NSR:StopPlace:58866,Vevelstad stasjon,2026-09-07T07:04:00+02:00,2026-09-07T07:05:23+02:00,2026-09-07T07:05:23+02:00,83.0,1,Bøleråsen,RUT:Line:510,Bøleråsen - Ski - Ås - Drøbak,510,bus,RUT:ServiceJourney:45281f04da6497ceadd093956ab2c06b,True,actual,False,,,,,2026-09-07T08:42:24.659182+02:00
NSR:StopPlace:58871,Sande stasjon,2026-09-07T07:20:00+02:00,2026-09-07T07:21:23+02:00,2026-09-07T07:21:23+02:00,83.0,1,Holmestrand,VKT:Line:230,Sande-Holmestrand,230,bus,VKT:ServiceJourney:15055,True,actual,False,,,,,2026-09-07T08:42:24.659182+02:00
NSR:StopPlace:58810,Løten stasjon,2026-09-07T08:18:00+02:00,2026-09-07T08:19:23+02:00,2026-09-07T08:19:23+02:00,83.0,1,Nordbygda,INN:Line:693,Løten - Nordbygda - Løten,693,bus,INN:ServiceJourney:84307,True,actual,False,,,,,2026-09-07T08:42:24.659182+02:00
NSR:StopPlace:261,Ganddal stasjon,2026-09-07T05:01:00+02:00,2026-09-07T05:02:23+02:00,2026-09-07T05:02:23+02:00,83.0,1,Egersund,GOA:Line:59,Jærbanen,L5,rail,GOA:ServiceJourney:3004_63035-R,True,actual,False,,,,,2026-09-07T08:42:24.659182+02:00
NSR:StopPlace:261,Ganddal stasjon,2026-09-07T06:02:00+02:00,2026-09-07T06:03:23+02:00,2026-09-07T06:03:23+02:00,83.0,1,Stavanger,GOA:Line:59,Jærbanen,L5,rail,GOA:ServiceJourney:3003_63034-R,True,actual,False,,,,,2026-09-07T08:42:24.659182+02:00
NSR:StopPlace:62393,Billingstad stasjon,2026-09-07T05:43:00+02:00,2026-09-07T05:44:23+02:00,2026-09-07T05:44:23+02:00,83.0,1,Lillestrøm,VYG:Line:L1,Spikkestad-Oslo S-Lillestrøm,L1,rail,VYG:ServiceJourney:2206_443594-R,True,actual,False,,,,,2026-09-07T08:42:24.659182+02:00
NSR:StopPlace:58857,Lørenskog stasjon,2026-09-08T00:51:00+02:00,2026-09-08T00:52:22+02:00,2026-09-08T00:52:22+02:00,82.0,1,Drammen,VYG:Line:L1,Spikkestad-Oslo S-Lillestrøm,L1,rail,VYG:ServiceJourney:2281_443719-R,True,actual,False,,,,,2026-09-08T03:39:50.209703+02:00
NSR:StopPlace:62295,Stanghelle stasjon,2026-09-08T01:14:00+02:00,2026-09-08T01:15:22+02:00,2026-09-08T01:15:22+02:00,82.0,1,Voss,VYG:Line:R40,Bergen-Voss-Myrdal-Ål,R40,rail,VYG:ServiceJourney:1838_456880-R,True,actual,False,,,,,2026-09-08T03:39:50.209703+02:00
NSR:StopPlace:61169,Marienborg stasjon,2026-09-07T22:06:00+02:00,2026-09-07T22:07:22+02:00,2026-09-07T22:07:22+02:00,82.0,1,Grillstad via St. Olavs h- Ladeham.,ATB:Line:2_20,Grillstad - Strindheim - Ladehammeren- Sentrum - Romolslia,20,bus,ATB:ServiceJourney:20_251215112548247_99,True,actual,False,,,,,2026-09-08T00:20:52.129880+02:00
NSR:StopPlace:58964,Kløfta stasjon,2026-09-07T23:03:00+02:00,2026-09-07T23:04:22+02:00,2026-09-07T23:04:22+02:00,82.0,1,Oslo lufthavn,RUT:Line:425,Kløfta – Oslo lufthavn,425,bus,RUT:ServiceJourney:2e29301609ee8b20ce6a393c142b1dfd,True,actual,False,,,,,2026-09-08T00:20:52.129880+02:00
NSR:StopPlace:58930,Larvik stasjon,2026-09-07T21:32:00+02:00,2026-09-07T21:33:22+02:00,2026-09-07T21:33:22+02:00,82.0,1,Eidsvoll,VYG:Line:RE11,Eidsvoll-Oslo S-Skien,RE11,rail,VYG:ServiceJourney:836_444416-R,True,actual,False,,,,,2026-09-08T00:20:52.129880+02:00
NSR:StopPlace:58834,Hokksund stasjon,2026-09-07T23:18:00+02:00,2026-09-07T23:19:22+02:00,2026-09-07T23:19:22+02:00,82.0,1,Stavanger,GOA:Line:50,Sørtoget region,F5,rail,GOA:ServiceJourney:725-LOD_67061-R,True,actual,False,,,,,2026-09-08T00:20:52.129880+02:00
NSR:StopPlace:58861,Solbråtan stasjon,2026-09-07T23:15:00+02:00,2026-09-07T23:16:22+02:00,2026-09-07T23:16:22+02:00,82.0,1,Bjørvika,RUT:Line:83,Jernbanetorget - Tårnåsen,83,bus,RUT:ServiceJourney:be63b3db26acf4e1be7f75074346354e,True,actual,False,Linje 80E og 83 får Hausmanns bru som ny endeholdeplass fra 29. juni,"Bussene stopper ikke på Jernbanetorget etter 29. juni, men starter og stopper på Hausmanns bru i Nylandsveien.",incident,normal,2026-09-08T00:20:52.129880+02:00
NSR:StopPlace:58801,Sarpsborg stasjon,2026-09-07T22:31:00+02:00,2026-09-07T22:32:22+02:00,2026-09-07T22:32:22+02:00,82.0,1,Sarpsborg-Kalnes,OST:Line:1_13,Kalnes - Blessom,13,bus,OST:ServiceJourney:13_260325121470814_47,True,actual,False,,,,,2026-09-08T00:20:52.129880+02:00
NSR:StopPlace:62392,Slependen stasjon,2026-09-07T22:59:00+02:00,2026-09-07T23:00:22+02:00,2026-09-07T23:00:22+02:00,82.0,1,Lillestrøm,VYG:Line:L1,Spikkestad-Oslo S-Lillestrøm,L1,rail,VYG:ServiceJourney:2174_443585-R,True,actual,False,,,,,2026-09-08T00:20:52.129880+02:00
NSR:StopPlace:41,Hanaborg stasjon,2026-09-07T19:04:00+02:00,2026-09-07T19:05:22+02:00,2026-09-07T19:05:22+02:00,82.0,1,Asker,VYG:Line:L1,Spikkestad-Oslo S-Lillestrøm,L1,rail,VYG:ServiceJourney:2157_443566-R,True,actual,False,,,,,2026-09-07T20:27:16.249662+02:00
NSR:StopPlace:59872,Oslo S,2026-09-07T16:32:00+02:00,2026-09-07T16:33:22+02:00,2026-09-07T16:33:22+02:00,82.0,1,Kongsvinger,VYG:Line:R14,Asker-Oslo S-Kongsvinger,R14,rail,VYG:ServiceJourney:1053-HAV_442957-R,True,actual,False,,,,,2026-09-07T20:27:16.249662+02:00
NSR:StopPlace:58855,Leirsund stasjon,2026-09-07T19:30:00+02:00,2026-09-07T19:31:22+02:00,2026-09-07T19:31:22+02:00,82.0,1,Dal,VYG:Line:R13,Drammen-Oslo S-Dal,R13,rail,VYG:ServiceJourney:1657_443336-R,True,actual,False,,,,,2026-09-07T20:27:16.249662+02:00
NSR:StopPlace:58884,Skien stasjon,2026-09-07T19:58:00+02:00,2026-09-07T19:59:22+02:00,2026-09-07T19:59:22+02:00,82.0,1,Åfoss via Skien sentrum,TEL:Line:8047,Siljan-Skien-Åfoss,P7,bus,TEL:ServiceJourney:127396,True,actual,False,,,,,2026-09-07T20:27:16.249662+02:00
NSR:StopPlace:62309,Ljan stasjon,2026-09-07T19:54:00+02:00,2026-09-07T19:55:22+02:00,2026-09-07T19:55:22+02:00,82.0,1,Ski,VYG:Line:L2,Stabekk-Oslo S-Ski,L2,rail,VYG:ServiceJourney:2759-HVK_443972-R,True,actual,False,,,,,2026-09-07T20:27:16.249662+02:00
NSR:StopPlace:62339,Lillestrøm stasjon,2026-09-07T18:10:00+02:00,2026-09-07T18:11:22+02:00,2026-09-07T18:11:22+02:00,82.0,1,Oslo Lufthavn,FLT:Line:FLY1,FLY1,FLY1,rail,FLT:ServiceJourney:1-2614-3781-20260907,True,actual,False,Heis i spor 1 og 2 er ute av bruk på grunn av vedlikehold.,Heis i spor 1 og 2 er ute av bruk på grunn av vedlikehold.,general,normal,2026-09-07T20:27:16.249662+02:00
NSR:StopPlace:60047,Melhus skysstasjon,2026-09-07T13:48:00+02:00,2026-09-07T13:49:22+02:00,2026-09-07T13:49:22+02:00,82.0,1,Steinkjer,SJN:Line:26,Trønderbanen,R70,rail,SJN:ServiceJourney:439_56068-R,True,actual,False,,,,,2026-09-07T15:44:36.205822+02:00
NSR:StopPlace:58878,Drangedal stasjon,2026-09-07T14:18:00+02:00,2026-09-07T14:19:22+02:00,2026-09-07T14:19:22+02:00,82.0,1,Kragerø,TEL:Line:8607,Drangedal-Kragerø,607,bus,TEL:ServiceJourney:126272,True,actual,False,,,,,2026-09-07T15:44:36.205822+02:00
NSR:StopPlace:58873,Skoppum stasjon,2026-09-07T14:40:00+02:00,2026-09-07T14:41:22+02:00,2026-09-07T14:41:22+02:00,82.0,1,Skien,VYG:Line:RE11,Eidsvoll-Oslo S-Skien,RE11,rail,VYG:ServiceJourney:819_444399-R,True,actual,False,Forsinket,Toget kjørte 4 minutter forsinket fra Oslo S. Dette skyldes en tidligere stans.,incident,normal,2026-09-07T15:44:36.205822+02:00
NSR:StopPlace:58884,Skien stasjon,2026-09-07T14:55:00+02:00,2026-09-07T14:56:22+02:00,2026-09-07T14:56:22+02:00,82.0,1,Notodden,VYG:Line:R55,Porsgrunn-Notodden,R55,rail,VYG:ServiceJourney:2482_443752-R,True,actual,False,,,,,2026-09-07T15:44:36.205822+02:00
NSR:StopPlace:313,Høybråten stasjon,2026-09-07T15:42:00+02:00,2026-09-07T15:43:22+02:00,2026-09-07T15:43:22+02:00,82.0,1,Lillestrøm,VYG:Line:L1,Spikkestad-Oslo S-Lillestrøm,L1,rail,VYG:ServiceJourney:2142_443550-R,True,actual,False,,,,,2026-09-07T15:44:36.205822+02:00
NSR:StopPlace:416,Vikhammer stasjon,2026-09-07T15:34:00+02:00,2026-09-07T15:35:22+02:00,2026-09-07T15:35:22+02:00,82.0,1,Steinkjer,SJN:Line:26,Trønderbanen,R70,rail,SJN:ServiceJourney:441-SOeB_56070-R,True,actual,False,,,,,2026-09-07T15:44:36.205822+02:00
NSR:StopPlace:62309,Ljan stasjon,2026-09-07T15:20:00+02:00,2026-09-07T15:21:22+02:00,2026-09-07T15:21:22+02:00,82.0,1,Lysaker,VYG:Line:L2,Stabekk-Oslo S-Ski,L2,rail,VYG:ServiceJourney:2844-SKI_444076-R,True,actual,False,,,,,2026-09-07T15:44:36.205822+02:00
NSR:StopPlace:61466,Vakås stasjon,2026-09-07T05:38:00+02:00,2026-09-07T05:39:22+02:00,2026-09-07T05:39:22+02:00,82.0,1,Lillestrøm,VYG:Line:L1,Spikkestad-Oslo S-Lillestrøm,L1,rail,VYG:ServiceJourney:2206_443594-R,True,actual,False,,,,,2026-09-07T08:42:24.659182+02:00
NSR:StopPlace:61301,Movatn stasjon,2026-09-07T07:46:00+02:00,2026-09-07T07:47:22+02:00,2026-09-07T07:47:22+02:00,82.0,1,Nydalen,VYG:Line:R31,Skøyen-Jaren-Gjøvik,R31,rail,VYG:ServiceJourney:BUS-246_655578-R,True,actual,False,,,,,2026-09-07T08:42:24.659182+02:00
NSR:StopPlace:60640,Heimdal stasjon,2026-09-07T06:53:00+02:00,2026-09-07T06:54:22+02:00,2026-09-07T06:54:22+02:00,82.0,1,Strindheim via Kolstad-sentrum,ATB:Line:2_2,Strindheim- Lade- sentrum- Sau,2,bus,ATB:ServiceJourney:2_251215112549866_23,True,actual,False,,,,,2026-09-07T08:42:24.659182+02:00
NSR:StopPlace:59261,Trondheim lufthavn,2026-09-07T05:45:00+02:00,2026-09-07T05:46:22+02:00,2026-09-07T05:46:22+02:00,82.0,1,Steinkjer,SJN:Line:26,Trønderbanen,R70,rail,SJN:ServiceJourney:421_56050-R,True,actual,False,,,,,2026-09-07T08:42:24.659182+02:00
NSR:StopPlace:59620,Grorud stasjon,2026-09-07T05:49:00+02:00,2026-09-07T05:50:22+02:00,2026-09-07T05:50:22+02:00,82.0,1,Åsbråten,RUT:Line:79,Grorud T - Åsbråten,79,bus,RUT:ServiceJourney:18a034131f8313bcb88ea4477ffa5cb2,True,actual,False,,,,,2026-09-07T08:42:24.659182+02:00
NSR:StopPlace:58946,Snåsa stasjon,2026-09-07T07:40:00+02:00,2026-09-07T07:41:22+02:00,2026-09-07T07:41:22+02:00,82.0,1,Grong st. via Grong vgs.,ATB:Line:2_612,Snåsa - Grong,612,bus,ATB:ServiceJourney:612_260106098640219_2,True,actual,False,,,,,2026-09-07T08:42:24.659182+02:00
NSR:StopPlace:58836,Mjøndalen stasjon,2026-09-07T07:42:00+02:00,2026-09-07T07:43:22+02:00,2026-09-07T07:43:22+02:00,82.0,1,Drammen,BRA:Line:4_6101,Drammen-Vikersund/Hønefoss,101,bus,BRA:ServiceJourney:6101_260415100161302_1072,True,actual,False,,,,,2026-09-07T08:42:24.659182+02:00
NSR:StopPlace:58840,Vestfossen stasjon,2026-09-07T07:16:00+02:00,2026-09-07T07:17:22+02:00,2026-09-07T07:17:22+02:00,82.0,1,Kongsberg via Fiskum-Saggrenda-Sølvverket,BRA:Line:4_6115,Hokksund - Kongsberg,115,bus,BRA:ServiceJourney:6115_260427080310110_1004,True,actual,False,,,,,2026-09-07T08:42:24.659182+02:00
NSR:StopPlace:58853,Kolbotn stasjon,2026-09-07T07:25:00+02:00,2026-09-07T07:26:22+02:00,2026-09-07T07:26:22+02:00,82.0,1,Stabekk,VYG:Line:L2,Stabekk-Oslo S-Ski,L2,rail,VYG:ServiceJourney:2714-SKI_443920-R,True,actual,False,,,,,2026-09-07T08:42:24.659182+02:00
NSR:StopPlace:58855,Leirsund stasjon,2026-09-07T08:00:00+02:00,2026-09-07T08:01:22+02:00,2026-09-07T08:01:22+02:00,82.0,1,Dal,VYG:Line:R13,Drammen-Oslo S-Dal,R13,rail,VYG:ServiceJourney:1611-SUD_443233-R,True,actual,False,,,,,2026-09-07T08:42:24.659182+02:00
NSR:StopPlace:58866,Vevelstad stasjon,2026-09-07T07:44:00+02:00,2026-09-07T07:45:22+02:00,2026-09-07T07:45:22+02:00,82.0,1,Bøleråsen,RUT:Line:510,Bøleråsen - Ski - Ås - Drøbak,510,bus,RUT:ServiceJourney:bbc7a0d164481e3169d684870fbe00fd,True,actual,False,,,,,2026-09-07T08:42:24.659182+02:00
NSR:StopPlace:58860,Oppegård stasjon,2026-09-07T06:31:00+02:00,2026-09-07T06:32:22+02:00,2026-09-07T06:32:22+02:00,82.0,1,Kolbotn torg,RUT:Line:580,Kolbotn - Ski,580,bus,RUT:ServiceJourney:2055712646b50a8139c6eb598e0c0cba,True,actual,False,,,,,2026-09-07T08:42:24.659182+02:00
NSR:StopPlace:58860,Oppegård stasjon,2026-09-07T08:31:00+02:00,2026-09-07T08:32:22+02:00,2026-09-07T08:32:22+02:00,82.0,1,Lysaker,VYG:Line:L2,Stabekk-Oslo S-Ski,L2,rail,VYG:ServiceJourney:2818-SKI_444030-R,True,actual,False,Færre vogner,Denne avgangen kjører dessverre med 3 vogner i stedet for 6 vogner. Dette skyldes at vi mangler et togsett.,general,normal,2026-09-07T08:42:24.659182+02:00
NSR:StopPlace:58812,Os stasjon,2026-09-07T07:48:00+02:00,2026-09-07T07:49:22+02:00,2026-09-07T07:49:22+02:00,82.0,1,Dalsbygda,INN:Line:897,Os - Dalsbygda - Os,897,bus,INN:ServiceJourney:76453,True,actual,False,,,,,2026-09-07T08:42:24.659182+02:00
NSR:StopPlace:610,Sandvika stasjon,2026-09-07T06:25:00+02:00,2026-09-07T06:26:22+02:00,2026-09-07T06:26:22+02:00,82.0,1,Dal,VYG:Line:R13,Drammen-Oslo S-Dal,R13,rail,VYG:ServiceJourney:1607_443224-R,True,actual,False,,,,,2026-09-07T08:42:24.659182+02:00
NSR:StopPlace:610,Sandvika stasjon,2026-09-07T07:25:00+02:00,2026-09-07T07:26:22+02:00,2026-09-07T07:26:22+02:00,82.0,1,Dal,VYG:Line:R13,Drammen-Oslo S-Dal,R13,rail,VYG:ServiceJourney:1611-SUD_443233-R,True,actual,False,,,,,2026-09-07T08:42:24.659182+02:00
NSR:StopPlace:62094,Lindeberg stasjon,2026-09-07T07:18:00+02:00,2026-09-07T07:19:22+02:00,2026-09-07T07:19:22+02:00,82.0,1,Drammen,VYG:Line:R13,Drammen-Oslo S-Dal,R13,rail,VYG:ServiceJourney:1610_443230-R,True,actual,False,,,,,2026-09-07T08:42:24.659182+02:00
NSR:StopPlace:62380,Røra stasjon,2026-09-07T05:49:00+02:00,2026-09-07T05:50:22+02:00,2026-09-07T05:50:22+02:00,82.0,1,Melhus skysstasjon,SJN:Line:26,Trønderbanen,R70,rail,SJN:ServiceJourney:422-STK_56051-R,True,actual,False,,,,,2026-09-07T08:42:24.659182+02:00
NSR:StopPlace:59648,Kjelsås stasjon,2026-09-07T21:40:00+02:00,2026-09-07T21:41:21+02:00,2026-09-07T21:41:21+02:00,81.0,1,Roa,VYG:Line:R31,Skøyen-Jaren-Gjøvik,R31,rail,VYG:ServiceJourney:BUS-235_655469-R,True,actual,False,,,,,2026-09-08T00:20:52.129880+02:00
NSR:StopPlace:59648,Kjelsås stasjon,2026-09-07T22:23:00+02:00,2026-09-07T22:24:21+02:00,2026-09-07T22:24:21+02:00,81.0,1,Movatn,VYG:Line:R31,Skøyen-Jaren-Gjøvik,R31,rail,VYG:ServiceJourney:BUS-235_655470-R,True,actual,False,,,,,2026-09-08T00:20:52.129880+02:00
NSR:StopPlace:58963,Jessheim stasjon,2026-09-07T23:31:00+02:00,2026-09-07T23:32:21+02:00,2026-09-07T23:32:21+02:00,81.0,1,Oslo lufthavn,RUT:Line:440,Fenstad/Nordkisa - Oslo lufthavn,440,bus,RUT:ServiceJourney:35b319986c8ed3aa6e5f7d309223772a,True,actual,False,,,,,2026-09-08T00:20:52.129880+02:00
NSR:StopPlace:58947,Steinkjer stasjon,2026-09-07T21:33:00+02:00,2026-09-07T21:34:21+02:00,2026-09-07T21:34:21+02:00,81.0,1,Namsos skysstasjon,ATB:Line:2_680,Levanger - Steinkjer - Namsos,680,bus,ATB:ServiceJourney:680_260106098642313_30,True,actual,False,,,,,2026-09-08T00:20:52.129880+02:00
NSR:StopPlace:58870,Holmestrand stasjon,2026-09-07T23:45:00+02:00,2026-09-07T23:46:21+02:00,2026-09-07T23:46:21+02:00,81.0,1,Horten-Tønsberg,VKT:Line:2,Tjøme-Tønsberg-Horten-Holmestr,2,bus,VKT:ServiceJourney:15864,True,actual,False,Forsinkelser Linje 2 og 411 | Kjører ikke Storgata i Horten,Pga. veiarbeid i Horten sentrum vil det kunne oppstå forsinkelser på busser i tidsrommet 3.-11. september.  | 7.-9. september: Bussene vil ikke kjøre Storgata. Benytt holdeplassene Peders gate eller Horten rb.st. Se vkt.no/avvik Det vil oppstå forsinkelser. ,incident | general,normal | normal,2026-09-08T00:20:52.129880+02:00
NSR:StopPlace:62339,Lillestrøm stasjon,2026-09-07T22:10:00+02:00,2026-09-07T22:11:21+02:00,2026-09-07T22:11:21+02:00,81.0,1,Spikkestad,VYG:Line:L1,Spikkestad-Oslo S-Lillestrøm,L1,rail,VYG:ServiceJourney:2271_443704-R,True,actual,False,Heis i spor 1 og 2 er ute av bruk på grunn av vedlikehold.,Heis i spor 1 og 2 er ute av bruk på grunn av vedlikehold.,general,normal,2026-09-08T00:20:52.129880+02:00
NSR:StopPlace:61251,Øksnavadporten stasjon,2026-09-07T18:50:00+02:00,2026-09-07T18:51:21+02:00,2026-09-07T18:51:21+02:00,81.0,1,Nærbø,GOA:Line:59,Jærbanen,L5,rail,GOA:ServiceJourney:3058_63111-R,True,actual,False,,,,,2026-09-07T20:27:16.249662+02:00
NSR:StopPlace:60640,Heimdal stasjon,2026-09-07T17:22:00+02:00,2026-09-07T17:23:21+02:00,2026-09-07T17:23:21+02:00,81.0,1,Strindheim via Kolstad-sentrum,ATB:Line:2_2,Strindheim- Lade- sentrum- Sau,2,bus,ATB:ServiceJourney:2_251215112549950_183,True,actual,False,,,,,2026-09-07T20:27:16.249662+02:00
NSR:StopPlace:58930,Larvik stasjon,2026-09-07T17:33:00+02:00,2026-09-07T17:34:21+02:00,2026-09-07T17:34:21+02:00,81.0,1,Skien,VYG:Line:RE11,Eidsvoll-Oslo S-Skien,RE11,rail,VYG:ServiceJourney:823_444403-R,True,actual,False,,,,,2026-09-07T20:27:16.249662+02:00
NSR:StopPlace:58845,Eidsvoll verk stasjon,2026-09-07T20:25:00+02:00,2026-09-07T20:26:21+02:00,2026-09-07T20:26:21+02:00,81.0,1,Eidsvoll,VYG:Line:R12,Kongsberg-Oslo S-Eidsvoll,R12,rail,VYG:ServiceJourney:530_444338-R,True,actual,False,,,,,2026-09-07T20:27:16.249662+02:00
NSR:StopPlace:58862,Strømmen stasjon,2026-09-07T19:05:00+02:00,2026-09-07T19:06:21+02:00,2026-09-07T19:06:21+02:00,81.0,1,Lillestrøm,RUT:Line:381,Guldhaug-Tømte - Lillestrøm,381,bus,RUT:ServiceJourney:32c31eab3427905556c94d112f3faf24,True,actual,False,,,,,2026-09-07T20:27:16.249662+02:00
NSR:StopPlace:58893,Grovane stasjon,2026-09-07T19:07:00+02:00,2026-09-07T19:08:21+02:00,2026-09-07T19:08:21+02:00,81.0,1,Kristiansand via Moseidmoen - Mosby,AKT:Line:30,Kvadraturen - Mosby - Vennesl,30,bus,AKT:ServiceJourney:79463_242_48_137640_140400_40001545,True,actual,False,,,,,2026-09-07T20:27:16.249662+02:00
NSR:StopPlace:58826,Reinsvoll stasjon,2026-09-07T19:51:00+02:00,2026-09-07T19:52:21+02:00,2026-09-07T19:52:21+02:00,81.0,1,Gjøvik,VYG:Line:R31,Skøyen-Jaren-Gjøvik,R31,rail,VYG:ServiceJourney:227-ROA_589347-R,True,actual,False,,,,,2026-09-07T20:27:16.249662+02:00
NSR:StopPlace:364,Vaksdal stasjon,2026-09-07T19:13:00+02:00,2026-09-07T19:14:21+02:00,2026-09-07T19:14:21+02:00,81.0,1,Bergen,VYG:Line:R40,Bergen-Voss-Myrdal-Ål,R40,rail,VYG:ServiceJourney:1831_457481-R,True,actual,False,,,,,2026-09-07T20:27:16.249662+02:00
NSR:StopPlace:261,Ganddal stasjon,2026-09-07T18:45:00+02:00,2026-09-07T18:46:21+02:00,2026-09-07T18:46:21+02:00,81.0,1,Nærbø,GOA:Line:59,Jærbanen,L5,rail,GOA:ServiceJourney:3058_63111-R,True,actual,False,,,,,2026-09-07T20:27:16.249662+02:00
NSR:StopPlace:62379,Bergsgrav stasjon,2026-09-07T19:03:00+02:00,2026-09-07T19:04:21+02:00,2026-09-07T19:04:21+02:00,81.0,1,Lundamo,SJN:Line:26,Trønderbanen,R70,rail,SJN:ServiceJourney:448_56077-R,True,actual,False,,,,,2026-09-07T20:27:16.249662+02:00
NSR:StopPlace:62392,Slependen stasjon,2026-09-07T19:29:00+02:00,2026-09-07T19:30:21+02:00,2026-09-07T19:30:21+02:00,81.0,1,Lillestrøm,VYG:Line:L1,Spikkestad-Oslo S-Lillestrøm,L1,rail,VYG:ServiceJourney:2160_443570-R,True,actual,False,,,,,2026-09-07T20:27:16.249662+02:00
NSR:StopPlace:58964,Kløfta stasjon,2026-09-07T15:14:00+02:00,2026-09-07T15:15:21+02:00,2026-09-07T15:15:21+02:00,81.0,1,Dal,VYG:Line:R13,Drammen-Oslo S-Dal,R13,rail,VYG:ServiceJourney:1639_443296-R,True,actual,False,,,,,2026-09-07T15:44:36.205822+02:00
NSR:StopPlace:58948,Stjørdal stasjon,2026-09-07T15:11:00+02:00,2026-09-07T15:12:21+02:00,2026-09-07T15:12:21+02:00,81.0,1,A Marienborg via Innherredsveien,ATB:Line:2_70,Stjørdal/Hommelvik- Trondheim,70,bus,ATB:ServiceJourney:70_251215112546988_64,True,actual,False,,,,,2026-09-07T15:44:36.205822+02:00
NSR:StopPlace:58845,Eidsvoll verk stasjon,2026-09-07T15:30:00+02:00,2026-09-07T15:31:21+02:00,2026-09-07T15:31:21+02:00,81.0,1,Eidsvoll,RUT:Line:430,Eidsvoll - Jessheim,430,bus,RUT:ServiceJourney:ef4eccca0106c3899cd01a92c290b26a,True,actual,False,,,,,2026-09-07T15:44:36.205822+02:00
NSR:StopPlace:58801,Sarpsborg stasjon,2026-09-07T15:01:00+02:00,2026-09-07T15:02:21+02:00,2026-09-07T15:02:21+02:00,81.0,1,Sarpsborg-Kalnes,OST:Line:1_13,Kalnes - Blessom,13,bus,OST:ServiceJourney:13_260325121470792_27,True,actual,False,,,,,2026-09-07T15:44:36.205822+02:00
NSR:StopPlace:58813,Skarnes stasjon,2026-09-07T14:45:00+02:00,2026-09-07T14:46:21+02:00,2026-09-07T14:46:21+02:00,81.0,1,Disneå - Åkroken,INN:Line:718,Disenå - Skarnes - Kongsvinger,718,bus,INN:ServiceJourney:76547,True,actual,False,,,,,2026-09-07T15:44:36.205822+02:00
NSR:StopPlace:58813,Skarnes stasjon,2026-09-07T15:14:00+02:00,2026-09-07T15:15:21+02:00,2026-09-07T15:15:21+02:00,81.0,1,Sand,INN:Line:700,Kongsvinger-Skarnes-Sand,700,bus,INN:ServiceJourney:82359,True,actual,False,,,,,2026-09-07T15:44:36.205822+02:00
NSR:StopPlace:61387,Skogn stasjon,2026-09-07T08:20:00+02:00,2026-09-07T08:21:21+02:00,2026-09-07T08:21:21+02:00,81.0,1,Lundamo,SJN:Line:26,Trønderbanen,R70,rail,SJN:ServiceJourney:426_56055-R,True,actual,False,,,,,2026-09-07T08:42:24.659182+02:00
NSR:StopPlace:61314,Hovin stasjon,2026-09-07T06:12:00+02:00,2026-09-07T06:13:21+02:00,2026-09-07T06:13:21+02:00,81.0,1,Steinkjer,SJN:Line:26,Trønderbanen,R70,rail,SJN:ServiceJourney:425_56054-R,True,actual,False,,,,,2026-09-07T08:42:24.659182+02:00
NSR:StopPlace:59648,Kjelsås stasjon,2026-09-07T06:24:00+02:00,2026-09-07T06:25:21+02:00,2026-09-07T06:25:21+02:00,81.0,1,Kværnerbyen,RUT:Line:54,Kværnerbyen - Kjelsås stasjon,54,bus,RUT:ServiceJourney:dc2247df36fb9a567a771b60c2df81f6,True,actual,False,,,,,2026-09-07T08:42:24.659182+02:00
NSR:StopPlace:60640,Heimdal stasjon,2026-09-07T06:11:00+02:00,2026-09-07T06:12:21+02:00,2026-09-07T06:12:21+02:00,81.0,1,Ranheim via Tiller-sentrum,ATB:Line:2_1,Ranheim - Strindheim - sentrum - Tiller - Heimdal - Kattem,1,bus,ATB:ServiceJourney:1_251215112546044_7,True,actual,False,,,,,2026-09-07T08:42:24.659182+02:00
NSR:StopPlace:59654,Stabekk stasjon,2026-09-07T06:39:00+02:00,2026-09-07T06:40:21+02:00,2026-09-07T06:40:21+02:00,81.0,1,Gullhaug,RUT:Line:150,Gullhaug - Nationaltheatret,150,bus,RUT:ServiceJourney:172bce13030723fda0fb5856f3975ab3,True,actual,False,Holdeplass Stabekk stasjon i retning mot Bekkestua er flyttet ca. 50 meter bakover.,Dette skyldes anleggsarbeid i området.,incident,normal,2026-09-07T08:42:24.659182+02:00
NSR:StopPlace:59977,Trondheim S,2026-09-07T06:32:00+02:00,2026-09-07T06:33:21+02:00,2026-09-07T06:33:21+02:00,81.0,1,Sandmoen via St. Olavs h.-Byåsen,ATB:Line:2_23,Brattøra - St. Olavs - Hallset - Flatåsen - Sandmoen,23,bus,ATB:ServiceJourney:23_251215112545551_4,True,actual,False,,,,,2026-09-07T08:42:24.659182+02:00
NSR:StopPlace:59983,Bergen stasjon,2026-09-07T08:08:00+02:00,2026-09-07T08:09:21+02:00,2026-09-07T08:09:21+02:00,81.0,1,Oslo S,VYG:Line:F4,Oslo S-Bergen,F4,rail,VYG:ServiceJourney:62-BRG_444359-R,True,actual,False,,,,,2026-09-07T08:42:24.659182+02:00
NSR:StopPlace:60047,Melhus skysstasjon,2026-09-07T07:23:00+02:00,2026-09-07T07:24:21+02:00,2026-09-07T07:24:21+02:00,81.0,1,Brekkåsen,ATB:Line:2_82,Hesttrøa-Brekkåsen,82,bus,ATB:ServiceJourney:82_251215112550845_17,True,actual,False,Linje 82 og 504,Avvikende kjøring for linje 82 og 504 pga Hølondvegen er stengt. ,general,normal,2026-09-07T08:42:24.659182+02:00
NSR:StopPlace:58950,Åsen stasjon,2026-09-07T05:28:00+02:00,2026-09-07T05:29:21+02:00,2026-09-07T05:29:21+02:00,81.0,1,Støren,SJN:Line:26,Trønderbanen,R70,rail,SJN:ServiceJourney:420_56049-R,True,actual,False,,,,,2026-09-07T08:42:24.659182+02:00
NSR:StopPlace:58966,Porsgrunn stasjon,2026-09-07T07:49:00+02:00,2026-09-07T07:50:21+02:00,2026-09-07T07:50:21+02:00,81.0,1,Notodden,VYG:Line:R55,Porsgrunn-Notodden,R55,rail,VYG:ServiceJourney:2474_443746-R,True,actual,False,Heis på Porsgrunn ute av drift,Heisen på Porsgrunn til spor 2 er ute av drift.,general,normal,2026-09-07T08:42:24.659182+02:00
NSR:StopPlace:58857,Lørenskog stasjon,2026-09-07T05:21:00+02:00,2026-09-07T05:22:21+02:00,2026-09-07T05:22:21+02:00,81.0,1,Spikkestad,VYG:Line:L1,Spikkestad-Oslo S-Lillestrøm,L1,rail,VYG:ServiceJourney:2203_764731-R,True,actual,False,Færre vogner,Denne avgangen kjører dessverre med 4 vogner i stedet for 8 vogner. Dette skyldes at vi mangler et togsett.,general,normal,2026-09-07T08:42:24.659182+02:00
NSR:StopPlace:58863,Svingen stasjon,2026-09-07T08:03:00+02:00,2026-09-07T08:04:21+02:00,2026-09-07T08:04:21+02:00,81.0,1,Asker,VYG:Line:R14,Asker-Oslo S-Kongsvinger,R14,rail,VYG:ServiceJourney:1054-KVG_442958-R,True,actual,False,,,,,2026-09-07T08:42:24.659182+02:00
NSR:StopPlace:58869,Ås stasjon,2026-09-07T07:20:00+02:00,2026-09-07T07:21:21+02:00,2026-09-07T07:21:21+02:00,81.0,1,Dyster/Eldor,RUT:Line:536,Dyster/Eldor - Ås stasjon,536,bus,RUT:ServiceJourney:d56f584d51e17da198e3aaf6ffd33870,True,actual,False,,,,,2026-09-07T08:42:24.659182+02:00
NSR:StopPlace:101,Sagdalen stasjon,2026-09-07T08:22:00+02:00,2026-09-07T08:23:21+02:00,2026-09-07T08:23:21+02:00,81.0,1,Lillestrøm,VYG:Line:L1,Spikkestad-Oslo S-Lillestrøm,L1,rail,VYG:ServiceJourney:2112_443517-R,True,actual,False,,,,,2026-09-07T08:42:24.659182+02:00
NSR:StopPlace:369,Kvål stasjon,2026-09-07T06:08:00+02:00,2026-09-07T06:09:21+02:00,2026-09-07T06:09:21+02:00,81.0,1,Hamar,SJN:Line:25,Rørosbanen,R60,rail,SJN:ServiceJourney:2382_48224-R,True,actual,False,,,,,2026-09-07T08:42:24.659182+02:00
NSR:StopPlace:206,Mariero stasjon,2026-09-07T06:24:00+02:00,2026-09-07T06:25:21+02:00,2026-09-07T06:25:21+02:00,81.0,1,Nærbø,GOA:Line:59,Jærbanen,L5,rail,GOA:ServiceJourney:3010_63042-R,True,actual,False,,,,,2026-09-07T08:42:24.659182+02:00
NSR:StopPlace:62308,Alna stasjon,2026-09-07T07:48:00+02:00,2026-09-07T07:49:21+02:00,2026-09-07T07:49:21+02:00,81.0,1,Lillestrøm,VYG:Line:L1,Spikkestad-Oslo S-Lillestrøm,L1,rail,VYG:ServiceJourney:2212_764749-R,True,actual,False,Færre vogner,Denne avgangen kjører dessverre med 4 vogner i stedet for 8 vogner. Dette skyldes at vi mangler et togsett.,general,normal,2026-09-07T08:42:24.659182+02:00
NSR:StopPlace:6,Greverud stasjon,2026-09-07T23:03:00+02:00,2026-09-07T23:04:20+02:00,2026-09-07T23:04:20+02:00,80.0,1,Skøyen,VYG:Line:L2,Stabekk-Oslo S-Ski,L2,rail,VYG:ServiceJourney:2876-SKI_488402-R,True,actual,False,,,,,2026-09-08T00:20:52.129880+02:00
NSR:StopPlace:59648,Kjelsås stasjon,2026-09-07T22:55:00+02:00,2026-09-07T22:56:20+02:00,2026-09-07T22:56:20+02:00,80.0,1,Majorstuen,RUT:Line:25,Majorstuen-Haugerud,25,bus,RUT:ServiceJourney:dd0cf58b83b86306a662021c671a64ed,True,actual,False,,,,,2026-09-08T00:20:52.129880+02:00
NSR:StopPlace:59641,Fjellhamar stasjon,2026-09-07T22:47:00+02:00,2026-09-07T22:48:20+02:00,2026-09-07T22:48:20+02:00,80.0,1,Spikkestad,VYG:Line:L1,Spikkestad-Oslo S-Lillestrøm,L1,rail,VYG:ServiceJourney:2273_443707-R,True,actual,False,,,,,2026-09-08T00:20:52.129880+02:00
NSR:StopPlace:59652,Tøyen stasjon,2026-09-07T23:57:00+02:00,2026-09-07T23:58:20+02:00,2026-09-07T23:58:20+02:00,80.0,1,Tonsenhagen,RUT:Line:60,Vippetangen-Tonsenhagen,60,bus,RUT:ServiceJourney:fe2a5f2fbca3846e1cfbc0d90a52c92a,True,actual,False,,,,,2026-09-08T00:20:52.129880+02:00
NSR:StopPlace:58840,Vestfossen stasjon,2026-09-07T22:07:00+02:00,2026-09-07T22:08:20+02:00,2026-09-07T22:08:20+02:00,80.0,1,Kongsberg,VYG:Line:R12,Kongsberg-Oslo S-Eidsvoll,R12,rail,VYG:ServiceJourney:533_444342-R,True,actual,False,,,,,2026-09-08T00:20:52.129880+02:00
NSR:StopPlace:58861,Solbråtan stasjon,2026-09-07T23:38:00+02:00,2026-09-07T23:39:20+02:00,2026-09-07T23:39:20+02:00,80.0,1,Oslo S,VYG:Line:L2,Stabekk-Oslo S-Ski,L2,rail,VYG:ServiceJourney:2878_444121-R,True,actual,False,,,,,2026-09-08T00:20:52.129880+02:00
NSR:StopPlace:628,Darbu stasjon,2026-09-07T21:47:00+02:00,2026-09-07T21:48:20+02:00,2026-09-07T21:48:20+02:00,80.0,1,Eidsvoll,VYG:Line:R12,Kongsberg-Oslo S-Eidsvoll,R12,rail,VYG:ServiceJourney:536_444346-R,True,actual,False,,,,,2026-09-08T00:20:52.129880+02:00
NSR:StopPlace:61326,Gulskogen stasjon,2026-09-07T20:12:00+02:00,2026-09-07T20:13:20+02:00,2026-09-07T20:13:20+02:00,80.0,1,Eidsvoll,VYG:Line:R12,Kongsberg-Oslo S-Eidsvoll,R12,rail,VYG:ServiceJourney:532_444341-R,True,actual,False,,,,,2026-09-07T20:27:16.249662+02:00
NSR:StopPlace:61544,Tuen stasjon,2026-09-07T16:47:00+02:00,2026-09-07T16:48:20+02:00,2026-09-07T16:48:20+02:00,80.0,1,Kongsvinger,VYG:Line:R14,Asker-Oslo S-Kongsvinger,R14,rail,VYG:ServiceJourney:1053-HAV_442957-R,True,actual,False,,,,,2026-09-07T20:27:16.249662+02:00
NSR:StopPlace:59649,Nydalen stasjon,2026-09-07T18:16:00+02:00,2026-09-07T18:17:20+02:00,2026-09-07T18:17:20+02:00,80.0,1,Simensbråten,RUT:Line:23,Lysaker - Simensbråten,23,bus,RUT:ServiceJourney:705941ebffd85d2fb444e2ba6d1f4ded,True,actual,False,,,,,2026-09-07T20:27:16.249662+02:00
NSR:StopPlace:58852,Høn stasjon,2026-09-07T20:20:00+02:00,2026-09-07T20:21:20+02:00,2026-09-07T20:21:20+02:00,80.0,1,Lillestrøm,VYG:Line:L1,Spikkestad-Oslo S-Lillestrøm,L1,rail,VYG:ServiceJourney:2164_443574-R,True,actual,False,,,,,2026-09-07T20:27:16.249662+02:00
NSR:StopPlace:58854,Langhus stasjon,2026-09-07T17:57:00+02:00,2026-09-07T17:58:20+02:00,2026-09-07T17:58:20+02:00,80.0,1,Skøyen,VYG:Line:L2,Stabekk-Oslo S-Ski,L2,rail,VYG:ServiceJourney:2856-SKI_488390-R,True,actual,False,,,,,2026-09-07T20:27:16.249662+02:00
NSR:StopPlace:58860,Oppegård stasjon,2026-09-07T19:31:00+02:00,2026-09-07T19:32:20+02:00,2026-09-07T19:32:20+02:00,80.0,1,Ski stasjon,RUT:Line:580,Kolbotn - Ski,580,bus,RUT:ServiceJourney:22c3a13db5fde22186a93bc1374f57fd,True,actual,False,,,,,2026-09-07T20:27:16.249662+02:00
NSR:StopPlace:58884,Skien stasjon,2026-09-07T16:40:00+02:00,2026-09-07T16:41:20+02:00,2026-09-07T16:41:20+02:00,80.0,1,Seljord,TEL:Line:8181,Seljord-Bø-Skien,R1,bus,TEL:ServiceJourney:127098,True,actual,False,,,,,2026-09-07T20:27:16.249662+02:00
NSR:StopPlace:60053,Halden stasjon,2026-09-07T15:08:00+02:00,2026-09-07T15:09:20+02:00,2026-09-07T15:09:20+02:00,80.0,1,Halden sentrum,OST:Line:1_35,Næridsrød - Tistedal,35,bus,OST:ServiceJourney:35_260325121472356_20,True,actual,False,,,,,2026-09-07T15:44:36.205822+02:00
NSR:StopPlace:60077,Støren stasjon,2026-09-07T15:15:00+02:00,2026-09-07T15:16:20+02:00,2026-09-07T15:16:20+02:00,80.0,1,Trondheim S,ATB:Line:2_340,Trondheim - Støren,340,bus,ATB:ServiceJourney:340_260106098639880_25,True,actual,False,,,,,2026-09-07T15:44:36.205822+02:00
NSR:StopPlace:59243,Mo i Rana stasjon,2026-09-07T14:23:00+02:00,2026-09-07T14:24:20+02:00,2026-09-07T14:24:20+02:00,80.0,1,Grubbåsen,NOR:Line:12_8371,Grubbåsen - Båsmobakken/Skillevollen,1,bus,NOR:ServiceJourney:8371_251012124858576_2040,True,actual,False,,,,,2026-09-07T15:44:36.205822+02:00
NSR:StopPlace:58865,Vestby stasjon,2026-09-07T14:45:00+02:00,2026-09-07T14:46:20+02:00,2026-09-07T14:46:20+02:00,80.0,1,Moss,VYG:Line:R21,Stabekk-Oslo S-Moss,R21,rail,VYG:ServiceJourney:1137-HVK_443014-R,True,actual,False,,,,,2026-09-07T15:44:36.205822+02:00
NSR:StopPlace:58870,Holmestrand stasjon,2026-09-07T14:45:00+02:00,2026-09-07T14:46:20+02:00,2026-09-07T14:46:20+02:00,80.0,1,Gullhaug-Hof,VKT:Line:300,Holmestrand-Gullhaug-Hof,300,bus,VKT:ServiceJourney:14758,True,actual,False,,,,,2026-09-07T15:44:36.205822+02:00
NSR:StopPlace:398,Arna stasjon,2026-09-07T14:30:00+02:00,2026-09-07T14:31:20+02:00,2026-09-07T14:31:20+02:00,80.0,1,Voss,VYG:Line:R40,Bergen-Voss-Myrdal-Ål,R40,rail,VYG:ServiceJourney:1820_443407-R,True,actual,False,,,,,2026-09-07T15:44:36.205822+02:00
NSR:StopPlace:708,Stange stasjon,2026-09-07T14:34:00+02:00,2026-09-07T14:35:20+02:00,2026-09-07T14:35:20+02:00,80.0,1,Lillehammer,VYG:Line:RE10,Drammen-Oslo S-Lillehammer,RE10,rail,VYG:ServiceJourney:319-SUD_444192-R,True,actual,False,,,,,2026-09-07T15:44:36.205822+02:00
NSR:StopPlace:59620,Grorud stasjon,2026-09-07T06:49:00+02:00,2026-09-07T06:50:20+02:00,2026-09-07T06:50:20+02:00,80.0,1,Åsbråten,RUT:Line:79,Grorud T - Åsbråten,79,bus,RUT:ServiceJourney:16139adf84e0a489bc8cc44332caaa5b,True,actual,False,,,,,2026-09-07T08:42:24.659182+02:00
NSR:StopPlace:58950,Åsen stasjon,2026-09-07T06:33:00+02:00,2026-09-07T06:34:20+02:00,2026-09-07T06:34:20+02:00,80.0,1,Melhus skysstasjon,SJN:Line:26,Trønderbanen,R70,rail,SJN:ServiceJourney:422-STK_56051-R,True,actual,False,,,,,2026-09-07T08:42:24.659182+02:00
NSR:StopPlace:58930,Larvik stasjon,2026-09-07T06:55:00+02:00,2026-09-07T06:56:20+02:00,2026-09-07T06:56:20+02:00,80.0,1,Ekspress Tønsberg,VKT:Line:6,Ekspress Larvik-Tønsberg,6,bus,VKT:ServiceJourney:17764,True,actual,False,,,,,2026-09-07T08:42:24.659182+02:00
NSR:StopPlace:58795,Kambo stasjon,2026-09-07T05:30:00+02:00,2026-09-07T05:31:20+02:00,2026-09-07T05:31:20+02:00,80.0,1,Stabekk,VYG:Line:R21,Stabekk-Oslo S-Moss,R21,rail,VYG:ServiceJourney:1106-MOS_442977-R,True,actual,False,,,,,2026-09-07T08:42:24.659182+02:00
NSR:StopPlace:58853,Kolbotn stasjon,2026-09-07T06:37:00+02:00,2026-09-07T06:38:20+02:00,2026-09-07T06:38:20+02:00,80.0,1,Tårnåsen,RUT:Line:83,Jernbanetorget - Tårnåsen,83,bus,RUT:ServiceJourney:60d655952ea07388f561e000bf6afdb4,True,actual,False,Linje 80E og 83 får Hausmanns bru som ny endeholdeplass fra 29. juni,"Bussene stopper ikke på Jernbanetorget etter 29. juni, men starter og stopper på Hausmanns bru i Nylandsveien.",incident,normal,2026-09-07T08:42:24.659182+02:00
NSR:StopPlace:58855,Leirsund stasjon,2026-09-07T06:55:00+02:00,2026-09-07T06:56:20+02:00,2026-09-07T06:56:20+02:00,80.0,1,Drammen,VYG:Line:R13,Drammen-Oslo S-Dal,R13,rail,VYG:ServiceJourney:1608_443225-R,True,actual,False,,,,,2026-09-07T08:42:24.659182+02:00
NSR:StopPlace:58851,Heggedal stasjon,2026-09-07T08:24:00+02:00,2026-09-07T08:25:20+02:00,2026-09-07T08:25:20+02:00,80.0,1,Lillestrøm,VYG:Line:L1,Spikkestad-Oslo S-Lillestrøm,L1,rail,VYG:ServiceJourney:2218_443613-R,True,actual,False,,,,,2026-09-07T08:42:24.659182+02:00
NSR:StopPlace:58865,Vestby stasjon,2026-09-07T06:50:00+02:00,2026-09-07T06:51:20+02:00,2026-09-07T06:51:20+02:00,80.0,1,Moss,RUT:Line:540,Moss - Son - Vestby stasjon,540,bus,RUT:ServiceJourney:e6bd7df4d2e8d3a2c864da0132923ec4,True,actual,False,,,,,2026-09-07T08:42:24.659182+02:00
NSR:StopPlace:58860,Oppegård stasjon,2026-09-07T07:03:00+02:00,2026-09-07T07:04:20+02:00,2026-09-07T07:04:20+02:00,80.0,1,Jernbanetorget,RUT:Line:84,Jernbanetorget-Oppegård st.,84E,bus,RUT:ServiceJourney:6e5975c1087f5c8ccef0fc84933529ab,True,actual,False,,,,,2026-09-07T08:42:24.659182+02:00
NSR:StopPlace:63079,Skeiane stasjon,2026-09-07T06:05:00+02:00,2026-09-07T06:06:20+02:00,2026-09-07T06:06:20+02:00,80.0,1,Stavanger,GOA:Line:59,Jærbanen,L5,rail,GOA:ServiceJourney:3003_63034-R,True,actual,False,,,,,2026-09-07T08:42:24.659182+02:00
NSR:StopPlace:206,Mariero stasjon,2026-09-07T04:45:00+02:00,2026-09-07T04:46:20+02:00,2026-09-07T04:46:20+02:00,80.0,1,Egersund,GOA:Line:59,Jærbanen,L5,rail,GOA:ServiceJourney:3004_63035-R,True,actual,False,,,,,2026-09-07T08:42:24.659182+02:00
NSR:StopPlace:610,Sandvika stasjon,2026-09-07T06:40:00+02:00,2026-09-07T06:41:20+02:00,2026-09-07T06:41:20+02:00,80.0,1,Oslo Lufthavn,FLT:Line:FLY1,FLY1,FLY1,rail,FLT:ServiceJourney:1-2614-3715-20260907,True,actual,False,,,,,2026-09-07T08:42:24.659182+02:00
NSR:StopPlace:62094,Lindeberg stasjon,2026-09-07T07:37:00+02:00,2026-09-07T07:38:20+02:00,2026-09-07T07:38:20+02:00,80.0,1,Dal,VYG:Line:R13,Drammen-Oslo S-Dal,R13,rail,VYG:ServiceJourney:1609_443226-R,True,actual,False,,,,,2026-09-07T08:42:24.659182+02:00
NSR:StopPlace:58211,Oslo lufthavn,2026-09-07T02:15:00+02:00,2026-09-07T02:16:20+02:00,2026-09-07T02:16:20+02:00,80.0,1,Oslo sentrum via Helsfyr-Hasle-Bislett,NBU:Line:a7c15243-8873-4aee-a8b4-8d22e8ad31dc,Oslo sentrum via Helsfyr-Hasle-Bislett,FB5,bus,NBU:ServiceJourney:06e7211c-88da-48e8-a900-4d069a1d68f4,True,actual,False,,,,,2026-09-07T03:30:22.110925+02:00
NSR:StopPlace:58856,Lysaker stasjon,2026-09-08T01:06:00+02:00,2026-09-08T01:07:19+02:00,2026-09-08T01:07:19+02:00,79.0,1,Grorud T,RUT:Line:31,Snarøya - Fornebu - Tonsenhagen - Grorud,31,bus,RUT:ServiceJourney:b91ecb1ad0c661e7047f8fbe40597d09,True,actual,False,,,,,2026-09-08T03:39:50.209703+02:00
NSR:StopPlace:518,Bolstadøyri stasjon,2026-09-08T01:28:00+02:00,2026-09-08T01:29:19+02:00,2026-09-08T01:29:19+02:00,79.0,1,Voss,VYG:Line:R40,Bergen-Voss-Myrdal-Ål,R40,rail,VYG:ServiceJourney:1838_456880-R,True,actual,False,,,,,2026-09-08T03:39:50.209703+02:00
NSR:StopPlace:6,Greverud stasjon,2026-09-07T21:48:00+02:00,2026-09-07T21:49:19+02:00,2026-09-07T21:49:19+02:00,79.0,1,Stabekk,VYG:Line:L2,Stabekk-Oslo S-Ski,L2,rail,VYG:ServiceJourney:2772-SKI_443993-R,True,actual,False,,,,,2026-09-08T00:20:52.129880+02:00
NSR:StopPlace:59957,Klepp stasjon,2026-09-07T23:27:00+02:00,2026-09-07T23:28:19+02:00,2026-09-07T23:28:19+02:00,79.0,1,Verdalen via Kleppekrossen,KOL:Line:8_2024,59,59,bus,KOL:ServiceJourney:2024_260409073087086_2040,True,actual,False,,,,,2026-09-08T00:20:52.129880+02:00
NSR:StopPlace:59616,Asker stasjon,2026-09-07T21:20:00+02:00,2026-09-07T21:21:19+02:00,2026-09-07T21:21:19+02:00,79.0,1,Bråset,RUT:Line:260,Hyggen - Bråset -Slemmestad (- Asker),260,bus,RUT:ServiceJourney:2426cb0204ffe5011b5fb9d221454337,True,actual,False,,,,,2026-09-08T00:20:52.129880+02:00
NSR:StopPlace:59616,Asker stasjon,2026-09-07T21:39:00+02:00,2026-09-07T21:40:19+02:00,2026-09-07T21:40:19+02:00,79.0,1,Kongsvinger,VYG:Line:R14,Asker-Oslo S-Kongsvinger,R14,rail,VYG:ServiceJourney:1035_442947-R,True,actual,False,,,,,2026-09-08T00:20:52.129880+02:00
NSR:StopPlace:58963,Jessheim stasjon,2026-09-07T22:52:00+02:00,2026-09-07T22:53:19+02:00,2026-09-07T22:53:19+02:00,79.0,1,Årnes,RUT:Line:450,Årnes - Oslo lufthavn,450,bus,RUT:ServiceJourney:be64e533ce917745fa8d7e23930e4122,True,actual,False,,,,,2026-09-08T00:20:52.129880+02:00
NSR:StopPlace:58844,Eidsvoll stasjon,2026-09-07T22:01:00+02:00,2026-09-07T22:02:19+02:00,2026-09-07T22:02:19+02:00,79.0,1,Skien,VYG:Line:RE11,Eidsvoll-Oslo S-Skien,RE11,rail,VYG:ServiceJourney:837_444417-R,True,actual,False,,,,,2026-09-08T00:20:52.129880+02:00
NSR:StopPlace:58844,Eidsvoll stasjon,2026-09-07T22:15:00+02:00,2026-09-07T22:16:19+02:00,2026-09-07T22:16:19+02:00,79.0,1,Jessheim,RUT:Line:430,Eidsvoll - Jessheim,430,bus,RUT:ServiceJourney:fb2bbedb33d7d022f5b2eca9e4f28183,True,actual,False,,,,,2026-09-08T00:20:52.129880+02:00
NSR:StopPlace:58866,Vevelstad stasjon,2026-09-07T22:29:00+02:00,2026-09-07T22:30:19+02:00,2026-09-07T22:30:19+02:00,79.0,1,Oslo S,VYG:Line:L2,Stabekk-Oslo S-Ski,L2,rail,VYG:ServiceJourney:2874_444118-R,True,actual,False,,,,,2026-09-08T00:20:52.129880+02:00
NSR:StopPlace:61463,Nordstrand stasjon,2026-09-07T19:52:00+02:00,2026-09-07T19:53:19+02:00,2026-09-07T19:53:19+02:00,79.0,1,Ski,VYG:Line:L2,Stabekk-Oslo S-Ski,L2,rail,VYG:ServiceJourney:2759-HVK_443972-R,True,actual,False,,,,,2026-09-07T20:27:16.249662+02:00
NSR:StopPlace:61387,Skogn stasjon,2026-09-07T17:22:00+02:00,2026-09-07T17:23:19+02:00,2026-09-07T17:23:19+02:00,79.0,1,Lundamo,SJN:Line:26,Trønderbanen,R70,rail,SJN:ServiceJourney:444_56073-R,True,actual,False,,,,,2026-09-07T20:27:16.249662+02:00
NSR:StopPlace:59642,Rånåsfoss stasjon,2026-09-07T19:39:00+02:00,2026-09-07T19:40:19+02:00,2026-09-07T19:40:19+02:00,79.0,1,Kongsvinger,VYG:Line:R14,Asker-Oslo S-Kongsvinger,R14,rail,VYG:ServiceJourney:1029_442939-R,True,actual,False,,,,,2026-09-07T20:27:16.249662+02:00
NSR:StopPlace:58964,Kløfta stasjon,2026-09-07T19:44:00+02:00,2026-09-07T19:45:19+02:00,2026-09-07T19:45:19+02:00,79.0,1,Drammen,VYG:Line:R13,Drammen-Oslo S-Dal,R13,rail,VYG:ServiceJourney:1660_443344-R,True,actual,False,,,,,2026-09-07T20:27:16.249662+02:00
NSR:StopPlace:58830,Brakerøya stasjon,2026-09-07T19:51:00+02:00,2026-09-07T19:52:19+02:00,2026-09-07T19:52:19+02:00,79.0,1,Drammen,VYG:Line:R13,Drammen-Oslo S-Dal,R13,rail,VYG:ServiceJourney:1656_443335-R,True,actual,False,,,,,2026-09-07T20:27:16.249662+02:00
NSR:StopPlace:58845,Eidsvoll verk stasjon,2026-09-07T20:05:00+02:00,2026-09-07T20:06:19+02:00,2026-09-07T20:06:19+02:00,79.0,1,Skien,VYG:Line:RE11,Eidsvoll-Oslo S-Skien,RE11,rail,VYG:ServiceJourney:833_444413-R,True,actual,False,Færre vogner,Denne avgangen kjører dessverre med 5 vogner i stedet for 10 vogner. Dette skyldes at vi mangler et togsett.,general,normal,2026-09-07T20:27:16.249662+02:00
NSR:StopPlace:58850,Hauerseter stasjon,2026-09-07T19:30:00+02:00,2026-09-07T19:31:19+02:00,2026-09-07T19:31:19+02:00,79.0,1,Drammen,VYG:Line:R13,Drammen-Oslo S-Dal,R13,rail,VYG:ServiceJourney:1660_443344-R,True,actual,False,,,,,2026-09-07T20:27:16.249662+02:00
NSR:StopPlace:58851,Heggedal stasjon,2026-09-07T17:59:00+02:00,2026-09-07T18:00:19+02:00,2026-09-07T18:00:19+02:00,79.0,1,Rustadgrenda,RUT:Line:286,Rustadgrenda-Heggedal,286,bus,RUT:ServiceJourney:179f14ef54e4452f8ccb0791a5611f13,True,actual,False,,,,,2026-09-07T20:27:16.249662+02:00
NSR:StopPlace:58865,Vestby stasjon,2026-09-07T17:50:00+02:00,2026-09-07T17:51:19+02:00,2026-09-07T17:51:19+02:00,79.0,1,Moss,RUT:Line:540,Moss - Son - Vestby stasjon,540,bus,RUT:ServiceJourney:a35a9055be7e24d64667d6d2aea274f1,True,actual,False,,,,,2026-09-07T20:27:16.249662+02:00
NSR:StopPlace:58860,Oppegård stasjon,2026-09-07T17:16:00+02:00,2026-09-07T17:17:19+02:00,2026-09-07T17:17:19+02:00,79.0,1,Stabekk,VYG:Line:L2,Stabekk-Oslo S-Ski,L2,rail,VYG:ServiceJourney:2754-SKI_443965-R,True,actual,False,,,,,2026-09-07T20:27:16.249662+02:00
NSR:StopPlace:62295,Stanghelle stasjon,2026-09-07T19:06:00+02:00,2026-09-07T19:07:19+02:00,2026-09-07T19:07:19+02:00,79.0,1,Voss,VYG:Line:R40,Bergen-Voss-Myrdal-Ål,R40,rail,VYG:ServiceJourney:1828_481200-R,True,actual,False,,,,,2026-09-07T20:27:16.249662+02:00
NSR:StopPlace:61169,Marienborg stasjon,2026-09-07T14:22:00+02:00,2026-09-07T14:23:19+02:00,2026-09-07T14:23:19+02:00,79.0,1,Østmarka via Lerkendal-Strindh.,ATB:Line:2_13,Østmarka - Strindheim - Lerkendal - Havstad,13,bus,ATB:ServiceJourney:13_251215112552665_77,True,actual,False,,,,,2026-09-07T15:44:36.205822+02:00
NSR:StopPlace:60047,Melhus skysstasjon,2026-09-07T14:45:00+02:00,2026-09-07T14:46:19+02:00,2026-09-07T14:46:19+02:00,79.0,1,Gåsbakken skole,ATB:Line:2_504,Melhus - Hølonda,504,bus,ATB:ServiceJourney:504_260106098642216_16,True,actual,False,Linje 82 og 504,Avvikende kjøring for linje 82 og 504 pga Hølondvegen er stengt. ,general,normal,2026-09-07T15:44:36.205822+02:00
NSR:StopPlace:59639,Sonsveien stasjon,2026-09-07T14:51:00+02:00,2026-09-07T14:52:19+02:00,2026-09-07T14:52:19+02:00,79.0,1,Moss,VYG:Line:R21,Stabekk-Oslo S-Moss,R21,rail,VYG:ServiceJourney:1137-HVK_443014-R,True,actual,False,,,,,2026-09-07T15:44:36.205822+02:00
NSR:StopPlace:58797,Mysen stasjon,2026-09-07T14:10:00+02:00,2026-09-07T14:11:19+02:00,2026-09-07T14:11:19+02:00,79.0,1,Rakkestad-Halden,OST:Line:1_634,Mysen-Rakkestad-Halden,634,bus,OST:ServiceJourney:634_260827075740649_10,True,actual,False,,,,,2026-09-07T15:44:36.205822+02:00
NSR:StopPlace:58798,Rakkestad stasjon,2026-09-07T14:37:00+02:00,2026-09-07T14:38:19+02:00,2026-09-07T14:38:19+02:00,79.0,1,Halden,OST:Line:1_634,Mysen-Rakkestad-Halden,634,bus,OST:ServiceJourney:634_260827075740649_10,True,actual,False,,,,,2026-09-07T15:44:36.205822+02:00
NSR:StopPlace:58804,Alvdal stasjon,2026-09-07T14:41:00+02:00,2026-09-07T14:42:19+02:00,2026-09-07T14:42:19+02:00,79.0,1,Trondheim S,SJN:Line:25,Rørosbanen,R60,rail,SJN:ServiceJourney:2385_30335-R,True,actual,False,,,,,2026-09-07T15:44:36.205822+02:00
NSR:StopPlace:702,Sandnes sentrum stasjon,2026-09-07T14:09:00+02:00,2026-09-07T14:10:19+02:00,2026-09-07T14:10:19+02:00,79.0,1,Egersund,GOA:Line:59,Jærbanen,L5,rail,GOA:ServiceJourney:3040_63080-R,True,actual,False,,,,,2026-09-07T15:44:36.205822+02:00
NSR:StopPlace:61460,Flaten stasjon,2026-09-07T06:43:00+02:00,2026-09-07T06:44:19+02:00,2026-09-07T06:44:19+02:00,79.0,1,Nelaug,GOA:Line:53,Sørtoget lokal,R50,rail,GOA:ServiceJourney:2062_63015-R,True,actual,False,,,,,2026-09-07T08:42:24.659182+02:00
NSR:StopPlace:61465,Rise stasjon,2026-09-07T06:23:00+02:00,2026-09-07T06:24:19+02:00,2026-09-07T06:24:19+02:00,79.0,1,Nelaug,GOA:Line:53,Sørtoget lokal,R50,rail,GOA:ServiceJourney:2062_63015-R,True,actual,False,,,,,2026-09-07T08:42:24.659182+02:00
NSR:StopPlace:61314,Hovin stasjon,2026-09-07T06:26:00+02:00,2026-09-07T06:27:19+02:00,2026-09-07T06:27:19+02:00,79.0,1,Hamar,SJN:Line:25,Rørosbanen,R60,rail,SJN:ServiceJourney:2382_48224-R,True,actual,False,,,,,2026-09-07T08:42:24.659182+02:00
NSR:StopPlace:41,Hanaborg stasjon,2026-09-07T05:49:00+02:00,2026-09-07T05:50:19+02:00,2026-09-07T05:50:19+02:00,79.0,1,Spikkestad,VYG:Line:L1,Spikkestad-Oslo S-Lillestrøm,L1,rail,VYG:ServiceJourney:2205_443593-R,True,actual,False,Færre vogner,Denne avgangen kjører dessverre med 4 vogner i stedet for 8 vogner. Dette skyldes at vi mangler et togsett.,general,normal,2026-09-07T08:42:24.659182+02:00
NSR:StopPlace:59649,Nydalen stasjon,2026-09-07T07:31:00+02:00,2026-09-07T07:32:19+02:00,2026-09-07T07:32:19+02:00,79.0,1,Brynseng,RUT:Line:24,Fornebu vest - Brynseng T,24,bus,RUT:ServiceJourney:7324773a58ce5f0c6cb7a86dbf159ac3,True,actual,False,,,,,2026-09-07T08:42:24.659182+02:00
NSR:StopPlace:59652,Tøyen stasjon,2026-09-07T07:24:00+02:00,2026-09-07T07:25:19+02:00,2026-09-07T07:25:19+02:00,79.0,1,Tonsenhagen,RUT:Line:60,Vippetangen-Tonsenhagen,60,bus,RUT:ServiceJourney:cdf5ccb7dea2609c20ddd0584195ccb5,True,actual,False,,,,,2026-09-07T08:42:24.659182+02:00
NSR:StopPlace:58952,Bodø stasjon,2026-09-07T07:02:00+02:00,2026-09-07T07:03:19+02:00,2026-09-07T07:03:19+02:00,79.0,1,Bodø lufthavn,NOR:Line:12_8400,Kjerringøy - Festvåg - Skaug - Bodø,400,bus,NOR:ServiceJourney:8400_251012124900650_1001,True,actual,False,,,,,2026-09-07T08:42:24.659182+02:00
NSR:StopPlace:58925,Gausel stasjon,2026-09-07T04:51:00+02:00,2026-09-07T04:52:19+02:00,2026-09-07T04:52:19+02:00,79.0,1,Egersund,GOA:Line:59,Jærbanen,L5,rail,GOA:ServiceJourney:3004_63035-R,True,actual,False,,,,,2026-09-07T08:42:24.659182+02:00
NSR:StopPlace:58925,Gausel stasjon,2026-09-07T06:02:00+02:00,2026-09-07T06:03:19+02:00,2026-09-07T06:03:19+02:00,79.0,1,Stavanger,KOL:Line:8_1003,2,2,bus,KOL:ServiceJourney:1003_251008123091304_2003,True,actual,False,,,,,2026-09-07T08:42:24.659182+02:00
NSR:StopPlace:58836,Mjøndalen stasjon,2026-09-07T08:07:00+02:00,2026-09-07T08:08:19+02:00,2026-09-07T08:08:19+02:00,79.0,1,Hovjordet,BRA:Line:4_6054,Mjøndalen - Hovjordet,54,bus,BRA:ServiceJourney:6054_260415100162415_1009,True,actual,False,,,,,2026-09-07T08:42:24.659182+02:00
NSR:StopPlace:58838,Røyken stasjon,2026-09-07T07:03:00+02:00,2026-09-07T07:04:19+02:00,2026-09-07T07:04:19+02:00,79.0,1,Bråset,RUT:Line:260,Hyggen - Bråset -Slemmestad (- Asker),260,bus,RUT:ServiceJourney:315928e15186313338f76d1e7514656d,True,actual,False,,,,,2026-09-07T08:42:24.659182+02:00
NSR:StopPlace:58839,Steinberg stasjon,2026-09-07T07:20:00+02:00,2026-09-07T07:21:19+02:00,2026-09-07T07:21:19+02:00,79.0,1,Dal,VYG:Line:R13,Drammen-Oslo S-Dal,R13,rail,VYG:ServiceJourney:1613_443239-R,True,actual,False,,,,,2026-09-07T08:42:24.659182+02:00
NSR:StopPlace:58845,Eidsvoll verk stasjon,2026-09-07T08:31:00+02:00,2026-09-07T08:32:19+02:00,2026-09-07T08:32:19+02:00,79.0,1,Jessheim,RUT:Line:430,Eidsvoll - Jessheim,430,bus,RUT:ServiceJourney:9df67cd0e07f645e231c70a6c7ffbef4,True,actual,False,,,,,2026-09-07T08:42:24.659182+02:00
NSR:StopPlace:58865,Vestby stasjon,2026-09-07T07:50:00+02:00,2026-09-07T07:51:19+02:00,2026-09-07T07:51:19+02:00,79.0,1,Steinerskolen Moss,RUT:Line:540,Moss - Son - Vestby stasjon,540,bus,RUT:ServiceJourney:c04e31caade368c43963a29416b91e3a,True,actual,False,,,,,2026-09-07T08:42:24.659182+02:00
NSR:StopPlace:58868,Årnes stasjon,2026-09-07T07:48:00+02:00,2026-09-07T07:49:19+02:00,2026-09-07T07:49:19+02:00,79.0,1,Jessheim vgs.,RUT:Line:450,Årnes - Oslo lufthavn,450,bus,RUT:ServiceJourney:14f118f3c6f0d4c2d6ac6ee6092135cc,True,actual,False,,,,,2026-09-07T08:42:24.659182+02:00
NSR:StopPlace:58869,Ås stasjon,2026-09-07T06:20:00+02:00,2026-09-07T06:21:19+02:00,2026-09-07T06:21:19+02:00,79.0,1,Dyster/Eldor,RUT:Line:536,Dyster/Eldor - Ås stasjon,536,bus,RUT:ServiceJourney:e80d0226bb02e831e9556c89fcfa4259,True,actual,False,,,,,2026-09-07T08:42:24.659182+02:00
NSR:StopPlace:58211,Oslo lufthavn,2026-09-07T06:21:00+02:00,2026-09-07T06:22:19+02:00,2026-09-07T06:22:19+02:00,79.0,1,Oslo bussterminal,RUT:Line:400,Oslo lufthavn - Veståsen - Olavsgaard - Oslo,400,bus,RUT:ServiceJourney:9573eb1fd903042070349f29d1712bb2,True,actual,False,,,,,2026-09-07T08:42:24.659182+02:00
NSR:StopPlace:362,Jåttåvågen stasjon,2026-09-07T05:22:00+02:00,2026-09-07T05:23:19+02:00,2026-09-07T05:23:19+02:00,79.0,1,Egersund,GOA:Line:59,Jærbanen,L5,rail,GOA:ServiceJourney:3006_63037-R,True,actual,False,,,,,2026-09-07T08:42:24.659182+02:00
NSR:StopPlace:62308,Alna stasjon,2026-09-07T07:33:00+02:00,2026-09-07T07:34:19+02:00,2026-09-07T07:34:19+02:00,79.0,1,Lillestrøm,VYG:Line:L1,Spikkestad-Oslo S-Lillestrøm,L1,rail,VYG:ServiceJourney:2110_443515-R,True,actual,False,,,,,2026-09-07T08:42:24.659182+02:00
NSR:StopPlace:62310,Brusand stasjon,2026-09-07T06:44:00+02:00,2026-09-07T06:45:19+02:00,2026-09-07T06:45:19+02:00,79.0,1,Egersund,GOA:Line:59,Jærbanen,L5,rail,GOA:ServiceJourney:3008_63040-R,True,actual,False,,,,,2026-09-07T08:42:24.659182+02:00
NSR:StopPlace:62370,Selsbakk stasjon,2026-09-07T07:28:00+02:00,2026-09-07T07:29:19+02:00,2026-09-07T07:29:19+02:00,79.0,1,Trondheim S,SJN:Line:25,Rørosbanen,R60,rail,SJN:ServiceJourney:411_37676-R,True,actual,False,,,,,2026-09-07T08:42:24.659182+02:00
NSR:StopPlace:58856,Lysaker stasjon,2026-09-07T02:06:00+02:00,2026-09-07T02:07:19+02:00,2026-09-07T02:07:19+02:00,79.0,1,Grorud T,RUT:Line:31,Snarøya - Fornebu - Tonsenhagen - Grorud,31,bus,RUT:ServiceJourney:4d0d391ef662b1d2f0e6d76391ce6c15,True,actual,False,,,,,2026-09-07T03:30:22.110925+02:00
NSR:StopPlace:59647,Dal stasjon,2026-09-07T23:54:00+02:00,2026-09-07T23:55:18+02:00,2026-09-07T23:55:18+02:00,78.0,1,Drammen,VYG:Line:R13,Drammen-Oslo S-Dal,R13,rail,VYG:ServiceJourney:1678_443382-R,True,actual,False,,,,,2026-09-08T00:20:52.129880+02:00
NSR:StopPlace:59643,Grefsen stasjon,2026-09-07T22:34:00+02:00,2026-09-07T22:35:18+02:00,2026-09-07T22:35:18+02:00,78.0,1,Simensbråten,RUT:Line:23,Lysaker - Simensbråten,23,bus,RUT:ServiceJourney:0992cfe67c9c695e71dec7d01f8bf1a1,True,actual,False,,,,,2026-09-08T00:20:52.129880+02:00
NSR:StopPlace:59650,Nyland stasjon,2026-09-07T23:59:00+02:00,2026-09-08T00:00:18+02:00,2026-09-08T00:00:18+02:00,78.0,1,Spikkestad,VYG:Line:L1,Spikkestad-Oslo S-Lillestrøm,L1,rail,VYG:ServiceJourney:2277_443713-R,True,actual,False,,,,,2026-09-08T00:20:52.129880+02:00
NSR:StopPlace:58930,Larvik stasjon,2026-09-07T22:33:00+02:00,2026-09-07T22:34:18+02:00,2026-09-07T22:34:18+02:00,78.0,1,Skien,VYG:Line:RE11,Eidsvoll-Oslo S-Skien,RE11,rail,VYG:ServiceJourney:833_444413-R,True,actual,False,Færre vogner,Denne avgangen kjører dessverre med 5 vogner i stedet for 10 vogner. Dette skyldes at vi mangler et togsett.,general,normal,2026-09-08T00:20:52.129880+02:00
NSR:StopPlace:58795,Kambo stasjon,2026-09-07T22:55:00+02:00,2026-09-07T22:56:18+02:00,2026-09-07T22:56:18+02:00,78.0,1,Moss,VYG:Line:R21,Stabekk-Oslo S-Moss,R21,rail,VYG:ServiceJourney:1169-HVK_443062-R,True,actual,False,,,,,2026-09-08T00:20:52.129880+02:00
NSR:StopPlace:58860,Oppegård stasjon,2026-09-08T00:16:00+02:00,2026-09-08T00:17:18+02:00,2026-09-08T00:17:18+02:00,78.0,1,Stabekk,VYG:Line:L2,Stabekk-Oslo S-Ski,L2,rail,VYG:ServiceJourney:2782-SKI_444011-R,True,actual,False,,,,,2026-09-08T00:20:52.129880+02:00
NSR:StopPlace:58211,Oslo lufthavn,2026-09-07T21:15:00+02:00,2026-09-07T21:16:18+02:00,2026-09-07T21:16:18+02:00,78.0,1,Oslo sentrum via Helsfyr-Hasle-Bislett,NBU:Line:a7c15243-8873-4aee-a8b4-8d22e8ad31dc,Oslo sentrum via Helsfyr-Hasle-Bislett,FB5,bus,NBU:ServiceJourney:8e29bd79-1439-4b1a-9358-8b52fe2946b3,True,actual,False,,,,,2026-09-08T00:20:52.129880+02:00
NSR:StopPlace:61707,Jevnaker stasjon,2026-09-07T17:32:00+02:00,2026-09-07T17:33:18+02:00,2026-09-07T17:33:18+02:00,78.0,1,Hønefoss over Eggemoen,INN:Line:113,Toso-Jevnaker-Hønefoss,113,bus,INN:ServiceJourney:70988,True,actual,False,,,,,2026-09-07T20:27:16.249662+02:00
NSR:StopPlace:59652,Tøyen stasjon,2026-09-07T19:39:00+02:00,2026-09-07T19:40:18+02:00,2026-09-07T19:40:18+02:00,78.0,1,Tonsenhagen,RUT:Line:60,Vippetangen-Tonsenhagen,60,bus,RUT:ServiceJourney:0f7bea0e9e1e0f168da81c1b2ebf85e1,True,actual,False,,,,,2026-09-07T20:27:16.249662+02:00
NSR:StopPlace:58948,Stjørdal stasjon,2026-09-07T19:00:00+02:00,2026-09-07T19:01:18+02:00,2026-09-07T19:01:18+02:00,78.0,1,Steinkjer,SJN:Line:26,Trønderbanen,R70,rail,SJN:ServiceJourney:447_56076-R,True,actual,False,,,,,2026-09-07T20:27:16.249662+02:00
NSR:StopPlace:58835,Lier stasjon,2026-09-07T19:47:00+02:00,2026-09-07T19:48:18+02:00,2026-09-07T19:48:18+02:00,78.0,1,Drammen,VYG:Line:R13,Drammen-Oslo S-Dal,R13,rail,VYG:ServiceJourney:1656_443335-R,True,actual,False,,,,,2026-09-07T20:27:16.249662+02:00
NSR:StopPlace:58845,Eidsvoll verk stasjon,2026-09-07T19:00:00+02:00,2026-09-07T19:01:18+02:00,2026-09-07T19:01:18+02:00,78.0,1,Eidsvoll,RUT:Line:430,Eidsvoll - Jessheim,430,bus,RUT:ServiceJourney:4c102f7900f6e9021e2236075ec52ff2,True,actual,False,,,,,2026-09-07T20:27:16.249662+02:00
NSR:StopPlace:58865,Vestby stasjon,2026-09-07T20:15:00+02:00,2026-09-07T20:16:18+02:00,2026-09-07T20:16:18+02:00,78.0,1,Moss,VYG:Line:R21,Stabekk-Oslo S-Moss,R21,rail,VYG:ServiceJourney:1159-HVK_443046-R,True,actual,False,,,,,2026-09-07T20:27:16.249662+02:00
NSR:StopPlace:59650,Nyland stasjon,2026-09-07T14:21:00+02:00,2026-09-07T14:22:18+02:00,2026-09-07T14:22:18+02:00,78.0,1,Lillestrøm,VYG:Line:L1,Spikkestad-Oslo S-Lillestrøm,L1,rail,VYG:ServiceJourney:2238_443647-R,True,actual,False,Færre vogner,Denne avgangen kjører dessverre med 4 vogner i stedet for 8 vogner. Dette skyldes at vi mangler et togsett.,general,normal,2026-09-07T15:44:36.205822+02:00
NSR:StopPlace:58860,Oppegård stasjon,2026-09-07T14:46:00+02:00,2026-09-07T14:47:18+02:00,2026-09-07T14:47:18+02:00,78.0,1,Stabekk,VYG:Line:L2,Stabekk-Oslo S-Ski,L2,rail,VYG:ServiceJourney:2744-SKI_443954-R,True,actual,False,,,,,2026-09-07T15:44:36.205822+02:00
NSR:StopPlace:58873,Skoppum stasjon,2026-09-07T15:00:00+02:00,2026-09-07T15:01:18+02:00,2026-09-07T15:01:18+02:00,78.0,1,Holtandalen-Horten,VKT:Line:40,Horten-Holtandalen-Skoppum,40,bus,VKT:ServiceJourney:17435,True,actual,False,,,,,2026-09-07T15:44:36.205822+02:00
NSR:StopPlace:58886,Arendal stasjon,2026-09-07T15:09:00+02:00,2026-09-07T15:10:18+02:00,2026-09-07T15:10:18+02:00,78.0,1,Tromøy Vest,AKT:Line:103,Tromøy Vest-Arendal-Hisøy,103,bus,AKT:ServiceJourney:83639_132_50_106200_108840_40001024,True,actual,False,,,,,2026-09-07T15:44:36.205822+02:00
NSR:StopPlace:398,Arna stasjon,2026-09-07T14:42:00+02:00,2026-09-07T14:43:18+02:00,2026-09-07T14:43:18+02:00,78.0,1,Bergen,VYG:Line:L4,Bergen-Arna,L4,rail,VYG:ServiceJourney:2639_443854-R,True,actual,False,,,,,2026-09-07T15:44:36.205822+02:00
NSR:StopPlace:62379,Bergsgrav stasjon,2026-09-07T15:03:00+02:00,2026-09-07T15:04:18+02:00,2026-09-07T15:04:18+02:00,78.0,1,Ler,SJN:Line:26,Trønderbanen,R70,rail,SJN:ServiceJourney:440_56069-R,True,actual,False,,,,,2026-09-07T15:44:36.205822+02:00
NSR:StopPlace:61463,Nordstrand stasjon,2026-09-07T07:37:00+02:00,2026-09-07T07:38:18+02:00,2026-09-07T07:38:18+02:00,78.0,1,Stabekk,VYG:Line:L2,Stabekk-Oslo S-Ski,L2,rail,VYG:ServiceJourney:2714-SKI_443920-R,True,actual,False,,,,,2026-09-07T08:42:24.659182+02:00
NSR:StopPlace:61334,Ogna stasjon,2026-09-07T05:57:00+02:00,2026-09-07T05:58:18+02:00,2026-09-07T05:58:18+02:00,78.0,1,Stavanger,GOA:Line:59,Jærbanen,L5,rail,GOA:ServiceJourney:3005_63036-R,True,actual,False,,,,,2026-09-07T08:42:24.659182+02:00
NSR:StopPlace:60640,Heimdal stasjon,2026-09-07T06:46:00+02:00,2026-09-07T06:47:18+02:00,2026-09-07T06:47:18+02:00,78.0,1,Torgård via Tillerringen,ATB:Line:2_16,Flatåsen- Heimdal- Torgård,16,bus,ATB:ServiceJourney:16_251215112550518_4,True,actual,False,,,,,2026-09-07T08:42:24.659182+02:00
NSR:StopPlace:59654,Stabekk stasjon,2026-09-07T06:52:00+02:00,2026-09-07T06:53:18+02:00,2026-09-07T06:53:18+02:00,78.0,1,Fornebu,RUT:Line:145,Bekkestua - Fornebu,145,bus,RUT:ServiceJourney:58c8d04768d6fe2372ee45726d17c17f,True,actual,False,,,,,2026-09-07T08:42:24.659182+02:00
NSR:StopPlace:60077,Støren stasjon,2026-09-07T05:12:00+02:00,2026-09-07T05:13:18+02:00,2026-09-07T05:13:18+02:00,78.0,1,Steinkjer,SJN:Line:26,Trønderbanen,R70,rail,SJN:ServiceJourney:423_56052-R,True,actual,False,,,,,2026-09-07T08:42:24.659182+02:00
NSR:StopPlace:58921,Vennesla stasjon,2026-09-07T07:38:00+02:00,2026-09-07T07:39:18+02:00,2026-09-07T07:39:18+02:00,78.0,1,Vennesla - Samkom,AKT:Line:31,Kvadraturen - Sødal - Vennesla,31,bus,AKT:ServiceJourney:79641_61_48_52200_54600_3950303,True,actual,False,,,,,2026-09-07T08:42:24.659182+02:00
NSR:StopPlace:58925,Gausel stasjon,2026-09-07T06:14:00+02:00,2026-09-07T06:15:18+02:00,2026-09-07T06:15:18+02:00,78.0,1,Skeiane,GOA:Line:59,Jærbanen,L5,rail,GOA:ServiceJourney:3106_63151-R,True,actual,False,,,,,2026-09-07T08:42:24.659182+02:00
NSR:StopPlace:58925,Gausel stasjon,2026-09-07T06:52:00+02:00,2026-09-07T06:53:18+02:00,2026-09-07T06:53:18+02:00,78.0,1,Stavanger,KOL:Line:8_1003,2,2,bus,KOL:ServiceJourney:1003_251008123091878_2011,True,actual,False,,,,,2026-09-07T08:42:24.659182+02:00
NSR:StopPlace:58930,Larvik stasjon,2026-09-07T07:39:00+02:00,2026-09-07T07:40:18+02:00,2026-09-07T07:40:18+02:00,78.0,1,Veldre,VKT:Line:3,Busk-Sandefjord-Larvik-Veldre,3,bus,VKT:ServiceJourney:17468,True,actual,False,,,,,2026-09-07T08:42:24.659182+02:00
NSR:StopPlace:58936,Skatval stasjon,2026-09-07T07:03:00+02:00,2026-09-07T07:04:18+02:00,2026-09-07T07:04:18+02:00,78.0,1,Steinkjer,SJN:Line:26,Trønderbanen,R70,rail,SJN:ServiceJourney:423_56052-R,True,actual,False,,,,,2026-09-07T08:42:24.659182+02:00
NSR:StopPlace:58836,Mjøndalen stasjon,2026-09-07T06:36:00+02:00,2026-09-07T06:37:18+02:00,2026-09-07T06:37:18+02:00,78.0,1,Drammen sykehus,BRA:Line:4_6001,Drammen sykehus Brakerøya - Sørensvingen / Mjøndalen,1,bus,BRA:ServiceJourney:6001_260415100161791_1018,True,actual,False,,,,,2026-09-07T08:42:24.659182+02:00
NSR:StopPlace:58846,Fetsund stasjon,2026-09-07T06:22:00+02:00,2026-09-07T06:23:18+02:00,2026-09-07T06:23:18+02:00,78.0,1,Kongsvinger,VYG:Line:R14,Asker-Oslo S-Kongsvinger,R14,rail,VYG:ServiceJourney:1003_442908-R,True,actual,False,,,,,2026-09-07T08:42:24.659182+02:00
NSR:StopPlace:58858,Nittedal stasjon,2026-09-07T06:27:00+02:00,2026-09-07T06:28:18+02:00,2026-09-07T06:28:18+02:00,78.0,1,Oslo S,VYG:Line:R31,Skøyen-Jaren-Gjøvik,R31,rail,VYG:ServiceJourney:BUS-242_655544-R,True,actual,False,,,,,2026-09-07T08:42:24.659182+02:00
NSR:StopPlace:58868,Årnes stasjon,2026-09-07T06:04:00+02:00,2026-09-07T06:05:18+02:00,2026-09-07T06:05:18+02:00,78.0,1,Oslo lufthavn,RUT:Line:450,Årnes - Oslo lufthavn,450,bus,RUT:ServiceJourney:82a155c0147c215d887578afec5175d3,True,actual,False,,,,,2026-09-07T08:42:24.659182+02:00
NSR:StopPlace:58870,Holmestrand stasjon,2026-09-07T07:25:00+02:00,2026-09-07T07:26:18+02:00,2026-09-07T07:26:18+02:00,78.0,1,Hvitstein-Gullhaug,VKT:Line:31,Gullhaug-Kleiverud-Holmestrand,31,bus,VKT:ServiceJourney:14964,True,actual,False,,,,,2026-09-07T08:42:24.659182+02:00
NSR:StopPlace:58884,Skien stasjon,2026-09-07T08:06:00+02:00,2026-09-07T08:07:18+02:00,2026-09-07T08:07:18+02:00,78.0,1,Skjelsvik via Klyve,TEL:Line:8043,Skien-Klyve-Skjelsvik,M3,bus,TEL:ServiceJourney:127158,True,actual,False,,,,,2026-09-07T08:42:24.659182+02:00
NSR:StopPlace:58884,Skien stasjon,2026-09-07T08:14:00+02:00,2026-09-07T08:15:18+02:00,2026-09-07T08:15:18+02:00,78.0,1,Skien Landmannstorget,TEL:Line:8894,Eriksrød-Stulen-Ås-Skien,94,bus,TEL:ServiceJourney:127984,True,actual,False,,,,,2026-09-07T08:42:24.659182+02:00
NSR:StopPlace:58810,Løten stasjon,2026-09-07T07:18:00+02:00,2026-09-07T07:19:18+02:00,2026-09-07T07:19:18+02:00,78.0,1,Nordbygda,INN:Line:693,Løten - Nordbygda - Løten,693,bus,INN:ServiceJourney:84306,True,actual,False,,,,,2026-09-07T08:42:24.659182+02:00
NSR:StopPlace:58813,Skarnes stasjon,2026-09-07T06:17:00+02:00,2026-09-07T06:18:18+02:00,2026-09-07T06:18:18+02:00,78.0,1,Asker,VYG:Line:R14,Asker-Oslo S-Kongsvinger,R14,rail,VYG:ServiceJourney:1052-KVG_442956-R,True,actual,False,,,,,2026-09-07T08:42:24.659182+02:00
NSR:StopPlace:58826,Reinsvoll stasjon,2026-09-07T05:50:00+02:00,2026-09-07T05:51:18+02:00,2026-09-07T05:51:18+02:00,78.0,1,Roa,VYG:Line:RE30,Oslo S-Gjøvik,RE30,rail,VYG:ServiceJourney:1204-GJOe_589110-R,True,actual,False,Heis på Reinsvoll ute av drift,Heisen på Reinsvoll til spor 1 og 2 er ute av drift.,general,normal,2026-09-07T08:42:24.659182+02:00
NSR:StopPlace:58211,Oslo lufthavn,2026-09-07T05:13:00+02:00,2026-09-07T05:14:18+02:00,2026-09-07T05:14:18+02:00,78.0,1,Skien,VYG:Line:RE11,Eidsvoll-Oslo S-Skien,RE11,rail,VYG:ServiceJourney:300-803-HHS_658721-R,True,actual,False,,,,,2026-09-07T08:42:24.659182+02:00
NSR:StopPlace:62392,Slependen stasjon,2026-09-07T06:49:00+02:00,2026-09-07T06:50:18+02:00,2026-09-07T06:50:18+02:00,78.0,1,Asker,VYG:Line:L1,Spikkestad-Oslo S-Lillestrøm,L1,rail,VYG:ServiceJourney:2105_443509-R,True,actual,False,,,,,2026-09-07T08:42:24.659182+02:00
NSR:StopPlace:59651,Skøyen stasjon,2026-09-07T03:11:00+02:00,2026-09-07T03:12:18+02:00,2026-09-07T03:12:18+02:00,78.0,1,Grorud T,RUT:Line:31,Snarøya - Fornebu - Tonsenhagen - Grorud,31,bus,RUT:ServiceJourney:9d658e631160f2a78d86d275152b36e8,True,actual,False,,,,,2026-09-07T03:30:22.110925+02:00
NSR:StopPlace:61464,Hvalstad stasjon,2026-09-07T22:39:00+02:00,2026-09-07T22:40:17+02:00,2026-09-07T22:40:17+02:00,77.0,1,Spikkestad,VYG:Line:L1,Spikkestad-Oslo S-Lillestrøm,L1,rail,VYG:ServiceJourney:2269_443700-R,True,actual,False,,,,,2026-09-08T00:20:52.129880+02:00
NSR:StopPlace:60016,Kråkstad stasjon,2026-09-07T23:36:00+02:00,2026-09-07T23:37:17+02:00,2026-09-07T23:37:17+02:00,77.0,1,Oslo S,VYG:Line:R22,Skøyen-Oslo S-Mysen-Rakkestad,R22,rail,VYG:ServiceJourney:1940_443496-R,True,actual,False,,,,,2026-09-08T00:20:52.129880+02:00
NSR:StopPlace:58948,Stjørdal stasjon,2026-09-07T22:30:00+02:00,2026-09-07T22:31:17+02:00,2026-09-07T22:31:17+02:00,77.0,1,Trondheim,ATB:Line:2_311,Stjørdal - Trondheim,311,bus,ATB:ServiceJourney:311_260330055043031_82,True,actual,False,Endret tilbud ved Vikelvvegen,Sydgående avkjøringsrampe fra E6 ved Reppe er stengt frem til 21. september. Vikelvvegen og Ranheim fabrikker til sentrum blir ikke betjent av linje 311 i perioden. ,general,normal,2026-09-08T00:20:52.129880+02:00
NSR:StopPlace:58857,Lørenskog stasjon,2026-09-07T21:51:00+02:00,2026-09-07T21:52:17+02:00,2026-09-07T21:52:17+02:00,77.0,1,Spikkestad,VYG:Line:L1,Spikkestad-Oslo S-Lillestrøm,L1,rail,VYG:ServiceJourney:2269_443700-R,True,actual,False,,,,,2026-09-08T00:20:52.129880+02:00
NSR:StopPlace:58862,Strømmen stasjon,2026-09-07T23:30:00+02:00,2026-09-07T23:31:17+02:00,2026-09-07T23:31:17+02:00,77.0,1,Asker,VYG:Line:L1,Spikkestad-Oslo S-Lillestrøm,L1,rail,VYG:ServiceJourney:2175_443586-R,True,actual,False,,,,,2026-09-08T00:20:52.129880+02:00
NSR:StopPlace:58803,Tomter stasjon,2026-09-07T23:28:00+02:00,2026-09-07T23:29:17+02:00,2026-09-07T23:29:17+02:00,77.0,1,Oslo S,VYG:Line:R22,Skøyen-Oslo S-Mysen-Rakkestad,R22,rail,VYG:ServiceJourney:1940_443496-R,True,actual,False,,,,,2026-09-08T00:20:52.129880+02:00
NSR:StopPlace:398,Arna stasjon,2026-09-07T22:12:00+02:00,2026-09-07T22:13:17+02:00,2026-09-07T22:13:17+02:00,77.0,1,Bergen,VYG:Line:L4,Bergen-Arna,L4,rail,VYG:ServiceJourney:2669_443884-R,True,actual,False,,,,,2026-09-08T00:20:52.129880+02:00
NSR:StopPlace:41,Hanaborg stasjon,2026-09-07T20:04:00+02:00,2026-09-07T20:05:17+02:00,2026-09-07T20:05:17+02:00,77.0,1,Asker,VYG:Line:L1,Spikkestad-Oslo S-Lillestrøm,L1,rail,VYG:ServiceJourney:2161_443571-R,True,actual,False,,,,,2026-09-07T20:27:16.249662+02:00
NSR:StopPlace:60016,Kråkstad stasjon,2026-09-07T17:40:00+02:00,2026-09-07T17:41:17+02:00,2026-09-07T17:41:17+02:00,77.0,1,Oslo S,VYG:Line:R22,Skøyen-Oslo S-Mysen-Rakkestad,R22,rail,VYG:ServiceJourney:1928_443481-R,True,actual,False,,,,,2026-09-07T20:27:16.249662+02:00
NSR:StopPlace:59261,Trondheim lufthavn,2026-09-07T17:21:00+02:00,2026-09-07T17:22:17+02:00,2026-09-07T17:22:17+02:00,77.0,1,Marienborg via Brattøra,ATB:Line:2_70,Stjørdal/Hommelvik- Trondheim,70,bus,ATB:ServiceJourney:70_251215112547000_78,True,actual,False,,,,,2026-09-07T20:27:16.249662+02:00
NSR:StopPlace:58921,Vennesla stasjon,2026-09-07T18:14:00+02:00,2026-09-07T18:15:17+02:00,2026-09-07T18:15:17+02:00,77.0,1,Vennesla - Grovane st. via Moseidmoen,AKT:Line:30,Kvadraturen - Mosby - Vennesl,30,bus,AKT:ServiceJourney:79400_231_49_127800_130500_40001566,True,actual,False,,,,,2026-09-07T20:27:16.249662+02:00
NSR:StopPlace:58947,Steinkjer stasjon,2026-09-07T19:32:00+02:00,2026-09-07T19:33:17+02:00,2026-09-07T19:33:17+02:00,77.0,1,Melhus skysstasjon,SJN:Line:26,Trønderbanen,R70,rail,SJN:ServiceJourney:450-STK_56079-R,True,actual,False,,,,,2026-09-07T20:27:16.249662+02:00
NSR:StopPlace:58844,Eidsvoll stasjon,2026-09-07T18:08:00+02:00,2026-09-07T18:09:17+02:00,2026-09-07T18:09:17+02:00,77.0,1,Lillehammer,VYG:Line:RE10,Drammen-Oslo S-Lillehammer,RE10,rail,VYG:ServiceJourney:327-SUD_444222-R,True,actual,False,,,,,2026-09-07T20:27:16.249662+02:00
NSR:StopPlace:58848,Haga stasjon,2026-09-07T18:45:00+02:00,2026-09-07T18:46:17+02:00,2026-09-07T18:46:17+02:00,77.0,1,Kongsvinger,VYG:Line:R14,Asker-Oslo S-Kongsvinger,R14,rail,VYG:ServiceJourney:1027_442937-R,True,actual,False,,,,,2026-09-07T20:27:16.249662+02:00
NSR:StopPlace:58852,Høn stasjon,2026-09-07T19:20:00+02:00,2026-09-07T19:21:17+02:00,2026-09-07T19:21:17+02:00,77.0,1,Lillestrøm,VYG:Line:L1,Spikkestad-Oslo S-Lillestrøm,L1,rail,VYG:ServiceJourney:2160_443570-R,True,actual,False,,,,,2026-09-07T20:27:16.249662+02:00
NSR:StopPlace:313,Høybråten stasjon,2026-09-07T19:08:00+02:00,2026-09-07T19:09:17+02:00,2026-09-07T19:09:17+02:00,77.0,1,Asker,VYG:Line:L1,Spikkestad-Oslo S-Lillestrøm,L1,rail,VYG:ServiceJourney:2157_443566-R,True,actual,False,,,,,2026-09-07T20:27:16.249662+02:00
NSR:StopPlace:206,Mariero stasjon,2026-09-07T18:44:00+02:00,2026-09-07T18:45:17+02:00,2026-09-07T18:45:17+02:00,77.0,1,Skeiane,GOA:Line:59,Jærbanen,L5,rail,GOA:ServiceJourney:3156_63201-R,True,actual,False,,,,,2026-09-07T20:27:16.249662+02:00
NSR:StopPlace:702,Sandnes sentrum stasjon,2026-09-07T18:55:00+02:00,2026-09-07T18:56:17+02:00,2026-09-07T18:56:17+02:00,77.0,1,Skeiane,GOA:Line:59,Jærbanen,L5,rail,GOA:ServiceJourney:3156_63201-R,True,actual,False,,,,,2026-09-07T20:27:16.249662+02:00
NSR:StopPlace:610,Sandvika stasjon,2026-09-07T18:04:00+02:00,2026-09-07T18:05:17+02:00,2026-09-07T18:05:17+02:00,77.0,1,Drammen,VYG:Line:R13,Drammen-Oslo S-Dal,R13,rail,VYG:ServiceJourney:1650_443321-R,True,actual,False,,,,,2026-09-07T20:27:16.249662+02:00
NSR:StopPlace:62392,Slependen stasjon,2026-09-07T18:45:00+02:00,2026-09-07T18:46:17+02:00,2026-09-07T18:46:17+02:00,77.0,1,Lillestrøm,VYG:Line:L1,Spikkestad-Oslo S-Lillestrøm,L1,rail,VYG:ServiceJourney:2258_443682-R,True,actual,False,,,,,2026-09-07T20:27:16.249662+02:00
NSR:StopPlace:60045,Hamar stasjon,2026-09-07T15:12:00+02:00,2026-09-07T15:13:17+02:00,2026-09-07T15:13:17+02:00,77.0,1,Trondheim S,SJN:Line:21,Dovrebanen,F6,rail,SJN:ServiceJourney:47-LOD_54214-R,True,actual,False,,,,,2026-09-07T15:44:36.205822+02:00
NSR:StopPlace:60271,Varhaug stasjon,2026-09-07T14:08:00+02:00,2026-09-07T14:09:17+02:00,2026-09-07T14:09:17+02:00,77.0,1,Egersund,GOA:Line:59,Jærbanen,L5,rail,GOA:ServiceJourney:3038_63076-R,True,actual,False,,,,,2026-09-07T15:44:36.205822+02:00
NSR:StopPlace:59639,Sonsveien stasjon,2026-09-07T15:42:00+02:00,2026-09-07T15:43:17+02:00,2026-09-07T15:43:17+02:00,77.0,1,Vestby stasjon,RUT:Line:540,Moss - Son - Vestby stasjon,540,bus,RUT:ServiceJourney:61683f15c47757e650844e0da66c0d02,True,actual,False,,,,,2026-09-07T15:44:36.205822+02:00
NSR:StopPlace:58935,Levanger stasjon,2026-09-07T14:42:00+02:00,2026-09-07T14:43:17+02:00,2026-09-07T14:43:17+02:00,77.0,1,Nord universitet via Levanger st.,ATB:Line:2_7401,Levanger - Nesset - Gjemble,7401,bus,ATB:ServiceJourney:7401_260106098643080_24,True,actual,False,,,,,2026-09-07T15:44:36.205822+02:00
NSR:StopPlace:58870,Holmestrand stasjon,2026-09-07T14:55:00+02:00,2026-09-07T14:56:17+02:00,2026-09-07T14:56:17+02:00,77.0,1,Hvitstein-Gullhaug,VKT:Line:31,Gullhaug-Kleiverud-Holmestrand,31,bus,VKT:ServiceJourney:14979,True,actual,False,,,,,2026-09-07T15:44:36.205822+02:00
NSR:StopPlace:58873,Skoppum stasjon,2026-09-07T13:40:00+02:00,2026-09-07T13:41:17+02:00,2026-09-07T13:41:17+02:00,77.0,1,Skien,VYG:Line:RE11,Eidsvoll-Oslo S-Skien,RE11,rail,VYG:ServiceJourney:817_444397-R,True,actual,False,,,,,2026-09-07T15:44:36.205822+02:00
NSR:StopPlace:58886,Arendal stasjon,2026-09-07T15:17:00+02:00,2026-09-07T15:18:17+02:00,2026-09-07T15:18:17+02:00,77.0,1,Eydehavn,AKT:Line:101,Eydehavn-Arendal-Grimstad N/S,101,bus,AKT:ServiceJourney:71876_302_87_103560_108060_40001426,True,actual,False,,,,,2026-09-07T15:44:36.205822+02:00
NSR:StopPlace:60047,Melhus skysstasjon,2026-09-07T07:09:00+02:00,2026-09-07T07:10:17+02:00,2026-09-07T07:10:17+02:00,77.0,1,Størenhallen snuplass,ATB:Line:2_5004,Klett - Melhus - Støren,5004,bus,ATB:ServiceJourney:5004_260309084091718_28,True,actual,False,,,,,2026-09-07T08:42:24.659182+02:00
NSR:StopPlace:59616,Asker stasjon,2026-09-07T06:35:00+02:00,2026-09-07T06:36:17+02:00,2026-09-07T06:36:17+02:00,77.0,1,Heggedal,RUT:Line:285,Heggedal - Blakstad - Asker,285,bus,RUT:ServiceJourney:182ff6a3220bd494771e6d6937846375,True,actual,False,,,,,2026-09-07T08:42:24.659182+02:00
NSR:StopPlace:58930,Larvik stasjon,2026-09-07T06:30:00+02:00,2026-09-07T06:31:17+02:00,2026-09-07T06:31:17+02:00,77.0,1,Ekspress Tønsberg,VKT:Line:6,Ekspress Larvik-Tønsberg,6,bus,VKT:ServiceJourney:17763,True,actual,False,,,,,2026-09-07T08:42:24.659182+02:00
NSR:StopPlace:58930,Larvik stasjon,2026-09-07T07:35:00+02:00,2026-09-07T07:36:17+02:00,2026-09-07T07:36:17+02:00,77.0,1,Larvik,VKT:Line:4,Torp-Sandefjord-Larvik-Stavern,4,bus,VKT:ServiceJourney:17690,True,actual,False,,,,,2026-09-07T08:42:24.659182+02:00
NSR:StopPlace:58931,Fannrem stasjon,2026-09-07T07:00:00+02:00,2026-09-07T07:01:17+02:00,2026-09-07T07:01:17+02:00,77.0,1,Meldal vgs via Solbu og Løkken,ATB:Line:2_460,Orkanger - Meldal - Berkåk,460,bus,ATB:ServiceJourney:460_260106098641922_18,True,actual,False,,,,,2026-09-07T08:42:24.659182+02:00
NSR:StopPlace:58830,Brakerøya stasjon,2026-09-07T07:08:00+02:00,2026-09-07T07:09:17+02:00,2026-09-07T07:09:17+02:00,77.0,1,Dal,VYG:Line:R13,Drammen-Oslo S-Dal,R13,rail,VYG:ServiceJourney:1611-SUD_443233-R,True,actual,False,,,,,2026-09-07T08:42:24.659182+02:00
NSR:StopPlace:58835,Lier stasjon,2026-09-07T05:41:00+02:00,2026-09-07T05:42:17+02:00,2026-09-07T05:42:17+02:00,77.0,1,Dal,VYG:Line:R13,Drammen-Oslo S-Dal,R13,rail,VYG:ServiceJourney:1605_443222-R,True,actual,False,,,,,2026-09-07T08:42:24.659182+02:00
NSR:StopPlace:58866,Vevelstad stasjon,2026-09-07T07:33:00+02:00,2026-09-07T07:34:17+02:00,2026-09-07T07:34:17+02:00,77.0,1,Drøbak - Frogn vgs.,RUT:Line:510,Bøleråsen - Ski - Ås - Drøbak,510,bus,RUT:ServiceJourney:308322648fb5748362dd661d0c482868,True,actual,False,,,,,2026-09-07T08:42:24.659182+02:00
NSR:StopPlace:58866,Vevelstad stasjon,2026-09-07T07:53:00+02:00,2026-09-07T07:54:17+02:00,2026-09-07T07:54:17+02:00,77.0,1,Drøbak - Frogn vgs.,RUT:Line:510,Bøleråsen - Ski - Ås - Drøbak,510,bus,RUT:ServiceJourney:dfdacf4294d2d91a3b52ae583c16c7b4,True,actual,False,,,,,2026-09-07T08:42:24.659182+02:00
NSR:StopPlace:58874,Stokke stasjon,2026-09-07T07:17:00+02:00,2026-09-07T07:18:17+02:00,2026-09-07T07:18:17+02:00,77.0,1,Sandefjord-Sandefjord vgs,VKT:Line:721,Sandefjord-Helgerød-Stokke,721,bus,VKT:ServiceJourney:17798,True,actual,False,,,,,2026-09-07T08:42:24.659182+02:00
NSR:StopPlace:58886,Arendal stasjon,2026-09-07T07:57:00+02:00,2026-09-07T07:58:17+02:00,2026-09-07T07:58:17+02:00,77.0,1,Solåsen,AKT:Line:111,Sykehuset-Arendal-Solåsen,111,bus,AKT:ServiceJourney:73584_41_33_56040_58140_40001010,True,actual,False,,,,,2026-09-07T08:42:24.659182+02:00
NSR:StopPlace:58802,Spydeberg stasjon,2026-09-07T06:24:00+02:00,2026-09-07T06:25:17+02:00,2026-09-07T06:25:17+02:00,77.0,1,Rakkestad,VYG:Line:R22,Skøyen-Oslo S-Mysen-Rakkestad,R22,rail,VYG:ServiceJourney:1903_443437-R,True,actual,False,,,,,2026-09-07T08:42:24.659182+02:00
NSR:StopPlace:206,Mariero stasjon,2026-09-07T07:44:00+02:00,2026-09-07T07:45:17+02:00,2026-09-07T07:45:17+02:00,77.0,1,Skeiane,GOA:Line:59,Jærbanen,L5,rail,GOA:ServiceJourney:3112_63157-R,True,actual,False,,,,,2026-09-07T08:42:24.659182+02:00
NSR:StopPlace:61897,Bryn stasjon,2026-09-07T23:30:00+02:00,2026-09-07T23:31:16+02:00,2026-09-07T23:31:16+02:00,76.0,1,Lillestrøm,VYG:Line:L1,Spikkestad-Oslo S-Lillestrøm,L1,rail,VYG:ServiceJourney:2174_443585-R,True,actual,False,,,,,2026-09-08T00:20:52.129880+02:00
NSR:StopPlace:58964,Kløfta stasjon,2026-09-07T23:51:00+02:00,2026-09-07T23:52:16+02:00,2026-09-07T23:52:16+02:00,76.0,1,Kløfta,RUT:Line:425,Kløfta – Oslo lufthavn,425,bus,RUT:ServiceJourney:c111ec35406651c1c707b8bccbab5ba4,True,actual,False,,,,,2026-09-08T00:20:52.129880+02:00
NSR:StopPlace:58966,Porsgrunn stasjon,2026-09-07T23:45:00+02:00,2026-09-07T23:46:16+02:00,2026-09-07T23:46:16+02:00,76.0,1,Skien,VYG:Line:RE11,Eidsvoll-Oslo S-Skien,RE11,rail,VYG:ServiceJourney:835_444415-R,True,actual,False,Heis på Porsgrunn ute av drift,Heisen på Porsgrunn til spor 2 er ute av drift.,general,normal,2026-09-08T00:20:52.129880+02:00
NSR:StopPlace:58838,Røyken stasjon,2026-09-07T21:45:00+02:00,2026-09-07T21:46:16+02:00,2026-09-07T21:46:16+02:00,76.0,1,Asker,RUT:Line:260,Hyggen - Bråset -Slemmestad (- Asker),260,bus,RUT:ServiceJourney:df909f374d5bfe3a9387f19f5bfb8ed7,True,actual,False,,,,,2026-09-08T00:20:52.129880+02:00
NSR:StopPlace:58845,Eidsvoll verk stasjon,2026-09-07T21:35:00+02:00,2026-09-07T21:36:16+02:00,2026-09-07T21:36:16+02:00,76.0,1,Kongsberg,VYG:Line:R12,Kongsberg-Oslo S-Eidsvoll,R12,rail,VYG:ServiceJourney:535_444345-R,True,actual,False,,,,,2026-09-08T00:20:52.129880+02:00
NSR:StopPlace:58857,Lørenskog stasjon,2026-09-07T22:06:00+02:00,2026-09-07T22:07:16+02:00,2026-09-07T22:07:16+02:00,76.0,1,Asker,VYG:Line:L1,Spikkestad-Oslo S-Lillestrøm,L1,rail,VYG:ServiceJourney:2169_443579-R,True,actual,False,,,,,2026-09-08T00:20:52.129880+02:00
NSR:StopPlace:58862,Strømmen stasjon,2026-09-07T21:15:00+02:00,2026-09-07T21:16:16+02:00,2026-09-07T21:16:16+02:00,76.0,1,Spikkestad,VYG:Line:L1,Spikkestad-Oslo S-Lillestrøm,L1,rail,VYG:ServiceJourney:2267_443697-R,True,actual,False,,,,,2026-09-08T00:20:52.129880+02:00
NSR:StopPlace:313,Høybråten stasjon,2026-09-07T21:53:00+02:00,2026-09-07T21:54:16+02:00,2026-09-07T21:54:16+02:00,76.0,1,Spikkestad,VYG:Line:L1,Spikkestad-Oslo S-Lillestrøm,L1,rail,VYG:ServiceJourney:2269_443700-R,True,actual,False,,,,,2026-09-08T00:20:52.129880+02:00
NSR:StopPlace:313,Høybråten stasjon,2026-09-07T22:08:00+02:00,2026-09-07T22:09:16+02:00,2026-09-07T22:09:16+02:00,76.0,1,Asker,VYG:Line:L1,Spikkestad-Oslo S-Lillestrøm,L1,rail,VYG:ServiceJourney:2169_443579-R,True,actual,False,,,,,2026-09-08T00:20:52.129880+02:00
NSR:StopPlace:206,Mariero stasjon,2026-09-07T21:59:00+02:00,2026-09-07T22:00:16+02:00,2026-09-07T22:00:16+02:00,76.0,1,Egersund,GOA:Line:59,Jærbanen,L5,rail,GOA:ServiceJourney:3072_63133-R,True,actual,False,,,,,2026-09-08T00:20:52.129880+02:00
NSR:StopPlace:62380,Røra stasjon,2026-09-07T23:04:00+02:00,2026-09-07T23:05:16+02:00,2026-09-07T23:05:16+02:00,76.0,1,Steinkjer,SJN:Line:26,Trønderbanen,R70,rail,SJN:ServiceJourney:453_56082-R,True,actual,False,,,,,2026-09-08T00:20:52.129880+02:00
NSR:StopPlace:59648,Kjelsås stasjon,2026-09-07T16:40:00+02:00,2026-09-07T16:41:16+02:00,2026-09-07T16:41:16+02:00,76.0,1,Roa,VYG:Line:RE30,Oslo S-Gjøvik,RE30,rail,VYG:ServiceJourney:BUS-1225_655077-R,True,actual,False,,,,,2026-09-07T20:27:16.249662+02:00
NSR:StopPlace:59639,Sonsveien stasjon,2026-09-07T19:09:00+02:00,2026-09-07T19:10:16+02:00,2026-09-07T19:10:16+02:00,76.0,1,Moss,RUT:Line:540,Moss - Son - Vestby stasjon,540,bus,RUT:ServiceJourney:3111fdbf983805a37ddc9960ec84d25b,True,actual,False,,,,,2026-09-07T20:27:16.249662+02:00
NSR:StopPlace:59639,Sonsveien stasjon,2026-09-07T19:34:00+02:00,2026-09-07T19:35:16+02:00,2026-09-07T19:35:16+02:00,76.0,1,Stabekk,VYG:Line:R21,Stabekk-Oslo S-Moss,R21,rail,VYG:ServiceJourney:1162-MOS_443052-R,True,actual,False,,,,,2026-09-07T20:27:16.249662+02:00
NSR:StopPlace:58924,Bryne stasjon,2026-09-07T19:20:00+02:00,2026-09-07T19:21:16+02:00,2026-09-07T19:21:16+02:00,76.0,1,Sandnes via Kleppekrossen,KOL:Line:8_2019,52,52,bus,KOL:ServiceJourney:2019_260728141809965_1023,True,actual,False,,,,,2026-09-07T20:27:16.249662+02:00
NSR:StopPlace:58794,Fredrikstad stasjon,2026-09-07T19:10:00+02:00,2026-09-07T19:11:16+02:00,2026-09-07T19:11:16+02:00,76.0,1,Kalnes,OST:Line:1_4,Fredrikstad - Kalnes,4,bus,OST:ServiceJourney:4_260325121471317_41,True,actual,False,,,,,2026-09-07T20:27:16.249662+02:00
NSR:StopPlace:58858,Nittedal stasjon,2026-09-07T19:50:00+02:00,2026-09-07T19:51:16+02:00,2026-09-07T19:51:16+02:00,76.0,1,Lørenskog sentrum,RUT:Line:385,Nittedal stasjon - Olavsgaard - Ahus,385,bus,RUT:ServiceJourney:b4e52a0983a04b19bfecc8060aabf65c,True,actual,False,,,,,2026-09-07T20:27:16.249662+02:00
NSR:StopPlace:58870,Holmestrand stasjon,2026-09-07T19:10:00+02:00,2026-09-07T19:11:16+02:00,2026-09-07T19:11:16+02:00,76.0,1,Hvitstein-Gullhaug,VKT:Line:31,Gullhaug-Kleiverud-Holmestrand,31,bus,VKT:ServiceJourney:14986,True,actual,False,,,,,2026-09-07T20:27:16.249662+02:00
NSR:StopPlace:62094,Lindeberg stasjon,2026-09-07T18:48:00+02:00,2026-09-07T18:49:16+02:00,2026-09-07T18:49:16+02:00,76.0,1,Drammen,VYG:Line:R13,Drammen-Oslo S-Dal,R13,rail,VYG:ServiceJourney:1656_443335-R,True,actual,False,,,,,2026-09-07T20:27:16.249662+02:00
NSR:StopPlace:59646,Høvik stasjon,2026-09-07T15:26:00+02:00,2026-09-07T15:27:16+02:00,2026-09-07T15:27:16+02:00,76.0,1,Spikkestad,VYG:Line:L1,Spikkestad-Oslo S-Lillestrøm,L1,rail,VYG:ServiceJourney:2241_443652-R,True,actual,False,,,,,2026-09-07T15:44:36.205822+02:00
NSR:StopPlace:58936,Skatval stasjon,2026-09-07T15:06:00+02:00,2026-09-07T15:07:16+02:00,2026-09-07T15:07:16+02:00,76.0,1,Steinkjer,SJN:Line:26,Trønderbanen,R70,rail,SJN:ServiceJourney:439_56068-R,True,actual,False,,,,,2026-09-07T15:44:36.205822+02:00
NSR:StopPlace:58866,Vevelstad stasjon,2026-09-07T13:59:00+02:00,2026-09-07T14:00:16+02:00,2026-09-07T14:00:16+02:00,76.0,1,Skøyen,VYG:Line:L2,Stabekk-Oslo S-Ski,L2,rail,VYG:ServiceJourney:2840-SKI_488383-R,True,actual,False,,,,,2026-09-07T15:44:36.205822+02:00
NSR:StopPlace:58861,Solbråtan stasjon,2026-09-07T14:08:00+02:00,2026-09-07T14:09:16+02:00,2026-09-07T14:09:16+02:00,76.0,1,Skøyen,VYG:Line:L2,Stabekk-Oslo S-Ski,L2,rail,VYG:ServiceJourney:2840-SKI_488383-R,True,actual,False,,,,,2026-09-07T15:44:36.205822+02:00
NSR:StopPlace:206,Mariero stasjon,2026-09-07T13:58:00+02:00,2026-09-07T13:59:16+02:00,2026-09-07T13:59:16+02:00,76.0,1,Egersund,GOA:Line:59,Jærbanen,L5,rail,GOA:ServiceJourney:3040_63080-R,True,actual,False,,,,,2026-09-07T15:44:36.205822+02:00
NSR:StopPlace:61464,Hvalstad stasjon,2026-09-07T07:10:00+02:00,2026-09-07T07:11:16+02:00,2026-09-07T07:11:16+02:00,76.0,1,Lillestrøm,VYG:Line:L1,Spikkestad-Oslo S-Lillestrøm,L1,rail,VYG:ServiceJourney:2212_764749-R,True,actual,False,Færre vogner,Denne avgangen kjører dessverre med 4 vogner i stedet for 8 vogner. Dette skyldes at vi mangler et togsett.,general,normal,2026-09-07T08:42:24.659182+02:00
NSR:StopPlace:41,Hanaborg stasjon,2026-09-07T06:19:00+02:00,2026-09-07T06:20:16+02:00,2026-09-07T06:20:16+02:00,76.0,1,Spikkestad,VYG:Line:L1,Spikkestad-Oslo S-Lillestrøm,L1,rail,VYG:ServiceJourney:2207_443595-R,True,actual,False,Færre vogner,Denne avgangen kjører dessverre med 4 vogner i stedet for 8 vogner. Dette skyldes at vi mangler et togsett.,general,normal,2026-09-07T08:42:24.659182+02:00
NSR:StopPlace:41,Hanaborg stasjon,2026-09-07T08:16:00+02:00,2026-09-07T08:17:16+02:00,2026-09-07T08:17:16+02:00,76.0,1,Lillestrøm,VYG:Line:L1,Spikkestad-Oslo S-Lillestrøm,L1,rail,VYG:ServiceJourney:2112_443517-R,True,actual,False,,,,,2026-09-07T08:42:24.659182+02:00
NSR:StopPlace:59640,Bodung stasjon,2026-09-07T07:37:00+02:00,2026-09-07T07:38:16+02:00,2026-09-07T07:38:16+02:00,76.0,1,Asker,VYG:Line:R14,Asker-Oslo S-Kongsvinger,R14,rail,VYG:ServiceJourney:1054-KVG_442958-R,True,actual,False,,,,,2026-09-07T08:42:24.659182+02:00
NSR:StopPlace:59653,Haugenstua stasjon,2026-09-07T08:10:00+02:00,2026-09-07T08:11:16+02:00,2026-09-07T08:11:16+02:00,76.0,1,Asker,VYG:Line:L1,Spikkestad-Oslo S-Lillestrøm,L1,rail,VYG:ServiceJourney:2113_443518-R,True,actual,False,Færre vogner,Denne avgangen kjører dessverre med 4 vogner i stedet for 8 vogner. Dette skyldes at vi mangler et togsett.,general,normal,2026-09-07T08:42:24.659182+02:00
NSR:StopPlace:58838,Røyken stasjon,2026-09-07T06:33:00+02:00,2026-09-07T06:34:16+02:00,2026-09-07T06:34:16+02:00,76.0,1,Hyggen,RUT:Line:260,Hyggen - Bråset -Slemmestad (- Asker),260,bus,RUT:ServiceJourney:8596a0d48b940c8ac102f1a0e13bab2a,True,actual,False,,,,,2026-09-07T08:42:24.659182+02:00
NSR:StopPlace:58846,Fetsund stasjon,2026-09-07T08:13:00+02:00,2026-09-07T08:14:16+02:00,2026-09-07T08:14:16+02:00,76.0,1,Garderåsen,RUT:Line:321,Fetsund - Garderåsen,321,bus,RUT:ServiceJourney:94f7a8d883adefc180d5a3e283c1245b,True,actual,False,,,,,2026-09-07T08:42:24.659182+02:00
NSR:StopPlace:58847,Frogner stasjon,2026-09-07T06:21:00+02:00,2026-09-07T06:22:16+02:00,2026-09-07T06:22:16+02:00,76.0,1,Drammen,VYG:Line:R13,Drammen-Oslo S-Dal,R13,rail,VYG:ServiceJourney:1606_443223-R,True,actual,False,Færre vogner,Denne avgangen kjører dessverre med 5 vogner i stedet for 10 vogner. Dette skyldes at vi mangler et togsett.,general,normal,2026-09-07T08:42:24.659182+02:00
NSR:StopPlace:58852,Høn stasjon,2026-09-07T07:06:00+02:00,2026-09-07T07:07:16+02:00,2026-09-07T07:07:16+02:00,76.0,1,Lillestrøm,VYG:Line:L1,Spikkestad-Oslo S-Lillestrøm,L1,rail,VYG:ServiceJourney:2212_764749-R,True,actual,False,Færre vogner,Denne avgangen kjører dessverre med 4 vogner i stedet for 8 vogner. Dette skyldes at vi mangler et togsett.,general,normal,2026-09-07T08:42:24.659182+02:00
NSR:StopPlace:58863,Svingen stasjon,2026-09-07T08:16:00+02:00,2026-09-07T08:17:16+02:00,2026-09-07T08:17:16+02:00,76.0,1,Riddersand skole,RUT:Line:2732,Dammerud - Tofsrud - Lystad - Riddersand skole,2732,bus,RUT:ServiceJourney:f0f96120e733b90ffe6d342be5516566,True,actual,False,,,,,2026-09-07T08:42:24.659182+02:00
NSR:StopPlace:58863,Svingen stasjon,2026-09-07T08:27:00+02:00,2026-09-07T08:28:16+02:00,2026-09-07T08:28:16+02:00,76.0,1,Sørumsand,RUT:Line:2671,Sundet - Sørumsand,2671,bus,RUT:ServiceJourney:f5e0833669661ba1edf7d8a1e0d1f574,True,actual,False,,,,,2026-09-07T08:42:24.659182+02:00
NSR:StopPlace:58870,Holmestrand stasjon,2026-09-07T07:28:00+02:00,2026-09-07T07:29:16+02:00,2026-09-07T07:29:16+02:00,76.0,1,Eidsvoll,VYG:Line:RE11,Eidsvoll-Oslo S-Skien,RE11,rail,VYG:ServiceJourney:806_444386-R,True,actual,False,,,,,2026-09-07T08:42:24.659182+02:00
NSR:StopPlace:58870,Holmestrand stasjon,2026-09-07T08:28:00+02:00,2026-09-07T08:29:16+02:00,2026-09-07T08:29:16+02:00,76.0,1,Eidsvoll,VYG:Line:RE11,Eidsvoll-Oslo S-Skien,RE11,rail,VYG:ServiceJourney:808_444388-R,True,actual,False,,,,,2026-09-07T08:42:24.659182+02:00
NSR:StopPlace:58809,Koppang stasjon,2026-09-07T06:12:00+02:00,2026-09-07T06:13:16+02:00,2026-09-07T06:13:16+02:00,76.0,1,Hamar,SJN:Line:25,Rørosbanen,R60,rail,SJN:ServiceJourney:2378_30115-R,True,actual,False,,,,,2026-09-07T08:42:24.659182+02:00
NSR:StopPlace:58820,Harestua stasjon,2026-09-07T05:47:00+02:00,2026-09-07T05:48:16+02:00,2026-09-07T05:48:16+02:00,76.0,1,Oslo S,VYG:Line:RE30,Oslo S-Gjøvik,RE30,rail,VYG:ServiceJourney:BUS-1202_654976-R,True,actual,False,,,,,2026-09-07T08:42:24.659182+02:00
NSR:StopPlace:117,Elverum stasjon,2026-09-07T07:18:00+02:00,2026-09-07T07:19:16+02:00,2026-09-07T07:19:16+02:00,76.0,1,Hamar,SJN:Line:25,Rørosbanen,R60,rail,SJN:ServiceJourney:2378_30115-R,True,actual,False,,,,,2026-09-07T08:42:24.659182+02:00
NSR:StopPlace:461,Lundamo stasjon,2026-09-07T05:24:00+02:00,2026-09-07T05:25:16+02:00,2026-09-07T05:25:16+02:00,76.0,1,Steinkjer,SJN:Line:26,Trønderbanen,R70,rail,SJN:ServiceJourney:423_56052-R,True,actual,False,,,,,2026-09-07T08:42:24.659182+02:00
NSR:StopPlace:702,Sandnes sentrum stasjon,2026-09-07T04:56:00+02:00,2026-09-07T04:57:16+02:00,2026-09-07T04:57:16+02:00,76.0,1,Egersund,GOA:Line:59,Jærbanen,L5,rail,GOA:ServiceJourney:3004_63035-R,True,actual,False,,,,,2026-09-07T08:42:24.659182+02:00
NSR:StopPlace:708,Stange stasjon,2026-09-07T07:55:00+02:00,2026-09-07T07:56:16+02:00,2026-09-07T07:56:16+02:00,76.0,1,Oslo S,VYG:Line:RE10,Drammen-Oslo S-Lillehammer,RE10,rail,VYG:ServiceJourney:354-HMR_602473-R,True,actual,False,,,,,2026-09-07T08:42:24.659182+02:00
NSR:StopPlace:62339,Lillestrøm stasjon,2026-09-07T07:26:00+02:00,2026-09-07T07:27:16+02:00,2026-09-07T07:27:16+02:00,76.0,1,Skien,VYG:Line:RE11,Eidsvoll-Oslo S-Skien,RE11,rail,VYG:ServiceJourney:807_481326-R,True,actual,False,Heis i spor 1 og 2 er ute av bruk på grunn av vedlikehold.,Heis i spor 1 og 2 er ute av bruk på grunn av vedlikehold.,general,normal,2026-09-07T08:42:24.659182+02:00
NSR:StopPlace:41,Hanaborg stasjon,2026-09-07T21:49:00+02:00,2026-09-07T21:50:15+02:00,2026-09-07T21:50:15+02:00,75.0,1,Spikkestad,VYG:Line:L1,Spikkestad-Oslo S-Lillestrøm,L1,rail,VYG:ServiceJourney:2269_443700-R,True,actual,False,,,,,2026-09-08T00:20:52.129880+02:00
NSR:StopPlace:59872,Oslo S,2026-09-07T21:14:00+02:00,2026-09-07T21:15:15+02:00,2026-09-07T21:15:15+02:00,75.0,1,Halden,VYG:Line:RE20,Oslo S-Halden-Göteborg (X-Border),RE20,rail,VYG:ServiceJourney:133_443134-R,True,actual,False,,,,,2026-09-08T00:20:52.129880+02:00
NSR:StopPlace:59648,Kjelsås stasjon,2026-09-07T22:09:00+02:00,2026-09-07T22:10:15+02:00,2026-09-07T22:10:15+02:00,75.0,1,Kværnerbyen,RUT:Line:54,Kværnerbyen - Kjelsås stasjon,54,bus,RUT:ServiceJourney:4927ee3a571214d286dc608993fdc391,True,actual,False,,,,,2026-09-08T00:20:52.129880+02:00
NSR:StopPlace:59648,Kjelsås stasjon,2026-09-07T23:21:00+02:00,2026-09-07T23:22:15+02:00,2026-09-07T23:22:15+02:00,75.0,1,Jaren,VYG:Line:R31,Skøyen-Jaren-Gjøvik,R31,rail,VYG:ServiceJourney:BUS-237_655495-R,True,actual,False,,,,,2026-09-08T00:20:52.129880+02:00
NSR:StopPlace:59643,Grefsen stasjon,2026-09-07T23:19:00+02:00,2026-09-07T23:20:15+02:00,2026-09-07T23:20:15+02:00,75.0,1,Simensbråten,RUT:Line:23,Lysaker - Simensbråten,23,bus,RUT:ServiceJourney:2fe27f044435eba306795dbfb3c16fb9,True,actual,False,,,,,2026-09-08T00:20:52.129880+02:00
NSR:StopPlace:59638,Myrvoll stasjon,2026-09-07T23:20:00+02:00,2026-09-07T23:21:15+02:00,2026-09-07T23:21:15+02:00,75.0,1,Filipstad,RUT:Line:81,Fornebu - Myrvoll stasjon,81,bus,RUT:ServiceJourney:1f10d82079e5422c4f2b1cabfe363218,True,actual,False,,,,,2026-09-08T00:20:52.129880+02:00
NSR:StopPlace:58825,Raufoss stasjon,2026-09-07T21:45:00+02:00,2026-09-07T21:46:15+02:00,2026-09-07T21:46:15+02:00,75.0,1,Gjøvik-Kapp,INN:Line:46,Lena-Raufoss-Gjøvik-Kapp-Lena,B46,bus,INN:ServiceJourney:76849,True,actual,False,,,,,2026-09-08T00:20:52.129880+02:00
NSR:StopPlace:61463,Nordstrand stasjon,2026-09-07T18:37:00+02:00,2026-09-07T18:38:15+02:00,2026-09-07T18:38:15+02:00,75.0,1,Ski,VYG:Line:L2,Stabekk-Oslo S-Ski,L2,rail,VYG:ServiceJourney:2853_444090-R,True,actual,False,,,,,2026-09-07T20:27:16.249662+02:00
NSR:StopPlace:71,Hallingskeid stasjon,2026-09-07T19:09:00+02:00,2026-09-07T19:10:15+02:00,2026-09-07T19:10:15+02:00,75.0,1,Bergen,VYG:Line:F4,Oslo S-Bergen,F4,rail,VYG:ServiceJourney:65-LOD_590005-R,True,actual,False,,,,,2026-09-07T20:27:16.249662+02:00
NSR:StopPlace:41,Hanaborg stasjon,2026-09-07T19:46:00+02:00,2026-09-07T19:47:15+02:00,2026-09-07T19:47:15+02:00,75.0,1,Lillestrøm,VYG:Line:L1,Spikkestad-Oslo S-Lillestrøm,L1,rail,VYG:ServiceJourney:2158_443567-R,True,actual,False,,,,,2026-09-07T20:27:16.249662+02:00
NSR:StopPlace:59642,Rånåsfoss stasjon,2026-09-07T17:39:00+02:00,2026-09-07T17:40:15+02:00,2026-09-07T17:40:15+02:00,75.0,1,Kongsvinger,VYG:Line:R14,Asker-Oslo S-Kongsvinger,R14,rail,VYG:ServiceJourney:1025_442935-R,True,actual,False,,,,,2026-09-07T20:27:16.249662+02:00
NSR:StopPlace:58935,Levanger stasjon,2026-09-07T18:20:00+02:00,2026-09-07T18:21:15+02:00,2026-09-07T18:21:15+02:00,75.0,1,Høgberget via Levanger stasjon,ATB:Line:2_604,Levanger - Høgberget,604,bus,ATB:ServiceJourney:604_260106098643109_46,True,actual,False,,,,,2026-09-07T20:27:16.249662+02:00
NSR:StopPlace:58948,Stjørdal stasjon,2026-09-07T18:00:00+02:00,2026-09-07T18:01:15+02:00,2026-09-07T18:01:15+02:00,75.0,1,Lundamo,SJN:Line:26,Trønderbanen,R70,rail,SJN:ServiceJourney:444_56073-R,True,actual,False,,,,,2026-09-07T20:27:16.249662+02:00
NSR:StopPlace:58839,Steinberg stasjon,2026-09-07T20:03:00+02:00,2026-09-07T20:04:15+02:00,2026-09-07T20:04:15+02:00,75.0,1,Eidsvoll,VYG:Line:R12,Kongsberg-Oslo S-Eidsvoll,R12,rail,VYG:ServiceJourney:532_444341-R,True,actual,False,,,,,2026-09-07T20:27:16.249662+02:00
NSR:StopPlace:59648,Kjelsås stasjon,2026-09-07T14:44:00+02:00,2026-09-07T14:45:15+02:00,2026-09-07T14:45:15+02:00,75.0,1,Majorstuen,RUT:Line:25,Majorstuen-Haugerud,25,bus,RUT:ServiceJourney:ea51fe5cb4ea324955ee571b76e303e7,True,actual,False,,,,,2026-09-07T15:44:36.205822+02:00
NSR:StopPlace:58948,Stjørdal stasjon,2026-09-07T14:15:00+02:00,2026-09-07T14:16:15+02:00,2026-09-07T14:16:15+02:00,75.0,1,Trondheim,ATB:Line:2_311,Stjørdal - Trondheim,311,bus,ATB:ServiceJourney:311_260106098642704_48,True,actual,False,Endret tilbud ved Vikelvvegen,Sydgående avkjøringsrampe fra E6 ved Reppe er stengt frem til 21. september. Vikelvvegen og Ranheim fabrikker til sentrum blir ikke betjent av linje 311 i perioden. ,general,normal,2026-09-07T15:44:36.205822+02:00
NSR:StopPlace:58836,Mjøndalen stasjon,2026-09-07T14:36:00+02:00,2026-09-07T14:37:15+02:00,2026-09-07T14:37:15+02:00,75.0,1,Drammen sykehus,BRA:Line:4_6001,Drammen sykehus Brakerøya - Sørensvingen / Mjøndalen,1,bus,BRA:ServiceJourney:6001_260415100161823_1146,True,actual,False,,,,,2026-09-07T15:44:36.205822+02:00
NSR:StopPlace:58845,Eidsvoll verk stasjon,2026-09-07T13:35:00+02:00,2026-09-07T13:36:15+02:00,2026-09-07T13:36:15+02:00,75.0,1,Kongsberg,VYG:Line:R12,Kongsberg-Oslo S-Eidsvoll,R12,rail,VYG:ServiceJourney:519_444320-R,True,actual,False,,,,,2026-09-07T15:44:36.205822+02:00
NSR:StopPlace:58850,Hauerseter stasjon,2026-09-07T15:30:00+02:00,2026-09-07T15:31:15+02:00,2026-09-07T15:31:15+02:00,75.0,1,Drammen,VYG:Line:R13,Drammen-Oslo S-Dal,R13,rail,VYG:ServiceJourney:1644-DAL_632370-R,True,actual,False,,,,,2026-09-07T15:44:36.205822+02:00
NSR:StopPlace:58869,Ås stasjon,2026-09-07T14:50:00+02:00,2026-09-07T14:51:15+02:00,2026-09-07T14:51:15+02:00,75.0,1,Kroer,RUT:Line:535,Kroer - Ås stasjon,535,bus,RUT:ServiceJourney:f388dd4ee9c7803ac8954d6ac0be732f,True,actual,False,,,,,2026-09-07T15:44:36.205822+02:00
NSR:StopPlace:58878,Drangedal stasjon,2026-09-07T14:18:00+02:00,2026-09-07T14:19:15+02:00,2026-09-07T14:19:15+02:00,75.0,1,Gautefall,TEL:Line:8602,Drangedal-Treungen,602,bus,TEL:ServiceJourney:127885,True,actual,False,,,,,2026-09-07T15:44:36.205822+02:00
NSR:StopPlace:58879,Lunde stasjon,2026-09-07T14:15:00+02:00,2026-09-07T14:16:15+02:00,2026-09-07T14:16:15+02:00,75.0,1,Flåbygd,TEL:Line:8122,Lunde-Flåbygd,122,bus,TEL:ServiceJourney:127914,True,actual,False,,,,,2026-09-07T15:44:36.205822+02:00
NSR:StopPlace:58870,Holmestrand stasjon,2026-09-07T14:25:00+02:00,2026-09-07T14:26:15+02:00,2026-09-07T14:26:15+02:00,75.0,1,Hvitstein-Gullhaug,VKT:Line:31,Gullhaug-Kleiverud-Holmestrand,31,bus,VKT:ServiceJourney:14978,True,actual,False,,,,,2026-09-07T15:44:36.205822+02:00
NSR:StopPlace:58811,Moelv stasjon,2026-09-07T15:41:00+02:00,2026-09-07T15:42:15+02:00,2026-09-07T15:42:15+02:00,75.0,1,Brumunddal,INN:Line:100,Hamar - Gjøvik,100,bus,INN:ServiceJourney:83508,True,actual,False,,,,,2026-09-07T15:44:36.205822+02:00
NSR:StopPlace:58813,Skarnes stasjon,2026-09-07T13:48:00+02:00,2026-09-07T13:49:15+02:00,2026-09-07T13:49:15+02:00,75.0,1,Asker,VYG:Line:R14,Asker-Oslo S-Kongsvinger,R14,rail,VYG:ServiceJourney:1020_442928-R,True,actual,False,,,,,2026-09-07T15:44:36.205822+02:00
NSR:StopPlace:441,Auli stasjon,2026-09-07T14:41:00+02:00,2026-09-07T14:42:15+02:00,2026-09-07T14:42:15+02:00,75.0,1,Kongsvinger,VYG:Line:R14,Asker-Oslo S-Kongsvinger,R14,rail,VYG:ServiceJourney:1019_442926-R,True,actual,False,,,,,2026-09-07T15:44:36.205822+02:00
NSR:StopPlace:61897,Bryn stasjon,2026-09-07T06:20:00+02:00,2026-09-07T06:21:15+02:00,2026-09-07T06:21:15+02:00,75.0,1,Asker,VYG:Line:L1,Spikkestad-Oslo S-Lillestrøm,L1,rail,VYG:ServiceJourney:2105_443509-R,True,actual,False,,,,,2026-09-07T08:42:24.659182+02:00
NSR:StopPlace:59652,Tøyen stasjon,2026-09-07T07:09:00+02:00,2026-09-07T07:10:15+02:00,2026-09-07T07:10:15+02:00,75.0,1,Tonsenhagen,RUT:Line:60,Vippetangen-Tonsenhagen,60,bus,RUT:ServiceJourney:517f7ebb876cfc909df7260f3e3b5ff0,True,actual,False,,,,,2026-09-07T08:42:24.659182+02:00
NSR:StopPlace:59654,Stabekk stasjon,2026-09-07T06:24:00+02:00,2026-09-07T06:25:15+02:00,2026-09-07T06:25:15+02:00,75.0,1,Spikkestad,VYG:Line:L1,Spikkestad-Oslo S-Lillestrøm,L1,rail,VYG:ServiceJourney:2205_443593-R,True,actual,False,Færre vogner,Denne avgangen kjører dessverre med 4 vogner i stedet for 8 vogner. Dette skyldes at vi mangler et togsett.,general,normal,2026-09-07T08:42:24.659182+02:00
NSR:StopPlace:58830,Brakerøya stasjon,2026-09-07T07:38:00+02:00,2026-09-07T07:39:15+02:00,2026-09-07T07:39:15+02:00,75.0,1,Dal,VYG:Line:R13,Drammen-Oslo S-Dal,R13,rail,VYG:ServiceJourney:1613_443239-R,True,actual,False,,,,,2026-09-07T08:42:24.659182+02:00
NSR:StopPlace:58847,Frogner stasjon,2026-09-07T07:51:00+02:00,2026-09-07T07:52:15+02:00,2026-09-07T07:52:15+02:00,75.0,1,Drammen,VYG:Line:R13,Drammen-Oslo S-Dal,R13,rail,VYG:ServiceJourney:1612_443236-R,True,actual,False,,,,,2026-09-07T08:42:24.659182+02:00
NSR:StopPlace:58840,Vestfossen stasjon,2026-09-07T06:53:00+02:00,2026-09-07T06:54:15+02:00,2026-09-07T06:54:15+02:00,75.0,1,Eidsvoll,VYG:Line:R12,Kongsberg-Oslo S-Eidsvoll,R12,rail,VYG:ServiceJourney:506_481316-R,True,actual,False,,,,,2026-09-07T08:42:24.659182+02:00
NSR:StopPlace:58854,Langhus stasjon,2026-09-07T07:26:00+02:00,2026-09-07T07:27:15+02:00,2026-09-07T07:27:15+02:00,75.0,1,Drøbak - Seiersten,RUT:Line:510,Bøleråsen - Ski - Ås - Drøbak,510,bus,RUT:ServiceJourney:de88b913f18821d321c4e911a4c10dd0,True,actual,False,,,,,2026-09-07T08:42:24.659182+02:00
NSR:StopPlace:58851,Heggedal stasjon,2026-09-07T06:54:00+02:00,2026-09-07T06:55:15+02:00,2026-09-07T06:55:15+02:00,75.0,1,Lillestrøm,VYG:Line:L1,Spikkestad-Oslo S-Lillestrøm,L1,rail,VYG:ServiceJourney:2212_764749-R,True,actual,False,Færre vogner,Denne avgangen kjører dessverre med 4 vogner i stedet for 8 vogner. Dette skyldes at vi mangler et togsett.,general,normal,2026-09-07T08:42:24.659182+02:00
NSR:StopPlace:58874,Stokke stasjon,2026-09-07T05:17:00+02:00,2026-09-07T05:18:15+02:00,2026-09-07T05:18:15+02:00,75.0,1,Oslo lufthavn,VYG:Line:RX11,Eidsvoll-Oslo S-Skien,RX11,rail,VYG:ServiceJourney:852_444422-R,True,actual,False,,,,,2026-09-07T08:42:24.659182+02:00
NSR:StopPlace:58884,Skien stasjon,2026-09-07T06:33:00+02:00,2026-09-07T06:34:15+02:00,2026-09-07T06:34:15+02:00,75.0,1,Notodden,VYG:Line:R55,Porsgrunn-Notodden,R55,rail,VYG:ServiceJourney:BUS-2472_698791-R,True,actual,False,,,,,2026-09-07T08:42:24.659182+02:00
NSR:StopPlace:58802,Spydeberg stasjon,2026-09-07T07:43:00+02:00,2026-09-07T07:44:15+02:00,2026-09-07T07:44:15+02:00,75.0,1,Spydeberg torv,OST:Line:1_408,Askim-Spydeberg-Svikebøl,408,bus,OST:ServiceJourney:408_260325121472743_10,True,actual,False,,,,,2026-09-07T08:42:24.659182+02:00
NSR:StopPlace:58820,Harestua stasjon,2026-09-07T06:58:00+02:00,2026-09-07T06:59:15+02:00,2026-09-07T06:59:15+02:00,75.0,1,Oslo S,VYG:Line:R31,Skøyen-Jaren-Gjøvik,R31,rail,VYG:ServiceJourney:BUS-270_655590-R,True,actual,False,,,,,2026-09-07T08:42:24.659182+02:00
NSR:StopPlace:58211,Oslo lufthavn,2026-09-07T04:51:00+02:00,2026-09-07T04:52:15+02:00,2026-09-07T04:52:15+02:00,75.0,1,Oslo bussterminal,RUT:Line:400,Oslo lufthavn - Veståsen - Olavsgaard - Oslo,400,bus,RUT:ServiceJourney:c2a046a6e6941e4fdd6dbd54eddc870d,True,actual,False,,,,,2026-09-07T08:42:24.659182+02:00
NSR:StopPlace:416,Vikhammer stasjon,2026-09-07T05:28:00+02:00,2026-09-07T05:29:15+02:00,2026-09-07T05:29:15+02:00,75.0,1,Steinkjer,SJN:Line:26,Trønderbanen,R70,rail,SJN:ServiceJourney:421_56050-R,True,actual,False,,,,,2026-09-07T08:42:24.659182+02:00
NSR:StopPlace:61463,Nordstrand stasjon,2026-09-07T23:22:00+02:00,2026-09-07T23:23:14+02:00,2026-09-07T23:23:14+02:00,74.0,1,Ski,VYG:Line:L2,Stabekk-Oslo S-Ski,L2,rail,VYG:ServiceJourney:2773-HVK_443994-R,True,actual,False,,,,,2026-09-08T00:20:52.129880+02:00
NSR:StopPlace:59648,Kjelsås stasjon,2026-09-07T23:10:00+02:00,2026-09-07T23:11:14+02:00,2026-09-07T23:11:14+02:00,74.0,1,Kværnerbyen,RUT:Line:54,Kværnerbyen - Kjelsås stasjon,54,bus,RUT:ServiceJourney:0622f606364926db36acf61c4a45bedc,True,actual,False,,,,,2026-09-08T00:20:52.129880+02:00
NSR:StopPlace:60016,Kråkstad stasjon,2026-09-07T22:18:00+02:00,2026-09-07T22:19:14+02:00,2026-09-07T22:19:14+02:00,74.0,1,Rakkestad,VYG:Line:R22,Skøyen-Oslo S-Mysen-Rakkestad,R22,rail,VYG:ServiceJourney:1935_443489-R,True,actual,False,,,,,2026-09-08T00:20:52.129880+02:00
NSR:StopPlace:58925,Gausel stasjon,2026-09-07T22:10:00+02:00,2026-09-07T22:11:14+02:00,2026-09-07T22:11:14+02:00,74.0,1,Stavanger,KOL:Line:8_1003,2,2,bus,KOL:ServiceJourney:1003_251014071766219_2141,True,actual,False,,,,,2026-09-08T00:20:52.129880+02:00
NSR:StopPlace:62308,Alna stasjon,2026-09-07T23:03:00+02:00,2026-09-07T23:04:14+02:00,2026-09-07T23:04:14+02:00,74.0,1,Lillestrøm,VYG:Line:L1,Spikkestad-Oslo S-Lillestrøm,L1,rail,VYG:ServiceJourney:2172_443583-R,True,actual,False,,,,,2026-09-08T00:20:52.129880+02:00
NSR:StopPlace:62392,Slependen stasjon,2026-09-07T21:59:00+02:00,2026-09-07T22:00:14+02:00,2026-09-07T22:00:14+02:00,74.0,1,Lillestrøm,VYG:Line:L1,Spikkestad-Oslo S-Lillestrøm,L1,rail,VYG:ServiceJourney:2170_443581-R,True,actual,False,,,,,2026-09-08T00:20:52.129880+02:00
NSR:StopPlace:59641,Fjellhamar stasjon,2026-09-07T18:03:00+02:00,2026-09-07T18:04:14+02:00,2026-09-07T18:04:14+02:00,74.0,1,Lillestrøm,VYG:Line:L1,Spikkestad-Oslo S-Lillestrøm,L1,rail,VYG:ServiceJourney:2252_445350-R,True,actual,False,,,,,2026-09-07T20:27:16.249662+02:00
NSR:StopPlace:59636,Holmlia stasjon,2026-09-07T17:25:00+02:00,2026-09-07T17:26:14+02:00,2026-09-07T17:26:14+02:00,74.0,1,Grorud T,RUT:Line:79,Grorud T - Åsbråten,79,bus,RUT:ServiceJourney:b3bc241e377aee0f59b8113f7d793f9b,True,actual,False,,,,,2026-09-07T20:27:16.249662+02:00
NSR:StopPlace:58798,Rakkestad stasjon,2026-09-07T19:45:00+02:00,2026-09-07T19:46:14+02:00,2026-09-07T19:46:14+02:00,74.0,1,Oslo S,VYG:Line:R22,Skøyen-Oslo S-Mysen-Rakkestad,R22,rail,VYG:ServiceJourney:1934_443488-R,True,actual,False,,,,,2026-09-07T20:27:16.249662+02:00
NSR:StopPlace:58832,Geilo stasjon,2026-09-07T20:13:00+02:00,2026-09-07T20:14:14+02:00,2026-09-07T20:14:14+02:00,74.0,1,Oslo S,VYG:Line:F4,Oslo S-Bergen,F4,rail,VYG:ServiceJourney:66-BRG_513626-R,True,actual,False,,,,,2026-09-07T20:27:16.249662+02:00
NSR:StopPlace:58844,Eidsvoll stasjon,2026-09-07T17:35:00+02:00,2026-09-07T17:36:14+02:00,2026-09-07T17:36:14+02:00,74.0,1,Gullverket,RUT:Line:442,Gullverket - Eidsvoll,442,bus,RUT:ServiceJourney:feab79f8952ef668c44ab069cef16914,True,actual,False,,,,,2026-09-07T20:27:16.249662+02:00
NSR:StopPlace:58853,Kolbotn stasjon,2026-09-07T17:41:00+02:00,2026-09-07T17:42:14+02:00,2026-09-07T17:42:14+02:00,74.0,1,Hauketo stasjon,RUT:Line:87,Hauketo stasjon - Kolbotn,87,bus,RUT:ServiceJourney:247e4e1d4c6ec7331882570e153cf597,True,actual,False,,,,,2026-09-07T20:27:16.249662+02:00
NSR:StopPlace:58860,Oppegård stasjon,2026-09-07T20:01:00+02:00,2026-09-07T20:02:14+02:00,2026-09-07T20:02:14+02:00,74.0,1,Skøyen,VYG:Line:L2,Stabekk-Oslo S-Ski,L2,rail,VYG:ServiceJourney:2864-SKI_488396-R,True,actual,False,,,,,2026-09-07T20:27:16.249662+02:00
NSR:StopPlace:58807,Hanestad stasjon,2026-09-07T20:17:00+02:00,2026-09-07T20:18:14+02:00,2026-09-07T20:18:14+02:00,74.0,1,Røros,SJN:Line:25,Rørosbanen,R60,rail,SJN:ServiceJourney:2391_54213-R,True,actual,False,,,,,2026-09-07T20:27:16.249662+02:00
NSR:StopPlace:58211,Oslo lufthavn,2026-09-07T17:03:00+02:00,2026-09-07T17:04:14+02:00,2026-09-07T17:04:14+02:00,74.0,1,Drammen,VYG:Line:RE10,Drammen-Oslo S-Lillehammer,RE10,rail,VYG:ServiceJourney:324-LHM_444211-R,True,actual,False,,,,,2026-09-07T20:27:16.249662+02:00
NSR:StopPlace:101,Sagdalen stasjon,2026-09-07T18:58:00+02:00,2026-09-07T18:59:14+02:00,2026-09-07T18:59:14+02:00,74.0,1,Asker,VYG:Line:L1,Spikkestad-Oslo S-Lillestrøm,L1,rail,VYG:ServiceJourney:2157_443566-R,True,actual,False,,,,,2026-09-07T20:27:16.249662+02:00
NSR:StopPlace:62094,Lindeberg stasjon,2026-09-07T18:37:00+02:00,2026-09-07T18:38:14+02:00,2026-09-07T18:38:14+02:00,74.0,1,Dal,VYG:Line:R13,Drammen-Oslo S-Dal,R13,rail,VYG:ServiceJourney:1653_443327-R,True,actual,False,,,,,2026-09-07T20:27:16.249662+02:00
NSR:StopPlace:62380,Røra stasjon,2026-09-07T20:08:00+02:00,2026-09-07T20:09:14+02:00,2026-09-07T20:09:14+02:00,74.0,1,Steinkjer,SJN:Line:26,Trønderbanen,R70,rail,SJN:ServiceJourney:447_56076-R,True,actual,False,,,,,2026-09-07T20:27:16.249662+02:00
NSR:StopPlace:59647,Dal stasjon,2026-09-07T15:26:00+02:00,2026-09-07T15:27:14+02:00,2026-09-07T15:27:14+02:00,74.0,1,Jessheim,RUT:Line:430,Eidsvoll - Jessheim,430,bus,RUT:ServiceJourney:e60a2028da8a3173c7ee325494e791bf,True,actual,False,,,,,2026-09-07T15:44:36.205822+02:00
NSR:StopPlace:60077,Støren stasjon,2026-09-07T14:33:00+02:00,2026-09-07T14:34:14+02:00,2026-09-07T14:34:14+02:00,74.0,1,Støren Rådhus,ATB:Line:2_5004,Klett - Melhus - Støren,5004,bus,ATB:ServiceJourney:5004_260309084083729_18,True,actual,False,,,,,2026-09-07T15:44:36.205822+02:00
NSR:StopPlace:60569,Sirevåg stasjon,2026-09-07T14:23:00+02:00,2026-09-07T14:24:14+02:00,2026-09-07T14:24:14+02:00,74.0,1,Egersund,GOA:Line:59,Jærbanen,L5,rail,GOA:ServiceJourney:3038_63076-R,True,actual,False,,,,,2026-09-07T15:44:36.205822+02:00
NSR:StopPlace:58971,Mosjøen stasjon,2026-09-07T15:05:00+02:00,2026-09-07T15:06:14+02:00,2026-09-07T15:06:14+02:00,74.0,1,Sentrum via Halsøy,NOR:Line:12_8225,Mosjøen-Åremma-Marka-Kjemsås,225,bus,NOR:ServiceJourney:8225_251012124859241_2012,True,actual,False,,,,,2026-09-07T15:44:36.205822+02:00
NSR:StopPlace:398,Arna stasjon,2026-09-07T15:27:00+02:00,2026-09-07T15:28:14+02:00,2026-09-07T15:28:14+02:00,74.0,1,Bergen,VYG:Line:L4,Bergen-Arna,L4,rail,VYG:ServiceJourney:2541_443799-R,True,actual,False,,,,,2026-09-07T15:44:36.205822+02:00
NSR:StopPlace:61291,Stavanger stasjon,2026-09-07T06:32:00+02:00,2026-09-07T06:33:14+02:00,2026-09-07T06:33:14+02:00,74.0,1,Oslo S,GOA:Line:50,Sørtoget region,F5,rail,GOA:ServiceJourney:706-KVB_63227-R,True,actual,False,,,,,2026-09-07T08:42:24.659182+02:00
NSR:StopPlace:60640,Heimdal stasjon,2026-09-07T06:30:00+02:00,2026-09-07T06:31:14+02:00,2026-09-07T06:31:14+02:00,74.0,1,Ranheim via Tiller-sentrum,ATB:Line:2_1,Ranheim - Strindheim - sentrum - Tiller - Heimdal - Kattem,1,bus,ATB:ServiceJourney:1_251215112546046_11,True,actual,False,,,,,2026-09-07T08:42:24.659182+02:00
NSR:StopPlace:59952,Drammen stasjon,2026-09-07T08:05:00+02:00,2026-09-07T08:06:14+02:00,2026-09-07T08:06:14+02:00,74.0,1,Dal,VYG:Line:R13,Drammen-Oslo S-Dal,R13,rail,VYG:ServiceJourney:1615_443244-R,True,actual,False,,,,,2026-09-07T08:42:24.659182+02:00
NSR:StopPlace:59261,Trondheim lufthavn,2026-09-07T07:17:00+02:00,2026-09-07T07:18:14+02:00,2026-09-07T07:18:14+02:00,74.0,1,A Marienborg via Innherredsveien,ATB:Line:2_70,Stjørdal/Hommelvik- Trondheim,70,bus,ATB:ServiceJourney:70_251215112546910_18,True,actual,False,,,,,2026-09-07T08:42:24.659182+02:00
NSR:StopPlace:59616,Asker stasjon,2026-09-07T06:19:00+02:00,2026-09-07T06:20:14+02:00,2026-09-07T06:20:14+02:00,74.0,1,Lierbyen - Drammen,BRA:Line:4_6071,Drammen - Stoppen - Lierbyen - Asker,71,bus,BRA:ServiceJourney:6071_260415100160748_1004,True,actual,False,Fra 17/8 går linje 61-63-71-73-251-261 og skolebusser fra holdeplass ved Skutebrygga ut av byen.Les mer på brakar.no/trafikkmeldinger.,,general,normal,2026-09-07T08:42:24.659182+02:00
NSR:StopPlace:58919,Sira stasjon,2026-09-07T08:26:00+02:00,2026-09-07T08:27:14+02:00,2026-09-07T08:27:14+02:00,74.0,1,Flekkefjord,AKT:Line:260,Flekkefjord - Sira - Moi,260,bus,AKT:ServiceJourney:56498_31_47_57000_60360_3935561,True,actual,False,,,,,2026-09-07T08:42:24.659182+02:00
NSR:StopPlace:58793,Askim stasjon,2026-09-07T07:05:00+02:00,2026-09-07T07:06:14+02:00,2026-09-07T07:06:14+02:00,74.0,1,Oslo S,VYG:Line:R22,Skøyen-Oslo S-Mysen-Rakkestad,R22,rail,VYG:ServiceJourney:1908_443445-R,True,actual,False,,,,,2026-09-07T08:42:24.659182+02:00
NSR:StopPlace:58853,Kolbotn stasjon,2026-09-07T06:55:00+02:00,2026-09-07T06:56:14+02:00,2026-09-07T06:56:14+02:00,74.0,1,Stabekk,VYG:Line:L2,Stabekk-Oslo S-Ski,L2,rail,VYG:ServiceJourney:2712-SKI_443918-R,True,actual,False,,,,,2026-09-07T08:42:24.659182+02:00
NSR:StopPlace:58865,Vestby stasjon,2026-09-07T06:50:00+02:00,2026-09-07T06:51:14+02:00,2026-09-07T06:51:14+02:00,74.0,1,Grønberg,RUT:Line:530,Pepperstad - Vestby stasjon,530,bus,RUT:ServiceJourney:c00149cadcee2f8ad46f62f68d100fd3,True,actual,False,,,,,2026-09-07T08:42:24.659182+02:00
NSR:StopPlace:58860,Oppegård stasjon,2026-09-07T06:01:00+02:00,2026-09-07T06:02:14+02:00,2026-09-07T06:02:14+02:00,74.0,1,Lysaker,VYG:Line:L2,Stabekk-Oslo S-Ski,L2,rail,VYG:ServiceJourney:2808-SKI_444019-R,True,actual,False,,,,,2026-09-07T08:42:24.659182+02:00
NSR:StopPlace:144,Skansen stasjon,2026-09-07T07:17:00+02:00,2026-09-07T07:18:14+02:00,2026-09-07T07:18:14+02:00,74.0,1,Lerkendal,SJN:Line:26,Trønderbanen,R70,rail,SJN:ServiceJourney:1760_56046-R,True,actual,False,,,,,2026-09-07T08:42:24.659182+02:00
NSR:StopPlace:393,Leangen stasjon,2026-09-07T06:23:00+02:00,2026-09-07T06:24:14+02:00,2026-09-07T06:24:14+02:00,74.0,1,Steinkjer,SJN:Line:26,Trønderbanen,R70,rail,SJN:ServiceJourney:423_56052-R,True,actual,False,,,,,2026-09-07T08:42:24.659182+02:00
NSR:StopPlace:61169,Marienborg stasjon,2026-09-07T23:12:00+02:00,2026-09-07T23:13:13+02:00,2026-09-07T23:13:13+02:00,73.0,1,Havstad,ATB:Line:2_13,Østmarka - Strindheim - Lerkendal - Havstad,13,bus,ATB:ServiceJourney:13_251215112552734_152,True,actual,False,,,,,2026-09-08T00:20:52.129880+02:00
NSR:StopPlace:58795,Kambo stasjon,2026-09-07T22:25:00+02:00,2026-09-07T22:26:13+02:00,2026-09-07T22:26:13+02:00,73.0,1,Moss,VYG:Line:R21,Stabekk-Oslo S-Moss,R21,rail,VYG:ServiceJourney:1167-HVK_443060-R,True,actual,False,,,,,2026-09-08T00:20:52.129880+02:00
NSR:StopPlace:58795,Kambo stasjon,2026-09-07T22:54:00+02:00,2026-09-07T22:55:13+02:00,2026-09-07T22:55:13+02:00,73.0,1,Vestby stasjon,RUT:Line:540,Moss - Son - Vestby stasjon,540,bus,RUT:ServiceJourney:d807c766860cbd50a28495a4f77a9906,True,actual,False,,,,,2026-09-08T00:20:52.129880+02:00
NSR:StopPlace:58840,Vestfossen stasjon,2026-09-07T23:05:00+02:00,2026-09-07T23:06:13+02:00,2026-09-07T23:06:13+02:00,73.0,1,Kongsberg,VYG:Line:R12,Kongsberg-Oslo S-Eidsvoll,R12,rail,VYG:ServiceJourney:535_444345-R,True,actual,False,,,,,2026-09-08T00:20:52.129880+02:00
NSR:StopPlace:58862,Strømmen stasjon,2026-09-07T22:45:00+02:00,2026-09-07T22:46:13+02:00,2026-09-07T22:46:13+02:00,73.0,1,Spikkestad,VYG:Line:L1,Spikkestad-Oslo S-Lillestrøm,L1,rail,VYG:ServiceJourney:2273_443707-R,True,actual,False,,,,,2026-09-08T00:20:52.129880+02:00
NSR:StopPlace:58876,Tønsberg stasjon,2026-09-07T21:52:00+02:00,2026-09-07T21:53:13+02:00,2026-09-07T21:53:13+02:00,73.0,1,Skien,VYG:Line:RE11,Eidsvoll-Oslo S-Skien,RE11,rail,VYG:ServiceJourney:833_444413-R,True,actual,False,Færre vogner,Denne avgangen kjører dessverre med 5 vogner i stedet for 10 vogner. Dette skyldes at vi mangler et togsett.,general,normal,2026-09-08T00:20:52.129880+02:00
NSR:StopPlace:58825,Raufoss stasjon,2026-09-07T22:41:00+02:00,2026-09-07T22:42:13+02:00,2026-09-07T22:42:13+02:00,73.0,1,Lena,INN:Line:47,Lena-Kapp-Gjøvik-Raufoss-Lena,B47,bus,INN:ServiceJourney:76610,True,actual,False,,,,,2026-09-08T00:20:52.129880+02:00
NSR:StopPlace:58826,Reinsvoll stasjon,2026-09-07T21:33:00+02:00,2026-09-07T21:34:13+02:00,2026-09-07T21:34:13+02:00,73.0,1,Raufoss-Gjøvik,INN:Line:46,Lena-Raufoss-Gjøvik-Kapp-Lena,B46,bus,INN:ServiceJourney:76849,True,actual,False,,,,,2026-09-08T00:20:52.129880+02:00
NSR:StopPlace:398,Arna stasjon,2026-09-07T23:42:00+02:00,2026-09-07T23:43:13+02:00,2026-09-07T23:43:13+02:00,73.0,1,Bergen,VYG:Line:L4,Bergen-Arna,L4,rail,VYG:ServiceJourney:2675_443890-R,True,actual,False,,,,,2026-09-08T00:20:52.129880+02:00
NSR:StopPlace:41,Hanaborg stasjon,2026-09-07T18:46:00+02:00,2026-09-07T18:47:13+02:00,2026-09-07T18:47:13+02:00,73.0,1,Lillestrøm,VYG:Line:L1,Spikkestad-Oslo S-Lillestrøm,L1,rail,VYG:ServiceJourney:2154_443563-R,True,actual,False,,,,,2026-09-07T20:27:16.249662+02:00
NSR:StopPlace:59646,Høvik stasjon,2026-09-07T18:56:00+02:00,2026-09-07T18:57:13+02:00,2026-09-07T18:57:13+02:00,73.0,1,Spikkestad,VYG:Line:L1,Spikkestad-Oslo S-Lillestrøm,L1,rail,VYG:ServiceJourney:2255_443677-R,True,actual,False,,,,,2026-09-07T20:27:16.249662+02:00
NSR:StopPlace:59639,Sonsveien stasjon,2026-09-07T17:51:00+02:00,2026-09-07T17:52:13+02:00,2026-09-07T17:52:13+02:00,73.0,1,Moss,VYG:Line:R21,Stabekk-Oslo S-Moss,R21,rail,VYG:ServiceJourney:1149-HVK_443028-R,True,actual,False,,,,,2026-09-07T20:27:16.249662+02:00
NSR:StopPlace:58963,Jessheim stasjon,2026-09-07T17:55:00+02:00,2026-09-07T17:56:13+02:00,2026-09-07T17:56:13+02:00,73.0,1,Eidsvoll,RUT:Line:430,Eidsvoll - Jessheim,430,bus,RUT:ServiceJourney:1e3f3de09dad31d92eedfaab05b0aff8,True,actual,False,,,,,2026-09-07T20:27:16.249662+02:00
NSR:StopPlace:58918,Nodeland stasjon,2026-09-07T18:51:00+02:00,2026-09-07T18:52:13+02:00,2026-09-07T18:52:13+02:00,73.0,1,Høllen,AKT:Line:1048,Høllen - Nodelandsheia,48,bus,AKT:ServiceJourney:76997_212_22_135240_136560_1099022,True,actual,False,,,,,2026-09-07T20:27:16.249662+02:00
NSR:StopPlace:58835,Lier stasjon,2026-09-07T17:41:00+02:00,2026-09-07T17:42:13+02:00,2026-09-07T17:42:13+02:00,73.0,1,Dal,VYG:Line:R13,Drammen-Oslo S-Dal,R13,rail,VYG:ServiceJourney:1653_443327-R,True,actual,False,,,,,2026-09-07T20:27:16.249662+02:00
NSR:StopPlace:58836,Mjøndalen stasjon,2026-09-07T17:42:00+02:00,2026-09-07T17:43:13+02:00,2026-09-07T17:43:13+02:00,73.0,1,Drammen,BRA:Line:4_6101,Drammen-Vikersund/Hønefoss,101,bus,BRA:ServiceJourney:6101_260415100161282_1052,True,actual,False,,,,,2026-09-07T20:27:16.249662+02:00
NSR:StopPlace:58852,Høn stasjon,2026-09-07T18:59:00+02:00,2026-09-07T19:00:13+02:00,2026-09-07T19:00:13+02:00,73.0,1,Asker,VYG:Line:L1,Spikkestad-Oslo S-Lillestrøm,L1,rail,VYG:ServiceJourney:2153_443562-R,True,actual,False,,,,,2026-09-07T20:27:16.249662+02:00
NSR:StopPlace:58854,Langhus stasjon,2026-09-07T18:27:00+02:00,2026-09-07T18:28:13+02:00,2026-09-07T18:28:13+02:00,73.0,1,Oslo S,VYG:Line:L2,Stabekk-Oslo S-Ski,L2,rail,VYG:ServiceJourney:2858_444098-R,True,actual,False,,,,,2026-09-07T20:27:16.249662+02:00
NSR:StopPlace:58859,Nordby stasjon,2026-09-07T20:03:00+02:00,2026-09-07T20:04:13+02:00,2026-09-07T20:04:13+02:00,73.0,1,Drammen,VYG:Line:R13,Drammen-Oslo S-Dal,R13,rail,VYG:ServiceJourney:1662_443348-R,True,actual,False,,,,,2026-09-07T20:27:16.249662+02:00
NSR:StopPlace:58865,Vestby stasjon,2026-09-07T19:20:00+02:00,2026-09-07T19:21:13+02:00,2026-09-07T19:21:13+02:00,73.0,1,Grønberg,RUT:Line:530,Pepperstad - Vestby stasjon,530,bus,RUT:ServiceJourney:a9c85553ceff0ec906314219c738e9b0,True,actual,False,,,,,2026-09-07T20:27:16.249662+02:00
NSR:StopPlace:58860,Oppegård stasjon,2026-09-07T19:31:00+02:00,2026-09-07T19:32:13+02:00,2026-09-07T19:32:13+02:00,73.0,1,Oslo S,VYG:Line:L2,Stabekk-Oslo S-Ski,L2,rail,VYG:ServiceJourney:2862_444105-R,True,actual,False,,,,,2026-09-07T20:27:16.249662+02:00
NSR:StopPlace:101,Sagdalen stasjon,2026-09-07T18:52:00+02:00,2026-09-07T18:53:13+02:00,2026-09-07T18:53:13+02:00,73.0,1,Lillestrøm,VYG:Line:L1,Spikkestad-Oslo S-Lillestrøm,L1,rail,VYG:ServiceJourney:2154_443563-R,True,actual,False,,,,,2026-09-07T20:27:16.249662+02:00
NSR:StopPlace:62392,Slependen stasjon,2026-09-07T17:15:00+02:00,2026-09-07T17:16:13+02:00,2026-09-07T17:16:13+02:00,73.0,1,Lillestrøm,VYG:Line:L1,Spikkestad-Oslo S-Lillestrøm,L1,rail,VYG:ServiceJourney:2252_445350-R,True,actual,False,,,,,2026-09-07T20:27:16.249662+02:00
NSR:StopPlace:59872,Oslo S,2026-09-07T12:14:00+02:00,2026-09-07T12:15:13+02:00,2026-09-07T12:15:13+02:00,73.0,1,Göteborg C,VYG:Line:RE20,Oslo S-Halden-Göteborg (X-Border),RE20,rail,VYG:ServiceJourney:115-389_448305-R,True,actual,False,,,,,2026-09-07T15:44:36.205822+02:00
NSR:StopPlace:59261,Trondheim lufthavn,2026-09-07T14:03:00+02:00,2026-09-07T14:04:13+02:00,2026-09-07T14:04:13+02:00,73.0,1,Melhus skysstasjon,SJN:Line:26,Trønderbanen,R70,rail,SJN:ServiceJourney:436-STK_56065-R,True,actual,False,,,,,2026-09-07T15:44:36.205822+02:00
NSR:StopPlace:58838,Røyken stasjon,2026-09-07T15:20:00+02:00,2026-09-07T15:21:13+02:00,2026-09-07T15:21:13+02:00,73.0,1,Sætre,RUT:Line:261,Drammen - Lahell - Røyken - Sætre,261,bus,RUT:ServiceJourney:f01588b8cdc85767cea0ebe1f678bf12,True,actual,False,Fra 17/8 går linje 61-63-71-73-251-261 og skolebusser fra holdeplass ved Skutebrygga ut av byen.Les mer på brakar.no/trafikkmeldinger.,,general,normal,2026-09-07T15:44:36.205822+02:00
NSR:StopPlace:58870,Holmestrand stasjon,2026-09-07T14:40:00+02:00,2026-09-07T14:41:13+02:00,2026-09-07T14:41:13+02:00,73.0,1,Hvitstein-Kleiverud,VKT:Line:30,Kleiverud-Holmestrand,30,bus,VKT:ServiceJourney:14864,True,actual,False,,,,,2026-09-07T15:44:36.205822+02:00
NSR:StopPlace:58803,Tomter stasjon,2026-09-07T14:28:00+02:00,2026-09-07T14:29:13+02:00,2026-09-07T14:29:13+02:00,73.0,1,Oslo S,VYG:Line:R22,Skøyen-Oslo S-Mysen-Rakkestad,R22,rail,VYG:ServiceJourney:1922_673815-R,True,actual,False,,,,,2026-09-07T15:44:36.205822+02:00
NSR:StopPlace:58808,Kongsvinger stasjon,2026-09-07T15:35:00+02:00,2026-09-07T15:36:13+02:00,2026-09-07T15:36:13+02:00,73.0,1,Charlottenberg,INN:Line:120,Kongsvinger - Charlottenberg,120,bus,INN:ServiceJourney:54586,True,actual,False,,,,,2026-09-07T15:44:36.205822+02:00
NSR:StopPlace:61735,Hell stasjon,2026-09-07T06:29:00+02:00,2026-09-07T06:30:13+02:00,2026-09-07T06:30:13+02:00,73.0,1,Lerkendal,SJN:Line:26,Trønderbanen,R70,rail,SJN:ServiceJourney:1760_56046-R,True,actual,False,,,,,2026-09-07T08:42:24.659182+02:00
NSR:StopPlace:59647,Dal stasjon,2026-09-07T07:31:00+02:00,2026-09-07T07:32:13+02:00,2026-09-07T07:32:13+02:00,73.0,1,Eidsvoll,RUT:Line:430,Eidsvoll - Jessheim,430,bus,RUT:ServiceJourney:e59f70ed90d98193f0e790ab6674575d,True,actual,False,,,,,2026-09-07T08:42:24.659182+02:00
NSR:StopPlace:60640,Heimdal stasjon,2026-09-07T05:53:00+02:00,2026-09-07T05:54:13+02:00,2026-09-07T05:54:13+02:00,73.0,1,Hamar,SJN:Line:25,Rørosbanen,R60,rail,SJN:ServiceJourney:2382_48224-R,True,actual,False,,,,,2026-09-07T08:42:24.659182+02:00
NSR:StopPlace:59261,Trondheim lufthavn,2026-09-07T06:26:00+02:00,2026-09-07T06:27:13+02:00,2026-09-07T06:27:13+02:00,73.0,1,Lerkendal,SJN:Line:26,Trønderbanen,R70,rail,SJN:ServiceJourney:1760_56046-R,True,actual,False,,,,,2026-09-07T08:42:24.659182+02:00
NSR:StopPlace:58952,Bodø stasjon,2026-09-07T07:02:00+02:00,2026-09-07T07:03:13+02:00,2026-09-07T07:03:13+02:00,73.0,1,Tverlandet,NOR:Line:12_8004,Tverlandet - Bodø sentrum - Løpsmarka,4,bus,NOR:ServiceJourney:8004_251012124900550_1003,True,actual,False,,,,,2026-09-07T08:42:24.659182+02:00
NSR:StopPlace:58853,Kolbotn stasjon,2026-09-07T06:49:00+02:00,2026-09-07T06:50:13+02:00,2026-09-07T06:50:13+02:00,73.0,1,Kolbotn torg,RUT:Line:580,Kolbotn - Ski,580,bus,RUT:ServiceJourney:2055712646b50a8139c6eb598e0c0cba,True,actual,False,,,,,2026-09-07T08:42:24.659182+02:00
NSR:StopPlace:58854,Langhus stasjon,2026-09-07T07:12:00+02:00,2026-09-07T07:13:13+02:00,2026-09-07T07:13:13+02:00,73.0,1,Stabekk,VYG:Line:L2,Stabekk-Oslo S-Ski,L2,rail,VYG:ServiceJourney:2714-SKI_443920-R,True,actual,False,,,,,2026-09-07T08:42:24.659182+02:00
NSR:StopPlace:58850,Hauerseter stasjon,2026-09-07T08:30:00+02:00,2026-09-07T08:31:13+02:00,2026-09-07T08:31:13+02:00,73.0,1,Drammen,VYG:Line:R13,Drammen-Oslo S-Dal,R13,rail,VYG:ServiceJourney:1616_443247-R,True,actual,False,,,,,2026-09-07T08:42:24.659182+02:00
NSR:StopPlace:58866,Vevelstad stasjon,2026-09-07T06:14:00+02:00,2026-09-07T06:15:13+02:00,2026-09-07T06:15:13+02:00,73.0,1,Stabekk,VYG:Line:L2,Stabekk-Oslo S-Ski,L2,rail,VYG:ServiceJourney:2710-SKI_443916-R,True,actual,False,Færre vogner,Denne avgangen kjører dessverre med 3 vogner i stedet for 6 vogner. Dette skyldes at vi mangler et togsett.,general,normal,2026-09-07T08:42:24.659182+02:00
NSR:StopPlace:58861,Solbråtan stasjon,2026-09-07T07:53:00+02:00,2026-09-07T07:54:13+02:00,2026-09-07T07:54:13+02:00,73.0,1,Stabekk,VYG:Line:L2,Stabekk-Oslo S-Ski,L2,rail,VYG:ServiceJourney:2716-SKI_443922-R,True,actual,False,,,,,2026-09-07T08:42:24.659182+02:00
NSR:StopPlace:398,Arna stasjon,2026-09-07T07:54:00+02:00,2026-09-07T07:55:13+02:00,2026-09-07T07:55:13+02:00,73.0,1,Voss,VYG:Line:R40,Bergen-Voss-Myrdal-Ål,R40,rail,VYG:ServiceJourney:1806_443392-R,True,actual,False,,,,,2026-09-07T08:42:24.659182+02:00
NSR:StopPlace:610,Sandvika stasjon,2026-09-07T06:31:00+02:00,2026-09-07T06:32:13+02:00,2026-09-07T06:32:13+02:00,73.0,1,Spikkestad,VYG:Line:L1,Spikkestad-Oslo S-Lillestrøm,L1,rail,VYG:ServiceJourney:2205_443593-R,True,actual,False,Færre vogner,Denne avgangen kjører dessverre med 4 vogner i stedet for 8 vogner. Dette skyldes at vi mangler et togsett.,general,normal,2026-09-07T08:42:24.659182+02:00
NSR:StopPlace:62311,Vigrestad stasjon,2026-09-07T07:43:00+02:00,2026-09-07T07:44:13+02:00,2026-09-07T07:44:13+02:00,73.0,1,Stavanger,GOA:Line:59,Jærbanen,L5,rail,GOA:ServiceJourney:3013_63045-R,True,actual,False,,,,,2026-09-07T08:42:24.659182+02:00
NSR:StopPlace:62392,Slependen stasjon,2026-09-07T07:59:00+02:00,2026-09-07T08:00:13+02:00,2026-09-07T08:00:13+02:00,73.0,1,Lillestrøm,VYG:Line:L1,Spikkestad-Oslo S-Lillestrøm,L1,rail,VYG:ServiceJourney:2114_443519-R,True,actual,False,,,,,2026-09-07T08:42:24.659182+02:00
NSR:StopPlace:58856,Lysaker stasjon,2026-09-08T00:31:00+02:00,2026-09-08T00:32:12+02:00,2026-09-08T00:32:12+02:00,72.0,1,Eidsvoll,VYG:Line:R13,Drammen-Oslo S-Dal,R13,rail,VYG:ServiceJourney:1679_443385-R,True,actual,False,,,,,2026-09-08T03:39:50.209703+02:00
NSR:StopPlace:151,Evanger stasjon,2026-09-08T01:36:00+02:00,2026-09-08T01:37:12+02:00,2026-09-08T01:37:12+02:00,72.0,1,Voss,VYG:Line:R40,Bergen-Voss-Myrdal-Ål,R40,rail,VYG:ServiceJourney:1838_456880-R,True,actual,False,,,,,2026-09-08T03:39:50.209703+02:00
NSR:StopPlace:61466,Vakås stasjon,2026-09-07T22:52:00+02:00,2026-09-07T22:53:12+02:00,2026-09-07T22:53:12+02:00,72.0,1,Lillestrøm,VYG:Line:L1,Spikkestad-Oslo S-Lillestrøm,L1,rail,VYG:ServiceJourney:2174_443585-R,True,actual,False,,,,,2026-09-08T00:20:52.129880+02:00
NSR:StopPlace:61334,Ogna stasjon,2026-09-07T23:51:00+02:00,2026-09-07T23:52:12+02:00,2026-09-07T23:52:12+02:00,72.0,1,Egersund,GOA:Line:59,Jærbanen,L5,rail,GOA:ServiceJourney:3076_63139-R,True,actual,False,,,,,2026-09-08T00:20:52.129880+02:00
NSR:StopPlace:59649,Nydalen stasjon,2026-09-07T22:01:00+02:00,2026-09-07T22:02:12+02:00,2026-09-07T22:02:12+02:00,72.0,1,Simensbråten,RUT:Line:23,Lysaker - Simensbråten,23,bus,RUT:ServiceJourney:5ebef32f65fe082e6fbd8bba938701a4,True,actual,False,,,,,2026-09-08T00:20:52.129880+02:00
NSR:StopPlace:59643,Grefsen stasjon,2026-09-07T22:49:00+02:00,2026-09-07T22:50:12+02:00,2026-09-07T22:50:12+02:00,72.0,1,Simensbråten,RUT:Line:23,Lysaker - Simensbråten,23,bus,RUT:ServiceJourney:02f5fecd12f442942a9bd837f89cbefe,True,actual,False,,,,,2026-09-08T00:20:52.129880+02:00
NSR:StopPlace:60047,Melhus skysstasjon,2026-09-07T21:49:00+02:00,2026-09-07T21:50:12+02:00,2026-09-07T21:50:12+02:00,72.0,1,Steinkjer,SJN:Line:26,Trønderbanen,R70,rail,SJN:ServiceJourney:455_56084-R,True,actual,False,,,,,2026-09-08T00:20:52.129880+02:00
NSR:StopPlace:60569,Sirevåg stasjon,2026-09-07T23:54:00+02:00,2026-09-07T23:55:12+02:00,2026-09-07T23:55:12+02:00,72.0,1,Egersund,GOA:Line:59,Jærbanen,L5,rail,GOA:ServiceJourney:3076_63139-R,True,actual,False,,,,,2026-09-08T00:20:52.129880+02:00
NSR:StopPlace:58870,Holmestrand stasjon,2026-09-07T22:28:00+02:00,2026-09-07T22:29:12+02:00,2026-09-07T22:29:12+02:00,72.0,1,Eidsvoll,VYG:Line:RE11,Eidsvoll-Oslo S-Skien,RE11,rail,VYG:ServiceJourney:836_444416-R,True,actual,False,,,,,2026-09-08T00:20:52.129880+02:00
NSR:StopPlace:62308,Alna stasjon,2026-09-07T22:18:00+02:00,2026-09-07T22:19:12+02:00,2026-09-07T22:19:12+02:00,72.0,1,Lillestrøm,VYG:Line:L1,Spikkestad-Oslo S-Lillestrøm,L1,rail,VYG:ServiceJourney:2270_443703-R,True,actual,False,,,,,2026-09-08T00:20:52.129880+02:00
NSR:StopPlace:62393,Billingstad stasjon,2026-09-08T00:13:00+02:00,2026-09-08T00:14:12+02:00,2026-09-08T00:14:12+02:00,72.0,1,Lillestrøm,VYG:Line:L1,Spikkestad-Oslo S-Lillestrøm,L1,rail,VYG:ServiceJourney:2280_443718-R,True,actual,False,,,,,2026-09-08T00:20:52.129880+02:00
NSR:StopPlace:59649,Nydalen stasjon,2026-09-07T17:36:00+02:00,2026-09-07T17:37:12+02:00,2026-09-07T17:37:12+02:00,72.0,1,Simensbråten,RUT:Line:23,Lysaker - Simensbråten,23,bus,RUT:ServiceJourney:7ce925decc163df95da0e029ee9ac529,True,actual,False,,,,,2026-09-07T20:27:16.249662+02:00
NSR:StopPlace:59641,Fjellhamar stasjon,2026-09-07T20:25:00+02:00,2026-09-07T20:26:12+02:00,2026-09-07T20:26:12+02:00,72.0,1,Vallerudtoppen,RUT:Line:315,Vallerudtoppen - Ahus,315,bus,RUT:ServiceJourney:e03431dcd191256ae37221214d638dc8,True,actual,False,,,,,2026-09-07T20:27:16.249662+02:00
NSR:StopPlace:60271,Varhaug stasjon,2026-09-07T19:38:00+02:00,2026-09-07T19:39:12+02:00,2026-09-07T19:39:12+02:00,72.0,1,Egersund,GOA:Line:59,Jærbanen,L5,rail,GOA:ServiceJourney:3060_63114-R,True,actual,False,,,,,2026-09-07T20:27:16.249662+02:00
NSR:StopPlace:59639,Sonsveien stasjon,2026-09-07T17:42:00+02:00,2026-09-07T17:43:12+02:00,2026-09-07T17:43:12+02:00,72.0,1,Vestby stasjon,RUT:Line:540,Moss - Son - Vestby stasjon,540,bus,RUT:ServiceJourney:798712e53c41d0583c5f9fd9f37cc62b,True,actual,False,,,,,2026-09-07T20:27:16.249662+02:00
NSR:StopPlace:58793,Askim stasjon,2026-09-07T17:14:00+02:00,2026-09-07T17:15:12+02:00,2026-09-07T17:15:12+02:00,72.0,1,Oslo S,VYG:Line:R22,Skøyen-Oslo S-Mysen-Rakkestad,R22,rail,VYG:ServiceJourney:1928_443481-R,True,actual,False,,,,,2026-09-07T20:27:16.249662+02:00
NSR:StopPlace:58843,Blommenholm stasjon,2026-09-07T19:34:00+02:00,2026-09-07T19:35:12+02:00,2026-09-07T19:35:12+02:00,72.0,1,Lillestrøm,VYG:Line:L1,Spikkestad-Oslo S-Lillestrøm,L1,rail,VYG:ServiceJourney:2160_443570-R,True,actual,False,,,,,2026-09-07T20:27:16.249662+02:00
NSR:StopPlace:58853,Kolbotn stasjon,2026-09-07T17:43:00+02:00,2026-09-07T17:44:12+02:00,2026-09-07T17:44:12+02:00,72.0,1,Ski stasjon,RUT:Line:580,Kolbotn - Ski,580,bus,RUT:ServiceJourney:1252499fbe62d0df706ed506b9fbd1d9,True,actual,False,,,,,2026-09-07T20:27:16.249662+02:00
NSR:StopPlace:58864,Sørumsand stasjon,2026-09-07T17:31:00+02:00,2026-09-07T17:32:12+02:00,2026-09-07T17:32:12+02:00,72.0,1,Kongsvinger,VYG:Line:R14,Asker-Oslo S-Kongsvinger,R14,rail,VYG:ServiceJourney:1025_442935-R,True,actual,False,,,,,2026-09-07T20:27:16.249662+02:00
NSR:StopPlace:58865,Vestby stasjon,2026-09-07T19:10:00+02:00,2026-09-07T19:11:12+02:00,2026-09-07T19:11:12+02:00,72.0,1,Stabekk,VYG:Line:R21,Stabekk-Oslo S-Moss,R21,rail,VYG:ServiceJourney:1160-MOS_443049-R,True,actual,False,,,,,2026-09-07T20:27:16.249662+02:00
NSR:StopPlace:58860,Oppegård stasjon,2026-09-07T20:16:00+02:00,2026-09-07T20:17:12+02:00,2026-09-07T20:17:12+02:00,72.0,1,Stabekk,VYG:Line:L2,Stabekk-Oslo S-Ski,L2,rail,VYG:ServiceJourney:2766-SKI_443983-R,True,actual,False,,,,,2026-09-07T20:27:16.249662+02:00
NSR:StopPlace:58862,Strømmen stasjon,2026-09-07T20:00:00+02:00,2026-09-07T20:01:12+02:00,2026-09-07T20:01:12+02:00,72.0,1,Asker,VYG:Line:L1,Spikkestad-Oslo S-Lillestrøm,L1,rail,VYG:ServiceJourney:2161_443571-R,True,actual,False,,,,,2026-09-07T20:27:16.249662+02:00
NSR:StopPlace:58873,Skoppum stasjon,2026-09-07T18:40:00+02:00,2026-09-07T18:41:12+02:00,2026-09-07T18:41:12+02:00,72.0,1,Skien,VYG:Line:RE11,Eidsvoll-Oslo S-Skien,RE11,rail,VYG:ServiceJourney:827_444407-R,True,actual,False,,,,,2026-09-07T20:27:16.249662+02:00
NSR:StopPlace:416,Vikhammer stasjon,2026-09-07T18:34:00+02:00,2026-09-07T18:35:12+02:00,2026-09-07T18:35:12+02:00,72.0,1,Steinkjer,SJN:Line:26,Trønderbanen,R70,rail,SJN:ServiceJourney:447_56076-R,True,actual,False,,,,,2026-09-07T20:27:16.249662+02:00
NSR:StopPlace:59659,Atna stasjon,2026-09-07T14:03:00+02:00,2026-09-07T14:04:12+02:00,2026-09-07T14:04:12+02:00,72.0,1,Hamar,SJN:Line:25,Rørosbanen,R60,rail,SJN:ServiceJourney:2386_47976-R,True,actual,False,,,,,2026-09-07T15:44:36.205822+02:00
NSR:StopPlace:59092,Gyland stasjon,2026-09-07T14:30:00+02:00,2026-09-07T14:31:12+02:00,2026-09-07T14:31:12+02:00,72.0,1,Flekkefjord,AKT:Line:270,Flekkefjord - Gyland - Tonstad,270,bus,AKT:ServiceJourney:56882_52_45_98400_103500_3935551,True,actual,False,,,,,2026-09-07T15:44:36.205822+02:00
NSR:StopPlace:58865,Vestby stasjon,2026-09-07T15:20:00+02:00,2026-09-07T15:21:12+02:00,2026-09-07T15:21:12+02:00,72.0,1,Randem,RUT:Line:533,Randem - Vestby stasjon,533,bus,RUT:ServiceJourney:79108370bae756060dca9afbc30ec93a,True,actual,False,,,,,2026-09-07T15:44:36.205822+02:00
NSR:StopPlace:58890,Nelaug stasjon,2026-09-07T14:56:00+02:00,2026-09-07T14:57:12+02:00,2026-09-07T14:57:12+02:00,72.0,1,Oslo S,GOA:Line:50,Sørtoget region,F5,rail,GOA:ServiceJourney:710-KVB_71575-R,True,actual,False,,,,,2026-09-07T15:44:36.205822+02:00
NSR:StopPlace:58808,Kongsvinger stasjon,2026-09-07T14:58:00+02:00,2026-09-07T14:59:12+02:00,2026-09-07T14:59:12+02:00,72.0,1,Sykehuset - Bogeråsen,INN:Line:81,Bogeråsen - Rasta,B81,bus,INN:ServiceJourney:54315,True,actual,False,,,,,2026-09-07T15:44:36.205822+02:00
NSR:StopPlace:61169,Marienborg stasjon,2026-09-07T06:07:00+02:00,2026-09-07T06:08:12+02:00,2026-09-07T06:08:12+02:00,72.0,1,Havstad,ATB:Line:2_13,Østmarka - Strindheim - Lerkendal - Havstad,13,bus,ATB:ServiceJourney:13_251215112552726_2,True,actual,False,,,,,2026-09-07T08:42:24.659182+02:00
NSR:StopPlace:61169,Marienborg stasjon,2026-09-07T07:26:00+02:00,2026-09-07T07:27:12+02:00,2026-09-07T07:27:12+02:00,72.0,1,Østmarka via Lerkendal-Strindh.,ATB:Line:2_13,Østmarka - Strindheim - Lerkendal - Havstad,13,bus,ATB:ServiceJourney:13_251215112552671_15,True,actual,False,,,,,2026-09-07T08:42:24.659182+02:00
NSR:StopPlace:61387,Skogn stasjon,2026-09-07T07:19:00+02:00,2026-09-07T07:20:12+02:00,2026-09-07T07:20:12+02:00,72.0,1,Ler,SJN:Line:26,Trønderbanen,R70,rail,SJN:ServiceJourney:424_56053-R,True,actual,False,,,,,2026-09-07T08:42:24.659182+02:00
NSR:StopPlace:41,Hanaborg stasjon,2026-09-07T05:19:00+02:00,2026-09-07T05:20:12+02:00,2026-09-07T05:20:12+02:00,72.0,1,Spikkestad,VYG:Line:L1,Spikkestad-Oslo S-Lillestrøm,L1,rail,VYG:ServiceJourney:2203_764731-R,True,actual,False,Færre vogner,Denne avgangen kjører dessverre med 4 vogner i stedet for 8 vogner. Dette skyldes at vi mangler et togsett.,general,normal,2026-09-07T08:42:24.659182+02:00
NSR:StopPlace:61897,Bryn stasjon,2026-09-07T07:05:00+02:00,2026-09-07T07:06:12+02:00,2026-09-07T07:06:12+02:00,72.0,1,Spikkestad,VYG:Line:L1,Spikkestad-Oslo S-Lillestrøm,L1,rail,VYG:ServiceJourney:2209_443598-R,True,actual,False,,,,,2026-09-07T08:42:24.659182+02:00
NSR:StopPlace:61897,Bryn stasjon,2026-09-07T07:15:00+02:00,2026-09-07T07:16:12+02:00,2026-09-07T07:16:12+02:00,72.0,1,Lillestrøm,VYG:Line:L1,Spikkestad-Oslo S-Lillestrøm,L1,rail,VYG:ServiceJourney:2210_443601-R,True,actual,False,Færre vogner,Denne avgangen kjører dessverre med 4 vogner i stedet for 8 vogner. Dette skyldes at vi mangler et togsett.,general,normal,2026-09-07T08:42:24.659182+02:00
NSR:StopPlace:59649,Nydalen stasjon,2026-09-07T06:53:00+02:00,2026-09-07T06:54:12+02:00,2026-09-07T06:54:12+02:00,72.0,1,Fornebu,RUT:Line:24,Fornebu vest - Brynseng T,24,bus,RUT:ServiceJourney:994fc02c3d88c6e21bdabad4d1d8e312,True,actual,False,,,,,2026-09-07T08:42:24.659182+02:00
NSR:StopPlace:60640,Heimdal stasjon,2026-09-07T06:43:00+02:00,2026-09-07T06:44:12+02:00,2026-09-07T06:44:12+02:00,72.0,1,Strindheim via Kolstad-sentrum,ATB:Line:2_2,Strindheim- Lade- sentrum- Sau,2,bus,ATB:ServiceJourney:2_251215112549865_19,True,actual,False,,,,,2026-09-07T08:42:24.659182+02:00
NSR:StopPlace:60640,Heimdal stasjon,2026-09-07T06:55:00+02:00,2026-09-07T06:56:12+02:00,2026-09-07T06:56:12+02:00,72.0,1,Lundåsen,ATB:Line:2_46,Torgård- Lundåsen,46,bus,ATB:ServiceJourney:46_251215112544154_4,True,actual,False,,,,,2026-09-07T08:42:24.659182+02:00
NSR:StopPlace:59654,Stabekk stasjon,2026-09-07T07:10:00+02:00,2026-09-07T07:11:12+02:00,2026-09-07T07:11:12+02:00,72.0,1,Lillestrøm,VYG:Line:L1,Spikkestad-Oslo S-Lillestrøm,L1,rail,VYG:ServiceJourney:2110_443515-R,True,actual,False,,,,,2026-09-07T08:42:24.659182+02:00
NSR:StopPlace:59654,Stabekk stasjon,2026-09-07T07:22:00+02:00,2026-09-07T07:23:12+02:00,2026-09-07T07:23:12+02:00,72.0,1,Fornebu,RUT:Line:145,Bekkestua - Fornebu,145,bus,RUT:ServiceJourney:0fdb0ba349262ca810239f9373f98a9b,True,actual,False,,,,,2026-09-07T08:42:24.659182+02:00
NSR:StopPlace:59977,Trondheim S,2026-09-07T06:14:00+02:00,2026-09-07T06:15:12+02:00,2026-09-07T06:15:12+02:00,72.0,1,Stjørdal via Brattøra-Hommelvik,ATB:Line:2_70,Stjørdal/Hommelvik- Trondheim,70,bus,ATB:ServiceJourney:70_251215112546895_3,True,actual,False,,,,,2026-09-07T08:42:24.659182+02:00
NSR:StopPlace:59616,Asker stasjon,2026-09-07T06:20:00+02:00,2026-09-07T06:21:12+02:00,2026-09-07T06:21:12+02:00,72.0,1,Bråset,RUT:Line:260,Hyggen - Bråset -Slemmestad (- Asker),260,bus,RUT:ServiceJourney:315928e15186313338f76d1e7514656d,True,actual,False,,,,,2026-09-07T08:42:24.659182+02:00
NSR:StopPlace:59639,Sonsveien stasjon,2026-09-07T08:34:00+02:00,2026-09-07T08:35:12+02:00,2026-09-07T08:35:12+02:00,72.0,1,Stabekk,VYG:Line:R21,Stabekk-Oslo S-Moss,R21,rail,VYG:ServiceJourney:1118-MOS_442993-R,True,actual,False,,,,,2026-09-07T08:42:24.659182+02:00
NSR:StopPlace:58963,Jessheim stasjon,2026-09-07T07:07:00+02:00,2026-09-07T07:08:12+02:00,2026-09-07T07:08:12+02:00,72.0,1,Drammen,VYG:Line:R13,Drammen-Oslo S-Dal,R13,rail,VYG:ServiceJourney:1610_443230-R,True,actual,False,,,,,2026-09-07T08:42:24.659182+02:00
NSR:StopPlace:58948,Stjørdal stasjon,2026-09-07T06:58:00+02:00,2026-09-07T06:59:12+02:00,2026-09-07T06:59:12+02:00,72.0,1,Marienborg via Hommelvik-E6,ATB:Line:2_70,Stjørdal/Hommelvik- Trondheim,70,bus,ATB:ServiceJourney:70_251215112546918_16,True,actual,False,Endret tilbud ved Vikelvvegen,Sydgående avkjøringsrampe fra E6 ved Reppe er stengt frem til 21. september. Vikelvvegen og Ranheim fabrikker til sentrum blir ikke betjent av linje 311 i perioden. Linje 70 avgang 06:58 via E6 blir også berørt.,general,normal,2026-09-07T08:42:24.659182+02:00
NSR:StopPlace:58849,Hakadal stasjon,2026-09-07T07:26:00+02:00,2026-09-07T07:27:12+02:00,2026-09-07T07:27:12+02:00,72.0,1,Jessheim vgs,RUT:Line:3871,Kongskog - Olavsgaard - Jessheim vgs,3871,bus,RUT:ServiceJourney:a1229422df42d145035a2f977d164fb8,True,actual,False,,,,,2026-09-07T08:42:24.659182+02:00
NSR:StopPlace:58854,Langhus stasjon,2026-09-07T06:42:00+02:00,2026-09-07T06:43:12+02:00,2026-09-07T06:43:12+02:00,72.0,1,Stabekk,VYG:Line:L2,Stabekk-Oslo S-Ski,L2,rail,VYG:ServiceJourney:2712-SKI_443918-R,True,actual,False,,,,,2026-09-07T08:42:24.659182+02:00
NSR:StopPlace:58859,Nordby stasjon,2026-09-07T07:23:00+02:00,2026-09-07T07:24:12+02:00,2026-09-07T07:24:12+02:00,72.0,1,Dal,VYG:Line:R13,Drammen-Oslo S-Dal,R13,rail,VYG:ServiceJourney:1607_443224-R,True,actual,False,,,,,2026-09-07T08:42:24.659182+02:00
NSR:StopPlace:58851,Heggedal stasjon,2026-09-07T05:54:00+02:00,2026-09-07T05:55:12+02:00,2026-09-07T05:55:12+02:00,72.0,1,Lillestrøm,VYG:Line:L1,Spikkestad-Oslo S-Lillestrøm,L1,rail,VYG:ServiceJourney:2208_764738-R,True,actual,False,Færre vogner,Denne avgangen kjører dessverre med 4 vogner i stedet for 8 vogner. Dette skyldes at vi mangler et togsett.,general,normal,2026-09-07T08:42:24.659182+02:00
NSR:StopPlace:58865,Vestby stasjon,2026-09-07T06:10:00+02:00,2026-09-07T06:11:12+02:00,2026-09-07T06:11:12+02:00,72.0,1,Stabekk,VYG:Line:R21,Stabekk-Oslo S-Moss,R21,rail,VYG:ServiceJourney:1108-MOS_442979-R,True,actual,False,,,,,2026-09-07T08:42:24.659182+02:00
NSR:StopPlace:58865,Vestby stasjon,2026-09-07T07:10:00+02:00,2026-09-07T07:11:12+02:00,2026-09-07T07:11:12+02:00,72.0,1,Stabekk,VYG:Line:R21,Stabekk-Oslo S-Moss,R21,rail,VYG:ServiceJourney:1112-MOS_442987-R,True,actual,False,,,,,2026-09-07T08:42:24.659182+02:00
NSR:StopPlace:58860,Oppegård stasjon,2026-09-07T07:01:00+02:00,2026-09-07T07:02:12+02:00,2026-09-07T07:02:12+02:00,72.0,1,Lysaker,VYG:Line:L2,Stabekk-Oslo S-Ski,L2,rail,VYG:ServiceJourney:2812-SKI_444024-R,True,actual,False,Færre vogner,Denne avgangen kjører dessverre med 3 vogner i stedet for 6 vogner. Dette skyldes at vi mangler et togsett.,general,normal,2026-09-07T08:42:24.659182+02:00
NSR:StopPlace:58870,Holmestrand stasjon,2026-09-07T07:25:00+02:00,2026-09-07T07:26:12+02:00,2026-09-07T07:26:12+02:00,72.0,1,Sande,VKT:Line:230,Sande-Holmestrand,230,bus,VKT:ServiceJourney:15060,True,actual,False,,,,,2026-09-07T08:42:24.659182+02:00
NSR:StopPlace:58884,Skien stasjon,2026-09-07T07:26:00+02:00,2026-09-07T07:27:12+02:00,2026-09-07T07:27:12+02:00,72.0,1,Skjelsvik via Klyve,TEL:Line:8043,Skien-Klyve-Skjelsvik,M3,bus,TEL:ServiceJourney:127154,True,actual,False,,,,,2026-09-07T08:42:24.659182+02:00
NSR:StopPlace:58811,Moelv stasjon,2026-09-07T06:40:00+02:00,2026-09-07T06:41:12+02:00,2026-09-07T06:41:12+02:00,72.0,1,Åsmarka - Lillehammer,INN:Line:602,Lillehammer-Åsmarka-Moelv,602,bus,INN:ServiceJourney:82971,True,actual,False,,,,,2026-09-07T08:42:24.659182+02:00
NSR:StopPlace:58211,Oslo lufthavn,2026-09-07T06:10:00+02:00,2026-09-07T06:11:12+02:00,2026-09-07T06:11:12+02:00,72.0,1,Fenstad,RUT:Line:440,Fenstad/Nordkisa - Oslo lufthavn,440,bus,RUT:ServiceJourney:e260d1d058c638a28948ba7a3068d045,True,actual,False,,,,,2026-09-07T08:42:24.659182+02:00
NSR:StopPlace:62338,Fossum stasjon,2026-09-07T06:14:00+02:00,2026-09-07T06:15:12+02:00,2026-09-07T06:15:12+02:00,72.0,1,Blaker ring,RUT:Line:370,Sørumsand - Blaker - Sørumsand,370A,bus,RUT:ServiceJourney:d8519f6853f0c61d03c15c6710c1a280,True,actual,False,,,,,2026-09-07T08:42:24.659182+02:00
NSR:StopPlace:62338,Fossum stasjon,2026-09-07T06:44:00+02:00,2026-09-07T06:45:12+02:00,2026-09-07T06:45:12+02:00,72.0,1,Blaker ring,RUT:Line:370,Sørumsand - Blaker - Sørumsand,370A,bus,RUT:ServiceJourney:6a58dcf1fdb56b5ba47e66d1e9f35a7d,True,actual,False,,,,,2026-09-07T08:42:24.659182+02:00
NSR:StopPlace:62379,Bergsgrav stasjon,2026-09-07T06:52:00+02:00,2026-09-07T06:53:12+02:00,2026-09-07T06:53:12+02:00,72.0,1,Steinkjer,SJN:Line:26,Trønderbanen,R70,rail,SJN:ServiceJourney:421_56050-R,True,actual,False,,,,,2026-09-07T08:42:24.659182+02:00
NSR:StopPlace:62393,Billingstad stasjon,2026-09-07T08:22:00+02:00,2026-09-07T08:23:12+02:00,2026-09-07T08:23:12+02:00,72.0,1,Asker,VYG:Line:L1,Spikkestad-Oslo S-Lillestrøm,L1,rail,VYG:ServiceJourney:2111_728233-R,True,actual,False,Færre vogner,Denne avgangen kjører dessverre med 4 vogner i stedet for 8 vogner. Dette skyldes at vi mangler et togsett.,general,normal,2026-09-07T08:42:24.659182+02:00
NSR:StopPlace:33,Ranheim stasjon,2026-09-07T22:29:00+02:00,2026-09-07T22:30:11+02:00,2026-09-07T22:30:11+02:00,71.0,1,Steinkjer,SJN:Line:26,Trønderbanen,R70,rail,SJN:ServiceJourney:455_56084-R,True,actual,False,,,,,2026-09-08T00:20:52.129880+02:00
NSR:StopPlace:33,Ranheim stasjon,2026-09-07T23:29:00+02:00,2026-09-07T23:30:11+02:00,2026-09-07T23:30:11+02:00,71.0,1,Steinkjer,SJN:Line:26,Trønderbanen,R70,rail,SJN:ServiceJourney:457-SOeB_56085-R,True,actual,False,,,,,2026-09-08T00:20:52.129880+02:00
NSR:StopPlace:58925,Gausel stasjon,2026-09-07T22:05:00+02:00,2026-09-07T22:06:11+02:00,2026-09-07T22:06:11+02:00,71.0,1,Egersund,GOA:Line:59,Jærbanen,L5,rail,GOA:ServiceJourney:3072_63133-R,True,actual,False,,,,,2026-09-08T00:20:52.129880+02:00
NSR:StopPlace:58799,Rygge stasjon,2026-09-07T22:55:00+02:00,2026-09-07T22:56:11+02:00,2026-09-07T22:56:11+02:00,71.0,1,Halden,VYG:Line:RE20,Oslo S-Halden-Göteborg (X-Border),RE20,rail,VYG:ServiceJourney:135_443135-R,True,actual,False,,,,,2026-09-08T00:20:52.129880+02:00
NSR:StopPlace:58854,Langhus stasjon,2026-09-07T22:39:00+02:00,2026-09-07T22:40:11+02:00,2026-09-07T22:40:11+02:00,71.0,1,Drøbak - Frogn vgs.,RUT:Line:510,Bøleråsen - Ski - Ås - Drøbak,510,bus,RUT:ServiceJourney:917847a96bf4225a52466e20c1161dae,True,actual,False,,,,,2026-09-08T00:20:52.129880+02:00
NSR:StopPlace:58864,Sørumsand stasjon,2026-09-07T21:51:00+02:00,2026-09-07T21:52:11+02:00,2026-09-07T21:52:11+02:00,71.0,1,Skedsmokorset,RUT:Line:365,Sørumsand - Frogner - Skedsmokorset,365,bus,RUT:ServiceJourney:436f04de94558f789a1bcb84727c3803,True,actual,False,,,,,2026-09-08T00:20:52.129880+02:00
NSR:StopPlace:702,Sandnes sentrum stasjon,2026-09-07T22:10:00+02:00,2026-09-07T22:11:11+02:00,2026-09-07T22:11:11+02:00,71.0,1,Egersund,GOA:Line:59,Jærbanen,L5,rail,GOA:ServiceJourney:3072_63133-R,True,actual,False,,,,,2026-09-08T00:20:52.129880+02:00
NSR:StopPlace:58935,Levanger stasjon,2026-09-07T20:13:00+02:00,2026-09-07T20:14:11+02:00,2026-09-07T20:14:11+02:00,71.0,1,Melhus skysstasjon,SJN:Line:26,Trønderbanen,R70,rail,SJN:ServiceJourney:450-STK_56079-R,True,actual,False,,,,,2026-09-07T20:27:16.249662+02:00
NSR:StopPlace:58845,Eidsvoll verk stasjon,2026-09-07T18:05:00+02:00,2026-09-07T18:06:11+02:00,2026-09-07T18:06:11+02:00,71.0,1,Skien,VYG:Line:RE11,Eidsvoll-Oslo S-Skien,RE11,rail,VYG:ServiceJourney:829_444409-R,True,actual,False,,,,,2026-09-07T20:27:16.249662+02:00
NSR:StopPlace:58849,Hakadal stasjon,2026-09-07T19:53:00+02:00,2026-09-07T19:54:11+02:00,2026-09-07T19:54:11+02:00,71.0,1,Oslo bussterminal,RUT:Line:390,Kongskog/Hellerudhaugen - Oslo bussterminal,390,bus,RUT:ServiceJourney:e3eb920286433d11e54cef9a09774267,True,actual,False,,,,,2026-09-07T20:27:16.249662+02:00
NSR:StopPlace:58865,Vestby stasjon,2026-09-07T19:40:00+02:00,2026-09-07T19:41:11+02:00,2026-09-07T19:41:11+02:00,71.0,1,Stabekk,VYG:Line:R21,Stabekk-Oslo S-Moss,R21,rail,VYG:ServiceJourney:1162-MOS_443052-R,True,actual,False,,,,,2026-09-07T20:27:16.249662+02:00
NSR:StopPlace:58860,Oppegård stasjon,2026-09-07T18:16:00+02:00,2026-09-07T18:17:11+02:00,2026-09-07T18:17:11+02:00,71.0,1,Stabekk,VYG:Line:L2,Stabekk-Oslo S-Ski,L2,rail,VYG:ServiceJourney:2758-SKI_443970-R,True,actual,False,,,,,2026-09-07T20:27:16.249662+02:00
NSR:StopPlace:61291,Stavanger stasjon,2026-09-07T15:09:00+02:00,2026-09-07T15:10:11+02:00,2026-09-07T15:10:11+02:00,71.0,1,Skeiane,GOA:Line:59,Jærbanen,L5,rail,GOA:ServiceJourney:3142_63187-R,True,actual,False,,,,,2026-09-07T15:44:36.205822+02:00
NSR:StopPlace:4,Otta stasjon,2026-09-07T13:15:00+02:00,2026-09-07T13:16:11+02:00,2026-09-07T13:16:11+02:00,71.0,1,Oslo S,SJN:Line:21,Dovrebanen,F6,rail,SJN:ServiceJourney:44-TND_47992-R,True,actual,False,,,,,2026-09-07T15:44:36.205822+02:00
NSR:StopPlace:58947,Steinkjer stasjon,2026-09-07T14:18:00+02:00,2026-09-07T14:19:11+02:00,2026-09-07T14:19:11+02:00,71.0,1,Steinkjer stasjon,ATB:Line:2_732,Steinkjer - Bartnes - Steinkje,732,bus,ATB:ServiceJourney:732_260106098640609_10,True,actual,False,,,,,2026-09-07T15:44:36.205822+02:00
NSR:StopPlace:58839,Steinberg stasjon,2026-09-07T14:35:00+02:00,2026-09-07T14:36:11+02:00,2026-09-07T14:36:11+02:00,71.0,1,Drammen via Mjøndalen,BRA:Line:4_6101,Drammen-Vikersund/Hønefoss,101,bus,BRA:ServiceJourney:6101_260415100161279_1040,True,actual,False,,,,,2026-09-07T15:44:36.205822+02:00
NSR:StopPlace:58826,Reinsvoll stasjon,2026-09-07T14:50:00+02:00,2026-09-07T14:51:11+02:00,2026-09-07T14:51:11+02:00,71.0,1,Lena,INN:Line:47,Lena-Kapp-Gjøvik-Raufoss-Lena,B47,bus,INN:ServiceJourney:76595,True,actual,False,,,,,2026-09-07T15:44:36.205822+02:00
NSR:StopPlace:62308,Alna stasjon,2026-09-07T14:18:00+02:00,2026-09-07T14:19:11+02:00,2026-09-07T14:19:11+02:00,71.0,1,Lillestrøm,VYG:Line:L1,Spikkestad-Oslo S-Lillestrøm,L1,rail,VYG:ServiceJourney:2238_443647-R,True,actual,False,Færre vogner,Denne avgangen kjører dessverre med 4 vogner i stedet for 8 vogner. Dette skyldes at vi mangler et togsett.,general,normal,2026-09-07T15:44:36.205822+02:00
NSR:StopPlace:59641,Fjellhamar stasjon,2026-09-07T08:18:00+02:00,2026-09-07T08:19:11+02:00,2026-09-07T08:19:11+02:00,71.0,1,Lillestrøm,VYG:Line:L1,Spikkestad-Oslo S-Lillestrøm,L1,rail,VYG:ServiceJourney:2112_443517-R,True,actual,False,,,,,2026-09-07T08:42:24.659182+02:00
NSR:StopPlace:59639,Sonsveien stasjon,2026-09-07T06:34:00+02:00,2026-09-07T06:35:11+02:00,2026-09-07T06:35:11+02:00,71.0,1,Stabekk,VYG:Line:R21,Stabekk-Oslo S-Moss,R21,rail,VYG:ServiceJourney:1110-MOS_442985-R,True,actual,False,,,,,2026-09-07T08:42:24.659182+02:00
NSR:StopPlace:58836,Mjøndalen stasjon,2026-09-07T06:51:00+02:00,2026-09-07T06:52:11+02:00,2026-09-07T06:52:11+02:00,71.0,1,Drammen sykehus,BRA:Line:4_6001,Drammen sykehus Brakerøya - Sørensvingen / Mjøndalen,1,bus,BRA:ServiceJourney:6001_260415100161792_1022,True,actual,False,,,,,2026-09-07T08:42:24.659182+02:00
NSR:StopPlace:58845,Eidsvoll verk stasjon,2026-09-07T08:05:00+02:00,2026-09-07T08:06:11+02:00,2026-09-07T08:06:11+02:00,71.0,1,Skien,VYG:Line:RE11,Eidsvoll-Oslo S-Skien,RE11,rail,VYG:ServiceJourney:809_444389-R,True,actual,False,,,,,2026-09-07T08:42:24.659182+02:00
NSR:StopPlace:58849,Hakadal stasjon,2026-09-07T05:53:00+02:00,2026-09-07T05:54:11+02:00,2026-09-07T05:54:11+02:00,71.0,1,Oslo bussterminal,RUT:Line:390,Kongskog/Hellerudhaugen - Oslo bussterminal,390,bus,RUT:ServiceJourney:3419ffeb889edfc2469b47c81f190350,True,actual,False,,,,,2026-09-07T08:42:24.659182+02:00
NSR:StopPlace:58852,Høn stasjon,2026-09-07T06:36:00+02:00,2026-09-07T06:37:11+02:00,2026-09-07T06:37:11+02:00,71.0,1,Lillestrøm,VYG:Line:L1,Spikkestad-Oslo S-Lillestrøm,L1,rail,VYG:ServiceJourney:2210_443601-R,True,actual,False,Færre vogner,Denne avgangen kjører dessverre med 4 vogner i stedet for 8 vogner. Dette skyldes at vi mangler et togsett.,general,normal,2026-09-07T08:42:24.659182+02:00
NSR:StopPlace:58854,Langhus stasjon,2026-09-07T07:22:00+02:00,2026-09-07T07:23:11+02:00,2026-09-07T07:23:11+02:00,71.0,1,Frogn vgs.,RUT:Line:1572,Ski - Frogn videregående skole,1572,bus,RUT:ServiceJourney:3164716cdcc481c679cee540b787c4f5,True,actual,False,,,,,2026-09-07T08:42:24.659182+02:00
NSR:StopPlace:58866,Vevelstad stasjon,2026-09-07T07:14:00+02:00,2026-09-07T07:15:11+02:00,2026-09-07T07:15:11+02:00,71.0,1,Bøleråsen,RUT:Line:510,Bøleråsen - Ski - Ås - Drøbak,510,bus,RUT:ServiceJourney:5c460a1bed255e502469f41dd2b30adf,True,actual,False,,,,,2026-09-07T08:42:24.659182+02:00
NSR:StopPlace:58869,Ås stasjon,2026-09-07T05:50:00+02:00,2026-09-07T05:51:11+02:00,2026-09-07T05:51:11+02:00,71.0,1,Dyster/Eldor,RUT:Line:536,Dyster/Eldor - Ås stasjon,536,bus,RUT:ServiceJourney:4bda6770d229687ba3bc24d0a559cfeb,True,actual,False,,,,,2026-09-07T08:42:24.659182+02:00
NSR:StopPlace:58876,Tønsberg stasjon,2026-09-07T07:03:00+02:00,2026-09-07T07:04:11+02:00,2026-09-07T07:04:11+02:00,71.0,1,Tønsberg,VKT:Line:520,Tønsberg-Stokke,520,bus,VKT:ServiceJourney:17296,True,actual,False,,,,,2026-09-07T08:42:24.659182+02:00
NSR:StopPlace:58871,Sande stasjon,2026-09-07T07:48:00+02:00,2026-09-07T07:49:11+02:00,2026-09-07T07:49:11+02:00,71.0,1,Holmestrand,VKT:Line:230,Sande-Holmestrand,230,bus,VKT:ServiceJourney:15056,True,actual,False,,,,,2026-09-07T08:42:24.659182+02:00
NSR:StopPlace:58884,Skien stasjon,2026-09-07T06:46:00+02:00,2026-09-07T06:47:11+02:00,2026-09-07T06:47:11+02:00,71.0,1,Skjelsvik via Klyve,TEL:Line:8043,Skien-Klyve-Skjelsvik,M3,bus,TEL:ServiceJourney:127150,True,actual,False,,,,,2026-09-07T08:42:24.659182+02:00
NSR:StopPlace:610,Sandvika stasjon,2026-09-07T06:54:00+02:00,2026-09-07T06:55:11+02:00,2026-09-07T06:55:11+02:00,71.0,1,Skien,VYG:Line:RE11,Eidsvoll-Oslo S-Skien,RE11,rail,VYG:ServiceJourney:805_444385-R,True,actual,False,,,,,2026-09-07T08:42:24.659182+02:00
NSR:StopPlace:62308,Alna stasjon,2026-09-07T06:48:00+02:00,2026-09-07T06:49:11+02:00,2026-09-07T06:49:11+02:00,71.0,1,Lillestrøm,VYG:Line:L1,Spikkestad-Oslo S-Lillestrøm,L1,rail,VYG:ServiceJourney:2208_764738-R,True,actual,False,Færre vogner,Denne avgangen kjører dessverre med 4 vogner i stedet for 8 vogner. Dette skyldes at vi mangler et togsett.,general,normal,2026-09-07T08:42:24.659182+02:00
NSR:StopPlace:62311,Vigrestad stasjon,2026-09-07T07:43:00+02:00,2026-09-07T07:44:11+02:00,2026-09-07T07:44:11+02:00,71.0,1,Egersund,GOA:Line:59,Jærbanen,L5,rail,GOA:ServiceJourney:3012_63044-R,True,actual,False,,,,,2026-09-07T08:42:24.659182+02:00
NSR:StopPlace:62392,Slependen stasjon,2026-09-07T05:15:00+02:00,2026-09-07T05:16:11+02:00,2026-09-07T05:16:11+02:00,71.0,1,Lillestrøm,VYG:Line:L1,Spikkestad-Oslo S-Lillestrøm,L1,rail,VYG:ServiceJourney:2204_443592-R,True,actual,False,,,,,2026-09-07T08:42:24.659182+02:00
NSR:StopPlace:60078,Kongsvoll stasjon,2026-09-08T01:38:00+02:00,2026-09-08T01:39:10+02:00,2026-09-08T01:39:10+02:00,70.0,1,Oslo S,SJN:Line:21,Dovrebanen,F6,rail,SJN:ServiceJourney:406-TND_30133-R,True,actual,False,,,,,2026-09-08T03:39:50.209703+02:00
NSR:StopPlace:41,Hanaborg stasjon,2026-09-07T22:04:00+02:00,2026-09-07T22:05:10+02:00,2026-09-07T22:05:10+02:00,70.0,1,Asker,VYG:Line:L1,Spikkestad-Oslo S-Lillestrøm,L1,rail,VYG:ServiceJourney:2169_443579-R,True,actual,False,,,,,2026-09-08T00:20:52.129880+02:00
NSR:StopPlace:61897,Bryn stasjon,2026-09-07T22:00:00+02:00,2026-09-07T22:01:10+02:00,2026-09-07T22:01:10+02:00,70.0,1,Lillestrøm,VYG:Line:L1,Spikkestad-Oslo S-Lillestrøm,L1,rail,VYG:ServiceJourney:2168_443578-R,True,actual,False,,,,,2026-09-08T00:20:52.129880+02:00
NSR:StopPlace:59647,Dal stasjon,2026-09-07T22:41:00+02:00,2026-09-07T22:42:10+02:00,2026-09-07T22:42:10+02:00,70.0,1,Jessheim,RUT:Line:430,Eidsvoll - Jessheim,430,bus,RUT:ServiceJourney:fb2bbedb33d7d022f5b2eca9e4f28183,True,actual,False,,,,,2026-09-08T00:20:52.129880+02:00
NSR:StopPlace:59639,Sonsveien stasjon,2026-09-07T22:21:00+02:00,2026-09-07T22:22:10+02:00,2026-09-07T22:22:10+02:00,70.0,1,Moss,VYG:Line:R21,Stabekk-Oslo S-Moss,R21,rail,VYG:ServiceJourney:1167-HVK_443060-R,True,actual,False,,,,,2026-09-08T00:20:52.129880+02:00
NSR:StopPlace:59639,Sonsveien stasjon,2026-09-07T23:09:00+02:00,2026-09-07T23:10:10+02:00,2026-09-07T23:10:10+02:00,70.0,1,Moss,RUT:Line:540,Moss - Son - Vestby stasjon,540,bus,RUT:ServiceJourney:c62ccc927c3de91c30b543e9f9adc30d,True,actual,False,,,,,2026-09-08T00:20:52.129880+02:00
NSR:StopPlace:58835,Lier stasjon,2026-09-07T23:41:00+02:00,2026-09-07T23:42:10+02:00,2026-09-07T23:42:10+02:00,70.0,1,Dal,VYG:Line:R13,Drammen-Oslo S-Dal,R13,rail,VYG:ServiceJourney:1677_443379-R,True,actual,False,,,,,2026-09-08T00:20:52.129880+02:00
NSR:StopPlace:58843,Blommenholm stasjon,2026-09-07T23:04:00+02:00,2026-09-07T23:05:10+02:00,2026-09-07T23:05:10+02:00,70.0,1,Lillestrøm,VYG:Line:L1,Spikkestad-Oslo S-Lillestrøm,L1,rail,VYG:ServiceJourney:2174_443585-R,True,actual,False,,,,,2026-09-08T00:20:52.129880+02:00
NSR:StopPlace:58845,Eidsvoll verk stasjon,2026-09-07T21:05:00+02:00,2026-09-07T21:06:10+02:00,2026-09-07T21:06:10+02:00,70.0,1,Skien,VYG:Line:RE11,Eidsvoll-Oslo S-Skien,RE11,rail,VYG:ServiceJourney:835_444415-R,True,actual,False,,,,,2026-09-08T00:20:52.129880+02:00
NSR:StopPlace:58864,Sørumsand stasjon,2026-09-07T21:31:00+02:00,2026-09-07T21:32:10+02:00,2026-09-07T21:32:10+02:00,70.0,1,Kongsvinger,VYG:Line:R14,Asker-Oslo S-Kongsvinger,R14,rail,VYG:ServiceJourney:1033_442944-R,True,actual,False,,,,,2026-09-08T00:20:52.129880+02:00
NSR:StopPlace:58864,Sørumsand stasjon,2026-09-07T23:39:00+02:00,2026-09-07T23:40:10+02:00,2026-09-07T23:40:10+02:00,70.0,1,Orredalen,RUT:Line:366,Orredalen - Sørumsand,366,bus,RUT:ServiceJourney:646cfcd0e194dd5bb3e23270c1852dd7,True,actual,False,,,,,2026-09-08T00:20:52.129880+02:00
NSR:StopPlace:58876,Tønsberg stasjon,2026-09-07T22:09:00+02:00,2026-09-07T22:10:10+02:00,2026-09-07T22:10:10+02:00,70.0,1,Eidsvoll,VYG:Line:RE11,Eidsvoll-Oslo S-Skien,RE11,rail,VYG:ServiceJourney:836_444416-R,True,actual,False,,,,,2026-09-08T00:20:52.129880+02:00
NSR:StopPlace:58876,Tønsberg stasjon,2026-09-08T00:08:00+02:00,2026-09-08T00:09:10+02:00,2026-09-08T00:09:10+02:00,70.0,1,Drammen,VYG:Line:RE11,Eidsvoll-Oslo S-Skien,RE11,rail,VYG:ServiceJourney:840-SKN_444420-R,True,actual,False,,,,,2026-09-08T00:20:52.129880+02:00
NSR:StopPlace:62308,Alna stasjon,2026-09-07T22:33:00+02:00,2026-09-07T22:34:10+02:00,2026-09-07T22:34:10+02:00,70.0,1,Lillestrøm,VYG:Line:L1,Spikkestad-Oslo S-Lillestrøm,L1,rail,VYG:ServiceJourney:2170_443581-R,True,actual,False,,,,,2026-09-08T00:20:52.129880+02:00
NSR:StopPlace:62310,Brusand stasjon,2026-09-07T23:36:00+02:00,2026-09-07T23:37:10+02:00,2026-09-07T23:37:10+02:00,70.0,1,Stavanger,GOA:Line:59,Jærbanen,L5,rail,GOA:ServiceJourney:3077_63141-R,True,actual,False,,,,,2026-09-08T00:20:52.129880+02:00
NSR:StopPlace:62392,Slependen stasjon,2026-09-07T23:29:00+02:00,2026-09-07T23:30:10+02:00,2026-09-07T23:30:10+02:00,70.0,1,Lillestrøm,VYG:Line:L1,Spikkestad-Oslo S-Lillestrøm,L1,rail,VYG:ServiceJourney:2176_443587-R,True,actual,False,,,,,2026-09-08T00:20:52.129880+02:00
NSR:StopPlace:60045,Hamar stasjon,2026-09-07T19:52:00+02:00,2026-09-07T19:53:10+02:00,2026-09-07T19:53:10+02:00,70.0,1,Dombås,VYG:Line:RE10,Drammen-Oslo S-Lillehammer,RE10,rail,VYG:ServiceJourney:329-SUD_465133-R,True,actual,False,,,,,2026-09-07T20:27:16.249662+02:00
NSR:StopPlace:59639,Sonsveien stasjon,2026-09-07T17:55:00+02:00,2026-09-07T17:56:10+02:00,2026-09-07T17:56:10+02:00,70.0,1,Brevikbukta,RUT:Line:2545,Son med klokka,545A,bus,RUT:ServiceJourney:f11b49686fcafe0d916c05647196af94,True,actual,False,,,,,2026-09-07T20:27:16.249662+02:00
NSR:StopPlace:58845,Eidsvoll verk stasjon,2026-09-07T19:05:00+02:00,2026-09-07T19:06:10+02:00,2026-09-07T19:06:10+02:00,70.0,1,Skien,VYG:Line:RE11,Eidsvoll-Oslo S-Skien,RE11,rail,VYG:ServiceJourney:831_444411-R,True,actual,False,,,,,2026-09-07T20:27:16.249662+02:00
NSR:StopPlace:58869,Ås stasjon,2026-09-07T20:10:00+02:00,2026-09-07T20:11:10+02:00,2026-09-07T20:11:10+02:00,70.0,1,Moss,VYG:Line:R21,Stabekk-Oslo S-Moss,R21,rail,VYG:ServiceJourney:1159-HVK_443046-R,True,actual,False,,,,,2026-09-07T20:27:16.249662+02:00
NSR:StopPlace:58862,Strømmen stasjon,2026-09-07T18:50:00+02:00,2026-09-07T18:51:10+02:00,2026-09-07T18:51:10+02:00,70.0,1,Lillestrøm,VYG:Line:L1,Spikkestad-Oslo S-Lillestrøm,L1,rail,VYG:ServiceJourney:2154_443563-R,True,actual,False,,,,,2026-09-07T20:27:16.249662+02:00
NSR:StopPlace:144,Skansen stasjon,2026-09-07T17:47:00+02:00,2026-09-07T17:48:10+02:00,2026-09-07T17:48:10+02:00,70.0,1,Ler,SJN:Line:26,Trønderbanen,R70,rail,SJN:ServiceJourney:442_56071-R,True,actual,False,,,,,2026-09-07T20:27:16.249662+02:00
NSR:StopPlace:313,Høybråten stasjon,2026-09-07T20:08:00+02:00,2026-09-07T20:09:10+02:00,2026-09-07T20:09:10+02:00,70.0,1,Asker,VYG:Line:L1,Spikkestad-Oslo S-Lillestrøm,L1,rail,VYG:ServiceJourney:2161_443571-R,True,actual,False,,,,,2026-09-07T20:27:16.249662+02:00
NSR:StopPlace:610,Sandvika stasjon,2026-09-07T17:18:00+02:00,2026-09-07T17:19:10+02:00,2026-09-07T17:19:10+02:00,70.0,1,Lillestrøm,VYG:Line:L1,Spikkestad-Oslo S-Lillestrøm,L1,rail,VYG:ServiceJourney:2252_445350-R,True,actual,False,,,,,2026-09-07T20:27:16.249662+02:00
NSR:StopPlace:59958,Voss stasjon,2026-09-07T15:25:00+02:00,2026-09-07T15:26:10+02:00,2026-09-07T15:26:10+02:00,70.0,1,Sivlevegen,SKY:Line:964,Voss-Skjerpe/Sivlevegen(Ringbuss),964,bus,SKY:ServiceJourney:964-205165-20969019,True,actual,False,,,,,2026-09-07T15:44:36.205822+02:00
NSR:StopPlace:59639,Sonsveien stasjon,2026-09-07T14:55:00+02:00,2026-09-07T14:56:10+02:00,2026-09-07T14:56:10+02:00,70.0,1,Brevikbukta,RUT:Line:2545,Son med klokka,545A,bus,RUT:ServiceJourney:ef6e1ad0aeabf6dc97d71c16c49285b5,True,actual,False,,,,,2026-09-07T15:44:36.205822+02:00
NSR:StopPlace:58931,Fannrem stasjon,2026-09-07T13:40:00+02:00,2026-09-07T13:41:10+02:00,2026-09-07T13:41:10+02:00,70.0,1,Trondheim S via Orkanger skysst.,ATB:Line:2_310,Trondheim - Orkanger - Fannrem,310,bus,ATB:ServiceJourney:310_260106098643125_98,True,actual,False,,,,,2026-09-07T15:44:36.205822+02:00
NSR:StopPlace:62379,Bergsgrav stasjon,2026-09-07T14:03:00+02:00,2026-09-07T14:04:10+02:00,2026-09-07T14:04:10+02:00,70.0,1,Ler,SJN:Line:26,Trønderbanen,R70,rail,SJN:ServiceJourney:438_56067-R,True,actual,False,,,,,2026-09-07T15:44:36.205822+02:00
NSR:StopPlace:62392,Slependen stasjon,2026-09-07T14:29:00+02:00,2026-09-07T14:30:10+02:00,2026-09-07T14:30:10+02:00,70.0,1,Lillestrøm,VYG:Line:L1,Spikkestad-Oslo S-Lillestrøm,L1,rail,VYG:ServiceJourney:2140_443548-R,True,actual,False,,,,,2026-09-07T15:44:36.205822+02:00
NSR:StopPlace:61291,Stavanger stasjon,2026-09-07T06:35:00+02:00,2026-09-07T06:36:10+02:00,2026-09-07T06:36:10+02:00,70.0,1,Skeiane,GOA:Line:59,Jærbanen,L5,rail,GOA:ServiceJourney:3108_63153-R,True,actual,False,,,,,2026-09-07T08:42:24.659182+02:00
NSR:StopPlace:61169,Marienborg stasjon,2026-09-07T06:30:00+02:00,2026-09-07T06:31:10+02:00,2026-09-07T06:31:10+02:00,70.0,1,Pirbadet via St. Olavs hospital,ATB:Line:2_23,Brattøra - St. Olavs - Hallset - Flatåsen - Sandmoen,23,bus,ATB:ServiceJourney:23_251215112545587_5,True,actual,False,,,,,2026-09-07T08:42:24.659182+02:00
NSR:StopPlace:61464,Hvalstad stasjon,2026-09-07T06:24:00+02:00,2026-09-07T06:25:10+02:00,2026-09-07T06:25:10+02:00,70.0,1,Lillestrøm,VYG:Line:L1,Spikkestad-Oslo S-Lillestrøm,L1,rail,VYG:ServiceJourney:2108_443512-R,True,actual,False,,,,,2026-09-07T08:42:24.659182+02:00
NSR:StopPlace:61897,Bryn stasjon,2026-09-07T07:35:00+02:00,2026-09-07T07:36:10+02:00,2026-09-07T07:36:10+02:00,70.0,1,Spikkestad,VYG:Line:L1,Spikkestad-Oslo S-Lillestrøm,L1,rail,VYG:ServiceJourney:2211_443602-R,True,actual,False,,,,,2026-09-07T08:42:24.659182+02:00
NSR:StopPlace:59872,Oslo S,2026-09-07T06:34:00+02:00,2026-09-07T06:35:10+02:00,2026-09-07T06:35:10+02:00,70.0,1,Roa,VYG:Line:RE30,Oslo S-Gjøvik,RE30,rail,VYG:ServiceJourney:BUS-1205_654987-R,True,actual,False,,,,,2026-09-07T08:42:24.659182+02:00
NSR:StopPlace:59952,Drammen stasjon,2026-09-07T07:43:00+02:00,2026-09-07T07:44:10+02:00,2026-09-07T07:44:10+02:00,70.0,1,Kongsberg,VYG:Line:R12,Kongsberg-Oslo S-Eidsvoll,R12,rail,VYG:ServiceJourney:505_444298-R,True,actual,False,,,,,2026-09-07T08:42:24.659182+02:00
NSR:StopPlace:60016,Kråkstad stasjon,2026-09-07T06:06:00+02:00,2026-09-07T06:07:10+02:00,2026-09-07T06:07:10+02:00,70.0,1,Rakkestad,VYG:Line:R22,Skøyen-Oslo S-Mysen-Rakkestad,R22,rail,VYG:ServiceJourney:1903_443437-R,True,actual,False,,,,,2026-09-07T08:42:24.659182+02:00
NSR:StopPlace:59616,Asker stasjon,2026-09-07T06:25:00+02:00,2026-09-07T06:26:10+02:00,2026-09-07T06:26:10+02:00,70.0,1,Fornebu,RUT:Line:270,Asker - Sandvika (- Fornebu),270,bus,RUT:ServiceJourney:f808135bf3f90db52afb8a3165b66dbf,True,actual,False,,,,,2026-09-07T08:42:24.659182+02:00
NSR:StopPlace:59638,Myrvoll stasjon,2026-09-07T07:39:00+02:00,2026-09-07T07:40:10+02:00,2026-09-07T07:40:10+02:00,70.0,1,Jernbanetorget,RUT:Line:84,Jernbanetorget-Oppegård st.,84E,bus,RUT:ServiceJourney:cafd3d1e74b4f10aa7a4b8419ee638ab,True,actual,False,,,,,2026-09-07T08:42:24.659182+02:00
NSR:StopPlace:59639,Sonsveien stasjon,2026-09-07T07:34:00+02:00,2026-09-07T07:35:10+02:00,2026-09-07T07:35:10+02:00,70.0,1,Stabekk,VYG:Line:R21,Stabekk-Oslo S-Moss,R21,rail,VYG:ServiceJourney:1114-MOS_442989-R,True,actual,False,,,,,2026-09-07T08:42:24.659182+02:00
NSR:StopPlace:58935,Levanger stasjon,2026-09-07T06:30:00+02:00,2026-09-07T06:31:10+02:00,2026-09-07T06:31:10+02:00,70.0,1,Namsos via Steinkjer stasjon,ATB:Line:2_680,Levanger - Steinkjer - Namsos,680,bus,ATB:ServiceJourney:680_260106098642287_4,True,actual,False,,,,,2026-09-07T08:42:24.659182+02:00
NSR:StopPlace:58795,Kambo stasjon,2026-09-07T08:26:00+02:00,2026-09-07T08:27:10+02:00,2026-09-07T08:27:10+02:00,70.0,1,Moss,RUT:Line:540,Moss - Son - Vestby stasjon,540,bus,RUT:ServiceJourney:730c5209da9faa11886f841e2008befe,True,actual,False,,,,,2026-09-07T08:42:24.659182+02:00
NSR:StopPlace:58843,Blommenholm stasjon,2026-09-07T06:44:00+02:00,2026-09-07T06:45:10+02:00,2026-09-07T06:45:10+02:00,70.0,1,Asker,VYG:Line:L1,Spikkestad-Oslo S-Lillestrøm,L1,rail,VYG:ServiceJourney:2105_443509-R,True,actual,False,,,,,2026-09-07T08:42:24.659182+02:00
NSR:StopPlace:58844,Eidsvoll stasjon,2026-09-07T08:05:00+02:00,2026-09-07T08:06:10+02:00,2026-09-07T08:06:10+02:00,70.0,1,Årnes,RUT:Line:441,Eidsvoll - Årnes,441,bus,RUT:ServiceJourney:b1fac21a970e6f398b825d559df1cc5c,True,actual,False,,,,,2026-09-07T08:42:24.659182+02:00
NSR:StopPlace:58859,Nordby stasjon,2026-09-07T06:33:00+02:00,2026-09-07T06:34:10+02:00,2026-09-07T06:34:10+02:00,70.0,1,Drammen,VYG:Line:R13,Drammen-Oslo S-Dal,R13,rail,VYG:ServiceJourney:1608_443225-R,True,actual,False,,,,,2026-09-07T08:42:24.659182+02:00
NSR:StopPlace:58886,Arendal stasjon,2026-09-07T06:39:00+02:00,2026-09-07T06:40:10+02:00,2026-09-07T06:40:10+02:00,70.0,1,Tromøy Vest,AKT:Line:103,Tromøy Vest-Arendal-Hisøy,103,bus,AKT:ServiceJourney:83631_12_29_47640_48960_3911034,True,actual,False,,,,,2026-09-07T08:42:24.659182+02:00
NSR:StopPlace:58884,Skien stasjon,2026-09-07T07:46:00+02:00,2026-09-07T07:47:10+02:00,2026-09-07T07:47:10+02:00,70.0,1,Skjelsvik via Klyve,TEL:Line:8043,Skien-Klyve-Skjelsvik,M3,bus,TEL:ServiceJourney:127156,True,actual,False,,,,,2026-09-07T08:42:24.659182+02:00
NSR:StopPlace:58813,Skarnes stasjon,2026-09-07T07:07:00+02:00,2026-09-07T07:08:10+02:00,2026-09-07T07:08:10+02:00,70.0,1,Kongsvinger,VYG:Line:R14,Asker-Oslo S-Kongsvinger,R14,rail,VYG:ServiceJourney:1003_442908-R,True,actual,False,,,,,2026-09-07T08:42:24.659182+02:00
NSR:StopPlace:58826,Reinsvoll stasjon,2026-09-07T06:50:00+02:00,2026-09-07T06:51:10+02:00,2026-09-07T06:51:10+02:00,70.0,1,Roa,VYG:Line:RE30,Oslo S-Gjøvik,RE30,rail,VYG:ServiceJourney:1206-GJOe_589116-R,True,actual,False,Heis på Reinsvoll ute av drift,Heisen på Reinsvoll til spor 1 og 2 er ute av drift.,general,normal,2026-09-07T08:42:24.659182+02:00
NSR:StopPlace:610,Sandvika stasjon,2026-09-07T06:55:00+02:00,2026-09-07T06:56:10+02:00,2026-09-07T06:56:10+02:00,70.0,1,Dal,VYG:Line:R13,Drammen-Oslo S-Dal,R13,rail,VYG:ServiceJourney:1609_443226-R,True,actual,False,,,,,2026-09-07T08:42:24.659182+02:00
NSR:StopPlace:62308,Alna stasjon,2026-09-07T06:33:00+02:00,2026-09-07T06:34:10+02:00,2026-09-07T06:34:10+02:00,70.0,1,Lillestrøm,VYG:Line:L1,Spikkestad-Oslo S-Lillestrøm,L1,rail,VYG:ServiceJourney:2106_443510-R,True,actual,False,,,,,2026-09-07T08:42:24.659182+02:00
NSR:StopPlace:59648,Kjelsås stasjon,2026-09-07T02:48:00+02:00,2026-09-07T02:49:10+02:00,2026-09-07T02:49:10+02:00,70.0,1,Jernbanetorget,RUT:Line:3911,Majorstuen - Kjelsås,11N,bus,RUT:ServiceJourney:5cc064f5f8d2041ab6375e2f8e22d665,True,actual,False,,,,,2026-09-07T03:30:22.110925+02:00
NSR:StopPlace:59650,Nyland stasjon,2026-09-07T22:36:00+02:00,2026-09-07T22:37:09+02:00,2026-09-07T22:37:09+02:00,69.0,1,Lillestrøm,VYG:Line:L1,Spikkestad-Oslo S-Lillestrøm,L1,rail,VYG:ServiceJourney:2170_443581-R,True,actual,False,,,,,2026-09-08T00:20:52.129880+02:00
NSR:StopPlace:58964,Kløfta stasjon,2026-09-07T22:51:00+02:00,2026-09-07T22:52:09+02:00,2026-09-07T22:52:09+02:00,69.0,1,Kløfta,RUT:Line:425,Kløfta – Oslo lufthavn,425,bus,RUT:ServiceJourney:dbcd26ad60be2d418b98982da8d1dede,True,actual,False,,,,,2026-09-08T00:20:52.129880+02:00
NSR:StopPlace:58796,Moss stasjon,2026-09-07T22:36:00+02:00,2026-09-07T22:37:09+02:00,2026-09-07T22:37:09+02:00,69.0,1,Moss sentrum,OST:Line:1_24,Varnaveien-Øreåsen,24,bus,OST:ServiceJourney:24_260622092163806_822,True,actual,False,,,,,2026-09-08T00:20:52.129880+02:00
NSR:StopPlace:58845,Eidsvoll verk stasjon,2026-09-08T00:00:00+02:00,2026-09-08T00:01:09+02:00,2026-09-08T00:01:09+02:00,69.0,1,Eidsvoll st.,RUT:Line:430,Eidsvoll - Jessheim,430,bus,RUT:ServiceJourney:4e14e1b356f53471d529e0806282b8d8,True,actual,False,,,,,2026-09-08T00:20:52.129880+02:00
NSR:StopPlace:58866,Vevelstad stasjon,2026-09-07T23:19:00+02:00,2026-09-07T23:20:09+02:00,2026-09-07T23:20:09+02:00,69.0,1,Bøleråsen,RUT:Line:510,Bøleråsen - Ski - Ås - Drøbak,510,bus,RUT:ServiceJourney:fd3782267bf49554ee208509047808aa,True,actual,False,,,,,2026-09-08T00:20:52.129880+02:00
NSR:StopPlace:58870,Holmestrand stasjon,2026-09-07T20:45:00+02:00,2026-09-07T20:46:09+02:00,2026-09-07T20:46:09+02:00,69.0,1,Horten-Tønsberg,VKT:Line:2,Tjøme-Tønsberg-Horten-Holmestr,2,bus,VKT:ServiceJourney:15861,True,actual,False,Forsinkelser Linje 2 og 411 | Kjører ikke Storgata i Horten,Pga. veiarbeid i Horten sentrum vil det kunne oppstå forsinkelser på busser i tidsrommet 3.-11. september.  | 7.-9. september: Bussene vil ikke kjøre Storgata. Benytt holdeplassene Peders gate eller Horten rb.st. Se vkt.no/avvik Det vil oppstå forsinkelser. ,incident | general,normal | normal,2026-09-08T00:20:52.129880+02:00
NSR:StopPlace:63079,Skeiane stasjon,2026-09-07T23:43:00+02:00,2026-09-07T23:44:09+02:00,2026-09-07T23:44:09+02:00,69.0,1,Stavanger,GOA:Line:59,Jærbanen,L5,rail,GOA:ServiceJourney:3075_63138-R,True,actual,False,,,,,2026-09-08T00:20:52.129880+02:00
NSR:StopPlace:416,Vikhammer stasjon,2026-09-07T23:34:00+02:00,2026-09-07T23:35:09+02:00,2026-09-07T23:35:09+02:00,69.0,1,Steinkjer,SJN:Line:26,Trønderbanen,R70,rail,SJN:ServiceJourney:457-SOeB_56085-R,True,actual,False,,,,,2026-09-08T00:20:52.129880+02:00
NSR:StopPlace:6,Greverud stasjon,2026-09-07T19:48:00+02:00,2026-09-07T19:49:09+02:00,2026-09-07T19:49:09+02:00,69.0,1,Stabekk,VYG:Line:L2,Stabekk-Oslo S-Ski,L2,rail,VYG:ServiceJourney:2764-SKI_443980-R,True,actual,False,,,,,2026-09-07T20:27:16.249662+02:00
NSR:StopPlace:61169,Marienborg stasjon,2026-09-07T17:28:00+02:00,2026-09-07T17:29:09+02:00,2026-09-07T17:29:09+02:00,69.0,1,Sandmoen via Flatåsen,ATB:Line:2_23,Brattøra - St. Olavs - Hallset - Flatåsen - Sandmoen,23,bus,ATB:ServiceJourney:23_251215112546878_98,True,actual,False,,,,,2026-09-07T20:27:16.249662+02:00
NSR:StopPlace:23,Rena stasjon,2026-09-07T16:59:00+02:00,2026-09-07T17:00:09+02:00,2026-09-07T17:00:09+02:00,69.0,1,Trondheim S,SJN:Line:25,Rørosbanen,R60,rail,SJN:ServiceJourney:2389_47883-R,True,actual,False,,,,,2026-09-07T20:27:16.249662+02:00
NSR:StopPlace:59648,Kjelsås stasjon,2026-09-07T17:34:00+02:00,2026-09-07T17:35:09+02:00,2026-09-07T17:35:09+02:00,69.0,1,Majorstuen,RUT:Line:25,Majorstuen-Haugerud,25,bus,RUT:ServiceJourney:11d4496baa890b1b69ab1977f083e8aa,True,actual,False,,,,,2026-09-07T20:27:16.249662+02:00
NSR:StopPlace:59639,Sonsveien stasjon,2026-09-07T18:55:00+02:00,2026-09-07T18:56:09+02:00,2026-09-07T18:56:09+02:00,69.0,1,Deør - Son - Store Brevik,RUT:Line:3545,Son mot klokka,545B,bus,RUT:ServiceJourney:90c76ccb79f75fc2000108903e392494,True,actual,False,,,,,2026-09-07T20:27:16.249662+02:00
NSR:StopPlace:58854,Langhus stasjon,2026-09-07T18:42:00+02:00,2026-09-07T18:43:09+02:00,2026-09-07T18:43:09+02:00,69.0,1,Stabekk,VYG:Line:L2,Stabekk-Oslo S-Ski,L2,rail,VYG:ServiceJourney:2760-SKI_443974-R,True,actual,False,,,,,2026-09-07T20:27:16.249662+02:00
NSR:StopPlace:58869,Ås stasjon,2026-09-07T18:15:00+02:00,2026-09-07T18:16:09+02:00,2026-09-07T18:16:09+02:00,69.0,1,Stabekk,VYG:Line:R21,Stabekk-Oslo S-Moss,R21,rail,VYG:ServiceJourney:1156-MOS_443041-R,True,actual,False,,,,,2026-09-07T20:27:16.249662+02:00
NSR:StopPlace:58870,Holmestrand stasjon,2026-09-07T18:40:00+02:00,2026-09-07T18:41:09+02:00,2026-09-07T18:41:09+02:00,69.0,1,Hvitstein-Kleiverud,VKT:Line:30,Kleiverud-Holmestrand,30,bus,VKT:ServiceJourney:14871,True,actual,False,,,,,2026-09-07T20:27:16.249662+02:00
NSR:StopPlace:58884,Skien stasjon,2026-09-07T18:26:00+02:00,2026-09-07T18:27:09+02:00,2026-09-07T18:27:09+02:00,69.0,1,Skjelsvik via Klyve-Kongerød,TEL:Line:8043,Skien-Klyve-Skjelsvik,M3,bus,TEL:ServiceJourney:127199,True,actual,False,,,,,2026-09-07T20:27:16.249662+02:00
NSR:StopPlace:362,Jåttåvågen stasjon,2026-09-07T17:02:00+02:00,2026-09-07T17:03:09+02:00,2026-09-07T17:03:09+02:00,69.0,1,Egersund,GOA:Line:59,Jærbanen,L5,rail,GOA:ServiceJourney:3052_63100-R,True,actual,False,,,,,2026-09-07T20:27:16.249662+02:00
NSR:StopPlace:702,Sandnes sentrum stasjon,2026-09-07T17:58:00+02:00,2026-09-07T17:59:09+02:00,2026-09-07T17:59:09+02:00,69.0,1,Stavanger,GOA:Line:59,Jærbanen,L5,rail,GOA:ServiceJourney:3153_63198-R,True,actual,False,,,,,2026-09-07T20:27:16.249662+02:00
NSR:StopPlace:708,Stange stasjon,2026-09-07T20:20:00+02:00,2026-09-07T20:21:09+02:00,2026-09-07T20:21:09+02:00,69.0,1,Drammen,VYG:Line:RE10,Drammen-Oslo S-Lillehammer,RE10,rail,VYG:ServiceJourney:332-LHM_444245-R,True,actual,False,,,,,2026-09-07T20:27:16.249662+02:00
NSR:StopPlace:610,Sandvika stasjon,2026-09-07T17:54:00+02:00,2026-09-07T17:55:09+02:00,2026-09-07T17:55:09+02:00,69.0,1,Skien,VYG:Line:RE11,Eidsvoll-Oslo S-Skien,RE11,rail,VYG:ServiceJourney:827_444407-R,True,actual,False,,,,,2026-09-07T20:27:16.249662+02:00
NSR:StopPlace:61291,Stavanger stasjon,2026-09-07T15:23:00+02:00,2026-09-07T15:24:09+02:00,2026-09-07T15:24:09+02:00,69.0,1,Egersund,GOA:Line:59,Jærbanen,L5,rail,GOA:ServiceJourney:3046_63090-R,True,actual,False,Toget har redusert kapasitet mellom Stavanger og Bryne.,Vi kjører med færre vogner enn planlagt.,incident,severe,2026-09-07T15:44:36.205822+02:00
NSR:StopPlace:61464,Hvalstad stasjon,2026-09-07T15:39:00+02:00,2026-09-07T15:40:09+02:00,2026-09-07T15:40:09+02:00,69.0,1,Spikkestad,VYG:Line:L1,Spikkestad-Oslo S-Lillestrøm,L1,rail,VYG:ServiceJourney:2241_443652-R,True,actual,False,,,,,2026-09-07T15:44:36.205822+02:00
NSR:StopPlace:59952,Drammen stasjon,2026-09-07T12:00:00+02:00,2026-09-07T12:01:09+02:00,2026-09-07T12:01:09+02:00,69.0,1,Stavanger,GOA:Line:50,Sørtoget region,F5,rail,GOA:ServiceJourney:711-LOD_64080-R,True,actual,False,,,,,2026-09-07T15:44:36.205822+02:00
NSR:StopPlace:58964,Kløfta stasjon,2026-09-07T15:03:00+02:00,2026-09-07T15:04:09+02:00,2026-09-07T15:04:09+02:00,69.0,1,Oslo lufthavn,RUT:Line:425,Kløfta – Oslo lufthavn,425,bus,RUT:ServiceJourney:e86cf448dfd76734c35556b62ddc2d04,True,actual,False,,,,,2026-09-07T15:44:36.205822+02:00
NSR:StopPlace:58830,Brakerøya stasjon,2026-09-07T13:08:00+02:00,2026-09-07T13:09:09+02:00,2026-09-07T13:09:09+02:00,69.0,1,Dal,VYG:Line:R13,Drammen-Oslo S-Dal,R13,rail,VYG:ServiceJourney:1635_481152-R,True,actual,False,,,,,2026-09-07T15:44:36.205822+02:00
NSR:StopPlace:58848,Haga stasjon,2026-09-07T15:14:00+02:00,2026-09-07T15:15:09+02:00,2026-09-07T15:15:09+02:00,69.0,1,Asker,VYG:Line:R14,Asker-Oslo S-Kongsvinger,R14,rail,VYG:ServiceJourney:1022_442930-R,True,actual,False,,,,,2026-09-07T15:44:36.205822+02:00
NSR:StopPlace:58861,Solbråtan stasjon,2026-09-07T14:23:00+02:00,2026-09-07T14:24:09+02:00,2026-09-07T14:24:09+02:00,69.0,1,Stabekk,VYG:Line:L2,Stabekk-Oslo S-Ski,L2,rail,VYG:ServiceJourney:2742-SKI_443952-R,True,actual,False,,,,,2026-09-07T15:44:36.205822+02:00
NSR:StopPlace:58870,Holmestrand stasjon,2026-09-07T15:25:00+02:00,2026-09-07T15:26:09+02:00,2026-09-07T15:26:09+02:00,69.0,1,Hvitstein-Gullhaug,VKT:Line:31,Gullhaug-Kleiverud-Holmestrand,31,bus,VKT:ServiceJourney:14980,True,actual,False,,,,,2026-09-07T15:44:36.205822+02:00
NSR:StopPlace:61315,Nerdrum stasjon,2026-09-07T06:38:00+02:00,2026-09-07T06:39:09+02:00,2026-09-07T06:39:09+02:00,69.0,1,Asker,VYG:Line:R14,Asker-Oslo S-Kongsvinger,R14,rail,VYG:ServiceJourney:1004_442909-R,True,actual,False,,,,,2026-09-07T08:42:24.659182+02:00
NSR:StopPlace:59641,Fjellhamar stasjon,2026-09-07T08:32:00+02:00,2026-09-07T08:33:09+02:00,2026-09-07T08:33:09+02:00,69.0,1,Asker,VYG:Line:L1,Spikkestad-Oslo S-Lillestrøm,L1,rail,VYG:ServiceJourney:2115_443520-R,True,actual,False,,,,,2026-09-07T08:42:24.659182+02:00
NSR:StopPlace:60944,Ski stasjon,2026-09-07T06:23:00+02:00,2026-09-07T06:24:09+02:00,2026-09-07T06:24:09+02:00,69.0,1,Göteborg C,VYG:Line:RE20,Oslo S-Halden-Göteborg (X-Border),RE20,rail,VYG:ServiceJourney:103-383_464567-R,True,actual,False,,,,,2026-09-07T08:42:24.659182+02:00
NSR:StopPlace:59636,Holmlia stasjon,2026-09-07T06:42:00+02:00,2026-09-07T06:43:09+02:00,2026-09-07T06:43:09+02:00,69.0,1,Bjørndal,RUT:Line:77,Holmlia stasjon - Bjørndal,77,bus,RUT:ServiceJourney:4cd3885ce1292de24e1152e2f312f0e6,True,actual,False,,,,,2026-09-07T08:42:24.659182+02:00
NSR:StopPlace:58947,Steinkjer stasjon,2026-09-07T08:30:00+02:00,2026-09-07T08:31:09+02:00,2026-09-07T08:31:09+02:00,69.0,1,Grong stasjon,ATB:Line:2_690,Grong - Steinkjer,690,bus,ATB:ServiceJourney:690_260106098640252_1,True,actual,False,,,,,2026-09-07T08:42:24.659182+02:00
NSR:StopPlace:58830,Brakerøya stasjon,2026-09-07T06:08:00+02:00,2026-09-07T06:09:09+02:00,2026-09-07T06:09:09+02:00,69.0,1,Dal,VYG:Line:R13,Drammen-Oslo S-Dal,R13,rail,VYG:ServiceJourney:1607_443224-R,True,actual,False,,,,,2026-09-07T08:42:24.659182+02:00
NSR:StopPlace:58834,Hokksund stasjon,2026-09-07T08:10:00+02:00,2026-09-07T08:11:09+02:00,2026-09-07T08:11:09+02:00,69.0,1,Voldstad - Sundet ,BRA:Line:4_6119,Hokksund - Voldstad - Sundet,119,bus,BRA:ServiceJourney:6119_260415100158647_1003,True,actual,False,,,,,2026-09-07T08:42:24.659182+02:00
NSR:StopPlace:58838,Røyken stasjon,2026-09-07T07:45:00+02:00,2026-09-07T07:46:09+02:00,2026-09-07T07:46:09+02:00,69.0,1,Asker,RUT:Line:260,Hyggen - Bråset -Slemmestad (- Asker),260,bus,RUT:ServiceJourney:2ce71c2082cc62245b98d88d1613706c,True,actual,False,,,,,2026-09-07T08:42:24.659182+02:00
NSR:StopPlace:58846,Fetsund stasjon,2026-09-07T07:22:00+02:00,2026-09-07T07:23:09+02:00,2026-09-07T07:23:09+02:00,69.0,1,Kongsvinger,VYG:Line:R14,Asker-Oslo S-Kongsvinger,R14,rail,VYG:ServiceJourney:1005_442910-R,True,actual,False,,,,,2026-09-07T08:42:24.659182+02:00
NSR:StopPlace:58840,Vestfossen stasjon,2026-09-07T07:05:00+02:00,2026-09-07T07:06:09+02:00,2026-09-07T07:06:09+02:00,69.0,1,Røren - Vestfossen - Darbu,BRA:Line:4_6118,Hokksund - Røren - Darbu,118,bus,BRA:ServiceJourney:6118_260415100159029_1001,True,actual,False,,,,,2026-09-07T08:42:24.659182+02:00
NSR:StopPlace:58857,Lørenskog stasjon,2026-09-07T07:06:00+02:00,2026-09-07T07:07:09+02:00,2026-09-07T07:07:09+02:00,69.0,1,Asker,VYG:Line:L1,Spikkestad-Oslo S-Lillestrøm,L1,rail,VYG:ServiceJourney:2109_443513-R,True,actual,False,,,,,2026-09-07T08:42:24.659182+02:00
NSR:StopPlace:58864,Sørumsand stasjon,2026-09-07T06:33:00+02:00,2026-09-07T06:34:09+02:00,2026-09-07T06:34:09+02:00,69.0,1,Orredalen,RUT:Line:366,Orredalen - Sørumsand,366,bus,RUT:ServiceJourney:d3d367de64db0d03829c070ac8696fd4,True,actual,False,,,,,2026-09-07T08:42:24.659182+02:00
NSR:StopPlace:58864,Sørumsand stasjon,2026-09-07T08:03:00+02:00,2026-09-07T08:04:09+02:00,2026-09-07T08:04:09+02:00,69.0,1,Orredalen,RUT:Line:366,Orredalen - Sørumsand,366,bus,RUT:ServiceJourney:a781cea14a86aa431014c64cc6bfdf17,True,actual,False,,,,,2026-09-07T08:42:24.659182+02:00
NSR:StopPlace:58865,Vestby stasjon,2026-09-07T07:20:00+02:00,2026-09-07T07:21:09+02:00,2026-09-07T07:21:09+02:00,69.0,1,Moss,RUT:Line:540,Moss - Son - Vestby stasjon,540,bus,RUT:ServiceJourney:ce97b0e35085fef307986c906c010591,True,actual,False,,,,,2026-09-07T08:42:24.659182+02:00
NSR:StopPlace:58865,Vestby stasjon,2026-09-07T08:40:00+02:00,2026-09-07T08:41:09+02:00,2026-09-07T08:41:09+02:00,69.0,1,Stabekk,VYG:Line:R21,Stabekk-Oslo S-Moss,R21,rail,VYG:ServiceJourney:1118-MOS_442993-R,True,actual,False,,,,,2026-09-07T08:42:24.659182+02:00
NSR:StopPlace:58861,Solbråtan stasjon,2026-09-07T07:23:00+02:00,2026-09-07T07:24:09+02:00,2026-09-07T07:24:09+02:00,69.0,1,Stabekk,VYG:Line:L2,Stabekk-Oslo S-Ski,L2,rail,VYG:ServiceJourney:2714-SKI_443920-R,True,actual,False,,,,,2026-09-07T08:42:24.659182+02:00
NSR:StopPlace:58874,Stokke stasjon,2026-09-07T06:23:00+02:00,2026-09-07T06:24:09+02:00,2026-09-07T06:24:09+02:00,69.0,1,Råstad-Sandefjord,VKT:Line:720,Sandefjord-Unneberg-Stokke,720,bus,VKT:ServiceJourney:17784,True,actual,False,,,,,2026-09-07T08:42:24.659182+02:00
NSR:StopPlace:58870,Holmestrand stasjon,2026-09-07T08:25:00+02:00,2026-09-07T08:26:09+02:00,2026-09-07T08:26:09+02:00,69.0,1,Hvitstein-Gullhaug,VKT:Line:31,Gullhaug-Kleiverud-Holmestrand,31,bus,VKT:ServiceJourney:14966,True,actual,False,,,,,2026-09-07T08:42:24.659182+02:00
NSR:StopPlace:58803,Tomter stasjon,2026-09-07T08:29:00+02:00,2026-09-07T08:30:09+02:00,2026-09-07T08:30:09+02:00,69.0,1,Oslo S,VYG:Line:R22,Skøyen-Oslo S-Mysen-Rakkestad,R22,rail,VYG:ServiceJourney:1910_443448-R,True,actual,False,,,,,2026-09-07T08:42:24.659182+02:00
NSR:StopPlace:58811,Moelv stasjon,2026-09-07T07:26:00+02:00,2026-09-07T07:27:09+02:00,2026-09-07T07:27:09+02:00,69.0,1,Hamar,INN:Line:100,Hamar - Gjøvik,100,bus,INN:ServiceJourney:83499,True,actual,False,,,,,2026-09-07T08:42:24.659182+02:00
NSR:StopPlace:58818,Gran stasjon,2026-09-07T07:07:00+02:00,2026-09-07T07:08:09+02:00,2026-09-07T07:08:09+02:00,69.0,1,1 Grymyr via Granåsen,INN:Line:456,Gran-Grymyr,456,bus,INN:ServiceJourney:84261,True,actual,False,,,,,2026-09-07T08:42:24.659182+02:00
NSR:StopPlace:62309,Ljan stasjon,2026-09-07T07:20:00+02:00,2026-09-07T07:21:09+02:00,2026-09-07T07:21:09+02:00,69.0,1,Lysaker,VYG:Line:L2,Stabekk-Oslo S-Ski,L2,rail,VYG:ServiceJourney:2812-SKI_444024-R,True,actual,False,Færre vogner,Denne avgangen kjører dessverre med 3 vogner i stedet for 6 vogner. Dette skyldes at vi mangler et togsett.,general,normal,2026-09-07T08:42:24.659182+02:00
NSR:StopPlace:62339,Lillestrøm stasjon,2026-09-07T05:26:00+02:00,2026-09-07T05:27:09+02:00,2026-09-07T05:27:09+02:00,69.0,1,Skien,VYG:Line:RE11,Eidsvoll-Oslo S-Skien,RE11,rail,VYG:ServiceJourney:300-803-HHS_658721-R,True,actual,False,Heis i spor 1 og 2 er ute av bruk på grunn av vedlikehold.,Heis i spor 1 og 2 er ute av bruk på grunn av vedlikehold.,general,normal,2026-09-07T08:42:24.659182+02:00
NSR:StopPlace:61979,Hellvik stasjon,2026-09-07T06:56:00+02:00,2026-09-07T06:57:09+02:00,2026-09-07T06:57:09+02:00,69.0,1,Egersund,GOA:Line:59,Jærbanen,L5,rail,GOA:ServiceJourney:3008_63040-R,True,actual,False,,,,,2026-09-07T08:42:24.659182+02:00
NSR:StopPlace:61464,Hvalstad stasjon,2026-09-07T22:54:00+02:00,2026-09-07T22:55:08+02:00,2026-09-07T22:55:08+02:00,68.0,1,Lillestrøm,VYG:Line:L1,Spikkestad-Oslo S-Lillestrøm,L1,rail,VYG:ServiceJourney:2174_443585-R,True,actual,False,,,,,2026-09-08T00:20:52.129880+02:00
NSR:StopPlace:61735,Hell stasjon,2026-09-07T22:50:00+02:00,2026-09-07T22:51:08+02:00,2026-09-07T22:51:08+02:00,68.0,1,Steinkjer,SJN:Line:26,Trønderbanen,R70,rail,SJN:ServiceJourney:455_56084-R,True,actual,False,,,,,2026-09-08T00:20:52.129880+02:00
NSR:StopPlace:58930,Larvik stasjon,2026-09-07T23:17:00+02:00,2026-09-07T23:18:08+02:00,2026-09-07T23:18:08+02:00,68.0,1,Larvik-Sandefjord,VKT:Line:3,Busk-Sandefjord-Larvik-Veldre,3,bus,VKT:ServiceJourney:17568,True,actual,False,,,,,2026-09-08T00:20:52.129880+02:00
NSR:StopPlace:58838,Røyken stasjon,2026-09-08T00:08:00+02:00,2026-09-08T00:09:08+02:00,2026-09-08T00:09:08+02:00,68.0,1,Sætre,RUT:Line:261,Drammen - Lahell - Røyken - Sætre,261,bus,RUT:ServiceJourney:e18352920b57a15971814cf75e3728dc,True,actual,False,Fra 17/8 går linje 61-63-71-73-251-261 og skolebusser fra holdeplass ved Skutebrygga ut av byen.Les mer på brakar.no/trafikkmeldinger.,,general,normal,2026-09-08T00:20:52.129880+02:00
NSR:StopPlace:58845,Eidsvoll verk stasjon,2026-09-07T20:35:00+02:00,2026-09-07T20:36:08+02:00,2026-09-07T20:36:08+02:00,68.0,1,Kongsberg,VYG:Line:R12,Kongsberg-Oslo S-Eidsvoll,R12,rail,VYG:ServiceJourney:533_444342-R,True,actual,False,,,,,2026-09-08T00:20:52.129880+02:00
NSR:StopPlace:58851,Heggedal stasjon,2026-09-07T23:25:00+02:00,2026-09-07T23:26:08+02:00,2026-09-07T23:26:08+02:00,68.0,1,Lillestrøm,VYG:Line:L1,Spikkestad-Oslo S-Lillestrøm,L1,rail,VYG:ServiceJourney:2278_445378-R,True,actual,False,,,,,2026-09-08T00:20:52.129880+02:00
NSR:StopPlace:62308,Alna stasjon,2026-09-08T00:02:00+02:00,2026-09-08T00:03:08+02:00,2026-09-08T00:03:08+02:00,68.0,1,Spikkestad,VYG:Line:L1,Spikkestad-Oslo S-Lillestrøm,L1,rail,VYG:ServiceJourney:2277_443713-R,True,actual,False,,,,,2026-09-08T00:20:52.129880+02:00
NSR:StopPlace:6,Greverud stasjon,2026-09-07T17:33:00+02:00,2026-09-07T17:34:08+02:00,2026-09-07T17:34:08+02:00,68.0,1,Oslo S,VYG:Line:L2,Stabekk-Oslo S-Ski,L2,rail,VYG:ServiceJourney:2854_444092-R,True,actual,False,,,,,2026-09-07T20:27:16.249662+02:00
NSR:StopPlace:59641,Fjellhamar stasjon,2026-09-07T19:48:00+02:00,2026-09-07T19:49:08+02:00,2026-09-07T19:49:08+02:00,68.0,1,Lillestrøm,VYG:Line:L1,Spikkestad-Oslo S-Lillestrøm,L1,rail,VYG:ServiceJourney:2158_443567-R,True,actual,False,,,,,2026-09-07T20:27:16.249662+02:00
NSR:StopPlace:58798,Rakkestad stasjon,2026-09-07T18:05:00+02:00,2026-09-07T18:06:08+02:00,2026-09-07T18:06:08+02:00,68.0,1,Sarpsborg-Askim,OST:Line:1_640,Sarpsborg-Askim-Mysen,640,bus,OST:ServiceJourney:640_260325121473118_25,True,actual,False,,,,,2026-09-07T20:27:16.249662+02:00
NSR:StopPlace:58844,Eidsvoll stasjon,2026-09-07T17:30:00+02:00,2026-09-07T17:31:08+02:00,2026-09-07T17:31:08+02:00,68.0,1,Jessheim,RUT:Line:430,Eidsvoll - Jessheim,430,bus,RUT:ServiceJourney:dd1018d5916c55af1abd4412edcbc2af,True,actual,False,,,,,2026-09-07T20:27:16.249662+02:00
NSR:StopPlace:58858,Nittedal stasjon,2026-09-07T18:20:00+02:00,2026-09-07T18:21:08+02:00,2026-09-07T18:21:08+02:00,68.0,1,Lørenskog sentrum,RUT:Line:385,Nittedal stasjon - Olavsgaard - Ahus,385,bus,RUT:ServiceJourney:21a25ea34ec41d33160847163933c756,True,actual,False,,,,,2026-09-07T20:27:16.249662+02:00
NSR:StopPlace:58864,Sørumsand stasjon,2026-09-07T18:39:00+02:00,2026-09-07T18:40:08+02:00,2026-09-07T18:40:08+02:00,68.0,1,Orredalen,RUT:Line:366,Orredalen - Sørumsand,366,bus,RUT:ServiceJourney:849acda81a6a16be1b0a4eeb4037a3b4,True,actual,False,,,,,2026-09-07T20:27:16.249662+02:00
NSR:StopPlace:58870,Holmestrand stasjon,2026-09-07T16:28:00+02:00,2026-09-07T16:29:08+02:00,2026-09-07T16:29:08+02:00,68.0,1,Eidsvoll,VYG:Line:RE11,Eidsvoll-Oslo S-Skien,RE11,rail,VYG:ServiceJourney:824_444404-R,True,actual,False,,,,,2026-09-07T20:27:16.249662+02:00
NSR:StopPlace:58884,Skien stasjon,2026-09-07T17:58:00+02:00,2026-09-07T17:59:08+02:00,2026-09-07T17:59:08+02:00,68.0,1,Åfoss via Skien sentrum,TEL:Line:8047,Siljan-Skien-Åfoss,P7,bus,TEL:ServiceJourney:127394,True,actual,False,,,,,2026-09-07T20:27:16.249662+02:00
NSR:StopPlace:58819,Grua stasjon,2026-09-07T20:11:00+02:00,2026-09-07T20:12:08+02:00,2026-09-07T20:12:08+02:00,68.0,1,Brandbu via Mohagen,INN:Line:112,Brandbu-Gran-Harestua,112,bus,INN:ServiceJourney:70846,True,actual,False,,,,,2026-09-07T20:27:16.249662+02:00
NSR:StopPlace:58211,Oslo lufthavn,2026-09-07T16:43:00+02:00,2026-09-07T16:44:08+02:00,2026-09-07T16:44:08+02:00,68.0,1,Kongsberg,VYG:Line:R12,Kongsberg-Oslo S-Eidsvoll,R12,rail,VYG:ServiceJourney:525_444330-R,True,actual,False,,,,,2026-09-07T20:27:16.249662+02:00
NSR:StopPlace:610,Sandvika stasjon,2026-09-07T18:15:00+02:00,2026-09-07T18:16:08+02:00,2026-09-07T18:16:08+02:00,68.0,1,Dombås,VYG:Line:RE10,Drammen-Oslo S-Lillehammer,RE10,rail,VYG:ServiceJourney:329-SUD_465133-R,True,actual,False,,,,,2026-09-07T20:27:16.249662+02:00
NSR:StopPlace:58843,Blommenholm stasjon,2026-09-07T14:34:00+02:00,2026-09-07T14:35:08+02:00,2026-09-07T14:35:08+02:00,68.0,1,Lillestrøm,VYG:Line:L1,Spikkestad-Oslo S-Lillestrøm,L1,rail,VYG:ServiceJourney:2140_443548-R,True,actual,False,,,,,2026-09-07T15:44:36.205822+02:00
NSR:StopPlace:58845,Eidsvoll verk stasjon,2026-09-07T14:55:00+02:00,2026-09-07T14:56:08+02:00,2026-09-07T14:56:08+02:00,68.0,1,Eidsvoll,VYG:Line:RE11,Eidsvoll-Oslo S-Skien,RE11,rail,VYG:ServiceJourney:818_444398-R,True,actual,False,,,,,2026-09-07T15:44:36.205822+02:00
NSR:StopPlace:58869,Ås stasjon,2026-09-07T14:20:00+02:00,2026-09-07T14:21:08+02:00,2026-09-07T14:21:08+02:00,68.0,1,Kroer,RUT:Line:535,Kroer - Ås stasjon,535,bus,RUT:ServiceJourney:50913cd1920b28e5b68c6793d2e28c83,True,actual,False,,,,,2026-09-07T15:44:36.205822+02:00
NSR:StopPlace:58802,Spydeberg stasjon,2026-09-07T15:36:00+02:00,2026-09-07T15:37:08+02:00,2026-09-07T15:37:08+02:00,68.0,1,Rakkestad,VYG:Line:R22,Skøyen-Oslo S-Mysen-Rakkestad,R22,rail,VYG:ServiceJourney:1921_443467-R,True,actual,False,,,,,2026-09-07T15:44:36.205822+02:00
NSR:StopPlace:62339,Lillestrøm stasjon,2026-09-07T13:56:00+02:00,2026-09-07T13:57:08+02:00,2026-09-07T13:57:08+02:00,68.0,1,Kongsberg,VYG:Line:R12,Kongsberg-Oslo S-Eidsvoll,R12,rail,VYG:ServiceJourney:519_444320-R,True,actual,False,Heis i spor 1 og 2 er ute av bruk på grunn av vedlikehold.,Heis i spor 1 og 2 er ute av bruk på grunn av vedlikehold.,general,normal,2026-09-07T15:44:36.205822+02:00
NSR:StopPlace:59872,Oslo S,2026-09-07T06:34:00+02:00,2026-09-07T06:35:08+02:00,2026-09-07T06:35:08+02:00,68.0,1,Roa,VYG:Line:RE30,Oslo S-Gjøvik,RE30,rail,VYG:ServiceJourney:BUS-1205_654986-R,True,actual,False,,,,,2026-09-07T08:42:24.659182+02:00
NSR:StopPlace:59649,Nydalen stasjon,2026-09-07T07:06:00+02:00,2026-09-07T07:07:08+02:00,2026-09-07T07:07:08+02:00,68.0,1,Simensbråten,RUT:Line:23,Lysaker - Simensbråten,23,bus,RUT:ServiceJourney:2dfe3aff8c167a465462c7b5881451c6,True,actual,False,,,,,2026-09-07T08:42:24.659182+02:00
NSR:StopPlace:60640,Heimdal stasjon,2026-09-07T06:53:00+02:00,2026-09-07T06:54:08+02:00,2026-09-07T06:54:08+02:00,68.0,1,Flatåstoppen via Kolstad k.,ATB:Line:2_16,Flatåsen- Heimdal- Torgård,16,bus,ATB:ServiceJourney:16_251215112550598_1,True,actual,False,,,,,2026-09-07T08:42:24.659182+02:00
NSR:StopPlace:60047,Melhus skysstasjon,2026-09-07T06:36:00+02:00,2026-09-07T06:37:08+02:00,2026-09-07T06:37:08+02:00,68.0,1,A Dora via Ekra-City Syd E6,ATB:Line:2_71,MelhusSkyss-Trondheim,71,bus,ATB:ServiceJourney:71_251215112545697_8,True,actual,False,,,,,2026-09-07T08:42:24.659182+02:00
NSR:StopPlace:59243,Mo i Rana stasjon,2026-09-07T07:23:00+02:00,2026-09-07T07:24:08+02:00,2026-09-07T07:24:08+02:00,68.0,1,Grubbåsen,NOR:Line:12_8371,Grubbåsen - Båsmobakken/Skillevollen,1,bus,NOR:ServiceJourney:8371_251012124858558_2003,True,actual,False,,,,,2026-09-07T08:42:24.659182+02:00
NSR:StopPlace:58964,Kløfta stasjon,2026-09-07T08:02:00+02:00,2026-09-07T08:03:08+02:00,2026-09-07T08:03:08+02:00,68.0,1,Nannestad,RUT:Line:3874,Olavsgaard - Skedsmo - Jessheim - Nannestad,3874,bus,RUT:ServiceJourney:01838f2b591e469723982787a9d244e0,True,actual,False,,,,,2026-09-07T08:42:24.659182+02:00
NSR:StopPlace:58931,Fannrem stasjon,2026-09-07T07:05:00+02:00,2026-09-07T07:06:08+02:00,2026-09-07T07:06:08+02:00,68.0,1,Trondheim S via Orkanger skysst.,ATB:Line:2_310,Trondheim - Orkanger - Fannrem,310,bus,ATB:ServiceJourney:310_260106098640185_85,True,actual,False,,,,,2026-09-07T08:42:24.659182+02:00
NSR:StopPlace:58803,Tomter stasjon,2026-09-07T07:25:00+02:00,2026-09-07T07:26:08+02:00,2026-09-07T07:26:08+02:00,68.0,1,Oslo S,VYG:Line:R22,Skøyen-Oslo S-Mysen-Rakkestad,R22,rail,VYG:ServiceJourney:1908_443445-R,True,actual,False,,,,,2026-09-07T08:42:24.659182+02:00
NSR:StopPlace:58808,Kongsvinger stasjon,2026-09-07T06:39:00+02:00,2026-09-07T06:40:08+02:00,2026-09-07T06:40:08+02:00,68.0,1,Flisa - Hamar,INN:Line:105,Kongsvinger - Elverum - Hamar,105,bus,INN:ServiceJourney:83630,True,actual,False,,,,,2026-09-07T08:42:24.659182+02:00
NSR:StopPlace:58808,Kongsvinger stasjon,2026-09-07T08:39:00+02:00,2026-09-07T08:40:08+02:00,2026-09-07T08:40:08+02:00,68.0,1,Flisa - Hamar,INN:Line:105,Kongsvinger - Elverum - Hamar,105,bus,INN:ServiceJourney:83635,True,actual,False,,,,,2026-09-07T08:42:24.659182+02:00
NSR:StopPlace:313,Høybråten stasjon,2026-09-07T07:08:00+02:00,2026-09-07T07:09:08+02:00,2026-09-07T07:09:08+02:00,68.0,1,Asker,VYG:Line:L1,Spikkestad-Oslo S-Lillestrøm,L1,rail,VYG:ServiceJourney:2109_443513-R,True,actual,False,,,,,2026-09-07T08:42:24.659182+02:00
NSR:StopPlace:400,Ler stasjon,2026-09-07T07:18:00+02:00,2026-09-07T07:19:08+02:00,2026-09-07T07:19:08+02:00,68.0,1,Støren,SJN:Line:26,Trønderbanen,R70,rail,SJN:ServiceJourney:420_56049-R,True,actual,False,,,,,2026-09-07T08:42:24.659182+02:00
NSR:StopPlace:62392,Slependen stasjon,2026-09-07T06:15:00+02:00,2026-09-07T06:16:08+02:00,2026-09-07T06:16:08+02:00,68.0,1,Lillestrøm,VYG:Line:L1,Spikkestad-Oslo S-Lillestrøm,L1,rail,VYG:ServiceJourney:2208_764738-R,True,actual,False,Færre vogner,Denne avgangen kjører dessverre med 4 vogner i stedet for 8 vogner. Dette skyldes at vi mangler et togsett.,general,normal,2026-09-07T08:42:24.659182+02:00
NSR:StopPlace:59647,Dal stasjon,2026-09-07T20:54:00+02:00,2026-09-07T20:55:07+02:00,2026-09-07T20:55:07+02:00,67.0,1,Drammen,VYG:Line:R13,Drammen-Oslo S-Dal,R13,rail,VYG:ServiceJourney:1666_443356-R,True,actual,False,,,,,2026-09-08T00:20:52.129880+02:00
NSR:StopPlace:59643,Grefsen stasjon,2026-09-07T21:38:00+02:00,2026-09-07T21:39:07+02:00,2026-09-07T21:39:07+02:00,67.0,1,Oslo lufthavn,NBU:Line:cb7b555c-f96e-42d5-84bf-a5e08c0145c2,Radiumhospitalet via Økern-Storo-Tåsen,FB3,bus,NBU:ServiceJourney:7e6fdc7e-fa1b-483f-8b24-1ff3118ad6a6,True,actual,False,,,,,2026-09-08T00:20:52.129880+02:00
NSR:StopPlace:59650,Nyland stasjon,2026-09-07T22:44:00+02:00,2026-09-07T22:45:07+02:00,2026-09-07T22:45:07+02:00,67.0,1,Asker,VYG:Line:L1,Spikkestad-Oslo S-Lillestrøm,L1,rail,VYG:ServiceJourney:2171_443582-R,True,actual,False,,,,,2026-09-08T00:20:52.129880+02:00
NSR:StopPlace:59639,Sonsveien stasjon,2026-09-08T00:12:00+02:00,2026-09-08T00:13:07+02:00,2026-09-08T00:13:07+02:00,67.0,1,Vestby stasjon,RUT:Line:540,Moss - Son - Vestby stasjon,540,bus,RUT:ServiceJourney:fc0c879b4b1b8b2a2cfefc8e785d0e11,True,actual,False,,,,,2026-09-08T00:20:52.129880+02:00
NSR:StopPlace:58853,Kolbotn stasjon,2026-09-07T22:10:00+02:00,2026-09-07T22:11:07+02:00,2026-09-07T22:11:07+02:00,67.0,1,Skøyen,VYG:Line:L2,Stabekk-Oslo S-Ski,L2,rail,VYG:ServiceJourney:2872-SKI_488400-R,True,actual,False,,,,,2026-09-08T00:20:52.129880+02:00
NSR:StopPlace:58861,Solbråtan stasjon,2026-09-07T22:38:00+02:00,2026-09-07T22:39:07+02:00,2026-09-07T22:39:07+02:00,67.0,1,Oslo S,VYG:Line:L2,Stabekk-Oslo S-Ski,L2,rail,VYG:ServiceJourney:2874_444118-R,True,actual,False,,,,,2026-09-08T00:20:52.129880+02:00
NSR:StopPlace:441,Auli stasjon,2026-09-07T22:16:00+02:00,2026-09-07T22:17:07+02:00,2026-09-07T22:17:07+02:00,67.0,1,Asker,VYG:Line:R14,Asker-Oslo S-Kongsvinger,R14,rail,VYG:ServiceJourney:1036_442948-R,True,actual,False,,,,,2026-09-08T00:20:52.129880+02:00
NSR:StopPlace:61462,Namsskogan stasjon,2026-09-07T20:03:00+02:00,2026-09-07T20:04:07+02:00,2026-09-07T20:04:07+02:00,67.0,1,Mo i Rana,SJN:Line:71,Nordlandsbanen,F7,rail,SJN:ServiceJourney:477_45453-R,True,actual,False,,,,,2026-09-07T20:27:16.249662+02:00
NSR:StopPlace:58935,Levanger stasjon,2026-09-07T19:20:00+02:00,2026-09-07T19:21:07+02:00,2026-09-07T19:21:07+02:00,67.0,1,Høgberget via Levanger stasjon,ATB:Line:2_604,Levanger - Høgberget,604,bus,ATB:ServiceJourney:604_260106098643095_48,True,actual,False,,,,,2026-09-07T20:27:16.249662+02:00
NSR:StopPlace:58947,Steinkjer stasjon,2026-09-07T20:24:00+02:00,2026-09-07T20:25:07+02:00,2026-09-07T20:25:07+02:00,67.0,1,Trondheim S,SJN:Line:71,Nordlandsbanen,F7,rail,SJN:ServiceJourney:472_46160-R,True,actual,False,,,,,2026-09-07T20:27:16.249662+02:00
NSR:StopPlace:58795,Kambo stasjon,2026-09-07T17:59:00+02:00,2026-09-07T18:00:07+02:00,2026-09-07T18:00:07+02:00,67.0,1,Kambo,OST:Line:1_22,Skredderåsen-Kambo,22,bus,OST:ServiceJourney:22_260821062874536_79,True,actual,False,,,,,2026-09-07T20:27:16.249662+02:00
NSR:StopPlace:58845,Eidsvoll verk stasjon,2026-09-07T19:25:00+02:00,2026-09-07T19:26:07+02:00,2026-09-07T19:26:07+02:00,67.0,1,Eidsvoll,VYG:Line:R12,Kongsberg-Oslo S-Eidsvoll,R12,rail,VYG:ServiceJourney:528_444335-R,True,actual,False,,,,,2026-09-07T20:27:16.249662+02:00
NSR:StopPlace:58847,Frogner stasjon,2026-09-07T18:34:00+02:00,2026-09-07T18:35:07+02:00,2026-09-07T18:35:07+02:00,67.0,1,Dal,VYG:Line:R13,Drammen-Oslo S-Dal,R13,rail,VYG:ServiceJourney:1653_443327-R,True,actual,False,,,,,2026-09-07T20:27:16.249662+02:00
NSR:StopPlace:58853,Kolbotn stasjon,2026-09-07T17:25:00+02:00,2026-09-07T17:26:07+02:00,2026-09-07T17:26:07+02:00,67.0,1,Stabekk,VYG:Line:L2,Stabekk-Oslo S-Ski,L2,rail,VYG:ServiceJourney:2754-SKI_443965-R,True,actual,False,,,,,2026-09-07T20:27:16.249662+02:00
NSR:StopPlace:58853,Kolbotn stasjon,2026-09-07T17:32:00+02:00,2026-09-07T17:33:07+02:00,2026-09-07T17:33:07+02:00,67.0,1,Svartskog,RUT:Line:585,Kolbotn - Svartskog,585,bus,RUT:ServiceJourney:6f4b9f96fea2609b4b5c5ed87ae4a527,True,actual,False,,,,,2026-09-07T20:27:16.249662+02:00
NSR:StopPlace:58857,Lørenskog stasjon,2026-09-07T17:52:00+02:00,2026-09-07T17:53:07+02:00,2026-09-07T17:53:07+02:00,67.0,1,Nesåsen,RUT:Line:120,Nesåsen - Stovner,120,bus,RUT:ServiceJourney:773396d098ccaa97a8f96f845590fb6f,True,actual,False,,,,,2026-09-07T20:27:16.249662+02:00
NSR:StopPlace:58869,Ås stasjon,2026-09-07T19:45:00+02:00,2026-09-07T19:46:07+02:00,2026-09-07T19:46:07+02:00,67.0,1,Stabekk,VYG:Line:R21,Stabekk-Oslo S-Moss,R21,rail,VYG:ServiceJourney:1162-MOS_443052-R,True,actual,False,,,,,2026-09-07T20:27:16.249662+02:00
NSR:StopPlace:369,Kvål stasjon,2026-09-07T16:56:00+02:00,2026-09-07T16:57:07+02:00,2026-09-07T16:57:07+02:00,67.0,1,Røros,SJN:Line:25,Rørosbanen,R60,rail,SJN:ServiceJourney:416_50919-R,True,actual,False,,,,,2026-09-07T20:27:16.249662+02:00
NSR:StopPlace:23,Rena stasjon,2026-09-07T15:06:00+02:00,2026-09-07T15:07:07+02:00,2026-09-07T15:07:07+02:00,67.0,1,Hamar,SJN:Line:25,Rørosbanen,R60,rail,SJN:ServiceJourney:2386_47976-R,True,actual,False,,,,,2026-09-07T15:44:36.205822+02:00
NSR:StopPlace:58830,Brakerøya stasjon,2026-09-07T15:38:00+02:00,2026-09-07T15:39:07+02:00,2026-09-07T15:39:07+02:00,67.0,1,Dal,VYG:Line:R13,Drammen-Oslo S-Dal,R13,rail,VYG:ServiceJourney:1645_443309-R,True,actual,False,,,,,2026-09-07T15:44:36.205822+02:00
NSR:StopPlace:58836,Mjøndalen stasjon,2026-09-07T14:24:00+02:00,2026-09-07T14:25:07+02:00,2026-09-07T14:25:07+02:00,67.0,1,Drammen via Gulskogen,BRA:Line:4_6052,Drammen - Mjøndalen,52,bus,BRA:ServiceJourney:6052_260415100161105_1026,True,actual,False,,,,,2026-09-07T15:44:36.205822+02:00
NSR:StopPlace:58869,Ås stasjon,2026-09-07T14:15:00+02:00,2026-09-07T14:16:07+02:00,2026-09-07T14:16:07+02:00,67.0,1,Stabekk,VYG:Line:R21,Stabekk-Oslo S-Moss,R21,rail,VYG:ServiceJourney:1140-MOS_443019-R,True,actual,False,,,,,2026-09-07T15:44:36.205822+02:00
NSR:StopPlace:58884,Skien stasjon,2026-09-07T14:56:00+02:00,2026-09-07T14:57:07+02:00,2026-09-07T14:57:07+02:00,67.0,1,Skjelsvik via Klyve,TEL:Line:8043,Skien-Klyve-Skjelsvik,M3,bus,TEL:ServiceJourney:127184,True,actual,False,,,,,2026-09-07T15:44:36.205822+02:00
NSR:StopPlace:469,Lerkendal stasjon,2026-09-07T14:26:00+02:00,2026-09-07T14:27:07+02:00,2026-09-07T14:27:07+02:00,67.0,1,Steinkjer,SJN:Line:26,Trønderbanen,R70,rail,SJN:ServiceJourney:1761_56047-R,True,actual,False,,,,,2026-09-07T15:44:36.205822+02:00
NSR:StopPlace:61326,Gulskogen stasjon,2026-09-07T07:12:00+02:00,2026-09-07T07:13:07+02:00,2026-09-07T07:13:07+02:00,67.0,1,Eidsvoll,VYG:Line:R12,Kongsberg-Oslo S-Eidsvoll,R12,rail,VYG:ServiceJourney:506_481316-R,True,actual,False,,,,,2026-09-07T08:42:24.659182+02:00
NSR:StopPlace:41,Hanaborg stasjon,2026-09-07T07:04:00+02:00,2026-09-07T07:05:07+02:00,2026-09-07T07:05:07+02:00,67.0,1,Asker,VYG:Line:L1,Spikkestad-Oslo S-Lillestrøm,L1,rail,VYG:ServiceJourney:2109_443513-R,True,actual,False,,,,,2026-09-07T08:42:24.659182+02:00
NSR:StopPlace:59647,Dal stasjon,2026-09-07T06:46:00+02:00,2026-09-07T06:47:07+02:00,2026-09-07T06:47:07+02:00,67.0,1,Eidsvoll,RUT:Line:430,Eidsvoll - Jessheim,430,bus,RUT:ServiceJourney:3ee1f1c6884f923d8659cf70da6521b1,True,actual,False,,,,,2026-09-07T08:42:24.659182+02:00
NSR:StopPlace:59957,Klepp stasjon,2026-09-07T06:51:00+02:00,2026-09-07T06:52:07+02:00,2026-09-07T06:52:07+02:00,67.0,1,Nærbø,GOA:Line:59,Jærbanen,L5,rail,GOA:ServiceJourney:3010_63042-R,True,actual,False,,,,,2026-09-07T08:42:24.659182+02:00
NSR:StopPlace:58966,Porsgrunn stasjon,2026-09-07T05:34:00+02:00,2026-09-07T05:35:07+02:00,2026-09-07T05:35:07+02:00,67.0,1,Oslo S,VYG:Line:RX11,Eidsvoll-Oslo S-Skien,RX11,rail,VYG:ServiceJourney:854-SKN_554645-R,True,actual,False,Heis på Porsgrunn ute av drift,Heisen på Porsgrunn til spor 2 er ute av drift.,general,normal,2026-09-07T08:42:24.659182+02:00
NSR:StopPlace:58930,Larvik stasjon,2026-09-07T07:46:00+02:00,2026-09-07T07:47:07+02:00,2026-09-07T07:47:07+02:00,67.0,1,Skien,VYG:Line:RE11,Eidsvoll-Oslo S-Skien,RE11,rail,VYG:ServiceJourney:300-803-HHS_658721-R,True,actual,False,,,,,2026-09-07T08:42:24.659182+02:00
NSR:StopPlace:58932,Hommelvik stasjon,2026-09-07T07:54:00+02:00,2026-09-07T07:55:07+02:00,2026-09-07T07:55:07+02:00,67.0,1,B Marienborg via Brattøra,ATB:Line:2_70,Stjørdal/Hommelvik- Trondheim,70,bus,ATB:ServiceJourney:70_251215112546973_26,True,actual,False,,,,,2026-09-07T08:42:24.659182+02:00
NSR:StopPlace:58948,Stjørdal stasjon,2026-09-07T08:00:00+02:00,2026-09-07T08:01:07+02:00,2026-09-07T08:01:07+02:00,67.0,1,Trondheim lufthavn,ATB:Line:2_670,Stjørdal - Meråker,670,bus,ATB:ServiceJourney:670_260106098641869_15,True,actual,False,,,,,2026-09-07T08:42:24.659182+02:00
NSR:StopPlace:58834,Hokksund stasjon,2026-09-07T07:49:00+02:00,2026-09-07T07:50:07+02:00,2026-09-07T07:50:07+02:00,67.0,1,Harakollen,BRA:Line:4_6125,Hokksund - Harakollen,125,bus,BRA:ServiceJourney:6125_260415100159543_1026,True,actual,False,,,,,2026-09-07T08:42:24.659182+02:00
NSR:StopPlace:58836,Mjøndalen stasjon,2026-09-07T06:05:00+02:00,2026-09-07T06:06:07+02:00,2026-09-07T06:06:07+02:00,67.0,1,Eidsvoll,VYG:Line:R12,Kongsberg-Oslo S-Eidsvoll,R12,rail,VYG:ServiceJourney:504_444296-R,True,actual,False,,,,,2026-09-07T08:42:24.659182+02:00
NSR:StopPlace:58836,Mjøndalen stasjon,2026-09-07T07:40:00+02:00,2026-09-07T07:41:07+02:00,2026-09-07T07:41:07+02:00,67.0,1,Eiker vgs,BRA:Line:4_6056,Mjøndalen - Drammen - Eiker VGS,56,bus,BRA:ServiceJourney:6056_260415100162469_1005,True,actual,False,,,,,2026-09-07T08:42:24.659182+02:00
NSR:StopPlace:58858,Nittedal stasjon,2026-09-07T07:30:00+02:00,2026-09-07T07:31:07+02:00,2026-09-07T07:31:07+02:00,67.0,1,Oslo S,VYG:Line:R31,Skøyen-Jaren-Gjøvik,R31,rail,VYG:ServiceJourney:BUS-270_655591-R,True,actual,False,,,,,2026-09-07T08:42:24.659182+02:00
NSR:StopPlace:58870,Holmestrand stasjon,2026-09-07T05:29:00+02:00,2026-09-07T05:30:07+02:00,2026-09-07T05:30:07+02:00,67.0,1,Eidsvoll,VYG:Line:RE11,Eidsvoll-Oslo S-Skien,RE11,rail,VYG:ServiceJourney:802_444382-R,True,actual,False,,,,,2026-09-07T08:42:24.659182+02:00
NSR:StopPlace:58870,Holmestrand stasjon,2026-09-07T05:48:00+02:00,2026-09-07T05:49:07+02:00,2026-09-07T05:49:07+02:00,67.0,1,Oslo lufthavn,VYG:Line:RX11,Eidsvoll-Oslo S-Skien,RX11,rail,VYG:ServiceJourney:852_444422-R,True,actual,False,,,,,2026-09-07T08:42:24.659182+02:00
NSR:StopPlace:58802,Spydeberg stasjon,2026-09-07T08:36:00+02:00,2026-09-07T08:37:07+02:00,2026-09-07T08:37:07+02:00,67.0,1,Rakkestad,VYG:Line:R22,Skøyen-Oslo S-Mysen-Rakkestad,R22,rail,VYG:ServiceJourney:1907_443443-R,True,actual,False,,,,,2026-09-07T08:42:24.659182+02:00
NSR:StopPlace:58826,Reinsvoll stasjon,2026-09-07T07:11:00+02:00,2026-09-07T07:12:07+02:00,2026-09-07T07:12:07+02:00,67.0,1,Gjøvik-Sykehuset,INN:Line:406,Gjø.-Reinsv.-Eina-Reinsv.-Gjø.,406,bus,INN:ServiceJourney:97393,True,actual,False,,,,,2026-09-07T08:42:24.659182+02:00
NSR:StopPlace:62094,Lindeberg stasjon,2026-09-07T08:07:00+02:00,2026-09-07T08:08:07+02:00,2026-09-07T08:08:07+02:00,67.0,1,Dal,VYG:Line:R13,Drammen-Oslo S-Dal,R13,rail,VYG:ServiceJourney:1611-SUD_443233-R,True,actual,False,,,,,2026-09-07T08:42:24.659182+02:00
NSR:StopPlace:62392,Slependen stasjon,2026-09-07T07:49:00+02:00,2026-09-07T07:50:07+02:00,2026-09-07T07:50:07+02:00,67.0,1,Asker,VYG:Line:L1,Spikkestad-Oslo S-Lillestrøm,L1,rail,VYG:ServiceJourney:2109_443513-R,True,actual,False,,,,,2026-09-07T08:42:24.659182+02:00
NSR:StopPlace:61735,Hell stasjon,2026-09-07T23:50:00+02:00,2026-09-07T23:51:06+02:00,2026-09-07T23:51:06+02:00,66.0,1,Steinkjer,SJN:Line:26,Trønderbanen,R70,rail,SJN:ServiceJourney:457-SOeB_56085-R,True,actual,False,,,,,2026-09-08T00:20:52.129880+02:00
NSR:StopPlace:59649,Nydalen stasjon,2026-09-08T00:16:00+02:00,2026-09-08T00:17:06+02:00,2026-09-08T00:17:06+02:00,66.0,1,Simensbråten,RUT:Line:23,Lysaker - Simensbråten,23,bus,RUT:ServiceJourney:c72d1fa700c53cfc9e790c5129b760ab,True,actual,False,,,,,2026-09-08T00:20:52.129880+02:00
NSR:StopPlace:59641,Fjellhamar stasjon,2026-09-07T23:55:00+02:00,2026-09-07T23:56:06+02:00,2026-09-07T23:56:06+02:00,66.0,1,Vallerudtoppen,RUT:Line:315,Vallerudtoppen - Ahus,315,bus,RUT:ServiceJourney:d892c60f1fef622e7faa8038f9c9e287,True,actual,False,,,,,2026-09-08T00:20:52.129880+02:00
NSR:StopPlace:59643,Grefsen stasjon,2026-09-07T23:04:00+02:00,2026-09-07T23:05:06+02:00,2026-09-07T23:05:06+02:00,66.0,1,Simensbråten,RUT:Line:23,Lysaker - Simensbråten,23,bus,RUT:ServiceJourney:78cf21dd9ad860b1a252b0e250648855,True,actual,False,,,,,2026-09-08T00:20:52.129880+02:00
NSR:StopPlace:59652,Tøyen stasjon,2026-09-07T22:57:00+02:00,2026-09-07T22:58:06+02:00,2026-09-07T22:58:06+02:00,66.0,1,Tonsenhagen,RUT:Line:60,Vippetangen-Tonsenhagen,60,bus,RUT:ServiceJourney:c48e9867f309ceec95b987465085c7ed,True,actual,False,,,,,2026-09-08T00:20:52.129880+02:00
NSR:StopPlace:58845,Eidsvoll verk stasjon,2026-09-07T23:35:00+02:00,2026-09-07T23:36:06+02:00,2026-09-07T23:36:06+02:00,66.0,1,Kongsberg,VYG:Line:R12,Kongsberg-Oslo S-Eidsvoll,R12,rail,VYG:ServiceJourney:539_444349-R,True,actual,False,,,,,2026-09-08T00:20:52.129880+02:00
NSR:StopPlace:58849,Hakadal stasjon,2026-09-07T23:05:00+02:00,2026-09-07T23:06:06+02:00,2026-09-07T23:06:06+02:00,66.0,1,Kongskog,RUT:Line:390,Kongskog/Hellerudhaugen - Oslo bussterminal,390,bus,RUT:ServiceJourney:f140665ffd3c9bb3f886838c8119720e,True,actual,False,,,,,2026-09-08T00:20:52.129880+02:00
NSR:StopPlace:58860,Oppegård stasjon,2026-09-07T23:01:00+02:00,2026-09-07T23:02:06+02:00,2026-09-07T23:02:06+02:00,66.0,1,Skøyen,VYG:Line:L2,Stabekk-Oslo S-Ski,L2,rail,VYG:ServiceJourney:2876-SKI_488402-R,True,actual,False,,,,,2026-09-08T00:20:52.129880+02:00
NSR:StopPlace:708,Stange stasjon,2026-09-07T22:20:00+02:00,2026-09-07T22:21:06+02:00,2026-09-07T22:21:06+02:00,66.0,1,Drammen,VYG:Line:RE10,Drammen-Oslo S-Lillehammer,RE10,rail,VYG:ServiceJourney:336-LHM_444259-R,True,actual,False,,,,,2026-09-08T00:20:52.129880+02:00
NSR:StopPlace:61101,Notodden stasjon,2026-09-07T20:09:00+02:00,2026-09-07T20:10:06+02:00,2026-09-07T20:10:06+02:00,66.0,1,Skien,VYG:Line:R55,Porsgrunn-Notodden,R55,rail,VYG:ServiceJourney:2489_443758-R,True,actual,False,,,,,2026-09-07T20:27:16.249662+02:00
NSR:StopPlace:59646,Høvik stasjon,2026-09-07T18:53:00+02:00,2026-09-07T18:54:06+02:00,2026-09-07T18:54:06+02:00,66.0,1,Lillestrøm,VYG:Line:L1,Spikkestad-Oslo S-Lillestrøm,L1,rail,VYG:ServiceJourney:2258_443682-R,True,actual,False,,,,,2026-09-07T20:27:16.249662+02:00
NSR:StopPlace:59658,Moi stasjon,2026-09-07T17:50:00+02:00,2026-09-07T17:51:06+02:00,2026-09-07T17:51:06+02:00,66.0,1,Egersund,KOL:Line:8_2033,98,98,bus,KOL:ServiceJourney:2033_250903083241399_2005,True,actual,False,,,,,2026-09-07T20:27:16.249662+02:00
NSR:StopPlace:59650,Nyland stasjon,2026-09-07T17:55:00+02:00,2026-09-07T17:56:06+02:00,2026-09-07T17:56:06+02:00,66.0,1,Vestvollen,RUT:Line:345,Vestvollen - Økern,345,bus,RUT:ServiceJourney:635c24168df2c70416bf81978b4d4e91,True,actual,False,,,,,2026-09-07T20:27:16.249662+02:00
NSR:StopPlace:59652,Tøyen stasjon,2026-09-07T18:54:00+02:00,2026-09-07T18:55:06+02:00,2026-09-07T18:55:06+02:00,66.0,1,Tonsenhagen,RUT:Line:60,Vippetangen-Tonsenhagen,60,bus,RUT:ServiceJourney:81977b5d58c445d352fe42361abb97ae,True,actual,False,,,,,2026-09-07T20:27:16.249662+02:00
NSR:StopPlace:58950,Åsen stasjon,2026-09-07T18:39:00+02:00,2026-09-07T18:40:06+02:00,2026-09-07T18:40:06+02:00,66.0,1,Ler,SJN:Line:26,Trønderbanen,R70,rail,SJN:ServiceJourney:446_56075-R,True,actual,False,,,,,2026-09-07T20:27:16.249662+02:00
NSR:StopPlace:58793,Askim stasjon,2026-09-07T19:45:00+02:00,2026-09-07T19:46:06+02:00,2026-09-07T19:46:06+02:00,66.0,1,Rakkestad,VYG:Line:R22,Skøyen-Oslo S-Mysen-Rakkestad,R22,rail,VYG:ServiceJourney:1929_443482-R,True,actual,False,,,,,2026-09-07T20:27:16.249662+02:00
NSR:StopPlace:58838,Røyken stasjon,2026-09-07T18:08:00+02:00,2026-09-07T18:09:06+02:00,2026-09-07T18:09:06+02:00,66.0,1,Sætre,RUT:Line:261,Drammen - Lahell - Røyken - Sætre,261,bus,RUT:ServiceJourney:49160243431a2ef542df0afb909bf8f3,True,actual,False,Fra 17/8 går linje 61-63-71-73-251-261 og skolebusser fra holdeplass ved Skutebrygga ut av byen.Les mer på brakar.no/trafikkmeldinger.,,general,normal,2026-09-07T20:27:16.249662+02:00
NSR:StopPlace:58845,Eidsvoll verk stasjon,2026-09-07T19:01:00+02:00,2026-09-07T19:02:06+02:00,2026-09-07T19:02:06+02:00,66.0,1,Jessheim,RUT:Line:430,Eidsvoll - Jessheim,430,bus,RUT:ServiceJourney:c3a97c0cc067c0c529374dbdef22d5a8,True,actual,False,,,,,2026-09-07T20:27:16.249662+02:00
NSR:StopPlace:58851,Heggedal stasjon,2026-09-07T19:24:00+02:00,2026-09-07T19:25:06+02:00,2026-09-07T19:25:06+02:00,66.0,1,Lillestrøm,VYG:Line:L1,Spikkestad-Oslo S-Lillestrøm,L1,rail,VYG:ServiceJourney:2262_443690-R,True,actual,False,,,,,2026-09-07T20:27:16.249662+02:00
NSR:StopPlace:58870,Holmestrand stasjon,2026-09-07T16:45:00+02:00,2026-09-07T16:46:06+02:00,2026-09-07T16:46:06+02:00,66.0,1,Horten-Tønsberg,VKT:Line:2,Tjøme-Tønsberg-Horten-Holmestr,2,bus,VKT:ServiceJourney:15853,True,actual,False,Forsinkelser Linje 2 og 411 | Kjører ikke Storgata i Horten,Pga. veiarbeid i Horten sentrum vil det kunne oppstå forsinkelser på busser i tidsrommet 3.-11. september.  | 7.-9. september: Bussene vil ikke kjøre Storgata. Benytt holdeplassene Peders gate eller Horten rb.st. Se vkt.no/avvik Det vil oppstå forsinkelser. ,incident | general,normal | normal,2026-09-07T20:27:16.249662+02:00
NSR:StopPlace:362,Jåttåvågen stasjon,2026-09-07T18:17:00+02:00,2026-09-07T18:18:06+02:00,2026-09-07T18:18:06+02:00,66.0,1,Skeiane,GOA:Line:59,Jærbanen,L5,rail,GOA:ServiceJourney:3154_63199-R,True,actual,False,,,,,2026-09-07T20:27:16.249662+02:00
NSR:StopPlace:62339,Lillestrøm stasjon,2026-09-07T17:25:00+02:00,2026-09-07T17:26:06+02:00,2026-09-07T17:26:06+02:00,66.0,1,Dal,VYG:Line:R13,Drammen-Oslo S-Dal,R13,rail,VYG:ServiceJourney:1649_443318-R,True,actual,False,Heis i spor 1 og 2 er ute av bruk på grunn av vedlikehold.,Heis i spor 1 og 2 er ute av bruk på grunn av vedlikehold.,general,normal,2026-09-07T20:27:16.249662+02:00
NSR:StopPlace:59642,Rånåsfoss stasjon,2026-09-07T15:19:00+02:00,2026-09-07T15:20:06+02:00,2026-09-07T15:20:06+02:00,66.0,1,Asker,VYG:Line:R14,Asker-Oslo S-Kongsvinger,R14,rail,VYG:ServiceJourney:1022_442930-R,True,actual,False,,,,,2026-09-07T15:44:36.205822+02:00
NSR:StopPlace:58924,Bryne stasjon,2026-09-07T15:35:00+02:00,2026-09-07T15:36:06+02:00,2026-09-07T15:36:06+02:00,66.0,1,Hognestad,KOL:Line:8_2020,54,54,bus,KOL:ServiceJourney:2020_250903083238525_1001,True,actual,False,,,,,2026-09-07T15:44:36.205822+02:00
NSR:StopPlace:58858,Nittedal stasjon,2026-09-07T14:19:00+02:00,2026-09-07T14:20:06+02:00,2026-09-07T14:20:06+02:00,66.0,1,Oslo S,VYG:Line:R31,Skøyen-Jaren-Gjøvik,R31,rail,VYG:ServiceJourney:BUS-284_655631-R,True,actual,False,,,,,2026-09-07T15:44:36.205822+02:00
NSR:StopPlace:58874,Stokke stasjon,2026-09-07T14:56:00+02:00,2026-09-07T14:57:06+02:00,2026-09-07T14:57:06+02:00,66.0,1,Eidsvoll,VYG:Line:RE11,Eidsvoll-Oslo S-Skien,RE11,rail,VYG:ServiceJourney:822_444402-R,True,actual,False,,,,,2026-09-07T15:44:36.205822+02:00
NSR:StopPlace:58878,Drangedal stasjon,2026-09-07T14:18:00+02:00,2026-09-07T14:19:06+02:00,2026-09-07T14:19:06+02:00,66.0,1,Dale,TEL:Line:8603,Drangedal-Dale,603,bus,TEL:ServiceJourney:126062,True,actual,False,,,,,2026-09-07T15:44:36.205822+02:00
NSR:StopPlace:58802,Spydeberg stasjon,2026-09-07T14:31:00+02:00,2026-09-07T14:32:06+02:00,2026-09-07T14:32:06+02:00,66.0,1,Svikebøl,OST:Line:1_408,Askim-Spydeberg-Svikebøl,408,bus,OST:ServiceJourney:408_260325121471816_5,True,actual,False,,,,,2026-09-07T15:44:36.205822+02:00
NSR:StopPlace:62308,Alna stasjon,2026-09-07T14:48:00+02:00,2026-09-07T14:49:06+02:00,2026-09-07T14:49:06+02:00,66.0,1,Lillestrøm,VYG:Line:L1,Spikkestad-Oslo S-Lillestrøm,L1,rail,VYG:ServiceJourney:2240_445337-R,True,actual,False,,,,,2026-09-07T15:44:36.205822+02:00
NSR:StopPlace:33,Ranheim stasjon,2026-09-07T06:28:00+02:00,2026-09-07T06:29:06+02:00,2026-09-07T06:29:06+02:00,66.0,1,Steinkjer,SJN:Line:26,Trønderbanen,R70,rail,SJN:ServiceJourney:423_56052-R,True,actual,False,,,,,2026-09-07T08:42:24.659182+02:00
NSR:StopPlace:59646,Høvik stasjon,2026-09-07T06:37:00+02:00,2026-09-07T06:38:06+02:00,2026-09-07T06:38:06+02:00,66.0,1,Lillestrøm,VYG:Line:L1,Spikkestad-Oslo S-Lillestrøm,L1,rail,VYG:ServiceJourney:2108_443512-R,True,actual,False,,,,,2026-09-07T08:42:24.659182+02:00
NSR:StopPlace:59653,Haugenstua stasjon,2026-09-07T08:25:00+02:00,2026-09-07T08:26:06+02:00,2026-09-07T08:26:06+02:00,66.0,1,Spikkestad,VYG:Line:L1,Spikkestad-Oslo S-Lillestrøm,L1,rail,VYG:ServiceJourney:2215_443608-R,True,actual,False,,,,,2026-09-07T08:42:24.659182+02:00
NSR:StopPlace:59616,Asker stasjon,2026-09-07T06:34:00+02:00,2026-09-07T06:35:06+02:00,2026-09-07T06:35:06+02:00,66.0,1,Oslo Lufthavn,FLT:Line:FLY1,FLY1,FLY1,rail,FLT:ServiceJourney:1-2614-3715-20260907,True,actual,False,,,,,2026-09-07T08:42:24.659182+02:00
NSR:StopPlace:59638,Myrvoll stasjon,2026-09-07T07:24:00+02:00,2026-09-07T07:25:06+02:00,2026-09-07T07:25:06+02:00,66.0,1,Jernbanetorget,RUT:Line:84,Jernbanetorget-Oppegård st.,84E,bus,RUT:ServiceJourney:8bd4749ca00cb92009107bba533e02f8,True,actual,False,,,,,2026-09-07T08:42:24.659182+02:00
NSR:StopPlace:59639,Sonsveien stasjon,2026-09-07T08:25:00+02:00,2026-09-07T08:26:06+02:00,2026-09-07T08:26:06+02:00,66.0,1,Store Brevik - Son - Deør,RUT:Line:2545,Son med klokka,545A,bus,RUT:ServiceJourney:6a96b2d63ed191219d0055bf9765a278,True,actual,False,,,,,2026-09-07T08:42:24.659182+02:00
NSR:StopPlace:58963,Jessheim stasjon,2026-09-07T06:06:00+02:00,2026-09-07T06:07:06+02:00,2026-09-07T06:07:06+02:00,66.0,1,Oslo lufthavn,RUT:Line:450,Årnes - Oslo lufthavn,450,bus,RUT:ServiceJourney:8eabf15b929daaafba1835d935f56c42,True,actual,False,,,,,2026-09-07T08:42:24.659182+02:00
NSR:StopPlace:58925,Gausel stasjon,2026-09-07T05:58:00+02:00,2026-09-07T05:59:06+02:00,2026-09-07T05:59:06+02:00,66.0,1,Egersund,GOA:Line:59,Jærbanen,L5,rail,GOA:ServiceJourney:3008_63040-R,True,actual,False,,,,,2026-09-07T08:42:24.659182+02:00
NSR:StopPlace:58925,Gausel stasjon,2026-09-07T06:12:00+02:00,2026-09-07T06:13:06+02:00,2026-09-07T06:13:06+02:00,66.0,1,Stavanger,GOA:Line:59,Jærbanen,L5,rail,GOA:ServiceJourney:3003_63034-R,True,actual,False,,,,,2026-09-07T08:42:24.659182+02:00
NSR:StopPlace:58932,Hommelvik stasjon,2026-09-07T07:46:00+02:00,2026-09-07T07:47:06+02:00,2026-09-07T07:47:06+02:00,66.0,1,A Marienborg via Innherredsveien,ATB:Line:2_70,Stjørdal/Hommelvik- Trondheim,70,bus,ATB:ServiceJourney:70_251215112546911_22,True,actual,False,,,,,2026-09-07T08:42:24.659182+02:00
NSR:StopPlace:58840,Vestfossen stasjon,2026-09-07T07:09:00+02:00,2026-09-07T07:10:06+02:00,2026-09-07T07:10:06+02:00,66.0,1,Kongsberg,VYG:Line:R12,Kongsberg-Oslo S-Eidsvoll,R12,rail,VYG:ServiceJourney:503_444294-R,True,actual,False,,,,,2026-09-07T08:42:24.659182+02:00
NSR:StopPlace:58854,Langhus stasjon,2026-09-07T07:36:00+02:00,2026-09-07T07:37:06+02:00,2026-09-07T07:37:06+02:00,66.0,1,Drøbak - Frogn vgs.,RUT:Line:510,Bøleråsen - Ski - Ås - Drøbak,510,bus,RUT:ServiceJourney:308322648fb5748362dd661d0c482868,True,actual,False,,,,,2026-09-07T08:42:24.659182+02:00
NSR:StopPlace:58859,Nordby stasjon,2026-09-07T07:53:00+02:00,2026-09-07T07:54:06+02:00,2026-09-07T07:54:06+02:00,66.0,1,Dal,VYG:Line:R13,Drammen-Oslo S-Dal,R13,rail,VYG:ServiceJourney:1609_443226-R,True,actual,False,,,,,2026-09-07T08:42:24.659182+02:00
NSR:StopPlace:58850,Hauerseter stasjon,2026-09-07T07:00:00+02:00,2026-09-07T07:01:06+02:00,2026-09-07T07:01:06+02:00,66.0,1,Drammen,VYG:Line:R13,Drammen-Oslo S-Dal,R13,rail,VYG:ServiceJourney:1610_443230-R,True,actual,False,,,,,2026-09-07T08:42:24.659182+02:00
NSR:StopPlace:58850,Hauerseter stasjon,2026-09-07T08:30:00+02:00,2026-09-07T08:31:06+02:00,2026-09-07T08:31:06+02:00,66.0,1,Dal,VYG:Line:R13,Drammen-Oslo S-Dal,R13,rail,VYG:ServiceJourney:1611-SUD_443233-R,True,actual,False,,,,,2026-09-07T08:42:24.659182+02:00
NSR:StopPlace:58864,Sørumsand stasjon,2026-09-07T07:03:00+02:00,2026-09-07T07:04:06+02:00,2026-09-07T07:04:06+02:00,66.0,1,Orredalen,RUT:Line:366,Orredalen - Sørumsand,366,bus,RUT:ServiceJourney:421c963653d030ef4c2760da3a740cda,True,actual,False,,,,,2026-09-07T08:42:24.659182+02:00
NSR:StopPlace:58866,Vevelstad stasjon,2026-09-07T07:43:00+02:00,2026-09-07T07:44:06+02:00,2026-09-07T07:44:06+02:00,66.0,1,Drøbak - Seiersten,RUT:Line:510,Bøleråsen - Ski - Ås - Drøbak,510,bus,RUT:ServiceJourney:c124abc5529c7200252e7dce7bcc27c3,True,actual,False,,,,,2026-09-07T08:42:24.659182+02:00
NSR:StopPlace:58862,Strømmen stasjon,2026-09-07T07:21:00+02:00,2026-09-07T07:22:06+02:00,2026-09-07T07:22:06+02:00,66.0,1,Olavsgaard,RUT:Line:385,Nittedal stasjon - Olavsgaard - Ahus,385,bus,RUT:ServiceJourney:63509d0a5a5702ce1da98591cc5bc47d,True,actual,False,,,,,2026-09-07T08:42:24.659182+02:00
NSR:StopPlace:58862,Strømmen stasjon,2026-09-07T07:43:00+02:00,2026-09-07T07:44:06+02:00,2026-09-07T07:44:06+02:00,66.0,1,Helsfyr,RUT:Line:375,Strømmen - Olavsgaard - Helsfyr,375,bus,RUT:ServiceJourney:44ddc3322121351e3cb7f6b89ccf42c1,True,actual,False,,,,,2026-09-07T08:42:24.659182+02:00
NSR:StopPlace:58874,Stokke stasjon,2026-09-07T08:22:00+02:00,2026-09-07T08:23:06+02:00,2026-09-07T08:23:06+02:00,66.0,1,Tønsberg,VKT:Line:520,Tønsberg-Stokke,520,bus,VKT:ServiceJourney:17303,True,actual,False,,,,,2026-09-07T08:42:24.659182+02:00
NSR:StopPlace:58886,Arendal stasjon,2026-09-07T06:57:00+02:00,2026-09-07T06:58:06+02:00,2026-09-07T06:58:06+02:00,66.0,1,Solåsen,AKT:Line:111,Sykehuset-Arendal-Solåsen,111,bus,AKT:ServiceJourney:73582_21_28_49800_51420_40001009,True,actual,False,,,,,2026-09-07T08:42:24.659182+02:00
NSR:StopPlace:58808,Kongsvinger stasjon,2026-09-07T07:00:00+02:00,2026-09-07T07:01:06+02:00,2026-09-07T07:01:06+02:00,66.0,1,Kirkenær,INN:Line:105,Kongsvinger - Elverum - Hamar,105,bus,INN:ServiceJourney:83631,True,actual,False,,,,,2026-09-07T08:42:24.659182+02:00
NSR:StopPlace:58211,Oslo lufthavn,2026-09-07T05:25:00+02:00,2026-09-07T05:26:06+02:00,2026-09-07T05:26:06+02:00,66.0,1,Kløfta,RUT:Line:425,Kløfta – Oslo lufthavn,425,bus,RUT:ServiceJourney:d4e5975ac9a74a9160ac93831c44a16c,True,actual,False,,,,,2026-09-07T08:42:24.659182+02:00
NSR:StopPlace:362,Jåttåvågen stasjon,2026-09-07T07:17:00+02:00,2026-09-07T07:18:06+02:00,2026-09-07T07:18:06+02:00,66.0,1,Skeiane,GOA:Line:59,Jærbanen,L5,rail,GOA:ServiceJourney:3110_63155-R,True,actual,False,,,,,2026-09-07T08:42:24.659182+02:00
NSR:StopPlace:206,Mariero stasjon,2026-09-07T05:52:00+02:00,2026-09-07T05:53:06+02:00,2026-09-07T05:53:06+02:00,66.0,1,Egersund,GOA:Line:59,Jærbanen,L5,rail,GOA:ServiceJourney:3008_63040-R,True,actual,False,,,,,2026-09-07T08:42:24.659182+02:00
NSR:StopPlace:206,Mariero stasjon,2026-09-07T06:08:00+02:00,2026-09-07T06:09:06+02:00,2026-09-07T06:09:06+02:00,66.0,1,Skeiane,GOA:Line:59,Jærbanen,L5,rail,GOA:ServiceJourney:3106_63151-R,True,actual,False,,,,,2026-09-07T08:42:24.659182+02:00
NSR:StopPlace:610,Sandvika stasjon,2026-09-07T06:24:00+02:00,2026-09-07T06:25:06+02:00,2026-09-07T06:25:06+02:00,66.0,1,Kongsberg,VYG:Line:R12,Kongsberg-Oslo S-Eidsvoll,R12,rail,VYG:ServiceJourney:503_444294-R,True,actual,False,,,,,2026-09-07T08:42:24.659182+02:00
NSR:StopPlace:59983,Bergen stasjon,2026-09-08T00:37:00+02:00,2026-09-08T00:38:05+02:00,2026-09-08T00:38:05+02:00,65.0,1,Voss,VYG:Line:R40,Bergen-Voss-Myrdal-Ål,R40,rail,VYG:ServiceJourney:1838_456880-R,True,actual,False,,,,,2026-09-08T03:39:50.209703+02:00
NSR:StopPlace:8,Paradis stasjon,2026-09-07T21:56:00+02:00,2026-09-07T21:57:05+02:00,2026-09-07T21:57:05+02:00,65.0,1,Egersund,GOA:Line:59,Jærbanen,L5,rail,GOA:ServiceJourney:3072_63133-R,True,actual,False,,,,,2026-09-08T00:20:52.129880+02:00
NSR:StopPlace:61169,Marienborg stasjon,2026-09-07T22:28:00+02:00,2026-09-07T22:29:05+02:00,2026-09-07T22:29:05+02:00,65.0,1,Pirbadet via St. Olavs hospital,ATB:Line:2_23,Brattøra - St. Olavs - Hallset - Flatåsen - Sandmoen,23,bus,ATB:ServiceJourney:23_251215112545599_129,True,actual,False,,,,,2026-09-08T00:20:52.129880+02:00
NSR:StopPlace:59650,Nyland stasjon,2026-09-07T22:29:00+02:00,2026-09-07T22:30:05+02:00,2026-09-07T22:30:05+02:00,65.0,1,Spikkestad,VYG:Line:L1,Spikkestad-Oslo S-Lillestrøm,L1,rail,VYG:ServiceJourney:2271_443704-R,True,actual,False,,,,,2026-09-08T00:20:52.129880+02:00
NSR:StopPlace:58796,Moss stasjon,2026-09-07T23:30:00+02:00,2026-09-07T23:31:05+02:00,2026-09-07T23:31:05+02:00,65.0,1,Moss sentrum,OST:Line:1_20,Refsnes,20,bus,OST:ServiceJourney:20_260622091590377_94,True,actual,False,,,,,2026-09-08T00:20:52.129880+02:00
NSR:StopPlace:58845,Eidsvoll verk stasjon,2026-09-07T23:05:00+02:00,2026-09-07T23:06:05+02:00,2026-09-07T23:06:05+02:00,65.0,1,Skien,VYG:Line:RE11,Eidsvoll-Oslo S-Skien,RE11,rail,VYG:ServiceJourney:839_541229-R,True,actual,False,,,,,2026-09-08T00:20:52.129880+02:00
NSR:StopPlace:58828,Roa stasjon,2026-09-07T23:12:00+02:00,2026-09-07T23:13:05+02:00,2026-09-07T23:13:05+02:00,65.0,1,Gjøvik,VYG:Line:R31,Skøyen-Jaren-Gjøvik,R31,rail,VYG:ServiceJourney:235-ROA_589364-R,True,actual,False,,,,,2026-09-08T00:20:52.129880+02:00
NSR:StopPlace:261,Ganddal stasjon,2026-09-07T23:40:00+02:00,2026-09-07T23:41:05+02:00,2026-09-07T23:41:05+02:00,65.0,1,Stavanger,GOA:Line:59,Jærbanen,L5,rail,GOA:ServiceJourney:3075_63138-R,True,actual,False,,,,,2026-09-08T00:20:52.129880+02:00
NSR:StopPlace:610,Sandvika stasjon,2026-09-07T21:45:00+02:00,2026-09-07T21:46:05+02:00,2026-09-07T21:46:05+02:00,65.0,1,Kongsvinger,VYG:Line:R14,Asker-Oslo S-Kongsvinger,R14,rail,VYG:ServiceJourney:1035_442947-R,True,actual,False,,,,,2026-09-08T00:20:52.129880+02:00
NSR:StopPlace:62392,Slependen stasjon,2026-09-07T21:29:00+02:00,2026-09-07T21:30:05+02:00,2026-09-07T21:30:05+02:00,65.0,1,Lillestrøm,VYG:Line:L1,Spikkestad-Oslo S-Lillestrøm,L1,rail,VYG:ServiceJourney:2168_443578-R,True,actual,False,,,,,2026-09-08T00:20:52.129880+02:00
NSR:StopPlace:59648,Kjelsås stasjon,2026-09-07T18:04:00+02:00,2026-09-07T18:05:05+02:00,2026-09-07T18:05:05+02:00,65.0,1,Majorstuen,RUT:Line:25,Majorstuen-Haugerud,25,bus,RUT:ServiceJourney:be4ce0e9dff691b4a86ce49c67710a89,True,actual,False,,,,,2026-09-07T20:27:16.249662+02:00
NSR:StopPlace:59652,Tøyen stasjon,2026-09-07T19:30:00+02:00,2026-09-07T19:31:05+02:00,2026-09-07T19:31:05+02:00,65.0,1,Vippetangen,RUT:Line:60,Vippetangen-Tonsenhagen,60,bus,RUT:ServiceJourney:3ae19654ed92e68713d833eab0f25896,True,actual,False,,,,,2026-09-07T20:27:16.249662+02:00
NSR:StopPlace:59620,Grorud stasjon,2026-09-07T17:27:00+02:00,2026-09-07T17:28:05+02:00,2026-09-07T17:28:05+02:00,65.0,1,Spikkestad,VYG:Line:L1,Spikkestad-Oslo S-Lillestrøm,L1,rail,VYG:ServiceJourney:2251_443671-R,True,actual,False,,,,,2026-09-07T20:27:16.249662+02:00
NSR:StopPlace:58963,Jessheim stasjon,2026-09-07T18:28:00+02:00,2026-09-07T18:29:05+02:00,2026-09-07T18:29:05+02:00,65.0,1,Nordkisa,RUT:Line:440,Fenstad/Nordkisa - Oslo lufthavn,440,bus,RUT:ServiceJourney:fc226081a1ad949441b4a20f48ac712d,True,actual,False,,,,,2026-09-07T20:27:16.249662+02:00
NSR:StopPlace:58925,Gausel stasjon,2026-09-07T17:47:00+02:00,2026-09-07T17:48:05+02:00,2026-09-07T17:48:05+02:00,65.0,1,Stavanger,KOL:Line:8_1001,1,1,bus,KOL:ServiceJourney:1001_251008118379310_2097,True,actual,False,,,,,2026-09-07T20:27:16.249662+02:00
NSR:StopPlace:58948,Stjørdal stasjon,2026-09-07T19:04:00+02:00,2026-09-07T19:05:05+02:00,2026-09-07T19:05:05+02:00,65.0,1,Husbyåsen via Terrassehusene,ATB:Line:2_92,92 StjørdalSt-HusbySnu.,92,bus,ATB:ServiceJourney:92_260219106441790_68,True,actual,False,,,,,2026-09-07T20:27:16.249662+02:00
NSR:StopPlace:58948,Stjørdal stasjon,2026-09-07T19:32:00+02:00,2026-09-07T19:33:05+02:00,2026-09-07T19:33:05+02:00,65.0,1,Husbyåsen via Terrassehusene,ATB:Line:2_92,92 StjørdalSt-HusbySnu.,92,bus,ATB:ServiceJourney:92_260219106441052_70,True,actual,False,,,,,2026-09-07T20:27:16.249662+02:00
NSR:StopPlace:58807,Hanestad stasjon,2026-09-07T18:13:00+02:00,2026-09-07T18:14:05+02:00,2026-09-07T18:14:05+02:00,65.0,1,Trondheim S,SJN:Line:25,Rørosbanen,R60,rail,SJN:ServiceJourney:2389_47883-R,True,actual,False,,,,,2026-09-07T20:27:16.249662+02:00
NSR:StopPlace:58211,Oslo lufthavn,2026-09-07T16:51:00+02:00,2026-09-07T16:52:05+02:00,2026-09-07T16:52:05+02:00,65.0,1,Oslo bussterminal,RUT:Line:400,Oslo lufthavn - Veståsen - Olavsgaard - Oslo,400,bus,RUT:ServiceJourney:d035434e7791ae3238fff47374bd663a,True,actual,False,,,,,2026-09-07T20:27:16.249662+02:00
NSR:StopPlace:101,Sagdalen stasjon,2026-09-07T19:58:00+02:00,2026-09-07T19:59:05+02:00,2026-09-07T19:59:05+02:00,65.0,1,Asker,VYG:Line:L1,Spikkestad-Oslo S-Lillestrøm,L1,rail,VYG:ServiceJourney:2161_443571-R,True,actual,False,,,,,2026-09-07T20:27:16.249662+02:00
NSR:StopPlace:144,Skansen stasjon,2026-09-07T18:47:00+02:00,2026-09-07T18:48:05+02:00,2026-09-07T18:48:05+02:00,65.0,1,Lundamo,SJN:Line:26,Trønderbanen,R70,rail,SJN:ServiceJourney:444_56073-R,True,actual,False,,,,,2026-09-07T20:27:16.249662+02:00
NSR:StopPlace:206,Mariero stasjon,2026-09-07T19:39:00+02:00,2026-09-07T19:40:05+02:00,2026-09-07T19:40:05+02:00,65.0,1,Stavanger,GOA:Line:59,Jærbanen,L5,rail,GOA:ServiceJourney:3159_63204-R,True,actual,False,,,,,2026-09-07T20:27:16.249662+02:00
NSR:StopPlace:702,Sandnes sentrum stasjon,2026-09-07T17:55:00+02:00,2026-09-07T17:56:05+02:00,2026-09-07T17:56:05+02:00,65.0,1,Skeiane,GOA:Line:59,Jærbanen,L5,rail,GOA:ServiceJourney:3152_63197-R,True,actual,False,,,,,2026-09-07T20:27:16.249662+02:00
NSR:StopPlace:62309,Ljan stasjon,2026-09-07T19:39:00+02:00,2026-09-07T19:40:05+02:00,2026-09-07T19:40:05+02:00,65.0,1,Ski,VYG:Line:L2,Stabekk-Oslo S-Ski,L2,rail,VYG:ServiceJourney:2857_444097-R,True,actual,False,,,,,2026-09-07T20:27:16.249662+02:00
NSR:StopPlace:62308,Alna stasjon,2026-09-07T19:02:00+02:00,2026-09-07T19:03:05+02:00,2026-09-07T19:03:05+02:00,65.0,1,Spikkestad,VYG:Line:L1,Spikkestad-Oslo S-Lillestrøm,L1,rail,VYG:ServiceJourney:2257_443680-R,True,actual,False,,,,,2026-09-07T20:27:16.249662+02:00
NSR:StopPlace:61463,Nordstrand stasjon,2026-09-07T14:22:00+02:00,2026-09-07T14:23:05+02:00,2026-09-07T14:23:05+02:00,65.0,1,Skøyen,VYG:Line:L2,Stabekk-Oslo S-Ski,L2,rail,VYG:ServiceJourney:2840-SKI_488383-R,True,actual,False,,,,,2026-09-07T15:44:36.205822+02:00
NSR:StopPlace:59637,Rosenholm stasjon,2026-09-07T15:28:00+02:00,2026-09-07T15:29:05+02:00,2026-09-07T15:29:05+02:00,65.0,1,Stabekk,VYG:Line:L2,Stabekk-Oslo S-Ski,L2,rail,VYG:ServiceJourney:2746-SKI_443956-R,True,actual,False,,,,,2026-09-07T15:44:36.205822+02:00
NSR:StopPlace:58845,Eidsvoll verk stasjon,2026-09-07T13:05:00+02:00,2026-09-07T13:06:05+02:00,2026-09-07T13:06:05+02:00,65.0,1,Skien,VYG:Line:RE11,Eidsvoll-Oslo S-Skien,RE11,rail,VYG:ServiceJourney:819_444399-R,True,actual,False,,,,,2026-09-07T15:44:36.205822+02:00
NSR:StopPlace:58845,Eidsvoll verk stasjon,2026-09-07T15:05:00+02:00,2026-09-07T15:06:05+02:00,2026-09-07T15:06:05+02:00,65.0,1,Skien,VYG:Line:RE11,Eidsvoll-Oslo S-Skien,RE11,rail,VYG:ServiceJourney:823_444403-R,True,actual,False,,,,,2026-09-07T15:44:36.205822+02:00
NSR:StopPlace:58847,Frogner stasjon,2026-09-07T14:43:00+02:00,2026-09-07T14:44:05+02:00,2026-09-07T14:44:05+02:00,65.0,1,Skedsmokorset,RUT:Line:365,Sørumsand - Frogner - Skedsmokorset,365,bus,RUT:ServiceJourney:f6a000ad5a1e9d9f5672d52487786583,True,actual,False,,,,,2026-09-07T15:44:36.205822+02:00
NSR:StopPlace:58859,Nordby stasjon,2026-09-07T13:03:00+02:00,2026-09-07T13:04:05+02:00,2026-09-07T13:04:05+02:00,65.0,1,Drammen,VYG:Line:R13,Drammen-Oslo S-Dal,R13,rail,VYG:ServiceJourney:1634_443285-R,True,actual,False,,,,,2026-09-07T15:44:36.205822+02:00
NSR:StopPlace:58851,Heggedal stasjon,2026-09-07T14:59:00+02:00,2026-09-07T15:00:05+02:00,2026-09-07T15:00:05+02:00,65.0,1,Asker,RUT:Line:280,Asker - Dikemark - Heggedal,280,bus,RUT:ServiceJourney:a1d8cb6553ff5cab233fa74d55d4f2c9,True,actual,False,,,,,2026-09-07T15:44:36.205822+02:00
NSR:StopPlace:58871,Sande stasjon,2026-09-07T15:30:00+02:00,2026-09-07T15:31:05+02:00,2026-09-07T15:31:05+02:00,65.0,1,Hof-Sundbyfoss,VKT:Line:320,Hof-Sande vgs,320,bus,VKT:ServiceJourney:14755,True,actual,False,,,,,2026-09-07T15:44:36.205822+02:00
NSR:StopPlace:416,Vikhammer stasjon,2026-09-07T13:34:00+02:00,2026-09-07T13:35:05+02:00,2026-09-07T13:35:05+02:00,65.0,1,Steinkjer,SJN:Line:26,Trønderbanen,R70,rail,SJN:ServiceJourney:437_56066-R,True,actual,False,,,,,2026-09-07T15:44:36.205822+02:00
NSR:StopPlace:62341,Tangen stasjon,2026-09-07T14:25:00+02:00,2026-09-07T14:26:05+02:00,2026-09-07T14:26:05+02:00,65.0,1,Lillehammer,VYG:Line:RE10,Drammen-Oslo S-Lillehammer,RE10,rail,VYG:ServiceJourney:319-SUD_444192-R,True,actual,False,,,,,2026-09-07T15:44:36.205822+02:00
NSR:StopPlace:61251,Øksnavadporten stasjon,2026-09-07T06:45:00+02:00,2026-09-07T06:46:05+02:00,2026-09-07T06:46:05+02:00,65.0,1,Nærbø,GOA:Line:59,Jærbanen,L5,rail,GOA:ServiceJourney:3010_63042-R,True,actual,False,,,,,2026-09-07T08:42:24.659182+02:00
NSR:StopPlace:61326,Gulskogen stasjon,2026-09-07T07:30:00+02:00,2026-09-07T07:31:05+02:00,2026-09-07T07:31:05+02:00,65.0,1,Dal,VYG:Line:R13,Drammen-Oslo S-Dal,R13,rail,VYG:ServiceJourney:1613_443239-R,True,actual,False,,,,,2026-09-07T08:42:24.659182+02:00
NSR:StopPlace:59649,Nydalen stasjon,2026-09-07T07:04:00+02:00,2026-09-07T07:05:05+02:00,2026-09-07T07:05:05+02:00,65.0,1,Oslo lufthavn,NBU:Line:cb7b555c-f96e-42d5-84bf-a5e08c0145c2,Radiumhospitalet via Økern-Storo-Tåsen,FB3,bus,NBU:ServiceJourney:974fb96a-623a-474f-8278-200f9e6721ac,True,actual,False,,,,,2026-09-07T08:42:24.659182+02:00
NSR:StopPlace:59641,Fjellhamar stasjon,2026-09-07T06:17:00+02:00,2026-09-07T06:18:05+02:00,2026-09-07T06:18:05+02:00,65.0,1,Spikkestad,VYG:Line:L1,Spikkestad-Oslo S-Lillestrøm,L1,rail,VYG:ServiceJourney:2207_443595-R,True,actual,False,Færre vogner,Denne avgangen kjører dessverre med 4 vogner i stedet for 8 vogner. Dette skyldes at vi mangler et togsett.,general,normal,2026-09-07T08:42:24.659182+02:00
NSR:StopPlace:59952,Drammen stasjon,2026-09-07T05:47:00+02:00,2026-09-07T05:48:05+02:00,2026-09-07T05:48:05+02:00,65.0,1,Eidsvoll,VYG:Line:RE11,Eidsvoll-Oslo S-Skien,RE11,rail,VYG:ServiceJourney:802_444382-R,True,actual,False,,,,,2026-09-07T08:42:24.659182+02:00
NSR:StopPlace:58924,Bryne stasjon,2026-09-07T08:40:00+02:00,2026-09-07T08:41:05+02:00,2026-09-07T08:41:05+02:00,65.0,1,Lyefjell,KOL:Line:8_2017,50,50,bus,KOL:ServiceJourney:2017_260407061523506_2005,True,actual,False,,,,,2026-09-07T08:42:24.659182+02:00
NSR:StopPlace:58931,Fannrem stasjon,2026-09-07T08:25:00+02:00,2026-09-07T08:26:05+02:00,2026-09-07T08:26:05+02:00,65.0,1,Meldal rutebilst. via Løkken st.,ATB:Line:2_460,Orkanger - Meldal - Berkåk,460,bus,ATB:ServiceJourney:460_260106098640553_6,True,actual,False,,,,,2026-09-07T08:42:24.659182+02:00
NSR:StopPlace:58794,Fredrikstad stasjon,2026-09-07T05:10:00+02:00,2026-09-07T05:11:05+02:00,2026-09-07T05:11:05+02:00,65.0,1,Kalnes,OST:Line:1_4,Fredrikstad - Kalnes,4,bus,OST:ServiceJourney:4_260325121471282_1,True,actual,False,,,,,2026-09-07T08:42:24.659182+02:00
NSR:StopPlace:58794,Fredrikstad stasjon,2026-09-07T05:40:00+02:00,2026-09-07T05:41:05+02:00,2026-09-07T05:41:05+02:00,65.0,1,Oslo S,VYG:Line:RE20,Oslo S-Halden-Göteborg (X-Border),RE20,rail,VYG:ServiceJourney:104_442952-R,True,actual,False,,,,,2026-09-07T08:42:24.659182+02:00
NSR:StopPlace:58794,Fredrikstad stasjon,2026-09-07T07:10:00+02:00,2026-09-07T07:11:05+02:00,2026-09-07T07:11:05+02:00,65.0,1,Kalnes,OST:Line:1_4,Fredrikstad - Kalnes,4,bus,OST:ServiceJourney:4_260325121471364_7,True,actual,False,,,,,2026-09-07T08:42:24.659182+02:00
NSR:StopPlace:58795,Kambo stasjon,2026-09-07T06:26:00+02:00,2026-09-07T06:27:05+02:00,2026-09-07T06:27:05+02:00,65.0,1,Moss,RUT:Line:540,Moss - Son - Vestby stasjon,540,bus,RUT:ServiceJourney:25e38ee8a716ddc7f43b28dd99cb884f,True,actual,False,,,,,2026-09-07T08:42:24.659182+02:00
NSR:StopPlace:58836,Mjøndalen stasjon,2026-09-07T07:06:00+02:00,2026-09-07T07:07:05+02:00,2026-09-07T07:07:05+02:00,65.0,1,Drammen sykehus,BRA:Line:4_6001,Drammen sykehus Brakerøya - Sørensvingen / Mjøndalen,1,bus,BRA:ServiceJourney:6001_260415100161793_1026,True,actual,False,,,,,2026-09-07T08:42:24.659182+02:00
NSR:StopPlace:58844,Eidsvoll stasjon,2026-09-07T05:42:00+02:00,2026-09-07T05:43:05+02:00,2026-09-07T05:43:05+02:00,65.0,1,Drammen,VYG:Line:RE10,Drammen-Oslo S-Lillehammer,RE10,rail,VYG:ServiceJourney:302-HHS_486370-R,True,actual,False,,,,,2026-09-07T08:42:24.659182+02:00
NSR:StopPlace:58844,Eidsvoll stasjon,2026-09-07T07:00:00+02:00,2026-09-07T07:01:05+02:00,2026-09-07T07:01:05+02:00,65.0,1,Gullverket,RUT:Line:442,Gullverket - Eidsvoll,442,bus,RUT:ServiceJourney:c0c166b7fdaa62c24ac9b65a67de3508,True,actual,False,,,,,2026-09-07T08:42:24.659182+02:00
NSR:StopPlace:58844,Eidsvoll stasjon,2026-09-07T07:05:00+02:00,2026-09-07T07:06:05+02:00,2026-09-07T07:06:05+02:00,65.0,1,Årnes,RUT:Line:441,Eidsvoll - Årnes,441,bus,RUT:ServiceJourney:209209639e6d4b34ffcf2972af9eeee7,True,actual,False,,,,,2026-09-07T08:42:24.659182+02:00
NSR:StopPlace:58847,Frogner stasjon,2026-09-07T06:51:00+02:00,2026-09-07T06:52:05+02:00,2026-09-07T06:52:05+02:00,65.0,1,Drammen,VYG:Line:R13,Drammen-Oslo S-Dal,R13,rail,VYG:ServiceJourney:1608_443225-R,True,actual,False,,,,,2026-09-07T08:42:24.659182+02:00
NSR:StopPlace:58857,Lørenskog stasjon,2026-09-07T06:37:00+02:00,2026-09-07T06:38:05+02:00,2026-09-07T06:38:05+02:00,65.0,1,Nesåsen,RUT:Line:120,Nesåsen - Stovner,120,bus,RUT:ServiceJourney:49aaf77b5e2f38de5d797799f5cce2e7,True,actual,False,,,,,2026-09-07T08:42:24.659182+02:00
NSR:StopPlace:58859,Nordby stasjon,2026-09-07T05:33:00+02:00,2026-09-07T05:34:05+02:00,2026-09-07T05:34:05+02:00,65.0,1,Drammen,VYG:Line:R13,Drammen-Oslo S-Dal,R13,rail,VYG:ServiceJourney:1604_443221-R,True,actual,False,,,,,2026-09-07T08:42:24.659182+02:00
NSR:StopPlace:58865,Vestby stasjon,2026-09-07T07:50:00+02:00,2026-09-07T07:51:05+02:00,2026-09-07T07:51:05+02:00,65.0,1,Moss,RUT:Line:540,Moss - Son - Vestby stasjon,540,bus,RUT:ServiceJourney:730c5209da9faa11886f841e2008befe,True,actual,False,,,,,2026-09-07T08:42:24.659182+02:00
NSR:StopPlace:58866,Vevelstad stasjon,2026-09-07T06:21:00+02:00,2026-09-07T06:22:05+02:00,2026-09-07T06:22:05+02:00,65.0,1,Drøbak - Seiersten,RUT:Line:510,Bøleråsen - Ski - Ås - Drøbak,510,bus,RUT:ServiceJourney:b3e75fde4b640e416ec1957627a2af07,True,actual,False,,,,,2026-09-07T08:42:24.659182+02:00
NSR:StopPlace:58866,Vevelstad stasjon,2026-09-07T07:14:00+02:00,2026-09-07T07:15:05+02:00,2026-09-07T07:15:05+02:00,65.0,1,Stabekk,VYG:Line:L2,Stabekk-Oslo S-Ski,L2,rail,VYG:ServiceJourney:2714-SKI_443920-R,True,actual,False,,,,,2026-09-07T08:42:24.659182+02:00
NSR:StopPlace:58869,Ås stasjon,2026-09-07T06:50:00+02:00,2026-09-07T06:51:05+02:00,2026-09-07T06:51:05+02:00,65.0,1,Dyster/Eldor,RUT:Line:536,Dyster/Eldor - Ås stasjon,536,bus,RUT:ServiceJourney:e1854aad2d00c426de615fab49a7c9c9,True,actual,False,,,,,2026-09-07T08:42:24.659182+02:00
NSR:StopPlace:58877,Bø stasjon,2026-09-07T08:32:00+02:00,2026-09-07T08:33:05+02:00,2026-09-07T08:33:05+02:00,65.0,1,Gvarv st. (Skien),TEL:Line:8320,Bø stasjon-Gvarv (Skien),320,bus,TEL:ServiceJourney:125710,True,actual,False,,,,,2026-09-07T08:42:24.659182+02:00
NSR:StopPlace:58813,Skarnes stasjon,2026-09-07T05:50:00+02:00,2026-09-07T05:51:05+02:00,2026-09-07T05:51:05+02:00,65.0,1,Asker,VYG:Line:R14,Asker-Oslo S-Kongsvinger,R14,rail,VYG:ServiceJourney:1004_442909-R,True,actual,False,,,,,2026-09-07T08:42:24.659182+02:00
NSR:StopPlace:58817,Eina stasjon,2026-09-07T06:56:00+02:00,2026-09-07T06:57:05+02:00,2026-09-07T06:57:05+02:00,65.0,1,Roa,VYG:Line:RE30,Oslo S-Gjøvik,RE30,rail,VYG:ServiceJourney:1206-GJOe_589116-R,True,actual,False,,,,,2026-09-07T08:42:24.659182+02:00
NSR:StopPlace:261,Ganddal stasjon,2026-09-07T06:41:00+02:00,2026-09-07T06:42:05+02:00,2026-09-07T06:42:05+02:00,65.0,1,Nærbø,GOA:Line:59,Jærbanen,L5,rail,GOA:ServiceJourney:3010_63042-R,True,actual,False,,,,,2026-09-07T08:42:24.659182+02:00
NSR:StopPlace:62341,Tangen stasjon,2026-09-07T06:54:00+02:00,2026-09-07T06:55:05+02:00,2026-09-07T06:55:05+02:00,65.0,1,Oslo S,VYG:Line:RE10,Drammen-Oslo S-Lillehammer,RE10,rail,VYG:ServiceJourney:352-HMR_621900-R,True,actual,False,,,,,2026-09-07T08:42:24.659182+02:00
NSR:StopPlace:6,Greverud stasjon,2026-09-07T23:18:00+02:00,2026-09-07T23:19:04+02:00,2026-09-07T23:19:04+02:00,64.0,1,Stabekk,VYG:Line:L2,Stabekk-Oslo S-Ski,L2,rail,VYG:ServiceJourney:2778-SKI_444001-R,True,actual,False,,,,,2026-09-08T00:20:52.129880+02:00
NSR:StopPlace:61334,Ogna stasjon,2026-09-07T23:33:00+02:00,2026-09-07T23:34:04+02:00,2026-09-07T23:34:04+02:00,64.0,1,Stavanger,GOA:Line:59,Jærbanen,L5,rail,GOA:ServiceJourney:3077_63141-R,True,actual,False,,,,,2026-09-08T00:20:52.129880+02:00
NSR:StopPlace:59654,Stabekk stasjon,2026-09-07T21:36:00+02:00,2026-09-07T21:37:04+02:00,2026-09-07T21:37:04+02:00,64.0,1,Moss,VYG:Line:R21,Stabekk-Oslo S-Moss,R21,rail,VYG:ServiceJourney:1167-HVK_443060-R,True,actual,False,,,,,2026-09-08T00:20:52.129880+02:00
NSR:StopPlace:58948,Stjørdal stasjon,2026-09-07T22:00:00+02:00,2026-09-07T22:01:04+02:00,2026-09-07T22:01:04+02:00,64.0,1,Steinkjer,SJN:Line:26,Trønderbanen,R70,rail,SJN:ServiceJourney:453_56082-R,True,actual,False,,,,,2026-09-08T00:20:52.129880+02:00
NSR:StopPlace:58849,Hakadal stasjon,2026-09-07T21:53:00+02:00,2026-09-07T21:54:04+02:00,2026-09-07T21:54:04+02:00,64.0,1,Oslo bussterminal,RUT:Line:390,Kongskog/Hellerudhaugen - Oslo bussterminal,390,bus,RUT:ServiceJourney:631552be53197c11f415cb55129e5f8c,True,actual,False,,,,,2026-09-08T00:20:52.129880+02:00
NSR:StopPlace:58852,Høn stasjon,2026-09-07T22:06:00+02:00,2026-09-07T22:07:04+02:00,2026-09-07T22:07:04+02:00,64.0,1,Lillestrøm,VYG:Line:L1,Spikkestad-Oslo S-Lillestrøm,L1,rail,VYG:ServiceJourney:2272_465117-R,True,actual,False,,,,,2026-09-08T00:20:52.129880+02:00
NSR:StopPlace:58857,Lørenskog stasjon,2026-09-07T23:37:00+02:00,2026-09-07T23:38:04+02:00,2026-09-07T23:38:04+02:00,64.0,1,Nesåsen,RUT:Line:120,Nesåsen - Stovner,120,bus,RUT:ServiceJourney:9a7635c47f1ed4f286ac0e9f6ca26269,True,actual,False,,,,,2026-09-08T00:20:52.129880+02:00
NSR:StopPlace:58870,Holmestrand stasjon,2026-09-07T23:28:00+02:00,2026-09-07T23:29:04+02:00,2026-09-07T23:29:04+02:00,64.0,1,Eidsvoll,VYG:Line:RE11,Eidsvoll-Oslo S-Skien,RE11,rail,VYG:ServiceJourney:838-341_515579-R,True,actual,False,,,,,2026-09-08T00:20:52.129880+02:00
NSR:StopPlace:610,Sandvika stasjon,2026-09-07T21:32:00+02:00,2026-09-07T21:33:04+02:00,2026-09-07T21:33:04+02:00,64.0,1,Lillestrøm,VYG:Line:L1,Spikkestad-Oslo S-Lillestrøm,L1,rail,VYG:ServiceJourney:2168_443578-R,True,actual,False,,,,,2026-09-08T00:20:52.129880+02:00
NSR:StopPlace:71,Hallingskeid stasjon,2026-09-07T16:47:00+02:00,2026-09-07T16:48:04+02:00,2026-09-07T16:48:04+02:00,64.0,1,Bergen,VYG:Line:F4,Oslo S-Bergen,F4,rail,VYG:ServiceJourney:601-LOD_456939-R,True,actual,False,,,,,2026-09-07T20:27:16.249662+02:00
NSR:StopPlace:59646,Høvik stasjon,2026-09-07T18:37:00+02:00,2026-09-07T18:38:04+02:00,2026-09-07T18:38:04+02:00,64.0,1,Lillestrøm,VYG:Line:L1,Spikkestad-Oslo S-Lillestrøm,L1,rail,VYG:ServiceJourney:2156_443565-R,True,actual,False,,,,,2026-09-07T20:27:16.249662+02:00
NSR:StopPlace:60047,Melhus skysstasjon,2026-09-07T18:43:00+02:00,2026-09-07T18:44:04+02:00,2026-09-07T18:44:04+02:00,64.0,1,Støren Rådhus,ATB:Line:2_340,Trondheim - Støren,340,bus,ATB:ServiceJourney:340_260106098639851_50,True,actual,False,,,,,2026-09-07T20:27:16.249662+02:00
NSR:StopPlace:58795,Kambo stasjon,2026-09-07T18:06:00+02:00,2026-09-07T18:07:04+02:00,2026-09-07T18:07:04+02:00,64.0,1,Skredderåsen-Moss sentrum,OST:Line:1_22,Skredderåsen-Kambo,22,bus,OST:ServiceJourney:22_260821062927631_82,True,actual,False,,,,,2026-09-07T20:27:16.249662+02:00
NSR:StopPlace:58795,Kambo stasjon,2026-09-07T19:55:00+02:00,2026-09-07T19:56:04+02:00,2026-09-07T19:56:04+02:00,64.0,1,Moss,VYG:Line:R21,Stabekk-Oslo S-Moss,R21,rail,VYG:ServiceJourney:1157-HVK_443042-R,True,actual,False,,,,,2026-09-07T20:27:16.249662+02:00
NSR:StopPlace:58836,Mjøndalen stasjon,2026-09-07T20:06:00+02:00,2026-09-07T20:07:04+02:00,2026-09-07T20:07:04+02:00,64.0,1,Eidsvoll,VYG:Line:R12,Kongsberg-Oslo S-Eidsvoll,R12,rail,VYG:ServiceJourney:532_444341-R,True,actual,False,,,,,2026-09-07T20:27:16.249662+02:00
NSR:StopPlace:58845,Eidsvoll verk stasjon,2026-09-07T18:31:00+02:00,2026-09-07T18:32:04+02:00,2026-09-07T18:32:04+02:00,64.0,1,Jessheim,RUT:Line:430,Eidsvoll - Jessheim,430,bus,RUT:ServiceJourney:7a8a8995c212a377df0fb54499c9e93c,True,actual,False,,,,,2026-09-07T20:27:16.249662+02:00
NSR:StopPlace:58845,Eidsvoll verk stasjon,2026-09-07T18:35:00+02:00,2026-09-07T18:36:04+02:00,2026-09-07T18:36:04+02:00,64.0,1,Kongsberg,VYG:Line:R12,Kongsberg-Oslo S-Eidsvoll,R12,rail,VYG:ServiceJourney:529_444336-R,True,actual,False,,,,,2026-09-07T20:27:16.249662+02:00
NSR:StopPlace:58855,Leirsund stasjon,2026-09-07T19:00:00+02:00,2026-09-07T19:01:04+02:00,2026-09-07T19:01:04+02:00,64.0,1,Dal,VYG:Line:R13,Drammen-Oslo S-Dal,R13,rail,VYG:ServiceJourney:1655_443331-R,True,actual,False,,,,,2026-09-07T20:27:16.249662+02:00
NSR:StopPlace:58866,Vevelstad stasjon,2026-09-07T17:23:00+02:00,2026-09-07T17:24:04+02:00,2026-09-07T17:24:04+02:00,64.0,1,Drøbak - Seiersten,RUT:Line:510,Bøleråsen - Ski - Ås - Drøbak,510,bus,RUT:ServiceJourney:156a15706f9a96fc04eb77fd2b7ee91a,True,actual,False,,,,,2026-09-07T20:27:16.249662+02:00
NSR:StopPlace:62309,Ljan stasjon,2026-09-07T18:39:00+02:00,2026-09-07T18:40:04+02:00,2026-09-07T18:40:04+02:00,64.0,1,Ski,VYG:Line:L2,Stabekk-Oslo S-Ski,L2,rail,VYG:ServiceJourney:2853_444090-R,True,actual,False,,,,,2026-09-07T20:27:16.249662+02:00
NSR:StopPlace:61466,Vakås stasjon,2026-09-07T15:41:00+02:00,2026-09-07T15:42:04+02:00,2026-09-07T15:42:04+02:00,64.0,1,Spikkestad,VYG:Line:L1,Spikkestad-Oslo S-Lillestrøm,L1,rail,VYG:ServiceJourney:2241_443652-R,True,actual,False,,,,,2026-09-07T15:44:36.205822+02:00
NSR:StopPlace:59659,Atna stasjon,2026-09-07T14:03:00+02:00,2026-09-07T14:04:04+02:00,2026-09-07T14:04:04+02:00,64.0,1,Trondheim S,SJN:Line:25,Rørosbanen,R60,rail,SJN:ServiceJourney:2385_30335-R,True,actual,False,,,,,2026-09-07T15:44:36.205822+02:00
NSR:StopPlace:59639,Sonsveien stasjon,2026-09-07T15:09:00+02:00,2026-09-07T15:10:04+02:00,2026-09-07T15:10:04+02:00,64.0,1,Moss,RUT:Line:540,Moss - Son - Vestby stasjon,540,bus,RUT:ServiceJourney:d508e823d9bc6d6e54ca715d41bd1e99,True,actual,False,,,,,2026-09-07T15:44:36.205822+02:00
NSR:StopPlace:58830,Brakerøya stasjon,2026-09-07T13:38:00+02:00,2026-09-07T13:39:04+02:00,2026-09-07T13:39:04+02:00,64.0,1,Dal,VYG:Line:R13,Drammen-Oslo S-Dal,R13,rail,VYG:ServiceJourney:1637_443291-R,True,actual,False,,,,,2026-09-07T15:44:36.205822+02:00
NSR:StopPlace:58871,Sande stasjon,2026-09-07T15:10:00+02:00,2026-09-07T15:11:04+02:00,2026-09-07T15:11:04+02:00,64.0,1,Skafjell-Selvik skole,VKT:Line:10,Drammen-Skoger-Sande,10,bus,VKT:ServiceJourney:104158,True,actual,False,,,,,2026-09-07T15:44:36.205822+02:00
NSR:StopPlace:393,Leangen stasjon,2026-09-07T13:23:00+02:00,2026-09-07T13:24:04+02:00,2026-09-07T13:24:04+02:00,64.0,1,Steinkjer,SJN:Line:26,Trønderbanen,R70,rail,SJN:ServiceJourney:437_56066-R,True,actual,False,,,,,2026-09-07T15:44:36.205822+02:00
NSR:StopPlace:206,Mariero stasjon,2026-09-07T14:44:00+02:00,2026-09-07T14:45:04+02:00,2026-09-07T14:45:04+02:00,64.0,1,Skeiane,GOA:Line:59,Jærbanen,L5,rail,GOA:ServiceJourney:3140_63185-R,True,actual,False,,,,,2026-09-07T15:44:36.205822+02:00
NSR:StopPlace:62339,Lillestrøm stasjon,2026-09-07T12:26:00+02:00,2026-09-07T12:27:04+02:00,2026-09-07T12:27:04+02:00,64.0,1,Skien,VYG:Line:RE11,Eidsvoll-Oslo S-Skien,RE11,rail,VYG:ServiceJourney:817_444397-R,True,actual,False,Heis i spor 1 og 2 er ute av bruk på grunn av vedlikehold.,Heis i spor 1 og 2 er ute av bruk på grunn av vedlikehold.,general,normal,2026-09-07T15:44:36.205822+02:00
NSR:StopPlace:61464,Hvalstad stasjon,2026-09-07T06:40:00+02:00,2026-09-07T06:41:04+02:00,2026-09-07T06:41:04+02:00,64.0,1,Lillestrøm,VYG:Line:L1,Spikkestad-Oslo S-Lillestrøm,L1,rail,VYG:ServiceJourney:2210_443601-R,True,actual,False,Færre vogner,Denne avgangen kjører dessverre med 4 vogner i stedet for 8 vogner. Dette skyldes at vi mangler et togsett.,general,normal,2026-09-07T08:42:24.659182+02:00
NSR:StopPlace:41,Hanaborg stasjon,2026-09-07T08:34:00+02:00,2026-09-07T08:35:04+02:00,2026-09-07T08:35:04+02:00,64.0,1,Asker,VYG:Line:L1,Spikkestad-Oslo S-Lillestrøm,L1,rail,VYG:ServiceJourney:2115_443520-R,True,actual,False,,,,,2026-09-07T08:42:24.659182+02:00
NSR:StopPlace:59641,Fjellhamar stasjon,2026-09-07T07:33:00+02:00,2026-09-07T07:34:04+02:00,2026-09-07T07:34:04+02:00,64.0,1,Vallerudtoppen,RUT:Line:315,Vallerudtoppen - Ahus,315,bus,RUT:ServiceJourney:4ca4da81fbe1aad96c3c657f4227bcf2,True,actual,False,,,,,2026-09-07T08:42:24.659182+02:00
NSR:StopPlace:60042,Trengereid stasjon,2026-09-07T08:04:00+02:00,2026-09-07T08:05:04+02:00,2026-09-07T08:05:04+02:00,64.0,1,Voss,VYG:Line:R40,Bergen-Voss-Myrdal-Ål,R40,rail,VYG:ServiceJourney:1806_443392-R,True,actual,False,,,,,2026-09-07T08:42:24.659182+02:00
NSR:StopPlace:60569,Sirevåg stasjon,2026-09-07T07:28:00+02:00,2026-09-07T07:29:04+02:00,2026-09-07T07:29:04+02:00,64.0,1,Stavanger,GOA:Line:59,Jærbanen,L5,rail,GOA:ServiceJourney:3013_63045-R,True,actual,False,,,,,2026-09-07T08:42:24.659182+02:00
NSR:StopPlace:58930,Larvik stasjon,2026-09-07T04:50:00+02:00,2026-09-07T04:51:04+02:00,2026-09-07T04:51:04+02:00,64.0,1,Oslo lufthavn,VYG:Line:RX11,Eidsvoll-Oslo S-Skien,RX11,rail,VYG:ServiceJourney:852_444422-R,True,actual,False,,,,,2026-09-07T08:42:24.659182+02:00
NSR:StopPlace:58935,Levanger stasjon,2026-09-07T06:45:00+02:00,2026-09-07T06:46:04+02:00,2026-09-07T06:46:04+02:00,64.0,1,Nord universitet Levanger,ATB:Line:2_604,Levanger - Høgberget,604,bus,ATB:ServiceJourney:604_260106098643111_2,True,actual,False,,,,,2026-09-07T08:42:24.659182+02:00
NSR:StopPlace:58948,Stjørdal stasjon,2026-09-07T06:57:00+02:00,2026-09-07T06:58:04+02:00,2026-09-07T06:58:04+02:00,64.0,1,Steinkjer,SJN:Line:26,Trønderbanen,R70,rail,SJN:ServiceJourney:423_56052-R,True,actual,False,,,,,2026-09-07T08:42:24.659182+02:00
NSR:StopPlace:58834,Hokksund stasjon,2026-09-07T06:53:00+02:00,2026-09-07T06:54:04+02:00,2026-09-07T06:54:04+02:00,64.0,1,Åssiden vgs,BRA:Line:4_6139,Drammen - Åmot - Hønefoss,139,bus,BRA:ServiceJourney:6139_260415100161339_1003,True,actual,False,,,,,2026-09-07T08:42:24.659182+02:00
NSR:StopPlace:58852,Høn stasjon,2026-09-07T06:20:00+02:00,2026-09-07T06:21:04+02:00,2026-09-07T06:21:04+02:00,64.0,1,Lillestrøm,VYG:Line:L1,Spikkestad-Oslo S-Lillestrøm,L1,rail,VYG:ServiceJourney:2108_443512-R,True,actual,False,,,,,2026-09-07T08:42:24.659182+02:00
NSR:StopPlace:58854,Langhus stasjon,2026-09-07T07:42:00+02:00,2026-09-07T07:43:04+02:00,2026-09-07T07:43:04+02:00,64.0,1,Stabekk,VYG:Line:L2,Stabekk-Oslo S-Ski,L2,rail,VYG:ServiceJourney:2716-SKI_443922-R,True,actual,False,,,,,2026-09-07T08:42:24.659182+02:00
NSR:StopPlace:58865,Vestby stasjon,2026-09-07T06:50:00+02:00,2026-09-07T06:51:04+02:00,2026-09-07T06:51:04+02:00,64.0,1,Randem,RUT:Line:533,Randem - Vestby stasjon,533,bus,RUT:ServiceJourney:0f1ed6ad8e31da40c869815789f1e417,True,actual,False,,,,,2026-09-07T08:42:24.659182+02:00
NSR:StopPlace:58865,Vestby stasjon,2026-09-07T08:05:00+02:00,2026-09-07T08:06:04+02:00,2026-09-07T08:06:04+02:00,64.0,1,Vestby arena,RUT:Line:533,Randem - Vestby stasjon,533,bus,RUT:ServiceJourney:26809f3289787f9c86d94c5e0b55ec7d,True,actual,False,,,,,2026-09-07T08:42:24.659182+02:00
NSR:StopPlace:58866,Vevelstad stasjon,2026-09-07T08:03:00+02:00,2026-09-07T08:04:04+02:00,2026-09-07T08:04:04+02:00,64.0,1,Drøbak - Seiersten,RUT:Line:510,Bøleråsen - Ski - Ås - Drøbak,510,bus,RUT:ServiceJourney:fd08e544156a1cd0ff5dc68043a1ca22,True,actual,False,,,,,2026-09-07T08:42:24.659182+02:00
NSR:StopPlace:58860,Oppegård stasjon,2026-09-07T06:03:00+02:00,2026-09-07T06:04:04+02:00,2026-09-07T06:04:04+02:00,64.0,1,Jernbanetorget,RUT:Line:84,Jernbanetorget-Oppegård st.,84E,bus,RUT:ServiceJourney:093f1a3a4cb8beeb9256e923722eb6a3,True,actual,False,,,,,2026-09-07T08:42:24.659182+02:00
NSR:StopPlace:58870,Holmestrand stasjon,2026-09-07T06:55:00+02:00,2026-09-07T06:56:04+02:00,2026-09-07T06:56:04+02:00,64.0,1,Hvitstein-Gullhaug,VKT:Line:31,Gullhaug-Kleiverud-Holmestrand,31,bus,VKT:ServiceJourney:14963,True,actual,False,,,,,2026-09-07T08:42:24.659182+02:00
NSR:StopPlace:58871,Sande stasjon,2026-09-07T06:52:00+02:00,2026-09-07T06:53:04+02:00,2026-09-07T06:53:04+02:00,64.0,1,Skoger-Drammen,VKT:Line:10,Drammen-Skoger-Sande,10,bus,VKT:ServiceJourney:104193,True,actual,False,,,,,2026-09-07T08:42:24.659182+02:00
NSR:StopPlace:58805,Brumunddal stasjon,2026-09-07T05:19:00+02:00,2026-09-07T05:20:04+02:00,2026-09-07T05:20:04+02:00,64.0,1,Oslo S,SJN:Line:21,Dovrebanen,F6,rail,SJN:ServiceJourney:406-TND_30133-R,True,actual,False,,,,,2026-09-07T08:42:24.659182+02:00
NSR:StopPlace:58808,Kongsvinger stasjon,2026-09-07T07:35:00+02:00,2026-09-07T07:36:04+02:00,2026-09-07T07:36:04+02:00,64.0,1,Charlottenberg,INN:Line:120,Kongsvinger - Charlottenberg,120,bus,INN:ServiceJourney:54578,True,actual,False,,,,,2026-09-07T08:42:24.659182+02:00
NSR:StopPlace:58813,Skarnes stasjon,2026-09-07T04:55:00+02:00,2026-09-07T04:56:04+02:00,2026-09-07T04:56:04+02:00,64.0,1,Asker,VYG:Line:R14,Asker-Oslo S-Kongsvinger,R14,rail,VYG:ServiceJourney:1002_442907-R,True,actual,False,,,,,2026-09-07T08:42:24.659182+02:00
NSR:StopPlace:58822,Opphus stasjon,2026-09-07T08:39:00+02:00,2026-09-07T08:40:04+02:00,2026-09-07T08:40:04+02:00,64.0,1,Hamar,SJN:Line:25,Rørosbanen,R60,rail,SJN:ServiceJourney:2380_37659-R,True,actual,False,,,,,2026-09-07T08:42:24.659182+02:00
NSR:StopPlace:58823,Jaren stasjon,2026-09-07T05:20:00+02:00,2026-09-07T05:21:04+02:00,2026-09-07T05:21:04+02:00,64.0,1,Oslo S,VYG:Line:R31,Skøyen-Jaren-Gjøvik,R31,rail,VYG:ServiceJourney:BUS-242_655542-R,True,actual,False,,,,,2026-09-07T08:42:24.659182+02:00
NSR:StopPlace:58825,Raufoss stasjon,2026-09-07T05:45:00+02:00,2026-09-07T05:46:04+02:00,2026-09-07T05:46:04+02:00,64.0,1,Gjøvik-Lena,INN:Line:46,Lena-Raufoss-Gjøvik-Kapp-Lena,B46,bus,INN:ServiceJourney:76818,True,actual,False,,,,,2026-09-07T08:42:24.659182+02:00
NSR:StopPlace:63079,Skeiane stasjon,2026-09-07T07:12:00+02:00,2026-09-07T07:13:04+02:00,2026-09-07T07:13:04+02:00,64.0,1,Stavanger,GOA:Line:59,Jærbanen,L5,rail,GOA:ServiceJourney:3007_63039-R,True,actual,False,,,,,2026-09-07T08:42:24.659182+02:00
NSR:StopPlace:58211,Oslo lufthavn,2026-09-07T05:30:00+02:00,2026-09-07T05:31:04+02:00,2026-09-07T05:31:04+02:00,64.0,1,Radiumhospitalet via Økern-Storo-Tåsen,NBU:Line:cb7b555c-f96e-42d5-84bf-a5e08c0145c2,Radiumhospitalet via Økern-Storo-Tåsen,FB3,bus,NBU:ServiceJourney:f807e8c9-0419-4952-a9bb-70d09ffd95cc,True,actual,False,,,,,2026-09-07T08:42:24.659182+02:00
NSR:StopPlace:441,Auli stasjon,2026-09-07T06:41:00+02:00,2026-09-07T06:42:04+02:00,2026-09-07T06:42:04+02:00,64.0,1,Kongsvinger,VYG:Line:R14,Asker-Oslo S-Kongsvinger,R14,rail,VYG:ServiceJourney:1003_442908-R,True,actual,False,,,,,2026-09-07T08:42:24.659182+02:00
NSR:StopPlace:628,Darbu stasjon,2026-09-07T05:47:00+02:00,2026-09-07T05:48:04+02:00,2026-09-07T05:48:04+02:00,64.0,1,Eidsvoll,VYG:Line:R12,Kongsberg-Oslo S-Eidsvoll,R12,rail,VYG:ServiceJourney:504_444296-R,True,actual,False,,,,,2026-09-07T08:42:24.659182+02:00
NSR:StopPlace:61979,Hellvik stasjon,2026-09-07T07:23:00+02:00,2026-09-07T07:24:04+02:00,2026-09-07T07:24:04+02:00,64.0,1,Stavanger,GOA:Line:59,Jærbanen,L5,rail,GOA:ServiceJourney:3013_63045-R,True,actual,False,,,,,2026-09-07T08:42:24.659182+02:00
NSR:StopPlace:61301,Movatn stasjon,2026-09-07T23:18:00+02:00,2026-09-07T23:19:03+02:00,2026-09-07T23:19:03+02:00,63.0,1,Nydalen,VYG:Line:R31,Skøyen-Jaren-Gjøvik,R31,rail,VYG:ServiceJourney:BUS-236_655483-R,True,actual,False,,,,,2026-09-08T00:20:52.129880+02:00
NSR:StopPlace:58852,Høn stasjon,2026-09-07T23:20:00+02:00,2026-09-07T23:21:03+02:00,2026-09-07T23:21:03+02:00,63.0,1,Lillestrøm,VYG:Line:L1,Spikkestad-Oslo S-Lillestrøm,L1,rail,VYG:ServiceJourney:2176_443587-R,True,actual,False,,,,,2026-09-08T00:20:52.129880+02:00
NSR:StopPlace:58856,Lysaker stasjon,2026-09-07T20:21:00+02:00,2026-09-07T20:22:03+02:00,2026-09-07T20:22:03+02:00,63.0,1,Lillehammer,VYG:Line:RE10,Drammen-Oslo S-Lillehammer,RE10,rail,VYG:ServiceJourney:333-SUD_444251-R,True,actual,False,Bruk de forreste vognene,På denne avgangen er det bakerste togsettet stengt mellom Drammen og Lillehammer. Bruk de forreste vognene.,general,normal,2026-09-08T00:20:52.129880+02:00
NSR:StopPlace:58865,Vestby stasjon,2026-09-07T23:10:00+02:00,2026-09-07T23:11:03+02:00,2026-09-07T23:11:03+02:00,63.0,1,Stabekk,VYG:Line:R21,Stabekk-Oslo S-Moss,R21,rail,VYG:ServiceJourney:1176-MOS_443075-R,True,actual,False,,,,,2026-09-08T00:20:52.129880+02:00
NSR:StopPlace:62309,Ljan stasjon,2026-09-07T23:24:00+02:00,2026-09-07T23:25:03+02:00,2026-09-07T23:25:03+02:00,63.0,1,Ski,VYG:Line:L2,Stabekk-Oslo S-Ski,L2,rail,VYG:ServiceJourney:2773-HVK_443994-R,True,actual,False,,,,,2026-09-08T00:20:52.129880+02:00
NSR:StopPlace:61466,Vakås stasjon,2026-09-07T20:22:00+02:00,2026-09-07T20:23:03+02:00,2026-09-07T20:23:03+02:00,63.0,1,Lillestrøm,VYG:Line:L1,Spikkestad-Oslo S-Lillestrøm,L1,rail,VYG:ServiceJourney:2164_443574-R,True,actual,False,,,,,2026-09-07T20:27:16.249662+02:00
NSR:StopPlace:61463,Nordstrand stasjon,2026-09-07T19:37:00+02:00,2026-09-07T19:38:03+02:00,2026-09-07T19:38:03+02:00,63.0,1,Ski,VYG:Line:L2,Stabekk-Oslo S-Ski,L2,rail,VYG:ServiceJourney:2857_444097-R,True,actual,False,,,,,2026-09-07T20:27:16.249662+02:00
NSR:StopPlace:59648,Kjelsås stasjon,2026-09-07T17:09:00+02:00,2026-09-07T17:10:03+02:00,2026-09-07T17:10:03+02:00,63.0,1,Kværnerbyen,RUT:Line:54,Kværnerbyen - Kjelsås stasjon,54,bus,RUT:ServiceJourney:c216849c0879feb65ac4045fb046f9a2,True,actual,False,,,,,2026-09-07T20:27:16.249662+02:00
NSR:StopPlace:59616,Asker stasjon,2026-09-07T16:59:00+02:00,2026-09-07T17:00:03+02:00,2026-09-07T17:00:03+02:00,63.0,1,Lierbyen - Drammen,BRA:Line:4_6071,Drammen - Stoppen - Lierbyen - Asker,71,bus,BRA:ServiceJourney:6071_260415100160776_1070,True,actual,False,Fra 17/8 går linje 61-63-71-73-251-261 og skolebusser fra holdeplass ved Skutebrygga ut av byen.Les mer på brakar.no/trafikkmeldinger.,,general,normal,2026-09-07T20:27:16.249662+02:00
NSR:StopPlace:58952,Bodø stasjon,2026-09-07T18:32:00+02:00,2026-09-07T18:33:03+02:00,2026-09-07T18:33:03+02:00,63.0,1,Tverlandet,NOR:Line:12_8004,Tverlandet - Bodø sentrum - Løpsmarka,4,bus,NOR:ServiceJourney:8004_251012124900581_1034,True,actual,False,,,,,2026-09-07T20:27:16.249662+02:00
NSR:StopPlace:58963,Jessheim stasjon,2026-09-07T17:28:00+02:00,2026-09-07T17:29:03+02:00,2026-09-07T17:29:03+02:00,63.0,1,Nordkisa,RUT:Line:440,Fenstad/Nordkisa - Oslo lufthavn,440,bus,RUT:ServiceJourney:1c9382878c2c16ed4dbff04095180fa7,True,actual,False,,,,,2026-09-07T20:27:16.249662+02:00
NSR:StopPlace:58963,Jessheim stasjon,2026-09-07T17:43:00+02:00,2026-09-07T17:44:03+02:00,2026-09-07T17:44:03+02:00,63.0,1,Nordkisa,RUT:Line:440,Fenstad/Nordkisa - Oslo lufthavn,440,bus,RUT:ServiceJourney:7a63ea95d9d48b4463dc09bd90d4318b,True,actual,False,,,,,2026-09-07T20:27:16.249662+02:00
NSR:StopPlace:58830,Brakerøya stasjon,2026-09-07T18:08:00+02:00,2026-09-07T18:09:03+02:00,2026-09-07T18:09:03+02:00,63.0,1,Dal,VYG:Line:R13,Drammen-Oslo S-Dal,R13,rail,VYG:ServiceJourney:1655_443331-R,True,actual,False,,,,,2026-09-07T20:27:16.249662+02:00
NSR:StopPlace:58835,Lier stasjon,2026-09-07T17:11:00+02:00,2026-09-07T17:12:03+02:00,2026-09-07T17:12:03+02:00,63.0,1,Dal,VYG:Line:R13,Drammen-Oslo S-Dal,R13,rail,VYG:ServiceJourney:1651_481163-R,True,actual,False,,,,,2026-09-07T20:27:16.249662+02:00
NSR:StopPlace:58844,Eidsvoll stasjon,2026-09-07T18:15:00+02:00,2026-09-07T18:16:03+02:00,2026-09-07T18:16:03+02:00,63.0,1,Sand,INN:Line:121,Eidsvoll - Sand,121,bus,INN:ServiceJourney:54639,True,actual,False,,,,,2026-09-07T20:27:16.249662+02:00
NSR:StopPlace:58864,Sørumsand stasjon,2026-09-07T18:37:00+02:00,2026-09-07T18:38:03+02:00,2026-09-07T18:38:03+02:00,63.0,1,Blaker ring,RUT:Line:2370,Sørumsand - Blaker - Sørumsand,370B,bus,RUT:ServiceJourney:7765135d87f75481858ad9148eb6d129,True,actual,False,,,,,2026-09-07T20:27:16.249662+02:00
NSR:StopPlace:58866,Vevelstad stasjon,2026-09-07T18:29:00+02:00,2026-09-07T18:30:03+02:00,2026-09-07T18:30:03+02:00,63.0,1,Oslo S,VYG:Line:L2,Stabekk-Oslo S-Ski,L2,rail,VYG:ServiceJourney:2858_444098-R,True,actual,False,,,,,2026-09-07T20:27:16.249662+02:00
NSR:StopPlace:58870,Holmestrand stasjon,2026-09-07T19:45:00+02:00,2026-09-07T19:46:03+02:00,2026-09-07T19:46:03+02:00,63.0,1,Horten-Tønsberg,VKT:Line:2,Tjøme-Tønsberg-Horten-Holmestr,2,bus,VKT:ServiceJourney:15859,True,actual,False,Forsinkelser Linje 2 og 411 | Kjører ikke Storgata i Horten,Pga. veiarbeid i Horten sentrum vil det kunne oppstå forsinkelser på busser i tidsrommet 3.-11. september.  | 7.-9. september: Bussene vil ikke kjøre Storgata. Benytt holdeplassene Peders gate eller Horten rb.st. Se vkt.no/avvik Det vil oppstå forsinkelser. ,incident | general,normal | normal,2026-09-07T20:27:16.249662+02:00
NSR:StopPlace:58886,Arendal stasjon,2026-09-07T18:57:00+02:00,2026-09-07T18:58:03+02:00,2026-09-07T18:58:03+02:00,63.0,1,Solåsen,AKT:Line:111,Sykehuset-Arendal-Solåsen,111,bus,AKT:ServiceJourney:73606_261_23_136200_137400_40001009,True,actual,False,,,,,2026-09-07T20:27:16.249662+02:00
NSR:StopPlace:58802,Spydeberg stasjon,2026-09-07T19:36:00+02:00,2026-09-07T19:37:03+02:00,2026-09-07T19:37:03+02:00,63.0,1,Rakkestad,VYG:Line:R22,Skøyen-Oslo S-Mysen-Rakkestad,R22,rail,VYG:ServiceJourney:1929_443482-R,True,actual,False,,,,,2026-09-07T20:27:16.249662+02:00
NSR:StopPlace:61735,Hell stasjon,2026-09-07T14:06:00+02:00,2026-09-07T14:07:03+02:00,2026-09-07T14:07:03+02:00,63.0,1,Melhus skysstasjon,SJN:Line:26,Trønderbanen,R70,rail,SJN:ServiceJourney:436-STK_56065-R,True,actual,False,,,,,2026-09-07T15:44:36.205822+02:00
NSR:StopPlace:61735,Hell stasjon,2026-09-07T15:06:00+02:00,2026-09-07T15:07:03+02:00,2026-09-07T15:07:03+02:00,63.0,1,Ler,SJN:Line:26,Trønderbanen,R70,rail,SJN:ServiceJourney:438_56067-R,True,actual,False,,,,,2026-09-07T15:44:36.205822+02:00
NSR:StopPlace:58964,Kløfta stasjon,2026-09-07T15:19:00+02:00,2026-09-07T15:20:03+02:00,2026-09-07T15:20:03+02:00,63.0,1,Herbergåsen,RUT:Line:460,Herbergåsen - Kløfta,460,bus,RUT:ServiceJourney:abd21d339b356995c4adaeaf23e80020,True,actual,False,,,,,2026-09-07T15:44:36.205822+02:00
NSR:StopPlace:58798,Rakkestad stasjon,2026-09-07T13:30:00+02:00,2026-09-07T13:31:03+02:00,2026-09-07T13:31:03+02:00,63.0,1,Sarpsborg-Askim,OST:Line:1_640,Sarpsborg-Askim-Mysen,640,bus,OST:ServiceJourney:640_260325121473120_17,True,actual,False,,,,,2026-09-07T15:44:36.205822+02:00
NSR:StopPlace:58794,Fredrikstad stasjon,2026-09-07T15:40:00+02:00,2026-09-07T15:41:03+02:00,2026-09-07T15:41:03+02:00,63.0,1,Kalnes,OST:Line:1_4,Fredrikstad - Kalnes,4,bus,OST:ServiceJourney:4_260325121471306_31,True,actual,False,,,,,2026-09-07T15:44:36.205822+02:00
NSR:StopPlace:58848,Haga stasjon,2026-09-07T14:44:00+02:00,2026-09-07T14:45:03+02:00,2026-09-07T14:45:03+02:00,63.0,1,Kongsvinger,VYG:Line:R14,Asker-Oslo S-Kongsvinger,R14,rail,VYG:ServiceJourney:1019_442926-R,True,actual,False,,,,,2026-09-07T15:44:36.205822+02:00
NSR:StopPlace:58868,Årnes stasjon,2026-09-07T15:10:00+02:00,2026-09-07T15:11:03+02:00,2026-09-07T15:11:03+02:00,63.0,1,Fallet,RUT:Line:3674,Fallet - Skogbygda - Vormsund - Årnes,3674,bus,RUT:ServiceJourney:5ff13afde2324a47558da1c01c89f7ba,True,actual,False,,,,,2026-09-07T15:44:36.205822+02:00
NSR:StopPlace:58803,Tomter stasjon,2026-09-07T15:28:00+02:00,2026-09-07T15:29:03+02:00,2026-09-07T15:29:03+02:00,63.0,1,Rakkestad,VYG:Line:R22,Skøyen-Oslo S-Mysen-Rakkestad,R22,rail,VYG:ServiceJourney:1921_443467-R,True,actual,False,,,,,2026-09-07T15:44:36.205822+02:00
NSR:StopPlace:62338,Fossum stasjon,2026-09-07T15:00:00+02:00,2026-09-07T15:01:03+02:00,2026-09-07T15:01:03+02:00,63.0,1,Grønnbekkvegen,RUT:Line:2633,Bingsfoss - Grønnbekkveien,2633,bus,RUT:ServiceJourney:c9b71adfb517eb597e7fe0125f751d3e,True,actual,False,,,,,2026-09-07T15:44:36.205822+02:00
NSR:StopPlace:8,Paradis stasjon,2026-09-07T06:05:00+02:00,2026-09-07T06:06:03+02:00,2026-09-07T06:06:03+02:00,63.0,1,Stavanger,GOA:Line:59,Jærbanen,L5,rail,GOA:ServiceJourney:3105_63150-R,True,actual,False,,,,,2026-09-07T08:42:24.659182+02:00
NSR:StopPlace:8,Paradis stasjon,2026-09-07T07:41:00+02:00,2026-09-07T07:42:03+02:00,2026-09-07T07:42:03+02:00,63.0,1,Skeiane,GOA:Line:59,Jærbanen,L5,rail,GOA:ServiceJourney:3112_63157-R,True,actual,False,,,,,2026-09-07T08:42:24.659182+02:00
NSR:StopPlace:61466,Vakås stasjon,2026-09-07T07:08:00+02:00,2026-09-07T07:09:03+02:00,2026-09-07T07:09:03+02:00,63.0,1,Lillestrøm,VYG:Line:L1,Spikkestad-Oslo S-Lillestrøm,L1,rail,VYG:ServiceJourney:2212_764749-R,True,actual,False,Færre vogner,Denne avgangen kjører dessverre med 4 vogner i stedet for 8 vogner. Dette skyldes at vi mangler et togsett.,general,normal,2026-09-07T08:42:24.659182+02:00
NSR:StopPlace:59646,Høvik stasjon,2026-09-07T06:42:00+02:00,2026-09-07T06:43:03+02:00,2026-09-07T06:43:03+02:00,63.0,1,Asker,VYG:Line:L1,Spikkestad-Oslo S-Lillestrøm,L1,rail,VYG:ServiceJourney:2105_443509-R,True,actual,False,,,,,2026-09-07T08:42:24.659182+02:00
NSR:StopPlace:59643,Grefsen stasjon,2026-09-07T07:08:00+02:00,2026-09-07T07:09:03+02:00,2026-09-07T07:09:03+02:00,63.0,1,Fornebu,RUT:Line:24,Fornebu vest - Brynseng T,24,bus,RUT:ServiceJourney:e94a6a641e6d666936685705a3d198a0,True,actual,False,,,,,2026-09-07T08:42:24.659182+02:00
NSR:StopPlace:59244,Egersund stasjon,2026-09-07T07:47:00+02:00,2026-09-07T07:48:03+02:00,2026-09-07T07:48:03+02:00,63.0,1,Rundevoll via Lagård,KOL:Line:8_2609,SK0110,SK0110,bus,KOL:ServiceJourney:2609_250903083238559_1000,True,actual,False,,,,,2026-09-07T08:42:24.659182+02:00
NSR:StopPlace:58930,Larvik stasjon,2026-09-07T06:19:00+02:00,2026-09-07T06:20:03+02:00,2026-09-07T06:20:03+02:00,63.0,1,Nevlunghavn,VKT:Line:81,Nordbyen-Nevlunghavn,81,bus,VKT:ServiceJourney:18055,True,actual,False,,,,,2026-09-07T08:42:24.659182+02:00
NSR:StopPlace:58947,Steinkjer stasjon,2026-09-07T06:49:00+02:00,2026-09-07T06:50:03+02:00,2026-09-07T06:50:03+02:00,63.0,1,Levanger,ATB:Line:2_680,Levanger - Steinkjer - Namsos,680,bus,ATB:ServiceJourney:680_260106098642320_1,True,actual,False,,,,,2026-09-07T08:42:24.659182+02:00
NSR:StopPlace:58799,Rygge stasjon,2026-09-07T06:51:00+02:00,2026-09-07T06:52:03+02:00,2026-09-07T06:52:03+02:00,63.0,1,Göteborg C,VYG:Line:RE20,Oslo S-Halden-Göteborg (X-Border),RE20,rail,VYG:ServiceJourney:103-383_464567-R,True,actual,False,,,,,2026-09-07T08:42:24.659182+02:00
NSR:StopPlace:58838,Røyken stasjon,2026-09-07T06:37:00+02:00,2026-09-07T06:38:03+02:00,2026-09-07T06:38:03+02:00,63.0,1,Drammen,RUT:Line:261,Drammen - Lahell - Røyken - Sætre,261,bus,RUT:ServiceJourney:3f52449967c7edeb9ffe4b01056d5d02,True,actual,False,Fra 17/8 går linje 61-63-71-73-251-261 og skolebusser fra holdeplass ved Skutebrygga ut av byen.Les mer på brakar.no/trafikkmeldinger.,,general,normal,2026-09-07T08:42:24.659182+02:00
NSR:StopPlace:58856,Lysaker stasjon,2026-09-07T05:46:00+02:00,2026-09-07T05:47:03+02:00,2026-09-07T05:47:03+02:00,63.0,1,Oslo Lufthavn,FLT:Line:FLY1,FLY1,FLY1,rail,FLT:ServiceJourney:1-2614-3709-20260907,True,actual,False,,,,,2026-09-07T08:42:24.659182+02:00
NSR:StopPlace:58868,Årnes stasjon,2026-09-07T07:14:00+02:00,2026-09-07T07:15:03+02:00,2026-09-07T07:15:03+02:00,63.0,1,Eidsvoll,RUT:Line:441,Eidsvoll - Årnes,441,bus,RUT:ServiceJourney:568fc26a701418a63ff5adb2b7359b1f,True,actual,False,,,,,2026-09-07T08:42:24.659182+02:00
NSR:StopPlace:58860,Oppegård stasjon,2026-09-07T05:16:00+02:00,2026-09-07T05:17:03+02:00,2026-09-07T05:17:03+02:00,63.0,1,Stabekk,VYG:Line:L2,Stabekk-Oslo S-Ski,L2,rail,VYG:ServiceJourney:2706-SKI_443912-R,True,actual,False,,,,,2026-09-07T08:42:24.659182+02:00
NSR:StopPlace:58874,Stokke stasjon,2026-09-07T06:35:00+02:00,2026-09-07T06:36:03+02:00,2026-09-07T06:36:03+02:00,63.0,1,Skien,VYG:Line:RE11,Eidsvoll-Oslo S-Skien,RE11,rail,VYG:ServiceJourney:873_444433-R,True,actual,False,,,,,2026-09-07T08:42:24.659182+02:00
NSR:StopPlace:58879,Lunde stasjon,2026-09-07T06:50:00+02:00,2026-09-07T06:51:03+02:00,2026-09-07T06:51:03+02:00,63.0,1,Ulefoss-Vesthagen,TEL:Line:8103,Lunde-Ulefoss,103,bus,TEL:ServiceJourney:126323,True,actual,False,,,,,2026-09-07T08:42:24.659182+02:00
NSR:StopPlace:58820,Harestua stasjon,2026-09-07T05:57:00+02:00,2026-09-07T05:58:03+02:00,2026-09-07T05:58:03+02:00,63.0,1,Oslo S,VYG:Line:R31,Skøyen-Jaren-Gjøvik,R31,rail,VYG:ServiceJourney:BUS-242_655544-R,True,actual,False,,,,,2026-09-07T08:42:24.659182+02:00
NSR:StopPlace:58820,Harestua stasjon,2026-09-07T07:14:00+02:00,2026-09-07T07:15:03+02:00,2026-09-07T07:15:03+02:00,63.0,1,Oslo S,VYG:Line:R31,Skøyen-Jaren-Gjøvik,R31,rail,VYG:ServiceJourney:BUS-246_655577-R,True,actual,False,,,,,2026-09-07T08:42:24.659182+02:00
NSR:StopPlace:58211,Oslo lufthavn,2026-09-07T06:25:00+02:00,2026-09-07T06:26:03+02:00,2026-09-07T06:26:03+02:00,63.0,1,Kløfta,RUT:Line:425,Kløfta – Oslo lufthavn,425,bus,RUT:ServiceJourney:dd740cf9be32e5d2a5b960de978a1d35,True,actual,False,,,,,2026-09-07T08:42:24.659182+02:00
NSR:StopPlace:702,Sandnes sentrum stasjon,2026-09-07T07:14:00+02:00,2026-09-07T07:15:03+02:00,2026-09-07T07:15:03+02:00,63.0,1,Stavanger,GOA:Line:59,Jærbanen,L5,rail,GOA:ServiceJourney:3007_63039-R,True,actual,False,,,,,2026-09-07T08:42:24.659182+02:00
NSR:StopPlace:610,Sandvika stasjon,2026-09-07T06:18:00+02:00,2026-09-07T06:19:03+02:00,2026-09-07T06:19:03+02:00,63.0,1,Lillestrøm,VYG:Line:L1,Spikkestad-Oslo S-Lillestrøm,L1,rail,VYG:ServiceJourney:2208_764738-R,True,actual,False,Færre vogner,Denne avgangen kjører dessverre med 4 vogner i stedet for 8 vogner. Dette skyldes at vi mangler et togsett.,general,normal,2026-09-07T08:42:24.659182+02:00
NSR:StopPlace:62339,Lillestrøm stasjon,2026-09-07T06:05:00+02:00,2026-09-07T06:06:03+02:00,2026-09-07T06:06:03+02:00,63.0,1,Eidsvoll,VYG:Line:R12,Kongsberg-Oslo S-Eidsvoll,R12,rail,VYG:ServiceJourney:502_444293-R,True,actual,False,Heis i spor 1 og 2 er ute av bruk på grunn av vedlikehold.,Heis i spor 1 og 2 er ute av bruk på grunn av vedlikehold.,general,normal,2026-09-07T08:42:24.659182+02:00
NSR:StopPlace:62393,Billingstad stasjon,2026-09-07T07:13:00+02:00,2026-09-07T07:14:03+02:00,2026-09-07T07:14:03+02:00,63.0,1,Lillestrøm,VYG:Line:L1,Spikkestad-Oslo S-Lillestrøm,L1,rail,VYG:ServiceJourney:2212_764749-R,True,actual,False,Færre vogner,Denne avgangen kjører dessverre med 4 vogner i stedet for 8 vogner. Dette skyldes at vi mangler et togsett.,general,normal,2026-09-07T08:42:24.659182+02:00
NSR:StopPlace:58877,Bø stasjon,2026-09-08T00:37:00+02:00,2026-09-08T00:38:02+02:00,2026-09-08T00:38:02+02:00,62.0,1,Stavanger,GOA:Line:50,Sørtoget region,F5,rail,GOA:ServiceJourney:725-LOD_67061-R,True,actual,False,,,,,2026-09-08T03:39:50.209703+02:00
NSR:StopPlace:61466,Vakås stasjon,2026-09-07T22:41:00+02:00,2026-09-07T22:42:02+02:00,2026-09-07T22:42:02+02:00,62.0,1,Spikkestad,VYG:Line:L1,Spikkestad-Oslo S-Lillestrøm,L1,rail,VYG:ServiceJourney:2269_443700-R,True,actual,False,,,,,2026-09-08T00:20:52.129880+02:00
NSR:StopPlace:59647,Dal stasjon,2026-09-07T22:46:00+02:00,2026-09-07T22:47:02+02:00,2026-09-07T22:47:02+02:00,62.0,1,Eidsvoll st.,RUT:Line:430,Eidsvoll - Jessheim,430,bus,RUT:ServiceJourney:ec1dcb1fdd3c1f052aca7a316faf7f71,True,actual,False,,,,,2026-09-08T00:20:52.129880+02:00
NSR:StopPlace:59647,Dal stasjon,2026-09-07T23:46:00+02:00,2026-09-07T23:47:02+02:00,2026-09-07T23:47:02+02:00,62.0,1,Eidsvoll st.,RUT:Line:430,Eidsvoll - Jessheim,430,bus,RUT:ServiceJourney:4e14e1b356f53471d529e0806282b8d8,True,actual,False,,,,,2026-09-08T00:20:52.129880+02:00
NSR:StopPlace:59641,Fjellhamar stasjon,2026-09-07T21:47:00+02:00,2026-09-07T21:48:02+02:00,2026-09-07T21:48:02+02:00,62.0,1,Spikkestad,VYG:Line:L1,Spikkestad-Oslo S-Lillestrøm,L1,rail,VYG:ServiceJourney:2269_443700-R,True,actual,False,,,,,2026-09-08T00:20:52.129880+02:00
NSR:StopPlace:58930,Larvik stasjon,2026-09-07T23:45:00+02:00,2026-09-07T23:46:02+02:00,2026-09-07T23:46:02+02:00,62.0,1,Larvik,VKT:Line:4,Torp-Sandefjord-Larvik-Stavern,4,bus,VKT:ServiceJourney:17717,True,actual,False,,,,,2026-09-08T00:20:52.129880+02:00
NSR:StopPlace:58935,Levanger stasjon,2026-09-07T23:42:00+02:00,2026-09-07T23:43:02+02:00,2026-09-07T23:43:02+02:00,62.0,1,Steinkjer,SJN:Line:26,Trønderbanen,R70,rail,SJN:ServiceJourney:455_56084-R,True,actual,False,,,,,2026-09-08T00:20:52.129880+02:00
NSR:StopPlace:58852,Høn stasjon,2026-09-07T22:20:00+02:00,2026-09-07T22:21:02+02:00,2026-09-07T22:21:02+02:00,62.0,1,Lillestrøm,VYG:Line:L1,Spikkestad-Oslo S-Lillestrøm,L1,rail,VYG:ServiceJourney:2172_443583-R,True,actual,False,,,,,2026-09-08T00:20:52.129880+02:00
NSR:StopPlace:58858,Nittedal stasjon,2026-09-07T22:20:00+02:00,2026-09-07T22:21:02+02:00,2026-09-07T22:21:02+02:00,62.0,1,Lørenskog sentrum,RUT:Line:385,Nittedal stasjon - Olavsgaard - Ahus,385,bus,RUT:ServiceJourney:00965db9da7a74c8e2771a5cb8b530b8,True,actual,False,,,,,2026-09-08T00:20:52.129880+02:00
NSR:StopPlace:58865,Vestby stasjon,2026-09-07T22:45:00+02:00,2026-09-07T22:46:02+02:00,2026-09-07T22:46:02+02:00,62.0,1,Moss,VYG:Line:R21,Stabekk-Oslo S-Moss,R21,rail,VYG:ServiceJourney:1169-HVK_443062-R,True,actual,False,,,,,2026-09-08T00:20:52.129880+02:00
NSR:StopPlace:58860,Oppegård stasjon,2026-09-07T22:46:00+02:00,2026-09-07T22:47:02+02:00,2026-09-07T22:47:02+02:00,62.0,1,Stabekk,VYG:Line:L2,Stabekk-Oslo S-Ski,L2,rail,VYG:ServiceJourney:2776-SKI_443999-R,True,actual,False,,,,,2026-09-08T00:20:52.129880+02:00
NSR:StopPlace:61463,Nordstrand stasjon,2026-09-07T19:22:00+02:00,2026-09-07T19:23:02+02:00,2026-09-07T19:23:02+02:00,62.0,1,Ski,VYG:Line:L2,Stabekk-Oslo S-Ski,L2,rail,VYG:ServiceJourney:2757-HVK_443968-R,True,actual,False,,,,,2026-09-07T20:27:16.249662+02:00
NSR:StopPlace:59641,Fjellhamar stasjon,2026-09-07T18:48:00+02:00,2026-09-07T18:49:02+02:00,2026-09-07T18:49:02+02:00,62.0,1,Lillestrøm,VYG:Line:L1,Spikkestad-Oslo S-Lillestrøm,L1,rail,VYG:ServiceJourney:2154_443563-R,True,actual,False,,,,,2026-09-07T20:27:16.249662+02:00
NSR:StopPlace:59650,Nyland stasjon,2026-09-07T17:50:00+02:00,2026-09-07T17:51:02+02:00,2026-09-07T17:51:02+02:00,62.0,1,Økern,RUT:Line:345,Vestvollen - Økern,345,bus,RUT:ServiceJourney:e4a4381107c3bb3339902fde692a917d,True,actual,False,,,,,2026-09-07T20:27:16.249662+02:00
NSR:StopPlace:59620,Grorud stasjon,2026-09-07T17:14:00+02:00,2026-09-07T17:15:02+02:00,2026-09-07T17:15:02+02:00,62.0,1,Åsbråten,RUT:Line:79,Grorud T - Åsbråten,79,bus,RUT:ServiceJourney:1e15f97e85082f35651a8df7b9ad0480,True,actual,False,,,,,2026-09-07T20:27:16.249662+02:00
NSR:StopPlace:58930,Larvik stasjon,2026-09-07T18:55:00+02:00,2026-09-07T18:56:02+02:00,2026-09-07T18:56:02+02:00,62.0,1,Kvelde-Svarstad,VKT:Line:800,Larvik-Kvelde-Svarstad,800,bus,VKT:ServiceJourney:18322,True,actual,False,,,,,2026-09-07T20:27:16.249662+02:00
NSR:StopPlace:58836,Mjøndalen stasjon,2026-09-07T17:57:00+02:00,2026-09-07T17:58:02+02:00,2026-09-07T17:58:02+02:00,62.0,1,Åsen,BRA:Line:4_6053,Mjøndalen - Åsen,53,bus,BRA:ServiceJourney:6053_260415100160448_1035,True,actual,False,,,,,2026-09-07T20:27:16.249662+02:00
NSR:StopPlace:58836,Mjøndalen stasjon,2026-09-07T19:42:00+02:00,2026-09-07T19:43:02+02:00,2026-09-07T19:43:02+02:00,62.0,1,Drammen,BRA:Line:4_6101,Drammen-Vikersund/Hønefoss,101,bus,BRA:ServiceJourney:6101_260415100161284_1060,True,actual,False,,,,,2026-09-07T20:27:16.249662+02:00
NSR:StopPlace:58842,Blaker stasjon,2026-09-07T19:36:00+02:00,2026-09-07T19:37:02+02:00,2026-09-07T19:37:02+02:00,62.0,1,Kongsvinger,VYG:Line:R14,Asker-Oslo S-Kongsvinger,R14,rail,VYG:ServiceJourney:1029_442939-R,True,actual,False,,,,,2026-09-07T20:27:16.249662+02:00
NSR:StopPlace:58853,Kolbotn stasjon,2026-09-07T18:11:00+02:00,2026-09-07T18:12:02+02:00,2026-09-07T18:12:02+02:00,62.0,1,Hauketo stasjon,RUT:Line:87,Hauketo stasjon - Kolbotn,87,bus,RUT:ServiceJourney:d075a1fd7664c3b8c5bacbb9ffba73ef,True,actual,False,,,,,2026-09-07T20:27:16.249662+02:00
NSR:StopPlace:58854,Langhus stasjon,2026-09-07T18:24:00+02:00,2026-09-07T18:25:02+02:00,2026-09-07T18:25:02+02:00,62.0,1,Drøbak - Seiersten,RUT:Line:510,Bøleråsen - Ski - Ås - Drøbak,510,bus,RUT:ServiceJourney:ed1443eb091cb5798b7312b1af3d56d5,True,actual,False,,,,,2026-09-07T20:27:16.249662+02:00
NSR:StopPlace:58866,Vevelstad stasjon,2026-09-07T17:59:00+02:00,2026-09-07T18:00:02+02:00,2026-09-07T18:00:02+02:00,62.0,1,Skøyen,VYG:Line:L2,Stabekk-Oslo S-Ski,L2,rail,VYG:ServiceJourney:2856-SKI_488390-R,True,actual,False,,,,,2026-09-07T20:27:16.249662+02:00
NSR:StopPlace:62392,Slependen stasjon,2026-09-07T19:59:00+02:00,2026-09-07T20:00:02+02:00,2026-09-07T20:00:02+02:00,62.0,1,Lillestrøm,VYG:Line:L1,Spikkestad-Oslo S-Lillestrøm,L1,rail,VYG:ServiceJourney:2162_443572-R,True,actual,False,,,,,2026-09-07T20:27:16.249662+02:00
NSR:StopPlace:58793,Askim stasjon,2026-09-07T14:10:00+02:00,2026-09-07T14:11:02+02:00,2026-09-07T14:11:02+02:00,62.0,1,Oslo S,VYG:Line:R22,Skøyen-Oslo S-Mysen-Rakkestad,R22,rail,VYG:ServiceJourney:1922_673815-R,True,actual,False,,,,,2026-09-07T15:44:36.205822+02:00
NSR:StopPlace:58830,Brakerøya stasjon,2026-09-07T14:08:00+02:00,2026-09-07T14:09:02+02:00,2026-09-07T14:09:02+02:00,62.0,1,Dal,VYG:Line:R13,Drammen-Oslo S-Dal,R13,rail,VYG:ServiceJourney:1639_443296-R,True,actual,False,,,,,2026-09-07T15:44:36.205822+02:00
NSR:StopPlace:58849,Hakadal stasjon,2026-09-07T15:23:00+02:00,2026-09-07T15:24:02+02:00,2026-09-07T15:24:02+02:00,62.0,1,Oslo bussterminal,RUT:Line:390,Kongskog/Hellerudhaugen - Oslo bussterminal,390,bus,RUT:ServiceJourney:019f2d33b9fcf9410c40c6d5a5df2906,True,actual,False,,,,,2026-09-07T15:44:36.205822+02:00
NSR:StopPlace:58869,Ås stasjon,2026-09-07T14:40:00+02:00,2026-09-07T14:41:02+02:00,2026-09-07T14:41:02+02:00,62.0,1,Moss,VYG:Line:R21,Stabekk-Oslo S-Moss,R21,rail,VYG:ServiceJourney:1137-HVK_443014-R,True,actual,False,,,,,2026-09-07T15:44:36.205822+02:00
NSR:StopPlace:58873,Skoppum stasjon,2026-09-07T14:30:00+02:00,2026-09-07T14:31:02+02:00,2026-09-07T14:31:02+02:00,62.0,1,Holtandalen-Horten,VKT:Line:40,Horten-Holtandalen-Skoppum,40,bus,VKT:ServiceJourney:17434,True,actual,False,,,,,2026-09-07T15:44:36.205822+02:00
NSR:StopPlace:61464,Hvalstad stasjon,2026-09-07T08:25:00+02:00,2026-09-07T08:26:02+02:00,2026-09-07T08:26:02+02:00,62.0,1,Asker,VYG:Line:L1,Spikkestad-Oslo S-Lillestrøm,L1,rail,VYG:ServiceJourney:2111_728233-R,True,actual,False,Færre vogner,Denne avgangen kjører dessverre med 4 vogner i stedet for 8 vogner. Dette skyldes at vi mangler et togsett.,general,normal,2026-09-07T08:42:24.659182+02:00
NSR:StopPlace:59872,Oslo S,2026-09-07T06:25:00+02:00,2026-09-07T06:26:02+02:00,2026-09-07T06:26:02+02:00,62.0,1,Bergen,VYG:Line:F4,Oslo S-Bergen,F4,rail,VYG:ServiceJourney:61-LOD_504304-R,True,actual,False,,,,,2026-09-07T08:42:24.659182+02:00
NSR:StopPlace:59648,Kjelsås stasjon,2026-09-07T07:49:00+02:00,2026-09-07T07:50:02+02:00,2026-09-07T07:50:02+02:00,62.0,1,Majorstuen,RUT:Line:25,Majorstuen-Haugerud,25,bus,RUT:ServiceJourney:457ccc123a2ba5276259eb18f4b64e52,True,actual,False,,,,,2026-09-07T08:42:24.659182+02:00
NSR:StopPlace:59641,Fjellhamar stasjon,2026-09-07T07:02:00+02:00,2026-09-07T07:03:02+02:00,2026-09-07T07:03:02+02:00,62.0,1,Asker,VYG:Line:L1,Spikkestad-Oslo S-Lillestrøm,L1,rail,VYG:ServiceJourney:2109_443513-R,True,actual,False,,,,,2026-09-07T08:42:24.659182+02:00
NSR:StopPlace:59643,Grefsen stasjon,2026-09-07T06:53:00+02:00,2026-09-07T06:54:02+02:00,2026-09-07T06:54:02+02:00,62.0,1,Lysaker,RUT:Line:23,Lysaker - Simensbråten,23,bus,RUT:ServiceJourney:e65daa8f73dd7177f4fa566d1d5591d4,True,actual,False,,,,,2026-09-07T08:42:24.659182+02:00
NSR:StopPlace:60640,Heimdal stasjon,2026-09-07T07:07:00+02:00,2026-09-07T07:08:02+02:00,2026-09-07T07:08:02+02:00,62.0,1,Torgård,ATB:Line:2_46,Torgård- Lundåsen,46,bus,ATB:ServiceJourney:46_251215112544238_9,True,actual,False,,,,,2026-09-07T08:42:24.659182+02:00
NSR:StopPlace:59653,Haugenstua stasjon,2026-09-07T07:25:00+02:00,2026-09-07T07:26:02+02:00,2026-09-07T07:26:02+02:00,62.0,1,Spikkestad,VYG:Line:L1,Spikkestad-Oslo S-Lillestrøm,L1,rail,VYG:ServiceJourney:2211_443602-R,True,actual,False,,,,,2026-09-07T08:42:24.659182+02:00
NSR:StopPlace:60944,Ski stasjon,2026-09-07T06:16:00+02:00,2026-09-07T06:17:02+02:00,2026-09-07T06:17:02+02:00,62.0,1,Hebekk / Finstad,RUT:Line:525,Kråkstad - Ski - Kråkstad,525,bus,RUT:ServiceJourney:b607c4c9a89a8f055c459199b36588d4,True,actual,False,,,,,2026-09-07T08:42:24.659182+02:00
NSR:StopPlace:59243,Mo i Rana stasjon,2026-09-07T07:53:00+02:00,2026-09-07T07:54:02+02:00,2026-09-07T07:54:02+02:00,62.0,1,Grubbåsen,NOR:Line:12_8371,Grubbåsen - Båsmobakken/Skillevollen,1,bus,NOR:ServiceJourney:8371_251012124858559_2005,True,actual,False,,,,,2026-09-07T08:42:24.659182+02:00
NSR:StopPlace:59243,Mo i Rana stasjon,2026-09-07T07:57:00+02:00,2026-09-07T07:58:02+02:00,2026-09-07T07:58:02+02:00,62.0,1,Skillevollen,NOR:Line:12_8371,Grubbåsen - Båsmobakken/Skillevollen,1,bus,NOR:ServiceJourney:8371_251012124858484_1008,True,actual,False,,,,,2026-09-07T08:42:24.659182+02:00
NSR:StopPlace:59637,Rosenholm stasjon,2026-09-07T08:28:00+02:00,2026-09-07T08:29:02+02:00,2026-09-07T08:29:02+02:00,62.0,1,Stabekk,VYG:Line:L2,Stabekk-Oslo S-Ski,L2,rail,VYG:ServiceJourney:2718-SKI_443924-R,True,actual,False,,,,,2026-09-07T08:42:24.659182+02:00
NSR:StopPlace:58963,Jessheim stasjon,2026-09-07T07:50:00+02:00,2026-09-07T07:51:02+02:00,2026-09-07T07:51:02+02:00,62.0,1,Oslo S,VYG:Line:R13x,Drammen-Oslo S-Dal,R13x,rail,VYG:ServiceJourney:1690-JEH_443386-R,True,actual,False,,,,,2026-09-07T08:42:24.659182+02:00
NSR:StopPlace:58918,Nodeland stasjon,2026-09-07T06:51:00+02:00,2026-09-07T06:52:02+02:00,2026-09-07T06:52:02+02:00,62.0,1,Høllen,AKT:Line:1048,Høllen - Nodelandsheia,48,bus,AKT:ServiceJourney:76985_92_22_48840_50160_1099022,True,actual,False,,,,,2026-09-07T08:42:24.659182+02:00
NSR:StopPlace:58844,Eidsvoll stasjon,2026-09-07T06:38:00+02:00,2026-09-07T06:39:02+02:00,2026-09-07T06:39:02+02:00,62.0,1,Gullverket,RUT:Line:442,Gullverket - Eidsvoll,442,bus,RUT:ServiceJourney:870ffcf27297502de39ac3968629f7aa,True,actual,False,,,,,2026-09-07T08:42:24.659182+02:00
NSR:StopPlace:58852,Høn stasjon,2026-09-07T07:20:00+02:00,2026-09-07T07:21:02+02:00,2026-09-07T07:21:02+02:00,62.0,1,Lillestrøm,VYG:Line:L1,Spikkestad-Oslo S-Lillestrøm,L1,rail,VYG:ServiceJourney:2112_443517-R,True,actual,False,,,,,2026-09-07T08:42:24.659182+02:00
NSR:StopPlace:58856,Lysaker stasjon,2026-09-07T05:57:00+02:00,2026-09-07T05:58:02+02:00,2026-09-07T05:58:02+02:00,62.0,1,Oslo Lufthavn,FLT:Line:FLY2,FLY2,FLY2,rail,FLT:ServiceJourney:1-2614-3507-20260907,True,actual,False,,,,,2026-09-07T08:42:24.659182+02:00
NSR:StopPlace:58862,Strømmen stasjon,2026-09-07T06:28:00+02:00,2026-09-07T06:29:02+02:00,2026-09-07T06:29:02+02:00,62.0,1,Helsfyr,RUT:Line:375,Strømmen - Olavsgaard - Helsfyr,375,bus,RUT:ServiceJourney:fbe25892b368c7e3ba96d355d1ded8e3,True,actual,False,,,,,2026-09-07T08:42:24.659182+02:00
NSR:StopPlace:58874,Stokke stasjon,2026-09-07T08:35:00+02:00,2026-09-07T08:36:02+02:00,2026-09-07T08:36:02+02:00,62.0,1,Råstad-Sandefjord,VKT:Line:720,Sandefjord-Unneberg-Stokke,720,bus,VKT:ServiceJourney:17786,True,actual,False,,,,,2026-09-07T08:42:24.659182+02:00
NSR:StopPlace:58886,Arendal stasjon,2026-09-07T06:27:00+02:00,2026-09-07T06:28:02+02:00,2026-09-07T06:28:02+02:00,62.0,1,Solåsen,AKT:Line:111,Sykehuset-Arendal-Solåsen,111,bus,AKT:ServiceJourney:73581_11_28_46200_47820_40001009,True,actual,False,,,,,2026-09-07T08:42:24.659182+02:00
NSR:StopPlace:58801,Sarpsborg stasjon,2026-09-07T06:53:00+02:00,2026-09-07T06:54:02+02:00,2026-09-07T06:54:02+02:00,62.0,1,Oslo S,VYG:Line:RE20,Oslo S-Halden-Göteborg (X-Border),RE20,rail,VYG:ServiceJourney:144-HLD_509065-R,True,actual,False,Færre vogner,Denne avgangen kjører dessverre med 4 vogner i stedet for 8 vogner. Dette skyldes at vi mangler et togsett.,general,normal,2026-09-07T08:42:24.659182+02:00
NSR:StopPlace:58823,Jaren stasjon,2026-09-07T08:20:00+02:00,2026-09-07T08:21:02+02:00,2026-09-07T08:21:02+02:00,62.0,1,Roa,VYG:Line:RE30,Oslo S-Gjøvik,RE30,rail,VYG:ServiceJourney:1208-GJOe_589122-R,True,actual,False,,,,,2026-09-07T08:42:24.659182+02:00
NSR:StopPlace:101,Sagdalen stasjon,2026-09-07T08:28:00+02:00,2026-09-07T08:29:02+02:00,2026-09-07T08:29:02+02:00,62.0,1,Asker,VYG:Line:L1,Spikkestad-Oslo S-Lillestrøm,L1,rail,VYG:ServiceJourney:2115_443520-R,True,actual,False,,,,,2026-09-07T08:42:24.659182+02:00
NSR:StopPlace:313,Høybråten stasjon,2026-09-07T08:38:00+02:00,2026-09-07T08:39:02+02:00,2026-09-07T08:39:02+02:00,62.0,1,Asker,VYG:Line:L1,Spikkestad-Oslo S-Lillestrøm,L1,rail,VYG:ServiceJourney:2115_443520-R,True,actual,False,,,,,2026-09-07T08:42:24.659182+02:00
NSR:StopPlace:702,Sandnes sentrum stasjon,2026-09-07T06:07:00+02:00,2026-09-07T06:08:02+02:00,2026-09-07T06:08:02+02:00,62.0,1,Stavanger,GOA:Line:59,Jærbanen,L5,rail,GOA:ServiceJourney:3003_63034-R,True,actual,False,,,,,2026-09-07T08:42:24.659182+02:00
NSR:StopPlace:62311,Vigrestad stasjon,2026-09-07T06:40:00+02:00,2026-09-07T06:41:02+02:00,2026-09-07T06:41:02+02:00,62.0,1,Egersund,GOA:Line:59,Jærbanen,L5,rail,GOA:ServiceJourney:3008_63040-R,True,actual,False,,,,,2026-09-07T08:42:24.659182+02:00
NSR:StopPlace:58211,Oslo lufthavn,2026-09-08T01:45:00+02:00,2026-09-08T01:46:01+02:00,2026-09-08T01:46:01+02:00,61.0,1,Oslo sentrum via Helsfyr-Hasle-Bislett,NBU:Line:a7c15243-8873-4aee-a8b4-8d22e8ad31dc,Oslo sentrum via Helsfyr-Hasle-Bislett,FB5,bus,NBU:ServiceJourney:f1515101-fa5e-4f88-ae6c-93af1e61d517,True,actual,False,,,,,2026-09-08T03:39:50.209703+02:00
NSR:StopPlace:59641,Fjellhamar stasjon,2026-09-07T22:02:00+02:00,2026-09-07T22:03:01+02:00,2026-09-07T22:03:01+02:00,61.0,1,Asker,VYG:Line:L1,Spikkestad-Oslo S-Lillestrøm,L1,rail,VYG:ServiceJourney:2169_443579-R,True,actual,False,,,,,2026-09-08T00:20:52.129880+02:00
NSR:StopPlace:58963,Jessheim stasjon,2026-09-07T23:33:00+02:00,2026-09-07T23:34:01+02:00,2026-09-07T23:34:01+02:00,61.0,1,Kopperud,RUT:Line:420,Maura -  Jessheim,420,bus,RUT:ServiceJourney:2a3fdbebbf096c06f50d27de0c465fe4,True,actual,False,,,,,2026-09-08T00:20:52.129880+02:00
NSR:StopPlace:58852,Høn stasjon,2026-09-07T21:50:00+02:00,2026-09-07T21:51:01+02:00,2026-09-07T21:51:01+02:00,61.0,1,Lillestrøm,VYG:Line:L1,Spikkestad-Oslo S-Lillestrøm,L1,rail,VYG:ServiceJourney:2170_443581-R,True,actual,False,,,,,2026-09-08T00:20:52.129880+02:00
NSR:StopPlace:58854,Langhus stasjon,2026-09-07T21:54:00+02:00,2026-09-07T21:55:01+02:00,2026-09-07T21:55:01+02:00,61.0,1,Drøbak - Seiersten,RUT:Line:510,Bøleråsen - Ski - Ås - Drøbak,510,bus,RUT:ServiceJourney:e1927eba8cb25b4352594cc4624bb36f,True,actual,False,,,,,2026-09-08T00:20:52.129880+02:00
NSR:StopPlace:58854,Langhus stasjon,2026-09-07T22:57:00+02:00,2026-09-07T22:58:01+02:00,2026-09-07T22:58:01+02:00,61.0,1,Skøyen,VYG:Line:L2,Stabekk-Oslo S-Ski,L2,rail,VYG:ServiceJourney:2876-SKI_488402-R,True,actual,False,,,,,2026-09-08T00:20:52.129880+02:00
NSR:StopPlace:58851,Heggedal stasjon,2026-09-07T23:29:00+02:00,2026-09-07T23:30:01+02:00,2026-09-07T23:30:01+02:00,61.0,1,Asker,RUT:Line:280,Asker - Dikemark - Heggedal,280,bus,RUT:ServiceJourney:6b1aae543253e58cc760a8232597d5ec,True,actual,False,,,,,2026-09-08T00:20:52.129880+02:00
NSR:StopPlace:58866,Vevelstad stasjon,2026-09-07T21:51:00+02:00,2026-09-07T21:52:01+02:00,2026-09-07T21:52:01+02:00,61.0,1,Drøbak - Seiersten,RUT:Line:510,Bøleråsen - Ski - Ås - Drøbak,510,bus,RUT:ServiceJourney:e1927eba8cb25b4352594cc4624bb36f,True,actual,False,,,,,2026-09-08T00:20:52.129880+02:00
NSR:StopPlace:58874,Stokke stasjon,2026-09-07T22:56:00+02:00,2026-09-07T22:57:01+02:00,2026-09-07T22:57:01+02:00,61.0,1,Eidsvoll,VYG:Line:RE11,Eidsvoll-Oslo S-Skien,RE11,rail,VYG:ServiceJourney:838-341_515579-R,True,actual,False,,,,,2026-09-08T00:20:52.129880+02:00
NSR:StopPlace:610,Sandvika stasjon,2026-09-07T20:54:00+02:00,2026-09-07T20:55:01+02:00,2026-09-07T20:55:01+02:00,61.0,1,Skien,VYG:Line:RE11,Eidsvoll-Oslo S-Skien,RE11,rail,VYG:ServiceJourney:833_444413-R,True,actual,False,Færre vogner,Denne avgangen kjører dessverre med 5 vogner i stedet for 10 vogner. Dette skyldes at vi mangler et togsett.,general,normal,2026-09-08T00:20:52.129880+02:00
NSR:StopPlace:62309,Ljan stasjon,2026-09-07T23:39:00+02:00,2026-09-07T23:40:01+02:00,2026-09-07T23:40:01+02:00,61.0,1,Ski,VYG:Line:L2,Stabekk-Oslo S-Ski,L2,rail,VYG:ServiceJourney:2873_444117-R,True,actual,False,,,,,2026-09-08T00:20:52.129880+02:00
NSR:StopPlace:61314,Hovin stasjon,2026-09-07T17:33:00+02:00,2026-09-07T17:34:01+02:00,2026-09-07T17:34:01+02:00,61.0,1,Trondheim S,SJN:Line:25,Rørosbanen,R60,rail,SJN:ServiceJourney:2385_30335-R,True,actual,False,,,,,2026-09-07T20:27:16.249662+02:00
NSR:StopPlace:59650,Nyland stasjon,2026-09-07T17:29:00+02:00,2026-09-07T17:30:01+02:00,2026-09-07T17:30:01+02:00,61.0,1,Spikkestad,VYG:Line:L1,Spikkestad-Oslo S-Lillestrøm,L1,rail,VYG:ServiceJourney:2251_443671-R,True,actual,False,,,,,2026-09-07T20:27:16.249662+02:00
NSR:StopPlace:59977,Trondheim S,2026-09-07T16:56:00+02:00,2026-09-07T16:57:01+02:00,2026-09-07T16:57:01+02:00,61.0,1,Sandmoen via St. Olavs h.-Byåsen,ATB:Line:2_23,Brattøra - St. Olavs - Hallset - Flatåsen - Sandmoen,23,bus,ATB:ServiceJourney:23_251215112545560_96,True,actual,False,,,,,2026-09-07T20:27:16.249662+02:00
NSR:StopPlace:58963,Jessheim stasjon,2026-09-07T16:55:00+02:00,2026-09-07T16:56:01+02:00,2026-09-07T16:56:01+02:00,61.0,1,Eidsvoll,RUT:Line:430,Eidsvoll - Jessheim,430,bus,RUT:ServiceJourney:bcb3ff3d634a78e8ca1dad6a351a7211,True,actual,False,,,,,2026-09-07T20:27:16.249662+02:00
NSR:StopPlace:58844,Eidsvoll stasjon,2026-09-07T18:15:00+02:00,2026-09-07T18:16:01+02:00,2026-09-07T18:16:01+02:00,61.0,1,Jessheim,RUT:Line:430,Eidsvoll - Jessheim,430,bus,RUT:ServiceJourney:7a8a8995c212a377df0fb54499c9e93c,True,actual,False,,,,,2026-09-07T20:27:16.249662+02:00
NSR:StopPlace:58852,Høn stasjon,2026-09-07T18:36:00+02:00,2026-09-07T18:37:01+02:00,2026-09-07T18:37:01+02:00,61.0,1,Lillestrøm,VYG:Line:L1,Spikkestad-Oslo S-Lillestrøm,L1,rail,VYG:ServiceJourney:2258_443682-R,True,actual,False,,,,,2026-09-07T20:27:16.249662+02:00
NSR:StopPlace:58854,Langhus stasjon,2026-09-07T17:39:00+02:00,2026-09-07T17:40:01+02:00,2026-09-07T17:40:01+02:00,61.0,1,Drøbak - Frogn vgs.,RUT:Line:510,Bøleråsen - Ski - Ås - Drøbak,510,bus,RUT:ServiceJourney:af2290dbe3dc8c3372c4c3935e56f4bc,True,actual,False,,,,,2026-09-07T20:27:16.249662+02:00
NSR:StopPlace:58865,Vestby stasjon,2026-09-07T18:10:00+02:00,2026-09-07T18:11:01+02:00,2026-09-07T18:11:01+02:00,61.0,1,Stabekk,VYG:Line:R21,Stabekk-Oslo S-Moss,R21,rail,VYG:ServiceJourney:1156-MOS_443041-R,True,actual,False,,,,,2026-09-07T20:27:16.249662+02:00
NSR:StopPlace:610,Sandvika stasjon,2026-09-07T17:15:00+02:00,2026-09-07T17:16:01+02:00,2026-09-07T17:16:01+02:00,61.0,1,Lillehammer,VYG:Line:RE10,Drammen-Oslo S-Lillehammer,RE10,rail,VYG:ServiceJourney:327-SUD_444222-R,True,actual,False,,,,,2026-09-07T20:27:16.249662+02:00
NSR:StopPlace:62309,Ljan stasjon,2026-09-07T19:24:00+02:00,2026-09-07T19:25:01+02:00,2026-09-07T19:25:01+02:00,61.0,1,Ski,VYG:Line:L2,Stabekk-Oslo S-Ski,L2,rail,VYG:ServiceJourney:2757-HVK_443968-R,True,actual,False,,,,,2026-09-07T20:27:16.249662+02:00
NSR:StopPlace:62377,Ronglan stasjon,2026-09-07T18:31:00+02:00,2026-09-07T18:32:01+02:00,2026-09-07T18:32:01+02:00,61.0,1,Ler,SJN:Line:26,Trønderbanen,R70,rail,SJN:ServiceJourney:446_56075-R,True,actual,False,,,,,2026-09-07T20:27:16.249662+02:00
NSR:StopPlace:61387,Skogn stasjon,2026-09-07T14:35:00+02:00,2026-09-07T14:36:01+02:00,2026-09-07T14:36:01+02:00,61.0,1,Steinkjer,SJN:Line:26,Trønderbanen,R70,rail,SJN:ServiceJourney:437_56066-R,True,actual,False,,,,,2026-09-07T15:44:36.205822+02:00
NSR:StopPlace:61897,Bryn stasjon,2026-09-07T15:05:00+02:00,2026-09-07T15:06:01+02:00,2026-09-07T15:06:01+02:00,61.0,1,Spikkestad,VYG:Line:L1,Spikkestad-Oslo S-Lillestrøm,L1,rail,VYG:ServiceJourney:2241_443652-R,True,actual,False,,,,,2026-09-07T15:44:36.205822+02:00
NSR:StopPlace:60736,Spikkestad stasjon,2026-09-07T14:46:00+02:00,2026-09-07T14:47:01+02:00,2026-09-07T14:47:01+02:00,61.0,1,Lillestrøm,VYG:Line:L1,Spikkestad-Oslo S-Lillestrøm,L1,rail,VYG:ServiceJourney:2244_445341-R,True,actual,False,,,,,2026-09-07T15:44:36.205822+02:00
NSR:StopPlace:58826,Reinsvoll stasjon,2026-09-07T15:43:00+02:00,2026-09-07T15:44:01+02:00,2026-09-07T15:44:01+02:00,61.0,1,Reinsvoll o/Smågarda,INN:Line:403,Gjøvik-Raufoss-Reinsvoll-Lena,403,bus,INN:ServiceJourney:65766,True,actual,False,,,,,2026-09-07T15:44:36.205822+02:00
NSR:StopPlace:62308,Alna stasjon,2026-09-07T15:02:00+02:00,2026-09-07T15:03:01+02:00,2026-09-07T15:03:01+02:00,61.0,1,Spikkestad,VYG:Line:L1,Spikkestad-Oslo S-Lillestrøm,L1,rail,VYG:ServiceJourney:2241_443652-R,True,actual,False,,,,,2026-09-07T15:44:36.205822+02:00
NSR:StopPlace:61315,Nerdrum stasjon,2026-09-07T06:20:00+02:00,2026-09-07T06:21:01+02:00,2026-09-07T06:21:01+02:00,61.0,1,Kongsvinger,VYG:Line:R14,Asker-Oslo S-Kongsvinger,R14,rail,VYG:ServiceJourney:1003_442908-R,True,actual,False,,,,,2026-09-07T08:42:24.659182+02:00
NSR:StopPlace:59872,Oslo S,2026-09-07T06:40:00+02:00,2026-09-07T06:41:01+02:00,2026-09-07T06:41:01+02:00,61.0,1,Oslo Lufthavn,FLT:Line:FLY1,FLY1,FLY1,rail,FLT:ServiceJourney:1-2614-3713-20260907,True,actual,False,,,,,2026-09-07T08:42:24.659182+02:00
NSR:StopPlace:59620,Grorud stasjon,2026-09-07T06:42:00+02:00,2026-09-07T06:43:01+02:00,2026-09-07T06:43:01+02:00,61.0,1,Asker,VYG:Line:L1,Spikkestad-Oslo S-Lillestrøm,L1,rail,VYG:ServiceJourney:2107_443511-R,True,actual,False,,,,,2026-09-07T08:42:24.659182+02:00
NSR:StopPlace:58964,Kløfta stasjon,2026-09-07T06:51:00+02:00,2026-09-07T06:52:01+02:00,2026-09-07T06:52:01+02:00,61.0,1,Kløfta,RUT:Line:425,Kløfta – Oslo lufthavn,425,bus,RUT:ServiceJourney:dd740cf9be32e5d2a5b960de978a1d35,True,actual,False,,,,,2026-09-07T08:42:24.659182+02:00
NSR:StopPlace:58964,Kløfta stasjon,2026-09-07T07:39:00+02:00,2026-09-07T07:40:01+02:00,2026-09-07T07:40:01+02:00,61.0,1,Ask,RUT:Line:405,Kløfta - Ask terminal,405,bus,RUT:ServiceJourney:4881b597a36bdf477527d86463575a6b,True,actual,False,,,,,2026-09-07T08:42:24.659182+02:00
NSR:StopPlace:58964,Kløfta stasjon,2026-09-07T08:14:00+02:00,2026-09-07T08:15:01+02:00,2026-09-07T08:15:01+02:00,61.0,1,Drammen,VYG:Line:R13,Drammen-Oslo S-Dal,R13,rail,VYG:ServiceJourney:1614_481141-R,True,actual,False,,,,,2026-09-07T08:42:24.659182+02:00
NSR:StopPlace:58925,Gausel stasjon,2026-09-07T06:44:00+02:00,2026-09-07T06:45:01+02:00,2026-09-07T06:45:01+02:00,61.0,1,Sandnes,KOL:Line:8_1007,6,6,bus,KOL:ServiceJourney:1007_260729080905700_1003,True,actual,False,,,,,2026-09-07T08:42:24.659182+02:00
NSR:StopPlace:58948,Stjørdal stasjon,2026-09-07T05:48:00+02:00,2026-09-07T05:49:01+02:00,2026-09-07T05:49:01+02:00,61.0,1,A Marienborg via Innherredsveien,ATB:Line:2_70,Stjørdal/Hommelvik- Trondheim,70,bus,ATB:ServiceJourney:70_251215112546906_4,True,actual,False,,,,,2026-09-07T08:42:24.659182+02:00
NSR:StopPlace:58797,Mysen stasjon,2026-09-07T05:46:00+02:00,2026-09-07T05:47:01+02:00,2026-09-07T05:47:01+02:00,61.0,1,Oslo bussterminal,OST:Line:1_9,Timekspress linje 9,9,bus,OST:ServiceJourney:9_260325121472412_9001,True,actual,False,,,,,2026-09-07T08:42:24.659182+02:00
NSR:StopPlace:58865,Vestby stasjon,2026-09-07T06:20:00+02:00,2026-09-07T06:21:01+02:00,2026-09-07T06:21:01+02:00,61.0,1,Moss,RUT:Line:540,Moss - Son - Vestby stasjon,540,bus,RUT:ServiceJourney:e79b750c75d321c643d5c2687e7dbd54,True,actual,False,,,,,2026-09-07T08:42:24.659182+02:00
NSR:StopPlace:58866,Vevelstad stasjon,2026-09-07T07:44:00+02:00,2026-09-07T07:45:01+02:00,2026-09-07T07:45:01+02:00,61.0,1,Stabekk,VYG:Line:L2,Stabekk-Oslo S-Ski,L2,rail,VYG:ServiceJourney:2716-SKI_443922-R,True,actual,False,,,,,2026-09-07T08:42:24.659182+02:00
NSR:StopPlace:58868,Årnes stasjon,2026-09-07T07:07:00+02:00,2026-09-07T07:08:01+02:00,2026-09-07T07:08:01+02:00,61.0,1,Asker,VYG:Line:R14,Asker-Oslo S-Kongsvinger,R14,rail,VYG:ServiceJourney:1006_442911-R,True,actual,False,,,,,2026-09-07T08:42:24.659182+02:00
NSR:StopPlace:58862,Strømmen stasjon,2026-09-07T06:43:00+02:00,2026-09-07T06:44:01+02:00,2026-09-07T06:44:01+02:00,61.0,1,Lørenskog sentrum,RUT:Line:385,Nittedal stasjon - Olavsgaard - Ahus,385,bus,RUT:ServiceJourney:208ffffe7c36ca603841da47ed743f5d,True,actual,False,,,,,2026-09-07T08:42:24.659182+02:00
NSR:StopPlace:58870,Holmestrand stasjon,2026-09-07T07:10:00+02:00,2026-09-07T07:11:01+02:00,2026-09-07T07:11:01+02:00,61.0,1,Hvitstein-Kleiverud,VKT:Line:30,Kleiverud-Holmestrand,30,bus,VKT:ServiceJourney:14849,True,actual,False,,,,,2026-09-07T08:42:24.659182+02:00
NSR:StopPlace:58884,Skien stasjon,2026-09-07T07:30:00+02:00,2026-09-07T07:31:01+02:00,2026-09-07T07:31:01+02:00,61.0,1,Seljord,TEL:Line:8181,Seljord-Bø-Skien,R1,bus,TEL:ServiceJourney:127084,True,actual,False,,,,,2026-09-07T08:42:24.659182+02:00
NSR:StopPlace:58814,Tolga stasjon,2026-09-07T08:21:00+02:00,2026-09-07T08:22:01+02:00,2026-09-07T08:22:01+02:00,61.0,1,Røros,INN:Line:182,Tynset - Røros,182,bus,INN:ServiceJourney:74860,True,actual,False,,,,,2026-09-07T08:42:24.659182+02:00
NSR:StopPlace:58817,Eina stasjon,2026-09-07T05:56:00+02:00,2026-09-07T05:57:01+02:00,2026-09-07T05:57:01+02:00,61.0,1,Roa,VYG:Line:RE30,Oslo S-Gjøvik,RE30,rail,VYG:ServiceJourney:1204-GJOe_589110-R,True,actual,False,,,,,2026-09-07T08:42:24.659182+02:00
NSR:StopPlace:58820,Harestua stasjon,2026-09-07T06:15:00+02:00,2026-09-07T06:16:01+02:00,2026-09-07T06:16:01+02:00,61.0,1,Oslo S,VYG:Line:R31,Skøyen-Jaren-Gjøvik,R31,rail,VYG:ServiceJourney:BUS-244_655561-R,True,actual,False,,,,,2026-09-07T08:42:24.659182+02:00
NSR:StopPlace:59649,Nydalen stasjon,2026-09-07T23:28:00+02:00,2026-09-07T23:29:00+02:00,2026-09-07T23:29:00+02:00,60.0,1,Jaren,VYG:Line:R31,Skøyen-Jaren-Gjøvik,R31,rail,VYG:ServiceJourney:BUS-237_655495-R,True,actual,False,,,,,2026-09-08T00:20:52.129880+02:00
NSR:StopPlace:59649,Nydalen stasjon,2026-09-07T23:46:00+02:00,2026-09-07T23:47:00+02:00,2026-09-07T23:47:00+02:00,60.0,1,Simensbråten,RUT:Line:23,Lysaker - Simensbråten,23,bus,RUT:ServiceJourney:ac7eaf06aebc4d35a1e0017ddbbebace,True,actual,False,,,,,2026-09-08T00:20:52.129880+02:00
NSR:StopPlace:59652,Tøyen stasjon,2026-09-07T22:27:00+02:00,2026-09-07T22:28:00+02:00,2026-09-07T22:28:00+02:00,60.0,1,Tonsenhagen,RUT:Line:60,Vippetangen-Tonsenhagen,60,bus,RUT:ServiceJourney:c247044c1abb87bf5a599efcaf3325b5,True,actual,False,,,,,2026-09-08T00:20:52.129880+02:00
NSR:StopPlace:59952,Drammen stasjon,2026-09-07T21:22:00+02:00,2026-09-07T21:23:00+02:00,2026-09-07T21:23:00+02:00,60.0,1,Oslo Lufthavn,FLT:Line:FLY1,FLY1,FLY1,rail,FLT:ServiceJourney:1-2614-3805-20260907,True,actual,False,,,,,2026-09-08T00:20:52.129880+02:00
NSR:StopPlace:59638,Myrvoll stasjon,2026-09-07T22:36:00+02:00,2026-09-07T22:37:00+02:00,2026-09-07T22:37:00+02:00,60.0,1,Oslo S,VYG:Line:L2,Stabekk-Oslo S-Ski,L2,rail,VYG:ServiceJourney:2874_444118-R,True,actual,False,,,,,2026-09-08T00:20:52.129880+02:00
NSR:StopPlace:59639,Sonsveien stasjon,2026-09-07T23:25:00+02:00,2026-09-07T23:26:00+02:00,2026-09-07T23:26:00+02:00,60.0,1,Store Brevik - Son - Deør,RUT:Line:2545,Son med klokka,545A,bus,RUT:ServiceJourney:aa66ee51fa7b961e43f1bf36e20cad46,True,actual,False,,,,,2026-09-08T00:20:52.129880+02:00
NSR:StopPlace:58798,Rakkestad stasjon,2026-09-07T21:45:00+02:00,2026-09-07T21:46:00+02:00,2026-09-07T21:46:00+02:00,60.0,1,Oslo S,VYG:Line:R22,Skøyen-Oslo S-Mysen-Rakkestad,R22,rail,VYG:ServiceJourney:1938_443493-R,True,actual,False,,,,,2026-09-08T00:20:52.129880+02:00
NSR:StopPlace:58864,Sørumsand stasjon,2026-09-07T22:39:00+02:00,2026-09-07T22:40:00+02:00,2026-09-07T22:40:00+02:00,60.0,1,Orredalen,RUT:Line:366,Orredalen - Sørumsand,366,bus,RUT:ServiceJourney:2d45d54d694cdf250ce3ce93004cf9a5,True,actual,False,,,,,2026-09-08T00:20:52.129880+02:00
NSR:StopPlace:58869,Ås stasjon,2026-09-07T22:45:00+02:00,2026-09-07T22:46:00+02:00,2026-09-07T22:46:00+02:00,60.0,1,Stabekk,VYG:Line:R21,Stabekk-Oslo S-Moss,R21,rail,VYG:ServiceJourney:1174-MOS_443072-R,True,actual,False,,,,,2026-09-08T00:20:52.129880+02:00
NSR:StopPlace:61251,Øksnavadporten stasjon,2026-09-07T19:19:00+02:00,2026-09-07T19:20:00+02:00,2026-09-07T19:20:00+02:00,60.0,1,Egersund,GOA:Line:59,Jærbanen,L5,rail,GOA:ServiceJourney:3060_63114-R,True,actual,False,,,,,2026-09-07T20:27:16.249662+02:00
NSR:StopPlace:61169,Marienborg stasjon,2026-09-07T18:10:00+02:00,2026-09-07T18:11:00+02:00,2026-09-07T18:11:00+02:00,60.0,1,Pirbadet via St. Olavs hospital,ATB:Line:2_23,Brattøra - St. Olavs - Hallset - Flatåsen - Sandmoen,23,bus,ATB:ServiceJourney:23_251215112545525_103,True,actual,False,,,,,2026-09-07T20:27:16.249662+02:00
NSR:StopPlace:61336,Trollhättan Centralstation,2026-09-07T16:44:00+02:00,2026-09-07T16:45:00+02:00,2026-09-07T16:45:00+02:00,60.0,1,Oslo S,VYG:Line:RE20,Oslo S-Halden-Göteborg (X-Border),RE20,rail,VYG:ServiceJourney:392-130_465603-R,True,actual,False,,,,,2026-09-07T20:27:16.249662+02:00
NSR:StopPlace:61336,Trollhättan Centralstation,2026-09-07T18:44:00+02:00,2026-09-07T18:45:00+02:00,2026-09-07T18:45:00+02:00,60.0,1,Oslo S,VYG:Line:RE20,Oslo S-Halden-Göteborg (X-Border),RE20,rail,VYG:ServiceJourney:394-134_463487-R,True,actual,False,,,,,2026-09-07T20:27:16.249662+02:00
NSR:StopPlace:59703,Åndalsnes stasjon,2026-09-07T16:29:00+02:00,2026-09-07T16:30:00+02:00,2026-09-07T16:30:00+02:00,60.0,1,Dombås,SJN:Line:22,Raumabanen,R65,rail,SJN:ServiceJourney:2348_47878-R,True,actual,False,,,,,2026-09-07T20:27:16.249662+02:00
NSR:StopPlace:60944,Ski stasjon,2026-09-07T16:48:00+02:00,2026-09-07T16:49:00+02:00,2026-09-07T16:49:00+02:00,60.0,1,Lillestrøm,RUT:Line:350,Lillestrøm - Ski,350,bus,RUT:ServiceJourney:533216fc046f210b7ebca0c766f52fce,True,actual,False,,,,,2026-09-07T20:27:16.249662+02:00
NSR:StopPlace:59243,Mo i Rana stasjon,2026-09-07T18:06:00+02:00,2026-09-07T18:07:00+02:00,2026-09-07T18:07:00+02:00,60.0,1,Bodø,SJN:Line:71,Nordlandsbanen,F7,rail,SJN:ServiceJourney:479_41164-R,True,actual,False,,,,,2026-09-07T20:27:16.249662+02:00
NSR:StopPlace:58924,Bryne stasjon,2026-09-07T17:20:00+02:00,2026-09-07T17:21:00+02:00,2026-09-07T17:21:00+02:00,60.0,1,Sandnes via Kleppekrossen,KOL:Line:8_2019,52,52,bus,KOL:ServiceJourney:2019_260728141809958_1021,True,actual,False,,,,,2026-09-07T20:27:16.249662+02:00
NSR:StopPlace:58930,Larvik stasjon,2026-09-07T18:10:00+02:00,2026-09-07T18:11:00+02:00,2026-09-07T18:11:00+02:00,60.0,1,Stavern-Kysthospitalet,VKT:Line:4,Torp-Sandefjord-Larvik-Stavern,4,bus,VKT:ServiceJourney:17631,True,actual,False,,,,,2026-09-07T20:27:16.249662+02:00
NSR:StopPlace:58930,Larvik stasjon,2026-09-07T19:50:00+02:00,2026-09-07T19:51:00+02:00,2026-09-07T19:51:00+02:00,60.0,1,Larvik-Nordbyen,VKT:Line:81,Nordbyen-Nevlunghavn,81,bus,VKT:ServiceJourney:18144,True,actual,False,,,,,2026-09-07T20:27:16.249662+02:00
NSR:StopPlace:58932,Hommelvik stasjon,2026-09-07T19:12:00+02:00,2026-09-07T19:13:00+02:00,2026-09-07T19:13:00+02:00,60.0,1,Ler,SJN:Line:26,Trønderbanen,R70,rail,SJN:ServiceJourney:446_56075-R,True,actual,False,,,,,2026-09-07T20:27:16.249662+02:00
NSR:StopPlace:58845,Eidsvoll verk stasjon,2026-09-07T18:55:00+02:00,2026-09-07T18:56:00+02:00,2026-09-07T18:56:00+02:00,60.0,1,Eidsvoll,VYG:Line:RE11,Eidsvoll-Oslo S-Skien,RE11,rail,VYG:ServiceJourney:826_481332-R,True,actual,False,Færre vogner,Denne avgangen kjører dessverre med 5 vogner i stedet for 10 vogner. Dette skyldes at vi mangler et togsett.,general,normal,2026-09-07T20:27:16.249662+02:00
NSR:StopPlace:261,Ganddal stasjon,2026-09-07T19:15:00+02:00,2026-09-07T19:16:00+02:00,2026-09-07T19:16:00+02:00,60.0,1,Egersund,GOA:Line:59,Jærbanen,L5,rail,GOA:ServiceJourney:3060_63114-R,True,actual,False,,,,,2026-09-07T20:27:16.249662+02:00
NSR:StopPlace:62094,Lindeberg stasjon,2026-09-07T19:07:00+02:00,2026-09-07T19:08:00+02:00,2026-09-07T19:08:00+02:00,60.0,1,Dal,VYG:Line:R13,Drammen-Oslo S-Dal,R13,rail,VYG:ServiceJourney:1655_443331-R,True,actual,False,,,,,2026-09-07T20:27:16.249662+02:00
NSR:StopPlace:62361,Reimegrend stasjon,2026-09-07T19:16:00+02:00,2026-09-07T19:17:00+02:00,2026-09-07T19:17:00+02:00,60.0,1,Bergen,VYG:Line:R40,Bergen-Voss-Myrdal-Ål,R40,rail,VYG:ServiceJourney:1835_477934-R,True,actual,False,,,,,2026-09-07T20:27:16.249662+02:00
NSR:StopPlace:59958,Voss stasjon,2026-09-07T14:45:00+02:00,2026-09-07T14:46:00+02:00,2026-09-07T14:46:00+02:00,60.0,1,Gudvangen,SKY:Line:950,Bergen-Voss-Gudvangen,950,bus,SKY:ServiceJourney:950-205165-21338668,True,actual,False,,,,,2026-09-07T15:44:36.205822+02:00
NSR:StopPlace:60131,Ed station,2026-09-07T14:25:00+02:00,2026-09-07T14:26:00+02:00,2026-09-07T14:26:00+02:00,60.0,1,Göteborg C,VYG:Line:RE20,Oslo S-Halden-Göteborg (X-Border),RE20,rail,VYG:ServiceJourney:115-389_448305-R,True,actual,False,,,,,2026-09-07T15:44:36.205822+02:00
NSR:StopPlace:60016,Kråkstad stasjon,2026-09-07T14:36:00+02:00,2026-09-07T14:37:00+02:00,2026-09-07T14:37:00+02:00,60.0,1,Oslo S,VYG:Line:R22,Skøyen-Oslo S-Mysen-Rakkestad,R22,rail,VYG:ServiceJourney:1922_673815-R,True,actual,False,,,,,2026-09-07T15:44:36.205822+02:00
NSR:StopPlace:59091,Storekvina stasjon,2026-09-07T12:24:00+02:00,2026-09-07T12:25:00+02:00,2026-09-07T12:25:00+02:00,60.0,1,Oslo S,GOA:Line:50,Sørtoget region,F5,rail,GOA:ServiceJourney:710-KVB_71575-R,True,actual,False,,,,,2026-09-07T15:44:36.205822+02:00
NSR:StopPlace:59092,Gyland stasjon,2026-09-07T12:18:00+02:00,2026-09-07T12:19:00+02:00,2026-09-07T12:19:00+02:00,60.0,1,Oslo S,GOA:Line:50,Sørtoget region,F5,rail,GOA:ServiceJourney:710-KVB_71575-R,True,actual,False,,,,,2026-09-07T15:44:36.205822+02:00
NSR:StopPlace:58958,Rognan stasjon,2026-09-07T13:36:00+02:00,2026-09-07T13:37:00+02:00,2026-09-07T13:37:00+02:00,60.0,1,Trondheim S,SJN:Line:71,Nordlandsbanen,F7,rail,SJN:ServiceJourney:472_46160-R,True,actual,False,,,,,2026-09-07T15:44:36.205822+02:00
NSR:StopPlace:58836,Mjøndalen stasjon,2026-09-07T14:54:00+02:00,2026-09-07T14:55:00+02:00,2026-09-07T14:55:00+02:00,60.0,1,Drammen via Gulskogen,BRA:Line:4_6052,Drammen - Mjøndalen,52,bus,BRA:ServiceJourney:6052_260415100161106_1028,True,actual,False,,,,,2026-09-07T15:44:36.205822+02:00
NSR:StopPlace:58845,Eidsvoll verk stasjon,2026-09-07T15:25:00+02:00,2026-09-07T15:26:00+02:00,2026-09-07T15:26:00+02:00,60.0,1,Eidsvoll,VYG:Line:R12,Kongsberg-Oslo S-Eidsvoll,R12,rail,VYG:ServiceJourney:520_444322-R,True,actual,False,,,,,2026-09-07T15:44:36.205822+02:00
NSR:StopPlace:58852,Høn stasjon,2026-09-07T14:20:00+02:00,2026-09-07T14:21:00+02:00,2026-09-07T14:21:00+02:00,60.0,1,Lillestrøm,VYG:Line:L1,Spikkestad-Oslo S-Lillestrøm,L1,rail,VYG:ServiceJourney:2140_443548-R,True,actual,False,,,,,2026-09-07T15:44:36.205822+02:00
NSR:StopPlace:58868,Årnes stasjon,2026-09-07T14:07:00+02:00,2026-09-07T14:08:00+02:00,2026-09-07T14:08:00+02:00,60.0,1,Asker,VYG:Line:R14,Asker-Oslo S-Kongsvinger,R14,rail,VYG:ServiceJourney:1020_442928-R,True,actual,False,,,,,2026-09-07T15:44:36.205822+02:00
NSR:StopPlace:62393,Billingstad stasjon,2026-09-07T15:36:00+02:00,2026-09-07T15:37:00+02:00,2026-09-07T15:37:00+02:00,60.0,1,Spikkestad,VYG:Line:L1,Spikkestad-Oslo S-Lillestrøm,L1,rail,VYG:ServiceJourney:2241_443652-R,True,actual,False,,,,,2026-09-07T15:44:36.205822+02:00
NSR:StopPlace:8,Paradis stasjon,2026-09-07T04:42:00+02:00,2026-09-07T04:43:00+02:00,2026-09-07T04:43:00+02:00,60.0,1,Egersund,GOA:Line:59,Jærbanen,L5,rail,GOA:ServiceJourney:3004_63035-R,True,actual,False,,,,,2026-09-07T08:42:24.659182+02:00
NSR:StopPlace:61334,Ogna stasjon,2026-09-07T07:31:00+02:00,2026-09-07T07:32:00+02:00,2026-09-07T07:32:00+02:00,60.0,1,Stavanger,GOA:Line:59,Jærbanen,L5,rail,GOA:ServiceJourney:3013_63045-R,True,actual,False,,,,,2026-09-07T08:42:24.659182+02:00
NSR:StopPlace:59641,Fjellhamar stasjon,2026-09-07T05:47:00+02:00,2026-09-07T05:48:00+02:00,2026-09-07T05:48:00+02:00,60.0,1,Spikkestad,VYG:Line:L1,Spikkestad-Oslo S-Lillestrøm,L1,rail,VYG:ServiceJourney:2205_443593-R,True,actual,False,Færre vogner,Denne avgangen kjører dessverre med 4 vogner i stedet for 8 vogner. Dette skyldes at vi mangler et togsett.,general,normal,2026-09-07T08:42:24.659182+02:00
NSR:StopPlace:59643,Grefsen stasjon,2026-09-07T06:32:00+02:00,2026-09-07T06:33:00+02:00,2026-09-07T06:33:00+02:00,60.0,1,Gaustadalléen,RUT:Line:18,Grefsen st [4311] - Rikshospitalet,18,tram,RUT:ServiceJourney:6fca0f2dea2e23672ff610acd64e4a57,True,actual,False,,,,,2026-09-07T08:42:24.659182+02:00
NSR:StopPlace:59650,Nyland stasjon,2026-09-07T06:44:00+02:00,2026-09-07T06:45:00+02:00,2026-09-07T06:45:00+02:00,60.0,1,Asker,VYG:Line:L1,Spikkestad-Oslo S-Lillestrøm,L1,rail,VYG:ServiceJourney:2107_443511-R,True,actual,False,,,,,2026-09-07T08:42:24.659182+02:00
NSR:StopPlace:59654,Stabekk stasjon,2026-09-07T06:33:00+02:00,2026-09-07T06:34:00+02:00,2026-09-07T06:34:00+02:00,60.0,1,Oslo Lufthavn,FLT:Line:FLY2,FLY2,FLY2,rail,FLT:ServiceJourney:1-2614-3511-20260907,True,actual,False,,,,,2026-09-07T08:42:24.659182+02:00
NSR:StopPlace:60131,Ed station,2026-09-07T07:28:00+02:00,2026-09-07T07:29:00+02:00,2026-09-07T07:29:00+02:00,60.0,1,Oslo S,VYG:Line:RE20,Oslo S-Halden-Göteborg (X-Border),RE20,rail,VYG:ServiceJourney:382-110_482787-R,True,actual,False,,,,,2026-09-07T08:42:24.659182+02:00
NSR:StopPlace:60131,Ed station,2026-09-07T08:25:00+02:00,2026-09-07T08:26:00+02:00,2026-09-07T08:26:00+02:00,60.0,1,Göteborg C,VYG:Line:RE20,Oslo S-Halden-Göteborg (X-Border),RE20,rail,VYG:ServiceJourney:103-383_464567-R,True,actual,False,,,,,2026-09-07T08:42:24.659182+02:00
NSR:StopPlace:60053,Halden stasjon,2026-09-07T07:33:00+02:00,2026-09-07T07:34:00+02:00,2026-09-07T07:34:00+02:00,60.0,1,Halden sentrum,OST:Line:1_33,Tistedal-Vold skog,33,bus,OST:ServiceJourney:33_260325121472222_5,True,actual,False,,,,,2026-09-07T08:42:24.659182+02:00
NSR:StopPlace:59243,Mo i Rana stasjon,2026-09-07T07:56:00+02:00,2026-09-07T07:57:00+02:00,2026-09-07T07:57:00+02:00,60.0,1,Bodø,SJN:Line:71,Nordlandsbanen,F7,rail,SJN:ServiceJourney:473_48262-R,True,actual,False,,,,,2026-09-07T08:42:24.659182+02:00
NSR:StopPlace:59616,Asker stasjon,2026-09-07T06:19:00+02:00,2026-09-07T06:20:00+02:00,2026-09-07T06:20:00+02:00,60.0,1,Dal,VYG:Line:R13,Drammen-Oslo S-Dal,R13,rail,VYG:ServiceJourney:1607_443224-R,True,actual,False,,,,,2026-09-07T08:42:24.659182+02:00
NSR:StopPlace:58963,Jessheim stasjon,2026-09-07T07:03:00+02:00,2026-09-07T07:04:00+02:00,2026-09-07T07:04:00+02:00,60.0,1,Kopperud,RUT:Line:420,Maura -  Jessheim,420,bus,RUT:ServiceJourney:4b1200102c904c55c227a051d1cc068c,True,actual,False,,,,,2026-09-07T08:42:24.659182+02:00
NSR:StopPlace:58925,Gausel stasjon,2026-09-07T06:42:00+02:00,2026-09-07T06:43:00+02:00,2026-09-07T06:43:00+02:00,60.0,1,Stavanger,KOL:Line:8_1003,2,2,bus,KOL:ServiceJourney:1003_251008123091762_2010,True,actual,False,,,,,2026-09-07T08:42:24.659182+02:00
NSR:StopPlace:58794,Fredrikstad stasjon,2026-09-07T07:40:00+02:00,2026-09-07T07:41:00+02:00,2026-09-07T07:41:00+02:00,60.0,1,Kalnes,OST:Line:1_4,Fredrikstad - Kalnes,4,bus,OST:ServiceJourney:4_260325121471386_9,True,actual,False,,,,,2026-09-07T08:42:24.659182+02:00
NSR:StopPlace:58835,Lier stasjon,2026-09-07T07:47:00+02:00,2026-09-07T07:48:00+02:00,2026-09-07T07:48:00+02:00,60.0,1,Drammen,VYG:Line:R13,Drammen-Oslo S-Dal,R13,rail,VYG:ServiceJourney:1608_443225-R,True,actual,False,,,,,2026-09-07T08:42:24.659182+02:00
NSR:StopPlace:58845,Eidsvoll verk stasjon,2026-09-07T07:45:00+02:00,2026-09-07T07:46:00+02:00,2026-09-07T07:46:00+02:00,60.0,1,Eidsvoll,RUT:Line:430,Eidsvoll - Jessheim,430,bus,RUT:ServiceJourney:e59f70ed90d98193f0e790ab6674575d,True,actual,False,,,,,2026-09-07T08:42:24.659182+02:00
NSR:StopPlace:58850,Hauerseter stasjon,2026-09-07T06:00:00+02:00,2026-09-07T06:01:00+02:00,2026-09-07T06:01:00+02:00,60.0,1,Drammen,VYG:Line:R13,Drammen-Oslo S-Dal,R13,rail,VYG:ServiceJourney:1606_443223-R,True,actual,False,Færre vogner,Denne avgangen kjører dessverre med 5 vogner i stedet for 10 vogner. Dette skyldes at vi mangler et togsett.,general,normal,2026-09-07T08:42:24.659182+02:00
NSR:StopPlace:58866,Vevelstad stasjon,2026-09-07T05:51:00+02:00,2026-09-07T05:52:00+02:00,2026-09-07T05:52:00+02:00,60.0,1,Drøbak - Seiersten,RUT:Line:510,Bøleråsen - Ski - Ås - Drøbak,510,bus,RUT:ServiceJourney:6cab17daf24462c16df119bc20063fc2,True,actual,False,,,,,2026-09-07T08:42:24.659182+02:00
NSR:StopPlace:58866,Vevelstad stasjon,2026-09-07T07:03:00+02:00,2026-09-07T07:04:00+02:00,2026-09-07T07:04:00+02:00,60.0,1,Drøbak - Seiersten,RUT:Line:510,Bøleråsen - Ski - Ås - Drøbak,510,bus,RUT:ServiceJourney:2ca919b62827921d5d53a55d66808615,True,actual,False,,,,,2026-09-07T08:42:24.659182+02:00
NSR:StopPlace:58868,Årnes stasjon,2026-09-07T06:04:00+02:00,2026-09-07T06:05:00+02:00,2026-09-07T06:05:00+02:00,60.0,1,Asker,VYG:Line:R14,Asker-Oslo S-Kongsvinger,R14,rail,VYG:ServiceJourney:1004_442909-R,True,actual,False,,,,,2026-09-07T08:42:24.659182+02:00
NSR:StopPlace:58862,Strømmen stasjon,2026-09-07T06:43:00+02:00,2026-09-07T06:44:00+02:00,2026-09-07T06:44:00+02:00,60.0,1,Helsfyr,RUT:Line:375,Strømmen - Olavsgaard - Helsfyr,375,bus,RUT:ServiceJourney:18782b02bcc40c484f04e361f71549d3,True,actual,False,,,,,2026-09-07T08:42:24.659182+02:00
NSR:StopPlace:58862,Strømmen stasjon,2026-09-07T06:58:00+02:00,2026-09-07T06:59:00+02:00,2026-09-07T06:59:00+02:00,60.0,1,Helsfyr,RUT:Line:375,Strømmen - Olavsgaard - Helsfyr,375,bus,RUT:ServiceJourney:40329057f8c10f79b7efbf55ee2aac74,True,actual,False,,,,,2026-09-07T08:42:24.659182+02:00
NSR:StopPlace:58862,Strømmen stasjon,2026-09-07T07:58:00+02:00,2026-09-07T07:59:00+02:00,2026-09-07T07:59:00+02:00,60.0,1,Helsfyr,RUT:Line:375,Strømmen - Olavsgaard - Helsfyr,375,bus,RUT:ServiceJourney:e77f9a70195597816c008ddaa9e175ce,True,actual,False,,,,,2026-09-07T08:42:24.659182+02:00
NSR:StopPlace:58870,Holmestrand stasjon,2026-09-07T07:45:00+02:00,2026-09-07T07:46:00+02:00,2026-09-07T07:46:00+02:00,60.0,1,Horten-Tønsberg,VKT:Line:2,Tjøme-Tønsberg-Horten-Holmestr,2,bus,VKT:ServiceJourney:15817,True,actual,False,Forsinkelser Linje 2 og 411,Pga. veiarbeid i Horten sentrum vil det kunne oppstå forsinkelser på busser i tidsrommet 3.-11. september. ,incident,normal,2026-09-07T08:42:24.659182+02:00
NSR:StopPlace:374,Göteborg Centralstation,2026-09-07T06:14:00+02:00,2026-09-07T06:15:00+02:00,2026-09-07T06:15:00+02:00,60.0,1,Oslo S,VYG:Line:RE20,Oslo S-Halden-Göteborg (X-Border),RE20,rail,VYG:ServiceJourney:382-110_482787-R,True,actual,False,,,,,2026-09-07T08:42:24.659182+02:00
NSR:StopPlace:62392,Slependen stasjon,2026-09-07T05:59:00+02:00,2026-09-07T06:00:00+02:00,2026-09-07T06:00:00+02:00,60.0,1,Lillestrøm,VYG:Line:L1,Spikkestad-Oslo S-Lillestrøm,L1,rail,VYG:ServiceJourney:2106_443510-R,True,actual,False,,,,,2026-09-07T08:42:24.659182+02:00
NSR:StopPlace:58404,Nationaltheatret,2026-09-07T02:22:00+02:00,2026-09-07T02:23:00+02:00,2026-09-07T02:23:00+02:00,60.0,1,Grorud T,RUT:Line:31,Snarøya - Fornebu - Tonsenhagen - Grorud,31,bus,RUT:ServiceJourney:4d0d391ef662b1d2f0e6d76391ce6c15,True,actual,False,,,,,2026-09-07T03:30:22.110925+02:00
NSR:StopPlace:61466,Vakås stasjon,2026-09-08T01:41:30+02:00,2026-09-08T01:42:29+02:00,2026-09-08T01:42:29+02:00,59.0,1,Drammen,VYG:Line:L1,Spikkestad-Oslo S-Lillestrøm,L1,rail,VYG:ServiceJourney:2281_443719-R,True,actual,False,,,,,2026-09-08T03:39:50.209703+02:00
NSR:StopPlace:59641,Fjellhamar stasjon,2026-09-07T23:25:00+02:00,2026-09-07T23:25:59+02:00,2026-09-07T23:25:59+02:00,59.0,1,Vallerudtoppen,RUT:Line:315,Vallerudtoppen - Ahus,315,bus,RUT:ServiceJourney:ef21d70a0aa9b19c8b4f0e33fcf10cb0,True,actual,False,,,,,2026-09-08T00:20:52.129880+02:00
NSR:StopPlace:58948,Stjørdal stasjon,2026-09-07T23:56:00+02:00,2026-09-07T23:56:59+02:00,2026-09-07T23:56:59+02:00,59.0,1,Steinkjer,SJN:Line:26,Trønderbanen,R70,rail,SJN:ServiceJourney:457-SOeB_56085-R,True,actual,False,,,,,2026-09-08T00:20:52.129880+02:00
NSR:StopPlace:58854,Langhus stasjon,2026-09-07T21:57:00+02:00,2026-09-07T21:57:59+02:00,2026-09-07T21:57:59+02:00,59.0,1,Skøyen,VYG:Line:L2,Stabekk-Oslo S-Ski,L2,rail,VYG:ServiceJourney:2872-SKI_488400-R,True,actual,False,,,,,2026-09-08T00:20:52.129880+02:00
NSR:StopPlace:58851,Heggedal stasjon,2026-09-07T22:29:00+02:00,2026-09-07T22:29:59+02:00,2026-09-07T22:29:59+02:00,59.0,1,Rustadgrenda,RUT:Line:286,Rustadgrenda-Heggedal,286,bus,RUT:ServiceJourney:e37374aadfa0f3ab1bdf93c6c436afc8,True,actual,False,,,,,2026-09-08T00:20:52.129880+02:00
NSR:StopPlace:60077,Støren stasjon,2026-09-07T18:40:00+02:00,2026-09-07T18:40:59+02:00,2026-09-07T18:40:59+02:00,59.0,1,Trondheim S,ATB:Line:2_440,Støren - Røros,440,bus,ATB:ServiceJourney:440_260106098642803_33,True,actual,False,,,,,2026-09-07T20:27:16.249662+02:00
NSR:StopPlace:58935,Levanger stasjon,2026-09-07T20:20:00+02:00,2026-09-07T20:20:59+02:00,2026-09-07T20:20:59+02:00,59.0,1,Høgberget via Levanger stasjon,ATB:Line:2_604,Levanger - Høgberget,604,bus,ATB:ServiceJourney:604_260106098643096_50,True,actual,False,,,,,2026-09-07T20:27:16.249662+02:00
NSR:StopPlace:58843,Blommenholm stasjon,2026-09-07T19:28:00+02:00,2026-09-07T19:28:59+02:00,2026-09-07T19:28:59+02:00,59.0,1,Spikkestad,VYG:Line:L1,Spikkestad-Oslo S-Lillestrøm,L1,rail,VYG:ServiceJourney:2257_443680-R,True,actual,False,,,,,2026-09-07T20:27:16.249662+02:00
NSR:StopPlace:58845,Eidsvoll verk stasjon,2026-09-07T17:35:00+02:00,2026-09-07T17:35:59+02:00,2026-09-07T17:35:59+02:00,59.0,1,Kongsberg,VYG:Line:R12,Kongsberg-Oslo S-Eidsvoll,R12,rail,VYG:ServiceJourney:527_444334-R,True,actual,False,,,,,2026-09-07T20:27:16.249662+02:00
NSR:StopPlace:58870,Holmestrand stasjon,2026-09-07T16:31:00+02:00,2026-09-07T16:31:59+02:00,2026-09-07T16:31:59+02:00,59.0,1,Skien,VYG:Line:RE11,Eidsvoll-Oslo S-Skien,RE11,rail,VYG:ServiceJourney:823_444403-R,True,actual,False,,,,,2026-09-07T20:27:16.249662+02:00
NSR:StopPlace:58886,Arendal stasjon,2026-09-07T18:17:00+02:00,2026-09-07T18:17:59+02:00,2026-09-07T18:17:59+02:00,59.0,1,Eydehavn,AKT:Line:101,Eydehavn-Arendal-Grimstad N/S,101,bus,AKT:ServiceJourney:71890_432_87_125160_129660_40001426,True,actual,False,,,,,2026-09-07T20:27:16.249662+02:00
NSR:StopPlace:362,Jåttåvågen stasjon,2026-09-07T18:51:00+02:00,2026-09-07T18:51:59+02:00,2026-09-07T18:51:59+02:00,59.0,1,Stavanger,GOA:Line:59,Jærbanen,L5,rail,GOA:ServiceJourney:3055_63106-R,True,actual,False,,,,,2026-09-07T20:27:16.249662+02:00
NSR:StopPlace:62339,Lillestrøm stasjon,2026-09-07T18:55:00+02:00,2026-09-07T18:55:59+02:00,2026-09-07T18:55:59+02:00,59.0,1,Asker,VYG:Line:L1,Spikkestad-Oslo S-Lillestrøm,L1,rail,VYG:ServiceJourney:2157_443566-R,True,actual,False,Heis i spor 1 og 2 er ute av bruk på grunn av vedlikehold.,Heis i spor 1 og 2 er ute av bruk på grunn av vedlikehold.,general,normal,2026-09-07T20:27:16.249662+02:00
NSR:StopPlace:59639,Sonsveien stasjon,2026-09-07T15:04:00+02:00,2026-09-07T15:04:59+02:00,2026-09-07T15:04:59+02:00,59.0,1,Stabekk,VYG:Line:R21,Stabekk-Oslo S-Moss,R21,rail,VYG:ServiceJourney:1144-MOS_443023-R,True,actual,False,,,,,2026-09-07T15:44:36.205822+02:00
NSR:StopPlace:59639,Sonsveien stasjon,2026-09-07T15:34:00+02:00,2026-09-07T15:34:59+02:00,2026-09-07T15:34:59+02:00,59.0,1,Stabekk,VYG:Line:R21,Stabekk-Oslo S-Moss,R21,rail,VYG:ServiceJourney:1146-MOS_443025-R,True,actual,False,,,,,2026-09-07T15:44:36.205822+02:00
NSR:StopPlace:58952,Bodø stasjon,2026-09-07T15:17:00+02:00,2026-09-07T15:17:59+02:00,2026-09-07T15:17:59+02:00,59.0,1,Tverlandet,NOR:Line:12_8004,Tverlandet - Bodø sentrum - Løpsmarka,4,bus,NOR:ServiceJourney:8004_251012124900572_1025,True,actual,False,,,,,2026-09-07T15:44:36.205822+02:00
NSR:StopPlace:58836,Mjøndalen stasjon,2026-09-07T14:27:00+02:00,2026-09-07T14:27:59+02:00,2026-09-07T14:27:59+02:00,59.0,1,Åsen,BRA:Line:4_6053,Mjøndalen - Åsen,53,bus,BRA:ServiceJourney:6053_260415100160441_1021,True,actual,False,,,,,2026-09-07T15:44:36.205822+02:00
NSR:StopPlace:58868,Årnes stasjon,2026-09-07T14:10:00+02:00,2026-09-07T14:10:59+02:00,2026-09-07T14:10:59+02:00,59.0,1,Aulitoppen,RUT:Line:3658,Huserteiet - Aulitoppen - Framtun,3658,bus,RUT:ServiceJourney:2fc8f636e05945139537dd4252998ea0,True,actual,False,,,,,2026-09-07T15:44:36.205822+02:00
NSR:StopPlace:58869,Ås stasjon,2026-09-07T15:20:00+02:00,2026-09-07T15:20:59+02:00,2026-09-07T15:20:59+02:00,59.0,1,Kroer,RUT:Line:535,Kroer - Ås stasjon,535,bus,RUT:ServiceJourney:e760155db6d9790aeddee23321b44a0d,True,actual,False,,,,,2026-09-07T15:44:36.205822+02:00
NSR:StopPlace:58884,Skien stasjon,2026-09-07T13:46:00+02:00,2026-09-07T13:46:59+02:00,2026-09-07T13:46:59+02:00,59.0,1,Skjelsvik via Klyve-Kongerød,TEL:Line:8043,Skien-Klyve-Skjelsvik,M3,bus,TEL:ServiceJourney:127177,True,actual,False,,,,,2026-09-07T15:44:36.205822+02:00
NSR:StopPlace:58801,Sarpsborg stasjon,2026-09-07T14:44:00+02:00,2026-09-07T14:44:59+02:00,2026-09-07T14:44:59+02:00,59.0,1,Opsund,OST:Line:1_134,Sarpsborg - Opsund,134,bus,OST:ServiceJourney:134_260325121470895_6,True,actual,False,,,,,2026-09-07T15:44:36.205822+02:00
NSR:StopPlace:58805,Brumunddal stasjon,2026-09-07T14:16:00+02:00,2026-09-07T14:16:59+02:00,2026-09-07T14:16:59+02:00,59.0,1,Rudshøgda,INN:Line:615,Brumunddal-Rudshøgda-Moelv,615,bus,INN:ServiceJourney:83104,True,actual,False,,,,,2026-09-07T15:44:36.205822+02:00
NSR:StopPlace:702,Sandnes sentrum stasjon,2026-09-07T12:48:00+02:00,2026-09-07T12:48:59+02:00,2026-09-07T12:48:59+02:00,59.0,1,Oslo S,GOA:Line:50,Sørtoget region,F5,rail,GOA:ServiceJourney:712-STV_63979-R,True,actual,False,,,,,2026-09-07T15:44:36.205822+02:00
NSR:StopPlace:61169,Marienborg stasjon,2026-09-07T07:51:00+02:00,2026-09-07T07:51:59+02:00,2026-09-07T07:51:59+02:00,59.0,1,Romolslia,ATB:Line:2_20,Grillstad - Strindheim - Ladehammeren- Sentrum - Romolslia,20,bus,ATB:ServiceJourney:20_251215112548114_10,True,actual,False,,,,,2026-09-07T08:42:24.659182+02:00
NSR:StopPlace:61897,Bryn stasjon,2026-09-07T07:45:00+02:00,2026-09-07T07:45:59+02:00,2026-09-07T07:45:59+02:00,59.0,1,Lillestrøm,VYG:Line:L1,Spikkestad-Oslo S-Lillestrøm,L1,rail,VYG:ServiceJourney:2212_764749-R,True,actual,False,Færre vogner,Denne avgangen kjører dessverre med 4 vogner i stedet for 8 vogner. Dette skyldes at vi mangler et togsett.,general,normal,2026-09-07T08:42:24.659182+02:00
NSR:StopPlace:59648,Kjelsås stasjon,2026-09-07T06:59:00+02:00,2026-09-07T06:59:59+02:00,2026-09-07T06:59:59+02:00,59.0,1,Hakadal,VYG:Line:R31,Skøyen-Jaren-Gjøvik,R31,rail,VYG:ServiceJourney:BUS-273_655599-R,True,actual,False,,,,,2026-09-07T08:42:24.659182+02:00
NSR:StopPlace:59641,Fjellhamar stasjon,2026-09-07T08:33:00+02:00,2026-09-07T08:33:59+02:00,2026-09-07T08:33:59+02:00,59.0,1,Vallerudtoppen,RUT:Line:315,Vallerudtoppen - Ahus,315,bus,RUT:ServiceJourney:1776e6c45d84ae7fb339d0345ab84713,True,actual,False,,,,,2026-09-07T08:42:24.659182+02:00
NSR:StopPlace:60640,Heimdal stasjon,2026-09-07T06:56:00+02:00,2026-09-07T06:56:59+02:00,2026-09-07T06:56:59+02:00,59.0,1,Steinkjer,SJN:Line:26,Trønderbanen,R70,rail,SJN:ServiceJourney:425_56054-R,True,actual,False,,,,,2026-09-07T08:42:24.659182+02:00
NSR:StopPlace:59654,Stabekk stasjon,2026-09-07T07:07:00+02:00,2026-09-07T07:07:59+02:00,2026-09-07T07:07:59+02:00,59.0,1,Bekkestua,RUT:Line:145,Bekkestua - Fornebu,145,bus,RUT:ServiceJourney:946ad591a48bfce42bd0827bdac65c7f,True,actual,False,Holdeplass Stabekk stasjon i retning mot Bekkestua er flyttet ca. 50 meter bakover.,Dette skyldes anleggsarbeid i området.,incident,normal,2026-09-07T08:42:24.659182+02:00
NSR:StopPlace:59687,Grong stasjon,2026-09-07T06:45:00+02:00,2026-09-07T06:45:59+02:00,2026-09-07T06:45:59+02:00,59.0,1,Namsos skysstasjon,ATB:Line:2_695,Namsos - Grong - (Harran),695,bus,ATB:ServiceJourney:695_260106098640296_13,True,actual,False,,,,,2026-09-07T08:42:24.659182+02:00
NSR:StopPlace:59958,Voss stasjon,2026-09-07T08:30:00+02:00,2026-09-07T08:30:59+02:00,2026-09-07T08:30:59+02:00,59.0,1,Stalheim hotell,SKY:Line:950,Bergen-Voss-Gudvangen,950,bus,SKY:ServiceJourney:950-205165-21338674,True,actual,False,,,,,2026-09-07T08:42:24.659182+02:00
NSR:StopPlace:59261,Trondheim lufthavn,2026-09-07T07:00:00+02:00,2026-09-07T07:00:59+02:00,2026-09-07T07:00:59+02:00,59.0,1,Melhus skysstasjon,SJN:Line:26,Trønderbanen,R70,rail,SJN:ServiceJourney:422-STK_56051-R,True,actual,False,,,,,2026-09-07T08:42:24.659182+02:00
NSR:StopPlace:58964,Kløfta stasjon,2026-09-07T07:12:00+02:00,2026-09-07T07:12:59+02:00,2026-09-07T07:12:59+02:00,59.0,1,Dalstua,RUT:Line:460,Herbergåsen - Kløfta,460,bus,RUT:ServiceJourney:f07479d543f4f8d91e65cfc46b72b2ac,True,actual,False,,,,,2026-09-07T08:42:24.659182+02:00
NSR:StopPlace:58932,Hommelvik stasjon,2026-09-07T06:14:00+02:00,2026-09-07T06:14:59+02:00,2026-09-07T06:14:59+02:00,59.0,1,B Marienborg via Brattøra,ATB:Line:2_70,Stjørdal/Hommelvik- Trondheim,70,bus,ATB:ServiceJourney:70_251215112546970_8,True,actual,False,,,,,2026-09-07T08:42:24.659182+02:00
NSR:StopPlace:58838,Røyken stasjon,2026-09-07T08:07:00+02:00,2026-09-07T08:07:59+02:00,2026-09-07T08:07:59+02:00,59.0,1,Drammen,RUT:Line:261,Drammen - Lahell - Røyken - Sætre,261,bus,RUT:ServiceJourney:4a53eb114b8402bc3ae7be9301e736bf,True,actual,False,Fra 17/8 går linje 61-63-71-73-251-261 og skolebusser fra holdeplass ved Skutebrygga ut av byen.Les mer på brakar.no/trafikkmeldinger.,,general,normal,2026-09-07T08:42:24.659182+02:00
NSR:StopPlace:58843,Blommenholm stasjon,2026-09-07T06:20:00+02:00,2026-09-07T06:20:59+02:00,2026-09-07T06:20:59+02:00,59.0,1,Lillestrøm,VYG:Line:L1,Spikkestad-Oslo S-Lillestrøm,L1,rail,VYG:ServiceJourney:2208_764738-R,True,actual,False,Færre vogner,Denne avgangen kjører dessverre med 4 vogner i stedet for 8 vogner. Dette skyldes at vi mangler et togsett.,general,normal,2026-09-07T08:42:24.659182+02:00
NSR:StopPlace:58852,Høn stasjon,2026-09-07T07:50:00+02:00,2026-09-07T07:50:59+02:00,2026-09-07T07:50:59+02:00,59.0,1,Lillestrøm,VYG:Line:L1,Spikkestad-Oslo S-Lillestrøm,L1,rail,VYG:ServiceJourney:2114_443519-R,True,actual,False,,,,,2026-09-07T08:42:24.659182+02:00
NSR:StopPlace:58856,Lysaker stasjon,2026-09-07T05:41:00+02:00,2026-09-07T05:41:59+02:00,2026-09-07T05:41:59+02:00,59.0,1,Fornebu,RUT:Line:31,Snarøya - Fornebu - Tonsenhagen - Grorud,31,bus,RUT:ServiceJourney:d35063db109840861f39fc76d4fd5050,True,actual,False,,,,,2026-09-07T08:42:24.659182+02:00
NSR:StopPlace:58866,Vevelstad stasjon,2026-09-07T06:44:00+02:00,2026-09-07T06:44:59+02:00,2026-09-07T06:44:59+02:00,59.0,1,Stabekk,VYG:Line:L2,Stabekk-Oslo S-Ski,L2,rail,VYG:ServiceJourney:2712-SKI_443918-R,True,actual,False,,,,,2026-09-07T08:42:24.659182+02:00
NSR:StopPlace:58869,Ås stasjon,2026-09-07T06:20:00+02:00,2026-09-07T06:20:59+02:00,2026-09-07T06:20:59+02:00,59.0,1,Kroer,RUT:Line:535,Kroer - Ås stasjon,535,bus,RUT:ServiceJourney:a27e6dab719e1c118c357a02f18a0d61,True,actual,False,,,,,2026-09-07T08:42:24.659182+02:00
NSR:StopPlace:58860,Oppegård stasjon,2026-09-07T07:33:00+02:00,2026-09-07T07:33:59+02:00,2026-09-07T07:33:59+02:00,59.0,1,Jernbanetorget,RUT:Line:84,Jernbanetorget-Oppegård st.,84E,bus,RUT:ServiceJourney:cafd3d1e74b4f10aa7a4b8419ee638ab,True,actual,False,,,,,2026-09-07T08:42:24.659182+02:00
NSR:StopPlace:58862,Strømmen stasjon,2026-09-07T06:15:00+02:00,2026-09-07T06:15:59+02:00,2026-09-07T06:15:59+02:00,59.0,1,Spikkestad,VYG:Line:L1,Spikkestad-Oslo S-Lillestrøm,L1,rail,VYG:ServiceJourney:2207_443595-R,True,actual,False,Færre vogner,Denne avgangen kjører dessverre med 4 vogner i stedet for 8 vogner. Dette skyldes at vi mangler et togsett.,general,normal,2026-09-07T08:42:24.659182+02:00
NSR:StopPlace:58876,Tønsberg stasjon,2026-09-07T06:38:00+02:00,2026-09-07T06:38:59+02:00,2026-09-07T06:38:59+02:00,59.0,1,Lillestrøm,VYG:Line:RX11,Eidsvoll-Oslo S-Skien,RX11,rail,VYG:ServiceJourney:862_444428-R,True,actual,False,,,,,2026-09-07T08:42:24.659182+02:00
NSR:StopPlace:58886,Arendal stasjon,2026-09-07T07:02:00+02:00,2026-09-07T07:02:59+02:00,2026-09-07T07:02:59+02:00,59.0,1,Eydehavn - korr. Staubø,AKT:Line:101,Eydehavn-Arendal-Grimstad N/S,101,bus,AKT:ServiceJourney:71846_40_90_43800_48480_40001426,True,actual,False,,,,,2026-09-07T08:42:24.659182+02:00
NSR:StopPlace:58801,Sarpsborg stasjon,2026-09-07T08:34:00+02:00,2026-09-07T08:34:59+02:00,2026-09-07T08:34:59+02:00,59.0,1,Opsund,OST:Line:1_134,Sarpsborg - Opsund,134,bus,OST:ServiceJourney:134_260325121470892_3,True,actual,False,,,,,2026-09-07T08:42:24.659182+02:00
NSR:StopPlace:58813,Skarnes stasjon,2026-09-07T07:30:00+02:00,2026-09-07T07:30:59+02:00,2026-09-07T07:30:59+02:00,59.0,1,Galterud - Kongsvinger,INN:Line:716,Galterud-Skarnes-Sand,716,bus,INN:ServiceJourney:82405,True,actual,False,,,,,2026-09-07T08:42:24.659182+02:00
NSR:StopPlace:206,Mariero stasjon,2026-09-07T05:19:00+02:00,2026-09-07T05:19:59+02:00,2026-09-07T05:19:59+02:00,59.0,1,Egersund,GOA:Line:59,Jærbanen,L5,rail,GOA:ServiceJourney:3006_63037-R,True,actual,False,,,,,2026-09-07T08:42:24.659182+02:00
NSR:StopPlace:62339,Lillestrøm stasjon,2026-09-08T00:35:00+02:00,2026-09-08T00:35:58+02:00,2026-09-08T00:35:58+02:00,58.0,1,Eidsvoll,VYG:Line:RE11,Eidsvoll-Oslo S-Skien,RE11,rail,VYG:ServiceJourney:838-341_515579-R,True,actual,False,Heis i spor 1 og 2 er ute av bruk på grunn av vedlikehold.,Heis i spor 1 og 2 er ute av bruk på grunn av vedlikehold.,general,normal,2026-09-08T03:39:50.209703+02:00
NSR:StopPlace:61463,Nordstrand stasjon,2026-09-07T23:37:00+02:00,2026-09-07T23:37:58+02:00,2026-09-07T23:37:58+02:00,58.0,1,Ski,VYG:Line:L2,Stabekk-Oslo S-Ski,L2,rail,VYG:ServiceJourney:2873_444117-R,True,actual,False,,,,,2026-09-08T00:20:52.129880+02:00
NSR:StopPlace:61315,Nerdrum stasjon,2026-09-07T21:39:00+02:00,2026-09-07T21:39:58+02:00,2026-09-07T21:39:58+02:00,58.0,1,Asker,VYG:Line:R14,Asker-Oslo S-Kongsvinger,R14,rail,VYG:ServiceJourney:1034_442946-R,True,actual,False,,,,,2026-09-08T00:20:52.129880+02:00
NSR:StopPlace:59638,Myrvoll stasjon,2026-09-07T22:20:00+02:00,2026-09-07T22:20:58+02:00,2026-09-07T22:20:58+02:00,58.0,1,Filipstad,RUT:Line:81,Fornebu - Myrvoll stasjon,81,bus,RUT:ServiceJourney:47d66fa58d3aa4230d6f37daa25657c4,True,actual,False,,,,,2026-09-08T00:20:52.129880+02:00
NSR:StopPlace:58963,Jessheim stasjon,2026-09-07T22:25:00+02:00,2026-09-07T22:25:58+02:00,2026-09-07T22:25:58+02:00,58.0,1,Eidsvoll st.,RUT:Line:430,Eidsvoll - Jessheim,430,bus,RUT:ServiceJourney:ec1dcb1fdd3c1f052aca7a316faf7f71,True,actual,False,,,,,2026-09-08T00:20:52.129880+02:00
NSR:StopPlace:58795,Kambo stasjon,2026-09-07T22:26:00+02:00,2026-09-07T22:26:58+02:00,2026-09-07T22:26:58+02:00,58.0,1,Moss,RUT:Line:540,Moss - Son - Vestby stasjon,540,bus,RUT:ServiceJourney:41cf2eddc86d131d5de19a4c07a8ee25,True,actual,False,,,,,2026-09-08T00:20:52.129880+02:00
NSR:StopPlace:58852,Høn stasjon,2026-09-07T23:36:00+02:00,2026-09-07T23:36:58+02:00,2026-09-07T23:36:58+02:00,58.0,1,Lillestrøm,VYG:Line:L1,Spikkestad-Oslo S-Lillestrøm,L1,rail,VYG:ServiceJourney:2278_445378-R,True,actual,False,,,,,2026-09-08T00:20:52.129880+02:00
NSR:StopPlace:58865,Vestby stasjon,2026-09-07T23:50:00+02:00,2026-09-07T23:50:58+02:00,2026-09-07T23:50:58+02:00,58.0,1,Sonsveien st.,RUT:Line:540,Moss - Son - Vestby stasjon,540,bus,RUT:ServiceJourney:79a8b250fd0b00c7184b8fe4c927460b,True,actual,False,,,,,2026-09-08T00:20:52.129880+02:00
NSR:StopPlace:58869,Ås stasjon,2026-09-07T23:15:00+02:00,2026-09-07T23:15:58+02:00,2026-09-07T23:15:58+02:00,58.0,1,Stabekk,VYG:Line:R21,Stabekk-Oslo S-Moss,R21,rail,VYG:ServiceJourney:1176-MOS_443075-R,True,actual,False,,,,,2026-09-08T00:20:52.129880+02:00
NSR:StopPlace:58862,Strømmen stasjon,2026-09-07T22:00:00+02:00,2026-09-07T22:00:58+02:00,2026-09-07T22:00:58+02:00,58.0,1,Asker,VYG:Line:L1,Spikkestad-Oslo S-Lillestrøm,L1,rail,VYG:ServiceJourney:2169_443579-R,True,actual,False,,,,,2026-09-08T00:20:52.129880+02:00
NSR:StopPlace:62309,Ljan stasjon,2026-09-07T22:39:00+02:00,2026-09-07T22:39:58+02:00,2026-09-07T22:39:58+02:00,58.0,1,Ski,VYG:Line:L2,Stabekk-Oslo S-Ski,L2,rail,VYG:ServiceJourney:2869_444112-R,True,actual,False,,,,,2026-09-08T00:20:52.129880+02:00
NSR:StopPlace:8,Paradis stasjon,2026-09-07T19:42:00+02:00,2026-09-07T19:42:58+02:00,2026-09-07T19:42:58+02:00,58.0,1,Stavanger,GOA:Line:59,Jærbanen,L5,rail,GOA:ServiceJourney:3159_63204-R,True,actual,False,,,,,2026-09-07T20:27:16.249662+02:00
NSR:StopPlace:61315,Nerdrum stasjon,2026-09-07T17:39:00+02:00,2026-09-07T17:39:58+02:00,2026-09-07T17:39:58+02:00,58.0,1,Asker,VYG:Line:R14,Asker-Oslo S-Kongsvinger,R14,rail,VYG:ServiceJourney:1026_442936-R,True,actual,False,,,,,2026-09-07T20:27:16.249662+02:00
NSR:StopPlace:59638,Myrvoll stasjon,2026-09-07T19:05:00+02:00,2026-09-07T19:05:58+02:00,2026-09-07T19:05:58+02:00,58.0,1,Filipstad,RUT:Line:81,Fornebu - Myrvoll stasjon,81,bus,RUT:ServiceJourney:52c285aa178c291495ff6bb02fca0f61,True,actual,False,,,,,2026-09-07T20:27:16.249662+02:00
NSR:StopPlace:58838,Røyken stasjon,2026-09-07T19:08:00+02:00,2026-09-07T19:08:58+02:00,2026-09-07T19:08:58+02:00,58.0,1,Sætre,RUT:Line:261,Drammen - Lahell - Røyken - Sætre,261,bus,RUT:ServiceJourney:ba10c76a61ceb752737dd0ea92e01543,True,actual,False,Fra 17/8 går linje 61-63-71-73-251-261 og skolebusser fra holdeplass ved Skutebrygga ut av byen.Les mer på brakar.no/trafikkmeldinger.,,general,normal,2026-09-07T20:27:16.249662+02:00
NSR:StopPlace:58854,Langhus stasjon,2026-09-07T17:12:00+02:00,2026-09-07T17:12:58+02:00,2026-09-07T17:12:58+02:00,58.0,1,Stabekk,VYG:Line:L2,Stabekk-Oslo S-Ski,L2,rail,VYG:ServiceJourney:2754-SKI_443965-R,True,actual,False,,,,,2026-09-07T20:27:16.249662+02:00
NSR:StopPlace:58868,Årnes stasjon,2026-09-07T18:52:00+02:00,2026-09-07T18:52:58+02:00,2026-09-07T18:52:58+02:00,58.0,1,Kongsvinger,VYG:Line:R14,Asker-Oslo S-Kongsvinger,R14,rail,VYG:ServiceJourney:1027_442937-R,True,actual,False,,,,,2026-09-07T20:27:16.249662+02:00
NSR:StopPlace:58873,Skoppum stasjon,2026-09-07T17:30:00+02:00,2026-09-07T17:30:58+02:00,2026-09-07T17:30:58+02:00,58.0,1,Holtandalen-Horten,VKT:Line:40,Horten-Holtandalen-Skoppum,40,bus,VKT:ServiceJourney:17441,True,actual,False,,,,,2026-09-07T20:27:16.249662+02:00
NSR:StopPlace:206,Mariero stasjon,2026-09-07T20:25:00+02:00,2026-09-07T20:25:58+02:00,2026-09-07T20:25:58+02:00,58.0,1,Stavanger,GOA:Line:59,Jærbanen,L5,rail,GOA:ServiceJourney:3061_63116-R,True,actual,False,,,,,2026-09-07T20:27:16.249662+02:00
NSR:StopPlace:62393,Billingstad stasjon,2026-09-07T17:13:00+02:00,2026-09-07T17:13:58+02:00,2026-09-07T17:13:58+02:00,58.0,1,Lillestrøm,VYG:Line:L1,Spikkestad-Oslo S-Lillestrøm,L1,rail,VYG:ServiceJourney:2252_445350-R,True,actual,False,,,,,2026-09-07T20:27:16.249662+02:00
NSR:StopPlace:58966,Porsgrunn stasjon,2026-09-07T13:07:00+02:00,2026-09-07T13:07:58+02:00,2026-09-07T13:07:58+02:00,58.0,1,Notodden,VYG:Line:R55,Porsgrunn-Notodden,R55,rail,VYG:ServiceJourney:BUS-2480_698793-R,True,actual,False,,,,,2026-09-07T15:44:36.205822+02:00
NSR:StopPlace:58845,Eidsvoll verk stasjon,2026-09-07T15:01:00+02:00,2026-09-07T15:01:58+02:00,2026-09-07T15:01:58+02:00,58.0,1,Jessheim,RUT:Line:430,Eidsvoll - Jessheim,430,bus,RUT:ServiceJourney:600395889288dfea506fea486add7b25,True,actual,False,,,,,2026-09-07T15:44:36.205822+02:00
NSR:StopPlace:58860,Oppegård stasjon,2026-09-07T15:31:00+02:00,2026-09-07T15:31:58+02:00,2026-09-07T15:31:58+02:00,58.0,1,Ski stasjon,RUT:Line:580,Kolbotn - Ski,580,bus,RUT:ServiceJourney:9fb85405a2bab26bc3cf81c438ebd172,True,actual,False,,,,,2026-09-07T15:44:36.205822+02:00
NSR:StopPlace:58884,Skien stasjon,2026-09-07T13:24:00+02:00,2026-09-07T13:24:58+02:00,2026-09-07T13:24:58+02:00,58.0,1,Notodden,VYG:Line:R55,Porsgrunn-Notodden,R55,rail,VYG:ServiceJourney:BUS-2480_698793-R,True,actual,False,,,,,2026-09-07T15:44:36.205822+02:00
NSR:StopPlace:58800,Råde stasjon,2026-09-07T15:01:00+02:00,2026-09-07T15:01:58+02:00,2026-09-07T15:01:58+02:00,58.0,1,Göteborg C,VYG:Line:RE20,Oslo S-Halden-Göteborg (X-Border),RE20,rail,VYG:ServiceJourney:119-391_460181-R,True,actual,False,,,,,2026-09-07T15:44:36.205822+02:00
NSR:StopPlace:58817,Eina stasjon,2026-09-07T15:35:00+02:00,2026-09-07T15:35:58+02:00,2026-09-07T15:35:58+02:00,58.0,1,Reinsvoll-Eina,INN:Line:406,Gjø.-Reinsv.-Eina-Reinsv.-Gjø.,406,bus,INN:ServiceJourney:65791,True,actual,False,,,,,2026-09-07T15:44:36.205822+02:00
NSR:StopPlace:62392,Slependen stasjon,2026-09-07T13:45:00+02:00,2026-09-07T13:45:58+02:00,2026-09-07T13:45:58+02:00,58.0,1,Lillestrøm,VYG:Line:L1,Spikkestad-Oslo S-Lillestrøm,L1,rail,VYG:ServiceJourney:2238_443647-R,True,actual,False,Færre vogner,Denne avgangen kjører dessverre med 4 vogner i stedet for 8 vogner. Dette skyldes at vi mangler et togsett.,general,normal,2026-09-07T15:44:36.205822+02:00
NSR:StopPlace:59648,Kjelsås stasjon,2026-09-07T06:59:00+02:00,2026-09-07T06:59:58+02:00,2026-09-07T06:59:58+02:00,58.0,1,Haugerud,RUT:Line:25,Majorstuen-Haugerud,25,bus,RUT:ServiceJourney:168a0a3ebeab94084e88290349c05186,True,actual,False,,,,,2026-09-07T08:42:24.659182+02:00
NSR:StopPlace:60736,Spikkestad stasjon,2026-09-07T07:46:00+02:00,2026-09-07T07:46:58+02:00,2026-09-07T07:46:58+02:00,58.0,1,Lillestrøm,VYG:Line:L1,Spikkestad-Oslo S-Lillestrøm,L1,rail,VYG:ServiceJourney:2216_445310-R,True,actual,False,Færre vogner,Denne avgangen kjører dessverre med 4 vogner i stedet for 8 vogner. Dette skyldes at vi mangler et togsett.,general,normal,2026-09-07T08:42:24.659182+02:00
NSR:StopPlace:58948,Stjørdal stasjon,2026-09-07T07:43:00+02:00,2026-09-07T07:43:58+02:00,2026-09-07T07:43:58+02:00,58.0,1,A Marienborg via Innherredsveien,ATB:Line:2_70,Stjørdal/Hommelvik- Trondheim,70,bus,ATB:ServiceJourney:70_251215112546925_24,True,actual,False,,,,,2026-09-07T08:42:24.659182+02:00
NSR:StopPlace:58796,Moss stasjon,2026-09-07T05:24:00+02:00,2026-09-07T05:24:58+02:00,2026-09-07T05:24:58+02:00,58.0,1,Stabekk,VYG:Line:R21,Stabekk-Oslo S-Moss,R21,rail,VYG:ServiceJourney:1106-MOS_442977-R,True,actual,False,,,,,2026-09-07T08:42:24.659182+02:00
NSR:StopPlace:58831,Flå stasjon,2026-09-07T06:30:00+02:00,2026-09-07T06:30:58+02:00,2026-09-07T06:30:58+02:00,58.0,1,Sokna/Hønefoss,BRA:Line:4_6307,Flå-Sokna,307,bus,BRA:ServiceJourney:6307_260415100159056_1002,True,actual,False,,,,,2026-09-07T08:42:24.659182+02:00
NSR:StopPlace:58837,Nesbyen stasjon,2026-09-07T07:15:00+02:00,2026-09-07T07:15:58+02:00,2026-09-07T07:15:58+02:00,58.0,1,Gol skysstasjon,BRA:Line:4_6332,Flå-Gol-Geilo,332,bus,BRA:ServiceJourney:6332_260415100163883_1003,True,actual,False,,,,,2026-09-07T08:42:24.659182+02:00
NSR:StopPlace:58844,Eidsvoll stasjon,2026-09-07T05:01:00+02:00,2026-09-07T05:01:58+02:00,2026-09-07T05:01:58+02:00,58.0,1,Skien,VYG:Line:RE11,Eidsvoll-Oslo S-Skien,RE11,rail,VYG:ServiceJourney:300-803-HHS_658721-R,True,actual,False,,,,,2026-09-07T08:42:24.659182+02:00
NSR:StopPlace:58847,Frogner stasjon,2026-09-07T07:34:00+02:00,2026-09-07T07:34:58+02:00,2026-09-07T07:34:58+02:00,58.0,1,Dal,VYG:Line:R13,Drammen-Oslo S-Dal,R13,rail,VYG:ServiceJourney:1609_443226-R,True,actual,False,,,,,2026-09-07T08:42:24.659182+02:00
NSR:StopPlace:58869,Ås stasjon,2026-09-07T08:20:00+02:00,2026-09-07T08:20:58+02:00,2026-09-07T08:20:58+02:00,58.0,1,Kroer,RUT:Line:535,Kroer - Ås stasjon,535,bus,RUT:ServiceJourney:0e31ddd06046f5bed71c29e82ab5643a,True,actual,False,,,,,2026-09-07T08:42:24.659182+02:00
NSR:StopPlace:58862,Strømmen stasjon,2026-09-07T08:13:00+02:00,2026-09-07T08:13:58+02:00,2026-09-07T08:13:58+02:00,58.0,1,Helsfyr,RUT:Line:375,Strømmen - Olavsgaard - Helsfyr,375,bus,RUT:ServiceJourney:9efddf73dd8bc7704b1d263e1c607026,True,actual,False,,,,,2026-09-07T08:42:24.659182+02:00
NSR:StopPlace:58873,Skoppum stasjon,2026-09-07T06:30:00+02:00,2026-09-07T06:30:58+02:00,2026-09-07T06:30:58+02:00,58.0,1,Holtandalen-Horten,VKT:Line:40,Horten-Holtandalen-Skoppum,40,bus,VKT:ServiceJourney:17416,True,actual,False,,,,,2026-09-07T08:42:24.659182+02:00
NSR:StopPlace:58801,Sarpsborg stasjon,2026-09-07T08:01:00+02:00,2026-09-07T08:01:58+02:00,2026-09-07T08:01:58+02:00,58.0,1,Sarpsborg-Kalnes,OST:Line:1_13,Kalnes - Blessom,13,bus,OST:ServiceJourney:13_260325121470851_7,True,actual,False,,,,,2026-09-07T08:42:24.659182+02:00
NSR:StopPlace:58811,Moelv stasjon,2026-09-07T06:39:00+02:00,2026-09-07T06:39:58+02:00,2026-09-07T06:39:58+02:00,58.0,1,Moelv - Mjøsbrua vest,INN:Line:605,Gjøvik - Moelv - Brumunddal,605,bus,INN:ServiceJourney:82987,True,actual,False,,,,,2026-09-07T08:42:24.659182+02:00
NSR:StopPlace:610,Sandvika stasjon,2026-09-07T07:00:00+02:00,2026-09-07T07:00:58+02:00,2026-09-07T07:00:58+02:00,58.0,1,Oslo Lufthavn,FLT:Line:FLY1,FLY1,FLY1,rail,FLT:ServiceJourney:1-2614-3717-20260907,True,actual,False,,,,,2026-09-07T08:42:24.659182+02:00
NSR:StopPlace:62393,Billingstad stasjon,2026-09-07T06:27:00+02:00,2026-09-07T06:27:58+02:00,2026-09-07T06:27:58+02:00,58.0,1,Lillestrøm,VYG:Line:L1,Spikkestad-Oslo S-Lillestrøm,L1,rail,VYG:ServiceJourney:2108_443512-R,True,actual,False,,,,,2026-09-07T08:42:24.659182+02:00
NSR:StopPlace:62392,Slependen stasjon,2026-09-07T08:29:00+02:00,2026-09-07T08:29:58+02:00,2026-09-07T08:29:58+02:00,58.0,1,Lillestrøm,VYG:Line:L1,Spikkestad-Oslo S-Lillestrøm,L1,rail,VYG:ServiceJourney:2116_443521-R,True,actual,False,,,,,2026-09-07T08:42:24.659182+02:00
NSR:StopPlace:58921,Vennesla stasjon,2026-09-07T02:36:00+02:00,2026-09-07T02:36:58+02:00,2026-09-07T02:36:58+02:00,58.0,1,Oslo S,GOA:Line:50,Sørtoget region,F5,rail,GOA:ServiceJourney:726-KVB_63257-R,True,actual,False,,,,,2026-09-07T03:30:22.110925+02:00
NSR:StopPlace:58963,Jessheim stasjon,2026-09-07T21:55:00+02:00,2026-09-07T21:55:57+02:00,2026-09-07T21:55:57+02:00,57.0,1,Eidsvoll st.,RUT:Line:430,Eidsvoll - Jessheim,430,bus,RUT:ServiceJourney:ddd3cc9eb6c3dedbf08350648207b837,True,actual,False,,,,,2026-09-08T00:20:52.129880+02:00
NSR:StopPlace:58963,Jessheim stasjon,2026-09-07T23:01:00+02:00,2026-09-07T23:01:57+02:00,2026-09-07T23:01:57+02:00,57.0,1,Oslo lufthavn,RUT:Line:440,Fenstad/Nordkisa - Oslo lufthavn,440,bus,RUT:ServiceJourney:378dcd8dcbc20d2d2e2d87b81cff8e34,True,actual,False,,,,,2026-09-08T00:20:52.129880+02:00
NSR:StopPlace:58963,Jessheim stasjon,2026-09-07T23:25:00+02:00,2026-09-07T23:25:57+02:00,2026-09-07T23:25:57+02:00,57.0,1,Eidsvoll st.,RUT:Line:430,Eidsvoll - Jessheim,430,bus,RUT:ServiceJourney:4e14e1b356f53471d529e0806282b8d8,True,actual,False,,,,,2026-09-08T00:20:52.129880+02:00
NSR:StopPlace:58964,Kløfta stasjon,2026-09-07T22:03:00+02:00,2026-09-07T22:03:57+02:00,2026-09-07T22:03:57+02:00,57.0,1,Oslo lufthavn,RUT:Line:425,Kløfta – Oslo lufthavn,425,bus,RUT:ServiceJourney:ac6e9273545e6fa5169e91ca7f452621,True,actual,False,,,,,2026-09-08T00:20:52.129880+02:00
NSR:StopPlace:58853,Kolbotn stasjon,2026-09-07T22:25:00+02:00,2026-09-07T22:25:57+02:00,2026-09-07T22:25:57+02:00,57.0,1,Stabekk,VYG:Line:L2,Stabekk-Oslo S-Ski,L2,rail,VYG:ServiceJourney:2774-SKI_443996-R,True,actual,False,,,,,2026-09-08T00:20:52.129880+02:00
NSR:StopPlace:101,Sagdalen stasjon,2026-09-07T23:28:00+02:00,2026-09-07T23:28:57+02:00,2026-09-07T23:28:57+02:00,57.0,1,Asker,VYG:Line:L1,Spikkestad-Oslo S-Lillestrøm,L1,rail,VYG:ServiceJourney:2175_443586-R,True,actual,False,,,,,2026-09-08T00:20:52.129880+02:00
NSR:StopPlace:62309,Ljan stasjon,2026-09-08T00:09:00+02:00,2026-09-08T00:09:57+02:00,2026-09-08T00:09:57+02:00,57.0,1,Ski,VYG:Line:L2,Stabekk-Oslo S-Ski,L2,rail,VYG:ServiceJourney:2875-BES_488401-R,True,actual,False,,,,,2026-09-08T00:20:52.129880+02:00
NSR:StopPlace:62339,Lillestrøm stasjon,2026-09-07T21:56:00+02:00,2026-09-07T21:56:57+02:00,2026-09-07T21:56:57+02:00,57.0,1,Kongsberg,VYG:Line:R12,Kongsberg-Oslo S-Eidsvoll,R12,rail,VYG:ServiceJourney:535_444345-R,True,actual,False,Heis i spor 1 og 2 er ute av bruk på grunn av vedlikehold.,Heis i spor 1 og 2 er ute av bruk på grunn av vedlikehold.,general,normal,2026-09-08T00:20:52.129880+02:00
NSR:StopPlace:6,Greverud stasjon,2026-09-07T18:48:00+02:00,2026-09-07T18:48:57+02:00,2026-09-07T18:48:57+02:00,57.0,1,Stabekk,VYG:Line:L2,Stabekk-Oslo S-Ski,L2,rail,VYG:ServiceJourney:2760-SKI_443974-R,True,actual,False,,,,,2026-09-07T20:27:16.249662+02:00
NSR:StopPlace:61466,Vakås stasjon,2026-09-07T19:22:00+02:00,2026-09-07T19:22:57+02:00,2026-09-07T19:22:57+02:00,57.0,1,Lillestrøm,VYG:Line:L1,Spikkestad-Oslo S-Lillestrøm,L1,rail,VYG:ServiceJourney:2160_443570-R,True,actual,False,,,,,2026-09-07T20:27:16.249662+02:00
NSR:StopPlace:61464,Hvalstad stasjon,2026-09-07T19:24:00+02:00,2026-09-07T19:24:57+02:00,2026-09-07T19:24:57+02:00,57.0,1,Lillestrøm,VYG:Line:L1,Spikkestad-Oslo S-Lillestrøm,L1,rail,VYG:ServiceJourney:2160_443570-R,True,actual,False,,,,,2026-09-07T20:27:16.249662+02:00
NSR:StopPlace:59647,Dal stasjon,2026-09-07T18:01:00+02:00,2026-09-07T18:01:57+02:00,2026-09-07T18:01:57+02:00,57.0,1,Eidsvoll,RUT:Line:430,Eidsvoll - Jessheim,430,bus,RUT:ServiceJourney:63b0eaf43812468f97efad383ad287f9,True,actual,False,,,,,2026-09-07T20:27:16.249662+02:00
NSR:StopPlace:59641,Fjellhamar stasjon,2026-09-07T20:11:00+02:00,2026-09-07T20:11:57+02:00,2026-09-07T20:11:57+02:00,57.0,1,Ahus,RUT:Line:315,Vallerudtoppen - Ahus,315,bus,RUT:ServiceJourney:35016a03791b1f586d306e30d34c1096,True,actual,False,,,,,2026-09-07T20:27:16.249662+02:00
NSR:StopPlace:59642,Rånåsfoss stasjon,2026-09-07T18:48:00+02:00,2026-09-07T18:48:57+02:00,2026-09-07T18:48:57+02:00,57.0,1,Årnes,RUT:Line:455,Årnes -Rånåsfoss,455,bus,RUT:ServiceJourney:36a075955c1fe85f956448806c3cf8c9,True,actual,False,,,,,2026-09-07T20:27:16.249662+02:00
NSR:StopPlace:60045,Hamar stasjon,2026-09-07T20:11:00+02:00,2026-09-07T20:11:57+02:00,2026-09-07T20:11:57+02:00,57.0,1,Røros,SJN:Line:25,Rørosbanen,R60,rail,SJN:ServiceJourney:2393_37671-R,True,actual,False,,,,,2026-09-07T20:27:16.249662+02:00
NSR:StopPlace:58797,Mysen stasjon,2026-09-07T18:00:00+02:00,2026-09-07T18:00:57+02:00,2026-09-07T18:00:57+02:00,57.0,1,Oslo S,VYG:Line:R22,Skøyen-Oslo S-Mysen-Rakkestad,R22,rail,VYG:ServiceJourney:1930-RST_443484-R,True,actual,False,,,,,2026-09-07T20:27:16.249662+02:00
NSR:StopPlace:58796,Moss stasjon,2026-09-07T16:32:00+02:00,2026-09-07T16:32:57+02:00,2026-09-07T16:32:57+02:00,57.0,1,Halden,OST:Line:1_633,Moss-Sarpsborg-Halden,633,bus,OST:ServiceJourney:633_260325121471441_120,True,actual,False,,,,,2026-09-07T20:27:16.249662+02:00
NSR:StopPlace:58849,Hakadal stasjon,2026-09-07T16:53:00+02:00,2026-09-07T16:53:57+02:00,2026-09-07T16:53:57+02:00,57.0,1,Oslo bussterminal,RUT:Line:390,Kongskog/Hellerudhaugen - Oslo bussterminal,390,bus,RUT:ServiceJourney:9d7a00b591a52016a42fa7cc727388c4,True,actual,False,,,,,2026-09-07T20:27:16.249662+02:00
NSR:StopPlace:58852,Høn stasjon,2026-09-07T19:36:00+02:00,2026-09-07T19:36:57+02:00,2026-09-07T19:36:57+02:00,57.0,1,Lillestrøm,VYG:Line:L1,Spikkestad-Oslo S-Lillestrøm,L1,rail,VYG:ServiceJourney:2262_443690-R,True,actual,False,,,,,2026-09-07T20:27:16.249662+02:00
NSR:StopPlace:58884,Skien stasjon,2026-09-07T17:58:00+02:00,2026-09-07T17:58:57+02:00,2026-09-07T17:58:57+02:00,57.0,1,Siljan,TEL:Line:8047,Siljan-Skien-Åfoss,P7,bus,TEL:ServiceJourney:127439,True,actual,False,,,,,2026-09-07T20:27:16.249662+02:00
NSR:StopPlace:151,Evanger stasjon,2026-09-07T18:32:00+02:00,2026-09-07T18:32:57+02:00,2026-09-07T18:32:57+02:00,57.0,1,Voss,VYG:Line:R40,Bergen-Voss-Myrdal-Ål,R40,rail,VYG:ServiceJourney:1826_457479-R,True,actual,False,,,,,2026-09-07T20:27:16.249662+02:00
NSR:StopPlace:59639,Sonsveien stasjon,2026-09-07T14:55:00+02:00,2026-09-07T14:55:57+02:00,2026-09-07T14:55:57+02:00,57.0,1,Deør - Son - Store Brevik,RUT:Line:3545,Son mot klokka,545B,bus,RUT:ServiceJourney:be61c95d909a67cc9e04f80d36ec1d32,True,actual,False,,,,,2026-09-07T15:44:36.205822+02:00
NSR:StopPlace:58924,Bryne stasjon,2026-09-07T15:35:00+02:00,2026-09-07T15:35:57+02:00,2026-09-07T15:35:57+02:00,57.0,1,Undheim,KOL:Line:8_2021,56,56,bus,KOL:ServiceJourney:2021_250903083243567_1002,True,actual,False,,,,,2026-09-07T15:44:36.205822+02:00
NSR:StopPlace:58796,Moss stasjon,2026-09-07T12:46:00+02:00,2026-09-07T12:46:57+02:00,2026-09-07T12:46:57+02:00,57.0,1,Göteborg C,VYG:Line:RE20,Oslo S-Halden-Göteborg (X-Border),RE20,rail,VYG:ServiceJourney:115-389_448305-R,True,actual,False,,,,,2026-09-07T15:44:36.205822+02:00
NSR:StopPlace:58865,Vestby stasjon,2026-09-07T13:50:00+02:00,2026-09-07T13:50:57+02:00,2026-09-07T13:50:57+02:00,57.0,1,Moss,RUT:Line:540,Moss - Son - Vestby stasjon,540,bus,RUT:ServiceJourney:6a273761a35fa8e711784a842f9c342b,True,actual,False,,,,,2026-09-07T15:44:36.205822+02:00
NSR:StopPlace:58860,Oppegård stasjon,2026-09-07T14:31:00+02:00,2026-09-07T14:31:57+02:00,2026-09-07T14:31:57+02:00,57.0,1,Lysaker,VYG:Line:L2,Stabekk-Oslo S-Ski,L2,rail,VYG:ServiceJourney:2842-SKI_444074-R,True,actual,False,Færre vogner,Denne avgangen kjører dessverre med 3 vogner i stedet for 6 vogner. Dette skyldes at vi mangler et togsett.,general,normal,2026-09-07T15:44:36.205822+02:00
NSR:StopPlace:58800,Råde stasjon,2026-09-07T14:28:00+02:00,2026-09-07T14:28:57+02:00,2026-09-07T14:28:57+02:00,57.0,1,Saltnes Blå buss,OST:Line:1_160,Råde ungdomsskole,160,bus,OST:ServiceJourney:160_260325121471002_10,True,actual,False,,,,,2026-09-07T15:44:36.205822+02:00
NSR:StopPlace:58805,Brumunddal stasjon,2026-09-07T15:40:00+02:00,2026-09-07T15:40:57+02:00,2026-09-07T15:40:57+02:00,57.0,1,Stensengdalen - Gaupen,INN:Line:619,Br.dal-Stenseng.-Gaupen-Br.dal,619,bus,INN:ServiceJourney:83128,True,actual,False,,,,,2026-09-07T15:44:36.205822+02:00
NSR:StopPlace:58808,Kongsvinger stasjon,2026-09-07T14:39:00+02:00,2026-09-07T14:39:57+02:00,2026-09-07T14:39:57+02:00,57.0,1,Skarnes - Sand,INN:Line:700,Kongsvinger-Skarnes-Sand,700,bus,INN:ServiceJourney:82359,True,actual,False,,,,,2026-09-07T15:44:36.205822+02:00
NSR:StopPlace:62373,Berkåk stasjon,2026-09-07T14:18:00+02:00,2026-09-07T14:18:57+02:00,2026-09-07T14:18:57+02:00,57.0,1,Oslo S,SJN:Line:21,Dovrebanen,F6,rail,SJN:ServiceJourney:46-TND_48003-R,True,actual,False,,,,,2026-09-07T15:44:36.205822+02:00
NSR:StopPlace:61169,Marienborg stasjon,2026-09-07T06:08:00+02:00,2026-09-07T06:08:57+02:00,2026-09-07T06:08:57+02:00,57.0,1,Pirbadet via St. Olavs hospital,ATB:Line:2_23,Brattøra - St. Olavs - Hallset - Flatåsen - Sandmoen,23,bus,ATB:ServiceJourney:23_251215112545586_3,True,actual,False,,,,,2026-09-07T08:42:24.659182+02:00
NSR:StopPlace:61464,Hvalstad stasjon,2026-09-07T06:55:00+02:00,2026-09-07T06:55:57+02:00,2026-09-07T06:55:57+02:00,57.0,1,Asker,VYG:Line:L1,Spikkestad-Oslo S-Lillestrøm,L1,rail,VYG:ServiceJourney:2105_443509-R,True,actual,False,,,,,2026-09-07T08:42:24.659182+02:00
NSR:StopPlace:61464,Hvalstad stasjon,2026-09-07T07:24:00+02:00,2026-09-07T07:24:57+02:00,2026-09-07T07:24:57+02:00,57.0,1,Lillestrøm,VYG:Line:L1,Spikkestad-Oslo S-Lillestrøm,L1,rail,VYG:ServiceJourney:2112_443517-R,True,actual,False,,,,,2026-09-07T08:42:24.659182+02:00
NSR:StopPlace:59653,Haugenstua stasjon,2026-09-07T06:10:00+02:00,2026-09-07T06:10:57+02:00,2026-09-07T06:10:57+02:00,57.0,1,Asker,VYG:Line:L1,Spikkestad-Oslo S-Lillestrøm,L1,rail,VYG:ServiceJourney:2105_443509-R,True,actual,False,,,,,2026-09-07T08:42:24.659182+02:00
NSR:StopPlace:59654,Stabekk stasjon,2026-09-07T06:52:00+02:00,2026-09-07T06:52:57+02:00,2026-09-07T06:52:57+02:00,57.0,1,Nationaltheatret,RUT:Line:150,Gullhaug - Nationaltheatret,150,bus,RUT:ServiceJourney:26104bd9c4faea7b1ad00a3291c9080b,True,actual,False,,,,,2026-09-07T08:42:24.659182+02:00
NSR:StopPlace:59654,Stabekk stasjon,2026-09-07T07:07:00+02:00,2026-09-07T07:07:57+02:00,2026-09-07T07:07:57+02:00,57.0,1,Fornebu,RUT:Line:145,Bekkestua - Fornebu,145,bus,RUT:ServiceJourney:d49301b7b1d9aba017acf064f2a03f26,True,actual,False,,,,,2026-09-07T08:42:24.659182+02:00
NSR:StopPlace:59616,Asker stasjon,2026-09-07T06:00:00+02:00,2026-09-07T06:00:57+02:00,2026-09-07T06:00:57+02:00,57.0,1,Skien,VYG:Line:RE11,Eidsvoll-Oslo S-Skien,RE11,rail,VYG:ServiceJourney:300-803-HHS_658721-R,True,actual,False,,,,,2026-09-07T08:42:24.659182+02:00
NSR:StopPlace:58924,Bryne stasjon,2026-09-07T06:58:00+02:00,2026-09-07T06:58:57+02:00,2026-09-07T06:58:57+02:00,57.0,1,Nærbø,GOA:Line:59,Jærbanen,L5,rail,GOA:ServiceJourney:3010_63042-R,True,actual,False,,,,,2026-09-07T08:42:24.659182+02:00
NSR:StopPlace:58925,Gausel stasjon,2026-09-07T06:32:00+02:00,2026-09-07T06:32:57+02:00,2026-09-07T06:32:57+02:00,57.0,1,Stavanger,KOL:Line:8_1003,2,2,bus,KOL:ServiceJourney:1003_251008123091647_2008,True,actual,False,,,,,2026-09-07T08:42:24.659182+02:00
NSR:StopPlace:58925,Gausel stasjon,2026-09-07T06:45:00+02:00,2026-09-07T06:45:57+02:00,2026-09-07T06:45:57+02:00,57.0,1,Forus,KOL:Line:8_1003,2,2,bus,KOL:ServiceJourney:1003_251008123066563_1006,True,actual,False,,,,,2026-09-07T08:42:24.659182+02:00
NSR:StopPlace:58834,Hokksund stasjon,2026-09-07T06:50:00+02:00,2026-09-07T06:50:57+02:00,2026-09-07T06:50:57+02:00,57.0,1,Drammen busstasjon,BRA:Line:4_6139,Drammen - Åmot - Hønefoss,139,bus,BRA:ServiceJourney:6139_260415100161338_1001,True,actual,False,,,,,2026-09-07T08:42:24.659182+02:00
NSR:StopPlace:58847,Frogner stasjon,2026-09-07T05:51:00+02:00,2026-09-07T05:51:57+02:00,2026-09-07T05:51:57+02:00,57.0,1,Drammen,VYG:Line:R13,Drammen-Oslo S-Dal,R13,rail,VYG:ServiceJourney:1604_443221-R,True,actual,False,,,,,2026-09-07T08:42:24.659182+02:00
NSR:StopPlace:58856,Lysaker stasjon,2026-09-07T05:49:00+02:00,2026-09-07T05:49:57+02:00,2026-09-07T05:49:57+02:00,57.0,1,Skien,VYG:Line:RE11,Eidsvoll-Oslo S-Skien,RE11,rail,VYG:ServiceJourney:300-803-HHS_658721-R,True,actual,False,,,,,2026-09-07T08:42:24.659182+02:00
NSR:StopPlace:58857,Lørenskog stasjon,2026-09-07T07:51:00+02:00,2026-09-07T07:51:57+02:00,2026-09-07T07:51:57+02:00,57.0,1,Lørenskog sentrum,RUT:Line:67,Økern-Lørenskog sentrum,67,bus,RUT:ServiceJourney:eb98f8e5cafa732882a6f0351f42f921,True,actual,False,,,,,2026-09-07T08:42:24.659182+02:00
NSR:StopPlace:58864,Sørumsand stasjon,2026-09-07T05:51:00+02:00,2026-09-07T05:51:57+02:00,2026-09-07T05:51:57+02:00,57.0,1,Skedsmokorset,RUT:Line:365,Sørumsand - Frogner - Skedsmokorset,365,bus,RUT:ServiceJourney:41ef57573d2750374512285e4597a91b,True,actual,False,,,,,2026-09-07T08:42:24.659182+02:00
NSR:StopPlace:58868,Årnes stasjon,2026-09-07T08:34:00+02:00,2026-09-07T08:34:57+02:00,2026-09-07T08:34:57+02:00,57.0,1,Oslo lufthavn,RUT:Line:450,Årnes - Oslo lufthavn,450,bus,RUT:ServiceJourney:c912f1916fc70879036c88cbd05bd31e,True,actual,False,,,,,2026-09-07T08:42:24.659182+02:00
NSR:StopPlace:58861,Solbråtan stasjon,2026-09-07T06:53:00+02:00,2026-09-07T06:53:57+02:00,2026-09-07T06:53:57+02:00,57.0,1,Stabekk,VYG:Line:L2,Stabekk-Oslo S-Ski,L2,rail,VYG:ServiceJourney:2712-SKI_443918-R,True,actual,False,,,,,2026-09-07T08:42:24.659182+02:00
NSR:StopPlace:58872,Sandefjord stasjon,2026-09-07T06:45:00+02:00,2026-09-07T06:45:57+02:00,2026-09-07T06:45:57+02:00,57.0,1,Eidsvoll,VYG:Line:RE11,Eidsvoll-Oslo S-Skien,RE11,rail,VYG:ServiceJourney:806_444386-R,True,actual,False,,,,,2026-09-07T08:42:24.659182+02:00
NSR:StopPlace:58820,Harestua stasjon,2026-09-07T04:57:00+02:00,2026-09-07T04:57:57+02:00,2026-09-07T04:57:57+02:00,57.0,1,Oslo S,VYG:Line:R31,Skøyen-Jaren-Gjøvik,R31,rail,VYG:ServiceJourney:BUS-240_655530-R,True,actual,False,,,,,2026-09-07T08:42:24.659182+02:00
NSR:StopPlace:58825,Raufoss stasjon,2026-09-07T06:15:00+02:00,2026-09-07T06:15:57+02:00,2026-09-07T06:15:57+02:00,57.0,1,Gjøvik-Kapp,INN:Line:46,Lena-Raufoss-Gjøvik-Kapp-Lena,B46,bus,INN:ServiceJourney:76819,True,actual,False,,,,,2026-09-07T08:42:24.659182+02:00
NSR:StopPlace:206,Mariero stasjon,2026-09-07T06:02:00+02:00,2026-09-07T06:02:57+02:00,2026-09-07T06:02:57+02:00,57.0,1,Stavanger,GOA:Line:59,Jærbanen,L5,rail,GOA:ServiceJourney:3105_63150-R,True,actual,False,,,,,2026-09-07T08:42:24.659182+02:00
NSR:StopPlace:628,Darbu stasjon,2026-09-07T06:05:00+02:00,2026-09-07T06:05:57+02:00,2026-09-07T06:05:57+02:00,57.0,1,Dal,VYG:Line:R13,Drammen-Oslo S-Dal,R13,rail,VYG:ServiceJourney:1609_443226-R,True,actual,False,,,,,2026-09-07T08:42:24.659182+02:00
NSR:StopPlace:58856,Lysaker stasjon,2026-09-07T03:06:00+02:00,2026-09-07T03:06:57+02:00,2026-09-07T03:06:57+02:00,57.0,1,Grorud T,RUT:Line:31,Snarøya - Fornebu - Tonsenhagen - Grorud,31,bus,RUT:ServiceJourney:9d658e631160f2a78d86d275152b36e8,True,actual,False,,,,,2026-09-07T03:30:22.110925+02:00
NSR:StopPlace:61897,Bryn stasjon,2026-09-07T23:00:00+02:00,2026-09-07T23:00:56+02:00,2026-09-07T23:00:56+02:00,56.0,1,Lillestrøm,VYG:Line:L1,Spikkestad-Oslo S-Lillestrøm,L1,rail,VYG:ServiceJourney:2172_443583-R,True,actual,False,,,,,2026-09-08T00:20:52.129880+02:00
NSR:StopPlace:59638,Myrvoll stasjon,2026-09-07T22:35:00+02:00,2026-09-07T22:35:56+02:00,2026-09-07T22:35:56+02:00,56.0,1,Filipstad,RUT:Line:81,Fornebu - Myrvoll stasjon,81,bus,RUT:ServiceJourney:46fdef481b3d29125eb32f1fbf9f29ef,True,actual,False,,,,,2026-09-08T00:20:52.129880+02:00
NSR:StopPlace:59639,Sonsveien stasjon,2026-09-07T21:55:00+02:00,2026-09-07T21:55:56+02:00,2026-09-07T21:55:56+02:00,56.0,1,Deør - Son - Store Brevik,RUT:Line:3545,Son mot klokka,545B,bus,RUT:ServiceJourney:86231ebacfdb0cc13e798f66be667d72,True,actual,False,,,,,2026-09-08T00:20:52.129880+02:00
NSR:StopPlace:58865,Vestby stasjon,2026-09-07T22:20:00+02:00,2026-09-07T22:20:56+02:00,2026-09-07T22:20:56+02:00,56.0,1,Grønberg,RUT:Line:530,Pepperstad - Vestby stasjon,530,bus,RUT:ServiceJourney:75810187ea7d557405db902d959e142c,True,actual,False,,,,,2026-09-08T00:20:52.129880+02:00
NSR:StopPlace:58871,Sande stasjon,2026-09-07T23:40:00+02:00,2026-09-07T23:40:56+02:00,2026-09-07T23:40:56+02:00,56.0,1,Skafjell-Selvik skole,VKT:Line:10,Drammen-Skoger-Sande,10,bus,VKT:ServiceJourney:104169,True,actual,False,,,,,2026-09-08T00:20:52.129880+02:00
NSR:StopPlace:61169,Marienborg stasjon,2026-09-07T18:05:00+02:00,2026-09-07T18:05:56+02:00,2026-09-07T18:05:56+02:00,56.0,1,Østmarka via Lerkendal-Strindh.,ATB:Line:2_13,Østmarka - Strindheim - Lerkendal - Havstad,13,bus,ATB:ServiceJourney:13_251215112552617_119,True,actual,False,,,,,2026-09-07T20:27:16.249662+02:00
NSR:StopPlace:61464,Hvalstad stasjon,2026-09-07T19:09:00+02:00,2026-09-07T19:09:56+02:00,2026-09-07T19:09:56+02:00,56.0,1,Spikkestad,VYG:Line:L1,Spikkestad-Oslo S-Lillestrøm,L1,rail,VYG:ServiceJourney:2255_443677-R,True,actual,False,,,,,2026-09-07T20:27:16.249662+02:00
NSR:StopPlace:61735,Hell stasjon,2026-09-07T18:50:00+02:00,2026-09-07T18:50:56+02:00,2026-09-07T18:50:56+02:00,56.0,1,Steinkjer,SJN:Line:26,Trønderbanen,R70,rail,SJN:ServiceJourney:447_56076-R,True,actual,False,,,,,2026-09-07T20:27:16.249662+02:00
NSR:StopPlace:59639,Sonsveien stasjon,2026-09-07T19:55:00+02:00,2026-09-07T19:55:56+02:00,2026-09-07T19:55:56+02:00,56.0,1,Deør - Son - Store Brevik,RUT:Line:3545,Son mot klokka,545B,bus,RUT:ServiceJourney:19ecc580aae1b2f8325516b51366c038,True,actual,False,,,,,2026-09-07T20:27:16.249662+02:00
NSR:StopPlace:58963,Jessheim stasjon,2026-09-07T17:46:00+02:00,2026-09-07T17:46:56+02:00,2026-09-07T17:46:56+02:00,56.0,1,Oslo lufthavn,RUT:Line:440,Fenstad/Nordkisa - Oslo lufthavn,440,bus,RUT:ServiceJourney:1bf877bfe606530d5d9e1bb51c6fcdcf,True,actual,False,,,,,2026-09-07T20:27:16.249662+02:00
NSR:StopPlace:58930,Larvik stasjon,2026-09-07T20:17:00+02:00,2026-09-07T20:17:56+02:00,2026-09-07T20:17:56+02:00,56.0,1,Larvik-Sandefjord,VKT:Line:3,Busk-Sandefjord-Larvik-Veldre,3,bus,VKT:ServiceJourney:17565,True,actual,False,,,,,2026-09-07T20:27:16.249662+02:00
NSR:StopPlace:58931,Fannrem stasjon,2026-09-07T19:50:00+02:00,2026-09-07T19:50:56+02:00,2026-09-07T19:50:56+02:00,56.0,1,Trondheim S via Orkanger skysst.,ATB:Line:2_310,Trondheim - Orkanger - Fannrem,310,bus,ATB:ServiceJourney:310_260106098639835_69,True,actual,False,,,,,2026-09-07T20:27:16.249662+02:00
NSR:StopPlace:58936,Skatval stasjon,2026-09-07T17:06:00+02:00,2026-09-07T17:06:56+02:00,2026-09-07T17:06:56+02:00,56.0,1,Steinkjer,SJN:Line:26,Trønderbanen,R70,rail,SJN:ServiceJourney:443-SOeB_56072-R,True,actual,False,,,,,2026-09-07T20:27:16.249662+02:00
NSR:StopPlace:58866,Vevelstad stasjon,2026-09-07T18:59:00+02:00,2026-09-07T18:59:56+02:00,2026-09-07T18:59:56+02:00,56.0,1,Skøyen,VYG:Line:L2,Stabekk-Oslo S-Ski,L2,rail,VYG:ServiceJourney:2860-SKI_488393-R,True,actual,False,,,,,2026-09-07T20:27:16.249662+02:00
NSR:StopPlace:58868,Årnes stasjon,2026-09-07T17:14:00+02:00,2026-09-07T17:14:56+02:00,2026-09-07T17:14:56+02:00,56.0,1,Eidsvoll,RUT:Line:441,Eidsvoll - Årnes,441,bus,RUT:ServiceJourney:b92d41f9376963b195f779b43a8eeb2c,True,actual,False,,,,,2026-09-07T20:27:16.249662+02:00
NSR:StopPlace:58884,Skien stasjon,2026-09-07T18:06:00+02:00,2026-09-07T18:06:56+02:00,2026-09-07T18:06:56+02:00,56.0,1,Skjelsvik via Klyve-Kongerød,TEL:Line:8043,Skien-Klyve-Skjelsvik,M3,bus,TEL:ServiceJourney:127198,True,actual,False,,,,,2026-09-07T20:27:16.249662+02:00
NSR:StopPlace:58803,Tomter stasjon,2026-09-07T19:28:00+02:00,2026-09-07T19:28:56+02:00,2026-09-07T19:28:56+02:00,56.0,1,Rakkestad,VYG:Line:R22,Skøyen-Oslo S-Mysen-Rakkestad,R22,rail,VYG:ServiceJourney:1929_443482-R,True,actual,False,,,,,2026-09-07T20:27:16.249662+02:00
NSR:StopPlace:58804,Alvdal stasjon,2026-09-07T18:41:00+02:00,2026-09-07T18:41:56+02:00,2026-09-07T18:41:56+02:00,56.0,1,Trondheim S,SJN:Line:25,Rørosbanen,R60,rail,SJN:ServiceJourney:2389_47883-R,True,actual,False,,,,,2026-09-07T20:27:16.249662+02:00
NSR:StopPlace:61291,Stavanger stasjon,2026-09-07T15:39:00+02:00,2026-09-07T15:39:56+02:00,2026-09-07T15:39:56+02:00,56.0,1,Skeiane,GOA:Line:59,Jærbanen,L5,rail,GOA:ServiceJourney:3144_63189-R,True,actual,False,,,,,2026-09-07T15:44:36.205822+02:00
NSR:StopPlace:59648,Kjelsås stasjon,2026-09-07T14:43:00+02:00,2026-09-07T14:43:56+02:00,2026-09-07T14:43:56+02:00,56.0,1,Kværnerbyen,RUT:Line:54,Kværnerbyen - Kjelsås stasjon,54,bus,RUT:ServiceJourney:3ad93f89ab5d1f148b94a3c117bb5645,True,actual,False,,,,,2026-09-07T15:44:36.205822+02:00
NSR:StopPlace:58947,Steinkjer stasjon,2026-09-07T14:16:00+02:00,2026-09-07T14:16:56+02:00,2026-09-07T14:16:56+02:00,56.0,1,Heistad,ATB:Line:2_7302,Veiesdal - Henning - Steinkjer,7302,bus,ATB:ServiceJourney:7302_260106098640742_9,True,actual,False,,,,,2026-09-07T15:44:36.205822+02:00
NSR:StopPlace:58948,Stjørdal stasjon,2026-09-07T14:29:00+02:00,2026-09-07T14:29:56+02:00,2026-09-07T14:29:56+02:00,56.0,1,A Marienborg via Innherredsveien,ATB:Line:2_70,Stjørdal/Hommelvik- Trondheim,70,bus,ATB:ServiceJourney:70_251215112546913_56,True,actual,False,,,,,2026-09-07T15:44:36.205822+02:00
NSR:StopPlace:58858,Nittedal stasjon,2026-09-07T15:36:00+02:00,2026-09-07T15:36:56+02:00,2026-09-07T15:36:56+02:00,56.0,1,Dam,RUT:Line:386,Nittedal stasjon - Kruttverket - Dam,386,bus,RUT:ServiceJourney:56a533a63dff9f9f0eda560c97bc711e,True,actual,False,,,,,2026-09-07T15:44:36.205822+02:00
NSR:StopPlace:58874,Stokke stasjon,2026-09-07T14:52:00+02:00,2026-09-07T14:52:56+02:00,2026-09-07T14:52:56+02:00,56.0,1,Tønsberg,VKT:Line:520,Tønsberg-Stokke,520,bus,VKT:ServiceJourney:17316,True,actual,False,,,,,2026-09-07T15:44:36.205822+02:00
NSR:StopPlace:58886,Arendal stasjon,2026-09-07T15:02:00+02:00,2026-09-07T15:02:56+02:00,2026-09-07T15:02:56+02:00,56.0,1,Eydehavn,AKT:Line:101,Eydehavn-Arendal-Grimstad N/S,101,bus,AKT:ServiceJourney:71875_292_78_102480_106620_40001426,True,actual,False,,,,,2026-09-07T15:44:36.205822+02:00
NSR:StopPlace:313,Høybråten stasjon,2026-09-07T14:38:00+02:00,2026-09-07T14:38:56+02:00,2026-09-07T14:38:56+02:00,56.0,1,Asker,VYG:Line:L1,Spikkestad-Oslo S-Lillestrøm,L1,rail,VYG:ServiceJourney:2139_443546-R,True,actual,False,,,,,2026-09-07T15:44:36.205822+02:00
NSR:StopPlace:62380,Røra stasjon,2026-09-07T12:53:00+02:00,2026-09-07T12:53:56+02:00,2026-09-07T12:53:56+02:00,56.0,1,Melhus skysstasjon,SJN:Line:26,Trønderbanen,R70,rail,SJN:ServiceJourney:436-STK_56065-R,True,actual,False,,,,,2026-09-07T15:44:36.205822+02:00
NSR:StopPlace:59647,Dal stasjon,2026-09-07T06:54:00+02:00,2026-09-07T06:54:56+02:00,2026-09-07T06:54:56+02:00,56.0,1,Drammen,VYG:Line:R13,Drammen-Oslo S-Dal,R13,rail,VYG:ServiceJourney:1610_443230-R,True,actual,False,,,,,2026-09-07T08:42:24.659182+02:00
NSR:StopPlace:58916,Charlottenberg station,2026-09-07T06:30:00+02:00,2026-09-07T06:30:56+02:00,2026-09-07T06:30:56+02:00,56.0,1,Kongsvinger,INN:Line:120,Kongsvinger - Charlottenberg,120,bus,INN:ServiceJourney:54603,True,actual,False,,,,,2026-09-07T08:42:24.659182+02:00
NSR:StopPlace:58935,Levanger stasjon,2026-09-07T07:56:00+02:00,2026-09-07T07:56:56+02:00,2026-09-07T07:56:56+02:00,56.0,1,Nesheim skole via Levanger vgs,ATB:Line:2_7405,Levanger - Buran - Nybrotta,7405,bus,ATB:ServiceJourney:7405_260106098641860_3,True,actual,False,,,,,2026-09-07T08:42:24.659182+02:00
NSR:StopPlace:58790,Verdal stasjon,2026-09-07T06:58:00+02:00,2026-09-07T06:58:56+02:00,2026-09-07T06:58:56+02:00,56.0,1,Steinkjer,SJN:Line:26,Trønderbanen,R70,rail,SJN:ServiceJourney:421_56050-R,True,actual,False,,,,,2026-09-07T08:42:24.659182+02:00
NSR:StopPlace:58795,Kambo stasjon,2026-09-07T08:30:00+02:00,2026-09-07T08:30:56+02:00,2026-09-07T08:30:56+02:00,56.0,1,Stabekk,VYG:Line:R21,Stabekk-Oslo S-Moss,R21,rail,VYG:ServiceJourney:1118-MOS_442993-R,True,actual,False,,,,,2026-09-07T08:42:24.659182+02:00
NSR:StopPlace:58830,Brakerøya stasjon,2026-09-07T06:38:00+02:00,2026-09-07T06:38:56+02:00,2026-09-07T06:38:56+02:00,56.0,1,Dal,VYG:Line:R13,Drammen-Oslo S-Dal,R13,rail,VYG:ServiceJourney:1609_443226-R,True,actual,False,,,,,2026-09-07T08:42:24.659182+02:00
NSR:StopPlace:58832,Geilo stasjon,2026-09-07T07:50:00+02:00,2026-09-07T07:50:56+02:00,2026-09-07T07:50:56+02:00,56.0,1,Ustaoset,BRA:Line:4_6334,Geilo - Ustaoset - Haugastøl,334,bus,BRA:ServiceJourney:6334_260804087388906_1001,True,actual,False,,,,,2026-09-07T08:42:24.659182+02:00
NSR:StopPlace:58844,Eidsvoll stasjon,2026-09-07T06:45:00+02:00,2026-09-07T06:45:56+02:00,2026-09-07T06:45:56+02:00,56.0,1,Langset,RUT:Line:443,Feiring/ Minnesund - Eidsvoll,443,bus,RUT:ServiceJourney:b93154d18f3f75941ac86c1b20b41d15,True,actual,False,,,,,2026-09-07T08:42:24.659182+02:00
NSR:StopPlace:58854,Langhus stasjon,2026-09-07T06:57:00+02:00,2026-09-07T06:57:56+02:00,2026-09-07T06:57:56+02:00,56.0,1,Lysaker,VYG:Line:L2,Stabekk-Oslo S-Ski,L2,rail,VYG:ServiceJourney:2812-SKI_444024-R,True,actual,False,Færre vogner,Denne avgangen kjører dessverre med 3 vogner i stedet for 6 vogner. Dette skyldes at vi mangler et togsett.,general,normal,2026-09-07T08:42:24.659182+02:00
NSR:StopPlace:58855,Leirsund stasjon,2026-09-07T05:55:00+02:00,2026-09-07T05:55:56+02:00,2026-09-07T05:55:56+02:00,56.0,1,Drammen,VYG:Line:R13,Drammen-Oslo S-Dal,R13,rail,VYG:ServiceJourney:1604_443221-R,True,actual,False,,,,,2026-09-07T08:42:24.659182+02:00
NSR:StopPlace:58858,Nittedal stasjon,2026-09-07T07:36:00+02:00,2026-09-07T07:36:56+02:00,2026-09-07T07:36:56+02:00,56.0,1,Dam,RUT:Line:386,Nittedal stasjon - Kruttverket - Dam,386,bus,RUT:ServiceJourney:5de1abfce0c9434c5dc1bda159eefa09,True,actual,False,,,,,2026-09-07T08:42:24.659182+02:00
NSR:StopPlace:58865,Vestby stasjon,2026-09-07T07:20:00+02:00,2026-09-07T07:20:56+02:00,2026-09-07T07:20:56+02:00,56.0,1,Grønberg,RUT:Line:530,Pepperstad - Vestby stasjon,530,bus,RUT:ServiceJourney:513e84a8cf1011193476837965b5bd6d,True,actual,False,,,,,2026-09-07T08:42:24.659182+02:00
NSR:StopPlace:58869,Ås stasjon,2026-09-07T07:20:00+02:00,2026-09-07T07:20:56+02:00,2026-09-07T07:20:56+02:00,56.0,1,Kroer,RUT:Line:535,Kroer - Ås stasjon,535,bus,RUT:ServiceJourney:4d6ab7884c3374fcf2bbf9ef13d9a5cc,True,actual,False,,,,,2026-09-07T08:42:24.659182+02:00
NSR:StopPlace:58884,Skien stasjon,2026-09-07T06:40:00+02:00,2026-09-07T06:40:56+02:00,2026-09-07T06:40:56+02:00,56.0,1,Seljord,TEL:Line:8181,Seljord-Bø-Skien,R1,bus,TEL:ServiceJourney:127083,True,actual,False,,,,,2026-09-07T08:42:24.659182+02:00
NSR:StopPlace:58884,Skien stasjon,2026-09-07T07:36:00+02:00,2026-09-07T07:36:56+02:00,2026-09-07T07:36:56+02:00,56.0,1,Skjelsvik via Klyve,TEL:Line:8043,Skien-Klyve-Skjelsvik,M3,bus,TEL:ServiceJourney:127155,True,actual,False,,,,,2026-09-07T08:42:24.659182+02:00
NSR:StopPlace:58812,Os stasjon,2026-09-07T06:43:00+02:00,2026-09-07T06:43:56+02:00,2026-09-07T06:43:56+02:00,56.0,1,Tynset,INN:Line:182,Tynset - Røros,182,bus,INN:ServiceJourney:74870,True,actual,False,,,,,2026-09-07T08:42:24.659182+02:00
NSR:StopPlace:58211,Oslo lufthavn,2026-09-07T06:50:00+02:00,2026-09-07T06:50:56+02:00,2026-09-07T06:50:56+02:00,56.0,1,Drammen,FLT:Line:FLY1,FLY1,FLY1,rail,FLT:ServiceJourney:1-2614-3710-20260907,True,actual,False,,,,,2026-09-07T08:42:24.659182+02:00
NSR:StopPlace:261,Ganddal stasjon,2026-09-07T07:09:00+02:00,2026-09-07T07:09:56+02:00,2026-09-07T07:09:56+02:00,56.0,1,Stavanger,GOA:Line:59,Jærbanen,L5,rail,GOA:ServiceJourney:3007_63039-R,True,actual,False,,,,,2026-09-07T08:42:24.659182+02:00
NSR:StopPlace:416,Vikhammer stasjon,2026-09-07T07:18:00+02:00,2026-09-07T07:18:56+02:00,2026-09-07T07:18:56+02:00,56.0,1,Storlien,SJN:Line:72,Meråkerbanen,R71,rail,SJN:ServiceJourney:1303_53533-R,True,actual,False,,,,,2026-09-07T08:42:24.659182+02:00
NSR:StopPlace:62309,Ljan stasjon,2026-09-07T07:39:00+02:00,2026-09-07T07:39:56+02:00,2026-09-07T07:39:56+02:00,56.0,1,Ski,VYG:Line:L2,Stabekk-Oslo S-Ski,L2,rail,VYG:ServiceJourney:2809-HVK_444020-R,True,actual,False,Færre vogner,Denne avgangen kjører dessverre med 3 vogner i stedet for 6 vogner. Dette skyldes at vi mangler et togsett.,general,normal,2026-09-07T08:42:24.659182+02:00
NSR:StopPlace:61169,Marienborg stasjon,2026-09-07T22:09:00+02:00,2026-09-07T22:09:55+02:00,2026-09-07T22:09:55+02:00,55.0,1,Steinkjer,SJN:Line:26,Trønderbanen,R70,rail,SJN:ServiceJourney:455_56084-R,True,actual,False,,,,,2026-09-08T00:20:52.129880+02:00
NSR:StopPlace:61464,Hvalstad stasjon,2026-09-07T23:24:00+02:00,2026-09-07T23:24:55+02:00,2026-09-07T23:24:55+02:00,55.0,1,Lillestrøm,VYG:Line:L1,Spikkestad-Oslo S-Lillestrøm,L1,rail,VYG:ServiceJourney:2176_443587-R,True,actual,False,,,,,2026-09-08T00:20:52.129880+02:00
NSR:StopPlace:61897,Bryn stasjon,2026-09-08T00:05:00+02:00,2026-09-08T00:05:55+02:00,2026-09-08T00:05:55+02:00,55.0,1,Spikkestad,VYG:Line:L1,Spikkestad-Oslo S-Lillestrøm,L1,rail,VYG:ServiceJourney:2277_443713-R,True,actual,False,,,,,2026-09-08T00:20:52.129880+02:00
NSR:StopPlace:59648,Kjelsås stasjon,2026-09-07T22:55:00+02:00,2026-09-07T22:55:55+02:00,2026-09-07T22:55:55+02:00,55.0,1,Kværnerbyen,RUT:Line:54,Kværnerbyen - Kjelsås stasjon,54,bus,RUT:ServiceJourney:ef28a7b87a7e9e45e47393d08ab43ece,True,actual,False,,,,,2026-09-08T00:20:52.129880+02:00
NSR:StopPlace:59639,Sonsveien stasjon,2026-09-07T22:25:00+02:00,2026-09-07T22:25:55+02:00,2026-09-07T22:25:55+02:00,55.0,1,Store Brevik - Son - Deør,RUT:Line:2545,Son med klokka,545A,bus,RUT:ServiceJourney:7d0416a2e3d80bb01901b32507b7470b,True,actual,False,,,,,2026-09-08T00:20:52.129880+02:00
NSR:StopPlace:59639,Sonsveien stasjon,2026-09-07T22:55:00+02:00,2026-09-07T22:55:55+02:00,2026-09-07T22:55:55+02:00,55.0,1,Deør - Son - Store Brevik,RUT:Line:3545,Son mot klokka,545B,bus,RUT:ServiceJourney:d8ff20691544bd9840c56c4633fe713b,True,actual,False,,,,,2026-09-08T00:20:52.129880+02:00
NSR:StopPlace:58834,Hokksund stasjon,2026-09-07T23:00:00+02:00,2026-09-07T23:00:55+02:00,2026-09-07T23:00:55+02:00,55.0,1,Kongsberg,VYG:Line:R12,Kongsberg-Oslo S-Eidsvoll,R12,rail,VYG:ServiceJourney:535_444345-R,True,actual,False,,,,,2026-09-08T00:20:52.129880+02:00
NSR:StopPlace:58865,Vestby stasjon,2026-09-07T22:50:00+02:00,2026-09-07T22:50:55+02:00,2026-09-07T22:50:55+02:00,55.0,1,Moss,RUT:Line:540,Moss - Son - Vestby stasjon,540,bus,RUT:ServiceJourney:c62ccc927c3de91c30b543e9f9adc30d,True,actual,False,,,,,2026-09-08T00:20:52.129880+02:00
NSR:StopPlace:58866,Vevelstad stasjon,2026-09-07T22:21:00+02:00,2026-09-07T22:21:55+02:00,2026-09-07T22:21:55+02:00,55.0,1,Drøbak - Seiersten,RUT:Line:510,Bøleråsen - Ski - Ås - Drøbak,510,bus,RUT:ServiceJourney:12b0363d723397bb66411598aa6413c6,True,actual,False,,,,,2026-09-08T00:20:52.129880+02:00
NSR:StopPlace:58860,Oppegård stasjon,2026-09-07T22:16:00+02:00,2026-09-07T22:16:55+02:00,2026-09-07T22:16:55+02:00,55.0,1,Stabekk,VYG:Line:L2,Stabekk-Oslo S-Ski,L2,rail,VYG:ServiceJourney:2774-SKI_443996-R,True,actual,False,,,,,2026-09-08T00:20:52.129880+02:00
NSR:StopPlace:62339,Lillestrøm stasjon,2026-09-07T20:26:00+02:00,2026-09-07T20:26:55+02:00,2026-09-07T20:26:55+02:00,55.0,1,Skien,VYG:Line:RE11,Eidsvoll-Oslo S-Skien,RE11,rail,VYG:ServiceJourney:833_444413-R,True,actual,False,Heis i spor 1 og 2 er ute av bruk på grunn av vedlikehold. | Færre vogner,Heis i spor 1 og 2 er ute av bruk på grunn av vedlikehold. | Denne avgangen kjører dessverre med 5 vogner i stedet for 10 vogner. Dette skyldes at vi mangler et togsett.,general | general,normal | normal,2026-09-08T00:20:52.129880+02:00
NSR:StopPlace:61169,Marienborg stasjon,2026-09-07T17:50:00+02:00,2026-09-07T17:50:55+02:00,2026-09-07T17:50:55+02:00,55.0,1,Havstad,ATB:Line:2_13,Østmarka - Strindheim - Lerkendal - Havstad,13,bus,ATB:ServiceJourney:13_251215112552576_116,True,actual,False,,,,,2026-09-07T20:27:16.249662+02:00
NSR:StopPlace:61387,Skogn stasjon,2026-09-07T20:20:00+02:00,2026-09-07T20:20:55+02:00,2026-09-07T20:20:55+02:00,55.0,1,Melhus skysstasjon,SJN:Line:26,Trønderbanen,R70,rail,SJN:ServiceJourney:450-STK_56079-R,True,actual,False,,,,,2026-09-07T20:27:16.249662+02:00
NSR:StopPlace:59639,Sonsveien stasjon,2026-09-07T17:55:00+02:00,2026-09-07T17:55:55+02:00,2026-09-07T17:55:55+02:00,55.0,1,Deør - Son - Store Brevik,RUT:Line:3545,Son mot klokka,545B,bus,RUT:ServiceJourney:c49f674d78615a0c9bc42ff0c537fe3b,True,actual,False,,,,,2026-09-07T20:27:16.249662+02:00
NSR:StopPlace:59639,Sonsveien stasjon,2026-09-07T20:25:00+02:00,2026-09-07T20:25:55+02:00,2026-09-07T20:25:55+02:00,55.0,1,Store Brevik - Son - Deør,RUT:Line:2545,Son med klokka,545A,bus,RUT:ServiceJourney:413bc7cf827eb7b96f8d3f9a8b319246,True,actual,False,,,,,2026-09-07T20:27:16.249662+02:00
NSR:StopPlace:58963,Jessheim stasjon,2026-09-07T17:51:00+02:00,2026-09-07T17:51:55+02:00,2026-09-07T17:51:55+02:00,55.0,1,Aktivitetsvegen,RUT:Line:450,Årnes - Oslo lufthavn,450,bus,RUT:ServiceJourney:ea8870a6ac18636547feee97470501a5,True,actual,False,,,,,2026-09-07T20:27:16.249662+02:00
NSR:StopPlace:58964,Kløfta stasjon,2026-09-07T18:44:00+02:00,2026-09-07T18:44:55+02:00,2026-09-07T18:44:55+02:00,55.0,1,Dal,VYG:Line:R13,Drammen-Oslo S-Dal,R13,rail,VYG:ServiceJourney:1653_443327-R,True,actual,False,,,,,2026-09-07T20:27:16.249662+02:00
NSR:StopPlace:58964,Kløfta stasjon,2026-09-07T19:44:00+02:00,2026-09-07T19:44:55+02:00,2026-09-07T19:44:55+02:00,55.0,1,Dal,VYG:Line:R13,Drammen-Oslo S-Dal,R13,rail,VYG:ServiceJourney:1657_443336-R,True,actual,False,,,,,2026-09-07T20:27:16.249662+02:00
NSR:StopPlace:58926,Dale stasjon,2026-09-07T18:08:00+02:00,2026-09-07T18:08:55+02:00,2026-09-07T18:08:55+02:00,55.0,1,Voss,VYG:Line:R40,Bergen-Voss-Myrdal-Ål,R40,rail,VYG:ServiceJourney:1826_457479-R,True,actual,False,,,,,2026-09-07T20:27:16.249662+02:00
NSR:StopPlace:58936,Skatval stasjon,2026-09-07T20:06:00+02:00,2026-09-07T20:06:55+02:00,2026-09-07T20:06:55+02:00,55.0,1,Steinkjer,SJN:Line:26,Trønderbanen,R70,rail,SJN:ServiceJourney:449_56078-R,True,actual,False,,,,,2026-09-07T20:27:16.249662+02:00
NSR:StopPlace:58844,Eidsvoll stasjon,2026-09-07T19:15:00+02:00,2026-09-07T19:15:55+02:00,2026-09-07T19:15:55+02:00,55.0,1,Langset øst,RUT:Line:448,Langset - Eidsvoll via Østsidavegen,448,bus,RUT:ServiceJourney:19f6e9c2740f471f5fdd6f63059fe130,True,actual,False,,,,,2026-09-07T20:27:16.249662+02:00
NSR:StopPlace:58845,Eidsvoll verk stasjon,2026-09-07T16:35:00+02:00,2026-09-07T16:35:55+02:00,2026-09-07T16:35:55+02:00,55.0,1,Kongsberg,VYG:Line:R12,Kongsberg-Oslo S-Eidsvoll,R12,rail,VYG:ServiceJourney:525_444330-R,True,actual,False,,,,,2026-09-07T20:27:16.249662+02:00
NSR:StopPlace:58845,Eidsvoll verk stasjon,2026-09-07T18:15:00+02:00,2026-09-07T18:15:55+02:00,2026-09-07T18:15:55+02:00,55.0,1,Eidsvoll,RUT:Line:430,Eidsvoll - Jessheim,430,bus,RUT:ServiceJourney:63b0eaf43812468f97efad383ad287f9,True,actual,False,,,,,2026-09-07T20:27:16.249662+02:00
NSR:StopPlace:58858,Nittedal stasjon,2026-09-07T17:50:00+02:00,2026-09-07T17:50:55+02:00,2026-09-07T17:50:55+02:00,55.0,1,Lørenskog sentrum,RUT:Line:385,Nittedal stasjon - Olavsgaard - Ahus,385,bus,RUT:ServiceJourney:720b30c4a355c8afec09188b7ce21447,True,actual,False,,,,,2026-09-07T20:27:16.249662+02:00
NSR:StopPlace:58869,Ås stasjon,2026-09-07T18:20:00+02:00,2026-09-07T18:20:55+02:00,2026-09-07T18:20:55+02:00,55.0,1,Kroer,RUT:Line:535,Kroer - Ås stasjon,535,bus,RUT:ServiceJourney:650519fd57779a754256e6e20aa5f6ed,True,actual,False,,,,,2026-09-07T20:27:16.249662+02:00
NSR:StopPlace:58860,Oppegård stasjon,2026-09-07T18:46:00+02:00,2026-09-07T18:46:55+02:00,2026-09-07T18:46:55+02:00,55.0,1,Stabekk,VYG:Line:L2,Stabekk-Oslo S-Ski,L2,rail,VYG:ServiceJourney:2760-SKI_443974-R,True,actual,False,,,,,2026-09-07T20:27:16.249662+02:00
NSR:StopPlace:58886,Arendal stasjon,2026-09-07T17:57:00+02:00,2026-09-07T17:57:55+02:00,2026-09-07T17:57:55+02:00,55.0,1,Solåsen,AKT:Line:111,Sykehuset-Arendal-Solåsen,111,bus,AKT:ServiceJourney:73604_241_23_129000_130200_40001009,True,actual,False,,,,,2026-09-07T20:27:16.249662+02:00
NSR:StopPlace:610,Sandvika stasjon,2026-09-07T18:35:00+02:00,2026-09-07T18:35:55+02:00,2026-09-07T18:35:55+02:00,55.0,1,Eidsvoll,VYG:Line:R12,Kongsberg-Oslo S-Eidsvoll,R12,rail,VYG:ServiceJourney:528_444335-R,True,actual,False,,,,,2026-09-07T20:27:16.249662+02:00
NSR:StopPlace:58850,Hauerseter stasjon,2026-09-07T13:00:00+02:00,2026-09-07T13:00:55+02:00,2026-09-07T13:00:55+02:00,55.0,1,Drammen,VYG:Line:R13,Drammen-Oslo S-Dal,R13,rail,VYG:ServiceJourney:1634_443285-R,True,actual,False,,,,,2026-09-07T15:44:36.205822+02:00
NSR:StopPlace:58870,Holmestrand stasjon,2026-09-07T13:28:00+02:00,2026-09-07T13:28:55+02:00,2026-09-07T13:28:55+02:00,55.0,1,Eidsvoll,VYG:Line:RE11,Eidsvoll-Oslo S-Skien,RE11,rail,VYG:ServiceJourney:818_444398-R,True,actual,False,,,,,2026-09-07T15:44:36.205822+02:00
NSR:StopPlace:58825,Raufoss stasjon,2026-09-07T15:15:00+02:00,2026-09-07T15:15:55+02:00,2026-09-07T15:15:55+02:00,55.0,1,Reinsvoll-Eina,INN:Line:406,Gjø.-Reinsv.-Eina-Reinsv.-Gjø.,406,bus,INN:ServiceJourney:65791,True,actual,False,,,,,2026-09-07T15:44:36.205822+02:00
NSR:StopPlace:58825,Raufoss stasjon,2026-09-07T15:20:00+02:00,2026-09-07T15:20:55+02:00,2026-09-07T15:20:55+02:00,55.0,1,Hov o/Trevatn,INN:Line:480,Hov-Trevatn-Gjøvik,480,bus,INN:ServiceJourney:71170,True,actual,False,,,,,2026-09-07T15:44:36.205822+02:00
NSR:StopPlace:8,Paradis stasjon,2026-09-07T07:28:00+02:00,2026-09-07T07:28:55+02:00,2026-09-07T07:28:55+02:00,55.0,1,Stavanger,GOA:Line:59,Jærbanen,L5,rail,GOA:ServiceJourney:3007_63039-R,True,actual,False,,,,,2026-09-07T08:42:24.659182+02:00
NSR:StopPlace:59648,Kjelsås stasjon,2026-09-07T07:09:00+02:00,2026-09-07T07:09:55+02:00,2026-09-07T07:09:55+02:00,55.0,1,Kværnerbyen,RUT:Line:54,Kværnerbyen - Kjelsås stasjon,54,bus,RUT:ServiceJourney:92e2602edd4014af0ee2ba7ee73e466c,True,actual,False,,,,,2026-09-07T08:42:24.659182+02:00
NSR:StopPlace:59641,Fjellhamar stasjon,2026-09-07T07:19:00+02:00,2026-09-07T07:19:55+02:00,2026-09-07T07:19:55+02:00,55.0,1,Ahus,RUT:Line:315,Vallerudtoppen - Ahus,315,bus,RUT:ServiceJourney:b7f5738b8e14f23a6dfe4fb1a210cb39,True,actual,False,,,,,2026-09-07T08:42:24.659182+02:00
NSR:StopPlace:59638,Myrvoll stasjon,2026-09-07T06:24:00+02:00,2026-09-07T06:24:55+02:00,2026-09-07T06:24:55+02:00,55.0,1,Jernbanetorget,RUT:Line:84,Jernbanetorget-Oppegård st.,84E,bus,RUT:ServiceJourney:8fee37b3e0e05a68e820f53df1d07bd1,True,actual,False,,,,,2026-09-07T08:42:24.659182+02:00
NSR:StopPlace:59638,Myrvoll stasjon,2026-09-07T07:35:00+02:00,2026-09-07T07:35:55+02:00,2026-09-07T07:35:55+02:00,55.0,1,Fornebu,RUT:Line:81,Fornebu - Myrvoll stasjon,81,bus,RUT:ServiceJourney:eadf04e558afdf1e19b01c6d5c4f895e,True,actual,False,,,,,2026-09-07T08:42:24.659182+02:00
NSR:StopPlace:58963,Jessheim stasjon,2026-09-07T06:37:00+02:00,2026-09-07T06:37:55+02:00,2026-09-07T06:37:55+02:00,55.0,1,Drammen,VYG:Line:R13,Drammen-Oslo S-Dal,R13,rail,VYG:ServiceJourney:1608_443225-R,True,actual,False,,,,,2026-09-07T08:42:24.659182+02:00
NSR:StopPlace:58963,Jessheim stasjon,2026-09-07T07:25:00+02:00,2026-09-07T07:25:55+02:00,2026-09-07T07:25:55+02:00,55.0,1,Eidsvoll,RUT:Line:430,Eidsvoll - Jessheim,430,bus,RUT:ServiceJourney:2ee88942b40037ca6af7f04d7dbe7746,True,actual,False,,,,,2026-09-07T08:42:24.659182+02:00
NSR:StopPlace:58964,Kløfta stasjon,2026-09-07T06:39:00+02:00,2026-09-07T06:39:55+02:00,2026-09-07T06:39:55+02:00,55.0,1,Ask,RUT:Line:405,Kløfta - Ask terminal,405,bus,RUT:ServiceJourney:e686a1b6673f957d08fef47b8042fc20,True,actual,False,,,,,2026-09-07T08:42:24.659182+02:00
NSR:StopPlace:58924,Bryne stasjon,2026-09-07T06:00:00+02:00,2026-09-07T06:00:55+02:00,2026-09-07T06:00:55+02:00,55.0,1,Sandnes,KOL:Line:8_2025,62,62,bus,KOL:ServiceJourney:2025_250903083244591_2001,True,actual,False,,,,,2026-09-07T08:42:24.659182+02:00
NSR:StopPlace:58838,Røyken stasjon,2026-09-07T06:45:00+02:00,2026-09-07T06:45:55+02:00,2026-09-07T06:45:55+02:00,55.0,1,Asker,RUT:Line:260,Hyggen - Bråset -Slemmestad (- Asker),260,bus,RUT:ServiceJourney:3bd1583ead8701b3e38aafa962a1feb5,True,actual,False,,,,,2026-09-07T08:42:24.659182+02:00
NSR:StopPlace:58839,Steinberg stasjon,2026-09-07T06:02:00+02:00,2026-09-07T06:02:55+02:00,2026-09-07T06:02:55+02:00,55.0,1,Eidsvoll,VYG:Line:R12,Kongsberg-Oslo S-Eidsvoll,R12,rail,VYG:ServiceJourney:504_444296-R,True,actual,False,,,,,2026-09-07T08:42:24.659182+02:00
NSR:StopPlace:58843,Blommenholm stasjon,2026-09-07T08:04:00+02:00,2026-09-07T08:04:55+02:00,2026-09-07T08:04:55+02:00,55.0,1,Lillestrøm,VYG:Line:L1,Spikkestad-Oslo S-Lillestrøm,L1,rail,VYG:ServiceJourney:2114_443519-R,True,actual,False,,,,,2026-09-07T08:42:24.659182+02:00
NSR:StopPlace:58856,Lysaker stasjon,2026-09-07T05:35:00+02:00,2026-09-07T05:35:55+02:00,2026-09-07T05:35:55+02:00,55.0,1,Gullhaug,RUT:Line:150,Gullhaug - Nationaltheatret,150,bus,RUT:ServiceJourney:87132282104e301fd3b45074d7266426,True,actual,False,,,,,2026-09-07T08:42:24.659182+02:00
NSR:StopPlace:58864,Sørumsand stasjon,2026-09-07T07:49:00+02:00,2026-09-07T07:49:55+02:00,2026-09-07T07:49:55+02:00,55.0,1,Blaker ring,RUT:Line:370,Sørumsand - Blaker - Sørumsand,370A,bus,RUT:ServiceJourney:1770ea80560c7d3241dbeb2f42b4c554,True,actual,False,,,,,2026-09-07T08:42:24.659182+02:00
NSR:StopPlace:58868,Årnes stasjon,2026-09-07T08:14:00+02:00,2026-09-07T08:14:55+02:00,2026-09-07T08:14:55+02:00,55.0,1,Framtun skole,RUT:Line:3657,Årnes - Brauter - Framtun,3657,bus,RUT:ServiceJourney:05e3a0d264687b2df70c78957e113245,True,actual,False,,,,,2026-09-07T08:42:24.659182+02:00
NSR:StopPlace:58862,Strømmen stasjon,2026-09-07T07:00:00+02:00,2026-09-07T07:00:55+02:00,2026-09-07T07:00:55+02:00,55.0,1,Asker,VYG:Line:L1,Spikkestad-Oslo S-Lillestrøm,L1,rail,VYG:ServiceJourney:2109_443513-R,True,actual,False,,,,,2026-09-07T08:42:24.659182+02:00
NSR:StopPlace:58886,Arendal stasjon,2026-09-07T06:52:00+02:00,2026-09-07T06:52:55+02:00,2026-09-07T06:52:55+02:00,55.0,1,Grimstad via Arendal sentrum,AKT:Line:101,Eydehavn-Arendal-Grimstad N/S,101,bus,AKT:ServiceJourney:71726_31_89_47400_51960_40000971,True,actual,False,,,,,2026-09-07T08:42:24.659182+02:00
NSR:StopPlace:58886,Arendal stasjon,2026-09-07T07:47:00+02:00,2026-09-07T07:47:55+02:00,2026-09-07T07:47:55+02:00,55.0,1,Eydehavn,AKT:Line:101,Eydehavn-Arendal-Grimstad N/S,101,bus,AKT:ServiceJourney:71850_72_87_49560_54060_40001426,True,actual,False,,,,,2026-09-07T08:42:24.659182+02:00
NSR:StopPlace:58893,Grovane stasjon,2026-09-07T07:20:00+02:00,2026-09-07T07:20:55+02:00,2026-09-07T07:20:55+02:00,55.0,1,Samkom,AKT:Line:31,Kvadraturen - Sødal - Vennesla,31,bus,AKT:ServiceJourney:79640_51_48_48600_50940_3950303,True,actual,False,,,,,2026-09-07T08:42:24.659182+02:00
NSR:StopPlace:58801,Sarpsborg stasjon,2026-09-07T07:27:00+02:00,2026-09-07T07:27:55+02:00,2026-09-07T07:27:55+02:00,55.0,1,Oslo S,VYG:Line:RE20,Oslo S-Halden-Göteborg (X-Border),RE20,rail,VYG:ServiceJourney:108-HLD_508944-R,True,actual,False,,,,,2026-09-07T08:42:24.659182+02:00
NSR:StopPlace:58813,Skarnes stasjon,2026-09-07T07:35:00+02:00,2026-09-07T07:35:55+02:00,2026-09-07T07:35:55+02:00,55.0,1,Sand - Mo,INN:Line:700,Kongsvinger-Skarnes-Sand,700,bus,INN:ServiceJourney:82353,True,actual,False,,,,,2026-09-07T08:42:24.659182+02:00
NSR:StopPlace:58826,Reinsvoll stasjon,2026-09-07T06:20:00+02:00,2026-09-07T06:20:55+02:00,2026-09-07T06:20:55+02:00,55.0,1,Lena,INN:Line:47,Lena-Kapp-Gjøvik-Raufoss-Lena,B47,bus,INN:ServiceJourney:76577,True,actual,False,,,,,2026-09-07T08:42:24.659182+02:00
NSR:StopPlace:58211,Oslo lufthavn,2026-09-07T05:30:00+02:00,2026-09-07T05:30:55+02:00,2026-09-07T05:30:55+02:00,55.0,1,Drammen,FLT:Line:FLY1,FLY1,FLY1,rail,FLT:ServiceJourney:1-2614-3702-20260907,True,actual,False,,,,,2026-09-07T08:42:24.659182+02:00
NSR:StopPlace:416,Vikhammer stasjon,2026-09-07T07:32:00+02:00,2026-09-07T07:32:55+02:00,2026-09-07T07:32:55+02:00,55.0,1,Steinkjer,SJN:Line:26,Trønderbanen,R70,rail,SJN:ServiceJourney:425_56054-R,True,actual,False,,,,,2026-09-07T08:42:24.659182+02:00
NSR:StopPlace:62309,Ljan stasjon,2026-09-07T07:35:00+02:00,2026-09-07T07:35:55+02:00,2026-09-07T07:35:55+02:00,55.0,1,Stabekk,VYG:Line:L2,Stabekk-Oslo S-Ski,L2,rail,VYG:ServiceJourney:2714-SKI_443920-R,True,actual,False,,,,,2026-09-07T08:42:24.659182+02:00
NSR:StopPlace:58856,Lysaker stasjon,2026-09-07T02:11:00+02:00,2026-09-07T02:11:55+02:00,2026-09-07T02:11:55+02:00,55.0,1,Fornebu,RUT:Line:31,Snarøya - Fornebu - Tonsenhagen - Grorud,31,bus,RUT:ServiceJourney:c4014a2a311e906779eb465205273791,True,actual,False,,,,,2026-09-07T03:30:22.110925+02:00
NSR:StopPlace:61456,Majavatn stasjon,2026-09-07T20:24:00+02:00,2026-09-07T20:24:54+02:00,2026-09-07T20:24:54+02:00,54.0,1,Mo i Rana,SJN:Line:71,Nordlandsbanen,F7,rail,SJN:ServiceJourney:477_45453-R,True,actual,False,,,,,2026-09-08T00:20:52.129880+02:00
NSR:StopPlace:61897,Bryn stasjon,2026-09-07T22:35:00+02:00,2026-09-07T22:35:54+02:00,2026-09-07T22:35:54+02:00,54.0,1,Spikkestad,VYG:Line:L1,Spikkestad-Oslo S-Lillestrøm,L1,rail,VYG:ServiceJourney:2271_443704-R,True,actual,False,,,,,2026-09-08T00:20:52.129880+02:00
NSR:StopPlace:59653,Haugenstua stasjon,2026-09-07T23:25:00+02:00,2026-09-07T23:25:54+02:00,2026-09-07T23:25:54+02:00,54.0,1,Lillestrøm,VYG:Line:L1,Spikkestad-Oslo S-Lillestrøm,L1,rail,VYG:ServiceJourney:2274_443709-R,True,actual,False,,,,,2026-09-08T00:20:52.129880+02:00
NSR:StopPlace:58947,Steinkjer stasjon,2026-09-07T22:37:00+02:00,2026-09-07T22:37:54+02:00,2026-09-07T22:37:54+02:00,54.0,1,Namsos skysstasjon,ATB:Line:2_680,Levanger - Steinkjer - Namsos,680,bus,ATB:ServiceJourney:680_260106098643685_36,True,actual,False,,,,,2026-09-08T00:20:52.129880+02:00
NSR:StopPlace:58852,Høn stasjon,2026-09-07T21:20:00+02:00,2026-09-07T21:20:54+02:00,2026-09-07T21:20:54+02:00,54.0,1,Lillestrøm,VYG:Line:L1,Spikkestad-Oslo S-Lillestrøm,L1,rail,VYG:ServiceJourney:2168_443578-R,True,actual,False,,,,,2026-09-08T00:20:52.129880+02:00
NSR:StopPlace:58866,Vevelstad stasjon,2026-09-07T21:59:00+02:00,2026-09-07T21:59:54+02:00,2026-09-07T21:59:54+02:00,54.0,1,Skøyen,VYG:Line:L2,Stabekk-Oslo S-Ski,L2,rail,VYG:ServiceJourney:2872-SKI_488400-R,True,actual,False,,,,,2026-09-08T00:20:52.129880+02:00
NSR:StopPlace:58868,Årnes stasjon,2026-09-07T21:50:00+02:00,2026-09-07T21:50:54+02:00,2026-09-07T21:50:54+02:00,54.0,1,Kongsvinger,VYG:Line:R14,Asker-Oslo S-Kongsvinger,R14,rail,VYG:ServiceJourney:1033_442944-R,True,actual,False,,,,,2026-09-08T00:20:52.129880+02:00
NSR:StopPlace:58862,Strømmen stasjon,2026-09-07T22:15:00+02:00,2026-09-07T22:15:54+02:00,2026-09-07T22:15:54+02:00,54.0,1,Spikkestad,VYG:Line:L1,Spikkestad-Oslo S-Lillestrøm,L1,rail,VYG:ServiceJourney:2271_443704-R,True,actual,False,,,,,2026-09-08T00:20:52.129880+02:00
NSR:StopPlace:62392,Slependen stasjon,2026-09-07T22:29:00+02:00,2026-09-07T22:29:54+02:00,2026-09-07T22:29:54+02:00,54.0,1,Lillestrøm,VYG:Line:L1,Spikkestad-Oslo S-Lillestrøm,L1,rail,VYG:ServiceJourney:2172_443583-R,True,actual,False,,,,,2026-09-08T00:20:52.129880+02:00
NSR:StopPlace:61979,Hellvik stasjon,2026-09-07T23:59:00+02:00,2026-09-07T23:59:54+02:00,2026-09-07T23:59:54+02:00,54.0,1,Egersund,GOA:Line:59,Jærbanen,L5,rail,GOA:ServiceJourney:3076_63139-R,True,actual,False,,,,,2026-09-08T00:20:52.129880+02:00
NSR:StopPlace:61315,Nerdrum stasjon,2026-09-07T20:20:00+02:00,2026-09-07T20:20:54+02:00,2026-09-07T20:20:54+02:00,54.0,1,Kongsvinger,VYG:Line:R14,Asker-Oslo S-Kongsvinger,R14,rail,VYG:ServiceJourney:1031_442942-R,True,actual,False,,,,,2026-09-07T20:27:16.249662+02:00
NSR:StopPlace:61735,Hell stasjon,2026-09-07T20:09:00+02:00,2026-09-07T20:09:54+02:00,2026-09-07T20:09:54+02:00,54.0,1,Lundamo,SJN:Line:26,Trønderbanen,R70,rail,SJN:ServiceJourney:448_56077-R,True,actual,False,,,,,2026-09-07T20:27:16.249662+02:00
NSR:StopPlace:59648,Kjelsås stasjon,2026-09-07T17:49:00+02:00,2026-09-07T17:49:54+02:00,2026-09-07T17:49:54+02:00,54.0,1,Majorstuen,RUT:Line:25,Majorstuen-Haugerud,25,bus,RUT:ServiceJourney:85eda6c12d97cd575c26f24880c0fdd6,True,actual,False,,,,,2026-09-07T20:27:16.249662+02:00
NSR:StopPlace:59638,Myrvoll stasjon,2026-09-07T18:05:00+02:00,2026-09-07T18:05:54+02:00,2026-09-07T18:05:54+02:00,54.0,1,Filipstad,RUT:Line:81,Fornebu - Myrvoll stasjon,81,bus,RUT:ServiceJourney:4bdaa23676ac5531c8ef61cdfc9a8733,True,actual,False,,,,,2026-09-07T20:27:16.249662+02:00
NSR:StopPlace:58963,Jessheim stasjon,2026-09-07T18:10:00+02:00,2026-09-07T18:10:54+02:00,2026-09-07T18:10:54+02:00,54.0,1,Eidsvoll,RUT:Line:430,Eidsvoll - Jessheim,430,bus,RUT:ServiceJourney:5ddafa1355dc103101d222d238a26481,True,actual,False,,,,,2026-09-07T20:27:16.249662+02:00
NSR:StopPlace:58843,Blommenholm stasjon,2026-09-07T17:20:00+02:00,2026-09-07T17:20:54+02:00,2026-09-07T17:20:54+02:00,54.0,1,Lillestrøm,VYG:Line:L1,Spikkestad-Oslo S-Lillestrøm,L1,rail,VYG:ServiceJourney:2252_445350-R,True,actual,False,,,,,2026-09-07T20:27:16.249662+02:00
NSR:StopPlace:58845,Eidsvoll verk stasjon,2026-09-07T20:00:00+02:00,2026-09-07T20:00:54+02:00,2026-09-07T20:00:54+02:00,54.0,1,Eidsvoll,RUT:Line:430,Eidsvoll - Jessheim,430,bus,RUT:ServiceJourney:afa97c9c666185c879ca7f11fe3c0525,True,actual,False,,,,,2026-09-07T20:27:16.249662+02:00
NSR:StopPlace:58847,Frogner stasjon,2026-09-07T19:34:00+02:00,2026-09-07T19:34:54+02:00,2026-09-07T19:34:54+02:00,54.0,1,Dal,VYG:Line:R13,Drammen-Oslo S-Dal,R13,rail,VYG:ServiceJourney:1657_443336-R,True,actual,False,,,,,2026-09-07T20:27:16.249662+02:00
NSR:StopPlace:58854,Langhus stasjon,2026-09-07T18:08:00+02:00,2026-09-07T18:08:54+02:00,2026-09-07T18:08:54+02:00,54.0,1,Ski stasjon,RUT:Line:516,Siggerud - Ski stasjon,516,bus,RUT:ServiceJourney:80325e7868ad79a592b37512fee41ea5,True,actual,False,,,,,2026-09-07T20:27:16.249662+02:00
NSR:StopPlace:58868,Årnes stasjon,2026-09-07T20:00:00+02:00,2026-09-07T20:00:54+02:00,2026-09-07T20:00:54+02:00,54.0,1,Rånåsfoss,RUT:Line:455,Årnes -Rånåsfoss,455,bus,RUT:ServiceJourney:6fbe54b57526ca67540edb6f9714e9f7,True,actual,False,,,,,2026-09-07T20:27:16.249662+02:00
NSR:StopPlace:58871,Sande stasjon,2026-09-07T19:40:00+02:00,2026-09-07T19:40:54+02:00,2026-09-07T19:40:54+02:00,54.0,1,Skafjell-Selvik skole,VKT:Line:10,Drammen-Skoger-Sande,10,bus,VKT:ServiceJourney:104165,True,actual,False,,,,,2026-09-07T20:27:16.249662+02:00
NSR:StopPlace:58873,Skoppum stasjon,2026-09-07T16:40:00+02:00,2026-09-07T16:40:54+02:00,2026-09-07T16:40:54+02:00,54.0,1,Skien,VYG:Line:RE11,Eidsvoll-Oslo S-Skien,RE11,rail,VYG:ServiceJourney:823_444403-R,True,actual,False,,,,,2026-09-07T20:27:16.249662+02:00
NSR:StopPlace:702,Sandnes sentrum stasjon,2026-09-07T17:10:00+02:00,2026-09-07T17:10:54+02:00,2026-09-07T17:10:54+02:00,54.0,1,Egersund,GOA:Line:59,Jærbanen,L5,rail,GOA:ServiceJourney:3052_63100-R,True,actual,False,,,,,2026-09-07T20:27:16.249662+02:00
NSR:StopPlace:62308,Alna stasjon,2026-09-07T19:47:00+02:00,2026-09-07T19:47:54+02:00,2026-09-07T19:47:54+02:00,54.0,1,Asker,VYG:Line:L1,Spikkestad-Oslo S-Lillestrøm,L1,rail,VYG:ServiceJourney:2159_443568-R,True,actual,False,,,,,2026-09-07T20:27:16.249662+02:00
NSR:StopPlace:61897,Bryn stasjon,2026-09-07T14:15:00+02:00,2026-09-07T14:15:54+02:00,2026-09-07T14:15:54+02:00,54.0,1,Lillestrøm,VYG:Line:L1,Spikkestad-Oslo S-Lillestrøm,L1,rail,VYG:ServiceJourney:2238_443647-R,True,actual,False,Færre vogner,Denne avgangen kjører dessverre med 4 vogner i stedet for 8 vogner. Dette skyldes at vi mangler et togsett.,general,normal,2026-09-07T15:44:36.205822+02:00
NSR:StopPlace:59244,Egersund stasjon,2026-09-07T15:32:00+02:00,2026-09-07T15:32:54+02:00,2026-09-07T15:32:54+02:00,54.0,1,Vikeså via Lagård-Tengesdal,KOL:Line:8_2029,93,93,bus,KOL:ServiceJourney:2029_250903083241466_1005,True,actual,False,,,,,2026-09-07T15:44:36.205822+02:00
NSR:StopPlace:58935,Levanger stasjon,2026-09-07T14:10:00+02:00,2026-09-07T14:10:54+02:00,2026-09-07T14:10:54+02:00,54.0,1,Halsankorsen via Munkeby,ATB:Line:2_7408,Levanger - Munkeby - Stokkanba,7408,bus,ATB:ServiceJourney:7408_260106098640803_8,True,actual,False,,,,,2026-09-07T15:44:36.205822+02:00
NSR:StopPlace:58948,Stjørdal stasjon,2026-09-07T14:28:00+02:00,2026-09-07T14:28:54+02:00,2026-09-07T14:28:54+02:00,54.0,1,Trondheim,ATB:Line:2_311,Stjørdal - Trondheim,311,bus,ATB:ServiceJourney:311_260106098642725_50,True,actual,False,Endret tilbud ved Vikelvvegen,Sydgående avkjøringsrampe fra E6 ved Reppe er stengt frem til 21. september. Vikelvvegen og Ranheim fabrikker til sentrum blir ikke betjent av linje 311 i perioden. ,general,normal,2026-09-07T15:44:36.205822+02:00
NSR:StopPlace:58850,Hauerseter stasjon,2026-09-07T15:30:00+02:00,2026-09-07T15:30:54+02:00,2026-09-07T15:30:54+02:00,54.0,1,Dal,VYG:Line:R13,Drammen-Oslo S-Dal,R13,rail,VYG:ServiceJourney:1639_443296-R,True,actual,False,,,,,2026-09-07T15:44:36.205822+02:00
NSR:StopPlace:58870,Holmestrand stasjon,2026-09-07T13:45:00+02:00,2026-09-07T13:45:54+02:00,2026-09-07T13:45:54+02:00,54.0,1,Horten-Tønsberg,VKT:Line:2,Tjøme-Tønsberg-Horten-Holmestr,2,bus,VKT:ServiceJourney:15841,True,actual,False,Forsinkelser Linje 2 og 411 | Kjører ikke Storgata i Horten,Pga. veiarbeid i Horten sentrum vil det kunne oppstå forsinkelser på busser i tidsrommet 3.-11. september.  | 7.-9. september: Bussene vil ikke kjøre Storgata. Benytt holdeplassene Peders gate eller Horten rb.st. Se vkt.no/avvik Det vil oppstå forsinkelser. ,incident | general,normal | normal,2026-09-07T15:44:36.205822+02:00
NSR:StopPlace:58893,Grovane stasjon,2026-09-07T14:50:00+02:00,2026-09-07T14:50:54+02:00,2026-09-07T14:50:54+02:00,54.0,1,Kristiansand via Moseidmoen - Mosby,AKT:Line:30,Kvadraturen - Mosby - Vennesl,30,bus,AKT:ServiceJourney:79457_182_48_106800_109680_40001545,True,actual,False,,,,,2026-09-07T15:44:36.205822+02:00
NSR:StopPlace:398,Arna stasjon,2026-09-07T15:16:00+02:00,2026-09-07T15:16:54+02:00,2026-09-07T15:16:54+02:00,54.0,1,Bergen,VYG:Line:R40,Bergen-Voss-Myrdal-Ål,R40,rail,VYG:ServiceJourney:1823_443410-R,True,actual,False,Forsinket,Toget kjørte 14 minutter forsinket fra Myrdal. Vi venter på passasjerer fra et annet tog.,incident,normal,2026-09-07T15:44:36.205822+02:00
NSR:StopPlace:610,Sandvika stasjon,2026-09-07T13:48:00+02:00,2026-09-07T13:48:54+02:00,2026-09-07T13:48:54+02:00,54.0,1,Lillestrøm,VYG:Line:L1,Spikkestad-Oslo S-Lillestrøm,L1,rail,VYG:ServiceJourney:2238_443647-R,True,actual,False,Færre vogner,Denne avgangen kjører dessverre med 4 vogner i stedet for 8 vogner. Dette skyldes at vi mangler et togsett.,general,normal,2026-09-07T15:44:36.205822+02:00
NSR:StopPlace:8,Paradis stasjon,2026-09-07T06:21:00+02:00,2026-09-07T06:21:54+02:00,2026-09-07T06:21:54+02:00,54.0,1,Nærbø,GOA:Line:59,Jærbanen,L5,rail,GOA:ServiceJourney:3010_63042-R,True,actual,False,,,,,2026-09-07T08:42:24.659182+02:00
NSR:StopPlace:61334,Ogna stasjon,2026-09-07T06:48:00+02:00,2026-09-07T06:48:54+02:00,2026-09-07T06:48:54+02:00,54.0,1,Egersund,GOA:Line:59,Jærbanen,L5,rail,GOA:ServiceJourney:3008_63040-R,True,actual,False,,,,,2026-09-07T08:42:24.659182+02:00
NSR:StopPlace:59647,Dal stasjon,2026-09-07T06:41:00+02:00,2026-09-07T06:41:54+02:00,2026-09-07T06:41:54+02:00,54.0,1,Jessheim,RUT:Line:430,Eidsvoll - Jessheim,430,bus,RUT:ServiceJourney:1978f9c56de0ca6c70e55a15d3cc1861,True,actual,False,,,,,2026-09-07T08:42:24.659182+02:00
NSR:StopPlace:59703,Åndalsnes stasjon,2026-09-07T07:25:00+02:00,2026-09-07T07:25:54+02:00,2026-09-07T07:25:54+02:00,54.0,1,Molde,MOR:Line:420,Fram Ekspress Molde-Åndalsnes,420,bus,MOR:ServiceJourney:420_103_9150000047249315,True,actual,False,,,,,2026-09-07T08:42:24.659182+02:00
NSR:StopPlace:59952,Drammen stasjon,2026-09-07T07:47:00+02:00,2026-09-07T07:47:54+02:00,2026-09-07T07:47:54+02:00,54.0,1,Eidsvoll,VYG:Line:RE11,Eidsvoll-Oslo S-Skien,RE11,rail,VYG:ServiceJourney:806_444386-R,True,actual,False,,,,,2026-09-07T08:42:24.659182+02:00
NSR:StopPlace:59243,Mo i Rana stasjon,2026-09-07T07:12:00+02:00,2026-09-07T07:12:54+02:00,2026-09-07T07:12:54+02:00,54.0,1,Kvernkroken,NOR:Line:12_8372,Kvernkroken - Sykehuset Mo,2,bus,NOR:ServiceJourney:8372_251012124855352_2003,True,actual,False,,,,,2026-09-07T08:42:24.659182+02:00
NSR:StopPlace:60569,Sirevåg stasjon,2026-09-07T06:51:00+02:00,2026-09-07T06:51:54+02:00,2026-09-07T06:51:54+02:00,54.0,1,Egersund,GOA:Line:59,Jærbanen,L5,rail,GOA:ServiceJourney:3008_63040-R,True,actual,False,,,,,2026-09-07T08:42:24.659182+02:00
NSR:StopPlace:59620,Grorud stasjon,2026-09-07T06:57:00+02:00,2026-09-07T06:57:54+02:00,2026-09-07T06:57:54+02:00,54.0,1,Stovner,RUT:Line:65,Furuset T - Stovner T via Smedstua,65,bus,RUT:ServiceJourney:bbae7a0825624e8251b64915c1c7ed1b,True,actual,False,,,,,2026-09-07T08:42:24.659182+02:00
NSR:StopPlace:58935,Levanger stasjon,2026-09-07T05:09:00+02:00,2026-09-07T05:09:54+02:00,2026-09-07T05:09:54+02:00,54.0,1,Støren,SJN:Line:26,Trønderbanen,R70,rail,SJN:ServiceJourney:420_56049-R,True,actual,False,,,,,2026-09-07T08:42:24.659182+02:00
NSR:StopPlace:58834,Hokksund stasjon,2026-09-07T06:59:00+02:00,2026-09-07T06:59:54+02:00,2026-09-07T06:59:54+02:00,54.0,1,Eidsvoll,VYG:Line:R12,Kongsberg-Oslo S-Eidsvoll,R12,rail,VYG:ServiceJourney:506_481316-R,True,actual,False,,,,,2026-09-07T08:42:24.659182+02:00
NSR:StopPlace:58836,Mjøndalen stasjon,2026-09-07T07:53:00+02:00,2026-09-07T07:53:54+02:00,2026-09-07T07:53:54+02:00,54.0,1,Kongsberg,VYG:Line:R12,Kongsberg-Oslo S-Eidsvoll,R12,rail,VYG:ServiceJourney:505_444298-R,True,actual,False,,,,,2026-09-07T08:42:24.659182+02:00
NSR:StopPlace:58838,Røyken stasjon,2026-09-07T06:07:00+02:00,2026-09-07T06:07:54+02:00,2026-09-07T06:07:54+02:00,54.0,1,Drammen,RUT:Line:261,Drammen - Lahell - Røyken - Sætre,261,bus,RUT:ServiceJourney:6cc9515b4fcf72b5d4f69c10a09a7d7d,True,actual,False,Fra 17/8 går linje 61-63-71-73-251-261 og skolebusser fra holdeplass ved Skutebrygga ut av byen.Les mer på brakar.no/trafikkmeldinger.,,general,normal,2026-09-07T08:42:24.659182+02:00
NSR:StopPlace:58847,Frogner stasjon,2026-09-07T06:40:00+02:00,2026-09-07T06:40:54+02:00,2026-09-07T06:40:54+02:00,54.0,1,Sørumsand,RUT:Line:365,Sørumsand - Frogner - Skedsmokorset,365,bus,RUT:ServiceJourney:99de4d73fdc7f61a64c3b35c4e41b505,True,actual,False,,,,,2026-09-07T08:42:24.659182+02:00
NSR:StopPlace:58847,Frogner stasjon,2026-09-07T08:04:00+02:00,2026-09-07T08:04:54+02:00,2026-09-07T08:04:54+02:00,54.0,1,Dal,VYG:Line:R13,Drammen-Oslo S-Dal,R13,rail,VYG:ServiceJourney:1611-SUD_443233-R,True,actual,False,,,,,2026-09-07T08:42:24.659182+02:00
NSR:StopPlace:58849,Hakadal stasjon,2026-09-07T08:01:00+02:00,2026-09-07T08:01:54+02:00,2026-09-07T08:01:54+02:00,54.0,1,Rotnes,RUT:Line:390,Kongskog/Hellerudhaugen - Oslo bussterminal,390,bus,RUT:ServiceJourney:e5a047d10a514d5920dbcf1420e373a2,True,actual,False,,,,,2026-09-07T08:42:24.659182+02:00
NSR:StopPlace:58857,Lørenskog stasjon,2026-09-07T05:43:00+02:00,2026-09-07T05:43:54+02:00,2026-09-07T05:43:54+02:00,54.0,1,Stovner,RUT:Line:120,Nesåsen - Stovner,120,bus,RUT:ServiceJourney:a45f11e0fcd149c62eb1ecdf9183c33b,True,actual,False,,,,,2026-09-07T08:42:24.659182+02:00
NSR:StopPlace:58857,Lørenskog stasjon,2026-09-07T07:28:00+02:00,2026-09-07T07:28:54+02:00,2026-09-07T07:28:54+02:00,54.0,1,Stovner,RUT:Line:120,Nesåsen - Stovner,120,bus,RUT:ServiceJourney:1b8e1895aff5d3066043719ab1e6cab8,True,actual,False,,,,,2026-09-07T08:42:24.659182+02:00
NSR:StopPlace:58874,Stokke stasjon,2026-09-07T06:47:00+02:00,2026-09-07T06:47:54+02:00,2026-09-07T06:47:54+02:00,54.0,1,Tønsberg,VKT:Line:520,Tønsberg-Stokke,520,bus,VKT:ServiceJourney:17297,True,actual,False,,,,,2026-09-07T08:42:24.659182+02:00
NSR:StopPlace:58884,Skien stasjon,2026-09-07T06:58:00+02:00,2026-09-07T06:58:54+02:00,2026-09-07T06:58:54+02:00,54.0,1,Siljan,TEL:Line:8047,Siljan-Skien-Åfoss,P7,bus,TEL:ServiceJourney:127420,True,actual,False,,,,,2026-09-07T08:42:24.659182+02:00
NSR:StopPlace:58820,Harestua stasjon,2026-09-07T05:57:00+02:00,2026-09-07T05:57:54+02:00,2026-09-07T05:57:54+02:00,54.0,1,Oslo S,VYG:Line:R31,Skøyen-Jaren-Gjøvik,R31,rail,VYG:ServiceJourney:BUS-242_655545-R,True,actual,False,,,,,2026-09-07T08:42:24.659182+02:00
NSR:StopPlace:58823,Jaren stasjon,2026-09-07T07:21:00+02:00,2026-09-07T07:21:54+02:00,2026-09-07T07:21:54+02:00,54.0,1,Gjøvik,VYG:Line:RE30,Oslo S-Gjøvik,RE30,rail,VYG:ServiceJourney:1203-ROA_589108-R,True,actual,False,,,,,2026-09-07T08:42:24.659182+02:00
NSR:StopPlace:58211,Oslo lufthavn,2026-09-07T06:40:00+02:00,2026-09-07T06:40:54+02:00,2026-09-07T06:40:54+02:00,54.0,1,Oslo S,FLT:Line:FLY2,FLY2,FLY2,rail,FLT:ServiceJourney:1-2614-3886-20260907,True,actual,False,,,,,2026-09-07T08:42:24.659182+02:00
NSR:StopPlace:313,Høybråten stasjon,2026-09-07T07:38:00+02:00,2026-09-07T07:38:54+02:00,2026-09-07T07:38:54+02:00,54.0,1,Asker,VYG:Line:L1,Spikkestad-Oslo S-Lillestrøm,L1,rail,VYG:ServiceJourney:2111_728233-R,True,actual,False,Færre vogner,Denne avgangen kjører dessverre med 4 vogner i stedet for 8 vogner. Dette skyldes at vi mangler et togsett.,general,normal,2026-09-07T08:42:24.659182+02:00
NSR:StopPlace:206,Mariero stasjon,2026-09-07T07:25:00+02:00,2026-09-07T07:25:54+02:00,2026-09-07T07:25:54+02:00,54.0,1,Stavanger,GOA:Line:59,Jærbanen,L5,rail,GOA:ServiceJourney:3007_63039-R,True,actual,False,,,,,2026-09-07T08:42:24.659182+02:00
NSR:StopPlace:62379,Bergsgrav stasjon,2026-09-07T06:00:00+02:00,2026-09-07T06:00:54+02:00,2026-09-07T06:00:54+02:00,54.0,1,Melhus skysstasjon,SJN:Line:26,Trønderbanen,R70,rail,SJN:ServiceJourney:422-STK_56051-R,True,actual,False,,,,,2026-09-07T08:42:24.659182+02:00
NSR:StopPlace:62393,Billingstad stasjon,2026-09-07T06:43:00+02:00,2026-09-07T06:43:54+02:00,2026-09-07T06:43:54+02:00,54.0,1,Lillestrøm,VYG:Line:L1,Spikkestad-Oslo S-Lillestrøm,L1,rail,VYG:ServiceJourney:2210_443601-R,True,actual,False,Færre vogner,Denne avgangen kjører dessverre med 4 vogner i stedet for 8 vogner. Dette skyldes at vi mangler et togsett.,general,normal,2026-09-07T08:42:24.659182+02:00
NSR:StopPlace:58857,Lørenskog stasjon,2026-09-08T01:37:00+02:00,2026-09-08T01:37:53+02:00,2026-09-08T01:37:53+02:00,53.0,1,Nesåsen,RUT:Line:120,Nesåsen - Stovner,120,bus,RUT:ServiceJourney:1fd0737d7f953fd70c017b2395051aeb,True,actual,False,,,,,2026-09-08T03:39:50.209703+02:00
NSR:StopPlace:61463,Nordstrand stasjon,2026-09-07T22:37:00+02:00,2026-09-07T22:37:53+02:00,2026-09-07T22:37:53+02:00,53.0,1,Ski,VYG:Line:L2,Stabekk-Oslo S-Ski,L2,rail,VYG:ServiceJourney:2869_444112-R,True,actual,False,,,,,2026-09-08T00:20:52.129880+02:00
NSR:StopPlace:59638,Myrvoll stasjon,2026-09-07T22:50:00+02:00,2026-09-07T22:50:53+02:00,2026-09-07T22:50:53+02:00,53.0,1,Filipstad,RUT:Line:81,Fornebu - Myrvoll stasjon,81,bus,RUT:ServiceJourney:123538fe781fab7c567697ec8b181e2e,True,actual,False,,,,,2026-09-08T00:20:52.129880+02:00
NSR:StopPlace:58963,Jessheim stasjon,2026-09-07T21:33:00+02:00,2026-09-07T21:33:53+02:00,2026-09-07T21:33:53+02:00,53.0,1,Kopperud,RUT:Line:420,Maura -  Jessheim,420,bus,RUT:ServiceJourney:b8376c394840e71714be192ed837456d,True,actual,False,,,,,2026-09-08T00:20:52.129880+02:00
NSR:StopPlace:58830,Brakerøya stasjon,2026-09-07T23:08:00+02:00,2026-09-07T23:08:53+02:00,2026-09-07T23:08:53+02:00,53.0,1,Dal,VYG:Line:R13,Drammen-Oslo S-Dal,R13,rail,VYG:ServiceJourney:1675_443375-R,True,actual,False,Færre vogner,Denne avgangen kjører dessverre med 5 vogner i stedet for 10 vogner. Dette skyldes at vi mangler et togsett.,general,normal,2026-09-08T00:20:52.129880+02:00
NSR:StopPlace:58866,Vevelstad stasjon,2026-09-07T23:04:00+02:00,2026-09-07T23:04:53+02:00,2026-09-07T23:04:53+02:00,53.0,1,Bøleråsen,RUT:Line:510,Bøleråsen - Ski - Ås - Drøbak,510,bus,RUT:ServiceJourney:bcbb9f4a72562ea7b31f921508abf023,True,actual,False,,,,,2026-09-08T00:20:52.129880+02:00
NSR:StopPlace:58861,Solbråtan stasjon,2026-09-07T22:08:00+02:00,2026-09-07T22:08:53+02:00,2026-09-07T22:08:53+02:00,53.0,1,Skøyen,VYG:Line:L2,Stabekk-Oslo S-Ski,L2,rail,VYG:ServiceJourney:2872-SKI_488400-R,True,actual,False,,,,,2026-09-08T00:20:52.129880+02:00
NSR:StopPlace:58803,Tomter stasjon,2026-09-07T23:28:00+02:00,2026-09-07T23:28:53+02:00,2026-09-07T23:28:53+02:00,53.0,1,Rakkestad,VYG:Line:R22,Skøyen-Oslo S-Mysen-Rakkestad,R22,rail,VYG:ServiceJourney:1937_443491-R,True,actual,False,,,,,2026-09-08T00:20:52.129880+02:00
NSR:StopPlace:313,Høybråten stasjon,2026-09-07T23:27:00+02:00,2026-09-07T23:27:53+02:00,2026-09-07T23:27:53+02:00,53.0,1,Lillestrøm,VYG:Line:L1,Spikkestad-Oslo S-Lillestrøm,L1,rail,VYG:ServiceJourney:2274_443709-R,True,actual,False,,,,,2026-09-08T00:20:52.129880+02:00
NSR:StopPlace:610,Sandvika stasjon,2026-09-07T22:02:00+02:00,2026-09-07T22:02:53+02:00,2026-09-07T22:02:53+02:00,53.0,1,Lillestrøm,VYG:Line:L1,Spikkestad-Oslo S-Lillestrøm,L1,rail,VYG:ServiceJourney:2170_443581-R,True,actual,False,,,,,2026-09-08T00:20:52.129880+02:00
NSR:StopPlace:59872,Oslo S,2026-09-07T17:15:00+02:00,2026-09-07T17:15:53+02:00,2026-09-07T17:15:53+02:00,53.0,1,Halden,VYG:Line:RE20,Oslo S-Halden-Göteborg (X-Border),RE20,rail,VYG:ServiceJourney:125_443123-R,True,actual,False,,,,,2026-09-07T20:27:16.249662+02:00
NSR:StopPlace:59641,Fjellhamar stasjon,2026-09-07T18:41:00+02:00,2026-09-07T18:41:53+02:00,2026-09-07T18:41:53+02:00,53.0,1,Ahus,RUT:Line:315,Vallerudtoppen - Ahus,315,bus,RUT:ServiceJourney:d2a9eba5d342416d2650595fbdda27df,True,actual,False,,,,,2026-09-07T20:27:16.249662+02:00
NSR:StopPlace:59952,Drammen stasjon,2026-09-07T17:22:00+02:00,2026-09-07T17:22:53+02:00,2026-09-07T17:22:53+02:00,53.0,1,Oslo Lufthavn,FLT:Line:FLY1,FLY1,FLY1,rail,FLT:ServiceJourney:1-2614-3781-20260907,True,actual,False,,,,,2026-09-07T20:27:16.249662+02:00
NSR:StopPlace:59638,Myrvoll stasjon,2026-09-07T19:07:00+02:00,2026-09-07T19:07:53+02:00,2026-09-07T19:07:53+02:00,53.0,1,Kolbotn torg,RUT:Line:580,Kolbotn - Ski,580,bus,RUT:ServiceJourney:ff41f408e2bee8dda34c3cb5e4beeb46,True,actual,False,,,,,2026-09-07T20:27:16.249662+02:00
NSR:StopPlace:58926,Dale stasjon,2026-09-07T17:33:00+02:00,2026-09-07T17:33:53+02:00,2026-09-07T17:33:53+02:00,53.0,1,Bergen,VYG:Line:R40,Bergen-Voss-Myrdal-Ål,R40,rail,VYG:ServiceJourney:1829_445142-R,True,actual,False,Forsinket,Toget kjørte 3 minutter forsinket fra Myrdal. Dette skyldes at andre tog på strekningen er forsinket.,incident,normal,2026-09-07T20:27:16.249662+02:00
NSR:StopPlace:58797,Mysen stasjon,2026-09-07T18:05:00+02:00,2026-09-07T18:05:53+02:00,2026-09-07T18:05:53+02:00,53.0,1,Ørje,OST:Line:1_418,Ørje-Mysen,418,bus,OST:ServiceJourney:418_260325121473174_10,True,actual,False,,,,,2026-09-07T20:27:16.249662+02:00
NSR:StopPlace:58795,Kambo stasjon,2026-09-07T18:55:00+02:00,2026-09-07T18:55:53+02:00,2026-09-07T18:55:53+02:00,53.0,1,Moss,VYG:Line:R21,Stabekk-Oslo S-Moss,R21,rail,VYG:ServiceJourney:1153-HVK_443036-R,True,actual,False,,,,,2026-09-07T20:27:16.249662+02:00
NSR:StopPlace:58842,Blaker stasjon,2026-09-07T17:36:00+02:00,2026-09-07T17:36:53+02:00,2026-09-07T17:36:53+02:00,53.0,1,Kongsvinger,VYG:Line:R14,Asker-Oslo S-Kongsvinger,R14,rail,VYG:ServiceJourney:1025_442935-R,True,actual,False,,,,,2026-09-07T20:27:16.249662+02:00
NSR:StopPlace:58845,Eidsvoll verk stasjon,2026-09-07T17:31:00+02:00,2026-09-07T17:31:53+02:00,2026-09-07T17:31:53+02:00,53.0,1,Jessheim,RUT:Line:430,Eidsvoll - Jessheim,430,bus,RUT:ServiceJourney:0549b0740f0676f33a28a74600c48fca,True,actual,False,,,,,2026-09-07T20:27:16.249662+02:00
NSR:StopPlace:58872,Sandefjord stasjon,2026-09-07T19:18:00+02:00,2026-09-07T19:18:53+02:00,2026-09-07T19:18:53+02:00,53.0,1,Skien,VYG:Line:RE11,Eidsvoll-Oslo S-Skien,RE11,rail,VYG:ServiceJourney:827_444407-R,True,actual,False,,,,,2026-09-07T20:27:16.249662+02:00
NSR:StopPlace:62308,Alna stasjon,2026-09-07T18:32:00+02:00,2026-09-07T18:32:53+02:00,2026-09-07T18:32:53+02:00,53.0,1,Spikkestad,VYG:Line:L1,Spikkestad-Oslo S-Lillestrøm,L1,rail,VYG:ServiceJourney:2255_443677-R,True,actual,False,,,,,2026-09-07T20:27:16.249662+02:00
NSR:StopPlace:62308,Alna stasjon,2026-09-07T18:47:00+02:00,2026-09-07T18:47:53+02:00,2026-09-07T18:47:53+02:00,53.0,1,Asker,VYG:Line:L1,Spikkestad-Oslo S-Lillestrøm,L1,rail,VYG:ServiceJourney:2155_443564-R,True,actual,False,,,,,2026-09-07T20:27:16.249662+02:00
NSR:StopPlace:62308,Alna stasjon,2026-09-07T20:18:00+02:00,2026-09-07T20:18:53+02:00,2026-09-07T20:18:53+02:00,53.0,1,Lillestrøm,VYG:Line:L1,Spikkestad-Oslo S-Lillestrøm,L1,rail,VYG:ServiceJourney:2262_443690-R,True,actual,False,,,,,2026-09-07T20:27:16.249662+02:00
NSR:StopPlace:62393,Billingstad stasjon,2026-09-07T19:06:00+02:00,2026-09-07T19:06:53+02:00,2026-09-07T19:06:53+02:00,53.0,1,Spikkestad,VYG:Line:L1,Spikkestad-Oslo S-Lillestrøm,L1,rail,VYG:ServiceJourney:2255_443677-R,True,actual,False,,,,,2026-09-07T20:27:16.249662+02:00
NSR:StopPlace:59649,Nydalen stasjon,2026-09-07T14:16:00+02:00,2026-09-07T14:16:53+02:00,2026-09-07T14:16:53+02:00,53.0,1,Simensbråten,RUT:Line:23,Lysaker - Simensbråten,23,bus,RUT:ServiceJourney:f368aa2382ca3ba9b49d4494415f7e4d,True,actual,False,,,,,2026-09-07T15:44:36.205822+02:00
NSR:StopPlace:59958,Voss stasjon,2026-09-07T14:45:00+02:00,2026-09-07T14:45:53+02:00,2026-09-07T14:45:53+02:00,53.0,1,Hjeltnes via Bu,SKY:Line:945,Voss - Granvin -(Bu)- Ulvik,945,bus,SKY:ServiceJourney:945-205165-21245446,True,actual,False,,,,,2026-09-07T15:44:36.205822+02:00
NSR:StopPlace:59958,Voss stasjon,2026-09-07T14:47:00+02:00,2026-09-07T14:47:53+02:00,2026-09-07T14:47:53+02:00,53.0,1,Sivlevegen,SKY:Line:964,Voss-Skjerpe/Sivlevegen(Ringbuss),964,bus,SKY:ServiceJourney:964-205165-20969018,True,actual,False,,,,,2026-09-07T15:44:36.205822+02:00
NSR:StopPlace:58963,Jessheim stasjon,2026-09-07T13:07:00+02:00,2026-09-07T13:07:53+02:00,2026-09-07T13:07:53+02:00,53.0,1,Drammen,VYG:Line:R13,Drammen-Oslo S-Dal,R13,rail,VYG:ServiceJourney:1634_443285-R,True,actual,False,,,,,2026-09-07T15:44:36.205822+02:00
NSR:StopPlace:58964,Kløfta stasjon,2026-09-07T14:50:00+02:00,2026-09-07T14:50:53+02:00,2026-09-07T14:50:53+02:00,53.0,1,Ask,RUT:Line:405,Kløfta - Ask terminal,405,bus,RUT:ServiceJourney:b46cd0f77e534a46544be7a79106425e,True,actual,False,,,,,2026-09-07T15:44:36.205822+02:00
NSR:StopPlace:58936,Skatval stasjon,2026-09-07T13:52:00+02:00,2026-09-07T13:52:53+02:00,2026-09-07T13:52:53+02:00,53.0,1,Melhus skysstasjon,SJN:Line:26,Trønderbanen,R70,rail,SJN:ServiceJourney:436-STK_56065-R,True,actual,False,,,,,2026-09-07T15:44:36.205822+02:00
NSR:StopPlace:58948,Stjørdal stasjon,2026-09-07T14:00:00+02:00,2026-09-07T14:00:53+02:00,2026-09-07T14:00:53+02:00,53.0,1,Melhus skysstasjon,SJN:Line:26,Trønderbanen,R70,rail,SJN:ServiceJourney:436-STK_56065-R,True,actual,False,,,,,2026-09-07T15:44:36.205822+02:00
NSR:StopPlace:58795,Kambo stasjon,2026-09-07T14:54:00+02:00,2026-09-07T14:54:53+02:00,2026-09-07T14:54:53+02:00,53.0,1,Vestby stasjon,RUT:Line:540,Moss - Son - Vestby stasjon,540,bus,RUT:ServiceJourney:71b1a39dadc3fbe002c5cd11ab6ea59e,True,actual,False,,,,,2026-09-07T15:44:36.205822+02:00
NSR:StopPlace:58893,Grovane stasjon,2026-09-07T14:20:00+02:00,2026-09-07T14:20:53+02:00,2026-09-07T14:20:53+02:00,53.0,1,Kristiansand via Moseidmoen - Mosby,AKT:Line:30,Kvadraturen - Mosby - Vennesl,30,bus,AKT:ServiceJourney:79456_172_48_103200_106080_40001545,True,actual,False,,,,,2026-09-07T15:44:36.205822+02:00
NSR:StopPlace:58805,Brumunddal stasjon,2026-09-07T14:19:00+02:00,2026-09-07T14:19:53+02:00,2026-09-07T14:19:53+02:00,53.0,1,Stensengdalen - Gaupen,INN:Line:619,Br.dal-Stenseng.-Gaupen-Br.dal,619,bus,INN:ServiceJourney:83126,True,actual,False,,,,,2026-09-07T15:44:36.205822+02:00
NSR:StopPlace:62341,Tangen stasjon,2026-09-07T15:25:00+02:00,2026-09-07T15:25:53+02:00,2026-09-07T15:25:53+02:00,53.0,1,Lillehammer,VYG:Line:RE10,Drammen-Oslo S-Lillehammer,RE10,rail,VYG:ServiceJourney:321-SUD_444201-R,True,actual,False,,,,,2026-09-07T15:44:36.205822+02:00
NSR:StopPlace:61463,Nordstrand stasjon,2026-09-07T07:37:00+02:00,2026-09-07T07:37:53+02:00,2026-09-07T07:37:53+02:00,53.0,1,Ski,VYG:Line:L2,Stabekk-Oslo S-Ski,L2,rail,VYG:ServiceJourney:2809-HVK_444020-R,True,actual,False,Færre vogner,Denne avgangen kjører dessverre med 3 vogner i stedet for 6 vogner. Dette skyldes at vi mangler et togsett.,general,normal,2026-09-07T08:42:24.659182+02:00
NSR:StopPlace:61301,Movatn stasjon,2026-09-07T06:27:00+02:00,2026-09-07T06:27:53+02:00,2026-09-07T06:27:53+02:00,53.0,1,Nydalen,VYG:Line:R31,Skøyen-Jaren-Gjøvik,R31,rail,VYG:ServiceJourney:BUS-242_655546-R,True,actual,False,,,,,2026-09-07T08:42:24.659182+02:00
NSR:StopPlace:59646,Høvik stasjon,2026-09-07T07:23:00+02:00,2026-09-07T07:23:53+02:00,2026-09-07T07:23:53+02:00,53.0,1,Lillestrøm,VYG:Line:L1,Spikkestad-Oslo S-Lillestrøm,L1,rail,VYG:ServiceJourney:2212_764749-R,True,actual,False,Færre vogner,Denne avgangen kjører dessverre med 4 vogner i stedet for 8 vogner. Dette skyldes at vi mangler et togsett.,general,normal,2026-09-07T08:42:24.659182+02:00
NSR:StopPlace:59957,Klepp stasjon,2026-09-07T07:38:00+02:00,2026-09-07T07:38:53+02:00,2026-09-07T07:38:53+02:00,53.0,1,Boreringen,KOL:Line:8_2024,59,59,bus,KOL:ServiceJourney:2024_250903083241339_2005,True,actual,False,,,,,2026-09-07T08:42:24.659182+02:00
NSR:StopPlace:59957,Klepp stasjon,2026-09-07T08:27:00+02:00,2026-09-07T08:27:53+02:00,2026-09-07T08:27:53+02:00,53.0,1,Verdalen via Kleppekrossen,KOL:Line:8_2024,59,59,bus,KOL:ServiceJourney:2024_250903083241307_2007,True,actual,False,,,,,2026-09-07T08:42:24.659182+02:00
NSR:StopPlace:59958,Voss stasjon,2026-09-07T07:55:00+02:00,2026-09-07T07:55:53+02:00,2026-09-07T07:55:53+02:00,53.0,1,Skjerpe,SKY:Line:964,Voss-Skjerpe/Sivlevegen(Ringbuss),964,bus,SKY:ServiceJourney:964-205165-20969002,True,actual,False,,,,,2026-09-07T08:42:24.659182+02:00
NSR:StopPlace:59243,Mo i Rana stasjon,2026-09-07T06:42:00+02:00,2026-09-07T06:42:53+02:00,2026-09-07T06:42:53+02:00,53.0,1,Båsmobakken,NOR:Line:12_8371,Grubbåsen - Båsmobakken/Skillevollen,1,bus,NOR:ServiceJourney:8371_251012124858582_1003,True,actual,False,,,,,2026-09-07T08:42:24.659182+02:00
NSR:StopPlace:58952,Bodø stasjon,2026-09-07T06:32:00+02:00,2026-09-07T06:32:53+02:00,2026-09-07T06:32:53+02:00,53.0,1,Tverlandet,NOR:Line:12_8004,Tverlandet - Bodø sentrum - Løpsmarka,4,bus,NOR:ServiceJourney:8004_251012124900549_1002,True,actual,False,,,,,2026-09-07T08:42:24.659182+02:00
NSR:StopPlace:58924,Bryne stasjon,2026-09-07T07:27:00+02:00,2026-09-07T07:27:53+02:00,2026-09-07T07:27:53+02:00,53.0,1,Kleppelunden skule via Klepp ung.sk,KOL:Line:8_2667,SK2003,SK2003,bus,KOL:ServiceJourney:2667_250903083243560_1000,True,actual,False,,,,,2026-09-07T08:42:24.659182+02:00
NSR:StopPlace:58925,Gausel stasjon,2026-09-07T06:35:00+02:00,2026-09-07T06:35:53+02:00,2026-09-07T06:35:53+02:00,53.0,1,Forus,KOL:Line:8_1003,2,2,bus,KOL:ServiceJourney:1003_251008123066454_1005,True,actual,False,,,,,2026-09-07T08:42:24.659182+02:00
NSR:StopPlace:58796,Moss stasjon,2026-09-07T06:43:00+02:00,2026-09-07T06:43:53+02:00,2026-09-07T06:43:53+02:00,53.0,1,Oslo S,VYG:Line:R23x,Stabekk-Oslo S-Moss,R23x,rail,VYG:ServiceJourney:1508_443150-R,True,actual,False,,,,,2026-09-07T08:42:24.659182+02:00
NSR:StopPlace:58839,Steinberg stasjon,2026-09-07T07:56:00+02:00,2026-09-07T07:56:53+02:00,2026-09-07T07:56:53+02:00,53.0,1,Kongsberg,VYG:Line:R12,Kongsberg-Oslo S-Eidsvoll,R12,rail,VYG:ServiceJourney:505_444298-R,True,actual,False,,,,,2026-09-07T08:42:24.659182+02:00
NSR:StopPlace:58843,Blommenholm stasjon,2026-09-07T07:44:00+02:00,2026-09-07T07:44:53+02:00,2026-09-07T07:44:53+02:00,53.0,1,Asker,VYG:Line:L1,Spikkestad-Oslo S-Lillestrøm,L1,rail,VYG:ServiceJourney:2109_443513-R,True,actual,False,,,,,2026-09-07T08:42:24.659182+02:00
NSR:StopPlace:58874,Stokke stasjon,2026-09-07T04:55:00+02:00,2026-09-07T04:55:53+02:00,2026-09-07T04:55:53+02:00,53.0,1,Eidsvoll,VYG:Line:RE11,Eidsvoll-Oslo S-Skien,RE11,rail,VYG:ServiceJourney:802_444382-R,True,actual,False,,,,,2026-09-07T08:42:24.659182+02:00
NSR:StopPlace:58808,Kongsvinger stasjon,2026-09-07T07:28:00+02:00,2026-09-07T07:28:53+02:00,2026-09-07T07:28:53+02:00,53.0,1,Sykehuset - Bogeråsen,INN:Line:81,Bogeråsen - Rasta,B81,bus,INN:ServiceJourney:54300,True,actual,False,,,,,2026-09-07T08:42:24.659182+02:00
NSR:StopPlace:58811,Moelv stasjon,2026-09-07T07:45:00+02:00,2026-09-07T07:45:53+02:00,2026-09-07T07:45:53+02:00,53.0,1,Hersoug - Brumunddal,INN:Line:612,Moelv - Hersoug - Brumunddal,612,bus,INN:ServiceJourney:83033,True,actual,False,,,,,2026-09-07T08:42:24.659182+02:00
NSR:StopPlace:398,Arna stasjon,2026-09-07T07:42:00+02:00,2026-09-07T07:42:53+02:00,2026-09-07T07:42:53+02:00,53.0,1,Bergen,VYG:Line:L4,Bergen-Arna,L4,rail,VYG:ServiceJourney:2611_443826-R,True,actual,False,,,,,2026-09-07T08:42:24.659182+02:00
NSR:StopPlace:362,Jåttåvågen stasjon,2026-09-07T06:15:00+02:00,2026-09-07T06:15:53+02:00,2026-09-07T06:15:53+02:00,53.0,1,Stavanger,GOA:Line:59,Jærbanen,L5,rail,GOA:ServiceJourney:3003_63034-R,True,actual,False,,,,,2026-09-07T08:42:24.659182+02:00
NSR:StopPlace:610,Sandvika stasjon,2026-09-07T07:20:00+02:00,2026-09-07T07:20:53+02:00,2026-09-07T07:20:53+02:00,53.0,1,Oslo Lufthavn,FLT:Line:FLY1,FLY1,FLY1,rail,FLT:ServiceJourney:1-2614-3719-20260907,True,actual,False,,,,,2026-09-07T08:42:24.659182+02:00
NSR:StopPlace:58891,Vegårshei stasjon,2026-09-07T02:01:00+02:00,2026-09-07T02:01:53+02:00,2026-09-07T02:01:53+02:00,53.0,1,Stavanger,GOA:Line:50,Sørtoget region,F5,rail,GOA:ServiceJourney:725-LOD_67061-R,True,actual,False,,,,,2026-09-07T03:30:22.110925+02:00
NSR:StopPlace:59649,Nydalen stasjon,2026-09-07T23:31:00+02:00,2026-09-07T23:31:52+02:00,2026-09-07T23:31:52+02:00,52.0,1,Simensbråten,RUT:Line:23,Lysaker - Simensbråten,23,bus,RUT:ServiceJourney:a20c983b086a90ec26515760b064793d,True,actual,False,,,,,2026-09-08T00:20:52.129880+02:00
NSR:StopPlace:58963,Jessheim stasjon,2026-09-07T22:58:00+02:00,2026-09-07T22:58:52+02:00,2026-09-07T22:58:52+02:00,52.0,1,Nordkisa,RUT:Line:440,Fenstad/Nordkisa - Oslo lufthavn,440,bus,RUT:ServiceJourney:4853c82db458a3cefed915c97901c02d,True,actual,False,,,,,2026-09-08T00:20:52.129880+02:00
NSR:StopPlace:58833,Gol stasjon,2026-09-07T20:55:00+02:00,2026-09-07T20:55:52+02:00,2026-09-07T20:55:52+02:00,52.0,1,Oslo S,VYG:Line:F4,Oslo S-Bergen,F4,rail,VYG:ServiceJourney:66-BRG_513626-R,True,actual,False,,,,,2026-09-08T00:20:52.129880+02:00
NSR:StopPlace:58843,Blommenholm stasjon,2026-09-07T22:04:00+02:00,2026-09-07T22:04:52+02:00,2026-09-07T22:04:52+02:00,52.0,1,Lillestrøm,VYG:Line:L1,Spikkestad-Oslo S-Lillestrøm,L1,rail,VYG:ServiceJourney:2170_443581-R,True,actual,False,,,,,2026-09-08T00:20:52.129880+02:00
NSR:StopPlace:58865,Vestby stasjon,2026-09-07T23:50:00+02:00,2026-09-07T23:50:52+02:00,2026-09-07T23:50:52+02:00,52.0,1,Pepperstadmarka,RUT:Line:530,Pepperstad - Vestby stasjon,530,bus,RUT:ServiceJourney:0ab606455f607104b2c1e4b7742c3751,True,actual,False,,,,,2026-09-08T00:20:52.129880+02:00
NSR:StopPlace:58860,Oppegård stasjon,2026-09-07T23:16:00+02:00,2026-09-07T23:16:52+02:00,2026-09-07T23:16:52+02:00,52.0,1,Stabekk,VYG:Line:L2,Stabekk-Oslo S-Ski,L2,rail,VYG:ServiceJourney:2778-SKI_444001-R,True,actual,False,,,,,2026-09-08T00:20:52.129880+02:00
NSR:StopPlace:62308,Alna stasjon,2026-09-07T22:32:00+02:00,2026-09-07T22:32:52+02:00,2026-09-07T22:32:52+02:00,52.0,1,Spikkestad,VYG:Line:L1,Spikkestad-Oslo S-Lillestrøm,L1,rail,VYG:ServiceJourney:2271_443704-R,True,actual,False,,,,,2026-09-08T00:20:52.129880+02:00
NSR:StopPlace:59244,Egersund stasjon,2026-09-07T16:49:00+02:00,2026-09-07T16:49:52+02:00,2026-09-07T16:49:52+02:00,52.0,1,Stavanger,GOA:Line:59,Jærbanen,L5,rail,GOA:ServiceJourney:3051_63099-R,True,actual,False,,,,,2026-09-07T20:27:16.249662+02:00
NSR:StopPlace:59638,Myrvoll stasjon,2026-09-07T17:35:00+02:00,2026-09-07T17:35:52+02:00,2026-09-07T17:35:52+02:00,52.0,1,Filipstad,RUT:Line:81,Fornebu - Myrvoll stasjon,81,bus,RUT:ServiceJourney:bbfafcbe426b7d3a5c1c4227cb4375f0,True,actual,False,,,,,2026-09-07T20:27:16.249662+02:00
NSR:StopPlace:58963,Jessheim stasjon,2026-09-07T17:40:00+02:00,2026-09-07T17:40:52+02:00,2026-09-07T17:40:52+02:00,52.0,1,Eidsvoll,RUT:Line:430,Eidsvoll - Jessheim,430,bus,RUT:ServiceJourney:63b0eaf43812468f97efad383ad287f9,True,actual,False,,,,,2026-09-07T20:27:16.249662+02:00
NSR:StopPlace:58964,Kløfta stasjon,2026-09-07T17:19:00+02:00,2026-09-07T17:19:52+02:00,2026-09-07T17:19:52+02:00,52.0,1,Herbergåsen,RUT:Line:460,Herbergåsen - Kløfta,460,bus,RUT:ServiceJourney:66270b383f5dad32106764670a4ae37b,True,actual,False,,,,,2026-09-07T20:27:16.249662+02:00
NSR:StopPlace:58931,Fannrem stasjon,2026-09-07T18:25:00+02:00,2026-09-07T18:25:52+02:00,2026-09-07T18:25:52+02:00,52.0,1,Trondheim S via fv. 800,ATB:Line:2_410,Trondheim - Orkanger - (Fannrem) via fv. 800,410,bus,ATB:ServiceJourney:410_260106098639924_27,True,actual,False,,,,,2026-09-07T20:27:16.249662+02:00
NSR:StopPlace:58797,Mysen stasjon,2026-09-07T19:00:00+02:00,2026-09-07T19:00:52+02:00,2026-09-07T19:00:52+02:00,52.0,1,Oslo S,VYG:Line:R22,Skøyen-Oslo S-Mysen-Rakkestad,R22,rail,VYG:ServiceJourney:1932_443486-R,True,actual,False,,,,,2026-09-07T20:27:16.249662+02:00
NSR:StopPlace:58830,Brakerøya stasjon,2026-09-07T19:38:00+02:00,2026-09-07T19:38:52+02:00,2026-09-07T19:38:52+02:00,52.0,1,Dal,VYG:Line:R13,Drammen-Oslo S-Dal,R13,rail,VYG:ServiceJourney:1661_443345-R,True,actual,False,,,,,2026-09-07T20:27:16.249662+02:00
NSR:StopPlace:58844,Eidsvoll stasjon,2026-09-07T20:05:00+02:00,2026-09-07T20:05:52+02:00,2026-09-07T20:05:52+02:00,52.0,1,Fenstad,RUT:Line:441,Eidsvoll - Årnes,441,bus,RUT:ServiceJourney:da505d1f3af4291347d45938bffe5f05,True,actual,False,,,,,2026-09-07T20:27:16.249662+02:00
NSR:StopPlace:58852,Høn stasjon,2026-09-07T17:20:00+02:00,2026-09-07T17:20:52+02:00,2026-09-07T17:20:52+02:00,52.0,1,Lillestrøm,VYG:Line:L1,Spikkestad-Oslo S-Lillestrøm,L1,rail,VYG:ServiceJourney:2152_443561-R,True,actual,False,Færre vogner,Denne avgangen kjører dessverre med 4 vogner i stedet for 8 vogner. Dette skyldes at vi mangler et togsett.,general,normal,2026-09-07T20:27:16.249662+02:00
NSR:StopPlace:58852,Høn stasjon,2026-09-07T19:50:00+02:00,2026-09-07T19:50:52+02:00,2026-09-07T19:50:52+02:00,52.0,1,Lillestrøm,VYG:Line:L1,Spikkestad-Oslo S-Lillestrøm,L1,rail,VYG:ServiceJourney:2162_443572-R,True,actual,False,,,,,2026-09-07T20:27:16.249662+02:00
NSR:StopPlace:58864,Sørumsand stasjon,2026-09-07T17:21:00+02:00,2026-09-07T17:21:52+02:00,2026-09-07T17:21:52+02:00,52.0,1,Skedsmokorset,RUT:Line:365,Sørumsand - Frogner - Skedsmokorset,365,bus,RUT:ServiceJourney:47503995cf5c84c88b72a8e6da7958a3,True,actual,False,,,,,2026-09-07T20:27:16.249662+02:00
NSR:StopPlace:58861,Solbråtan stasjon,2026-09-07T19:23:00+02:00,2026-09-07T19:23:52+02:00,2026-09-07T19:23:52+02:00,52.0,1,Stabekk,VYG:Line:L2,Stabekk-Oslo S-Ski,L2,rail,VYG:ServiceJourney:2762-SKI_443977-R,True,actual,False,,,,,2026-09-07T20:27:16.249662+02:00
NSR:StopPlace:58862,Strømmen stasjon,2026-09-07T19:06:00+02:00,2026-09-07T19:06:52+02:00,2026-09-07T19:06:52+02:00,52.0,1,Nittedal,RUT:Line:385,Nittedal stasjon - Olavsgaard - Ahus,385,bus,RUT:ServiceJourney:18c0b5f5d36a19d6f354d5da5269c567,True,actual,False,,,,,2026-09-07T20:27:16.249662+02:00
NSR:StopPlace:362,Jåttåvågen stasjon,2026-09-07T18:32:00+02:00,2026-09-07T18:32:52+02:00,2026-09-07T18:32:52+02:00,52.0,1,Nærbø,GOA:Line:59,Jærbanen,L5,rail,GOA:ServiceJourney:3058_63111-R,True,actual,False,,,,,2026-09-07T20:27:16.249662+02:00
NSR:StopPlace:362,Jåttåvågen stasjon,2026-09-07T20:22:00+02:00,2026-09-07T20:22:52+02:00,2026-09-07T20:22:52+02:00,52.0,1,Stavanger,GOA:Line:59,Jærbanen,L5,rail,GOA:ServiceJourney:3061_63116-R,True,actual,False,,,,,2026-09-07T20:27:16.249662+02:00
NSR:StopPlace:62339,Lillestrøm stasjon,2026-09-07T18:16:00+02:00,2026-09-07T18:16:52+02:00,2026-09-07T18:16:52+02:00,52.0,1,Drammen,VYG:Line:RE10,Drammen-Oslo S-Lillehammer,RE10,rail,VYG:ServiceJourney:326-LHM_444219-R,True,actual,False,Heis i spor 1 og 2 er ute av bruk på grunn av vedlikehold.,Heis i spor 1 og 2 er ute av bruk på grunn av vedlikehold.,general,normal,2026-09-07T20:27:16.249662+02:00
NSR:StopPlace:33,Ranheim stasjon,2026-09-07T15:29:00+02:00,2026-09-07T15:29:52+02:00,2026-09-07T15:29:52+02:00,52.0,1,Steinkjer,SJN:Line:26,Trønderbanen,R70,rail,SJN:ServiceJourney:441-SOeB_56070-R,True,actual,False,,,,,2026-09-07T15:44:36.205822+02:00
NSR:StopPlace:61735,Hell stasjon,2026-09-07T15:36:00+02:00,2026-09-07T15:36:52+02:00,2026-09-07T15:36:52+02:00,52.0,1,Røros,SJN:Line:25,Rørosbanen,R60,rail,SJN:ServiceJourney:416_50919-R,True,actual,False,,,,,2026-09-07T15:44:36.205822+02:00
NSR:StopPlace:60045,Hamar stasjon,2026-09-07T15:30:00+02:00,2026-09-07T15:30:52+02:00,2026-09-07T15:30:52+02:00,52.0,1,Oslo S,SJN:Line:21,Dovrebanen,F6,rail,SJN:ServiceJourney:44-TND_47992-R,True,actual,False,,,,,2026-09-07T15:44:36.205822+02:00
NSR:StopPlace:59261,Trondheim lufthavn,2026-09-07T14:13:00+02:00,2026-09-07T14:13:52+02:00,2026-09-07T14:13:52+02:00,52.0,1,Marienborg via Brattøra,ATB:Line:2_70,Stjørdal/Hommelvik- Trondheim,70,bus,ATB:ServiceJourney:70_251215112546996_54,True,actual,False,,,,,2026-09-07T15:44:36.205822+02:00
NSR:StopPlace:59639,Sonsveien stasjon,2026-09-07T14:25:00+02:00,2026-09-07T14:25:52+02:00,2026-09-07T14:25:52+02:00,52.0,1,Store Brevik - Son - Deør,RUT:Line:2545,Son med klokka,545A,bus,RUT:ServiceJourney:01b5393418883bcc94ad117376f9c511,True,actual,False,,,,,2026-09-07T15:44:36.205822+02:00
NSR:StopPlace:58852,Høn stasjon,2026-09-07T14:50:00+02:00,2026-09-07T14:50:52+02:00,2026-09-07T14:50:52+02:00,52.0,1,Lillestrøm,VYG:Line:L1,Spikkestad-Oslo S-Lillestrøm,L1,rail,VYG:ServiceJourney:2142_443550-R,True,actual,False,,,,,2026-09-07T15:44:36.205822+02:00
NSR:StopPlace:58858,Nittedal stasjon,2026-09-07T15:19:00+02:00,2026-09-07T15:19:52+02:00,2026-09-07T15:19:52+02:00,52.0,1,Lørenskog sentrum,RUT:Line:385,Nittedal stasjon - Olavsgaard - Ahus,385,bus,RUT:ServiceJourney:4b422a014dedb160be03e8de1bb6e7c8,True,actual,False,,,,,2026-09-07T15:44:36.205822+02:00
NSR:StopPlace:58858,Nittedal stasjon,2026-09-07T15:20:00+02:00,2026-09-07T15:20:52+02:00,2026-09-07T15:20:52+02:00,52.0,1,Dam,RUT:Line:386,Nittedal stasjon - Kruttverket - Dam,386,bus,RUT:ServiceJourney:df7ec49c0b0b8169740b29e0935a3883,True,actual,False,,,,,2026-09-07T15:44:36.205822+02:00
NSR:StopPlace:58851,Heggedal stasjon,2026-09-07T13:24:00+02:00,2026-09-07T13:24:52+02:00,2026-09-07T13:24:52+02:00,52.0,1,Lillestrøm,VYG:Line:L1,Spikkestad-Oslo S-Lillestrøm,L1,rail,VYG:ServiceJourney:2238_443647-R,True,actual,False,Færre vogner,Denne avgangen kjører dessverre med 4 vogner i stedet for 8 vogner. Dette skyldes at vi mangler et togsett.,general,normal,2026-09-07T15:44:36.205822+02:00
NSR:StopPlace:58803,Tomter stasjon,2026-09-07T14:28:00+02:00,2026-09-07T14:28:52+02:00,2026-09-07T14:28:52+02:00,52.0,1,Rakkestad,VYG:Line:R22,Skøyen-Oslo S-Mysen-Rakkestad,R22,rail,VYG:ServiceJourney:1919_443464-R,True,actual,False,,,,,2026-09-07T15:44:36.205822+02:00
NSR:StopPlace:144,Skansen stasjon,2026-09-07T14:47:00+02:00,2026-09-07T14:47:52+02:00,2026-09-07T14:47:52+02:00,52.0,1,Melhus skysstasjon,SJN:Line:26,Trønderbanen,R70,rail,SJN:ServiceJourney:436-STK_56065-R,True,actual,False,,,,,2026-09-07T15:44:36.205822+02:00
NSR:StopPlace:8,Paradis stasjon,2026-09-07T05:49:00+02:00,2026-09-07T05:49:52+02:00,2026-09-07T05:49:52+02:00,52.0,1,Egersund,GOA:Line:59,Jærbanen,L5,rail,GOA:ServiceJourney:3008_63040-R,True,actual,False,,,,,2026-09-07T08:42:24.659182+02:00
NSR:StopPlace:61301,Movatn stasjon,2026-09-07T06:45:00+02:00,2026-09-07T06:45:52+02:00,2026-09-07T06:45:52+02:00,52.0,1,Nydalen,VYG:Line:R31,Skøyen-Jaren-Gjøvik,R31,rail,VYG:ServiceJourney:BUS-244_655562-R,True,actual,False,,,,,2026-09-07T08:42:24.659182+02:00
NSR:StopPlace:61897,Bryn stasjon,2026-09-07T07:30:00+02:00,2026-09-07T07:30:52+02:00,2026-09-07T07:30:52+02:00,52.0,1,Lillestrøm,VYG:Line:L1,Spikkestad-Oslo S-Lillestrøm,L1,rail,VYG:ServiceJourney:2110_443515-R,True,actual,False,,,,,2026-09-07T08:42:24.659182+02:00
NSR:StopPlace:59654,Stabekk stasjon,2026-09-07T06:42:00+02:00,2026-09-07T06:42:52+02:00,2026-09-07T06:42:52+02:00,52.0,1,Nationaltheatret,RUT:Line:150,Gullhaug - Nationaltheatret,150,bus,RUT:ServiceJourney:8104472a505df380d3a85bf0ab0b5e29,True,actual,False,,,,,2026-09-07T08:42:24.659182+02:00
NSR:StopPlace:59638,Myrvoll stasjon,2026-09-07T07:51:00+02:00,2026-09-07T07:51:52+02:00,2026-09-07T07:51:52+02:00,52.0,1,Stabekk,VYG:Line:L2,Stabekk-Oslo S-Ski,L2,rail,VYG:ServiceJourney:2716-SKI_443922-R,True,actual,False,,,,,2026-09-07T08:42:24.659182+02:00
NSR:StopPlace:59639,Sonsveien stasjon,2026-09-07T07:04:00+02:00,2026-09-07T07:04:52+02:00,2026-09-07T07:04:52+02:00,52.0,1,Stabekk,VYG:Line:R21,Stabekk-Oslo S-Moss,R21,rail,VYG:ServiceJourney:1112-MOS_442987-R,True,actual,False,,,,,2026-09-07T08:42:24.659182+02:00
NSR:StopPlace:58963,Jessheim stasjon,2026-09-07T05:25:00+02:00,2026-09-07T05:25:52+02:00,2026-09-07T05:25:52+02:00,52.0,1,Eidsvoll,RUT:Line:430,Eidsvoll - Jessheim,430,bus,RUT:ServiceJourney:69e2efb17b866e61169d1538345ffef1,True,actual,False,,,,,2026-09-07T08:42:24.659182+02:00
NSR:StopPlace:58931,Fannrem stasjon,2026-09-07T06:20:00+02:00,2026-09-07T06:20:52+02:00,2026-09-07T06:20:52+02:00,52.0,1,Trondheim S via Orkanger skysst.,ATB:Line:2_310,Trondheim - Orkanger - Fannrem,310,bus,ATB:ServiceJourney:310_260106098639816_13,True,actual,False,,,,,2026-09-07T08:42:24.659182+02:00
NSR:StopPlace:58931,Fannrem stasjon,2026-09-07T07:40:00+02:00,2026-09-07T07:40:52+02:00,2026-09-07T07:40:52+02:00,52.0,1,Trondheim S via Orkanger skysst.,ATB:Line:2_310,Trondheim - Orkanger - Fannrem,310,bus,ATB:ServiceJourney:310_260106098639822_27,True,actual,False,,,,,2026-09-07T08:42:24.659182+02:00
NSR:StopPlace:58935,Levanger stasjon,2026-09-07T08:09:00+02:00,2026-09-07T08:09:52+02:00,2026-09-07T08:09:52+02:00,52.0,1,Vårtun kristne oppvekstsenter,ATB:Line:2_7433,Bønnesenteret - Vårtun,7433,bus,ATB:ServiceJourney:7433_260106098642255_1,True,actual,False,,,,,2026-09-07T08:42:24.659182+02:00
NSR:StopPlace:58947,Steinkjer stasjon,2026-09-07T05:06:00+02:00,2026-09-07T05:06:52+02:00,2026-09-07T05:06:52+02:00,52.0,1,Lerkendal,SJN:Line:26,Trønderbanen,R70,rail,SJN:ServiceJourney:1760_56046-R,True,actual,False,,,,,2026-09-07T08:42:24.659182+02:00
NSR:StopPlace:58948,Stjørdal stasjon,2026-09-07T06:23:00+02:00,2026-09-07T06:23:52+02:00,2026-09-07T06:23:52+02:00,52.0,1,Lerkendal,SJN:Line:26,Trønderbanen,R70,rail,SJN:ServiceJourney:1760_56046-R,True,actual,False,,,,,2026-09-07T08:42:24.659182+02:00
NSR:StopPlace:58796,Moss stasjon,2026-09-07T06:53:00+02:00,2026-09-07T06:53:52+02:00,2026-09-07T06:53:52+02:00,52.0,1,Greåker vgs.,OST:Line:1_600,Solli-Moss,600,bus,OST:ServiceJourney:600_260325121471783_2,True,actual,False,,,,,2026-09-07T08:42:24.659182+02:00
NSR:StopPlace:58836,Mjøndalen stasjon,2026-09-07T06:45:00+02:00,2026-09-07T06:45:52+02:00,2026-09-07T06:45:52+02:00,52.0,1,Horne - Vestfossen - Kongsberg knutepunkt,BRA:Line:4_6115,Hokksund - Kongsberg,115,bus,BRA:ServiceJourney:6115_260427080308884_1002,True,actual,False,,,,,2026-09-07T08:42:24.659182+02:00
NSR:StopPlace:58836,Mjøndalen stasjon,2026-09-07T07:57:00+02:00,2026-09-07T07:57:52+02:00,2026-09-07T07:57:52+02:00,52.0,1,Åsen,BRA:Line:4_6053,Mjøndalen - Åsen,53,bus,BRA:ServiceJourney:6053_260415100160469_1009,True,actual,False,,,,,2026-09-07T08:42:24.659182+02:00
NSR:StopPlace:58843,Blommenholm stasjon,2026-09-07T08:34:00+02:00,2026-09-07T08:34:52+02:00,2026-09-07T08:34:52+02:00,52.0,1,Lillestrøm,VYG:Line:L1,Spikkestad-Oslo S-Lillestrøm,L1,rail,VYG:ServiceJourney:2116_443521-R,True,actual,False,,,,,2026-09-07T08:42:24.659182+02:00
NSR:StopPlace:58844,Eidsvoll stasjon,2026-09-07T08:27:00+02:00,2026-09-07T08:27:52+02:00,2026-09-07T08:27:52+02:00,52.0,1,Finstad,RUT:Line:3742,Eidsvoll - Ås skole - Finstad,3742,bus,RUT:ServiceJourney:cfb8454e83f96e2aca875951468f9e6b,True,actual,False,,,,,2026-09-07T08:42:24.659182+02:00
NSR:StopPlace:58856,Lysaker stasjon,2026-09-07T06:03:00+02:00,2026-09-07T06:03:52+02:00,2026-09-07T06:03:52+02:00,52.0,1,Nationaltheatret,RUT:Line:160,Rykkinn -Nationaltheatret,160,bus,RUT:ServiceJourney:da837ee3f384f463ccd5b6a1120d474c,True,actual,False,,,,,2026-09-07T08:42:24.659182+02:00
NSR:StopPlace:58857,Lørenskog stasjon,2026-09-07T07:21:00+02:00,2026-09-07T07:21:52+02:00,2026-09-07T07:21:52+02:00,52.0,1,Lørenskog sentrum,RUT:Line:67,Økern-Lørenskog sentrum,67,bus,RUT:ServiceJourney:126b2bf0d961e1dd5ca1496d416ea178,True,actual,False,,,,,2026-09-07T08:42:24.659182+02:00
NSR:StopPlace:58864,Sørumsand stasjon,2026-09-07T06:29:00+02:00,2026-09-07T06:29:52+02:00,2026-09-07T06:29:52+02:00,52.0,1,Asker,VYG:Line:R14,Asker-Oslo S-Kongsvinger,R14,rail,VYG:ServiceJourney:1004_442909-R,True,actual,False,,,,,2026-09-07T08:42:24.659182+02:00
NSR:StopPlace:58860,Oppegård stasjon,2026-09-07T08:33:00+02:00,2026-09-07T08:33:52+02:00,2026-09-07T08:33:52+02:00,52.0,1,Jernbanetorget,RUT:Line:84,Jernbanetorget-Oppegård st.,84E,bus,RUT:ServiceJourney:f8e48fe8648b769da799f257e573fc94,True,actual,False,,,,,2026-09-07T08:42:24.659182+02:00
NSR:StopPlace:58871,Sande stasjon,2026-09-07T08:07:00+02:00,2026-09-07T08:07:52+02:00,2026-09-07T08:07:52+02:00,52.0,1,Klevjerhagen-Kjeldås,VKT:Line:220,Kjeldås-Sande,220,bus,VKT:ServiceJourney:15074,True,actual,False,,,,,2026-09-07T08:42:24.659182+02:00
NSR:StopPlace:58810,Løten stasjon,2026-09-07T07:36:00+02:00,2026-09-07T07:36:52+02:00,2026-09-07T07:36:52+02:00,52.0,1,Hamar - Brumunddal,INN:Line:26,Brumunddal - Hamar - Løten,B26,bus,INN:ServiceJourney:54034,True,actual,False,,,,,2026-09-07T08:42:24.659182+02:00
NSR:StopPlace:58826,Reinsvoll stasjon,2026-09-07T07:11:00+02:00,2026-09-07T07:11:52+02:00,2026-09-07T07:11:52+02:00,52.0,1,Lena o/Smågarda,INN:Line:403,Gjøvik-Raufoss-Reinsvoll-Lena,403,bus,INN:ServiceJourney:65762,True,actual,False,,,,,2026-09-07T08:42:24.659182+02:00
NSR:StopPlace:144,Skansen stasjon,2026-09-07T05:40:00+02:00,2026-09-07T05:40:52+02:00,2026-09-07T05:40:52+02:00,52.0,1,Hamar,SJN:Line:25,Rørosbanen,R60,rail,SJN:ServiceJourney:2382_48224-R,True,actual,False,,,,,2026-09-07T08:42:24.659182+02:00
NSR:StopPlace:610,Sandvika stasjon,2026-09-07T05:54:00+02:00,2026-09-07T05:54:52+02:00,2026-09-07T05:54:52+02:00,52.0,1,Skien,VYG:Line:RE11,Eidsvoll-Oslo S-Skien,RE11,rail,VYG:ServiceJourney:300-803-HHS_658721-R,True,actual,False,,,,,2026-09-07T08:42:24.659182+02:00
NSR:StopPlace:62379,Bergsgrav stasjon,2026-09-07T04:59:00+02:00,2026-09-07T04:59:52+02:00,2026-09-07T04:59:52+02:00,52.0,1,Støren,SJN:Line:26,Trønderbanen,R70,rail,SJN:ServiceJourney:420_56049-R,True,actual,False,,,,,2026-09-07T08:42:24.659182+02:00
NSR:StopPlace:62393,Billingstad stasjon,2026-09-07T07:27:00+02:00,2026-09-07T07:27:52+02:00,2026-09-07T07:27:52+02:00,52.0,1,Lillestrøm,VYG:Line:L1,Spikkestad-Oslo S-Lillestrøm,L1,rail,VYG:ServiceJourney:2112_443517-R,True,actual,False,,,,,2026-09-07T08:42:24.659182+02:00
NSR:StopPlace:61979,Hellvik stasjon,2026-09-07T05:11:00+02:00,2026-09-07T05:11:52+02:00,2026-09-07T05:11:52+02:00,52.0,1,Stavanger,GOA:Line:59,Jærbanen,L5,rail,GOA:ServiceJourney:3003_63034-R,True,actual,False,,,,,2026-09-07T08:42:24.659182+02:00
NSR:StopPlace:61735,Hell stasjon,2026-09-07T23:06:00+02:00,2026-09-07T23:06:51+02:00,2026-09-07T23:06:51+02:00,51.0,1,Støren,SJN:Line:26,Trønderbanen,R70,rail,SJN:ServiceJourney:454_56083-R,True,actual,False,,,,,2026-09-08T00:20:52.129880+02:00
NSR:StopPlace:59641,Fjellhamar stasjon,2026-09-07T22:41:00+02:00,2026-09-07T22:41:51+02:00,2026-09-07T22:41:51+02:00,51.0,1,Ahus,RUT:Line:315,Vallerudtoppen - Ahus,315,bus,RUT:ServiceJourney:5a3401a9852f6528d5f46adf8b41043b,True,actual,False,,,,,2026-09-08T00:20:52.129880+02:00
NSR:StopPlace:59643,Grefsen stasjon,2026-09-07T21:51:00+02:00,2026-09-07T21:51:51+02:00,2026-09-07T21:51:51+02:00,51.0,1,Gaustadalléen,RUT:Line:18,Grefsen st [4311] - Rikshospitalet,18,tram,RUT:ServiceJourney:6ff3d3c5a0394047321ea38fa84275fd,True,actual,False,,,,,2026-09-08T00:20:52.129880+02:00
NSR:StopPlace:59957,Klepp stasjon,2026-09-07T22:27:00+02:00,2026-09-07T22:27:51+02:00,2026-09-07T22:27:51+02:00,51.0,1,Verdalen via Kleppekrossen,KOL:Line:8_2024,59,59,bus,KOL:ServiceJourney:2024_250903083241268_2039,True,actual,False,,,,,2026-09-08T00:20:52.129880+02:00
NSR:StopPlace:60944,Ski stasjon,2026-09-07T21:26:00+02:00,2026-09-07T21:26:51+02:00,2026-09-07T21:26:51+02:00,51.0,1,Halden,VYG:Line:RE20,Oslo S-Halden-Göteborg (X-Border),RE20,rail,VYG:ServiceJourney:133_443134-R,True,actual,False,,,,,2026-09-08T00:20:52.129880+02:00
NSR:StopPlace:59261,Trondheim lufthavn,2026-09-07T23:03:00+02:00,2026-09-07T23:03:51+02:00,2026-09-07T23:03:51+02:00,51.0,1,Støren,SJN:Line:26,Trønderbanen,R70,rail,SJN:ServiceJourney:454_56083-R,True,actual,False,,,,,2026-09-08T00:20:52.129880+02:00
NSR:StopPlace:58963,Jessheim stasjon,2026-09-07T22:01:00+02:00,2026-09-07T22:01:51+02:00,2026-09-07T22:01:51+02:00,51.0,1,Oslo lufthavn,RUT:Line:440,Fenstad/Nordkisa - Oslo lufthavn,440,bus,RUT:ServiceJourney:c3cd39a9037985f46df633890bcefe25,True,actual,False,,,,,2026-09-08T00:20:52.129880+02:00
NSR:StopPlace:58834,Hokksund stasjon,2026-09-07T22:06:00+02:00,2026-09-07T22:06:51+02:00,2026-09-07T22:06:51+02:00,51.0,1,Vikersund,BRA:Line:4_6101,Drammen-Vikersund/Hønefoss,101,bus,BRA:ServiceJourney:6101_260415100161255_1059,True,actual,False,,,,,2026-09-08T00:20:52.129880+02:00
NSR:StopPlace:58836,Mjøndalen stasjon,2026-09-07T22:36:00+02:00,2026-09-07T22:36:51+02:00,2026-09-07T22:36:51+02:00,51.0,1,Drammen sykehus,BRA:Line:4_6001,Drammen sykehus Brakerøya - Sørensvingen / Mjøndalen,1,bus,BRA:ServiceJourney:6001_260415100161845_1234,True,actual,False,,,,,2026-09-08T00:20:52.129880+02:00
NSR:StopPlace:58843,Blommenholm stasjon,2026-09-07T21:34:00+02:00,2026-09-07T21:34:51+02:00,2026-09-07T21:34:51+02:00,51.0,1,Lillestrøm,VYG:Line:L1,Spikkestad-Oslo S-Lillestrøm,L1,rail,VYG:ServiceJourney:2168_443578-R,True,actual,False,,,,,2026-09-08T00:20:52.129880+02:00
NSR:StopPlace:58843,Blommenholm stasjon,2026-09-07T23:34:00+02:00,2026-09-07T23:34:51+02:00,2026-09-07T23:34:51+02:00,51.0,1,Lillestrøm,VYG:Line:L1,Spikkestad-Oslo S-Lillestrøm,L1,rail,VYG:ServiceJourney:2176_443587-R,True,actual,False,,,,,2026-09-08T00:20:52.129880+02:00
NSR:StopPlace:58851,Heggedal stasjon,2026-09-07T21:24:00+02:00,2026-09-07T21:24:51+02:00,2026-09-07T21:24:51+02:00,51.0,1,Lillestrøm,VYG:Line:L1,Spikkestad-Oslo S-Lillestrøm,L1,rail,VYG:ServiceJourney:2270_443703-R,True,actual,False,,,,,2026-09-08T00:20:52.129880+02:00
NSR:StopPlace:58866,Vevelstad stasjon,2026-09-07T23:21:00+02:00,2026-09-07T23:21:51+02:00,2026-09-07T23:21:51+02:00,51.0,1,Drøbak - Seiersten,RUT:Line:510,Bøleråsen - Ski - Ås - Drøbak,510,bus,RUT:ServiceJourney:e565b937a4a4c66a1a4b9e1cf7530288,True,actual,False,,,,,2026-09-08T00:20:52.129880+02:00
NSR:StopPlace:58869,Ås stasjon,2026-09-07T21:45:00+02:00,2026-09-07T21:45:51+02:00,2026-09-07T21:45:51+02:00,51.0,1,Stabekk,VYG:Line:R21,Stabekk-Oslo S-Moss,R21,rail,VYG:ServiceJourney:1170-MOS_443066-R,True,actual,False,,,,,2026-09-08T00:20:52.129880+02:00
NSR:StopPlace:58861,Solbråtan stasjon,2026-09-07T23:53:00+02:00,2026-09-07T23:53:51+02:00,2026-09-07T23:53:51+02:00,51.0,1,Stabekk,VYG:Line:L2,Stabekk-Oslo S-Ski,L2,rail,VYG:ServiceJourney:2780-SKI_444006-R,True,actual,False,,,,,2026-09-08T00:20:52.129880+02:00
NSR:StopPlace:58862,Strømmen stasjon,2026-09-07T21:45:00+02:00,2026-09-07T21:45:51+02:00,2026-09-07T21:45:51+02:00,51.0,1,Spikkestad,VYG:Line:L1,Spikkestad-Oslo S-Lillestrøm,L1,rail,VYG:ServiceJourney:2269_443700-R,True,actual,False,,,,,2026-09-08T00:20:52.129880+02:00
NSR:StopPlace:58873,Skoppum stasjon,2026-09-07T22:20:00+02:00,2026-09-07T22:20:51+02:00,2026-09-07T22:20:51+02:00,51.0,1,Eidsvoll,VYG:Line:RE11,Eidsvoll-Oslo S-Skien,RE11,rail,VYG:ServiceJourney:836_444416-R,True,actual,False,,,,,2026-09-08T00:20:52.129880+02:00
NSR:StopPlace:58811,Moelv stasjon,2026-09-07T23:32:00+02:00,2026-09-07T23:32:51+02:00,2026-09-07T23:32:51+02:00,51.0,1,Gjøvik,INN:Line:100,Hamar - Gjøvik,100,bus,INN:ServiceJourney:83471,True,actual,False,,,,,2026-09-08T00:20:52.129880+02:00
NSR:StopPlace:59654,Stabekk stasjon,2026-09-07T17:10:00+02:00,2026-09-07T17:10:51+02:00,2026-09-07T17:10:51+02:00,51.0,1,Lillestrøm,VYG:Line:L1,Spikkestad-Oslo S-Lillestrøm,L1,rail,VYG:ServiceJourney:2150_443559-R,True,actual,False,,,,,2026-09-07T20:27:16.249662+02:00
NSR:StopPlace:59654,Stabekk stasjon,2026-09-07T17:52:00+02:00,2026-09-07T17:52:51+02:00,2026-09-07T17:52:51+02:00,51.0,1,Nationaltheatret,RUT:Line:150,Gullhaug - Nationaltheatret,150,bus,RUT:ServiceJourney:68afcc71059d546c90c6a94357c7c538,True,actual,False,,,,,2026-09-07T20:27:16.249662+02:00
NSR:StopPlace:58947,Steinkjer stasjon,2026-09-07T16:32:00+02:00,2026-09-07T16:32:51+02:00,2026-09-07T16:32:51+02:00,51.0,1,Lundamo,SJN:Line:26,Trønderbanen,R70,rail,SJN:ServiceJourney:444_56073-R,True,actual,False,,,,,2026-09-07T20:27:16.249662+02:00
NSR:StopPlace:58948,Stjørdal stasjon,2026-09-07T18:30:00+02:00,2026-09-07T18:30:51+02:00,2026-09-07T18:30:51+02:00,51.0,1,Trondheim,ATB:Line:2_311,Stjørdal - Trondheim,311,bus,ATB:ServiceJourney:311_260330054277395_76,True,actual,False,Endret tilbud ved Vikelvvegen,Sydgående avkjøringsrampe fra E6 ved Reppe er stengt frem til 21. september. Vikelvvegen og Ranheim fabrikker til sentrum blir ikke betjent av linje 311 i perioden. ,general,normal,2026-09-07T20:27:16.249662+02:00
NSR:StopPlace:58948,Stjørdal stasjon,2026-09-07T18:32:00+02:00,2026-09-07T18:32:51+02:00,2026-09-07T18:32:51+02:00,51.0,1,Husbyåsen via Terrassehusene,ATB:Line:2_92,92 StjørdalSt-HusbySnu.,92,bus,ATB:ServiceJourney:92_260219106441024_66,True,actual,False,,,,,2026-09-07T20:27:16.249662+02:00
NSR:StopPlace:58798,Rakkestad stasjon,2026-09-07T16:47:00+02:00,2026-09-07T16:47:51+02:00,2026-09-07T16:47:51+02:00,51.0,1,Oslo S,VYG:Line:R22,Skøyen-Oslo S-Mysen-Rakkestad,R22,rail,VYG:ServiceJourney:1928_443481-R,True,actual,False,,,,,2026-09-07T20:27:16.249662+02:00
NSR:StopPlace:58793,Askim stasjon,2026-09-07T17:49:00+02:00,2026-09-07T17:49:51+02:00,2026-09-07T17:49:51+02:00,51.0,1,Rakkestad,VYG:Line:R22,Skøyen-Oslo S-Mysen-Rakkestad,R22,rail,VYG:ServiceJourney:1925_443475-R,True,actual,False,,,,,2026-09-07T20:27:16.249662+02:00
NSR:StopPlace:58794,Fredrikstad stasjon,2026-09-07T17:40:00+02:00,2026-09-07T17:40:51+02:00,2026-09-07T17:40:51+02:00,51.0,1,Kalnes,OST:Line:1_4,Fredrikstad - Kalnes,4,bus,OST:ServiceJourney:4_260325121473200_745,True,actual,False,,,,,2026-09-07T20:27:16.249662+02:00
NSR:StopPlace:58836,Mjøndalen stasjon,2026-09-07T19:12:00+02:00,2026-09-07T19:12:51+02:00,2026-09-07T19:12:51+02:00,51.0,1,Drammen,BRA:Line:4_6101,Drammen-Vikersund/Hønefoss,101,bus,BRA:ServiceJourney:6101_260415100161315_1054,True,actual,False,,,,,2026-09-07T20:27:16.249662+02:00
NSR:StopPlace:58845,Eidsvoll verk stasjon,2026-09-07T17:55:00+02:00,2026-09-07T17:55:51+02:00,2026-09-07T17:55:51+02:00,51.0,1,Eidsvoll,VYG:Line:RE11,Eidsvoll-Oslo S-Skien,RE11,rail,VYG:ServiceJourney:824_444404-R,True,actual,False,,,,,2026-09-07T20:27:16.249662+02:00
NSR:StopPlace:58852,Høn stasjon,2026-09-07T18:50:00+02:00,2026-09-07T18:50:51+02:00,2026-09-07T18:50:51+02:00,51.0,1,Lillestrøm,VYG:Line:L1,Spikkestad-Oslo S-Lillestrøm,L1,rail,VYG:ServiceJourney:2158_443567-R,True,actual,False,,,,,2026-09-07T20:27:16.249662+02:00
NSR:StopPlace:58854,Langhus stasjon,2026-09-07T18:12:00+02:00,2026-09-07T18:12:51+02:00,2026-09-07T18:12:51+02:00,51.0,1,Stabekk,VYG:Line:L2,Stabekk-Oslo S-Ski,L2,rail,VYG:ServiceJourney:2758-SKI_443970-R,True,actual,False,,,,,2026-09-07T20:27:16.249662+02:00
NSR:StopPlace:58851,Heggedal stasjon,2026-09-07T18:24:00+02:00,2026-09-07T18:24:51+02:00,2026-09-07T18:24:51+02:00,51.0,1,Lillestrøm,VYG:Line:L1,Spikkestad-Oslo S-Lillestrøm,L1,rail,VYG:ServiceJourney:2258_443682-R,True,actual,False,,,,,2026-09-07T20:27:16.249662+02:00
NSR:StopPlace:58870,Holmestrand stasjon,2026-09-07T19:40:00+02:00,2026-09-07T19:40:51+02:00,2026-09-07T19:40:51+02:00,51.0,1,Hvitstein-Kleiverud,VKT:Line:30,Kleiverud-Holmestrand,30,bus,VKT:ServiceJourney:14872,True,actual,False,,,,,2026-09-07T20:27:16.249662+02:00
NSR:StopPlace:461,Lundamo stasjon,2026-09-07T17:40:00+02:00,2026-09-07T17:40:51+02:00,2026-09-07T17:40:51+02:00,51.0,1,Trondheim S,SJN:Line:25,Rørosbanen,R60,rail,SJN:ServiceJourney:2385_30335-R,True,actual,False,,,,,2026-09-07T20:27:16.249662+02:00
NSR:StopPlace:62338,Fossum stasjon,2026-09-07T18:42:00+02:00,2026-09-07T18:42:51+02:00,2026-09-07T18:42:51+02:00,51.0,1,Blaker ring,RUT:Line:2370,Sørumsand - Blaker - Sørumsand,370B,bus,RUT:ServiceJourney:7765135d87f75481858ad9148eb6d129,True,actual,False,,,,,2026-09-07T20:27:16.249662+02:00
NSR:StopPlace:62392,Slependen stasjon,2026-09-07T19:19:00+02:00,2026-09-07T19:19:51+02:00,2026-09-07T19:19:51+02:00,51.0,1,Asker,VYG:Line:L1,Spikkestad-Oslo S-Lillestrøm,L1,rail,VYG:ServiceJourney:2155_443564-R,True,actual,False,,,,,2026-09-07T20:27:16.249662+02:00
NSR:StopPlace:59983,Bergen stasjon,2026-09-07T15:27:00+02:00,2026-09-07T15:27:51+02:00,2026-09-07T15:27:51+02:00,51.0,1,Arna,VYG:Line:L4,Bergen-Arna,L4,rail,VYG:ServiceJourney:2642_443857-R,True,actual,False,,,,,2026-09-07T15:44:36.205822+02:00
NSR:StopPlace:58964,Kløfta stasjon,2026-09-07T14:49:00+02:00,2026-09-07T14:49:51+02:00,2026-09-07T14:49:51+02:00,51.0,1,Herbergåsen,RUT:Line:460,Herbergåsen - Kløfta,460,bus,RUT:ServiceJourney:332b756d976a6085b5f4015701f4fba7,True,actual,False,,,,,2026-09-07T15:44:36.205822+02:00
NSR:StopPlace:58930,Larvik stasjon,2026-09-07T13:50:00+02:00,2026-09-07T13:50:51+02:00,2026-09-07T13:50:51+02:00,51.0,1,Larvik-Sandefjord,VKT:Line:4,Torp-Sandefjord-Larvik-Stavern,4,bus,VKT:ServiceJourney:17703,True,actual,False,,,,,2026-09-07T15:44:36.205822+02:00
NSR:StopPlace:58947,Steinkjer stasjon,2026-09-07T15:10:00+02:00,2026-09-07T15:10:51+02:00,2026-09-07T15:10:51+02:00,51.0,1,Straumen,ATB:Line:2_722,Straumen - Steinkjer,722,bus,ATB:ServiceJourney:722_260106098640636_9,True,actual,False,,,,,2026-09-07T15:44:36.205822+02:00
NSR:StopPlace:58790,Verdal stasjon,2026-09-07T15:00:00+02:00,2026-09-07T15:00:51+02:00,2026-09-07T15:00:51+02:00,51.0,1,Ler,SJN:Line:26,Trønderbanen,R70,rail,SJN:ServiceJourney:440_56069-R,True,actual,False,,,,,2026-09-07T15:44:36.205822+02:00
NSR:StopPlace:58866,Vevelstad stasjon,2026-09-07T14:23:00+02:00,2026-09-07T14:23:51+02:00,2026-09-07T14:23:51+02:00,51.0,1,Drøbak - Seiersten,RUT:Line:510,Bøleråsen - Ski - Ås - Drøbak,510,bus,RUT:ServiceJourney:e03e75af1e31a61966f5569646f9093d,True,actual,False,,,,,2026-09-07T15:44:36.205822+02:00
NSR:StopPlace:58868,Årnes stasjon,2026-09-07T14:04:00+02:00,2026-09-07T14:04:51+02:00,2026-09-07T14:04:51+02:00,51.0,1,Oslo lufthavn,RUT:Line:450,Årnes - Oslo lufthavn,450,bus,RUT:ServiceJourney:eedfe632a2d12ddd0cd47b0aa4c11408,True,actual,False,,,,,2026-09-07T15:44:36.205822+02:00
NSR:StopPlace:58805,Brumunddal stasjon,2026-09-07T15:40:00+02:00,2026-09-07T15:40:51+02:00,2026-09-07T15:40:51+02:00,51.0,1,Næroset - Ellevsæterhøgda,INN:Line:634,Brumunddal-Arneberg-Brumunddal,634,bus,INN:ServiceJourney:83279,True,actual,False,,,,,2026-09-07T15:44:36.205822+02:00
NSR:StopPlace:708,Stange stasjon,2026-09-07T14:20:00+02:00,2026-09-07T14:20:51+02:00,2026-09-07T14:20:51+02:00,51.0,1,Drammen,VYG:Line:RE10,Drammen-Oslo S-Lillehammer,RE10,rail,VYG:ServiceJourney:320-LHM_444196-R,True,actual,False,,,,,2026-09-07T15:44:36.205822+02:00
NSR:StopPlace:610,Sandvika stasjon,2026-09-07T13:25:00+02:00,2026-09-07T13:25:51+02:00,2026-09-07T13:25:51+02:00,51.0,1,Dal,VYG:Line:R13,Drammen-Oslo S-Dal,R13,rail,VYG:ServiceJourney:1635_481152-R,True,actual,False,,,,,2026-09-07T15:44:36.205822+02:00
NSR:StopPlace:61979,Hellvik stasjon,2026-09-07T14:28:00+02:00,2026-09-07T14:28:51+02:00,2026-09-07T14:28:51+02:00,51.0,1,Egersund,GOA:Line:59,Jærbanen,L5,rail,GOA:ServiceJourney:3038_63076-R,True,actual,False,,,,,2026-09-07T15:44:36.205822+02:00
NSR:StopPlace:61466,Vakås stasjon,2026-09-07T06:38:00+02:00,2026-09-07T06:38:51+02:00,2026-09-07T06:38:51+02:00,51.0,1,Lillestrøm,VYG:Line:L1,Spikkestad-Oslo S-Lillestrøm,L1,rail,VYG:ServiceJourney:2210_443601-R,True,actual,False,Færre vogner,Denne avgangen kjører dessverre med 4 vogner i stedet for 8 vogner. Dette skyldes at vi mangler et togsett.,general,normal,2026-09-07T08:42:24.659182+02:00
NSR:StopPlace:61326,Gulskogen stasjon,2026-09-07T07:47:00+02:00,2026-09-07T07:47:51+02:00,2026-09-07T07:47:51+02:00,51.0,1,Kongsberg,VYG:Line:R12,Kongsberg-Oslo S-Eidsvoll,R12,rail,VYG:ServiceJourney:505_444298-R,True,actual,False,,,,,2026-09-07T08:42:24.659182+02:00
NSR:StopPlace:61735,Hell stasjon,2026-09-07T07:03:00+02:00,2026-09-07T07:03:51+02:00,2026-09-07T07:03:51+02:00,51.0,1,Melhus skysstasjon,SJN:Line:26,Trønderbanen,R70,rail,SJN:ServiceJourney:422-STK_56051-R,True,actual,False,,,,,2026-09-07T08:42:24.659182+02:00
NSR:StopPlace:59648,Kjelsås stasjon,2026-09-07T06:50:00+02:00,2026-09-07T06:50:51+02:00,2026-09-07T06:50:51+02:00,51.0,1,Nydalen,VYG:Line:R31,Skøyen-Jaren-Gjøvik,R31,rail,VYG:ServiceJourney:BUS-242_655546-R,True,actual,False,,,,,2026-09-07T08:42:24.659182+02:00
NSR:StopPlace:59643,Grefsen stasjon,2026-09-07T06:46:00+02:00,2026-09-07T06:46:51+02:00,2026-09-07T06:46:51+02:00,51.0,1,Gaustadalléen,RUT:Line:18,Grefsen st [4311] - Rikshospitalet,18,tram,RUT:ServiceJourney:124c9e7b96d0576b73bcc7c699973a02,True,actual,False,,,,,2026-09-07T08:42:24.659182+02:00
NSR:StopPlace:59643,Grefsen stasjon,2026-09-07T07:13:00+02:00,2026-09-07T07:13:51+02:00,2026-09-07T07:13:51+02:00,51.0,1,Lysaker,RUT:Line:23,Lysaker - Simensbråten,23,bus,RUT:ServiceJourney:c1b06123265798a7cfe46fceb541a244,True,actual,False,,,,,2026-09-07T08:42:24.659182+02:00
NSR:StopPlace:59958,Voss stasjon,2026-09-07T07:20:00+02:00,2026-09-07T07:20:51+02:00,2026-09-07T07:20:51+02:00,51.0,1,Fenno,SKY:Line:955,Voss - Fenno,955,bus,SKY:ServiceJourney:955-205165-18016683,True,actual,False,,,,,2026-09-07T08:42:24.659182+02:00
NSR:StopPlace:59243,Mo i Rana stasjon,2026-09-07T08:23:00+02:00,2026-09-07T08:23:51+02:00,2026-09-07T08:23:51+02:00,51.0,1,Grubbåsen,NOR:Line:12_8371,Grubbåsen - Båsmobakken/Skillevollen,1,bus,NOR:ServiceJourney:8371_251012124858560_2007,True,actual,False,,,,,2026-09-07T08:42:24.659182+02:00
NSR:StopPlace:59261,Trondheim lufthavn,2026-09-07T06:55:00+02:00,2026-09-07T06:55:51+02:00,2026-09-07T06:55:51+02:00,51.0,1,St. Olavs h. via Geving,ATB:Line:2_430,Trondheim - Stjørdal - Selbu - (Tydal),430,bus,ATB:ServiceJourney:430_260106098640419_1,True,actual,False,,,,,2026-09-07T08:42:24.659182+02:00
NSR:StopPlace:58963,Jessheim stasjon,2026-09-07T06:07:00+02:00,2026-09-07T06:07:51+02:00,2026-09-07T06:07:51+02:00,51.0,1,Drammen,VYG:Line:R13,Drammen-Oslo S-Dal,R13,rail,VYG:ServiceJourney:1606_443223-R,True,actual,False,Færre vogner,Denne avgangen kjører dessverre med 5 vogner i stedet for 10 vogner. Dette skyldes at vi mangler et togsett.,general,normal,2026-09-07T08:42:24.659182+02:00
NSR:StopPlace:58964,Kløfta stasjon,2026-09-07T06:49:00+02:00,2026-09-07T06:49:51+02:00,2026-09-07T06:49:51+02:00,51.0,1,Herbergåsen,RUT:Line:460,Herbergåsen - Kløfta,460,bus,RUT:ServiceJourney:ff27741a130beb00b53b15cc07847950,True,actual,False,,,,,2026-09-07T08:42:24.659182+02:00
NSR:StopPlace:58925,Gausel stasjon,2026-09-07T06:17:00+02:00,2026-09-07T06:17:51+02:00,2026-09-07T06:17:51+02:00,51.0,1,Stavanger,KOL:Line:8_1001,1,1,bus,KOL:ServiceJourney:1001_251008118371324_2005,True,actual,False,,,,,2026-09-07T08:42:24.659182+02:00
NSR:StopPlace:58793,Askim stasjon,2026-09-07T07:31:00+02:00,2026-09-07T07:31:51+02:00,2026-09-07T07:31:51+02:00,51.0,1,Askim vgs.,OST:Line:1_410,Elvestad-Svikebøl,410,bus,OST:ServiceJourney:410_260327065875404_3,True,actual,False,,,,,2026-09-07T08:42:24.659182+02:00
NSR:StopPlace:58834,Hokksund stasjon,2026-09-07T06:50:00+02:00,2026-09-07T06:50:51+02:00,2026-09-07T06:50:51+02:00,51.0,1,Røren - Vestfossen - Darbu,BRA:Line:4_6118,Hokksund - Røren - Darbu,118,bus,BRA:ServiceJourney:6118_260415100159029_1001,True,actual,False,,,,,2026-09-07T08:42:24.659182+02:00
NSR:StopPlace:58836,Mjøndalen stasjon,2026-09-07T06:21:00+02:00,2026-09-07T06:21:51+02:00,2026-09-07T06:21:51+02:00,51.0,1,Drammen sykehus,BRA:Line:4_6001,Drammen sykehus Brakerøya - Sørensvingen / Mjøndalen,1,bus,BRA:ServiceJourney:6001_260415100161790_1014,True,actual,False,,,,,2026-09-07T08:42:24.659182+02:00
NSR:StopPlace:58856,Lysaker stasjon,2026-09-07T06:00:00+02:00,2026-09-07T06:00:51+02:00,2026-09-07T06:00:51+02:00,51.0,1,Tjuvholmen,RUT:Line:42,Voksen skog - Tjuvholmen,42,bus,RUT:ServiceJourney:267290cd6c463ba8a5cc53715adfa90a,True,actual,False,,,,,2026-09-07T08:42:24.659182+02:00
NSR:StopPlace:58868,Årnes stasjon,2026-09-07T06:34:00+02:00,2026-09-07T06:34:51+02:00,2026-09-07T06:34:51+02:00,51.0,1,Oslo lufthavn,RUT:Line:450,Årnes - Oslo lufthavn,450,bus,RUT:ServiceJourney:4c1a7802de236dd8cfc9126d8e77fa2f,True,actual,False,,,,,2026-09-07T08:42:24.659182+02:00
NSR:StopPlace:58862,Strømmen stasjon,2026-09-07T07:06:00+02:00,2026-09-07T07:06:51+02:00,2026-09-07T07:06:51+02:00,51.0,1,Nittedal,RUT:Line:385,Nittedal stasjon - Olavsgaard - Ahus,385,bus,RUT:ServiceJourney:243ebec7ff98abf68d85fa8ad9ea4298,True,actual,False,,,,,2026-09-07T08:42:24.659182+02:00
NSR:StopPlace:58874,Stokke stasjon,2026-09-07T07:02:00+02:00,2026-09-07T07:02:51+02:00,2026-09-07T07:02:51+02:00,51.0,1,Re vgs,VKT:Line:1604,Stokke-Bjelland-Re vgs,1604,bus,VKT:ServiceJourney:14608,True,actual,False,,,,,2026-09-07T08:42:24.659182+02:00
NSR:StopPlace:58870,Holmestrand stasjon,2026-09-07T07:45:00+02:00,2026-09-07T07:45:51+02:00,2026-09-07T07:45:51+02:00,51.0,1,Horten vgs,VKT:Line:1900,Holmestrand-Nykirke-Horten,1900,bus,VKT:ServiceJourney:14707,True,actual,False,,,,,2026-09-07T08:42:24.659182+02:00
NSR:StopPlace:58810,Løten stasjon,2026-09-07T06:06:00+02:00,2026-09-07T06:06:51+02:00,2026-09-07T06:06:51+02:00,51.0,1,Hamar,INN:Line:26,Brumunddal - Hamar - Løten,B26,bus,INN:ServiceJourney:54030,True,actual,False,,,,,2026-09-07T08:42:24.659182+02:00
NSR:StopPlace:58811,Moelv stasjon,2026-09-07T08:35:00+02:00,2026-09-07T08:35:51+02:00,2026-09-07T08:35:51+02:00,51.0,1,Brumunddal,INN:Line:605,Gjøvik - Moelv - Brumunddal,605,bus,INN:ServiceJourney:82983,True,actual,False,,,,,2026-09-07T08:42:24.659182+02:00
NSR:StopPlace:610,Sandvika stasjon,2026-09-07T06:02:00+02:00,2026-09-07T06:02:51+02:00,2026-09-07T06:02:51+02:00,51.0,1,Lillestrøm,VYG:Line:L1,Spikkestad-Oslo S-Lillestrøm,L1,rail,VYG:ServiceJourney:2106_443510-R,True,actual,False,,,,,2026-09-07T08:42:24.659182+02:00
NSR:StopPlace:610,Sandvika stasjon,2026-09-07T07:15:00+02:00,2026-09-07T07:15:51+02:00,2026-09-07T07:15:51+02:00,51.0,1,Lillehammer,VYG:Line:RE10,Drammen-Oslo S-Lillehammer,RE10,rail,VYG:ServiceJourney:307-SUD_444139-R,True,actual,False,,,,,2026-09-07T08:42:24.659182+02:00
NSR:StopPlace:62310,Brusand stasjon,2026-09-07T07:47:00+02:00,2026-09-07T07:47:51+02:00,2026-09-07T07:47:51+02:00,51.0,1,Egersund,GOA:Line:59,Jærbanen,L5,rail,GOA:ServiceJourney:3012_63044-R,True,actual,False,,,,,2026-09-07T08:42:24.659182+02:00
NSR:StopPlace:58404,Nationaltheatret,2026-09-07T03:21:00+02:00,2026-09-07T03:21:51+02:00,2026-09-07T03:21:51+02:00,51.0,1,Nydalen T,RUT:Line:37,Nydalen T - Helsfyr,37,bus,RUT:ServiceJourney:e5a316bb2a92a31625c794d3479128eb,True,actual,False,,,,,2026-09-07T03:30:22.110925+02:00
NSR:StopPlace:58805,Brumunddal stasjon,2026-09-08T01:50:30+02:00,2026-09-08T01:51:20+02:00,2026-09-08T01:51:20+02:00,50.0,1,Eidsvoll,VYG:Line:RE11,Eidsvoll-Oslo S-Skien,RE11,rail,VYG:ServiceJourney:838-341_515579-R,True,actual,False,,,,,2026-09-08T03:39:50.209703+02:00
NSR:StopPlace:58821,Hjerkinn stasjon,2026-09-08T01:48:00+02:00,2026-09-08T01:48:50+02:00,2026-09-08T01:48:50+02:00,50.0,1,Oslo S,SJN:Line:21,Dovrebanen,F6,rail,SJN:ServiceJourney:406-TND_30133-R,True,actual,False,,,,,2026-09-08T03:39:50.209703+02:00
NSR:StopPlace:61463,Nordstrand stasjon,2026-09-08T00:07:00+02:00,2026-09-08T00:07:50+02:00,2026-09-08T00:07:50+02:00,50.0,1,Ski,VYG:Line:L2,Stabekk-Oslo S-Ski,L2,rail,VYG:ServiceJourney:2875-BES_488401-R,True,actual,False,,,,,2026-09-08T00:20:52.129880+02:00
NSR:StopPlace:61326,Gulskogen stasjon,2026-09-07T22:47:00+02:00,2026-09-07T22:47:50+02:00,2026-09-07T22:47:50+02:00,50.0,1,Kongsberg,VYG:Line:R12,Kongsberg-Oslo S-Eidsvoll,R12,rail,VYG:ServiceJourney:535_444345-R,True,actual,False,,,,,2026-09-08T00:20:52.129880+02:00
NSR:StopPlace:59643,Grefsen stasjon,2026-09-07T22:31:00+02:00,2026-09-07T22:31:50+02:00,2026-09-07T22:31:50+02:00,50.0,1,Gaustadalléen,RUT:Line:18,Grefsen st [4311] - Rikshospitalet,18,tram,RUT:ServiceJourney:8cd409195f34ef4a7fe43b8db067b850,True,actual,False,,,,,2026-09-08T00:20:52.129880+02:00
NSR:StopPlace:58797,Mysen stasjon,2026-09-07T22:59:00+02:00,2026-09-07T22:59:50+02:00,2026-09-07T22:59:50+02:00,50.0,1,Rakkestad,VYG:Line:R22,Skøyen-Oslo S-Mysen-Rakkestad,R22,rail,VYG:ServiceJourney:1935_443489-R,True,actual,False,,,,,2026-09-08T00:20:52.129880+02:00
NSR:StopPlace:58838,Røyken stasjon,2026-09-07T22:45:00+02:00,2026-09-07T22:45:50+02:00,2026-09-07T22:45:50+02:00,50.0,1,Asker,RUT:Line:260,Hyggen - Bråset -Slemmestad (- Asker),260,bus,RUT:ServiceJourney:63df4c01b563e4257257fbdacc2e270c,True,actual,False,,,,,2026-09-08T00:20:52.129880+02:00
NSR:StopPlace:58854,Langhus stasjon,2026-09-07T22:12:00+02:00,2026-09-07T22:12:50+02:00,2026-09-07T22:12:50+02:00,50.0,1,Stabekk,VYG:Line:L2,Stabekk-Oslo S-Ski,L2,rail,VYG:ServiceJourney:2774-SKI_443996-R,True,actual,False,,,,,2026-09-08T00:20:52.129880+02:00
NSR:StopPlace:58802,Spydeberg stasjon,2026-09-07T23:36:00+02:00,2026-09-07T23:36:50+02:00,2026-09-07T23:36:50+02:00,50.0,1,Rakkestad,VYG:Line:R22,Skøyen-Oslo S-Mysen-Rakkestad,R22,rail,VYG:ServiceJourney:1937_443491-R,True,actual,False,,,,,2026-09-08T00:20:52.129880+02:00
NSR:StopPlace:58811,Moelv stasjon,2026-09-07T22:32:00+02:00,2026-09-07T22:32:50+02:00,2026-09-07T22:32:50+02:00,50.0,1,Gjøvik,INN:Line:100,Hamar - Gjøvik,100,bus,INN:ServiceJourney:83470,True,actual,False,,,,,2026-09-08T00:20:52.129880+02:00
NSR:StopPlace:101,Sagdalen stasjon,2026-09-07T22:13:00+02:00,2026-09-07T22:13:50+02:00,2026-09-07T22:13:50+02:00,50.0,1,Spikkestad,VYG:Line:L1,Spikkestad-Oslo S-Lillestrøm,L1,rail,VYG:ServiceJourney:2271_443704-R,True,actual,False,,,,,2026-09-08T00:20:52.129880+02:00
NSR:StopPlace:8,Paradis stasjon,2026-09-07T18:41:00+02:00,2026-09-07T18:41:50+02:00,2026-09-07T18:41:50+02:00,50.0,1,Skeiane,GOA:Line:59,Jærbanen,L5,rail,GOA:ServiceJourney:3156_63201-R,True,actual,False,,,,,2026-09-07T20:27:16.249662+02:00
NSR:StopPlace:60640,Heimdal stasjon,2026-09-07T17:20:00+02:00,2026-09-07T17:20:50+02:00,2026-09-07T17:20:50+02:00,50.0,1,Ranheim via Tiller-sentrum,ATB:Line:2_1,Ranheim - Strindheim - sentrum - Tiller - Heimdal - Kattem,1,bus,ATB:ServiceJourney:1_251215112546079_193,True,actual,False,,,,,2026-09-07T20:27:16.249662+02:00
NSR:StopPlace:60736,Spikkestad stasjon,2026-09-07T19:46:00+02:00,2026-09-07T19:46:50+02:00,2026-09-07T19:46:50+02:00,50.0,1,Lillestrøm,VYG:Line:L1,Spikkestad-Oslo S-Lillestrøm,L1,rail,VYG:ServiceJourney:2264_445363-R,True,actual,False,,,,,2026-09-07T20:27:16.249662+02:00
NSR:StopPlace:59639,Sonsveien stasjon,2026-09-07T18:51:00+02:00,2026-09-07T18:51:50+02:00,2026-09-07T18:51:50+02:00,50.0,1,Moss,VYG:Line:R21,Stabekk-Oslo S-Moss,R21,rail,VYG:ServiceJourney:1153-HVK_443036-R,True,actual,False,,,,,2026-09-07T20:27:16.249662+02:00
NSR:StopPlace:58921,Vennesla stasjon,2026-09-07T17:47:00+02:00,2026-09-07T17:47:50+02:00,2026-09-07T17:47:50+02:00,50.0,1,Kristiansand,AKT:Line:31,Kvadraturen - Sødal - Vennesla,31,bus,AKT:ServiceJourney:79694_242_50_126360_128760_3950001,True,actual,False,,,,,2026-09-07T20:27:16.249662+02:00
NSR:StopPlace:58947,Steinkjer stasjon,2026-09-07T17:32:00+02:00,2026-09-07T17:32:50+02:00,2026-09-07T17:32:50+02:00,50.0,1,Ler,SJN:Line:26,Trønderbanen,R70,rail,SJN:ServiceJourney:446_56075-R,True,actual,False,,,,,2026-09-07T20:27:16.249662+02:00
NSR:StopPlace:58798,Rakkestad stasjon,2026-09-07T17:43:00+02:00,2026-09-07T17:43:50+02:00,2026-09-07T17:43:50+02:00,50.0,1,Oslo S,VYG:Line:R22,Skøyen-Oslo S-Mysen-Rakkestad,R22,rail,VYG:ServiceJourney:1930-RST_443484-R,True,actual,False,,,,,2026-09-07T20:27:16.249662+02:00
NSR:StopPlace:58836,Mjøndalen stasjon,2026-09-07T18:12:00+02:00,2026-09-07T18:12:50+02:00,2026-09-07T18:12:50+02:00,50.0,1,Drammen,BRA:Line:4_6101,Drammen-Vikersund/Hønefoss,101,bus,BRA:ServiceJourney:6101_260415100161314_1050,True,actual,False,,,,,2026-09-07T20:27:16.249662+02:00
NSR:StopPlace:58836,Mjøndalen stasjon,2026-09-07T18:42:00+02:00,2026-09-07T18:42:50+02:00,2026-09-07T18:42:50+02:00,50.0,1,Drammen,BRA:Line:4_6101,Drammen-Vikersund/Hønefoss,101,bus,BRA:ServiceJourney:6101_260415100161283_1056,True,actual,False,,,,,2026-09-07T20:27:16.249662+02:00
NSR:StopPlace:58858,Nittedal stasjon,2026-09-07T17:19:00+02:00,2026-09-07T17:19:50+02:00,2026-09-07T17:19:50+02:00,50.0,1,Oslo S,VYG:Line:R31,Skøyen-Jaren-Gjøvik,R31,rail,VYG:ServiceJourney:BUS-290_655649-R,True,actual,False,,,,,2026-09-07T20:27:16.249662+02:00
NSR:StopPlace:58865,Vestby stasjon,2026-09-07T19:50:00+02:00,2026-09-07T19:50:50+02:00,2026-09-07T19:50:50+02:00,50.0,1,Grønberg,RUT:Line:530,Pepperstad - Vestby stasjon,530,bus,RUT:ServiceJourney:098457d7cb43555b54af20d2519f1fe5,True,actual,False,,,,,2026-09-07T20:27:16.249662+02:00
NSR:StopPlace:58868,Årnes stasjon,2026-09-07T17:19:00+02:00,2026-09-07T17:19:50+02:00,2026-09-07T17:19:50+02:00,50.0,1,Aktivitetsvegen,RUT:Line:450,Årnes - Oslo lufthavn,450,bus,RUT:ServiceJourney:ea8870a6ac18636547feee97470501a5,True,actual,False,,,,,2026-09-07T20:27:16.249662+02:00
NSR:StopPlace:58868,Årnes stasjon,2026-09-07T17:36:00+02:00,2026-09-07T17:36:50+02:00,2026-09-07T17:36:50+02:00,50.0,1,Dysterud,RUT:Line:451,Dysterud - Årnes,451,bus,RUT:ServiceJourney:75509995f9f65194be6fcf400a9aa508,True,actual,False,,,,,2026-09-07T20:27:16.249662+02:00
NSR:StopPlace:58874,Stokke stasjon,2026-09-07T17:22:00+02:00,2026-09-07T17:22:50+02:00,2026-09-07T17:22:50+02:00,50.0,1,Tønsberg,VKT:Line:520,Tønsberg-Stokke,520,bus,VKT:ServiceJourney:17322,True,actual,False,,,,,2026-09-07T20:27:16.249662+02:00
NSR:StopPlace:58872,Sandefjord stasjon,2026-09-07T20:18:00+02:00,2026-09-07T20:18:50+02:00,2026-09-07T20:18:50+02:00,50.0,1,Skien,VYG:Line:RE11,Eidsvoll-Oslo S-Skien,RE11,rail,VYG:ServiceJourney:829_444409-R,True,actual,False,,,,,2026-09-07T20:27:16.249662+02:00
NSR:StopPlace:58822,Opphus stasjon,2026-09-07T17:14:00+02:00,2026-09-07T17:14:50+02:00,2026-09-07T17:14:50+02:00,50.0,1,Trondheim S,SJN:Line:25,Rørosbanen,R60,rail,SJN:ServiceJourney:2389_47883-R,True,actual,False,,,,,2026-09-07T20:27:16.249662+02:00
NSR:StopPlace:398,Arna stasjon,2026-09-07T20:12:00+02:00,2026-09-07T20:12:50+02:00,2026-09-07T20:12:50+02:00,50.0,1,Bergen,VYG:Line:L4,Bergen-Arna,L4,rail,VYG:ServiceJourney:2661_443876-R,True,actual,False,,,,,2026-09-07T20:27:16.249662+02:00
NSR:StopPlace:206,Mariero stasjon,2026-09-07T18:14:00+02:00,2026-09-07T18:14:50+02:00,2026-09-07T18:14:50+02:00,50.0,1,Skeiane,GOA:Line:59,Jærbanen,L5,rail,GOA:ServiceJourney:3154_63199-R,True,actual,False,,,,,2026-09-07T20:27:16.249662+02:00
NSR:StopPlace:708,Stange stasjon,2026-09-07T18:22:00+02:00,2026-09-07T18:22:50+02:00,2026-09-07T18:22:50+02:00,50.0,1,Drammen,VYG:Line:RE10,Drammen-Oslo S-Lillehammer,RE10,rail,VYG:ServiceJourney:328-LHM_444225-R,True,actual,False,,,,,2026-09-07T20:27:16.249662+02:00
NSR:StopPlace:708,Stange stasjon,2026-09-07T18:39:00+02:00,2026-09-07T18:39:50+02:00,2026-09-07T18:39:50+02:00,50.0,1,Lillehammer,VYG:Line:RE10,Drammen-Oslo S-Lillehammer,RE10,rail,VYG:ServiceJourney:327-SUD_444222-R,True,actual,False,,,,,2026-09-07T20:27:16.249662+02:00
NSR:StopPlace:8,Paradis stasjon,2026-09-07T13:55:00+02:00,2026-09-07T13:55:50+02:00,2026-09-07T13:55:50+02:00,50.0,1,Egersund,GOA:Line:59,Jærbanen,L5,rail,GOA:ServiceJourney:3040_63080-R,True,actual,False,,,,,2026-09-07T15:44:36.205822+02:00
NSR:StopPlace:59261,Trondheim lufthavn,2026-09-07T13:53:00+02:00,2026-09-07T13:53:50+02:00,2026-09-07T13:53:50+02:00,50.0,1,Steinkjer,SJN:Line:26,Trønderbanen,R70,rail,SJN:ServiceJourney:437_56066-R,True,actual,False,,,,,2026-09-07T15:44:36.205822+02:00
NSR:StopPlace:58918,Nodeland stasjon,2026-09-07T15:35:00+02:00,2026-09-07T15:35:50+02:00,2026-09-07T15:35:50+02:00,50.0,1,Kristiansand,AKT:Line:1046,Kristiansand - Finsland,46,bus,AKT:ServiceJourney:78721_122_60_108600_111660_3950001,True,actual,False,,,,,2026-09-07T15:44:36.205822+02:00
NSR:StopPlace:58871,Sande stasjon,2026-09-07T15:10:00+02:00,2026-09-07T15:10:50+02:00,2026-09-07T15:10:50+02:00,50.0,1,Klevjerhagen-Kjeldås,VKT:Line:220,Kjeldås-Sande,220,bus,VKT:ServiceJourney:15076,True,actual,False,,,,,2026-09-07T15:44:36.205822+02:00
NSR:StopPlace:58886,Arendal stasjon,2026-09-07T14:27:00+02:00,2026-09-07T14:27:50+02:00,2026-09-07T14:27:50+02:00,50.0,1,Solåsen,AKT:Line:111,Sykehuset-Arendal-Solåsen,111,bus,AKT:ServiceJourney:73597_171_33_102840_104940_40001010,True,actual,False,,,,,2026-09-07T15:44:36.205822+02:00
NSR:StopPlace:58805,Brumunddal stasjon,2026-09-07T14:15:00+02:00,2026-09-07T14:15:50+02:00,2026-09-07T14:15:50+02:00,50.0,1,Nybygda,INN:Line:635,Brumunddal-Nybygda-Brumunddal,635,bus,INN:ServiceJourney:83284,True,actual,False,,,,,2026-09-07T15:44:36.205822+02:00
NSR:StopPlace:62379,Bergsgrav stasjon,2026-09-07T13:04:00+02:00,2026-09-07T13:04:50+02:00,2026-09-07T13:04:50+02:00,50.0,1,Melhus skysstasjon,SJN:Line:26,Trønderbanen,R70,rail,SJN:ServiceJourney:436-STK_56065-R,True,actual,False,,,,,2026-09-07T15:44:36.205822+02:00
NSR:StopPlace:61169,Marienborg stasjon,2026-09-07T06:06:00+02:00,2026-09-07T06:06:50+02:00,2026-09-07T06:06:50+02:00,50.0,1,Steinkjer,SJN:Line:26,Trønderbanen,R70,rail,SJN:ServiceJourney:423_56052-R,True,actual,False,,,,,2026-09-07T08:42:24.659182+02:00
NSR:StopPlace:61466,Vakås stasjon,2026-09-07T06:57:00+02:00,2026-09-07T06:57:50+02:00,2026-09-07T06:57:50+02:00,50.0,1,Asker,VYG:Line:L1,Spikkestad-Oslo S-Lillestrøm,L1,rail,VYG:ServiceJourney:2105_443509-R,True,actual,False,,,,,2026-09-07T08:42:24.659182+02:00
NSR:StopPlace:61897,Bryn stasjon,2026-09-07T06:45:00+02:00,2026-09-07T06:45:50+02:00,2026-09-07T06:45:50+02:00,50.0,1,Lillestrøm,VYG:Line:L1,Spikkestad-Oslo S-Lillestrøm,L1,rail,VYG:ServiceJourney:2208_764738-R,True,actual,False,Færre vogner,Denne avgangen kjører dessverre med 4 vogner i stedet for 8 vogner. Dette skyldes at vi mangler et togsett.,general,normal,2026-09-07T08:42:24.659182+02:00
NSR:StopPlace:60271,Varhaug stasjon,2026-09-07T06:33:00+02:00,2026-09-07T06:33:50+02:00,2026-09-07T06:33:50+02:00,50.0,1,Egersund,GOA:Line:59,Jærbanen,L5,rail,GOA:ServiceJourney:3008_63040-R,True,actual,False,,,,,2026-09-07T08:42:24.659182+02:00
NSR:StopPlace:59635,Hauketo stasjon,2026-09-07T06:28:00+02:00,2026-09-07T06:28:50+02:00,2026-09-07T06:28:50+02:00,50.0,1,Fornebu,RUT:Line:81,Fornebu - Myrvoll stasjon,81,bus,RUT:ServiceJourney:a7c888e19bdc2141b40861133569bdee,True,actual,False,,,,,2026-09-07T08:42:24.659182+02:00
NSR:StopPlace:59639,Sonsveien stasjon,2026-09-07T06:42:00+02:00,2026-09-07T06:42:50+02:00,2026-09-07T06:42:50+02:00,50.0,1,Vestby stasjon,RUT:Line:540,Moss - Son - Vestby stasjon,540,bus,RUT:ServiceJourney:a32c0b4e8ff57d52e5487151aa7be6d0,True,actual,False,,,,,2026-09-07T08:42:24.659182+02:00
NSR:StopPlace:58916,Charlottenberg station,2026-09-07T08:30:00+02:00,2026-09-07T08:30:50+02:00,2026-09-07T08:30:50+02:00,50.0,1,Kongsvinger,INN:Line:120,Kongsvinger - Charlottenberg,120,bus,INN:ServiceJourney:54605,True,actual,False,,,,,2026-09-07T08:42:24.659182+02:00
NSR:StopPlace:58921,Vennesla stasjon,2026-09-07T05:57:00+02:00,2026-09-07T05:57:50+02:00,2026-09-07T05:57:50+02:00,50.0,1,Vennesla - Grovane st. via Moseidmoen,AKT:Line:30,Kvadraturen - Mosby - Vennesl,30,bus,AKT:ServiceJourney:79381_41_49_39600_42060_40001566,True,actual,False,,,,,2026-09-07T08:42:24.659182+02:00
NSR:StopPlace:58797,Mysen stasjon,2026-09-07T06:54:00+02:00,2026-09-07T06:54:50+02:00,2026-09-07T06:54:50+02:00,50.0,1,Rakkestad,VYG:Line:R22,Skøyen-Oslo S-Mysen-Rakkestad,R22,rail,VYG:ServiceJourney:1903_443437-R,True,actual,False,,,,,2026-09-07T08:42:24.659182+02:00
NSR:StopPlace:58797,Mysen stasjon,2026-09-07T07:28:00+02:00,2026-09-07T07:28:50+02:00,2026-09-07T07:28:50+02:00,50.0,1,Oslo S,VYG:Line:R22,Skøyen-Oslo S-Mysen-Rakkestad,R22,rail,VYG:ServiceJourney:1954_443500-R,True,actual,False,,,,,2026-09-07T08:42:24.659182+02:00
NSR:StopPlace:58834,Hokksund stasjon,2026-09-07T07:57:00+02:00,2026-09-07T07:57:50+02:00,2026-09-07T07:57:50+02:00,50.0,1,Drammen via Mjøndalen,BRA:Line:4_6101,Drammen-Vikersund/Hønefoss,101,bus,BRA:ServiceJourney:6101_260415100161330_1010,True,actual,False,,,,,2026-09-07T08:42:24.659182+02:00
NSR:StopPlace:58838,Røyken stasjon,2026-09-07T07:07:00+02:00,2026-09-07T07:07:50+02:00,2026-09-07T07:07:50+02:00,50.0,1,Drammen,RUT:Line:261,Drammen - Lahell - Røyken - Sætre,261,bus,RUT:ServiceJourney:4f25c4bff2e41986fe9f26bb836d4da6,True,actual,False,Fra 17/8 går linje 61-63-71-73-251-261 og skolebusser fra holdeplass ved Skutebrygga ut av byen.Les mer på brakar.no/trafikkmeldinger.,,general,normal,2026-09-07T08:42:24.659182+02:00
NSR:StopPlace:58845,Eidsvoll verk stasjon,2026-09-07T07:16:00+02:00,2026-09-07T07:16:50+02:00,2026-09-07T07:16:50+02:00,50.0,1,Jessheim,RUT:Line:430,Eidsvoll - Jessheim,430,bus,RUT:ServiceJourney:949140a546130ab2cf8439d2a7ad760f,True,actual,False,,,,,2026-09-07T08:42:24.659182+02:00
NSR:StopPlace:58859,Nordby stasjon,2026-09-07T06:53:00+02:00,2026-09-07T06:53:50+02:00,2026-09-07T06:53:50+02:00,50.0,1,Dal,VYG:Line:R13,Drammen-Oslo S-Dal,R13,rail,VYG:ServiceJourney:1605_443222-R,True,actual,False,,,,,2026-09-07T08:42:24.659182+02:00
NSR:StopPlace:58859,Nordby stasjon,2026-09-07T08:03:00+02:00,2026-09-07T08:03:50+02:00,2026-09-07T08:03:50+02:00,50.0,1,Drammen,VYG:Line:R13,Drammen-Oslo S-Dal,R13,rail,VYG:ServiceJourney:1614_481141-R,True,actual,False,,,,,2026-09-07T08:42:24.659182+02:00
NSR:StopPlace:58850,Hauerseter stasjon,2026-09-07T05:30:00+02:00,2026-09-07T05:30:50+02:00,2026-09-07T05:30:50+02:00,50.0,1,Drammen,VYG:Line:R13,Drammen-Oslo S-Dal,R13,rail,VYG:ServiceJourney:1604_443221-R,True,actual,False,,,,,2026-09-07T08:42:24.659182+02:00
NSR:StopPlace:58851,Heggedal stasjon,2026-09-07T07:29:00+02:00,2026-09-07T07:29:50+02:00,2026-09-07T07:29:50+02:00,50.0,1,Rustadgrenda,RUT:Line:286,Rustadgrenda-Heggedal,286,bus,RUT:ServiceJourney:f294ab0e23391e5bf44c38ce627abd66,True,actual,False,,,,,2026-09-07T08:42:24.659182+02:00
NSR:StopPlace:58869,Ås stasjon,2026-09-07T07:50:00+02:00,2026-09-07T07:50:50+02:00,2026-09-07T07:50:50+02:00,50.0,1,Dyster/Eldor,RUT:Line:536,Dyster/Eldor - Ås stasjon,536,bus,RUT:ServiceJourney:cbc7bd31f871539954d219b113806ea5,True,actual,False,,,,,2026-09-07T08:42:24.659182+02:00
NSR:StopPlace:58862,Strømmen stasjon,2026-09-07T06:51:00+02:00,2026-09-07T06:51:50+02:00,2026-09-07T06:51:50+02:00,50.0,1,Olavsgaard,RUT:Line:385,Nittedal stasjon - Olavsgaard - Ahus,385,bus,RUT:ServiceJourney:1c003f5431bf8adffe28b2921933a197,True,actual,False,,,,,2026-09-07T08:42:24.659182+02:00
NSR:StopPlace:58874,Stokke stasjon,2026-09-07T05:56:00+02:00,2026-09-07T05:56:50+02:00,2026-09-07T05:56:50+02:00,50.0,1,Eidsvoll,VYG:Line:RE11,Eidsvoll-Oslo S-Skien,RE11,rail,VYG:ServiceJourney:804_444384-R,True,actual,False,,,,,2026-09-07T08:42:24.659182+02:00
NSR:StopPlace:58810,Løten stasjon,2026-09-07T08:25:00+02:00,2026-09-07T08:25:50+02:00,2026-09-07T08:25:50+02:00,50.0,1,Røros,SJN:Line:25,Rørosbanen,R60,rail,SJN:ServiceJourney:2381_30117-R,True,actual,False,,,,,2026-09-07T08:42:24.659182+02:00
NSR:StopPlace:58816,Dombås stasjon,2026-09-07T05:23:00+02:00,2026-09-07T05:23:50+02:00,2026-09-07T05:23:50+02:00,50.0,1,Drammen,VYG:Line:RE10,Drammen-Oslo S-Lillehammer,RE10,rail,VYG:ServiceJourney:308-DOM_444144-R,True,actual,False,,,,,2026-09-07T08:42:24.659182+02:00
NSR:StopPlace:58822,Opphus stasjon,2026-09-07T06:39:00+02:00,2026-09-07T06:39:50+02:00,2026-09-07T06:39:50+02:00,50.0,1,Hamar,SJN:Line:25,Rørosbanen,R60,rail,SJN:ServiceJourney:2378_30115-R,True,actual,False,,,,,2026-09-07T08:42:24.659182+02:00
NSR:StopPlace:206,Mariero stasjon,2026-09-07T08:39:00+02:00,2026-09-07T08:39:50+02:00,2026-09-07T08:39:50+02:00,50.0,1,Stavanger,GOA:Line:59,Jærbanen,L5,rail,GOA:ServiceJourney:3115_63160-R,True,actual,False,,,,,2026-09-07T08:42:24.659182+02:00
NSR:StopPlace:610,Sandvika stasjon,2026-09-07T05:40:00+02:00,2026-09-07T05:40:50+02:00,2026-09-07T05:40:50+02:00,50.0,1,Oslo Lufthavn,FLT:Line:FLY1,FLY1,FLY1,rail,FLT:ServiceJourney:1-2614-3709-20260907,True,actual,False,,,,,2026-09-07T08:42:24.659182+02:00
NSR:StopPlace:62339,Lillestrøm stasjon,2026-09-07T07:06:00+02:00,2026-09-07T07:06:50+02:00,2026-09-07T07:06:50+02:00,50.0,1,Drammen,VYG:Line:R13,Drammen-Oslo S-Dal,R13,rail,VYG:ServiceJourney:1608_443225-R,True,actual,False,Heis i spor 1 og 2 er ute av bruk på grunn av vedlikehold.,Heis i spor 1 og 2 er ute av bruk på grunn av vedlikehold.,general,normal,2026-09-07T08:42:24.659182+02:00
NSR:StopPlace:62393,Billingstad stasjon,2026-09-07T06:52:00+02:00,2026-09-07T06:52:50+02:00,2026-09-07T06:52:50+02:00,50.0,1,Asker,VYG:Line:L1,Spikkestad-Oslo S-Lillestrøm,L1,rail,VYG:ServiceJourney:2105_443509-R,True,actual,False,,,,,2026-09-07T08:42:24.659182+02:00
NSR:StopPlace:62339,Lillestrøm stasjon,2026-09-08T00:40:00+02:00,2026-09-08T00:40:49+02:00,2026-09-08T00:40:49+02:00,49.0,1,Drammen,VYG:Line:L1,Spikkestad-Oslo S-Lillestrøm,L1,rail,VYG:ServiceJourney:2281_443719-R,True,actual,False,Heis i spor 1 og 2 er ute av bruk på grunn av vedlikehold.,Heis i spor 1 og 2 er ute av bruk på grunn av vedlikehold.,general,normal,2026-09-08T03:39:50.209703+02:00
NSR:StopPlace:61464,Hvalstad stasjon,2026-09-07T22:24:00+02:00,2026-09-07T22:24:49+02:00,2026-09-07T22:24:49+02:00,49.0,1,Lillestrøm,VYG:Line:L1,Spikkestad-Oslo S-Lillestrøm,L1,rail,VYG:ServiceJourney:2172_443583-R,True,actual,False,,,,,2026-09-08T00:20:52.129880+02:00
NSR:StopPlace:58861,Solbråtan stasjon,2026-09-08T00:15:00+02:00,2026-09-08T00:15:49+02:00,2026-09-08T00:15:49+02:00,49.0,1,Mastemyr,RUT:Line:83,Jernbanetorget - Tårnåsen,83,bus,RUT:ServiceJourney:5e2b1e59750443ff4bf1c20c3c13b499,True,actual,False,Linje 80E og 83 får Hausmanns bru som ny endeholdeplass fra 29. juni,"Bussene stopper ikke på Jernbanetorget etter 29. juni, men starter og stopper på Hausmanns bru i Nylandsveien.",incident,normal,2026-09-08T00:20:52.129880+02:00
NSR:StopPlace:117,Elverum stasjon,2026-09-07T20:37:00+02:00,2026-09-07T20:37:49+02:00,2026-09-07T20:37:49+02:00,49.0,1,Røros,SJN:Line:25,Rørosbanen,R60,rail,SJN:ServiceJourney:2393_37671-R,True,actual,False,,,,,2026-09-08T00:20:52.129880+02:00
NSR:StopPlace:62392,Slependen stasjon,2026-09-07T23:45:00+02:00,2026-09-07T23:45:49+02:00,2026-09-07T23:45:49+02:00,49.0,1,Lillestrøm,VYG:Line:L1,Spikkestad-Oslo S-Lillestrøm,L1,rail,VYG:ServiceJourney:2278_445378-R,True,actual,False,,,,,2026-09-08T00:20:52.129880+02:00
NSR:StopPlace:61466,Vakås stasjon,2026-09-07T19:11:00+02:00,2026-09-07T19:11:49+02:00,2026-09-07T19:11:49+02:00,49.0,1,Spikkestad,VYG:Line:L1,Spikkestad-Oslo S-Lillestrøm,L1,rail,VYG:ServiceJourney:2255_443677-R,True,actual,False,,,,,2026-09-07T20:27:16.249662+02:00
NSR:StopPlace:59659,Atna stasjon,2026-09-07T18:03:00+02:00,2026-09-07T18:03:49+02:00,2026-09-07T18:03:49+02:00,49.0,1,Trondheim S,SJN:Line:25,Rørosbanen,R60,rail,SJN:ServiceJourney:2389_47883-R,True,actual,False,,,,,2026-09-07T20:27:16.249662+02:00
NSR:StopPlace:59653,Haugenstua stasjon,2026-09-07T18:55:00+02:00,2026-09-07T18:55:49+02:00,2026-09-07T18:55:49+02:00,49.0,1,Spikkestad,VYG:Line:L1,Spikkestad-Oslo S-Lillestrøm,L1,rail,VYG:ServiceJourney:2257_443680-R,True,actual,False,,,,,2026-09-07T20:27:16.249662+02:00
NSR:StopPlace:59638,Myrvoll stasjon,2026-09-07T18:50:00+02:00,2026-09-07T18:50:49+02:00,2026-09-07T18:50:49+02:00,49.0,1,Filipstad,RUT:Line:81,Fornebu - Myrvoll stasjon,81,bus,RUT:ServiceJourney:0e58b2cd468925180d396e3572ac4ae4,True,actual,False,,,,,2026-09-07T20:27:16.249662+02:00
NSR:StopPlace:59639,Sonsveien stasjon,2026-09-07T18:04:00+02:00,2026-09-07T18:04:49+02:00,2026-09-07T18:04:49+02:00,49.0,1,Stabekk,VYG:Line:R21,Stabekk-Oslo S-Moss,R21,rail,VYG:ServiceJourney:1156-MOS_443041-R,True,actual,False,,,,,2026-09-07T20:27:16.249662+02:00
NSR:StopPlace:58963,Jessheim stasjon,2026-09-07T17:33:00+02:00,2026-09-07T17:33:49+02:00,2026-09-07T17:33:49+02:00,49.0,1,Kopperud,RUT:Line:420,Maura -  Jessheim,420,bus,RUT:ServiceJourney:87be0bf6beb957c8b1a76d4b13ed48b6,True,actual,False,,,,,2026-09-07T20:27:16.249662+02:00
NSR:StopPlace:58932,Hommelvik stasjon,2026-09-07T18:12:00+02:00,2026-09-07T18:12:49+02:00,2026-09-07T18:12:49+02:00,49.0,1,Lundamo,SJN:Line:26,Trønderbanen,R70,rail,SJN:ServiceJourney:444_56073-R,True,actual,False,,,,,2026-09-07T20:27:16.249662+02:00
NSR:StopPlace:58932,Hommelvik stasjon,2026-09-07T18:14:00+02:00,2026-09-07T18:14:49+02:00,2026-09-07T18:14:49+02:00,49.0,1,Marienborg via Brattøra,ATB:Line:2_70,Stjørdal/Hommelvik- Trondheim,70,bus,ATB:ServiceJourney:70_251215112547002_82,True,actual,False,,,,,2026-09-07T20:27:16.249662+02:00
NSR:StopPlace:58790,Verdal stasjon,2026-09-07T19:00:00+02:00,2026-09-07T19:00:49+02:00,2026-09-07T19:00:49+02:00,49.0,1,Lundamo,SJN:Line:26,Trønderbanen,R70,rail,SJN:ServiceJourney:448_56077-R,True,actual,False,,,,,2026-09-07T20:27:16.249662+02:00
NSR:StopPlace:58838,Røyken stasjon,2026-09-07T19:37:00+02:00,2026-09-07T19:37:49+02:00,2026-09-07T19:37:49+02:00,49.0,1,Drammen,RUT:Line:261,Drammen - Lahell - Røyken - Sætre,261,bus,RUT:ServiceJourney:0088f245b952083392a04e8c37750de8,True,actual,False,Fra 17/8 går linje 61-63-71-73-251-261 og skolebusser fra holdeplass ved Skutebrygga ut av byen.Les mer på brakar.no/trafikkmeldinger.,,general,normal,2026-09-07T20:27:16.249662+02:00
NSR:StopPlace:58843,Blommenholm stasjon,2026-09-07T19:14:00+02:00,2026-09-07T19:14:49+02:00,2026-09-07T19:14:49+02:00,49.0,1,Asker,VYG:Line:L1,Spikkestad-Oslo S-Lillestrøm,L1,rail,VYG:ServiceJourney:2155_443564-R,True,actual,False,,,,,2026-09-07T20:27:16.249662+02:00
NSR:StopPlace:58846,Fetsund stasjon,2026-09-07T17:37:00+02:00,2026-09-07T17:37:49+02:00,2026-09-07T17:37:49+02:00,49.0,1,Asker,VYG:Line:R14,Asker-Oslo S-Kongsvinger,R14,rail,VYG:ServiceJourney:1026_442936-R,True,actual,False,,,,,2026-09-07T20:27:16.249662+02:00
NSR:StopPlace:58886,Arendal stasjon,2026-09-07T18:47:00+02:00,2026-09-07T18:47:49+02:00,2026-09-07T18:47:49+02:00,49.0,1,Tromøy Øst via Tromøy kirkevei,AKT:Line:102,Tromøy Øst-Arendal-Rykene,102,bus,AKT:ServiceJourney:72079_192_66_131760_134820_40000975,True,actual,False,,,,,2026-09-07T20:27:16.249662+02:00
NSR:StopPlace:441,Auli stasjon,2026-09-07T19:42:00+02:00,2026-09-07T19:42:49+02:00,2026-09-07T19:42:49+02:00,49.0,1,Kongsvinger,VYG:Line:R14,Asker-Oslo S-Kongsvinger,R14,rail,VYG:ServiceJourney:1029_442939-R,True,actual,False,,,,,2026-09-07T20:27:16.249662+02:00
NSR:StopPlace:62309,Ljan stasjon,2026-09-07T20:24:00+02:00,2026-09-07T20:24:49+02:00,2026-09-07T20:24:49+02:00,49.0,1,Ski,VYG:Line:L2,Stabekk-Oslo S-Ski,L2,rail,VYG:ServiceJourney:2761-HVK_443975-R,True,actual,False,,,,,2026-09-07T20:27:16.249662+02:00
NSR:StopPlace:61735,Hell stasjon,2026-09-07T13:50:00+02:00,2026-09-07T13:50:49+02:00,2026-09-07T13:50:49+02:00,49.0,1,Steinkjer,SJN:Line:26,Trønderbanen,R70,rail,SJN:ServiceJourney:437_56066-R,True,actual,False,,,,,2026-09-07T15:44:36.205822+02:00
NSR:StopPlace:58846,Fetsund stasjon,2026-09-07T14:48:00+02:00,2026-09-07T14:48:49+02:00,2026-09-07T14:48:49+02:00,49.0,1,Garderåsen,RUT:Line:2731,Vinsnes - Jølsen - Garderåsen - Sundet,2731,bus,RUT:ServiceJourney:a2d9ef6a0543059a2b540899e14e2ebe,True,actual,False,,,,,2026-09-07T15:44:36.205822+02:00
NSR:StopPlace:58852,Høn stasjon,2026-09-07T15:43:00+02:00,2026-09-07T15:43:49+02:00,2026-09-07T15:43:49+02:00,49.0,1,Spikkestad,VYG:Line:L1,Spikkestad-Oslo S-Lillestrøm,L1,rail,VYG:ServiceJourney:2241_443652-R,True,actual,False,,,,,2026-09-07T15:44:36.205822+02:00
NSR:StopPlace:58866,Vevelstad stasjon,2026-09-07T14:14:00+02:00,2026-09-07T14:14:49+02:00,2026-09-07T14:14:49+02:00,49.0,1,Stabekk,VYG:Line:L2,Stabekk-Oslo S-Ski,L2,rail,VYG:ServiceJourney:2742-SKI_443952-R,True,actual,False,,,,,2026-09-07T15:44:36.205822+02:00
NSR:StopPlace:58884,Skien stasjon,2026-09-07T14:26:00+02:00,2026-09-07T14:26:49+02:00,2026-09-07T14:26:49+02:00,49.0,1,Skjelsvik via Klyve-Kongerød,TEL:Line:8043,Skien-Klyve-Skjelsvik,M3,bus,TEL:ServiceJourney:127181,True,actual,False,,,,,2026-09-07T15:44:36.205822+02:00
NSR:StopPlace:117,Elverum stasjon,2026-09-07T12:37:00+02:00,2026-09-07T12:37:49+02:00,2026-09-07T12:37:49+02:00,49.0,1,Trondheim S,SJN:Line:25,Rørosbanen,R60,rail,SJN:ServiceJourney:2385_30335-R,True,actual,False,,,,,2026-09-07T15:44:36.205822+02:00
NSR:StopPlace:8,Paradis stasjon,2026-09-07T07:11:00+02:00,2026-09-07T07:11:49+02:00,2026-09-07T07:11:49+02:00,49.0,1,Skeiane,GOA:Line:59,Jærbanen,L5,rail,GOA:ServiceJourney:3110_63155-R,True,actual,False,,,,,2026-09-07T08:42:24.659182+02:00
NSR:StopPlace:61466,Vakås stasjon,2026-09-07T06:22:00+02:00,2026-09-07T06:22:49+02:00,2026-09-07T06:22:49+02:00,49.0,1,Lillestrøm,VYG:Line:L1,Spikkestad-Oslo S-Lillestrøm,L1,rail,VYG:ServiceJourney:2108_443512-R,True,actual,False,,,,,2026-09-07T08:42:24.659182+02:00
NSR:StopPlace:61466,Vakås stasjon,2026-09-07T07:22:00+02:00,2026-09-07T07:22:49+02:00,2026-09-07T07:22:49+02:00,49.0,1,Lillestrøm,VYG:Line:L1,Spikkestad-Oslo S-Lillestrøm,L1,rail,VYG:ServiceJourney:2112_443517-R,True,actual,False,,,,,2026-09-07T08:42:24.659182+02:00
NSR:StopPlace:61466,Vakås stasjon,2026-09-07T08:27:00+02:00,2026-09-07T08:27:49+02:00,2026-09-07T08:27:49+02:00,49.0,1,Asker,VYG:Line:L1,Spikkestad-Oslo S-Lillestrøm,L1,rail,VYG:ServiceJourney:2111_728233-R,True,actual,False,Færre vogner,Denne avgangen kjører dessverre med 4 vogner i stedet for 8 vogner. Dette skyldes at vi mangler et togsett.,general,normal,2026-09-07T08:42:24.659182+02:00
NSR:StopPlace:61315,Nerdrum stasjon,2026-09-07T07:20:00+02:00,2026-09-07T07:20:49+02:00,2026-09-07T07:20:49+02:00,49.0,1,Kongsvinger,VYG:Line:R14,Asker-Oslo S-Kongsvinger,R14,rail,VYG:ServiceJourney:1005_442910-R,True,actual,False,,,,,2026-09-07T08:42:24.659182+02:00
NSR:StopPlace:33,Ranheim stasjon,2026-09-07T06:51:00+02:00,2026-09-07T06:51:49+02:00,2026-09-07T06:51:49+02:00,49.0,1,Lerkendal,SJN:Line:26,Trønderbanen,R70,rail,SJN:ServiceJourney:1760_56046-R,True,actual,False,,,,,2026-09-07T08:42:24.659182+02:00
NSR:StopPlace:59640,Bodung stasjon,2026-09-07T07:33:00+02:00,2026-09-07T07:33:49+02:00,2026-09-07T07:33:49+02:00,49.0,1,Årnes,RUT:Line:3657,Årnes - Brauter - Framtun,3657,bus,RUT:ServiceJourney:b15090259404b19191200fcee684cc82,True,actual,False,,,,,2026-09-07T08:42:24.659182+02:00
NSR:StopPlace:59654,Stabekk stasjon,2026-09-07T06:36:00+02:00,2026-09-07T06:36:49+02:00,2026-09-07T06:36:49+02:00,49.0,1,Moss,VYG:Line:R21,Stabekk-Oslo S-Moss,R21,rail,VYG:ServiceJourney:1107-HVK_442978-R,True,actual,False,,,,,2026-09-07T08:42:24.659182+02:00
NSR:StopPlace:59687,Grong stasjon,2026-09-07T06:05:00+02:00,2026-09-07T06:05:49+02:00,2026-09-07T06:05:49+02:00,49.0,1,AMFI Steinkjer,ATB:Line:2_690,Grong - Steinkjer,690,bus,ATB:ServiceJourney:690_260106098640327_2,True,actual,False,,,,,2026-09-07T08:42:24.659182+02:00
NSR:StopPlace:60045,Hamar stasjon,2026-09-07T06:36:00+02:00,2026-09-07T06:36:49+02:00,2026-09-07T06:36:49+02:00,49.0,1,Oslo S,VYG:Line:RE10,Drammen-Oslo S-Lillehammer,RE10,rail,VYG:ServiceJourney:352-HMR_621900-R,True,actual,False,,,,,2026-09-07T08:42:24.659182+02:00
NSR:StopPlace:59638,Myrvoll stasjon,2026-09-07T06:39:00+02:00,2026-09-07T06:39:49+02:00,2026-09-07T06:39:49+02:00,49.0,1,Jernbanetorget,RUT:Line:84,Jernbanetorget-Oppegård st.,84E,bus,RUT:ServiceJourney:1bbdb02611349b1829f6d2437e241bf2,True,actual,False,,,,,2026-09-07T08:42:24.659182+02:00
NSR:StopPlace:59639,Sonsveien stasjon,2026-09-07T07:09:00+02:00,2026-09-07T07:09:49+02:00,2026-09-07T07:09:49+02:00,49.0,1,Moss,RUT:Line:540,Moss - Son - Vestby stasjon,540,bus,RUT:ServiceJourney:e6bd7df4d2e8d3a2c864da0132923ec4,True,actual,False,,,,,2026-09-07T08:42:24.659182+02:00
NSR:StopPlace:58836,Mjøndalen stasjon,2026-09-07T07:37:00+02:00,2026-09-07T07:37:49+02:00,2026-09-07T07:37:49+02:00,49.0,1,Hovjordet,BRA:Line:4_6054,Mjøndalen - Hovjordet,54,bus,BRA:ServiceJourney:6054_260415100162414_1007,True,actual,False,,,,,2026-09-07T08:42:24.659182+02:00
NSR:StopPlace:58846,Fetsund stasjon,2026-09-07T07:13:00+02:00,2026-09-07T07:13:49+02:00,2026-09-07T07:13:49+02:00,49.0,1,Garderåsen,RUT:Line:321,Fetsund - Garderåsen,321,bus,RUT:ServiceJourney:c9dd9bfdd3a1cb6490cde64b65fdefc9,True,actual,False,,,,,2026-09-07T08:42:24.659182+02:00
NSR:StopPlace:58852,Høn stasjon,2026-09-07T08:20:00+02:00,2026-09-07T08:20:49+02:00,2026-09-07T08:20:49+02:00,49.0,1,Lillestrøm,VYG:Line:L1,Spikkestad-Oslo S-Lillestrøm,L1,rail,VYG:ServiceJourney:2116_443521-R,True,actual,False,,,,,2026-09-07T08:42:24.659182+02:00
NSR:StopPlace:58853,Kolbotn stasjon,2026-09-07T07:10:00+02:00,2026-09-07T07:10:49+02:00,2026-09-07T07:10:49+02:00,49.0,1,Lysaker,VYG:Line:L2,Stabekk-Oslo S-Ski,L2,rail,VYG:ServiceJourney:2812-SKI_444024-R,True,actual,False,Færre vogner,Denne avgangen kjører dessverre med 3 vogner i stedet for 6 vogner. Dette skyldes at vi mangler et togsett.,general,normal,2026-09-07T08:42:24.659182+02:00
NSR:StopPlace:58864,Sørumsand stasjon,2026-09-07T06:19:00+02:00,2026-09-07T06:19:49+02:00,2026-09-07T06:19:49+02:00,49.0,1,Blaker ring,RUT:Line:370,Sørumsand - Blaker - Sørumsand,370A,bus,RUT:ServiceJourney:6a58dcf1fdb56b5ba47e66d1e9f35a7d,True,actual,False,,,,,2026-09-07T08:42:24.659182+02:00
NSR:StopPlace:58865,Vestby stasjon,2026-09-07T07:50:00+02:00,2026-09-07T07:50:49+02:00,2026-09-07T07:50:49+02:00,49.0,1,Grønberg,RUT:Line:530,Pepperstad - Vestby stasjon,530,bus,RUT:ServiceJourney:3a2a09e70e5919ae668ce2f13c480fd9,True,actual,False,,,,,2026-09-07T08:42:24.659182+02:00
NSR:StopPlace:58868,Årnes stasjon,2026-09-07T05:34:00+02:00,2026-09-07T05:34:49+02:00,2026-09-07T05:34:49+02:00,49.0,1,Oslo lufthavn,RUT:Line:450,Årnes - Oslo lufthavn,450,bus,RUT:ServiceJourney:8eabf15b929daaafba1835d935f56c42,True,actual,False,,,,,2026-09-07T08:42:24.659182+02:00
NSR:StopPlace:58868,Årnes stasjon,2026-09-07T08:19:00+02:00,2026-09-07T08:19:49+02:00,2026-09-07T08:19:49+02:00,49.0,1,Aktivitetsvegen,RUT:Line:450,Årnes - Oslo lufthavn,450,bus,RUT:ServiceJourney:ca2b4e517a1ab24d89418b3f87cac8f6,True,actual,False,,,,,2026-09-07T08:42:24.659182+02:00
NSR:StopPlace:58862,Strømmen stasjon,2026-09-07T06:13:00+02:00,2026-09-07T06:13:49+02:00,2026-09-07T06:13:49+02:00,49.0,1,Helsfyr,RUT:Line:375,Strømmen - Olavsgaard - Helsfyr,375,bus,RUT:ServiceJourney:59fc62d7457f2cb045fee171569432ba,True,actual,False,,,,,2026-09-07T08:42:24.659182+02:00
NSR:StopPlace:58886,Arendal stasjon,2026-09-07T07:39:00+02:00,2026-09-07T07:39:49+02:00,2026-09-07T07:39:49+02:00,49.0,1,Tromøy Vest,AKT:Line:103,Tromøy Vest-Arendal-Hisøy,103,bus,AKT:ServiceJourney:83632_32_50_52200_54840_40001024,True,actual,False,,,,,2026-09-07T08:42:24.659182+02:00
NSR:StopPlace:58801,Sarpsborg stasjon,2026-09-07T07:44:00+02:00,2026-09-07T07:44:49+02:00,2026-09-07T07:44:49+02:00,49.0,1,Opsund,OST:Line:1_134,Sarpsborg - Opsund,134,bus,OST:ServiceJourney:134_260325121470891_2,True,actual,False,,,,,2026-09-07T08:42:24.659182+02:00
NSR:StopPlace:58825,Raufoss stasjon,2026-09-07T07:35:00+02:00,2026-09-07T07:35:49+02:00,2026-09-07T07:35:49+02:00,49.0,1,Thune skole,INN:Line:406,Gjø.-Reinsv.-Eina-Reinsv.-Gjø.,406,bus,INN:ServiceJourney:65783,True,actual,False,,,,,2026-09-07T08:42:24.659182+02:00
NSR:StopPlace:416,Vikhammer stasjon,2026-09-07T06:45:00+02:00,2026-09-07T06:45:49+02:00,2026-09-07T06:45:49+02:00,49.0,1,Lerkendal,SJN:Line:26,Trønderbanen,R70,rail,SJN:ServiceJourney:1760_56046-R,True,actual,False,,,,,2026-09-07T08:42:24.659182+02:00
NSR:StopPlace:610,Sandvika stasjon,2026-09-07T07:34:00+02:00,2026-09-07T07:34:49+02:00,2026-09-07T07:34:49+02:00,49.0,1,Drammen,VYG:Line:R13,Drammen-Oslo S-Dal,R13,rail,VYG:ServiceJourney:1608_443225-R,True,actual,False,,,,,2026-09-07T08:42:24.659182+02:00
NSR:StopPlace:62339,Lillestrøm stasjon,2026-09-07T07:45:00+02:00,2026-09-07T07:45:49+02:00,2026-09-07T07:45:49+02:00,49.0,1,Lillehammer,VYG:Line:RE10,Drammen-Oslo S-Lillehammer,RE10,rail,VYG:ServiceJourney:307-SUD_444139-R,True,actual,False,Heis i spor 1 og 2 er ute av bruk på grunn av vedlikehold.,Heis i spor 1 og 2 er ute av bruk på grunn av vedlikehold.,general,normal,2026-09-07T08:42:24.659182+02:00
NSR:StopPlace:58852,Høn stasjon,2026-09-08T01:43:30+02:00,2026-09-08T01:44:18+02:00,2026-09-08T01:44:18+02:00,48.0,1,Drammen,VYG:Line:L1,Spikkestad-Oslo S-Lillestrøm,L1,rail,VYG:ServiceJourney:2281_443719-R,True,actual,False,,,,,2026-09-08T03:39:50.209703+02:00
NSR:StopPlace:62373,Berkåk stasjon,2026-09-08T00:38:00+02:00,2026-09-08T00:38:48+02:00,2026-09-08T00:38:48+02:00,48.0,1,Oslo S,SJN:Line:21,Dovrebanen,F6,rail,SJN:ServiceJourney:406-TND_30133-R,True,actual,False,,,,,2026-09-08T03:39:50.209703+02:00
NSR:StopPlace:61169,Marienborg stasjon,2026-09-07T22:32:00+02:00,2026-09-07T22:32:48+02:00,2026-09-07T22:32:48+02:00,48.0,1,Havstad,ATB:Line:2_13,Østmarka - Strindheim - Lerkendal - Havstad,13,bus,ATB:ServiceJourney:13_251215112552732_148,True,actual,False,,,,,2026-09-08T00:20:52.129880+02:00
NSR:StopPlace:61466,Vakås stasjon,2026-09-07T22:08:00+02:00,2026-09-07T22:08:48+02:00,2026-09-07T22:08:48+02:00,48.0,1,Lillestrøm,VYG:Line:L1,Spikkestad-Oslo S-Lillestrøm,L1,rail,VYG:ServiceJourney:2272_465117-R,True,actual,False,,,,,2026-09-08T00:20:52.129880+02:00
NSR:StopPlace:58952,Bodø stasjon,2026-09-07T22:32:00+02:00,2026-09-07T22:32:48+02:00,2026-09-07T22:32:48+02:00,48.0,1,Tverlandet,NOR:Line:12_8004,Tverlandet - Bodø sentrum - Løpsmarka,4,bus,NOR:ServiceJourney:8004_251012124900586_1039,True,actual,False,,,,,2026-09-08T00:20:52.129880+02:00
NSR:StopPlace:58843,Blommenholm stasjon,2026-09-07T23:14:00+02:00,2026-09-07T23:14:48+02:00,2026-09-07T23:14:48+02:00,48.0,1,Asker,VYG:Line:L1,Spikkestad-Oslo S-Lillestrøm,L1,rail,VYG:ServiceJourney:2171_443582-R,True,actual,False,,,,,2026-09-08T00:20:52.129880+02:00
NSR:StopPlace:58840,Vestfossen stasjon,2026-09-07T20:53:00+02:00,2026-09-07T20:53:48+02:00,2026-09-07T20:53:48+02:00,48.0,1,Eidsvoll,VYG:Line:R12,Kongsberg-Oslo S-Eidsvoll,R12,rail,VYG:ServiceJourney:534_444344-R,True,actual,False,,,,,2026-09-08T00:20:52.129880+02:00
NSR:StopPlace:58840,Vestfossen stasjon,2026-09-07T21:53:00+02:00,2026-09-07T21:53:48+02:00,2026-09-07T21:53:48+02:00,48.0,1,Eidsvoll,VYG:Line:R12,Kongsberg-Oslo S-Eidsvoll,R12,rail,VYG:ServiceJourney:536_444346-R,True,actual,False,,,,,2026-09-08T00:20:52.129880+02:00
NSR:StopPlace:58852,Høn stasjon,2026-09-07T22:43:00+02:00,2026-09-07T22:43:48+02:00,2026-09-07T22:43:48+02:00,48.0,1,Spikkestad,VYG:Line:L1,Spikkestad-Oslo S-Lillestrøm,L1,rail,VYG:ServiceJourney:2269_443700-R,True,actual,False,,,,,2026-09-08T00:20:52.129880+02:00
NSR:StopPlace:62308,Alna stasjon,2026-09-07T22:47:00+02:00,2026-09-07T22:47:48+02:00,2026-09-07T22:47:48+02:00,48.0,1,Asker,VYG:Line:L1,Spikkestad-Oslo S-Lillestrøm,L1,rail,VYG:ServiceJourney:2171_443582-R,True,actual,False,,,,,2026-09-08T00:20:52.129880+02:00
NSR:StopPlace:8,Paradis stasjon,2026-09-07T20:12:00+02:00,2026-09-07T20:12:48+02:00,2026-09-07T20:12:48+02:00,48.0,1,Stavanger,GOA:Line:59,Jærbanen,L5,rail,GOA:ServiceJourney:3161_63206-R,True,actual,False,,,,,2026-09-07T20:27:16.249662+02:00
NSR:StopPlace:61464,Hvalstad stasjon,2026-09-07T18:40:00+02:00,2026-09-07T18:40:48+02:00,2026-09-07T18:40:48+02:00,48.0,1,Lillestrøm,VYG:Line:L1,Spikkestad-Oslo S-Lillestrøm,L1,rail,VYG:ServiceJourney:2258_443682-R,True,actual,False,,,,,2026-09-07T20:27:16.249662+02:00
NSR:StopPlace:59649,Nydalen stasjon,2026-09-07T18:03:00+02:00,2026-09-07T18:03:48+02:00,2026-09-07T18:03:48+02:00,48.0,1,Oslo lufthavn,NBU:Line:cb7b555c-f96e-42d5-84bf-a5e08c0145c2,Radiumhospitalet via Økern-Storo-Tåsen,FB3,bus,NBU:ServiceJourney:0652adcd-8c90-41bd-a6b8-cdaa7d7766e2,True,actual,False,,,,,2026-09-07T20:27:16.249662+02:00
NSR:StopPlace:59652,Tøyen stasjon,2026-09-07T19:15:00+02:00,2026-09-07T19:15:48+02:00,2026-09-07T19:15:48+02:00,48.0,1,Vippetangen,RUT:Line:60,Vippetangen-Tonsenhagen,60,bus,RUT:ServiceJourney:b4065234d58b5ee09c93d150a1cdfe16,True,actual,False,,,,,2026-09-07T20:27:16.249662+02:00
NSR:StopPlace:60736,Spikkestad stasjon,2026-09-07T20:16:00+02:00,2026-09-07T20:16:48+02:00,2026-09-07T20:16:48+02:00,48.0,1,Lillestrøm,VYG:Line:L1,Spikkestad-Oslo S-Lillestrøm,L1,rail,VYG:ServiceJourney:2266_443696-R,True,actual,False,,,,,2026-09-07T20:27:16.249662+02:00
NSR:StopPlace:60016,Kråkstad stasjon,2026-09-07T18:18:00+02:00,2026-09-07T18:18:48+02:00,2026-09-07T18:18:48+02:00,48.0,1,Rakkestad,VYG:Line:R22,Skøyen-Oslo S-Mysen-Rakkestad,R22,rail,VYG:ServiceJourney:1927_443479-R,True,actual,False,,,,,2026-09-07T20:27:16.249662+02:00
NSR:StopPlace:59639,Sonsveien stasjon,2026-09-07T17:25:00+02:00,2026-09-07T17:25:48+02:00,2026-09-07T17:25:48+02:00,48.0,1,Store Brevik - Son - Deør,RUT:Line:2545,Son med klokka,545A,bus,RUT:ServiceJourney:c7788bf76b9ef4ebeacc0494c166015f,True,actual,False,,,,,2026-09-07T20:27:16.249662+02:00
NSR:StopPlace:58963,Jessheim stasjon,2026-09-07T17:37:00+02:00,2026-09-07T17:37:48+02:00,2026-09-07T17:37:48+02:00,48.0,1,Årnes,RUT:Line:450,Årnes - Oslo lufthavn,450,bus,RUT:ServiceJourney:aedf98b6f55fe23de124387da3525fef,True,actual,False,,,,,2026-09-07T20:27:16.249662+02:00
NSR:StopPlace:58963,Jessheim stasjon,2026-09-07T18:25:00+02:00,2026-09-07T18:25:48+02:00,2026-09-07T18:25:48+02:00,48.0,1,Eidsvoll,RUT:Line:430,Eidsvoll - Jessheim,430,bus,RUT:ServiceJourney:4c102f7900f6e9021e2236075ec52ff2,True,actual,False,,,,,2026-09-07T20:27:16.249662+02:00
NSR:StopPlace:58948,Stjørdal stasjon,2026-09-07T18:27:00+02:00,2026-09-07T18:27:48+02:00,2026-09-07T18:27:48+02:00,48.0,1,Remyra via Stokkanvegen,ATB:Line:2_91,91 StjørdalSt-Remyrv.,91,bus,ATB:ServiceJourney:91_260220075616060_64,True,actual,False,,,,,2026-09-07T20:27:16.249662+02:00
NSR:StopPlace:58852,Høn stasjon,2026-09-07T18:20:00+02:00,2026-09-07T18:20:48+02:00,2026-09-07T18:20:48+02:00,48.0,1,Lillestrøm,VYG:Line:L1,Spikkestad-Oslo S-Lillestrøm,L1,rail,VYG:ServiceJourney:2156_443565-R,True,actual,False,,,,,2026-09-07T20:27:16.249662+02:00
NSR:StopPlace:58850,Hauerseter stasjon,2026-09-07T20:00:00+02:00,2026-09-07T20:00:48+02:00,2026-09-07T20:00:48+02:00,48.0,1,Drammen,VYG:Line:R13,Drammen-Oslo S-Dal,R13,rail,VYG:ServiceJourney:1662_443348-R,True,actual,False,,,,,2026-09-07T20:27:16.249662+02:00
NSR:StopPlace:58860,Oppegård stasjon,2026-09-07T17:31:00+02:00,2026-09-07T17:31:48+02:00,2026-09-07T17:31:48+02:00,48.0,1,Oslo S,VYG:Line:L2,Stabekk-Oslo S-Ski,L2,rail,VYG:ServiceJourney:2854_444092-R,True,actual,False,,,,,2026-09-07T20:27:16.249662+02:00
NSR:StopPlace:58861,Solbråtan stasjon,2026-09-07T18:38:00+02:00,2026-09-07T18:38:48+02:00,2026-09-07T18:38:48+02:00,48.0,1,Oslo S,VYG:Line:L2,Stabekk-Oslo S-Ski,L2,rail,VYG:ServiceJourney:2858_444098-R,True,actual,False,,,,,2026-09-07T20:27:16.249662+02:00
NSR:StopPlace:58876,Tønsberg stasjon,2026-09-07T19:09:00+02:00,2026-09-07T19:09:48+02:00,2026-09-07T19:09:48+02:00,48.0,1,Eidsvoll,VYG:Line:RE11,Eidsvoll-Oslo S-Skien,RE11,rail,VYG:ServiceJourney:830_444410-R,True,actual,False,,,,,2026-09-07T20:27:16.249662+02:00
NSR:StopPlace:313,Høybråten stasjon,2026-09-07T20:23:00+02:00,2026-09-07T20:23:48+02:00,2026-09-07T20:23:48+02:00,48.0,1,Spikkestad,VYG:Line:L1,Spikkestad-Oslo S-Lillestrøm,L1,rail,VYG:ServiceJourney:2263_443691-R,True,actual,False,,,,,2026-09-07T20:27:16.249662+02:00
NSR:StopPlace:61464,Hvalstad stasjon,2026-09-07T14:24:00+02:00,2026-09-07T14:24:48+02:00,2026-09-07T14:24:48+02:00,48.0,1,Lillestrøm,VYG:Line:L1,Spikkestad-Oslo S-Lillestrøm,L1,rail,VYG:ServiceJourney:2140_443548-R,True,actual,False,,,,,2026-09-07T15:44:36.205822+02:00
NSR:StopPlace:59641,Fjellhamar stasjon,2026-09-07T14:32:00+02:00,2026-09-07T14:32:48+02:00,2026-09-07T14:32:48+02:00,48.0,1,Asker,VYG:Line:L1,Spikkestad-Oslo S-Lillestrøm,L1,rail,VYG:ServiceJourney:2139_443546-R,True,actual,False,,,,,2026-09-07T15:44:36.205822+02:00
NSR:StopPlace:58935,Levanger stasjon,2026-09-07T15:14:00+02:00,2026-09-07T15:14:48+02:00,2026-09-07T15:14:48+02:00,48.0,1,Ler,SJN:Line:26,Trønderbanen,R70,rail,SJN:ServiceJourney:440_56069-R,True,actual,False,,,,,2026-09-07T15:44:36.205822+02:00
NSR:StopPlace:58793,Askim stasjon,2026-09-07T14:45:00+02:00,2026-09-07T14:45:48+02:00,2026-09-07T14:45:48+02:00,48.0,1,Rakkestad,VYG:Line:R22,Skøyen-Oslo S-Mysen-Rakkestad,R22,rail,VYG:ServiceJourney:1919_443464-R,True,actual,False,,,,,2026-09-07T15:44:36.205822+02:00
NSR:StopPlace:58800,Råde stasjon,2026-09-07T13:52:00+02:00,2026-09-07T13:52:48+02:00,2026-09-07T13:52:48+02:00,48.0,1,Oslo S,VYG:Line:RE20,Oslo S-Halden-Göteborg (X-Border),RE20,rail,VYG:ServiceJourney:120_673497-R,True,actual,False,,,,,2026-09-07T15:44:36.205822+02:00
NSR:StopPlace:61463,Nordstrand stasjon,2026-09-07T08:07:00+02:00,2026-09-07T08:07:48+02:00,2026-09-07T08:07:48+02:00,48.0,1,Stabekk,VYG:Line:L2,Stabekk-Oslo S-Ski,L2,rail,VYG:ServiceJourney:2716-SKI_443922-R,True,actual,False,,,,,2026-09-07T08:42:24.659182+02:00
NSR:StopPlace:61464,Hvalstad stasjon,2026-09-07T07:54:00+02:00,2026-09-07T07:54:48+02:00,2026-09-07T07:54:48+02:00,48.0,1,Lillestrøm,VYG:Line:L1,Spikkestad-Oslo S-Lillestrøm,L1,rail,VYG:ServiceJourney:2114_443519-R,True,actual,False,,,,,2026-09-07T08:42:24.659182+02:00
NSR:StopPlace:61897,Bryn stasjon,2026-09-07T06:30:00+02:00,2026-09-07T06:30:48+02:00,2026-09-07T06:30:48+02:00,48.0,1,Lillestrøm,VYG:Line:L1,Spikkestad-Oslo S-Lillestrøm,L1,rail,VYG:ServiceJourney:2106_443510-R,True,actual,False,,,,,2026-09-07T08:42:24.659182+02:00
NSR:StopPlace:59646,Høvik stasjon,2026-09-07T07:37:00+02:00,2026-09-07T07:37:48+02:00,2026-09-07T07:37:48+02:00,48.0,1,Lillestrøm,VYG:Line:L1,Spikkestad-Oslo S-Lillestrøm,L1,rail,VYG:ServiceJourney:2112_443517-R,True,actual,False,,,,,2026-09-07T08:42:24.659182+02:00
NSR:StopPlace:60944,Ski stasjon,2026-09-07T06:32:00+02:00,2026-09-07T06:32:48+02:00,2026-09-07T06:32:48+02:00,48.0,1,Oslo bussterminal,RUT:Line:515,Ski - Oslo,515,bus,RUT:ServiceJourney:512443118d5c726e5cadf1d1a73de5e3,True,actual,False,,,,,2026-09-07T08:42:24.659182+02:00
NSR:StopPlace:60045,Hamar stasjon,2026-09-07T08:11:00+02:00,2026-09-07T08:11:48+02:00,2026-09-07T08:11:48+02:00,48.0,1,Røros,SJN:Line:25,Rørosbanen,R60,rail,SJN:ServiceJourney:2381_30117-R,True,actual,False,,,,,2026-09-07T08:42:24.659182+02:00
NSR:StopPlace:59638,Myrvoll stasjon,2026-09-07T07:09:00+02:00,2026-09-07T07:09:48+02:00,2026-09-07T07:09:48+02:00,48.0,1,Jernbanetorget,RUT:Line:84,Jernbanetorget-Oppegård st.,84E,bus,RUT:ServiceJourney:6e5975c1087f5c8ccef0fc84933529ab,True,actual,False,,,,,2026-09-07T08:42:24.659182+02:00
NSR:StopPlace:58925,Gausel stasjon,2026-09-07T06:12:00+02:00,2026-09-07T06:12:48+02:00,2026-09-07T06:12:48+02:00,48.0,1,Stavanger,KOL:Line:8_1003,2,2,bus,KOL:ServiceJourney:1003_251008123091418_2005,True,actual,False,,,,,2026-09-07T08:42:24.659182+02:00
NSR:StopPlace:58931,Fannrem stasjon,2026-09-07T05:00:00+02:00,2026-09-07T05:00:48+02:00,2026-09-07T05:00:48+02:00,48.0,1,Trondheim S via Orkanger skysst.,ATB:Line:2_310,Trondheim - Orkanger - Fannrem,310,bus,ATB:ServiceJourney:310_260106098639812_3,True,actual,False,,,,,2026-09-07T08:42:24.659182+02:00
NSR:StopPlace:58931,Fannrem stasjon,2026-09-07T06:50:00+02:00,2026-09-07T06:50:48+02:00,2026-09-07T06:50:48+02:00,48.0,1,Trondheim S via Orkanger skysst.,ATB:Line:2_310,Trondheim - Orkanger - Fannrem,310,bus,ATB:ServiceJourney:310_260106098639819_19,True,actual,False,,,,,2026-09-07T08:42:24.659182+02:00
NSR:StopPlace:58798,Rakkestad stasjon,2026-09-07T06:50:00+02:00,2026-09-07T06:50:48+02:00,2026-09-07T06:50:48+02:00,48.0,1,Mysen stasjon,OST:Line:1_634,Mysen-Rakkestad-Halden,634,bus,OST:ServiceJourney:634_260325121472684_1,True,actual,False,,,,,2026-09-07T08:42:24.659182+02:00
NSR:StopPlace:58793,Askim stasjon,2026-09-07T07:55:00+02:00,2026-09-07T07:55:48+02:00,2026-09-07T07:55:48+02:00,48.0,1,Sarpsborg-Mysen,OST:Line:1_640,Sarpsborg-Askim-Mysen,640,bus,OST:ServiceJourney:640_260325121473135_10,True,actual,False,,,,,2026-09-07T08:42:24.659182+02:00
NSR:StopPlace:58836,Mjøndalen stasjon,2026-09-07T06:42:00+02:00,2026-09-07T06:42:48+02:00,2026-09-07T06:42:48+02:00,48.0,1,Drammen,BRA:Line:4_6101,Drammen-Vikersund/Hønefoss,101,bus,BRA:ServiceJourney:6101_260415100161271_1008,True,actual,False,,,,,2026-09-07T08:42:24.659182+02:00
NSR:StopPlace:58844,Eidsvoll stasjon,2026-09-07T07:15:00+02:00,2026-09-07T07:15:48+02:00,2026-09-07T07:15:48+02:00,48.0,1,Sand,INN:Line:121,Eidsvoll - Sand,121,bus,INN:ServiceJourney:54628,True,actual,False,,,,,2026-09-07T08:42:24.659182+02:00
NSR:StopPlace:58851,Heggedal stasjon,2026-09-07T05:29:00+02:00,2026-09-07T05:29:48+02:00,2026-09-07T05:29:48+02:00,48.0,1,Asker,RUT:Line:280,Asker - Dikemark - Heggedal,280,bus,RUT:ServiceJourney:d717a27f03eecd8ba12fad9eff8f2b17,True,actual,False,,,,,2026-09-07T08:42:24.659182+02:00
NSR:StopPlace:58851,Heggedal stasjon,2026-09-07T06:25:00+02:00,2026-09-07T06:25:48+02:00,2026-09-07T06:25:48+02:00,48.0,1,Spikkestad,VYG:Line:L1,Spikkestad-Oslo S-Lillestrøm,L1,rail,VYG:ServiceJourney:2203_764731-R,True,actual,False,Færre vogner,Denne avgangen kjører dessverre med 4 vogner i stedet for 8 vogner. Dette skyldes at vi mangler et togsett.,general,normal,2026-09-07T08:42:24.659182+02:00
NSR:StopPlace:58862,Strømmen stasjon,2026-09-07T05:45:00+02:00,2026-09-07T05:45:48+02:00,2026-09-07T05:45:48+02:00,48.0,1,Spikkestad,VYG:Line:L1,Spikkestad-Oslo S-Lillestrøm,L1,rail,VYG:ServiceJourney:2205_443593-R,True,actual,False,Færre vogner,Denne avgangen kjører dessverre med 4 vogner i stedet for 8 vogner. Dette skyldes at vi mangler et togsett.,general,normal,2026-09-07T08:42:24.659182+02:00
NSR:StopPlace:58862,Strømmen stasjon,2026-09-07T05:58:00+02:00,2026-09-07T05:58:48+02:00,2026-09-07T05:58:48+02:00,48.0,1,Helsfyr,RUT:Line:375,Strømmen - Olavsgaard - Helsfyr,375,bus,RUT:ServiceJourney:026915fba5875c2e7faee9cc58e619db,True,actual,False,,,,,2026-09-07T08:42:24.659182+02:00
NSR:StopPlace:58874,Stokke stasjon,2026-09-07T06:17:00+02:00,2026-09-07T06:17:48+02:00,2026-09-07T06:17:48+02:00,48.0,1,Tønsberg,VKT:Line:520,Tønsberg-Stokke,520,bus,VKT:ServiceJourney:17295,True,actual,False,,,,,2026-09-07T08:42:24.659182+02:00
NSR:StopPlace:58884,Skien stasjon,2026-09-07T06:28:00+02:00,2026-09-07T06:28:48+02:00,2026-09-07T06:28:48+02:00,48.0,1,Åfoss via Skien sentrum,TEL:Line:8047,Siljan-Skien-Åfoss,P7,bus,TEL:ServiceJourney:127376,True,actual,False,,,,,2026-09-07T08:42:24.659182+02:00
NSR:StopPlace:58884,Skien stasjon,2026-09-07T08:26:00+02:00,2026-09-07T08:26:48+02:00,2026-09-07T08:26:48+02:00,48.0,1,Skjelsvik via Klyve,TEL:Line:8043,Skien-Klyve-Skjelsvik,M3,bus,TEL:ServiceJourney:127160,True,actual,False,,,,,2026-09-07T08:42:24.659182+02:00
NSR:StopPlace:58804,Alvdal stasjon,2026-09-07T08:18:00+02:00,2026-09-07T08:18:48+02:00,2026-09-07T08:18:48+02:00,48.0,1,Tynset,INN:Line:181,Tynset - Alvdal - Folldal,181,bus,INN:ServiceJourney:84460,True,actual,False,,,,,2026-09-07T08:42:24.659182+02:00
NSR:StopPlace:58808,Kongsvinger stasjon,2026-09-07T06:35:00+02:00,2026-09-07T06:35:48+02:00,2026-09-07T06:35:48+02:00,48.0,1,Asker,VYG:Line:R14,Asker-Oslo S-Kongsvinger,R14,rail,VYG:ServiceJourney:1006_442911-R,True,actual,False,,,,,2026-09-07T08:42:24.659182+02:00
NSR:StopPlace:58211,Oslo lufthavn,2026-09-07T06:10:00+02:00,2026-09-07T06:10:48+02:00,2026-09-07T06:10:48+02:00,48.0,1,Drammen,FLT:Line:FLY1,FLY1,FLY1,rail,FLT:ServiceJourney:1-2614-3706-20260907,True,actual,False,,,,,2026-09-07T08:42:24.659182+02:00
NSR:StopPlace:62094,Lindeberg stasjon,2026-09-07T08:18:00+02:00,2026-09-07T08:18:48+02:00,2026-09-07T08:18:48+02:00,48.0,1,Drammen,VYG:Line:R13,Drammen-Oslo S-Dal,R13,rail,VYG:ServiceJourney:1614_481141-R,True,actual,False,,,,,2026-09-07T08:42:24.659182+02:00
NSR:StopPlace:41,Hanaborg stasjon,2026-09-08T00:49:30+02:00,2026-09-08T00:50:17+02:00,2026-09-08T00:50:17+02:00,47.0,1,Drammen,VYG:Line:L1,Spikkestad-Oslo S-Lillestrøm,L1,rail,VYG:ServiceJourney:2281_443719-R,True,actual,False,,,,,2026-09-08T03:39:50.209703+02:00
NSR:StopPlace:58404,Nationaltheatret,2026-09-08T00:18:00+02:00,2026-09-08T00:18:47+02:00,2026-09-08T00:18:47+02:00,47.0,1,Eidsvoll,VYG:Line:RE11,Eidsvoll-Oslo S-Skien,RE11,rail,VYG:ServiceJourney:838-341_515579-R,True,actual,False,,,,,2026-09-08T03:39:50.209703+02:00
NSR:StopPlace:58845,Eidsvoll verk stasjon,2026-09-08T00:55:00+02:00,2026-09-08T00:55:47+02:00,2026-09-08T00:55:47+02:00,47.0,1,Eidsvoll,VYG:Line:RE11,Eidsvoll-Oslo S-Skien,RE11,rail,VYG:ServiceJourney:838-341_515579-R,True,actual,False,,,,,2026-09-08T03:39:50.209703+02:00
NSR:StopPlace:59643,Grefsen stasjon,2026-09-07T23:11:00+02:00,2026-09-07T23:11:47+02:00,2026-09-07T23:11:47+02:00,47.0,1,Gaustadalléen,RUT:Line:18,Grefsen st [4311] - Rikshospitalet,18,tram,RUT:ServiceJourney:d743ee6a0da11466ea905033cfe103a3,True,actual,False,,,,,2026-09-08T00:20:52.129880+02:00
NSR:StopPlace:58854,Langhus stasjon,2026-09-07T23:12:00+02:00,2026-09-07T23:12:47+02:00,2026-09-07T23:12:47+02:00,47.0,1,Stabekk,VYG:Line:L2,Stabekk-Oslo S-Ski,L2,rail,VYG:ServiceJourney:2778-SKI_444001-R,True,actual,False,,,,,2026-09-08T00:20:52.129880+02:00
NSR:StopPlace:58871,Sande stasjon,2026-09-07T22:40:00+02:00,2026-09-07T22:40:47+02:00,2026-09-07T22:40:47+02:00,47.0,1,Skafjell-Selvik skole,VKT:Line:10,Drammen-Skoger-Sande,10,bus,VKT:ServiceJourney:104168,True,actual,False,,,,,2026-09-08T00:20:52.129880+02:00
NSR:StopPlace:62393,Billingstad stasjon,2026-09-07T22:57:00+02:00,2026-09-07T22:57:47+02:00,2026-09-07T22:57:47+02:00,47.0,1,Lillestrøm,VYG:Line:L1,Spikkestad-Oslo S-Lillestrøm,L1,rail,VYG:ServiceJourney:2174_443585-R,True,actual,False,,,,,2026-09-08T00:20:52.129880+02:00
NSR:StopPlace:33,Ranheim stasjon,2026-09-07T18:29:00+02:00,2026-09-07T18:29:47+02:00,2026-09-07T18:29:47+02:00,47.0,1,Steinkjer,SJN:Line:26,Trønderbanen,R70,rail,SJN:ServiceJourney:447_56076-R,True,actual,False,,,,,2026-09-07T20:27:16.249662+02:00
NSR:StopPlace:61897,Bryn stasjon,2026-09-07T19:50:00+02:00,2026-09-07T19:50:47+02:00,2026-09-07T19:50:47+02:00,47.0,1,Asker,VYG:Line:L1,Spikkestad-Oslo S-Lillestrøm,L1,rail,VYG:ServiceJourney:2159_443568-R,True,actual,False,,,,,2026-09-07T20:27:16.249662+02:00
NSR:StopPlace:59872,Oslo S,2026-09-07T17:04:00+02:00,2026-09-07T17:04:47+02:00,2026-09-07T17:04:47+02:00,47.0,1,Kongsvinger,VYG:Line:R14,Asker-Oslo S-Kongsvinger,R14,rail,VYG:ServiceJourney:1025_442935-R,True,actual,False,,,,,2026-09-07T20:27:16.249662+02:00
NSR:StopPlace:59659,Atna stasjon,2026-09-07T20:07:00+02:00,2026-09-07T20:07:47+02:00,2026-09-07T20:07:47+02:00,47.0,1,Røros,SJN:Line:25,Rørosbanen,R60,rail,SJN:ServiceJourney:2391_54213-R,True,actual,False,,,,,2026-09-07T20:27:16.249662+02:00
NSR:StopPlace:60047,Melhus skysstasjon,2026-09-07T17:48:00+02:00,2026-09-07T17:48:47+02:00,2026-09-07T17:48:47+02:00,47.0,1,Steinkjer,SJN:Line:26,Trønderbanen,R70,rail,SJN:ServiceJourney:447_56076-R,True,actual,False,,,,,2026-09-07T20:27:16.249662+02:00
NSR:StopPlace:60045,Hamar stasjon,2026-09-07T17:11:00+02:00,2026-09-07T17:11:47+02:00,2026-09-07T17:11:47+02:00,47.0,1,Drammen,VYG:Line:RE10,Drammen-Oslo S-Lillehammer,RE10,rail,VYG:ServiceJourney:326-LHM_444219-R,True,actual,False,,,,,2026-09-07T20:27:16.249662+02:00
NSR:StopPlace:60078,Kongsvoll stasjon,2026-09-07T17:35:00+02:00,2026-09-07T17:35:47+02:00,2026-09-07T17:35:47+02:00,47.0,1,Oslo S,SJN:Line:21,Dovrebanen,F6,rail,SJN:ServiceJourney:48-TND_42795-R,True,actual,False,,,,,2026-09-07T20:27:16.249662+02:00
NSR:StopPlace:58963,Jessheim stasjon,2026-09-07T17:25:00+02:00,2026-09-07T17:25:47+02:00,2026-09-07T17:25:47+02:00,47.0,1,Eidsvoll,RUT:Line:430,Eidsvoll - Jessheim,430,bus,RUT:ServiceJourney:f9b0c25a09410c357d952992b67c6a6b,True,actual,False,,,,,2026-09-07T20:27:16.249662+02:00
NSR:StopPlace:58963,Jessheim stasjon,2026-09-07T18:07:00+02:00,2026-09-07T18:07:47+02:00,2026-09-07T18:07:47+02:00,47.0,1,Årnes,RUT:Line:450,Årnes - Oslo lufthavn,450,bus,RUT:ServiceJourney:6393111f8d59cf2a13ba4d5bc5b9e883,True,actual,False,,,,,2026-09-07T20:27:16.249662+02:00
NSR:StopPlace:58964,Kløfta stasjon,2026-09-07T19:49:00+02:00,2026-09-07T19:49:47+02:00,2026-09-07T19:49:47+02:00,47.0,1,Herbergåsen,RUT:Line:460,Herbergåsen - Kløfta,460,bus,RUT:ServiceJourney:787779e487a0897e797866105bfac464,True,actual,False,,,,,2026-09-07T20:27:16.249662+02:00
NSR:StopPlace:58924,Bryne stasjon,2026-09-07T18:20:00+02:00,2026-09-07T18:20:47+02:00,2026-09-07T18:20:47+02:00,47.0,1,Sandnes via Kleppekrossen,KOL:Line:8_2019,52,52,bus,KOL:ServiceJourney:2019_260728141809962_1022,True,actual,False,,,,,2026-09-07T20:27:16.249662+02:00
NSR:StopPlace:58926,Dale stasjon,2026-09-07T17:12:00+02:00,2026-09-07T17:12:47+02:00,2026-09-07T17:12:47+02:00,47.0,1,Myrdal,VYG:Line:R40,Bergen-Voss-Myrdal-Ål,R40,rail,VYG:ServiceJourney:1824_554550-R,True,actual,False,,,,,2026-09-07T20:27:16.249662+02:00
NSR:StopPlace:58948,Stjørdal stasjon,2026-09-07T18:11:00+02:00,2026-09-07T18:11:47+02:00,2026-09-07T18:11:47+02:00,47.0,1,Marienborg via Brattøra,ATB:Line:2_70,Stjørdal/Hommelvik- Trondheim,70,bus,ATB:ServiceJourney:70_251215112547046_84,True,actual,False,,,,,2026-09-07T20:27:16.249662+02:00
NSR:StopPlace:58795,Kambo stasjon,2026-09-07T20:06:00+02:00,2026-09-07T20:06:47+02:00,2026-09-07T20:06:47+02:00,47.0,1,Skredderåsen-Moss sentrum,OST:Line:1_22,Skredderåsen-Kambo,22,bus,OST:ServiceJourney:22_260821062929006_86,True,actual,False,,,,,2026-09-07T20:27:16.249662+02:00
NSR:StopPlace:58796,Moss stasjon,2026-09-07T17:49:00+02:00,2026-09-07T17:49:47+02:00,2026-09-07T17:49:47+02:00,47.0,1,Halden,VYG:Line:RE20,Oslo S-Halden-Göteborg (X-Border),RE20,rail,VYG:ServiceJourney:125_443123-R,True,actual,False,,,,,2026-09-07T20:27:16.249662+02:00
NSR:StopPlace:58834,Hokksund stasjon,2026-09-07T20:00:00+02:00,2026-09-07T20:00:47+02:00,2026-09-07T20:00:47+02:00,47.0,1,Eidsvoll,VYG:Line:R12,Kongsberg-Oslo S-Eidsvoll,R12,rail,VYG:ServiceJourney:532_444341-R,True,actual,False,,,,,2026-09-07T20:27:16.249662+02:00
NSR:StopPlace:58838,Røyken stasjon,2026-09-07T19:03:00+02:00,2026-09-07T19:03:47+02:00,2026-09-07T19:03:47+02:00,47.0,1,Bråset,RUT:Line:260,Hyggen - Bråset -Slemmestad (- Asker),260,bus,RUT:ServiceJourney:c9b0ed1ccf69fa310c721e1b1d6a01e4,True,actual,False,,,,,2026-09-07T20:27:16.249662+02:00
NSR:StopPlace:58844,Eidsvoll stasjon,2026-09-07T18:05:00+02:00,2026-09-07T18:05:47+02:00,2026-09-07T18:05:47+02:00,47.0,1,Fenstad,RUT:Line:441,Eidsvoll - Årnes,441,bus,RUT:ServiceJourney:a120b926aa9847ba2abaefb6dc7a4dbf,True,actual,False,,,,,2026-09-07T20:27:16.249662+02:00
NSR:StopPlace:58845,Eidsvoll verk stasjon,2026-09-07T17:05:00+02:00,2026-09-07T17:05:47+02:00,2026-09-07T17:05:47+02:00,47.0,1,Skien,VYG:Line:RE11,Eidsvoll-Oslo S-Skien,RE11,rail,VYG:ServiceJourney:827_444407-R,True,actual,False,,,,,2026-09-07T20:27:16.249662+02:00
NSR:StopPlace:58852,Høn stasjon,2026-09-07T17:50:00+02:00,2026-09-07T17:50:47+02:00,2026-09-07T17:50:47+02:00,47.0,1,Lillestrøm,VYG:Line:L1,Spikkestad-Oslo S-Lillestrøm,L1,rail,VYG:ServiceJourney:2154_443563-R,True,actual,False,,,,,2026-09-07T20:27:16.249662+02:00
NSR:StopPlace:58853,Kolbotn stasjon,2026-09-07T17:40:00+02:00,2026-09-07T17:40:47+02:00,2026-09-07T17:40:47+02:00,47.0,1,Oslo S,VYG:Line:L2,Stabekk-Oslo S-Ski,L2,rail,VYG:ServiceJourney:2854_444092-R,True,actual,False,,,,,2026-09-07T20:27:16.249662+02:00
NSR:StopPlace:58858,Nittedal stasjon,2026-09-07T18:11:00+02:00,2026-09-07T18:11:47+02:00,2026-09-07T18:11:47+02:00,47.0,1,Dam,RUT:Line:386,Nittedal stasjon - Kruttverket - Dam,386,bus,RUT:ServiceJourney:3d53a39bdcbf2e874ef1d8187916f680,True,actual,False,,,,,2026-09-07T20:27:16.249662+02:00
NSR:StopPlace:58851,Heggedal stasjon,2026-09-07T19:29:00+02:00,2026-09-07T19:29:47+02:00,2026-09-07T19:29:47+02:00,47.0,1,Asker,RUT:Line:280,Asker - Dikemark - Heggedal,280,bus,RUT:ServiceJourney:5f0f6048bc8016f1ba3ef87210df006c,True,actual,False,,,,,2026-09-07T20:27:16.249662+02:00
NSR:StopPlace:58865,Vestby stasjon,2026-09-07T18:45:00+02:00,2026-09-07T18:45:47+02:00,2026-09-07T18:45:47+02:00,47.0,1,Moss,VYG:Line:R21,Stabekk-Oslo S-Moss,R21,rail,VYG:ServiceJourney:1153-HVK_443036-R,True,actual,False,,,,,2026-09-07T20:27:16.249662+02:00
NSR:StopPlace:58866,Vevelstad stasjon,2026-09-07T17:13:00+02:00,2026-09-07T17:13:47+02:00,2026-09-07T17:13:47+02:00,47.0,1,Drøbak - Frogn vgs.,RUT:Line:510,Bøleråsen - Ski - Ås - Drøbak,510,bus,RUT:ServiceJourney:253acd2952525796f52f77ad6efbeb26,True,actual,False,,,,,2026-09-07T20:27:16.249662+02:00
NSR:StopPlace:58866,Vevelstad stasjon,2026-09-07T17:14:00+02:00,2026-09-07T17:14:47+02:00,2026-09-07T17:14:47+02:00,47.0,1,Stabekk,VYG:Line:L2,Stabekk-Oslo S-Ski,L2,rail,VYG:ServiceJourney:2754-SKI_443965-R,True,actual,False,,,,,2026-09-07T20:27:16.249662+02:00
NSR:StopPlace:58866,Vevelstad stasjon,2026-09-07T18:44:00+02:00,2026-09-07T18:44:47+02:00,2026-09-07T18:44:47+02:00,47.0,1,Stabekk,VYG:Line:L2,Stabekk-Oslo S-Ski,L2,rail,VYG:ServiceJourney:2760-SKI_443974-R,True,actual,False,,,,,2026-09-07T20:27:16.249662+02:00
NSR:StopPlace:58866,Vevelstad stasjon,2026-09-07T18:51:00+02:00,2026-09-07T18:51:47+02:00,2026-09-07T18:51:47+02:00,47.0,1,Drøbak - Seiersten,RUT:Line:510,Bøleråsen - Ski - Ås - Drøbak,510,bus,RUT:ServiceJourney:1fcb2423dd63cc7f0b8277839c407d6a,True,actual,False,,,,,2026-09-07T20:27:16.249662+02:00
NSR:StopPlace:62339,Lillestrøm stasjon,2026-09-07T16:56:00+02:00,2026-09-07T16:56:47+02:00,2026-09-07T16:56:47+02:00,47.0,1,Kongsberg,VYG:Line:R12,Kongsberg-Oslo S-Eidsvoll,R12,rail,VYG:ServiceJourney:525_444330-R,True,actual,False,Heis i spor 1 og 2 er ute av bruk på grunn av vedlikehold.,Heis i spor 1 og 2 er ute av bruk på grunn av vedlikehold.,general,normal,2026-09-07T20:27:16.249662+02:00
NSR:StopPlace:62392,Slependen stasjon,2026-09-07T16:59:00+02:00,2026-09-07T16:59:47+02:00,2026-09-07T16:59:47+02:00,47.0,1,Lillestrøm,VYG:Line:L1,Spikkestad-Oslo S-Lillestrøm,L1,rail,VYG:ServiceJourney:2150_443559-R,True,actual,False,,,,,2026-09-07T20:27:16.249662+02:00
NSR:StopPlace:62392,Slependen stasjon,2026-09-07T19:33:00+02:00,2026-09-07T19:33:47+02:00,2026-09-07T19:33:47+02:00,47.0,1,Spikkestad,VYG:Line:L1,Spikkestad-Oslo S-Lillestrøm,L1,rail,VYG:ServiceJourney:2257_443680-R,True,actual,False,,,,,2026-09-07T20:27:16.249662+02:00
NSR:StopPlace:41,Hanaborg stasjon,2026-09-07T14:34:00+02:00,2026-09-07T14:34:47+02:00,2026-09-07T14:34:47+02:00,47.0,1,Asker,VYG:Line:L1,Spikkestad-Oslo S-Lillestrøm,L1,rail,VYG:ServiceJourney:2139_443546-R,True,actual,False,,,,,2026-09-07T15:44:36.205822+02:00
NSR:StopPlace:59638,Myrvoll stasjon,2026-09-07T14:21:00+02:00,2026-09-07T14:21:47+02:00,2026-09-07T14:21:47+02:00,47.0,1,Stabekk,VYG:Line:L2,Stabekk-Oslo S-Ski,L2,rail,VYG:ServiceJourney:2742-SKI_443952-R,True,actual,False,,,,,2026-09-07T15:44:36.205822+02:00
NSR:StopPlace:58837,Nesbyen stasjon,2026-09-07T14:47:00+02:00,2026-09-07T14:47:47+02:00,2026-09-07T14:47:47+02:00,47.0,1,Gol skysstasjon,BRA:Line:4_6301,Stavn - Nesbyen - Gol,301,bus,BRA:ServiceJourney:6301_260415100158895_1005,True,actual,False,,,,,2026-09-07T15:44:36.205822+02:00
NSR:StopPlace:58865,Vestby stasjon,2026-09-07T14:50:00+02:00,2026-09-07T14:50:47+02:00,2026-09-07T14:50:47+02:00,47.0,1,Moss,RUT:Line:540,Moss - Son - Vestby stasjon,540,bus,RUT:ServiceJourney:d508e823d9bc6d6e54ca715d41bd1e99,True,actual,False,,,,,2026-09-07T15:44:36.205822+02:00
NSR:StopPlace:58884,Skien stasjon,2026-09-07T15:26:00+02:00,2026-09-07T15:26:47+02:00,2026-09-07T15:26:47+02:00,47.0,1,Skjelsvik via Klyve,TEL:Line:8043,Skien-Klyve-Skjelsvik,M3,bus,TEL:ServiceJourney:127187,True,actual,False,,,,,2026-09-07T15:44:36.205822+02:00
NSR:StopPlace:58826,Reinsvoll stasjon,2026-09-07T15:23:00+02:00,2026-09-07T15:23:47+02:00,2026-09-07T15:23:47+02:00,47.0,1,Reinsvoll-Eina,INN:Line:406,Gjø.-Reinsv.-Eina-Reinsv.-Gjø.,406,bus,INN:ServiceJourney:65791,True,actual,False,,,,,2026-09-07T15:44:36.205822+02:00
NSR:StopPlace:62309,Ljan stasjon,2026-09-07T14:20:00+02:00,2026-09-07T14:20:47+02:00,2026-09-07T14:20:47+02:00,47.0,1,Skøyen,VYG:Line:L2,Stabekk-Oslo S-Ski,L2,rail,VYG:ServiceJourney:2840-SKI_488383-R,True,actual,False,,,,,2026-09-07T15:44:36.205822+02:00
NSR:StopPlace:61251,Øksnavadporten stasjon,2026-09-07T06:13:00+02:00,2026-09-07T06:13:47+02:00,2026-09-07T06:13:47+02:00,47.0,1,Egersund,GOA:Line:59,Jærbanen,L5,rail,GOA:ServiceJourney:3008_63040-R,True,actual,False,,,,,2026-09-07T08:42:24.659182+02:00
NSR:StopPlace:8,Paradis stasjon,2026-09-07T05:16:00+02:00,2026-09-07T05:16:47+02:00,2026-09-07T05:16:47+02:00,47.0,1,Egersund,GOA:Line:59,Jærbanen,L5,rail,GOA:ServiceJourney:3006_63037-R,True,actual,False,,,,,2026-09-07T08:42:24.659182+02:00
NSR:StopPlace:8,Paradis stasjon,2026-09-07T06:05:00+02:00,2026-09-07T06:05:47+02:00,2026-09-07T06:05:47+02:00,47.0,1,Skeiane,GOA:Line:59,Jærbanen,L5,rail,GOA:ServiceJourney:3106_63151-R,True,actual,False,,,,,2026-09-07T08:42:24.659182+02:00
NSR:StopPlace:8,Paradis stasjon,2026-09-07T07:42:00+02:00,2026-09-07T07:42:47+02:00,2026-09-07T07:42:47+02:00,47.0,1,Stavanger,GOA:Line:59,Jærbanen,L5,rail,GOA:ServiceJourney:3111_63156-R,True,actual,False,,,,,2026-09-07T08:42:24.659182+02:00
NSR:StopPlace:53,Røros stasjon,2026-09-07T05:00:00+02:00,2026-09-07T05:00:47+02:00,2026-09-07T05:00:47+02:00,47.0,1,Trondheim S,SJN:Line:25,Rørosbanen,R60,rail,SJN:ServiceJourney:411_37676-R,True,actual,False,,,,,2026-09-07T08:42:24.659182+02:00
NSR:StopPlace:61735,Hell stasjon,2026-09-07T07:42:00+02:00,2026-09-07T07:42:47+02:00,2026-09-07T07:42:47+02:00,47.0,1,Storlien,SJN:Line:72,Meråkerbanen,R71,rail,SJN:ServiceJourney:1303_53533-R,True,actual,False,,,,,2026-09-07T08:42:24.659182+02:00
NSR:StopPlace:59872,Oslo S,2026-09-07T06:27:00+02:00,2026-09-07T06:27:47+02:00,2026-09-07T06:27:47+02:00,47.0,1,Asker,VYG:Line:L1,Spikkestad-Oslo S-Lillestrøm,L1,rail,VYG:ServiceJourney:2105_443509-R,True,actual,False,,,,,2026-09-07T08:42:24.659182+02:00
NSR:StopPlace:59648,Kjelsås stasjon,2026-09-07T07:34:00+02:00,2026-09-07T07:34:47+02:00,2026-09-07T07:34:47+02:00,47.0,1,Majorstuen,RUT:Line:25,Majorstuen-Haugerud,25,bus,RUT:ServiceJourney:7440482686518146130e1322f7f246df,True,actual,False,,,,,2026-09-07T08:42:24.659182+02:00
NSR:StopPlace:59649,Nydalen stasjon,2026-09-07T06:56:00+02:00,2026-09-07T06:56:47+02:00,2026-09-07T06:56:47+02:00,47.0,1,Simensbråten,RUT:Line:23,Lysaker - Simensbråten,23,bus,RUT:ServiceJourney:fa6b7d369723c06d5c5956324ce77023,True,actual,False,,,,,2026-09-07T08:42:24.659182+02:00
NSR:StopPlace:59641,Fjellhamar stasjon,2026-09-07T08:02:00+02:00,2026-09-07T08:02:47+02:00,2026-09-07T08:02:47+02:00,47.0,1,Asker,VYG:Line:L1,Spikkestad-Oslo S-Lillestrøm,L1,rail,VYG:ServiceJourney:2113_443518-R,True,actual,False,Færre vogner,Denne avgangen kjører dessverre med 4 vogner i stedet for 8 vogner. Dette skyldes at vi mangler et togsett.,general,normal,2026-09-07T08:42:24.659182+02:00
NSR:StopPlace:59654,Stabekk stasjon,2026-09-07T06:40:00+02:00,2026-09-07T06:40:47+02:00,2026-09-07T06:40:47+02:00,47.0,1,Lillestrøm,VYG:Line:L1,Spikkestad-Oslo S-Lillestrøm,L1,rail,VYG:ServiceJourney:2108_443512-R,True,actual,False,,,,,2026-09-07T08:42:24.659182+02:00
NSR:StopPlace:60047,Melhus skysstasjon,2026-09-07T06:56:00+02:00,2026-09-07T06:56:47+02:00,2026-09-07T06:56:47+02:00,47.0,1,Dora via E6 - City Syd E6,ATB:Line:2_71,MelhusSkyss-Trondheim,71,bus,ATB:ServiceJourney:71_251215112545703_12,True,actual,False,,,,,2026-09-07T08:42:24.659182+02:00
NSR:StopPlace:60045,Hamar stasjon,2026-09-07T08:11:00+02:00,2026-09-07T08:11:47+02:00,2026-09-07T08:11:47+02:00,47.0,1,Drammen,VYG:Line:RE10,Drammen-Oslo S-Lillehammer,RE10,rail,VYG:ServiceJourney:308-DOM_444144-R,True,actual,False,,,,,2026-09-07T08:42:24.659182+02:00
NSR:StopPlace:60077,Støren stasjon,2026-09-07T07:18:00+02:00,2026-09-07T07:18:47+02:00,2026-09-07T07:18:47+02:00,47.0,1,Melhus skysst. via Gimse skole,ATB:Line:2_340,Trondheim - Støren,340,bus,ATB:ServiceJourney:340_260106098640155_21,True,actual,False,,,,,2026-09-07T08:42:24.659182+02:00
NSR:StopPlace:59638,Myrvoll stasjon,2026-09-07T07:21:00+02:00,2026-09-07T07:21:47+02:00,2026-09-07T07:21:47+02:00,47.0,1,Stabekk,VYG:Line:L2,Stabekk-Oslo S-Ski,L2,rail,VYG:ServiceJourney:2714-SKI_443920-R,True,actual,False,,,,,2026-09-07T08:42:24.659182+02:00
NSR:StopPlace:58916,Charlottenberg station,2026-09-07T07:30:00+02:00,2026-09-07T07:30:47+02:00,2026-09-07T07:30:47+02:00,47.0,1,Kongsvinger,INN:Line:120,Kongsvinger - Charlottenberg,120,bus,INN:ServiceJourney:54604,True,actual,False,,,,,2026-09-07T08:42:24.659182+02:00
NSR:StopPlace:58793,Askim stasjon,2026-09-07T07:30:00+02:00,2026-09-07T07:30:47+02:00,2026-09-07T07:30:47+02:00,47.0,1,Mysen vgs.,OST:Line:1_477,Mysen vgs.,477,bus,OST:ServiceJourney:477_260807094167863_9,True,actual,False,,,,,2026-09-07T08:42:24.659182+02:00
NSR:StopPlace:58794,Fredrikstad stasjon,2026-09-07T06:37:00+02:00,2026-09-07T06:37:47+02:00,2026-09-07T06:37:47+02:00,47.0,1,Oslo S,VYG:Line:RE20,Oslo S-Halden-Göteborg (X-Border),RE20,rail,VYG:ServiceJourney:106-HLD_508942-R,True,actual,False,,,,,2026-09-07T08:42:24.659182+02:00
NSR:StopPlace:58846,Fetsund stasjon,2026-09-07T06:43:00+02:00,2026-09-07T06:43:47+02:00,2026-09-07T06:43:47+02:00,47.0,1,Garderåsen,RUT:Line:321,Fetsund - Garderåsen,321,bus,RUT:ServiceJourney:049883c068490a5e3786ae72d4a392ce,True,actual,False,,,,,2026-09-07T08:42:24.659182+02:00
NSR:StopPlace:58840,Vestfossen stasjon,2026-09-07T08:06:00+02:00,2026-09-07T08:06:47+02:00,2026-09-07T08:06:47+02:00,47.0,1,Kongsberg,VYG:Line:R12,Kongsberg-Oslo S-Eidsvoll,R12,rail,VYG:ServiceJourney:505_444298-R,True,actual,False,,,,,2026-09-07T08:42:24.659182+02:00
NSR:StopPlace:58852,Høn stasjon,2026-09-07T06:06:00+02:00,2026-09-07T06:06:47+02:00,2026-09-07T06:06:47+02:00,47.0,1,Lillestrøm,VYG:Line:L1,Spikkestad-Oslo S-Lillestrøm,L1,rail,VYG:ServiceJourney:2208_764738-R,True,actual,False,Færre vogner,Denne avgangen kjører dessverre med 4 vogner i stedet for 8 vogner. Dette skyldes at vi mangler et togsett.,general,normal,2026-09-07T08:42:24.659182+02:00
NSR:StopPlace:58857,Lørenskog stasjon,2026-09-07T08:06:00+02:00,2026-09-07T08:06:47+02:00,2026-09-07T08:06:47+02:00,47.0,1,Asker,VYG:Line:L1,Spikkestad-Oslo S-Lillestrøm,L1,rail,VYG:ServiceJourney:2113_443518-R,True,actual,False,Færre vogner,Denne avgangen kjører dessverre med 4 vogner i stedet for 8 vogner. Dette skyldes at vi mangler et togsett.,general,normal,2026-09-07T08:42:24.659182+02:00
NSR:StopPlace:58850,Hauerseter stasjon,2026-09-07T06:30:00+02:00,2026-09-07T06:30:47+02:00,2026-09-07T06:30:47+02:00,47.0,1,Drammen,VYG:Line:R13,Drammen-Oslo S-Dal,R13,rail,VYG:ServiceJourney:1608_443225-R,True,actual,False,,,,,2026-09-07T08:42:24.659182+02:00
NSR:StopPlace:58865,Vestby stasjon,2026-09-07T05:50:00+02:00,2026-09-07T05:50:47+02:00,2026-09-07T05:50:47+02:00,47.0,1,Moss,RUT:Line:540,Moss - Son - Vestby stasjon,540,bus,RUT:ServiceJourney:25e38ee8a716ddc7f43b28dd99cb884f,True,actual,False,,,,,2026-09-07T08:42:24.659182+02:00
NSR:StopPlace:58866,Vevelstad stasjon,2026-09-07T05:59:00+02:00,2026-09-07T05:59:47+02:00,2026-09-07T05:59:47+02:00,47.0,1,Lysaker,VYG:Line:L2,Stabekk-Oslo S-Ski,L2,rail,VYG:ServiceJourney:2808-SKI_444019-R,True,actual,False,,,,,2026-09-07T08:42:24.659182+02:00
NSR:StopPlace:58866,Vevelstad stasjon,2026-09-07T06:43:00+02:00,2026-09-07T06:43:47+02:00,2026-09-07T06:43:47+02:00,47.0,1,Drøbak - Seiersten,RUT:Line:510,Bøleråsen - Ski - Ås - Drøbak,510,bus,RUT:ServiceJourney:5b104157692fef61270af666f44b2f83,True,actual,False,,,,,2026-09-07T08:42:24.659182+02:00
NSR:StopPlace:58862,Strømmen stasjon,2026-09-07T05:15:00+02:00,2026-09-07T05:15:47+02:00,2026-09-07T05:15:47+02:00,47.0,1,Spikkestad,VYG:Line:L1,Spikkestad-Oslo S-Lillestrøm,L1,rail,VYG:ServiceJourney:2203_764731-R,True,actual,False,Færre vogner,Denne avgangen kjører dessverre med 4 vogner i stedet for 8 vogner. Dette skyldes at vi mangler et togsett.,general,normal,2026-09-07T08:42:24.659182+02:00
NSR:StopPlace:58870,Holmestrand stasjon,2026-09-07T06:45:00+02:00,2026-09-07T06:45:47+02:00,2026-09-07T06:45:47+02:00,47.0,1,Horten-Tønsberg,VKT:Line:2,Tjøme-Tønsberg-Horten-Holmestr,2,bus,VKT:ServiceJourney:15813,True,actual,False,Forsinkelser Linje 2 og 411,Pga. veiarbeid i Horten sentrum vil det kunne oppstå forsinkelser på busser i tidsrommet 3.-11. september. ,incident,normal,2026-09-07T08:42:24.659182+02:00
NSR:StopPlace:58884,Skien stasjon,2026-09-07T07:06:00+02:00,2026-09-07T07:06:47+02:00,2026-09-07T07:06:47+02:00,47.0,1,Skjelsvik via Klyve,TEL:Line:8043,Skien-Klyve-Skjelsvik,M3,bus,TEL:ServiceJourney:127152,True,actual,False,,,,,2026-09-07T08:42:24.659182+02:00
NSR:StopPlace:58810,Løten stasjon,2026-09-07T08:02:00+02:00,2026-09-07T08:02:47+02:00,2026-09-07T08:02:47+02:00,47.0,1,Løten,INN:Line:694,Løten - Skogbygda,694,bus,INN:ServiceJourney:84927,True,actual,False,,,,,2026-09-07T08:42:24.659182+02:00
NSR:StopPlace:58818,Gran stasjon,2026-09-07T07:45:00+02:00,2026-09-07T07:45:47+02:00,2026-09-07T07:45:47+02:00,47.0,1,Lunner barneskole via SÅS,INN:Line:465,Lunner b.sk.-Roa-Oppdalen-Gran,465,bus,INN:ServiceJourney:71224,True,actual,False,,,,,2026-09-07T08:42:24.659182+02:00
NSR:StopPlace:393,Leangen stasjon,2026-09-07T06:23:00+02:00,2026-09-07T06:23:47+02:00,2026-09-07T06:23:47+02:00,47.0,1,Støren,SJN:Line:26,Trønderbanen,R70,rail,SJN:ServiceJourney:420_56049-R,True,actual,False,,,,,2026-09-07T08:42:24.659182+02:00
NSR:StopPlace:313,Høybråten stasjon,2026-09-07T08:08:00+02:00,2026-09-07T08:08:47+02:00,2026-09-07T08:08:47+02:00,47.0,1,Asker,VYG:Line:L1,Spikkestad-Oslo S-Lillestrøm,L1,rail,VYG:ServiceJourney:2113_443518-R,True,actual,False,Færre vogner,Denne avgangen kjører dessverre med 4 vogner i stedet for 8 vogner. Dette skyldes at vi mangler et togsett.,general,normal,2026-09-07T08:42:24.659182+02:00
NSR:StopPlace:206,Mariero stasjon,2026-09-07T07:14:00+02:00,2026-09-07T07:14:47+02:00,2026-09-07T07:14:47+02:00,47.0,1,Skeiane,GOA:Line:59,Jærbanen,L5,rail,GOA:ServiceJourney:3110_63155-R,True,actual,False,,,,,2026-09-07T08:42:24.659182+02:00
NSR:StopPlace:261,Ganddal stasjon,2026-09-07T06:09:00+02:00,2026-09-07T06:09:47+02:00,2026-09-07T06:09:47+02:00,47.0,1,Egersund,GOA:Line:59,Jærbanen,L5,rail,GOA:ServiceJourney:3008_63040-R,True,actual,False,,,,,2026-09-07T08:42:24.659182+02:00
NSR:StopPlace:628,Darbu stasjon,2026-09-07T04:47:00+02:00,2026-09-07T04:47:47+02:00,2026-09-07T04:47:47+02:00,47.0,1,Eidsvoll,VYG:Line:R12,Kongsberg-Oslo S-Eidsvoll,R12,rail,VYG:ServiceJourney:502_444293-R,True,actual,False,,,,,2026-09-07T08:42:24.659182+02:00
NSR:StopPlace:610,Sandvika stasjon,2026-09-07T06:39:00+02:00,2026-09-07T06:39:47+02:00,2026-09-07T06:39:47+02:00,47.0,1,Bergen,VYG:Line:F4,Oslo S-Bergen,F4,rail,VYG:ServiceJourney:61-LOD_504304-R,True,actual,False,,,,,2026-09-07T08:42:24.659182+02:00
NSR:StopPlace:62339,Lillestrøm stasjon,2026-09-07T07:46:00+02:00,2026-09-07T07:46:47+02:00,2026-09-07T07:46:47+02:00,47.0,1,Asker,VYG:Line:R14,Asker-Oslo S-Kongsvinger,R14,rail,VYG:ServiceJourney:1006_442911-R,True,actual,False,Heis i spor 1 og 2 er ute av bruk på grunn av vedlikehold.,Heis i spor 1 og 2 er ute av bruk på grunn av vedlikehold.,general,normal,2026-09-07T08:42:24.659182+02:00
NSR:StopPlace:59872,Oslo S,2026-09-08T00:24:00+02:00,2026-09-08T00:24:46+02:00,2026-09-08T00:24:46+02:00,46.0,1,Eidsvoll,VYG:Line:RE11,Eidsvoll-Oslo S-Skien,RE11,rail,VYG:ServiceJourney:838-341_515579-R,True,actual,False,,,,,2026-09-08T03:39:50.209703+02:00
NSR:StopPlace:58878,Drangedal stasjon,2026-09-08T01:12:00+02:00,2026-09-08T01:12:46+02:00,2026-09-08T01:12:46+02:00,46.0,1,Stavanger,GOA:Line:50,Sørtoget region,F5,rail,GOA:ServiceJourney:725-LOD_67061-R,True,actual,False,,,,,2026-09-08T03:39:50.209703+02:00
NSR:StopPlace:61463,Nordstrand stasjon,2026-09-07T23:22:00+02:00,2026-09-07T23:22:46+02:00,2026-09-07T23:22:46+02:00,46.0,1,Skøyen,VYG:Line:L2,Stabekk-Oslo S-Ski,L2,rail,VYG:ServiceJourney:2876-SKI_488402-R,True,actual,False,,,,,2026-09-08T00:20:52.129880+02:00
NSR:StopPlace:59641,Fjellhamar stasjon,2026-09-07T22:17:00+02:00,2026-09-07T22:17:46+02:00,2026-09-07T22:17:46+02:00,46.0,1,Spikkestad,VYG:Line:L1,Spikkestad-Oslo S-Lillestrøm,L1,rail,VYG:ServiceJourney:2271_443704-R,True,actual,False,,,,,2026-09-08T00:20:52.129880+02:00
NSR:StopPlace:59650,Nyland stasjon,2026-09-07T23:29:00+02:00,2026-09-07T23:29:46+02:00,2026-09-07T23:29:46+02:00,46.0,1,Spikkestad,VYG:Line:L1,Spikkestad-Oslo S-Lillestrøm,L1,rail,VYG:ServiceJourney:2275_443710-R,True,actual,False,,,,,2026-09-08T00:20:52.129880+02:00
NSR:StopPlace:59653,Haugenstua stasjon,2026-09-07T23:55:00+02:00,2026-09-07T23:55:46+02:00,2026-09-07T23:55:46+02:00,46.0,1,Spikkestad,VYG:Line:L1,Spikkestad-Oslo S-Lillestrøm,L1,rail,VYG:ServiceJourney:2277_443713-R,True,actual,False,,,,,2026-09-08T00:20:52.129880+02:00
NSR:StopPlace:59638,Myrvoll stasjon,2026-09-07T22:56:00+02:00,2026-09-07T22:56:46+02:00,2026-09-07T22:56:46+02:00,46.0,1,Ski stasjon,RUT:Line:580,Kolbotn - Ski,580,bus,RUT:ServiceJourney:533211632a655a30e329ee67262fa858,True,actual,False,,,,,2026-09-08T00:20:52.129880+02:00
NSR:StopPlace:59639,Sonsveien stasjon,2026-09-07T23:04:00+02:00,2026-09-07T23:04:46+02:00,2026-09-07T23:04:46+02:00,46.0,1,Stabekk,VYG:Line:R21,Stabekk-Oslo S-Moss,R21,rail,VYG:ServiceJourney:1176-MOS_443075-R,True,actual,False,,,,,2026-09-08T00:20:52.129880+02:00
NSR:StopPlace:58839,Steinberg stasjon,2026-09-07T22:54:00+02:00,2026-09-07T22:54:46+02:00,2026-09-07T22:54:46+02:00,46.0,1,Hokksund,BRA:Line:4_6101,Drammen-Vikersund/Hønefoss,101,bus,BRA:ServiceJourney:6101_260415100161224_1063,True,actual,False,,,,,2026-09-08T00:20:52.129880+02:00
NSR:StopPlace:58845,Eidsvoll verk stasjon,2026-09-07T22:25:00+02:00,2026-09-07T22:25:46+02:00,2026-09-07T22:25:46+02:00,46.0,1,Eidsvoll,VYG:Line:R12,Kongsberg-Oslo S-Eidsvoll,R12,rail,VYG:ServiceJourney:534_444344-R,True,actual,False,,,,,2026-09-08T00:20:52.129880+02:00
NSR:StopPlace:58846,Fetsund stasjon,2026-09-07T21:37:00+02:00,2026-09-07T21:37:46+02:00,2026-09-07T21:37:46+02:00,46.0,1,Asker,VYG:Line:R14,Asker-Oslo S-Kongsvinger,R14,rail,VYG:ServiceJourney:1034_442946-R,True,actual,False,,,,,2026-09-08T00:20:52.129880+02:00
NSR:StopPlace:58860,Oppegård stasjon,2026-09-07T21:46:00+02:00,2026-09-07T21:46:46+02:00,2026-09-07T21:46:46+02:00,46.0,1,Stabekk,VYG:Line:L2,Stabekk-Oslo S-Ski,L2,rail,VYG:ServiceJourney:2772-SKI_443993-R,True,actual,False,,,,,2026-09-08T00:20:52.129880+02:00
NSR:StopPlace:101,Sagdalen stasjon,2026-09-07T22:43:00+02:00,2026-09-07T22:43:46+02:00,2026-09-07T22:43:46+02:00,46.0,1,Spikkestad,VYG:Line:L1,Spikkestad-Oslo S-Lillestrøm,L1,rail,VYG:ServiceJourney:2273_443707-R,True,actual,False,,,,,2026-09-08T00:20:52.129880+02:00
NSR:StopPlace:702,Sandnes sentrum stasjon,2026-09-07T23:45:00+02:00,2026-09-07T23:45:46+02:00,2026-09-07T23:45:46+02:00,46.0,1,Stavanger,GOA:Line:59,Jærbanen,L5,rail,GOA:ServiceJourney:3075_63138-R,True,actual,False,,,,,2026-09-08T00:20:52.129880+02:00
NSR:StopPlace:610,Sandvika stasjon,2026-09-07T22:32:00+02:00,2026-09-07T22:32:46+02:00,2026-09-07T22:32:46+02:00,46.0,1,Lillestrøm,VYG:Line:L1,Spikkestad-Oslo S-Lillestrøm,L1,rail,VYG:ServiceJourney:2172_443583-R,True,actual,False,,,,,2026-09-08T00:20:52.129880+02:00
NSR:StopPlace:62392,Slependen stasjon,2026-09-07T22:15:00+02:00,2026-09-07T22:15:46+02:00,2026-09-07T22:15:46+02:00,46.0,1,Lillestrøm,VYG:Line:L1,Spikkestad-Oslo S-Lillestrøm,L1,rail,VYG:ServiceJourney:2272_465117-R,True,actual,False,,,,,2026-09-08T00:20:52.129880+02:00
NSR:StopPlace:61463,Nordstrand stasjon,2026-09-07T20:22:00+02:00,2026-09-07T20:22:46+02:00,2026-09-07T20:22:46+02:00,46.0,1,Ski,VYG:Line:L2,Stabekk-Oslo S-Ski,L2,rail,VYG:ServiceJourney:2761-HVK_443975-R,True,actual,False,,,,,2026-09-07T20:27:16.249662+02:00
NSR:StopPlace:59648,Kjelsås stasjon,2026-09-07T17:39:00+02:00,2026-09-07T17:39:46+02:00,2026-09-07T17:39:46+02:00,46.0,1,Kværnerbyen,RUT:Line:54,Kværnerbyen - Kjelsås stasjon,54,bus,RUT:ServiceJourney:6edc3f11f1837b2f935d1c0b9f87f7b7,True,actual,False,,,,,2026-09-07T20:27:16.249662+02:00
NSR:StopPlace:59261,Trondheim lufthavn,2026-09-07T17:49:00+02:00,2026-09-07T17:49:46+02:00,2026-09-07T17:49:46+02:00,46.0,1,Stjørdal stasjon,ATB:Line:2_70,Stjørdal/Hommelvik- Trondheim,70,bus,ATB:ServiceJourney:70_251215112546983_75,True,actual,False,,,,,2026-09-07T20:27:16.249662+02:00
NSR:StopPlace:59638,Myrvoll stasjon,2026-09-07T18:20:00+02:00,2026-09-07T18:20:46+02:00,2026-09-07T18:20:46+02:00,46.0,1,Filipstad,RUT:Line:81,Fornebu - Myrvoll stasjon,81,bus,RUT:ServiceJourney:99665e0131762f940fc854be85208f2f,True,actual,False,,,,,2026-09-07T20:27:16.249662+02:00
NSR:StopPlace:59639,Sonsveien stasjon,2026-09-07T19:04:00+02:00,2026-09-07T19:04:46+02:00,2026-09-07T19:04:46+02:00,46.0,1,Stabekk,VYG:Line:R21,Stabekk-Oslo S-Moss,R21,rail,VYG:ServiceJourney:1160-MOS_443049-R,True,actual,False,,,,,2026-09-07T20:27:16.249662+02:00
NSR:StopPlace:58925,Gausel stasjon,2026-09-07T17:45:00+02:00,2026-09-07T17:45:46+02:00,2026-09-07T17:45:46+02:00,46.0,1,Forus,KOL:Line:8_1003,2,2,bus,KOL:ServiceJourney:1003_251008123074018_1116,True,actual,False,,,,,2026-09-07T20:27:16.249662+02:00
NSR:StopPlace:58930,Larvik stasjon,2026-09-07T17:35:00+02:00,2026-09-07T17:35:46+02:00,2026-09-07T17:35:46+02:00,46.0,1,Nordbyen,VKT:Line:81,Nordbyen-Nevlunghavn,81,bus,VKT:ServiceJourney:18141,True,actual,False,,,,,2026-09-07T20:27:16.249662+02:00
NSR:StopPlace:58932,Hommelvik stasjon,2026-09-07T17:35:00+02:00,2026-09-07T17:35:46+02:00,2026-09-07T17:35:46+02:00,46.0,1,Stjørdal stasjon,ATB:Line:2_70,Stjørdal/Hommelvik- Trondheim,70,bus,ATB:ServiceJourney:70_251215112546983_75,True,actual,False,,,,,2026-09-07T20:27:16.249662+02:00
NSR:StopPlace:58830,Brakerøya stasjon,2026-09-07T16:38:00+02:00,2026-09-07T16:38:46+02:00,2026-09-07T16:38:46+02:00,46.0,1,Dal,VYG:Line:R13,Drammen-Oslo S-Dal,R13,rail,VYG:ServiceJourney:1649_443318-R,True,actual,False,,,,,2026-09-07T20:27:16.249662+02:00
NSR:StopPlace:58834,Hokksund stasjon,2026-09-07T17:55:00+02:00,2026-09-07T17:55:46+02:00,2026-09-07T17:55:46+02:00,46.0,1,Harakollen,BRA:Line:4_6125,Hokksund - Harakollen,125,bus,BRA:ServiceJourney:6125_260415100159540_1024,True,actual,False,,,,,2026-09-07T20:27:16.249662+02:00
NSR:StopPlace:58839,Steinberg stasjon,2026-09-07T19:35:00+02:00,2026-09-07T19:35:46+02:00,2026-09-07T19:35:46+02:00,46.0,1,Drammen via Mjøndalen,BRA:Line:4_6101,Drammen-Vikersund/Hønefoss,101,bus,BRA:ServiceJourney:6101_260415100161284_1060,True,actual,False,,,,,2026-09-07T20:27:16.249662+02:00
NSR:StopPlace:58858,Nittedal stasjon,2026-09-07T18:41:00+02:00,2026-09-07T18:41:46+02:00,2026-09-07T18:41:46+02:00,46.0,1,Dam,RUT:Line:386,Nittedal stasjon - Kruttverket - Dam,386,bus,RUT:ServiceJourney:9c68a0a2e13ed70ea529711e86f736c2,True,actual,False,,,,,2026-09-07T20:27:16.249662+02:00
NSR:StopPlace:58864,Sørumsand stasjon,2026-09-07T17:51:00+02:00,2026-09-07T17:51:46+02:00,2026-09-07T17:51:46+02:00,46.0,1,Skedsmokorset,RUT:Line:365,Sørumsand - Frogner - Skedsmokorset,365,bus,RUT:ServiceJourney:b3d0c8c30fbb158e09569cf58e816d4a,True,actual,False,,,,,2026-09-07T20:27:16.249662+02:00
NSR:StopPlace:58869,Ås stasjon,2026-09-07T17:40:00+02:00,2026-09-07T17:40:46+02:00,2026-09-07T17:40:46+02:00,46.0,1,Moss,VYG:Line:R21,Stabekk-Oslo S-Moss,R21,rail,VYG:ServiceJourney:1149-HVK_443028-R,True,actual,False,,,,,2026-09-07T20:27:16.249662+02:00
NSR:StopPlace:58861,Solbråtan stasjon,2026-09-07T17:23:00+02:00,2026-09-07T17:23:46+02:00,2026-09-07T17:23:46+02:00,46.0,1,Stabekk,VYG:Line:L2,Stabekk-Oslo S-Ski,L2,rail,VYG:ServiceJourney:2754-SKI_443965-R,True,actual,False,,,,,2026-09-07T20:27:16.249662+02:00
NSR:StopPlace:441,Auli stasjon,2026-09-07T17:42:00+02:00,2026-09-07T17:42:46+02:00,2026-09-07T17:42:46+02:00,46.0,1,Kongsvinger,VYG:Line:R14,Asker-Oslo S-Kongsvinger,R14,rail,VYG:ServiceJourney:1025_442935-R,True,actual,False,,,,,2026-09-07T20:27:16.249662+02:00
NSR:StopPlace:8,Paradis stasjon,2026-09-07T14:41:00+02:00,2026-09-07T14:41:46+02:00,2026-09-07T14:41:46+02:00,46.0,1,Skeiane,GOA:Line:59,Jærbanen,L5,rail,GOA:ServiceJourney:3140_63185-R,True,actual,False,,,,,2026-09-07T15:44:36.205822+02:00
NSR:StopPlace:33,Ranheim stasjon,2026-09-07T13:29:00+02:00,2026-09-07T13:29:46+02:00,2026-09-07T13:29:46+02:00,46.0,1,Steinkjer,SJN:Line:26,Trønderbanen,R70,rail,SJN:ServiceJourney:437_56066-R,True,actual,False,,,,,2026-09-07T15:44:36.205822+02:00
NSR:StopPlace:59641,Fjellhamar stasjon,2026-09-07T14:25:00+02:00,2026-09-07T14:25:46+02:00,2026-09-07T14:25:46+02:00,46.0,1,Vallerudtoppen,RUT:Line:315,Vallerudtoppen - Ahus,315,bus,RUT:ServiceJourney:b77addb26c0c8cd5553554d211e15a34,True,actual,False,,,,,2026-09-07T15:44:36.205822+02:00
NSR:StopPlace:60569,Sirevåg stasjon,2026-09-07T14:33:00+02:00,2026-09-07T14:33:46+02:00,2026-09-07T14:33:46+02:00,46.0,1,Stavanger,GOA:Line:59,Jærbanen,L5,rail,GOA:ServiceJourney:3041_63082-R,True,actual,False,,,,,2026-09-07T15:44:36.205822+02:00
NSR:StopPlace:58931,Fannrem stasjon,2026-09-07T15:00:00+02:00,2026-09-07T15:00:46+02:00,2026-09-07T15:00:46+02:00,46.0,1,Trondheim S via Orkanger skysst.,ATB:Line:2_310,Trondheim - Orkanger - Fannrem,310,bus,ATB:ServiceJourney:310_260106098639824_37,True,actual,False,,,,,2026-09-07T15:44:36.205822+02:00
NSR:StopPlace:58845,Eidsvoll verk stasjon,2026-09-07T14:05:00+02:00,2026-09-07T14:05:46+02:00,2026-09-07T14:05:46+02:00,46.0,1,Hurdal,RUT:Line:445,Hurdal - Eidsvoll verk,445,bus,RUT:ServiceJourney:1adb4918bccae748b96bd4d8ff6dc3d9,True,actual,False,,,,,2026-09-07T15:44:36.205822+02:00
NSR:StopPlace:58810,Løten stasjon,2026-09-07T15:06:00+02:00,2026-09-07T15:06:46+02:00,2026-09-07T15:06:46+02:00,46.0,1,Hamar - Brumunddal,INN:Line:26,Brumunddal - Hamar - Løten,B26,bus,INN:ServiceJourney:54049,True,actual,False,,,,,2026-09-07T15:44:36.205822+02:00
NSR:StopPlace:206,Mariero stasjon,2026-09-07T15:39:00+02:00,2026-09-07T15:39:46+02:00,2026-09-07T15:39:46+02:00,46.0,1,Stavanger,GOA:Line:59,Jærbanen,L5,rail,GOA:ServiceJourney:3143_63188-R,True,actual,False,,,,,2026-09-07T15:44:36.205822+02:00
NSR:StopPlace:62370,Selsbakk stasjon,2026-09-07T15:20:00+02:00,2026-09-07T15:20:46+02:00,2026-09-07T15:20:46+02:00,46.0,1,Melhus skysstasjon,SJN:Line:26,Trønderbanen,R70,rail,SJN:ServiceJourney:1722-STJ_55556-R,True,actual,False,,,,,2026-09-07T15:44:36.205822+02:00
NSR:StopPlace:61979,Hellvik stasjon,2026-09-07T14:28:00+02:00,2026-09-07T14:28:46+02:00,2026-09-07T14:28:46+02:00,46.0,1,Stavanger,GOA:Line:59,Jærbanen,L5,rail,GOA:ServiceJourney:3041_63082-R,True,actual,False,,,,,2026-09-07T15:44:36.205822+02:00
NSR:StopPlace:61326,Gulskogen stasjon,2026-09-07T06:30:00+02:00,2026-09-07T06:30:46+02:00,2026-09-07T06:30:46+02:00,46.0,1,Dal,VYG:Line:R13,Drammen-Oslo S-Dal,R13,rail,VYG:ServiceJourney:1609_443226-R,True,actual,False,,,,,2026-09-07T08:42:24.659182+02:00
NSR:StopPlace:59648,Kjelsås stasjon,2026-09-07T06:39:00+02:00,2026-09-07T06:39:46+02:00,2026-09-07T06:39:46+02:00,46.0,1,Kværnerbyen,RUT:Line:54,Kværnerbyen - Kjelsås stasjon,54,bus,RUT:ServiceJourney:7bd337238430f44fa458aafce384c892,True,actual,False,,,,,2026-09-07T08:42:24.659182+02:00
NSR:StopPlace:59653,Haugenstua stasjon,2026-09-07T06:55:00+02:00,2026-09-07T06:55:46+02:00,2026-09-07T06:55:46+02:00,46.0,1,Spikkestad,VYG:Line:L1,Spikkestad-Oslo S-Lillestrøm,L1,rail,VYG:ServiceJourney:2209_443598-R,True,actual,False,,,,,2026-09-07T08:42:24.659182+02:00
NSR:StopPlace:59952,Drammen stasjon,2026-09-07T08:22:00+02:00,2026-09-07T08:22:46+02:00,2026-09-07T08:22:46+02:00,46.0,1,Oslo Lufthavn,FLT:Line:FLY1,FLY1,FLY1,rail,FLT:ServiceJourney:1-2614-3727-20260907,True,actual,False,,,,,2026-09-07T08:42:24.659182+02:00
NSR:StopPlace:59977,Trondheim S,2026-09-07T06:30:00+02:00,2026-09-07T06:30:46+02:00,2026-09-07T06:30:46+02:00,46.0,1,Rissa,ATB:Line:2_350,Trondheim - Stadsbygd - Rissa,350,bus,ATB:ServiceJourney:350_260106098642523_1,True,actual,False,,,,,2026-09-07T08:42:24.659182+02:00
NSR:StopPlace:60569,Sirevåg stasjon,2026-09-07T07:01:00+02:00,2026-09-07T07:01:46+02:00,2026-09-07T07:01:46+02:00,46.0,1,Stavanger,GOA:Line:59,Jærbanen,L5,rail,GOA:ServiceJourney:3011_63043-R,True,actual,False,,,,,2026-09-07T08:42:24.659182+02:00
NSR:StopPlace:59616,Asker stasjon,2026-09-07T06:30:00+02:00,2026-09-07T06:30:46+02:00,2026-09-07T06:30:46+02:00,46.0,1,Kongsberg,VYG:Line:R12,Kongsberg-Oslo S-Eidsvoll,R12,rail,VYG:ServiceJourney:503_444294-R,True,actual,False,,,,,2026-09-07T08:42:24.659182+02:00
NSR:StopPlace:59638,Myrvoll stasjon,2026-09-07T06:25:00+02:00,2026-09-07T06:25:46+02:00,2026-09-07T06:25:46+02:00,46.0,1,Fornebu,RUT:Line:81,Fornebu - Myrvoll stasjon,81,bus,RUT:ServiceJourney:6467a8b34bf77baf99aaf5040e762235,True,actual,False,,,,,2026-09-07T08:42:24.659182+02:00
NSR:StopPlace:58963,Jessheim stasjon,2026-09-07T07:55:00+02:00,2026-09-07T07:55:46+02:00,2026-09-07T07:55:46+02:00,46.0,1,Eidsvoll,RUT:Line:430,Eidsvoll - Jessheim,430,bus,RUT:ServiceJourney:15d302d1e908d768f63b917608462a8b,True,actual,False,,,,,2026-09-07T08:42:24.659182+02:00
NSR:StopPlace:58925,Gausel stasjon,2026-09-07T05:25:00+02:00,2026-09-07T05:25:46+02:00,2026-09-07T05:25:46+02:00,46.0,1,Egersund,GOA:Line:59,Jærbanen,L5,rail,GOA:ServiceJourney:3006_63037-R,True,actual,False,,,,,2026-09-07T08:42:24.659182+02:00
NSR:StopPlace:58935,Levanger stasjon,2026-09-07T06:50:00+02:00,2026-09-07T06:50:46+02:00,2026-09-07T06:50:46+02:00,46.0,1,Campus Guldbergaunet,ATB:Line:2_640,Levanger - Steinkjer,640,bus,ATB:ServiceJourney:640_260106098640611_4,True,actual,False,,,,,2026-09-07T08:42:24.659182+02:00
NSR:StopPlace:58935,Levanger stasjon,2026-09-07T07:15:00+02:00,2026-09-07T07:15:46+02:00,2026-09-07T07:15:46+02:00,46.0,1,Nord universitet Levanger,ATB:Line:2_604,Levanger - Høgberget,604,bus,ATB:ServiceJourney:604_260106098643112_4,True,actual,False,,,,,2026-09-07T08:42:24.659182+02:00
NSR:StopPlace:58844,Eidsvoll stasjon,2026-09-07T06:35:00+02:00,2026-09-07T06:35:46+02:00,2026-09-07T06:35:46+02:00,46.0,1,Feiring,RUT:Line:443,Feiring/ Minnesund - Eidsvoll,443,bus,RUT:ServiceJourney:55d3f5b25f0ba04d16dafce2026cce62,True,actual,False,,,,,2026-09-07T08:42:24.659182+02:00
NSR:StopPlace:58845,Eidsvoll verk stasjon,2026-09-07T06:46:00+02:00,2026-09-07T06:46:46+02:00,2026-09-07T06:46:46+02:00,46.0,1,Jessheim,RUT:Line:430,Eidsvoll - Jessheim,430,bus,RUT:ServiceJourney:3c7119dea48d7df1c98348f8764451dd,True,actual,False,,,,,2026-09-07T08:42:24.659182+02:00
NSR:StopPlace:58848,Haga stasjon,2026-09-07T07:40:00+02:00,2026-09-07T07:40:46+02:00,2026-09-07T07:40:46+02:00,46.0,1,Runni,RUT:Line:455,Årnes -Rånåsfoss,455,bus,RUT:ServiceJourney:4282870277e518302518526d1e4bca03,True,actual,False,,,,,2026-09-07T08:42:24.659182+02:00
NSR:StopPlace:58864,Sørumsand stasjon,2026-09-07T06:51:00+02:00,2026-09-07T06:51:46+02:00,2026-09-07T06:51:46+02:00,46.0,1,Skedsmokorset,RUT:Line:365,Sørumsand - Frogner - Skedsmokorset,365,bus,RUT:ServiceJourney:7544bb38837173cb6dfddef546e6ede2,True,actual,False,,,,,2026-09-07T08:42:24.659182+02:00
NSR:StopPlace:58866,Vevelstad stasjon,2026-09-07T06:59:00+02:00,2026-09-07T06:59:46+02:00,2026-09-07T06:59:46+02:00,46.0,1,Lysaker,VYG:Line:L2,Stabekk-Oslo S-Ski,L2,rail,VYG:ServiceJourney:2812-SKI_444024-R,True,actual,False,Færre vogner,Denne avgangen kjører dessverre med 3 vogner i stedet for 6 vogner. Dette skyldes at vi mangler et togsett.,general,normal,2026-09-07T08:42:24.659182+02:00
NSR:StopPlace:58884,Skien stasjon,2026-09-07T08:16:00+02:00,2026-09-07T08:16:46+02:00,2026-09-07T08:16:46+02:00,46.0,1,Skjelsvik via Klyve,TEL:Line:8043,Skien-Klyve-Skjelsvik,M3,bus,TEL:ServiceJourney:127159,True,actual,False,,,,,2026-09-07T08:42:24.659182+02:00
NSR:StopPlace:58884,Skien stasjon,2026-09-07T08:28:00+02:00,2026-09-07T08:28:46+02:00,2026-09-07T08:28:46+02:00,46.0,1,Åfoss via Skien sentrum,TEL:Line:8047,Siljan-Skien-Åfoss,P7,bus,TEL:ServiceJourney:127381,True,actual,False,,,,,2026-09-07T08:42:24.659182+02:00
NSR:StopPlace:58801,Sarpsborg stasjon,2026-09-07T06:34:00+02:00,2026-09-07T06:34:46+02:00,2026-09-07T06:34:46+02:00,46.0,1,Opsund,OST:Line:1_134,Sarpsborg - Opsund,134,bus,OST:ServiceJourney:134_260325121470888_1,True,actual,False,,,,,2026-09-07T08:42:24.659182+02:00
NSR:StopPlace:200,Finse stasjon,2026-09-07T08:38:00+02:00,2026-09-07T08:38:46+02:00,2026-09-07T08:38:46+02:00,46.0,1,Oslo S,VYG:Line:F4,Oslo S-Bergen,F4,rail,VYG:ServiceJourney:60-BRG_444351-R,True,actual,False,,,,,2026-09-07T08:42:24.659182+02:00
NSR:StopPlace:429,Vikersund stasjon,2026-09-07T07:38:00+02:00,2026-09-07T07:38:46+02:00,2026-09-07T07:38:46+02:00,46.0,1,Bergen,VYG:Line:F4,Oslo S-Bergen,F4,rail,VYG:ServiceJourney:61-LOD_504304-R,True,actual,False,,,,,2026-09-07T08:42:24.659182+02:00
NSR:StopPlace:62309,Ljan stasjon,2026-09-07T08:05:00+02:00,2026-09-07T08:05:46+02:00,2026-09-07T08:05:46+02:00,46.0,1,Stabekk,VYG:Line:L2,Stabekk-Oslo S-Ski,L2,rail,VYG:ServiceJourney:2716-SKI_443922-R,True,actual,False,,,,,2026-09-07T08:42:24.659182+02:00
NSR:StopPlace:61979,Hellvik stasjon,2026-09-07T06:56:00+02:00,2026-09-07T06:56:46+02:00,2026-09-07T06:56:46+02:00,46.0,1,Stavanger,GOA:Line:59,Jærbanen,L5,rail,GOA:ServiceJourney:3011_63043-R,True,actual,False,,,,,2026-09-07T08:42:24.659182+02:00
NSR:StopPlace:59648,Kjelsås stasjon,2026-09-07T02:18:00+02:00,2026-09-07T02:18:46+02:00,2026-09-07T02:18:46+02:00,46.0,1,Jernbanetorget,RUT:Line:3911,Majorstuen - Kjelsås,11N,bus,RUT:ServiceJourney:4e1847898d0362ea3740d9b966818d1b,True,actual,False,,,,,2026-09-07T03:30:22.110925+02:00
NSR:StopPlace:61169,Marienborg stasjon,2026-09-07T23:05:00+02:00,2026-09-07T23:05:45+02:00,2026-09-07T23:05:45+02:00,45.0,1,Sandmoen via Flatåsen,ATB:Line:2_23,Brattøra - St. Olavs - Hallset - Flatåsen - Sandmoen,23,bus,ATB:ServiceJourney:23_251215112545478_132,True,actual,False,,,,,2026-09-08T00:20:52.129880+02:00
NSR:StopPlace:58843,Blommenholm stasjon,2026-09-07T22:44:00+02:00,2026-09-07T22:44:45+02:00,2026-09-07T22:44:45+02:00,45.0,1,Asker,VYG:Line:L1,Spikkestad-Oslo S-Lillestrøm,L1,rail,VYG:ServiceJourney:2169_443579-R,True,actual,False,,,,,2026-09-08T00:20:52.129880+02:00
NSR:StopPlace:58870,Holmestrand stasjon,2026-09-07T21:28:00+02:00,2026-09-07T21:28:45+02:00,2026-09-07T21:28:45+02:00,45.0,1,Eidsvoll,VYG:Line:RE11,Eidsvoll-Oslo S-Skien,RE11,rail,VYG:ServiceJourney:834_444414-R,True,actual,False,,,,,2026-09-08T00:20:52.129880+02:00
NSR:StopPlace:101,Sagdalen stasjon,2026-09-07T21:58:00+02:00,2026-09-07T21:58:45+02:00,2026-09-07T21:58:45+02:00,45.0,1,Asker,VYG:Line:L1,Spikkestad-Oslo S-Lillestrøm,L1,rail,VYG:ServiceJourney:2169_443579-R,True,actual,False,,,,,2026-09-08T00:20:52.129880+02:00
NSR:StopPlace:62392,Slependen stasjon,2026-09-07T21:45:00+02:00,2026-09-07T21:45:45+02:00,2026-09-07T21:45:45+02:00,45.0,1,Lillestrøm,VYG:Line:L1,Spikkestad-Oslo S-Lillestrøm,L1,rail,VYG:ServiceJourney:2270_443703-R,True,actual,False,,,,,2026-09-08T00:20:52.129880+02:00
NSR:StopPlace:59648,Kjelsås stasjon,2026-09-07T18:09:00+02:00,2026-09-07T18:09:45+02:00,2026-09-07T18:09:45+02:00,45.0,1,Kværnerbyen,RUT:Line:54,Kværnerbyen - Kjelsås stasjon,54,bus,RUT:ServiceJourney:6b402e6cd2aad1d79467948487188196,True,actual,False,,,,,2026-09-07T20:27:16.249662+02:00
NSR:StopPlace:60077,Støren stasjon,2026-09-07T17:24:00+02:00,2026-09-07T17:24:45+02:00,2026-09-07T17:24:45+02:00,45.0,1,Røros,SJN:Line:25,Rørosbanen,R60,rail,SJN:ServiceJourney:416_50919-R,True,actual,False,,,,,2026-09-07T20:27:16.249662+02:00
NSR:StopPlace:59244,Egersund stasjon,2026-09-07T19:48:00+02:00,2026-09-07T19:48:45+02:00,2026-09-07T19:48:45+02:00,45.0,1,Hauge i Dalane,KOL:Line:8_2040,E90,E90,bus,KOL:ServiceJourney:2040_250903083245418_2005,True,actual,False,,,,,2026-09-07T20:27:16.249662+02:00
NSR:StopPlace:58964,Kløfta stasjon,2026-09-07T17:49:00+02:00,2026-09-07T17:49:45+02:00,2026-09-07T17:49:45+02:00,45.0,1,Herbergåsen,RUT:Line:460,Herbergåsen - Kløfta,460,bus,RUT:ServiceJourney:f9f9f1425d23bd36f1a2f8db3b5b422d,True,actual,False,,,,,2026-09-07T20:27:16.249662+02:00
NSR:StopPlace:58790,Verdal stasjon,2026-09-07T18:00:00+02:00,2026-09-07T18:00:45+02:00,2026-09-07T18:00:45+02:00,45.0,1,Steinkjer,SJN:Line:26,Trønderbanen,R70,rail,SJN:ServiceJourney:443-SOeB_56072-R,True,actual,False,,,,,2026-09-07T20:27:16.249662+02:00
NSR:StopPlace:58844,Eidsvoll stasjon,2026-09-07T18:29:00+02:00,2026-09-07T18:29:45+02:00,2026-09-07T18:29:45+02:00,45.0,1,Eidsvoll,RUT:Line:430,Eidsvoll - Jessheim,430,bus,RUT:ServiceJourney:63b0eaf43812468f97efad383ad287f9,True,actual,False,,,,,2026-09-07T20:27:16.249662+02:00
NSR:StopPlace:58858,Nittedal stasjon,2026-09-07T19:41:00+02:00,2026-09-07T19:41:45+02:00,2026-09-07T19:41:45+02:00,45.0,1,Dam,RUT:Line:386,Nittedal stasjon - Kruttverket - Dam,386,bus,RUT:ServiceJourney:7d10e6f69449ced9430a1caa264ec8b6,True,actual,False,,,,,2026-09-07T20:27:16.249662+02:00
NSR:StopPlace:58865,Vestby stasjon,2026-09-07T18:50:00+02:00,2026-09-07T18:50:45+02:00,2026-09-07T18:50:45+02:00,45.0,1,Moss,RUT:Line:540,Moss - Son - Vestby stasjon,540,bus,RUT:ServiceJourney:3111fdbf983805a37ddc9960ec84d25b,True,actual,False,,,,,2026-09-07T20:27:16.249662+02:00
NSR:StopPlace:58860,Oppegård stasjon,2026-09-07T19:46:00+02:00,2026-09-07T19:46:45+02:00,2026-09-07T19:46:45+02:00,45.0,1,Stabekk,VYG:Line:L2,Stabekk-Oslo S-Ski,L2,rail,VYG:ServiceJourney:2764-SKI_443980-R,True,actual,False,,,,,2026-09-07T20:27:16.249662+02:00
NSR:StopPlace:58874,Stokke stasjon,2026-09-07T18:52:00+02:00,2026-09-07T18:52:45+02:00,2026-09-07T18:52:45+02:00,45.0,1,Tønsberg,VKT:Line:520,Tønsberg-Stokke,520,bus,VKT:ServiceJourney:17324,True,actual,False,,,,,2026-09-07T20:27:16.249662+02:00
NSR:StopPlace:58886,Arendal stasjon,2026-09-07T18:27:00+02:00,2026-09-07T18:27:45+02:00,2026-09-07T18:27:45+02:00,45.0,1,Solåsen,AKT:Line:111,Sykehuset-Arendal-Solåsen,111,bus,AKT:ServiceJourney:73605_251_23_132600_133800_40001009,True,actual,False,,,,,2026-09-07T20:27:16.249662+02:00
NSR:StopPlace:58809,Koppang stasjon,2026-09-07T19:48:00+02:00,2026-09-07T19:48:45+02:00,2026-09-07T19:48:45+02:00,45.0,1,Røros,SJN:Line:25,Rørosbanen,R60,rail,SJN:ServiceJourney:2391_54213-R,True,actual,False,,,,,2026-09-07T20:27:16.249662+02:00
NSR:StopPlace:58821,Hjerkinn stasjon,2026-09-07T17:45:00+02:00,2026-09-07T17:45:45+02:00,2026-09-07T17:45:45+02:00,45.0,1,Oslo S,SJN:Line:21,Dovrebanen,F6,rail,SJN:ServiceJourney:48-TND_42795-R,True,actual,False,,,,,2026-09-07T20:27:16.249662+02:00
NSR:StopPlace:117,Elverum stasjon,2026-09-07T16:36:00+02:00,2026-09-07T16:36:45+02:00,2026-09-07T16:36:45+02:00,45.0,1,Trondheim S,SJN:Line:25,Rørosbanen,R60,rail,SJN:ServiceJourney:2389_47883-R,True,actual,False,,,,,2026-09-07T20:27:16.249662+02:00
NSR:StopPlace:425,Vinstra stasjon,2026-09-07T19:16:00+02:00,2026-09-07T19:16:45+02:00,2026-09-07T19:16:45+02:00,45.0,1,Trondheim S,SJN:Line:21,Dovrebanen,F6,rail,SJN:ServiceJourney:49-LOD_54215-R,True,actual,False,,,,,2026-09-07T20:27:16.249662+02:00
NSR:StopPlace:610,Sandvika stasjon,2026-09-07T18:25:00+02:00,2026-09-07T18:25:45+02:00,2026-09-07T18:25:45+02:00,45.0,1,Dal,VYG:Line:R13,Drammen-Oslo S-Dal,R13,rail,VYG:ServiceJourney:1655_443331-R,True,actual,False,,,,,2026-09-07T20:27:16.249662+02:00
NSR:StopPlace:62339,Lillestrøm stasjon,2026-09-07T19:05:00+02:00,2026-09-07T19:05:45+02:00,2026-09-07T19:05:45+02:00,45.0,1,Eidsvoll,VYG:Line:R12,Kongsberg-Oslo S-Eidsvoll,R12,rail,VYG:ServiceJourney:528_444335-R,True,actual,False,Heis i spor 1 og 2 er ute av bruk på grunn av vedlikehold.,Heis i spor 1 og 2 er ute av bruk på grunn av vedlikehold.,general,normal,2026-09-07T20:27:16.249662+02:00
NSR:StopPlace:62393,Billingstad stasjon,2026-09-07T19:27:00+02:00,2026-09-07T19:27:45+02:00,2026-09-07T19:27:45+02:00,45.0,1,Lillestrøm,VYG:Line:L1,Spikkestad-Oslo S-Lillestrøm,L1,rail,VYG:ServiceJourney:2160_443570-R,True,actual,False,,,,,2026-09-07T20:27:16.249662+02:00
NSR:StopPlace:62392,Slependen stasjon,2026-09-07T18:03:00+02:00,2026-09-07T18:03:45+02:00,2026-09-07T18:03:45+02:00,45.0,1,Spikkestad,VYG:Line:L1,Spikkestad-Oslo S-Lillestrøm,L1,rail,VYG:ServiceJourney:2251_443671-R,True,actual,False,,,,,2026-09-07T20:27:16.249662+02:00
NSR:StopPlace:60736,Spikkestad stasjon,2026-09-07T15:16:00+02:00,2026-09-07T15:16:45+02:00,2026-09-07T15:16:45+02:00,45.0,1,Lillestrøm,VYG:Line:L1,Spikkestad-Oslo S-Lillestrøm,L1,rail,VYG:ServiceJourney:2246_443661-R,True,actual,False,,,,,2026-09-07T15:44:36.205822+02:00
NSR:StopPlace:59958,Voss stasjon,2026-09-07T15:15:00+02:00,2026-09-07T15:15:45+02:00,2026-09-07T15:15:45+02:00,45.0,1,Skjerpe,SKY:Line:964,Voss-Skjerpe/Sivlevegen(Ringbuss),964,bus,SKY:ServiceJourney:964-205165-20969009,True,actual,False,,,,,2026-09-07T15:44:36.205822+02:00
NSR:StopPlace:59977,Trondheim S,2026-09-07T12:40:00+02:00,2026-09-07T12:40:45+02:00,2026-09-07T12:40:45+02:00,45.0,1,Røros,ATB:Line:2_440,Støren - Røros,440,bus,ATB:ServiceJourney:440_260106098642805_10,True,actual,False,,,,,2026-09-07T15:44:36.205822+02:00
NSR:StopPlace:58930,Larvik stasjon,2026-09-07T15:00:00+02:00,2026-09-07T15:00:45+02:00,2026-09-07T15:00:45+02:00,45.0,1,Kvelde-Svarstad,VKT:Line:800,Larvik-Kvelde-Svarstad,800,bus,VKT:ServiceJourney:18324,True,actual,False,,,,,2026-09-07T15:44:36.205822+02:00
NSR:StopPlace:58858,Nittedal stasjon,2026-09-07T13:49:00+02:00,2026-09-07T13:49:45+02:00,2026-09-07T13:49:45+02:00,45.0,1,Lørenskog sentrum,RUT:Line:385,Nittedal stasjon - Olavsgaard - Ahus,385,bus,RUT:ServiceJourney:85cf93d8365e5e78be5d5f6624024204,True,actual,False,,,,,2026-09-07T15:44:36.205822+02:00
NSR:StopPlace:58801,Sarpsborg stasjon,2026-09-07T15:34:00+02:00,2026-09-07T15:34:45+02:00,2026-09-07T15:34:45+02:00,45.0,1,Opsund,OST:Line:1_134,Sarpsborg - Opsund,134,bus,OST:ServiceJourney:134_260325121470904_7,True,actual,False,,,,,2026-09-07T15:44:36.205822+02:00
NSR:StopPlace:58809,Koppang stasjon,2026-09-07T14:23:00+02:00,2026-09-07T14:23:45+02:00,2026-09-07T14:23:45+02:00,45.0,1,Hamar,SJN:Line:25,Rørosbanen,R60,rail,SJN:ServiceJourney:2386_47976-R,True,actual,False,,,,,2026-09-07T15:44:36.205822+02:00
NSR:StopPlace:316,Oppdal stasjon,2026-09-07T14:44:00+02:00,2026-09-07T14:44:45+02:00,2026-09-07T14:44:45+02:00,45.0,1,Oslo S,SJN:Line:21,Dovrebanen,F6,rail,SJN:ServiceJourney:46-TND_48003-R,True,actual,False,,,,,2026-09-07T15:44:36.205822+02:00
NSR:StopPlace:62373,Berkåk stasjon,2026-09-07T14:00:00+02:00,2026-09-07T14:00:45+02:00,2026-09-07T14:00:45+02:00,45.0,1,Orkanger via Meldal og Løkken,ATB:Line:2_460,Orkanger - Meldal - Berkåk,460,bus,ATB:ServiceJourney:460_260106098640561_11,True,actual,False,,,,,2026-09-07T15:44:36.205822+02:00
NSR:StopPlace:61466,Vakås stasjon,2026-09-07T07:52:00+02:00,2026-09-07T07:52:45+02:00,2026-09-07T07:52:45+02:00,45.0,1,Lillestrøm,VYG:Line:L1,Spikkestad-Oslo S-Lillestrøm,L1,rail,VYG:ServiceJourney:2114_443519-R,True,actual,False,,,,,2026-09-07T08:42:24.659182+02:00
NSR:StopPlace:61464,Hvalstad stasjon,2026-09-07T05:10:00+02:00,2026-09-07T05:10:45+02:00,2026-09-07T05:10:45+02:00,45.0,1,Lillestrøm,VYG:Line:L1,Spikkestad-Oslo S-Lillestrøm,L1,rail,VYG:ServiceJourney:2204_443592-R,True,actual,False,,,,,2026-09-07T08:42:24.659182+02:00
NSR:StopPlace:41,Hanaborg stasjon,2026-09-07T06:04:00+02:00,2026-09-07T06:04:45+02:00,2026-09-07T06:04:45+02:00,45.0,1,Asker,VYG:Line:L1,Spikkestad-Oslo S-Lillestrøm,L1,rail,VYG:ServiceJourney:2105_443509-R,True,actual,False,,,,,2026-09-07T08:42:24.659182+02:00
NSR:StopPlace:59646,Høvik stasjon,2026-09-07T06:53:00+02:00,2026-09-07T06:53:45+02:00,2026-09-07T06:53:45+02:00,45.0,1,Lillestrøm,VYG:Line:L1,Spikkestad-Oslo S-Lillestrøm,L1,rail,VYG:ServiceJourney:2210_443601-R,True,actual,False,Færre vogner,Denne avgangen kjører dessverre med 4 vogner i stedet for 8 vogner. Dette skyldes at vi mangler et togsett.,general,normal,2026-09-07T08:42:24.659182+02:00
NSR:StopPlace:59646,Høvik stasjon,2026-09-07T07:42:00+02:00,2026-09-07T07:42:45+02:00,2026-09-07T07:42:45+02:00,45.0,1,Asker,VYG:Line:L1,Spikkestad-Oslo S-Lillestrøm,L1,rail,VYG:ServiceJourney:2109_443513-R,True,actual,False,,,,,2026-09-07T08:42:24.659182+02:00
NSR:StopPlace:59647,Dal stasjon,2026-09-07T06:56:00+02:00,2026-09-07T06:56:45+02:00,2026-09-07T06:56:45+02:00,45.0,1,Jessheim,RUT:Line:430,Eidsvoll - Jessheim,430,bus,RUT:ServiceJourney:3c7119dea48d7df1c98348f8764451dd,True,actual,False,,,,,2026-09-07T08:42:24.659182+02:00
NSR:StopPlace:59643,Grefsen stasjon,2026-09-07T06:26:00+02:00,2026-09-07T06:26:45+02:00,2026-09-07T06:26:45+02:00,45.0,1,Gaustadalléen,RUT:Line:17,Rikshospitalet - Sinsen o/ Carl Berner,17,tram,RUT:ServiceJourney:dd2fb7cd75c6d4b7097b5f04b2a461e5,True,actual,False,,,,,2026-09-07T08:42:24.659182+02:00
NSR:StopPlace:59957,Klepp stasjon,2026-09-07T06:38:00+02:00,2026-09-07T06:38:45+02:00,2026-09-07T06:38:45+02:00,45.0,1,Boreringen,KOL:Line:8_2024,59,59,bus,KOL:ServiceJourney:2024_250903083241338_2002,True,actual,False,,,,,2026-09-07T08:42:24.659182+02:00
NSR:StopPlace:60045,Hamar stasjon,2026-09-07T06:18:00+02:00,2026-09-07T06:18:45+02:00,2026-09-07T06:18:45+02:00,45.0,1,Drammen,VYG:Line:RE10,Drammen-Oslo S-Lillehammer,RE10,rail,VYG:ServiceJourney:304-HHS_487829-R,True,actual,False,,,,,2026-09-07T08:42:24.659182+02:00
NSR:StopPlace:60053,Halden stasjon,2026-09-07T06:32:00+02:00,2026-09-07T06:32:45+02:00,2026-09-07T06:32:45+02:00,45.0,1,Oslo S,VYG:Line:RE20,Oslo S-Halden-Göteborg (X-Border),RE20,rail,VYG:ServiceJourney:144-HLD_509065-R,True,actual,False,Færre vogner,Denne avgangen kjører dessverre med 4 vogner i stedet for 8 vogner. Dette skyldes at vi mangler et togsett.,general,normal,2026-09-07T08:42:24.659182+02:00
NSR:StopPlace:60077,Støren stasjon,2026-09-07T06:45:00+02:00,2026-09-07T06:45:45+02:00,2026-09-07T06:45:45+02:00,45.0,1,Oslo S,SJN:Line:21,Dovrebanen,F6,rail,SJN:ServiceJourney:40-TND_48233-R,True,actual,False,,,,,2026-09-07T08:42:24.659182+02:00
NSR:StopPlace:59620,Grorud stasjon,2026-09-07T07:04:00+02:00,2026-09-07T07:04:45+02:00,2026-09-07T07:04:45+02:00,45.0,1,Åsbråten,RUT:Line:79,Grorud T - Åsbråten,79,bus,RUT:ServiceJourney:e69fa9a9ccb94297795bf3d1c05ee64e,True,actual,False,,,,,2026-09-07T08:42:24.659182+02:00
NSR:StopPlace:58918,Nodeland stasjon,2026-09-07T06:38:00+02:00,2026-09-07T06:38:45+02:00,2026-09-07T06:38:45+02:00,45.0,1,Hortemo,AKT:Line:1048,Høllen - Nodelandsheia,48,bus,AKT:ServiceJourney:76947_81_10_47400_47880_3957751,True,actual,False,,,,,2026-09-07T08:42:24.659182+02:00
NSR:StopPlace:58918,Nodeland stasjon,2026-09-07T07:35:00+02:00,2026-09-07T07:35:45+02:00,2026-09-07T07:35:45+02:00,45.0,1,Kristiansand,AKT:Line:1046,Kristiansand - Finsland,46,bus,AKT:ServiceJourney:78717_62_39_53400_55260_3950001,True,actual,False,,,,,2026-09-07T08:42:24.659182+02:00
NSR:StopPlace:58935,Levanger stasjon,2026-09-07T07:30:00+02:00,2026-09-07T07:30:45+02:00,2026-09-07T07:30:45+02:00,45.0,1,Levanger stasjon,ATB:Line:2_7401,Levanger - Nesset - Gjemble,7401,bus,ATB:ServiceJourney:7401_260106098643077_6,True,actual,False,,,,,2026-09-07T08:42:24.659182+02:00
NSR:StopPlace:58948,Stjørdal stasjon,2026-09-07T07:15:00+02:00,2026-09-07T07:15:45+02:00,2026-09-07T07:15:45+02:00,45.0,1,Trondheim,ATB:Line:2_311,Stjørdal - Trondheim,311,bus,ATB:ServiceJourney:311_260106098642705_24,True,actual,False,Endret tilbud ved Vikelvvegen,Sydgående avkjøringsrampe fra E6 ved Reppe er stengt frem til 21. september. Vikelvvegen og Ranheim fabrikker til sentrum blir ikke betjent av linje 311 i perioden. ,general,normal,2026-09-07T08:42:24.659182+02:00
NSR:StopPlace:58948,Stjørdal stasjon,2026-09-07T07:29:00+02:00,2026-09-07T07:29:45+02:00,2026-09-07T07:29:45+02:00,45.0,1,A Marienborg via Innherredsveien,ATB:Line:2_70,Stjørdal/Hommelvik- Trondheim,70,bus,ATB:ServiceJourney:70_251215112546911_22,True,actual,False,,,,,2026-09-07T08:42:24.659182+02:00
NSR:StopPlace:58796,Moss stasjon,2026-09-07T06:53:00+02:00,2026-09-07T06:53:45+02:00,2026-09-07T06:53:45+02:00,45.0,1,Stabekk,VYG:Line:R21,Stabekk-Oslo S-Moss,R21,rail,VYG:ServiceJourney:1112-MOS_442987-R,True,actual,False,,,,,2026-09-07T08:42:24.659182+02:00
NSR:StopPlace:58839,Steinberg stasjon,2026-09-07T06:20:00+02:00,2026-09-07T06:20:45+02:00,2026-09-07T06:20:45+02:00,45.0,1,Dal,VYG:Line:R13,Drammen-Oslo S-Dal,R13,rail,VYG:ServiceJourney:1609_443226-R,True,actual,False,,,,,2026-09-07T08:42:24.659182+02:00
NSR:StopPlace:58844,Eidsvoll stasjon,2026-09-07T06:30:00+02:00,2026-09-07T06:30:45+02:00,2026-09-07T06:30:45+02:00,45.0,1,Jessheim,RUT:Line:430,Eidsvoll - Jessheim,430,bus,RUT:ServiceJourney:3c7119dea48d7df1c98348f8764451dd,True,actual,False,,,,,2026-09-07T08:42:24.659182+02:00
NSR:StopPlace:58845,Eidsvoll verk stasjon,2026-09-07T07:44:00+02:00,2026-09-07T07:44:45+02:00,2026-09-07T07:44:45+02:00,45.0,1,Vilberg,RUT:Line:3771,Jessheim - Dal - Råholt - Eidsvoll,3771,bus,RUT:ServiceJourney:1a8f856675f00963c2e0d02439c0d8bd,True,actual,False,,,,,2026-09-07T08:42:24.659182+02:00
NSR:StopPlace:58846,Fetsund stasjon,2026-09-07T06:36:00+02:00,2026-09-07T06:36:45+02:00,2026-09-07T06:36:45+02:00,45.0,1,Asker,VYG:Line:R14,Asker-Oslo S-Kongsvinger,R14,rail,VYG:ServiceJourney:1004_442909-R,True,actual,False,,,,,2026-09-07T08:42:24.659182+02:00
NSR:StopPlace:58840,Vestfossen stasjon,2026-09-07T08:25:00+02:00,2026-09-07T08:25:45+02:00,2026-09-07T08:25:45+02:00,45.0,1,Darbu - Gamleveien - Kongsberg,BRA:Line:4_6115,Hokksund - Kongsberg,115,bus,BRA:ServiceJourney:6115_260427080309611_1006,True,actual,False,,,,,2026-09-07T08:42:24.659182+02:00
NSR:StopPlace:58854,Langhus stasjon,2026-09-07T06:46:00+02:00,2026-09-07T06:46:45+02:00,2026-09-07T06:46:45+02:00,45.0,1,Drøbak - Seiersten,RUT:Line:510,Bøleråsen - Ski - Ås - Drøbak,510,bus,RUT:ServiceJourney:5b104157692fef61270af666f44b2f83,True,actual,False,,,,,2026-09-07T08:42:24.659182+02:00
NSR:StopPlace:58850,Hauerseter stasjon,2026-09-07T07:00:00+02:00,2026-09-07T07:00:45+02:00,2026-09-07T07:00:45+02:00,45.0,1,Dal,VYG:Line:R13,Drammen-Oslo S-Dal,R13,rail,VYG:ServiceJourney:1605_443222-R,True,actual,False,,,,,2026-09-07T08:42:24.659182+02:00
NSR:StopPlace:58864,Sørumsand stasjon,2026-09-07T07:33:00+02:00,2026-09-07T07:33:45+02:00,2026-09-07T07:33:45+02:00,45.0,1,Orredalen,RUT:Line:366,Orredalen - Sørumsand,366,bus,RUT:ServiceJourney:82905c617894b7b9cd367f1b2b05e911,True,actual,False,,,,,2026-09-07T08:42:24.659182+02:00
NSR:StopPlace:58868,Årnes stasjon,2026-09-07T08:14:00+02:00,2026-09-07T08:14:45+02:00,2026-09-07T08:14:45+02:00,45.0,1,Eidsvoll,RUT:Line:441,Eidsvoll - Årnes,441,bus,RUT:ServiceJourney:03857f16a8ca1cd5894ceb81952bfa22,True,actual,False,,,,,2026-09-07T08:42:24.659182+02:00
NSR:StopPlace:58874,Stokke stasjon,2026-09-07T07:52:00+02:00,2026-09-07T07:52:45+02:00,2026-09-07T07:52:45+02:00,45.0,1,Tønsberg,VKT:Line:520,Tønsberg-Stokke,520,bus,VKT:ServiceJourney:17302,True,actual,False,,,,,2026-09-07T08:42:24.659182+02:00
NSR:StopPlace:58870,Holmestrand stasjon,2026-09-07T07:55:00+02:00,2026-09-07T07:55:45+02:00,2026-09-07T07:55:45+02:00,45.0,1,Hvitstein-Gullhaug,VKT:Line:31,Gullhaug-Kleiverud-Holmestrand,31,bus,VKT:ServiceJourney:14965,True,actual,False,,,,,2026-09-07T08:42:24.659182+02:00
NSR:StopPlace:58886,Arendal stasjon,2026-09-07T07:17:00+02:00,2026-09-07T07:17:45+02:00,2026-09-07T07:17:45+02:00,45.0,1,Eydehavn,AKT:Line:101,Eydehavn-Arendal-Grimstad N/S,101,bus,AKT:ServiceJourney:71848_52_87_45960_50460_40001426,True,actual,False,,,,,2026-09-07T08:42:24.659182+02:00
NSR:StopPlace:58810,Løten stasjon,2026-09-07T07:06:00+02:00,2026-09-07T07:06:45+02:00,2026-09-07T07:06:45+02:00,45.0,1,Hamar - Brumunddal,INN:Line:26,Brumunddal - Hamar - Løten,B26,bus,INN:ServiceJourney:54032,True,actual,False,,,,,2026-09-07T08:42:24.659182+02:00
NSR:StopPlace:313,Høybråten stasjon,2026-09-07T08:23:00+02:00,2026-09-07T08:23:45+02:00,2026-09-07T08:23:45+02:00,45.0,1,Spikkestad,VYG:Line:L1,Spikkestad-Oslo S-Lillestrøm,L1,rail,VYG:ServiceJourney:2215_443608-R,True,actual,False,,,,,2026-09-07T08:42:24.659182+02:00
NSR:StopPlace:206,Mariero stasjon,2026-09-07T07:39:00+02:00,2026-09-07T07:39:45+02:00,2026-09-07T07:39:45+02:00,45.0,1,Stavanger,GOA:Line:59,Jærbanen,L5,rail,GOA:ServiceJourney:3111_63156-R,True,actual,False,,,,,2026-09-07T08:42:24.659182+02:00
NSR:StopPlace:610,Sandvika stasjon,2026-09-07T06:47:00+02:00,2026-09-07T06:47:45+02:00,2026-09-07T06:47:45+02:00,45.0,1,Asker,VYG:Line:L1,Spikkestad-Oslo S-Lillestrøm,L1,rail,VYG:ServiceJourney:2105_443509-R,True,actual,False,,,,,2026-09-07T08:42:24.659182+02:00
NSR:StopPlace:62373,Berkåk stasjon,2026-09-07T07:15:00+02:00,2026-09-07T07:15:45+02:00,2026-09-07T07:15:45+02:00,45.0,1,Oslo S,SJN:Line:21,Dovrebanen,F6,rail,SJN:ServiceJourney:40-TND_48233-R,True,actual,False,,,,,2026-09-07T08:42:24.659182+02:00
NSR:StopPlace:58816,Dombås stasjon,2026-09-07T02:18:00+02:00,2026-09-07T02:18:45+02:00,2026-09-07T02:18:45+02:00,45.0,1,Oslo S,SJN:Line:21,Dovrebanen,F6,rail,SJN:ServiceJourney:406-TND_30133-R,True,actual,False,,,,,2026-09-07T03:30:22.110925+02:00
NSR:StopPlace:61466,Vakås stasjon,2026-09-07T23:22:00+02:00,2026-09-07T23:22:44+02:00,2026-09-07T23:22:44+02:00,44.0,1,Lillestrøm,VYG:Line:L1,Spikkestad-Oslo S-Lillestrøm,L1,rail,VYG:ServiceJourney:2176_443587-R,True,actual,False,,,,,2026-09-08T00:20:52.129880+02:00
NSR:StopPlace:41,Hanaborg stasjon,2026-09-07T22:19:00+02:00,2026-09-07T22:19:44+02:00,2026-09-07T22:19:44+02:00,44.0,1,Spikkestad,VYG:Line:L1,Spikkestad-Oslo S-Lillestrøm,L1,rail,VYG:ServiceJourney:2271_443704-R,True,actual,False,,,,,2026-09-08T00:20:52.129880+02:00
NSR:StopPlace:61897,Bryn stasjon,2026-09-07T22:15:00+02:00,2026-09-07T22:15:44+02:00,2026-09-07T22:15:44+02:00,44.0,1,Lillestrøm,VYG:Line:L1,Spikkestad-Oslo S-Lillestrøm,L1,rail,VYG:ServiceJourney:2270_443703-R,True,actual,False,,,,,2026-09-08T00:20:52.129880+02:00
NSR:StopPlace:58797,Mysen stasjon,2026-09-07T23:00:00+02:00,2026-09-07T23:00:44+02:00,2026-09-07T23:00:44+02:00,44.0,1,Oslo S,VYG:Line:R22,Skøyen-Oslo S-Mysen-Rakkestad,R22,rail,VYG:ServiceJourney:1940_443496-R,True,actual,False,,,,,2026-09-08T00:20:52.129880+02:00
NSR:StopPlace:58830,Brakerøya stasjon,2026-09-07T21:38:00+02:00,2026-09-07T21:38:44+02:00,2026-09-07T21:38:44+02:00,44.0,1,Dal,VYG:Line:R13,Drammen-Oslo S-Dal,R13,rail,VYG:ServiceJourney:1669_443361-R,True,actual,False,,,,,2026-09-08T00:20:52.129880+02:00
NSR:StopPlace:58851,Heggedal stasjon,2026-09-07T23:29:00+02:00,2026-09-07T23:29:44+02:00,2026-09-07T23:29:44+02:00,44.0,1,Rustadgrenda,RUT:Line:286,Rustadgrenda-Heggedal,286,bus,RUT:ServiceJourney:08625bfe1f4e44962a9fd2ddc0df5af1,True,actual,False,,,,,2026-09-08T00:20:52.129880+02:00
NSR:StopPlace:58865,Vestby stasjon,2026-09-07T22:50:00+02:00,2026-09-07T22:50:44+02:00,2026-09-07T22:50:44+02:00,44.0,1,Grønberg,RUT:Line:530,Pepperstad - Vestby stasjon,530,bus,RUT:ServiceJourney:de6c1b301e1879d990d8b9d23598cd8e,True,actual,False,,,,,2026-09-08T00:20:52.129880+02:00
NSR:StopPlace:58874,Stokke stasjon,2026-09-07T21:52:00+02:00,2026-09-07T21:52:44+02:00,2026-09-07T21:52:44+02:00,44.0,1,Tønsberg,VKT:Line:520,Tønsberg-Stokke,520,bus,VKT:ServiceJourney:17327,True,actual,False,,,,,2026-09-08T00:20:52.129880+02:00
NSR:StopPlace:58811,Moelv stasjon,2026-09-07T23:24:00+02:00,2026-09-07T23:24:44+02:00,2026-09-07T23:24:44+02:00,44.0,1,Brumunddal,INN:Line:100,Hamar - Gjøvik,100,bus,INN:ServiceJourney:83516,True,actual,False,,,,,2026-09-08T00:20:52.129880+02:00
NSR:StopPlace:61897,Bryn stasjon,2026-09-07T18:30:00+02:00,2026-09-07T18:30:44+02:00,2026-09-07T18:30:44+02:00,44.0,1,Lillestrøm,VYG:Line:L1,Spikkestad-Oslo S-Lillestrøm,L1,rail,VYG:ServiceJourney:2154_443563-R,True,actual,False,,,,,2026-09-07T20:27:16.249662+02:00
NSR:StopPlace:61735,Hell stasjon,2026-09-07T16:57:00+02:00,2026-09-07T16:57:44+02:00,2026-09-07T16:57:44+02:00,44.0,1,Storlien,SJN:Line:72,Meråkerbanen,R71,rail,SJN:ServiceJourney:1307_56270-R,True,actual,False,,,,,2026-09-07T20:27:16.249662+02:00
NSR:StopPlace:59648,Kjelsås stasjon,2026-09-07T17:54:00+02:00,2026-09-07T17:54:44+02:00,2026-09-07T17:54:44+02:00,44.0,1,Kværnerbyen,RUT:Line:54,Kværnerbyen - Kjelsås stasjon,54,bus,RUT:ServiceJourney:b1148a8919c3c046428dd30176330ae4,True,actual,False,,,,,2026-09-07T20:27:16.249662+02:00
NSR:StopPlace:59643,Grefsen stasjon,2026-09-07T17:43:00+02:00,2026-09-07T17:43:44+02:00,2026-09-07T17:43:44+02:00,44.0,1,Lysaker,RUT:Line:23,Lysaker - Simensbråten,23,bus,RUT:ServiceJourney:f2f1c9c142efb9ce576e393d720b0257,True,actual,False,,,,,2026-09-07T20:27:16.249662+02:00
NSR:StopPlace:59650,Nyland stasjon,2026-09-07T18:00:00+02:00,2026-09-07T18:00:44+02:00,2026-09-07T18:00:44+02:00,44.0,1,Økern,RUT:Line:345,Vestvollen - Økern,345,bus,RUT:ServiceJourney:dd3cbba79821944f5ddd11ade3e7c5b7,True,actual,False,,,,,2026-09-07T20:27:16.249662+02:00
NSR:StopPlace:59952,Drammen stasjon,2026-09-07T17:43:00+02:00,2026-09-07T17:43:44+02:00,2026-09-07T17:43:44+02:00,44.0,1,Kongsberg,VYG:Line:R12,Kongsberg-Oslo S-Eidsvoll,R12,rail,VYG:ServiceJourney:525_444330-R,True,actual,False,,,,,2026-09-07T20:27:16.249662+02:00
NSR:StopPlace:59958,Voss stasjon,2026-09-07T19:51:00+02:00,2026-09-07T19:51:44+02:00,2026-09-07T19:51:44+02:00,44.0,1,Bergen,VYG:Line:R40,Bergen-Voss-Myrdal-Ål,R40,rail,VYG:ServiceJourney:1835_477934-R,True,actual,False,,,,,2026-09-07T20:27:16.249662+02:00
NSR:StopPlace:59616,Asker stasjon,2026-09-07T17:09:00+02:00,2026-09-07T17:09:44+02:00,2026-09-07T17:09:44+02:00,44.0,1,Lillehammer,VYG:Line:RE10,Drammen-Oslo S-Lillehammer,RE10,rail,VYG:ServiceJourney:327-SUD_444222-R,True,actual,False,,,,,2026-09-07T20:27:16.249662+02:00
NSR:StopPlace:59639,Sonsveien stasjon,2026-09-07T18:34:00+02:00,2026-09-07T18:34:44+02:00,2026-09-07T18:34:44+02:00,44.0,1,Stabekk,VYG:Line:R21,Stabekk-Oslo S-Moss,R21,rail,VYG:ServiceJourney:1158-MOS_443044-R,True,actual,False,,,,,2026-09-07T20:27:16.249662+02:00
NSR:StopPlace:58932,Hommelvik stasjon,2026-09-07T16:44:00+02:00,2026-09-07T16:44:44+02:00,2026-09-07T16:44:44+02:00,44.0,1,Steinkjer,SJN:Line:26,Trønderbanen,R70,rail,SJN:ServiceJourney:443-SOeB_56072-R,True,actual,False,,,,,2026-09-07T20:27:16.249662+02:00
NSR:StopPlace:58932,Hommelvik stasjon,2026-09-07T20:25:00+02:00,2026-09-07T20:25:44+02:00,2026-09-07T20:25:44+02:00,44.0,1,Vikhammer via Sveberg,ATB:Line:2_86,Hommelvik-Sveberg-Vikhammer,86,bus,ATB:ServiceJourney:86_251215112548545_16,True,actual,False,,,,,2026-09-07T20:27:16.249662+02:00
NSR:StopPlace:58948,Stjørdal stasjon,2026-09-07T17:00:00+02:00,2026-09-07T17:00:44+02:00,2026-09-07T17:00:44+02:00,44.0,1,Ler,SJN:Line:26,Trønderbanen,R70,rail,SJN:ServiceJourney:442_56071-R,True,actual,False,,,,,2026-09-07T20:27:16.249662+02:00
NSR:StopPlace:58797,Mysen stasjon,2026-09-07T20:00:00+02:00,2026-09-07T20:00:44+02:00,2026-09-07T20:00:44+02:00,44.0,1,Oslo S,VYG:Line:R22,Skøyen-Oslo S-Mysen-Rakkestad,R22,rail,VYG:ServiceJourney:1934_443488-R,True,actual,False,,,,,2026-09-07T20:27:16.249662+02:00
NSR:StopPlace:58835,Lier stasjon,2026-09-07T19:17:00+02:00,2026-09-07T19:17:44+02:00,2026-09-07T19:17:44+02:00,44.0,1,Drammen,VYG:Line:R13,Drammen-Oslo S-Dal,R13,rail,VYG:ServiceJourney:1654_443330-R,True,actual,False,,,,,2026-09-07T20:27:16.249662+02:00
NSR:StopPlace:58858,Nittedal stasjon,2026-09-07T18:11:00+02:00,2026-09-07T18:11:44+02:00,2026-09-07T18:11:44+02:00,44.0,1,Oslo S,VYG:Line:R31,Skøyen-Jaren-Gjøvik,R31,rail,VYG:ServiceJourney:BUS-226_656072-R,True,actual,False,,,,,2026-09-07T20:27:16.249662+02:00
NSR:StopPlace:58850,Hauerseter stasjon,2026-09-07T19:30:00+02:00,2026-09-07T19:30:44+02:00,2026-09-07T19:30:44+02:00,44.0,1,Dal,VYG:Line:R13,Drammen-Oslo S-Dal,R13,rail,VYG:ServiceJourney:1655_443331-R,True,actual,False,,,,,2026-09-07T20:27:16.249662+02:00
NSR:StopPlace:58877,Bø stasjon,2026-09-07T18:55:00+02:00,2026-09-07T18:55:44+02:00,2026-09-07T18:55:44+02:00,44.0,1,Notodden via Nordagutu,TEL:Line:8323,Notodden-Nordagutu-Gvarv-Bø,323,bus,TEL:ServiceJourney:125772,True,actual,False,,,,,2026-09-07T20:27:16.249662+02:00
NSR:StopPlace:58886,Arendal stasjon,2026-09-07T18:40:00+02:00,2026-09-07T18:40:44+02:00,2026-09-07T18:40:44+02:00,44.0,1,Arendal sentrum,AKT:Line:111,Sykehuset-Arendal-Solåsen,111,bus,AKT:ServiceJourney:73605_251_23_132600_133800_40001009,True,actual,False,,,,,2026-09-07T20:27:16.249662+02:00
NSR:StopPlace:58211,Oslo lufthavn,2026-09-07T16:45:00+02:00,2026-09-07T16:45:44+02:00,2026-09-07T16:45:44+02:00,44.0,1,Scandinavia hotell via Helsfyr-Hasle-Bislett,NBU:Line:a7c15243-8873-4aee-a8b4-8d22e8ad31dc,Oslo sentrum via Helsfyr-Hasle-Bislett,FB5,bus,NBU:ServiceJourney:e2bce078-4ceb-4f0d-a992-baffb0013a06,True,actual,False,,,,,2026-09-07T20:27:16.249662+02:00
NSR:StopPlace:62309,Ljan stasjon,2026-09-07T18:54:00+02:00,2026-09-07T18:54:44+02:00,2026-09-07T18:54:44+02:00,44.0,1,Ski,VYG:Line:L2,Stabekk-Oslo S-Ski,L2,rail,VYG:ServiceJourney:2755-HVK_443966-R,True,actual,False,,,,,2026-09-07T20:27:16.249662+02:00
NSR:StopPlace:62339,Lillestrøm stasjon,2026-09-07T17:40:00+02:00,2026-09-07T17:40:44+02:00,2026-09-07T17:40:44+02:00,44.0,1,Spikkestad,VYG:Line:L1,Spikkestad-Oslo S-Lillestrøm,L1,rail,VYG:ServiceJourney:2253_443674-R,True,actual,False,Heis i spor 1 og 2 er ute av bruk på grunn av vedlikehold. | Færre vogner,Heis i spor 1 og 2 er ute av bruk på grunn av vedlikehold. | Denne avgangen kjører dessverre med 4 vogner i stedet for 8 vogner. Dette skyldes at vi mangler et togsett.,general | general,normal | normal,2026-09-07T20:27:16.249662+02:00
NSR:StopPlace:61897,Bryn stasjon,2026-09-07T15:30:00+02:00,2026-09-07T15:30:44+02:00,2026-09-07T15:30:44+02:00,44.0,1,Lillestrøm,VYG:Line:L1,Spikkestad-Oslo S-Lillestrøm,L1,rail,VYG:ServiceJourney:2142_443550-R,True,actual,False,,,,,2026-09-07T15:44:36.205822+02:00
NSR:StopPlace:59648,Kjelsås stasjon,2026-09-07T13:40:00+02:00,2026-09-07T13:40:44+02:00,2026-09-07T13:40:44+02:00,44.0,1,Roa,VYG:Line:RE30,Oslo S-Gjøvik,RE30,rail,VYG:ServiceJourney:BUS-1219_655047-R,True,actual,False,,,,,2026-09-07T15:44:36.205822+02:00
NSR:StopPlace:60047,Melhus skysstasjon,2026-09-07T14:16:00+02:00,2026-09-07T14:16:44+02:00,2026-09-07T14:16:44+02:00,44.0,1,Dora via E6 - City Syd E6,ATB:Line:2_71,MelhusSkyss-Trondheim,71,bus,ATB:ServiceJourney:71_251215112545754_56,True,actual,False,,,,,2026-09-07T15:44:36.205822+02:00
NSR:StopPlace:59638,Myrvoll stasjon,2026-09-07T13:55:00+02:00,2026-09-07T13:55:44+02:00,2026-09-07T13:55:44+02:00,44.0,1,Fornebu,RUT:Line:81,Fornebu - Myrvoll stasjon,81,bus,RUT:ServiceJourney:e2dabfd302c0b3c4b80057d90b1de4d3,True,actual,False,,,,,2026-09-07T15:44:36.205822+02:00
NSR:StopPlace:58930,Larvik stasjon,2026-09-07T14:32:00+02:00,2026-09-07T14:32:44+02:00,2026-09-07T14:32:44+02:00,44.0,1,Eidsvoll,VYG:Line:RE11,Eidsvoll-Oslo S-Skien,RE11,rail,VYG:ServiceJourney:822_444402-R,True,actual,False,,,,,2026-09-07T15:44:36.205822+02:00
NSR:StopPlace:58948,Stjørdal stasjon,2026-09-07T15:00:00+02:00,2026-09-07T15:00:44+02:00,2026-09-07T15:00:44+02:00,44.0,1,Ler,SJN:Line:26,Trønderbanen,R70,rail,SJN:ServiceJourney:438_56067-R,True,actual,False,,,,,2026-09-07T15:44:36.205822+02:00
NSR:StopPlace:58798,Rakkestad stasjon,2026-09-07T14:00:00+02:00,2026-09-07T14:00:44+02:00,2026-09-07T14:00:44+02:00,44.0,1,Førrisdal-Sandbekk-Rakkestad,OST:Line:1_473,Skoleruter Rakkestad,473,bus,OST:ServiceJourney:473_260325121475544_14,True,actual,False,,,,,2026-09-07T15:44:36.205822+02:00
NSR:StopPlace:58852,Høn stasjon,2026-09-07T13:50:00+02:00,2026-09-07T13:50:44+02:00,2026-09-07T13:50:44+02:00,44.0,1,Lillestrøm,VYG:Line:L1,Spikkestad-Oslo S-Lillestrøm,L1,rail,VYG:ServiceJourney:2138_443545-R,True,actual,False,,,,,2026-09-07T15:44:36.205822+02:00
NSR:StopPlace:58861,Solbråtan stasjon,2026-09-07T14:53:00+02:00,2026-09-07T14:53:44+02:00,2026-09-07T14:53:44+02:00,44.0,1,Stabekk,VYG:Line:L2,Stabekk-Oslo S-Ski,L2,rail,VYG:ServiceJourney:2744-SKI_443954-R,True,actual,False,,,,,2026-09-07T15:44:36.205822+02:00
NSR:StopPlace:58870,Holmestrand stasjon,2026-09-07T15:15:00+02:00,2026-09-07T15:15:44+02:00,2026-09-07T15:15:44+02:00,44.0,1,Horten-Tønsberg,VKT:Line:2,Tjøme-Tønsberg-Horten-Holmestr,2,bus,VKT:ServiceJourney:15847,True,actual,False,Forsinkelser Linje 2 og 411 | Kjører ikke Storgata i Horten,Pga. veiarbeid i Horten sentrum vil det kunne oppstå forsinkelser på busser i tidsrommet 3.-11. september.  | 7.-9. september: Bussene vil ikke kjøre Storgata. Benytt holdeplassene Peders gate eller Horten rb.st. Se vkt.no/avvik Det vil oppstå forsinkelser. ,incident | general,normal | normal,2026-09-07T15:44:36.205822+02:00
NSR:StopPlace:58808,Kongsvinger stasjon,2026-09-07T14:39:00+02:00,2026-09-07T14:39:44+02:00,2026-09-07T14:39:44+02:00,44.0,1,Flisa - Hamar,INN:Line:105,Kongsvinger - Elverum - Hamar,105,bus,INN:ServiceJourney:83651,True,actual,False,,,,,2026-09-07T15:44:36.205822+02:00
NSR:StopPlace:416,Vikhammer stasjon,2026-09-07T14:34:00+02:00,2026-09-07T14:34:44+02:00,2026-09-07T14:34:44+02:00,44.0,1,Steinkjer,SJN:Line:26,Trønderbanen,R70,rail,SJN:ServiceJourney:439_56068-R,True,actual,False,,,,,2026-09-07T15:44:36.205822+02:00
NSR:StopPlace:59649,Nydalen stasjon,2026-09-07T06:43:00+02:00,2026-09-07T06:43:44+02:00,2026-09-07T06:43:44+02:00,44.0,1,Fornebu,RUT:Line:24,Fornebu vest - Brynseng T,24,bus,RUT:ServiceJourney:9da67b35c7a2ef9f44aeafedc30f23e3,True,actual,False,,,,,2026-09-07T08:42:24.659182+02:00
NSR:StopPlace:59641,Fjellhamar stasjon,2026-09-07T06:02:00+02:00,2026-09-07T06:02:44+02:00,2026-09-07T06:02:44+02:00,44.0,1,Asker,VYG:Line:L1,Spikkestad-Oslo S-Lillestrøm,L1,rail,VYG:ServiceJourney:2105_443509-R,True,actual,False,,,,,2026-09-07T08:42:24.659182+02:00
NSR:StopPlace:59651,Skøyen stasjon,2026-09-07T05:54:00+02:00,2026-09-07T05:54:44+02:00,2026-09-07T05:54:44+02:00,44.0,1,Kongsvinger,VYG:Line:R14,Asker-Oslo S-Kongsvinger,R14,rail,VYG:ServiceJourney:1003_442908-R,True,actual,False,,,,,2026-09-07T08:42:24.659182+02:00
NSR:StopPlace:59952,Drammen stasjon,2026-09-07T08:12:00+02:00,2026-09-07T08:12:44+02:00,2026-09-07T08:12:44+02:00,44.0,1,Oslo S,VYG:Line:RX11,Eidsvoll-Oslo S-Skien,RX11,rail,VYG:ServiceJourney:856-SKN_444426-R,True,actual,False,,,,,2026-09-07T08:42:24.659182+02:00
NSR:StopPlace:59957,Klepp stasjon,2026-09-07T06:16:00+02:00,2026-09-07T06:16:44+02:00,2026-09-07T06:16:44+02:00,44.0,1,Egersund,GOA:Line:59,Jærbanen,L5,rail,GOA:ServiceJourney:3008_63040-R,True,actual,False,,,,,2026-09-07T08:42:24.659182+02:00
NSR:StopPlace:60016,Kråkstad stasjon,2026-09-07T08:06:00+02:00,2026-09-07T08:06:44+02:00,2026-09-07T08:06:44+02:00,44.0,1,Oslo S,VYG:Line:R22,Skøyen-Oslo S-Mysen-Rakkestad,R22,rail,VYG:ServiceJourney:1954_443500-R,True,actual,False,,,,,2026-09-07T08:42:24.659182+02:00
NSR:StopPlace:60047,Melhus skysstasjon,2026-09-07T06:53:00+02:00,2026-09-07T06:53:44+02:00,2026-09-07T06:53:44+02:00,44.0,1,Brekkåsen,ATB:Line:2_82,Hesttrøa-Brekkåsen,82,bus,ATB:ServiceJourney:82_251215112550760_11,True,actual,False,Linje 82 og 504,Avvikende kjøring for linje 82 og 504 pga Hølondvegen er stengt. ,general,normal,2026-09-07T08:42:24.659182+02:00
NSR:StopPlace:59243,Mo i Rana stasjon,2026-09-07T07:25:00+02:00,2026-09-07T07:25:44+02:00,2026-09-07T07:25:44+02:00,44.0,1,Hammeren,NOR:Line:12_8375,Mo-Hammarn-Mo,375,bus,NOR:ServiceJourney:8375_251012124901002_1001,True,actual,False,,,,,2026-09-07T08:42:24.659182+02:00
NSR:StopPlace:59637,Rosenholm stasjon,2026-09-07T07:58:00+02:00,2026-09-07T07:58:44+02:00,2026-09-07T07:58:44+02:00,44.0,1,Stabekk,VYG:Line:L2,Stabekk-Oslo S-Ski,L2,rail,VYG:ServiceJourney:2716-SKI_443922-R,True,actual,False,,,,,2026-09-07T08:42:24.659182+02:00
NSR:StopPlace:58963,Jessheim stasjon,2026-09-07T05:31:00+02:00,2026-09-07T05:31:44+02:00,2026-09-07T05:31:44+02:00,44.0,1,Oslo lufthavn,RUT:Line:440,Fenstad/Nordkisa - Oslo lufthavn,440,bus,RUT:ServiceJourney:f892555753f36e1cf531533a651daa72,True,actual,False,,,,,2026-09-07T08:42:24.659182+02:00
NSR:StopPlace:58963,Jessheim stasjon,2026-09-07T07:07:00+02:00,2026-09-07T07:07:44+02:00,2026-09-07T07:07:44+02:00,44.0,1,Årnes - Runni,RUT:Line:450,Årnes - Oslo lufthavn,450,bus,RUT:ServiceJourney:50d773ef50e65883ef38596aab03dc12,True,actual,False,,,,,2026-09-07T08:42:24.659182+02:00
NSR:StopPlace:58964,Kløfta stasjon,2026-09-07T07:44:00+02:00,2026-09-07T07:44:44+02:00,2026-09-07T07:44:44+02:00,44.0,1,Drammen,VYG:Line:R13,Drammen-Oslo S-Dal,R13,rail,VYG:ServiceJourney:1612_443236-R,True,actual,False,,,,,2026-09-07T08:42:24.659182+02:00
NSR:StopPlace:58934,Lassemoen stasjon,2026-09-07T07:50:00+02:00,2026-09-07T07:50:44+02:00,2026-09-07T07:50:44+02:00,44.0,1,Namsskogan skole,ATB:Line:2_611,Grong - Harran - Namsskogan,611,bus,ATB:ServiceJourney:611_260106098640319_2,True,actual,False,,,,,2026-09-07T08:42:24.659182+02:00
NSR:StopPlace:58948,Stjørdal stasjon,2026-09-07T07:35:00+02:00,2026-09-07T07:35:44+02:00,2026-09-07T07:35:44+02:00,44.0,1,Trondheim,ATB:Line:2_311,Stjørdal - Trondheim,311,bus,ATB:ServiceJourney:311_260106098642707_26,True,actual,False,Endret tilbud ved Vikelvvegen,Sydgående avkjøringsrampe fra E6 ved Reppe er stengt frem til 21. september. Vikelvvegen og Ranheim fabrikker til sentrum blir ikke betjent av linje 311 i perioden. ,general,normal,2026-09-07T08:42:24.659182+02:00
NSR:StopPlace:58834,Hokksund stasjon,2026-09-07T07:17:00+02:00,2026-09-07T07:17:44+02:00,2026-09-07T07:17:44+02:00,44.0,1,Bergen,VYG:Line:F4,Oslo S-Bergen,F4,rail,VYG:ServiceJourney:61-LOD_504304-R,True,actual,False,,,,,2026-09-07T08:42:24.659182+02:00
NSR:StopPlace:58836,Mjøndalen stasjon,2026-09-07T07:54:00+02:00,2026-09-07T07:54:44+02:00,2026-09-07T07:54:44+02:00,44.0,1,Drammen via Gulskogen,BRA:Line:4_6052,Drammen - Mjøndalen,52,bus,BRA:ServiceJourney:6052_260415100161097_1010,True,actual,False,,,,,2026-09-07T08:42:24.659182+02:00
NSR:StopPlace:58852,Høn stasjon,2026-09-07T05:50:00+02:00,2026-09-07T05:50:44+02:00,2026-09-07T05:50:44+02:00,44.0,1,Lillestrøm,VYG:Line:L1,Spikkestad-Oslo S-Lillestrøm,L1,rail,VYG:ServiceJourney:2106_443510-R,True,actual,False,,,,,2026-09-07T08:42:24.659182+02:00
NSR:StopPlace:58857,Lørenskog stasjon,2026-09-07T06:06:00+02:00,2026-09-07T06:06:44+02:00,2026-09-07T06:06:44+02:00,44.0,1,Asker,VYG:Line:L1,Spikkestad-Oslo S-Lillestrøm,L1,rail,VYG:ServiceJourney:2105_443509-R,True,actual,False,,,,,2026-09-07T08:42:24.659182+02:00
NSR:StopPlace:58858,Nittedal stasjon,2026-09-07T07:50:00+02:00,2026-09-07T07:50:44+02:00,2026-09-07T07:50:44+02:00,44.0,1,Lørenskog sentrum,RUT:Line:385,Nittedal stasjon - Olavsgaard - Ahus,385,bus,RUT:ServiceJourney:fe00b379bac956f1c3e7b0b50788d684,True,actual,False,,,,,2026-09-07T08:42:24.659182+02:00
NSR:StopPlace:58850,Hauerseter stasjon,2026-09-07T08:00:00+02:00,2026-09-07T08:00:44+02:00,2026-09-07T08:00:44+02:00,44.0,1,Dal,VYG:Line:R13,Drammen-Oslo S-Dal,R13,rail,VYG:ServiceJourney:1609_443226-R,True,actual,False,,,,,2026-09-07T08:42:24.659182+02:00
NSR:StopPlace:58851,Heggedal stasjon,2026-09-07T07:59:00+02:00,2026-09-07T07:59:44+02:00,2026-09-07T07:59:44+02:00,44.0,1,Asker,RUT:Line:280,Asker - Dikemark - Heggedal,280,bus,RUT:ServiceJourney:56a23ff98e04d48fed08928d2579c8f5,True,actual,False,,,,,2026-09-07T08:42:24.659182+02:00
NSR:StopPlace:58863,Svingen stasjon,2026-09-07T08:15:00+02:00,2026-09-07T08:15:44+02:00,2026-09-07T08:15:44+02:00,44.0,1,Riddersand skole,RUT:Line:2732,Dammerud - Tofsrud - Lystad - Riddersand skole,2732,bus,RUT:ServiceJourney:d1dc7466381d6fc2cd195825a08476c6,True,actual,False,,,,,2026-09-07T08:42:24.659182+02:00
NSR:StopPlace:58864,Sørumsand stasjon,2026-09-07T05:49:00+02:00,2026-09-07T05:49:44+02:00,2026-09-07T05:49:44+02:00,44.0,1,Blaker ring,RUT:Line:370,Sørumsand - Blaker - Sørumsand,370A,bus,RUT:ServiceJourney:d8519f6853f0c61d03c15c6710c1a280,True,actual,False,,,,,2026-09-07T08:42:24.659182+02:00
NSR:StopPlace:58866,Vevelstad stasjon,2026-09-07T05:06:00+02:00,2026-09-07T05:06:44+02:00,2026-09-07T05:06:44+02:00,44.0,1,Drøbak - Frogn vgs.,RUT:Line:510,Bøleråsen - Ski - Ås - Drøbak,510,bus,RUT:ServiceJourney:c828f5d80339e6b9c93f094fdc9bdb61,True,actual,False,,,,,2026-09-07T08:42:24.659182+02:00
NSR:StopPlace:58870,Holmestrand stasjon,2026-09-07T06:28:00+02:00,2026-09-07T06:28:44+02:00,2026-09-07T06:28:44+02:00,44.0,1,Eidsvoll,VYG:Line:RE11,Eidsvoll-Oslo S-Skien,RE11,rail,VYG:ServiceJourney:804_444384-R,True,actual,False,,,,,2026-09-07T08:42:24.659182+02:00
NSR:StopPlace:58870,Holmestrand stasjon,2026-09-07T06:35:00+02:00,2026-09-07T06:35:44+02:00,2026-09-07T06:35:44+02:00,44.0,1,Skoppum-Tønsberg,VKT:Line:8,Tønsberg-Skoppum-Holmestrand,8,bus,VKT:ServiceJourney:15923,True,actual,False,,,,,2026-09-07T08:42:24.659182+02:00
NSR:StopPlace:58870,Holmestrand stasjon,2026-09-07T08:05:00+02:00,2026-09-07T08:05:44+02:00,2026-09-07T08:05:44+02:00,44.0,1,Ekeberg skole,VKT:Line:1905,Holmestrand-Ekeberg skole,1905,bus,VKT:ServiceJourney:14711,True,actual,False,,,,,2026-09-07T08:42:24.659182+02:00
NSR:StopPlace:58873,Skoppum stasjon,2026-09-07T07:43:00+02:00,2026-09-07T07:43:44+02:00,2026-09-07T07:43:44+02:00,44.0,1,Bakkenteigen,VKT:Line:410,Skoppum st-Bakkenteigen,410,bus,VKT:ServiceJourney:17126,True,actual,False,,,,,2026-09-07T08:42:24.659182+02:00
NSR:StopPlace:58886,Arendal stasjon,2026-09-07T07:24:00+02:00,2026-09-07T07:24:44+02:00,2026-09-07T07:24:44+02:00,44.0,1,Tromøy Øst via Tromøy kirkevei,AKT:Line:102,Tromøy Øst-Arendal-Rykene,102,bus,AKT:ServiceJourney:72048_22_71_49800_53220_40000975,True,actual,False,,,,,2026-09-07T08:42:24.659182+02:00
NSR:StopPlace:58886,Arendal stasjon,2026-09-07T07:27:00+02:00,2026-09-07T07:27:44+02:00,2026-09-07T07:27:44+02:00,44.0,1,Solåsen,AKT:Line:111,Sykehuset-Arendal-Solåsen,111,bus,AKT:ServiceJourney:73583_31_33_52440_54540_40001010,True,actual,False,,,,,2026-09-07T08:42:24.659182+02:00
NSR:StopPlace:58890,Nelaug stasjon,2026-09-07T07:50:00+02:00,2026-09-07T07:50:44+02:00,2026-09-07T07:50:44+02:00,44.0,1,Åmli skule,AKT:Line:1956,Skulebussar Åmli,1956,bus,AKT:ServiceJourney:74286_21_13_56400_58200_40000906,True,actual,False,,,,,2026-09-07T08:42:24.659182+02:00
NSR:StopPlace:58803,Tomter stasjon,2026-09-07T07:24:00+02:00,2026-09-07T07:24:44+02:00,2026-09-07T07:24:44+02:00,44.0,1,Rakkestad,VYG:Line:R22,Skøyen-Oslo S-Mysen-Rakkestad,R22,rail,VYG:ServiceJourney:1905_443439-R,True,actual,False,,,,,2026-09-07T08:42:24.659182+02:00
NSR:StopPlace:58211,Oslo lufthavn,2026-09-07T05:50:00+02:00,2026-09-07T05:50:44+02:00,2026-09-07T05:50:44+02:00,44.0,1,Drammen,FLT:Line:FLY1,FLY1,FLY1,rail,FLT:ServiceJourney:1-2614-3704-20260907,True,actual,False,,,,,2026-09-07T08:42:24.659182+02:00
NSR:StopPlace:362,Jåttåvågen stasjon,2026-09-07T06:39:00+02:00,2026-09-07T06:39:44+02:00,2026-09-07T06:39:44+02:00,44.0,1,Oslo S,GOA:Line:50,Sørtoget region,F5,rail,GOA:ServiceJourney:706-KVB_63227-R,True,actual,False,,,,,2026-09-07T08:42:24.659182+02:00
NSR:StopPlace:62339,Lillestrøm stasjon,2026-09-07T06:56:00+02:00,2026-09-07T06:56:44+02:00,2026-09-07T06:56:44+02:00,44.0,1,Kongsberg,VYG:Line:R12,Kongsberg-Oslo S-Eidsvoll,R12,rail,VYG:ServiceJourney:505_444298-R,True,actual,False,Heis i spor 1 og 2 er ute av bruk på grunn av vedlikehold.,Heis i spor 1 og 2 er ute av bruk på grunn av vedlikehold.,general,normal,2026-09-07T08:42:24.659182+02:00
NSR:StopPlace:58862,Strømmen stasjon,2026-09-08T00:45:00+02:00,2026-09-08T00:45:43+02:00,2026-09-08T00:45:43+02:00,43.0,1,Drammen,VYG:Line:L1,Spikkestad-Oslo S-Lillestrøm,L1,rail,VYG:ServiceJourney:2281_443719-R,True,actual,False,,,,,2026-09-08T03:39:50.209703+02:00
NSR:StopPlace:61466,Vakås stasjon,2026-09-07T22:22:00+02:00,2026-09-07T22:22:43+02:00,2026-09-07T22:22:43+02:00,43.0,1,Lillestrøm,VYG:Line:L1,Spikkestad-Oslo S-Lillestrøm,L1,rail,VYG:ServiceJourney:2172_443583-R,True,actual,False,,,,,2026-09-08T00:20:52.129880+02:00
NSR:StopPlace:61464,Hvalstad stasjon,2026-09-07T22:10:00+02:00,2026-09-07T22:10:43+02:00,2026-09-07T22:10:43+02:00,43.0,1,Lillestrøm,VYG:Line:L1,Spikkestad-Oslo S-Lillestrøm,L1,rail,VYG:ServiceJourney:2272_465117-R,True,actual,False,,,,,2026-09-08T00:20:52.129880+02:00
NSR:StopPlace:59654,Stabekk stasjon,2026-09-07T21:53:00+02:00,2026-09-07T21:53:43+02:00,2026-09-07T21:53:43+02:00,43.0,1,Oslo Lufthavn,FLT:Line:FLY2,FLY2,FLY2,rail,FLT:ServiceJourney:1-2614-3603-20260907,True,actual,False,,,,,2026-09-08T00:20:52.129880+02:00
NSR:StopPlace:59654,Stabekk stasjon,2026-09-07T22:22:00+02:00,2026-09-07T22:22:43+02:00,2026-09-07T22:22:43+02:00,43.0,1,Nationaltheatret,RUT:Line:150,Gullhaug - Nationaltheatret,150,bus,RUT:ServiceJourney:ad0beae2ba3cd8f096906451316d362f,True,actual,False,,,,,2026-09-08T00:20:52.129880+02:00
NSR:StopPlace:58853,Kolbotn stasjon,2026-09-07T22:11:00+02:00,2026-09-07T22:11:43+02:00,2026-09-07T22:11:43+02:00,43.0,1,Hauketo stasjon,RUT:Line:87,Hauketo stasjon - Kolbotn,87,bus,RUT:ServiceJourney:58c288333d49fe73fb6df11cdbc0a67a,True,actual,False,,,,,2026-09-08T00:20:52.129880+02:00
NSR:StopPlace:58864,Sørumsand stasjon,2026-09-07T22:51:00+02:00,2026-09-07T22:51:43+02:00,2026-09-07T22:51:43+02:00,43.0,1,Skedsmokorset,RUT:Line:365,Sørumsand - Frogner - Skedsmokorset,365,bus,RUT:ServiceJourney:e4ce12b2c858919e59d5de961b5a37dd,True,actual,False,,,,,2026-09-08T00:20:52.129880+02:00
NSR:StopPlace:58865,Vestby stasjon,2026-09-07T22:15:00+02:00,2026-09-07T22:15:43+02:00,2026-09-07T22:15:43+02:00,43.0,1,Moss,VYG:Line:R21,Stabekk-Oslo S-Moss,R21,rail,VYG:ServiceJourney:1167-HVK_443060-R,True,actual,False,,,,,2026-09-08T00:20:52.129880+02:00
NSR:StopPlace:62392,Slependen stasjon,2026-09-07T22:49:00+02:00,2026-09-07T22:49:43+02:00,2026-09-07T22:49:43+02:00,43.0,1,Asker,VYG:Line:L1,Spikkestad-Oslo S-Lillestrøm,L1,rail,VYG:ServiceJourney:2169_443579-R,True,actual,False,,,,,2026-09-08T00:20:52.129880+02:00
NSR:StopPlace:61463,Nordstrand stasjon,2026-09-07T18:22:00+02:00,2026-09-07T18:22:43+02:00,2026-09-07T18:22:43+02:00,43.0,1,Ski,VYG:Line:L2,Stabekk-Oslo S-Ski,L2,rail,VYG:ServiceJourney:2753-HVK_443964-R,True,actual,False,,,,,2026-09-07T20:27:16.249662+02:00
NSR:StopPlace:61897,Bryn stasjon,2026-09-07T18:50:00+02:00,2026-09-07T18:50:43+02:00,2026-09-07T18:50:43+02:00,43.0,1,Asker,VYG:Line:L1,Spikkestad-Oslo S-Lillestrøm,L1,rail,VYG:ServiceJourney:2155_443564-R,True,actual,False,,,,,2026-09-07T20:27:16.249662+02:00
NSR:StopPlace:61897,Bryn stasjon,2026-09-07T19:05:00+02:00,2026-09-07T19:05:43+02:00,2026-09-07T19:05:43+02:00,43.0,1,Spikkestad,VYG:Line:L1,Spikkestad-Oslo S-Lillestrøm,L1,rail,VYG:ServiceJourney:2257_443680-R,True,actual,False,,,,,2026-09-07T20:27:16.249662+02:00
NSR:StopPlace:59646,Høvik stasjon,2026-09-07T19:26:00+02:00,2026-09-07T19:26:43+02:00,2026-09-07T19:26:43+02:00,43.0,1,Spikkestad,VYG:Line:L1,Spikkestad-Oslo S-Lillestrøm,L1,rail,VYG:ServiceJourney:2257_443680-R,True,actual,False,,,,,2026-09-07T20:27:16.249662+02:00
NSR:StopPlace:59952,Drammen stasjon,2026-09-07T17:42:00+02:00,2026-09-07T17:42:43+02:00,2026-09-07T17:42:43+02:00,43.0,1,Oslo Lufthavn,FLT:Line:FLY1,FLY1,FLY1,rail,FLT:ServiceJourney:1-2614-3783-20260907,True,actual,False,,,,,2026-09-07T20:27:16.249662+02:00
NSR:StopPlace:58948,Stjørdal stasjon,2026-09-07T16:41:00+02:00,2026-09-07T16:41:43+02:00,2026-09-07T16:41:43+02:00,43.0,1,Mo i Rana,SJN:Line:71,Nordlandsbanen,F7,rail,SJN:ServiceJourney:477_45453-R,True,actual,False,,,,,2026-09-07T20:27:16.249662+02:00
NSR:StopPlace:58836,Mjøndalen stasjon,2026-09-07T18:24:00+02:00,2026-09-07T18:24:43+02:00,2026-09-07T18:24:43+02:00,43.0,1,Drammen via Gulskogen,BRA:Line:4_6052,Drammen - Mjøndalen,52,bus,BRA:ServiceJourney:6052_260415100161113_1042,True,actual,False,,,,,2026-09-07T20:27:16.249662+02:00
NSR:StopPlace:58845,Eidsvoll verk stasjon,2026-09-07T17:35:00+02:00,2026-09-07T17:35:43+02:00,2026-09-07T17:35:43+02:00,43.0,1,Hurdal,RUT:Line:445,Hurdal - Eidsvoll verk,445,bus,RUT:ServiceJourney:0e9f5f9d37c3646ffbff81ef769ab008,True,actual,False,,,,,2026-09-07T20:27:16.249662+02:00
NSR:StopPlace:58858,Nittedal stasjon,2026-09-07T20:11:00+02:00,2026-09-07T20:11:43+02:00,2026-09-07T20:11:43+02:00,43.0,1,Dam,RUT:Line:386,Nittedal stasjon - Kruttverket - Dam,386,bus,RUT:ServiceJourney:c262c4d0a0d574898b3879bb3ec9bb58,True,actual,False,,,,,2026-09-07T20:27:16.249662+02:00
NSR:StopPlace:58851,Heggedal stasjon,2026-09-07T19:29:00+02:00,2026-09-07T19:29:43+02:00,2026-09-07T19:29:43+02:00,43.0,1,Rustadgrenda,RUT:Line:286,Rustadgrenda-Heggedal,286,bus,RUT:ServiceJourney:1264b47bdf78df4e9507276201f8553e,True,actual,False,,,,,2026-09-07T20:27:16.249662+02:00
NSR:StopPlace:58825,Raufoss stasjon,2026-09-07T19:41:00+02:00,2026-09-07T19:41:43+02:00,2026-09-07T19:41:43+02:00,43.0,1,Lena,INN:Line:47,Lena-Kapp-Gjøvik-Raufoss-Lena,B47,bus,INN:ServiceJourney:76605,True,actual,False,,,,,2026-09-07T20:27:16.249662+02:00
NSR:StopPlace:144,Skansen stasjon,2026-09-07T19:47:00+02:00,2026-09-07T19:47:43+02:00,2026-09-07T19:47:43+02:00,43.0,1,Ler,SJN:Line:26,Trønderbanen,R70,rail,SJN:ServiceJourney:446_56075-R,True,actual,False,,,,,2026-09-07T20:27:16.249662+02:00
NSR:StopPlace:610,Sandvika stasjon,2026-09-07T18:32:00+02:00,2026-09-07T18:32:43+02:00,2026-09-07T18:32:43+02:00,43.0,1,Lillestrøm,VYG:Line:L1,Spikkestad-Oslo S-Lillestrøm,L1,rail,VYG:ServiceJourney:2156_443565-R,True,actual,False,,,,,2026-09-07T20:27:16.249662+02:00
NSR:StopPlace:59687,Grong stasjon,2026-09-07T14:00:00+02:00,2026-09-07T14:00:43+02:00,2026-09-07T14:00:43+02:00,43.0,1,AMFI Steinkjer,ATB:Line:2_690,Grong - Steinkjer,690,bus,ATB:ServiceJourney:690_260106098640250_6,True,actual,False,,,,,2026-09-07T15:44:36.205822+02:00
NSR:StopPlace:59638,Myrvoll stasjon,2026-09-07T14:05:00+02:00,2026-09-07T14:05:43+02:00,2026-09-07T14:05:43+02:00,43.0,1,Fornebu,RUT:Line:81,Fornebu - Myrvoll stasjon,81,bus,RUT:ServiceJourney:f08dd4dc02c196b13abed9f0f35aa073,True,actual,False,,,,,2026-09-07T15:44:36.205822+02:00
NSR:StopPlace:58947,Steinkjer stasjon,2026-09-07T14:35:00+02:00,2026-09-07T14:35:43+02:00,2026-09-07T14:35:43+02:00,43.0,1,Sørlia,ATB:Line:2_733,Agle Snåsa - Steinkjer,733,bus,ATB:ServiceJourney:733_260106098641868_4,True,actual,False,,,,,2026-09-07T15:44:36.205822+02:00
NSR:StopPlace:58948,Stjørdal stasjon,2026-09-07T14:00:00+02:00,2026-09-07T14:00:43+02:00,2026-09-07T14:00:43+02:00,43.0,1,Steinkjer,SJN:Line:26,Trønderbanen,R70,rail,SJN:ServiceJourney:437_56066-R,True,actual,False,,,,,2026-09-07T15:44:36.205822+02:00
NSR:StopPlace:58948,Stjørdal stasjon,2026-09-07T14:45:00+02:00,2026-09-07T14:45:43+02:00,2026-09-07T14:45:43+02:00,43.0,1,Trondheim,ATB:Line:2_311,Stjørdal - Trondheim,311,bus,ATB:ServiceJourney:311_260106098642701_52,True,actual,False,Endret tilbud ved Vikelvvegen,Sydgående avkjøringsrampe fra E6 ved Reppe er stengt frem til 21. september. Vikelvvegen og Ranheim fabrikker til sentrum blir ikke betjent av linje 311 i perioden. ,general,normal,2026-09-07T15:44:36.205822+02:00
NSR:StopPlace:58790,Verdal stasjon,2026-09-07T14:00:00+02:00,2026-09-07T14:00:43+02:00,2026-09-07T14:00:43+02:00,43.0,1,Ler,SJN:Line:26,Trønderbanen,R70,rail,SJN:ServiceJourney:438_56067-R,True,actual,False,,,,,2026-09-07T15:44:36.205822+02:00
NSR:StopPlace:58805,Brumunddal stasjon,2026-09-07T15:40:00+02:00,2026-09-07T15:40:43+02:00,2026-09-07T15:40:43+02:00,43.0,1,Nybygda,INN:Line:635,Brumunddal-Nybygda-Brumunddal,635,bus,INN:ServiceJourney:83286,True,actual,False,,,,,2026-09-07T15:44:36.205822+02:00
NSR:StopPlace:58811,Moelv stasjon,2026-09-07T15:36:00+02:00,2026-09-07T15:36:43+02:00,2026-09-07T15:36:43+02:00,43.0,1,Fossen - Næroset,INN:Line:610,Næroset - Fossen - Moelv,610,bus,INN:ServiceJourney:83027,True,actual,False,,,,,2026-09-07T15:44:36.205822+02:00
NSR:StopPlace:61251,Øksnavadporten stasjon,2026-09-07T07:45:00+02:00,2026-09-07T07:45:43+02:00,2026-09-07T07:45:43+02:00,43.0,1,Øksnevad vgs.,KOL:Line:8_2672,SK2001,SK2001,bus,KOL:ServiceJourney:2672_250903083238679_1001,True,actual,False,,,,,2026-09-07T08:42:24.659182+02:00
NSR:StopPlace:61387,Skogn stasjon,2026-09-07T08:19:00+02:00,2026-09-07T08:19:43+02:00,2026-09-07T08:19:43+02:00,43.0,1,Skogn barne- og ungdomsskole,ATB:Line:2_7411,Stavlo - Skogn,7411,bus,ATB:ServiceJourney:7411_260106098640809_2,True,actual,False,,,,,2026-09-07T08:42:24.659182+02:00
NSR:StopPlace:59643,Grefsen stasjon,2026-09-07T06:42:00+02:00,2026-09-07T06:42:43+02:00,2026-09-07T06:42:43+02:00,43.0,1,Gaustadalléen,RUT:Line:17,Rikshospitalet - Sinsen o/ Carl Berner,17,tram,RUT:ServiceJourney:c4a529db313f0c105e989b2070b9ad7a,True,actual,False,,,,,2026-09-07T08:42:24.659182+02:00
NSR:StopPlace:59654,Stabekk stasjon,2026-09-07T06:40:00+02:00,2026-09-07T06:40:43+02:00,2026-09-07T06:40:43+02:00,43.0,1,Asker,VYG:Line:L1,Spikkestad-Oslo S-Lillestrøm,L1,rail,VYG:ServiceJourney:2105_443509-R,True,actual,False,,,,,2026-09-07T08:42:24.659182+02:00
NSR:StopPlace:59654,Stabekk stasjon,2026-09-07T06:56:00+02:00,2026-09-07T06:56:43+02:00,2026-09-07T06:56:43+02:00,43.0,1,Lillestrøm,VYG:Line:L1,Spikkestad-Oslo S-Lillestrøm,L1,rail,VYG:ServiceJourney:2210_443601-R,True,actual,False,Færre vogner,Denne avgangen kjører dessverre med 4 vogner i stedet for 8 vogner. Dette skyldes at vi mangler et togsett.,general,normal,2026-09-07T08:42:24.659182+02:00
NSR:StopPlace:60047,Melhus skysstasjon,2026-09-07T06:46:00+02:00,2026-09-07T06:46:43+02:00,2026-09-07T06:46:43+02:00,43.0,1,Dora via E6 - City Syd E6,ATB:Line:2_71,MelhusSkyss-Trondheim,71,bus,ATB:ServiceJourney:71_251215112545758_10,True,actual,False,,,,,2026-09-07T08:42:24.659182+02:00
NSR:StopPlace:60077,Støren stasjon,2026-09-07T07:13:00+02:00,2026-09-07T07:13:43+02:00,2026-09-07T07:13:43+02:00,43.0,1,Steinkjer,SJN:Line:26,Trønderbanen,R70,rail,SJN:ServiceJourney:427_56056-R,True,actual,False,,,,,2026-09-07T08:42:24.659182+02:00
NSR:StopPlace:59616,Asker stasjon,2026-09-07T06:14:00+02:00,2026-09-07T06:14:43+02:00,2026-09-07T06:14:43+02:00,43.0,1,Oslo Lufthavn,FLT:Line:FLY1,FLY1,FLY1,rail,FLT:ServiceJourney:1-2614-3713-20260907,True,actual,False,,,,,2026-09-07T08:42:24.659182+02:00
NSR:StopPlace:59636,Holmlia stasjon,2026-09-07T06:51:00+02:00,2026-09-07T06:51:43+02:00,2026-09-07T06:51:43+02:00,43.0,1,Krummedike,RUT:Line:2077,Holmlia stasjon - Asperudåsen,77B,bus,RUT:ServiceJourney:4689ca475e258fac333c1c268c6c9fe3,True,actual,False,,,,,2026-09-07T08:42:24.659182+02:00
NSR:StopPlace:58963,Jessheim stasjon,2026-09-07T07:40:00+02:00,2026-09-07T07:40:43+02:00,2026-09-07T07:40:43+02:00,43.0,1,Eidsvoll,RUT:Line:430,Eidsvoll - Jessheim,430,bus,RUT:ServiceJourney:09ee6ed947d444f302b789c78f5c8581,True,actual,False,,,,,2026-09-07T08:42:24.659182+02:00
NSR:StopPlace:58964,Kløfta stasjon,2026-09-07T07:03:00+02:00,2026-09-07T07:03:43+02:00,2026-09-07T07:03:43+02:00,43.0,1,Oslo lufthavn,RUT:Line:425,Kløfta – Oslo lufthavn,425,bus,RUT:ServiceJourney:d9b6e7db9d75afd897789ec77c88bebb,True,actual,False,,,,,2026-09-07T08:42:24.659182+02:00
NSR:StopPlace:58964,Kløfta stasjon,2026-09-07T07:49:00+02:00,2026-09-07T07:49:43+02:00,2026-09-07T07:49:43+02:00,43.0,1,Herbergåsen,RUT:Line:460,Herbergåsen - Kløfta,460,bus,RUT:ServiceJourney:b33cf9b23259978dbf71b35d7606bcc4,True,actual,False,,,,,2026-09-07T08:42:24.659182+02:00
NSR:StopPlace:58925,Gausel stasjon,2026-09-07T05:57:00+02:00,2026-09-07T05:57:43+02:00,2026-09-07T05:57:43+02:00,43.0,1,Stavanger,KOL:Line:8_1001,1,1,bus,KOL:ServiceJourney:1001_251008118371098_2002,True,actual,False,,,,,2026-09-07T08:42:24.659182+02:00
NSR:StopPlace:58948,Stjørdal stasjon,2026-09-07T07:24:00+02:00,2026-09-07T07:24:43+02:00,2026-09-07T07:24:43+02:00,43.0,1,Fosslia fjellhall,ATB:Line:2_311,Stjørdal - Trondheim,311,bus,ATB:ServiceJourney:311_260106098642753_7,True,actual,False,Endret tilbud ved Vikelvvegen,Sydgående avkjøringsrampe fra E6 ved Reppe er stengt frem til 21. september. Vikelvvegen og Ranheim fabrikker til sentrum blir ikke betjent av linje 311 i perioden. ,general,normal,2026-09-07T08:42:24.659182+02:00
NSR:StopPlace:58795,Kambo stasjon,2026-09-07T08:00:00+02:00,2026-09-07T08:00:43+02:00,2026-09-07T08:00:43+02:00,43.0,1,Stabekk,VYG:Line:R21,Stabekk-Oslo S-Moss,R21,rail,VYG:ServiceJourney:1116-MOS_442991-R,True,actual,False,,,,,2026-09-07T08:42:24.659182+02:00
NSR:StopPlace:58796,Moss stasjon,2026-09-07T06:08:00+02:00,2026-09-07T06:08:43+02:00,2026-09-07T06:08:43+02:00,43.0,1,Oslo S,VYG:Line:RE20,Oslo S-Halden-Göteborg (X-Border),RE20,rail,VYG:ServiceJourney:104_442952-R,True,actual,False,,,,,2026-09-07T08:42:24.659182+02:00
NSR:StopPlace:58830,Brakerøya stasjon,2026-09-07T08:38:00+02:00,2026-09-07T08:38:43+02:00,2026-09-07T08:38:43+02:00,43.0,1,Dal,VYG:Line:R13,Drammen-Oslo S-Dal,R13,rail,VYG:ServiceJourney:1617_443249-R,True,actual,False,,,,,2026-09-07T08:42:24.659182+02:00
NSR:StopPlace:58840,Vestfossen stasjon,2026-09-07T05:53:00+02:00,2026-09-07T05:53:43+02:00,2026-09-07T05:53:43+02:00,43.0,1,Eidsvoll,VYG:Line:R12,Kongsberg-Oslo S-Eidsvoll,R12,rail,VYG:ServiceJourney:504_444296-R,True,actual,False,,,,,2026-09-07T08:42:24.659182+02:00
NSR:StopPlace:58853,Kolbotn stasjon,2026-09-07T07:00:00+02:00,2026-09-07T07:00:43+02:00,2026-09-07T07:00:43+02:00,43.0,1,Kolbotn sentrum,RUT:Line:585,Kolbotn - Svartskog,585,bus,RUT:ServiceJourney:74239d86258653ecc7bd635630874689,True,actual,False,,,,,2026-09-07T08:42:24.659182+02:00
NSR:StopPlace:58857,Lørenskog stasjon,2026-09-07T06:13:00+02:00,2026-09-07T06:13:43+02:00,2026-09-07T06:13:43+02:00,43.0,1,Stovner,RUT:Line:120,Nesåsen - Stovner,120,bus,RUT:ServiceJourney:de2dd1085509f7d65f27b8d308179b0b,True,actual,False,,,,,2026-09-07T08:42:24.659182+02:00
NSR:StopPlace:58851,Heggedal stasjon,2026-09-07T07:55:00+02:00,2026-09-07T07:55:43+02:00,2026-09-07T07:55:43+02:00,43.0,1,Lillestrøm,VYG:Line:L1,Spikkestad-Oslo S-Lillestrøm,L1,rail,VYG:ServiceJourney:2216_445310-R,True,actual,False,Færre vogner,Denne avgangen kjører dessverre med 4 vogner i stedet for 8 vogner. Dette skyldes at vi mangler et togsett.,general,normal,2026-09-07T08:42:24.659182+02:00
NSR:StopPlace:58893,Grovane stasjon,2026-09-07T07:20:00+02:00,2026-09-07T07:20:43+02:00,2026-09-07T07:20:43+02:00,43.0,1,Kristiansand via Moseidmoen - Mosby,AKT:Line:30,Kvadraturen - Mosby - Vennesl,30,bus,AKT:ServiceJourney:79447_82_48_52800_55680_40001545,True,actual,False,,,,,2026-09-07T08:42:24.659182+02:00
NSR:StopPlace:58811,Moelv stasjon,2026-09-07T07:48:00+02:00,2026-09-07T07:48:43+02:00,2026-09-07T07:48:43+02:00,43.0,1,Ringsrunden,INN:Line:607,Moelv-Fløtlia-Næroset-Moelv,607,bus,INN:ServiceJourney:83003,True,actual,False,,,,,2026-09-07T08:42:24.659182+02:00
NSR:StopPlace:702,Sandnes sentrum stasjon,2026-09-07T07:25:00+02:00,2026-09-07T07:25:43+02:00,2026-09-07T07:25:43+02:00,43.0,1,Skeiane,GOA:Line:59,Jærbanen,L5,rail,GOA:ServiceJourney:3110_63155-R,True,actual,False,,,,,2026-09-07T08:42:24.659182+02:00
NSR:StopPlace:59651,Skøyen stasjon,2026-09-08T00:14:00+02:00,2026-09-08T00:14:42+02:00,2026-09-08T00:14:42+02:00,42.0,1,Eidsvoll,VYG:Line:RE11,Eidsvoll-Oslo S-Skien,RE11,rail,VYG:ServiceJourney:838-341_515579-R,True,actual,False,,,,,2026-09-08T03:39:50.209703+02:00
NSR:StopPlace:58805,Brumunddal stasjon,2026-09-08T00:38:00+02:00,2026-09-08T00:38:42+02:00,2026-09-08T00:38:42+02:00,42.0,1,Trondheim S,SJN:Line:21,Dovrebanen,F6,rail,SJN:ServiceJourney:405-LOD_30131-R,True,actual,False,,,,,2026-09-08T03:39:50.209703+02:00
NSR:StopPlace:61326,Gulskogen stasjon,2026-09-07T21:48:00+02:00,2026-09-07T21:48:42+02:00,2026-09-07T21:48:42+02:00,42.0,1,Kongsberg,VYG:Line:R12,Kongsberg-Oslo S-Eidsvoll,R12,rail,VYG:ServiceJourney:533_444342-R,True,actual,False,,,,,2026-09-08T00:20:52.129880+02:00
NSR:StopPlace:61897,Bryn stasjon,2026-09-07T22:50:00+02:00,2026-09-07T22:50:42+02:00,2026-09-07T22:50:42+02:00,42.0,1,Asker,VYG:Line:L1,Spikkestad-Oslo S-Lillestrøm,L1,rail,VYG:ServiceJourney:2171_443582-R,True,actual,False,,,,,2026-09-08T00:20:52.129880+02:00
NSR:StopPlace:59952,Drammen stasjon,2026-09-07T21:17:00+02:00,2026-09-07T21:17:42+02:00,2026-09-07T21:17:42+02:00,42.0,1,Eidsvoll,VYG:Line:R12,Kongsberg-Oslo S-Eidsvoll,R12,rail,VYG:ServiceJourney:534_444344-R,True,actual,False,,,,,2026-09-08T00:20:52.129880+02:00
NSR:StopPlace:59620,Grorud stasjon,2026-09-07T21:34:00+02:00,2026-09-07T21:34:42+02:00,2026-09-07T21:34:42+02:00,42.0,1,Åsbråten,RUT:Line:79,Grorud T - Åsbråten,79,bus,RUT:ServiceJourney:f1b0d1f0ac5f8b94aa515c2812fdf2bf,True,actual,False,,,,,2026-09-08T00:20:52.129880+02:00
NSR:StopPlace:58964,Kløfta stasjon,2026-09-07T22:49:00+02:00,2026-09-07T22:49:42+02:00,2026-09-07T22:49:42+02:00,42.0,1,Herbergåsen,RUT:Line:460,Herbergåsen - Kløfta,460,bus,RUT:ServiceJourney:eae86661ab3399bda177a377de29afb9,True,actual,False,,,,,2026-09-08T00:20:52.129880+02:00
NSR:StopPlace:58925,Gausel stasjon,2026-09-07T22:17:00+02:00,2026-09-07T22:17:42+02:00,2026-09-07T22:17:42+02:00,42.0,1,Stavanger,KOL:Line:8_1001,1,1,bus,KOL:ServiceJourney:1001_251008118381488_2117,True,actual,False,,,,,2026-09-08T00:20:52.129880+02:00
NSR:StopPlace:58795,Kambo stasjon,2026-09-07T23:26:00+02:00,2026-09-07T23:26:42+02:00,2026-09-07T23:26:42+02:00,42.0,1,Moss,RUT:Line:540,Moss - Son - Vestby stasjon,540,bus,RUT:ServiceJourney:c62ccc927c3de91c30b543e9f9adc30d,True,actual,False,,,,,2026-09-08T00:20:52.129880+02:00
NSR:StopPlace:58854,Langhus stasjon,2026-09-07T22:42:00+02:00,2026-09-07T22:42:42+02:00,2026-09-07T22:42:42+02:00,42.0,1,Stabekk,VYG:Line:L2,Stabekk-Oslo S-Ski,L2,rail,VYG:ServiceJourney:2776-SKI_443999-R,True,actual,False,,,,,2026-09-08T00:20:52.129880+02:00
NSR:StopPlace:58866,Vevelstad stasjon,2026-09-07T22:59:00+02:00,2026-09-07T22:59:42+02:00,2026-09-07T22:59:42+02:00,42.0,1,Skøyen,VYG:Line:L2,Stabekk-Oslo S-Ski,L2,rail,VYG:ServiceJourney:2876-SKI_488402-R,True,actual,False,,,,,2026-09-08T00:20:52.129880+02:00
NSR:StopPlace:58862,Strømmen stasjon,2026-09-07T22:06:00+02:00,2026-09-07T22:06:42+02:00,2026-09-07T22:06:42+02:00,42.0,1,Nittedal,RUT:Line:385,Nittedal stasjon - Olavsgaard - Ahus,385,bus,RUT:ServiceJourney:07a29074a36760109d42ab7357c032a2,True,actual,False,,,,,2026-09-08T00:20:52.129880+02:00
NSR:StopPlace:4,Otta stasjon,2026-09-07T19:39:00+02:00,2026-09-07T19:39:42+02:00,2026-09-07T19:39:42+02:00,42.0,1,Trondheim S,SJN:Line:21,Dovrebanen,F6,rail,SJN:ServiceJourney:49-LOD_54215-R,True,actual,False,,,,,2026-09-07T20:27:16.249662+02:00
NSR:StopPlace:61463,Nordstrand stasjon,2026-09-07T18:52:00+02:00,2026-09-07T18:52:42+02:00,2026-09-07T18:52:42+02:00,42.0,1,Ski,VYG:Line:L2,Stabekk-Oslo S-Ski,L2,rail,VYG:ServiceJourney:2755-HVK_443966-R,True,actual,False,,,,,2026-09-07T20:27:16.249662+02:00
NSR:StopPlace:41,Hanaborg stasjon,2026-09-07T20:19:00+02:00,2026-09-07T20:19:42+02:00,2026-09-07T20:19:42+02:00,42.0,1,Spikkestad,VYG:Line:L1,Spikkestad-Oslo S-Lillestrøm,L1,rail,VYG:ServiceJourney:2263_443691-R,True,actual,False,,,,,2026-09-07T20:27:16.249662+02:00
NSR:StopPlace:59647,Dal stasjon,2026-09-07T18:31:00+02:00,2026-09-07T18:31:42+02:00,2026-09-07T18:31:42+02:00,42.0,1,Eidsvoll,RUT:Line:430,Eidsvoll - Jessheim,430,bus,RUT:ServiceJourney:5ddafa1355dc103101d222d238a26481,True,actual,False,,,,,2026-09-07T20:27:16.249662+02:00
NSR:StopPlace:59643,Grefsen stasjon,2026-09-07T17:22:00+02:00,2026-09-07T17:22:42+02:00,2026-09-07T17:22:42+02:00,42.0,1,Gaustadalléen,RUT:Line:17,Rikshospitalet - Sinsen o/ Carl Berner,17,tram,RUT:ServiceJourney:e286805002f9cfa28bd16c9f0a1e064a,True,actual,False,,,,,2026-09-07T20:27:16.249662+02:00
NSR:StopPlace:59652,Tøyen stasjon,2026-09-07T18:39:00+02:00,2026-09-07T18:39:42+02:00,2026-09-07T18:39:42+02:00,42.0,1,Tonsenhagen,RUT:Line:60,Vippetangen-Tonsenhagen,60,bus,RUT:ServiceJourney:d8d2ea7c0749587782cc9896f9862282,True,actual,False,,,,,2026-09-07T20:27:16.249662+02:00
NSR:StopPlace:58964,Kløfta stasjon,2026-09-07T18:03:00+02:00,2026-09-07T18:03:42+02:00,2026-09-07T18:03:42+02:00,42.0,1,Oslo lufthavn,RUT:Line:425,Kløfta – Oslo lufthavn,425,bus,RUT:ServiceJourney:52657b075a94893371988bf442d44d93,True,actual,False,,,,,2026-09-07T20:27:16.249662+02:00
NSR:StopPlace:58932,Hommelvik stasjon,2026-09-07T17:25:00+02:00,2026-09-07T17:25:42+02:00,2026-09-07T17:25:42+02:00,42.0,1,Vikhammer via Sveberg,ATB:Line:2_86,Hommelvik-Sveberg-Vikhammer,86,bus,ATB:ServiceJourney:86_251215112548542_10,True,actual,False,,,,,2026-09-07T20:27:16.249662+02:00
NSR:StopPlace:58948,Stjørdal stasjon,2026-09-07T20:15:00+02:00,2026-09-07T20:15:42+02:00,2026-09-07T20:15:42+02:00,42.0,1,Selbu skysstasjon,ATB:Line:2_430,Trondheim - Stjørdal - Selbu - (Tydal),430,bus,ATB:ServiceJourney:430_260106098643542_123,True,actual,False,,,,,2026-09-07T20:27:16.249662+02:00
NSR:StopPlace:58830,Brakerøya stasjon,2026-09-07T20:21:00+02:00,2026-09-07T20:21:42+02:00,2026-09-07T20:21:42+02:00,42.0,1,Drammen,VYG:Line:R13,Drammen-Oslo S-Dal,R13,rail,VYG:ServiceJourney:1658_443339-R,True,actual,False,,,,,2026-09-07T20:27:16.249662+02:00
NSR:StopPlace:58866,Vevelstad stasjon,2026-09-07T18:14:00+02:00,2026-09-07T18:14:42+02:00,2026-09-07T18:14:42+02:00,42.0,1,Stabekk,VYG:Line:L2,Stabekk-Oslo S-Ski,L2,rail,VYG:ServiceJourney:2758-SKI_443970-R,True,actual,False,,,,,2026-09-07T20:27:16.249662+02:00
NSR:StopPlace:58893,Grovane stasjon,2026-09-07T18:07:00+02:00,2026-09-07T18:07:42+02:00,2026-09-07T18:07:42+02:00,42.0,1,Kristiansand via Moseidmoen - Mosby,AKT:Line:30,Kvadraturen - Mosby - Vennesl,30,bus,AKT:ServiceJourney:79462_232_48_130440_133200_40001545,True,actual,False,,,,,2026-09-07T20:27:16.249662+02:00
NSR:StopPlace:58808,Kongsvinger stasjon,2026-09-07T19:35:00+02:00,2026-09-07T19:35:42+02:00,2026-09-07T19:35:42+02:00,42.0,1,Magnor,INN:Line:120,Kongsvinger - Charlottenberg,120,bus,INN:ServiceJourney:54590,True,actual,False,,,,,2026-09-07T20:27:16.249662+02:00
NSR:StopPlace:58809,Koppang stasjon,2026-09-07T20:00:00+02:00,2026-09-07T20:00:42+02:00,2026-09-07T20:00:42+02:00,42.0,1,Rendalen - Tynset,INN:Line:180,Koppang - Rendalen - Tynset,180,bus,INN:ServiceJourney:54705,True,actual,False,,,,,2026-09-07T20:27:16.249662+02:00
NSR:StopPlace:461,Lundamo stasjon,2026-09-07T19:33:00+02:00,2026-09-07T19:33:42+02:00,2026-09-07T19:33:42+02:00,42.0,1,Steinkjer,SJN:Line:26,Trønderbanen,R70,rail,SJN:ServiceJourney:451_56080-R,True,actual,False,,,,,2026-09-07T20:27:16.249662+02:00
NSR:StopPlace:610,Sandvika stasjon,2026-09-07T16:45:00+02:00,2026-09-07T16:45:42+02:00,2026-09-07T16:45:42+02:00,42.0,1,Kongsvinger,VYG:Line:R14,Asker-Oslo S-Kongsvinger,R14,rail,VYG:ServiceJourney:1025_442935-R,True,actual,False,,,,,2026-09-07T20:27:16.249662+02:00
NSR:StopPlace:610,Sandvika stasjon,2026-09-07T17:02:00+02:00,2026-09-07T17:02:42+02:00,2026-09-07T17:02:42+02:00,42.0,1,Lillestrøm,VYG:Line:L1,Spikkestad-Oslo S-Lillestrøm,L1,rail,VYG:ServiceJourney:2150_443559-R,True,actual,False,,,,,2026-09-07T20:27:16.249662+02:00
NSR:StopPlace:62339,Lillestrøm stasjon,2026-09-07T16:45:00+02:00,2026-09-07T16:45:42+02:00,2026-09-07T16:45:42+02:00,42.0,1,Lillehammer,VYG:Line:RE10,Drammen-Oslo S-Lillehammer,RE10,rail,VYG:ServiceJourney:325-SUD_444215-R,True,actual,False,Heis i spor 1 og 2 er ute av bruk på grunn av vedlikehold.,Heis i spor 1 og 2 er ute av bruk på grunn av vedlikehold.,general,normal,2026-09-07T20:27:16.249662+02:00
NSR:StopPlace:62377,Ronglan stasjon,2026-09-07T17:30:00+02:00,2026-09-07T17:30:42+02:00,2026-09-07T17:30:42+02:00,42.0,1,Steinkjer,SJN:Line:26,Trønderbanen,R70,rail,SJN:ServiceJourney:443-SOeB_56072-R,True,actual,False,,,,,2026-09-07T20:27:16.249662+02:00
NSR:StopPlace:59243,Mo i Rana stasjon,2026-09-07T14:38:00+02:00,2026-09-07T14:38:42+02:00,2026-09-07T14:38:42+02:00,42.0,1,Grubbåsen,NOR:Line:12_8371,Grubbåsen - Båsmobakken/Skillevollen,1,bus,NOR:ServiceJourney:8371_251012124858542_2022,True,actual,False,,,,,2026-09-07T15:44:36.205822+02:00
NSR:StopPlace:58948,Stjørdal stasjon,2026-09-07T14:59:00+02:00,2026-09-07T14:59:42+02:00,2026-09-07T14:59:42+02:00,42.0,1,A Marienborg via Innherredsveien,ATB:Line:2_70,Stjørdal/Hommelvik- Trondheim,70,bus,ATB:ServiceJourney:70_251215112546915_62,True,actual,False,,,,,2026-09-07T15:44:36.205822+02:00
NSR:StopPlace:58948,Stjørdal stasjon,2026-09-07T15:00:00+02:00,2026-09-07T15:00:42+02:00,2026-09-07T15:00:42+02:00,42.0,1,Steinkjer,SJN:Line:26,Trønderbanen,R70,rail,SJN:ServiceJourney:439_56068-R,True,actual,False,,,,,2026-09-07T15:44:36.205822+02:00
NSR:StopPlace:58795,Kambo stasjon,2026-09-07T15:30:00+02:00,2026-09-07T15:30:42+02:00,2026-09-07T15:30:42+02:00,42.0,1,Stabekk,VYG:Line:R21,Stabekk-Oslo S-Moss,R21,rail,VYG:ServiceJourney:1146-MOS_443025-R,True,actual,False,,,,,2026-09-07T15:44:36.205822+02:00
NSR:StopPlace:58818,Gran stasjon,2026-09-07T15:23:00+02:00,2026-09-07T15:23:42+02:00,2026-09-07T15:23:42+02:00,42.0,1,Lunner rådhus via SÅS,INN:Line:465,Lunner b.sk.-Roa-Oppdalen-Gran,465,bus,INN:ServiceJourney:71234,True,actual,False,,,,,2026-09-07T15:44:36.205822+02:00
NSR:StopPlace:61464,Hvalstad stasjon,2026-09-07T08:24:00+02:00,2026-09-07T08:24:42+02:00,2026-09-07T08:24:42+02:00,42.0,1,Lillestrøm,VYG:Line:L1,Spikkestad-Oslo S-Lillestrøm,L1,rail,VYG:ServiceJourney:2116_443521-R,True,actual,False,,,,,2026-09-07T08:42:24.659182+02:00
NSR:StopPlace:61326,Gulskogen stasjon,2026-09-07T06:12:00+02:00,2026-09-07T06:12:42+02:00,2026-09-07T06:12:42+02:00,42.0,1,Eidsvoll,VYG:Line:R12,Kongsberg-Oslo S-Eidsvoll,R12,rail,VYG:ServiceJourney:504_444296-R,True,actual,False,,,,,2026-09-07T08:42:24.659182+02:00
NSR:StopPlace:61334,Ogna stasjon,2026-09-07T05:19:00+02:00,2026-09-07T05:19:42+02:00,2026-09-07T05:19:42+02:00,42.0,1,Stavanger,GOA:Line:59,Jærbanen,L5,rail,GOA:ServiceJourney:3003_63034-R,True,actual,False,,,,,2026-09-07T08:42:24.659182+02:00
NSR:StopPlace:59872,Oslo S,2026-09-07T06:34:00+02:00,2026-09-07T06:34:42+02:00,2026-09-07T06:34:42+02:00,42.0,1,Lillehammer,VYG:Line:RE10,Drammen-Oslo S-Lillehammer,RE10,rail,VYG:ServiceJourney:305-SUD_444133-R,True,actual,False,,,,,2026-09-07T08:42:24.659182+02:00
NSR:StopPlace:59646,Høvik stasjon,2026-09-07T08:37:00+02:00,2026-09-07T08:37:42+02:00,2026-09-07T08:37:42+02:00,42.0,1,Lillestrøm,VYG:Line:L1,Spikkestad-Oslo S-Lillestrøm,L1,rail,VYG:ServiceJourney:2116_443521-R,True,actual,False,,,,,2026-09-07T08:42:24.659182+02:00
NSR:StopPlace:59648,Kjelsås stasjon,2026-09-07T06:57:00+02:00,2026-09-07T06:57:42+02:00,2026-09-07T06:57:42+02:00,42.0,1,Kværnerbyen,RUT:Line:54,Kværnerbyen - Kjelsås stasjon,54,bus,RUT:ServiceJourney:dd5ceee8afa6762d5100d25277d4deea,True,actual,False,,,,,2026-09-07T08:42:24.659182+02:00
NSR:StopPlace:60944,Ski stasjon,2026-09-07T06:34:00+02:00,2026-09-07T06:34:42+02:00,2026-09-07T06:34:42+02:00,42.0,1,Kråkstad,RUT:Line:525,Kråkstad - Ski - Kråkstad,525,bus,RUT:ServiceJourney:b607c4c9a89a8f055c459199b36588d4,True,actual,False,,,,,2026-09-07T08:42:24.659182+02:00
NSR:StopPlace:59243,Mo i Rana stasjon,2026-09-07T06:51:00+02:00,2026-09-07T06:51:42+02:00,2026-09-07T06:51:42+02:00,42.0,1,Hemnesberget,NOR:Line:12_3721,Mo i Rana - Korgen- Mosjøen,200,bus,NOR:ServiceJourney:3721_251022109773949_1002,True,actual,False,,,,,2026-09-07T08:42:24.659182+02:00
NSR:StopPlace:59243,Mo i Rana stasjon,2026-09-07T07:12:00+02:00,2026-09-07T07:12:42+02:00,2026-09-07T07:12:42+02:00,42.0,1,Båsmobakken,NOR:Line:12_8371,Grubbåsen - Båsmobakken/Skillevollen,1,bus,NOR:ServiceJourney:8371_251012124858509_1005,True,actual,False,,,,,2026-09-07T08:42:24.659182+02:00
NSR:StopPlace:59244,Egersund stasjon,2026-09-07T08:17:00+02:00,2026-09-07T08:17:42+02:00,2026-09-07T08:17:42+02:00,42.0,1,Egersund,KOL:Line:8_2624,SK1111,SK1111,bus,KOL:ServiceJourney:2624_250903083241409_1000,True,actual,False,,,,,2026-09-07T08:42:24.659182+02:00
NSR:StopPlace:59636,Holmlia stasjon,2026-09-07T06:59:00+02:00,2026-09-07T06:59:42+02:00,2026-09-07T06:59:42+02:00,42.0,1,Brenna,RUT:Line:73,Holmlia stasjon - Brenna,73,bus,RUT:ServiceJourney:5dd091db032d2f3aadbcf84c37f54f5e,True,actual,False,,,,,2026-09-07T08:42:24.659182+02:00
NSR:StopPlace:58963,Jessheim stasjon,2026-09-07T07:21:00+02:00,2026-09-07T07:21:42+02:00,2026-09-07T07:21:42+02:00,42.0,1,Dal,VYG:Line:R13,Drammen-Oslo S-Dal,R13,rail,VYG:ServiceJourney:1607_443224-R,True,actual,False,,,,,2026-09-07T08:42:24.659182+02:00
NSR:StopPlace:58964,Kløfta stasjon,2026-09-07T07:14:00+02:00,2026-09-07T07:14:42+02:00,2026-09-07T07:14:42+02:00,42.0,1,Drammen,VYG:Line:R13,Drammen-Oslo S-Dal,R13,rail,VYG:ServiceJourney:1610_443230-R,True,actual,False,,,,,2026-09-07T08:42:24.659182+02:00
NSR:StopPlace:58964,Kløfta stasjon,2026-09-07T07:44:00+02:00,2026-09-07T07:44:42+02:00,2026-09-07T07:44:42+02:00,42.0,1,Dal,VYG:Line:R13,Drammen-Oslo S-Dal,R13,rail,VYG:ServiceJourney:1609_443226-R,True,actual,False,,,,,2026-09-07T08:42:24.659182+02:00
NSR:StopPlace:58924,Bryne stasjon,2026-09-07T06:20:00+02:00,2026-09-07T06:20:42+02:00,2026-09-07T06:20:42+02:00,42.0,1,Sandnes via Kleppekrossen,KOL:Line:8_2019,52,52,bus,KOL:ServiceJourney:2019_260728141809903_1001,True,actual,False,,,,,2026-09-07T08:42:24.659182+02:00
NSR:StopPlace:58947,Steinkjer stasjon,2026-09-07T06:00:00+02:00,2026-09-07T06:00:42+02:00,2026-09-07T06:00:42+02:00,42.0,1,Sykehuset Levanger,ATB:Line:2_680,Levanger - Steinkjer - Namsos,680,bus,ATB:ServiceJourney:680_260106098642285_3,True,actual,False,,,,,2026-09-07T08:42:24.659182+02:00
NSR:StopPlace:58797,Mysen stasjon,2026-09-07T05:48:00+02:00,2026-09-07T05:48:42+02:00,2026-09-07T05:48:42+02:00,42.0,1,Oslo S,VYG:Line:R22,Skøyen-Oslo S-Mysen-Rakkestad,R22,rail,VYG:ServiceJourney:1906_443441-R,True,actual,False,,,,,2026-09-07T08:42:24.659182+02:00
NSR:StopPlace:58795,Kambo stasjon,2026-09-07T07:25:00+02:00,2026-09-07T07:25:42+02:00,2026-09-07T07:25:42+02:00,42.0,1,Moss,VYG:Line:R21,Stabekk-Oslo S-Moss,R21,rail,VYG:ServiceJourney:1107-HVK_442978-R,True,actual,False,,,,,2026-09-07T08:42:24.659182+02:00
NSR:StopPlace:58795,Kambo stasjon,2026-09-07T07:30:00+02:00,2026-09-07T07:30:42+02:00,2026-09-07T07:30:42+02:00,42.0,1,Stabekk,VYG:Line:R21,Stabekk-Oslo S-Moss,R21,rail,VYG:ServiceJourney:1114-MOS_442989-R,True,actual,False,,,,,2026-09-07T08:42:24.659182+02:00
NSR:StopPlace:58796,Moss stasjon,2026-09-07T04:54:00+02:00,2026-09-07T04:54:42+02:00,2026-09-07T04:54:42+02:00,42.0,1,Stabekk,VYG:Line:R21,Stabekk-Oslo S-Moss,R21,rail,VYG:ServiceJourney:1104-MOS_442975-R,True,actual,False,,,,,2026-09-07T08:42:24.659182+02:00
NSR:StopPlace:58836,Mjøndalen stasjon,2026-09-07T06:54:00+02:00,2026-09-07T06:54:42+02:00,2026-09-07T06:54:42+02:00,42.0,1,Drammen via Gulskogen,BRA:Line:4_6052,Drammen - Mjøndalen,52,bus,BRA:ServiceJourney:6052_260415100161094_1004,True,actual,False,,,,,2026-09-07T08:42:24.659182+02:00
NSR:StopPlace:58836,Mjøndalen stasjon,2026-09-07T07:24:00+02:00,2026-09-07T07:24:42+02:00,2026-09-07T07:24:42+02:00,42.0,1,Drammen via Gulskogen,BRA:Line:4_6052,Drammen - Mjøndalen,52,bus,BRA:ServiceJourney:6052_260415100161147_1008,True,actual,False,,,,,2026-09-07T08:42:24.659182+02:00
NSR:StopPlace:58845,Eidsvoll verk stasjon,2026-09-07T07:25:00+02:00,2026-09-07T07:25:42+02:00,2026-09-07T07:25:42+02:00,42.0,1,Eidsvoll,VYG:Line:R12,Kongsberg-Oslo S-Eidsvoll,R12,rail,VYG:ServiceJourney:504_444296-R,True,actual,False,,,,,2026-09-07T08:42:24.659182+02:00
NSR:StopPlace:58840,Vestfossen stasjon,2026-09-07T06:11:00+02:00,2026-09-07T06:11:42+02:00,2026-09-07T06:11:42+02:00,42.0,1,Dal,VYG:Line:R13,Drammen-Oslo S-Dal,R13,rail,VYG:ServiceJourney:1609_443226-R,True,actual,False,,,,,2026-09-07T08:42:24.659182+02:00
NSR:StopPlace:58852,Høn stasjon,2026-09-07T06:59:00+02:00,2026-09-07T06:59:42+02:00,2026-09-07T06:59:42+02:00,42.0,1,Asker,VYG:Line:L1,Spikkestad-Oslo S-Lillestrøm,L1,rail,VYG:ServiceJourney:2105_443509-R,True,actual,False,,,,,2026-09-07T08:42:24.659182+02:00
NSR:StopPlace:58857,Lørenskog stasjon,2026-09-07T07:36:00+02:00,2026-09-07T07:36:42+02:00,2026-09-07T07:36:42+02:00,42.0,1,Asker,VYG:Line:L1,Spikkestad-Oslo S-Lillestrøm,L1,rail,VYG:ServiceJourney:2111_728233-R,True,actual,False,Færre vogner,Denne avgangen kjører dessverre med 4 vogner i stedet for 8 vogner. Dette skyldes at vi mangler et togsett.,general,normal,2026-09-07T08:42:24.659182+02:00
NSR:StopPlace:58865,Vestby stasjon,2026-09-07T07:50:00+02:00,2026-09-07T07:50:42+02:00,2026-09-07T07:50:42+02:00,42.0,1,Randem,RUT:Line:533,Randem - Vestby stasjon,533,bus,RUT:ServiceJourney:5d113b17113706f7076513bf195c5bd6,True,actual,False,,,,,2026-09-07T08:42:24.659182+02:00
NSR:StopPlace:58866,Vevelstad stasjon,2026-09-07T07:32:00+02:00,2026-09-07T07:32:42+02:00,2026-09-07T07:32:42+02:00,42.0,1,Universitetet i Ås,RUT:Line:510,Bøleråsen - Ski - Ås - Drøbak,510,bus,RUT:ServiceJourney:804dfbed6bac9722b0fec5ed0bbc3c51,True,actual,False,,,,,2026-09-07T08:42:24.659182+02:00
NSR:StopPlace:58878,Drangedal stasjon,2026-09-07T06:40:00+02:00,2026-09-07T06:40:42+02:00,2026-09-07T06:40:42+02:00,42.0,1,Kragerø,TEL:Line:8607,Drangedal-Kragerø,607,bus,TEL:ServiceJourney:126268,True,actual,False,,,,,2026-09-07T08:42:24.659182+02:00
NSR:StopPlace:58886,Arendal stasjon,2026-09-07T06:47:00+02:00,2026-09-07T06:47:42+02:00,2026-09-07T06:47:42+02:00,42.0,1,Eydehavn,AKT:Line:101,Eydehavn-Arendal-Grimstad N/S,101,bus,AKT:ServiceJourney:71845_32_87_42360_46860_40001426,True,actual,False,,,,,2026-09-07T08:42:24.659182+02:00
NSR:StopPlace:58802,Spydeberg stasjon,2026-09-07T06:08:00+02:00,2026-09-07T06:08:42+02:00,2026-09-07T06:08:42+02:00,42.0,1,Oslo S,VYG:Line:R22,Skøyen-Oslo S-Mysen-Rakkestad,R22,rail,VYG:ServiceJourney:1906_443441-R,True,actual,False,,,,,2026-09-07T08:42:24.659182+02:00
NSR:StopPlace:58805,Brumunddal stasjon,2026-09-07T08:29:00+02:00,2026-09-07T08:29:42+02:00,2026-09-07T08:29:42+02:00,42.0,1,Stavsjø,INN:Line:614,Brumunddal - Stavsjø,614,bus,INN:ServiceJourney:83040,True,actual,False,,,,,2026-09-07T08:42:24.659182+02:00
NSR:StopPlace:58808,Kongsvinger stasjon,2026-09-07T06:28:00+02:00,2026-09-07T06:28:42+02:00,2026-09-07T06:28:42+02:00,42.0,1,Sykehuset - Bogeråsen,INN:Line:81,Bogeråsen - Rasta,B81,bus,INN:ServiceJourney:54298,True,actual,False,,,,,2026-09-07T08:42:24.659182+02:00
NSR:StopPlace:58211,Oslo lufthavn,2026-09-07T05:43:00+02:00,2026-09-07T05:43:42+02:00,2026-09-07T05:43:42+02:00,42.0,1,Kongsberg,VYG:Line:R12,Kongsberg-Oslo S-Eidsvoll,R12,rail,VYG:ServiceJourney:503_444294-R,True,actual,False,,,,,2026-09-07T08:42:24.659182+02:00
NSR:StopPlace:398,Arna stasjon,2026-09-07T08:17:00+02:00,2026-09-07T08:17:42+02:00,2026-09-07T08:17:42+02:00,42.0,1,Oslo S,VYG:Line:F4,Oslo S-Bergen,F4,rail,VYG:ServiceJourney:62-BRG_444359-R,True,actual,False,,,,,2026-09-07T08:42:24.659182+02:00
NSR:StopPlace:702,Sandnes sentrum stasjon,2026-09-07T05:30:00+02:00,2026-09-07T05:30:42+02:00,2026-09-07T05:30:42+02:00,42.0,1,Egersund,GOA:Line:59,Jærbanen,L5,rail,GOA:ServiceJourney:3006_63037-R,True,actual,False,,,,,2026-09-07T08:42:24.659182+02:00
NSR:StopPlace:62308,Alna stasjon,2026-09-07T06:47:00+02:00,2026-09-07T06:47:42+02:00,2026-09-07T06:47:42+02:00,42.0,1,Asker,VYG:Line:L1,Spikkestad-Oslo S-Lillestrøm,L1,rail,VYG:ServiceJourney:2107_443511-R,True,actual,False,,,,,2026-09-07T08:42:24.659182+02:00
NSR:StopPlace:58404,Nationaltheatret,2026-09-07T02:25:00+02:00,2026-09-07T02:25:42+02:00,2026-09-07T02:25:42+02:00,42.0,1,Fornebu,RUT:Line:31,Snarøya - Fornebu - Tonsenhagen - Grorud,31,bus,RUT:ServiceJourney:fed94ff0fb4eab47971a5979a656e5cd,True,actual,False,,,,,2026-09-07T03:30:22.110925+02:00
NSR:StopPlace:584,Bulken stasjon,2026-09-08T01:46:00+02:00,2026-09-08T01:46:41+02:00,2026-09-08T01:46:41+02:00,41.0,1,Voss,VYG:Line:R40,Bergen-Voss-Myrdal-Ål,R40,rail,VYG:ServiceJourney:1838_456880-R,True,actual,False,,,,,2026-09-08T03:39:50.209703+02:00
NSR:StopPlace:60640,Heimdal stasjon,2026-09-07T21:47:00+02:00,2026-09-07T21:47:41+02:00,2026-09-07T21:47:41+02:00,41.0,1,Strindheim via Kolstad-sentrum,ATB:Line:2_2,Strindheim- Lade- sentrum- Sau,2,bus,ATB:ServiceJourney:2_251215112549986_227,True,actual,False,,,,,2026-09-08T00:20:52.129880+02:00
NSR:StopPlace:59243,Mo i Rana stasjon,2026-09-07T22:50:00+02:00,2026-09-07T22:50:41+02:00,2026-09-07T22:50:41+02:00,41.0,1,Nesna,NOR:Line:12_8331,Mo i Rana - Utskarpen - Tonnes - Nesna,100,bus,NOR:ServiceJourney:8331_251012124858699_1019,True,actual,False,,,,,2026-09-08T00:20:52.129880+02:00
NSR:StopPlace:59639,Sonsveien stasjon,2026-09-07T23:12:00+02:00,2026-09-07T23:12:41+02:00,2026-09-07T23:12:41+02:00,41.0,1,Vestby stasjon,RUT:Line:540,Moss - Son - Vestby stasjon,540,bus,RUT:ServiceJourney:d807c766860cbd50a28495a4f77a9906,True,actual,False,,,,,2026-09-08T00:20:52.129880+02:00
NSR:StopPlace:58963,Jessheim stasjon,2026-09-07T22:33:00+02:00,2026-09-07T22:33:41+02:00,2026-09-07T22:33:41+02:00,41.0,1,Kopperud,RUT:Line:420,Maura -  Jessheim,420,bus,RUT:ServiceJourney:9afd9fd70ead34391e561d6b03589ee3,True,actual,False,,,,,2026-09-08T00:20:52.129880+02:00
NSR:StopPlace:58948,Stjørdal stasjon,2026-09-07T23:05:00+02:00,2026-09-07T23:05:41+02:00,2026-09-07T23:05:41+02:00,41.0,1,Remyra via Stokkanvegen,ATB:Line:2_91,91 StjørdalSt-Remyrv.,91,bus,ATB:ServiceJourney:91_260220075615221_82,True,actual,False,,,,,2026-09-08T00:20:52.129880+02:00
NSR:StopPlace:58858,Nittedal stasjon,2026-09-07T21:50:00+02:00,2026-09-07T21:50:41+02:00,2026-09-07T21:50:41+02:00,41.0,1,Lørenskog sentrum,RUT:Line:385,Nittedal stasjon - Olavsgaard - Ahus,385,bus,RUT:ServiceJourney:d2c20b8a297f80c2aa320539d7c59b63,True,actual,False,,,,,2026-09-08T00:20:52.129880+02:00
NSR:StopPlace:58862,Strømmen stasjon,2026-09-07T22:36:00+02:00,2026-09-07T22:36:41+02:00,2026-09-07T22:36:41+02:00,41.0,1,Nittedal,RUT:Line:385,Nittedal stasjon - Olavsgaard - Ahus,385,bus,RUT:ServiceJourney:1ae7f678c37b48fc0914e39d62497d4d,True,actual,False,,,,,2026-09-08T00:20:52.129880+02:00
NSR:StopPlace:58872,Sandefjord stasjon,2026-09-07T22:47:00+02:00,2026-09-07T22:47:41+02:00,2026-09-07T22:47:41+02:00,41.0,1,Eidsvoll,VYG:Line:RE11,Eidsvoll-Oslo S-Skien,RE11,rail,VYG:ServiceJourney:838-341_515579-R,True,actual,False,,,,,2026-09-08T00:20:52.129880+02:00
NSR:StopPlace:144,Skansen stasjon,2026-09-07T23:47:00+02:00,2026-09-07T23:47:41+02:00,2026-09-07T23:47:41+02:00,41.0,1,Støren,SJN:Line:26,Trønderbanen,R70,rail,SJN:ServiceJourney:454_56083-R,True,actual,False,,,,,2026-09-08T00:20:52.129880+02:00
NSR:StopPlace:61735,Hell stasjon,2026-09-07T16:50:00+02:00,2026-09-07T16:50:41+02:00,2026-09-07T16:50:41+02:00,41.0,1,Steinkjer,SJN:Line:26,Trønderbanen,R70,rail,SJN:ServiceJourney:443-SOeB_56072-R,True,actual,False,,,,,2026-09-07T20:27:16.249662+02:00
NSR:StopPlace:60047,Melhus skysstasjon,2026-09-07T17:56:00+02:00,2026-09-07T17:56:41+02:00,2026-09-07T17:56:41+02:00,41.0,1,Dora via E6 - City Syd E6,ATB:Line:2_71,MelhusSkyss-Trondheim,71,bus,ATB:ServiceJourney:71_251215112545660_90,True,actual,False,,,,,2026-09-07T20:27:16.249662+02:00
NSR:StopPlace:60047,Melhus skysstasjon,2026-09-07T18:12:00+02:00,2026-09-07T18:12:41+02:00,2026-09-07T18:12:41+02:00,41.0,1,Ler,SJN:Line:26,Trønderbanen,R70,rail,SJN:ServiceJourney:442_56071-R,True,actual,False,,,,,2026-09-07T20:27:16.249662+02:00
NSR:StopPlace:60047,Melhus skysstasjon,2026-09-07T18:16:00+02:00,2026-09-07T18:16:41+02:00,2026-09-07T18:16:41+02:00,41.0,1,B Dora via Ekra-Tillerterminalen,ATB:Line:2_71,MelhusSkyss-Trondheim,71,bus,ATB:ServiceJourney:71_251215112545655_92,True,actual,False,,,,,2026-09-07T20:27:16.249662+02:00
NSR:StopPlace:60047,Melhus skysstasjon,2026-09-07T18:47:00+02:00,2026-09-07T18:47:41+02:00,2026-09-07T18:47:41+02:00,41.0,1,Steinkjer,SJN:Line:26,Trønderbanen,R70,rail,SJN:ServiceJourney:449_56078-R,True,actual,False,,,,,2026-09-07T20:27:16.249662+02:00
NSR:StopPlace:59244,Egersund stasjon,2026-09-07T17:20:00+02:00,2026-09-07T17:20:41+02:00,2026-09-07T17:20:41+02:00,41.0,1,Stavanger,GOA:Line:59,Jærbanen,L5,rail,GOA:ServiceJourney:3053_63102-R,True,actual,False,,,,,2026-09-07T20:27:16.249662+02:00
NSR:StopPlace:59639,Sonsveien stasjon,2026-09-07T19:51:00+02:00,2026-09-07T19:51:41+02:00,2026-09-07T19:51:41+02:00,41.0,1,Moss,VYG:Line:R21,Stabekk-Oslo S-Moss,R21,rail,VYG:ServiceJourney:1157-HVK_443042-R,True,actual,False,,,,,2026-09-07T20:27:16.249662+02:00
NSR:StopPlace:58963,Jessheim stasjon,2026-09-07T17:10:00+02:00,2026-09-07T17:10:41+02:00,2026-09-07T17:10:41+02:00,41.0,1,Eidsvoll,RUT:Line:430,Eidsvoll - Jessheim,430,bus,RUT:ServiceJourney:c0e0a71eaed35a0a169487a5f005f595,True,actual,False,,,,,2026-09-07T20:27:16.249662+02:00
NSR:StopPlace:58963,Jessheim stasjon,2026-09-07T18:03:00+02:00,2026-09-07T18:03:41+02:00,2026-09-07T18:03:41+02:00,41.0,1,Kopperud,RUT:Line:420,Maura -  Jessheim,420,bus,RUT:ServiceJourney:c39f91e83c3728df9fbb85e3b07195af,True,actual,False,,,,,2026-09-07T20:27:16.249662+02:00
NSR:StopPlace:58924,Bryne stasjon,2026-09-07T19:27:00+02:00,2026-09-07T19:27:41+02:00,2026-09-07T19:27:41+02:00,41.0,1,Egersund,GOA:Line:59,Jærbanen,L5,rail,GOA:ServiceJourney:3060_63114-R,True,actual,False,,,,,2026-09-07T20:27:16.249662+02:00
NSR:StopPlace:58925,Gausel stasjon,2026-09-07T17:05:00+02:00,2026-09-07T17:05:41+02:00,2026-09-07T17:05:41+02:00,41.0,1,Egersund,GOA:Line:59,Jærbanen,L5,rail,GOA:ServiceJourney:3052_63100-R,True,actual,False,,,,,2026-09-07T20:27:16.249662+02:00
NSR:StopPlace:58936,Skatval stasjon,2026-09-07T17:54:00+02:00,2026-09-07T17:54:41+02:00,2026-09-07T17:54:41+02:00,41.0,1,Lundamo,SJN:Line:26,Trønderbanen,R70,rail,SJN:ServiceJourney:444_56073-R,True,actual,False,,,,,2026-09-07T20:27:16.249662+02:00
NSR:StopPlace:58947,Steinkjer stasjon,2026-09-07T19:33:00+02:00,2026-09-07T19:33:41+02:00,2026-09-07T19:33:41+02:00,41.0,1,Namsos skysstasjon,ATB:Line:2_680,Levanger - Steinkjer - Namsos,680,bus,ATB:ServiceJourney:680_260106098642328_28,True,actual,False,,,,,2026-09-07T20:27:16.249662+02:00
NSR:StopPlace:58948,Stjørdal stasjon,2026-09-07T19:54:00+02:00,2026-09-07T19:54:41+02:00,2026-09-07T19:54:41+02:00,41.0,1,Marienborg via Brattøra,ATB:Line:2_70,Stjørdal/Hommelvik- Trondheim,70,bus,ATB:ServiceJourney:70_251215112547005_94,True,actual,False,,,,,2026-09-07T20:27:16.249662+02:00
NSR:StopPlace:58795,Kambo stasjon,2026-09-07T18:30:00+02:00,2026-09-07T18:30:41+02:00,2026-09-07T18:30:41+02:00,41.0,1,Stabekk,VYG:Line:R21,Stabekk-Oslo S-Moss,R21,rail,VYG:ServiceJourney:1158-MOS_443044-R,True,actual,False,,,,,2026-09-07T20:27:16.249662+02:00
NSR:StopPlace:58830,Brakerøya stasjon,2026-09-07T17:38:00+02:00,2026-09-07T17:38:41+02:00,2026-09-07T17:38:41+02:00,41.0,1,Dal,VYG:Line:R13,Drammen-Oslo S-Dal,R13,rail,VYG:ServiceJourney:1653_443327-R,True,actual,False,,,,,2026-09-07T20:27:16.249662+02:00
NSR:StopPlace:58834,Hokksund stasjon,2026-09-07T18:17:00+02:00,2026-09-07T18:17:41+02:00,2026-09-07T18:17:41+02:00,41.0,1,Ormåsen,BRA:Line:4_6117,Hokksund - Ormåsen,117,bus,BRA:ServiceJourney:6117_260622052302912_1025,True,actual,False,,,,,2026-09-07T20:27:16.249662+02:00
NSR:StopPlace:58853,Kolbotn stasjon,2026-09-07T18:10:00+02:00,2026-09-07T18:10:41+02:00,2026-09-07T18:10:41+02:00,41.0,1,Skøyen,VYG:Line:L2,Stabekk-Oslo S-Ski,L2,rail,VYG:ServiceJourney:2856-SKI_488390-R,True,actual,False,,,,,2026-09-07T20:27:16.249662+02:00
NSR:StopPlace:610,Sandvika stasjon,2026-09-07T18:00:00+02:00,2026-09-07T18:00:41+02:00,2026-09-07T18:00:41+02:00,41.0,1,Oslo Lufthavn,FLT:Line:FLY1,FLY1,FLY1,rail,FLT:ServiceJourney:1-2614-3783-20260907,True,actual,False,,,,,2026-09-07T20:27:16.249662+02:00
NSR:StopPlace:610,Sandvika stasjon,2026-09-07T18:02:00+02:00,2026-09-07T18:02:41+02:00,2026-09-07T18:02:41+02:00,41.0,1,Lillestrøm,VYG:Line:L1,Spikkestad-Oslo S-Lillestrøm,L1,rail,VYG:ServiceJourney:2154_443563-R,True,actual,False,,,,,2026-09-07T20:27:16.249662+02:00
NSR:StopPlace:62339,Lillestrøm stasjon,2026-09-07T18:40:00+02:00,2026-09-07T18:40:41+02:00,2026-09-07T18:40:41+02:00,41.0,1,Spikkestad,VYG:Line:L1,Spikkestad-Oslo S-Lillestrøm,L1,rail,VYG:ServiceJourney:2257_443680-R,True,actual,False,Heis i spor 1 og 2 er ute av bruk på grunn av vedlikehold.,Heis i spor 1 og 2 er ute av bruk på grunn av vedlikehold.,general,normal,2026-09-07T20:27:16.249662+02:00
NSR:StopPlace:62339,Lillestrøm stasjon,2026-09-07T18:56:00+02:00,2026-09-07T18:56:41+02:00,2026-09-07T18:56:41+02:00,41.0,1,Kongsberg,VYG:Line:R12,Kongsberg-Oslo S-Eidsvoll,R12,rail,VYG:ServiceJourney:529_444336-R,True,actual,False,Heis i spor 1 og 2 er ute av bruk på grunn av vedlikehold.,Heis i spor 1 og 2 er ute av bruk på grunn av vedlikehold.,general,normal,2026-09-07T20:27:16.249662+02:00
NSR:StopPlace:61464,Hvalstad stasjon,2026-09-07T13:40:00+02:00,2026-09-07T13:40:41+02:00,2026-09-07T13:40:41+02:00,41.0,1,Lillestrøm,VYG:Line:L1,Spikkestad-Oslo S-Lillestrøm,L1,rail,VYG:ServiceJourney:2238_443647-R,True,actual,False,Færre vogner,Denne avgangen kjører dessverre med 4 vogner i stedet for 8 vogner. Dette skyldes at vi mangler et togsett.,general,normal,2026-09-07T15:44:36.205822+02:00
NSR:StopPlace:61608,Kristiansand stasjon,2026-09-07T13:46:00+02:00,2026-09-07T13:46:41+02:00,2026-09-07T13:46:41+02:00,41.0,1,Oslo S,GOA:Line:50,Sørtoget region,F5,rail,GOA:ServiceJourney:710-KVB_71575-R,True,actual,False,,,,,2026-09-07T15:44:36.205822+02:00
NSR:StopPlace:60045,Hamar stasjon,2026-09-07T15:12:00+02:00,2026-09-07T15:12:41+02:00,2026-09-07T15:12:41+02:00,41.0,1,Drammen,VYG:Line:RE10,Drammen-Oslo S-Lillehammer,RE10,rail,VYG:ServiceJourney:322-LHM_444203-R,True,actual,False,,,,,2026-09-07T15:44:36.205822+02:00
NSR:StopPlace:60077,Støren stasjon,2026-09-07T13:37:00+02:00,2026-09-07T13:37:41+02:00,2026-09-07T13:37:41+02:00,41.0,1,Trondheim S,ATB:Line:2_340,Trondheim - Støren,340,bus,ATB:ServiceJourney:340_260106098639875_37,True,actual,False,,,,,2026-09-07T15:44:36.205822+02:00
NSR:StopPlace:58932,Hommelvik stasjon,2026-09-07T15:15:00+02:00,2026-09-07T15:15:41+02:00,2026-09-07T15:15:41+02:00,41.0,1,Stjørdal stasjon,ATB:Line:2_70,Stjørdal/Hommelvik- Trondheim,70,bus,ATB:ServiceJourney:70_251215112546974_47,True,actual,False,,,,,2026-09-07T15:44:36.205822+02:00
NSR:StopPlace:58862,Strømmen stasjon,2026-09-07T14:30:00+02:00,2026-09-07T14:30:41+02:00,2026-09-07T14:30:41+02:00,41.0,1,Asker,VYG:Line:L1,Spikkestad-Oslo S-Lillestrøm,L1,rail,VYG:ServiceJourney:2139_443546-R,True,actual,False,,,,,2026-09-07T15:44:36.205822+02:00
NSR:StopPlace:61463,Nordstrand stasjon,2026-09-07T07:07:00+02:00,2026-09-07T07:07:41+02:00,2026-09-07T07:07:41+02:00,41.0,1,Stabekk,VYG:Line:L2,Stabekk-Oslo S-Ski,L2,rail,VYG:ServiceJourney:2712-SKI_443918-R,True,actual,False,,,,,2026-09-07T08:42:24.659182+02:00
NSR:StopPlace:59648,Kjelsås stasjon,2026-09-07T07:25:00+02:00,2026-09-07T07:25:41+02:00,2026-09-07T07:25:41+02:00,41.0,1,Kværnerbyen,RUT:Line:54,Kværnerbyen - Kjelsås stasjon,54,bus,RUT:ServiceJourney:659febf2d291aa9b6f495d64ae935cf3,True,actual,False,,,,,2026-09-07T08:42:24.659182+02:00
NSR:StopPlace:59640,Bodung stasjon,2026-09-07T06:37:00+02:00,2026-09-07T06:37:41+02:00,2026-09-07T06:37:41+02:00,41.0,1,Asker,VYG:Line:R14,Asker-Oslo S-Kongsvinger,R14,rail,VYG:ServiceJourney:1052-KVG_442956-R,True,actual,False,,,,,2026-09-07T08:42:24.659182+02:00
NSR:StopPlace:59654,Stabekk stasjon,2026-09-07T06:53:00+02:00,2026-09-07T06:53:41+02:00,2026-09-07T06:53:41+02:00,41.0,1,Oslo Lufthavn,FLT:Line:FLY2,FLY2,FLY2,rail,FLT:ServiceJourney:1-2614-3513-20260907,True,actual,False,,,,,2026-09-07T08:42:24.659182+02:00
NSR:StopPlace:60045,Hamar stasjon,2026-09-07T07:46:00+02:00,2026-09-07T07:46:41+02:00,2026-09-07T07:46:41+02:00,41.0,1,Oslo S,VYG:Line:RE10,Drammen-Oslo S-Lillehammer,RE10,rail,VYG:ServiceJourney:354-HMR_602473-R,True,actual,False,,,,,2026-09-07T08:42:24.659182+02:00
NSR:StopPlace:60077,Støren stasjon,2026-09-07T06:30:00+02:00,2026-09-07T06:30:41+02:00,2026-09-07T06:30:41+02:00,41.0,1,Oppdal skole,ATB:Line:2_480,(Trondheim) - Støren - Berkåk,480,bus,ATB:ServiceJourney:480_260106098641969_2,True,actual,False,,,,,2026-09-07T08:42:24.659182+02:00
NSR:StopPlace:59244,Egersund stasjon,2026-09-07T07:33:00+02:00,2026-09-07T07:33:41+02:00,2026-09-07T07:33:41+02:00,41.0,1,Østebrød,KOL:Line:8_2696,SK0122,SK0122,bus,KOL:ServiceJourney:2696_250903083245374_1000,True,actual,False,,,,,2026-09-07T08:42:24.659182+02:00
NSR:StopPlace:59244,Egersund stasjon,2026-09-07T07:53:00+02:00,2026-09-07T07:53:41+02:00,2026-09-07T07:53:41+02:00,41.0,1,Rundevoll,KOL:Line:8_2609,SK0110,SK0110,bus,KOL:ServiceJourney:2609_250903083238559_1000,True,actual,False,,,,,2026-09-07T08:42:24.659182+02:00
NSR:StopPlace:59636,Holmlia stasjon,2026-09-07T06:46:00+02:00,2026-09-07T06:46:41+02:00,2026-09-07T06:46:41+02:00,41.0,1,Bjørvika,RUT:Line:80,Jernbanetorget - Åsbråten,80E,bus,RUT:ServiceJourney:d8b87cba4ef11c2eeb2c790e83f1f775,True,actual,False,Linje 80E og 83 får Hausmanns bru som ny endeholdeplass fra 29. juni,"Bussene stopper ikke på Jernbanetorget etter 29. juni, men starter og stopper på Hausmanns bru i Nylandsveien.",incident,normal,2026-09-07T08:42:24.659182+02:00
NSR:StopPlace:59638,Myrvoll stasjon,2026-09-07T07:15:00+02:00,2026-09-07T07:15:41+02:00,2026-09-07T07:15:41+02:00,41.0,1,Fornebu,RUT:Line:81,Fornebu - Myrvoll stasjon,81,bus,RUT:ServiceJourney:eabd945293320544a07981bdb4331d7d,True,actual,False,,,,,2026-09-07T08:42:24.659182+02:00
NSR:StopPlace:59639,Sonsveien stasjon,2026-09-07T08:04:00+02:00,2026-09-07T08:04:41+02:00,2026-09-07T08:04:41+02:00,41.0,1,Stabekk,VYG:Line:R21,Stabekk-Oslo S-Moss,R21,rail,VYG:ServiceJourney:1116-MOS_442991-R,True,actual,False,,,,,2026-09-07T08:42:24.659182+02:00
NSR:StopPlace:58918,Nodeland stasjon,2026-09-07T06:09:00+02:00,2026-09-07T06:09:41+02:00,2026-09-07T06:09:41+02:00,41.0,1,Stokkeland,AKT:Line:1046,Kristiansand - Finsland,46,bus,AKT:ServiceJourney:78706_21_39_42000_43860_40000943,True,actual,False,,,,,2026-09-07T08:42:24.659182+02:00
NSR:StopPlace:58925,Gausel stasjon,2026-09-07T06:57:00+02:00,2026-09-07T06:57:41+02:00,2026-09-07T06:57:41+02:00,41.0,1,Stavanger,KOL:Line:8_1001,1,1,bus,KOL:ServiceJourney:1001_251008118371775_2010,True,actual,False,,,,,2026-09-07T08:42:24.659182+02:00
NSR:StopPlace:58843,Blommenholm stasjon,2026-09-07T06:04:00+02:00,2026-09-07T06:04:41+02:00,2026-09-07T06:04:41+02:00,41.0,1,Lillestrøm,VYG:Line:L1,Spikkestad-Oslo S-Lillestrøm,L1,rail,VYG:ServiceJourney:2106_443510-R,True,actual,False,,,,,2026-09-07T08:42:24.659182+02:00
NSR:StopPlace:58857,Lørenskog stasjon,2026-09-07T06:52:00+02:00,2026-09-07T06:52:41+02:00,2026-09-07T06:52:41+02:00,41.0,1,Nesåsen,RUT:Line:120,Nesåsen - Stovner,120,bus,RUT:ServiceJourney:c55603c3fe05e8f824768b8d179579bc,True,actual,False,,,,,2026-09-07T08:42:24.659182+02:00
NSR:StopPlace:58850,Hauerseter stasjon,2026-09-07T08:00:00+02:00,2026-09-07T08:00:41+02:00,2026-09-07T08:00:41+02:00,41.0,1,Drammen,VYG:Line:R13,Drammen-Oslo S-Dal,R13,rail,VYG:ServiceJourney:1614_481141-R,True,actual,False,,,,,2026-09-07T08:42:24.659182+02:00
NSR:StopPlace:58868,Årnes stasjon,2026-09-07T07:33:00+02:00,2026-09-07T07:33:41+02:00,2026-09-07T07:33:41+02:00,41.0,1,Asker,VYG:Line:R14,Asker-Oslo S-Kongsvinger,R14,rail,VYG:ServiceJourney:1054-KVG_442958-R,True,actual,False,,,,,2026-09-07T08:42:24.659182+02:00
NSR:StopPlace:58862,Strømmen stasjon,2026-09-07T06:00:00+02:00,2026-09-07T06:00:41+02:00,2026-09-07T06:00:41+02:00,41.0,1,Asker,VYG:Line:L1,Spikkestad-Oslo S-Lillestrøm,L1,rail,VYG:ServiceJourney:2105_443509-R,True,actual,False,,,,,2026-09-07T08:42:24.659182+02:00
NSR:StopPlace:58862,Strømmen stasjon,2026-09-07T07:13:00+02:00,2026-09-07T07:13:41+02:00,2026-09-07T07:13:41+02:00,41.0,1,Helsfyr,RUT:Line:375,Strømmen - Olavsgaard - Helsfyr,375,bus,RUT:ServiceJourney:330854721c12f343938b6ab7edc6e309,True,actual,False,,,,,2026-09-07T08:42:24.659182+02:00
NSR:StopPlace:58870,Holmestrand stasjon,2026-09-07T07:40:00+02:00,2026-09-07T07:40:41+02:00,2026-09-07T07:40:41+02:00,41.0,1,Gullhaug-Hof,VKT:Line:300,Holmestrand-Gullhaug-Hof,300,bus,VKT:ServiceJourney:14757,True,actual,False,,,,,2026-09-07T08:42:24.659182+02:00
NSR:StopPlace:58884,Skien stasjon,2026-09-07T07:56:00+02:00,2026-09-07T07:56:41+02:00,2026-09-07T07:56:41+02:00,41.0,1,Skjelsvik via Klyve,TEL:Line:8043,Skien-Klyve-Skjelsvik,M3,bus,TEL:ServiceJourney:127157,True,actual,False,,,,,2026-09-07T08:42:24.659182+02:00
NSR:StopPlace:58893,Grovane stasjon,2026-09-07T08:05:00+02:00,2026-09-07T08:05:41+02:00,2026-09-07T08:05:41+02:00,41.0,1,Iveland,AKT:Line:173,Iveland-Vennesla,173,bus,AKT:ServiceJourney:70193_22_22_58200_60300_3911732,True,actual,False,,,,,2026-09-07T08:42:24.659182+02:00
NSR:StopPlace:58811,Moelv stasjon,2026-09-07T07:20:00+02:00,2026-09-07T07:20:41+02:00,2026-09-07T07:20:41+02:00,41.0,1,Ringsrunden,INN:Line:607,Moelv-Fløtlia-Næroset-Moelv,607,bus,INN:ServiceJourney:83002,True,actual,False,,,,,2026-09-07T08:42:24.659182+02:00
NSR:StopPlace:63079,Skeiane stasjon,2026-09-07T06:38:00+02:00,2026-09-07T06:38:41+02:00,2026-09-07T06:38:41+02:00,41.0,1,Nærbø,GOA:Line:59,Jærbanen,L5,rail,GOA:ServiceJourney:3010_63042-R,True,actual,False,,,,,2026-09-07T08:42:24.659182+02:00
NSR:StopPlace:17,Ringebu stasjon,2026-09-07T02:09:00+02:00,2026-09-07T02:09:41+02:00,2026-09-07T02:09:41+02:00,41.0,1,Trondheim S,SJN:Line:21,Dovrebanen,F6,rail,SJN:ServiceJourney:405-LOD_30131-R,True,actual,False,,,,,2026-09-07T03:30:22.110925+02:00
NSR:StopPlace:58856,Lysaker stasjon,2026-09-07T02:41:00+02:00,2026-09-07T02:41:41+02:00,2026-09-07T02:41:41+02:00,41.0,1,Fornebu,RUT:Line:31,Snarøya - Fornebu - Tonsenhagen - Grorud,31,bus,RUT:ServiceJourney:fed94ff0fb4eab47971a5979a656e5cd,True,actual,False,,,,,2026-09-07T03:30:22.110925+02:00
NSR:StopPlace:58879,Lunde stasjon,2026-09-08T00:49:00+02:00,2026-09-08T00:49:40+02:00,2026-09-08T00:49:40+02:00,40.0,1,Stavanger,GOA:Line:50,Sørtoget region,F5,rail,GOA:ServiceJourney:725-LOD_67061-R,True,actual,False,,,,,2026-09-08T03:39:50.209703+02:00
NSR:StopPlace:61464,Hvalstad stasjon,2026-09-07T21:24:00+02:00,2026-09-07T21:24:40+02:00,2026-09-07T21:24:40+02:00,40.0,1,Lillestrøm,VYG:Line:L1,Spikkestad-Oslo S-Lillestrøm,L1,rail,VYG:ServiceJourney:2168_443578-R,True,actual,False,,,,,2026-09-08T00:20:52.129880+02:00
NSR:StopPlace:59648,Kjelsås stasjon,2026-09-07T21:39:00+02:00,2026-09-07T21:39:40+02:00,2026-09-07T21:39:40+02:00,40.0,1,Kværnerbyen,RUT:Line:54,Kværnerbyen - Kjelsås stasjon,54,bus,RUT:ServiceJourney:ac481600ea463f23e9250cf705809388,True,actual,False,,,,,2026-09-08T00:20:52.129880+02:00
NSR:StopPlace:59653,Haugenstua stasjon,2026-09-07T22:25:00+02:00,2026-09-07T22:25:40+02:00,2026-09-07T22:25:40+02:00,40.0,1,Spikkestad,VYG:Line:L1,Spikkestad-Oslo S-Lillestrøm,L1,rail,VYG:ServiceJourney:2271_443704-R,True,actual,False,,,,,2026-09-08T00:20:52.129880+02:00
NSR:StopPlace:58798,Rakkestad stasjon,2026-09-07T22:45:00+02:00,2026-09-07T22:45:40+02:00,2026-09-07T22:45:40+02:00,40.0,1,Oslo S,VYG:Line:R22,Skøyen-Oslo S-Mysen-Rakkestad,R22,rail,VYG:ServiceJourney:1940_443496-R,True,actual,False,,,,,2026-09-08T00:20:52.129880+02:00
NSR:StopPlace:58838,Røyken stasjon,2026-09-07T23:37:00+02:00,2026-09-07T23:37:40+02:00,2026-09-07T23:37:40+02:00,40.0,1,Drammen,RUT:Line:261,Drammen - Lahell - Røyken - Sætre,261,bus,RUT:ServiceJourney:efe0caf305812d4f83c5abc2caa26a8b,True,actual,False,Fra 17/8 går linje 61-63-71-73-251-261 og skolebusser fra holdeplass ved Skutebrygga ut av byen.Les mer på brakar.no/trafikkmeldinger.,,general,normal,2026-09-08T00:20:52.129880+02:00
NSR:StopPlace:58858,Nittedal stasjon,2026-09-07T22:50:00+02:00,2026-09-07T22:50:40+02:00,2026-09-07T22:50:40+02:00,40.0,1,Lørenskog sentrum,RUT:Line:385,Nittedal stasjon - Olavsgaard - Ahus,385,bus,RUT:ServiceJourney:bb645f098e7140aebcd8a8b582254202,True,actual,False,,,,,2026-09-08T00:20:52.129880+02:00
NSR:StopPlace:58868,Årnes stasjon,2026-09-07T22:34:00+02:00,2026-09-07T22:34:40+02:00,2026-09-07T22:34:40+02:00,40.0,1,Oslo lufthavn,RUT:Line:450,Årnes - Oslo lufthavn,450,bus,RUT:ServiceJourney:83c2085475080fc829420e1d90f1f9a0,True,actual,False,,,,,2026-09-08T00:20:52.129880+02:00
NSR:StopPlace:58860,Oppegård stasjon,2026-09-07T22:31:00+02:00,2026-09-07T22:31:40+02:00,2026-09-07T22:31:40+02:00,40.0,1,Ski stasjon,RUT:Line:580,Kolbotn - Ski,580,bus,RUT:ServiceJourney:f468f64d12145c42d5b1968ba4ded0ee,True,actual,False,,,,,2026-09-08T00:20:52.129880+02:00
NSR:StopPlace:58862,Strømmen stasjon,2026-09-07T23:06:00+02:00,2026-09-07T23:06:40+02:00,2026-09-07T23:06:40+02:00,40.0,1,Nittedal,RUT:Line:385,Nittedal stasjon - Olavsgaard - Ahus,385,bus,RUT:ServiceJourney:64a14db57009c952a84acc2efd8d8492,True,actual,False,,,,,2026-09-08T00:20:52.129880+02:00
NSR:StopPlace:58802,Spydeberg stasjon,2026-09-07T23:20:00+02:00,2026-09-07T23:20:40+02:00,2026-09-07T23:20:40+02:00,40.0,1,Oslo S,VYG:Line:R22,Skøyen-Oslo S-Mysen-Rakkestad,R22,rail,VYG:ServiceJourney:1940_443496-R,True,actual,False,,,,,2026-09-08T00:20:52.129880+02:00
NSR:StopPlace:101,Sagdalen stasjon,2026-09-07T21:13:00+02:00,2026-09-07T21:13:40+02:00,2026-09-07T21:13:40+02:00,40.0,1,Spikkestad,VYG:Line:L1,Spikkestad-Oslo S-Lillestrøm,L1,rail,VYG:ServiceJourney:2267_443697-R,True,actual,False,,,,,2026-09-08T00:20:52.129880+02:00
NSR:StopPlace:393,Leangen stasjon,2026-09-07T22:24:00+02:00,2026-09-07T22:24:40+02:00,2026-09-07T22:24:40+02:00,40.0,1,Steinkjer,SJN:Line:26,Trønderbanen,R70,rail,SJN:ServiceJourney:455_56084-R,True,actual,False,,,,,2026-09-08T00:20:52.129880+02:00
NSR:StopPlace:362,Jåttåvågen stasjon,2026-09-08T00:02:00+02:00,2026-09-08T00:02:40+02:00,2026-09-08T00:02:40+02:00,40.0,1,Egersund,GOA:Line:59,Jærbanen,L5,rail,GOA:ServiceJourney:3078_63142-R,True,actual,False,,,,,2026-09-08T00:20:52.129880+02:00
NSR:StopPlace:62339,Lillestrøm stasjon,2026-09-07T22:10:00+02:00,2026-09-07T22:10:40+02:00,2026-09-07T22:10:40+02:00,40.0,1,Oslo Lufthavn,FLT:Line:FLY1,FLY1,FLY1,rail,FLT:ServiceJourney:1-2614-3805-20260907,True,actual,False,Heis i spor 1 og 2 er ute av bruk på grunn av vedlikehold.,Heis i spor 1 og 2 er ute av bruk på grunn av vedlikehold.,general,normal,2026-09-08T00:20:52.129880+02:00
NSR:StopPlace:61169,Marienborg stasjon,2026-09-07T18:20:00+02:00,2026-09-07T18:20:40+02:00,2026-09-07T18:20:40+02:00,40.0,1,Østmarka via Lerkendal-Strindh.,ATB:Line:2_13,Østmarka - Strindheim - Lerkendal - Havstad,13,bus,ATB:ServiceJourney:13_251215112552618_121,True,actual,False,,,,,2026-09-07T20:27:16.249662+02:00
NSR:StopPlace:59643,Grefsen stasjon,2026-09-07T17:46:00+02:00,2026-09-07T17:46:40+02:00,2026-09-07T17:46:40+02:00,40.0,1,Gaustadalléen,RUT:Line:18,Grefsen st [4311] - Rikshospitalet,18,tram,RUT:ServiceJourney:5a59b03080f35c6391ba9b4dd12c1a53,True,actual,False,,,,,2026-09-07T20:27:16.249662+02:00
NSR:StopPlace:60736,Spikkestad stasjon,2026-09-07T19:16:00+02:00,2026-09-07T19:16:40+02:00,2026-09-07T19:16:40+02:00,40.0,1,Lillestrøm,VYG:Line:L1,Spikkestad-Oslo S-Lillestrøm,L1,rail,VYG:ServiceJourney:2262_443690-R,True,actual,False,,,,,2026-09-07T20:27:16.249662+02:00
NSR:StopPlace:60047,Melhus skysstasjon,2026-09-07T17:16:00+02:00,2026-09-07T17:16:40+02:00,2026-09-07T17:16:40+02:00,40.0,1,Dora via E6 - City Syd E6,ATB:Line:2_71,MelhusSkyss-Trondheim,71,bus,ATB:ServiceJourney:71_251215112545659_86,True,actual,False,,,,,2026-09-07T20:27:16.249662+02:00
NSR:StopPlace:59620,Grorud stasjon,2026-09-07T16:44:00+02:00,2026-09-07T16:44:40+02:00,2026-09-07T16:44:40+02:00,40.0,1,Åsbråten,RUT:Line:79,Grorud T - Åsbråten,79,bus,RUT:ServiceJourney:ea7f9290a34c56a7d1236b3d8314c323,True,actual,False,,,,,2026-09-07T20:27:16.249662+02:00
NSR:StopPlace:59620,Grorud stasjon,2026-09-07T17:04:00+02:00,2026-09-07T17:04:40+02:00,2026-09-07T17:04:40+02:00,40.0,1,Åsbråten,RUT:Line:79,Grorud T - Åsbråten,79,bus,RUT:ServiceJourney:8d092246e326e9a2b3296a1cd72d88bf,True,actual,False,,,,,2026-09-07T20:27:16.249662+02:00
NSR:StopPlace:58833,Gol stasjon,2026-09-07T18:00:00+02:00,2026-09-07T18:00:40+02:00,2026-09-07T18:00:40+02:00,40.0,1,Hemsedal - Tuv,BRA:Line:4_6360,Gol - Tuv,360,bus,BRA:ServiceJourney:6360_260415100163978_1007,True,actual,False,,,,,2026-09-07T20:27:16.249662+02:00
NSR:StopPlace:58843,Blommenholm stasjon,2026-09-07T18:04:00+02:00,2026-09-07T18:04:40+02:00,2026-09-07T18:04:40+02:00,40.0,1,Lillestrøm,VYG:Line:L1,Spikkestad-Oslo S-Lillestrøm,L1,rail,VYG:ServiceJourney:2154_443563-R,True,actual,False,,,,,2026-09-07T20:27:16.249662+02:00
NSR:StopPlace:58843,Blommenholm stasjon,2026-09-07T19:50:00+02:00,2026-09-07T19:50:40+02:00,2026-09-07T19:50:40+02:00,40.0,1,Lillestrøm,VYG:Line:L1,Spikkestad-Oslo S-Lillestrøm,L1,rail,VYG:ServiceJourney:2262_443690-R,True,actual,False,,,,,2026-09-07T20:27:16.249662+02:00
NSR:StopPlace:58844,Eidsvoll stasjon,2026-09-07T18:45:00+02:00,2026-09-07T18:45:40+02:00,2026-09-07T18:45:40+02:00,40.0,1,Jessheim,RUT:Line:430,Eidsvoll - Jessheim,430,bus,RUT:ServiceJourney:c3a97c0cc067c0c529374dbdef22d5a8,True,actual,False,,,,,2026-09-07T20:27:16.249662+02:00
NSR:StopPlace:58844,Eidsvoll stasjon,2026-09-07T19:15:00+02:00,2026-09-07T19:15:40+02:00,2026-09-07T19:15:40+02:00,40.0,1,Jessheim,RUT:Line:430,Eidsvoll - Jessheim,430,bus,RUT:ServiceJourney:97037528529ea49dfade9ec1e31fd4d7,True,actual,False,,,,,2026-09-07T20:27:16.249662+02:00
NSR:StopPlace:58886,Arendal stasjon,2026-09-07T18:10:00+02:00,2026-09-07T18:10:40+02:00,2026-09-07T18:10:40+02:00,40.0,1,Arendal sentrum,AKT:Line:111,Sykehuset-Arendal-Solåsen,111,bus,AKT:ServiceJourney:73604_241_23_129000_130200_40001009,True,actual,False,,,,,2026-09-07T20:27:16.249662+02:00
NSR:StopPlace:62308,Alna stasjon,2026-09-07T20:02:00+02:00,2026-09-07T20:02:40+02:00,2026-09-07T20:02:40+02:00,40.0,1,Spikkestad,VYG:Line:L1,Spikkestad-Oslo S-Lillestrøm,L1,rail,VYG:ServiceJourney:2261_443688-R,True,actual,False,,,,,2026-09-07T20:27:16.249662+02:00
NSR:StopPlace:61466,Vakås stasjon,2026-09-07T13:38:00+02:00,2026-09-07T13:38:40+02:00,2026-09-07T13:38:40+02:00,40.0,1,Lillestrøm,VYG:Line:L1,Spikkestad-Oslo S-Lillestrøm,L1,rail,VYG:ServiceJourney:2238_443647-R,True,actual,False,Færre vogner,Denne avgangen kjører dessverre med 4 vogner i stedet for 8 vogner. Dette skyldes at vi mangler et togsett.,general,normal,2026-09-07T15:44:36.205822+02:00
NSR:StopPlace:59642,Rånåsfoss stasjon,2026-09-07T14:48:00+02:00,2026-09-07T14:48:40+02:00,2026-09-07T14:48:40+02:00,40.0,1,Årnes,RUT:Line:453,Rånåsfoss - Årnes,453,bus,RUT:ServiceJourney:f2fbddc22ed5818a00234d209f3b54ca,True,actual,False,,,,,2026-09-07T15:44:36.205822+02:00
NSR:StopPlace:59952,Drammen stasjon,2026-09-07T13:57:00+02:00,2026-09-07T13:57:40+02:00,2026-09-07T13:57:40+02:00,40.0,1,Lillehammer,VYG:Line:RE10,Drammen-Oslo S-Lillehammer,RE10,rail,VYG:ServiceJourney:321-SUD_444201-R,True,actual,False,,,,,2026-09-07T15:44:36.205822+02:00
NSR:StopPlace:59243,Mo i Rana stasjon,2026-09-07T14:42:00+02:00,2026-09-07T14:42:40+02:00,2026-09-07T14:42:40+02:00,40.0,1,Båsmobakken,NOR:Line:12_8371,Grubbåsen - Båsmobakken/Skillevollen,1,bus,NOR:ServiceJourney:8371_251012124858519_1025,True,actual,False,,,,,2026-09-07T15:44:36.205822+02:00
NSR:StopPlace:58935,Levanger stasjon,2026-09-07T14:54:00+02:00,2026-09-07T14:54:40+02:00,2026-09-07T14:54:40+02:00,40.0,1,Nord universitet via Nesset,ATB:Line:2_7401,Levanger - Nesset - Gjemble,7401,bus,ATB:ServiceJourney:7401_260106098643081_26,True,actual,False,,,,,2026-09-07T15:44:36.205822+02:00
NSR:StopPlace:58935,Levanger stasjon,2026-09-07T15:29:00+02:00,2026-09-07T15:29:40+02:00,2026-09-07T15:29:40+02:00,40.0,1,Sykehuset Levanger,ATB:Line:2_635,Verdal - Levanger (- Frosta),635,bus,ATB:ServiceJourney:635_260106098640531_5,True,actual,False,,,,,2026-09-07T15:44:36.205822+02:00
NSR:StopPlace:58947,Steinkjer stasjon,2026-09-07T15:40:00+02:00,2026-09-07T15:40:40+02:00,2026-09-07T15:40:40+02:00,40.0,1,Follafoss,ATB:Line:2_630,Vanvikan - Follafoss - Steinkj,630,bus,ATB:ServiceJourney:630_260106098641119_11,True,actual,False,,,,,2026-09-07T15:44:36.205822+02:00
NSR:StopPlace:58793,Askim stasjon,2026-09-07T15:44:00+02:00,2026-09-07T15:44:40+02:00,2026-09-07T15:44:40+02:00,40.0,1,Trøgstad,OST:Line:1_400,Askim-Trøgstad,400,bus,OST:ServiceJourney:400_260827111753884_9,True,actual,False,,,,,2026-09-07T15:44:36.205822+02:00
NSR:StopPlace:58845,Eidsvoll verk stasjon,2026-09-07T15:05:00+02:00,2026-09-07T15:05:40+02:00,2026-09-07T15:05:40+02:00,40.0,1,Hurdal,RUT:Line:445,Hurdal - Eidsvoll verk,445,bus,RUT:ServiceJourney:70d4538a94922a3e36c1188269504ae8,True,actual,False,,,,,2026-09-07T15:44:36.205822+02:00
NSR:StopPlace:101,Sagdalen stasjon,2026-09-07T15:28:00+02:00,2026-09-07T15:28:40+02:00,2026-09-07T15:28:40+02:00,40.0,1,Asker,VYG:Line:L1,Spikkestad-Oslo S-Lillestrøm,L1,rail,VYG:ServiceJourney:2143_443551-R,True,actual,False,,,,,2026-09-07T15:44:36.205822+02:00
NSR:StopPlace:416,Vikhammer stasjon,2026-09-07T14:59:00+02:00,2026-09-07T14:59:40+02:00,2026-09-07T14:59:40+02:00,40.0,1,Steinkjer,SJN:Line:26,Trønderbanen,R70,rail,SJN:ServiceJourney:1761_56047-R,True,actual,False,,,,,2026-09-07T15:44:36.205822+02:00
NSR:StopPlace:61169,Marienborg stasjon,2026-09-07T07:04:00+02:00,2026-09-07T07:04:40+02:00,2026-09-07T07:04:40+02:00,40.0,1,Steinkjer,SJN:Line:26,Trønderbanen,R70,rail,SJN:ServiceJourney:425_56054-R,True,actual,False,,,,,2026-09-07T08:42:24.659182+02:00
NSR:StopPlace:61456,Majavatn stasjon,2026-09-07T07:20:00+02:00,2026-09-07T07:20:40+02:00,2026-09-07T07:20:40+02:00,40.0,1,Trofors,NOR:Line:12_8235,Majavatn,235,bus,NOR:ServiceJourney:8235_251012124855289_1001,True,actual,False,,,,,2026-09-07T08:42:24.659182+02:00
NSR:StopPlace:61464,Hvalstad stasjon,2026-09-07T06:10:00+02:00,2026-09-07T06:10:40+02:00,2026-09-07T06:10:40+02:00,40.0,1,Lillestrøm,VYG:Line:L1,Spikkestad-Oslo S-Lillestrøm,L1,rail,VYG:ServiceJourney:2208_764738-R,True,actual,False,Færre vogner,Denne avgangen kjører dessverre med 4 vogner i stedet for 8 vogner. Dette skyldes at vi mangler et togsett.,general,normal,2026-09-07T08:42:24.659182+02:00
NSR:StopPlace:59641,Fjellhamar stasjon,2026-09-07T08:17:00+02:00,2026-09-07T08:17:40+02:00,2026-09-07T08:17:40+02:00,40.0,1,Spikkestad,VYG:Line:L1,Spikkestad-Oslo S-Lillestrøm,L1,rail,VYG:ServiceJourney:2215_443608-R,True,actual,False,,,,,2026-09-07T08:42:24.659182+02:00
NSR:StopPlace:60736,Spikkestad stasjon,2026-09-07T06:16:00+02:00,2026-09-07T06:16:40+02:00,2026-09-07T06:16:40+02:00,40.0,1,Lillestrøm,VYG:Line:L1,Spikkestad-Oslo S-Lillestrøm,L1,rail,VYG:ServiceJourney:2210_443601-R,True,actual,False,Færre vogner,Denne avgangen kjører dessverre med 4 vogner i stedet for 8 vogner. Dette skyldes at vi mangler et togsett.,general,normal,2026-09-07T08:42:24.659182+02:00
NSR:StopPlace:60944,Ski stasjon,2026-09-07T06:27:00+02:00,2026-09-07T06:27:40+02:00,2026-09-07T06:27:40+02:00,40.0,1,Vinterbro,RUT:Line:520,Vinterbro - Ski stasjon,520,bus,RUT:ServiceJourney:92e05bc2446dda3e90f567dbc4327834,True,actual,False,,,,,2026-09-07T08:42:24.659182+02:00
NSR:StopPlace:59977,Trondheim S,2026-09-07T06:25:00+02:00,2026-09-07T06:25:40+02:00,2026-09-07T06:25:40+02:00,40.0,1,Vikåsen via Singsaker,ATB:Line:2_25,Vikåsen- Strindheim- Singsaker,25,bus,ATB:ServiceJourney:25_251215112543336_3,True,actual,False,,,,,2026-09-07T08:42:24.659182+02:00
NSR:StopPlace:60016,Kråkstad stasjon,2026-09-07T07:03:00+02:00,2026-09-07T07:03:40+02:00,2026-09-07T07:03:40+02:00,40.0,1,Oslo S,VYG:Line:R22,Skøyen-Oslo S-Mysen-Rakkestad,R22,rail,VYG:ServiceJourney:1952_443498-R,True,actual,False,,,,,2026-09-07T08:42:24.659182+02:00
NSR:StopPlace:60053,Halden stasjon,2026-09-07T07:25:00+02:00,2026-09-07T07:25:40+02:00,2026-09-07T07:25:40+02:00,40.0,1,Oslo S,VYG:Line:RE20,Oslo S-Halden-Göteborg (X-Border),RE20,rail,VYG:ServiceJourney:146-HLD_509067-R,True,actual,False,,,,,2026-09-07T08:42:24.659182+02:00
NSR:StopPlace:59620,Grorud stasjon,2026-09-07T06:55:00+02:00,2026-09-07T06:55:40+02:00,2026-09-07T06:55:40+02:00,40.0,1,Furuset,RUT:Line:65,Furuset T - Stovner T via Smedstua,65,bus,RUT:ServiceJourney:5e21e775f598e1732766b1056f56a7b0,True,actual,False,,,,,2026-09-07T08:42:24.659182+02:00
NSR:StopPlace:59638,Myrvoll stasjon,2026-09-07T06:54:00+02:00,2026-09-07T06:54:40+02:00,2026-09-07T06:54:40+02:00,40.0,1,Jernbanetorget,RUT:Line:84,Jernbanetorget-Oppegård st.,84E,bus,RUT:ServiceJourney:7594b7209caf824b59c7031c109b28d6,True,actual,False,,,,,2026-09-07T08:42:24.659182+02:00
NSR:StopPlace:58963,Jessheim stasjon,2026-09-07T07:33:00+02:00,2026-09-07T07:33:40+02:00,2026-09-07T07:33:40+02:00,40.0,1,Kopperud,RUT:Line:420,Maura -  Jessheim,420,bus,RUT:ServiceJourney:6303a343faa730483b8e7029efac1de9,True,actual,False,,,,,2026-09-07T08:42:24.659182+02:00
NSR:StopPlace:58963,Jessheim stasjon,2026-09-07T07:37:00+02:00,2026-09-07T07:37:40+02:00,2026-09-07T07:37:40+02:00,40.0,1,Årnes,RUT:Line:450,Årnes - Oslo lufthavn,450,bus,RUT:ServiceJourney:5eb267d5108981848b18485498cd5654,True,actual,False,,,,,2026-09-07T08:42:24.659182+02:00
NSR:StopPlace:58930,Larvik stasjon,2026-09-07T06:50:00+02:00,2026-09-07T06:50:40+02:00,2026-09-07T06:50:40+02:00,40.0,1,Larvik-Sandefjord,VKT:Line:4,Torp-Sandefjord-Larvik-Stavern,4,bus,VKT:ServiceJourney:17686,True,actual,False,,,,,2026-09-07T08:42:24.659182+02:00
NSR:StopPlace:58947,Steinkjer stasjon,2026-09-07T07:48:00+02:00,2026-09-07T07:48:40+02:00,2026-09-07T07:48:40+02:00,40.0,1,Kvam skole,ATB:Line:2_7315,Øvre Kvam - Steinkjer,7315,bus,ATB:ServiceJourney:7315_260106098642146_1,True,actual,False,,,,,2026-09-07T08:42:24.659182+02:00
NSR:StopPlace:58798,Rakkestad stasjon,2026-09-07T05:45:00+02:00,2026-09-07T05:45:40+02:00,2026-09-07T05:45:40+02:00,40.0,1,Kirkefjerdingen skole-Mysen stasjon,OST:Line:1_414,Rakkestad-Mysen,414,bus,OST:ServiceJourney:414_260325121473096_1,True,actual,False,,,,,2026-09-07T08:42:24.659182+02:00
NSR:StopPlace:58798,Rakkestad stasjon,2026-09-07T06:40:00+02:00,2026-09-07T06:40:40+02:00,2026-09-07T06:40:40+02:00,40.0,1,Oslo S,VYG:Line:R22,Skøyen-Oslo S-Mysen-Rakkestad,R22,rail,VYG:ServiceJourney:1908_443445-R,True,actual,False,,,,,2026-09-07T08:42:24.659182+02:00
NSR:StopPlace:58836,Mjøndalen stasjon,2026-09-07T07:24:00+02:00,2026-09-07T07:24:40+02:00,2026-09-07T07:24:40+02:00,40.0,1,Dal,VYG:Line:R13,Drammen-Oslo S-Dal,R13,rail,VYG:ServiceJourney:1613_443239-R,True,actual,False,,,,,2026-09-07T08:42:24.659182+02:00
NSR:StopPlace:58844,Eidsvoll stasjon,2026-09-07T06:39:00+02:00,2026-09-07T06:39:40+02:00,2026-09-07T06:39:40+02:00,40.0,1,Langset øst,RUT:Line:448,Langset - Eidsvoll via Østsidavegen,448,bus,RUT:ServiceJourney:be1851e81c65a63aca5209f83d0a2f04,True,actual,False,,,,,2026-09-07T08:42:24.659182+02:00
NSR:StopPlace:58856,Lysaker stasjon,2026-09-07T06:03:00+02:00,2026-09-07T06:03:40+02:00,2026-09-07T06:03:40+02:00,40.0,1,Skøyen,RUT:Line:140,Bekkestua - Østerås - Skøyen,140,bus,RUT:ServiceJourney:9eebd7f869b9a1ae605530654b399332,True,actual,False,,,,,2026-09-07T08:42:24.659182+02:00
NSR:StopPlace:58858,Nittedal stasjon,2026-09-07T06:50:00+02:00,2026-09-07T06:50:40+02:00,2026-09-07T06:50:40+02:00,40.0,1,Lørenskog sentrum,RUT:Line:385,Nittedal stasjon - Olavsgaard - Ahus,385,bus,RUT:ServiceJourney:2527c9eac7994e5afe51a14ccdf65fbd,True,actual,False,,,,,2026-09-07T08:42:24.659182+02:00
NSR:StopPlace:58859,Nordby stasjon,2026-09-07T07:33:00+02:00,2026-09-07T07:33:40+02:00,2026-09-07T07:33:40+02:00,40.0,1,Drammen,VYG:Line:R13,Drammen-Oslo S-Dal,R13,rail,VYG:ServiceJourney:1612_443236-R,True,actual,False,,,,,2026-09-07T08:42:24.659182+02:00
NSR:StopPlace:58851,Heggedal stasjon,2026-09-07T07:55:00+02:00,2026-09-07T07:55:40+02:00,2026-09-07T07:55:40+02:00,40.0,1,Spikkestad,VYG:Line:L1,Spikkestad-Oslo S-Lillestrøm,L1,rail,VYG:ServiceJourney:2209_443598-R,True,actual,False,,,,,2026-09-07T08:42:24.659182+02:00
NSR:StopPlace:58868,Årnes stasjon,2026-09-07T07:34:00+02:00,2026-09-07T07:34:40+02:00,2026-09-07T07:34:40+02:00,40.0,1,Oslo lufthavn,RUT:Line:450,Årnes - Oslo lufthavn,450,bus,RUT:ServiceJourney:09808f8a93378ab1d4a43c632530b960,True,actual,False,,,,,2026-09-07T08:42:24.659182+02:00
NSR:StopPlace:58869,Ås stasjon,2026-09-07T08:19:00+02:00,2026-09-07T08:19:40+02:00,2026-09-07T08:19:40+02:00,40.0,1,Kroer,RUT:Line:2535,Ås læringssenter,535X,bus,RUT:ServiceJourney:73b11725c50ce6f5424a77c56230c5e5,True,actual,False,,,,,2026-09-07T08:42:24.659182+02:00
NSR:StopPlace:58860,Oppegård stasjon,2026-09-07T05:46:00+02:00,2026-09-07T05:46:40+02:00,2026-09-07T05:46:40+02:00,40.0,1,Stabekk,VYG:Line:L2,Stabekk-Oslo S-Ski,L2,rail,VYG:ServiceJourney:2708-SKI_443914-R,True,actual,False,,,,,2026-09-07T08:42:24.659182+02:00
NSR:StopPlace:58872,Sandefjord stasjon,2026-09-07T04:46:00+02:00,2026-09-07T04:46:40+02:00,2026-09-07T04:46:40+02:00,40.0,1,Eidsvoll,VYG:Line:RE11,Eidsvoll-Oslo S-Skien,RE11,rail,VYG:ServiceJourney:802_444382-R,True,actual,False,,,,,2026-09-07T08:42:24.659182+02:00
NSR:StopPlace:58808,Kongsvinger stasjon,2026-09-07T06:58:00+02:00,2026-09-07T06:58:40+02:00,2026-09-07T06:58:40+02:00,40.0,1,Sykehuset - Bogeråsen,INN:Line:81,Bogeråsen - Rasta,B81,bus,INN:ServiceJourney:54299,True,actual,False,,,,,2026-09-07T08:42:24.659182+02:00
NSR:StopPlace:58811,Moelv stasjon,2026-09-07T07:02:00+02:00,2026-09-07T07:02:40+02:00,2026-09-07T07:02:40+02:00,40.0,1,Storhamar v.g. skole,INN:Line:612,Moelv - Hersoug - Brumunddal,612,bus,INN:ServiceJourney:83032,True,actual,False,,,,,2026-09-07T08:42:24.659182+02:00
NSR:StopPlace:58824,Lunner stasjon,2026-09-07T06:48:00+02:00,2026-09-07T06:48:40+02:00,2026-09-07T06:48:40+02:00,40.0,1,Roa,VYG:Line:R31,Skøyen-Jaren-Gjøvik,R31,rail,VYG:ServiceJourney:BUS-246_655573-R,True,actual,False,,,,,2026-09-07T08:42:24.659182+02:00
NSR:StopPlace:58211,Oslo lufthavn,2026-09-07T06:30:00+02:00,2026-09-07T06:30:40+02:00,2026-09-07T06:30:40+02:00,40.0,1,Drammen,FLT:Line:FLY1,FLY1,FLY1,rail,FLT:ServiceJourney:1-2614-3708-20260907,True,actual,False,,,,,2026-09-07T08:42:24.659182+02:00
NSR:StopPlace:144,Skansen stasjon,2026-09-07T07:47:00+02:00,2026-09-07T07:47:40+02:00,2026-09-07T07:47:40+02:00,40.0,1,Melhus skysstasjon,SJN:Line:26,Trønderbanen,R70,rail,SJN:ServiceJourney:422-STK_56051-R,True,actual,False,,,,,2026-09-07T08:42:24.659182+02:00
NSR:StopPlace:398,Arna stasjon,2026-09-07T06:57:00+02:00,2026-09-07T06:57:40+02:00,2026-09-07T06:57:40+02:00,40.0,1,Bergen,VYG:Line:L4,Bergen-Arna,L4,rail,VYG:ServiceJourney:2507_443764-R,True,actual,False,,,,,2026-09-07T08:42:24.659182+02:00
NSR:StopPlace:313,Høybråten stasjon,2026-09-07T07:23:00+02:00,2026-09-07T07:23:40+02:00,2026-09-07T07:23:40+02:00,40.0,1,Spikkestad,VYG:Line:L1,Spikkestad-Oslo S-Lillestrøm,L1,rail,VYG:ServiceJourney:2211_443602-R,True,actual,False,,,,,2026-09-07T08:42:24.659182+02:00
NSR:StopPlace:62094,Lindeberg stasjon,2026-09-07T07:48:00+02:00,2026-09-07T07:48:40+02:00,2026-09-07T07:48:40+02:00,40.0,1,Drammen,VYG:Line:R13,Drammen-Oslo S-Dal,R13,rail,VYG:ServiceJourney:1612_443236-R,True,actual,False,,,,,2026-09-07T08:42:24.659182+02:00
NSR:StopPlace:62339,Lillestrøm stasjon,2026-09-07T06:30:00+02:00,2026-09-07T06:30:40+02:00,2026-09-07T06:30:40+02:00,40.0,1,Oslo Lufthavn,FLT:Line:FLY1,FLY1,FLY1,rail,FLT:ServiceJourney:1-2614-3711-20260907,True,actual,False,Heis i spor 1 og 2 er ute av bruk på grunn av vedlikehold.,Heis i spor 1 og 2 er ute av bruk på grunn av vedlikehold.,general,normal,2026-09-07T08:42:24.659182+02:00
NSR:StopPlace:59651,Skøyen stasjon,2026-09-07T02:41:00+02:00,2026-09-07T02:41:40+02:00,2026-09-07T02:41:40+02:00,40.0,1,Grorud T,RUT:Line:31,Snarøya - Fornebu - Tonsenhagen - Grorud,31,bus,RUT:ServiceJourney:94a2b6922eaed4a9b0a1fe3b711e0a95,True,actual,False,,,,,2026-09-07T03:30:22.110925+02:00
NSR:StopPlace:59872,Oslo S,2026-09-08T00:44:00+02:00,2026-09-08T00:44:39+02:00,2026-09-08T00:44:39+02:00,39.0,1,Eidsvoll,VYG:Line:R13,Drammen-Oslo S-Dal,R13,rail,VYG:ServiceJourney:1679_443385-R,True,actual,False,,,,,2026-09-08T03:39:50.209703+02:00
NSR:StopPlace:61387,Skogn stasjon,2026-09-07T23:35:00+02:00,2026-09-07T23:35:39+02:00,2026-09-07T23:35:39+02:00,39.0,1,Steinkjer,SJN:Line:26,Trønderbanen,R70,rail,SJN:ServiceJourney:455_56084-R,True,actual,False,,,,,2026-09-08T00:20:52.129880+02:00
NSR:StopPlace:33,Ranheim stasjon,2026-09-07T23:29:00+02:00,2026-09-07T23:29:39+02:00,2026-09-07T23:29:39+02:00,39.0,1,Støren,SJN:Line:26,Trønderbanen,R70,rail,SJN:ServiceJourney:454_56083-R,True,actual,False,,,,,2026-09-08T00:20:52.129880+02:00
NSR:StopPlace:59641,Fjellhamar stasjon,2026-09-07T23:47:00+02:00,2026-09-07T23:47:39+02:00,2026-09-07T23:47:39+02:00,39.0,1,Spikkestad,VYG:Line:L1,Spikkestad-Oslo S-Lillestrøm,L1,rail,VYG:ServiceJourney:2277_443713-R,True,actual,False,,,,,2026-09-08T00:20:52.129880+02:00
NSR:StopPlace:59639,Sonsveien stasjon,2026-09-07T22:09:00+02:00,2026-09-07T22:09:39+02:00,2026-09-07T22:09:39+02:00,39.0,1,Moss,RUT:Line:540,Moss - Son - Vestby stasjon,540,bus,RUT:ServiceJourney:41cf2eddc86d131d5de19a4c07a8ee25,True,actual,False,,,,,2026-09-08T00:20:52.129880+02:00
NSR:StopPlace:58842,Blaker stasjon,2026-09-07T22:22:00+02:00,2026-09-07T22:22:39+02:00,2026-09-07T22:22:39+02:00,39.0,1,Asker,VYG:Line:R14,Asker-Oslo S-Kongsvinger,R14,rail,VYG:ServiceJourney:1036_442948-R,True,actual,False,,,,,2026-09-08T00:20:52.129880+02:00
NSR:StopPlace:58844,Eidsvoll stasjon,2026-09-07T23:15:00+02:00,2026-09-07T23:15:39+02:00,2026-09-07T23:15:39+02:00,39.0,1,Jessheim,RUT:Line:430,Eidsvoll - Jessheim,430,bus,RUT:ServiceJourney:73c7946581b4e05987f8b8019aa9efc9,True,actual,False,,,,,2026-09-08T00:20:52.129880+02:00
NSR:StopPlace:58845,Eidsvoll verk stasjon,2026-09-07T23:25:00+02:00,2026-09-07T23:25:39+02:00,2026-09-07T23:25:39+02:00,39.0,1,Eidsvoll,VYG:Line:R12,Kongsberg-Oslo S-Eidsvoll,R12,rail,VYG:ServiceJourney:536_444346-R,True,actual,False,,,,,2026-09-08T00:20:52.129880+02:00
NSR:StopPlace:58849,Hakadal stasjon,2026-09-08T00:20:00+02:00,2026-09-08T00:20:39+02:00,2026-09-08T00:20:39+02:00,39.0,1,Kongskog,RUT:Line:390,Kongskog/Hellerudhaugen - Oslo bussterminal,390,bus,RUT:ServiceJourney:1c27635cf5535856f87b6094d712fa45,True,actual,False,,,,,2026-09-08T00:20:52.129880+02:00
NSR:StopPlace:58857,Lørenskog stasjon,2026-09-07T23:51:00+02:00,2026-09-07T23:51:39+02:00,2026-09-07T23:51:39+02:00,39.0,1,Spikkestad,VYG:Line:L1,Spikkestad-Oslo S-Lillestrøm,L1,rail,VYG:ServiceJourney:2277_443713-R,True,actual,False,,,,,2026-09-08T00:20:52.129880+02:00
NSR:StopPlace:58865,Vestby stasjon,2026-09-07T22:20:00+02:00,2026-09-07T22:20:39+02:00,2026-09-07T22:20:39+02:00,39.0,1,Randem,RUT:Line:533,Randem - Vestby stasjon,533,bus,RUT:ServiceJourney:0b459bdaca550ee3f5e531cb5fc7b681,True,actual,False,,,,,2026-09-08T00:20:52.129880+02:00
NSR:StopPlace:58865,Vestby stasjon,2026-09-07T22:40:00+02:00,2026-09-07T22:40:39+02:00,2026-09-07T22:40:39+02:00,39.0,1,Stabekk,VYG:Line:R21,Stabekk-Oslo S-Moss,R21,rail,VYG:ServiceJourney:1174-MOS_443072-R,True,actual,False,,,,,2026-09-08T00:20:52.129880+02:00
NSR:StopPlace:610,Sandvika stasjon,2026-09-07T21:48:00+02:00,2026-09-07T21:48:39+02:00,2026-09-07T21:48:39+02:00,39.0,1,Lillestrøm,VYG:Line:L1,Spikkestad-Oslo S-Lillestrøm,L1,rail,VYG:ServiceJourney:2270_443703-R,True,actual,False,,,,,2026-09-08T00:20:52.129880+02:00
NSR:StopPlace:61464,Hvalstad stasjon,2026-09-07T19:54:00+02:00,2026-09-07T19:54:39+02:00,2026-09-07T19:54:39+02:00,39.0,1,Lillestrøm,VYG:Line:L1,Spikkestad-Oslo S-Lillestrøm,L1,rail,VYG:ServiceJourney:2162_443572-R,True,actual,False,,,,,2026-09-07T20:27:16.249662+02:00
NSR:StopPlace:59650,Nyland stasjon,2026-09-07T17:45:00+02:00,2026-09-07T17:45:39+02:00,2026-09-07T17:45:39+02:00,39.0,1,Vestvollen,RUT:Line:345,Vestvollen - Økern,345,bus,RUT:ServiceJourney:b70fd0304fef7d8a1a4592fc7365a506,True,actual,False,,,,,2026-09-07T20:27:16.249662+02:00
NSR:StopPlace:59650,Nyland stasjon,2026-09-07T17:51:00+02:00,2026-09-07T17:51:39+02:00,2026-09-07T17:51:39+02:00,39.0,1,Lillestrøm,VYG:Line:L1,Spikkestad-Oslo S-Lillestrøm,L1,rail,VYG:ServiceJourney:2252_445350-R,True,actual,False,,,,,2026-09-07T20:27:16.249662+02:00
NSR:StopPlace:60077,Støren stasjon,2026-09-07T17:27:00+02:00,2026-09-07T17:27:39+02:00,2026-09-07T17:27:39+02:00,39.0,1,Trondheim S,SJN:Line:25,Rørosbanen,R60,rail,SJN:ServiceJourney:2385_30335-R,True,actual,False,,,,,2026-09-07T20:27:16.249662+02:00
NSR:StopPlace:58963,Jessheim stasjon,2026-09-07T17:03:00+02:00,2026-09-07T17:03:39+02:00,2026-09-07T17:03:39+02:00,39.0,1,Kopperud,RUT:Line:420,Maura -  Jessheim,420,bus,RUT:ServiceJourney:a7a8586ed4d9fe9462fb8834e5fa1682,True,actual,False,,,,,2026-09-07T20:27:16.249662+02:00
NSR:StopPlace:58924,Bryne stasjon,2026-09-07T20:20:00+02:00,2026-09-07T20:20:39+02:00,2026-09-07T20:20:39+02:00,39.0,1,Sandnes via Kleppekrossen,KOL:Line:8_2019,52,52,bus,KOL:ServiceJourney:2019_260728141809969_1024,True,actual,False,,,,,2026-09-07T20:27:16.249662+02:00
NSR:StopPlace:58926,Dale stasjon,2026-09-07T20:15:00+02:00,2026-09-07T20:15:39+02:00,2026-09-07T20:15:39+02:00,39.0,1,Eidslandet,SKY:Line:922,Eksingedalen - Dale,922,bus,SKY:ServiceJourney:922-208760-21965676,True,actual,False,,,,,2026-09-07T20:27:16.249662+02:00
NSR:StopPlace:58930,Larvik stasjon,2026-09-07T18:05:00+02:00,2026-09-07T18:05:39+02:00,2026-09-07T18:05:39+02:00,39.0,1,Larvik-Nordbyen,VKT:Line:81,Nordbyen-Nevlunghavn,81,bus,VKT:ServiceJourney:18142,True,actual,False,,,,,2026-09-07T20:27:16.249662+02:00
NSR:StopPlace:58948,Stjørdal stasjon,2026-09-07T17:14:00+02:00,2026-09-07T17:14:39+02:00,2026-09-07T17:14:39+02:00,39.0,1,Marienborg via Brattøra,ATB:Line:2_70,Stjørdal/Hommelvik- Trondheim,70,bus,ATB:ServiceJourney:70_251215112547000_78,True,actual,False,,,,,2026-09-07T20:27:16.249662+02:00
NSR:StopPlace:58795,Kambo stasjon,2026-09-07T18:00:00+02:00,2026-09-07T18:00:39+02:00,2026-09-07T18:00:39+02:00,39.0,1,Stabekk,VYG:Line:R21,Stabekk-Oslo S-Moss,R21,rail,VYG:ServiceJourney:1156-MOS_443041-R,True,actual,False,,,,,2026-09-07T20:27:16.249662+02:00
NSR:StopPlace:58843,Blommenholm stasjon,2026-09-07T19:04:00+02:00,2026-09-07T19:04:39+02:00,2026-09-07T19:04:39+02:00,39.0,1,Lillestrøm,VYG:Line:L1,Spikkestad-Oslo S-Lillestrøm,L1,rail,VYG:ServiceJourney:2158_443567-R,True,actual,False,,,,,2026-09-07T20:27:16.249662+02:00
NSR:StopPlace:58845,Eidsvoll verk stasjon,2026-09-07T18:45:00+02:00,2026-09-07T18:45:39+02:00,2026-09-07T18:45:39+02:00,39.0,1,Eidsvoll,RUT:Line:430,Eidsvoll - Jessheim,430,bus,RUT:ServiceJourney:5ddafa1355dc103101d222d238a26481,True,actual,False,,,,,2026-09-07T20:27:16.249662+02:00
NSR:StopPlace:58847,Frogner stasjon,2026-09-07T19:04:00+02:00,2026-09-07T19:04:39+02:00,2026-09-07T19:04:39+02:00,39.0,1,Dal,VYG:Line:R13,Drammen-Oslo S-Dal,R13,rail,VYG:ServiceJourney:1655_443331-R,True,actual,False,,,,,2026-09-07T20:27:16.249662+02:00
NSR:StopPlace:58858,Nittedal stasjon,2026-09-07T19:20:00+02:00,2026-09-07T19:20:39+02:00,2026-09-07T19:20:39+02:00,39.0,1,Lørenskog sentrum,RUT:Line:385,Nittedal stasjon - Olavsgaard - Ahus,385,bus,RUT:ServiceJourney:c756bfd0786e91d0f18cfc60bc0f1522,True,actual,False,,,,,2026-09-07T20:27:16.249662+02:00
NSR:StopPlace:58864,Sørumsand stasjon,2026-09-07T19:51:00+02:00,2026-09-07T19:51:39+02:00,2026-09-07T19:51:39+02:00,39.0,1,Skedsmokorset,RUT:Line:365,Sørumsand - Frogner - Skedsmokorset,365,bus,RUT:ServiceJourney:ba081b53f534c5f20b5ce1073a1c3129,True,actual,False,,,,,2026-09-07T20:27:16.249662+02:00
NSR:StopPlace:58865,Vestby stasjon,2026-09-07T19:50:00+02:00,2026-09-07T19:50:39+02:00,2026-09-07T19:50:39+02:00,39.0,1,Randem,RUT:Line:533,Randem - Vestby stasjon,533,bus,RUT:ServiceJourney:71a34d4cf86d8789f905a5cac254d0cd,True,actual,False,,,,,2026-09-07T20:27:16.249662+02:00
NSR:StopPlace:58865,Vestby stasjon,2026-09-07T20:20:00+02:00,2026-09-07T20:20:39+02:00,2026-09-07T20:20:39+02:00,39.0,1,Grønberg,RUT:Line:530,Pepperstad - Vestby stasjon,530,bus,RUT:ServiceJourney:7b232457eb9dc9543ced550163b0e7b3,True,actual,False,,,,,2026-09-07T20:27:16.249662+02:00
NSR:StopPlace:58884,Skien stasjon,2026-09-07T20:05:00+02:00,2026-09-07T20:05:39+02:00,2026-09-07T20:05:39+02:00,39.0,1,Bø stasjon,TEL:Line:8181,Seljord-Bø-Skien,R1,bus,TEL:ServiceJourney:127102,True,actual,False,,,,,2026-09-07T20:27:16.249662+02:00
NSR:StopPlace:58809,Koppang stasjon,2026-09-07T17:42:00+02:00,2026-09-07T17:42:39+02:00,2026-09-07T17:42:39+02:00,39.0,1,Trondheim S,SJN:Line:25,Rørosbanen,R60,rail,SJN:ServiceJourney:2389_47883-R,True,actual,False,,,,,2026-09-07T20:27:16.249662+02:00
NSR:StopPlace:62393,Billingstad stasjon,2026-09-07T18:43:00+02:00,2026-09-07T18:43:39+02:00,2026-09-07T18:43:39+02:00,39.0,1,Lillestrøm,VYG:Line:L1,Spikkestad-Oslo S-Lillestrøm,L1,rail,VYG:ServiceJourney:2258_443682-R,True,actual,False,,,,,2026-09-07T20:27:16.249662+02:00
NSR:StopPlace:62392,Slependen stasjon,2026-09-07T19:45:00+02:00,2026-09-07T19:45:39+02:00,2026-09-07T19:45:39+02:00,39.0,1,Lillestrøm,VYG:Line:L1,Spikkestad-Oslo S-Lillestrøm,L1,rail,VYG:ServiceJourney:2262_443690-R,True,actual,False,,,,,2026-09-07T20:27:16.249662+02:00
NSR:StopPlace:61169,Marienborg stasjon,2026-09-07T14:43:00+02:00,2026-09-07T14:43:39+02:00,2026-09-07T14:43:39+02:00,39.0,1,Østmarka via Lerkendal-Strindh.,ATB:Line:2_13,Østmarka - Strindheim - Lerkendal - Havstad,13,bus,ATB:ServiceJourney:13_251215112552683_81,True,actual,False,,,,,2026-09-07T15:44:36.205822+02:00
NSR:StopPlace:61169,Marienborg stasjon,2026-09-07T14:50:00+02:00,2026-09-07T14:50:39+02:00,2026-09-07T14:50:39+02:00,39.0,1,Melhus skysstasjon,SJN:Line:26,Trønderbanen,R70,rail,SJN:ServiceJourney:436-STK_56065-R,True,actual,False,,,,,2026-09-07T15:44:36.205822+02:00
NSR:StopPlace:58948,Stjørdal stasjon,2026-09-07T14:20:00+02:00,2026-09-07T14:20:39+02:00,2026-09-07T14:20:39+02:00,39.0,1,Melhus skysstasjon,SJN:Line:26,Trønderbanen,R70,rail,SJN:ServiceJourney:1722-STJ_55556-R,True,actual,False,,,,,2026-09-07T15:44:36.205822+02:00
NSR:StopPlace:58948,Stjørdal stasjon,2026-09-07T14:25:00+02:00,2026-09-07T14:25:39+02:00,2026-09-07T14:25:39+02:00,39.0,1,Remyra via Stokkanvegen,ATB:Line:2_91,91 StjørdalSt-Remyrv.,91,bus,ATB:ServiceJourney:91_260220075615747_44,True,actual,False,,,,,2026-09-07T15:44:36.205822+02:00
NSR:StopPlace:58834,Hokksund stasjon,2026-09-07T14:50:00+02:00,2026-09-07T14:50:39+02:00,2026-09-07T14:50:39+02:00,39.0,1,Røren - Vestfossen - Darbu,BRA:Line:4_6118,Hokksund - Røren - Darbu,118,bus,BRA:ServiceJourney:6118_260415100159031_1007,True,actual,False,,,,,2026-09-07T15:44:36.205822+02:00
NSR:StopPlace:58821,Hjerkinn stasjon,2026-09-07T15:25:00+02:00,2026-09-07T15:25:39+02:00,2026-09-07T15:25:39+02:00,39.0,1,Alvdal - Tynset,INN:Line:181,Tynset - Alvdal - Folldal,181,bus,INN:ServiceJourney:84470,True,actual,False,,,,,2026-09-07T15:44:36.205822+02:00
NSR:StopPlace:58828,Roa stasjon,2026-09-07T15:04:00+02:00,2026-09-07T15:04:39+02:00,2026-09-07T15:04:39+02:00,39.0,1,Gjøvik,VYG:Line:RE30,Oslo S-Gjøvik,RE30,rail,VYG:ServiceJourney:1219-ROA_589156-R,True,actual,False,,,,,2026-09-07T15:44:36.205822+02:00
NSR:StopPlace:62392,Slependen stasjon,2026-09-07T13:59:00+02:00,2026-09-07T13:59:39+02:00,2026-09-07T13:59:39+02:00,39.0,1,Lillestrøm,VYG:Line:L1,Spikkestad-Oslo S-Lillestrøm,L1,rail,VYG:ServiceJourney:2138_443545-R,True,actual,False,,,,,2026-09-07T15:44:36.205822+02:00
NSR:StopPlace:61315,Nerdrum stasjon,2026-09-07T07:07:00+02:00,2026-09-07T07:07:39+02:00,2026-09-07T07:07:39+02:00,39.0,1,Asker,VYG:Line:R14,Asker-Oslo S-Kongsvinger,R14,rail,VYG:ServiceJourney:1052-KVG_442956-R,True,actual,False,,,,,2026-09-07T08:42:24.659182+02:00
NSR:StopPlace:61544,Tuen stasjon,2026-09-07T07:10:00+02:00,2026-09-07T07:10:39+02:00,2026-09-07T07:10:39+02:00,39.0,1,Asker,VYG:Line:R14,Asker-Oslo S-Kongsvinger,R14,rail,VYG:ServiceJourney:1052-KVG_442956-R,True,actual,False,,,,,2026-09-07T08:42:24.659182+02:00
NSR:StopPlace:59872,Oslo S,2026-09-07T06:04:00+02:00,2026-09-07T06:04:39+02:00,2026-09-07T06:04:39+02:00,39.0,1,Kongsvinger,VYG:Line:R14,Asker-Oslo S-Kongsvinger,R14,rail,VYG:ServiceJourney:1003_442908-R,True,actual,False,,,,,2026-09-07T08:42:24.659182+02:00
NSR:StopPlace:59649,Nydalen stasjon,2026-09-07T07:13:00+02:00,2026-09-07T07:13:39+02:00,2026-09-07T07:13:39+02:00,39.0,1,Fornebu,RUT:Line:24,Fornebu vest - Brynseng T,24,bus,RUT:ServiceJourney:e94a6a641e6d666936685705a3d198a0,True,actual,False,,,,,2026-09-07T08:42:24.659182+02:00
NSR:StopPlace:59654,Stabekk stasjon,2026-09-07T07:02:00+02:00,2026-09-07T07:02:39+02:00,2026-09-07T07:02:39+02:00,39.0,1,Nationaltheatret,RUT:Line:150,Gullhaug - Nationaltheatret,150,bus,RUT:ServiceJourney:f61873e4de420741d4bddaef7a1b41f9,True,actual,False,,,,,2026-09-07T08:42:24.659182+02:00
NSR:StopPlace:59977,Trondheim S,2026-09-07T06:32:00+02:00,2026-09-07T06:32:39+02:00,2026-09-07T06:32:39+02:00,39.0,1,Støren,SJN:Line:26,Trønderbanen,R70,rail,SJN:ServiceJourney:420_56049-R,True,actual,False,,,,,2026-09-07T08:42:24.659182+02:00
NSR:StopPlace:59616,Asker stasjon,2026-09-07T06:34:00+02:00,2026-09-07T06:34:39+02:00,2026-09-07T06:34:39+02:00,39.0,1,Lillestrøm,VYG:Line:L1,Spikkestad-Oslo S-Lillestrøm,L1,rail,VYG:ServiceJourney:2210_443601-R,True,actual,False,Færre vogner,Denne avgangen kjører dessverre med 4 vogner i stedet for 8 vogner. Dette skyldes at vi mangler et togsett.,general,normal,2026-09-07T08:42:24.659182+02:00
NSR:StopPlace:58963,Jessheim stasjon,2026-09-07T06:25:00+02:00,2026-09-07T06:25:39+02:00,2026-09-07T06:25:39+02:00,39.0,1,Eidsvoll,RUT:Line:430,Eidsvoll - Jessheim,430,bus,RUT:ServiceJourney:3ee1f1c6884f923d8659cf70da6521b1,True,actual,False,,,,,2026-09-07T08:42:24.659182+02:00
NSR:StopPlace:58931,Fannrem stasjon,2026-09-07T06:37:00+02:00,2026-09-07T06:37:39+02:00,2026-09-07T06:37:39+02:00,39.0,1,Kyrksæterøra via Orkanger,ATB:Line:2_5702,Kyrksæterøra - Orkanger,5702,bus,ATB:ServiceJourney:5702_260408062949565_3,True,actual,False,,,,,2026-09-07T08:42:24.659182+02:00
NSR:StopPlace:58935,Levanger stasjon,2026-09-07T05:41:00+02:00,2026-09-07T05:41:39+02:00,2026-09-07T05:41:39+02:00,39.0,1,Lerkendal,SJN:Line:26,Trønderbanen,R70,rail,SJN:ServiceJourney:1760_56046-R,True,actual,False,,,,,2026-09-07T08:42:24.659182+02:00
NSR:StopPlace:58946,Snåsa stasjon,2026-09-07T06:40:00+02:00,2026-09-07T06:40:39+02:00,2026-09-07T06:40:39+02:00,39.0,1,Steinkjer montessoriskole,ATB:Line:2_733,Agle Snåsa - Steinkjer,733,bus,ATB:ServiceJourney:733_260106098640640_2,True,actual,False,,,,,2026-09-07T08:42:24.659182+02:00
NSR:StopPlace:58948,Stjørdal stasjon,2026-09-07T06:08:00+02:00,2026-09-07T06:08:39+02:00,2026-09-07T06:08:39+02:00,39.0,1,A Marienborg via Innherredsveien,ATB:Line:2_70,Stjørdal/Hommelvik- Trondheim,70,bus,ATB:ServiceJourney:70_251215112546907_6,True,actual,False,,,,,2026-09-07T08:42:24.659182+02:00
NSR:StopPlace:58836,Mjøndalen stasjon,2026-09-07T07:51:00+02:00,2026-09-07T07:51:39+02:00,2026-09-07T07:51:39+02:00,39.0,1,Drammen sykehus,BRA:Line:4_6001,Drammen sykehus Brakerøya - Sørensvingen / Mjøndalen,1,bus,BRA:ServiceJourney:6001_260415100161796_1038,True,actual,False,,,,,2026-09-07T08:42:24.659182+02:00
NSR:StopPlace:58839,Steinberg stasjon,2026-09-07T07:35:00+02:00,2026-09-07T07:35:39+02:00,2026-09-07T07:35:39+02:00,39.0,1,Drammen via Mjøndalen,BRA:Line:4_6101,Drammen-Vikersund/Hønefoss,101,bus,BRA:ServiceJourney:6101_260415100161272_1012,True,actual,False,,,,,2026-09-07T08:42:24.659182+02:00
NSR:StopPlace:58842,Blaker stasjon,2026-09-07T06:52:00+02:00,2026-09-07T06:52:39+02:00,2026-09-07T06:52:39+02:00,39.0,1,Asker,VYG:Line:R14,Asker-Oslo S-Kongsvinger,R14,rail,VYG:ServiceJourney:1052-KVG_442956-R,True,actual,False,,,,,2026-09-07T08:42:24.659182+02:00
NSR:StopPlace:58844,Eidsvoll stasjon,2026-09-07T06:45:00+02:00,2026-09-07T06:45:39+02:00,2026-09-07T06:45:39+02:00,39.0,1,Jessheim,RUT:Line:430,Eidsvoll - Jessheim,430,bus,RUT:ServiceJourney:3c7be7a3be62c37d8a2e1ca49f612675,True,actual,False,,,,,2026-09-07T08:42:24.659182+02:00
NSR:StopPlace:58847,Frogner stasjon,2026-09-07T07:23:00+02:00,2026-09-07T07:23:39+02:00,2026-09-07T07:23:39+02:00,39.0,1,Drammen,VYG:Line:R13,Drammen-Oslo S-Dal,R13,rail,VYG:ServiceJourney:1610_443230-R,True,actual,False,,,,,2026-09-07T08:42:24.659182+02:00
NSR:StopPlace:58849,Hakadal stasjon,2026-09-07T07:35:00+02:00,2026-09-07T07:35:39+02:00,2026-09-07T07:35:39+02:00,39.0,1,Kongskog,RUT:Line:390,Kongskog/Hellerudhaugen - Oslo bussterminal,390,bus,RUT:ServiceJourney:ae110dd467a96c97adf94910bac36ca6,True,actual,False,,,,,2026-09-07T08:42:24.659182+02:00
NSR:StopPlace:58852,Høn stasjon,2026-09-07T08:36:00+02:00,2026-09-07T08:36:39+02:00,2026-09-07T08:36:39+02:00,39.0,1,Lillestrøm,VYG:Line:L1,Spikkestad-Oslo S-Lillestrøm,L1,rail,VYG:ServiceJourney:2218_443613-R,True,actual,False,,,,,2026-09-07T08:42:24.659182+02:00
NSR:StopPlace:58857,Lørenskog stasjon,2026-09-07T06:58:00+02:00,2026-09-07T06:58:39+02:00,2026-09-07T06:58:39+02:00,39.0,1,Stovner,RUT:Line:120,Nesåsen - Stovner,120,bus,RUT:ServiceJourney:211e62d21f04a2348419e571fc43787b,True,actual,False,,,,,2026-09-07T08:42:24.659182+02:00
NSR:StopPlace:58865,Vestby stasjon,2026-09-07T08:20:00+02:00,2026-09-07T08:20:39+02:00,2026-09-07T08:20:39+02:00,39.0,1,Sonsveien st.,RUT:Line:540,Moss - Son - Vestby stasjon,540,bus,RUT:ServiceJourney:7b2795b120feaca32161901eee4baf8c,True,actual,False,,,,,2026-09-07T08:42:24.659182+02:00
NSR:StopPlace:58861,Solbråtan stasjon,2026-09-07T06:00:00+02:00,2026-09-07T06:00:39+02:00,2026-09-07T06:00:39+02:00,39.0,1,Bjørvika,RUT:Line:83,Jernbanetorget - Tårnåsen,83,bus,RUT:ServiceJourney:2be44fe8a595eae33fffdbb176d50908,True,actual,False,Linje 80E og 83 får Hausmanns bru som ny endeholdeplass fra 29. juni,"Bussene stopper ikke på Jernbanetorget etter 29. juni, men starter og stopper på Hausmanns bru i Nylandsveien.",incident,normal,2026-09-07T08:42:24.659182+02:00
NSR:StopPlace:58874,Stokke stasjon,2026-09-07T05:43:00+02:00,2026-09-07T05:43:39+02:00,2026-09-07T05:43:39+02:00,39.0,1,Tønsberg,VYG:Line:RE11,Eidsvoll-Oslo S-Skien,RE11,rail,VYG:ServiceJourney:872_444432-R,True,actual,False,,,,,2026-09-07T08:42:24.659182+02:00
NSR:StopPlace:58886,Arendal stasjon,2026-09-07T07:32:00+02:00,2026-09-07T07:32:39+02:00,2026-09-07T07:32:39+02:00,39.0,1,Eydehavn,AKT:Line:101,Eydehavn-Arendal-Grimstad N/S,101,bus,AKT:ServiceJourney:71849_62_90_47400_52080_40001426,True,actual,False,,,,,2026-09-07T08:42:24.659182+02:00
NSR:StopPlace:58884,Skien stasjon,2026-09-07T07:35:00+02:00,2026-09-07T07:35:39+02:00,2026-09-07T07:35:39+02:00,39.0,1,Skogmo,TEL:Line:8818,Siljan-Skogmo,S18,bus,TEL:ServiceJourney:125873,True,actual,False,,,,,2026-09-07T08:42:24.659182+02:00
NSR:StopPlace:58890,Nelaug stasjon,2026-09-07T07:00:00+02:00,2026-09-07T07:00:39+02:00,2026-09-07T07:00:39+02:00,39.0,1,Arendal,GOA:Line:53,Sørtoget lokal,R50,rail,GOA:ServiceJourney:2063_63016-R,True,actual,False,,,,,2026-09-07T08:42:24.659182+02:00
NSR:StopPlace:206,Mariero stasjon,2026-09-07T08:09:00+02:00,2026-09-07T08:09:39+02:00,2026-09-07T08:09:39+02:00,39.0,1,Stavanger,GOA:Line:59,Jærbanen,L5,rail,GOA:ServiceJourney:3113_63158-R,True,actual,False,,,,,2026-09-07T08:42:24.659182+02:00
NSR:StopPlace:58856,Lysaker stasjon,2026-09-07T02:36:00+02:00,2026-09-07T02:36:39+02:00,2026-09-07T02:36:39+02:00,39.0,1,Grorud T,RUT:Line:31,Snarøya - Fornebu - Tonsenhagen - Grorud,31,bus,RUT:ServiceJourney:94a2b6922eaed4a9b0a1fe3b711e0a95,True,actual,False,,,,,2026-09-07T03:30:22.110925+02:00
NSR:StopPlace:59650,Nyland stasjon,2026-09-07T22:22:00+02:00,2026-09-07T22:22:38+02:00,2026-09-07T22:22:38+02:00,38.0,1,Oslo lufthavn,NBU:Line:cb7b555c-f96e-42d5-84bf-a5e08c0145c2,Radiumhospitalet via Økern-Storo-Tåsen,FB3,bus,NBU:ServiceJourney:ea0920bb-8861-4232-9ec0-137632c2da9b,True,actual,False,,,,,2026-09-08T00:20:52.129880+02:00
NSR:StopPlace:58795,Kambo stasjon,2026-09-07T23:00:00+02:00,2026-09-07T23:00:38+02:00,2026-09-07T23:00:38+02:00,38.0,1,Stabekk,VYG:Line:R21,Stabekk-Oslo S-Moss,R21,rail,VYG:ServiceJourney:1176-MOS_443075-R,True,actual,False,,,,,2026-09-08T00:20:52.129880+02:00
NSR:StopPlace:58865,Vestby stasjon,2026-09-08T00:15:00+02:00,2026-09-08T00:15:38+02:00,2026-09-08T00:15:38+02:00,38.0,1,Moss,VYG:Line:R21,Stabekk-Oslo S-Moss,R21,rail,VYG:ServiceJourney:1175-HVK_443074-R,True,actual,False,,,,,2026-09-08T00:20:52.129880+02:00
NSR:StopPlace:58869,Ås stasjon,2026-09-07T22:15:00+02:00,2026-09-07T22:15:38+02:00,2026-09-07T22:15:38+02:00,38.0,1,Stabekk,VYG:Line:R21,Stabekk-Oslo S-Moss,R21,rail,VYG:ServiceJourney:1172-MOS_443069-R,True,actual,False,,,,,2026-09-08T00:20:52.129880+02:00
NSR:StopPlace:58826,Reinsvoll stasjon,2026-09-07T22:50:00+02:00,2026-09-07T22:50:38+02:00,2026-09-07T22:50:38+02:00,38.0,1,Lena,INN:Line:47,Lena-Kapp-Gjøvik-Raufoss-Lena,B47,bus,INN:ServiceJourney:76610,True,actual,False,,,,,2026-09-08T00:20:52.129880+02:00
NSR:StopPlace:461,Lundamo stasjon,2026-09-07T21:35:00+02:00,2026-09-07T21:35:38+02:00,2026-09-07T21:35:38+02:00,38.0,1,Steinkjer,SJN:Line:26,Trønderbanen,R70,rail,SJN:ServiceJourney:455_56084-R,True,actual,False,,,,,2026-09-08T00:20:52.129880+02:00
NSR:StopPlace:610,Sandvika stasjon,2026-09-07T22:18:00+02:00,2026-09-07T22:18:38+02:00,2026-09-07T22:18:38+02:00,38.0,1,Lillestrøm,VYG:Line:L1,Spikkestad-Oslo S-Lillestrøm,L1,rail,VYG:ServiceJourney:2272_465117-R,True,actual,False,,,,,2026-09-08T00:20:52.129880+02:00
NSR:StopPlace:62393,Billingstad stasjon,2026-09-07T23:27:00+02:00,2026-09-07T23:27:38+02:00,2026-09-07T23:27:38+02:00,38.0,1,Lillestrøm,VYG:Line:L1,Spikkestad-Oslo S-Lillestrøm,L1,rail,VYG:ServiceJourney:2176_443587-R,True,actual,False,,,,,2026-09-08T00:20:52.129880+02:00
NSR:StopPlace:61169,Marienborg stasjon,2026-09-07T18:08:00+02:00,2026-09-07T18:08:38+02:00,2026-09-07T18:08:38+02:00,38.0,1,Steinkjer,SJN:Line:26,Trønderbanen,R70,rail,SJN:ServiceJourney:447_56076-R,True,actual,False,,,,,2026-09-07T20:27:16.249662+02:00
NSR:StopPlace:61466,Vakås stasjon,2026-09-07T18:38:00+02:00,2026-09-07T18:38:38+02:00,2026-09-07T18:38:38+02:00,38.0,1,Lillestrøm,VYG:Line:L1,Spikkestad-Oslo S-Lillestrøm,L1,rail,VYG:ServiceJourney:2258_443682-R,True,actual,False,,,,,2026-09-07T20:27:16.249662+02:00
NSR:StopPlace:61463,Nordstrand stasjon,2026-09-07T18:52:00+02:00,2026-09-07T18:52:38+02:00,2026-09-07T18:52:38+02:00,38.0,1,Oslo S,VYG:Line:L2,Stabekk-Oslo S-Ski,L2,rail,VYG:ServiceJourney:2858_444098-R,True,actual,False,,,,,2026-09-07T20:27:16.249662+02:00
NSR:StopPlace:61897,Bryn stasjon,2026-09-07T18:35:00+02:00,2026-09-07T18:35:38+02:00,2026-09-07T18:35:38+02:00,38.0,1,Spikkestad,VYG:Line:L1,Spikkestad-Oslo S-Lillestrøm,L1,rail,VYG:ServiceJourney:2255_443677-R,True,actual,False,,,,,2026-09-07T20:27:16.249662+02:00
NSR:StopPlace:59646,Høvik stasjon,2026-09-07T18:40:00+02:00,2026-09-07T18:40:38+02:00,2026-09-07T18:40:38+02:00,38.0,1,Asker,RUT:Line:270,Asker - Sandvika (- Fornebu),270,bus,RUT:ServiceJourney:7220f7b638456ecc12684a53d6c8cc2e,True,actual,False,,,,,2026-09-07T20:27:16.249662+02:00
NSR:StopPlace:59648,Kjelsås stasjon,2026-09-07T17:24:00+02:00,2026-09-07T17:24:38+02:00,2026-09-07T17:24:38+02:00,38.0,1,Kværnerbyen,RUT:Line:54,Kværnerbyen - Kjelsås stasjon,54,bus,RUT:ServiceJourney:ffd9edd3f6aeebc4d76808724a4e1ef8,True,actual,False,,,,,2026-09-07T20:27:16.249662+02:00
NSR:StopPlace:59650,Nyland stasjon,2026-09-07T18:05:00+02:00,2026-09-07T18:05:38+02:00,2026-09-07T18:05:38+02:00,38.0,1,Olavsgaard,RUT:Line:345,Vestvollen - Økern,345,bus,RUT:ServiceJourney:d50eab13adcdf033e9362bc0238302c0,True,actual,False,,,,,2026-09-07T20:27:16.249662+02:00
NSR:StopPlace:60944,Ski stasjon,2026-09-07T17:09:00+02:00,2026-09-07T17:09:38+02:00,2026-09-07T17:09:38+02:00,38.0,1,Stabekk,VYG:Line:L2,Stabekk-Oslo S-Ski,L2,rail,VYG:ServiceJourney:2754-SKI_443965-R,True,actual,False,,,,,2026-09-07T20:27:16.249662+02:00
NSR:StopPlace:60045,Hamar stasjon,2026-09-07T18:15:00+02:00,2026-09-07T18:15:38+02:00,2026-09-07T18:15:38+02:00,38.0,1,Røros,SJN:Line:25,Rørosbanen,R60,rail,SJN:ServiceJourney:2391_54213-R,True,actual,False,,,,,2026-09-07T20:27:16.249662+02:00
NSR:StopPlace:59261,Trondheim lufthavn,2026-09-07T18:01:00+02:00,2026-09-07T18:01:38+02:00,2026-09-07T18:01:38+02:00,38.0,1,Marienborg via Brattøra,ATB:Line:2_70,Stjørdal/Hommelvik- Trondheim,70,bus,ATB:ServiceJourney:70_251215112547002_82,True,actual,False,,,,,2026-09-07T20:27:16.249662+02:00
NSR:StopPlace:58947,Steinkjer stasjon,2026-09-07T18:37:00+02:00,2026-09-07T18:37:38+02:00,2026-09-07T18:37:38+02:00,38.0,1,Lundamo,SJN:Line:26,Trønderbanen,R70,rail,SJN:ServiceJourney:448_56077-R,True,actual,False,,,,,2026-09-07T20:27:16.249662+02:00
NSR:StopPlace:58948,Stjørdal stasjon,2026-09-07T18:54:00+02:00,2026-09-07T18:54:38+02:00,2026-09-07T18:54:38+02:00,38.0,1,Marienborg via Brattøra,ATB:Line:2_70,Stjørdal/Hommelvik- Trondheim,70,bus,ATB:ServiceJourney:70_251215112547003_88,True,actual,False,,,,,2026-09-07T20:27:16.249662+02:00
NSR:StopPlace:58948,Stjørdal stasjon,2026-09-07T20:00:00+02:00,2026-09-07T20:00:38+02:00,2026-09-07T20:00:38+02:00,38.0,1,Steinkjer,SJN:Line:26,Trønderbanen,R70,rail,SJN:ServiceJourney:449_56078-R,True,actual,False,,,,,2026-09-07T20:27:16.249662+02:00
NSR:StopPlace:58835,Lier stasjon,2026-09-07T20:17:00+02:00,2026-09-07T20:17:38+02:00,2026-09-07T20:17:38+02:00,38.0,1,Drammen,VYG:Line:R13,Drammen-Oslo S-Dal,R13,rail,VYG:ServiceJourney:1658_443339-R,True,actual,False,,,,,2026-09-07T20:27:16.249662+02:00
NSR:StopPlace:58843,Blommenholm stasjon,2026-09-07T20:04:00+02:00,2026-09-07T20:04:38+02:00,2026-09-07T20:04:38+02:00,38.0,1,Lillestrøm,VYG:Line:L1,Spikkestad-Oslo S-Lillestrøm,L1,rail,VYG:ServiceJourney:2162_443572-R,True,actual,False,,,,,2026-09-07T20:27:16.249662+02:00
NSR:StopPlace:58859,Nordby stasjon,2026-09-07T19:03:00+02:00,2026-09-07T19:03:38+02:00,2026-09-07T19:03:38+02:00,38.0,1,Drammen,VYG:Line:R13,Drammen-Oslo S-Dal,R13,rail,VYG:ServiceJourney:1658_443339-R,True,actual,False,,,,,2026-09-07T20:27:16.249662+02:00
NSR:StopPlace:58865,Vestby stasjon,2026-09-07T17:50:00+02:00,2026-09-07T17:50:38+02:00,2026-09-07T17:50:38+02:00,38.0,1,Grønberg,RUT:Line:530,Pepperstad - Vestby stasjon,530,bus,RUT:ServiceJourney:9e1c7e3e5e915a38957e59c35ecad70a,True,actual,False,,,,,2026-09-07T20:27:16.249662+02:00
NSR:StopPlace:58865,Vestby stasjon,2026-09-07T19:20:00+02:00,2026-09-07T19:20:38+02:00,2026-09-07T19:20:38+02:00,38.0,1,Randem,RUT:Line:533,Randem - Vestby stasjon,533,bus,RUT:ServiceJourney:adc2ad02aaacacdc818db254dae4ad82,True,actual,False,,,,,2026-09-07T20:27:16.249662+02:00
NSR:StopPlace:58862,Strømmen stasjon,2026-09-07T19:36:00+02:00,2026-09-07T19:36:38+02:00,2026-09-07T19:36:38+02:00,38.0,1,Nittedal,RUT:Line:385,Nittedal stasjon - Olavsgaard - Ahus,385,bus,RUT:ServiceJourney:4cdfbe851a246e57d67cdddb3f395aaa,True,actual,False,,,,,2026-09-07T20:27:16.249662+02:00
NSR:StopPlace:584,Bulken stasjon,2026-09-07T18:42:00+02:00,2026-09-07T18:42:38+02:00,2026-09-07T18:42:38+02:00,38.0,1,Voss,VYG:Line:R40,Bergen-Voss-Myrdal-Ål,R40,rail,VYG:ServiceJourney:1826_457479-R,True,actual,False,,,,,2026-09-07T20:27:16.249662+02:00
NSR:StopPlace:58954,Fauske stasjon,2026-09-07T14:50:00+02:00,2026-09-07T14:50:38+02:00,2026-09-07T14:50:38+02:00,38.0,1,Oppeid,NOR:Line:12_8100,Bodø - Fauske - Narvik/Sortland,100,bus,NOR:ServiceJourney:8100_260126119349442_1019,True,actual,False,,,,,2026-09-07T15:44:36.205822+02:00
NSR:StopPlace:58794,Fredrikstad stasjon,2026-09-07T13:13:00+02:00,2026-09-07T13:13:38+02:00,2026-09-07T13:13:38+02:00,38.0,1,Göteborg C,VYG:Line:RE20,Oslo S-Halden-Göteborg (X-Border),RE20,rail,VYG:ServiceJourney:115-389_448305-R,True,actual,False,,,,,2026-09-07T15:44:36.205822+02:00
NSR:StopPlace:58865,Vestby stasjon,2026-09-07T14:50:00+02:00,2026-09-07T14:50:38+02:00,2026-09-07T14:50:38+02:00,38.0,1,Grønberg,RUT:Line:530,Pepperstad - Vestby stasjon,530,bus,RUT:ServiceJourney:24c31c90ac4e88e46c975c8f6b305b54,True,actual,False,,,,,2026-09-07T15:44:36.205822+02:00
NSR:StopPlace:58870,Holmestrand stasjon,2026-09-07T14:45:00+02:00,2026-09-07T14:45:38+02:00,2026-09-07T14:45:38+02:00,38.0,1,Horten-Tønsberg,VKT:Line:2,Tjøme-Tønsberg-Horten-Holmestr,2,bus,VKT:ServiceJourney:15845,True,actual,False,Forsinkelser Linje 2 og 411 | Kjører ikke Storgata i Horten,Pga. veiarbeid i Horten sentrum vil det kunne oppstå forsinkelser på busser i tidsrommet 3.-11. september.  | 7.-9. september: Bussene vil ikke kjøre Storgata. Benytt holdeplassene Peders gate eller Horten rb.st. Se vkt.no/avvik Det vil oppstå forsinkelser. ,incident | general,normal | normal,2026-09-07T15:44:36.205822+02:00
NSR:StopPlace:58884,Skien stasjon,2026-09-07T15:06:00+02:00,2026-09-07T15:06:38+02:00,2026-09-07T15:06:38+02:00,38.0,1,Skjelsvik via Klyve,TEL:Line:8043,Skien-Klyve-Skjelsvik,M3,bus,TEL:ServiceJourney:127185,True,actual,False,,,,,2026-09-07T15:44:36.205822+02:00
NSR:StopPlace:58811,Moelv stasjon,2026-09-07T15:30:00+02:00,2026-09-07T15:30:38+02:00,2026-09-07T15:30:38+02:00,38.0,1,Rudshøgda - Brumunddal,INN:Line:615,Brumunddal-Rudshøgda-Moelv,615,bus,INN:ServiceJourney:83115,True,actual,False,,,,,2026-09-07T15:44:36.205822+02:00
NSR:StopPlace:58826,Reinsvoll stasjon,2026-09-07T13:50:00+02:00,2026-09-07T13:50:38+02:00,2026-09-07T13:50:38+02:00,38.0,1,Roa,VYG:Line:RE30,Oslo S-Gjøvik,RE30,rail,VYG:ServiceJourney:1220-GJOe_589159-R,True,actual,False,,,,,2026-09-07T15:44:36.205822+02:00
NSR:StopPlace:61466,Vakås stasjon,2026-09-07T05:08:00+02:00,2026-09-07T05:08:38+02:00,2026-09-07T05:08:38+02:00,38.0,1,Lillestrøm,VYG:Line:L1,Spikkestad-Oslo S-Lillestrøm,L1,rail,VYG:ServiceJourney:2204_443592-R,True,actual,False,,,,,2026-09-07T08:42:24.659182+02:00
NSR:StopPlace:61463,Nordstrand stasjon,2026-09-07T07:52:00+02:00,2026-09-07T07:52:38+02:00,2026-09-07T07:52:38+02:00,38.0,1,Ski,VYG:Line:L2,Stabekk-Oslo S-Ski,L2,rail,VYG:ServiceJourney:2711-HVK_443917-R,True,actual,False,Færre vogner,Denne avgangen kjører dessverre med 3 vogner i stedet for 6 vogner. Dette skyldes at vi mangler et togsett.,general,normal,2026-09-07T08:42:24.659182+02:00
NSR:StopPlace:41,Hanaborg stasjon,2026-09-07T08:04:00+02:00,2026-09-07T08:04:38+02:00,2026-09-07T08:04:38+02:00,38.0,1,Asker,VYG:Line:L1,Spikkestad-Oslo S-Lillestrøm,L1,rail,VYG:ServiceJourney:2113_443518-R,True,actual,False,Færre vogner,Denne avgangen kjører dessverre med 4 vogner i stedet for 8 vogner. Dette skyldes at vi mangler et togsett.,general,normal,2026-09-07T08:42:24.659182+02:00
NSR:StopPlace:59648,Kjelsås stasjon,2026-09-07T07:15:00+02:00,2026-09-07T07:15:38+02:00,2026-09-07T07:15:38+02:00,38.0,1,Kværnerbyen,RUT:Line:54,Kværnerbyen - Kjelsås stasjon,54,bus,RUT:ServiceJourney:1c9415b0c7b5b64861089d9ddb1e92bc,True,actual,False,,,,,2026-09-07T08:42:24.659182+02:00
NSR:StopPlace:59642,Rånåsfoss stasjon,2026-09-07T06:38:00+02:00,2026-09-07T06:38:38+02:00,2026-09-07T06:38:38+02:00,38.0,1,Kongsvinger,VYG:Line:R14,Asker-Oslo S-Kongsvinger,R14,rail,VYG:ServiceJourney:1003_442908-R,True,actual,False,,,,,2026-09-07T08:42:24.659182+02:00
NSR:StopPlace:60736,Spikkestad stasjon,2026-09-07T05:46:00+02:00,2026-09-07T05:46:38+02:00,2026-09-07T05:46:38+02:00,38.0,1,Lillestrøm,VYG:Line:L1,Spikkestad-Oslo S-Lillestrøm,L1,rail,VYG:ServiceJourney:2208_764738-R,True,actual,False,Færre vogner,Denne avgangen kjører dessverre med 4 vogner i stedet for 8 vogner. Dette skyldes at vi mangler et togsett.,general,normal,2026-09-07T08:42:24.659182+02:00
NSR:StopPlace:59958,Voss stasjon,2026-09-07T07:55:00+02:00,2026-09-07T07:55:38+02:00,2026-09-07T07:55:38+02:00,38.0,1,Bu,SKY:Line:990,Odda-Kinsarvik-Bu-Granvin-Voss,990,bus,SKY:ServiceJourney:990-205165-20962044,True,actual,False,,,,,2026-09-07T08:42:24.659182+02:00
NSR:StopPlace:58963,Jessheim stasjon,2026-09-07T06:28:00+02:00,2026-09-07T06:28:38+02:00,2026-09-07T06:28:38+02:00,38.0,1,Fenstad,RUT:Line:440,Fenstad/Nordkisa - Oslo lufthavn,440,bus,RUT:ServiceJourney:e260d1d058c638a28948ba7a3068d045,True,actual,False,,,,,2026-09-07T08:42:24.659182+02:00
NSR:StopPlace:58964,Kløfta stasjon,2026-09-07T08:03:00+02:00,2026-09-07T08:03:38+02:00,2026-09-07T08:03:38+02:00,38.0,1,Oslo lufthavn,RUT:Line:425,Kløfta – Oslo lufthavn,425,bus,RUT:ServiceJourney:a2036c54e0c700c10ae3890d8dfa4ad7,True,actual,False,,,,,2026-09-07T08:42:24.659182+02:00
NSR:StopPlace:58925,Gausel stasjon,2026-09-07T05:56:00+02:00,2026-09-07T05:56:38+02:00,2026-09-07T05:56:38+02:00,38.0,1,Stavanger,GOA:Line:59,Jærbanen,L5,rail,GOA:ServiceJourney:3105_63150-R,True,actual,False,,,,,2026-09-07T08:42:24.659182+02:00
NSR:StopPlace:58935,Levanger stasjon,2026-09-07T07:20:00+02:00,2026-09-07T07:20:38+02:00,2026-09-07T07:20:38+02:00,38.0,1,Verdal stasjon,ATB:Line:2_635,Verdal - Levanger (- Frosta),635,bus,ATB:ServiceJourney:635_260106098642284_14,True,actual,False,,,,,2026-09-07T08:42:24.659182+02:00
NSR:StopPlace:58936,Skatval stasjon,2026-09-07T06:17:00+02:00,2026-09-07T06:17:38+02:00,2026-09-07T06:17:38+02:00,38.0,1,Lerkendal,SJN:Line:26,Trønderbanen,R70,rail,SJN:ServiceJourney:1760_56046-R,True,actual,False,,,,,2026-09-07T08:42:24.659182+02:00
NSR:StopPlace:58946,Snåsa stasjon,2026-09-07T07:35:00+02:00,2026-09-07T07:35:38+02:00,2026-09-07T07:35:38+02:00,38.0,1,Agle øst,ATB:Line:2_7327,Agle - Snåsa,7327,bus,ATB:ServiceJourney:7327_260106098642366_3,True,actual,False,,,,,2026-09-07T08:42:24.659182+02:00
NSR:StopPlace:58948,Stjørdal stasjon,2026-09-07T06:29:00+02:00,2026-09-07T06:29:38+02:00,2026-09-07T06:29:38+02:00,38.0,1,A Marienborg via Innherredsveien,ATB:Line:2_70,Stjørdal/Hommelvik- Trondheim,70,bus,ATB:ServiceJourney:70_251215112546908_10,True,actual,False,,,,,2026-09-07T08:42:24.659182+02:00
NSR:StopPlace:58798,Rakkestad stasjon,2026-09-07T05:33:00+02:00,2026-09-07T05:33:38+02:00,2026-09-07T05:33:38+02:00,38.0,1,Oslo S,VYG:Line:R22,Skøyen-Oslo S-Mysen-Rakkestad,R22,rail,VYG:ServiceJourney:1906_443441-R,True,actual,False,,,,,2026-09-07T08:42:24.659182+02:00
NSR:StopPlace:58795,Kambo stasjon,2026-09-07T06:00:00+02:00,2026-09-07T06:00:38+02:00,2026-09-07T06:00:38+02:00,38.0,1,Stabekk,VYG:Line:R21,Stabekk-Oslo S-Moss,R21,rail,VYG:ServiceJourney:1108-MOS_442979-R,True,actual,False,,,,,2026-09-07T08:42:24.659182+02:00
NSR:StopPlace:58836,Mjøndalen stasjon,2026-09-07T06:57:00+02:00,2026-09-07T06:57:38+02:00,2026-09-07T06:57:38+02:00,38.0,1,Åsen,BRA:Line:4_6053,Mjøndalen - Åsen,53,bus,BRA:ServiceJourney:6053_260415100160461_1005,True,actual,False,,,,,2026-09-07T08:42:24.659182+02:00
NSR:StopPlace:58836,Mjøndalen stasjon,2026-09-07T07:24:00+02:00,2026-09-07T07:24:38+02:00,2026-09-07T07:24:38+02:00,38.0,1,Drammen via Gulskogen,BRA:Line:4_6052,Drammen - Mjøndalen,52,bus,BRA:ServiceJourney:6052_260415100161096_1006,True,actual,False,,,,,2026-09-07T08:42:24.659182+02:00
NSR:StopPlace:58856,Lysaker stasjon,2026-09-07T06:06:00+02:00,2026-09-07T06:06:38+02:00,2026-09-07T06:06:38+02:00,38.0,1,Oslo Lufthavn,FLT:Line:FLY1,FLY1,FLY1,rail,FLT:ServiceJourney:1-2614-3711-20260907,True,actual,False,,,,,2026-09-07T08:42:24.659182+02:00
NSR:StopPlace:58857,Lørenskog stasjon,2026-09-07T07:21:00+02:00,2026-09-07T07:21:38+02:00,2026-09-07T07:21:38+02:00,38.0,1,Spikkestad,VYG:Line:L1,Spikkestad-Oslo S-Lillestrøm,L1,rail,VYG:ServiceJourney:2211_443602-R,True,actual,False,,,,,2026-09-07T08:42:24.659182+02:00
NSR:StopPlace:58851,Heggedal stasjon,2026-09-07T06:59:00+02:00,2026-09-07T06:59:38+02:00,2026-09-07T06:59:38+02:00,38.0,1,Asker,RUT:Line:280,Asker - Dikemark - Heggedal,280,bus,RUT:ServiceJourney:a26440869c42ff801a4a0c898516edac,True,actual,False,,,,,2026-09-07T08:42:24.659182+02:00
NSR:StopPlace:58864,Sørumsand stasjon,2026-09-07T06:21:00+02:00,2026-09-07T06:21:38+02:00,2026-09-07T06:21:38+02:00,38.0,1,Skedsmokorset,RUT:Line:365,Sørumsand - Frogner - Skedsmokorset,365,bus,RUT:ServiceJourney:ec58ef150c6710ec55e3fa30595c1968,True,actual,False,,,,,2026-09-07T08:42:24.659182+02:00
NSR:StopPlace:58864,Sørumsand stasjon,2026-09-07T07:51:00+02:00,2026-09-07T07:51:38+02:00,2026-09-07T07:51:38+02:00,38.0,1,Skedsmokorset,RUT:Line:365,Sørumsand - Frogner - Skedsmokorset,365,bus,RUT:ServiceJourney:e25a8d83e407ef8c4a69dfa7c2956dca,True,actual,False,,,,,2026-09-07T08:42:24.659182+02:00
NSR:StopPlace:58868,Årnes stasjon,2026-09-07T08:04:00+02:00,2026-09-07T08:04:38+02:00,2026-09-07T08:04:38+02:00,38.0,1,Oslo lufthavn,RUT:Line:450,Årnes - Oslo lufthavn,450,bus,RUT:ServiceJourney:7ed5af32e6db2232ee8ea3b6344388ec,True,actual,False,,,,,2026-09-07T08:42:24.659182+02:00
NSR:StopPlace:58869,Ås stasjon,2026-09-07T07:31:00+02:00,2026-09-07T07:31:38+02:00,2026-09-07T07:31:38+02:00,38.0,1,Oslo S,VYG:Line:R23x,Stabekk-Oslo S-Moss,R23x,rail,VYG:ServiceJourney:1510-MOS_443153-R,True,actual,False,,,,,2026-09-07T08:42:24.659182+02:00
NSR:StopPlace:58861,Solbråtan stasjon,2026-09-07T06:08:00+02:00,2026-09-07T06:08:38+02:00,2026-09-07T06:08:38+02:00,38.0,1,Lysaker,VYG:Line:L2,Stabekk-Oslo S-Ski,L2,rail,VYG:ServiceJourney:2808-SKI_444019-R,True,actual,False,,,,,2026-09-07T08:42:24.659182+02:00
NSR:StopPlace:58862,Strømmen stasjon,2026-09-07T07:15:00+02:00,2026-09-07T07:15:38+02:00,2026-09-07T07:15:38+02:00,38.0,1,Spikkestad,VYG:Line:L1,Spikkestad-Oslo S-Lillestrøm,L1,rail,VYG:ServiceJourney:2211_443602-R,True,actual,False,,,,,2026-09-07T08:42:24.659182+02:00
NSR:StopPlace:58873,Skoppum stasjon,2026-09-07T06:49:00+02:00,2026-09-07T06:49:38+02:00,2026-09-07T06:49:38+02:00,38.0,1,Skien,VYG:Line:RE11,Eidsvoll-Oslo S-Skien,RE11,rail,VYG:ServiceJourney:300-803-HHS_658721-R,True,actual,False,,,,,2026-09-07T08:42:24.659182+02:00
NSR:StopPlace:58893,Grovane stasjon,2026-09-07T06:50:00+02:00,2026-09-07T06:50:38+02:00,2026-09-07T06:50:38+02:00,38.0,1,Kristiansand via Moseidmoen - Mosby,AKT:Line:30,Kvadraturen - Mosby - Vennesl,30,bus,AKT:ServiceJourney:79446_72_48_49200_52080_40001545,True,actual,False,,,,,2026-09-07T08:42:24.659182+02:00
NSR:StopPlace:58811,Moelv stasjon,2026-09-07T06:55:00+02:00,2026-09-07T06:55:38+02:00,2026-09-07T06:55:38+02:00,38.0,1,Lillehammer,INN:Line:600,Moelv - Lillehammer,600,bus,INN:ServiceJourney:82437,True,actual,False,,,,,2026-09-07T08:42:24.659182+02:00
NSR:StopPlace:393,Leangen stasjon,2026-09-07T08:23:00+02:00,2026-09-07T08:23:38+02:00,2026-09-07T08:23:38+02:00,38.0,1,Steinkjer,SJN:Line:26,Trønderbanen,R70,rail,SJN:ServiceJourney:427_56056-R,True,actual,False,,,,,2026-09-07T08:42:24.659182+02:00
NSR:StopPlace:62339,Lillestrøm stasjon,2026-09-07T06:55:00+02:00,2026-09-07T06:55:38+02:00,2026-09-07T06:55:38+02:00,38.0,1,Asker,VYG:Line:L1,Spikkestad-Oslo S-Lillestrøm,L1,rail,VYG:ServiceJourney:2109_443513-R,True,actual,False,Heis i spor 1 og 2 er ute av bruk på grunn av vedlikehold.,Heis i spor 1 og 2 er ute av bruk på grunn av vedlikehold.,general,normal,2026-09-07T08:42:24.659182+02:00
NSR:StopPlace:62393,Billingstad stasjon,2026-09-07T07:57:00+02:00,2026-09-07T07:57:38+02:00,2026-09-07T07:57:38+02:00,38.0,1,Lillestrøm,VYG:Line:L1,Spikkestad-Oslo S-Lillestrøm,L1,rail,VYG:ServiceJourney:2114_443519-R,True,actual,False,,,,,2026-09-07T08:42:24.659182+02:00
NSR:StopPlace:59648,Kjelsås stasjon,2026-09-07T03:18:00+02:00,2026-09-07T03:18:38+02:00,2026-09-07T03:18:38+02:00,38.0,1,Jernbanetorget,RUT:Line:3911,Majorstuen - Kjelsås,11N,bus,RUT:ServiceJourney:b717a8053e797b6b07113346f462a0fb,True,actual,False,,,,,2026-09-07T03:30:22.110925+02:00
NSR:StopPlace:61464,Hvalstad stasjon,2026-09-07T21:54:00+02:00,2026-09-07T21:54:37+02:00,2026-09-07T21:54:37+02:00,37.0,1,Lillestrøm,VYG:Line:L1,Spikkestad-Oslo S-Lillestrøm,L1,rail,VYG:ServiceJourney:2170_443581-R,True,actual,False,,,,,2026-09-08T00:20:52.129880+02:00
NSR:StopPlace:61326,Gulskogen stasjon,2026-09-07T23:49:00+02:00,2026-09-07T23:49:37+02:00,2026-09-07T23:49:37+02:00,37.0,1,Kongsberg,VYG:Line:R12,Kongsberg-Oslo S-Eidsvoll,R12,rail,VYG:ServiceJourney:537_444347-R,True,actual,False,,,,,2026-09-08T00:20:52.129880+02:00
NSR:StopPlace:59654,Stabekk stasjon,2026-09-07T22:56:00+02:00,2026-09-07T22:56:37+02:00,2026-09-07T22:56:37+02:00,37.0,1,Lillestrøm,VYG:Line:L1,Spikkestad-Oslo S-Lillestrøm,L1,rail,VYG:ServiceJourney:2274_443709-R,True,actual,False,,,,,2026-09-08T00:20:52.129880+02:00
NSR:StopPlace:60049,Hønefoss stasjon,2026-09-07T22:26:00+02:00,2026-09-07T22:26:37+02:00,2026-09-07T22:26:37+02:00,37.0,1,Oslo S,VYG:Line:F4,Oslo S-Bergen,F4,rail,VYG:ServiceJourney:66-BRG_513626-R,True,actual,False,,,,,2026-09-08T00:20:52.129880+02:00
NSR:StopPlace:60047,Melhus skysstasjon,2026-09-07T22:26:00+02:00,2026-09-07T22:26:37+02:00,2026-09-07T22:26:37+02:00,37.0,1,Dora via E6 - City Syd E6,ATB:Line:2_71,MelhusSkyss-Trondheim,71,bus,ATB:ServiceJourney:71_251215112545863_112,True,actual,False,,,,,2026-09-08T00:20:52.129880+02:00
NSR:StopPlace:58924,Bryne stasjon,2026-09-07T23:32:00+02:00,2026-09-07T23:32:37+02:00,2026-09-07T23:32:37+02:00,37.0,1,Sandnes via Kleppekrossen,KOL:Line:8_2019,52,52,bus,KOL:ServiceJourney:2019_260728141810027_4013,True,actual,False,,,,,2026-09-08T00:20:52.129880+02:00
NSR:StopPlace:58926,Dale stasjon,2026-09-07T22:18:00+02:00,2026-09-07T22:18:37+02:00,2026-09-07T22:18:37+02:00,37.0,1,Voss,VYG:Line:R40,Bergen-Voss-Myrdal-Ål,R40,rail,VYG:ServiceJourney:1834_443421-R,True,actual,False,,,,,2026-09-08T00:20:52.129880+02:00
NSR:StopPlace:58948,Stjørdal stasjon,2026-09-07T22:05:00+02:00,2026-09-07T22:05:37+02:00,2026-09-07T22:05:37+02:00,37.0,1,Remyra via Stokkanvegen,ATB:Line:2_91,91 StjørdalSt-Remyrv.,91,bus,ATB:ServiceJourney:91_260220075616711_78,True,actual,False,,,,,2026-09-08T00:20:52.129880+02:00
NSR:StopPlace:58836,Mjøndalen stasjon,2026-09-07T22:06:00+02:00,2026-09-07T22:06:37+02:00,2026-09-07T22:06:37+02:00,37.0,1,Drammen sykehus,BRA:Line:4_6001,Drammen sykehus Brakerøya - Sørensvingen / Mjøndalen,1,bus,BRA:ServiceJourney:6001_260415100161844_1230,True,actual,False,,,,,2026-09-08T00:20:52.129880+02:00
NSR:StopPlace:58849,Hakadal stasjon,2026-09-07T23:35:00+02:00,2026-09-07T23:35:37+02:00,2026-09-07T23:35:37+02:00,37.0,1,Kongskog,RUT:Line:390,Kongskog/Hellerudhaugen - Oslo bussterminal,390,bus,RUT:ServiceJourney:c6babe0119706f41598f3bffd08c2b92,True,actual,False,,,,,2026-09-08T00:20:52.129880+02:00
NSR:StopPlace:58853,Kolbotn stasjon,2026-09-07T21:55:00+02:00,2026-09-07T21:55:37+02:00,2026-09-07T21:55:37+02:00,37.0,1,Stabekk,VYG:Line:L2,Stabekk-Oslo S-Ski,L2,rail,VYG:ServiceJourney:2772-SKI_443993-R,True,actual,False,,,,,2026-09-08T00:20:52.129880+02:00
NSR:StopPlace:58865,Vestby stasjon,2026-09-08T00:20:00+02:00,2026-09-08T00:20:37+02:00,2026-09-08T00:20:37+02:00,37.0,1,Randem,RUT:Line:533,Randem - Vestby stasjon,533,bus,RUT:ServiceJourney:774f1a98ecb62c1968c7e0ade0a35262,True,actual,False,,,,,2026-09-08T00:20:52.129880+02:00
NSR:StopPlace:58868,Årnes stasjon,2026-09-07T23:34:00+02:00,2026-09-07T23:34:37+02:00,2026-09-07T23:34:37+02:00,37.0,1,Oslo lufthavn,RUT:Line:450,Årnes - Oslo lufthavn,450,bus,RUT:ServiceJourney:e0920022c8c3aac4dbcbfe05ea823ccf,True,actual,False,,,,,2026-09-08T00:20:52.129880+02:00
NSR:StopPlace:58869,Ås stasjon,2026-09-08T00:10:00+02:00,2026-09-08T00:10:37+02:00,2026-09-08T00:10:37+02:00,37.0,1,Moss,VYG:Line:R21,Stabekk-Oslo S-Moss,R21,rail,VYG:ServiceJourney:1175-HVK_443074-R,True,actual,False,,,,,2026-09-08T00:20:52.129880+02:00
NSR:StopPlace:58861,Solbråtan stasjon,2026-09-07T22:41:00+02:00,2026-09-07T22:41:37+02:00,2026-09-07T22:41:37+02:00,37.0,1,Tårnåsen,RUT:Line:83,Jernbanetorget - Tårnåsen,83,bus,RUT:ServiceJourney:8f46384aa7146eb8abf0330cf253365d,True,actual,False,Linje 80E og 83 får Hausmanns bru som ny endeholdeplass fra 29. juni,"Bussene stopper ikke på Jernbanetorget etter 29. juni, men starter og stopper på Hausmanns bru i Nylandsveien.",incident,normal,2026-09-08T00:20:52.129880+02:00
NSR:StopPlace:58862,Strømmen stasjon,2026-09-07T23:45:00+02:00,2026-09-07T23:45:37+02:00,2026-09-07T23:45:37+02:00,37.0,1,Spikkestad,VYG:Line:L1,Spikkestad-Oslo S-Lillestrøm,L1,rail,VYG:ServiceJourney:2277_443713-R,True,actual,False,,,,,2026-09-08T00:20:52.129880+02:00
NSR:StopPlace:62339,Lillestrøm stasjon,2026-09-07T21:40:00+02:00,2026-09-07T21:40:37+02:00,2026-09-07T21:40:37+02:00,37.0,1,Spikkestad,VYG:Line:L1,Spikkestad-Oslo S-Lillestrøm,L1,rail,VYG:ServiceJourney:2269_443700-R,True,actual,False,Heis i spor 1 og 2 er ute av bruk på grunn av vedlikehold.,Heis i spor 1 og 2 er ute av bruk på grunn av vedlikehold.,general,normal,2026-09-08T00:20:52.129880+02:00
NSR:StopPlace:62339,Lillestrøm stasjon,2026-09-07T22:40:00+02:00,2026-09-07T22:40:37+02:00,2026-09-07T22:40:37+02:00,37.0,1,Spikkestad,VYG:Line:L1,Spikkestad-Oslo S-Lillestrøm,L1,rail,VYG:ServiceJourney:2273_443707-R,True,actual,False,Heis i spor 1 og 2 er ute av bruk på grunn av vedlikehold.,Heis i spor 1 og 2 er ute av bruk på grunn av vedlikehold.,general,normal,2026-09-08T00:20:52.129880+02:00
NSR:StopPlace:62393,Billingstad stasjon,2026-09-07T21:57:00+02:00,2026-09-07T21:57:37+02:00,2026-09-07T21:57:37+02:00,37.0,1,Lillestrøm,VYG:Line:L1,Spikkestad-Oslo S-Lillestrøm,L1,rail,VYG:ServiceJourney:2170_443581-R,True,actual,False,,,,,2026-09-08T00:20:52.129880+02:00
NSR:StopPlace:62392,Slependen stasjon,2026-09-07T23:15:00+02:00,2026-09-07T23:15:37+02:00,2026-09-07T23:15:37+02:00,37.0,1,Lillestrøm,VYG:Line:L1,Spikkestad-Oslo S-Lillestrøm,L1,rail,VYG:ServiceJourney:2276_445376-R,True,actual,False,,,,,2026-09-08T00:20:52.129880+02:00
NSR:StopPlace:61291,Stavanger stasjon,2026-09-07T17:23:00+02:00,2026-09-07T17:23:37+02:00,2026-09-07T17:23:37+02:00,37.0,1,Nærbø,GOA:Line:59,Jærbanen,L5,rail,GOA:ServiceJourney:3054_63104-R,True,actual,False,,,,,2026-09-07T20:27:16.249662+02:00
NSR:StopPlace:8,Paradis stasjon,2026-09-07T18:11:00+02:00,2026-09-07T18:11:37+02:00,2026-09-07T18:11:37+02:00,37.0,1,Skeiane,GOA:Line:59,Jærbanen,L5,rail,GOA:ServiceJourney:3154_63199-R,True,actual,False,,,,,2026-09-07T20:27:16.249662+02:00
NSR:StopPlace:61463,Nordstrand stasjon,2026-09-07T17:52:00+02:00,2026-09-07T17:52:37+02:00,2026-09-07T17:52:37+02:00,37.0,1,Ski,VYG:Line:L2,Stabekk-Oslo S-Ski,L2,rail,VYG:ServiceJourney:2751-HVK_443962-R,True,actual,False,Færre vogner,Denne avgangen kjører dessverre med 3 vogner i stedet for 6 vogner. Dette skyldes at vi mangler et togsett.,general,normal,2026-09-07T20:27:16.249662+02:00
NSR:StopPlace:61464,Hvalstad stasjon,2026-09-07T19:25:00+02:00,2026-09-07T19:25:37+02:00,2026-09-07T19:25:37+02:00,37.0,1,Asker,VYG:Line:L1,Spikkestad-Oslo S-Lillestrøm,L1,rail,VYG:ServiceJourney:2155_443564-R,True,actual,False,,,,,2026-09-07T20:27:16.249662+02:00
NSR:StopPlace:61326,Gulskogen stasjon,2026-09-07T19:48:00+02:00,2026-09-07T19:48:37+02:00,2026-09-07T19:48:37+02:00,37.0,1,Kongsberg,VYG:Line:R12,Kongsberg-Oslo S-Eidsvoll,R12,rail,VYG:ServiceJourney:529_444336-R,True,actual,False,,,,,2026-09-07T20:27:16.249662+02:00
NSR:StopPlace:61301,Movatn stasjon,2026-09-07T18:16:00+02:00,2026-09-07T18:16:37+02:00,2026-09-07T18:16:37+02:00,37.0,1,Nydalen,VYG:Line:R31,Skøyen-Jaren-Gjøvik,R31,rail,VYG:ServiceJourney:BUS-226_655344-R,True,actual,False,,,,,2026-09-07T20:27:16.249662+02:00
NSR:StopPlace:61897,Bryn stasjon,2026-09-07T17:45:00+02:00,2026-09-07T17:45:37+02:00,2026-09-07T17:45:37+02:00,37.0,1,Lillestrøm,VYG:Line:L1,Spikkestad-Oslo S-Lillestrøm,L1,rail,VYG:ServiceJourney:2252_445350-R,True,actual,False,,,,,2026-09-07T20:27:16.249662+02:00
NSR:StopPlace:58960,Trofors stasjon,2026-09-07T17:25:00+02:00,2026-09-07T17:25:37+02:00,2026-09-07T17:25:37+02:00,37.0,1,Trondheim S,SJN:Line:71,Nordlandsbanen,F7,rail,SJN:ServiceJourney:472_46160-R,True,actual,False,,,,,2026-09-07T20:27:16.249662+02:00
NSR:StopPlace:58948,Stjørdal stasjon,2026-09-07T17:34:00+02:00,2026-09-07T17:34:37+02:00,2026-09-07T17:34:37+02:00,37.0,1,Marienborg via Brattøra,ATB:Line:2_70,Stjørdal/Hommelvik- Trondheim,70,bus,ATB:ServiceJourney:70_251215112547001_80,True,actual,False,,,,,2026-09-07T20:27:16.249662+02:00
NSR:StopPlace:58798,Rakkestad stasjon,2026-09-07T18:45:00+02:00,2026-09-07T18:45:37+02:00,2026-09-07T18:45:37+02:00,37.0,1,Oslo S,VYG:Line:R22,Skøyen-Oslo S-Mysen-Rakkestad,R22,rail,VYG:ServiceJourney:1932_443486-R,True,actual,False,,,,,2026-09-07T20:27:16.249662+02:00
NSR:StopPlace:58852,Høn stasjon,2026-09-07T19:13:00+02:00,2026-09-07T19:13:37+02:00,2026-09-07T19:13:37+02:00,37.0,1,Spikkestad,VYG:Line:L1,Spikkestad-Oslo S-Lillestrøm,L1,rail,VYG:ServiceJourney:2255_443677-R,True,actual,False,,,,,2026-09-07T20:27:16.249662+02:00
NSR:StopPlace:610,Sandvika stasjon,2026-09-07T17:32:00+02:00,2026-09-07T17:32:37+02:00,2026-09-07T17:32:37+02:00,37.0,1,Lillestrøm,VYG:Line:L1,Spikkestad-Oslo S-Lillestrøm,L1,rail,VYG:ServiceJourney:2152_443561-R,True,actual,False,Færre vogner,Denne avgangen kjører dessverre med 4 vogner i stedet for 8 vogner. Dette skyldes at vi mangler et togsett.,general,normal,2026-09-07T20:27:16.249662+02:00
NSR:StopPlace:62308,Alna stasjon,2026-09-07T17:32:00+02:00,2026-09-07T17:32:37+02:00,2026-09-07T17:32:37+02:00,37.0,1,Spikkestad,VYG:Line:L1,Spikkestad-Oslo S-Lillestrøm,L1,rail,VYG:ServiceJourney:2251_443671-R,True,actual,False,,,,,2026-09-07T20:27:16.249662+02:00
NSR:StopPlace:62392,Slependen stasjon,2026-09-07T17:59:00+02:00,2026-09-07T17:59:37+02:00,2026-09-07T17:59:37+02:00,37.0,1,Lillestrøm,VYG:Line:L1,Spikkestad-Oslo S-Lillestrøm,L1,rail,VYG:ServiceJourney:2154_443563-R,True,actual,False,,,,,2026-09-07T20:27:16.249662+02:00
NSR:StopPlace:61466,Vakås stasjon,2026-09-07T14:22:00+02:00,2026-09-07T14:22:37+02:00,2026-09-07T14:22:37+02:00,37.0,1,Lillestrøm,VYG:Line:L1,Spikkestad-Oslo S-Lillestrøm,L1,rail,VYG:ServiceJourney:2140_443548-R,True,actual,False,,,,,2026-09-07T15:44:36.205822+02:00
NSR:StopPlace:61387,Skogn stasjon,2026-09-07T13:21:00+02:00,2026-09-07T13:21:37+02:00,2026-09-07T13:21:37+02:00,37.0,1,Melhus skysstasjon,SJN:Line:26,Trønderbanen,R70,rail,SJN:ServiceJourney:436-STK_56065-R,True,actual,False,,,,,2026-09-07T15:44:36.205822+02:00
NSR:StopPlace:59958,Voss stasjon,2026-09-07T13:30:00+02:00,2026-09-07T13:30:37+02:00,2026-09-07T13:30:37+02:00,37.0,1,Bergen,SKY:Line:950,Bergen-Voss-Gudvangen,950,bus,SKY:ServiceJourney:950-205165-21338652,True,actual,False,,,,,2026-09-07T15:44:36.205822+02:00
NSR:StopPlace:60077,Støren stasjon,2026-09-07T15:16:00+02:00,2026-09-07T15:16:37+02:00,2026-09-07T15:16:37+02:00,37.0,1,Melhus skysstasjon,ATB:Line:2_5004,Klett - Melhus - Støren,5004,bus,ATB:ServiceJourney:5004_260309084090864_17,True,actual,False,,,,,2026-09-07T15:44:36.205822+02:00
NSR:StopPlace:59243,Mo i Rana stasjon,2026-09-07T15:08:00+02:00,2026-09-07T15:08:37+02:00,2026-09-07T15:08:37+02:00,37.0,1,Grubbåsen,NOR:Line:12_8371,Grubbåsen - Båsmobakken/Skillevollen,1,bus,NOR:ServiceJourney:8371_251012124858543_2024,True,actual,False,,,,,2026-09-07T15:44:36.205822+02:00
NSR:StopPlace:59243,Mo i Rana stasjon,2026-09-07T15:25:00+02:00,2026-09-07T15:25:37+02:00,2026-09-07T15:25:37+02:00,37.0,1,Hammeren,NOR:Line:12_8375,Mo-Hammarn-Mo,375,bus,NOR:ServiceJourney:8375_251012124901012_1005,True,actual,False,,,,,2026-09-07T15:44:36.205822+02:00
NSR:StopPlace:58868,Årnes stasjon,2026-09-07T15:34:00+02:00,2026-09-07T15:34:37+02:00,2026-09-07T15:34:37+02:00,37.0,1,Oslo lufthavn,RUT:Line:450,Årnes - Oslo lufthavn,450,bus,RUT:ServiceJourney:5dedbb8a3ac7f5c3ba7dc927ab992f5d,True,actual,False,,,,,2026-09-07T15:44:36.205822+02:00
NSR:StopPlace:58802,Spydeberg stasjon,2026-09-07T14:36:00+02:00,2026-09-07T14:36:37+02:00,2026-09-07T14:36:37+02:00,37.0,1,Rakkestad,VYG:Line:R22,Skøyen-Oslo S-Mysen-Rakkestad,R22,rail,VYG:ServiceJourney:1919_443464-R,True,actual,False,,,,,2026-09-07T15:44:36.205822+02:00
NSR:StopPlace:58811,Moelv stasjon,2026-09-07T14:25:00+02:00,2026-09-07T14:25:37+02:00,2026-09-07T14:25:37+02:00,37.0,1,Åsmarka - Lillehammer,INN:Line:602,Lillehammer-Åsmarka-Moelv,602,bus,INN:ServiceJourney:82972,True,actual,False,,,,,2026-09-07T15:44:36.205822+02:00
NSR:StopPlace:62380,Røra stasjon,2026-09-07T15:08:00+02:00,2026-09-07T15:08:37+02:00,2026-09-07T15:08:37+02:00,37.0,1,Steinkjer,SJN:Line:26,Trønderbanen,R70,rail,SJN:ServiceJourney:437_56066-R,True,actual,False,,,,,2026-09-07T15:44:36.205822+02:00
NSR:StopPlace:59872,Oslo S,2026-09-07T06:11:00+02:00,2026-09-07T06:11:37+02:00,2026-09-07T06:11:37+02:00,37.0,1,Göteborg C,VYG:Line:RE20,Oslo S-Halden-Göteborg (X-Border),RE20,rail,VYG:ServiceJourney:103-383_464567-R,True,actual,False,,,,,2026-09-07T08:42:24.659182+02:00
NSR:StopPlace:59648,Kjelsås stasjon,2026-09-07T07:31:00+02:00,2026-09-07T07:31:37+02:00,2026-09-07T07:31:37+02:00,37.0,1,Kværnerbyen,RUT:Line:54,Kværnerbyen - Kjelsås stasjon,54,bus,RUT:ServiceJourney:fb67e3d5d154f46572fafbf668b3d7ea,True,actual,False,,,,,2026-09-07T08:42:24.659182+02:00
NSR:StopPlace:60736,Spikkestad stasjon,2026-09-07T06:46:00+02:00,2026-09-07T06:46:37+02:00,2026-09-07T06:46:37+02:00,37.0,1,Lillestrøm,VYG:Line:L1,Spikkestad-Oslo S-Lillestrøm,L1,rail,VYG:ServiceJourney:2212_764749-R,True,actual,False,Færre vogner,Denne avgangen kjører dessverre med 4 vogner i stedet for 8 vogner. Dette skyldes at vi mangler et togsett.,general,normal,2026-09-07T08:42:24.659182+02:00
NSR:StopPlace:59957,Klepp stasjon,2026-09-07T07:27:00+02:00,2026-09-07T07:27:37+02:00,2026-09-07T07:27:37+02:00,37.0,1,Verdalen via Kleppekrossen,KOL:Line:8_2024,59,59,bus,KOL:ServiceJourney:2024_250903083241305_2004,True,actual,False,,,,,2026-09-07T08:42:24.659182+02:00
NSR:StopPlace:59174,Løkken stasjon,2026-09-07T07:25:00+02:00,2026-09-07T07:25:37+02:00,2026-09-07T07:25:37+02:00,37.0,1,Berkåk st. via Meldal,ATB:Line:2_460,Orkanger - Meldal - Berkåk,460,bus,ATB:ServiceJourney:460_260106098640555_4,True,actual,False,,,,,2026-09-07T08:42:24.659182+02:00
NSR:StopPlace:60047,Melhus skysstasjon,2026-09-07T07:43:00+02:00,2026-09-07T07:43:37+02:00,2026-09-07T07:43:37+02:00,37.0,1,Skjetlein vgs,ATB:Line:2_5004,Klett - Melhus - Støren,5004,bus,ATB:ServiceJourney:5004_260309084090044_15,True,actual,False,,,,,2026-09-07T08:42:24.659182+02:00
NSR:StopPlace:59638,Myrvoll stasjon,2026-09-07T06:51:00+02:00,2026-09-07T06:51:37+02:00,2026-09-07T06:51:37+02:00,37.0,1,Stabekk,VYG:Line:L2,Stabekk-Oslo S-Ski,L2,rail,VYG:ServiceJourney:2712-SKI_443918-R,True,actual,False,,,,,2026-09-07T08:42:24.659182+02:00
NSR:StopPlace:58925,Gausel stasjon,2026-09-07T05:47:00+02:00,2026-09-07T05:47:37+02:00,2026-09-07T05:47:37+02:00,37.0,1,Stavanger,KOL:Line:8_1001,1,1,bus,KOL:ServiceJourney:1001_251008118370980_2001,True,actual,False,,,,,2026-09-07T08:42:24.659182+02:00
NSR:StopPlace:58936,Skatval stasjon,2026-09-07T06:48:00+02:00,2026-09-07T06:48:37+02:00,2026-09-07T06:48:37+02:00,37.0,1,Melhus skysstasjon,SJN:Line:26,Trønderbanen,R70,rail,SJN:ServiceJourney:422-STK_56051-R,True,actual,False,,,,,2026-09-07T08:42:24.659182+02:00
NSR:StopPlace:58830,Brakerøya stasjon,2026-09-07T07:51:00+02:00,2026-09-07T07:51:37+02:00,2026-09-07T07:51:37+02:00,37.0,1,Drammen,VYG:Line:R13,Drammen-Oslo S-Dal,R13,rail,VYG:ServiceJourney:1608_443225-R,True,actual,False,,,,,2026-09-07T08:42:24.659182+02:00
NSR:StopPlace:58834,Hokksund stasjon,2026-09-07T08:27:00+02:00,2026-09-07T08:27:37+02:00,2026-09-07T08:27:37+02:00,37.0,1,Drammen via Mjøndalen,BRA:Line:4_6101,Drammen-Vikersund/Hønefoss,101,bus,BRA:ServiceJourney:6101_260415100161273_1016,True,actual,False,,,,,2026-09-07T08:42:24.659182+02:00
NSR:StopPlace:58854,Langhus stasjon,2026-09-07T06:52:00+02:00,2026-09-07T06:52:37+02:00,2026-09-07T06:52:37+02:00,37.0,1,Ski stasjon,RUT:Line:516,Siggerud - Ski stasjon,516,bus,RUT:ServiceJourney:52165608cdfd15f2a2b309f8f1fb87fb,True,actual,False,,,,,2026-09-07T08:42:24.659182+02:00
NSR:StopPlace:58865,Vestby stasjon,2026-09-07T05:50:00+02:00,2026-09-07T05:50:37+02:00,2026-09-07T05:50:37+02:00,37.0,1,Randem,RUT:Line:533,Randem - Vestby stasjon,533,bus,RUT:ServiceJourney:49d76187bace717a8378d5aa86550f05,True,actual,False,,,,,2026-09-07T08:42:24.659182+02:00
NSR:StopPlace:58865,Vestby stasjon,2026-09-07T07:20:00+02:00,2026-09-07T07:20:37+02:00,2026-09-07T07:20:37+02:00,37.0,1,Randem,RUT:Line:533,Randem - Vestby stasjon,533,bus,RUT:ServiceJourney:860fe3a4789b7f807fa193b3a15830c4,True,actual,False,,,,,2026-09-07T08:42:24.659182+02:00
NSR:StopPlace:58868,Årnes stasjon,2026-09-07T07:04:00+02:00,2026-09-07T07:04:37+02:00,2026-09-07T07:04:37+02:00,37.0,1,Oslo lufthavn,RUT:Line:450,Årnes - Oslo lufthavn,450,bus,RUT:ServiceJourney:8eae2907573e239258c2bb746d89637e,True,actual,False,,,,,2026-09-07T08:42:24.659182+02:00
NSR:StopPlace:58862,Strømmen stasjon,2026-09-07T08:00:00+02:00,2026-09-07T08:00:37+02:00,2026-09-07T08:00:37+02:00,37.0,1,Asker,VYG:Line:L1,Spikkestad-Oslo S-Lillestrøm,L1,rail,VYG:ServiceJourney:2113_443518-R,True,actual,False,Færre vogner,Denne avgangen kjører dessverre med 4 vogner i stedet for 8 vogner. Dette skyldes at vi mangler et togsett.,general,normal,2026-09-07T08:42:24.659182+02:00
NSR:StopPlace:58804,Alvdal stasjon,2026-09-07T06:59:00+02:00,2026-09-07T06:59:37+02:00,2026-09-07T06:59:37+02:00,37.0,1,Tynset,INN:Line:181,Tynset - Alvdal - Folldal,181,bus,INN:ServiceJourney:84458,True,actual,False,,,,,2026-09-07T08:42:24.659182+02:00
NSR:StopPlace:58811,Moelv stasjon,2026-09-07T07:50:00+02:00,2026-09-07T07:50:37+02:00,2026-09-07T07:50:37+02:00,37.0,1,Lillehammer o/ Kløvstadhøgda,INN:Line:601,Moelv-Kløvstadhøgda-Lillehmr,601,bus,INN:ServiceJourney:82460,True,actual,False,,,,,2026-09-07T08:42:24.659182+02:00
NSR:StopPlace:58818,Gran stasjon,2026-09-07T07:10:00+02:00,2026-09-07T07:10:37+02:00,2026-09-07T07:10:37+02:00,37.0,1,Riis,INN:Line:457,Gran-Riis-Gran,457,bus,INN:ServiceJourney:71295,True,actual,False,,,,,2026-09-07T08:42:24.659182+02:00
NSR:StopPlace:58211,Oslo lufthavn,2026-09-07T06:43:00+02:00,2026-09-07T06:43:37+02:00,2026-09-07T06:43:37+02:00,37.0,1,Kongsberg,VYG:Line:R12,Kongsberg-Oslo S-Eidsvoll,R12,rail,VYG:ServiceJourney:505_444298-R,True,actual,False,,,,,2026-09-07T08:42:24.659182+02:00
NSR:StopPlace:398,Arna stasjon,2026-09-07T08:27:00+02:00,2026-09-07T08:27:37+02:00,2026-09-07T08:27:37+02:00,37.0,1,Bergen,VYG:Line:L4,Bergen-Arna,L4,rail,VYG:ServiceJourney:2513_443771-R,True,actual,False,,,,,2026-09-07T08:42:24.659182+02:00
NSR:StopPlace:610,Sandvika stasjon,2026-09-07T07:05:00+02:00,2026-09-07T07:05:37+02:00,2026-09-07T07:05:37+02:00,37.0,1,Eidsvoll,VYG:Line:RE11,Eidsvoll-Oslo S-Skien,RE11,rail,VYG:ServiceJourney:804_444384-R,True,actual,False,,,,,2026-09-07T08:42:24.659182+02:00
NSR:StopPlace:610,Sandvika stasjon,2026-09-07T07:40:00+02:00,2026-09-07T07:40:37+02:00,2026-09-07T07:40:37+02:00,37.0,1,Oslo Lufthavn,FLT:Line:FLY1,FLY1,FLY1,rail,FLT:ServiceJourney:1-2614-3721-20260907,True,actual,False,,,,,2026-09-07T08:42:24.659182+02:00
NSR:StopPlace:62339,Lillestrøm stasjon,2026-09-07T06:40:00+02:00,2026-09-07T06:40:37+02:00,2026-09-07T06:40:37+02:00,37.0,1,Spikkestad,VYG:Line:L1,Spikkestad-Oslo S-Lillestrøm,L1,rail,VYG:ServiceJourney:2209_443598-R,True,actual,False,Heis i spor 1 og 2 er ute av bruk på grunn av vedlikehold.,Heis i spor 1 og 2 er ute av bruk på grunn av vedlikehold.,general,normal,2026-09-07T08:42:24.659182+02:00
NSR:StopPlace:62339,Lillestrøm stasjon,2026-09-07T07:30:00+02:00,2026-09-07T07:30:37+02:00,2026-09-07T07:30:37+02:00,37.0,1,Oslo Lufthavn,FLT:Line:FLY1,FLY1,FLY1,rail,FLT:ServiceJourney:1-2614-3717-20260907,True,actual,False,Heis i spor 1 og 2 er ute av bruk på grunn av vedlikehold.,Heis i spor 1 og 2 er ute av bruk på grunn av vedlikehold.,general,normal,2026-09-07T08:42:24.659182+02:00
NSR:StopPlace:61463,Nordstrand stasjon,2026-09-07T22:22:00+02:00,2026-09-07T22:22:36+02:00,2026-09-07T22:22:36+02:00,36.0,1,Skøyen,VYG:Line:L2,Stabekk-Oslo S-Ski,L2,rail,VYG:ServiceJourney:2872-SKI_488400-R,True,actual,False,,,,,2026-09-08T00:20:52.129880+02:00
NSR:StopPlace:59649,Nydalen stasjon,2026-09-07T21:47:00+02:00,2026-09-07T21:47:36+02:00,2026-09-07T21:47:36+02:00,36.0,1,Roa,VYG:Line:R31,Skøyen-Jaren-Gjøvik,R31,rail,VYG:ServiceJourney:BUS-235_655469-R,True,actual,False,,,,,2026-09-08T00:20:52.129880+02:00
NSR:StopPlace:59654,Stabekk stasjon,2026-09-07T22:36:00+02:00,2026-09-07T22:36:36+02:00,2026-09-07T22:36:36+02:00,36.0,1,Moss,VYG:Line:R21,Stabekk-Oslo S-Moss,R21,rail,VYG:ServiceJourney:1171-HVK_443068-R,True,actual,False,,,,,2026-09-08T00:20:52.129880+02:00
NSR:StopPlace:59983,Bergen stasjon,2026-09-07T22:27:00+02:00,2026-09-07T22:27:36+02:00,2026-09-07T22:27:36+02:00,36.0,1,Arna,VYG:Line:L4,Bergen-Arna,L4,rail,VYG:ServiceJourney:2670_443885-R,True,actual,False,,,,,2026-09-08T00:20:52.129880+02:00
NSR:StopPlace:58845,Eidsvoll verk stasjon,2026-09-07T22:31:00+02:00,2026-09-07T22:31:36+02:00,2026-09-07T22:31:36+02:00,36.0,1,Jessheim,RUT:Line:430,Eidsvoll - Jessheim,430,bus,RUT:ServiceJourney:fb2bbedb33d7d022f5b2eca9e4f28183,True,actual,False,,,,,2026-09-08T00:20:52.129880+02:00
NSR:StopPlace:58857,Lørenskog stasjon,2026-09-07T23:43:00+02:00,2026-09-07T23:43:36+02:00,2026-09-07T23:43:36+02:00,36.0,1,Stovner,RUT:Line:120,Nesåsen - Stovner,120,bus,RUT:ServiceJourney:80e4b1db3f68babeadcef87c8481f4a8,True,actual,False,,,,,2026-09-08T00:20:52.129880+02:00
NSR:StopPlace:58851,Heggedal stasjon,2026-09-07T22:59:00+02:00,2026-09-07T22:59:36+02:00,2026-09-07T22:59:36+02:00,36.0,1,Rustadgrenda,RUT:Line:286,Rustadgrenda-Heggedal,286,bus,RUT:ServiceJourney:8351b48dcd59ba079091af836543f5ec,True,actual,False,,,,,2026-09-08T00:20:52.129880+02:00
NSR:StopPlace:58851,Heggedal stasjon,2026-09-07T23:59:00+02:00,2026-09-07T23:59:36+02:00,2026-09-07T23:59:36+02:00,36.0,1,Rustadgrenda,RUT:Line:286,Rustadgrenda-Heggedal,286,bus,RUT:ServiceJourney:da7113426bebf5db61c77393b65ecd23,True,actual,False,,,,,2026-09-08T00:20:52.129880+02:00
NSR:StopPlace:58865,Vestby stasjon,2026-09-07T22:50:00+02:00,2026-09-07T22:50:36+02:00,2026-09-07T22:50:36+02:00,36.0,1,Randem,RUT:Line:533,Randem - Vestby stasjon,533,bus,RUT:ServiceJourney:316a4cf0180b992a2aaa49cfc9a73af2,True,actual,False,,,,,2026-09-08T00:20:52.129880+02:00
NSR:StopPlace:58872,Sandefjord stasjon,2026-09-07T23:18:00+02:00,2026-09-07T23:18:36+02:00,2026-09-07T23:18:36+02:00,36.0,1,Skien,VYG:Line:RE11,Eidsvoll-Oslo S-Skien,RE11,rail,VYG:ServiceJourney:835_444415-R,True,actual,False,,,,,2026-09-08T00:20:52.129880+02:00
NSR:StopPlace:362,Jåttåvågen stasjon,2026-09-07T22:32:00+02:00,2026-09-07T22:32:36+02:00,2026-09-07T22:32:36+02:00,36.0,1,Nærbø,GOA:Line:59,Jærbanen,L5,rail,GOA:ServiceJourney:3074_63137-R,True,actual,False,,,,,2026-09-08T00:20:52.129880+02:00
NSR:StopPlace:62308,Alna stasjon,2026-09-07T23:32:00+02:00,2026-09-07T23:32:36+02:00,2026-09-07T23:32:36+02:00,36.0,1,Spikkestad,VYG:Line:L1,Spikkestad-Oslo S-Lillestrøm,L1,rail,VYG:ServiceJourney:2275_443710-R,True,actual,False,,,,,2026-09-08T00:20:52.129880+02:00
NSR:StopPlace:17,Ringebu stasjon,2026-09-07T16:55:00+02:00,2026-09-07T16:55:36+02:00,2026-09-07T16:55:36+02:00,36.0,1,Trondheim S,SJN:Line:21,Dovrebanen,F6,rail,SJN:ServiceJourney:47-LOD_54214-R,True,actual,False,,,,,2026-09-07T20:27:16.249662+02:00
NSR:StopPlace:59649,Nydalen stasjon,2026-09-07T17:26:00+02:00,2026-09-07T17:26:36+02:00,2026-09-07T17:26:36+02:00,36.0,1,Simensbråten,RUT:Line:23,Lysaker - Simensbråten,23,bus,RUT:ServiceJourney:fb80d4fc63f45f4d90f80b345145331a,True,actual,False,,,,,2026-09-07T20:27:16.249662+02:00
NSR:StopPlace:59641,Fjellhamar stasjon,2026-09-07T18:55:00+02:00,2026-09-07T18:55:36+02:00,2026-09-07T18:55:36+02:00,36.0,1,Vallerudtoppen,RUT:Line:315,Vallerudtoppen - Ahus,315,bus,RUT:ServiceJourney:5ef35080d25f88770b3f0afc8bd0023e,True,actual,False,,,,,2026-09-07T20:27:16.249662+02:00
NSR:StopPlace:59983,Bergen stasjon,2026-09-07T18:12:00+02:00,2026-09-07T18:12:36+02:00,2026-09-07T18:12:36+02:00,36.0,1,Arna,VYG:Line:L4,Bergen-Arna,L4,rail,VYG:ServiceJourney:2552_443811-R,True,actual,False,,,,,2026-09-07T20:27:16.249662+02:00
NSR:StopPlace:60047,Melhus skysstasjon,2026-09-07T17:36:00+02:00,2026-09-07T17:36:36+02:00,2026-09-07T17:36:36+02:00,36.0,1,Dora via E6 - City Syd E6,ATB:Line:2_71,MelhusSkyss-Trondheim,71,bus,ATB:ServiceJourney:71_251215112545637_88,True,actual,False,,,,,2026-09-07T20:27:16.249662+02:00
NSR:StopPlace:60047,Melhus skysstasjon,2026-09-07T18:53:00+02:00,2026-09-07T18:53:36+02:00,2026-09-07T18:53:36+02:00,36.0,1,Brekkåsen,ATB:Line:2_82,Hesttrøa-Brekkåsen,82,bus,ATB:ServiceJourney:82_251215112550787_109,True,actual,False,Linje 82 og 504,Avvikende kjøring for linje 82 og 504 pga Hølondvegen er stengt. ,general,normal,2026-09-07T20:27:16.249662+02:00
NSR:StopPlace:59638,Myrvoll stasjon,2026-09-07T17:05:00+02:00,2026-09-07T17:05:36+02:00,2026-09-07T17:05:36+02:00,36.0,1,Filipstad,RUT:Line:81,Fornebu - Myrvoll stasjon,81,bus,RUT:ServiceJourney:aafde8aba763257ccb0bd70a1bf69ef7,True,actual,False,,,,,2026-09-07T20:27:16.249662+02:00
NSR:StopPlace:58931,Fannrem stasjon,2026-09-07T17:00:00+02:00,2026-09-07T17:00:36+02:00,2026-09-07T17:00:36+02:00,36.0,1,Trondheim S via Orkanger skysst.,ATB:Line:2_310,Trondheim - Orkanger - Fannrem,310,bus,ATB:ServiceJourney:310_260106098640187_91,True,actual,False,,,,,2026-09-07T20:27:16.249662+02:00
NSR:StopPlace:58948,Stjørdal stasjon,2026-09-07T19:27:00+02:00,2026-09-07T19:27:36+02:00,2026-09-07T19:27:36+02:00,36.0,1,Remyra via Stokkanvegen,ATB:Line:2_91,91 StjørdalSt-Remyrv.,91,bus,ATB:ServiceJourney:91_260220075616086_68,True,actual,False,,,,,2026-09-07T20:27:16.249662+02:00
NSR:StopPlace:58843,Blommenholm stasjon,2026-09-07T18:34:00+02:00,2026-09-07T18:34:36+02:00,2026-09-07T18:34:36+02:00,36.0,1,Lillestrøm,VYG:Line:L1,Spikkestad-Oslo S-Lillestrøm,L1,rail,VYG:ServiceJourney:2156_443565-R,True,actual,False,,,,,2026-09-07T20:27:16.249662+02:00
NSR:StopPlace:58845,Eidsvoll verk stasjon,2026-09-07T17:45:00+02:00,2026-09-07T17:45:36+02:00,2026-09-07T17:45:36+02:00,36.0,1,Eidsvoll,RUT:Line:430,Eidsvoll - Jessheim,430,bus,RUT:ServiceJourney:c0e0a71eaed35a0a169487a5f005f595,True,actual,False,,,,,2026-09-07T20:27:16.249662+02:00
NSR:StopPlace:58852,Høn stasjon,2026-09-07T16:50:00+02:00,2026-09-07T16:50:36+02:00,2026-09-07T16:50:36+02:00,36.0,1,Lillestrøm,VYG:Line:L1,Spikkestad-Oslo S-Lillestrøm,L1,rail,VYG:ServiceJourney:2150_443559-R,True,actual,False,,,,,2026-09-07T20:27:16.249662+02:00
NSR:StopPlace:58865,Vestby stasjon,2026-09-07T18:50:00+02:00,2026-09-07T18:50:36+02:00,2026-09-07T18:50:36+02:00,36.0,1,Grønberg,RUT:Line:530,Pepperstad - Vestby stasjon,530,bus,RUT:ServiceJourney:ea391d0c94e069b0dc2b0feeaccbf2ef,True,actual,False,,,,,2026-09-07T20:27:16.249662+02:00
NSR:StopPlace:58870,Holmestrand stasjon,2026-09-07T17:40:00+02:00,2026-09-07T17:40:36+02:00,2026-09-07T17:40:36+02:00,36.0,1,Hvitstein-Kleiverud,VKT:Line:30,Kleiverud-Holmestrand,30,bus,VKT:ServiceJourney:14870,True,actual,False,,,,,2026-09-07T20:27:16.249662+02:00
NSR:StopPlace:58884,Skien stasjon,2026-09-07T18:46:00+02:00,2026-09-07T18:46:36+02:00,2026-09-07T18:46:36+02:00,36.0,1,Skjelsvik via Klyve-Kongerød,TEL:Line:8043,Skien-Klyve-Skjelsvik,M3,bus,TEL:ServiceJourney:127200,True,actual,False,,,,,2026-09-07T20:27:16.249662+02:00
NSR:StopPlace:398,Arna stasjon,2026-09-07T18:42:00+02:00,2026-09-07T18:42:36+02:00,2026-09-07T18:42:36+02:00,36.0,1,Bergen,VYG:Line:L4,Bergen-Arna,L4,rail,VYG:ServiceJourney:2655_443870-R,True,actual,False,,,,,2026-09-07T20:27:16.249662+02:00
NSR:StopPlace:362,Jåttåvågen stasjon,2026-09-07T19:32:00+02:00,2026-09-07T19:32:36+02:00,2026-09-07T19:32:36+02:00,36.0,1,Nærbø,GOA:Line:59,Jærbanen,L5,rail,GOA:ServiceJourney:3062_63118-R,True,actual,False,,,,,2026-09-07T20:27:16.249662+02:00
NSR:StopPlace:206,Mariero stasjon,2026-09-07T18:09:00+02:00,2026-09-07T18:09:36+02:00,2026-09-07T18:09:36+02:00,36.0,1,Stavanger,GOA:Line:59,Jærbanen,L5,rail,GOA:ServiceJourney:3153_63198-R,True,actual,False,,,,,2026-09-07T20:27:16.249662+02:00
NSR:StopPlace:62309,Ljan stasjon,2026-09-07T18:24:00+02:00,2026-09-07T18:24:36+02:00,2026-09-07T18:24:36+02:00,36.0,1,Ski,VYG:Line:L2,Stabekk-Oslo S-Ski,L2,rail,VYG:ServiceJourney:2753-HVK_443964-R,True,actual,False,,,,,2026-09-07T20:27:16.249662+02:00
NSR:StopPlace:62339,Lillestrøm stasjon,2026-09-07T18:45:00+02:00,2026-09-07T18:45:36+02:00,2026-09-07T18:45:36+02:00,36.0,1,Dombås,VYG:Line:RE10,Drammen-Oslo S-Lillehammer,RE10,rail,VYG:ServiceJourney:329-SUD_465133-R,True,actual,False,Heis i spor 1 og 2 er ute av bruk på grunn av vedlikehold.,Heis i spor 1 og 2 er ute av bruk på grunn av vedlikehold.,general,normal,2026-09-07T20:27:16.249662+02:00
NSR:StopPlace:61463,Nordstrand stasjon,2026-09-07T15:37:00+02:00,2026-09-07T15:37:36+02:00,2026-09-07T15:37:36+02:00,36.0,1,Stabekk,VYG:Line:L2,Stabekk-Oslo S-Ski,L2,rail,VYG:ServiceJourney:2746-SKI_443956-R,True,actual,False,,,,,2026-09-07T15:44:36.205822+02:00
NSR:StopPlace:53,Røros stasjon,2026-09-07T12:21:00+02:00,2026-09-07T12:21:36+02:00,2026-09-07T12:21:36+02:00,36.0,1,Hamar,SJN:Line:25,Rørosbanen,R60,rail,SJN:ServiceJourney:2386_47976-R,True,actual,False,,,,,2026-09-07T15:44:36.205822+02:00
NSR:StopPlace:59872,Oslo S,2026-09-07T12:34:00+02:00,2026-09-07T12:34:36+02:00,2026-09-07T12:34:36+02:00,36.0,1,Lillehammer,VYG:Line:RE10,Drammen-Oslo S-Lillehammer,RE10,rail,VYG:ServiceJourney:317-SUD_444183-R,True,actual,False,,,,,2026-09-07T15:44:36.205822+02:00
NSR:StopPlace:59658,Moi stasjon,2026-09-07T14:55:00+02:00,2026-09-07T14:55:36+02:00,2026-09-07T14:55:36+02:00,36.0,1,Sira - Flekkefjord,AKT:Line:260,Flekkefjord - Sira - Moi,260,bus,AKT:ServiceJourney:57357_112_37_107400_111780_3932604,True,actual,False,,,,,2026-09-07T15:44:36.205822+02:00
NSR:StopPlace:59952,Drammen stasjon,2026-09-07T13:05:00+02:00,2026-09-07T13:05:36+02:00,2026-09-07T13:05:36+02:00,36.0,1,Dal,VYG:Line:R13,Drammen-Oslo S-Dal,R13,rail,VYG:ServiceJourney:1635_481152-R,True,actual,False,,,,,2026-09-07T15:44:36.205822+02:00
NSR:StopPlace:60047,Melhus skysstasjon,2026-09-07T12:48:00+02:00,2026-09-07T12:48:36+02:00,2026-09-07T12:48:36+02:00,36.0,1,Steinkjer,SJN:Line:26,Trønderbanen,R70,rail,SJN:ServiceJourney:437_56066-R,True,actual,False,,,,,2026-09-07T15:44:36.205822+02:00
NSR:StopPlace:60047,Melhus skysstasjon,2026-09-07T14:47:00+02:00,2026-09-07T14:47:36+02:00,2026-09-07T14:47:36+02:00,36.0,1,Steinkjer,SJN:Line:26,Trønderbanen,R70,rail,SJN:ServiceJourney:441-SOeB_56070-R,True,actual,False,,,,,2026-09-07T15:44:36.205822+02:00
NSR:StopPlace:58950,Åsen stasjon,2026-09-07T14:22:00+02:00,2026-09-07T14:22:36+02:00,2026-09-07T14:22:36+02:00,36.0,1,Steinkjer,SJN:Line:26,Trønderbanen,R70,rail,SJN:ServiceJourney:437_56066-R,True,actual,False,,,,,2026-09-07T15:44:36.205822+02:00
NSR:StopPlace:58947,Steinkjer stasjon,2026-09-07T14:05:00+02:00,2026-09-07T14:05:36+02:00,2026-09-07T14:05:36+02:00,36.0,1,Bøla bru,ATB:Line:2_733,Agle Snåsa - Steinkjer,733,bus,ATB:ServiceJourney:733_260106098640641_3,True,actual,False,,,,,2026-09-07T15:44:36.205822+02:00
NSR:StopPlace:58948,Stjørdal stasjon,2026-09-07T14:28:00+02:00,2026-09-07T14:28:36+02:00,2026-09-07T14:28:36+02:00,36.0,1,"Geving, Bjørgmyrene-Hell",ATB:Line:2_7707,Stjørdal - Geving - Lerbakken,7707,bus,ATB:ServiceJourney:7707_260106098642028_4,True,actual,False,,,,,2026-09-07T15:44:36.205822+02:00
NSR:StopPlace:58798,Rakkestad stasjon,2026-09-07T13:45:00+02:00,2026-09-07T13:45:36+02:00,2026-09-07T13:45:36+02:00,36.0,1,Oslo S,VYG:Line:R22,Skøyen-Oslo S-Mysen-Rakkestad,R22,rail,VYG:ServiceJourney:1922_673815-R,True,actual,False,,,,,2026-09-07T15:44:36.205822+02:00
NSR:StopPlace:58845,Eidsvoll verk stasjon,2026-09-07T14:45:00+02:00,2026-09-07T14:45:36+02:00,2026-09-07T14:45:36+02:00,36.0,1,Eidsvoll,RUT:Line:430,Eidsvoll - Jessheim,430,bus,RUT:ServiceJourney:07a2f10ba926b3c4a18d76cc343d5a87,True,actual,False,,,,,2026-09-07T15:44:36.205822+02:00
NSR:StopPlace:58851,Heggedal stasjon,2026-09-07T15:29:00+02:00,2026-09-07T15:29:36+02:00,2026-09-07T15:29:36+02:00,36.0,1,Rustadgrenda,RUT:Line:286,Rustadgrenda-Heggedal,286,bus,RUT:ServiceJourney:51cfb1d88edf4037c1176e981813e98e,True,actual,False,,,,,2026-09-07T15:44:36.205822+02:00
NSR:StopPlace:58865,Vestby stasjon,2026-09-07T14:10:00+02:00,2026-09-07T14:10:36+02:00,2026-09-07T14:10:36+02:00,36.0,1,Stabekk,VYG:Line:R21,Stabekk-Oslo S-Moss,R21,rail,VYG:ServiceJourney:1140-MOS_443019-R,True,actual,False,,,,,2026-09-07T15:44:36.205822+02:00
NSR:StopPlace:58868,Årnes stasjon,2026-09-07T14:51:00+02:00,2026-09-07T14:51:36+02:00,2026-09-07T14:51:36+02:00,36.0,1,Kongsvinger,VYG:Line:R14,Asker-Oslo S-Kongsvinger,R14,rail,VYG:ServiceJourney:1019_442926-R,True,actual,False,,,,,2026-09-07T15:44:36.205822+02:00
NSR:StopPlace:58826,Reinsvoll stasjon,2026-09-07T14:19:00+02:00,2026-09-07T14:19:36+02:00,2026-09-07T14:19:36+02:00,36.0,1,Reinsvoll-Åsmarka-Kopperud,INN:Line:405,Gjøvik-Bøverbru-Reins.-Raufoss,405,bus,INN:ServiceJourney:76446,True,actual,False,,,,,2026-09-07T15:44:36.205822+02:00
NSR:StopPlace:62392,Slependen stasjon,2026-09-07T14:59:00+02:00,2026-09-07T14:59:36+02:00,2026-09-07T14:59:36+02:00,36.0,1,Lillestrøm,VYG:Line:L1,Spikkestad-Oslo S-Lillestrøm,L1,rail,VYG:ServiceJourney:2142_443550-R,True,actual,False,,,,,2026-09-07T15:44:36.205822+02:00
NSR:StopPlace:61291,Stavanger stasjon,2026-09-07T08:23:00+02:00,2026-09-07T08:23:36+02:00,2026-09-07T08:23:36+02:00,36.0,1,Nærbø,GOA:Line:59,Jærbanen,L5,rail,GOA:ServiceJourney:3018_63050-R,True,actual,False,,,,,2026-09-07T08:42:24.659182+02:00
NSR:StopPlace:8,Paradis stasjon,2026-09-07T08:12:00+02:00,2026-09-07T08:12:36+02:00,2026-09-07T08:12:36+02:00,36.0,1,Stavanger,GOA:Line:59,Jærbanen,L5,rail,GOA:ServiceJourney:3113_63158-R,True,actual,False,,,,,2026-09-07T08:42:24.659182+02:00
NSR:StopPlace:61897,Bryn stasjon,2026-09-07T08:00:00+02:00,2026-09-07T08:00:36+02:00,2026-09-07T08:00:36+02:00,36.0,1,Lillestrøm,VYG:Line:L1,Spikkestad-Oslo S-Lillestrøm,L1,rail,VYG:ServiceJourney:2112_443517-R,True,actual,False,,,,,2026-09-07T08:42:24.659182+02:00
NSR:StopPlace:59872,Oslo S,2026-09-07T06:24:00+02:00,2026-09-07T06:24:36+02:00,2026-09-07T06:24:36+02:00,36.0,1,Eidsvoll,VYG:Line:RE11,Eidsvoll-Oslo S-Skien,RE11,rail,VYG:ServiceJourney:802_444382-R,True,actual,False,,,,,2026-09-07T08:42:24.659182+02:00
NSR:StopPlace:59872,Oslo S,2026-09-07T06:41:00+02:00,2026-09-07T06:41:36+02:00,2026-09-07T06:41:36+02:00,36.0,1,Lillestrøm,VYG:Line:L1,Spikkestad-Oslo S-Lillestrøm,L1,rail,VYG:ServiceJourney:2208_764738-R,True,actual,False,Færre vogner,Denne avgangen kjører dessverre med 4 vogner i stedet for 8 vogner. Dette skyldes at vi mangler et togsett.,general,normal,2026-09-07T08:42:24.659182+02:00
NSR:StopPlace:59648,Kjelsås stasjon,2026-09-07T07:04:00+02:00,2026-09-07T07:04:36+02:00,2026-09-07T07:04:36+02:00,36.0,1,Majorstuen,RUT:Line:25,Majorstuen-Haugerud,25,bus,RUT:ServiceJourney:5aadd06027d6e97e4f58534166facc85,True,actual,False,,,,,2026-09-07T08:42:24.659182+02:00
NSR:StopPlace:59648,Kjelsås stasjon,2026-09-07T07:43:00+02:00,2026-09-07T07:43:36+02:00,2026-09-07T07:43:36+02:00,36.0,1,Kværnerbyen,RUT:Line:54,Kværnerbyen - Kjelsås stasjon,54,bus,RUT:ServiceJourney:401707f38990ed3c9bb2180583a02e2c,True,actual,False,,,,,2026-09-07T08:42:24.659182+02:00
NSR:StopPlace:59641,Fjellhamar stasjon,2026-09-07T07:17:00+02:00,2026-09-07T07:17:36+02:00,2026-09-07T07:17:36+02:00,36.0,1,Spikkestad,VYG:Line:L1,Spikkestad-Oslo S-Lillestrøm,L1,rail,VYG:ServiceJourney:2211_443602-R,True,actual,False,,,,,2026-09-07T08:42:24.659182+02:00
NSR:StopPlace:60640,Heimdal stasjon,2026-09-07T04:52:00+02:00,2026-09-07T04:52:36+02:00,2026-09-07T04:52:36+02:00,36.0,1,Steinkjer,SJN:Line:26,Trønderbanen,R70,rail,SJN:ServiceJourney:421_56050-R,True,actual,False,,,,,2026-09-07T08:42:24.659182+02:00
NSR:StopPlace:60944,Ski stasjon,2026-09-07T06:22:00+02:00,2026-09-07T06:22:36+02:00,2026-09-07T06:22:36+02:00,36.0,1,Stabekk,VYG:Line:R21,Stabekk-Oslo S-Moss,R21,rail,VYG:ServiceJourney:1108-MOS_442979-R,True,actual,False,,,,,2026-09-07T08:42:24.659182+02:00
NSR:StopPlace:59983,Bergen stasjon,2026-09-07T06:42:00+02:00,2026-09-07T06:42:36+02:00,2026-09-07T06:42:36+02:00,36.0,1,Arna,VYG:Line:L4,Bergen-Arna,L4,rail,VYG:ServiceJourney:2506_443763-R,True,actual,False,,,,,2026-09-07T08:42:24.659182+02:00
NSR:StopPlace:60077,Støren stasjon,2026-09-07T06:06:00+02:00,2026-09-07T06:06:36+02:00,2026-09-07T06:06:36+02:00,36.0,1,Steinkjer,SJN:Line:26,Trønderbanen,R70,rail,SJN:ServiceJourney:425_56054-R,True,actual,False,,,,,2026-09-07T08:42:24.659182+02:00
NSR:StopPlace:59243,Mo i Rana stasjon,2026-09-07T07:12:00+02:00,2026-09-07T07:12:36+02:00,2026-09-07T07:12:36+02:00,36.0,1,Sykehuset Mo,NOR:Line:12_8372,Kvernkroken - Sykehuset Mo,2,bus,NOR:ServiceJourney:8372_251012124855327_1003,True,actual,False,,,,,2026-09-07T08:42:24.659182+02:00
NSR:StopPlace:59636,Holmlia stasjon,2026-09-07T07:00:00+02:00,2026-09-07T07:00:36+02:00,2026-09-07T07:00:36+02:00,36.0,1,Stabekk,VYG:Line:L2,Stabekk-Oslo S-Ski,L2,rail,VYG:ServiceJourney:2712-SKI_443918-R,True,actual,False,,,,,2026-09-07T08:42:24.659182+02:00
NSR:StopPlace:59637,Rosenholm stasjon,2026-09-07T07:28:00+02:00,2026-09-07T07:28:36+02:00,2026-09-07T07:28:36+02:00,36.0,1,Stabekk,VYG:Line:L2,Stabekk-Oslo S-Ski,L2,rail,VYG:ServiceJourney:2714-SKI_443920-R,True,actual,False,,,,,2026-09-07T08:42:24.659182+02:00
NSR:StopPlace:58963,Jessheim stasjon,2026-09-07T07:22:00+02:00,2026-09-07T07:22:36+02:00,2026-09-07T07:22:36+02:00,36.0,1,Årnes - Nes vgs.,RUT:Line:450,Årnes - Oslo lufthavn,450,bus,RUT:ServiceJourney:881782169c41a25200c4d8fc52942f6b,True,actual,False,,,,,2026-09-07T08:42:24.659182+02:00
NSR:StopPlace:58932,Hommelvik stasjon,2026-09-07T06:35:00+02:00,2026-09-07T06:35:36+02:00,2026-09-07T06:35:36+02:00,36.0,1,Lerkendal,SJN:Line:26,Trønderbanen,R70,rail,SJN:ServiceJourney:1760_56046-R,True,actual,False,,,,,2026-09-07T08:42:24.659182+02:00
NSR:StopPlace:58948,Stjørdal stasjon,2026-09-07T06:25:00+02:00,2026-09-07T06:25:36+02:00,2026-09-07T06:25:36+02:00,36.0,1,Trondheim,ATB:Line:2_311,Stjørdal - Trondheim,311,bus,ATB:ServiceJourney:311_260106098642796_12,True,actual,False,Endret tilbud ved Vikelvvegen,Sydgående avkjøringsrampe fra E6 ved Reppe er stengt frem til 21. september. Vikelvvegen og Ranheim fabrikker til sentrum blir ikke betjent av linje 311 i perioden. ,general,normal,2026-09-07T08:42:24.659182+02:00
NSR:StopPlace:58790,Verdal stasjon,2026-09-07T07:19:00+02:00,2026-09-07T07:19:36+02:00,2026-09-07T07:19:36+02:00,36.0,1,Verdal vgs.,ATB:Line:2_7509,Sveagjardet - Verdal,7509,bus,ATB:ServiceJourney:7509_260106098641164_2,True,actual,False,,,,,2026-09-07T08:42:24.659182+02:00
NSR:StopPlace:58790,Verdal stasjon,2026-09-07T07:42:00+02:00,2026-09-07T07:42:36+02:00,2026-09-07T07:42:36+02:00,36.0,1,Akset,ATB:Line:2_7201,Inderøy - Verdal,7201,bus,ATB:ServiceJourney:7201_260106098640978_3,True,actual,False,,,,,2026-09-07T08:42:24.659182+02:00
NSR:StopPlace:58835,Lier stasjon,2026-09-07T06:47:00+02:00,2026-09-07T06:47:36+02:00,2026-09-07T06:47:36+02:00,36.0,1,Drammen,VYG:Line:R13,Drammen-Oslo S-Dal,R13,rail,VYG:ServiceJourney:1604_443221-R,True,actual,False,,,,,2026-09-07T08:42:24.659182+02:00
NSR:StopPlace:58856,Lysaker stasjon,2026-09-07T05:42:00+02:00,2026-09-07T05:42:36+02:00,2026-09-07T05:42:36+02:00,36.0,1,Tonsenhagen,RUT:Line:31,Snarøya - Fornebu - Tonsenhagen - Grorud,31,bus,RUT:ServiceJourney:24205f920a18af0082cd8e362f68870c,True,actual,False,,,,,2026-09-07T08:42:24.659182+02:00
NSR:StopPlace:58850,Hauerseter stasjon,2026-09-07T07:43:00+02:00,2026-09-07T07:43:36+02:00,2026-09-07T07:43:36+02:00,36.0,1,Nordkisa skole,RUT:Line:3532,Gystadmaraka - Hauerseter - Nordkisa,3532,bus,RUT:ServiceJourney:e636c8a23474bcfdc66efc877c1cc381,True,actual,False,,,,,2026-09-07T08:42:24.659182+02:00
NSR:StopPlace:58851,Heggedal stasjon,2026-09-07T06:52:00+02:00,2026-09-07T06:52:36+02:00,2026-09-07T06:52:36+02:00,36.0,1,Asker,RUT:Line:285,Heggedal - Blakstad - Asker,285,bus,RUT:ServiceJourney:b92fdd760a2abecd03ce240486267857,True,actual,False,,,,,2026-09-07T08:42:24.659182+02:00
NSR:StopPlace:58877,Bø stasjon,2026-09-07T07:15:00+02:00,2026-09-07T07:15:36+02:00,2026-09-07T07:15:36+02:00,36.0,1,Tveitan - Verpe,TEL:Line:8123,Verpe-Tveitan/Vreim-Bø,123,bus,TEL:ServiceJourney:126085,True,actual,False,,,,,2026-09-07T08:42:24.659182+02:00
NSR:StopPlace:58870,Holmestrand stasjon,2026-09-07T07:10:00+02:00,2026-09-07T07:10:36+02:00,2026-09-07T07:10:36+02:00,36.0,1,Re vgs,VKT:Line:1942,Holmestrand-Re vgs,1942,bus,VKT:ServiceJourney:14736,True,actual,False,,,,,2026-09-07T08:42:24.659182+02:00
NSR:StopPlace:58870,Holmestrand stasjon,2026-09-07T08:10:00+02:00,2026-09-07T08:10:36+02:00,2026-09-07T08:10:36+02:00,36.0,1,Hvitstein-Kleiverud,VKT:Line:30,Kleiverud-Holmestrand,30,bus,VKT:ServiceJourney:14851,True,actual,False,,,,,2026-09-07T08:42:24.659182+02:00
NSR:StopPlace:58808,Kongsvinger stasjon,2026-09-07T05:58:00+02:00,2026-09-07T05:58:36+02:00,2026-09-07T05:58:36+02:00,36.0,1,Sykehuset - Bogeråsen,INN:Line:81,Bogeråsen - Rasta,B81,bus,INN:ServiceJourney:54297,True,actual,False,,,,,2026-09-07T08:42:24.659182+02:00
NSR:StopPlace:313,Høybråten stasjon,2026-09-07T06:08:00+02:00,2026-09-07T06:08:36+02:00,2026-09-07T06:08:36+02:00,36.0,1,Asker,VYG:Line:L1,Spikkestad-Oslo S-Lillestrøm,L1,rail,VYG:ServiceJourney:2105_443509-R,True,actual,False,,,,,2026-09-07T08:42:24.659182+02:00
NSR:StopPlace:362,Jåttåvågen stasjon,2026-09-07T07:22:00+02:00,2026-09-07T07:22:36+02:00,2026-09-07T07:22:36+02:00,36.0,1,Stavanger,GOA:Line:59,Jærbanen,L5,rail,GOA:ServiceJourney:3007_63039-R,True,actual,False,,,,,2026-09-07T08:42:24.659182+02:00
NSR:StopPlace:62308,Alna stasjon,2026-09-07T08:03:00+02:00,2026-09-07T08:03:36+02:00,2026-09-07T08:03:36+02:00,36.0,1,Lillestrøm,VYG:Line:L1,Spikkestad-Oslo S-Lillestrøm,L1,rail,VYG:ServiceJourney:2112_443517-R,True,actual,False,,,,,2026-09-07T08:42:24.659182+02:00
NSR:StopPlace:62393,Billingstad stasjon,2026-09-07T07:52:00+02:00,2026-09-07T07:52:36+02:00,2026-09-07T07:52:36+02:00,36.0,1,Asker,VYG:Line:L1,Spikkestad-Oslo S-Lillestrøm,L1,rail,VYG:ServiceJourney:2109_443513-R,True,actual,False,,,,,2026-09-07T08:42:24.659182+02:00
NSR:StopPlace:61466,Vakås stasjon,2026-09-07T21:52:00+02:00,2026-09-07T21:52:35+02:00,2026-09-07T21:52:35+02:00,35.0,1,Lillestrøm,VYG:Line:L1,Spikkestad-Oslo S-Lillestrøm,L1,rail,VYG:ServiceJourney:2170_443581-R,True,actual,False,,,,,2026-09-08T00:20:52.129880+02:00
NSR:StopPlace:59646,Høvik stasjon,2026-09-07T23:12:00+02:00,2026-09-07T23:12:35+02:00,2026-09-07T23:12:35+02:00,35.0,1,Asker,VYG:Line:L1,Spikkestad-Oslo S-Lillestrøm,L1,rail,VYG:ServiceJourney:2171_443582-R,True,actual,False,,,,,2026-09-08T00:20:52.129880+02:00
NSR:StopPlace:59651,Skøyen stasjon,2026-09-07T20:45:00+02:00,2026-09-07T20:45:35+02:00,2026-09-07T20:45:35+02:00,35.0,1,Skien,VYG:Line:RE11,Eidsvoll-Oslo S-Skien,RE11,rail,VYG:ServiceJourney:833_444413-R,True,actual,False,Færre vogner,Denne avgangen kjører dessverre med 5 vogner i stedet for 10 vogner. Dette skyldes at vi mangler et togsett.,general,normal,2026-09-08T00:20:52.129880+02:00
NSR:StopPlace:59952,Drammen stasjon,2026-09-07T23:43:00+02:00,2026-09-07T23:43:35+02:00,2026-09-07T23:43:35+02:00,35.0,1,Kongsberg,VYG:Line:R12,Kongsberg-Oslo S-Eidsvoll,R12,rail,VYG:ServiceJourney:537_444347-R,True,actual,False,,,,,2026-09-08T00:20:52.129880+02:00
NSR:StopPlace:59616,Asker stasjon,2026-09-07T21:49:00+02:00,2026-09-07T21:49:35+02:00,2026-09-07T21:49:35+02:00,35.0,1,Dal,VYG:Line:R13,Drammen-Oslo S-Dal,R13,rail,VYG:ServiceJourney:1669_443361-R,True,actual,False,,,,,2026-09-08T00:20:52.129880+02:00
NSR:StopPlace:58930,Larvik stasjon,2026-09-07T20:32:00+02:00,2026-09-07T20:32:35+02:00,2026-09-07T20:32:35+02:00,35.0,1,Eidsvoll,VYG:Line:RE11,Eidsvoll-Oslo S-Skien,RE11,rail,VYG:ServiceJourney:834_444414-R,True,actual,False,,,,,2026-09-08T00:20:52.129880+02:00
NSR:StopPlace:58931,Fannrem stasjon,2026-09-07T21:10:00+02:00,2026-09-07T21:10:35+02:00,2026-09-07T21:10:35+02:00,35.0,1,Trondheim S via fv. 800,ATB:Line:2_410,Trondheim - Orkanger - (Fannrem) via fv. 800,410,bus,ATB:ServiceJourney:410_260106098639926_31,True,actual,False,,,,,2026-09-08T00:20:52.129880+02:00
NSR:StopPlace:58948,Stjørdal stasjon,2026-09-07T22:58:00+02:00,2026-09-07T22:58:35+02:00,2026-09-07T22:58:35+02:00,35.0,1,Marienborg via Brattøra,ATB:Line:2_70,Stjørdal/Hommelvik- Trondheim,70,bus,ATB:ServiceJourney:70_251215112547008_112,True,actual,False,,,,,2026-09-08T00:20:52.129880+02:00
NSR:StopPlace:58948,Stjørdal stasjon,2026-09-07T23:00:00+02:00,2026-09-07T23:00:35+02:00,2026-09-07T23:00:35+02:00,35.0,1,Støren,SJN:Line:26,Trønderbanen,R70,rail,SJN:ServiceJourney:454_56083-R,True,actual,False,,,,,2026-09-08T00:20:52.129880+02:00
NSR:StopPlace:58843,Blommenholm stasjon,2026-09-07T22:34:00+02:00,2026-09-07T22:34:35+02:00,2026-09-07T22:34:35+02:00,35.0,1,Lillestrøm,VYG:Line:L1,Spikkestad-Oslo S-Lillestrøm,L1,rail,VYG:ServiceJourney:2172_443583-R,True,actual,False,,,,,2026-09-08T00:20:52.129880+02:00
NSR:StopPlace:58857,Lørenskog stasjon,2026-09-07T22:21:00+02:00,2026-09-07T22:21:35+02:00,2026-09-07T22:21:35+02:00,35.0,1,Spikkestad,VYG:Line:L1,Spikkestad-Oslo S-Lillestrøm,L1,rail,VYG:ServiceJourney:2271_443704-R,True,actual,False,,,,,2026-09-08T00:20:52.129880+02:00
NSR:StopPlace:58851,Heggedal stasjon,2026-09-07T22:29:00+02:00,2026-09-07T22:29:35+02:00,2026-09-07T22:29:35+02:00,35.0,1,Asker,RUT:Line:280,Asker - Dikemark - Heggedal,280,bus,RUT:ServiceJourney:1cecdea8824f34e5c1727bce1b1a74ab,True,actual,False,,,,,2026-09-08T00:20:52.129880+02:00
NSR:StopPlace:58865,Vestby stasjon,2026-09-07T21:40:00+02:00,2026-09-07T21:40:35+02:00,2026-09-07T21:40:35+02:00,35.0,1,Stabekk,VYG:Line:R21,Stabekk-Oslo S-Moss,R21,rail,VYG:ServiceJourney:1170-MOS_443066-R,True,actual,False,,,,,2026-09-08T00:20:52.129880+02:00
NSR:StopPlace:58868,Årnes stasjon,2026-09-07T21:34:00+02:00,2026-09-07T21:34:35+02:00,2026-09-07T21:34:35+02:00,35.0,1,Oslo lufthavn,RUT:Line:450,Årnes - Oslo lufthavn,450,bus,RUT:ServiceJourney:a837d03bdfcb472890a5bb979055f11b,True,actual,False,,,,,2026-09-08T00:20:52.129880+02:00
NSR:StopPlace:58869,Ås stasjon,2026-09-07T22:40:00+02:00,2026-09-07T22:40:35+02:00,2026-09-07T22:40:35+02:00,35.0,1,Moss,VYG:Line:R21,Stabekk-Oslo S-Moss,R21,rail,VYG:ServiceJourney:1169-HVK_443062-R,True,actual,False,,,,,2026-09-08T00:20:52.129880+02:00
NSR:StopPlace:58876,Tønsberg stasjon,2026-09-07T23:17:00+02:00,2026-09-07T23:17:35+02:00,2026-09-07T23:17:35+02:00,35.0,1,Tønsberg-Åsgårdstrand,VKT:Line:1,Horten-Tønsberg-Sandefjord,1,bus,VKT:ServiceJourney:15657,True,actual,False,,,,,2026-09-08T00:20:52.129880+02:00
NSR:StopPlace:58826,Reinsvoll stasjon,2026-09-07T23:33:00+02:00,2026-09-07T23:33:35+02:00,2026-09-07T23:33:35+02:00,35.0,1,Raufoss-Gjøvik,INN:Line:46,Lena-Raufoss-Gjøvik-Kapp-Lena,B46,bus,INN:ServiceJourney:76850,True,actual,False,,,,,2026-09-08T00:20:52.129880+02:00
NSR:StopPlace:398,Arna stasjon,2026-09-07T22:42:00+02:00,2026-09-07T22:42:35+02:00,2026-09-07T22:42:35+02:00,35.0,1,Bergen,VYG:Line:L4,Bergen-Arna,L4,rail,VYG:ServiceJourney:2671_443886-R,True,actual,False,,,,,2026-09-08T00:20:52.129880+02:00
NSR:StopPlace:61466,Vakås stasjon,2026-09-07T18:52:00+02:00,2026-09-07T18:52:35+02:00,2026-09-07T18:52:35+02:00,35.0,1,Lillestrøm,VYG:Line:L1,Spikkestad-Oslo S-Lillestrøm,L1,rail,VYG:ServiceJourney:2158_443567-R,True,actual,False,,,,,2026-09-07T20:27:16.249662+02:00
NSR:StopPlace:59646,Høvik stasjon,2026-09-07T19:12:00+02:00,2026-09-07T19:12:35+02:00,2026-09-07T19:12:35+02:00,35.0,1,Asker,VYG:Line:L1,Spikkestad-Oslo S-Lillestrøm,L1,rail,VYG:ServiceJourney:2155_443564-R,True,actual,False,,,,,2026-09-07T20:27:16.249662+02:00
NSR:StopPlace:59652,Tøyen stasjon,2026-09-07T19:24:00+02:00,2026-09-07T19:24:35+02:00,2026-09-07T19:24:35+02:00,35.0,1,Tonsenhagen,RUT:Line:60,Vippetangen-Tonsenhagen,60,bus,RUT:ServiceJourney:a5e20239862452fd7cc1900871e7f94d,True,actual,False,,,,,2026-09-07T20:27:16.249662+02:00
NSR:StopPlace:59653,Haugenstua stasjon,2026-09-07T18:40:00+02:00,2026-09-07T18:40:35+02:00,2026-09-07T18:40:35+02:00,35.0,1,Asker,VYG:Line:L1,Spikkestad-Oslo S-Lillestrøm,L1,rail,VYG:ServiceJourney:2155_443564-R,True,actual,False,,,,,2026-09-07T20:27:16.249662+02:00
NSR:StopPlace:59654,Stabekk stasjon,2026-09-07T18:02:00+02:00,2026-09-07T18:02:35+02:00,2026-09-07T18:02:35+02:00,35.0,1,Nationaltheatret,RUT:Line:150,Gullhaug - Nationaltheatret,150,bus,RUT:ServiceJourney:94feb95abe61fc0e893100c757e2d9a8,True,actual,False,,,,,2026-09-07T20:27:16.249662+02:00
NSR:StopPlace:59638,Myrvoll stasjon,2026-09-07T18:36:00+02:00,2026-09-07T18:36:35+02:00,2026-09-07T18:36:35+02:00,35.0,1,Oslo S,VYG:Line:L2,Stabekk-Oslo S-Ski,L2,rail,VYG:ServiceJourney:2858_444098-R,True,actual,False,,,,,2026-09-07T20:27:16.249662+02:00
NSR:StopPlace:58932,Hommelvik stasjon,2026-09-07T17:54:00+02:00,2026-09-07T17:54:35+02:00,2026-09-07T17:54:35+02:00,35.0,1,Marienborg via Brattøra,ATB:Line:2_70,Stjørdal/Hommelvik- Trondheim,70,bus,ATB:ServiceJourney:70_251215112547001_80,True,actual,False,,,,,2026-09-07T20:27:16.249662+02:00
NSR:StopPlace:58795,Kambo stasjon,2026-09-07T20:26:00+02:00,2026-09-07T20:26:35+02:00,2026-09-07T20:26:35+02:00,35.0,1,Moss,RUT:Line:540,Moss - Son - Vestby stasjon,540,bus,RUT:ServiceJourney:d2397d19757875fba761acb149b5907b,True,actual,False,,,,,2026-09-07T20:27:16.249662+02:00
NSR:StopPlace:58836,Mjøndalen stasjon,2026-09-07T19:24:00+02:00,2026-09-07T19:24:35+02:00,2026-09-07T19:24:35+02:00,35.0,1,Drammen via Gulskogen,BRA:Line:4_6052,Drammen - Mjøndalen,52,bus,BRA:ServiceJourney:6052_260415100161115_1046,True,actual,False,,,,,2026-09-07T20:27:16.249662+02:00
NSR:StopPlace:58838,Røyken stasjon,2026-09-07T17:15:00+02:00,2026-09-07T17:15:35+02:00,2026-09-07T17:15:35+02:00,35.0,1,Asker,RUT:Line:260,Hyggen - Bråset -Slemmestad (- Asker),260,bus,RUT:ServiceJourney:42cc923c2af5ba6cabca4f760c08a21b,True,actual,False,,,,,2026-09-07T20:27:16.249662+02:00
NSR:StopPlace:58843,Blommenholm stasjon,2026-09-07T17:58:00+02:00,2026-09-07T17:58:35+02:00,2026-09-07T17:58:35+02:00,35.0,1,Spikkestad,VYG:Line:L1,Spikkestad-Oslo S-Lillestrøm,L1,rail,VYG:ServiceJourney:2251_443671-R,True,actual,False,,,,,2026-09-07T20:27:16.249662+02:00
NSR:StopPlace:58854,Langhus stasjon,2026-09-07T17:27:00+02:00,2026-09-07T17:27:35+02:00,2026-09-07T17:27:35+02:00,35.0,1,Oslo S,VYG:Line:L2,Stabekk-Oslo S-Ski,L2,rail,VYG:ServiceJourney:2854_444092-R,True,actual,False,,,,,2026-09-07T20:27:16.249662+02:00
NSR:StopPlace:58858,Nittedal stasjon,2026-09-07T20:20:00+02:00,2026-09-07T20:20:35+02:00,2026-09-07T20:20:35+02:00,35.0,1,Lørenskog sentrum,RUT:Line:385,Nittedal stasjon - Olavsgaard - Ahus,385,bus,RUT:ServiceJourney:ef3e4afe6908f44f6abd1469b1a6eb37,True,actual,False,,,,,2026-09-07T20:27:16.249662+02:00
NSR:StopPlace:58851,Heggedal stasjon,2026-09-07T18:29:00+02:00,2026-09-07T18:29:35+02:00,2026-09-07T18:29:35+02:00,35.0,1,Asker,RUT:Line:280,Asker - Dikemark - Heggedal,280,bus,RUT:ServiceJourney:513ce07a2f1fa5526e0bcbd72b3f9b66,True,actual,False,,,,,2026-09-07T20:27:16.249662+02:00
NSR:StopPlace:58865,Vestby stasjon,2026-09-07T18:20:00+02:00,2026-09-07T18:20:35+02:00,2026-09-07T18:20:35+02:00,35.0,1,Grønberg,RUT:Line:530,Pepperstad - Vestby stasjon,530,bus,RUT:ServiceJourney:7cb299508a861ad574339d2ac0da1bcc,True,actual,False,,,,,2026-09-07T20:27:16.249662+02:00
NSR:StopPlace:58868,Årnes stasjon,2026-09-07T19:04:00+02:00,2026-09-07T19:04:35+02:00,2026-09-07T19:04:35+02:00,35.0,1,Oslo lufthavn,RUT:Line:450,Årnes - Oslo lufthavn,450,bus,RUT:ServiceJourney:0548b3b41ae497795c7e3276e7ea561c,True,actual,False,,,,,2026-09-07T20:27:16.249662+02:00
NSR:StopPlace:58862,Strømmen stasjon,2026-09-07T17:45:00+02:00,2026-09-07T17:45:35+02:00,2026-09-07T17:45:35+02:00,35.0,1,Spikkestad,VYG:Line:L1,Spikkestad-Oslo S-Lillestrøm,L1,rail,VYG:ServiceJourney:2253_443674-R,True,actual,False,Færre vogner,Denne avgangen kjører dessverre med 4 vogner i stedet for 8 vogner. Dette skyldes at vi mangler et togsett.,general,normal,2026-09-07T20:27:16.249662+02:00
NSR:StopPlace:610,Sandvika stasjon,2026-09-07T17:05:00+02:00,2026-09-07T17:05:35+02:00,2026-09-07T17:05:35+02:00,35.0,1,Eidsvoll,VYG:Line:RE11,Eidsvoll-Oslo S-Skien,RE11,rail,VYG:ServiceJourney:824_444404-R,True,actual,False,,,,,2026-09-07T20:27:16.249662+02:00
NSR:StopPlace:62308,Alna stasjon,2026-09-07T18:33:00+02:00,2026-09-07T18:33:35+02:00,2026-09-07T18:33:35+02:00,35.0,1,Lillestrøm,VYG:Line:L1,Spikkestad-Oslo S-Lillestrøm,L1,rail,VYG:ServiceJourney:2154_443563-R,True,actual,False,,,,,2026-09-07T20:27:16.249662+02:00
NSR:StopPlace:61301,Movatn stasjon,2026-09-07T15:27:00+02:00,2026-09-07T15:27:35+02:00,2026-09-07T15:27:35+02:00,35.0,1,Nydalen,VYG:Line:R31,Skøyen-Jaren-Gjøvik,R31,rail,VYG:ServiceJourney:BUS-286_655638-R,True,actual,False,,,,,2026-09-07T15:44:36.205822+02:00
NSR:StopPlace:59957,Klepp stasjon,2026-09-07T14:38:00+02:00,2026-09-07T14:38:35+02:00,2026-09-07T14:38:35+02:00,35.0,1,Boreringen,KOL:Line:8_2024,59,59,bus,KOL:ServiceJourney:2024_250903083241334_2022,True,actual,False,,,,,2026-09-07T15:44:36.205822+02:00
NSR:StopPlace:60047,Melhus skysstasjon,2026-09-07T14:36:00+02:00,2026-09-07T14:36:35+02:00,2026-09-07T14:36:35+02:00,35.0,1,Dora via E6 - City Syd E6,ATB:Line:2_71,MelhusSkyss-Trondheim,71,bus,ATB:ServiceJourney:71_251215112545668_58,True,actual,False,,,,,2026-09-07T15:44:36.205822+02:00
NSR:StopPlace:60047,Melhus skysstasjon,2026-09-07T14:45:00+02:00,2026-09-07T14:45:35+02:00,2026-09-07T14:45:35+02:00,35.0,1,Rosmælen skole,ATB:Line:2_5004,Klett - Melhus - Støren,5004,bus,ATB:ServiceJourney:5004_260309084084456_24,True,actual,False,,,,,2026-09-07T15:44:36.205822+02:00
NSR:StopPlace:59637,Rosenholm stasjon,2026-09-07T14:28:00+02:00,2026-09-07T14:28:35+02:00,2026-09-07T14:28:35+02:00,35.0,1,Stabekk,VYG:Line:L2,Stabekk-Oslo S-Ski,L2,rail,VYG:ServiceJourney:2742-SKI_443952-R,True,actual,False,,,,,2026-09-07T15:44:36.205822+02:00
NSR:StopPlace:58931,Fannrem stasjon,2026-09-07T15:30:00+02:00,2026-09-07T15:30:35+02:00,2026-09-07T15:30:35+02:00,35.0,1,Trondheim S via Orkanger skysst.,ATB:Line:2_310,Trondheim - Orkanger - Fannrem,310,bus,ATB:ServiceJourney:310_260106098639830_51,True,actual,False,,,,,2026-09-07T15:44:36.205822+02:00
NSR:StopPlace:58948,Stjørdal stasjon,2026-09-07T14:00:00+02:00,2026-09-07T14:00:35+02:00,2026-09-07T14:00:35+02:00,35.0,1,Trondheim,ATB:Line:2_311,Stjørdal - Trondheim,311,bus,ATB:ServiceJourney:311_260106098642700_46,True,actual,False,Endret tilbud ved Vikelvvegen,Sydgående avkjøringsrampe fra E6 ved Reppe er stengt frem til 21. september. Vikelvvegen og Ranheim fabrikker til sentrum blir ikke betjent av linje 311 i perioden. ,general,normal,2026-09-07T15:44:36.205822+02:00
NSR:StopPlace:58841,Ål stasjon,2026-09-07T14:40:00+02:00,2026-09-07T14:40:35+02:00,2026-09-07T14:40:35+02:00,35.0,1,Bergsjø,BRA:Line:4_6336,Ål - Vats - Bergsjø,336,bus,BRA:ServiceJourney:6336_260415100158940_1005,True,actual,False,,,,,2026-09-07T15:44:36.205822+02:00
NSR:StopPlace:58872,Sandefjord stasjon,2026-09-07T14:18:00+02:00,2026-09-07T14:18:35+02:00,2026-09-07T14:18:35+02:00,35.0,1,Skien,VYG:Line:RE11,Eidsvoll-Oslo S-Skien,RE11,rail,VYG:ServiceJourney:817_444397-R,True,actual,False,,,,,2026-09-07T15:44:36.205822+02:00
NSR:StopPlace:144,Skansen stasjon,2026-09-07T15:35:00+02:00,2026-09-07T15:35:35+02:00,2026-09-07T15:35:35+02:00,35.0,1,Steinkjer,SJN:Line:26,Trønderbanen,R70,rail,SJN:ServiceJourney:1763_56048-R,True,actual,False,,,,,2026-09-07T15:44:36.205822+02:00
NSR:StopPlace:420,Lillehammer stasjon,2026-09-07T15:07:00+02:00,2026-09-07T15:07:35+02:00,2026-09-07T15:07:35+02:00,35.0,1,Drammen,VYG:Line:RE10,Drammen-Oslo S-Lillehammer,RE10,rail,VYG:ServiceJourney:324-LHM_444211-R,True,actual,False,,,,,2026-09-07T15:44:36.205822+02:00
NSR:StopPlace:62309,Ljan stasjon,2026-09-07T15:35:00+02:00,2026-09-07T15:35:35+02:00,2026-09-07T15:35:35+02:00,35.0,1,Stabekk,VYG:Line:L2,Stabekk-Oslo S-Ski,L2,rail,VYG:ServiceJourney:2746-SKI_443956-R,True,actual,False,,,,,2026-09-07T15:44:36.205822+02:00
NSR:StopPlace:61464,Hvalstad stasjon,2026-09-07T05:54:00+02:00,2026-09-07T05:54:35+02:00,2026-09-07T05:54:35+02:00,35.0,1,Lillestrøm,VYG:Line:L1,Spikkestad-Oslo S-Lillestrøm,L1,rail,VYG:ServiceJourney:2106_443510-R,True,actual,False,,,,,2026-09-07T08:42:24.659182+02:00
NSR:StopPlace:61464,Hvalstad stasjon,2026-09-07T08:40:00+02:00,2026-09-07T08:40:35+02:00,2026-09-07T08:40:35+02:00,35.0,1,Lillestrøm,VYG:Line:L1,Spikkestad-Oslo S-Lillestrøm,L1,rail,VYG:ServiceJourney:2218_443613-R,True,actual,False,,,,,2026-09-07T08:42:24.659182+02:00
NSR:StopPlace:61387,Skogn stasjon,2026-09-07T05:16:00+02:00,2026-09-07T05:16:35+02:00,2026-09-07T05:16:35+02:00,35.0,1,Støren,SJN:Line:26,Trønderbanen,R70,rail,SJN:ServiceJourney:420_56049-R,True,actual,False,,,,,2026-09-07T08:42:24.659182+02:00
NSR:StopPlace:33,Ranheim stasjon,2026-09-07T05:23:00+02:00,2026-09-07T05:23:35+02:00,2026-09-07T05:23:35+02:00,35.0,1,Steinkjer,SJN:Line:26,Trønderbanen,R70,rail,SJN:ServiceJourney:421_56050-R,True,actual,False,,,,,2026-09-07T08:42:24.659182+02:00
NSR:StopPlace:59872,Oslo S,2026-09-07T06:14:00+02:00,2026-09-07T06:14:35+02:00,2026-09-07T06:14:35+02:00,35.0,1,Dal,VYG:Line:R13,Drammen-Oslo S-Dal,R13,rail,VYG:ServiceJourney:1605_443222-R,True,actual,False,,,,,2026-09-07T08:42:24.659182+02:00
NSR:StopPlace:59648,Kjelsås stasjon,2026-09-07T06:29:00+02:00,2026-09-07T06:29:35+02:00,2026-09-07T06:29:35+02:00,35.0,1,Haugerud,RUT:Line:25,Majorstuen-Haugerud,25,bus,RUT:ServiceJourney:490c91a58e45117b0087fe4e8efc9540,True,actual,False,,,,,2026-09-07T08:42:24.659182+02:00
NSR:StopPlace:59648,Kjelsås stasjon,2026-09-07T07:03:00+02:00,2026-09-07T07:03:35+02:00,2026-09-07T07:03:35+02:00,35.0,1,Kværnerbyen,RUT:Line:54,Kværnerbyen - Kjelsås stasjon,54,bus,RUT:ServiceJourney:8e30114f5827a5999fe9405eb50b8611,True,actual,False,,,,,2026-09-07T08:42:24.659182+02:00
NSR:StopPlace:60640,Heimdal stasjon,2026-09-07T05:53:00+02:00,2026-09-07T05:53:35+02:00,2026-09-07T05:53:35+02:00,35.0,1,Steinkjer,SJN:Line:26,Trønderbanen,R70,rail,SJN:ServiceJourney:423_56052-R,True,actual,False,,,,,2026-09-07T08:42:24.659182+02:00
NSR:StopPlace:60640,Heimdal stasjon,2026-09-07T07:09:00+02:00,2026-09-07T07:09:35+02:00,2026-09-07T07:09:35+02:00,35.0,1,Flatåsen/N. Flatåsen via Saupst.,ATB:Line:2_16,Flatåsen- Heimdal- Torgård,16,bus,ATB:ServiceJourney:16_251215112550530_3,True,actual,False,,,,,2026-09-07T08:42:24.659182+02:00
NSR:StopPlace:59958,Voss stasjon,2026-09-07T08:35:00+02:00,2026-09-07T08:35:35+02:00,2026-09-07T08:35:35+02:00,35.0,1,Skulestadmo,SKY:Line:950,Bergen-Voss-Gudvangen,950,bus,SKY:ServiceJourney:950-205165-21338658,True,actual,False,,,,,2026-09-07T08:42:24.659182+02:00
NSR:StopPlace:59977,Trondheim S,2026-09-07T05:55:00+02:00,2026-09-07T05:55:35+02:00,2026-09-07T05:55:35+02:00,35.0,1,Oslo S,SJN:Line:21,Dovrebanen,F6,rail,SJN:ServiceJourney:40-TND_48233-R,True,actual,False,,,,,2026-09-07T08:42:24.659182+02:00
NSR:StopPlace:59983,Bergen stasjon,2026-09-07T08:12:00+02:00,2026-09-07T08:12:35+02:00,2026-09-07T08:12:35+02:00,35.0,1,Arna,VYG:Line:L4,Bergen-Arna,L4,rail,VYG:ServiceJourney:2512_443770-R,True,actual,False,,,,,2026-09-07T08:42:24.659182+02:00
NSR:StopPlace:59620,Grorud stasjon,2026-09-07T07:02:00+02:00,2026-09-07T07:02:35+02:00,2026-09-07T07:02:35+02:00,35.0,1,Grorud T,RUT:Line:66,Helsfyr T - Grorud T,66,bus,RUT:ServiceJourney:c5b28ae90f152d5c523dd037b8b96643,True,actual,False,,,,,2026-09-07T08:42:24.659182+02:00
NSR:StopPlace:59639,Sonsveien stasjon,2026-09-07T07:21:00+02:00,2026-09-07T07:21:35+02:00,2026-09-07T07:21:35+02:00,35.0,1,Moss,VYG:Line:R21,Stabekk-Oslo S-Moss,R21,rail,VYG:ServiceJourney:1107-HVK_442978-R,True,actual,False,,,,,2026-09-07T08:42:24.659182+02:00
NSR:StopPlace:58963,Jessheim stasjon,2026-09-07T07:10:00+02:00,2026-09-07T07:10:35+02:00,2026-09-07T07:10:35+02:00,35.0,1,Eidsvoll,RUT:Line:430,Eidsvoll - Jessheim,430,bus,RUT:ServiceJourney:e59f70ed90d98193f0e790ab6674575d,True,actual,False,,,,,2026-09-07T08:42:24.659182+02:00
NSR:StopPlace:58798,Rakkestad stasjon,2026-09-07T07:25:00+02:00,2026-09-07T07:25:35+02:00,2026-09-07T07:25:35+02:00,35.0,1,Os skole-Rakkestad u. skole,OST:Line:1_416,Rakkestad-Os,416,bus,OST:ServiceJourney:416_260325121471394_1,True,actual,False,,,,,2026-09-07T08:42:24.659182+02:00
NSR:StopPlace:58836,Mjøndalen stasjon,2026-09-07T07:21:00+02:00,2026-09-07T07:21:35+02:00,2026-09-07T07:21:35+02:00,35.0,1,Drammen sykehus,BRA:Line:4_6001,Drammen sykehus Brakerøya - Sørensvingen / Mjøndalen,1,bus,BRA:ServiceJourney:6001_260415100161794_1030,True,actual,False,,,,,2026-09-07T08:42:24.659182+02:00
NSR:StopPlace:58839,Steinberg stasjon,2026-09-07T06:35:00+02:00,2026-09-07T06:35:35+02:00,2026-09-07T06:35:35+02:00,35.0,1,Drammen via Mjøndalen,BRA:Line:4_6101,Drammen-Vikersund/Hønefoss,101,bus,BRA:ServiceJourney:6101_260415100161271_1008,True,actual,False,,,,,2026-09-07T08:42:24.659182+02:00
NSR:StopPlace:58869,Ås stasjon,2026-09-07T07:01:00+02:00,2026-09-07T07:01:35+02:00,2026-09-07T07:01:35+02:00,35.0,1,Oslo S,VYG:Line:R23x,Stabekk-Oslo S-Moss,R23x,rail,VYG:ServiceJourney:1508_443150-R,True,actual,False,,,,,2026-09-07T08:42:24.659182+02:00
NSR:StopPlace:58810,Løten stasjon,2026-09-07T07:47:00+02:00,2026-09-07T07:47:35+02:00,2026-09-07T07:47:35+02:00,35.0,1,Elverum,INN:Line:804,Løten - Elverum - Hernes,804,bus,INN:ServiceJourney:86278,True,actual,False,,,,,2026-09-07T08:42:24.659182+02:00
NSR:StopPlace:63079,Skeiane stasjon,2026-09-07T06:06:00+02:00,2026-09-07T06:06:35+02:00,2026-09-07T06:06:35+02:00,35.0,1,Egersund,GOA:Line:59,Jærbanen,L5,rail,GOA:ServiceJourney:3008_63040-R,True,actual,False,,,,,2026-09-07T08:42:24.659182+02:00
NSR:StopPlace:144,Skansen stasjon,2026-09-07T07:07:00+02:00,2026-09-07T07:07:35+02:00,2026-09-07T07:07:35+02:00,35.0,1,Steinkjer,SJN:Line:26,Trønderbanen,R70,rail,SJN:ServiceJourney:425_56054-R,True,actual,False,,,,,2026-09-07T08:42:24.659182+02:00
NSR:StopPlace:441,Auli stasjon,2026-09-07T06:46:00+02:00,2026-09-07T06:46:35+02:00,2026-09-07T06:46:35+02:00,35.0,1,Asker,VYG:Line:R14,Asker-Oslo S-Kongsvinger,R14,rail,VYG:ServiceJourney:1052-KVG_442956-R,True,actual,False,,,,,2026-09-07T08:42:24.659182+02:00
NSR:StopPlace:702,Sandnes sentrum stasjon,2026-09-07T06:36:00+02:00,2026-09-07T06:36:35+02:00,2026-09-07T06:36:35+02:00,35.0,1,Nærbø,GOA:Line:59,Jærbanen,L5,rail,GOA:ServiceJourney:3010_63042-R,True,actual,False,,,,,2026-09-07T08:42:24.659182+02:00
NSR:StopPlace:62310,Brusand stasjon,2026-09-07T07:35:00+02:00,2026-09-07T07:35:35+02:00,2026-09-07T07:35:35+02:00,35.0,1,Stavanger,GOA:Line:59,Jærbanen,L5,rail,GOA:ServiceJourney:3013_63045-R,True,actual,False,,,,,2026-09-07T08:42:24.659182+02:00
NSR:StopPlace:62339,Lillestrøm stasjon,2026-09-07T05:10:00+02:00,2026-09-07T05:10:35+02:00,2026-09-07T05:10:35+02:00,35.0,1,Spikkestad,VYG:Line:L1,Spikkestad-Oslo S-Lillestrøm,L1,rail,VYG:ServiceJourney:2203_764731-R,True,actual,False,Heis i spor 1 og 2 er ute av bruk på grunn av vedlikehold. | Færre vogner,Heis i spor 1 og 2 er ute av bruk på grunn av vedlikehold. | Denne avgangen kjører dessverre med 4 vogner i stedet for 8 vogner. Dette skyldes at vi mangler et togsett.,general | general,normal | normal,2026-09-07T08:42:24.659182+02:00
NSR:StopPlace:61466,Vakås stasjon,2026-09-07T21:22:00+02:00,2026-09-07T21:22:34+02:00,2026-09-07T21:22:34+02:00,34.0,1,Lillestrøm,VYG:Line:L1,Spikkestad-Oslo S-Lillestrøm,L1,rail,VYG:ServiceJourney:2168_443578-R,True,actual,False,,,,,2026-09-08T00:20:52.129880+02:00
NSR:StopPlace:61463,Nordstrand stasjon,2026-09-07T22:37:00+02:00,2026-09-07T22:37:34+02:00,2026-09-07T22:37:34+02:00,34.0,1,Stabekk,VYG:Line:L2,Stabekk-Oslo S-Ski,L2,rail,VYG:ServiceJourney:2774-SKI_443996-R,True,actual,False,,,,,2026-09-08T00:20:52.129880+02:00
NSR:StopPlace:61463,Nordstrand stasjon,2026-09-08T00:07:00+02:00,2026-09-08T00:07:34+02:00,2026-09-08T00:07:34+02:00,34.0,1,Stabekk,VYG:Line:L2,Stabekk-Oslo S-Ski,L2,rail,VYG:ServiceJourney:2780-SKI_444006-R,True,actual,False,,,,,2026-09-08T00:20:52.129880+02:00
NSR:StopPlace:41,Hanaborg stasjon,2026-09-07T23:49:00+02:00,2026-09-07T23:49:34+02:00,2026-09-07T23:49:34+02:00,34.0,1,Spikkestad,VYG:Line:L1,Spikkestad-Oslo S-Lillestrøm,L1,rail,VYG:ServiceJourney:2277_443713-R,True,actual,False,,,,,2026-09-08T00:20:52.129880+02:00
NSR:StopPlace:59646,Høvik stasjon,2026-09-07T22:42:00+02:00,2026-09-07T22:42:34+02:00,2026-09-07T22:42:34+02:00,34.0,1,Asker,VYG:Line:L1,Spikkestad-Oslo S-Lillestrøm,L1,rail,VYG:ServiceJourney:2169_443579-R,True,actual,False,,,,,2026-09-08T00:20:52.129880+02:00
NSR:StopPlace:59646,Høvik stasjon,2026-09-07T23:07:00+02:00,2026-09-07T23:07:34+02:00,2026-09-07T23:07:34+02:00,34.0,1,Lillestrøm,VYG:Line:L1,Spikkestad-Oslo S-Lillestrøm,L1,rail,VYG:ServiceJourney:2174_443585-R,True,actual,False,,,,,2026-09-08T00:20:52.129880+02:00
NSR:StopPlace:59641,Fjellhamar stasjon,2026-09-07T22:55:00+02:00,2026-09-07T22:55:34+02:00,2026-09-07T22:55:34+02:00,34.0,1,Vallerudtoppen,RUT:Line:315,Vallerudtoppen - Ahus,315,bus,RUT:ServiceJourney:5775b01e57ae3159754b702bd156724e,True,actual,False,,,,,2026-09-08T00:20:52.129880+02:00
NSR:StopPlace:59653,Haugenstua stasjon,2026-09-07T22:40:00+02:00,2026-09-07T22:40:34+02:00,2026-09-07T22:40:34+02:00,34.0,1,Asker,VYG:Line:L1,Spikkestad-Oslo S-Lillestrøm,L1,rail,VYG:ServiceJourney:2171_443582-R,True,actual,False,,,,,2026-09-08T00:20:52.129880+02:00
NSR:StopPlace:60053,Halden stasjon,2026-09-07T21:08:00+02:00,2026-09-07T21:08:34+02:00,2026-09-07T21:08:34+02:00,34.0,1,Oslo S,VYG:Line:RE20,Oslo S-Halden-Göteborg (X-Border),RE20,rail,VYG:ServiceJourney:136_443136-R,True,actual,False,,,,,2026-09-08T00:20:52.129880+02:00
NSR:StopPlace:60053,Halden stasjon,2026-09-07T22:12:00+02:00,2026-09-07T22:12:34+02:00,2026-09-07T22:12:34+02:00,34.0,1,Oslo S,VYG:Line:RE20,Oslo S-Halden-Göteborg (X-Border),RE20,rail,VYG:ServiceJourney:398-138_466030-R,True,actual,False,,,,,2026-09-08T00:20:52.129880+02:00
NSR:StopPlace:59638,Myrvoll stasjon,2026-09-07T22:05:00+02:00,2026-09-07T22:05:34+02:00,2026-09-07T22:05:34+02:00,34.0,1,Filipstad,RUT:Line:81,Fornebu - Myrvoll stasjon,81,bus,RUT:ServiceJourney:af3f183df7c8199c8aec80a705884386,True,actual,False,,,,,2026-09-08T00:20:52.129880+02:00
NSR:StopPlace:58796,Moss stasjon,2026-09-07T23:08:00+02:00,2026-09-07T23:08:34+02:00,2026-09-07T23:08:34+02:00,34.0,1,Refsnes,OST:Line:1_20,Refsnes,20,bus,OST:ServiceJourney:20_260622091533717_91,True,actual,False,,,,,2026-09-08T00:20:52.129880+02:00
NSR:StopPlace:58844,Eidsvoll stasjon,2026-09-07T22:08:00+02:00,2026-09-07T22:08:34+02:00,2026-09-07T22:08:34+02:00,34.0,1,Lillehammer,VYG:Line:RE10,Drammen-Oslo S-Lillehammer,RE10,rail,VYG:ServiceJourney:335-SUD_486419-R,True,actual,False,,,,,2026-09-08T00:20:52.129880+02:00
NSR:StopPlace:58853,Kolbotn stasjon,2026-09-07T22:55:00+02:00,2026-09-07T22:55:34+02:00,2026-09-07T22:55:34+02:00,34.0,1,Stabekk,VYG:Line:L2,Stabekk-Oslo S-Ski,L2,rail,VYG:ServiceJourney:2776-SKI_443999-R,True,actual,False,,,,,2026-09-08T00:20:52.129880+02:00
NSR:StopPlace:58854,Langhus stasjon,2026-09-07T21:42:00+02:00,2026-09-07T21:42:34+02:00,2026-09-07T21:42:34+02:00,34.0,1,Stabekk,VYG:Line:L2,Stabekk-Oslo S-Ski,L2,rail,VYG:ServiceJourney:2772-SKI_443993-R,True,actual,False,,,,,2026-09-08T00:20:52.129880+02:00
NSR:StopPlace:58854,Langhus stasjon,2026-09-07T22:09:00+02:00,2026-09-07T22:09:34+02:00,2026-09-07T22:09:34+02:00,34.0,1,Drøbak - Frogn vgs.,RUT:Line:510,Bøleråsen - Ski - Ås - Drøbak,510,bus,RUT:ServiceJourney:1629c485358ab8436c6587ff7f81fdb8,True,actual,False,,,,,2026-09-08T00:20:52.129880+02:00
NSR:StopPlace:58865,Vestby stasjon,2026-09-07T22:10:00+02:00,2026-09-07T22:10:34+02:00,2026-09-07T22:10:34+02:00,34.0,1,Stabekk,VYG:Line:R21,Stabekk-Oslo S-Moss,R21,rail,VYG:ServiceJourney:1172-MOS_443069-R,True,actual,False,,,,,2026-09-08T00:20:52.129880+02:00
NSR:StopPlace:151,Evanger stasjon,2026-09-07T22:37:00+02:00,2026-09-07T22:37:34+02:00,2026-09-07T22:37:34+02:00,34.0,1,Voss,VYG:Line:R40,Bergen-Voss-Myrdal-Ål,R40,rail,VYG:ServiceJourney:1834_443421-R,True,actual,False,,,,,2026-09-08T00:20:52.129880+02:00
NSR:StopPlace:101,Sagdalen stasjon,2026-09-07T23:37:00+02:00,2026-09-07T23:37:34+02:00,2026-09-07T23:37:34+02:00,34.0,1,Lillestrøm,VYG:Line:L1,Spikkestad-Oslo S-Lillestrøm,L1,rail,VYG:ServiceJourney:2274_443709-R,True,actual,False,,,,,2026-09-08T00:20:52.129880+02:00
NSR:StopPlace:144,Skansen stasjon,2026-09-07T22:12:00+02:00,2026-09-07T22:12:34+02:00,2026-09-07T22:12:34+02:00,34.0,1,Steinkjer,SJN:Line:26,Trønderbanen,R70,rail,SJN:ServiceJourney:455_56084-R,True,actual,False,,,,,2026-09-08T00:20:52.129880+02:00
NSR:StopPlace:313,Høybråten stasjon,2026-09-07T23:53:00+02:00,2026-09-07T23:53:34+02:00,2026-09-07T23:53:34+02:00,34.0,1,Spikkestad,VYG:Line:L1,Spikkestad-Oslo S-Lillestrøm,L1,rail,VYG:ServiceJourney:2277_443713-R,True,actual,False,,,,,2026-09-08T00:20:52.129880+02:00
NSR:StopPlace:62339,Lillestrøm stasjon,2026-09-07T21:55:00+02:00,2026-09-07T21:55:34+02:00,2026-09-07T21:55:34+02:00,34.0,1,Asker,VYG:Line:L1,Spikkestad-Oslo S-Lillestrøm,L1,rail,VYG:ServiceJourney:2169_443579-R,True,actual,False,Heis i spor 1 og 2 er ute av bruk på grunn av vedlikehold.,Heis i spor 1 og 2 er ute av bruk på grunn av vedlikehold.,general,normal,2026-09-08T00:20:52.129880+02:00
NSR:StopPlace:61169,Marienborg stasjon,2026-09-07T17:38:00+02:00,2026-09-07T17:38:34+02:00,2026-09-07T17:38:34+02:00,34.0,1,Havstad,ATB:Line:2_13,Østmarka - Strindheim - Lerkendal - Havstad,13,bus,ATB:ServiceJourney:13_251215112552580_114,True,actual,False,,,,,2026-09-07T20:27:16.249662+02:00
NSR:StopPlace:61466,Vakås stasjon,2026-09-07T19:38:00+02:00,2026-09-07T19:38:34+02:00,2026-09-07T19:38:34+02:00,34.0,1,Lillestrøm,VYG:Line:L1,Spikkestad-Oslo S-Lillestrøm,L1,rail,VYG:ServiceJourney:2262_443690-R,True,actual,False,,,,,2026-09-07T20:27:16.249662+02:00
NSR:StopPlace:60944,Ski stasjon,2026-09-07T17:14:00+02:00,2026-09-07T17:14:34+02:00,2026-09-07T17:14:34+02:00,34.0,1,Rakkestad,VYG:Line:R22,Skøyen-Oslo S-Mysen-Rakkestad,R22,rail,VYG:ServiceJourney:1925_443475-R,True,actual,False,,,,,2026-09-07T20:27:16.249662+02:00
NSR:StopPlace:60077,Støren stasjon,2026-09-07T16:42:00+02:00,2026-09-07T16:42:34+02:00,2026-09-07T16:42:34+02:00,34.0,1,Trondheim S,ATB:Line:2_340,Trondheim - Støren,340,bus,ATB:ServiceJourney:340_260106098639883_29,True,actual,False,,,,,2026-09-07T20:27:16.249662+02:00
NSR:StopPlace:58930,Larvik stasjon,2026-09-07T18:34:00+02:00,2026-09-07T18:34:34+02:00,2026-09-07T18:34:34+02:00,34.0,1,Nevlunghavn,VKT:Line:81,Nordbyen-Nevlunghavn,81,bus,VKT:ServiceJourney:18079,True,actual,False,,,,,2026-09-07T20:27:16.249662+02:00
NSR:StopPlace:58948,Stjørdal stasjon,2026-09-07T17:00:00+02:00,2026-09-07T17:00:34+02:00,2026-09-07T17:00:34+02:00,34.0,1,Steinkjer,SJN:Line:26,Trønderbanen,R70,rail,SJN:ServiceJourney:443-SOeB_56072-R,True,actual,False,,,,,2026-09-07T20:27:16.249662+02:00
NSR:StopPlace:58948,Stjørdal stasjon,2026-09-07T20:05:00+02:00,2026-09-07T20:05:34+02:00,2026-09-07T20:05:34+02:00,34.0,1,Remyra via Stokkanvegen,ATB:Line:2_91,91 StjørdalSt-Remyrv.,91,bus,ATB:ServiceJourney:91_260220075616659_70,True,actual,False,,,,,2026-09-07T20:27:16.249662+02:00
NSR:StopPlace:58830,Brakerøya stasjon,2026-09-07T17:08:00+02:00,2026-09-07T17:08:34+02:00,2026-09-07T17:08:34+02:00,34.0,1,Dal,VYG:Line:R13,Drammen-Oslo S-Dal,R13,rail,VYG:ServiceJourney:1651_481163-R,True,actual,False,,,,,2026-09-07T20:27:16.249662+02:00
NSR:StopPlace:58857,Lørenskog stasjon,2026-09-07T17:58:00+02:00,2026-09-07T17:58:34+02:00,2026-09-07T17:58:34+02:00,34.0,1,Stovner,RUT:Line:120,Nesåsen - Stovner,120,bus,RUT:ServiceJourney:10964817da0988f2ef639bce08ecf83c,True,actual,False,,,,,2026-09-07T20:27:16.249662+02:00
NSR:StopPlace:58858,Nittedal stasjon,2026-09-07T19:11:00+02:00,2026-09-07T19:11:34+02:00,2026-09-07T19:11:34+02:00,34.0,1,Dam,RUT:Line:386,Nittedal stasjon - Kruttverket - Dam,386,bus,RUT:ServiceJourney:0bd2ed0eec72ea791ec0fed84db8675f,True,actual,False,,,,,2026-09-07T20:27:16.249662+02:00
NSR:StopPlace:58851,Heggedal stasjon,2026-09-07T19:55:00+02:00,2026-09-07T19:55:34+02:00,2026-09-07T19:55:34+02:00,34.0,1,Spikkestad,VYG:Line:L1,Spikkestad-Oslo S-Lillestrøm,L1,rail,VYG:ServiceJourney:2257_443680-R,True,actual,False,,,,,2026-09-07T20:27:16.249662+02:00
NSR:StopPlace:58865,Vestby stasjon,2026-09-07T17:45:00+02:00,2026-09-07T17:45:34+02:00,2026-09-07T17:45:34+02:00,34.0,1,Moss,VYG:Line:R21,Stabekk-Oslo S-Moss,R21,rail,VYG:ServiceJourney:1149-HVK_443028-R,True,actual,False,,,,,2026-09-07T20:27:16.249662+02:00
NSR:StopPlace:58211,Oslo lufthavn,2026-09-07T17:10:00+02:00,2026-09-07T17:10:34+02:00,2026-09-07T17:10:34+02:00,34.0,1,Drammen,FLT:Line:FLY1,FLY1,FLY1,rail,FLT:ServiceJourney:1-2614-3772-20260907,True,actual,False,,,,,2026-09-07T20:27:16.249662+02:00
NSR:StopPlace:518,Bolstadøyri stasjon,2026-09-07T17:24:00+02:00,2026-09-07T17:24:34+02:00,2026-09-07T17:24:34+02:00,34.0,1,Myrdal,VYG:Line:R40,Bergen-Voss-Myrdal-Ål,R40,rail,VYG:ServiceJourney:1824_554550-R,True,actual,False,,,,,2026-09-07T20:27:16.249662+02:00
NSR:StopPlace:702,Sandnes sentrum stasjon,2026-09-07T18:40:00+02:00,2026-09-07T18:40:34+02:00,2026-09-07T18:40:34+02:00,34.0,1,Nærbø,GOA:Line:59,Jærbanen,L5,rail,GOA:ServiceJourney:3058_63111-R,True,actual,False,,,,,2026-09-07T20:27:16.249662+02:00
NSR:StopPlace:62379,Bergsgrav stasjon,2026-09-07T18:09:00+02:00,2026-09-07T18:09:34+02:00,2026-09-07T18:09:34+02:00,34.0,1,Ler,SJN:Line:26,Trønderbanen,R70,rail,SJN:ServiceJourney:446_56075-R,True,actual,False,,,,,2026-09-07T20:27:16.249662+02:00
NSR:StopPlace:62392,Slependen stasjon,2026-09-07T18:59:00+02:00,2026-09-07T18:59:34+02:00,2026-09-07T18:59:34+02:00,34.0,1,Lillestrøm,VYG:Line:L1,Spikkestad-Oslo S-Lillestrøm,L1,rail,VYG:ServiceJourney:2158_443567-R,True,actual,False,,,,,2026-09-07T20:27:16.249662+02:00
NSR:StopPlace:8,Paradis stasjon,2026-09-07T15:42:00+02:00,2026-09-07T15:42:34+02:00,2026-09-07T15:42:34+02:00,34.0,1,Stavanger,GOA:Line:59,Jærbanen,L5,rail,GOA:ServiceJourney:3143_63188-R,True,actual,False,,,,,2026-09-07T15:44:36.205822+02:00
NSR:StopPlace:59648,Kjelsås stasjon,2026-09-07T14:37:00+02:00,2026-09-07T14:37:34+02:00,2026-09-07T14:37:34+02:00,34.0,1,Kværnerbyen,RUT:Line:54,Kværnerbyen - Kjelsås stasjon,54,bus,RUT:ServiceJourney:aa5f41c5d55f8e0e12f9e146775f0a49,True,actual,False,,,,,2026-09-07T15:44:36.205822+02:00
NSR:StopPlace:60045,Hamar stasjon,2026-09-07T13:11:00+02:00,2026-09-07T13:11:34+02:00,2026-09-07T13:11:34+02:00,34.0,1,Drammen,VYG:Line:RE10,Drammen-Oslo S-Lillehammer,RE10,rail,VYG:ServiceJourney:318-LHM_444187-R,True,actual,False,,,,,2026-09-07T15:44:36.205822+02:00
NSR:StopPlace:59616,Asker stasjon,2026-09-07T11:46:00+02:00,2026-09-07T11:46:34+02:00,2026-09-07T11:46:34+02:00,34.0,1,Stavanger,GOA:Line:50,Sørtoget region,F5,rail,GOA:ServiceJourney:711-LOD_64080-R,True,actual,False,,,,,2026-09-07T15:44:36.205822+02:00
NSR:StopPlace:58950,Åsen stasjon,2026-09-07T13:37:00+02:00,2026-09-07T13:37:34+02:00,2026-09-07T13:37:34+02:00,34.0,1,Melhus skysstasjon,SJN:Line:26,Trønderbanen,R70,rail,SJN:ServiceJourney:436-STK_56065-R,True,actual,False,,,,,2026-09-07T15:44:36.205822+02:00
NSR:StopPlace:58947,Steinkjer stasjon,2026-09-07T15:21:00+02:00,2026-09-07T15:21:34+02:00,2026-09-07T15:21:34+02:00,34.0,1,AMFI Steinkjer,ATB:Line:2_690,Grong - Steinkjer,690,bus,ATB:ServiceJourney:690_260106098640250_6,True,actual,False,,,,,2026-09-07T15:44:36.205822+02:00
NSR:StopPlace:58868,Årnes stasjon,2026-09-07T14:19:00+02:00,2026-09-07T14:19:34+02:00,2026-09-07T14:19:34+02:00,34.0,1,Aktivitetsvegen,RUT:Line:450,Årnes - Oslo lufthavn,450,bus,RUT:ServiceJourney:5688d23b3f3db39ee15a8ef961873922,True,actual,False,,,,,2026-09-07T15:44:36.205822+02:00
NSR:StopPlace:58868,Årnes stasjon,2026-09-07T15:14:00+02:00,2026-09-07T15:14:34+02:00,2026-09-07T15:14:34+02:00,34.0,1,Eidsvoll,RUT:Line:441,Eidsvoll - Årnes,441,bus,RUT:ServiceJourney:79af3b0428cce20ca5c7fa2f4a6c6805,True,actual,False,,,,,2026-09-07T15:44:36.205822+02:00
NSR:StopPlace:58874,Stokke stasjon,2026-09-07T12:56:00+02:00,2026-09-07T12:56:34+02:00,2026-09-07T12:56:34+02:00,34.0,1,Eidsvoll,VYG:Line:RE11,Eidsvoll-Oslo S-Skien,RE11,rail,VYG:ServiceJourney:818_444398-R,True,actual,False,,,,,2026-09-07T15:44:36.205822+02:00
NSR:StopPlace:58884,Skien stasjon,2026-09-07T14:06:00+02:00,2026-09-07T14:06:34+02:00,2026-09-07T14:06:34+02:00,34.0,1,Skjelsvik via Klyve-Kongerød,TEL:Line:8043,Skien-Klyve-Skjelsvik,M3,bus,TEL:ServiceJourney:127179,True,actual,False,,,,,2026-09-07T15:44:36.205822+02:00
NSR:StopPlace:58892,Audnedal stasjon,2026-09-07T12:45:00+02:00,2026-09-07T12:45:34+02:00,2026-09-07T12:45:34+02:00,34.0,1,Oslo S,GOA:Line:50,Sørtoget region,F5,rail,GOA:ServiceJourney:710-KVB_71575-R,True,actual,False,,,,,2026-09-07T15:44:36.205822+02:00
NSR:StopPlace:58809,Koppang stasjon,2026-09-07T13:42:00+02:00,2026-09-07T13:42:34+02:00,2026-09-07T13:42:34+02:00,34.0,1,Trondheim S,SJN:Line:25,Rørosbanen,R60,rail,SJN:ServiceJourney:2385_30335-R,True,actual,False,,,,,2026-09-07T15:44:36.205822+02:00
NSR:StopPlace:398,Arna stasjon,2026-09-07T11:58:00+02:00,2026-09-07T11:58:34+02:00,2026-09-07T11:58:34+02:00,34.0,1,Oslo S,VYG:Line:F4,Oslo S-Bergen,F4,rail,VYG:ServiceJourney:602-BRG_481321-R,True,actual,False,,,,,2026-09-07T15:44:36.205822+02:00
NSR:StopPlace:400,Ler stasjon,2026-09-07T12:38:00+02:00,2026-09-07T12:38:34+02:00,2026-09-07T12:38:34+02:00,34.0,1,Steinkjer,SJN:Line:26,Trønderbanen,R70,rail,SJN:ServiceJourney:437_56066-R,True,actual,False,,,,,2026-09-07T15:44:36.205822+02:00
NSR:StopPlace:62308,Alna stasjon,2026-09-07T15:33:00+02:00,2026-09-07T15:33:34+02:00,2026-09-07T15:33:34+02:00,34.0,1,Lillestrøm,VYG:Line:L1,Spikkestad-Oslo S-Lillestrøm,L1,rail,VYG:ServiceJourney:2142_443550-R,True,actual,False,,,,,2026-09-07T15:44:36.205822+02:00
NSR:StopPlace:61314,Hovin stasjon,2026-09-07T05:18:00+02:00,2026-09-07T05:18:34+02:00,2026-09-07T05:18:34+02:00,34.0,1,Steinkjer,SJN:Line:26,Trønderbanen,R70,rail,SJN:ServiceJourney:423_56052-R,True,actual,False,,,,,2026-09-07T08:42:24.659182+02:00
NSR:StopPlace:41,Hanaborg stasjon,2026-09-07T08:19:00+02:00,2026-09-07T08:19:34+02:00,2026-09-07T08:19:34+02:00,34.0,1,Spikkestad,VYG:Line:L1,Spikkestad-Oslo S-Lillestrøm,L1,rail,VYG:ServiceJourney:2215_443608-R,True,actual,False,,,,,2026-09-07T08:42:24.659182+02:00
NSR:StopPlace:59872,Oslo S,2026-09-07T06:29:00+02:00,2026-09-07T06:29:34+02:00,2026-09-07T06:29:34+02:00,34.0,1,Drammen,VYG:Line:RE10,Drammen-Oslo S-Lillehammer,RE10,rail,VYG:ServiceJourney:302-HHS_486370-R,True,actual,False,,,,,2026-09-07T08:42:24.659182+02:00
NSR:StopPlace:59653,Haugenstua stasjon,2026-09-07T06:40:00+02:00,2026-09-07T06:40:34+02:00,2026-09-07T06:40:34+02:00,34.0,1,Asker,VYG:Line:L1,Spikkestad-Oslo S-Lillestrøm,L1,rail,VYG:ServiceJourney:2107_443511-R,True,actual,False,,,,,2026-09-07T08:42:24.659182+02:00
NSR:StopPlace:59952,Drammen stasjon,2026-09-07T07:35:00+02:00,2026-09-07T07:35:34+02:00,2026-09-07T07:35:34+02:00,34.0,1,Dal,VYG:Line:R13,Drammen-Oslo S-Dal,R13,rail,VYG:ServiceJourney:1613_443239-R,True,actual,False,,,,,2026-09-07T08:42:24.659182+02:00
NSR:StopPlace:60944,Ski stasjon,2026-09-07T06:01:00+02:00,2026-09-07T06:01:34+02:00,2026-09-07T06:01:34+02:00,34.0,1,Rakkestad,VYG:Line:R22,Skøyen-Oslo S-Mysen-Rakkestad,R22,rail,VYG:ServiceJourney:1903_443437-R,True,actual,False,,,,,2026-09-07T08:42:24.659182+02:00
NSR:StopPlace:58920,Snartemo stasjon,2026-09-07T07:37:00+02:00,2026-09-07T07:37:34+02:00,2026-09-07T07:37:34+02:00,34.0,1,Lyngdal via Rom terminal,AKT:Line:2332,Skolerute Kvås/Berge/Lyngdal k,2332,bus,AKT:ServiceJourney:84584_41_37_54840_57840_1072335,True,actual,False,,,,,2026-09-07T08:42:24.659182+02:00
NSR:StopPlace:58931,Fannrem stasjon,2026-09-07T06:05:00+02:00,2026-09-07T06:05:34+02:00,2026-09-07T06:05:34+02:00,34.0,1,Trondheim S via Orkanger skysst.,ATB:Line:2_310,Trondheim - Orkanger - Fannrem,310,bus,ATB:ServiceJourney:310_260106098639815_11,True,actual,False,,,,,2026-09-07T08:42:24.659182+02:00
NSR:StopPlace:58935,Levanger stasjon,2026-09-07T07:10:00+02:00,2026-09-07T07:10:34+02:00,2026-09-07T07:10:34+02:00,34.0,1,Markabygda montessoriskole,ATB:Line:2_7415,Markabygda - Gruslina - Markab,7415,bus,ATB:ServiceJourney:7415_260106098640825_1,True,actual,False,,,,,2026-09-07T08:42:24.659182+02:00
NSR:StopPlace:58935,Levanger stasjon,2026-09-07T08:30:00+02:00,2026-09-07T08:30:34+02:00,2026-09-07T08:30:34+02:00,34.0,1,Høgberget via Magneten,ATB:Line:2_604,Levanger - Høgberget,604,bus,ATB:ServiceJourney:604_260106098643117_10,True,actual,False,,,,,2026-09-07T08:42:24.659182+02:00
NSR:StopPlace:58947,Steinkjer stasjon,2026-09-07T08:30:00+02:00,2026-09-07T08:30:34+02:00,2026-09-07T08:30:34+02:00,34.0,1,Magneten via Straumen,ATB:Line:2_640,Levanger - Steinkjer,640,bus,ATB:ServiceJourney:640_260106098640615_1,True,actual,False,,,,,2026-09-07T08:42:24.659182+02:00
NSR:StopPlace:58798,Rakkestad stasjon,2026-09-07T07:45:00+02:00,2026-09-07T07:45:34+02:00,2026-09-07T07:45:34+02:00,34.0,1,Oslo S,VYG:Line:R22,Skøyen-Oslo S-Mysen-Rakkestad,R22,rail,VYG:ServiceJourney:1910_443448-R,True,actual,False,,,,,2026-09-07T08:42:24.659182+02:00
NSR:StopPlace:58793,Askim stasjon,2026-09-07T08:30:00+02:00,2026-09-07T08:30:34+02:00,2026-09-07T08:30:34+02:00,34.0,1,Trøgstad,OST:Line:1_400,Askim-Trøgstad,400,bus,OST:ServiceJourney:400_260827111749514_3,True,actual,False,,,,,2026-09-07T08:42:24.659182+02:00
NSR:StopPlace:58794,Fredrikstad stasjon,2026-09-07T06:40:00+02:00,2026-09-07T06:40:34+02:00,2026-09-07T06:40:34+02:00,34.0,1,Kalnes,OST:Line:1_4,Fredrikstad - Kalnes,4,bus,OST:ServiceJourney:4_260325121471326_5,True,actual,False,,,,,2026-09-07T08:42:24.659182+02:00
NSR:StopPlace:58844,Eidsvoll stasjon,2026-09-07T08:15:00+02:00,2026-09-07T08:15:34+02:00,2026-09-07T08:15:34+02:00,34.0,1,Jessheim,RUT:Line:430,Eidsvoll - Jessheim,430,bus,RUT:ServiceJourney:9df67cd0e07f645e231c70a6c7ffbef4,True,actual,False,,,,,2026-09-07T08:42:24.659182+02:00
NSR:StopPlace:58857,Lørenskog stasjon,2026-09-07T06:43:00+02:00,2026-09-07T06:43:34+02:00,2026-09-07T06:43:34+02:00,34.0,1,Stovner,RUT:Line:120,Nesåsen - Stovner,120,bus,RUT:ServiceJourney:5390114fbef66f09f7d989f432111349,True,actual,False,,,,,2026-09-07T08:42:24.659182+02:00
NSR:StopPlace:58858,Nittedal stasjon,2026-09-07T05:50:00+02:00,2026-09-07T05:50:34+02:00,2026-09-07T05:50:34+02:00,34.0,1,Lørenskog sentrum,RUT:Line:385,Nittedal stasjon - Olavsgaard - Ahus,385,bus,RUT:ServiceJourney:f25bc06b2cb670bf6ee2a5d4d77ab390,True,actual,False,,,,,2026-09-07T08:42:24.659182+02:00
NSR:StopPlace:58864,Sørumsand stasjon,2026-09-07T06:57:00+02:00,2026-09-07T06:57:34+02:00,2026-09-07T06:57:34+02:00,34.0,1,Asker,VYG:Line:R14,Asker-Oslo S-Kongsvinger,R14,rail,VYG:ServiceJourney:1052-KVG_442956-R,True,actual,False,,,,,2026-09-07T08:42:24.659182+02:00
NSR:StopPlace:58866,Vevelstad stasjon,2026-09-07T05:14:00+02:00,2026-09-07T05:14:34+02:00,2026-09-07T05:14:34+02:00,34.0,1,Stabekk,VYG:Line:L2,Stabekk-Oslo S-Ski,L2,rail,VYG:ServiceJourney:2706-SKI_443912-R,True,actual,False,,,,,2026-09-07T08:42:24.659182+02:00
NSR:StopPlace:58866,Vevelstad stasjon,2026-09-07T05:21:00+02:00,2026-09-07T05:21:34+02:00,2026-09-07T05:21:34+02:00,34.0,1,Drøbak - Seiersten,RUT:Line:510,Bøleråsen - Ski - Ås - Drøbak,510,bus,RUT:ServiceJourney:f8cfd849999d5838fbde90c1bca5750f,True,actual,False,,,,,2026-09-07T08:42:24.659182+02:00
NSR:StopPlace:58862,Strømmen stasjon,2026-09-07T08:15:00+02:00,2026-09-07T08:15:34+02:00,2026-09-07T08:15:34+02:00,34.0,1,Spikkestad,VYG:Line:L1,Spikkestad-Oslo S-Lillestrøm,L1,rail,VYG:ServiceJourney:2215_443608-R,True,actual,False,,,,,2026-09-07T08:42:24.659182+02:00
NSR:StopPlace:58871,Sande stasjon,2026-09-07T06:22:00+02:00,2026-09-07T06:22:34+02:00,2026-09-07T06:22:34+02:00,34.0,1,Skoger-Drammen,VKT:Line:10,Drammen-Skoger-Sande,10,bus,VKT:ServiceJourney:104192,True,actual,False,,,,,2026-09-07T08:42:24.659182+02:00
NSR:StopPlace:58872,Sandefjord stasjon,2026-09-07T05:05:00+02:00,2026-09-07T05:05:34+02:00,2026-09-07T05:05:34+02:00,34.0,1,Oslo lufthavn,VYG:Line:RX11,Eidsvoll-Oslo S-Skien,RX11,rail,VYG:ServiceJourney:852_444422-R,True,actual,False,,,,,2026-09-07T08:42:24.659182+02:00
NSR:StopPlace:58823,Jaren stasjon,2026-09-07T06:16:00+02:00,2026-09-07T06:16:34+02:00,2026-09-07T06:16:34+02:00,34.0,1,Roa,VYG:Line:R31,Skøyen-Jaren-Gjøvik,R31,rail,VYG:ServiceJourney:BUS-270_655587-R,True,actual,False,,,,,2026-09-07T08:42:24.659182+02:00
NSR:StopPlace:369,Kvål stasjon,2026-09-07T05:35:00+02:00,2026-09-07T05:35:34+02:00,2026-09-07T05:35:34+02:00,34.0,1,Steinkjer,SJN:Line:26,Trønderbanen,R70,rail,SJN:ServiceJourney:423_56052-R,True,actual,False,,,,,2026-09-07T08:42:24.659182+02:00
NSR:StopPlace:610,Sandvika stasjon,2026-09-07T06:44:00+02:00,2026-09-07T06:44:34+02:00,2026-09-07T06:44:34+02:00,34.0,1,Drammen,VYG:Line:RE10,Drammen-Oslo S-Lillehammer,RE10,rail,VYG:ServiceJourney:302-HHS_486370-R,True,actual,False,,,,,2026-09-07T08:42:24.659182+02:00
NSR:StopPlace:62339,Lillestrøm stasjon,2026-09-07T07:25:00+02:00,2026-09-07T07:25:34+02:00,2026-09-07T07:25:34+02:00,34.0,1,Asker,VYG:Line:L1,Spikkestad-Oslo S-Lillestrøm,L1,rail,VYG:ServiceJourney:2111_728233-R,True,actual,False,Heis i spor 1 og 2 er ute av bruk på grunn av vedlikehold. | Færre vogner,Heis i spor 1 og 2 er ute av bruk på grunn av vedlikehold. | Denne avgangen kjører dessverre med 4 vogner i stedet for 8 vogner. Dette skyldes at vi mangler et togsett.,general | general,normal | normal,2026-09-07T08:42:24.659182+02:00
NSR:StopPlace:59872,Oslo S,2026-09-08T00:22:00+02:00,2026-09-08T00:22:33+02:00,2026-09-08T00:22:33+02:00,33.0,1,Halden,VYG:Line:RE20,Oslo S-Halden-Göteborg (X-Border),RE20,rail,VYG:ServiceJourney:139_443138-R,True,actual,False,,,,,2026-09-08T03:39:50.209703+02:00
NSR:StopPlace:61897,Bryn stasjon,2026-09-07T23:35:00+02:00,2026-09-07T23:35:33+02:00,2026-09-07T23:35:33+02:00,33.0,1,Spikkestad,VYG:Line:L1,Spikkestad-Oslo S-Lillestrøm,L1,rail,VYG:ServiceJourney:2275_443710-R,True,actual,False,,,,,2026-09-08T00:20:52.129880+02:00
NSR:StopPlace:59649,Nydalen stasjon,2026-09-07T23:01:00+02:00,2026-09-07T23:01:33+02:00,2026-09-07T23:01:33+02:00,33.0,1,Simensbråten,RUT:Line:23,Lysaker - Simensbråten,23,bus,RUT:ServiceJourney:78cf21dd9ad860b1a252b0e250648855,True,actual,False,,,,,2026-09-08T00:20:52.129880+02:00
NSR:StopPlace:59650,Nyland stasjon,2026-09-07T23:51:00+02:00,2026-09-07T23:51:33+02:00,2026-09-07T23:51:33+02:00,33.0,1,Lillestrøm,VYG:Line:L1,Spikkestad-Oslo S-Lillestrøm,L1,rail,VYG:ServiceJourney:2276_445376-R,True,actual,False,,,,,2026-09-08T00:20:52.129880+02:00
NSR:StopPlace:60944,Ski stasjon,2026-09-07T21:39:00+02:00,2026-09-07T21:39:33+02:00,2026-09-07T21:39:33+02:00,33.0,1,Stabekk,VYG:Line:L2,Stabekk-Oslo S-Ski,L2,rail,VYG:ServiceJourney:2772-SKI_443993-R,True,actual,False,,,,,2026-09-08T00:20:52.129880+02:00
NSR:StopPlace:58930,Larvik stasjon,2026-09-07T22:34:00+02:00,2026-09-07T22:34:33+02:00,2026-09-07T22:34:33+02:00,33.0,1,Nevlunghavn,VKT:Line:81,Nordbyen-Nevlunghavn,81,bus,VKT:ServiceJourney:18083,True,actual,False,,,,,2026-09-08T00:20:52.129880+02:00
NSR:StopPlace:58836,Mjøndalen stasjon,2026-09-07T23:55:00+02:00,2026-09-07T23:55:33+02:00,2026-09-07T23:55:33+02:00,33.0,1,Kongsberg,VYG:Line:R12,Kongsberg-Oslo S-Eidsvoll,R12,rail,VYG:ServiceJourney:537_444347-R,True,actual,False,,,,,2026-09-08T00:20:52.129880+02:00
NSR:StopPlace:58843,Blommenholm stasjon,2026-09-07T23:20:00+02:00,2026-09-07T23:20:33+02:00,2026-09-07T23:20:33+02:00,33.0,1,Lillestrøm,VYG:Line:L1,Spikkestad-Oslo S-Lillestrøm,L1,rail,VYG:ServiceJourney:2276_445376-R,True,actual,False,,,,,2026-09-08T00:20:52.129880+02:00
NSR:StopPlace:58847,Frogner stasjon,2026-09-07T23:13:00+02:00,2026-09-07T23:13:33+02:00,2026-09-07T23:13:33+02:00,33.0,1,Skedsmokorset,RUT:Line:365,Sørumsand - Frogner - Skedsmokorset,365,bus,RUT:ServiceJourney:e4ce12b2c858919e59d5de961b5a37dd,True,actual,False,,,,,2026-09-08T00:20:52.129880+02:00
NSR:StopPlace:58852,Høn stasjon,2026-09-07T23:06:00+02:00,2026-09-07T23:06:33+02:00,2026-09-07T23:06:33+02:00,33.0,1,Lillestrøm,VYG:Line:L1,Spikkestad-Oslo S-Lillestrøm,L1,rail,VYG:ServiceJourney:2276_445376-R,True,actual,False,,,,,2026-09-08T00:20:52.129880+02:00
NSR:StopPlace:58853,Kolbotn stasjon,2026-09-07T22:41:00+02:00,2026-09-07T22:41:33+02:00,2026-09-07T22:41:33+02:00,33.0,1,Hauketo stasjon,RUT:Line:87,Hauketo stasjon - Kolbotn,87,bus,RUT:ServiceJourney:2c165442e37e15cd51d59c195c91b532,True,actual,False,,,,,2026-09-08T00:20:52.129880+02:00
NSR:StopPlace:58866,Vevelstad stasjon,2026-09-07T22:06:00+02:00,2026-09-07T22:06:33+02:00,2026-09-07T22:06:33+02:00,33.0,1,Drøbak - Frogn vgs.,RUT:Line:510,Bøleråsen - Ski - Ås - Drøbak,510,bus,RUT:ServiceJourney:1629c485358ab8436c6587ff7f81fdb8,True,actual,False,,,,,2026-09-08T00:20:52.129880+02:00
NSR:StopPlace:58804,Alvdal stasjon,2026-09-07T22:39:00+02:00,2026-09-07T22:39:33+02:00,2026-09-07T22:39:33+02:00,33.0,1,Røros,SJN:Line:25,Rørosbanen,R60,rail,SJN:ServiceJourney:2393_37671-R,True,actual,False,,,,,2026-09-08T00:20:52.129880+02:00
NSR:StopPlace:398,Arna stasjon,2026-09-07T23:12:00+02:00,2026-09-07T23:12:33+02:00,2026-09-07T23:12:33+02:00,33.0,1,Bergen,VYG:Line:L4,Bergen-Arna,L4,rail,VYG:ServiceJourney:2673_443888-R,True,actual,False,,,,,2026-09-08T00:20:52.129880+02:00
NSR:StopPlace:62392,Slependen stasjon,2026-09-07T23:19:00+02:00,2026-09-07T23:19:33+02:00,2026-09-07T23:19:33+02:00,33.0,1,Asker,VYG:Line:L1,Spikkestad-Oslo S-Lillestrøm,L1,rail,VYG:ServiceJourney:2171_443582-R,True,actual,False,,,,,2026-09-08T00:20:52.129880+02:00
NSR:StopPlace:8,Paradis stasjon,2026-09-07T19:11:00+02:00,2026-09-07T19:11:33+02:00,2026-09-07T19:11:33+02:00,33.0,1,Skeiane,GOA:Line:59,Jærbanen,L5,rail,GOA:ServiceJourney:3158_63203-R,True,actual,False,,,,,2026-09-07T20:27:16.249662+02:00
NSR:StopPlace:61387,Skogn stasjon,2026-09-07T18:26:00+02:00,2026-09-07T18:26:33+02:00,2026-09-07T18:26:33+02:00,33.0,1,Ler,SJN:Line:26,Trønderbanen,R70,rail,SJN:ServiceJourney:446_56075-R,True,actual,False,,,,,2026-09-07T20:27:16.249662+02:00
NSR:StopPlace:59641,Fjellhamar stasjon,2026-09-07T17:47:00+02:00,2026-09-07T17:47:33+02:00,2026-09-07T17:47:33+02:00,33.0,1,Spikkestad,VYG:Line:L1,Spikkestad-Oslo S-Lillestrøm,L1,rail,VYG:ServiceJourney:2253_443674-R,True,actual,False,Færre vogner,Denne avgangen kjører dessverre med 4 vogner i stedet for 8 vogner. Dette skyldes at vi mangler et togsett.,general,normal,2026-09-07T20:27:16.249662+02:00
NSR:StopPlace:59654,Stabekk stasjon,2026-09-07T17:53:00+02:00,2026-09-07T17:53:33+02:00,2026-09-07T17:53:33+02:00,33.0,1,Oslo Lufthavn,FLT:Line:FLY2,FLY2,FLY2,rail,FLT:ServiceJourney:1-2614-3579-20260907,True,actual,False,,,,,2026-09-07T20:27:16.249662+02:00
NSR:StopPlace:60053,Halden stasjon,2026-09-07T19:03:00+02:00,2026-09-07T19:03:33+02:00,2026-09-07T19:03:33+02:00,33.0,1,Oslo S,VYG:Line:RE20,Oslo S-Halden-Göteborg (X-Border),RE20,rail,VYG:ServiceJourney:132_443133-R,True,actual,False,,,,,2026-09-07T20:27:16.249662+02:00
NSR:StopPlace:58964,Kløfta stasjon,2026-09-07T19:14:00+02:00,2026-09-07T19:14:33+02:00,2026-09-07T19:14:33+02:00,33.0,1,Drammen,VYG:Line:R13,Drammen-Oslo S-Dal,R13,rail,VYG:ServiceJourney:1658_443339-R,True,actual,False,,,,,2026-09-07T20:27:16.249662+02:00
NSR:StopPlace:58838,Røyken stasjon,2026-09-07T18:03:00+02:00,2026-09-07T18:03:33+02:00,2026-09-07T18:03:33+02:00,33.0,1,Hyggen,RUT:Line:260,Hyggen - Bråset -Slemmestad (- Asker),260,bus,RUT:ServiceJourney:dd367fd20b78930efdd1beffef558e9e,True,actual,False,,,,,2026-09-07T20:27:16.249662+02:00
NSR:StopPlace:58839,Steinberg stasjon,2026-09-07T20:05:00+02:00,2026-09-07T20:05:33+02:00,2026-09-07T20:05:33+02:00,33.0,1,Drammen via Mjøndalen,BRA:Line:4_6101,Drammen-Vikersund/Hønefoss,101,bus,BRA:ServiceJourney:6101_260415100161316_1058,True,actual,False,,,,,2026-09-07T20:27:16.249662+02:00
NSR:StopPlace:58854,Langhus stasjon,2026-09-07T18:38:00+02:00,2026-09-07T18:38:33+02:00,2026-09-07T18:38:33+02:00,33.0,1,Ski stasjon,RUT:Line:516,Siggerud - Ski stasjon,516,bus,RUT:ServiceJourney:0676787fc76af79a52bcc1aff24f46ce,True,actual,False,,,,,2026-09-07T20:27:16.249662+02:00
NSR:StopPlace:58868,Årnes stasjon,2026-09-07T17:52:00+02:00,2026-09-07T17:52:33+02:00,2026-09-07T17:52:33+02:00,33.0,1,Kongsvinger,VYG:Line:R14,Asker-Oslo S-Kongsvinger,R14,rail,VYG:ServiceJourney:1025_442935-R,True,actual,False,,,,,2026-09-07T20:27:16.249662+02:00
NSR:StopPlace:58869,Ås stasjon,2026-09-07T18:40:00+02:00,2026-09-07T18:40:33+02:00,2026-09-07T18:40:33+02:00,33.0,1,Moss,VYG:Line:R21,Stabekk-Oslo S-Moss,R21,rail,VYG:ServiceJourney:1153-HVK_443036-R,True,actual,False,,,,,2026-09-07T20:27:16.249662+02:00
NSR:StopPlace:362,Jåttåvågen stasjon,2026-09-07T19:36:00+02:00,2026-09-07T19:36:33+02:00,2026-09-07T19:36:33+02:00,33.0,1,Stavanger,GOA:Line:59,Jærbanen,L5,rail,GOA:ServiceJourney:3159_63204-R,True,actual,False,,,,,2026-09-07T20:27:16.249662+02:00
NSR:StopPlace:62309,Ljan stasjon,2026-09-07T17:54:00+02:00,2026-09-07T17:54:33+02:00,2026-09-07T17:54:33+02:00,33.0,1,Ski,VYG:Line:L2,Stabekk-Oslo S-Ski,L2,rail,VYG:ServiceJourney:2751-HVK_443962-R,True,actual,False,Færre vogner,Denne avgangen kjører dessverre med 3 vogner i stedet for 6 vogner. Dette skyldes at vi mangler et togsett.,general,normal,2026-09-07T20:27:16.249662+02:00
NSR:StopPlace:62339,Lillestrøm stasjon,2026-09-07T18:25:00+02:00,2026-09-07T18:25:33+02:00,2026-09-07T18:25:33+02:00,33.0,1,Asker,VYG:Line:L1,Spikkestad-Oslo S-Lillestrøm,L1,rail,VYG:ServiceJourney:2155_443564-R,True,actual,False,Heis i spor 1 og 2 er ute av bruk på grunn av vedlikehold.,Heis i spor 1 og 2 er ute av bruk på grunn av vedlikehold.,general,normal,2026-09-07T20:27:16.249662+02:00
NSR:StopPlace:62393,Billingstad stasjon,2026-09-07T19:57:00+02:00,2026-09-07T19:57:33+02:00,2026-09-07T19:57:33+02:00,33.0,1,Lillestrøm,VYG:Line:L1,Spikkestad-Oslo S-Lillestrøm,L1,rail,VYG:ServiceJourney:2162_443572-R,True,actual,False,,,,,2026-09-07T20:27:16.249662+02:00
NSR:StopPlace:61315,Nerdrum stasjon,2026-09-07T15:39:00+02:00,2026-09-07T15:39:33+02:00,2026-09-07T15:39:33+02:00,33.0,1,Asker,VYG:Line:R14,Asker-Oslo S-Kongsvinger,R14,rail,VYG:ServiceJourney:1022_442930-R,True,actual,False,,,,,2026-09-07T15:44:36.205822+02:00
NSR:StopPlace:53,Røros stasjon,2026-09-07T14:17:00+02:00,2026-09-07T14:17:33+02:00,2026-09-07T14:17:33+02:00,33.0,1,Hamar,SJN:Line:25,Rørosbanen,R60,rail,SJN:ServiceJourney:2388_37666-R,True,actual,False,,,,,2026-09-07T15:44:36.205822+02:00
NSR:StopPlace:59983,Bergen stasjon,2026-09-07T14:57:00+02:00,2026-09-07T14:57:33+02:00,2026-09-07T14:57:33+02:00,33.0,1,Arna,VYG:Line:L4,Bergen-Arna,L4,rail,VYG:ServiceJourney:2640_443855-R,True,actual,False,,,,,2026-09-07T15:44:36.205822+02:00
NSR:StopPlace:60077,Støren stasjon,2026-09-07T15:00:00+02:00,2026-09-07T15:00:33+02:00,2026-09-07T15:00:33+02:00,33.0,1,Assistanse til Soknedal,ATB:Line:2_480,(Trondheim) - Støren - Berkåk,480,bus,ATB:ServiceJourney:480_260106098642438_14,True,actual,False,,,,,2026-09-07T15:44:36.205822+02:00
NSR:StopPlace:58924,Bryne stasjon,2026-09-07T15:10:00+02:00,2026-09-07T15:10:33+02:00,2026-09-07T15:10:33+02:00,33.0,1,Lyefjell,KOL:Line:8_2017,50,50,bus,KOL:ServiceJourney:2017_260407061537986_2018,True,actual,False,,,,,2026-09-07T15:44:36.205822+02:00
NSR:StopPlace:58836,Mjøndalen stasjon,2026-09-07T15:12:00+02:00,2026-09-07T15:12:33+02:00,2026-09-07T15:12:33+02:00,33.0,1,Drammen,BRA:Line:4_6101,Drammen-Vikersund/Hønefoss,101,bus,BRA:ServiceJourney:6101_260415100161311_1038,True,actual,False,,,,,2026-09-07T15:44:36.205822+02:00
NSR:StopPlace:58839,Steinberg stasjon,2026-09-07T15:05:00+02:00,2026-09-07T15:05:33+02:00,2026-09-07T15:05:33+02:00,33.0,1,Drammen via Mjøndalen,BRA:Line:4_6101,Drammen-Vikersund/Hønefoss,101,bus,BRA:ServiceJourney:6101_260415100161311_1038,True,actual,False,,,,,2026-09-07T15:44:36.205822+02:00
NSR:StopPlace:58849,Hakadal stasjon,2026-09-07T14:53:00+02:00,2026-09-07T14:53:33+02:00,2026-09-07T14:53:33+02:00,33.0,1,Oslo bussterminal,RUT:Line:390,Kongskog/Hellerudhaugen - Oslo bussterminal,390,bus,RUT:ServiceJourney:86e354a388a038b31eee4df4ffb8e2fc,True,actual,False,,,,,2026-09-07T15:44:36.205822+02:00
NSR:StopPlace:58868,Årnes stasjon,2026-09-07T14:34:00+02:00,2026-09-07T14:34:33+02:00,2026-09-07T14:34:33+02:00,33.0,1,Oslo lufthavn,RUT:Line:450,Årnes - Oslo lufthavn,450,bus,RUT:ServiceJourney:02c29f46fba93e1911fdce3ce2e8e596,True,actual,False,,,,,2026-09-07T15:44:36.205822+02:00
NSR:StopPlace:58872,Sandefjord stasjon,2026-09-07T15:18:00+02:00,2026-09-07T15:18:33+02:00,2026-09-07T15:18:33+02:00,33.0,1,Skien,VYG:Line:RE11,Eidsvoll-Oslo S-Skien,RE11,rail,VYG:ServiceJourney:819_444399-R,True,actual,False,Forsinket,Toget kjørte 4 minutter forsinket fra Oslo S. Dette skyldes en tidligere stans.,incident,normal,2026-09-07T15:44:36.205822+02:00
NSR:StopPlace:58811,Moelv stasjon,2026-09-07T14:00:00+02:00,2026-09-07T14:00:33+02:00,2026-09-07T14:00:33+02:00,33.0,1,Lillehammer,INN:Line:600,Moelv - Lillehammer,600,bus,INN:ServiceJourney:82443,True,actual,False,,,,,2026-09-07T15:44:36.205822+02:00
NSR:StopPlace:58821,Hjerkinn stasjon,2026-09-07T14:33:00+02:00,2026-09-07T14:33:33+02:00,2026-09-07T14:33:33+02:00,33.0,1,Trondheim S,SJN:Line:21,Dovrebanen,F6,rail,SJN:ServiceJourney:45-LOD_48255-R,True,actual,False,,,,,2026-09-07T15:44:36.205822+02:00
NSR:StopPlace:610,Sandvika stasjon,2026-09-07T12:15:00+02:00,2026-09-07T12:15:33+02:00,2026-09-07T12:15:33+02:00,33.0,1,Lillehammer,VYG:Line:RE10,Drammen-Oslo S-Lillehammer,RE10,rail,VYG:ServiceJourney:317-SUD_444183-R,True,actual,False,,,,,2026-09-07T15:44:36.205822+02:00
NSR:StopPlace:8,Paradis stasjon,2026-09-07T06:47:00+02:00,2026-09-07T06:47:33+02:00,2026-09-07T06:47:33+02:00,33.0,1,Egersund,GOA:Line:59,Jærbanen,L5,rail,GOA:ServiceJourney:3012_63044-R,True,actual,False,,,,,2026-09-07T08:42:24.659182+02:00
NSR:StopPlace:61466,Vakås stasjon,2026-09-07T08:22:00+02:00,2026-09-07T08:22:33+02:00,2026-09-07T08:22:33+02:00,33.0,1,Lillestrøm,VYG:Line:L1,Spikkestad-Oslo S-Lillestrøm,L1,rail,VYG:ServiceJourney:2116_443521-R,True,actual,False,,,,,2026-09-07T08:42:24.659182+02:00
NSR:StopPlace:61326,Gulskogen stasjon,2026-09-07T06:47:00+02:00,2026-09-07T06:47:33+02:00,2026-09-07T06:47:33+02:00,33.0,1,Kongsberg,VYG:Line:R12,Kongsberg-Oslo S-Eidsvoll,R12,rail,VYG:ServiceJourney:503_444294-R,True,actual,False,,,,,2026-09-07T08:42:24.659182+02:00
NSR:StopPlace:41,Hanaborg stasjon,2026-09-07T07:19:00+02:00,2026-09-07T07:19:33+02:00,2026-09-07T07:19:33+02:00,33.0,1,Spikkestad,VYG:Line:L1,Spikkestad-Oslo S-Lillestrøm,L1,rail,VYG:ServiceJourney:2211_443602-R,True,actual,False,,,,,2026-09-07T08:42:24.659182+02:00
NSR:StopPlace:59872,Oslo S,2026-09-07T06:39:00+02:00,2026-09-07T06:39:33+02:00,2026-09-07T06:39:33+02:00,33.0,1,Skien,VYG:Line:RE11,Eidsvoll-Oslo S-Skien,RE11,rail,VYG:ServiceJourney:805_444385-R,True,actual,False,,,,,2026-09-07T08:42:24.659182+02:00
NSR:StopPlace:59957,Klepp stasjon,2026-09-07T06:55:00+02:00,2026-09-07T06:55:33+02:00,2026-09-07T06:55:33+02:00,33.0,1,Sola,KOL:Line:8_2023,58,58,bus,KOL:ServiceJourney:2023_260410105491669_2001,True,actual,False,,,,,2026-09-07T08:42:24.659182+02:00
NSR:StopPlace:60944,Ski stasjon,2026-09-07T06:02:00+02:00,2026-09-07T06:02:33+02:00,2026-09-07T06:02:33+02:00,33.0,1,Drøbak - Seiersten,RUT:Line:510,Bøleråsen - Ski - Ås - Drøbak,510,bus,RUT:ServiceJourney:6cab17daf24462c16df119bc20063fc2,True,actual,False,,,,,2026-09-07T08:42:24.659182+02:00
NSR:StopPlace:60077,Støren stasjon,2026-09-07T07:41:00+02:00,2026-09-07T07:41:33+02:00,2026-09-07T07:41:33+02:00,33.0,1,Trondheim S,ATB:Line:2_340,Trondheim - Støren,340,bus,ATB:ServiceJourney:340_260106098640174_11,True,actual,False,,,,,2026-09-07T08:42:24.659182+02:00
NSR:StopPlace:59638,Myrvoll stasjon,2026-09-07T05:55:00+02:00,2026-09-07T05:55:33+02:00,2026-09-07T05:55:33+02:00,33.0,1,Fornebu,RUT:Line:81,Fornebu - Myrvoll stasjon,81,bus,RUT:ServiceJourney:bc444db1f496ee71aee9f2756bdc4552,True,actual,False,,,,,2026-09-07T08:42:24.659182+02:00
NSR:StopPlace:59638,Myrvoll stasjon,2026-09-07T06:35:00+02:00,2026-09-07T06:35:33+02:00,2026-09-07T06:35:33+02:00,33.0,1,Fornebu,RUT:Line:81,Fornebu - Myrvoll stasjon,81,bus,RUT:ServiceJourney:78e2699637d2bad72a7c8a6f4b4ce7b5,True,actual,False,,,,,2026-09-07T08:42:24.659182+02:00
NSR:StopPlace:58964,Kløfta stasjon,2026-09-07T07:58:00+02:00,2026-09-07T07:58:33+02:00,2026-09-07T07:58:33+02:00,33.0,1,Oslo S,VYG:Line:R13x,Drammen-Oslo S-Dal,R13x,rail,VYG:ServiceJourney:1690-JEH_443386-R,True,actual,False,,,,,2026-09-07T08:42:24.659182+02:00
NSR:StopPlace:58930,Larvik stasjon,2026-09-07T07:40:00+02:00,2026-09-07T07:40:33+02:00,2026-09-07T07:40:33+02:00,33.0,1,Stavern-Kysthospitalet,VKT:Line:4,Torp-Sandefjord-Larvik-Stavern,4,bus,VKT:ServiceJourney:17606,True,actual,False,,,,,2026-09-07T08:42:24.659182+02:00
NSR:StopPlace:58931,Fannrem stasjon,2026-09-07T05:50:00+02:00,2026-09-07T05:50:33+02:00,2026-09-07T05:50:33+02:00,33.0,1,Trondheim S via Orkanger skysst.,ATB:Line:2_310,Trondheim - Orkanger - Fannrem,310,bus,ATB:ServiceJourney:310_260106098639814_9,True,actual,False,,,,,2026-09-07T08:42:24.659182+02:00
NSR:StopPlace:58932,Hommelvik stasjon,2026-09-07T07:35:00+02:00,2026-09-07T07:35:33+02:00,2026-09-07T07:35:33+02:00,33.0,1,Storlien,SJN:Line:72,Meråkerbanen,R71,rail,SJN:ServiceJourney:1303_53533-R,True,actual,False,,,,,2026-09-07T08:42:24.659182+02:00
NSR:StopPlace:58793,Askim stasjon,2026-09-07T06:20:00+02:00,2026-09-07T06:20:33+02:00,2026-09-07T06:20:33+02:00,33.0,1,Sarpsborg-Mysen,OST:Line:1_640,Sarpsborg-Askim-Mysen,640,bus,OST:ServiceJourney:640_260325121473133_6,True,actual,False,,,,,2026-09-07T08:42:24.659182+02:00
NSR:StopPlace:58793,Askim stasjon,2026-09-07T08:11:00+02:00,2026-09-07T08:11:33+02:00,2026-09-07T08:11:33+02:00,33.0,1,Oslo S,VYG:Line:R22,Skøyen-Oslo S-Mysen-Rakkestad,R22,rail,VYG:ServiceJourney:1910_443448-R,True,actual,False,,,,,2026-09-07T08:42:24.659182+02:00
NSR:StopPlace:58830,Brakerøya stasjon,2026-09-07T05:38:00+02:00,2026-09-07T05:38:33+02:00,2026-09-07T05:38:33+02:00,33.0,1,Dal,VYG:Line:R13,Drammen-Oslo S-Dal,R13,rail,VYG:ServiceJourney:1605_443222-R,True,actual,False,,,,,2026-09-07T08:42:24.659182+02:00
NSR:StopPlace:58856,Lysaker stasjon,2026-09-07T05:57:00+02:00,2026-09-07T05:57:33+02:00,2026-09-07T05:57:33+02:00,33.0,1,Stabekk,VYG:Line:L2,Stabekk-Oslo S-Ski,L2,rail,VYG:ServiceJourney:2706-SKI_443912-R,True,actual,False,,,,,2026-09-07T08:42:24.659182+02:00
NSR:StopPlace:58858,Nittedal stasjon,2026-09-07T06:47:00+02:00,2026-09-07T06:47:33+02:00,2026-09-07T06:47:33+02:00,33.0,1,Oslo S,VYG:Line:R31,Skøyen-Jaren-Gjøvik,R31,rail,VYG:ServiceJourney:BUS-244_655561-R,True,actual,False,,,,,2026-09-07T08:42:24.659182+02:00
NSR:StopPlace:58858,Nittedal stasjon,2026-09-07T07:18:00+02:00,2026-09-07T07:18:33+02:00,2026-09-07T07:18:33+02:00,33.0,1,Lørenskog sentrum,RUT:Line:385,Nittedal stasjon - Olavsgaard - Ahus,385,bus,RUT:ServiceJourney:af792a9eccc2c57c9397366204068a4d,True,actual,False,,,,,2026-09-07T08:42:24.659182+02:00
NSR:StopPlace:58860,Oppegård stasjon,2026-09-07T06:18:00+02:00,2026-09-07T06:18:33+02:00,2026-09-07T06:18:33+02:00,33.0,1,Jernbanetorget,RUT:Line:84,Jernbanetorget-Oppegård st.,84E,bus,RUT:ServiceJourney:8fee37b3e0e05a68e820f53df1d07bd1,True,actual,False,,,,,2026-09-07T08:42:24.659182+02:00
NSR:StopPlace:58860,Oppegård stasjon,2026-09-07T06:48:00+02:00,2026-09-07T06:48:33+02:00,2026-09-07T06:48:33+02:00,33.0,1,Jernbanetorget,RUT:Line:84,Jernbanetorget-Oppegård st.,84E,bus,RUT:ServiceJourney:7594b7209caf824b59c7031c109b28d6,True,actual,False,,,,,2026-09-07T08:42:24.659182+02:00
NSR:StopPlace:58870,Holmestrand stasjon,2026-09-07T06:40:00+02:00,2026-09-07T06:40:33+02:00,2026-09-07T06:40:33+02:00,33.0,1,Hvitstein-Kleiverud,VKT:Line:30,Kleiverud-Holmestrand,30,bus,VKT:ServiceJourney:14848,True,actual,False,,,,,2026-09-07T08:42:24.659182+02:00
NSR:StopPlace:58872,Sandefjord stasjon,2026-09-07T06:15:00+02:00,2026-09-07T06:15:33+02:00,2026-09-07T06:15:33+02:00,33.0,1,Lillestrøm,VYG:Line:RX11,Eidsvoll-Oslo S-Skien,RX11,rail,VYG:ServiceJourney:862_444428-R,True,actual,False,,,,,2026-09-07T08:42:24.659182+02:00
NSR:StopPlace:58873,Skoppum stasjon,2026-09-07T05:40:00+02:00,2026-09-07T05:40:33+02:00,2026-09-07T05:40:33+02:00,33.0,1,Oslo lufthavn,VYG:Line:RX11,Eidsvoll-Oslo S-Skien,RX11,rail,VYG:ServiceJourney:852_444422-R,True,actual,False,,,,,2026-09-07T08:42:24.659182+02:00
NSR:StopPlace:58884,Skien stasjon,2026-09-07T05:37:00+02:00,2026-09-07T05:37:33+02:00,2026-09-07T05:37:33+02:00,33.0,1,Lillestrøm,VYG:Line:RX11,Eidsvoll-Oslo S-Skien,RX11,rail,VYG:ServiceJourney:862_444428-R,True,actual,False,,,,,2026-09-07T08:42:24.659182+02:00
NSR:StopPlace:58893,Grovane stasjon,2026-09-07T08:37:00+02:00,2026-09-07T08:37:33+02:00,2026-09-07T08:37:33+02:00,33.0,1,Kristiansand,AKT:Line:31,Kvadraturen - Sødal - Vennesla,31,bus,AKT:ServiceJourney:79683_132_44_62040_64260_3950001,True,actual,False,,,,,2026-09-07T08:42:24.659182+02:00
NSR:StopPlace:58805,Brumunddal stasjon,2026-09-07T07:59:00+02:00,2026-09-07T07:59:33+02:00,2026-09-07T07:59:33+02:00,33.0,1,Jessnes - Furnes u.sk.,INN:Line:641,Brumunddal-Jessnes-Furnes u.sk,641,bus,INN:ServiceJourney:83307,True,actual,False,,,,,2026-09-07T08:42:24.659182+02:00
NSR:StopPlace:58811,Moelv stasjon,2026-09-07T08:15:00+02:00,2026-09-07T08:15:33+02:00,2026-09-07T08:15:33+02:00,33.0,1,Lillehammer,INN:Line:600,Moelv - Lillehammer,600,bus,INN:ServiceJourney:82439,True,actual,False,,,,,2026-09-07T08:42:24.659182+02:00
NSR:StopPlace:58811,Moelv stasjon,2026-09-07T08:22:00+02:00,2026-09-07T08:22:33+02:00,2026-09-07T08:22:33+02:00,33.0,1,Moelv ungdomsskole,INN:Line:600,Moelv - Lillehammer,600,bus,INN:ServiceJourney:82449,True,actual,False,,,,,2026-09-07T08:42:24.659182+02:00
NSR:StopPlace:58813,Skarnes stasjon,2026-09-07T08:11:00+02:00,2026-09-07T08:11:33+02:00,2026-09-07T08:11:33+02:00,33.0,1,Skarnes,INN:Line:718,Disenå - Skarnes - Kongsvinger,718,bus,INN:ServiceJourney:76543,True,actual,False,,,,,2026-09-07T08:42:24.659182+02:00
NSR:StopPlace:610,Sandvika stasjon,2026-09-07T05:45:00+02:00,2026-09-07T05:45:33+02:00,2026-09-07T05:45:33+02:00,33.0,1,Kongsvinger,VYG:Line:R14,Asker-Oslo S-Kongsvinger,R14,rail,VYG:ServiceJourney:1003_442908-R,True,actual,False,,,,,2026-09-07T08:42:24.659182+02:00
NSR:StopPlace:62310,Brusand stasjon,2026-09-07T06:36:00+02:00,2026-09-07T06:36:33+02:00,2026-09-07T06:36:33+02:00,33.0,1,Stavanger,GOA:Line:59,Jærbanen,L5,rail,GOA:ServiceJourney:3007_63039-R,True,actual,False,,,,,2026-09-07T08:42:24.659182+02:00
NSR:StopPlace:62339,Lillestrøm stasjon,2026-09-07T05:40:00+02:00,2026-09-07T05:40:33+02:00,2026-09-07T05:40:33+02:00,33.0,1,Spikkestad,VYG:Line:L1,Spikkestad-Oslo S-Lillestrøm,L1,rail,VYG:ServiceJourney:2205_443593-R,True,actual,False,Heis i spor 1 og 2 er ute av bruk på grunn av vedlikehold. | Færre vogner,Heis i spor 1 og 2 er ute av bruk på grunn av vedlikehold. | Denne avgangen kjører dessverre med 4 vogner i stedet for 8 vogner. Dette skyldes at vi mangler et togsett.,general | general,normal | normal,2026-09-07T08:42:24.659182+02:00
NSR:StopPlace:62339,Lillestrøm stasjon,2026-09-07T06:06:00+02:00,2026-09-07T06:06:33+02:00,2026-09-07T06:06:33+02:00,33.0,1,Drammen,VYG:Line:R13,Drammen-Oslo S-Dal,R13,rail,VYG:ServiceJourney:1604_443221-R,True,actual,False,Heis i spor 1 og 2 er ute av bruk på grunn av vedlikehold.,Heis i spor 1 og 2 er ute av bruk på grunn av vedlikehold.,general,normal,2026-09-07T08:42:24.659182+02:00
NSR:StopPlace:62339,Lillestrøm stasjon,2026-09-07T06:25:00+02:00,2026-09-07T06:25:33+02:00,2026-09-07T06:25:33+02:00,33.0,1,Asker,VYG:Line:L1,Spikkestad-Oslo S-Lillestrøm,L1,rail,VYG:ServiceJourney:2107_443511-R,True,actual,False,Heis i spor 1 og 2 er ute av bruk på grunn av vedlikehold.,Heis i spor 1 og 2 er ute av bruk på grunn av vedlikehold.,general,normal,2026-09-07T08:42:24.659182+02:00
NSR:StopPlace:62339,Lillestrøm stasjon,2026-09-07T07:35:00+02:00,2026-09-07T07:35:33+02:00,2026-09-07T07:35:33+02:00,33.0,1,Eidsvoll,VYG:Line:RE11,Eidsvoll-Oslo S-Skien,RE11,rail,VYG:ServiceJourney:804_444384-R,True,actual,False,Heis i spor 1 og 2 er ute av bruk på grunn av vedlikehold.,Heis i spor 1 og 2 er ute av bruk på grunn av vedlikehold.,general,normal,2026-09-07T08:42:24.659182+02:00
NSR:StopPlace:62392,Slependen stasjon,2026-09-07T07:19:00+02:00,2026-09-07T07:19:33+02:00,2026-09-07T07:19:33+02:00,33.0,1,Asker,VYG:Line:L1,Spikkestad-Oslo S-Lillestrøm,L1,rail,VYG:ServiceJourney:2107_443511-R,True,actual,False,,,,,2026-09-07T08:42:24.659182+02:00
NSR:StopPlace:58890,Nelaug stasjon,2026-09-07T02:17:00+02:00,2026-09-07T02:17:33+02:00,2026-09-07T02:17:33+02:00,33.0,1,Stavanger,GOA:Line:50,Sørtoget region,F5,rail,GOA:ServiceJourney:725-LOD_67061-R,True,actual,False,,,,,2026-09-07T03:30:22.110925+02:00
NSR:StopPlace:61464,Hvalstad stasjon,2026-09-07T23:40:00+02:00,2026-09-07T23:40:32+02:00,2026-09-07T23:40:32+02:00,32.0,1,Lillestrøm,VYG:Line:L1,Spikkestad-Oslo S-Lillestrøm,L1,rail,VYG:ServiceJourney:2278_445378-R,True,actual,False,,,,,2026-09-08T00:20:52.129880+02:00
NSR:StopPlace:59649,Nydalen stasjon,2026-09-07T23:16:00+02:00,2026-09-07T23:16:32+02:00,2026-09-07T23:16:32+02:00,32.0,1,Simensbråten,RUT:Line:23,Lysaker - Simensbråten,23,bus,RUT:ServiceJourney:2fe27f044435eba306795dbfb3c16fb9,True,actual,False,,,,,2026-09-08T00:20:52.129880+02:00
NSR:StopPlace:60603,Kongsberg stasjon,2026-09-07T23:43:00+02:00,2026-09-07T23:43:32+02:00,2026-09-07T23:43:32+02:00,32.0,1,Stavanger,GOA:Line:50,Sørtoget region,F5,rail,GOA:ServiceJourney:725-LOD_67061-R,True,actual,False,,,,,2026-09-08T00:20:52.129880+02:00
NSR:StopPlace:58948,Stjørdal stasjon,2026-09-07T23:00:00+02:00,2026-09-07T23:00:32+02:00,2026-09-07T23:00:32+02:00,32.0,1,Steinkjer,SJN:Line:26,Trønderbanen,R70,rail,SJN:ServiceJourney:455_56084-R,True,actual,False,,,,,2026-09-08T00:20:52.129880+02:00
NSR:StopPlace:58830,Brakerøya stasjon,2026-09-07T23:38:00+02:00,2026-09-07T23:38:32+02:00,2026-09-07T23:38:32+02:00,32.0,1,Dal,VYG:Line:R13,Drammen-Oslo S-Dal,R13,rail,VYG:ServiceJourney:1677_443379-R,True,actual,False,,,,,2026-09-08T00:20:52.129880+02:00
NSR:StopPlace:58843,Blommenholm stasjon,2026-09-07T22:20:00+02:00,2026-09-07T22:20:32+02:00,2026-09-07T22:20:32+02:00,32.0,1,Lillestrøm,VYG:Line:L1,Spikkestad-Oslo S-Lillestrøm,L1,rail,VYG:ServiceJourney:2272_465117-R,True,actual,False,,,,,2026-09-08T00:20:52.129880+02:00
NSR:StopPlace:58858,Nittedal stasjon,2026-09-07T23:20:00+02:00,2026-09-07T23:20:32+02:00,2026-09-07T23:20:32+02:00,32.0,1,Lørenskog sentrum,RUT:Line:385,Nittedal stasjon - Olavsgaard - Ahus,385,bus,RUT:ServiceJourney:a2435c8fbd7a74c54e8bd90ded2269b5,True,actual,False,,,,,2026-09-08T00:20:52.129880+02:00
NSR:StopPlace:58866,Vevelstad stasjon,2026-09-07T22:44:00+02:00,2026-09-07T22:44:32+02:00,2026-09-07T22:44:32+02:00,32.0,1,Stabekk,VYG:Line:L2,Stabekk-Oslo S-Ski,L2,rail,VYG:ServiceJourney:2776-SKI_443999-R,True,actual,False,,,,,2026-09-08T00:20:52.129880+02:00
NSR:StopPlace:58861,Solbråtan stasjon,2026-09-07T23:11:00+02:00,2026-09-07T23:11:32+02:00,2026-09-07T23:11:32+02:00,32.0,1,Tårnåsen,RUT:Line:83,Jernbanetorget - Tårnåsen,83,bus,RUT:ServiceJourney:c9323681bc9e5aba2a36bba9160bac56,True,actual,False,Linje 80E og 83 får Hausmanns bru som ny endeholdeplass fra 29. juni,"Bussene stopper ikke på Jernbanetorget etter 29. juni, men starter og stopper på Hausmanns bru i Nylandsveien.",incident,normal,2026-09-08T00:20:52.129880+02:00
NSR:StopPlace:58810,Løten stasjon,2026-09-07T20:25:00+02:00,2026-09-07T20:25:32+02:00,2026-09-07T20:25:32+02:00,32.0,1,Røros,SJN:Line:25,Rørosbanen,R60,rail,SJN:ServiceJourney:2393_37671-R,True,actual,False,,,,,2026-09-08T00:20:52.129880+02:00
NSR:StopPlace:699,Tynset stasjon,2026-09-07T22:58:00+02:00,2026-09-07T22:58:32+02:00,2026-09-07T22:58:32+02:00,32.0,1,Røros,SJN:Line:25,Rørosbanen,R60,rail,SJN:ServiceJourney:2393_37671-R,True,actual,False,,,,,2026-09-08T00:20:52.129880+02:00
NSR:StopPlace:610,Sandvika stasjon,2026-09-07T21:54:00+02:00,2026-09-07T21:54:32+02:00,2026-09-07T21:54:32+02:00,32.0,1,Skien,VYG:Line:RE11,Eidsvoll-Oslo S-Skien,RE11,rail,VYG:ServiceJourney:835_444415-R,True,actual,False,,,,,2026-09-08T00:20:52.129880+02:00
NSR:StopPlace:62377,Ronglan stasjon,2026-09-07T23:29:00+02:00,2026-09-07T23:29:32+02:00,2026-09-07T23:29:32+02:00,32.0,1,Steinkjer,SJN:Line:26,Trønderbanen,R70,rail,SJN:ServiceJourney:455_56084-R,True,actual,False,,,,,2026-09-08T00:20:52.129880+02:00
NSR:StopPlace:61464,Hvalstad stasjon,2026-09-07T18:09:00+02:00,2026-09-07T18:09:32+02:00,2026-09-07T18:09:32+02:00,32.0,1,Spikkestad,VYG:Line:L1,Spikkestad-Oslo S-Lillestrøm,L1,rail,VYG:ServiceJourney:2251_443671-R,True,actual,False,,,,,2026-09-07T20:27:16.249662+02:00
NSR:StopPlace:61464,Hvalstad stasjon,2026-09-07T19:40:00+02:00,2026-09-07T19:40:32+02:00,2026-09-07T19:40:32+02:00,32.0,1,Lillestrøm,VYG:Line:L1,Spikkestad-Oslo S-Lillestrøm,L1,rail,VYG:ServiceJourney:2262_443690-R,True,actual,False,,,,,2026-09-07T20:27:16.249662+02:00
NSR:StopPlace:61334,Ogna stasjon,2026-09-07T19:51:00+02:00,2026-09-07T19:51:32+02:00,2026-09-07T19:51:32+02:00,32.0,1,Egersund,GOA:Line:59,Jærbanen,L5,rail,GOA:ServiceJourney:3060_63114-R,True,actual,False,,,,,2026-09-07T20:27:16.249662+02:00
NSR:StopPlace:59643,Grefsen stasjon,2026-09-07T17:26:00+02:00,2026-09-07T17:26:32+02:00,2026-09-07T17:26:32+02:00,32.0,1,Gaustadalléen,RUT:Line:18,Grefsen st [4311] - Rikshospitalet,18,tram,RUT:ServiceJourney:23357045b37c0bc8ed818cfedf22b90b,True,actual,False,,,,,2026-09-07T20:27:16.249662+02:00
NSR:StopPlace:59653,Haugenstua stasjon,2026-09-07T19:40:00+02:00,2026-09-07T19:40:32+02:00,2026-09-07T19:40:32+02:00,32.0,1,Asker,VYG:Line:L1,Spikkestad-Oslo S-Lillestrøm,L1,rail,VYG:ServiceJourney:2159_443568-R,True,actual,False,,,,,2026-09-07T20:27:16.249662+02:00
NSR:StopPlace:60736,Spikkestad stasjon,2026-09-07T16:46:00+02:00,2026-09-07T16:46:32+02:00,2026-09-07T16:46:32+02:00,32.0,1,Lillestrøm,VYG:Line:L1,Spikkestad-Oslo S-Lillestrøm,L1,rail,VYG:ServiceJourney:2252_445350-R,True,actual,False,,,,,2026-09-07T20:27:16.249662+02:00
NSR:StopPlace:60900,Harran stasjon,2026-09-07T18:58:00+02:00,2026-09-07T18:58:32+02:00,2026-09-07T18:58:32+02:00,32.0,1,Trondheim S,SJN:Line:71,Nordlandsbanen,F7,rail,SJN:ServiceJourney:472_46160-R,True,actual,False,,,,,2026-09-07T20:27:16.249662+02:00
NSR:StopPlace:60569,Sirevåg stasjon,2026-09-07T19:54:00+02:00,2026-09-07T19:54:32+02:00,2026-09-07T19:54:32+02:00,32.0,1,Egersund,GOA:Line:59,Jærbanen,L5,rail,GOA:ServiceJourney:3060_63114-R,True,actual,False,,,,,2026-09-07T20:27:16.249662+02:00
NSR:StopPlace:59616,Asker stasjon,2026-09-07T16:39:00+02:00,2026-09-07T16:39:32+02:00,2026-09-07T16:39:32+02:00,32.0,1,Kongsvinger,VYG:Line:R14,Asker-Oslo S-Kongsvinger,R14,rail,VYG:ServiceJourney:1025_442935-R,True,actual,False,,,,,2026-09-07T20:27:16.249662+02:00
NSR:StopPlace:59637,Rosenholm stasjon,2026-09-07T18:43:00+02:00,2026-09-07T18:43:32+02:00,2026-09-07T18:43:32+02:00,32.0,1,Oslo S,VYG:Line:L2,Stabekk-Oslo S-Ski,L2,rail,VYG:ServiceJourney:2858_444098-R,True,actual,False,,,,,2026-09-07T20:27:16.249662+02:00
NSR:StopPlace:58836,Mjøndalen stasjon,2026-09-07T17:37:00+02:00,2026-09-07T17:37:32+02:00,2026-09-07T17:37:32+02:00,32.0,1,Hovjordet,BRA:Line:4_6054,Mjøndalen - Hovjordet,54,bus,BRA:ServiceJourney:6054_260415100162425_1031,True,actual,False,,,,,2026-09-07T20:27:16.249662+02:00
NSR:StopPlace:58843,Blommenholm stasjon,2026-09-07T17:34:00+02:00,2026-09-07T17:34:32+02:00,2026-09-07T17:34:32+02:00,32.0,1,Lillestrøm,VYG:Line:L1,Spikkestad-Oslo S-Lillestrøm,L1,rail,VYG:ServiceJourney:2152_443561-R,True,actual,False,Færre vogner,Denne avgangen kjører dessverre med 4 vogner i stedet for 8 vogner. Dette skyldes at vi mangler et togsett.,general,normal,2026-09-07T20:27:16.249662+02:00
NSR:StopPlace:58851,Heggedal stasjon,2026-09-07T19:59:00+02:00,2026-09-07T19:59:32+02:00,2026-09-07T19:59:32+02:00,32.0,1,Rustadgrenda,RUT:Line:286,Rustadgrenda-Heggedal,286,bus,RUT:ServiceJourney:4e03992713d85d70bd1e896aaba1a961,True,actual,False,,,,,2026-09-07T20:27:16.249662+02:00
NSR:StopPlace:58865,Vestby stasjon,2026-09-07T17:50:00+02:00,2026-09-07T17:50:32+02:00,2026-09-07T17:50:32+02:00,32.0,1,Randem,RUT:Line:533,Randem - Vestby stasjon,533,bus,RUT:ServiceJourney:a786cf185266d8367e8612cecfc04e2f,True,actual,False,,,,,2026-09-07T20:27:16.249662+02:00
NSR:StopPlace:58865,Vestby stasjon,2026-09-07T20:20:00+02:00,2026-09-07T20:20:32+02:00,2026-09-07T20:20:32+02:00,32.0,1,Randem,RUT:Line:533,Randem - Vestby stasjon,533,bus,RUT:ServiceJourney:3ccb77bf04b488bd6711f27befe5c4fb,True,actual,False,,,,,2026-09-07T20:27:16.249662+02:00
NSR:StopPlace:58868,Årnes stasjon,2026-09-07T19:34:00+02:00,2026-09-07T19:34:32+02:00,2026-09-07T19:34:32+02:00,32.0,1,Oslo lufthavn,RUT:Line:450,Årnes - Oslo lufthavn,450,bus,RUT:ServiceJourney:a7f5193264a2d1db8c2995d70475648f,True,actual,False,,,,,2026-09-07T20:27:16.249662+02:00
NSR:StopPlace:58870,Holmestrand stasjon,2026-09-07T17:15:00+02:00,2026-09-07T17:15:32+02:00,2026-09-07T17:15:32+02:00,32.0,1,Horten-Tønsberg,VKT:Line:2,Tjøme-Tønsberg-Horten-Holmestr,2,bus,VKT:ServiceJourney:15854,True,actual,False,Forsinkelser Linje 2 og 411 | Kjører ikke Storgata i Horten,Pga. veiarbeid i Horten sentrum vil det kunne oppstå forsinkelser på busser i tidsrommet 3.-11. september.  | 7.-9. september: Bussene vil ikke kjøre Storgata. Benytt holdeplassene Peders gate eller Horten rb.st. Se vkt.no/avvik Det vil oppstå forsinkelser. ,incident | general,normal | normal,2026-09-07T20:27:16.249662+02:00
NSR:StopPlace:398,Arna stasjon,2026-09-07T18:57:00+02:00,2026-09-07T18:57:32+02:00,2026-09-07T18:57:32+02:00,32.0,1,Bergen,VYG:Line:L4,Bergen-Arna,L4,rail,VYG:ServiceJourney:2555_443814-R,True,actual,False,,,,,2026-09-07T20:27:16.249662+02:00
NSR:StopPlace:398,Arna stasjon,2026-09-07T19:42:00+02:00,2026-09-07T19:42:32+02:00,2026-09-07T19:42:32+02:00,32.0,1,Bergen,VYG:Line:L4,Bergen-Arna,L4,rail,VYG:ServiceJourney:2659_443874-R,True,actual,False,,,,,2026-09-07T20:27:16.249662+02:00
NSR:StopPlace:62308,Alna stasjon,2026-09-07T17:48:00+02:00,2026-09-07T17:48:32+02:00,2026-09-07T17:48:32+02:00,32.0,1,Lillestrøm,VYG:Line:L1,Spikkestad-Oslo S-Lillestrøm,L1,rail,VYG:ServiceJourney:2252_445350-R,True,actual,False,,,,,2026-09-07T20:27:16.249662+02:00
NSR:StopPlace:62308,Alna stasjon,2026-09-07T19:33:00+02:00,2026-09-07T19:33:32+02:00,2026-09-07T19:33:32+02:00,32.0,1,Lillestrøm,VYG:Line:L1,Spikkestad-Oslo S-Lillestrøm,L1,rail,VYG:ServiceJourney:2158_443567-R,True,actual,False,,,,,2026-09-07T20:27:16.249662+02:00
NSR:StopPlace:62339,Lillestrøm stasjon,2026-09-07T18:10:00+02:00,2026-09-07T18:10:32+02:00,2026-09-07T18:10:32+02:00,32.0,1,Spikkestad,VYG:Line:L1,Spikkestad-Oslo S-Lillestrøm,L1,rail,VYG:ServiceJourney:2255_443677-R,True,actual,False,Heis i spor 1 og 2 er ute av bruk på grunn av vedlikehold.,Heis i spor 1 og 2 er ute av bruk på grunn av vedlikehold.,general,normal,2026-09-07T20:27:16.249662+02:00
NSR:StopPlace:59646,Høvik stasjon,2026-09-07T14:37:00+02:00,2026-09-07T14:37:32+02:00,2026-09-07T14:37:32+02:00,32.0,1,Lillestrøm,VYG:Line:L1,Spikkestad-Oslo S-Lillestrøm,L1,rail,VYG:ServiceJourney:2140_443548-R,True,actual,False,,,,,2026-09-07T15:44:36.205822+02:00
NSR:StopPlace:58947,Steinkjer stasjon,2026-09-07T14:37:00+02:00,2026-09-07T14:37:32+02:00,2026-09-07T14:37:32+02:00,32.0,1,Ler,SJN:Line:26,Trønderbanen,R70,rail,SJN:ServiceJourney:440_56069-R,True,actual,False,,,,,2026-09-07T15:44:36.205822+02:00
NSR:StopPlace:58793,Askim stasjon,2026-09-07T15:40:00+02:00,2026-09-07T15:40:32+02:00,2026-09-07T15:40:32+02:00,32.0,1,Eidsberg kirke-Rakkestad,OST:Line:1_415,Askim-Rakkestad,415,bus,OST:ServiceJourney:415_260325121471824_1,True,actual,False,,,,,2026-09-07T15:44:36.205822+02:00
NSR:StopPlace:58845,Eidsvoll verk stasjon,2026-09-07T15:16:00+02:00,2026-09-07T15:16:32+02:00,2026-09-07T15:16:32+02:00,32.0,1,Jessheim,RUT:Line:430,Eidsvoll - Jessheim,430,bus,RUT:ServiceJourney:e60a2028da8a3173c7ee325494e791bf,True,actual,False,,,,,2026-09-07T15:44:36.205822+02:00
NSR:StopPlace:58864,Sørumsand stasjon,2026-09-07T15:21:00+02:00,2026-09-07T15:21:32+02:00,2026-09-07T15:21:32+02:00,32.0,1,Skedsmokorset,RUT:Line:365,Sørumsand - Frogner - Skedsmokorset,365,bus,RUT:ServiceJourney:6e1d007f5f496645841343ae5ae9c8fc,True,actual,False,,,,,2026-09-07T15:44:36.205822+02:00
NSR:StopPlace:58807,Hanestad stasjon,2026-09-07T14:13:00+02:00,2026-09-07T14:13:32+02:00,2026-09-07T14:13:32+02:00,32.0,1,Trondheim S,SJN:Line:25,Rørosbanen,R60,rail,SJN:ServiceJourney:2385_30335-R,True,actual,False,,,,,2026-09-07T15:44:36.205822+02:00
NSR:StopPlace:58813,Skarnes stasjon,2026-09-07T14:49:00+02:00,2026-09-07T14:49:32+02:00,2026-09-07T14:49:32+02:00,32.0,1,Asker,VYG:Line:R14,Asker-Oslo S-Kongsvinger,R14,rail,VYG:ServiceJourney:1022_442930-R,True,actual,False,Heis på Skarnes ute av drift,Heisen på Skarnes til spor 2 er ute av drift.,general,normal,2026-09-07T15:44:36.205822+02:00
NSR:StopPlace:62341,Tangen stasjon,2026-09-07T13:25:00+02:00,2026-09-07T13:25:32+02:00,2026-09-07T13:25:32+02:00,32.0,1,Lillehammer,VYG:Line:RE10,Drammen-Oslo S-Lillehammer,RE10,rail,VYG:ServiceJourney:317-SUD_444183-R,True,actual,False,,,,,2026-09-07T15:44:36.205822+02:00
NSR:StopPlace:62393,Billingstad stasjon,2026-09-07T14:27:00+02:00,2026-09-07T14:27:32+02:00,2026-09-07T14:27:32+02:00,32.0,1,Lillestrøm,VYG:Line:L1,Spikkestad-Oslo S-Lillestrøm,L1,rail,VYG:ServiceJourney:2140_443548-R,True,actual,False,,,,,2026-09-07T15:44:36.205822+02:00
NSR:StopPlace:61251,Øksnavadporten stasjon,2026-09-07T07:05:00+02:00,2026-09-07T07:05:32+02:00,2026-09-07T07:05:32+02:00,32.0,1,Stavanger,GOA:Line:59,Jærbanen,L5,rail,GOA:ServiceJourney:3007_63039-R,True,actual,False,,,,,2026-09-07T08:42:24.659182+02:00
NSR:StopPlace:61169,Marienborg stasjon,2026-09-07T07:16:00+02:00,2026-09-07T07:16:32+02:00,2026-09-07T07:16:32+02:00,32.0,1,Østmarka via Lerkendal-Strindh.,ATB:Line:2_13,Østmarka - Strindheim - Lerkendal - Havstad,13,bus,ATB:ServiceJourney:13_251215112552670_13,True,actual,False,,,,,2026-09-07T08:42:24.659182+02:00
NSR:StopPlace:59647,Dal stasjon,2026-09-07T08:41:00+02:00,2026-09-07T08:41:32+02:00,2026-09-07T08:41:32+02:00,32.0,1,Jessheim,RUT:Line:430,Eidsvoll - Jessheim,430,bus,RUT:ServiceJourney:9df67cd0e07f645e231c70a6c7ffbef4,True,actual,False,,,,,2026-09-07T08:42:24.659182+02:00
NSR:StopPlace:59648,Kjelsås stasjon,2026-09-07T07:37:00+02:00,2026-09-07T07:37:32+02:00,2026-09-07T07:37:32+02:00,32.0,1,Kværnerbyen,RUT:Line:54,Kværnerbyen - Kjelsås stasjon,54,bus,RUT:ServiceJourney:3813a70ddd43d85a3457bc834cded19e,True,actual,False,,,,,2026-09-07T08:42:24.659182+02:00
NSR:StopPlace:59649,Nydalen stasjon,2026-09-07T07:23:00+02:00,2026-09-07T07:23:32+02:00,2026-09-07T07:23:32+02:00,32.0,1,Fornebu,RUT:Line:24,Fornebu vest - Brynseng T,24,bus,RUT:ServiceJourney:cfac25d96dfc6edb68144e39dfa78c94,True,actual,False,,,,,2026-09-07T08:42:24.659182+02:00
NSR:StopPlace:59643,Grefsen stasjon,2026-09-07T06:49:00+02:00,2026-09-07T06:49:32+02:00,2026-09-07T06:49:32+02:00,32.0,1,Simensbråten,RUT:Line:23,Lysaker - Simensbråten,23,bus,RUT:ServiceJourney:804446b5f539fa7d326e32e7ef43f772,True,actual,False,,,,,2026-09-07T08:42:24.659182+02:00
NSR:StopPlace:59643,Grefsen stasjon,2026-09-07T07:26:00+02:00,2026-09-07T07:26:32+02:00,2026-09-07T07:26:32+02:00,32.0,1,Gaustadalléen,RUT:Line:18,Grefsen st [4311] - Rikshospitalet,18,tram,RUT:ServiceJourney:fc729491d9cf665251a37c8cf6b08a92,True,actual,False,,,,,2026-09-07T08:42:24.659182+02:00
NSR:StopPlace:59654,Stabekk stasjon,2026-09-07T07:30:00+02:00,2026-09-07T07:30:32+02:00,2026-09-07T07:30:32+02:00,32.0,1,Ski,VYG:Line:L2,Stabekk-Oslo S-Ski,L2,rail,VYG:ServiceJourney:2711-HVK_443917-R,True,actual,False,Færre vogner,Denne avgangen kjører dessverre med 3 vogner i stedet for 6 vogner. Dette skyldes at vi mangler et togsett.,general,normal,2026-09-07T08:42:24.659182+02:00
NSR:StopPlace:59952,Drammen stasjon,2026-09-07T06:17:00+02:00,2026-09-07T06:17:32+02:00,2026-09-07T06:17:32+02:00,32.0,1,Eidsvoll,VYG:Line:R12,Kongsberg-Oslo S-Eidsvoll,R12,rail,VYG:ServiceJourney:504_444296-R,True,actual,False,,,,,2026-09-07T08:42:24.659182+02:00
NSR:StopPlace:59957,Klepp stasjon,2026-09-07T07:02:00+02:00,2026-09-07T07:02:32+02:00,2026-09-07T07:02:32+02:00,32.0,1,Stavanger,GOA:Line:59,Jærbanen,L5,rail,GOA:ServiceJourney:3007_63039-R,True,actual,False,,,,,2026-09-07T08:42:24.659182+02:00
NSR:StopPlace:60944,Ski stasjon,2026-09-07T06:09:00+02:00,2026-09-07T06:09:32+02:00,2026-09-07T06:09:32+02:00,32.0,1,Stabekk,VYG:Line:L2,Stabekk-Oslo S-Ski,L2,rail,VYG:ServiceJourney:2710-SKI_443916-R,True,actual,False,Færre vogner,Denne avgangen kjører dessverre med 3 vogner i stedet for 6 vogner. Dette skyldes at vi mangler et togsett.,general,normal,2026-09-07T08:42:24.659182+02:00
NSR:StopPlace:60047,Melhus skysstasjon,2026-09-07T07:46:00+02:00,2026-09-07T07:46:32+02:00,2026-09-07T07:46:32+02:00,32.0,1,Dora via E6 - City Syd E6,ATB:Line:2_71,MelhusSkyss-Trondheim,71,bus,ATB:ServiceJourney:71_251215112545760_22,True,actual,False,,,,,2026-09-07T08:42:24.659182+02:00
NSR:StopPlace:60053,Halden stasjon,2026-09-07T05:31:00+02:00,2026-09-07T05:31:32+02:00,2026-09-07T05:31:32+02:00,32.0,1,Oslo S,VYG:Line:RE20,Oslo S-Halden-Göteborg (X-Border),RE20,rail,VYG:ServiceJourney:142-HLD_509063-R,True,actual,False,Færre vogner,Denne avgangen kjører dessverre med 4 vogner i stedet for 8 vogner. Dette skyldes at vi mangler et togsett.,general,normal,2026-09-07T08:42:24.659182+02:00
NSR:StopPlace:59637,Rosenholm stasjon,2026-09-07T06:58:00+02:00,2026-09-07T06:58:32+02:00,2026-09-07T06:58:32+02:00,32.0,1,Stabekk,VYG:Line:L2,Stabekk-Oslo S-Ski,L2,rail,VYG:ServiceJourney:2712-SKI_443918-R,True,actual,False,,,,,2026-09-07T08:42:24.659182+02:00
NSR:StopPlace:58954,Fauske stasjon,2026-09-07T06:25:00+02:00,2026-09-07T06:25:32+02:00,2026-09-07T06:25:32+02:00,32.0,1,Bodø lufthavn,NOR:Line:12_8100,Bodø - Fauske - Narvik/Sortland,100,bus,NOR:ServiceJourney:8100_260126119354951_2007,True,actual,False,,,,,2026-09-07T08:42:24.659182+02:00
NSR:StopPlace:58963,Jessheim stasjon,2026-09-07T06:51:00+02:00,2026-09-07T06:51:32+02:00,2026-09-07T06:51:32+02:00,32.0,1,Dal,VYG:Line:R13,Drammen-Oslo S-Dal,R13,rail,VYG:ServiceJourney:1605_443222-R,True,actual,False,,,,,2026-09-07T08:42:24.659182+02:00
NSR:StopPlace:58921,Vennesla stasjon,2026-09-07T06:36:00+02:00,2026-09-07T06:36:32+02:00,2026-09-07T06:36:32+02:00,32.0,1,Kristiansand via Mosby,AKT:Line:30,Kvadraturen - Mosby - Vennesl,30,bus,AKT:ServiceJourney:79445_62_48_45600_48480_40001545,True,actual,False,,,,,2026-09-07T08:42:24.659182+02:00
NSR:StopPlace:58931,Fannrem stasjon,2026-09-07T07:00:00+02:00,2026-09-07T07:00:32+02:00,2026-09-07T07:00:32+02:00,32.0,1,Meldal vgs via Løkken st.,ATB:Line:2_460,Orkanger - Meldal - Berkåk,460,bus,ATB:ServiceJourney:460_260106098640558_2,True,actual,False,,,,,2026-09-07T08:42:24.659182+02:00
NSR:StopPlace:58834,Hokksund stasjon,2026-09-07T07:17:00+02:00,2026-09-07T07:17:32+02:00,2026-09-07T07:17:32+02:00,32.0,1,Dal,VYG:Line:R13,Drammen-Oslo S-Dal,R13,rail,VYG:ServiceJourney:1613_443239-R,True,actual,False,,,,,2026-09-07T08:42:24.659182+02:00
NSR:StopPlace:58846,Fetsund stasjon,2026-09-07T07:43:00+02:00,2026-09-07T07:43:32+02:00,2026-09-07T07:43:32+02:00,32.0,1,Garderåsen,RUT:Line:321,Fetsund - Garderåsen,321,bus,RUT:ServiceJourney:487e3f92fdecb1d34e4a4121285c5f95,True,actual,False,,,,,2026-09-07T08:42:24.659182+02:00
NSR:StopPlace:58848,Haga stasjon,2026-09-07T07:39:00+02:00,2026-09-07T07:39:32+02:00,2026-09-07T07:39:32+02:00,32.0,1,Runni,RUT:Line:455,Årnes -Rånåsfoss,455,bus,RUT:ServiceJourney:5fbbea91f3842894acdcc1378114ae99,True,actual,False,,,,,2026-09-07T08:42:24.659182+02:00
NSR:StopPlace:58840,Vestfossen stasjon,2026-09-07T07:10:00+02:00,2026-09-07T07:10:32+02:00,2026-09-07T07:10:32+02:00,32.0,1,Dal,VYG:Line:R13,Drammen-Oslo S-Dal,R13,rail,VYG:ServiceJourney:1613_443239-R,True,actual,False,,,,,2026-09-07T08:42:24.659182+02:00
NSR:StopPlace:58857,Lørenskog stasjon,2026-09-07T06:51:00+02:00,2026-09-07T06:51:32+02:00,2026-09-07T06:51:32+02:00,32.0,1,Spikkestad,VYG:Line:L1,Spikkestad-Oslo S-Lillestrøm,L1,rail,VYG:ServiceJourney:2209_443598-R,True,actual,False,,,,,2026-09-07T08:42:24.659182+02:00
NSR:StopPlace:58858,Nittedal stasjon,2026-09-07T05:20:00+02:00,2026-09-07T05:20:32+02:00,2026-09-07T05:20:32+02:00,32.0,1,Lørenskog sentrum,RUT:Line:385,Nittedal stasjon - Olavsgaard - Ahus,385,bus,RUT:ServiceJourney:4588219891643e38756ff84678733e7a,True,actual,False,,,,,2026-09-07T08:42:24.659182+02:00
NSR:StopPlace:58866,Vevelstad stasjon,2026-09-07T07:22:00+02:00,2026-09-07T07:22:32+02:00,2026-09-07T07:22:32+02:00,32.0,1,Universitetet i Ås,RUT:Line:510,Bøleråsen - Ski - Ås - Drøbak,510,bus,RUT:ServiceJourney:9f029771b358dbe27f0ba51f0e147625,True,actual,False,,,,,2026-09-07T08:42:24.659182+02:00
NSR:StopPlace:58862,Strømmen stasjon,2026-09-07T06:30:00+02:00,2026-09-07T06:30:32+02:00,2026-09-07T06:30:32+02:00,32.0,1,Asker,VYG:Line:L1,Spikkestad-Oslo S-Lillestrøm,L1,rail,VYG:ServiceJourney:2107_443511-R,True,actual,False,,,,,2026-09-07T08:42:24.659182+02:00
NSR:StopPlace:58873,Skoppum stasjon,2026-09-07T08:20:00+02:00,2026-09-07T08:20:32+02:00,2026-09-07T08:20:32+02:00,32.0,1,Eidsvoll,VYG:Line:RE11,Eidsvoll-Oslo S-Skien,RE11,rail,VYG:ServiceJourney:808_444388-R,True,actual,False,,,,,2026-09-07T08:42:24.659182+02:00
NSR:StopPlace:58804,Alvdal stasjon,2026-09-07T07:00:00+02:00,2026-09-07T07:00:32+02:00,2026-09-07T07:00:32+02:00,32.0,1,Brannvålen - Tynset,INN:Line:878,Alvdal - Brandvoll - Tynset,878,bus,INN:ServiceJourney:81345,True,actual,False,,,,,2026-09-07T08:42:24.659182+02:00
NSR:StopPlace:58825,Raufoss stasjon,2026-09-07T07:15:00+02:00,2026-09-07T07:15:32+02:00,2026-09-07T07:15:32+02:00,32.0,1,Gjøvik-Kapp,INN:Line:46,Lena-Raufoss-Gjøvik-Kapp-Lena,B46,bus,INN:ServiceJourney:76821,True,actual,False,,,,,2026-09-07T08:42:24.659182+02:00
NSR:StopPlace:58826,Reinsvoll stasjon,2026-09-07T06:03:00+02:00,2026-09-07T06:03:32+02:00,2026-09-07T06:03:32+02:00,32.0,1,Raufoss-Gjøvik,INN:Line:46,Lena-Raufoss-Gjøvik-Kapp-Lena,B46,bus,INN:ServiceJourney:76819,True,actual,False,,,,,2026-09-07T08:42:24.659182+02:00
NSR:StopPlace:63079,Skeiane stasjon,2026-09-07T06:56:00+02:00,2026-09-07T06:56:32+02:00,2026-09-07T06:56:32+02:00,32.0,1,Stavanger,GOA:Line:59,Jærbanen,L5,rail,GOA:ServiceJourney:3109_63154-R,True,actual,False,,,,,2026-09-07T08:42:24.659182+02:00
NSR:StopPlace:101,Sagdalen stasjon,2026-09-07T06:58:00+02:00,2026-09-07T06:58:32+02:00,2026-09-07T06:58:32+02:00,32.0,1,Asker,VYG:Line:L1,Spikkestad-Oslo S-Lillestrøm,L1,rail,VYG:ServiceJourney:2109_443513-R,True,actual,False,,,,,2026-09-07T08:42:24.659182+02:00
NSR:StopPlace:62310,Brusand stasjon,2026-09-07T05:23:00+02:00,2026-09-07T05:23:32+02:00,2026-09-07T05:23:32+02:00,32.0,1,Stavanger,GOA:Line:59,Jærbanen,L5,rail,GOA:ServiceJourney:3003_63034-R,True,actual,False,,,,,2026-09-07T08:42:24.659182+02:00
NSR:StopPlace:62339,Lillestrøm stasjon,2026-09-07T06:45:00+02:00,2026-09-07T06:45:32+02:00,2026-09-07T06:45:32+02:00,32.0,1,Lillehammer,VYG:Line:RE10,Drammen-Oslo S-Lillehammer,RE10,rail,VYG:ServiceJourney:305-SUD_444133-R,True,actual,False,Heis i spor 1 og 2 er ute av bruk på grunn av vedlikehold.,Heis i spor 1 og 2 er ute av bruk på grunn av vedlikehold.,general,normal,2026-09-07T08:42:24.659182+02:00
NSR:StopPlace:62338,Fossum stasjon,2026-09-07T07:54:00+02:00,2026-09-07T07:54:32+02:00,2026-09-07T07:54:32+02:00,32.0,1,Blaker ring,RUT:Line:370,Sørumsand - Blaker - Sørumsand,370A,bus,RUT:ServiceJourney:1770ea80560c7d3241dbeb2f42b4c554,True,actual,False,,,,,2026-09-07T08:42:24.659182+02:00
NSR:StopPlace:61979,Hellvik stasjon,2026-09-07T06:24:00+02:00,2026-09-07T06:24:32+02:00,2026-09-07T06:24:32+02:00,32.0,1,Egersund,GOA:Line:59,Jærbanen,L5,rail,GOA:ServiceJourney:3006_63037-R,True,actual,False,,,,,2026-09-07T08:42:24.659182+02:00
NSR:StopPlace:61169,Marienborg stasjon,2026-09-07T22:59:00+02:00,2026-09-07T22:59:31+02:00,2026-09-07T22:59:31+02:00,31.0,1,Romolslia,ATB:Line:2_20,Grillstad - Strindheim - Ladehammeren- Sentrum - Romolslia,20,bus,ATB:ServiceJourney:20_251215112548171_98,True,actual,False,,,,,2026-09-08T00:20:52.129880+02:00
NSR:StopPlace:59649,Nydalen stasjon,2026-09-08T00:01:00+02:00,2026-09-08T00:01:31+02:00,2026-09-08T00:01:31+02:00,31.0,1,Lysaker,RUT:Line:23,Lysaker - Simensbråten,23,bus,RUT:ServiceJourney:71351490786e0ff484a3a26045fd3c37,True,actual,False,,,,,2026-09-08T00:20:52.129880+02:00
NSR:StopPlace:59652,Tøyen stasjon,2026-09-08T00:14:00+02:00,2026-09-08T00:14:31+02:00,2026-09-08T00:14:31+02:00,31.0,1,Jernbanetorget,RUT:Line:60,Vippetangen-Tonsenhagen,60,bus,RUT:ServiceJourney:8a2c47b0d5720f79b288ddf678a8d103,True,actual,False,,,,,2026-09-08T00:20:52.129880+02:00
NSR:StopPlace:58932,Hommelvik stasjon,2026-09-07T22:44:00+02:00,2026-09-07T22:44:31+02:00,2026-09-07T22:44:31+02:00,31.0,1,Steinkjer,SJN:Line:26,Trønderbanen,R70,rail,SJN:ServiceJourney:455_56084-R,True,actual,False,,,,,2026-09-08T00:20:52.129880+02:00
NSR:StopPlace:58838,Røyken stasjon,2026-09-07T22:37:00+02:00,2026-09-07T22:37:31+02:00,2026-09-07T22:37:31+02:00,31.0,1,Drammen,RUT:Line:261,Drammen - Lahell - Røyken - Sætre,261,bus,RUT:ServiceJourney:9ed6fc1a61ba58f03f176745baaef2cd,True,actual,False,Fra 17/8 går linje 61-63-71-73-251-261 og skolebusser fra holdeplass ved Skutebrygga ut av byen.Les mer på brakar.no/trafikkmeldinger.,,general,normal,2026-09-08T00:20:52.129880+02:00
NSR:StopPlace:58848,Haga stasjon,2026-09-07T22:14:00+02:00,2026-09-07T22:14:31+02:00,2026-09-07T22:14:31+02:00,31.0,1,Asker,VYG:Line:R14,Asker-Oslo S-Kongsvinger,R14,rail,VYG:ServiceJourney:1036_442948-R,True,actual,False,,,,,2026-09-08T00:20:52.129880+02:00
NSR:StopPlace:58852,Høn stasjon,2026-09-07T21:36:00+02:00,2026-09-07T21:36:31+02:00,2026-09-07T21:36:31+02:00,31.0,1,Lillestrøm,VYG:Line:L1,Spikkestad-Oslo S-Lillestrøm,L1,rail,VYG:ServiceJourney:2270_443703-R,True,actual,False,,,,,2026-09-08T00:20:52.129880+02:00
NSR:StopPlace:58857,Lørenskog stasjon,2026-09-08T00:13:00+02:00,2026-09-08T00:13:31+02:00,2026-09-08T00:13:31+02:00,31.0,1,Stovner,RUT:Line:120,Nesåsen - Stovner,120,bus,RUT:ServiceJourney:a202b1e1eae3c1c9792aa46c700ab1ad,True,actual,False,,,,,2026-09-08T00:20:52.129880+02:00
NSR:StopPlace:101,Sagdalen stasjon,2026-09-07T21:43:00+02:00,2026-09-07T21:43:31+02:00,2026-09-07T21:43:31+02:00,31.0,1,Spikkestad,VYG:Line:L1,Spikkestad-Oslo S-Lillestrøm,L1,rail,VYG:ServiceJourney:2269_443700-R,True,actual,False,,,,,2026-09-08T00:20:52.129880+02:00
NSR:StopPlace:62309,Ljan stasjon,2026-09-07T23:54:00+02:00,2026-09-07T23:54:31+02:00,2026-09-07T23:54:31+02:00,31.0,1,Ski,VYG:Line:L2,Stabekk-Oslo S-Ski,L2,rail,VYG:ServiceJourney:2775-HVK_443998-R,True,actual,False,,,,,2026-09-08T00:20:52.129880+02:00
NSR:StopPlace:59648,Kjelsås stasjon,2026-09-07T18:24:00+02:00,2026-09-07T18:24:31+02:00,2026-09-07T18:24:31+02:00,31.0,1,Kværnerbyen,RUT:Line:54,Kværnerbyen - Kjelsås stasjon,54,bus,RUT:ServiceJourney:3f63b5e2c4d107ec7ea0412297e8d5be,True,actual,False,,,,,2026-09-07T20:27:16.249662+02:00
NSR:StopPlace:59649,Nydalen stasjon,2026-09-07T17:46:00+02:00,2026-09-07T17:46:31+02:00,2026-09-07T17:46:31+02:00,31.0,1,Simensbråten,RUT:Line:23,Lysaker - Simensbråten,23,bus,RUT:ServiceJourney:ff2c77fdb122e17ef73d4cce54d7ec70,True,actual,False,,,,,2026-09-07T20:27:16.249662+02:00
NSR:StopPlace:59653,Haugenstua stasjon,2026-09-07T19:25:00+02:00,2026-09-07T19:25:31+02:00,2026-09-07T19:25:31+02:00,31.0,1,Spikkestad,VYG:Line:L1,Spikkestad-Oslo S-Lillestrøm,L1,rail,VYG:ServiceJourney:2259_443684-R,True,actual,False,,,,,2026-09-07T20:27:16.249662+02:00
NSR:StopPlace:59957,Klepp stasjon,2026-09-07T17:52:00+02:00,2026-09-07T17:52:31+02:00,2026-09-07T17:52:31+02:00,31.0,1,Nærbø,GOA:Line:59,Jærbanen,L5,rail,GOA:ServiceJourney:3054_63104-R,True,actual,False,,,,,2026-09-07T20:27:16.249662+02:00
NSR:StopPlace:59636,Holmlia stasjon,2026-09-07T17:15:00+02:00,2026-09-07T17:15:31+02:00,2026-09-07T17:15:31+02:00,31.0,1,Grorud T,RUT:Line:79,Grorud T - Åsbråten,79,bus,RUT:ServiceJourney:ac4ba887a4fd619deecbe18981a0ff97,True,actual,False,,,,,2026-09-07T20:27:16.249662+02:00
NSR:StopPlace:58932,Hommelvik stasjon,2026-09-07T18:25:00+02:00,2026-09-07T18:25:31+02:00,2026-09-07T18:25:31+02:00,31.0,1,Vikhammer via Sveberg,ATB:Line:2_86,Hommelvik-Sveberg-Vikhammer,86,bus,ATB:ServiceJourney:86_251215112548543_12,True,actual,False,,,,,2026-09-07T20:27:16.249662+02:00
NSR:StopPlace:58948,Stjørdal stasjon,2026-09-07T20:00:00+02:00,2026-09-07T20:00:31+02:00,2026-09-07T20:00:31+02:00,31.0,1,Lundamo,SJN:Line:26,Trønderbanen,R70,rail,SJN:ServiceJourney:448_56077-R,True,actual,False,,,,,2026-09-07T20:27:16.249662+02:00
NSR:StopPlace:58834,Hokksund stasjon,2026-09-07T19:27:00+02:00,2026-09-07T19:27:31+02:00,2026-09-07T19:27:31+02:00,31.0,1,Drammen via Mjøndalen,BRA:Line:4_6101,Drammen-Vikersund/Hønefoss,101,bus,BRA:ServiceJourney:6101_260415100161284_1060,True,actual,False,,,,,2026-09-07T20:27:16.249662+02:00
NSR:StopPlace:58857,Lørenskog stasjon,2026-09-07T17:56:00+02:00,2026-09-07T17:56:31+02:00,2026-09-07T17:56:31+02:00,31.0,1,Økern,RUT:Line:67,Økern-Lørenskog sentrum,67,bus,RUT:ServiceJourney:cc9dc8631dcb7ab31f26f4f17e06fdd0,True,actual,False,,,,,2026-09-07T20:27:16.249662+02:00
NSR:StopPlace:58864,Sørumsand stasjon,2026-09-07T17:37:00+02:00,2026-09-07T17:37:31+02:00,2026-09-07T17:37:31+02:00,31.0,1,Blaker ring,RUT:Line:2370,Sørumsand - Blaker - Sørumsand,370B,bus,RUT:ServiceJourney:08edce154fef68e00ed145443052cf34,True,actual,False,,,,,2026-09-07T20:27:16.249662+02:00
NSR:StopPlace:58864,Sørumsand stasjon,2026-09-07T18:21:00+02:00,2026-09-07T18:21:31+02:00,2026-09-07T18:21:31+02:00,31.0,1,Lørenfallet,RUT:Line:365,Sørumsand - Frogner - Skedsmokorset,365,bus,RUT:ServiceJourney:60da786c50e7611555d927edd336d936,True,actual,False,,,,,2026-09-07T20:27:16.249662+02:00
NSR:StopPlace:58864,Sørumsand stasjon,2026-09-07T19:21:00+02:00,2026-09-07T19:21:31+02:00,2026-09-07T19:21:31+02:00,31.0,1,Lørenfallet,RUT:Line:365,Sørumsand - Frogner - Skedsmokorset,365,bus,RUT:ServiceJourney:95147d563f73d4165abe39bd14361ed8,True,actual,False,,,,,2026-09-07T20:27:16.249662+02:00
NSR:StopPlace:58877,Bø stasjon,2026-09-07T17:55:00+02:00,2026-09-07T17:55:31+02:00,2026-09-07T17:55:31+02:00,31.0,1,Notodden via Nordagutu,TEL:Line:8323,Notodden-Nordagutu-Gvarv-Bø,323,bus,TEL:ServiceJourney:125771,True,actual,False,,,,,2026-09-07T20:27:16.249662+02:00
NSR:StopPlace:58877,Bø stasjon,2026-09-07T18:47:00+02:00,2026-09-07T18:47:31+02:00,2026-09-07T18:47:31+02:00,31.0,1,Skien stasjon,TEL:Line:8181,Seljord-Bø-Skien,R1,bus,TEL:ServiceJourney:127063,True,actual,False,,,,,2026-09-07T20:27:16.249662+02:00
NSR:StopPlace:58886,Arendal stasjon,2026-09-07T17:32:00+02:00,2026-09-07T17:32:31+02:00,2026-09-07T17:32:31+02:00,31.0,1,Tromøy Øst via Tromøy kirkevei,AKT:Line:102,Tromøy Øst-Arendal-Rykene,102,bus,AKT:ServiceJourney:72075_172_43_126000_127800_40001656,True,actual,False,,,,,2026-09-07T20:27:16.249662+02:00
NSR:StopPlace:58884,Skien stasjon,2026-09-07T18:01:00+02:00,2026-09-07T18:01:31+02:00,2026-09-07T18:01:31+02:00,31.0,1,Notodden,VYG:Line:R55,Porsgrunn-Notodden,R55,rail,VYG:ServiceJourney:2486_443756-R,True,actual,False,,,,,2026-09-07T20:27:16.249662+02:00
NSR:StopPlace:62339,Lillestrøm stasjon,2026-09-07T17:10:00+02:00,2026-09-07T17:10:31+02:00,2026-09-07T17:10:31+02:00,31.0,1,Spikkestad,VYG:Line:L1,Spikkestad-Oslo S-Lillestrøm,L1,rail,VYG:ServiceJourney:2251_443671-R,True,actual,False,Heis i spor 1 og 2 er ute av bruk på grunn av vedlikehold.,Heis i spor 1 og 2 er ute av bruk på grunn av vedlikehold.,general,normal,2026-09-07T20:27:16.249662+02:00
NSR:StopPlace:62339,Lillestrøm stasjon,2026-09-07T17:45:00+02:00,2026-09-07T17:45:31+02:00,2026-09-07T17:45:31+02:00,31.0,1,Lillehammer,VYG:Line:RE10,Drammen-Oslo S-Lillehammer,RE10,rail,VYG:ServiceJourney:327-SUD_444222-R,True,actual,False,Heis i spor 1 og 2 er ute av bruk på grunn av vedlikehold.,Heis i spor 1 og 2 er ute av bruk på grunn av vedlikehold.,general,normal,2026-09-07T20:27:16.249662+02:00
NSR:StopPlace:62339,Lillestrøm stasjon,2026-09-07T17:50:00+02:00,2026-09-07T17:50:31+02:00,2026-09-07T17:50:31+02:00,31.0,1,Oslo Lufthavn,FLT:Line:FLY1,FLY1,FLY1,rail,FLT:ServiceJourney:1-2614-3779-20260907,True,actual,False,Heis i spor 1 og 2 er ute av bruk på grunn av vedlikehold.,Heis i spor 1 og 2 er ute av bruk på grunn av vedlikehold.,general,normal,2026-09-07T20:27:16.249662+02:00
NSR:StopPlace:61735,Hell stasjon,2026-09-07T14:50:00+02:00,2026-09-07T14:50:31+02:00,2026-09-07T14:50:31+02:00,31.0,1,Steinkjer,SJN:Line:26,Trønderbanen,R70,rail,SJN:ServiceJourney:439_56068-R,True,actual,False,,,,,2026-09-07T15:44:36.205822+02:00
NSR:StopPlace:60640,Heimdal stasjon,2026-09-07T12:59:00+02:00,2026-09-07T12:59:31+02:00,2026-09-07T12:59:31+02:00,31.0,1,Steinkjer,SJN:Line:26,Trønderbanen,R70,rail,SJN:ServiceJourney:437_56066-R,True,actual,False,,,,,2026-09-07T15:44:36.205822+02:00
NSR:StopPlace:59650,Nyland stasjon,2026-09-07T14:36:00+02:00,2026-09-07T14:36:31+02:00,2026-09-07T14:36:31+02:00,31.0,1,Lillestrøm,VYG:Line:L1,Spikkestad-Oslo S-Lillestrøm,L1,rail,VYG:ServiceJourney:2138_443545-R,True,actual,False,,,,,2026-09-07T15:44:36.205822+02:00
NSR:StopPlace:60077,Støren stasjon,2026-09-07T14:02:00+02:00,2026-09-07T14:02:31+02:00,2026-09-07T14:02:31+02:00,31.0,1,Trondheim S,ATB:Line:2_340,Trondheim - Støren,340,bus,ATB:ServiceJourney:340_260106098639878_39,True,actual,False,,,,,2026-09-07T15:44:36.205822+02:00
NSR:StopPlace:58919,Sira stasjon,2026-09-07T12:06:00+02:00,2026-09-07T12:06:31+02:00,2026-09-07T12:06:31+02:00,31.0,1,Oslo S,GOA:Line:50,Sørtoget region,F5,rail,GOA:ServiceJourney:710-KVB_71575-R,True,actual,False,,,,,2026-09-07T15:44:36.205822+02:00
NSR:StopPlace:58930,Larvik stasjon,2026-09-07T12:32:00+02:00,2026-09-07T12:32:31+02:00,2026-09-07T12:32:31+02:00,31.0,1,Eidsvoll,VYG:Line:RE11,Eidsvoll-Oslo S-Skien,RE11,rail,VYG:ServiceJourney:818_444398-R,True,actual,False,,,,,2026-09-07T15:44:36.205822+02:00
NSR:StopPlace:58843,Blommenholm stasjon,2026-09-07T15:04:00+02:00,2026-09-07T15:04:31+02:00,2026-09-07T15:04:31+02:00,31.0,1,Lillestrøm,VYG:Line:L1,Spikkestad-Oslo S-Lillestrøm,L1,rail,VYG:ServiceJourney:2142_443550-R,True,actual,False,,,,,2026-09-07T15:44:36.205822+02:00
NSR:StopPlace:58818,Gran stasjon,2026-09-07T15:23:00+02:00,2026-09-07T15:23:31+02:00,2026-09-07T15:23:31+02:00,31.0,1,Grindvoll via Solheimstorget,INN:Line:451,Gran-Lunner-Grindvoll-Jevnaker,451,bus,INN:ServiceJourney:71504,True,actual,False,,,,,2026-09-07T15:44:36.205822+02:00
NSR:StopPlace:610,Sandvika stasjon,2026-09-07T13:45:00+02:00,2026-09-07T13:45:31+02:00,2026-09-07T13:45:31+02:00,31.0,1,Kongsvinger,VYG:Line:R14,Asker-Oslo S-Kongsvinger,R14,rail,VYG:ServiceJourney:1019_442926-R,True,actual,False,,,,,2026-09-07T15:44:36.205822+02:00
NSR:StopPlace:8,Paradis stasjon,2026-09-07T06:34:00+02:00,2026-09-07T06:34:31+02:00,2026-09-07T06:34:31+02:00,31.0,1,Stavanger,GOA:Line:59,Jærbanen,L5,rail,GOA:ServiceJourney:3107_63152-R,True,actual,False,,,,,2026-09-07T08:42:24.659182+02:00
NSR:StopPlace:61169,Marienborg stasjon,2026-09-07T07:33:00+02:00,2026-09-07T07:33:31+02:00,2026-09-07T07:33:31+02:00,31.0,1,Trondheim S,SJN:Line:25,Rørosbanen,R60,rail,SJN:ServiceJourney:411_37676-R,True,actual,False,,,,,2026-09-07T08:42:24.659182+02:00
NSR:StopPlace:41,Hanaborg stasjon,2026-09-07T07:34:00+02:00,2026-09-07T07:34:31+02:00,2026-09-07T07:34:31+02:00,31.0,1,Asker,VYG:Line:L1,Spikkestad-Oslo S-Lillestrøm,L1,rail,VYG:ServiceJourney:2111_728233-R,True,actual,False,Færre vogner,Denne avgangen kjører dessverre med 4 vogner i stedet for 8 vogner. Dette skyldes at vi mangler et togsett.,general,normal,2026-09-07T08:42:24.659182+02:00
NSR:StopPlace:59648,Kjelsås stasjon,2026-09-07T06:45:00+02:00,2026-09-07T06:45:31+02:00,2026-09-07T06:45:31+02:00,31.0,1,Kværnerbyen,RUT:Line:54,Kværnerbyen - Kjelsås stasjon,54,bus,RUT:ServiceJourney:4bcbdffc2c14275195df3f4beff64093,True,actual,False,,,,,2026-09-07T08:42:24.659182+02:00
NSR:StopPlace:59654,Stabekk stasjon,2026-09-07T07:26:00+02:00,2026-09-07T07:26:31+02:00,2026-09-07T07:26:31+02:00,31.0,1,Lillestrøm,VYG:Line:L1,Spikkestad-Oslo S-Lillestrøm,L1,rail,VYG:ServiceJourney:2212_764749-R,True,actual,False,Færre vogner,Denne avgangen kjører dessverre med 4 vogner i stedet for 8 vogner. Dette skyldes at vi mangler et togsett.,general,normal,2026-09-07T08:42:24.659182+02:00
NSR:StopPlace:58947,Steinkjer stasjon,2026-09-07T08:35:00+02:00,2026-09-07T08:35:31+02:00,2026-09-07T08:35:31+02:00,31.0,1,Henning skole,ATB:Line:2_7302,Veiesdal - Henning - Steinkjer,7302,bus,ATB:ServiceJourney:7302_260106098640746_1,True,actual,False,,,,,2026-09-07T08:42:24.659182+02:00
NSR:StopPlace:58948,Stjørdal stasjon,2026-09-07T07:02:00+02:00,2026-09-07T07:02:31+02:00,2026-09-07T07:02:31+02:00,31.0,1,Remyra via Stokkanvegen,ATB:Line:2_91,91 StjørdalSt-Remyrv.,91,bus,ATB:ServiceJourney:91_260220075616787_12,True,actual,False,,,,,2026-09-07T08:42:24.659182+02:00
NSR:StopPlace:58798,Rakkestad stasjon,2026-09-07T07:22:00+02:00,2026-09-07T07:22:31+02:00,2026-09-07T07:22:31+02:00,31.0,1,Kirkefjerdingen skole-Mysen stasjon,OST:Line:1_414,Rakkestad-Mysen,414,bus,OST:ServiceJourney:414_260325121473115_3,True,actual,False,,,,,2026-09-07T08:42:24.659182+02:00
NSR:StopPlace:58835,Lier stasjon,2026-09-07T07:17:00+02:00,2026-09-07T07:17:31+02:00,2026-09-07T07:17:31+02:00,31.0,1,Drammen,VYG:Line:R13,Drammen-Oslo S-Dal,R13,rail,VYG:ServiceJourney:1606_443223-R,True,actual,False,Færre vogner,Denne avgangen kjører dessverre med 5 vogner i stedet for 10 vogner. Dette skyldes at vi mangler et togsett.,general,normal,2026-09-07T08:42:24.659182+02:00
NSR:StopPlace:58836,Mjøndalen stasjon,2026-09-07T06:06:00+02:00,2026-09-07T06:06:31+02:00,2026-09-07T06:06:31+02:00,31.0,1,Drammen sykehus,BRA:Line:4_6001,Drammen sykehus Brakerøya - Sørensvingen / Mjøndalen,1,bus,BRA:ServiceJourney:6001_260415100161789_1010,True,actual,False,,,,,2026-09-07T08:42:24.659182+02:00
NSR:StopPlace:58858,Nittedal stasjon,2026-09-07T06:20:00+02:00,2026-09-07T06:20:31+02:00,2026-09-07T06:20:31+02:00,31.0,1,Lørenskog sentrum,RUT:Line:385,Nittedal stasjon - Olavsgaard - Ahus,385,bus,RUT:ServiceJourney:f01e091a10858b2480a162cefa9c6483,True,actual,False,,,,,2026-09-07T08:42:24.659182+02:00
NSR:StopPlace:58858,Nittedal stasjon,2026-09-07T07:19:00+02:00,2026-09-07T07:19:31+02:00,2026-09-07T07:19:31+02:00,31.0,1,Oslo S,VYG:Line:RE30,Oslo S-Gjøvik,RE30,rail,VYG:ServiceJourney:BUS-1204_654984-R,True,actual,False,,,,,2026-09-07T08:42:24.659182+02:00
NSR:StopPlace:58851,Heggedal stasjon,2026-09-07T05:59:00+02:00,2026-09-07T05:59:31+02:00,2026-09-07T05:59:31+02:00,31.0,1,Asker,RUT:Line:280,Asker - Dikemark - Heggedal,280,bus,RUT:ServiceJourney:70a7460774d812a7449d0f9721157b30,True,actual,False,,,,,2026-09-07T08:42:24.659182+02:00
NSR:StopPlace:58861,Solbråtan stasjon,2026-09-07T07:08:00+02:00,2026-09-07T07:08:31+02:00,2026-09-07T07:08:31+02:00,31.0,1,Lysaker,VYG:Line:L2,Stabekk-Oslo S-Ski,L2,rail,VYG:ServiceJourney:2812-SKI_444024-R,True,actual,False,Færre vogner,Denne avgangen kjører dessverre med 3 vogner i stedet for 6 vogner. Dette skyldes at vi mangler et togsett.,general,normal,2026-09-07T08:42:24.659182+02:00
NSR:StopPlace:58874,Stokke stasjon,2026-09-07T07:02:00+02:00,2026-09-07T07:02:31+02:00,2026-09-07T07:02:31+02:00,31.0,1,Tønsberg,VKT:Line:520,Tønsberg-Stokke,520,bus,VKT:ServiceJourney:17298,True,actual,False,,,,,2026-09-07T08:42:24.659182+02:00
NSR:StopPlace:58884,Skien stasjon,2026-09-07T07:59:00+02:00,2026-09-07T07:59:31+02:00,2026-09-07T07:59:31+02:00,31.0,1,Notodden,VYG:Line:R55,Porsgrunn-Notodden,R55,rail,VYG:ServiceJourney:2474_443746-R,True,actual,False,,,,,2026-09-07T08:42:24.659182+02:00
NSR:StopPlace:206,Mariero stasjon,2026-09-07T07:09:00+02:00,2026-09-07T07:09:31+02:00,2026-09-07T07:09:31+02:00,31.0,1,Stavanger,GOA:Line:59,Jærbanen,L5,rail,GOA:ServiceJourney:3109_63154-R,True,actual,False,,,,,2026-09-07T08:42:24.659182+02:00
NSR:StopPlace:62094,Lindeberg stasjon,2026-09-07T06:18:00+02:00,2026-09-07T06:18:31+02:00,2026-09-07T06:18:31+02:00,31.0,1,Drammen,VYG:Line:R13,Drammen-Oslo S-Dal,R13,rail,VYG:ServiceJourney:1606_443223-R,True,actual,False,Færre vogner,Denne avgangen kjører dessverre med 5 vogner i stedet for 10 vogner. Dette skyldes at vi mangler et togsett.,general,normal,2026-09-07T08:42:24.659182+02:00
NSR:StopPlace:62338,Fossum stasjon,2026-09-07T06:54:00+02:00,2026-09-07T06:54:31+02:00,2026-09-07T06:54:31+02:00,31.0,1,Blaker ring,RUT:Line:370,Sørumsand - Blaker - Sørumsand,370A,bus,RUT:ServiceJourney:85917d70402e8b2b9b430c83eb23f154,True,actual,False,,,,,2026-09-07T08:42:24.659182+02:00
NSR:StopPlace:59654,Stabekk stasjon,2026-09-07T21:40:00+02:00,2026-09-07T21:40:30+02:00,2026-09-07T21:40:30+02:00,30.0,1,Lillestrøm,VYG:Line:L1,Spikkestad-Oslo S-Lillestrøm,L1,rail,VYG:ServiceJourney:2168_443578-R,True,actual,False,,,,,2026-09-08T00:20:52.129880+02:00
NSR:StopPlace:58963,Jessheim stasjon,2026-09-07T21:52:00+02:00,2026-09-07T21:52:30+02:00,2026-09-07T21:52:30+02:00,30.0,1,Årnes,RUT:Line:450,Årnes - Oslo lufthavn,450,bus,RUT:ServiceJourney:a999911d8a3c697121a9fac9a38bdd95,True,actual,False,,,,,2026-09-08T00:20:52.129880+02:00
NSR:StopPlace:58932,Hommelvik stasjon,2026-09-07T23:44:00+02:00,2026-09-07T23:44:30+02:00,2026-09-07T23:44:30+02:00,30.0,1,Steinkjer,SJN:Line:26,Trønderbanen,R70,rail,SJN:ServiceJourney:457-SOeB_56085-R,True,actual,False,,,,,2026-09-08T00:20:52.129880+02:00
NSR:StopPlace:58836,Mjøndalen stasjon,2026-09-07T22:53:00+02:00,2026-09-07T22:53:30+02:00,2026-09-07T22:53:30+02:00,30.0,1,Kongsberg,VYG:Line:R12,Kongsberg-Oslo S-Eidsvoll,R12,rail,VYG:ServiceJourney:535_444345-R,True,actual,False,,,,,2026-09-08T00:20:52.129880+02:00
NSR:StopPlace:58839,Steinberg stasjon,2026-09-07T22:56:00+02:00,2026-09-07T22:56:30+02:00,2026-09-07T22:56:30+02:00,30.0,1,Kongsberg,VYG:Line:R12,Kongsberg-Oslo S-Eidsvoll,R12,rail,VYG:ServiceJourney:535_444345-R,True,actual,False,,,,,2026-09-08T00:20:52.129880+02:00
NSR:StopPlace:58853,Kolbotn stasjon,2026-09-07T22:37:00+02:00,2026-09-07T22:37:30+02:00,2026-09-07T22:37:30+02:00,30.0,1,Tårnåsen,RUT:Line:83,Jernbanetorget - Tårnåsen,83,bus,RUT:ServiceJourney:8f46384aa7146eb8abf0330cf253365d,True,actual,False,Linje 80E og 83 får Hausmanns bru som ny endeholdeplass fra 29. juni,"Bussene stopper ikke på Jernbanetorget etter 29. juni, men starter og stopper på Hausmanns bru i Nylandsveien.",incident,normal,2026-09-08T00:20:52.129880+02:00
NSR:StopPlace:58854,Langhus stasjon,2026-09-07T23:24:00+02:00,2026-09-07T23:24:30+02:00,2026-09-07T23:24:30+02:00,30.0,1,Drøbak - Seiersten,RUT:Line:510,Bøleråsen - Ski - Ås - Drøbak,510,bus,RUT:ServiceJourney:e565b937a4a4c66a1a4b9e1cf7530288,True,actual,False,,,,,2026-09-08T00:20:52.129880+02:00
NSR:StopPlace:58856,Lysaker stasjon,2026-09-07T20:49:00+02:00,2026-09-07T20:49:30+02:00,2026-09-07T20:49:30+02:00,30.0,1,Skien,VYG:Line:RE11,Eidsvoll-Oslo S-Skien,RE11,rail,VYG:ServiceJourney:833_444413-R,True,actual,False,Færre vogner,Denne avgangen kjører dessverre med 5 vogner i stedet for 10 vogner. Dette skyldes at vi mangler et togsett.,general,normal,2026-09-08T00:20:52.129880+02:00
NSR:StopPlace:58864,Sørumsand stasjon,2026-09-07T23:51:00+02:00,2026-09-07T23:51:30+02:00,2026-09-07T23:51:30+02:00,30.0,1,Skedsmokorset,RUT:Line:365,Sørumsand - Frogner - Skedsmokorset,365,bus,RUT:ServiceJourney:e1ea816303f9ba69b7495e3f12e1016d,True,actual,False,,,,,2026-09-08T00:20:52.129880+02:00
NSR:StopPlace:58866,Vevelstad stasjon,2026-09-07T22:49:00+02:00,2026-09-07T22:49:30+02:00,2026-09-07T22:49:30+02:00,30.0,1,Bøleråsen,RUT:Line:510,Bøleråsen - Ski - Ås - Drøbak,510,bus,RUT:ServiceJourney:9aa99ddeef1240ee4fe444c5cae3ef56,True,actual,False,,,,,2026-09-08T00:20:52.129880+02:00
NSR:StopPlace:58866,Vevelstad stasjon,2026-09-07T23:14:00+02:00,2026-09-07T23:14:30+02:00,2026-09-07T23:14:30+02:00,30.0,1,Stabekk,VYG:Line:L2,Stabekk-Oslo S-Ski,L2,rail,VYG:ServiceJourney:2778-SKI_444001-R,True,actual,False,,,,,2026-09-08T00:20:52.129880+02:00
NSR:StopPlace:58869,Ås stasjon,2026-09-07T22:10:00+02:00,2026-09-07T22:10:30+02:00,2026-09-07T22:10:30+02:00,30.0,1,Moss,VYG:Line:R21,Stabekk-Oslo S-Moss,R21,rail,VYG:ServiceJourney:1167-HVK_443060-R,True,actual,False,,,,,2026-09-08T00:20:52.129880+02:00
NSR:StopPlace:58861,Solbråtan stasjon,2026-09-07T22:23:00+02:00,2026-09-07T22:23:30+02:00,2026-09-07T22:23:30+02:00,30.0,1,Stabekk,VYG:Line:L2,Stabekk-Oslo S-Ski,L2,rail,VYG:ServiceJourney:2774-SKI_443996-R,True,actual,False,,,,,2026-09-08T00:20:52.129880+02:00
NSR:StopPlace:58862,Strømmen stasjon,2026-09-07T22:30:00+02:00,2026-09-07T22:30:30+02:00,2026-09-07T22:30:30+02:00,30.0,1,Asker,VYG:Line:L1,Spikkestad-Oslo S-Lillestrøm,L1,rail,VYG:ServiceJourney:2171_443582-R,True,actual,False,,,,,2026-09-08T00:20:52.129880+02:00
NSR:StopPlace:58874,Stokke stasjon,2026-09-07T20:56:00+02:00,2026-09-07T20:56:30+02:00,2026-09-07T20:56:30+02:00,30.0,1,Eidsvoll,VYG:Line:RE11,Eidsvoll-Oslo S-Skien,RE11,rail,VYG:ServiceJourney:834_444414-R,True,actual,False,,,,,2026-09-08T00:20:52.129880+02:00
NSR:StopPlace:58876,Tønsberg stasjon,2026-09-07T22:52:00+02:00,2026-09-07T22:52:30+02:00,2026-09-07T22:52:30+02:00,30.0,1,Skien,VYG:Line:RE11,Eidsvoll-Oslo S-Skien,RE11,rail,VYG:ServiceJourney:835_444415-R,True,actual,False,,,,,2026-09-08T00:20:52.129880+02:00
NSR:StopPlace:58872,Sandefjord stasjon,2026-09-07T23:47:00+02:00,2026-09-07T23:47:30+02:00,2026-09-07T23:47:30+02:00,30.0,1,Drammen,VYG:Line:RE11,Eidsvoll-Oslo S-Skien,RE11,rail,VYG:ServiceJourney:840-SKN_444420-R,True,actual,False,,,,,2026-09-08T00:20:52.129880+02:00
NSR:StopPlace:58873,Skoppum stasjon,2026-09-07T23:20:00+02:00,2026-09-07T23:20:30+02:00,2026-09-07T23:20:30+02:00,30.0,1,Eidsvoll,VYG:Line:RE11,Eidsvoll-Oslo S-Skien,RE11,rail,VYG:ServiceJourney:838-341_515579-R,True,actual,False,,,,,2026-09-08T00:20:52.129880+02:00
NSR:StopPlace:58884,Skien stasjon,2026-09-07T23:16:00+02:00,2026-09-07T23:16:30+02:00,2026-09-07T23:16:30+02:00,30.0,1,Skjelsvik via Klyve-Kongerød,TEL:Line:8043,Skien-Klyve-Skjelsvik,M3,bus,TEL:ServiceJourney:127209,True,actual,False,,,,,2026-09-08T00:20:52.129880+02:00
NSR:StopPlace:62339,Lillestrøm stasjon,2026-09-07T21:10:00+02:00,2026-09-07T21:10:30+02:00,2026-09-07T21:10:30+02:00,30.0,1,Spikkestad,VYG:Line:L1,Spikkestad-Oslo S-Lillestrøm,L1,rail,VYG:ServiceJourney:2267_443697-R,True,actual,False,Heis i spor 1 og 2 er ute av bruk på grunn av vedlikehold.,Heis i spor 1 og 2 er ute av bruk på grunn av vedlikehold.,general,normal,2026-09-08T00:20:52.129880+02:00
NSR:StopPlace:61456,Majavatn stasjon,2026-09-07T17:59:00+02:00,2026-09-07T17:59:30+02:00,2026-09-07T17:59:30+02:00,30.0,1,Trondheim S,SJN:Line:71,Nordlandsbanen,F7,rail,SJN:ServiceJourney:472_46160-R,True,actual,False,,,,,2026-09-07T20:27:16.249662+02:00
NSR:StopPlace:61466,Vakås stasjon,2026-09-07T18:11:00+02:00,2026-09-07T18:11:30+02:00,2026-09-07T18:11:30+02:00,30.0,1,Spikkestad,VYG:Line:L1,Spikkestad-Oslo S-Lillestrøm,L1,rail,VYG:ServiceJourney:2251_443671-R,True,actual,False,,,,,2026-09-07T20:27:16.249662+02:00
NSR:StopPlace:61466,Vakås stasjon,2026-09-07T19:52:00+02:00,2026-09-07T19:52:30+02:00,2026-09-07T19:52:30+02:00,30.0,1,Lillestrøm,VYG:Line:L1,Spikkestad-Oslo S-Lillestrøm,L1,rail,VYG:ServiceJourney:2162_443572-R,True,actual,False,,,,,2026-09-07T20:27:16.249662+02:00
NSR:StopPlace:59643,Grefsen stasjon,2026-09-07T17:40:00+02:00,2026-09-07T17:40:30+02:00,2026-09-07T17:40:30+02:00,30.0,1,Oslo lufthavn,NBU:Line:cb7b555c-f96e-42d5-84bf-a5e08c0145c2,Radiumhospitalet via Økern-Storo-Tåsen,FB3,bus,NBU:ServiceJourney:af1cd8e6-5ad9-43d1-bc6c-c01721ad88bd,True,actual,False,,,,,2026-09-07T20:27:16.249662+02:00
NSR:StopPlace:60736,Spikkestad stasjon,2026-09-07T18:16:00+02:00,2026-09-07T18:16:30+02:00,2026-09-07T18:16:30+02:00,30.0,1,Lillestrøm,VYG:Line:L1,Spikkestad-Oslo S-Lillestrøm,L1,rail,VYG:ServiceJourney:2258_443682-R,True,actual,False,,,,,2026-09-07T20:27:16.249662+02:00
NSR:StopPlace:59952,Drammen stasjon,2026-09-07T18:05:00+02:00,2026-09-07T18:05:30+02:00,2026-09-07T18:05:30+02:00,30.0,1,Dal,VYG:Line:R13,Drammen-Oslo S-Dal,R13,rail,VYG:ServiceJourney:1655_443331-R,True,actual,False,,,,,2026-09-07T20:27:16.249662+02:00
NSR:StopPlace:58963,Jessheim stasjon,2026-09-07T18:31:00+02:00,2026-09-07T18:31:30+02:00,2026-09-07T18:31:30+02:00,30.0,1,Oslo lufthavn,RUT:Line:440,Fenstad/Nordkisa - Oslo lufthavn,440,bus,RUT:ServiceJourney:bc211fcfaf5e847a0bfbd5a71fcb51fa,True,actual,False,,,,,2026-09-07T20:27:16.249662+02:00
NSR:StopPlace:58964,Kløfta stasjon,2026-09-07T19:14:00+02:00,2026-09-07T19:14:30+02:00,2026-09-07T19:14:30+02:00,30.0,1,Dal,VYG:Line:R13,Drammen-Oslo S-Dal,R13,rail,VYG:ServiceJourney:1655_443331-R,True,actual,False,,,,,2026-09-07T20:27:16.249662+02:00
NSR:StopPlace:58924,Bryne stasjon,2026-09-07T17:35:00+02:00,2026-09-07T17:35:30+02:00,2026-09-07T17:35:30+02:00,30.0,1,Øksnavadporten via Kvernaland,KOL:Line:8_2018,53,53,bus,KOL:ServiceJourney:2018_250903083238449_1002,True,actual,False,,,,,2026-09-07T20:27:16.249662+02:00
NSR:StopPlace:58932,Hommelvik stasjon,2026-09-07T17:50:00+02:00,2026-09-07T17:50:30+02:00,2026-09-07T17:50:30+02:00,30.0,1,Stjørdal stasjon,ATB:Line:2_70,Stjørdal/Hommelvik- Trondheim,70,bus,ATB:ServiceJourney:70_251215112546984_77,True,actual,False,,,,,2026-09-07T20:27:16.249662+02:00
NSR:StopPlace:58948,Stjørdal stasjon,2026-09-07T17:54:00+02:00,2026-09-07T17:54:30+02:00,2026-09-07T17:54:30+02:00,30.0,1,Marienborg via Brattøra,ATB:Line:2_70,Stjørdal/Hommelvik- Trondheim,70,bus,ATB:ServiceJourney:70_251215112547002_82,True,actual,False,,,,,2026-09-07T20:27:16.249662+02:00
NSR:StopPlace:58836,Mjøndalen stasjon,2026-09-07T17:27:00+02:00,2026-09-07T17:27:30+02:00,2026-09-07T17:27:30+02:00,30.0,1,Åsen,BRA:Line:4_6053,Mjøndalen - Åsen,53,bus,BRA:ServiceJourney:6053_260415100160447_1033,True,actual,False,,,,,2026-09-07T20:27:16.249662+02:00
NSR:StopPlace:58843,Blommenholm stasjon,2026-09-07T17:04:00+02:00,2026-09-07T17:04:30+02:00,2026-09-07T17:04:30+02:00,30.0,1,Lillestrøm,VYG:Line:L1,Spikkestad-Oslo S-Lillestrøm,L1,rail,VYG:ServiceJourney:2150_443559-R,True,actual,False,,,,,2026-09-07T20:27:16.249662+02:00
NSR:StopPlace:58844,Eidsvoll stasjon,2026-09-07T16:53:00+02:00,2026-09-07T16:53:30+02:00,2026-09-07T16:53:30+02:00,30.0,1,Drammen,VYG:Line:RE10,Drammen-Oslo S-Lillehammer,RE10,rail,VYG:ServiceJourney:324-LHM_444211-R,True,actual,False,,,,,2026-09-07T20:27:16.249662+02:00
NSR:StopPlace:58848,Haga stasjon,2026-09-07T19:45:00+02:00,2026-09-07T19:45:30+02:00,2026-09-07T19:45:30+02:00,30.0,1,Kongsvinger,VYG:Line:R14,Asker-Oslo S-Kongsvinger,R14,rail,VYG:ServiceJourney:1029_442939-R,True,actual,False,,,,,2026-09-07T20:27:16.249662+02:00
NSR:StopPlace:58866,Vevelstad stasjon,2026-09-07T18:36:00+02:00,2026-09-07T18:36:30+02:00,2026-09-07T18:36:30+02:00,30.0,1,Drøbak - Frogn vgs.,RUT:Line:510,Bøleråsen - Ski - Ås - Drøbak,510,bus,RUT:ServiceJourney:eebb8106a9d4f81609539a50a444eeee,True,actual,False,,,,,2026-09-07T20:27:16.249662+02:00
NSR:StopPlace:58868,Årnes stasjon,2026-09-07T20:04:00+02:00,2026-09-07T20:04:30+02:00,2026-09-07T20:04:30+02:00,30.0,1,Oslo lufthavn,RUT:Line:450,Årnes - Oslo lufthavn,450,bus,RUT:ServiceJourney:a89892b5aa053db638325d98961e4bc0,True,actual,False,,,,,2026-09-07T20:27:16.249662+02:00
NSR:StopPlace:58861,Solbråtan stasjon,2026-09-07T18:23:00+02:00,2026-09-07T18:23:30+02:00,2026-09-07T18:23:30+02:00,30.0,1,Stabekk,VYG:Line:L2,Stabekk-Oslo S-Ski,L2,rail,VYG:ServiceJourney:2758-SKI_443970-R,True,actual,False,,,,,2026-09-07T20:27:16.249662+02:00
NSR:StopPlace:58884,Skien stasjon,2026-09-07T19:46:00+02:00,2026-09-07T19:46:30+02:00,2026-09-07T19:46:30+02:00,30.0,1,Skjelsvik via Klyve-Kongerød,TEL:Line:8043,Skien-Klyve-Skjelsvik,M3,bus,TEL:ServiceJourney:127202,True,actual,False,,,,,2026-09-07T20:27:16.249662+02:00
NSR:StopPlace:362,Jåttåvågen stasjon,2026-09-07T19:17:00+02:00,2026-09-07T19:17:30+02:00,2026-09-07T19:17:30+02:00,30.0,1,Skeiane,GOA:Line:59,Jærbanen,L5,rail,GOA:ServiceJourney:3158_63203-R,True,actual,False,,,,,2026-09-07T20:27:16.249662+02:00
NSR:StopPlace:206,Mariero stasjon,2026-09-07T18:29:00+02:00,2026-09-07T18:29:30+02:00,2026-09-07T18:29:30+02:00,30.0,1,Nærbø,GOA:Line:59,Jærbanen,L5,rail,GOA:ServiceJourney:3058_63111-R,True,actual,False,,,,,2026-09-07T20:27:16.249662+02:00
NSR:StopPlace:400,Ler stasjon,2026-09-07T17:38:00+02:00,2026-09-07T17:38:30+02:00,2026-09-07T17:38:30+02:00,30.0,1,Steinkjer,SJN:Line:26,Trønderbanen,R70,rail,SJN:ServiceJourney:447_56076-R,True,actual,False,,,,,2026-09-07T20:27:16.249662+02:00
NSR:StopPlace:61897,Bryn stasjon,2026-09-07T14:45:00+02:00,2026-09-07T14:45:30+02:00,2026-09-07T14:45:30+02:00,30.0,1,Lillestrøm,VYG:Line:L1,Spikkestad-Oslo S-Lillestrøm,L1,rail,VYG:ServiceJourney:2240_445337-R,True,actual,False,,,,,2026-09-07T15:44:36.205822+02:00
NSR:StopPlace:59647,Dal stasjon,2026-09-07T15:24:00+02:00,2026-09-07T15:24:30+02:00,2026-09-07T15:24:30+02:00,30.0,1,Drammen,VYG:Line:R13,Drammen-Oslo S-Dal,R13,rail,VYG:ServiceJourney:1644-DAL_632370-R,True,actual,False,,,,,2026-09-07T15:44:36.205822+02:00
NSR:StopPlace:58924,Bryne stasjon,2026-09-07T14:20:00+02:00,2026-09-07T14:20:30+02:00,2026-09-07T14:20:30+02:00,30.0,1,Sola via Skotaheia-Hålandsmarka,KOL:Line:8_2023,58,58,bus,KOL:ServiceJourney:2023_260410105491998_2002,True,actual,False,,,,,2026-09-07T15:44:36.205822+02:00
NSR:StopPlace:58948,Stjørdal stasjon,2026-09-07T14:40:00+02:00,2026-09-07T14:40:30+02:00,2026-09-07T14:40:30+02:00,30.0,1,A Marienborg via Innherredsveien,ATB:Line:2_70,Stjørdal/Hommelvik- Trondheim,70,bus,ATB:ServiceJourney:70_251215112546914_58,True,actual,False,,,,,2026-09-07T15:44:36.205822+02:00
NSR:StopPlace:58797,Mysen stasjon,2026-09-07T14:59:00+02:00,2026-09-07T14:59:30+02:00,2026-09-07T14:59:30+02:00,30.0,1,Rakkestad,VYG:Line:R22,Skøyen-Oslo S-Mysen-Rakkestad,R22,rail,VYG:ServiceJourney:1919_443464-R,True,actual,False,,,,,2026-09-07T15:44:36.205822+02:00
NSR:StopPlace:58838,Røyken stasjon,2026-09-07T14:37:00+02:00,2026-09-07T14:37:30+02:00,2026-09-07T14:37:30+02:00,30.0,1,Drammen,RUT:Line:261,Drammen - Lahell - Røyken - Sætre,261,bus,RUT:ServiceJourney:6aebb963b9f1a9ec6d62042c6a9883c7,True,actual,False,Fra 17/8 går linje 61-63-71-73-251-261 og skolebusser fra holdeplass ved Skutebrygga ut av byen.Les mer på brakar.no/trafikkmeldinger.,,general,normal,2026-09-07T15:44:36.205822+02:00
NSR:StopPlace:58840,Vestfossen stasjon,2026-09-07T15:05:00+02:00,2026-09-07T15:05:30+02:00,2026-09-07T15:05:30+02:00,30.0,1,Røren - Vestfossen - Darbu,BRA:Line:4_6118,Hokksund - Røren - Darbu,118,bus,BRA:ServiceJourney:6118_260415100159031_1007,True,actual,False,,,,,2026-09-07T15:44:36.205822+02:00
NSR:StopPlace:58858,Nittedal stasjon,2026-09-07T14:41:00+02:00,2026-09-07T14:41:30+02:00,2026-09-07T14:41:30+02:00,30.0,1,Dam,RUT:Line:386,Nittedal stasjon - Kruttverket - Dam,386,bus,RUT:ServiceJourney:65218be1a770f97e2b6dd96f50297a66,True,actual,False,,,,,2026-09-07T15:44:36.205822+02:00
NSR:StopPlace:58864,Sørumsand stasjon,2026-09-07T14:51:00+02:00,2026-09-07T14:51:30+02:00,2026-09-07T14:51:30+02:00,30.0,1,Skedsmokorset,RUT:Line:365,Sørumsand - Frogner - Skedsmokorset,365,bus,RUT:ServiceJourney:e6846e49eb57756e768afff4a2cddc09,True,actual,False,,,,,2026-09-07T15:44:36.205822+02:00
NSR:StopPlace:58808,Kongsvinger stasjon,2026-09-07T14:35:00+02:00,2026-09-07T14:35:30+02:00,2026-09-07T14:35:30+02:00,30.0,1,Charlottenberg,INN:Line:120,Kongsvinger - Charlottenberg,120,bus,INN:ServiceJourney:54585,True,actual,False,,,,,2026-09-07T15:44:36.205822+02:00
NSR:StopPlace:61291,Stavanger stasjon,2026-09-07T08:39:00+02:00,2026-09-07T08:39:30+02:00,2026-09-07T08:39:30+02:00,30.0,1,Skeiane,GOA:Line:59,Jærbanen,L5,rail,GOA:ServiceJourney:3116_63161-R,True,actual,False,,,,,2026-09-07T08:42:24.659182+02:00
NSR:StopPlace:61466,Vakås stasjon,2026-09-07T06:08:00+02:00,2026-09-07T06:08:30+02:00,2026-09-07T06:08:30+02:00,30.0,1,Lillestrøm,VYG:Line:L1,Spikkestad-Oslo S-Lillestrøm,L1,rail,VYG:ServiceJourney:2208_764738-R,True,actual,False,Færre vogner,Denne avgangen kjører dessverre med 4 vogner i stedet for 8 vogner. Dette skyldes at vi mangler et togsett.,general,normal,2026-09-07T08:42:24.659182+02:00
NSR:StopPlace:61464,Hvalstad stasjon,2026-09-07T07:55:00+02:00,2026-09-07T07:55:30+02:00,2026-09-07T07:55:30+02:00,30.0,1,Asker,VYG:Line:L1,Spikkestad-Oslo S-Lillestrøm,L1,rail,VYG:ServiceJourney:2109_443513-R,True,actual,False,,,,,2026-09-07T08:42:24.659182+02:00
NSR:StopPlace:59648,Kjelsås stasjon,2026-09-07T06:51:00+02:00,2026-09-07T06:51:30+02:00,2026-09-07T06:51:30+02:00,30.0,1,Kværnerbyen,RUT:Line:54,Kværnerbyen - Kjelsås stasjon,54,bus,RUT:ServiceJourney:00fb5ecaec36f03acb9a029af041e044,True,actual,False,,,,,2026-09-07T08:42:24.659182+02:00
NSR:StopPlace:59648,Kjelsås stasjon,2026-09-07T07:40:00+02:00,2026-09-07T07:40:30+02:00,2026-09-07T07:40:30+02:00,30.0,1,Roa,VYG:Line:RE30,Oslo S-Gjøvik,RE30,rail,VYG:ServiceJourney:BUS-1207_654996-R,True,actual,False,,,,,2026-09-07T08:42:24.659182+02:00
NSR:StopPlace:60944,Ski stasjon,2026-09-07T06:34:00+02:00,2026-09-07T06:34:30+02:00,2026-09-07T06:34:30+02:00,30.0,1,TusenFryd,RUT:Line:521,TusenFryd - Ski stasjon,521,bus,RUT:ServiceJourney:c0f5e542e81e6181ccd94abdb9527058,True,actual,False,,,,,2026-09-07T08:42:24.659182+02:00
NSR:StopPlace:59977,Trondheim S,2026-09-07T06:36:00+02:00,2026-09-07T06:36:30+02:00,2026-09-07T06:36:30+02:00,30.0,1,Trolla via sentrum,ATB:Line:2_21,Brattøra- Sentrum- Trolla,21,bus,ATB:ServiceJourney:21_251215112549177_2,True,actual,False,,,,,2026-09-07T08:42:24.659182+02:00
NSR:StopPlace:59244,Egersund stasjon,2026-09-07T07:48:00+02:00,2026-09-07T07:48:30+02:00,2026-09-07T07:48:30+02:00,30.0,1,Rundevoll via Lagård,KOL:Line:8_2609,SK0110,SK0110,bus,KOL:ServiceJourney:2609_250903083238559_1000,True,actual,False,,,,,2026-09-07T08:42:24.659182+02:00
NSR:StopPlace:59636,Holmlia stasjon,2026-09-07T06:44:00+02:00,2026-09-07T06:44:30+02:00,2026-09-07T06:44:30+02:00,30.0,1,Brenna,RUT:Line:73,Holmlia stasjon - Brenna,73,bus,RUT:ServiceJourney:cbb916f42c6e6a620c98f236073d37fb,True,actual,False,,,,,2026-09-07T08:42:24.659182+02:00
NSR:StopPlace:58963,Jessheim stasjon,2026-09-07T05:37:00+02:00,2026-09-07T05:37:30+02:00,2026-09-07T05:37:30+02:00,30.0,1,Drammen,VYG:Line:R13,Drammen-Oslo S-Dal,R13,rail,VYG:ServiceJourney:1604_443221-R,True,actual,False,,,,,2026-09-07T08:42:24.659182+02:00
NSR:StopPlace:58963,Jessheim stasjon,2026-09-07T07:37:00+02:00,2026-09-07T07:37:30+02:00,2026-09-07T07:37:30+02:00,30.0,1,Drammen,VYG:Line:R13,Drammen-Oslo S-Dal,R13,rail,VYG:ServiceJourney:1612_443236-R,True,actual,False,,,,,2026-09-07T08:42:24.659182+02:00
NSR:StopPlace:58964,Kløfta stasjon,2026-09-07T08:14:00+02:00,2026-09-07T08:14:30+02:00,2026-09-07T08:14:30+02:00,30.0,1,Dal,VYG:Line:R13,Drammen-Oslo S-Dal,R13,rail,VYG:ServiceJourney:1611-SUD_443233-R,True,actual,False,,,,,2026-09-07T08:42:24.659182+02:00
NSR:StopPlace:58930,Larvik stasjon,2026-09-07T07:09:00+02:00,2026-09-07T07:09:30+02:00,2026-09-07T07:09:30+02:00,30.0,1,Veldre,VKT:Line:3,Busk-Sandefjord-Larvik-Veldre,3,bus,VKT:ServiceJourney:17467,True,actual,False,,,,,2026-09-07T08:42:24.659182+02:00
NSR:StopPlace:58931,Fannrem stasjon,2026-09-07T07:20:00+02:00,2026-09-07T07:20:30+02:00,2026-09-07T07:20:30+02:00,30.0,1,Trondheim S via Orkanger skysst.,ATB:Line:2_310,Trondheim - Orkanger - Fannrem,310,bus,ATB:ServiceJourney:310_260106098640188_87,True,actual,False,,,,,2026-09-07T08:42:24.659182+02:00
NSR:StopPlace:58793,Askim stasjon,2026-09-07T07:40:00+02:00,2026-09-07T07:40:30+02:00,2026-09-07T07:40:30+02:00,30.0,1,Oslo S,VYG:Line:R22,Skøyen-Oslo S-Mysen-Rakkestad,R22,rail,VYG:ServiceJourney:1954_443500-R,True,actual,False,,,,,2026-09-07T08:42:24.659182+02:00
NSR:StopPlace:58845,Eidsvoll verk stasjon,2026-09-07T06:31:00+02:00,2026-09-07T06:31:30+02:00,2026-09-07T06:31:30+02:00,30.0,1,Jessheim,RUT:Line:430,Eidsvoll - Jessheim,430,bus,RUT:ServiceJourney:1978f9c56de0ca6c70e55a15d3cc1861,True,actual,False,,,,,2026-09-07T08:42:24.659182+02:00
NSR:StopPlace:58853,Kolbotn stasjon,2026-09-07T06:41:00+02:00,2026-09-07T06:41:30+02:00,2026-09-07T06:41:30+02:00,30.0,1,Hauketo stasjon,RUT:Line:87,Hauketo stasjon - Kolbotn,87,bus,RUT:ServiceJourney:9ac32a8ebc2a1a60a39d4e4473eeca1e,True,actual,False,,,,,2026-09-07T08:42:24.659182+02:00
NSR:StopPlace:58853,Kolbotn stasjon,2026-09-07T07:22:00+02:00,2026-09-07T07:22:30+02:00,2026-09-07T07:22:30+02:00,30.0,1,Tårnåsen,RUT:Line:83,Jernbanetorget - Tårnåsen,83,bus,RUT:ServiceJourney:18957f0579622feaee037c75ee56d69f,True,actual,False,Linje 80E og 83 får Hausmanns bru som ny endeholdeplass fra 29. juni,"Bussene stopper ikke på Jernbanetorget etter 29. juni, men starter og stopper på Hausmanns bru i Nylandsveien.",incident,normal,2026-09-07T08:42:24.659182+02:00
NSR:StopPlace:58858,Nittedal stasjon,2026-09-07T05:29:00+02:00,2026-09-07T05:29:30+02:00,2026-09-07T05:29:30+02:00,30.0,1,Oslo S,VYG:Line:R31,Skøyen-Jaren-Gjøvik,R31,rail,VYG:ServiceJourney:BUS-240_655530-R,True,actual,False,,,,,2026-09-07T08:42:24.659182+02:00
NSR:StopPlace:58858,Nittedal stasjon,2026-09-07T07:14:00+02:00,2026-09-07T07:14:30+02:00,2026-09-07T07:14:30+02:00,30.0,1,Dam,RUT:Line:386,Nittedal stasjon - Kruttverket - Dam,386,bus,RUT:ServiceJourney:802ce9c4ba1cc2164be32ebc3fcef03a,True,actual,False,,,,,2026-09-07T08:42:24.659182+02:00
NSR:StopPlace:58861,Solbråtan stasjon,2026-09-07T05:23:00+02:00,2026-09-07T05:23:30+02:00,2026-09-07T05:23:30+02:00,30.0,1,Stabekk,VYG:Line:L2,Stabekk-Oslo S-Ski,L2,rail,VYG:ServiceJourney:2706-SKI_443912-R,True,actual,False,,,,,2026-09-07T08:42:24.659182+02:00
NSR:StopPlace:58861,Solbråtan stasjon,2026-09-07T08:38:00+02:00,2026-09-07T08:38:30+02:00,2026-09-07T08:38:30+02:00,30.0,1,Lysaker,VYG:Line:L2,Stabekk-Oslo S-Ski,L2,rail,VYG:ServiceJourney:2818-SKI_444030-R,True,actual,False,Færre vogner,Denne avgangen kjører dessverre med 3 vogner i stedet for 6 vogner. Dette skyldes at vi mangler et togsett.,general,normal,2026-09-07T08:42:24.659182+02:00
NSR:StopPlace:58876,Tønsberg stasjon,2026-09-07T06:48:00+02:00,2026-09-07T06:48:30+02:00,2026-09-07T06:48:30+02:00,30.0,1,Tønsberg,VKT:Line:510,Tønsberg-Andebu,510,bus,VKT:ServiceJourney:17164,True,actual,False,Kan oppstå forsinkelser Andebu,Pga. veiarbeid på Gravdal bru vil det kunne oppstå forsinkelser. Vi beklager ulempene. Se vkt.no/avvik for mer info ,incident,normal,2026-09-07T08:42:24.659182+02:00
NSR:StopPlace:58893,Grovane stasjon,2026-09-07T06:20:00+02:00,2026-09-07T06:20:30+02:00,2026-09-07T06:20:30+02:00,30.0,1,Kristiansand via Moseidmoen - Mosby,AKT:Line:30,Kvadraturen - Mosby - Vennesl,30,bus,AKT:ServiceJourney:79445_62_48_45600_48480_40001545,True,actual,False,,,,,2026-09-07T08:42:24.659182+02:00
NSR:StopPlace:58801,Sarpsborg stasjon,2026-09-07T05:52:00+02:00,2026-09-07T05:52:30+02:00,2026-09-07T05:52:30+02:00,30.0,1,Oslo S,VYG:Line:RE20,Oslo S-Halden-Göteborg (X-Border),RE20,rail,VYG:ServiceJourney:142-HLD_509063-R,True,actual,False,Færre vogner,Denne avgangen kjører dessverre med 4 vogner i stedet for 8 vogner. Dette skyldes at vi mangler et togsett.,general,normal,2026-09-07T08:42:24.659182+02:00
NSR:StopPlace:58810,Løten stasjon,2026-09-07T07:12:00+02:00,2026-09-07T07:12:30+02:00,2026-09-07T07:12:30+02:00,30.0,1,Elverum vgs.,INN:Line:804,Løten - Elverum - Hernes,804,bus,INN:ServiceJourney:86277,True,actual,False,,,,,2026-09-07T08:42:24.659182+02:00
NSR:StopPlace:58813,Skarnes stasjon,2026-09-07T07:48:00+02:00,2026-09-07T07:48:30+02:00,2026-09-07T07:48:30+02:00,30.0,1,Kongsvinger - Rasta,INN:Line:700,Kongsvinger-Skarnes-Sand,700,bus,INN:ServiceJourney:82368,True,actual,False,,,,,2026-09-07T08:42:24.659182+02:00
NSR:StopPlace:58211,Oslo lufthavn,2026-09-07T06:13:00+02:00,2026-09-07T06:13:30+02:00,2026-09-07T06:13:30+02:00,30.0,1,Skien,VYG:Line:RE11,Eidsvoll-Oslo S-Skien,RE11,rail,VYG:ServiceJourney:805_444385-R,True,actual,False,,,,,2026-09-07T08:42:24.659182+02:00
NSR:StopPlace:398,Arna stasjon,2026-09-07T06:42:00+02:00,2026-09-07T06:42:30+02:00,2026-09-07T06:42:30+02:00,30.0,1,Bergen,VYG:Line:L4,Bergen-Arna,L4,rail,VYG:ServiceJourney:2607_443822-R,True,actual,False,,,,,2026-09-07T08:42:24.659182+02:00
NSR:StopPlace:420,Lillehammer stasjon,2026-09-07T08:15:00+02:00,2026-09-07T08:15:30+02:00,2026-09-07T08:15:30+02:00,30.0,1,Drammen,VYG:Line:RE10,Drammen-Oslo S-Lillehammer,RE10,rail,VYG:ServiceJourney:310-LHM_444152-R,True,actual,False,,,,,2026-09-07T08:42:24.659182+02:00
NSR:StopPlace:62309,Ljan stasjon,2026-09-07T07:54:00+02:00,2026-09-07T07:54:30+02:00,2026-09-07T07:54:30+02:00,30.0,1,Ski,VYG:Line:L2,Stabekk-Oslo S-Ski,L2,rail,VYG:ServiceJourney:2711-HVK_443917-R,True,actual,False,Færre vogner,Denne avgangen kjører dessverre med 3 vogner i stedet for 6 vogner. Dette skyldes at vi mangler et togsett.,general,normal,2026-09-07T08:42:24.659182+02:00
NSR:StopPlace:62339,Lillestrøm stasjon,2026-09-07T05:56:00+02:00,2026-09-07T05:56:30+02:00,2026-09-07T05:56:30+02:00,30.0,1,Kongsberg,VYG:Line:R12,Kongsberg-Oslo S-Eidsvoll,R12,rail,VYG:ServiceJourney:503_444294-R,True,actual,False,Heis i spor 1 og 2 er ute av bruk på grunn av vedlikehold.,Heis i spor 1 og 2 er ute av bruk på grunn av vedlikehold.,general,normal,2026-09-07T08:42:24.659182+02:00
NSR:StopPlace:62338,Fossum stasjon,2026-09-07T07:24:00+02:00,2026-09-07T07:24:30+02:00,2026-09-07T07:24:30+02:00,30.0,1,Blaker ring,RUT:Line:370,Sørumsand - Blaker - Sørumsand,370A,bus,RUT:ServiceJourney:ac1d82cce5f5b899e8db7a8869dd6621,True,actual,False,,,,,2026-09-07T08:42:24.659182+02:00
NSR:StopPlace:61466,Vakås stasjon,2026-09-07T23:38:00+02:00,2026-09-07T23:38:29+02:00,2026-09-07T23:38:29+02:00,29.0,1,Lillestrøm,VYG:Line:L1,Spikkestad-Oslo S-Lillestrøm,L1,rail,VYG:ServiceJourney:2278_445378-R,True,actual,False,,,,,2026-09-08T00:20:52.129880+02:00
NSR:StopPlace:58960,Trofors stasjon,2026-09-07T20:59:00+02:00,2026-09-07T20:59:29+02:00,2026-09-07T20:59:29+02:00,29.0,1,Mo i Rana,SJN:Line:71,Nordlandsbanen,F7,rail,SJN:ServiceJourney:477_45453-R,True,actual,False,,,,,2026-09-08T00:20:52.129880+02:00
NSR:StopPlace:58794,Fredrikstad stasjon,2026-09-07T21:10:00+02:00,2026-09-07T21:10:29+02:00,2026-09-07T21:10:29+02:00,29.0,1,Kalnes,OST:Line:1_4,Fredrikstad - Kalnes,4,bus,OST:ServiceJourney:4_260325121471321_45,True,actual,False,,,,,2026-09-08T00:20:52.129880+02:00
NSR:StopPlace:58843,Blommenholm stasjon,2026-09-07T23:50:00+02:00,2026-09-07T23:50:29+02:00,2026-09-07T23:50:29+02:00,29.0,1,Lillestrøm,VYG:Line:L1,Spikkestad-Oslo S-Lillestrøm,L1,rail,VYG:ServiceJourney:2278_445378-R,True,actual,False,,,,,2026-09-08T00:20:52.129880+02:00
NSR:StopPlace:58857,Lørenskog stasjon,2026-09-07T23:29:00+02:00,2026-09-07T23:29:29+02:00,2026-09-07T23:29:29+02:00,29.0,1,Lillestrøm,VYG:Line:L1,Spikkestad-Oslo S-Lillestrøm,L1,rail,VYG:ServiceJourney:2274_443709-R,True,actual,False,,,,,2026-09-08T00:20:52.129880+02:00
NSR:StopPlace:58851,Heggedal stasjon,2026-09-07T22:54:00+02:00,2026-09-07T22:54:29+02:00,2026-09-07T22:54:29+02:00,29.0,1,Lillestrøm,VYG:Line:L1,Spikkestad-Oslo S-Lillestrøm,L1,rail,VYG:ServiceJourney:2276_445376-R,True,actual,False,,,,,2026-09-08T00:20:52.129880+02:00
NSR:StopPlace:58861,Solbråtan stasjon,2026-09-07T21:53:00+02:00,2026-09-07T21:53:29+02:00,2026-09-07T21:53:29+02:00,29.0,1,Stabekk,VYG:Line:L2,Stabekk-Oslo S-Ski,L2,rail,VYG:ServiceJourney:2772-SKI_443993-R,True,actual,False,,,,,2026-09-08T00:20:52.129880+02:00
NSR:StopPlace:610,Sandvika stasjon,2026-09-07T22:24:00+02:00,2026-09-07T22:24:29+02:00,2026-09-07T22:24:29+02:00,29.0,1,Kongsberg,VYG:Line:R12,Kongsberg-Oslo S-Eidsvoll,R12,rail,VYG:ServiceJourney:535_444345-R,True,actual,False,,,,,2026-09-08T00:20:52.129880+02:00
NSR:StopPlace:62393,Billingstad stasjon,2026-09-07T22:27:00+02:00,2026-09-07T22:27:29+02:00,2026-09-07T22:27:29+02:00,29.0,1,Lillestrøm,VYG:Line:L1,Spikkestad-Oslo S-Lillestrøm,L1,rail,VYG:ServiceJourney:2172_443583-R,True,actual,False,,,,,2026-09-08T00:20:52.129880+02:00
NSR:StopPlace:61291,Stavanger stasjon,2026-09-07T18:23:00+02:00,2026-09-07T18:23:29+02:00,2026-09-07T18:23:29+02:00,29.0,1,Nærbø,GOA:Line:59,Jærbanen,L5,rail,GOA:ServiceJourney:3058_63111-R,True,actual,False,,,,,2026-09-07T20:27:16.249662+02:00
NSR:StopPlace:61872,Nærbø stasjon,2026-09-07T19:17:00+02:00,2026-09-07T19:17:29+02:00,2026-09-07T19:17:29+02:00,29.0,1,Stavanger,GOA:Line:59,Jærbanen,L5,rail,GOA:ServiceJourney:3059_63113-R,True,actual,False,,,,,2026-09-07T20:27:16.249662+02:00
NSR:StopPlace:61735,Hell stasjon,2026-09-07T19:50:00+02:00,2026-09-07T19:50:29+02:00,2026-09-07T19:50:29+02:00,29.0,1,Steinkjer,SJN:Line:26,Trønderbanen,R70,rail,SJN:ServiceJourney:449_56078-R,True,actual,False,,,,,2026-09-07T20:27:16.249662+02:00
NSR:StopPlace:59641,Fjellhamar stasjon,2026-09-07T20:17:00+02:00,2026-09-07T20:17:29+02:00,2026-09-07T20:17:29+02:00,29.0,1,Spikkestad,VYG:Line:L1,Spikkestad-Oslo S-Lillestrøm,L1,rail,VYG:ServiceJourney:2263_443691-R,True,actual,False,,,,,2026-09-07T20:27:16.249662+02:00
NSR:StopPlace:59653,Haugenstua stasjon,2026-09-07T19:55:00+02:00,2026-09-07T19:55:29+02:00,2026-09-07T19:55:29+02:00,29.0,1,Spikkestad,VYG:Line:L1,Spikkestad-Oslo S-Lillestrøm,L1,rail,VYG:ServiceJourney:2261_443688-R,True,actual,False,,,,,2026-09-07T20:27:16.249662+02:00
NSR:StopPlace:59243,Mo i Rana stasjon,2026-09-07T18:15:00+02:00,2026-09-07T18:15:29+02:00,2026-09-07T18:15:29+02:00,29.0,1,Nesna,NOR:Line:12_8331,Mo i Rana - Utskarpen - Tonnes - Nesna,100,bus,NOR:ServiceJourney:8331_251012124858698_1017,True,actual,False,,,,,2026-09-07T20:27:16.249662+02:00
NSR:StopPlace:58950,Åsen stasjon,2026-09-07T17:39:00+02:00,2026-09-07T17:39:29+02:00,2026-09-07T17:39:29+02:00,29.0,1,Lundamo,SJN:Line:26,Trønderbanen,R70,rail,SJN:ServiceJourney:444_56073-R,True,actual,False,,,,,2026-09-07T20:27:16.249662+02:00
NSR:StopPlace:58948,Stjørdal stasjon,2026-09-07T20:04:00+02:00,2026-09-07T20:04:29+02:00,2026-09-07T20:04:29+02:00,29.0,1,Husbyåsen via Terrassehusene,ATB:Line:2_92,92 StjørdalSt-HusbySnu.,92,bus,ATB:ServiceJourney:92_260219106441820_72,True,actual,False,,,,,2026-09-07T20:27:16.249662+02:00
NSR:StopPlace:58830,Brakerøya stasjon,2026-09-07T18:38:00+02:00,2026-09-07T18:38:29+02:00,2026-09-07T18:38:29+02:00,29.0,1,Dal,VYG:Line:R13,Drammen-Oslo S-Dal,R13,rail,VYG:ServiceJourney:1657_443336-R,True,actual,False,,,,,2026-09-07T20:27:16.249662+02:00
NSR:StopPlace:58853,Kolbotn stasjon,2026-09-07T18:13:00+02:00,2026-09-07T18:13:29+02:00,2026-09-07T18:13:29+02:00,29.0,1,Ski stasjon,RUT:Line:580,Kolbotn - Ski,580,bus,RUT:ServiceJourney:05abb46a6cb04b17d5b8395971960290,True,actual,False,,,,,2026-09-07T20:27:16.249662+02:00
NSR:StopPlace:58865,Vestby stasjon,2026-09-07T18:20:00+02:00,2026-09-07T18:20:29+02:00,2026-09-07T18:20:29+02:00,29.0,1,Randem,RUT:Line:533,Randem - Vestby stasjon,533,bus,RUT:ServiceJourney:ee04b475de55edbfcbb61356b873657c,True,actual,False,,,,,2026-09-07T20:27:16.249662+02:00
NSR:StopPlace:62341,Tangen stasjon,2026-09-07T17:25:00+02:00,2026-09-07T17:25:29+02:00,2026-09-07T17:25:29+02:00,29.0,1,Lillehammer,VYG:Line:RE10,Drammen-Oslo S-Lillehammer,RE10,rail,VYG:ServiceJourney:325-SUD_444215-R,True,actual,False,,,,,2026-09-07T20:27:16.249662+02:00
NSR:StopPlace:62295,Stanghelle stasjon,2026-09-07T17:40:00+02:00,2026-09-07T17:40:29+02:00,2026-09-07T17:40:29+02:00,29.0,1,Bergen,VYG:Line:R40,Bergen-Voss-Myrdal-Ål,R40,rail,VYG:ServiceJourney:1829_445142-R,True,actual,False,Forsinket,Toget kjørte 3 minutter forsinket fra Myrdal. Dette skyldes at andre tog på strekningen er forsinket.,incident,normal,2026-09-07T20:27:16.249662+02:00
NSR:StopPlace:61735,Hell stasjon,2026-09-07T15:20:00+02:00,2026-09-07T15:20:29+02:00,2026-09-07T15:20:29+02:00,29.0,1,Steinkjer,SJN:Line:26,Trønderbanen,R70,rail,SJN:ServiceJourney:1761_56047-R,True,actual,False,,,,,2026-09-07T15:44:36.205822+02:00
NSR:StopPlace:59952,Drammen stasjon,2026-09-07T14:42:00+02:00,2026-09-07T14:42:29+02:00,2026-09-07T14:42:29+02:00,29.0,1,Oslo Lufthavn,FLT:Line:FLY1,FLY1,FLY1,rail,FLT:ServiceJourney:1-2614-3765-20260907,True,actual,False,,,,,2026-09-07T15:44:36.205822+02:00
NSR:StopPlace:59983,Bergen stasjon,2026-09-07T15:12:00+02:00,2026-09-07T15:12:29+02:00,2026-09-07T15:12:29+02:00,29.0,1,Arna,VYG:Line:L4,Bergen-Arna,L4,rail,VYG:ServiceJourney:2540_443798-R,True,actual,False,,,,,2026-09-07T15:44:36.205822+02:00
NSR:StopPlace:60603,Kongsberg stasjon,2026-09-07T15:34:00+02:00,2026-09-07T15:34:29+02:00,2026-09-07T15:34:29+02:00,29.0,1,Eidsvoll,VYG:Line:R12,Kongsberg-Oslo S-Eidsvoll,R12,rail,VYG:ServiceJourney:524_444328-R,True,actual,False,,,,,2026-09-07T15:44:36.205822+02:00
NSR:StopPlace:58964,Kløfta stasjon,2026-09-07T14:51:00+02:00,2026-09-07T14:51:29+02:00,2026-09-07T14:51:29+02:00,29.0,1,Kløfta,RUT:Line:425,Kløfta – Oslo lufthavn,425,bus,RUT:ServiceJourney:bae5985afb0bef7ac9370a0cbb8f1b5f,True,actual,False,,,,,2026-09-07T15:44:36.205822+02:00
NSR:StopPlace:58931,Fannrem stasjon,2026-09-07T14:45:00+02:00,2026-09-07T14:45:29+02:00,2026-09-07T14:45:29+02:00,29.0,1,Trondheim S via Orkanger skysst.,ATB:Line:2_310,Trondheim - Orkanger - Fannrem,310,bus,ATB:ServiceJourney:310_260106098639828_47,True,actual,False,,,,,2026-09-07T15:44:36.205822+02:00
NSR:StopPlace:58948,Stjørdal stasjon,2026-09-07T15:30:00+02:00,2026-09-07T15:30:29+02:00,2026-09-07T15:30:29+02:00,29.0,1,Røros,SJN:Line:25,Rørosbanen,R60,rail,SJN:ServiceJourney:416_50919-R,True,actual,False,,,,,2026-09-07T15:44:36.205822+02:00
NSR:StopPlace:58799,Rygge stasjon,2026-09-07T12:54:00+02:00,2026-09-07T12:54:29+02:00,2026-09-07T12:54:29+02:00,29.0,1,Göteborg C,VYG:Line:RE20,Oslo S-Halden-Göteborg (X-Border),RE20,rail,VYG:ServiceJourney:115-389_448305-R,True,actual,False,,,,,2026-09-07T15:44:36.205822+02:00
NSR:StopPlace:58793,Askim stasjon,2026-09-07T15:35:00+02:00,2026-09-07T15:35:29+02:00,2026-09-07T15:35:29+02:00,29.0,1,Sørlia-Skoglia-Askim stasjon,OST:Line:1_40,Askim sentrum nord,40,bus,OST:ServiceJourney:40_260430063159534_8,True,actual,False,,,,,2026-09-07T15:44:36.205822+02:00
NSR:StopPlace:58844,Eidsvoll stasjon,2026-09-07T14:15:00+02:00,2026-09-07T14:15:29+02:00,2026-09-07T14:15:29+02:00,29.0,1,Jessheim,RUT:Line:430,Eidsvoll - Jessheim,430,bus,RUT:ServiceJourney:9654b9f3cb3d8e2156b57d4047e4b0eb,True,actual,False,,,,,2026-09-07T15:44:36.205822+02:00
NSR:StopPlace:58858,Nittedal stasjon,2026-09-07T14:19:00+02:00,2026-09-07T14:19:29+02:00,2026-09-07T14:19:29+02:00,29.0,1,Lørenskog sentrum,RUT:Line:385,Nittedal stasjon - Olavsgaard - Ahus,385,bus,RUT:ServiceJourney:7c3a7716be043acbd8a0cb8fda7fa934,True,actual,False,,,,,2026-09-07T15:44:36.205822+02:00
NSR:StopPlace:58865,Vestby stasjon,2026-09-07T14:50:00+02:00,2026-09-07T14:50:29+02:00,2026-09-07T14:50:29+02:00,29.0,1,Randem,RUT:Line:533,Randem - Vestby stasjon,533,bus,RUT:ServiceJourney:2ef3ae1f64256964ccb894c8427bad1f,True,actual,False,,,,,2026-09-07T15:44:36.205822+02:00
NSR:StopPlace:58808,Kongsvinger stasjon,2026-09-07T13:39:00+02:00,2026-09-07T13:39:29+02:00,2026-09-07T13:39:29+02:00,29.0,1,Flisa - Hamar,INN:Line:105,Kongsvinger - Elverum - Hamar,105,bus,INN:ServiceJourney:83647,True,actual,False,,,,,2026-09-07T15:44:36.205822+02:00
NSR:StopPlace:398,Arna stasjon,2026-09-07T15:12:00+02:00,2026-09-07T15:12:29+02:00,2026-09-07T15:12:29+02:00,29.0,1,Bergen,VYG:Line:L4,Bergen-Arna,L4,rail,VYG:ServiceJourney:2641_443856-R,True,actual,False,,,,,2026-09-07T15:44:36.205822+02:00
NSR:StopPlace:400,Ler stasjon,2026-09-07T13:38:00+02:00,2026-09-07T13:38:29+02:00,2026-09-07T13:38:29+02:00,29.0,1,Steinkjer,SJN:Line:26,Trønderbanen,R70,rail,SJN:ServiceJourney:439_56068-R,True,actual,False,,,,,2026-09-07T15:44:36.205822+02:00
NSR:StopPlace:702,Sandnes sentrum stasjon,2026-09-07T14:40:00+02:00,2026-09-07T14:40:29+02:00,2026-09-07T14:40:29+02:00,29.0,1,Egersund,GOA:Line:59,Jærbanen,L5,rail,GOA:ServiceJourney:3042_63084-R,True,actual,False,,,,,2026-09-07T15:44:36.205822+02:00
NSR:StopPlace:61169,Marienborg stasjon,2026-09-07T05:43:00+02:00,2026-09-07T05:43:29+02:00,2026-09-07T05:43:29+02:00,29.0,1,Hamar,SJN:Line:25,Rørosbanen,R60,rail,SJN:ServiceJourney:2382_48224-R,True,actual,False,,,,,2026-09-07T08:42:24.659182+02:00
NSR:StopPlace:61466,Vakås stasjon,2026-09-07T05:52:00+02:00,2026-09-07T05:52:29+02:00,2026-09-07T05:52:29+02:00,29.0,1,Lillestrøm,VYG:Line:L1,Spikkestad-Oslo S-Lillestrøm,L1,rail,VYG:ServiceJourney:2106_443510-R,True,actual,False,,,,,2026-09-07T08:42:24.659182+02:00
NSR:StopPlace:41,Hanaborg stasjon,2026-09-07T06:34:00+02:00,2026-09-07T06:34:29+02:00,2026-09-07T06:34:29+02:00,29.0,1,Asker,VYG:Line:L1,Spikkestad-Oslo S-Lillestrøm,L1,rail,VYG:ServiceJourney:2107_443511-R,True,actual,False,,,,,2026-09-07T08:42:24.659182+02:00
NSR:StopPlace:59872,Oslo S,2026-09-07T06:26:00+02:00,2026-09-07T06:26:29+02:00,2026-09-07T06:26:29+02:00,29.0,1,Lillestrøm,VYG:Line:L1,Spikkestad-Oslo S-Lillestrøm,L1,rail,VYG:ServiceJourney:2106_443510-R,True,actual,False,,,,,2026-09-07T08:42:24.659182+02:00
NSR:StopPlace:59641,Fjellhamar stasjon,2026-09-07T06:32:00+02:00,2026-09-07T06:32:29+02:00,2026-09-07T06:32:29+02:00,29.0,1,Asker,VYG:Line:L1,Spikkestad-Oslo S-Lillestrøm,L1,rail,VYG:ServiceJourney:2107_443511-R,True,actual,False,,,,,2026-09-07T08:42:24.659182+02:00
NSR:StopPlace:59658,Moi stasjon,2026-09-07T07:10:00+02:00,2026-09-07T07:10:29+02:00,2026-09-07T07:10:29+02:00,29.0,1,Flekkefjord,AKT:Line:260,Flekkefjord - Sira - Moi,260,bus,AKT:ServiceJourney:57353_12_23_51600_54720_3935551,True,actual,False,,,,,2026-09-07T08:42:24.659182+02:00
NSR:StopPlace:59651,Skøyen stasjon,2026-09-07T05:45:00+02:00,2026-09-07T05:45:29+02:00,2026-09-07T05:45:29+02:00,29.0,1,Skien,VYG:Line:RE11,Eidsvoll-Oslo S-Skien,RE11,rail,VYG:ServiceJourney:300-803-HHS_658721-R,True,actual,False,,,,,2026-09-07T08:42:24.659182+02:00
NSR:StopPlace:59958,Voss stasjon,2026-09-07T06:34:00+02:00,2026-09-07T06:34:29+02:00,2026-09-07T06:34:29+02:00,29.0,1,Bergen,VYG:Line:R40,Bergen-Voss-Myrdal-Ål,R40,rail,VYG:ServiceJourney:1809_443395-R,True,actual,False,,,,,2026-09-07T08:42:24.659182+02:00
NSR:StopPlace:60047,Melhus skysstasjon,2026-09-07T07:43:00+02:00,2026-09-07T07:43:29+02:00,2026-09-07T07:43:29+02:00,29.0,1,Brekkåsen via Gimse skole,ATB:Line:2_82,Hesttrøa-Brekkåsen,82,bus,ATB:ServiceJourney:82_251215112550892_21,True,actual,False,Linje 82 og 504,Avvikende kjøring for linje 82 og 504 pga Hølondvegen er stengt. ,general,normal,2026-09-07T08:42:24.659182+02:00
NSR:StopPlace:59635,Hauketo stasjon,2026-09-07T06:33:00+02:00,2026-09-07T06:33:29+02:00,2026-09-07T06:33:29+02:00,29.0,1,Filipstad,RUT:Line:81,Fornebu - Myrvoll stasjon,81,bus,RUT:ServiceJourney:807819c551ff9d5460dbe20ac0a8ab05,True,actual,False,,,,,2026-09-07T08:42:24.659182+02:00
NSR:StopPlace:59636,Holmlia stasjon,2026-09-07T06:55:00+02:00,2026-09-07T06:55:29+02:00,2026-09-07T06:55:29+02:00,29.0,1,Grorud T,RUT:Line:79,Grorud T - Åsbråten,79,bus,RUT:ServiceJourney:5ec7b2aaae405ed274047941cd382af6,True,actual,False,,,,,2026-09-07T08:42:24.659182+02:00
NSR:StopPlace:58952,Bodø stasjon,2026-09-07T08:32:00+02:00,2026-09-07T08:32:29+02:00,2026-09-07T08:32:29+02:00,29.0,1,Tverlandet,NOR:Line:12_8004,Tverlandet - Bodø sentrum - Løpsmarka,4,bus,NOR:ServiceJourney:8004_251012124900556_1009,True,actual,False,,,,,2026-09-07T08:42:24.659182+02:00
NSR:StopPlace:58935,Levanger stasjon,2026-09-07T08:00:00+02:00,2026-09-07T08:00:29+02:00,2026-09-07T08:00:29+02:00,29.0,1,Holåsen vest,ATB:Line:2_741,Levanger - Holåsen vest,741,bus,ATB:ServiceJourney:741_260106098640528_10,True,actual,False,,,,,2026-09-07T08:42:24.659182+02:00
NSR:StopPlace:58790,Verdal stasjon,2026-09-07T05:57:00+02:00,2026-09-07T05:57:29+02:00,2026-09-07T05:57:29+02:00,29.0,1,Melhus skysstasjon,SJN:Line:26,Trønderbanen,R70,rail,SJN:ServiceJourney:422-STK_56051-R,True,actual,False,,,,,2026-09-07T08:42:24.659182+02:00
NSR:StopPlace:58790,Verdal stasjon,2026-09-07T07:25:00+02:00,2026-09-07T07:25:29+02:00,2026-09-07T07:25:29+02:00,29.0,1,Levanger vgs.,ATB:Line:2_635,Verdal - Levanger (- Frosta),635,bus,ATB:ServiceJourney:635_260106098642281_4,True,actual,False,,,,,2026-09-07T08:42:24.659182+02:00
NSR:StopPlace:58836,Mjøndalen stasjon,2026-09-07T06:53:00+02:00,2026-09-07T06:53:29+02:00,2026-09-07T06:53:29+02:00,29.0,1,Kongsberg,VYG:Line:R12,Kongsberg-Oslo S-Eidsvoll,R12,rail,VYG:ServiceJourney:503_444294-R,True,actual,False,,,,,2026-09-07T08:42:24.659182+02:00
NSR:StopPlace:58836,Mjøndalen stasjon,2026-09-07T07:36:00+02:00,2026-09-07T07:36:29+02:00,2026-09-07T07:36:29+02:00,29.0,1,Drammen sykehus,BRA:Line:4_6001,Drammen sykehus Brakerøya - Sørensvingen / Mjøndalen,1,bus,BRA:ServiceJourney:6001_260415100161795_1034,True,actual,False,,,,,2026-09-07T08:42:24.659182+02:00
NSR:StopPlace:58837,Nesbyen stasjon,2026-09-07T06:45:00+02:00,2026-09-07T06:45:29+02:00,2026-09-07T06:45:29+02:00,29.0,1,Gol skysstasjon,BRA:Line:4_6332,Flå-Gol-Geilo,332,bus,BRA:ServiceJourney:6332_260415100163876_1001,True,actual,False,,,,,2026-09-07T08:42:24.659182+02:00
NSR:StopPlace:58851,Heggedal stasjon,2026-09-07T08:29:00+02:00,2026-09-07T08:29:29+02:00,2026-09-07T08:29:29+02:00,29.0,1,Asker,RUT:Line:280,Asker - Dikemark - Heggedal,280,bus,RUT:ServiceJourney:998c0a6eea482280b37c8ec842edc583,True,actual,False,,,,,2026-09-07T08:42:24.659182+02:00
NSR:StopPlace:58865,Vestby stasjon,2026-09-07T06:20:00+02:00,2026-09-07T06:20:29+02:00,2026-09-07T06:20:29+02:00,29.0,1,Randem,RUT:Line:533,Randem - Vestby stasjon,533,bus,RUT:ServiceJourney:258a4abefe2d59e05c13044caf24c6f4,True,actual,False,,,,,2026-09-07T08:42:24.659182+02:00
NSR:StopPlace:58866,Vevelstad stasjon,2026-09-07T07:12:00+02:00,2026-09-07T07:12:29+02:00,2026-09-07T07:12:29+02:00,29.0,1,Universitetet i Ås,RUT:Line:510,Bøleråsen - Ski - Ås - Drøbak,510,bus,RUT:ServiceJourney:5ee6d09c080dfb8f13db69f15e228a59,True,actual,False,,,,,2026-09-07T08:42:24.659182+02:00
NSR:StopPlace:58866,Vevelstad stasjon,2026-09-07T07:23:00+02:00,2026-09-07T07:23:29+02:00,2026-09-07T07:23:29+02:00,29.0,1,Drøbak - Seiersten,RUT:Line:510,Bøleråsen - Ski - Ås - Drøbak,510,bus,RUT:ServiceJourney:de88b913f18821d321c4e911a4c10dd0,True,actual,False,,,,,2026-09-07T08:42:24.659182+02:00
NSR:StopPlace:58866,Vevelstad stasjon,2026-09-07T07:42:00+02:00,2026-09-07T07:42:29+02:00,2026-09-07T07:42:29+02:00,29.0,1,Universitetet i Ås,RUT:Line:510,Bøleråsen - Ski - Ås - Drøbak,510,bus,RUT:ServiceJourney:dea8ccaca53ae3d7047d9eadb0c1e2d7,True,actual,False,,,,,2026-09-07T08:42:24.659182+02:00
NSR:StopPlace:58808,Kongsvinger stasjon,2026-09-07T07:38:00+02:00,2026-09-07T07:38:29+02:00,2026-09-07T07:38:29+02:00,29.0,1,Asker,VYG:Line:R14,Asker-Oslo S-Kongsvinger,R14,rail,VYG:ServiceJourney:1008_442913-R,True,actual,False,,,,,2026-09-07T08:42:24.659182+02:00
NSR:StopPlace:58808,Kongsvinger stasjon,2026-09-07T07:58:00+02:00,2026-09-07T07:58:29+02:00,2026-09-07T07:58:29+02:00,29.0,1,Sykehuset - Bogeråsen,INN:Line:81,Bogeråsen - Rasta,B81,bus,INN:ServiceJourney:54301,True,actual,False,,,,,2026-09-07T08:42:24.659182+02:00
NSR:StopPlace:58809,Koppang stasjon,2026-09-07T05:45:00+02:00,2026-09-07T05:45:29+02:00,2026-09-07T05:45:29+02:00,29.0,1,Rendalen - Tynset,INN:Line:180,Koppang - Rendalen - Tynset,180,bus,INN:ServiceJourney:54699,True,actual,False,,,,,2026-09-07T08:42:24.659182+02:00
NSR:StopPlace:58810,Løten stasjon,2026-09-07T07:21:00+02:00,2026-09-07T07:21:29+02:00,2026-09-07T07:21:29+02:00,29.0,1,Steinerskolen,INN:Line:697,Hamar - Løten,697,bus,INN:ServiceJourney:84949,True,actual,False,,,,,2026-09-07T08:42:24.659182+02:00
NSR:StopPlace:101,Sagdalen stasjon,2026-09-07T08:13:00+02:00,2026-09-07T08:13:29+02:00,2026-09-07T08:13:29+02:00,29.0,1,Spikkestad,VYG:Line:L1,Spikkestad-Oslo S-Lillestrøm,L1,rail,VYG:ServiceJourney:2215_443608-R,True,actual,False,,,,,2026-09-07T08:42:24.659182+02:00
NSR:StopPlace:398,Arna stasjon,2026-09-07T06:12:00+02:00,2026-09-07T06:12:29+02:00,2026-09-07T06:12:29+02:00,29.0,1,Bergen,VYG:Line:L4,Bergen-Arna,L4,rail,VYG:ServiceJourney:2605_443820-R,True,actual,False,,,,,2026-09-07T08:42:24.659182+02:00
NSR:StopPlace:398,Arna stasjon,2026-09-07T07:57:00+02:00,2026-09-07T07:57:29+02:00,2026-09-07T07:57:29+02:00,29.0,1,Bergen,VYG:Line:L4,Bergen-Arna,L4,rail,VYG:ServiceJourney:2511_443769-R,True,actual,False,,,,,2026-09-07T08:42:24.659182+02:00
NSR:StopPlace:362,Jåttåvågen stasjon,2026-09-07T07:32:00+02:00,2026-09-07T07:32:29+02:00,2026-09-07T07:32:29+02:00,29.0,1,Nærbø,GOA:Line:59,Jærbanen,L5,rail,GOA:ServiceJourney:3014_63046-R,True,actual,False,,,,,2026-09-07T08:42:24.659182+02:00
NSR:StopPlace:62341,Tangen stasjon,2026-09-07T08:04:00+02:00,2026-09-07T08:04:29+02:00,2026-09-07T08:04:29+02:00,29.0,1,Oslo S,VYG:Line:RE10,Drammen-Oslo S-Lillehammer,RE10,rail,VYG:ServiceJourney:354-HMR_602473-R,True,actual,False,,,,,2026-09-07T08:42:24.659182+02:00
NSR:StopPlace:62393,Billingstad stasjon,2026-09-07T06:13:00+02:00,2026-09-07T06:13:29+02:00,2026-09-07T06:13:29+02:00,29.0,1,Lillestrøm,VYG:Line:L1,Spikkestad-Oslo S-Lillestrøm,L1,rail,VYG:ServiceJourney:2208_764738-R,True,actual,False,Færre vogner,Denne avgangen kjører dessverre med 4 vogner i stedet for 8 vogner. Dette skyldes at vi mangler et togsett.,general,normal,2026-09-07T08:42:24.659182+02:00
NSR:StopPlace:59648,Kjelsås stasjon,2026-09-07T21:54:00+02:00,2026-09-07T21:54:28+02:00,2026-09-07T21:54:28+02:00,28.0,1,Kværnerbyen,RUT:Line:54,Kværnerbyen - Kjelsås stasjon,54,bus,RUT:ServiceJourney:49b294006ab2014d752709d9be54732b,True,actual,False,,,,,2026-09-08T00:20:52.129880+02:00
NSR:StopPlace:59649,Nydalen stasjon,2026-09-07T22:46:00+02:00,2026-09-07T22:46:28+02:00,2026-09-07T22:46:28+02:00,28.0,1,Simensbråten,RUT:Line:23,Lysaker - Simensbråten,23,bus,RUT:ServiceJourney:02f5fecd12f442942a9bd837f89cbefe,True,actual,False,,,,,2026-09-08T00:20:52.129880+02:00
NSR:StopPlace:59643,Grefsen stasjon,2026-09-07T22:11:00+02:00,2026-09-07T22:11:28+02:00,2026-09-07T22:11:28+02:00,28.0,1,Gaustadalléen,RUT:Line:18,Grefsen st [4311] - Rikshospitalet,18,tram,RUT:ServiceJourney:618870973fcad984eda455ff0836b18b,True,actual,False,,,,,2026-09-08T00:20:52.129880+02:00
NSR:StopPlace:59952,Drammen stasjon,2026-09-07T21:43:00+02:00,2026-09-07T21:43:28+02:00,2026-09-07T21:43:28+02:00,28.0,1,Kongsberg,VYG:Line:R12,Kongsberg-Oslo S-Eidsvoll,R12,rail,VYG:ServiceJourney:533_444342-R,True,actual,False,,,,,2026-09-08T00:20:52.129880+02:00
NSR:StopPlace:59983,Bergen stasjon,2026-09-07T23:27:00+02:00,2026-09-07T23:27:28+02:00,2026-09-07T23:27:28+02:00,28.0,1,Arna,VYG:Line:L4,Bergen-Arna,L4,rail,VYG:ServiceJourney:2674_443889-R,True,actual,False,,,,,2026-09-08T00:20:52.129880+02:00
NSR:StopPlace:59616,Asker stasjon,2026-09-07T21:19:00+02:00,2026-09-07T21:19:28+02:00,2026-09-07T21:19:28+02:00,28.0,1,Dal,VYG:Line:R13,Drammen-Oslo S-Dal,R13,rail,VYG:ServiceJourney:1667_443357-R,True,actual,False,,,,,2026-09-08T00:20:52.129880+02:00
NSR:StopPlace:59636,Holmlia stasjon,2026-09-07T21:25:00+02:00,2026-09-07T21:25:28+02:00,2026-09-07T21:25:28+02:00,28.0,1,Grorud T,RUT:Line:79,Grorud T - Åsbråten,79,bus,RUT:ServiceJourney:0c44617beda97ce1c430b1c2c48a8b9a,True,actual,False,,,,,2026-09-08T00:20:52.129880+02:00
NSR:StopPlace:59639,Sonsveien stasjon,2026-09-07T22:04:00+02:00,2026-09-07T22:04:28+02:00,2026-09-07T22:04:28+02:00,28.0,1,Stabekk,VYG:Line:R21,Stabekk-Oslo S-Moss,R21,rail,VYG:ServiceJourney:1172-MOS_443069-R,True,actual,False,,,,,2026-09-08T00:20:52.129880+02:00
NSR:StopPlace:58845,Eidsvoll verk stasjon,2026-09-07T23:31:00+02:00,2026-09-07T23:31:28+02:00,2026-09-07T23:31:28+02:00,28.0,1,Jessheim,RUT:Line:430,Eidsvoll - Jessheim,430,bus,RUT:ServiceJourney:73c7946581b4e05987f8b8019aa9efc9,True,actual,False,,,,,2026-09-08T00:20:52.129880+02:00
NSR:StopPlace:58866,Vevelstad stasjon,2026-09-07T22:14:00+02:00,2026-09-07T22:14:28+02:00,2026-09-07T22:14:28+02:00,28.0,1,Stabekk,VYG:Line:L2,Stabekk-Oslo S-Ski,L2,rail,VYG:ServiceJourney:2774-SKI_443996-R,True,actual,False,,,,,2026-09-08T00:20:52.129880+02:00
NSR:StopPlace:58870,Holmestrand stasjon,2026-09-07T22:10:00+02:00,2026-09-07T22:10:28+02:00,2026-09-07T22:10:28+02:00,28.0,1,Hvitstein-Gullhaug,VKT:Line:31,Gullhaug-Kleiverud-Holmestrand,31,bus,VKT:ServiceJourney:14989,True,actual,False,,,,,2026-09-08T00:20:52.129880+02:00
NSR:StopPlace:58884,Skien stasjon,2026-09-07T21:09:00+02:00,2026-09-07T21:09:28+02:00,2026-09-07T21:09:28+02:00,28.0,1,Eidsvoll,VYG:Line:RE11,Eidsvoll-Oslo S-Skien,RE11,rail,VYG:ServiceJourney:836_444416-R,True,actual,False,,,,,2026-09-08T00:20:52.129880+02:00
NSR:StopPlace:62339,Lillestrøm stasjon,2026-09-07T22:05:00+02:00,2026-09-07T22:05:28+02:00,2026-09-07T22:05:28+02:00,28.0,1,Eidsvoll,VYG:Line:R12,Kongsberg-Oslo S-Eidsvoll,R12,rail,VYG:ServiceJourney:534_444344-R,True,actual,False,Heis i spor 1 og 2 er ute av bruk på grunn av vedlikehold.,Heis i spor 1 og 2 er ute av bruk på grunn av vedlikehold.,general,normal,2026-09-08T00:20:52.129880+02:00
NSR:StopPlace:62393,Billingstad stasjon,2026-09-07T21:27:00+02:00,2026-09-07T21:27:28+02:00,2026-09-07T21:27:28+02:00,28.0,1,Lillestrøm,VYG:Line:L1,Spikkestad-Oslo S-Lillestrøm,L1,rail,VYG:ServiceJourney:2168_443578-R,True,actual,False,,,,,2026-09-08T00:20:52.129880+02:00
NSR:StopPlace:61291,Stavanger stasjon,2026-09-07T18:39:00+02:00,2026-09-07T18:39:28+02:00,2026-09-07T18:39:28+02:00,28.0,1,Skeiane,GOA:Line:59,Jærbanen,L5,rail,GOA:ServiceJourney:3156_63201-R,True,actual,False,,,,,2026-09-07T20:27:16.249662+02:00
NSR:StopPlace:59646,Høvik stasjon,2026-09-07T17:56:00+02:00,2026-09-07T17:56:28+02:00,2026-09-07T17:56:28+02:00,28.0,1,Spikkestad,VYG:Line:L1,Spikkestad-Oslo S-Lillestrøm,L1,rail,VYG:ServiceJourney:2251_443671-R,True,actual,False,,,,,2026-09-07T20:27:16.249662+02:00
NSR:StopPlace:59687,Grong stasjon,2026-09-07T19:14:00+02:00,2026-09-07T19:14:28+02:00,2026-09-07T19:14:28+02:00,28.0,1,Trondheim S,SJN:Line:71,Nordlandsbanen,F7,rail,SJN:ServiceJourney:472_46160-R,True,actual,False,,,,,2026-09-07T20:27:16.249662+02:00
NSR:StopPlace:59952,Drammen stasjon,2026-09-07T19:42:00+02:00,2026-09-07T19:42:28+02:00,2026-09-07T19:42:28+02:00,28.0,1,Oslo Lufthavn,FLT:Line:FLY1,FLY1,FLY1,rail,FLT:ServiceJourney:1-2614-3795-20260907,True,actual,False,,,,,2026-09-07T20:27:16.249662+02:00
NSR:StopPlace:59957,Klepp stasjon,2026-09-07T19:27:00+02:00,2026-09-07T19:27:28+02:00,2026-09-07T19:27:28+02:00,28.0,1,Verdalen via Kleppekrossen,KOL:Line:8_2024,59,59,bus,KOL:ServiceJourney:2024_250903083241329_2035,True,actual,False,,,,,2026-09-07T20:27:16.249662+02:00
NSR:StopPlace:59983,Bergen stasjon,2026-09-07T19:42:00+02:00,2026-09-07T19:42:28+02:00,2026-09-07T19:42:28+02:00,28.0,1,Arna,VYG:Line:L4,Bergen-Arna,L4,rail,VYG:ServiceJourney:2558_443817-R,True,actual,False,,,,,2026-09-07T20:27:16.249662+02:00
NSR:StopPlace:58964,Kløfta stasjon,2026-09-07T20:03:00+02:00,2026-09-07T20:03:28+02:00,2026-09-07T20:03:28+02:00,28.0,1,Oslo lufthavn,RUT:Line:425,Kløfta – Oslo lufthavn,425,bus,RUT:ServiceJourney:237c997b28f18892ab2719ea4fec5086,True,actual,False,,,,,2026-09-07T20:27:16.249662+02:00
NSR:StopPlace:58932,Hommelvik stasjon,2026-09-07T17:12:00+02:00,2026-09-07T17:12:28+02:00,2026-09-07T17:12:28+02:00,28.0,1,Ler,SJN:Line:26,Trønderbanen,R70,rail,SJN:ServiceJourney:442_56071-R,True,actual,False,,,,,2026-09-07T20:27:16.249662+02:00
NSR:StopPlace:58948,Stjørdal stasjon,2026-09-07T18:04:00+02:00,2026-09-07T18:04:28+02:00,2026-09-07T18:04:28+02:00,28.0,1,Husbyåsen via Terrassehusene,ATB:Line:2_92,92 StjørdalSt-HusbySnu.,92,bus,ATB:ServiceJourney:92_260219106441763_64,True,actual,False,,,,,2026-09-07T20:27:16.249662+02:00
NSR:StopPlace:58948,Stjørdal stasjon,2026-09-07T19:05:00+02:00,2026-09-07T19:05:28+02:00,2026-09-07T19:05:28+02:00,28.0,1,Remyra via Stokkanvegen,ATB:Line:2_91,91 StjørdalSt-Remyrv.,91,bus,ATB:ServiceJourney:91_260220075616634_66,True,actual,False,,,,,2026-09-07T20:27:16.249662+02:00
NSR:StopPlace:58836,Mjøndalen stasjon,2026-09-07T17:24:00+02:00,2026-09-07T17:24:28+02:00,2026-09-07T17:24:28+02:00,28.0,1,Drammen via Gulskogen,BRA:Line:4_6052,Drammen - Mjøndalen,52,bus,BRA:ServiceJourney:6052_260415100161111_1038,True,actual,False,,,,,2026-09-07T20:27:16.249662+02:00
NSR:StopPlace:58836,Mjøndalen stasjon,2026-09-07T18:06:00+02:00,2026-09-07T18:06:28+02:00,2026-09-07T18:06:28+02:00,28.0,1,Drammen sykehus,BRA:Line:4_6001,Drammen sykehus Brakerøya - Sørensvingen / Mjøndalen,1,bus,BRA:ServiceJourney:6001_260415100161836_1198,True,actual,False,,,,,2026-09-07T20:27:16.249662+02:00
NSR:StopPlace:58836,Mjøndalen stasjon,2026-09-07T20:12:00+02:00,2026-09-07T20:12:28+02:00,2026-09-07T20:12:28+02:00,28.0,1,Drammen,BRA:Line:4_6101,Drammen-Vikersund/Hønefoss,101,bus,BRA:ServiceJourney:6101_260415100161316_1058,True,actual,False,,,,,2026-09-07T20:27:16.249662+02:00
NSR:StopPlace:58844,Eidsvoll stasjon,2026-09-07T17:44:00+02:00,2026-09-07T17:44:28+02:00,2026-09-07T17:44:28+02:00,28.0,1,Eidsvoll,RUT:Line:430,Eidsvoll - Jessheim,430,bus,RUT:ServiceJourney:bcb3ff3d634a78e8ca1dad6a351a7211,True,actual,False,,,,,2026-09-07T20:27:16.249662+02:00
NSR:StopPlace:58844,Eidsvoll stasjon,2026-09-07T17:59:00+02:00,2026-09-07T17:59:28+02:00,2026-09-07T17:59:28+02:00,28.0,1,Eidsvoll,RUT:Line:430,Eidsvoll - Jessheim,430,bus,RUT:ServiceJourney:c0e0a71eaed35a0a169487a5f005f595,True,actual,False,,,,,2026-09-07T20:27:16.249662+02:00
NSR:StopPlace:58844,Eidsvoll stasjon,2026-09-07T18:59:00+02:00,2026-09-07T18:59:28+02:00,2026-09-07T18:59:28+02:00,28.0,1,Eidsvoll,RUT:Line:430,Eidsvoll - Jessheim,430,bus,RUT:ServiceJourney:5ddafa1355dc103101d222d238a26481,True,actual,False,,,,,2026-09-07T20:27:16.249662+02:00
NSR:StopPlace:58851,Heggedal stasjon,2026-09-07T17:29:00+02:00,2026-09-07T17:29:28+02:00,2026-09-07T17:29:28+02:00,28.0,1,Asker,RUT:Line:280,Asker - Dikemark - Heggedal,280,bus,RUT:ServiceJourney:13828cdb33a8211e1983842627de67bd,True,actual,False,,,,,2026-09-07T20:27:16.249662+02:00
NSR:StopPlace:58851,Heggedal stasjon,2026-09-07T18:29:00+02:00,2026-09-07T18:29:28+02:00,2026-09-07T18:29:28+02:00,28.0,1,Rustadgrenda,RUT:Line:286,Rustadgrenda-Heggedal,286,bus,RUT:ServiceJourney:62a32104c531d27b895e331d582382cf,True,actual,False,,,,,2026-09-07T20:27:16.249662+02:00
NSR:StopPlace:58868,Årnes stasjon,2026-09-07T18:04:00+02:00,2026-09-07T18:04:28+02:00,2026-09-07T18:04:28+02:00,28.0,1,Oslo lufthavn,RUT:Line:450,Årnes - Oslo lufthavn,450,bus,RUT:ServiceJourney:9c031746014a8df3b6054b7f3ead057e,True,actual,False,,,,,2026-09-07T20:27:16.249662+02:00
NSR:StopPlace:58877,Bø stasjon,2026-09-07T19:55:00+02:00,2026-09-07T19:55:28+02:00,2026-09-07T19:55:28+02:00,28.0,1,Notodden via Nordagutu,TEL:Line:8323,Notodden-Nordagutu-Gvarv-Bø,323,bus,TEL:ServiceJourney:125773,True,actual,False,,,,,2026-09-07T20:27:16.249662+02:00
NSR:StopPlace:58801,Sarpsborg stasjon,2026-09-07T18:13:00+02:00,2026-09-07T18:13:28+02:00,2026-09-07T18:13:28+02:00,28.0,1,Blessom,OST:Line:1_13,Kalnes - Blessom,13,bus,OST:ServiceJourney:13_260325121470800_34,True,actual,False,,,,,2026-09-07T20:27:16.249662+02:00
NSR:StopPlace:58816,Dombås stasjon,2026-09-07T18:12:00+02:00,2026-09-07T18:12:28+02:00,2026-09-07T18:12:28+02:00,28.0,1,Oslo S,SJN:Line:21,Dovrebanen,F6,rail,SJN:ServiceJourney:48-TND_42795-R,True,actual,False,,,,,2026-09-07T20:27:16.249662+02:00
NSR:StopPlace:63079,Skeiane stasjon,2026-09-07T19:42:00+02:00,2026-09-07T19:42:28+02:00,2026-09-07T19:42:28+02:00,28.0,1,Nærbø,GOA:Line:59,Jærbanen,L5,rail,GOA:ServiceJourney:3062_63118-R,True,actual,False,,,,,2026-09-07T20:27:16.249662+02:00
NSR:StopPlace:610,Sandvika stasjon,2026-09-07T17:55:00+02:00,2026-09-07T17:55:28+02:00,2026-09-07T17:55:28+02:00,28.0,1,Dal,VYG:Line:R13,Drammen-Oslo S-Dal,R13,rail,VYG:ServiceJourney:1653_443327-R,True,actual,False,,,,,2026-09-07T20:27:16.249662+02:00
NSR:StopPlace:62392,Slependen stasjon,2026-09-07T18:29:00+02:00,2026-09-07T18:29:28+02:00,2026-09-07T18:29:28+02:00,28.0,1,Lillestrøm,VYG:Line:L1,Spikkestad-Oslo S-Lillestrøm,L1,rail,VYG:ServiceJourney:2156_443565-R,True,actual,False,,,,,2026-09-07T20:27:16.249662+02:00
NSR:StopPlace:61466,Vakås stasjon,2026-09-07T14:52:00+02:00,2026-09-07T14:52:28+02:00,2026-09-07T14:52:28+02:00,28.0,1,Lillestrøm,VYG:Line:L1,Spikkestad-Oslo S-Lillestrøm,L1,rail,VYG:ServiceJourney:2142_443550-R,True,actual,False,,,,,2026-09-07T15:44:36.205822+02:00
NSR:StopPlace:61463,Nordstrand stasjon,2026-09-07T15:07:00+02:00,2026-09-07T15:07:28+02:00,2026-09-07T15:07:28+02:00,28.0,1,Stabekk,VYG:Line:L2,Stabekk-Oslo S-Ski,L2,rail,VYG:ServiceJourney:2744-SKI_443954-R,True,actual,False,,,,,2026-09-07T15:44:36.205822+02:00
NSR:StopPlace:59647,Dal stasjon,2026-09-07T14:31:00+02:00,2026-09-07T14:31:28+02:00,2026-09-07T14:31:28+02:00,28.0,1,Eidsvoll,RUT:Line:430,Eidsvoll - Jessheim,430,bus,RUT:ServiceJourney:07a2f10ba926b3c4a18d76cc343d5a87,True,actual,False,,,,,2026-09-07T15:44:36.205822+02:00
NSR:StopPlace:59658,Moi stasjon,2026-09-07T11:58:00+02:00,2026-09-07T11:58:28+02:00,2026-09-07T11:58:28+02:00,28.0,1,Oslo S,GOA:Line:50,Sørtoget region,F5,rail,GOA:ServiceJourney:710-KVB_71575-R,True,actual,False,,,,,2026-09-07T15:44:36.205822+02:00
NSR:StopPlace:58917,Marnardal stasjon,2026-09-07T13:00:00+02:00,2026-09-07T13:00:28+02:00,2026-09-07T13:00:28+02:00,28.0,1,Oslo S,GOA:Line:50,Sørtoget region,F5,rail,GOA:ServiceJourney:710-KVB_71575-R,True,actual,False,,,,,2026-09-07T15:44:36.205822+02:00
NSR:StopPlace:58930,Larvik stasjon,2026-09-07T14:33:00+02:00,2026-09-07T14:33:28+02:00,2026-09-07T14:33:28+02:00,28.0,1,Skien,VYG:Line:RE11,Eidsvoll-Oslo S-Skien,RE11,rail,VYG:ServiceJourney:817_444397-R,True,actual,False,,,,,2026-09-07T15:44:36.205822+02:00
NSR:StopPlace:58946,Snåsa stasjon,2026-09-07T14:47:00+02:00,2026-09-07T14:47:28+02:00,2026-09-07T14:47:28+02:00,28.0,1,Hammer via Moum,ATB:Line:2_7906,Snåsa - Hammer,7906,bus,ATB:ServiceJourney:7906_260106098642389_8,True,actual,False,,,,,2026-09-07T15:44:36.205822+02:00
NSR:StopPlace:58834,Hokksund stasjon,2026-09-07T15:33:00+02:00,2026-09-07T15:33:28+02:00,2026-09-07T15:33:28+02:00,28.0,1,Torespæren - Darbu - Gamlev. - Kongsberg ,BRA:Line:4_6115,Hokksund - Kongsberg,115,bus,BRA:ServiceJourney:6115_260427080312098_1020,True,actual,False,,,,,2026-09-07T15:44:36.205822+02:00
NSR:StopPlace:58838,Røyken stasjon,2026-09-07T15:15:00+02:00,2026-09-07T15:15:28+02:00,2026-09-07T15:15:28+02:00,28.0,1,Asker,RUT:Line:260,Hyggen - Bråset -Slemmestad (- Asker),260,bus,RUT:ServiceJourney:14b977d1a09ee78f79e4f7c3e7ae1951,True,actual,False,,,,,2026-09-07T15:44:36.205822+02:00
NSR:StopPlace:58845,Eidsvoll verk stasjon,2026-09-07T15:00:00+02:00,2026-09-07T15:00:28+02:00,2026-09-07T15:00:28+02:00,28.0,1,Eidsvoll,RUT:Line:430,Eidsvoll - Jessheim,430,bus,RUT:ServiceJourney:f3fb498cdebdeb4a52b70e022cbbc47d,True,actual,False,,,,,2026-09-07T15:44:36.205822+02:00
NSR:StopPlace:58851,Heggedal stasjon,2026-09-07T14:29:00+02:00,2026-09-07T14:29:28+02:00,2026-09-07T14:29:28+02:00,28.0,1,Asker,RUT:Line:280,Asker - Dikemark - Heggedal,280,bus,RUT:ServiceJourney:28dea65e912dd6610ba6fe3a909646e6,True,actual,False,,,,,2026-09-07T15:44:36.205822+02:00
NSR:StopPlace:58851,Heggedal stasjon,2026-09-07T15:29:00+02:00,2026-09-07T15:29:28+02:00,2026-09-07T15:29:28+02:00,28.0,1,Asker,RUT:Line:280,Asker - Dikemark - Heggedal,280,bus,RUT:ServiceJourney:516252d244864aecc09d4f9a103acf9a,True,actual,False,,,,,2026-09-07T15:44:36.205822+02:00
NSR:StopPlace:58874,Stokke stasjon,2026-09-07T15:27:00+02:00,2026-09-07T15:27:28+02:00,2026-09-07T15:27:28+02:00,28.0,1,Bjelland-Stokke,VKT:Line:1605,Re vgs-Bjelland-Stokke,1605,bus,VKT:ServiceJourney:14609,True,actual,False,,,,,2026-09-07T15:44:36.205822+02:00
NSR:StopPlace:58811,Moelv stasjon,2026-09-07T14:20:00+02:00,2026-09-07T14:20:28+02:00,2026-09-07T14:20:28+02:00,28.0,1,Ringsrunden,INN:Line:607,Moelv-Fløtlia-Næroset-Moelv,607,bus,INN:ServiceJourney:83004,True,actual,False,,,,,2026-09-07T15:44:36.205822+02:00
NSR:StopPlace:58811,Moelv stasjon,2026-09-07T14:45:00+02:00,2026-09-07T14:45:28+02:00,2026-09-07T14:45:28+02:00,28.0,1,Brumunddal,INN:Line:605,Gjøvik - Moelv - Brumunddal,605,bus,INN:ServiceJourney:82985,True,actual,False,,,,,2026-09-07T15:44:36.205822+02:00
NSR:StopPlace:58825,Raufoss stasjon,2026-09-07T15:15:00+02:00,2026-09-07T15:15:28+02:00,2026-09-07T15:15:28+02:00,28.0,1,Skreia o/Kapp,INN:Line:440,Skreia-Kapp-Raufoss,440,bus,INN:ServiceJourney:75160,True,actual,False,,,,,2026-09-07T15:44:36.205822+02:00
NSR:StopPlace:101,Sagdalen stasjon,2026-09-07T14:28:00+02:00,2026-09-07T14:28:28+02:00,2026-09-07T14:28:28+02:00,28.0,1,Asker,VYG:Line:L1,Spikkestad-Oslo S-Lillestrøm,L1,rail,VYG:ServiceJourney:2139_443546-R,True,actual,False,,,,,2026-09-07T15:44:36.205822+02:00
NSR:StopPlace:393,Leangen stasjon,2026-09-07T14:48:00+02:00,2026-09-07T14:48:28+02:00,2026-09-07T14:48:28+02:00,28.0,1,Steinkjer,SJN:Line:26,Trønderbanen,R70,rail,SJN:ServiceJourney:1761_56047-R,True,actual,False,,,,,2026-09-07T15:44:36.205822+02:00
NSR:StopPlace:398,Arna stasjon,2026-09-07T14:57:00+02:00,2026-09-07T14:57:28+02:00,2026-09-07T14:57:28+02:00,28.0,1,Bergen,VYG:Line:L4,Bergen-Arna,L4,rail,VYG:ServiceJourney:2539_443797-R,True,actual,False,,,,,2026-09-07T15:44:36.205822+02:00
NSR:StopPlace:362,Jåttåvågen stasjon,2026-09-07T14:32:00+02:00,2026-09-07T14:32:28+02:00,2026-09-07T14:32:28+02:00,28.0,1,Egersund,GOA:Line:59,Jærbanen,L5,rail,GOA:ServiceJourney:3042_63084-R,True,actual,False,,,,,2026-09-07T15:44:36.205822+02:00
NSR:StopPlace:61169,Marienborg stasjon,2026-09-07T05:00:00+02:00,2026-09-07T05:00:28+02:00,2026-09-07T05:00:28+02:00,28.0,1,Steinkjer,SJN:Line:26,Trønderbanen,R70,rail,SJN:ServiceJourney:421_56050-R,True,actual,False,,,,,2026-09-07T08:42:24.659182+02:00
NSR:StopPlace:61387,Skogn stasjon,2026-09-07T05:48:00+02:00,2026-09-07T05:48:28+02:00,2026-09-07T05:48:28+02:00,28.0,1,Lerkendal,SJN:Line:26,Trønderbanen,R70,rail,SJN:ServiceJourney:1760_56046-R,True,actual,False,,,,,2026-09-07T08:42:24.659182+02:00
NSR:StopPlace:59649,Nydalen stasjon,2026-09-07T06:58:00+02:00,2026-09-07T06:58:28+02:00,2026-09-07T06:58:28+02:00,28.0,1,Lysaker,RUT:Line:23,Lysaker - Simensbråten,23,bus,RUT:ServiceJourney:e65daa8f73dd7177f4fa566d1d5591d4,True,actual,False,,,,,2026-09-07T08:42:24.659182+02:00
NSR:StopPlace:59641,Fjellhamar stasjon,2026-09-07T07:32:00+02:00,2026-09-07T07:32:28+02:00,2026-09-07T07:32:28+02:00,28.0,1,Asker,VYG:Line:L1,Spikkestad-Oslo S-Lillestrøm,L1,rail,VYG:ServiceJourney:2111_728233-R,True,actual,False,Færre vogner,Denne avgangen kjører dessverre med 4 vogner i stedet for 8 vogner. Dette skyldes at vi mangler et togsett.,general,normal,2026-09-07T08:42:24.659182+02:00
NSR:StopPlace:59643,Grefsen stasjon,2026-09-07T06:37:00+02:00,2026-09-07T06:37:28+02:00,2026-09-07T06:37:28+02:00,28.0,1,Gaustadalléen,RUT:Line:17,Rikshospitalet - Sinsen o/ Carl Berner,17,tram,RUT:ServiceJourney:b60c7557ce0185fca8223b6630c7e51a,True,actual,False,,,,,2026-09-07T08:42:24.659182+02:00
NSR:StopPlace:59650,Nyland stasjon,2026-09-07T06:35:00+02:00,2026-09-07T06:35:28+02:00,2026-09-07T06:35:28+02:00,28.0,1,Vestvollen,RUT:Line:345,Vestvollen - Økern,345,bus,RUT:ServiceJourney:fca628fad317b3d0dc7aaa77bb13c1b4,True,actual,False,,,,,2026-09-07T08:42:24.659182+02:00
NSR:StopPlace:59687,Grong stasjon,2026-09-07T08:20:00+02:00,2026-09-07T08:20:28+02:00,2026-09-07T08:20:28+02:00,28.0,1,Harran via Rossetnes,ATB:Line:2_7908,Høylandet - Grong,7908,bus,ATB:ServiceJourney:7908_260106098641836_7,True,actual,False,,,,,2026-09-07T08:42:24.659182+02:00
NSR:StopPlace:59952,Drammen stasjon,2026-09-07T06:05:00+02:00,2026-09-07T06:05:28+02:00,2026-09-07T06:05:28+02:00,28.0,1,Dal,VYG:Line:R13,Drammen-Oslo S-Dal,R13,rail,VYG:ServiceJourney:1607_443224-R,True,actual,False,,,,,2026-09-07T08:42:24.659182+02:00
NSR:StopPlace:59952,Drammen stasjon,2026-09-07T06:22:00+02:00,2026-09-07T06:22:28+02:00,2026-09-07T06:22:28+02:00,28.0,1,Oslo Lufthavn,FLT:Line:FLY1,FLY1,FLY1,rail,FLT:ServiceJourney:1-2614-3715-20260907,True,actual,False,,,,,2026-09-07T08:42:24.659182+02:00
NSR:StopPlace:59636,Holmlia stasjon,2026-09-07T07:01:00+02:00,2026-09-07T07:01:28+02:00,2026-09-07T07:01:28+02:00,28.0,1,Bjørvika,RUT:Line:80,Jernbanetorget - Åsbråten,80E,bus,RUT:ServiceJourney:3e17e17d6618b6cb4af6633c0ae2bc00,True,actual,False,Linje 80E og 83 får Hausmanns bru som ny endeholdeplass fra 29. juni,"Bussene stopper ikke på Jernbanetorget etter 29. juni, men starter og stopper på Hausmanns bru i Nylandsveien.",incident,normal,2026-09-07T08:42:24.659182+02:00
NSR:StopPlace:58925,Gausel stasjon,2026-09-07T06:44:00+02:00,2026-09-07T06:44:28+02:00,2026-09-07T06:44:28+02:00,28.0,1,Stavanger,GOA:Line:59,Jærbanen,L5,rail,GOA:ServiceJourney:3005_63036-R,True,actual,False,,,,,2026-09-07T08:42:24.659182+02:00
NSR:StopPlace:58948,Stjørdal stasjon,2026-09-07T05:30:00+02:00,2026-09-07T05:30:28+02:00,2026-09-07T05:30:28+02:00,28.0,1,Trondheim,ATB:Line:2_311,Stjørdal - Trondheim,311,bus,ATB:ServiceJourney:311_260106098642698_4,True,actual,False,Endret tilbud ved Vikelvvegen,Sydgående avkjøringsrampe fra E6 ved Reppe er stengt frem til 21. september. Vikelvvegen og Ranheim fabrikker til sentrum blir ikke betjent av linje 311 i perioden. ,general,normal,2026-09-07T08:42:24.659182+02:00
NSR:StopPlace:58797,Mysen stasjon,2026-09-07T07:59:00+02:00,2026-09-07T07:59:28+02:00,2026-09-07T07:59:28+02:00,28.0,1,Rakkestad,VYG:Line:R22,Skøyen-Oslo S-Mysen-Rakkestad,R22,rail,VYG:ServiceJourney:1905_443439-R,True,actual,False,,,,,2026-09-07T08:42:24.659182+02:00
NSR:StopPlace:58790,Verdal stasjon,2026-09-07T07:17:00+02:00,2026-09-07T07:17:28+02:00,2026-09-07T07:17:28+02:00,28.0,1,Verdalsøra ungdomsskole,ATB:Line:2_7503,Verdalsøra skole - Vinne,7503,bus,ATB:ServiceJourney:7503_260106098641175_2,True,actual,False,,,,,2026-09-07T08:42:24.659182+02:00
NSR:StopPlace:58793,Askim stasjon,2026-09-07T06:30:00+02:00,2026-09-07T06:30:28+02:00,2026-09-07T06:30:28+02:00,28.0,1,Skoglia-Sørlia-Askim stasjon,OST:Line:1_41,Bybuss Askim sentrum nord,41,bus,OST:ServiceJourney:41_260430071963329_2,True,actual,False,,,,,2026-09-07T08:42:24.659182+02:00
NSR:StopPlace:58845,Eidsvoll verk stasjon,2026-09-07T07:01:00+02:00,2026-09-07T07:01:28+02:00,2026-09-07T07:01:28+02:00,28.0,1,Jessheim,RUT:Line:430,Eidsvoll - Jessheim,430,bus,RUT:ServiceJourney:3c7be7a3be62c37d8a2e1ca49f612675,True,actual,False,,,,,2026-09-07T08:42:24.659182+02:00
NSR:StopPlace:58852,Høn stasjon,2026-09-07T08:29:00+02:00,2026-09-07T08:29:28+02:00,2026-09-07T08:29:28+02:00,28.0,1,Asker,VYG:Line:L1,Spikkestad-Oslo S-Lillestrøm,L1,rail,VYG:ServiceJourney:2111_728233-R,True,actual,False,Færre vogner,Denne avgangen kjører dessverre med 4 vogner i stedet for 8 vogner. Dette skyldes at vi mangler et togsett.,general,normal,2026-09-07T08:42:24.659182+02:00
NSR:StopPlace:58851,Heggedal stasjon,2026-09-07T07:22:00+02:00,2026-09-07T07:22:28+02:00,2026-09-07T07:22:28+02:00,28.0,1,Asker,RUT:Line:285,Heggedal - Blakstad - Asker,285,bus,RUT:ServiceJourney:6a536674b67d42e4ed6ac4229026e47d,True,actual,False,,,,,2026-09-07T08:42:24.659182+02:00
NSR:StopPlace:58851,Heggedal stasjon,2026-09-07T07:52:00+02:00,2026-09-07T07:52:28+02:00,2026-09-07T07:52:28+02:00,28.0,1,Asker,RUT:Line:285,Heggedal - Blakstad - Asker,285,bus,RUT:ServiceJourney:034b8b5b4f803955919d93072a84502c,True,actual,False,,,,,2026-09-07T08:42:24.659182+02:00
NSR:StopPlace:58800,Råde stasjon,2026-09-07T06:49:00+02:00,2026-09-07T06:49:28+02:00,2026-09-07T06:49:28+02:00,28.0,1,Oslo S,VYG:Line:RE20,Oslo S-Halden-Göteborg (X-Border),RE20,rail,VYG:ServiceJourney:106-HLD_508942-R,True,actual,False,,,,,2026-09-07T08:42:24.659182+02:00
NSR:StopPlace:58805,Brumunddal stasjon,2026-09-07T07:39:00+02:00,2026-09-07T07:39:28+02:00,2026-09-07T07:39:28+02:00,28.0,1,Stensengdalen - Gaupen,INN:Line:619,Br.dal-Stenseng.-Gaupen-Br.dal,619,bus,INN:ServiceJourney:83122,True,actual,False,,,,,2026-09-07T08:42:24.659182+02:00
NSR:StopPlace:58808,Kongsvinger stasjon,2026-09-07T06:35:00+02:00,2026-09-07T06:35:28+02:00,2026-09-07T06:35:28+02:00,28.0,1,Charlottenberg,INN:Line:120,Kongsvinger - Charlottenberg,120,bus,INN:ServiceJourney:54577,True,actual,False,,,,,2026-09-07T08:42:24.659182+02:00
NSR:StopPlace:58811,Moelv stasjon,2026-09-07T07:50:00+02:00,2026-09-07T07:50:28+02:00,2026-09-07T07:50:28+02:00,28.0,1,Åsmarka - Brøttum,INN:Line:606,Næroset - Fløtlia - Moelv,606,bus,INN:ServiceJourney:83000,True,actual,False,,,,,2026-09-07T08:42:24.659182+02:00
NSR:StopPlace:58818,Gran stasjon,2026-09-07T07:22:00+02:00,2026-09-07T07:22:28+02:00,2026-09-07T07:22:28+02:00,28.0,1,2 Grymyr via Helmeidvegen,INN:Line:456,Gran-Grymyr,456,bus,INN:ServiceJourney:84262,True,actual,False,,,,,2026-09-07T08:42:24.659182+02:00
NSR:StopPlace:393,Leangen stasjon,2026-09-07T07:21:00+02:00,2026-09-07T07:21:28+02:00,2026-09-07T07:21:28+02:00,28.0,1,Steinkjer,SJN:Line:26,Trønderbanen,R70,rail,SJN:ServiceJourney:425_56054-R,True,actual,False,,,,,2026-09-07T08:42:24.659182+02:00
NSR:StopPlace:398,Arna stasjon,2026-09-07T07:27:00+02:00,2026-09-07T07:27:28+02:00,2026-09-07T07:27:28+02:00,28.0,1,Bergen,VYG:Line:L4,Bergen-Arna,L4,rail,VYG:ServiceJourney:2509_443766-R,True,actual,False,,,,,2026-09-07T08:42:24.659182+02:00
NSR:StopPlace:610,Sandvika stasjon,2026-09-07T07:14:00+02:00,2026-09-07T07:14:28+02:00,2026-09-07T07:14:28+02:00,28.0,1,Asker,VYG:Line:R14,Asker-Oslo S-Kongsvinger,R14,rail,VYG:ServiceJourney:1004_442909-R,True,actual,False,,,,,2026-09-07T08:42:24.659182+02:00
NSR:StopPlace:62339,Lillestrøm stasjon,2026-09-07T07:55:00+02:00,2026-09-07T07:55:28+02:00,2026-09-07T07:55:28+02:00,28.0,1,Asker,VYG:Line:L1,Spikkestad-Oslo S-Lillestrøm,L1,rail,VYG:ServiceJourney:2113_443518-R,True,actual,False,Heis i spor 1 og 2 er ute av bruk på grunn av vedlikehold. | Færre vogner,Heis i spor 1 og 2 er ute av bruk på grunn av vedlikehold. | Denne avgangen kjører dessverre med 4 vogner i stedet for 8 vogner. Dette skyldes at vi mangler et togsett.,general | general,normal | normal,2026-09-07T08:42:24.659182+02:00
NSR:StopPlace:62380,Røra stasjon,2026-09-07T04:48:00+02:00,2026-09-07T04:48:28+02:00,2026-09-07T04:48:28+02:00,28.0,1,Støren,SJN:Line:26,Trønderbanen,R70,rail,SJN:ServiceJourney:420_56049-R,True,actual,False,,,,,2026-09-07T08:42:24.659182+02:00
NSR:StopPlace:62393,Billingstad stasjon,2026-09-07T08:27:00+02:00,2026-09-07T08:27:28+02:00,2026-09-07T08:27:28+02:00,28.0,1,Lillestrøm,VYG:Line:L1,Spikkestad-Oslo S-Lillestrøm,L1,rail,VYG:ServiceJourney:2116_443521-R,True,actual,False,,,,,2026-09-07T08:42:24.659182+02:00
NSR:StopPlace:61291,Stavanger stasjon,2026-09-07T23:53:00+02:00,2026-09-07T23:53:27+02:00,2026-09-07T23:53:27+02:00,27.0,1,Egersund,GOA:Line:59,Jærbanen,L5,rail,GOA:ServiceJourney:3078_63142-R,True,actual,False,,,,,2026-09-08T00:20:52.129880+02:00
NSR:StopPlace:59641,Fjellhamar stasjon,2026-09-08T00:11:00+02:00,2026-09-08T00:11:27+02:00,2026-09-08T00:11:27+02:00,27.0,1,Ahus,RUT:Line:315,Vallerudtoppen - Ahus,315,bus,RUT:ServiceJourney:b67cfd219f39c64d1c9039cc0565a0a5,True,actual,False,,,,,2026-09-08T00:20:52.129880+02:00
NSR:StopPlace:60736,Spikkestad stasjon,2026-09-07T22:46:00+02:00,2026-09-07T22:46:27+02:00,2026-09-07T22:46:27+02:00,27.0,1,Lillestrøm,VYG:Line:L1,Spikkestad-Oslo S-Lillestrøm,L1,rail,VYG:ServiceJourney:2276_445376-R,True,actual,False,,,,,2026-09-08T00:20:52.129880+02:00
NSR:StopPlace:59638,Myrvoll stasjon,2026-09-07T22:06:00+02:00,2026-09-07T22:06:27+02:00,2026-09-07T22:06:27+02:00,27.0,1,Skøyen,VYG:Line:L2,Stabekk-Oslo S-Ski,L2,rail,VYG:ServiceJourney:2872-SKI_488400-R,True,actual,False,,,,,2026-09-08T00:20:52.129880+02:00
NSR:StopPlace:58931,Fannrem stasjon,2026-09-07T22:10:00+02:00,2026-09-07T22:10:27+02:00,2026-09-07T22:10:27+02:00,27.0,1,Trondheim S via Orkanger skysst.,ATB:Line:2_310,Trondheim - Orkanger - Fannrem,310,bus,ATB:ServiceJourney:310_260106098639836_71,True,actual,False,,,,,2026-09-08T00:20:52.129880+02:00
NSR:StopPlace:58836,Mjøndalen stasjon,2026-09-07T23:06:00+02:00,2026-09-07T23:06:27+02:00,2026-09-07T23:06:27+02:00,27.0,1,Drammen sykehus,BRA:Line:4_6001,Drammen sykehus Brakerøya - Sørensvingen / Mjøndalen,1,bus,BRA:ServiceJourney:6001_260415100161846_1238,True,actual,False,,,,,2026-09-08T00:20:52.129880+02:00
NSR:StopPlace:58857,Lørenskog stasjon,2026-09-07T22:36:00+02:00,2026-09-07T22:36:27+02:00,2026-09-07T22:36:27+02:00,27.0,1,Asker,VYG:Line:L1,Spikkestad-Oslo S-Lillestrøm,L1,rail,VYG:ServiceJourney:2171_443582-R,True,actual,False,,,,,2026-09-08T00:20:52.129880+02:00
NSR:StopPlace:58861,Solbråtan stasjon,2026-09-07T22:53:00+02:00,2026-09-07T22:53:27+02:00,2026-09-07T22:53:27+02:00,27.0,1,Stabekk,VYG:Line:L2,Stabekk-Oslo S-Ski,L2,rail,VYG:ServiceJourney:2776-SKI_443999-R,True,actual,False,,,,,2026-09-08T00:20:52.129880+02:00
NSR:StopPlace:610,Sandvika stasjon,2026-09-07T21:15:00+02:00,2026-09-07T21:15:27+02:00,2026-09-07T21:15:27+02:00,27.0,1,Lillehammer,VYG:Line:RE10,Drammen-Oslo S-Lillehammer,RE10,rail,VYG:ServiceJourney:335-SUD_486419-R,True,actual,False,,,,,2026-09-08T00:20:52.129880+02:00
NSR:StopPlace:61466,Vakås stasjon,2026-09-07T17:52:00+02:00,2026-09-07T17:52:27+02:00,2026-09-07T17:52:27+02:00,27.0,1,Lillestrøm,VYG:Line:L1,Spikkestad-Oslo S-Lillestrøm,L1,rail,VYG:ServiceJourney:2154_443563-R,True,actual,False,,,,,2026-09-07T20:27:16.249662+02:00
NSR:StopPlace:61463,Nordstrand stasjon,2026-09-07T18:37:00+02:00,2026-09-07T18:37:27+02:00,2026-09-07T18:37:27+02:00,27.0,1,Stabekk,VYG:Line:L2,Stabekk-Oslo S-Ski,L2,rail,VYG:ServiceJourney:2758-SKI_443970-R,True,actual,False,,,,,2026-09-07T20:27:16.249662+02:00
NSR:StopPlace:61464,Hvalstad stasjon,2026-09-07T18:54:00+02:00,2026-09-07T18:54:27+02:00,2026-09-07T18:54:27+02:00,27.0,1,Lillestrøm,VYG:Line:L1,Spikkestad-Oslo S-Lillestrøm,L1,rail,VYG:ServiceJourney:2158_443567-R,True,actual,False,,,,,2026-09-07T20:27:16.249662+02:00
NSR:StopPlace:59872,Oslo S,2026-09-07T17:00:00+02:00,2026-09-07T17:00:27+02:00,2026-09-07T17:00:27+02:00,27.0,1,Rakkestad,VYG:Line:R22,Skøyen-Oslo S-Mysen-Rakkestad,R22,rail,VYG:ServiceJourney:1925_443475-R,True,actual,False,,,,,2026-09-07T20:27:16.249662+02:00
NSR:StopPlace:59646,Høvik stasjon,2026-09-07T17:07:00+02:00,2026-09-07T17:07:27+02:00,2026-09-07T17:07:27+02:00,27.0,1,Lillestrøm,VYG:Line:L1,Spikkestad-Oslo S-Lillestrøm,L1,rail,VYG:ServiceJourney:2150_443559-R,True,actual,False,,,,,2026-09-07T20:27:16.249662+02:00
NSR:StopPlace:59653,Haugenstua stasjon,2026-09-07T17:25:00+02:00,2026-09-07T17:25:27+02:00,2026-09-07T17:25:27+02:00,27.0,1,Spikkestad,VYG:Line:L1,Spikkestad-Oslo S-Lillestrøm,L1,rail,VYG:ServiceJourney:2251_443671-R,True,actual,False,,,,,2026-09-07T20:27:16.249662+02:00
NSR:StopPlace:59687,Grong stasjon,2026-09-07T19:30:00+02:00,2026-09-07T19:30:27+02:00,2026-09-07T19:30:27+02:00,27.0,1,Namsos skysstasjon,ATB:Line:2_695,Namsos - Grong - (Harran),695,bus,ATB:ServiceJourney:695_260106098640299_11,True,actual,False,,,,,2026-09-07T20:27:16.249662+02:00
NSR:StopPlace:60944,Ski stasjon,2026-09-07T16:28:00+02:00,2026-09-07T16:28:27+02:00,2026-09-07T16:28:27+02:00,27.0,1,Halden,VYG:Line:RE20,Oslo S-Halden-Göteborg (X-Border),RE20,rail,VYG:ServiceJourney:123-LOD_548094-R,True,actual,False,,,,,2026-09-07T20:27:16.249662+02:00
NSR:StopPlace:59983,Bergen stasjon,2026-09-07T18:57:00+02:00,2026-09-07T18:57:27+02:00,2026-09-07T18:57:27+02:00,27.0,1,Arna,VYG:Line:L4,Bergen-Arna,L4,rail,VYG:ServiceJourney:2656_443871-R,True,actual,False,,,,,2026-09-07T20:27:16.249662+02:00
NSR:StopPlace:60047,Melhus skysstasjon,2026-09-07T17:10:00+02:00,2026-09-07T17:10:27+02:00,2026-09-07T17:10:27+02:00,27.0,1,Stensetkrysset via Gåsbakken sk.,ATB:Line:2_504,Melhus - Hølonda,504,bus,ATB:ServiceJourney:504_260106098642211_20,True,actual,False,Linje 82 og 504,Avvikende kjøring for linje 82 og 504 pga Hølondvegen er stengt. ,general,normal,2026-09-07T20:27:16.249662+02:00
NSR:StopPlace:58964,Kløfta stasjon,2026-09-07T18:51:00+02:00,2026-09-07T18:51:27+02:00,2026-09-07T18:51:27+02:00,27.0,1,Kløfta,RUT:Line:425,Kløfta – Oslo lufthavn,425,bus,RUT:ServiceJourney:8d759878bb2268b742730fa232605a28,True,actual,False,,,,,2026-09-07T20:27:16.249662+02:00
NSR:StopPlace:58964,Kløfta stasjon,2026-09-07T19:03:00+02:00,2026-09-07T19:03:27+02:00,2026-09-07T19:03:27+02:00,27.0,1,Oslo lufthavn,RUT:Line:425,Kløfta – Oslo lufthavn,425,bus,RUT:ServiceJourney:c0a686624d413be22b5f33a4019d0e5e,True,actual,False,,,,,2026-09-07T20:27:16.249662+02:00
NSR:StopPlace:58916,Charlottenberg station,2026-09-07T17:30:00+02:00,2026-09-07T17:30:27+02:00,2026-09-07T17:30:27+02:00,27.0,1,Kongsvinger,INN:Line:120,Kongsvinger - Charlottenberg,120,bus,INN:ServiceJourney:54614,True,actual,False,,,,,2026-09-07T20:27:16.249662+02:00
NSR:StopPlace:58935,Levanger stasjon,2026-09-07T18:19:00+02:00,2026-09-07T18:19:27+02:00,2026-09-07T18:19:27+02:00,27.0,1,Ler,SJN:Line:26,Trønderbanen,R70,rail,SJN:ServiceJourney:446_56075-R,True,actual,False,,,,,2026-09-07T20:27:16.249662+02:00
NSR:StopPlace:58947,Steinkjer stasjon,2026-09-07T17:33:00+02:00,2026-09-07T17:33:27+02:00,2026-09-07T17:33:27+02:00,27.0,1,Namsos skysstasjon,ATB:Line:2_680,Levanger - Steinkjer - Namsos,680,bus,ATB:ServiceJourney:680_260106098642312_26,True,actual,False,,,,,2026-09-07T20:27:16.249662+02:00
NSR:StopPlace:58846,Fetsund stasjon,2026-09-07T20:23:00+02:00,2026-09-07T20:23:27+02:00,2026-09-07T20:23:27+02:00,27.0,1,Kongsvinger,VYG:Line:R14,Asker-Oslo S-Kongsvinger,R14,rail,VYG:ServiceJourney:1031_442942-R,True,actual,False,,,,,2026-09-07T20:27:16.249662+02:00
NSR:StopPlace:58850,Hauerseter stasjon,2026-09-07T19:00:00+02:00,2026-09-07T19:00:27+02:00,2026-09-07T19:00:27+02:00,27.0,1,Drammen,VYG:Line:R13,Drammen-Oslo S-Dal,R13,rail,VYG:ServiceJourney:1658_443339-R,True,actual,False,,,,,2026-09-07T20:27:16.249662+02:00
NSR:StopPlace:58866,Vevelstad stasjon,2026-09-07T17:29:00+02:00,2026-09-07T17:29:27+02:00,2026-09-07T17:29:27+02:00,27.0,1,Oslo S,VYG:Line:L2,Stabekk-Oslo S-Ski,L2,rail,VYG:ServiceJourney:2854_444092-R,True,actual,False,,,,,2026-09-07T20:27:16.249662+02:00
NSR:StopPlace:58861,Solbråtan stasjon,2026-09-07T18:08:00+02:00,2026-09-07T18:08:27+02:00,2026-09-07T18:08:27+02:00,27.0,1,Skøyen,VYG:Line:L2,Stabekk-Oslo S-Ski,L2,rail,VYG:ServiceJourney:2856-SKI_488390-R,True,actual,False,,,,,2026-09-07T20:27:16.249662+02:00
NSR:StopPlace:58870,Holmestrand stasjon,2026-09-07T18:31:00+02:00,2026-09-07T18:31:27+02:00,2026-09-07T18:31:27+02:00,27.0,1,Skien,VYG:Line:RE11,Eidsvoll-Oslo S-Skien,RE11,rail,VYG:ServiceJourney:827_444407-R,True,actual,False,,,,,2026-09-07T20:27:16.249662+02:00
NSR:StopPlace:58870,Holmestrand stasjon,2026-09-07T19:28:00+02:00,2026-09-07T19:28:27+02:00,2026-09-07T19:28:27+02:00,27.0,1,Eidsvoll,VYG:Line:RE11,Eidsvoll-Oslo S-Skien,RE11,rail,VYG:ServiceJourney:830_444410-R,True,actual,False,,,,,2026-09-07T20:27:16.249662+02:00
NSR:StopPlace:58893,Grovane stasjon,2026-09-07T17:36:00+02:00,2026-09-07T17:36:27+02:00,2026-09-07T17:36:27+02:00,27.0,1,Kristiansand,AKT:Line:31,Kvadraturen - Sødal - Vennesla,31,bus,AKT:ServiceJourney:79694_242_50_126360_128760_3950001,True,actual,False,,,,,2026-09-07T20:27:16.249662+02:00
NSR:StopPlace:58808,Kongsvinger stasjon,2026-09-07T19:39:00+02:00,2026-09-07T19:39:27+02:00,2026-09-07T19:39:27+02:00,27.0,1,Flisa,INN:Line:105,Kongsvinger - Elverum - Hamar,105,bus,INN:ServiceJourney:83661,True,actual,False,,,,,2026-09-07T20:27:16.249662+02:00
NSR:StopPlace:144,Skansen stasjon,2026-09-07T18:11:00+02:00,2026-09-07T18:11:27+02:00,2026-09-07T18:11:27+02:00,27.0,1,Steinkjer,SJN:Line:26,Trønderbanen,R70,rail,SJN:ServiceJourney:447_56076-R,True,actual,False,,,,,2026-09-07T20:27:16.249662+02:00
NSR:StopPlace:398,Arna stasjon,2026-09-07T18:12:00+02:00,2026-09-07T18:12:27+02:00,2026-09-07T18:12:27+02:00,27.0,1,Bergen,VYG:Line:L4,Bergen-Arna,L4,rail,VYG:ServiceJourney:2653_443868-R,True,actual,False,,,,,2026-09-07T20:27:16.249662+02:00
NSR:StopPlace:398,Arna stasjon,2026-09-07T18:27:00+02:00,2026-09-07T18:27:27+02:00,2026-09-07T18:27:27+02:00,27.0,1,Bergen,VYG:Line:L4,Bergen-Arna,L4,rail,VYG:ServiceJourney:2553_443812-R,True,actual,False,,,,,2026-09-07T20:27:16.249662+02:00
NSR:StopPlace:206,Mariero stasjon,2026-09-07T16:59:00+02:00,2026-09-07T16:59:27+02:00,2026-09-07T16:59:27+02:00,27.0,1,Egersund,GOA:Line:59,Jærbanen,L5,rail,GOA:ServiceJourney:3052_63100-R,True,actual,False,,,,,2026-09-07T20:27:16.249662+02:00
NSR:StopPlace:62308,Alna stasjon,2026-09-07T19:32:00+02:00,2026-09-07T19:32:27+02:00,2026-09-07T19:32:27+02:00,27.0,1,Spikkestad,VYG:Line:L1,Spikkestad-Oslo S-Lillestrøm,L1,rail,VYG:ServiceJourney:2259_443684-R,True,actual,False,,,,,2026-09-07T20:27:16.249662+02:00
NSR:StopPlace:62341,Tangen stasjon,2026-09-07T18:31:00+02:00,2026-09-07T18:31:27+02:00,2026-09-07T18:31:27+02:00,27.0,1,Drammen,VYG:Line:RE10,Drammen-Oslo S-Lillehammer,RE10,rail,VYG:ServiceJourney:328-LHM_444225-R,True,actual,False,,,,,2026-09-07T20:27:16.249662+02:00
NSR:StopPlace:59653,Haugenstua stasjon,2026-09-07T14:55:00+02:00,2026-09-07T14:55:27+02:00,2026-09-07T14:55:27+02:00,27.0,1,Spikkestad,VYG:Line:L1,Spikkestad-Oslo S-Lillestrøm,L1,rail,VYG:ServiceJourney:2241_443652-R,True,actual,False,,,,,2026-09-07T15:44:36.205822+02:00
NSR:StopPlace:59952,Drammen stasjon,2026-09-07T14:17:00+02:00,2026-09-07T14:17:27+02:00,2026-09-07T14:17:27+02:00,27.0,1,Eidsvoll,VYG:Line:R12,Kongsberg-Oslo S-Eidsvoll,R12,rail,VYG:ServiceJourney:520_444322-R,True,actual,False,,,,,2026-09-07T15:44:36.205822+02:00
NSR:StopPlace:60077,Støren stasjon,2026-09-07T13:54:00+02:00,2026-09-07T13:54:27+02:00,2026-09-07T13:54:27+02:00,27.0,1,Oslo S,SJN:Line:21,Dovrebanen,F6,rail,SJN:ServiceJourney:46-TND_48003-R,True,actual,False,,,,,2026-09-07T15:44:36.205822+02:00
NSR:StopPlace:58926,Dale stasjon,2026-09-07T14:08:00+02:00,2026-09-07T14:08:27+02:00,2026-09-07T14:08:27+02:00,27.0,1,Eidslandet,SKY:Line:922,Eksingedalen - Dale,922,bus,SKY:ServiceJourney:922-208760-21965671,True,actual,False,,,,,2026-09-07T15:44:36.205822+02:00
NSR:StopPlace:58930,Larvik stasjon,2026-09-07T13:32:00+02:00,2026-09-07T13:32:27+02:00,2026-09-07T13:32:27+02:00,27.0,1,Eidsvoll,VYG:Line:RE11,Eidsvoll-Oslo S-Skien,RE11,rail,VYG:ServiceJourney:820_444400-R,True,actual,False,,,,,2026-09-07T15:44:36.205822+02:00
NSR:StopPlace:58948,Stjørdal stasjon,2026-09-07T14:06:00+02:00,2026-09-07T14:06:27+02:00,2026-09-07T14:06:27+02:00,27.0,1,Marienborg via Brattøra,ATB:Line:2_70,Stjørdal/Hommelvik- Trondheim,70,bus,ATB:ServiceJourney:70_251215112546996_54,True,actual,False,,,,,2026-09-07T15:44:36.205822+02:00
NSR:StopPlace:58948,Stjørdal stasjon,2026-09-07T15:05:00+02:00,2026-09-07T15:05:27+02:00,2026-09-07T15:05:27+02:00,27.0,1,Remyra via Stokkanvegen,ATB:Line:2_91,91 StjørdalSt-Remyrv.,91,bus,ATB:ServiceJourney:91_260220075616527_46,True,actual,False,,,,,2026-09-07T15:44:36.205822+02:00
NSR:StopPlace:58793,Askim stasjon,2026-09-07T15:00:00+02:00,2026-09-07T15:00:27+02:00,2026-09-07T15:00:27+02:00,27.0,1,Ihlen-Frydenlundveien,OST:Line:1_404,Askim-Ihlen,404,bus,OST:ServiceJourney:404_260325121471392_7,True,actual,False,,,,,2026-09-07T15:44:36.205822+02:00
NSR:StopPlace:58832,Geilo stasjon,2026-09-07T14:35:00+02:00,2026-09-07T14:35:27+02:00,2026-09-07T14:35:27+02:00,27.0,1,Hagafoss/Gol,BRA:Line:4_6330,Gol-Geilo,330,bus,BRA:ServiceJourney:6330_260415100163964_1018,True,actual,False,,,,,2026-09-07T15:44:36.205822+02:00
NSR:StopPlace:58843,Blommenholm stasjon,2026-09-07T14:04:00+02:00,2026-09-07T14:04:27+02:00,2026-09-07T14:04:27+02:00,27.0,1,Lillestrøm,VYG:Line:L1,Spikkestad-Oslo S-Lillestrøm,L1,rail,VYG:ServiceJourney:2138_443545-R,True,actual,False,,,,,2026-09-07T15:44:36.205822+02:00
NSR:StopPlace:58845,Eidsvoll verk stasjon,2026-09-07T14:15:00+02:00,2026-09-07T14:15:27+02:00,2026-09-07T14:15:27+02:00,27.0,1,Eidsvoll,RUT:Line:430,Eidsvoll - Jessheim,430,bus,RUT:ServiceJourney:37a31835afee2efdd0fde43d8f2d3f0e,True,actual,False,,,,,2026-09-07T15:44:36.205822+02:00
NSR:StopPlace:58851,Heggedal stasjon,2026-09-07T14:29:00+02:00,2026-09-07T14:29:27+02:00,2026-09-07T14:29:27+02:00,27.0,1,Rustadgrenda,RUT:Line:286,Rustadgrenda-Heggedal,286,bus,RUT:ServiceJourney:9ebbd7bddfa201f4a481a16f516e354e,True,actual,False,,,,,2026-09-07T15:44:36.205822+02:00
NSR:StopPlace:58816,Dombås stasjon,2026-09-07T14:22:00+02:00,2026-09-07T14:22:27+02:00,2026-09-07T14:22:27+02:00,27.0,1,Åndalsnes,SJN:Line:22,Raumabanen,R65,rail,SJN:ServiceJourney:2345_48220-R,True,actual,False,,,,,2026-09-07T15:44:36.205822+02:00
NSR:StopPlace:58818,Gran stasjon,2026-09-07T14:33:00+02:00,2026-09-07T14:33:27+02:00,2026-09-07T14:33:27+02:00,27.0,1,Lunner rådhus via SÅS,INN:Line:465,Lunner b.sk.-Roa-Oppdalen-Gran,465,bus,INN:ServiceJourney:71233,True,actual,False,,,,,2026-09-07T15:44:36.205822+02:00
NSR:StopPlace:8,Paradis stasjon,2026-09-07T07:12:00+02:00,2026-09-07T07:12:27+02:00,2026-09-07T07:12:27+02:00,27.0,1,Stavanger,GOA:Line:59,Jærbanen,L5,rail,GOA:ServiceJourney:3109_63154-R,True,actual,False,,,,,2026-09-07T08:42:24.659182+02:00
NSR:StopPlace:61872,Nærbø stasjon,2026-09-07T07:12:00+02:00,2026-09-07T07:12:27+02:00,2026-09-07T07:12:27+02:00,27.0,1,Stavanger,GOA:Line:59,Jærbanen,L5,rail,GOA:ServiceJourney:3009_63041-R,True,actual,False,,,,,2026-09-07T08:42:24.659182+02:00
NSR:StopPlace:61735,Hell stasjon,2026-09-07T06:50:00+02:00,2026-09-07T06:50:27+02:00,2026-09-07T06:50:27+02:00,27.0,1,Steinkjer,SJN:Line:26,Trønderbanen,R70,rail,SJN:ServiceJourney:423_56052-R,True,actual,False,,,,,2026-09-07T08:42:24.659182+02:00
NSR:StopPlace:59643,Grefsen stasjon,2026-09-07T07:21:00+02:00,2026-09-07T07:21:27+02:00,2026-09-07T07:21:27+02:00,27.0,1,Simensbråten,RUT:Line:23,Lysaker - Simensbråten,23,bus,RUT:ServiceJourney:238c27fd57a79e32dece03a020b63269,True,actual,False,,,,,2026-09-07T08:42:24.659182+02:00
NSR:StopPlace:59977,Trondheim S,2026-09-07T06:14:00+02:00,2026-09-07T06:14:27+02:00,2026-09-07T06:14:27+02:00,27.0,1,Stjørdal stasjon,ATB:Line:2_311,Stjørdal - Trondheim,311,bus,ATB:ServiceJourney:311_260106098642729_1,True,actual,False,Endret tilbud ved Vikelvvegen,Sydgående avkjøringsrampe fra E6 ved Reppe er stengt frem til 21. september. Vikelvvegen og Ranheim fabrikker til sentrum blir ikke betjent av linje 311 i perioden. ,general,normal,2026-09-07T08:42:24.659182+02:00
NSR:StopPlace:59983,Bergen stasjon,2026-09-07T07:12:00+02:00,2026-09-07T07:12:27+02:00,2026-09-07T07:12:27+02:00,27.0,1,Arna,VYG:Line:L4,Bergen-Arna,L4,rail,VYG:ServiceJourney:2508_443765-R,True,actual,False,,,,,2026-09-07T08:42:24.659182+02:00
NSR:StopPlace:59638,Myrvoll stasjon,2026-09-07T06:05:00+02:00,2026-09-07T06:05:27+02:00,2026-09-07T06:05:27+02:00,27.0,1,Fornebu,RUT:Line:81,Fornebu - Myrvoll stasjon,81,bus,RUT:ServiceJourney:a7c888e19bdc2141b40861133569bdee,True,actual,False,,,,,2026-09-07T08:42:24.659182+02:00
NSR:StopPlace:58963,Jessheim stasjon,2026-09-07T07:51:00+02:00,2026-09-07T07:51:27+02:00,2026-09-07T07:51:27+02:00,27.0,1,Dal,VYG:Line:R13,Drammen-Oslo S-Dal,R13,rail,VYG:ServiceJourney:1609_443226-R,True,actual,False,,,,,2026-09-07T08:42:24.659182+02:00
NSR:StopPlace:58931,Fannrem stasjon,2026-09-07T08:20:00+02:00,2026-09-07T08:20:27+02:00,2026-09-07T08:20:27+02:00,27.0,1,Trondheim S via Orkanger skysst.,ATB:Line:2_310,Trondheim - Orkanger - Fannrem,310,bus,ATB:ServiceJourney:310_260106098643127_33,True,actual,False,,,,,2026-09-07T08:42:24.659182+02:00
NSR:StopPlace:58935,Levanger stasjon,2026-09-07T06:09:00+02:00,2026-09-07T06:09:27+02:00,2026-09-07T06:09:27+02:00,27.0,1,Melhus skysstasjon,SJN:Line:26,Trønderbanen,R70,rail,SJN:ServiceJourney:422-STK_56051-R,True,actual,False,,,,,2026-09-07T08:42:24.659182+02:00
NSR:StopPlace:58935,Levanger stasjon,2026-09-07T06:35:00+02:00,2026-09-07T06:35:27+02:00,2026-09-07T06:35:27+02:00,27.0,1,Holåsen vest,ATB:Line:2_741,Levanger - Holåsen vest,741,bus,ATB:ServiceJourney:741_260106098640527_8,True,actual,False,,,,,2026-09-07T08:42:24.659182+02:00
NSR:StopPlace:58797,Mysen stasjon,2026-09-07T06:25:00+02:00,2026-09-07T06:25:27+02:00,2026-09-07T06:25:27+02:00,27.0,1,Oslo S,VYG:Line:R22,Skøyen-Oslo S-Mysen-Rakkestad,R22,rail,VYG:ServiceJourney:1952_443498-R,True,actual,False,,,,,2026-09-07T08:42:24.659182+02:00
NSR:StopPlace:58795,Kambo stasjon,2026-09-07T07:00:00+02:00,2026-09-07T07:00:27+02:00,2026-09-07T07:00:27+02:00,27.0,1,Stabekk,VYG:Line:R21,Stabekk-Oslo S-Moss,R21,rail,VYG:ServiceJourney:1112-MOS_442987-R,True,actual,False,,,,,2026-09-07T08:42:24.659182+02:00
NSR:StopPlace:58796,Moss stasjon,2026-09-07T06:17:00+02:00,2026-09-07T06:17:27+02:00,2026-09-07T06:17:27+02:00,27.0,1,Askim,OST:Line:1_641,Askim-Elvestad-Moss,641,bus,OST:ServiceJourney:641_260325121475908_4,True,actual,False,,,,,2026-09-07T08:42:24.659182+02:00
NSR:StopPlace:58836,Mjøndalen stasjon,2026-09-07T07:49:00+02:00,2026-09-07T07:49:27+02:00,2026-09-07T07:49:27+02:00,27.0,1,Hokksund - Vikersund,BRA:Line:4_6101,Drammen-Vikersund/Hønefoss,101,bus,BRA:ServiceJourney:6101_260415100161241_1003,True,actual,False,,,,,2026-09-07T08:42:24.659182+02:00
NSR:StopPlace:58844,Eidsvoll stasjon,2026-09-07T08:08:00+02:00,2026-09-07T08:08:27+02:00,2026-09-07T08:08:27+02:00,27.0,1,Lillehammer,VYG:Line:RE10,Drammen-Oslo S-Lillehammer,RE10,rail,VYG:ServiceJourney:307-SUD_444139-R,True,actual,False,,,,,2026-09-07T08:42:24.659182+02:00
NSR:StopPlace:58861,Solbråtan stasjon,2026-09-07T06:11:00+02:00,2026-09-07T06:11:27+02:00,2026-09-07T06:11:27+02:00,27.0,1,Tårnåsen,RUT:Line:83,Jernbanetorget - Tårnåsen,83,bus,RUT:ServiceJourney:31743e915f10632750c942c51cc9f765,True,actual,False,Linje 80E og 83 får Hausmanns bru som ny endeholdeplass fra 29. juni,"Bussene stopper ikke på Jernbanetorget etter 29. juni, men starter og stopper på Hausmanns bru i Nylandsveien.",incident,normal,2026-09-07T08:42:24.659182+02:00
NSR:StopPlace:58874,Stokke stasjon,2026-09-07T07:28:00+02:00,2026-09-07T07:28:27+02:00,2026-09-07T07:28:27+02:00,27.0,1,Råstad-Sandefjord,VKT:Line:720,Sandefjord-Unneberg-Stokke,720,bus,VKT:ServiceJourney:17785,True,actual,False,,,,,2026-09-07T08:42:24.659182+02:00
NSR:StopPlace:58876,Tønsberg stasjon,2026-09-07T05:29:00+02:00,2026-09-07T05:29:27+02:00,2026-09-07T05:29:27+02:00,27.0,1,Oslo lufthavn,VYG:Line:RX11,Eidsvoll-Oslo S-Skien,RX11,rail,VYG:ServiceJourney:852_444422-R,True,actual,False,,,,,2026-09-07T08:42:24.659182+02:00
NSR:StopPlace:58884,Skien stasjon,2026-09-07T05:25:00+02:00,2026-09-07T05:25:27+02:00,2026-09-07T05:25:27+02:00,27.0,1,Oslo S,VYG:Line:RX11,Eidsvoll-Oslo S-Skien,RX11,rail,VYG:ServiceJourney:854-SKN_554645-R,True,actual,False,,,,,2026-09-07T08:42:24.659182+02:00
NSR:StopPlace:58800,Råde stasjon,2026-09-07T08:03:00+02:00,2026-09-07T08:03:27+02:00,2026-09-07T08:03:27+02:00,27.0,1,Halden,VYG:Line:RE20,Oslo S-Halden-Göteborg (X-Border),RE20,rail,VYG:ServiceJourney:105_508940-R,True,actual,False,,,,,2026-09-07T08:42:24.659182+02:00
NSR:StopPlace:58802,Spydeberg stasjon,2026-09-07T07:15:00+02:00,2026-09-07T07:15:27+02:00,2026-09-07T07:15:27+02:00,27.0,1,Oslo S,VYG:Line:R22,Skøyen-Oslo S-Mysen-Rakkestad,R22,rail,VYG:ServiceJourney:1908_443445-R,True,actual,False,,,,,2026-09-07T08:42:24.659182+02:00
NSR:StopPlace:58811,Moelv stasjon,2026-09-07T08:36:00+02:00,2026-09-07T08:36:27+02:00,2026-09-07T08:36:27+02:00,27.0,1,Fossen - Næroset,INN:Line:610,Næroset - Fossen - Moelv,610,bus,INN:ServiceJourney:83020,True,actual,False,,,,,2026-09-07T08:42:24.659182+02:00
NSR:StopPlace:101,Sagdalen stasjon,2026-09-07T05:43:00+02:00,2026-09-07T05:43:27+02:00,2026-09-07T05:43:27+02:00,27.0,1,Spikkestad,VYG:Line:L1,Spikkestad-Oslo S-Lillestrøm,L1,rail,VYG:ServiceJourney:2205_443593-R,True,actual,False,Færre vogner,Denne avgangen kjører dessverre med 4 vogner i stedet for 8 vogner. Dette skyldes at vi mangler et togsett.,general,normal,2026-09-07T08:42:24.659182+02:00
NSR:StopPlace:101,Sagdalen stasjon,2026-09-07T07:58:00+02:00,2026-09-07T07:58:27+02:00,2026-09-07T07:58:27+02:00,27.0,1,Asker,VYG:Line:L1,Spikkestad-Oslo S-Lillestrøm,L1,rail,VYG:ServiceJourney:2113_443518-R,True,actual,False,Færre vogner,Denne avgangen kjører dessverre med 4 vogner i stedet for 8 vogner. Dette skyldes at vi mangler et togsett.,general,normal,2026-09-07T08:42:24.659182+02:00
NSR:StopPlace:313,Høybråten stasjon,2026-09-07T06:53:00+02:00,2026-09-07T06:53:27+02:00,2026-09-07T06:53:27+02:00,27.0,1,Spikkestad,VYG:Line:L1,Spikkestad-Oslo S-Lillestrøm,L1,rail,VYG:ServiceJourney:2209_443598-R,True,actual,False,,,,,2026-09-07T08:42:24.659182+02:00
NSR:StopPlace:62311,Vigrestad stasjon,2026-09-07T06:41:00+02:00,2026-09-07T06:41:27+02:00,2026-09-07T06:41:27+02:00,27.0,1,Stavanger,GOA:Line:59,Jærbanen,L5,rail,GOA:ServiceJourney:3007_63039-R,True,actual,False,,,,,2026-09-07T08:42:24.659182+02:00
NSR:StopPlace:62339,Lillestrøm stasjon,2026-09-07T05:55:00+02:00,2026-09-07T05:55:27+02:00,2026-09-07T05:55:27+02:00,27.0,1,Asker,VYG:Line:L1,Spikkestad-Oslo S-Lillestrøm,L1,rail,VYG:ServiceJourney:2105_443509-R,True,actual,False,Heis i spor 1 og 2 er ute av bruk på grunn av vedlikehold.,Heis i spor 1 og 2 er ute av bruk på grunn av vedlikehold.,general,normal,2026-09-07T08:42:24.659182+02:00
NSR:StopPlace:62341,Tangen stasjon,2026-09-07T08:25:00+02:00,2026-09-07T08:25:27+02:00,2026-09-07T08:25:27+02:00,27.0,1,Lillehammer,VYG:Line:RE10,Drammen-Oslo S-Lillehammer,RE10,rail,VYG:ServiceJourney:307-SUD_444139-R,True,actual,False,,,,,2026-09-07T08:42:24.659182+02:00
NSR:StopPlace:62393,Billingstad stasjon,2026-09-07T05:13:00+02:00,2026-09-07T05:13:27+02:00,2026-09-07T05:13:27+02:00,27.0,1,Lillestrøm,VYG:Line:L1,Spikkestad-Oslo S-Lillestrøm,L1,rail,VYG:ServiceJourney:2204_443592-R,True,actual,False,,,,,2026-09-07T08:42:24.659182+02:00
NSR:StopPlace:71,Hallingskeid stasjon,2026-09-08T01:39:00+02:00,2026-09-08T01:39:26+02:00,2026-09-08T01:39:26+02:00,26.0,1,Oslo S,VYG:Line:F4,Oslo S-Bergen,F4,rail,VYG:ServiceJourney:606-BRG_481554-R,True,actual,False,,,,,2026-09-08T03:39:50.209703+02:00
NSR:StopPlace:60045,Hamar stasjon,2026-09-08T00:25:00+02:00,2026-09-08T00:25:26+02:00,2026-09-08T00:25:26+02:00,26.0,1,Trondheim S,SJN:Line:21,Dovrebanen,F6,rail,SJN:ServiceJourney:405-LOD_30131-R,True,actual,False,,,,,2026-09-08T03:39:50.209703+02:00
NSR:StopPlace:59637,Rosenholm stasjon,2026-09-07T23:58:00+02:00,2026-09-07T23:58:26+02:00,2026-09-07T23:58:26+02:00,26.0,1,Stabekk,VYG:Line:L2,Stabekk-Oslo S-Ski,L2,rail,VYG:ServiceJourney:2780-SKI_444006-R,True,actual,False,,,,,2026-09-08T00:20:52.129880+02:00
NSR:StopPlace:59638,Myrvoll stasjon,2026-09-07T21:35:00+02:00,2026-09-07T21:35:26+02:00,2026-09-07T21:35:26+02:00,26.0,1,Filipstad,RUT:Line:81,Fornebu - Myrvoll stasjon,81,bus,RUT:ServiceJourney:6dacd20c6100f9e4046db0ac64926abd,True,actual,False,,,,,2026-09-08T00:20:52.129880+02:00
NSR:StopPlace:58948,Stjørdal stasjon,2026-09-07T22:35:00+02:00,2026-09-07T22:35:26+02:00,2026-09-07T22:35:26+02:00,26.0,1,Husbyåsen via Terrassehusene,ATB:Line:2_92,92 StjørdalSt-HusbySnu.,92,bus,ATB:ServiceJourney:92_260219106440213_82,True,actual,False,,,,,2026-09-08T00:20:52.129880+02:00
NSR:StopPlace:58796,Moss stasjon,2026-09-07T22:54:00+02:00,2026-09-07T22:54:26+02:00,2026-09-07T22:54:26+02:00,26.0,1,Stabekk,VYG:Line:R21,Stabekk-Oslo S-Moss,R21,rail,VYG:ServiceJourney:1176-MOS_443075-R,True,actual,False,,,,,2026-09-08T00:20:52.129880+02:00
NSR:StopPlace:58837,Nesbyen stasjon,2026-09-07T21:08:00+02:00,2026-09-07T21:08:26+02:00,2026-09-07T21:08:26+02:00,26.0,1,Oslo S,VYG:Line:F4,Oslo S-Bergen,F4,rail,VYG:ServiceJourney:66-BRG_513626-R,True,actual,False,,,,,2026-09-08T00:20:52.129880+02:00
NSR:StopPlace:58861,Solbråtan stasjon,2026-09-07T23:23:00+02:00,2026-09-07T23:23:26+02:00,2026-09-07T23:23:26+02:00,26.0,1,Stabekk,VYG:Line:L2,Stabekk-Oslo S-Ski,L2,rail,VYG:ServiceJourney:2778-SKI_444001-R,True,actual,False,,,,,2026-09-08T00:20:52.129880+02:00
NSR:StopPlace:58876,Tønsberg stasjon,2026-09-07T21:09:00+02:00,2026-09-07T21:09:26+02:00,2026-09-07T21:09:26+02:00,26.0,1,Eidsvoll,VYG:Line:RE11,Eidsvoll-Oslo S-Skien,RE11,rail,VYG:ServiceJourney:834_444414-R,True,actual,False,,,,,2026-09-08T00:20:52.129880+02:00
NSR:StopPlace:58872,Sandefjord stasjon,2026-09-07T20:47:00+02:00,2026-09-07T20:47:26+02:00,2026-09-07T20:47:26+02:00,26.0,1,Eidsvoll,VYG:Line:RE11,Eidsvoll-Oslo S-Skien,RE11,rail,VYG:ServiceJourney:834_444414-R,True,actual,False,,,,,2026-09-08T00:20:52.129880+02:00
NSR:StopPlace:62393,Billingstad stasjon,2026-09-07T22:13:00+02:00,2026-09-07T22:13:26+02:00,2026-09-07T22:13:26+02:00,26.0,1,Lillestrøm,VYG:Line:L1,Spikkestad-Oslo S-Lillestrøm,L1,rail,VYG:ServiceJourney:2272_465117-R,True,actual,False,,,,,2026-09-08T00:20:52.129880+02:00
NSR:StopPlace:61466,Vakås stasjon,2026-09-07T19:27:00+02:00,2026-09-07T19:27:26+02:00,2026-09-07T19:27:26+02:00,26.0,1,Asker,VYG:Line:L1,Spikkestad-Oslo S-Lillestrøm,L1,rail,VYG:ServiceJourney:2155_443564-R,True,actual,False,,,,,2026-09-07T20:27:16.249662+02:00
NSR:StopPlace:59653,Haugenstua stasjon,2026-09-07T18:25:00+02:00,2026-09-07T18:25:26+02:00,2026-09-07T18:25:26+02:00,26.0,1,Spikkestad,VYG:Line:L1,Spikkestad-Oslo S-Lillestrøm,L1,rail,VYG:ServiceJourney:2255_443677-R,True,actual,False,,,,,2026-09-07T20:27:16.249662+02:00
NSR:StopPlace:58834,Hokksund stasjon,2026-09-07T18:27:00+02:00,2026-09-07T18:27:26+02:00,2026-09-07T18:27:26+02:00,26.0,1,Drammen via Mjøndalen,BRA:Line:4_6101,Drammen-Vikersund/Hønefoss,101,bus,BRA:ServiceJourney:6101_260415100161283_1056,True,actual,False,,,,,2026-09-07T20:27:16.249662+02:00
NSR:StopPlace:58834,Hokksund stasjon,2026-09-07T18:57:00+02:00,2026-09-07T18:57:26+02:00,2026-09-07T18:57:26+02:00,26.0,1,Drammen via Mjøndalen,BRA:Line:4_6101,Drammen-Vikersund/Hønefoss,101,bus,BRA:ServiceJourney:6101_260415100161315_1054,True,actual,False,,,,,2026-09-07T20:27:16.249662+02:00
NSR:StopPlace:58845,Eidsvoll verk stasjon,2026-09-07T19:30:00+02:00,2026-09-07T19:30:26+02:00,2026-09-07T19:30:26+02:00,26.0,1,Eidsvoll,RUT:Line:430,Eidsvoll - Jessheim,430,bus,RUT:ServiceJourney:406bcd13c06c57c59becedfcc61abfac,True,actual,False,,,,,2026-09-07T20:27:16.249662+02:00
NSR:StopPlace:58854,Langhus stasjon,2026-09-07T17:16:00+02:00,2026-09-07T17:16:26+02:00,2026-09-07T17:16:26+02:00,26.0,1,Drøbak - Frogn vgs.,RUT:Line:510,Bøleråsen - Ski - Ås - Drøbak,510,bus,RUT:ServiceJourney:253acd2952525796f52f77ad6efbeb26,True,actual,False,,,,,2026-09-07T20:27:16.249662+02:00
NSR:StopPlace:58861,Solbråtan stasjon,2026-09-07T19:38:00+02:00,2026-09-07T19:38:26+02:00,2026-09-07T19:38:26+02:00,26.0,1,Oslo S,VYG:Line:L2,Stabekk-Oslo S-Ski,L2,rail,VYG:ServiceJourney:2862_444105-R,True,actual,False,,,,,2026-09-07T20:27:16.249662+02:00
NSR:StopPlace:58886,Arendal stasjon,2026-09-07T18:02:00+02:00,2026-09-07T18:02:26+02:00,2026-09-07T18:02:26+02:00,26.0,1,Tromøy Vest,AKT:Line:103,Tromøy Vest-Arendal-Hisøy,103,bus,AKT:ServiceJourney:83643_202_50_126960_129600_40001024,True,actual,False,,,,,2026-09-07T20:27:16.249662+02:00
NSR:StopPlace:58884,Skien stasjon,2026-09-07T20:09:00+02:00,2026-09-07T20:09:26+02:00,2026-09-07T20:09:26+02:00,26.0,1,Eidsvoll,VYG:Line:RE11,Eidsvoll-Oslo S-Skien,RE11,rail,VYG:ServiceJourney:834_444414-R,True,actual,False,,,,,2026-09-07T20:27:16.249662+02:00
NSR:StopPlace:151,Evanger stasjon,2026-09-07T17:16:00+02:00,2026-09-07T17:16:26+02:00,2026-09-07T17:16:26+02:00,26.0,1,Bergen,VYG:Line:R40,Bergen-Voss-Myrdal-Ål,R40,rail,VYG:ServiceJourney:1829_445142-R,True,actual,False,Forsinket,Toget kjørte 3 minutter forsinket fra Myrdal. Dette skyldes at andre tog på strekningen er forsinket.,incident,normal,2026-09-07T20:27:16.249662+02:00
NSR:StopPlace:151,Evanger stasjon,2026-09-07T17:32:00+02:00,2026-09-07T17:32:26+02:00,2026-09-07T17:32:26+02:00,26.0,1,Myrdal,VYG:Line:R40,Bergen-Voss-Myrdal-Ål,R40,rail,VYG:ServiceJourney:1824_554550-R,True,actual,False,,,,,2026-09-07T20:27:16.249662+02:00
NSR:StopPlace:101,Sagdalen stasjon,2026-09-07T17:43:00+02:00,2026-09-07T17:43:26+02:00,2026-09-07T17:43:26+02:00,26.0,1,Spikkestad,VYG:Line:L1,Spikkestad-Oslo S-Lillestrøm,L1,rail,VYG:ServiceJourney:2253_443674-R,True,actual,False,Færre vogner,Denne avgangen kjører dessverre med 4 vogner i stedet for 8 vogner. Dette skyldes at vi mangler et togsett.,general,normal,2026-09-07T20:27:16.249662+02:00
NSR:StopPlace:398,Arna stasjon,2026-09-07T19:12:00+02:00,2026-09-07T19:12:26+02:00,2026-09-07T19:12:26+02:00,26.0,1,Bergen,VYG:Line:L4,Bergen-Arna,L4,rail,VYG:ServiceJourney:2657_443872-R,True,actual,False,,,,,2026-09-07T20:27:16.249662+02:00
NSR:StopPlace:416,Vikhammer stasjon,2026-09-07T18:21:00+02:00,2026-09-07T18:21:26+02:00,2026-09-07T18:21:26+02:00,26.0,1,Lundamo,SJN:Line:26,Trønderbanen,R70,rail,SJN:ServiceJourney:444_56073-R,True,actual,False,,,,,2026-09-07T20:27:16.249662+02:00
NSR:StopPlace:60045,Hamar stasjon,2026-09-07T12:11:00+02:00,2026-09-07T12:11:26+02:00,2026-09-07T12:11:26+02:00,26.0,1,Trondheim S,SJN:Line:25,Rørosbanen,R60,rail,SJN:ServiceJourney:2385_30335-R,True,actual,False,,,,,2026-09-07T15:44:36.205822+02:00
NSR:StopPlace:60053,Halden stasjon,2026-09-07T13:03:00+02:00,2026-09-07T13:03:26+02:00,2026-09-07T13:03:26+02:00,26.0,1,Oslo S,VYG:Line:RE20,Oslo S-Halden-Göteborg (X-Border),RE20,rail,VYG:ServiceJourney:120_673497-R,True,actual,False,,,,,2026-09-07T15:44:36.205822+02:00
NSR:StopPlace:58930,Larvik stasjon,2026-09-07T15:00:00+02:00,2026-09-07T15:00:26+02:00,2026-09-07T15:00:26+02:00,26.0,1,Ekspress Tønsberg,VKT:Line:6,Ekspress Larvik-Tønsberg,6,bus,VKT:ServiceJourney:17767,True,actual,False,,,,,2026-09-07T15:44:36.205822+02:00
NSR:StopPlace:58935,Levanger stasjon,2026-09-07T15:40:00+02:00,2026-09-07T15:40:26+02:00,2026-09-07T15:40:26+02:00,26.0,1,Namsos via Steinkjer stasjon,ATB:Line:2_680,Levanger - Steinkjer - Namsos,680,bus,ATB:ServiceJourney:680_260106098642303_22,True,actual,False,,,,,2026-09-07T15:44:36.205822+02:00
NSR:StopPlace:58832,Geilo stasjon,2026-09-07T14:15:00+02:00,2026-09-07T14:15:26+02:00,2026-09-07T14:15:26+02:00,26.0,1,Kongsberg,BRA:Line:4_6420,Kongsberg - Geilo,420,bus,BRA:ServiceJourney:6420_260427091724839_1008,True,actual,False,"26.mai stenges Grettefoss bru. Bussen får omkjøring. Les mer på brakar.no | Merk at linje 420 ikke har plassgaranti, og det er begrenset med bagasjeplass.",,general | incident,normal | normal,2026-09-07T15:44:36.205822+02:00
NSR:StopPlace:58838,Røyken stasjon,2026-09-07T15:20:00+02:00,2026-09-07T15:20:26+02:00,2026-09-07T15:20:26+02:00,26.0,1,Midtbygda,RUT:Line:261,Drammen - Lahell - Røyken - Sætre,261,bus,RUT:ServiceJourney:66047bd29fb9bfe2c9b8c16b5a5ff1f5,True,actual,False,Fra 17/8 går linje 61-63-71-73-251-261 og skolebusser fra holdeplass ved Skutebrygga ut av byen.Les mer på brakar.no/trafikkmeldinger.,,general,normal,2026-09-07T15:44:36.205822+02:00
NSR:StopPlace:58866,Vevelstad stasjon,2026-09-07T14:13:00+02:00,2026-09-07T14:13:26+02:00,2026-09-07T14:13:26+02:00,26.0,1,Drøbak - Frogn vgs.,RUT:Line:510,Bøleråsen - Ski - Ås - Drøbak,510,bus,RUT:ServiceJourney:441067086cf2843c0f7e4ac956640aa3,True,actual,False,,,,,2026-09-07T15:44:36.205822+02:00
NSR:StopPlace:58872,Sandefjord stasjon,2026-09-07T13:47:00+02:00,2026-09-07T13:47:26+02:00,2026-09-07T13:47:26+02:00,26.0,1,Eidsvoll,VYG:Line:RE11,Eidsvoll-Oslo S-Skien,RE11,rail,VYG:ServiceJourney:820_444400-R,True,actual,False,,,,,2026-09-07T15:44:36.205822+02:00
NSR:StopPlace:58884,Skien stasjon,2026-09-07T14:46:00+02:00,2026-09-07T14:46:26+02:00,2026-09-07T14:46:26+02:00,26.0,1,Skjelsvik via Klyve,TEL:Line:8043,Skien-Klyve-Skjelsvik,M3,bus,TEL:ServiceJourney:127183,True,actual,False,,,,,2026-09-07T15:44:36.205822+02:00
NSR:StopPlace:58814,Tolga stasjon,2026-09-07T15:30:00+02:00,2026-09-07T15:30:26+02:00,2026-09-07T15:30:26+02:00,26.0,1,Tynset,INN:Line:182,Tynset - Røros,182,bus,INN:ServiceJourney:74876,True,actual,False,,,,,2026-09-07T15:44:36.205822+02:00
NSR:StopPlace:398,Arna stasjon,2026-09-07T15:42:00+02:00,2026-09-07T15:42:26+02:00,2026-09-07T15:42:26+02:00,26.0,1,Bergen,VYG:Line:L4,Bergen-Arna,L4,rail,VYG:ServiceJourney:2643_443858-R,True,actual,False,,,,,2026-09-07T15:44:36.205822+02:00
NSR:StopPlace:62339,Lillestrøm stasjon,2026-09-07T13:45:00+02:00,2026-09-07T13:45:26+02:00,2026-09-07T13:45:26+02:00,26.0,1,Lillehammer,VYG:Line:RE10,Drammen-Oslo S-Lillehammer,RE10,rail,VYG:ServiceJourney:319-SUD_444192-R,True,actual,False,Heis i spor 1 og 2 er ute av bruk på grunn av vedlikehold.,Heis i spor 1 og 2 er ute av bruk på grunn av vedlikehold.,general,normal,2026-09-07T15:44:36.205822+02:00
NSR:StopPlace:62393,Billingstad stasjon,2026-09-07T13:43:00+02:00,2026-09-07T13:43:26+02:00,2026-09-07T13:43:26+02:00,26.0,1,Lillestrøm,VYG:Line:L1,Spikkestad-Oslo S-Lillestrøm,L1,rail,VYG:ServiceJourney:2238_443647-R,True,actual,False,Færre vogner,Denne avgangen kjører dessverre med 4 vogner i stedet for 8 vogner. Dette skyldes at vi mangler et togsett.,general,normal,2026-09-07T15:44:36.205822+02:00
NSR:StopPlace:61466,Vakås stasjon,2026-09-07T08:38:00+02:00,2026-09-07T08:38:26+02:00,2026-09-07T08:38:26+02:00,26.0,1,Lillestrøm,VYG:Line:L1,Spikkestad-Oslo S-Lillestrøm,L1,rail,VYG:ServiceJourney:2218_443613-R,True,actual,False,,,,,2026-09-07T08:42:24.659182+02:00
NSR:StopPlace:61463,Nordstrand stasjon,2026-09-07T06:22:00+02:00,2026-09-07T06:22:26+02:00,2026-09-07T06:22:26+02:00,26.0,1,Lysaker,VYG:Line:L2,Stabekk-Oslo S-Ski,L2,rail,VYG:ServiceJourney:2808-SKI_444019-R,True,actual,False,,,,,2026-09-07T08:42:24.659182+02:00
NSR:StopPlace:53,Røros stasjon,2026-09-07T08:22:00+02:00,2026-09-07T08:22:26+02:00,2026-09-07T08:22:26+02:00,26.0,1,Hamar,SJN:Line:25,Rørosbanen,R60,rail,SJN:ServiceJourney:2382_48224-R,True,actual,False,,,,,2026-09-07T08:42:24.659182+02:00
NSR:StopPlace:33,Ranheim stasjon,2026-09-07T07:27:00+02:00,2026-09-07T07:27:26+02:00,2026-09-07T07:27:26+02:00,26.0,1,Steinkjer,SJN:Line:26,Trønderbanen,R70,rail,SJN:ServiceJourney:425_56054-R,True,actual,False,,,,,2026-09-07T08:42:24.659182+02:00
NSR:StopPlace:61872,Nærbø stasjon,2026-09-07T06:50:00+02:00,2026-09-07T06:50:26+02:00,2026-09-07T06:50:26+02:00,26.0,1,Bryne via Pollestad,KOL:Line:8_2022,57,57,bus,KOL:ServiceJourney:2022_250903083238531_2001,True,actual,False,,,,,2026-09-07T08:42:24.659182+02:00
NSR:StopPlace:61872,Nærbø stasjon,2026-09-07T07:22:00+02:00,2026-09-07T07:22:26+02:00,2026-09-07T07:22:26+02:00,26.0,1,Stavanger,GOA:Line:59,Jærbanen,L5,rail,GOA:ServiceJourney:3011_63043-R,True,actual,False,,,,,2026-09-07T08:42:24.659182+02:00
NSR:StopPlace:59643,Grefsen stasjon,2026-09-07T07:32:00+02:00,2026-09-07T07:32:26+02:00,2026-09-07T07:32:26+02:00,26.0,1,Gaustadalléen,RUT:Line:17,Rikshospitalet - Sinsen o/ Carl Berner,17,tram,RUT:ServiceJourney:b9e0fcb2bfc2f8ff687771363b02e700,True,actual,False,,,,,2026-09-07T08:42:24.659182+02:00
NSR:StopPlace:60640,Heimdal stasjon,2026-09-07T07:00:00+02:00,2026-09-07T07:00:26+02:00,2026-09-07T07:00:26+02:00,26.0,1,Tangen,ATB:Line:2_311,Stjørdal - Trondheim,311,bus,ATB:ServiceJourney:311_260106098642761_91,True,actual,False,Endret tilbud ved Vikelvvegen,Sydgående avkjøringsrampe fra E6 ved Reppe er stengt frem til 21. september. Vikelvvegen og Ranheim fabrikker til sentrum blir ikke betjent av linje 311 i perioden. ,general,normal,2026-09-07T08:42:24.659182+02:00
NSR:StopPlace:60047,Melhus skysstasjon,2026-09-07T07:36:00+02:00,2026-09-07T07:36:26+02:00,2026-09-07T07:36:26+02:00,26.0,1,A Dora via Ekra-City Syd E6,ATB:Line:2_71,MelhusSkyss-Trondheim,71,bus,ATB:ServiceJourney:71_251215112545698_20,True,actual,False,,,,,2026-09-07T08:42:24.659182+02:00
NSR:StopPlace:59244,Egersund stasjon,2026-09-07T06:03:00+02:00,2026-09-07T06:03:26+02:00,2026-09-07T06:03:26+02:00,26.0,1,Stavanger,GOA:Line:50,Sørtoget region,F5,rail,GOA:ServiceJourney:725-LOD_67061-R,True,actual,False,,,,,2026-09-07T08:42:24.659182+02:00
NSR:StopPlace:59244,Egersund stasjon,2026-09-07T07:22:00+02:00,2026-09-07T07:22:26+02:00,2026-09-07T07:22:26+02:00,26.0,1,Hovland,KOL:Line:8_2002,83,83,bus,KOL:ServiceJourney:2002_250903083245239_1005,True,actual,False,,,,,2026-09-07T08:42:24.659182+02:00
NSR:StopPlace:58964,Kløfta stasjon,2026-09-07T05:51:00+02:00,2026-09-07T05:51:26+02:00,2026-09-07T05:51:26+02:00,26.0,1,Kløfta,RUT:Line:425,Kløfta – Oslo lufthavn,425,bus,RUT:ServiceJourney:d4e5975ac9a74a9160ac93831c44a16c,True,actual,False,,,,,2026-09-07T08:42:24.659182+02:00
NSR:StopPlace:58964,Kløfta stasjon,2026-09-07T06:14:00+02:00,2026-09-07T06:14:26+02:00,2026-09-07T06:14:26+02:00,26.0,1,Drammen,VYG:Line:R13,Drammen-Oslo S-Dal,R13,rail,VYG:ServiceJourney:1606_443223-R,True,actual,False,Færre vogner,Denne avgangen kjører dessverre med 5 vogner i stedet for 10 vogner. Dette skyldes at vi mangler et togsett.,general,normal,2026-09-07T08:42:24.659182+02:00
NSR:StopPlace:58931,Fannrem stasjon,2026-09-07T06:35:00+02:00,2026-09-07T06:35:26+02:00,2026-09-07T06:35:26+02:00,26.0,1,Trondheim S via Orkanger skysst.,ATB:Line:2_310,Trondheim - Orkanger - Fannrem,310,bus,ATB:ServiceJourney:310_260106098640145_75,True,actual,False,,,,,2026-09-07T08:42:24.659182+02:00
NSR:StopPlace:58947,Steinkjer stasjon,2026-09-07T07:34:00+02:00,2026-09-07T07:34:26+02:00,2026-09-07T07:34:26+02:00,26.0,1,Lundamo,SJN:Line:26,Trønderbanen,R70,rail,SJN:ServiceJourney:426_56055-R,True,actual,False,,,,,2026-09-07T08:42:24.659182+02:00
NSR:StopPlace:58797,Mysen stasjon,2026-09-07T06:00:00+02:00,2026-09-07T06:00:26+02:00,2026-09-07T06:00:26+02:00,26.0,1,Askim-Sarpsborg,OST:Line:1_640,Sarpsborg-Askim-Mysen,640,bus,OST:ServiceJourney:640_260325121473133_6,True,actual,False,,,,,2026-09-07T08:42:24.659182+02:00
NSR:StopPlace:58838,Røyken stasjon,2026-09-07T07:33:00+02:00,2026-09-07T07:33:26+02:00,2026-09-07T07:33:26+02:00,26.0,1,Hyggen,RUT:Line:260,Hyggen - Bråset -Slemmestad (- Asker),260,bus,RUT:ServiceJourney:ce5e06d34fdf91af0bffc7639de7958a,True,actual,False,,,,,2026-09-07T08:42:24.659182+02:00
NSR:StopPlace:58844,Eidsvoll stasjon,2026-09-07T07:59:00+02:00,2026-09-07T07:59:26+02:00,2026-09-07T07:59:26+02:00,26.0,1,Eidsvoll,RUT:Line:430,Eidsvoll - Jessheim,430,bus,RUT:ServiceJourney:e59f70ed90d98193f0e790ab6674575d,True,actual,False,,,,,2026-09-07T08:42:24.659182+02:00
NSR:StopPlace:58845,Eidsvoll verk stasjon,2026-09-07T07:00:00+02:00,2026-09-07T07:00:26+02:00,2026-09-07T07:00:26+02:00,26.0,1,Eidsvoll,RUT:Line:430,Eidsvoll - Jessheim,430,bus,RUT:ServiceJourney:3ee1f1c6884f923d8659cf70da6521b1,True,actual,False,,,,,2026-09-07T08:42:24.659182+02:00
NSR:StopPlace:58853,Kolbotn stasjon,2026-09-07T06:43:00+02:00,2026-09-07T06:43:26+02:00,2026-09-07T06:43:26+02:00,26.0,1,Ski stasjon,RUT:Line:580,Kolbotn - Ski,580,bus,RUT:ServiceJourney:2365a3e4573405ead9fccbf7f2e7c9d6,True,actual,False,,,,,2026-09-07T08:42:24.659182+02:00
NSR:StopPlace:58866,Vevelstad stasjon,2026-09-07T06:34:00+02:00,2026-09-07T06:34:26+02:00,2026-09-07T06:34:26+02:00,26.0,1,Bøleråsen,RUT:Line:510,Bøleråsen - Ski - Ås - Drøbak,510,bus,RUT:ServiceJourney:e1ae172ff56c6184ae5450262ab9739b,True,actual,False,,,,,2026-09-07T08:42:24.659182+02:00
NSR:StopPlace:58868,Årnes stasjon,2026-09-07T08:33:00+02:00,2026-09-07T08:33:26+02:00,2026-09-07T08:33:26+02:00,26.0,1,Dysterud,RUT:Line:451,Dysterud - Årnes,451,bus,RUT:ServiceJourney:2b5b06283dffeea2c11334c437c59b25,True,actual,False,,,,,2026-09-07T08:42:24.659182+02:00
NSR:StopPlace:58860,Oppegård stasjon,2026-09-07T07:18:00+02:00,2026-09-07T07:18:26+02:00,2026-09-07T07:18:26+02:00,26.0,1,Jernbanetorget,RUT:Line:84,Jernbanetorget-Oppegård st.,84E,bus,RUT:ServiceJourney:8bd4749ca00cb92009107bba533e02f8,True,actual,False,,,,,2026-09-07T08:42:24.659182+02:00
NSR:StopPlace:58862,Strømmen stasjon,2026-09-07T07:51:00+02:00,2026-09-07T07:51:26+02:00,2026-09-07T07:51:26+02:00,26.0,1,Olavsgaard,RUT:Line:385,Nittedal stasjon - Olavsgaard - Ahus,385,bus,RUT:ServiceJourney:3903bc9a1c494e54bba9b4fa0ad804cd,True,actual,False,,,,,2026-09-07T08:42:24.659182+02:00
NSR:StopPlace:58872,Sandefjord stasjon,2026-09-07T06:02:00+02:00,2026-09-07T06:02:26+02:00,2026-09-07T06:02:26+02:00,26.0,1,Oslo S,VYG:Line:RX11,Eidsvoll-Oslo S-Skien,RX11,rail,VYG:ServiceJourney:854-SKN_554645-R,True,actual,False,,,,,2026-09-07T08:42:24.659182+02:00
NSR:StopPlace:58808,Kongsvinger stasjon,2026-09-07T08:35:00+02:00,2026-09-07T08:35:26+02:00,2026-09-07T08:35:26+02:00,26.0,1,Charlottenberg,INN:Line:120,Kongsvinger - Charlottenberg,120,bus,INN:ServiceJourney:54579,True,actual,False,,,,,2026-09-07T08:42:24.659182+02:00
NSR:StopPlace:58814,Tolga stasjon,2026-09-07T07:10:00+02:00,2026-09-07T07:10:26+02:00,2026-09-07T07:10:26+02:00,26.0,1,Tynset østsiden,INN:Line:886,Tynset - Tolga,886,bus,INN:ServiceJourney:55947,True,actual,False,,,,,2026-09-07T08:42:24.659182+02:00
NSR:StopPlace:58818,Gran stasjon,2026-09-07T07:55:00+02:00,2026-09-07T07:55:26+02:00,2026-09-07T07:55:26+02:00,26.0,1,Riis,INN:Line:457,Gran-Riis-Gran,457,bus,INN:ServiceJourney:71296,True,actual,False,,,,,2026-09-07T08:42:24.659182+02:00
NSR:StopPlace:58824,Lunner stasjon,2026-09-07T06:40:00+02:00,2026-09-07T06:40:26+02:00,2026-09-07T06:40:26+02:00,26.0,1,Grua via Mylla,INN:Line:466,Lunner-Mylla-Grua,466,bus,INN:ServiceJourney:71196,True,actual,False,,,,,2026-09-07T08:42:24.659182+02:00
NSR:StopPlace:58211,Oslo lufthavn,2026-09-07T06:03:00+02:00,2026-09-07T06:03:26+02:00,2026-09-07T06:03:26+02:00,26.0,1,Drammen,VYG:Line:RE10,Drammen-Oslo S-Lillehammer,RE10,rail,VYG:ServiceJourney:302-HHS_486370-R,True,actual,False,,,,,2026-09-07T08:42:24.659182+02:00
NSR:StopPlace:398,Arna stasjon,2026-09-07T07:12:00+02:00,2026-09-07T07:12:26+02:00,2026-09-07T07:12:26+02:00,26.0,1,Bergen,VYG:Line:L4,Bergen-Arna,L4,rail,VYG:ServiceJourney:2609_443824-R,True,actual,False,,,,,2026-09-07T08:42:24.659182+02:00
NSR:StopPlace:398,Arna stasjon,2026-09-07T08:12:00+02:00,2026-09-07T08:12:26+02:00,2026-09-07T08:12:26+02:00,26.0,1,Bergen,VYG:Line:L4,Bergen-Arna,L4,rail,VYG:ServiceJourney:2613_443828-R,True,actual,False,,,,,2026-09-07T08:42:24.659182+02:00
NSR:StopPlace:362,Jåttåvågen stasjon,2026-09-07T08:36:00+02:00,2026-09-07T08:36:26+02:00,2026-09-07T08:36:26+02:00,26.0,1,Stavanger,GOA:Line:59,Jærbanen,L5,rail,GOA:ServiceJourney:3115_63160-R,True,actual,False,,,,,2026-09-07T08:42:24.659182+02:00
NSR:StopPlace:610,Sandvika stasjon,2026-09-07T06:00:00+02:00,2026-09-07T06:00:26+02:00,2026-09-07T06:00:26+02:00,26.0,1,Oslo Lufthavn,FLT:Line:FLY1,FLY1,FLY1,rail,FLT:ServiceJourney:1-2614-3711-20260907,True,actual,False,,,,,2026-09-07T08:42:24.659182+02:00
NSR:StopPlace:62094,Lindeberg stasjon,2026-09-07T07:07:00+02:00,2026-09-07T07:07:26+02:00,2026-09-07T07:07:26+02:00,26.0,1,Dal,VYG:Line:R13,Drammen-Oslo S-Dal,R13,rail,VYG:ServiceJourney:1607_443224-R,True,actual,False,,,,,2026-09-07T08:42:24.659182+02:00
NSR:StopPlace:62310,Brusand stasjon,2026-09-07T06:01:00+02:00,2026-09-07T06:01:26+02:00,2026-09-07T06:01:26+02:00,26.0,1,Stavanger,GOA:Line:59,Jærbanen,L5,rail,GOA:ServiceJourney:3005_63036-R,True,actual,False,,,,,2026-09-07T08:42:24.659182+02:00
NSR:StopPlace:62339,Lillestrøm stasjon,2026-09-07T07:38:00+02:00,2026-09-07T07:38:26+02:00,2026-09-07T07:38:26+02:00,26.0,1,Oslo S,VYG:Line:RE10,Drammen-Oslo S-Lillehammer,RE10,rail,VYG:ServiceJourney:352-HMR_621900-R,True,actual,False,Heis i spor 1 og 2 er ute av bruk på grunn av vedlikehold.,Heis i spor 1 og 2 er ute av bruk på grunn av vedlikehold.,general,normal,2026-09-07T08:42:24.659182+02:00
NSR:StopPlace:58404,Nationaltheatret,2026-09-07T03:22:00+02:00,2026-09-07T03:22:26+02:00,2026-09-07T03:22:26+02:00,26.0,1,Grorud T,RUT:Line:31,Snarøya - Fornebu - Tonsenhagen - Grorud,31,bus,RUT:ServiceJourney:9d658e631160f2a78d86d275152b36e8,True,actual,False,,,,,2026-09-07T03:30:22.110925+02:00
NSR:StopPlace:58918,Nodeland stasjon,2026-09-08T01:24:00+02:00,2026-09-08T01:24:25+02:00,2026-09-08T01:24:25+02:00,25.0,1,Oslo S,GOA:Line:50,Sørtoget region,F5,rail,GOA:ServiceJourney:726-KVB_63257-R,True,actual,False,,,,,2026-09-08T03:39:50.209703+02:00
NSR:StopPlace:61291,Stavanger stasjon,2026-09-07T22:55:00+02:00,2026-09-07T22:55:25+02:00,2026-09-07T22:55:25+02:00,25.0,1,Egersund,GOA:Line:59,Jærbanen,L5,rail,GOA:ServiceJourney:3076_63139-R,True,actual,False,,,,,2026-09-08T00:20:52.129880+02:00
NSR:StopPlace:61463,Nordstrand stasjon,2026-09-07T23:52:00+02:00,2026-09-07T23:52:25+02:00,2026-09-07T23:52:25+02:00,25.0,1,Ski,VYG:Line:L2,Stabekk-Oslo S-Ski,L2,rail,VYG:ServiceJourney:2775-HVK_443998-R,True,actual,False,,,,,2026-09-08T00:20:52.129880+02:00
NSR:StopPlace:41,Hanaborg stasjon,2026-09-07T22:34:00+02:00,2026-09-07T22:34:25+02:00,2026-09-07T22:34:25+02:00,25.0,1,Asker,VYG:Line:L1,Spikkestad-Oslo S-Lillestrøm,L1,rail,VYG:ServiceJourney:2171_443582-R,True,actual,False,,,,,2026-09-08T00:20:52.129880+02:00
NSR:StopPlace:59641,Fjellhamar stasjon,2026-09-07T23:41:00+02:00,2026-09-07T23:41:25+02:00,2026-09-07T23:41:25+02:00,25.0,1,Ahus,RUT:Line:315,Vallerudtoppen - Ahus,315,bus,RUT:ServiceJourney:155a3092fd06d314b65c6b0ac70e3e46,True,actual,False,,,,,2026-09-08T00:20:52.129880+02:00
NSR:StopPlace:60640,Heimdal stasjon,2026-09-07T22:33:00+02:00,2026-09-07T22:33:25+02:00,2026-09-07T22:33:25+02:00,25.0,1,Flatåsen/N. Flatåsen via Kolstad k.,ATB:Line:2_16,Flatåsen- Heimdal- Torgård,16,bus,ATB:ServiceJourney:16_251215112550507_73,True,actual,False,,,,,2026-09-08T00:20:52.129880+02:00
NSR:StopPlace:60736,Spikkestad stasjon,2026-09-07T21:16:00+02:00,2026-09-07T21:16:25+02:00,2026-09-07T21:16:25+02:00,25.0,1,Lillestrøm,VYG:Line:L1,Spikkestad-Oslo S-Lillestrøm,L1,rail,VYG:ServiceJourney:2270_443703-R,True,actual,False,,,,,2026-09-08T00:20:52.129880+02:00
NSR:StopPlace:59952,Drammen stasjon,2026-09-07T21:35:00+02:00,2026-09-07T21:35:25+02:00,2026-09-07T21:35:25+02:00,25.0,1,Dal,VYG:Line:R13,Drammen-Oslo S-Dal,R13,rail,VYG:ServiceJourney:1669_443361-R,True,actual,False,,,,,2026-09-08T00:20:52.129880+02:00
NSR:StopPlace:59616,Asker stasjon,2026-09-07T21:19:00+02:00,2026-09-07T21:19:25+02:00,2026-09-07T21:19:25+02:00,25.0,1,Lierbyen - Drammen,BRA:Line:4_6071,Drammen - Stoppen - Lierbyen - Asker,71,bus,BRA:ServiceJourney:6071_260415100160760_1092,True,actual,False,Fra 17/8 går linje 61-63-71-73-251-261 og skolebusser fra holdeplass ved Skutebrygga ut av byen.Les mer på brakar.no/trafikkmeldinger.,,general,normal,2026-09-08T00:20:52.129880+02:00
NSR:StopPlace:59637,Rosenholm stasjon,2026-09-07T22:43:00+02:00,2026-09-07T22:43:25+02:00,2026-09-07T22:43:25+02:00,25.0,1,Oslo S,VYG:Line:L2,Stabekk-Oslo S-Ski,L2,rail,VYG:ServiceJourney:2874_444118-R,True,actual,False,,,,,2026-09-08T00:20:52.129880+02:00
NSR:StopPlace:59638,Myrvoll stasjon,2026-09-07T21:50:00+02:00,2026-09-07T21:50:25+02:00,2026-09-07T21:50:25+02:00,25.0,1,Filipstad,RUT:Line:81,Fornebu - Myrvoll stasjon,81,bus,RUT:ServiceJourney:8b13a5b635ec6162d5457c16c41ce243,True,actual,False,,,,,2026-09-08T00:20:52.129880+02:00
NSR:StopPlace:58865,Vestby stasjon,2026-09-07T23:20:00+02:00,2026-09-07T23:20:25+02:00,2026-09-07T23:20:25+02:00,25.0,1,Randem,RUT:Line:533,Randem - Vestby stasjon,533,bus,RUT:ServiceJourney:f19565e861d4db2903b256f7264f2307,True,actual,False,,,,,2026-09-08T00:20:52.129880+02:00
NSR:StopPlace:58861,Solbråtan stasjon,2026-09-07T23:08:00+02:00,2026-09-07T23:08:25+02:00,2026-09-07T23:08:25+02:00,25.0,1,Skøyen,VYG:Line:L2,Stabekk-Oslo S-Ski,L2,rail,VYG:ServiceJourney:2876-SKI_488402-R,True,actual,False,,,,,2026-09-08T00:20:52.129880+02:00
NSR:StopPlace:58876,Tønsberg stasjon,2026-09-07T23:09:00+02:00,2026-09-07T23:09:25+02:00,2026-09-07T23:09:25+02:00,25.0,1,Eidsvoll,VYG:Line:RE11,Eidsvoll-Oslo S-Skien,RE11,rail,VYG:ServiceJourney:838-341_515579-R,True,actual,False,,,,,2026-09-08T00:20:52.129880+02:00
NSR:StopPlace:610,Sandvika stasjon,2026-09-07T21:55:00+02:00,2026-09-07T21:55:25+02:00,2026-09-07T21:55:25+02:00,25.0,1,Dal,VYG:Line:R13,Drammen-Oslo S-Dal,R13,rail,VYG:ServiceJourney:1669_443361-R,True,actual,False,,,,,2026-09-08T00:20:52.129880+02:00
NSR:StopPlace:61463,Nordstrand stasjon,2026-09-07T17:37:00+02:00,2026-09-07T17:37:25+02:00,2026-09-07T17:37:25+02:00,25.0,1,Stabekk,VYG:Line:L2,Stabekk-Oslo S-Ski,L2,rail,VYG:ServiceJourney:2754-SKI_443965-R,True,actual,False,,,,,2026-09-07T20:27:16.249662+02:00
NSR:StopPlace:61463,Nordstrand stasjon,2026-09-07T20:22:00+02:00,2026-09-07T20:22:25+02:00,2026-09-07T20:22:25+02:00,25.0,1,Skøyen,VYG:Line:L2,Stabekk-Oslo S-Ski,L2,rail,VYG:ServiceJourney:2864-SKI_488396-R,True,actual,False,,,,,2026-09-07T20:27:16.249662+02:00
NSR:StopPlace:59646,Høvik stasjon,2026-09-07T19:37:00+02:00,2026-09-07T19:37:25+02:00,2026-09-07T19:37:25+02:00,25.0,1,Lillestrøm,VYG:Line:L1,Spikkestad-Oslo S-Lillestrøm,L1,rail,VYG:ServiceJourney:2160_443570-R,True,actual,False,,,,,2026-09-07T20:27:16.249662+02:00
NSR:StopPlace:59952,Drammen stasjon,2026-09-07T17:47:00+02:00,2026-09-07T17:47:25+02:00,2026-09-07T17:47:25+02:00,25.0,1,Eidsvoll,VYG:Line:RE11,Eidsvoll-Oslo S-Skien,RE11,rail,VYG:ServiceJourney:826_481332-R,True,actual,False,Færre vogner,Denne avgangen kjører dessverre med 5 vogner i stedet for 10 vogner. Dette skyldes at vi mangler et togsett.,general,normal,2026-09-07T20:27:16.249662+02:00
NSR:StopPlace:60047,Melhus skysstasjon,2026-09-07T18:56:00+02:00,2026-09-07T18:56:25+02:00,2026-09-07T18:56:25+02:00,25.0,1,Dora via E6 - City Syd E6,ATB:Line:2_71,MelhusSkyss-Trondheim,71,bus,ATB:ServiceJourney:71_251215112545656_96,True,actual,False,,,,,2026-09-07T20:27:16.249662+02:00
NSR:StopPlace:60077,Støren stasjon,2026-09-07T18:45:00+02:00,2026-09-07T18:45:25+02:00,2026-09-07T18:45:25+02:00,25.0,1,Oppdal,ATB:Line:2_480,(Trondheim) - Støren - Berkåk,480,bus,ATB:ServiceJourney:480_260106098639972_12,True,actual,False,,,,,2026-09-07T20:27:16.249662+02:00
NSR:StopPlace:58916,Charlottenberg station,2026-09-07T19:30:00+02:00,2026-09-07T19:30:25+02:00,2026-09-07T19:30:25+02:00,25.0,1,Kongsvinger,INN:Line:120,Kongsvinger - Charlottenberg,120,bus,INN:ServiceJourney:54616,True,actual,False,,,,,2026-09-07T20:27:16.249662+02:00
NSR:StopPlace:58931,Fannrem stasjon,2026-09-07T20:10:00+02:00,2026-09-07T20:10:25+02:00,2026-09-07T20:10:25+02:00,25.0,1,Trondheim S via fv. 800,ATB:Line:2_410,Trondheim - Orkanger - (Fannrem) via fv. 800,410,bus,ATB:ServiceJourney:410_260106098639925_29,True,actual,False,,,,,2026-09-07T20:27:16.249662+02:00
NSR:StopPlace:58797,Mysen stasjon,2026-09-07T18:01:00+02:00,2026-09-07T18:01:25+02:00,2026-09-07T18:01:25+02:00,25.0,1,Rakkestad,VYG:Line:R22,Skøyen-Oslo S-Mysen-Rakkestad,R22,rail,VYG:ServiceJourney:1925_443475-R,True,actual,False,,,,,2026-09-07T20:27:16.249662+02:00
NSR:StopPlace:58795,Kambo stasjon,2026-09-07T19:00:00+02:00,2026-09-07T19:00:25+02:00,2026-09-07T19:00:25+02:00,25.0,1,Stabekk,VYG:Line:R21,Stabekk-Oslo S-Moss,R21,rail,VYG:ServiceJourney:1160-MOS_443049-R,True,actual,False,,,,,2026-09-07T20:27:16.249662+02:00
NSR:StopPlace:58836,Mjøndalen stasjon,2026-09-07T19:49:00+02:00,2026-09-07T19:49:25+02:00,2026-09-07T19:49:25+02:00,25.0,1,Hokksund - Vikersund,BRA:Line:4_6101,Drammen-Vikersund/Hønefoss,101,bus,BRA:ServiceJourney:6101_260415100161253_1051,True,actual,False,,,,,2026-09-07T20:27:16.249662+02:00
NSR:StopPlace:398,Arna stasjon,2026-09-07T16:57:00+02:00,2026-09-07T16:57:25+02:00,2026-09-07T16:57:25+02:00,25.0,1,Oslo S,VYG:Line:F4,Oslo S-Bergen,F4,rail,VYG:ServiceJourney:66-BRG_513626-R,True,actual,False,,,,,2026-09-07T20:27:16.249662+02:00
NSR:StopPlace:398,Arna stasjon,2026-09-07T17:57:00+02:00,2026-09-07T17:57:25+02:00,2026-09-07T17:57:25+02:00,25.0,1,Bergen,VYG:Line:L4,Bergen-Arna,L4,rail,VYG:ServiceJourney:2551_443810-R,True,actual,False,,,,,2026-09-07T20:27:16.249662+02:00
NSR:StopPlace:362,Jåttåvågen stasjon,2026-09-07T18:06:00+02:00,2026-09-07T18:06:25+02:00,2026-09-07T18:06:25+02:00,25.0,1,Stavanger,GOA:Line:59,Jærbanen,L5,rail,GOA:ServiceJourney:3153_63198-R,True,actual,False,,,,,2026-09-07T20:27:16.249662+02:00
NSR:StopPlace:362,Jåttåvågen stasjon,2026-09-07T19:51:00+02:00,2026-09-07T19:51:25+02:00,2026-09-07T19:51:25+02:00,25.0,1,Stavanger,GOA:Line:59,Jærbanen,L5,rail,GOA:ServiceJourney:3059_63113-R,True,actual,False,,,,,2026-09-07T20:27:16.249662+02:00
NSR:StopPlace:60077,Støren stasjon,2026-09-07T14:40:00+02:00,2026-09-07T14:40:25+02:00,2026-09-07T14:40:25+02:00,25.0,1,Trondheim S,ATB:Line:2_340,Trondheim - Støren,340,bus,ATB:ServiceJourney:340_260106098639879_23,True,actual,False,,,,,2026-09-07T15:44:36.205822+02:00
NSR:StopPlace:59243,Mo i Rana stasjon,2026-09-07T14:42:00+02:00,2026-09-07T14:42:25+02:00,2026-09-07T14:42:25+02:00,25.0,1,Kvernkroken,NOR:Line:12_8372,Kvernkroken - Sykehuset Mo,2,bus,NOR:ServiceJourney:8372_251012124855368_2018,True,actual,False,,,,,2026-09-07T15:44:36.205822+02:00
NSR:StopPlace:59638,Myrvoll stasjon,2026-09-07T14:15:00+02:00,2026-09-07T14:15:25+02:00,2026-09-07T14:15:25+02:00,25.0,1,Fornebu,RUT:Line:81,Fornebu - Myrvoll stasjon,81,bus,RUT:ServiceJourney:160d3308e456547470e52d0a6ec712cd,True,actual,False,,,,,2026-09-07T15:44:36.205822+02:00
NSR:StopPlace:58952,Bodø stasjon,2026-09-07T14:47:00+02:00,2026-09-07T14:47:25+02:00,2026-09-07T14:47:25+02:00,25.0,1,Tverlandet,NOR:Line:12_8004,Tverlandet - Bodø sentrum - Løpsmarka,4,bus,NOR:ServiceJourney:8004_251012124900570_1023,True,actual,False,,,,,2026-09-07T15:44:36.205822+02:00
NSR:StopPlace:58916,Charlottenberg station,2026-09-07T14:30:00+02:00,2026-09-07T14:30:25+02:00,2026-09-07T14:30:25+02:00,25.0,1,Kongsvinger,INN:Line:120,Kongsvinger - Charlottenberg,120,bus,INN:ServiceJourney:54611,True,actual,False,,,,,2026-09-07T15:44:36.205822+02:00
NSR:StopPlace:58924,Bryne stasjon,2026-09-07T14:20:00+02:00,2026-09-07T14:20:25+02:00,2026-09-07T14:20:25+02:00,25.0,1,Sandnes via Kleppekrossen,KOL:Line:8_2019,52,52,bus,KOL:ServiceJourney:2019_260728141809947_1014,True,actual,False,,,,,2026-09-07T15:44:36.205822+02:00
NSR:StopPlace:58924,Bryne stasjon,2026-09-07T15:35:00+02:00,2026-09-07T15:35:25+02:00,2026-09-07T15:35:25+02:00,25.0,1,Figgjo via Kvernaland-Ålgård,KOL:Line:8_2675,SK2100,SK2100,bus,KOL:ServiceJourney:2675_250903083244057_2000,True,actual,False,,,,,2026-09-07T15:44:36.205822+02:00
NSR:StopPlace:58926,Dale stasjon,2026-09-07T15:15:00+02:00,2026-09-07T15:15:25+02:00,2026-09-07T15:15:25+02:00,25.0,1,Eidslandet,SKY:Line:922,Eksingedalen - Dale,922,bus,SKY:ServiceJourney:922-208760-21965673,True,actual,False,,,,,2026-09-07T15:44:36.205822+02:00
NSR:StopPlace:58947,Steinkjer stasjon,2026-09-07T13:33:00+02:00,2026-09-07T13:33:25+02:00,2026-09-07T13:33:25+02:00,25.0,1,Namsos skysstasjon,ATB:Line:2_680,Levanger - Steinkjer - Namsos,680,bus,ATB:ServiceJourney:680_260106098642301_18,True,actual,False,,,,,2026-09-07T15:44:36.205822+02:00
NSR:StopPlace:58797,Mysen stasjon,2026-09-07T14:00:00+02:00,2026-09-07T14:00:25+02:00,2026-09-07T14:00:25+02:00,25.0,1,Oslo S,VYG:Line:R22,Skøyen-Oslo S-Mysen-Rakkestad,R22,rail,VYG:ServiceJourney:1922_673815-R,True,actual,False,,,,,2026-09-07T15:44:36.205822+02:00
NSR:StopPlace:58844,Eidsvoll stasjon,2026-09-07T14:00:00+02:00,2026-09-07T14:00:25+02:00,2026-09-07T14:00:25+02:00,25.0,1,Jessheim,RUT:Line:430,Eidsvoll - Jessheim,430,bus,RUT:ServiceJourney:8df65da5b41caba7dd9e4b47dbf5e95d,True,actual,False,,,,,2026-09-07T15:44:36.205822+02:00
NSR:StopPlace:58882,Nordagutu stasjon,2026-09-07T15:13:00+02:00,2026-09-07T15:13:25+02:00,2026-09-07T15:13:25+02:00,25.0,1,Stavanger,GOA:Line:50,Sørtoget region,F5,rail,GOA:ServiceJourney:713-LOD_68191-R,True,actual,False,,,,,2026-09-07T15:44:36.205822+02:00
NSR:StopPlace:58805,Brumunddal stasjon,2026-09-07T14:09:00+02:00,2026-09-07T14:09:25+02:00,2026-09-07T14:09:25+02:00,25.0,1,Furnesåsen - Hamar,INN:Line:646,Hamar-Furnesåsen-Brumunddal,646,bus,INN:ServiceJourney:83327,True,actual,False,,,,,2026-09-07T15:44:36.205822+02:00
NSR:StopPlace:58811,Moelv stasjon,2026-09-07T14:26:00+02:00,2026-09-07T14:26:25+02:00,2026-09-07T14:26:25+02:00,25.0,1,Hamar,INN:Line:100,Hamar - Gjøvik,100,bus,INN:ServiceJourney:83506,True,actual,False,,,,,2026-09-07T15:44:36.205822+02:00
NSR:StopPlace:63079,Skeiane stasjon,2026-09-07T13:42:00+02:00,2026-09-07T13:42:25+02:00,2026-09-07T13:42:25+02:00,25.0,1,Egersund,GOA:Line:59,Jærbanen,L5,rail,GOA:ServiceJourney:3038_63076-R,True,actual,False,,,,,2026-09-07T15:44:36.205822+02:00
NSR:StopPlace:144,Skansen stasjon,2026-09-07T15:11:00+02:00,2026-09-07T15:11:25+02:00,2026-09-07T15:11:25+02:00,25.0,1,Steinkjer,SJN:Line:26,Trønderbanen,R70,rail,SJN:ServiceJourney:441-SOeB_56070-R,True,actual,False,,,,,2026-09-07T15:44:36.205822+02:00
NSR:StopPlace:62376,Kopperå stasjon,2026-09-07T14:43:00+02:00,2026-09-07T14:43:25+02:00,2026-09-07T14:43:25+02:00,25.0,1,Meråker,ATB:Line:2_7721,Kluksdal/Kopperå - Meråker,7721,bus,ATB:ServiceJourney:7721_260106098641038_3,True,actual,False,,,,,2026-09-07T15:44:36.205822+02:00
NSR:StopPlace:41,Hanaborg stasjon,2026-09-07T06:49:00+02:00,2026-09-07T06:49:25+02:00,2026-09-07T06:49:25+02:00,25.0,1,Spikkestad,VYG:Line:L1,Spikkestad-Oslo S-Lillestrøm,L1,rail,VYG:ServiceJourney:2209_443598-R,True,actual,False,,,,,2026-09-07T08:42:24.659182+02:00
NSR:StopPlace:60047,Melhus skysstasjon,2026-09-07T07:06:00+02:00,2026-09-07T07:06:25+02:00,2026-09-07T07:06:25+02:00,25.0,1,Dora via E6 - City Syd E6,ATB:Line:2_71,MelhusSkyss-Trondheim,71,bus,ATB:ServiceJourney:71_251215112545753_14,True,actual,False,,,,,2026-09-07T08:42:24.659182+02:00
NSR:StopPlace:60047,Melhus skysstasjon,2026-09-07T07:16:00+02:00,2026-09-07T07:16:25+02:00,2026-09-07T07:16:25+02:00,25.0,1,Dora via E6 - City Syd E6,ATB:Line:2_71,MelhusSkyss-Trondheim,71,bus,ATB:ServiceJourney:71_251215112545704_16,True,actual,False,,,,,2026-09-07T08:42:24.659182+02:00
NSR:StopPlace:60077,Støren stasjon,2026-09-07T06:40:00+02:00,2026-09-07T06:40:25+02:00,2026-09-07T06:40:25+02:00,25.0,1,Trondheim S,ATB:Line:2_340,Trondheim - Støren,340,bus,ATB:ServiceJourney:340_260106098640154_5,True,actual,False,,,,,2026-09-07T08:42:24.659182+02:00
NSR:StopPlace:60077,Støren stasjon,2026-09-07T07:02:00+02:00,2026-09-07T07:02:25+02:00,2026-09-07T07:02:25+02:00,25.0,1,Trondheim S,ATB:Line:2_340,Trondheim - Støren,340,bus,ATB:ServiceJourney:340_260106098639876_9,True,actual,False,,,,,2026-09-07T08:42:24.659182+02:00
NSR:StopPlace:59638,Myrvoll stasjon,2026-09-07T06:15:00+02:00,2026-09-07T06:15:25+02:00,2026-09-07T06:15:25+02:00,25.0,1,Fornebu,RUT:Line:81,Fornebu - Myrvoll stasjon,81,bus,RUT:ServiceJourney:4082907756a4c9781e9de799979986a1,True,actual,False,,,,,2026-09-07T08:42:24.659182+02:00
NSR:StopPlace:58963,Jessheim stasjon,2026-09-07T07:43:00+02:00,2026-09-07T07:43:25+02:00,2026-09-07T07:43:25+02:00,25.0,1,Nordkisa,RUT:Line:440,Fenstad/Nordkisa - Oslo lufthavn,440,bus,RUT:ServiceJourney:b7fe01dae9a21b474d684d96523e08f3,True,actual,False,,,,,2026-09-07T08:42:24.659182+02:00
NSR:StopPlace:58930,Larvik stasjon,2026-09-07T05:47:00+02:00,2026-09-07T05:47:25+02:00,2026-09-07T05:47:25+02:00,25.0,1,Oslo S,VYG:Line:RX11,Eidsvoll-Oslo S-Skien,RX11,rail,VYG:ServiceJourney:854-SKN_554645-R,True,actual,False,,,,,2026-09-07T08:42:24.659182+02:00
NSR:StopPlace:58793,Askim stasjon,2026-09-07T06:25:00+02:00,2026-09-07T06:25:25+02:00,2026-09-07T06:25:25+02:00,25.0,1,Moss,OST:Line:1_641,Askim-Elvestad-Moss,641,bus,OST:ServiceJourney:641_260325121473628_3,True,actual,False,,,,,2026-09-07T08:42:24.659182+02:00
NSR:StopPlace:58793,Askim stasjon,2026-09-07T06:36:00+02:00,2026-09-07T06:36:25+02:00,2026-09-07T06:36:25+02:00,25.0,1,Oslo S,VYG:Line:R22,Skøyen-Oslo S-Mysen-Rakkestad,R22,rail,VYG:ServiceJourney:1952_443498-R,True,actual,False,,,,,2026-09-07T08:42:24.659182+02:00
NSR:StopPlace:58796,Moss stasjon,2026-09-07T06:23:00+02:00,2026-09-07T06:23:25+02:00,2026-09-07T06:23:25+02:00,25.0,1,Stabekk,VYG:Line:R21,Stabekk-Oslo S-Moss,R21,rail,VYG:ServiceJourney:1110-MOS_442985-R,True,actual,False,,,,,2026-09-07T08:42:24.659182+02:00
NSR:StopPlace:58832,Geilo stasjon,2026-09-07T07:15:00+02:00,2026-09-07T07:15:25+02:00,2026-09-07T07:15:25+02:00,25.0,1,Dagali,BRA:Line:4_6333,Geilo - Dagali,333,bus,BRA:ServiceJourney:6333_260415100159078_1001,True,actual,False,,,,,2026-09-07T08:42:24.659182+02:00
NSR:StopPlace:58845,Eidsvoll verk stasjon,2026-09-07T07:31:00+02:00,2026-09-07T07:31:25+02:00,2026-09-07T07:31:25+02:00,25.0,1,Jessheim,RUT:Line:430,Eidsvoll - Jessheim,430,bus,RUT:ServiceJourney:5d39088c17331f28e6e7089d0ef8eb63,True,actual,False,,,,,2026-09-07T08:42:24.659182+02:00
NSR:StopPlace:58857,Lørenskog stasjon,2026-09-07T06:28:00+02:00,2026-09-07T06:28:25+02:00,2026-09-07T06:28:25+02:00,25.0,1,Økern,RUT:Line:67,Økern-Lørenskog sentrum,67,bus,RUT:ServiceJourney:146e7dcb22afe834fd01e9c13e25d97e,True,actual,False,,,,,2026-09-07T08:42:24.659182+02:00
NSR:StopPlace:58851,Heggedal stasjon,2026-09-07T06:29:00+02:00,2026-09-07T06:29:25+02:00,2026-09-07T06:29:25+02:00,25.0,1,Asker,RUT:Line:280,Asker - Dikemark - Heggedal,280,bus,RUT:ServiceJourney:2b84d27dae28f98a63450a6e60e4a677,True,actual,False,,,,,2026-09-07T08:42:24.659182+02:00
NSR:StopPlace:58851,Heggedal stasjon,2026-09-07T06:29:00+02:00,2026-09-07T06:29:25+02:00,2026-09-07T06:29:25+02:00,25.0,1,Rustadgrenda,RUT:Line:286,Rustadgrenda-Heggedal,286,bus,RUT:ServiceJourney:fc4dc3149816e0505ab92611225f565f,True,actual,False,,,,,2026-09-07T08:42:24.659182+02:00
NSR:StopPlace:58866,Vevelstad stasjon,2026-09-07T07:19:00+02:00,2026-09-07T07:19:25+02:00,2026-09-07T07:19:25+02:00,25.0,1,Frogn vgs.,RUT:Line:1572,Ski - Frogn videregående skole,1572,bus,RUT:ServiceJourney:3164716cdcc481c679cee540b787c4f5,True,actual,False,,,,,2026-09-07T08:42:24.659182+02:00
NSR:StopPlace:58869,Ås stasjon,2026-09-07T07:10:00+02:00,2026-09-07T07:10:25+02:00,2026-09-07T07:10:25+02:00,25.0,1,Moss,VYG:Line:R21,Stabekk-Oslo S-Moss,R21,rail,VYG:ServiceJourney:1107-HVK_442978-R,True,actual,False,,,,,2026-09-07T08:42:24.659182+02:00
NSR:StopPlace:58860,Oppegård stasjon,2026-09-07T06:33:00+02:00,2026-09-07T06:33:25+02:00,2026-09-07T06:33:25+02:00,25.0,1,Jernbanetorget,RUT:Line:84,Jernbanetorget-Oppegård st.,84E,bus,RUT:ServiceJourney:1bbdb02611349b1829f6d2437e241bf2,True,actual,False,,,,,2026-09-07T08:42:24.659182+02:00
NSR:StopPlace:58860,Oppegård stasjon,2026-09-07T07:48:00+02:00,2026-09-07T07:48:25+02:00,2026-09-07T07:48:25+02:00,25.0,1,Jernbanetorget,RUT:Line:84,Jernbanetorget-Oppegård st.,84E,bus,RUT:ServiceJourney:c624474255717e0bb469f51ef04e4d26,True,actual,False,,,,,2026-09-07T08:42:24.659182+02:00
NSR:StopPlace:58876,Tønsberg stasjon,2026-09-07T06:24:00+02:00,2026-09-07T06:24:25+02:00,2026-09-07T06:24:25+02:00,25.0,1,Oslo S,VYG:Line:RX11,Eidsvoll-Oslo S-Skien,RX11,rail,VYG:ServiceJourney:854-SKN_554645-R,True,actual,False,,,,,2026-09-07T08:42:24.659182+02:00
NSR:StopPlace:58801,Sarpsborg stasjon,2026-09-07T06:23:00+02:00,2026-09-07T06:23:25+02:00,2026-09-07T06:23:25+02:00,25.0,1,Oslo S,VYG:Line:RE20,Oslo S-Halden-Göteborg (X-Border),RE20,rail,VYG:ServiceJourney:106-HLD_508942-R,True,actual,False,,,,,2026-09-07T08:42:24.659182+02:00
NSR:StopPlace:58810,Løten stasjon,2026-09-07T07:00:00+02:00,2026-09-07T07:00:25+02:00,2026-09-07T07:00:25+02:00,25.0,1,Elverum,INN:Line:804,Løten - Elverum - Hernes,804,bus,INN:ServiceJourney:86276,True,actual,False,,,,,2026-09-07T08:42:24.659182+02:00
NSR:StopPlace:58812,Os stasjon,2026-09-07T05:53:00+02:00,2026-09-07T05:53:25+02:00,2026-09-07T05:53:25+02:00,25.0,1,Røros,INN:Line:182,Tynset - Røros,182,bus,INN:ServiceJourney:74857,True,actual,False,,,,,2026-09-07T08:42:24.659182+02:00
NSR:StopPlace:63079,Skeiane stasjon,2026-09-07T07:03:00+02:00,2026-09-07T07:03:25+02:00,2026-09-07T07:03:25+02:00,25.0,1,Egersund,GOA:Line:59,Jærbanen,L5,rail,GOA:ServiceJourney:3012_63044-R,True,actual,False,,,,,2026-09-07T08:42:24.659182+02:00
NSR:StopPlace:393,Leangen stasjon,2026-09-07T06:57:00+02:00,2026-09-07T06:57:25+02:00,2026-09-07T06:57:25+02:00,25.0,1,Lerkendal,SJN:Line:26,Trønderbanen,R70,rail,SJN:ServiceJourney:1760_56046-R,True,actual,False,,,,,2026-09-07T08:42:24.659182+02:00
NSR:StopPlace:398,Arna stasjon,2026-09-07T07:12:00+02:00,2026-09-07T07:12:25+02:00,2026-09-07T07:12:25+02:00,25.0,1,Myrdal,VYG:Line:R40,Bergen-Voss-Myrdal-Ål,R40,rail,VYG:ServiceJourney:1804_465739-R,True,actual,False,,,,,2026-09-07T08:42:24.659182+02:00
NSR:StopPlace:62339,Lillestrøm stasjon,2026-09-07T05:50:00+02:00,2026-09-07T05:50:25+02:00,2026-09-07T05:50:25+02:00,25.0,1,Oslo Lufthavn,FLT:Line:FLY1,FLY1,FLY1,rail,FLT:ServiceJourney:1-2614-3707-20260907,True,actual,False,Heis i spor 1 og 2 er ute av bruk på grunn av vedlikehold.,Heis i spor 1 og 2 er ute av bruk på grunn av vedlikehold.,general,normal,2026-09-07T08:42:24.659182+02:00
NSR:StopPlace:62339,Lillestrøm stasjon,2026-09-07T07:56:00+02:00,2026-09-07T07:56:25+02:00,2026-09-07T07:56:25+02:00,25.0,1,Kongsberg,VYG:Line:R12,Kongsberg-Oslo S-Eidsvoll,R12,rail,VYG:ServiceJourney:507_444300-R,True,actual,False,Heis i spor 1 og 2 er ute av bruk på grunn av vedlikehold.,Heis i spor 1 og 2 er ute av bruk på grunn av vedlikehold.,general,normal,2026-09-07T08:42:24.659182+02:00
NSR:StopPlace:62338,Fossum stasjon,2026-09-07T08:15:00+02:00,2026-09-07T08:15:25+02:00,2026-09-07T08:15:25+02:00,25.0,1,Sørumsand,RUT:Line:2634,Skugstad - Mork - Blaker skole - Sørumsand,2634,bus,RUT:ServiceJourney:faee45ebf15d512405ddcdd9f7c5c882,True,actual,False,,,,,2026-09-07T08:42:24.659182+02:00
NSR:StopPlace:58404,Nationaltheatret,2026-09-07T02:52:00+02:00,2026-09-07T02:52:25+02:00,2026-09-07T02:52:25+02:00,25.0,1,Grorud T,RUT:Line:31,Snarøya - Fornebu - Tonsenhagen - Grorud,31,bus,RUT:ServiceJourney:94a2b6922eaed4a9b0a1fe3b711e0a95,True,actual,False,,,,,2026-09-07T03:30:22.110925+02:00
NSR:StopPlace:41,Hanaborg stasjon,2026-09-07T23:31:00+02:00,2026-09-07T23:31:24+02:00,2026-09-07T23:31:24+02:00,24.0,1,Lillestrøm,VYG:Line:L1,Spikkestad-Oslo S-Lillestrøm,L1,rail,VYG:ServiceJourney:2274_443709-R,True,actual,False,,,,,2026-09-08T00:20:52.129880+02:00
NSR:StopPlace:59641,Fjellhamar stasjon,2026-09-07T22:32:00+02:00,2026-09-07T22:32:24+02:00,2026-09-07T22:32:24+02:00,24.0,1,Asker,VYG:Line:L1,Spikkestad-Oslo S-Lillestrøm,L1,rail,VYG:ServiceJourney:2171_443582-R,True,actual,False,,,,,2026-09-08T00:20:52.129880+02:00
NSR:StopPlace:59642,Rånåsfoss stasjon,2026-09-07T22:19:00+02:00,2026-09-07T22:19:24+02:00,2026-09-07T22:19:24+02:00,24.0,1,Asker,VYG:Line:R14,Asker-Oslo S-Kongsvinger,R14,rail,VYG:ServiceJourney:1036_442948-R,True,actual,False,,,,,2026-09-08T00:20:52.129880+02:00
NSR:StopPlace:59653,Haugenstua stasjon,2026-09-07T23:25:00+02:00,2026-09-07T23:25:24+02:00,2026-09-07T23:25:24+02:00,24.0,1,Spikkestad,VYG:Line:L1,Spikkestad-Oslo S-Lillestrøm,L1,rail,VYG:ServiceJourney:2275_443710-R,True,actual,False,,,,,2026-09-08T00:20:52.129880+02:00
NSR:StopPlace:60736,Spikkestad stasjon,2026-09-07T21:46:00+02:00,2026-09-07T21:46:24+02:00,2026-09-07T21:46:24+02:00,24.0,1,Lillestrøm,VYG:Line:L1,Spikkestad-Oslo S-Lillestrøm,L1,rail,VYG:ServiceJourney:2272_465117-R,True,actual,False,,,,,2026-09-08T00:20:52.129880+02:00
NSR:StopPlace:60736,Spikkestad stasjon,2026-09-07T22:16:00+02:00,2026-09-07T22:16:24+02:00,2026-09-07T22:16:24+02:00,24.0,1,Lillestrøm,VYG:Line:L1,Spikkestad-Oslo S-Lillestrøm,L1,rail,VYG:ServiceJourney:2274_443709-R,True,actual,False,,,,,2026-09-08T00:20:52.129880+02:00
NSR:StopPlace:59958,Voss stasjon,2026-09-07T21:07:00+02:00,2026-09-07T21:07:24+02:00,2026-09-07T21:07:24+02:00,24.0,1,Bergen,VYG:Line:R40,Bergen-Voss-Myrdal-Ål,R40,rail,VYG:ServiceJourney:1837_443424-R,True,actual,False,,,,,2026-09-08T00:20:52.129880+02:00
NSR:StopPlace:59638,Myrvoll stasjon,2026-09-07T22:26:00+02:00,2026-09-07T22:26:24+02:00,2026-09-07T22:26:24+02:00,24.0,1,Ski stasjon,RUT:Line:580,Kolbotn - Ski,580,bus,RUT:ServiceJourney:f468f64d12145c42d5b1968ba4ded0ee,True,actual,False,,,,,2026-09-08T00:20:52.129880+02:00
NSR:StopPlace:59638,Myrvoll stasjon,2026-09-07T23:07:00+02:00,2026-09-07T23:07:24+02:00,2026-09-07T23:07:24+02:00,24.0,1,Kolbotn torg,RUT:Line:580,Kolbotn - Ski,580,bus,RUT:ServiceJourney:2f77db51fbb6bea2565113561804de4d,True,actual,False,,,,,2026-09-08T00:20:52.129880+02:00
NSR:StopPlace:58963,Jessheim stasjon,2026-09-07T23:06:00+02:00,2026-09-07T23:06:24+02:00,2026-09-07T23:06:24+02:00,24.0,1,Oslo lufthavn,RUT:Line:450,Årnes - Oslo lufthavn,450,bus,RUT:ServiceJourney:83c2085475080fc829420e1d90f1f9a0,True,actual,False,,,,,2026-09-08T00:20:52.129880+02:00
NSR:StopPlace:58925,Gausel stasjon,2026-09-07T22:17:00+02:00,2026-09-07T22:17:24+02:00,2026-09-07T22:17:24+02:00,24.0,1,Forus,KOL:Line:8_1003,2,2,bus,KOL:ServiceJourney:1003_251014071397964_1140,True,actual,False,,,,,2026-09-08T00:20:52.129880+02:00
NSR:StopPlace:58930,Larvik stasjon,2026-09-07T23:32:00+02:00,2026-09-07T23:32:24+02:00,2026-09-07T23:32:24+02:00,24.0,1,Drammen,VYG:Line:RE11,Eidsvoll-Oslo S-Skien,RE11,rail,VYG:ServiceJourney:840-SKN_444420-R,True,actual,False,,,,,2026-09-08T00:20:52.129880+02:00
NSR:StopPlace:58948,Stjørdal stasjon,2026-09-07T22:28:00+02:00,2026-09-07T22:28:24+02:00,2026-09-07T22:28:24+02:00,24.0,1,Remyra via Stokkanvegen,ATB:Line:2_91,91 StjørdalSt-Remyrv.,91,bus,ATB:ServiceJourney:91_260220075615196_80,True,actual,False,,,,,2026-09-08T00:20:52.129880+02:00
NSR:StopPlace:58795,Kambo stasjon,2026-09-07T23:30:00+02:00,2026-09-07T23:30:24+02:00,2026-09-07T23:30:24+02:00,24.0,1,Stabekk,VYG:Line:R21,Stabekk-Oslo S-Moss,R21,rail,VYG:ServiceJourney:1178-MOS_443076-R,True,actual,False,,,,,2026-09-08T00:20:52.129880+02:00
NSR:StopPlace:62309,Ljan stasjon,2026-09-08T00:05:00+02:00,2026-09-08T00:05:24+02:00,2026-09-08T00:05:24+02:00,24.0,1,Stabekk,VYG:Line:L2,Stabekk-Oslo S-Ski,L2,rail,VYG:ServiceJourney:2780-SKI_444006-R,True,actual,False,,,,,2026-09-08T00:20:52.129880+02:00
NSR:StopPlace:61464,Hvalstad stasjon,2026-09-07T17:54:00+02:00,2026-09-07T17:54:24+02:00,2026-09-07T17:54:24+02:00,24.0,1,Lillestrøm,VYG:Line:L1,Spikkestad-Oslo S-Lillestrøm,L1,rail,VYG:ServiceJourney:2154_443563-R,True,actual,False,,,,,2026-09-07T20:27:16.249662+02:00
NSR:StopPlace:61464,Hvalstad stasjon,2026-09-07T19:39:00+02:00,2026-09-07T19:39:24+02:00,2026-09-07T19:39:24+02:00,24.0,1,Spikkestad,VYG:Line:L1,Spikkestad-Oslo S-Lillestrøm,L1,rail,VYG:ServiceJourney:2257_443680-R,True,actual,False,,,,,2026-09-07T20:27:16.249662+02:00
NSR:StopPlace:61897,Bryn stasjon,2026-09-07T20:05:00+02:00,2026-09-07T20:05:24+02:00,2026-09-07T20:05:24+02:00,24.0,1,Spikkestad,VYG:Line:L1,Spikkestad-Oslo S-Lillestrøm,L1,rail,VYG:ServiceJourney:2261_443688-R,True,actual,False,,,,,2026-09-07T20:27:16.249662+02:00
NSR:StopPlace:61897,Bryn stasjon,2026-09-07T20:15:00+02:00,2026-09-07T20:15:24+02:00,2026-09-07T20:15:24+02:00,24.0,1,Lillestrøm,VYG:Line:L1,Spikkestad-Oslo S-Lillestrøm,L1,rail,VYG:ServiceJourney:2262_443690-R,True,actual,False,,,,,2026-09-07T20:27:16.249662+02:00
NSR:StopPlace:59650,Nyland stasjon,2026-09-07T17:36:00+02:00,2026-09-07T17:36:24+02:00,2026-09-07T17:36:24+02:00,24.0,1,Lillestrøm,VYG:Line:L1,Spikkestad-Oslo S-Lillestrøm,L1,rail,VYG:ServiceJourney:2150_443559-R,True,actual,False,,,,,2026-09-07T20:27:16.249662+02:00
NSR:StopPlace:58964,Kløfta stasjon,2026-09-07T19:51:00+02:00,2026-09-07T19:51:24+02:00,2026-09-07T19:51:24+02:00,24.0,1,Kløfta,RUT:Line:425,Kløfta – Oslo lufthavn,425,bus,RUT:ServiceJourney:91ac39953d3d21981c1e1f59868bcd50,True,actual,False,,,,,2026-09-07T20:27:16.249662+02:00
NSR:StopPlace:58934,Lassemoen stasjon,2026-09-07T18:45:00+02:00,2026-09-07T18:45:24+02:00,2026-09-07T18:45:24+02:00,24.0,1,Trondheim S,SJN:Line:71,Nordlandsbanen,F7,rail,SJN:ServiceJourney:472_46160-R,True,actual,False,,,,,2026-09-07T20:27:16.249662+02:00
NSR:StopPlace:58935,Levanger stasjon,2026-09-07T19:14:00+02:00,2026-09-07T19:14:24+02:00,2026-09-07T19:14:24+02:00,24.0,1,Lundamo,SJN:Line:26,Trønderbanen,R70,rail,SJN:ServiceJourney:448_56077-R,True,actual,False,,,,,2026-09-07T20:27:16.249662+02:00
NSR:StopPlace:58793,Askim stasjon,2026-09-07T17:35:00+02:00,2026-09-07T17:35:24+02:00,2026-09-07T17:35:24+02:00,24.0,1,Sørlia-Skoglia-Askim stasjon,OST:Line:1_40,Askim sentrum nord,40,bus,OST:ServiceJourney:40_260430063327129_10,True,actual,False,,,,,2026-09-07T20:27:16.249662+02:00
NSR:StopPlace:58830,Brakerøya stasjon,2026-09-07T19:21:00+02:00,2026-09-07T19:21:24+02:00,2026-09-07T19:21:24+02:00,24.0,1,Drammen,VYG:Line:R13,Drammen-Oslo S-Dal,R13,rail,VYG:ServiceJourney:1654_443330-R,True,actual,False,,,,,2026-09-07T20:27:16.249662+02:00
NSR:StopPlace:58836,Mjøndalen stasjon,2026-09-07T19:54:00+02:00,2026-09-07T19:54:24+02:00,2026-09-07T19:54:24+02:00,24.0,1,Kongsberg,VYG:Line:R12,Kongsberg-Oslo S-Eidsvoll,R12,rail,VYG:ServiceJourney:529_444336-R,True,actual,False,,,,,2026-09-07T20:27:16.249662+02:00
NSR:StopPlace:58839,Steinberg stasjon,2026-09-07T19:57:00+02:00,2026-09-07T19:57:24+02:00,2026-09-07T19:57:24+02:00,24.0,1,Kongsberg,VYG:Line:R12,Kongsberg-Oslo S-Eidsvoll,R12,rail,VYG:ServiceJourney:529_444336-R,True,actual,False,,,,,2026-09-07T20:27:16.249662+02:00
NSR:StopPlace:58865,Vestby stasjon,2026-09-07T18:50:00+02:00,2026-09-07T18:50:24+02:00,2026-09-07T18:50:24+02:00,24.0,1,Randem,RUT:Line:533,Randem - Vestby stasjon,533,bus,RUT:ServiceJourney:d111ab2f1fbe13f8d5fb1edbd6d9d5c9,True,actual,False,,,,,2026-09-07T20:27:16.249662+02:00
NSR:StopPlace:58860,Oppegård stasjon,2026-09-07T19:01:00+02:00,2026-09-07T19:01:24+02:00,2026-09-07T19:01:24+02:00,24.0,1,Ski stasjon,RUT:Line:580,Kolbotn - Ski,580,bus,RUT:ServiceJourney:5d1d1d1fc829885344b62e1f866e171b,True,actual,False,,,,,2026-09-07T20:27:16.249662+02:00
NSR:StopPlace:58211,Oslo lufthavn,2026-09-07T16:59:00+02:00,2026-09-07T16:59:24+02:00,2026-09-07T16:59:24+02:00,24.0,1,Lillehammer,VYG:Line:RE10,Drammen-Oslo S-Lillehammer,RE10,rail,VYG:ServiceJourney:325-SUD_444215-R,True,actual,False,,,,,2026-09-07T20:27:16.249662+02:00
NSR:StopPlace:117,Elverum stasjon,2026-09-07T18:41:00+02:00,2026-09-07T18:41:24+02:00,2026-09-07T18:41:24+02:00,24.0,1,Røros,SJN:Line:25,Rørosbanen,R60,rail,SJN:ServiceJourney:2391_54213-R,True,actual,False,,,,,2026-09-07T20:27:16.249662+02:00
NSR:StopPlace:610,Sandvika stasjon,2026-09-07T17:20:00+02:00,2026-09-07T17:20:24+02:00,2026-09-07T17:20:24+02:00,24.0,1,Oslo Lufthavn,FLT:Line:FLY1,FLY1,FLY1,rail,FLT:ServiceJourney:1-2614-3779-20260907,True,actual,False,,,,,2026-09-07T20:27:16.249662+02:00
NSR:StopPlace:610,Sandvika stasjon,2026-09-07T18:05:00+02:00,2026-09-07T18:05:24+02:00,2026-09-07T18:05:24+02:00,24.0,1,Eidsvoll,VYG:Line:RE11,Eidsvoll-Oslo S-Skien,RE11,rail,VYG:ServiceJourney:826_481332-R,True,actual,False,Færre vogner,Denne avgangen kjører dessverre med 5 vogner i stedet for 10 vogner. Dette skyldes at vi mangler et togsett.,general,normal,2026-09-07T20:27:16.249662+02:00
NSR:StopPlace:61169,Marienborg stasjon,2026-09-07T14:33:00+02:00,2026-09-07T14:33:24+02:00,2026-09-07T14:33:24+02:00,24.0,1,Østmarka via Lerkendal-Strindh.,ATB:Line:2_13,Østmarka - Strindheim - Lerkendal - Havstad,13,bus,ATB:ServiceJourney:13_251215112552682_79,True,actual,False,,,,,2026-09-07T15:44:36.205822+02:00
NSR:StopPlace:61463,Nordstrand stasjon,2026-09-07T14:52:00+02:00,2026-09-07T14:52:24+02:00,2026-09-07T14:52:24+02:00,24.0,1,Lysaker,VYG:Line:L2,Stabekk-Oslo S-Ski,L2,rail,VYG:ServiceJourney:2842-SKI_444074-R,True,actual,False,Færre vogner,Denne avgangen kjører dessverre med 3 vogner i stedet for 6 vogner. Dette skyldes at vi mangler et togsett.,general,normal,2026-09-07T15:44:36.205822+02:00
NSR:StopPlace:33,Ranheim stasjon,2026-09-07T14:29:00+02:00,2026-09-07T14:29:24+02:00,2026-09-07T14:29:24+02:00,24.0,1,Steinkjer,SJN:Line:26,Trønderbanen,R70,rail,SJN:ServiceJourney:439_56068-R,True,actual,False,,,,,2026-09-07T15:44:36.205822+02:00
NSR:StopPlace:59687,Grong stasjon,2026-09-07T15:30:00+02:00,2026-09-07T15:30:24+02:00,2026-09-07T15:30:24+02:00,24.0,1,Namsos skysstasjon,ATB:Line:2_695,Namsos - Grong - (Harran),695,bus,ATB:ServiceJourney:695_260106098640298_7,True,actual,False,,,,,2026-09-07T15:44:36.205822+02:00
NSR:StopPlace:59243,Mo i Rana stasjon,2026-09-07T15:15:00+02:00,2026-09-07T15:15:24+02:00,2026-09-07T15:15:24+02:00,24.0,1,Storforsheia,NOR:Line:12_8365,Mo-Storforsheia-Krokstrand,300,bus,NOR:ServiceJourney:8365_251012124858435_1005,True,actual,False,,,,,2026-09-07T15:44:36.205822+02:00
NSR:StopPlace:58918,Nodeland stasjon,2026-09-07T13:21:00+02:00,2026-09-07T13:21:24+02:00,2026-09-07T13:21:24+02:00,24.0,1,Oslo S,GOA:Line:50,Sørtoget region,F5,rail,GOA:ServiceJourney:710-KVB_71575-R,True,actual,False,,,,,2026-09-07T15:44:36.205822+02:00
NSR:StopPlace:58935,Levanger stasjon,2026-09-07T13:14:00+02:00,2026-09-07T13:14:24+02:00,2026-09-07T13:14:24+02:00,24.0,1,Melhus skysstasjon,SJN:Line:26,Trønderbanen,R70,rail,SJN:ServiceJourney:436-STK_56065-R,True,actual,False,,,,,2026-09-07T15:44:36.205822+02:00
NSR:StopPlace:58797,Mysen stasjon,2026-09-07T15:40:00+02:00,2026-09-07T15:40:24+02:00,2026-09-07T15:40:24+02:00,24.0,1,Åsgård-Rakkestad,OST:Line:1_417,Østbygda-Degernes-Mysen,417,bus,OST:ServiceJourney:417_260325121473095_4,True,actual,False,,,,,2026-09-07T15:44:36.205822+02:00
NSR:StopPlace:58799,Rygge stasjon,2026-09-07T13:55:00+02:00,2026-09-07T13:55:24+02:00,2026-09-07T13:55:24+02:00,24.0,1,Halden,VYG:Line:RE20,Oslo S-Halden-Göteborg (X-Border),RE20,rail,VYG:ServiceJourney:117-LOD_673472-R,True,actual,False,,,,,2026-09-07T15:44:36.205822+02:00
NSR:StopPlace:58790,Verdal stasjon,2026-09-07T15:00:00+02:00,2026-09-07T15:00:24+02:00,2026-09-07T15:00:24+02:00,24.0,1,Steinkjer,SJN:Line:26,Trønderbanen,R70,rail,SJN:ServiceJourney:437_56066-R,True,actual,False,,,,,2026-09-07T15:44:36.205822+02:00
NSR:StopPlace:59654,Stabekk stasjon,2026-09-07T07:36:00+02:00,2026-09-07T07:36:24+02:00,2026-09-07T07:36:24+02:00,24.0,1,Moss,VYG:Line:R21,Stabekk-Oslo S-Moss,R21,rail,VYG:ServiceJourney:1111-HVK_442986-R,True,actual,False,,,,,2026-09-07T08:42:24.659182+02:00
NSR:StopPlace:60736,Spikkestad stasjon,2026-09-07T08:16:00+02:00,2026-09-07T08:16:24+02:00,2026-09-07T08:16:24+02:00,24.0,1,Lillestrøm,VYG:Line:L1,Spikkestad-Oslo S-Lillestrøm,L1,rail,VYG:ServiceJourney:2218_443613-R,True,actual,False,,,,,2026-09-07T08:42:24.659182+02:00
NSR:StopPlace:59977,Trondheim S,2026-09-07T05:37:00+02:00,2026-09-07T05:37:24+02:00,2026-09-07T05:37:24+02:00,24.0,1,Hamar,SJN:Line:25,Rørosbanen,R60,rail,SJN:ServiceJourney:2382_48224-R,True,actual,False,,,,,2026-09-07T08:42:24.659182+02:00
NSR:StopPlace:60042,Trengereid stasjon,2026-09-07T07:22:00+02:00,2026-09-07T07:22:24+02:00,2026-09-07T07:22:24+02:00,24.0,1,Myrdal,VYG:Line:R40,Bergen-Voss-Myrdal-Ål,R40,rail,VYG:ServiceJourney:1804_465739-R,True,actual,False,,,,,2026-09-07T08:42:24.659182+02:00
NSR:StopPlace:59243,Mo i Rana stasjon,2026-09-07T08:42:00+02:00,2026-09-07T08:42:24+02:00,2026-09-07T08:42:24+02:00,24.0,1,Sykehuset Mo,NOR:Line:12_8372,Kvernkroken - Sykehuset Mo,2,bus,NOR:ServiceJourney:8372_251012124855330_1006,True,actual,False,,,,,2026-09-07T08:42:24.659182+02:00
NSR:StopPlace:59616,Asker stasjon,2026-09-07T06:09:00+02:00,2026-09-07T06:09:24+02:00,2026-09-07T06:09:24+02:00,24.0,1,Lillehammer,VYG:Line:RE10,Drammen-Oslo S-Lillehammer,RE10,rail,VYG:ServiceJourney:305-SUD_444133-R,True,actual,False,,,,,2026-09-07T08:42:24.659182+02:00
NSR:StopPlace:59636,Holmlia stasjon,2026-09-07T06:57:00+02:00,2026-09-07T06:57:24+02:00,2026-09-07T06:57:24+02:00,24.0,1,Bjørndal,RUT:Line:77,Holmlia stasjon - Bjørndal,77,bus,RUT:ServiceJourney:2466a9f4a178e9470c17e5834c8d2c27,True,actual,False,,,,,2026-09-07T08:42:24.659182+02:00
NSR:StopPlace:58952,Bodø stasjon,2026-09-07T08:02:00+02:00,2026-09-07T08:02:24+02:00,2026-09-07T08:02:24+02:00,24.0,1,Tverlandet,NOR:Line:12_8004,Tverlandet - Bodø sentrum - Løpsmarka,4,bus,NOR:ServiceJourney:8004_251012124900554_1007,True,actual,False,,,,,2026-09-07T08:42:24.659182+02:00
NSR:StopPlace:58963,Jessheim stasjon,2026-09-07T06:52:00+02:00,2026-09-07T06:52:24+02:00,2026-09-07T06:52:24+02:00,24.0,1,Årnes,RUT:Line:450,Årnes - Oslo lufthavn,450,bus,RUT:ServiceJourney:73f23d42a5be12cf2c709f5d7204395e,True,actual,False,,,,,2026-09-07T08:42:24.659182+02:00
NSR:StopPlace:58932,Hommelvik stasjon,2026-09-07T08:15:00+02:00,2026-09-07T08:15:24+02:00,2026-09-07T08:15:24+02:00,24.0,1,Sveberg skole,ATB:Line:2_205,Storsand/Smiskaret- Hommelvik,205,bus,ATB:ServiceJourney:205_251215112549857_2,True,actual,False,,,,,2026-09-07T08:42:24.659182+02:00
NSR:StopPlace:58790,Verdal stasjon,2026-09-07T07:29:00+02:00,2026-09-07T07:29:24+02:00,2026-09-07T07:29:24+02:00,24.0,1,Verdal vgs.,ATB:Line:2_7201,Inderøy - Verdal,7201,bus,ATB:ServiceJourney:7201_260106098640975_2,True,actual,False,,,,,2026-09-07T08:42:24.659182+02:00
NSR:StopPlace:58793,Askim stasjon,2026-09-07T08:15:00+02:00,2026-09-07T08:15:24+02:00,2026-09-07T08:15:24+02:00,24.0,1,Skoglia-Sørlia-Askim stasjon,OST:Line:1_41,Bybuss Askim sentrum nord,41,bus,OST:ServiceJourney:41_260325121476076_3,True,actual,False,,,,,2026-09-07T08:42:24.659182+02:00
NSR:StopPlace:58795,Kambo stasjon,2026-09-07T06:30:00+02:00,2026-09-07T06:30:24+02:00,2026-09-07T06:30:24+02:00,24.0,1,Stabekk,VYG:Line:R21,Stabekk-Oslo S-Moss,R21,rail,VYG:ServiceJourney:1110-MOS_442985-R,True,actual,False,,,,,2026-09-07T08:42:24.659182+02:00
NSR:StopPlace:58844,Eidsvoll stasjon,2026-09-07T07:15:00+02:00,2026-09-07T07:15:24+02:00,2026-09-07T07:15:24+02:00,24.0,1,Jessheim,RUT:Line:430,Eidsvoll - Jessheim,430,bus,RUT:ServiceJourney:5d39088c17331f28e6e7089d0ef8eb63,True,actual,False,,,,,2026-09-07T08:42:24.659182+02:00
NSR:StopPlace:58858,Nittedal stasjon,2026-09-07T06:35:00+02:00,2026-09-07T06:35:24+02:00,2026-09-07T06:35:24+02:00,24.0,1,Dam,RUT:Line:386,Nittedal stasjon - Kruttverket - Dam,386,bus,RUT:ServiceJourney:2c1c475885446eaabd1c50b595dbefde,True,actual,False,,,,,2026-09-07T08:42:24.659182+02:00
NSR:StopPlace:58851,Heggedal stasjon,2026-09-07T06:55:00+02:00,2026-09-07T06:55:24+02:00,2026-09-07T06:55:24+02:00,24.0,1,Spikkestad,VYG:Line:L1,Spikkestad-Oslo S-Lillestrøm,L1,rail,VYG:ServiceJourney:2205_443593-R,True,actual,False,Færre vogner,Denne avgangen kjører dessverre med 4 vogner i stedet for 8 vogner. Dette skyldes at vi mangler et togsett.,general,normal,2026-09-07T08:42:24.659182+02:00
NSR:StopPlace:58851,Heggedal stasjon,2026-09-07T08:22:00+02:00,2026-09-07T08:22:24+02:00,2026-09-07T08:22:24+02:00,24.0,1,Asker,RUT:Line:285,Heggedal - Blakstad - Asker,285,bus,RUT:ServiceJourney:412b1b0d477a0f59ca216d048de1b24f,True,actual,False,,,,,2026-09-07T08:42:24.659182+02:00
NSR:StopPlace:58851,Heggedal stasjon,2026-09-07T08:25:00+02:00,2026-09-07T08:25:24+02:00,2026-09-07T08:25:24+02:00,24.0,1,Spikkestad,VYG:Line:L1,Spikkestad-Oslo S-Lillestrøm,L1,rail,VYG:ServiceJourney:2211_443602-R,True,actual,False,,,,,2026-09-07T08:42:24.659182+02:00
NSR:StopPlace:58866,Vevelstad stasjon,2026-09-07T05:44:00+02:00,2026-09-07T05:44:24+02:00,2026-09-07T05:44:24+02:00,24.0,1,Stabekk,VYG:Line:L2,Stabekk-Oslo S-Ski,L2,rail,VYG:ServiceJourney:2708-SKI_443914-R,True,actual,False,,,,,2026-09-07T08:42:24.659182+02:00
NSR:StopPlace:58862,Strømmen stasjon,2026-09-07T07:30:00+02:00,2026-09-07T07:30:24+02:00,2026-09-07T07:30:24+02:00,24.0,1,Asker,VYG:Line:L1,Spikkestad-Oslo S-Lillestrøm,L1,rail,VYG:ServiceJourney:2111_728233-R,True,actual,False,Færre vogner,Denne avgangen kjører dessverre med 4 vogner i stedet for 8 vogner. Dette skyldes at vi mangler et togsett.,general,normal,2026-09-07T08:42:24.659182+02:00
NSR:StopPlace:58874,Stokke stasjon,2026-09-07T06:32:00+02:00,2026-09-07T06:32:24+02:00,2026-09-07T06:32:24+02:00,24.0,1,Tønsberg,VKT:Line:520,Tønsberg-Stokke,520,bus,VKT:ServiceJourney:17296,True,actual,False,,,,,2026-09-07T08:42:24.659182+02:00
NSR:StopPlace:58872,Sandefjord stasjon,2026-09-07T05:47:00+02:00,2026-09-07T05:47:24+02:00,2026-09-07T05:47:24+02:00,24.0,1,Eidsvoll,VYG:Line:RE11,Eidsvoll-Oslo S-Skien,RE11,rail,VYG:ServiceJourney:804_444384-R,True,actual,False,,,,,2026-09-07T08:42:24.659182+02:00
NSR:StopPlace:58803,Tomter stasjon,2026-09-07T07:58:00+02:00,2026-09-07T07:58:24+02:00,2026-09-07T07:58:24+02:00,24.0,1,Oslo S,VYG:Line:R22,Skøyen-Oslo S-Mysen-Rakkestad,R22,rail,VYG:ServiceJourney:1954_443500-R,True,actual,False,,,,,2026-09-07T08:42:24.659182+02:00
NSR:StopPlace:58808,Kongsvinger stasjon,2026-09-07T05:37:00+02:00,2026-09-07T05:37:24+02:00,2026-09-07T05:37:24+02:00,24.0,1,Asker,VYG:Line:R14,Asker-Oslo S-Kongsvinger,R14,rail,VYG:ServiceJourney:1004_442909-R,True,actual,False,,,,,2026-09-07T08:42:24.659182+02:00
NSR:StopPlace:58808,Kongsvinger stasjon,2026-09-07T07:39:00+02:00,2026-09-07T07:39:24+02:00,2026-09-07T07:39:24+02:00,24.0,1,Flisa - Hamar,INN:Line:105,Kongsvinger - Elverum - Hamar,105,bus,INN:ServiceJourney:83633,True,actual,False,,,,,2026-09-07T08:42:24.659182+02:00
NSR:StopPlace:58808,Kongsvinger stasjon,2026-09-07T08:35:00+02:00,2026-09-07T08:35:24+02:00,2026-09-07T08:35:24+02:00,24.0,1,Asker,VYG:Line:R14,Asker-Oslo S-Kongsvinger,R14,rail,VYG:ServiceJourney:1010_442915-R,True,actual,False,,,,,2026-09-07T08:42:24.659182+02:00
NSR:StopPlace:58811,Moelv stasjon,2026-09-07T07:36:00+02:00,2026-09-07T07:36:24+02:00,2026-09-07T07:36:24+02:00,24.0,1,Fossen - Næroset,INN:Line:610,Næroset - Fossen - Moelv,610,bus,INN:ServiceJourney:83019,True,actual,False,,,,,2026-09-07T08:42:24.659182+02:00
NSR:StopPlace:58211,Oslo lufthavn,2026-09-07T06:40:00+02:00,2026-09-07T06:40:24+02:00,2026-09-07T06:40:24+02:00,24.0,1,Scandinavia hotell via Helsfyr-Hasle-Bislett,NBU:Line:a7c15243-8873-4aee-a8b4-8d22e8ad31dc,Oslo sentrum via Helsfyr-Hasle-Bislett,FB5,bus,NBU:ServiceJourney:d77e0fad-12d1-441c-a8bf-407a25003c05,True,actual,False,,,,,2026-09-07T08:42:24.659182+02:00
NSR:StopPlace:101,Sagdalen stasjon,2026-09-07T06:13:00+02:00,2026-09-07T06:13:24+02:00,2026-09-07T06:13:24+02:00,24.0,1,Spikkestad,VYG:Line:L1,Spikkestad-Oslo S-Lillestrøm,L1,rail,VYG:ServiceJourney:2207_443595-R,True,actual,False,Færre vogner,Denne avgangen kjører dessverre med 4 vogner i stedet for 8 vogner. Dette skyldes at vi mangler et togsett.,general,normal,2026-09-07T08:42:24.659182+02:00
NSR:StopPlace:400,Ler stasjon,2026-09-07T06:31:00+02:00,2026-09-07T06:31:24+02:00,2026-09-07T06:31:24+02:00,24.0,1,Steinkjer,SJN:Line:26,Trønderbanen,R70,rail,SJN:ServiceJourney:425_56054-R,True,actual,False,,,,,2026-09-07T08:42:24.659182+02:00
NSR:StopPlace:610,Sandvika stasjon,2026-09-07T06:14:00+02:00,2026-09-07T06:14:24+02:00,2026-09-07T06:14:24+02:00,24.0,1,Asker,VYG:Line:R14,Asker-Oslo S-Kongsvinger,R14,rail,VYG:ServiceJourney:1002_442907-R,True,actual,False,,,,,2026-09-07T08:42:24.659182+02:00
NSR:StopPlace:62094,Lindeberg stasjon,2026-09-07T06:37:00+02:00,2026-09-07T06:37:24+02:00,2026-09-07T06:37:24+02:00,24.0,1,Dal,VYG:Line:R13,Drammen-Oslo S-Dal,R13,rail,VYG:ServiceJourney:1605_443222-R,True,actual,False,,,,,2026-09-07T08:42:24.659182+02:00
NSR:StopPlace:62309,Ljan stasjon,2026-09-07T06:24:00+02:00,2026-09-07T06:24:24+02:00,2026-09-07T06:24:24+02:00,24.0,1,Ski,VYG:Line:L2,Stabekk-Oslo S-Ski,L2,rail,VYG:ServiceJourney:2705-HVK_443911-R,True,actual,False,,,,,2026-09-07T08:42:24.659182+02:00
NSR:StopPlace:58856,Lysaker stasjon,2026-09-07T03:11:00+02:00,2026-09-07T03:11:24+02:00,2026-09-07T03:11:24+02:00,24.0,1,Fornebu,RUT:Line:31,Snarøya - Fornebu - Tonsenhagen - Grorud,31,bus,RUT:ServiceJourney:8e7f740aa6d87e5c1f8ef5cffffa3ce9,True,actual,False,,,,,2026-09-07T03:30:22.110925+02:00
NSR:StopPlace:61291,Stavanger stasjon,2026-09-07T22:15:00+02:00,2026-09-07T22:15:23+02:00,2026-09-07T22:15:23+02:00,23.0,1,Oslo S,GOA:Line:50,Sørtoget region,F5,rail,GOA:ServiceJourney:726-KVB_63257-R,True,actual,False,,,,,2026-09-08T00:20:52.129880+02:00
NSR:StopPlace:59952,Drammen stasjon,2026-09-07T23:02:00+02:00,2026-09-07T23:02:23+02:00,2026-09-07T23:02:23+02:00,23.0,1,Oslo Lufthavn,FLT:Line:FLY1,FLY1,FLY1,rail,FLT:ServiceJourney:1-2614-3815-20260907,True,actual,False,,,,,2026-09-08T00:20:52.129880+02:00
NSR:StopPlace:58930,Larvik stasjon,2026-09-07T22:45:00+02:00,2026-09-07T22:45:23+02:00,2026-09-07T22:45:23+02:00,23.0,1,Larvik-Sandefjord,VKT:Line:4,Torp-Sandefjord-Larvik-Stavern,4,bus,VKT:ServiceJourney:17716,True,actual,False,,,,,2026-09-08T00:20:52.129880+02:00
NSR:StopPlace:58795,Kambo stasjon,2026-09-07T22:06:00+02:00,2026-09-07T22:06:23+02:00,2026-09-07T22:06:23+02:00,23.0,1,Skredderåsen-Moss sentrum,OST:Line:1_22,Skredderåsen-Kambo,22,bus,OST:ServiceJourney:22_260821062930376_90,True,actual,False,,,,,2026-09-08T00:20:52.129880+02:00
NSR:StopPlace:58843,Blommenholm stasjon,2026-09-07T21:50:00+02:00,2026-09-07T21:50:23+02:00,2026-09-07T21:50:23+02:00,23.0,1,Lillestrøm,VYG:Line:L1,Spikkestad-Oslo S-Lillestrøm,L1,rail,VYG:ServiceJourney:2270_443703-R,True,actual,False,,,,,2026-09-08T00:20:52.129880+02:00
NSR:StopPlace:206,Mariero stasjon,2026-09-07T23:59:00+02:00,2026-09-07T23:59:23+02:00,2026-09-07T23:59:23+02:00,23.0,1,Egersund,GOA:Line:59,Jærbanen,L5,rail,GOA:ServiceJourney:3078_63142-R,True,actual,False,,,,,2026-09-08T00:20:52.129880+02:00
NSR:StopPlace:61251,Øksnavadporten stasjon,2026-09-07T19:49:00+02:00,2026-09-07T19:49:23+02:00,2026-09-07T19:49:23+02:00,23.0,1,Nærbø,GOA:Line:59,Jærbanen,L5,rail,GOA:ServiceJourney:3062_63118-R,True,actual,False,,,,,2026-09-07T20:27:16.249662+02:00
NSR:StopPlace:61291,Stavanger stasjon,2026-09-07T17:53:00+02:00,2026-09-07T17:53:23+02:00,2026-09-07T17:53:23+02:00,23.0,1,Egersund,GOA:Line:59,Jærbanen,L5,rail,GOA:ServiceJourney:3056_63108-R,True,actual,False,,,,,2026-09-07T20:27:16.249662+02:00
NSR:StopPlace:61466,Vakås stasjon,2026-09-07T17:22:00+02:00,2026-09-07T17:22:23+02:00,2026-09-07T17:22:23+02:00,23.0,1,Lillestrøm,VYG:Line:L1,Spikkestad-Oslo S-Lillestrøm,L1,rail,VYG:ServiceJourney:2152_443561-R,True,actual,False,Færre vogner,Denne avgangen kjører dessverre med 4 vogner i stedet for 8 vogner. Dette skyldes at vi mangler et togsett.,general,normal,2026-09-07T20:27:16.249662+02:00
NSR:StopPlace:41,Hanaborg stasjon,2026-09-07T17:49:00+02:00,2026-09-07T17:49:23+02:00,2026-09-07T17:49:23+02:00,23.0,1,Spikkestad,VYG:Line:L1,Spikkestad-Oslo S-Lillestrøm,L1,rail,VYG:ServiceJourney:2253_443674-R,True,actual,False,Færre vogner,Denne avgangen kjører dessverre med 4 vogner i stedet for 8 vogner. Dette skyldes at vi mangler et togsett.,general,normal,2026-09-07T20:27:16.249662+02:00
NSR:StopPlace:59652,Tøyen stasjon,2026-09-07T19:00:00+02:00,2026-09-07T19:00:23+02:00,2026-09-07T19:00:23+02:00,23.0,1,Vippetangen,RUT:Line:60,Vippetangen-Tonsenhagen,60,bus,RUT:ServiceJourney:a707e9217d9f8326b5e6ca0a71f6682c,True,actual,False,,,,,2026-09-07T20:27:16.249662+02:00
NSR:StopPlace:60045,Hamar stasjon,2026-09-07T17:52:00+02:00,2026-09-07T17:52:23+02:00,2026-09-07T17:52:23+02:00,23.0,1,Lillehammer,VYG:Line:RE10,Drammen-Oslo S-Lillehammer,RE10,rail,VYG:ServiceJourney:325-SUD_444215-R,True,actual,False,,,,,2026-09-07T20:27:16.249662+02:00
NSR:StopPlace:60045,Hamar stasjon,2026-09-07T20:11:00+02:00,2026-09-07T20:11:23+02:00,2026-09-07T20:11:23+02:00,23.0,1,Drammen,VYG:Line:RE10,Drammen-Oslo S-Lillehammer,RE10,rail,VYG:ServiceJourney:332-LHM_444245-R,True,actual,False,,,,,2026-09-07T20:27:16.249662+02:00
NSR:StopPlace:60077,Støren stasjon,2026-09-07T20:20:00+02:00,2026-09-07T20:20:23+02:00,2026-09-07T20:20:23+02:00,23.0,1,Støren Rådhus,ATB:Line:2_340,Trondheim - Støren,340,bus,ATB:ServiceJourney:340_260106098639862_48,True,actual,False,,,,,2026-09-07T20:27:16.249662+02:00
NSR:StopPlace:59616,Asker stasjon,2026-09-07T16:49:00+02:00,2026-09-07T16:49:23+02:00,2026-09-07T16:49:23+02:00,23.0,1,Dal,VYG:Line:R13,Drammen-Oslo S-Dal,R13,rail,VYG:ServiceJourney:1649_443318-R,True,actual,False,,,,,2026-09-07T20:27:16.249662+02:00
NSR:StopPlace:59636,Holmlia stasjon,2026-09-07T17:30:00+02:00,2026-09-07T17:30:23+02:00,2026-09-07T17:30:23+02:00,23.0,1,Stabekk,VYG:Line:L2,Stabekk-Oslo S-Ski,L2,rail,VYG:ServiceJourney:2754-SKI_443965-R,True,actual,False,,,,,2026-09-07T20:27:16.249662+02:00
NSR:StopPlace:59638,Myrvoll stasjon,2026-09-07T17:21:00+02:00,2026-09-07T17:21:23+02:00,2026-09-07T17:21:23+02:00,23.0,1,Stabekk,VYG:Line:L2,Stabekk-Oslo S-Ski,L2,rail,VYG:ServiceJourney:2754-SKI_443965-R,True,actual,False,,,,,2026-09-07T20:27:16.249662+02:00
NSR:StopPlace:58845,Eidsvoll verk stasjon,2026-09-07T18:00:00+02:00,2026-09-07T18:00:23+02:00,2026-09-07T18:00:23+02:00,23.0,1,Eidsvoll,RUT:Line:430,Eidsvoll - Jessheim,430,bus,RUT:ServiceJourney:f9b0c25a09410c357d952992b67c6a6b,True,actual,False,,,,,2026-09-07T20:27:16.249662+02:00
NSR:StopPlace:58869,Ås stasjon,2026-09-07T19:40:00+02:00,2026-09-07T19:40:23+02:00,2026-09-07T19:40:23+02:00,23.0,1,Moss,VYG:Line:R21,Stabekk-Oslo S-Moss,R21,rail,VYG:ServiceJourney:1157-HVK_443042-R,True,actual,False,,,,,2026-09-07T20:27:16.249662+02:00
NSR:StopPlace:58861,Solbråtan stasjon,2026-09-07T17:38:00+02:00,2026-09-07T17:38:23+02:00,2026-09-07T17:38:23+02:00,23.0,1,Oslo S,VYG:Line:L2,Stabekk-Oslo S-Ski,L2,rail,VYG:ServiceJourney:2854_444092-R,True,actual,False,,,,,2026-09-07T20:27:16.249662+02:00
NSR:StopPlace:58876,Tønsberg stasjon,2026-09-07T18:28:00+02:00,2026-09-07T18:28:23+02:00,2026-09-07T18:28:23+02:00,23.0,1,Tønsberg,VKT:Line:510,Tønsberg-Andebu,510,bus,VKT:ServiceJourney:17177,True,actual,False,Kan oppstå forsinkelser Andebu,Pga. veiarbeid på Gravdal bru vil det kunne oppstå forsinkelser. Vi beklager ulempene. Se vkt.no/avvik for mer info ,incident,normal,2026-09-07T20:27:16.249662+02:00
NSR:StopPlace:58893,Grovane stasjon,2026-09-07T17:07:00+02:00,2026-09-07T17:07:23+02:00,2026-09-07T17:07:23+02:00,23.0,1,Kristiansand via Moseidmoen - Mosby,AKT:Line:30,Kvadraturen - Mosby - Vennesl,30,bus,AKT:ServiceJourney:79461_222_48_123240_126000_40001545,True,actual,False,,,,,2026-09-07T20:27:16.249662+02:00
NSR:StopPlace:58810,Løten stasjon,2026-09-07T18:29:00+02:00,2026-09-07T18:29:23+02:00,2026-09-07T18:29:23+02:00,23.0,1,Røros,SJN:Line:25,Rørosbanen,R60,rail,SJN:ServiceJourney:2391_54213-R,True,actual,False,,,,,2026-09-07T20:27:16.249662+02:00
NSR:StopPlace:393,Leangen stasjon,2026-09-07T18:35:00+02:00,2026-09-07T18:35:23+02:00,2026-09-07T18:35:23+02:00,23.0,1,Lundamo,SJN:Line:26,Trønderbanen,R70,rail,SJN:ServiceJourney:444_56073-R,True,actual,False,,,,,2026-09-07T20:27:16.249662+02:00
NSR:StopPlace:261,Ganddal stasjon,2026-09-07T19:45:00+02:00,2026-09-07T19:45:23+02:00,2026-09-07T19:45:23+02:00,23.0,1,Nærbø,GOA:Line:59,Jærbanen,L5,rail,GOA:ServiceJourney:3062_63118-R,True,actual,False,,,,,2026-09-07T20:27:16.249662+02:00
NSR:StopPlace:702,Sandnes sentrum stasjon,2026-09-07T19:40:00+02:00,2026-09-07T19:40:23+02:00,2026-09-07T19:40:23+02:00,23.0,1,Nærbø,GOA:Line:59,Jærbanen,L5,rail,GOA:ServiceJourney:3062_63118-R,True,actual,False,,,,,2026-09-07T20:27:16.249662+02:00
NSR:StopPlace:62309,Ljan stasjon,2026-09-07T18:50:00+02:00,2026-09-07T18:50:23+02:00,2026-09-07T18:50:23+02:00,23.0,1,Oslo S,VYG:Line:L2,Stabekk-Oslo S-Ski,L2,rail,VYG:ServiceJourney:2858_444098-R,True,actual,False,,,,,2026-09-07T20:27:16.249662+02:00
NSR:StopPlace:62310,Brusand stasjon,2026-09-07T17:40:00+02:00,2026-09-07T17:40:23+02:00,2026-09-07T17:40:23+02:00,23.0,1,Stavanger,GOA:Line:59,Jærbanen,L5,rail,GOA:ServiceJourney:3053_63102-R,True,actual,False,,,,,2026-09-07T20:27:16.249662+02:00
NSR:StopPlace:62392,Slependen stasjon,2026-09-07T17:29:00+02:00,2026-09-07T17:29:23+02:00,2026-09-07T17:29:23+02:00,23.0,1,Lillestrøm,VYG:Line:L1,Spikkestad-Oslo S-Lillestrøm,L1,rail,VYG:ServiceJourney:2152_443561-R,True,actual,False,Færre vogner,Denne avgangen kjører dessverre med 4 vogner i stedet for 8 vogner. Dette skyldes at vi mangler et togsett.,general,normal,2026-09-07T20:27:16.249662+02:00
NSR:StopPlace:60736,Spikkestad stasjon,2026-09-07T13:46:00+02:00,2026-09-07T13:46:23+02:00,2026-09-07T13:46:23+02:00,23.0,1,Lillestrøm,VYG:Line:L1,Spikkestad-Oslo S-Lillestrøm,L1,rail,VYG:ServiceJourney:2240_445337-R,True,actual,False,,,,,2026-09-07T15:44:36.205822+02:00
NSR:StopPlace:58931,Fannrem stasjon,2026-09-07T15:15:00+02:00,2026-09-07T15:15:23+02:00,2026-09-07T15:15:23+02:00,23.0,1,Trondheim S via Orkanger skysst.,ATB:Line:2_310,Trondheim - Orkanger - Fannrem,310,bus,ATB:ServiceJourney:310_260106098639829_49,True,actual,False,,,,,2026-09-07T15:44:36.205822+02:00
NSR:StopPlace:58932,Hommelvik stasjon,2026-09-07T14:32:00+02:00,2026-09-07T14:32:23+02:00,2026-09-07T14:32:23+02:00,23.0,1,Melhus skysstasjon,SJN:Line:26,Trønderbanen,R70,rail,SJN:ServiceJourney:1722-STJ_55556-R,True,actual,False,,,,,2026-09-07T15:44:36.205822+02:00
NSR:StopPlace:58935,Levanger stasjon,2026-09-07T15:27:00+02:00,2026-09-07T15:27:23+02:00,2026-09-07T15:27:23+02:00,23.0,1,Trones via Verdal,ATB:Line:2_640,Levanger - Steinkjer,640,bus,ATB:ServiceJourney:640_260106098640613_14,True,actual,False,,,,,2026-09-07T15:44:36.205822+02:00
NSR:StopPlace:58947,Steinkjer stasjon,2026-09-07T12:38:00+02:00,2026-09-07T12:38:23+02:00,2026-09-07T12:38:23+02:00,23.0,1,Melhus skysstasjon,SJN:Line:26,Trønderbanen,R70,rail,SJN:ServiceJourney:436-STK_56065-R,True,actual,False,,,,,2026-09-07T15:44:36.205822+02:00
NSR:StopPlace:58793,Askim stasjon,2026-09-07T14:10:00+02:00,2026-09-07T14:10:23+02:00,2026-09-07T14:10:23+02:00,23.0,1,Spydeberg-Skiptvet,OST:Line:1_407,Askim-Spydeberg-Askim,407,bus,OST:ServiceJourney:407_260325121471812_4,True,actual,False,,,,,2026-09-07T15:44:36.205822+02:00
NSR:StopPlace:58795,Kambo stasjon,2026-09-07T15:00:00+02:00,2026-09-07T15:00:23+02:00,2026-09-07T15:00:23+02:00,23.0,1,Stabekk,VYG:Line:R21,Stabekk-Oslo S-Moss,R21,rail,VYG:ServiceJourney:1144-MOS_443023-R,True,actual,False,,,,,2026-09-07T15:44:36.205822+02:00
NSR:StopPlace:58836,Mjøndalen stasjon,2026-09-07T14:37:00+02:00,2026-09-07T14:37:23+02:00,2026-09-07T14:37:23+02:00,23.0,1,Hovjordet,BRA:Line:4_6054,Mjøndalen - Hovjordet,54,bus,BRA:ServiceJourney:6054_260415100162422_1021,True,actual,False,,,,,2026-09-07T15:44:36.205822+02:00
NSR:StopPlace:58858,Nittedal stasjon,2026-09-07T14:49:00+02:00,2026-09-07T14:49:23+02:00,2026-09-07T14:49:23+02:00,23.0,1,Lørenskog sentrum,RUT:Line:385,Nittedal stasjon - Olavsgaard - Ahus,385,bus,RUT:ServiceJourney:93e266ecd38e4c7c6d7838d24afe67e8,True,actual,False,,,,,2026-09-07T15:44:36.205822+02:00
NSR:StopPlace:58851,Heggedal stasjon,2026-09-07T15:22:00+02:00,2026-09-07T15:22:23+02:00,2026-09-07T15:22:23+02:00,23.0,1,Asker,RUT:Line:285,Heggedal - Blakstad - Asker,285,bus,RUT:ServiceJourney:1a3ff8cb6ae87d4bac0e215f5d5e1aed,True,actual,False,,,,,2026-09-07T15:44:36.205822+02:00
NSR:StopPlace:58876,Tønsberg stasjon,2026-09-07T13:52:00+02:00,2026-09-07T13:52:23+02:00,2026-09-07T13:52:23+02:00,23.0,1,Skien,VYG:Line:RE11,Eidsvoll-Oslo S-Skien,RE11,rail,VYG:ServiceJourney:817_444397-R,True,actual,False,,,,,2026-09-07T15:44:36.205822+02:00
NSR:StopPlace:58810,Løten stasjon,2026-09-07T14:36:00+02:00,2026-09-07T14:36:23+02:00,2026-09-07T14:36:23+02:00,23.0,1,Hamar - Brumunddal,INN:Line:26,Brumunddal - Hamar - Løten,B26,bus,INN:ServiceJourney:54048,True,actual,False,,,,,2026-09-07T15:44:36.205822+02:00
NSR:StopPlace:58820,Harestua stasjon,2026-09-07T13:47:00+02:00,2026-09-07T13:47:23+02:00,2026-09-07T13:47:23+02:00,23.0,1,Oslo S,VYG:Line:RE30,Oslo S-Gjøvik,RE30,rail,VYG:ServiceJourney:BUS-1218_655041-R,True,actual,False,,,,,2026-09-07T15:44:36.205822+02:00
NSR:StopPlace:58825,Raufoss stasjon,2026-09-07T15:40:00+02:00,2026-09-07T15:40:23+02:00,2026-09-07T15:40:23+02:00,23.0,1,Hunndalen,INN:Line:403,Gjøvik-Raufoss-Reinsvoll-Lena,403,bus,INN:ServiceJourney:65765,True,actual,False,,,,,2026-09-07T15:44:36.205822+02:00
NSR:StopPlace:425,Vinstra stasjon,2026-09-07T13:39:00+02:00,2026-09-07T13:39:23+02:00,2026-09-07T13:39:23+02:00,23.0,1,Oslo S,SJN:Line:21,Dovrebanen,F6,rail,SJN:ServiceJourney:44-TND_47992-R,True,actual,False,,,,,2026-09-07T15:44:36.205822+02:00
NSR:StopPlace:416,Vikhammer stasjon,2026-09-07T15:21:00+02:00,2026-09-07T15:21:23+02:00,2026-09-07T15:21:23+02:00,23.0,1,Ler,SJN:Line:26,Trønderbanen,R70,rail,SJN:ServiceJourney:438_56067-R,True,actual,False,,,,,2026-09-07T15:44:36.205822+02:00
NSR:StopPlace:61291,Stavanger stasjon,2026-09-07T06:03:00+02:00,2026-09-07T06:03:23+02:00,2026-09-07T06:03:23+02:00,23.0,1,Skeiane,GOA:Line:59,Jærbanen,L5,rail,GOA:ServiceJourney:3106_63151-R,True,actual,False,,,,,2026-09-07T08:42:24.659182+02:00
NSR:StopPlace:61291,Stavanger stasjon,2026-09-07T06:19:00+02:00,2026-09-07T06:19:23+02:00,2026-09-07T06:19:23+02:00,23.0,1,Nærbø,GOA:Line:59,Jærbanen,L5,rail,GOA:ServiceJourney:3010_63042-R,True,actual,False,,,,,2026-09-07T08:42:24.659182+02:00
NSR:StopPlace:61169,Marienborg stasjon,2026-09-07T07:50:00+02:00,2026-09-07T07:50:23+02:00,2026-09-07T07:50:23+02:00,23.0,1,Melhus skysstasjon,SJN:Line:26,Trønderbanen,R70,rail,SJN:ServiceJourney:422-STK_56051-R,True,actual,False,,,,,2026-09-07T08:42:24.659182+02:00
NSR:StopPlace:61466,Vakås stasjon,2026-09-07T07:57:00+02:00,2026-09-07T07:57:23+02:00,2026-09-07T07:57:23+02:00,23.0,1,Asker,VYG:Line:L1,Spikkestad-Oslo S-Lillestrøm,L1,rail,VYG:ServiceJourney:2109_443513-R,True,actual,False,,,,,2026-09-07T08:42:24.659182+02:00
NSR:StopPlace:59872,Oslo S,2026-09-07T06:09:00+02:00,2026-09-07T06:09:23+02:00,2026-09-07T06:09:23+02:00,23.0,1,Kongsberg,VYG:Line:R12,Kongsberg-Oslo S-Eidsvoll,R12,rail,VYG:ServiceJourney:503_444294-R,True,actual,False,,,,,2026-09-07T08:42:24.659182+02:00
NSR:StopPlace:59652,Tøyen stasjon,2026-09-07T06:54:00+02:00,2026-09-07T06:54:23+02:00,2026-09-07T06:54:23+02:00,23.0,1,Tonsenhagen,RUT:Line:60,Vippetangen-Tonsenhagen,60,bus,RUT:ServiceJourney:f3c51eca1c1ad40dde9eb2000a58fcd0,True,actual,False,,,,,2026-09-07T08:42:24.659182+02:00
NSR:StopPlace:60944,Ski stasjon,2026-09-07T06:12:00+02:00,2026-09-07T06:12:23+02:00,2026-09-07T06:12:23+02:00,23.0,1,Oslo bussterminal,RUT:Line:515,Ski - Oslo,515,bus,RUT:ServiceJourney:977ac1986257018a2aa45f3c30637d9e,True,actual,False,,,,,2026-09-07T08:42:24.659182+02:00
NSR:StopPlace:59977,Trondheim S,2026-09-07T06:20:00+02:00,2026-09-07T06:20:23+02:00,2026-09-07T06:20:23+02:00,23.0,1,Støren Rådhus,ATB:Line:2_340,Trondheim - Støren,340,bus,ATB:ServiceJourney:340_260106098640214_4,True,actual,False,,,,,2026-09-07T08:42:24.659182+02:00
NSR:StopPlace:59243,Mo i Rana stasjon,2026-09-07T07:58:00+02:00,2026-09-07T07:58:23+02:00,2026-09-07T07:58:23+02:00,23.0,1,Sykehuset Mo via sentrum,NOR:Line:12_3721,Mo i Rana - Korgen- Mosjøen,200,bus,NOR:ServiceJourney:3721_251022109775143_2001,True,actual,False,,,,,2026-09-07T08:42:24.659182+02:00
NSR:StopPlace:59616,Asker stasjon,2026-09-07T06:29:00+02:00,2026-09-07T06:29:23+02:00,2026-09-07T06:29:23+02:00,23.0,1,Eidsvoll,VYG:Line:R12,Kongsberg-Oslo S-Eidsvoll,R12,rail,VYG:ServiceJourney:504_444296-R,True,actual,False,,,,,2026-09-07T08:42:24.659182+02:00
NSR:StopPlace:58963,Jessheim stasjon,2026-09-07T05:28:00+02:00,2026-09-07T05:28:23+02:00,2026-09-07T05:28:23+02:00,23.0,1,Fenstad,RUT:Line:440,Fenstad/Nordkisa - Oslo lufthavn,440,bus,RUT:ServiceJourney:d58008c7b92250dc6654ec6b4ee9cfcc,True,actual,False,,,,,2026-09-07T08:42:24.659182+02:00
NSR:StopPlace:58971,Mosjøen stasjon,2026-09-07T06:57:00+02:00,2026-09-07T06:57:23+02:00,2026-09-07T06:57:23+02:00,23.0,1,Hattfjelldal,NOR:Line:12_8231,Susendal-Hattfjelldal-Trofors-,231,bus,NOR:ServiceJourney:8231_251111096199614_2001,True,actual,False,,,,,2026-09-07T08:42:24.659182+02:00
NSR:StopPlace:58918,Nodeland stasjon,2026-09-07T06:35:00+02:00,2026-09-07T06:35:23+02:00,2026-09-07T06:35:23+02:00,23.0,1,Kristiansand,AKT:Line:1046,Kristiansand - Finsland,46,bus,AKT:ServiceJourney:78715_42_39_46200_48060_3950001,True,actual,False,,,,,2026-09-07T08:42:24.659182+02:00
NSR:StopPlace:58947,Steinkjer stasjon,2026-09-07T07:16:00+02:00,2026-09-07T07:16:23+02:00,2026-09-07T07:16:23+02:00,23.0,1,Gangstadkorsen,ATB:Line:2_7307,Steinkjer - Gangstad,7307,bus,ATB:ServiceJourney:7307_260106098640767_2,True,actual,False,,,,,2026-09-07T08:42:24.659182+02:00
NSR:StopPlace:58797,Mysen stasjon,2026-09-07T06:55:00+02:00,2026-09-07T06:55:23+02:00,2026-09-07T06:55:23+02:00,23.0,1,Oslo S,VYG:Line:R22,Skøyen-Oslo S-Mysen-Rakkestad,R22,rail,VYG:ServiceJourney:1908_443445-R,True,actual,False,,,,,2026-09-07T08:42:24.659182+02:00
NSR:StopPlace:58799,Rygge stasjon,2026-09-07T07:57:00+02:00,2026-09-07T07:57:23+02:00,2026-09-07T07:57:23+02:00,23.0,1,Halden,VYG:Line:RE20,Oslo S-Halden-Göteborg (X-Border),RE20,rail,VYG:ServiceJourney:105_508940-R,True,actual,False,,,,,2026-09-07T08:42:24.659182+02:00
NSR:StopPlace:58796,Moss stasjon,2026-09-07T05:54:00+02:00,2026-09-07T05:54:23+02:00,2026-09-07T05:54:23+02:00,23.0,1,Stabekk,VYG:Line:R21,Stabekk-Oslo S-Moss,R21,rail,VYG:ServiceJourney:1108-MOS_442979-R,True,actual,False,,,,,2026-09-07T08:42:24.659182+02:00
NSR:StopPlace:58830,Brakerøya stasjon,2026-09-07T08:21:00+02:00,2026-09-07T08:21:23+02:00,2026-09-07T08:21:23+02:00,23.0,1,Drammen,VYG:Line:R13,Drammen-Oslo S-Dal,R13,rail,VYG:ServiceJourney:1610_443230-R,True,actual,False,,,,,2026-09-07T08:42:24.659182+02:00
NSR:StopPlace:58838,Røyken stasjon,2026-09-07T08:33:00+02:00,2026-09-07T08:33:23+02:00,2026-09-07T08:33:23+02:00,23.0,1,Bråset,RUT:Line:260,Hyggen - Bråset -Slemmestad (- Asker),260,bus,RUT:ServiceJourney:ca166c927bcb81d9131c31828863d91c,True,actual,False,,,,,2026-09-07T08:42:24.659182+02:00
NSR:StopPlace:58858,Nittedal stasjon,2026-09-07T08:14:00+02:00,2026-09-07T08:14:23+02:00,2026-09-07T08:14:23+02:00,23.0,1,Dam,RUT:Line:386,Nittedal stasjon - Kruttverket - Dam,386,bus,RUT:ServiceJourney:5db21a5f002158600891d4476d8c888c,True,actual,False,,,,,2026-09-07T08:42:24.659182+02:00
NSR:StopPlace:58858,Nittedal stasjon,2026-09-07T08:19:00+02:00,2026-09-07T08:19:23+02:00,2026-09-07T08:19:23+02:00,23.0,1,Oslo S,VYG:Line:R31,Skøyen-Jaren-Gjøvik,R31,rail,VYG:ServiceJourney:BUS-272_655595-R,True,actual,False,,,,,2026-09-07T08:42:24.659182+02:00
NSR:StopPlace:58865,Vestby stasjon,2026-09-07T07:15:00+02:00,2026-09-07T07:15:23+02:00,2026-09-07T07:15:23+02:00,23.0,1,Moss,VYG:Line:R21,Stabekk-Oslo S-Moss,R21,rail,VYG:ServiceJourney:1107-HVK_442978-R,True,actual,False,,,,,2026-09-07T08:42:24.659182+02:00
NSR:StopPlace:58862,Strømmen stasjon,2026-09-07T06:21:00+02:00,2026-09-07T06:21:23+02:00,2026-09-07T06:21:23+02:00,23.0,1,Olavsgaard,RUT:Line:385,Nittedal stasjon - Olavsgaard - Ahus,385,bus,RUT:ServiceJourney:bf11c098fac46d7d3532b0d9f5b57231,True,actual,False,,,,,2026-09-07T08:42:24.659182+02:00
NSR:StopPlace:58810,Løten stasjon,2026-09-07T07:20:00+02:00,2026-09-07T07:20:23+02:00,2026-09-07T07:20:23+02:00,23.0,1,Storhamar vgs.,INN:Line:697,Hamar - Løten,697,bus,INN:ServiceJourney:84948,True,actual,False,,,,,2026-09-07T08:42:24.659182+02:00
NSR:StopPlace:58813,Skarnes stasjon,2026-09-07T07:20:00+02:00,2026-09-07T07:20:23+02:00,2026-09-07T07:20:23+02:00,23.0,1,Asker,VYG:Line:R14,Asker-Oslo S-Kongsvinger,R14,rail,VYG:ServiceJourney:1054-KVG_442958-R,True,actual,False,,,,,2026-09-07T08:42:24.659182+02:00
NSR:StopPlace:58211,Oslo lufthavn,2026-09-07T06:24:00+02:00,2026-09-07T06:24:23+02:00,2026-09-07T06:24:23+02:00,23.0,1,Kopperud,RUT:Line:420,Maura -  Jessheim,420,bus,RUT:ServiceJourney:260e710013e9a447eebe303bdd5f8b8d,True,actual,False,,,,,2026-09-07T08:42:24.659182+02:00
NSR:StopPlace:206,Mariero stasjon,2026-09-07T06:50:00+02:00,2026-09-07T06:50:23+02:00,2026-09-07T06:50:23+02:00,23.0,1,Stavanger,GOA:Line:59,Jærbanen,L5,rail,GOA:ServiceJourney:3005_63036-R,True,actual,False,,,,,2026-09-07T08:42:24.659182+02:00
NSR:StopPlace:628,Darbu stasjon,2026-09-07T07:04:00+02:00,2026-09-07T07:04:23+02:00,2026-09-07T07:04:23+02:00,23.0,1,Dal,VYG:Line:R13,Drammen-Oslo S-Dal,R13,rail,VYG:ServiceJourney:1613_443239-R,True,actual,False,,,,,2026-09-07T08:42:24.659182+02:00
NSR:StopPlace:62309,Ljan stasjon,2026-09-07T06:20:00+02:00,2026-09-07T06:20:23+02:00,2026-09-07T06:20:23+02:00,23.0,1,Lysaker,VYG:Line:L2,Stabekk-Oslo S-Ski,L2,rail,VYG:ServiceJourney:2808-SKI_444019-R,True,actual,False,,,,,2026-09-07T08:42:24.659182+02:00
NSR:StopPlace:58869,Ås stasjon,2026-09-08T00:40:00+02:00,2026-09-08T00:40:22+02:00,2026-09-08T00:40:22+02:00,22.0,1,Halden,VYG:Line:RE20,Oslo S-Halden-Göteborg (X-Border),RE20,rail,VYG:ServiceJourney:139_443138-R,True,actual,False,,,,,2026-09-08T03:39:50.209703+02:00
NSR:StopPlace:58211,Oslo lufthavn,2026-09-08T00:49:00+02:00,2026-09-08T00:49:22+02:00,2026-09-08T00:49:22+02:00,22.0,1,Eidsvoll,VYG:Line:RE11,Eidsvoll-Oslo S-Skien,RE11,rail,VYG:ServiceJourney:838-341_515579-R,True,actual,False,,,,,2026-09-08T03:39:50.209703+02:00
NSR:StopPlace:59641,Fjellhamar stasjon,2026-09-07T22:25:00+02:00,2026-09-07T22:25:22+02:00,2026-09-07T22:25:22+02:00,22.0,1,Vallerudtoppen,RUT:Line:315,Vallerudtoppen - Ahus,315,bus,RUT:ServiceJourney:7b49fc253ff06237169db51f8af4f635,True,actual,False,,,,,2026-09-08T00:20:52.129880+02:00
NSR:StopPlace:59643,Grefsen stasjon,2026-09-07T21:43:00+02:00,2026-09-07T21:43:22+02:00,2026-09-07T21:43:22+02:00,22.0,1,Gaustadalléen,RUT:Line:17,Rikshospitalet - Sinsen o/ Carl Berner,17,tram,RUT:ServiceJourney:421f6a9a3cd2f5658aebb6cca57c9e28,True,actual,False,,,,,2026-09-08T00:20:52.129880+02:00
NSR:StopPlace:59643,Grefsen stasjon,2026-09-07T22:43:00+02:00,2026-09-07T22:43:22+02:00,2026-09-07T22:43:22+02:00,22.0,1,Gaustadalléen,RUT:Line:17,Rikshospitalet - Sinsen o/ Carl Berner,17,tram,RUT:ServiceJourney:ec9fc1807d4993c92f870b3d6f373ff6,True,actual,False,,,,,2026-09-08T00:20:52.129880+02:00
NSR:StopPlace:59643,Grefsen stasjon,2026-09-07T23:03:00+02:00,2026-09-07T23:03:22+02:00,2026-09-07T23:03:22+02:00,22.0,1,Gaustadalléen,RUT:Line:17,Rikshospitalet - Sinsen o/ Carl Berner,17,tram,RUT:ServiceJourney:c068d54817a474013822fd6ccc04d692,True,actual,False,,,,,2026-09-08T00:20:52.129880+02:00
NSR:StopPlace:59654,Stabekk stasjon,2026-09-07T22:30:00+02:00,2026-09-07T22:30:22+02:00,2026-09-07T22:30:22+02:00,22.0,1,Ski,VYG:Line:L2,Stabekk-Oslo S-Ski,L2,rail,VYG:ServiceJourney:2771-HVK_443992-R,True,actual,False,,,,,2026-09-08T00:20:52.129880+02:00
NSR:StopPlace:59952,Drammen stasjon,2026-09-07T22:42:00+02:00,2026-09-07T22:42:22+02:00,2026-09-07T22:42:22+02:00,22.0,1,Oslo Lufthavn,FLT:Line:FLY1,FLY1,FLY1,rail,FLT:ServiceJourney:1-2614-3813-20260907,True,actual,False,,,,,2026-09-08T00:20:52.129880+02:00
NSR:StopPlace:60047,Melhus skysstasjon,2026-09-07T23:23:00+02:00,2026-09-07T23:23:22+02:00,2026-09-07T23:23:22+02:00,22.0,1,Brekkåsen,ATB:Line:2_82,Hesttrøa-Brekkåsen,82,bus,ATB:ServiceJourney:82_251215112550774_129,True,actual,False,Linje 82 og 504,Avvikende kjøring for linje 82 og 504 pga Hølondvegen er stengt. ,general,normal,2026-09-08T00:20:52.129880+02:00
NSR:StopPlace:58963,Jessheim stasjon,2026-09-07T21:58:00+02:00,2026-09-07T21:58:22+02:00,2026-09-07T21:58:22+02:00,22.0,1,Fenstad,RUT:Line:440,Fenstad/Nordkisa - Oslo lufthavn,440,bus,RUT:ServiceJourney:d5714dfd59abd27baa0d6a3733e7bd38,True,actual,False,,,,,2026-09-08T00:20:52.129880+02:00
NSR:StopPlace:58797,Mysen stasjon,2026-09-07T23:58:00+02:00,2026-09-07T23:58:22+02:00,2026-09-07T23:58:22+02:00,22.0,1,Rakkestad,VYG:Line:R22,Skøyen-Oslo S-Mysen-Rakkestad,R22,rail,VYG:ServiceJourney:1937_443491-R,True,actual,False,,,,,2026-09-08T00:20:52.129880+02:00
NSR:StopPlace:58795,Kambo stasjon,2026-09-07T21:30:00+02:00,2026-09-07T21:30:22+02:00,2026-09-07T21:30:22+02:00,22.0,1,Stabekk,VYG:Line:R21,Stabekk-Oslo S-Moss,R21,rail,VYG:ServiceJourney:1170-MOS_443066-R,True,actual,False,,,,,2026-09-08T00:20:52.129880+02:00
NSR:StopPlace:58845,Eidsvoll verk stasjon,2026-09-07T23:00:00+02:00,2026-09-07T23:00:22+02:00,2026-09-07T23:00:22+02:00,22.0,1,Eidsvoll st.,RUT:Line:430,Eidsvoll - Jessheim,430,bus,RUT:ServiceJourney:ec1dcb1fdd3c1f052aca7a316faf7f71,True,actual,False,,,,,2026-09-08T00:20:52.129880+02:00
NSR:StopPlace:58857,Lørenskog stasjon,2026-09-07T22:13:00+02:00,2026-09-07T22:13:22+02:00,2026-09-07T22:13:22+02:00,22.0,1,Stovner,RUT:Line:120,Nesåsen - Stovner,120,bus,RUT:ServiceJourney:464a4bd0708e10f4cc5322b2e6d027da,True,actual,False,,,,,2026-09-08T00:20:52.129880+02:00
NSR:StopPlace:58211,Oslo lufthavn,2026-09-07T21:13:00+02:00,2026-09-07T21:13:22+02:00,2026-09-07T21:13:22+02:00,22.0,1,Skien,VYG:Line:RE11,Eidsvoll-Oslo S-Skien,RE11,rail,VYG:ServiceJourney:835_444415-R,True,actual,False,,,,,2026-09-08T00:20:52.129880+02:00
NSR:StopPlace:101,Sagdalen stasjon,2026-09-07T23:43:00+02:00,2026-09-07T23:43:22+02:00,2026-09-07T23:43:22+02:00,22.0,1,Spikkestad,VYG:Line:L1,Spikkestad-Oslo S-Lillestrøm,L1,rail,VYG:ServiceJourney:2277_443713-R,True,actual,False,,,,,2026-09-08T00:20:52.129880+02:00
NSR:StopPlace:416,Vikhammer stasjon,2026-09-07T23:21:00+02:00,2026-09-07T23:21:22+02:00,2026-09-07T23:21:22+02:00,22.0,1,Støren,SJN:Line:26,Trønderbanen,R70,rail,SJN:ServiceJourney:454_56083-R,True,actual,False,,,,,2026-09-08T00:20:52.129880+02:00
NSR:StopPlace:62309,Ljan stasjon,2026-09-07T23:20:00+02:00,2026-09-07T23:20:22+02:00,2026-09-07T23:20:22+02:00,22.0,1,Skøyen,VYG:Line:L2,Stabekk-Oslo S-Ski,L2,rail,VYG:ServiceJourney:2876-SKI_488402-R,True,actual,False,,,,,2026-09-08T00:20:52.129880+02:00
NSR:StopPlace:59647,Dal stasjon,2026-09-07T19:24:00+02:00,2026-09-07T19:24:22+02:00,2026-09-07T19:24:22+02:00,22.0,1,Drammen,VYG:Line:R13,Drammen-Oslo S-Dal,R13,rail,VYG:ServiceJourney:1660_443344-R,True,actual,False,,,,,2026-09-07T20:27:16.249662+02:00
NSR:StopPlace:59641,Fjellhamar stasjon,2026-09-07T19:11:00+02:00,2026-09-07T19:11:22+02:00,2026-09-07T19:11:22+02:00,22.0,1,Ahus,RUT:Line:315,Vallerudtoppen - Ahus,315,bus,RUT:ServiceJourney:9039ec722b1ab0c59605b1dd6343241e,True,actual,False,,,,,2026-09-07T20:27:16.249662+02:00
NSR:StopPlace:59952,Drammen stasjon,2026-09-07T18:22:00+02:00,2026-09-07T18:22:22+02:00,2026-09-07T18:22:22+02:00,22.0,1,Oslo Lufthavn,FLT:Line:FLY1,FLY1,FLY1,rail,FLT:ServiceJourney:1-2614-3787-20260907,True,actual,False,,,,,2026-09-07T20:27:16.249662+02:00
NSR:StopPlace:59952,Drammen stasjon,2026-09-07T19:02:00+02:00,2026-09-07T19:02:22+02:00,2026-09-07T19:02:22+02:00,22.0,1,Oslo Lufthavn,FLT:Line:FLY1,FLY1,FLY1,rail,FLT:ServiceJourney:1-2614-3791-20260907,True,actual,False,,,,,2026-09-07T20:27:16.249662+02:00
NSR:StopPlace:59957,Klepp stasjon,2026-09-07T19:52:00+02:00,2026-09-07T19:52:22+02:00,2026-09-07T19:52:22+02:00,22.0,1,Nærbø,GOA:Line:59,Jærbanen,L5,rail,GOA:ServiceJourney:3062_63118-R,True,actual,False,,,,,2026-09-07T20:27:16.249662+02:00
NSR:StopPlace:59983,Bergen stasjon,2026-09-07T18:27:00+02:00,2026-09-07T18:27:22+02:00,2026-09-07T18:27:22+02:00,22.0,1,Arna,VYG:Line:L4,Bergen-Arna,L4,rail,VYG:ServiceJourney:2654_443869-R,True,actual,False,,,,,2026-09-07T20:27:16.249662+02:00
NSR:StopPlace:59983,Bergen stasjon,2026-09-07T18:29:00+02:00,2026-09-07T18:29:22+02:00,2026-09-07T18:29:22+02:00,22.0,1,Voss,VYG:Line:R40,Bergen-Voss-Myrdal-Ål,R40,rail,VYG:ServiceJourney:1828_481200-R,True,actual,False,,,,,2026-09-07T20:27:16.249662+02:00
NSR:StopPlace:59638,Myrvoll stasjon,2026-09-07T17:15:00+02:00,2026-09-07T17:15:22+02:00,2026-09-07T17:15:22+02:00,22.0,1,Filipstad,RUT:Line:81,Fornebu - Myrvoll stasjon,81,bus,RUT:ServiceJourney:5dc6e10d273793c63879ff6aaece771f,True,actual,False,,,,,2026-09-07T20:27:16.249662+02:00
NSR:StopPlace:58932,Hommelvik stasjon,2026-09-07T18:44:00+02:00,2026-09-07T18:44:22+02:00,2026-09-07T18:44:22+02:00,22.0,1,Steinkjer,SJN:Line:26,Trønderbanen,R70,rail,SJN:ServiceJourney:447_56076-R,True,actual,False,,,,,2026-09-07T20:27:16.249662+02:00
NSR:StopPlace:58832,Geilo stasjon,2026-09-07T17:45:00+02:00,2026-09-07T17:45:22+02:00,2026-09-07T17:45:22+02:00,22.0,1,Ål torget,BRA:Line:4_6330,Gol-Geilo,330,bus,BRA:ServiceJourney:6330_260415100163957_1026,True,actual,False,,,,,2026-09-07T20:27:16.249662+02:00
NSR:StopPlace:58876,Tønsberg stasjon,2026-09-07T16:52:00+02:00,2026-09-07T16:52:22+02:00,2026-09-07T16:52:22+02:00,22.0,1,Skien,VYG:Line:RE11,Eidsvoll-Oslo S-Skien,RE11,rail,VYG:ServiceJourney:823_444403-R,True,actual,False,,,,,2026-09-07T20:27:16.249662+02:00
NSR:StopPlace:144,Skansen stasjon,2026-09-07T20:11:00+02:00,2026-09-07T20:11:22+02:00,2026-09-07T20:11:22+02:00,22.0,1,Steinkjer,SJN:Line:26,Trønderbanen,R70,rail,SJN:ServiceJourney:451_56080-R,True,actual,False,,,,,2026-09-07T20:27:16.249662+02:00
NSR:StopPlace:362,Jåttåvågen stasjon,2026-09-07T18:02:00+02:00,2026-09-07T18:02:22+02:00,2026-09-07T18:02:22+02:00,22.0,1,Egersund,GOA:Line:59,Jærbanen,L5,rail,GOA:ServiceJourney:3056_63108-R,True,actual,False,,,,,2026-09-07T20:27:16.249662+02:00
NSR:StopPlace:200,Finse stasjon,2026-09-07T16:35:00+02:00,2026-09-07T16:35:22+02:00,2026-09-07T16:35:22+02:00,22.0,1,Bergen,VYG:Line:F4,Oslo S-Bergen,F4,rail,VYG:ServiceJourney:601-LOD_456939-R,True,actual,False,,,,,2026-09-07T20:27:16.249662+02:00
NSR:StopPlace:420,Lillehammer stasjon,2026-09-07T18:15:00+02:00,2026-09-07T18:15:22+02:00,2026-09-07T18:15:22+02:00,22.0,1,Drammen,VYG:Line:RE10,Drammen-Oslo S-Lillehammer,RE10,rail,VYG:ServiceJourney:330-LHM_444236-R,True,actual,False,,,,,2026-09-07T20:27:16.249662+02:00
NSR:StopPlace:702,Sandnes sentrum stasjon,2026-09-07T18:25:00+02:00,2026-09-07T18:25:22+02:00,2026-09-07T18:25:22+02:00,22.0,1,Skeiane,GOA:Line:59,Jærbanen,L5,rail,GOA:ServiceJourney:3154_63199-R,True,actual,False,,,,,2026-09-07T20:27:16.249662+02:00
NSR:StopPlace:610,Sandvika stasjon,2026-09-07T18:01:00+02:00,2026-09-07T18:01:22+02:00,2026-09-07T18:01:22+02:00,22.0,1,Spikkestad,VYG:Line:L1,Spikkestad-Oslo S-Lillestrøm,L1,rail,VYG:ServiceJourney:2251_443671-R,True,actual,False,,,,,2026-09-07T20:27:16.249662+02:00
NSR:StopPlace:62339,Lillestrøm stasjon,2026-09-07T18:55:00+02:00,2026-09-07T18:55:22+02:00,2026-09-07T18:55:22+02:00,22.0,1,Dal,VYG:Line:R13,Drammen-Oslo S-Dal,R13,rail,VYG:ServiceJourney:1655_443331-R,True,actual,False,Heis i spor 1 og 2 er ute av bruk på grunn av vedlikehold.,Heis i spor 1 og 2 er ute av bruk på grunn av vedlikehold.,general,normal,2026-09-07T20:27:16.249662+02:00
NSR:StopPlace:61464,Hvalstad stasjon,2026-09-07T14:54:00+02:00,2026-09-07T14:54:22+02:00,2026-09-07T14:54:22+02:00,22.0,1,Lillestrøm,VYG:Line:L1,Spikkestad-Oslo S-Lillestrøm,L1,rail,VYG:ServiceJourney:2142_443550-R,True,actual,False,,,,,2026-09-07T15:44:36.205822+02:00
NSR:StopPlace:59952,Drammen stasjon,2026-09-07T14:02:00+02:00,2026-09-07T14:02:22+02:00,2026-09-07T14:02:22+02:00,22.0,1,Oslo Lufthavn,FLT:Line:FLY1,FLY1,FLY1,rail,FLT:ServiceJourney:1-2614-3761-20260907,True,actual,False,,,,,2026-09-07T15:44:36.205822+02:00
NSR:StopPlace:59952,Drammen stasjon,2026-09-07T14:05:00+02:00,2026-09-07T14:05:22+02:00,2026-09-07T14:05:22+02:00,22.0,1,Dal,VYG:Line:R13,Drammen-Oslo S-Dal,R13,rail,VYG:ServiceJourney:1639_443296-R,True,actual,False,,,,,2026-09-07T15:44:36.205822+02:00
NSR:StopPlace:59958,Voss stasjon,2026-09-07T14:45:00+02:00,2026-09-07T14:45:22+02:00,2026-09-07T14:45:22+02:00,22.0,1,Skjerpe,SKY:Line:964,Voss-Skjerpe/Sivlevegen(Ringbuss),964,bus,SKY:ServiceJourney:964-205165-20969008,True,actual,False,,,,,2026-09-07T15:44:36.205822+02:00
NSR:StopPlace:59639,Sonsveien stasjon,2026-09-07T14:04:00+02:00,2026-09-07T14:04:22+02:00,2026-09-07T14:04:22+02:00,22.0,1,Stabekk,VYG:Line:R21,Stabekk-Oslo S-Moss,R21,rail,VYG:ServiceJourney:1140-MOS_443019-R,True,actual,False,,,,,2026-09-07T15:44:36.205822+02:00
NSR:StopPlace:58952,Bodø stasjon,2026-09-07T15:02:00+02:00,2026-09-07T15:02:22+02:00,2026-09-07T15:02:22+02:00,22.0,1,Tverlandet,NOR:Line:12_8004,Tverlandet - Bodø sentrum - Løpsmarka,4,bus,NOR:ServiceJourney:8004_251012124900571_1024,True,actual,False,,,,,2026-09-07T15:44:36.205822+02:00
NSR:StopPlace:58947,Steinkjer stasjon,2026-09-07T15:33:00+02:00,2026-09-07T15:33:22+02:00,2026-09-07T15:33:22+02:00,22.0,1,Namsos skysstasjon,ATB:Line:2_680,Levanger - Steinkjer - Namsos,680,bus,ATB:ServiceJourney:680_260106098642311_24,True,actual,False,,,,,2026-09-07T15:44:36.205822+02:00
NSR:StopPlace:58797,Mysen stasjon,2026-09-07T14:00:00+02:00,2026-09-07T14:00:22+02:00,2026-09-07T14:00:22+02:00,22.0,1,Dal-Mysen,OST:Line:1_464,Mysen ungdomsskole,464,bus,OST:ServiceJourney:464_260325121475516_2,True,actual,False,,,,,2026-09-07T15:44:36.205822+02:00
NSR:StopPlace:58844,Eidsvoll stasjon,2026-09-07T14:01:00+02:00,2026-09-07T14:01:22+02:00,2026-09-07T14:01:22+02:00,22.0,1,Skien,VYG:Line:RE11,Eidsvoll-Oslo S-Skien,RE11,rail,VYG:ServiceJourney:821_444401-R,True,actual,False,,,,,2026-09-07T15:44:36.205822+02:00
NSR:StopPlace:58872,Sandefjord stasjon,2026-09-07T12:47:00+02:00,2026-09-07T12:47:22+02:00,2026-09-07T12:47:22+02:00,22.0,1,Eidsvoll,VYG:Line:RE11,Eidsvoll-Oslo S-Skien,RE11,rail,VYG:ServiceJourney:818_444398-R,True,actual,False,,,,,2026-09-07T15:44:36.205822+02:00
NSR:StopPlace:61291,Stavanger stasjon,2026-09-07T07:39:00+02:00,2026-09-07T07:39:22+02:00,2026-09-07T07:39:22+02:00,22.0,1,Skeiane,GOA:Line:59,Jærbanen,L5,rail,GOA:ServiceJourney:3112_63157-R,True,actual,False,,,,,2026-09-07T08:42:24.659182+02:00
NSR:StopPlace:59872,Oslo S,2026-09-07T05:39:00+02:00,2026-09-07T05:39:22+02:00,2026-09-07T05:39:22+02:00,22.0,1,Skien,VYG:Line:RE11,Eidsvoll-Oslo S-Skien,RE11,rail,VYG:ServiceJourney:300-803-HHS_658721-R,True,actual,False,,,,,2026-09-07T08:42:24.659182+02:00
NSR:StopPlace:59952,Drammen stasjon,2026-09-07T07:02:00+02:00,2026-09-07T07:02:22+02:00,2026-09-07T07:02:22+02:00,22.0,1,Oslo Lufthavn,FLT:Line:FLY1,FLY1,FLY1,rail,FLT:ServiceJourney:1-2614-3719-20260907,True,actual,False,,,,,2026-09-07T08:42:24.659182+02:00
NSR:StopPlace:60944,Ski stasjon,2026-09-07T05:52:00+02:00,2026-09-07T05:52:22+02:00,2026-09-07T05:52:22+02:00,22.0,1,Oslo bussterminal,RUT:Line:515,Ski - Oslo,515,bus,RUT:ServiceJourney:739bdc5fa4e5f12fe9da7331b033dd63,True,actual,False,,,,,2026-09-07T08:42:24.659182+02:00
NSR:StopPlace:59977,Trondheim S,2026-09-07T06:40:00+02:00,2026-09-07T06:40:22+02:00,2026-09-07T06:40:22+02:00,22.0,1,Fannrem stasjon via Orkanger,ATB:Line:2_310,Trondheim - Orkanger - Fannrem,310,bus,ATB:ServiceJourney:310_260106098639775_22,True,actual,False,,,,,2026-09-07T08:42:24.659182+02:00
NSR:StopPlace:59983,Bergen stasjon,2026-09-07T07:04:00+02:00,2026-09-07T07:04:22+02:00,2026-09-07T07:04:22+02:00,22.0,1,Myrdal,VYG:Line:R40,Bergen-Voss-Myrdal-Ål,R40,rail,VYG:ServiceJourney:1804_465739-R,True,actual,False,,,,,2026-09-07T08:42:24.659182+02:00
NSR:StopPlace:60077,Støren stasjon,2026-09-07T06:22:00+02:00,2026-09-07T06:22:22+02:00,2026-09-07T06:22:22+02:00,22.0,1,Trondheim S ekspress,ATB:Line:2_340,Trondheim - Støren,340,bus,ATB:ServiceJourney:340_260106098639874_7,True,actual,False,,,,,2026-09-07T08:42:24.659182+02:00
NSR:StopPlace:60603,Kongsberg stasjon,2026-09-07T07:34:00+02:00,2026-09-07T07:34:22+02:00,2026-09-07T07:34:22+02:00,22.0,1,Eidsvoll,VYG:Line:R12,Kongsberg-Oslo S-Eidsvoll,R12,rail,VYG:ServiceJourney:508_481317-R,True,actual,False,,,,,2026-09-07T08:42:24.659182+02:00
NSR:StopPlace:59638,Myrvoll stasjon,2026-09-07T06:56:00+02:00,2026-09-07T06:56:22+02:00,2026-09-07T06:56:22+02:00,22.0,1,Ski stasjon,RUT:Line:580,Kolbotn - Ski,580,bus,RUT:ServiceJourney:2365a3e4573405ead9fccbf7f2e7c9d6,True,actual,False,,,,,2026-09-07T08:42:24.659182+02:00
NSR:StopPlace:58963,Jessheim stasjon,2026-09-07T05:52:00+02:00,2026-09-07T05:52:22+02:00,2026-09-07T05:52:22+02:00,22.0,1,Årnes,RUT:Line:450,Årnes - Oslo lufthavn,450,bus,RUT:ServiceJourney:17b44a0e1553466476388be95ddcb167,True,actual,False,,,,,2026-09-07T08:42:24.659182+02:00
NSR:StopPlace:58924,Bryne stasjon,2026-09-07T06:58:00+02:00,2026-09-07T06:58:22+02:00,2026-09-07T06:58:22+02:00,22.0,1,Stavanger,GOA:Line:59,Jærbanen,L5,rail,GOA:ServiceJourney:3007_63039-R,True,actual,False,,,,,2026-09-07T08:42:24.659182+02:00
NSR:StopPlace:58935,Levanger stasjon,2026-09-07T07:58:00+02:00,2026-09-07T07:58:22+02:00,2026-09-07T07:58:22+02:00,22.0,1,Frol barneskole via Levanger U,ATB:Line:2_7408,Levanger - Munkeby - Stokkanba,7408,bus,ATB:ServiceJourney:7408_260106098640801_2,True,actual,False,,,,,2026-09-07T08:42:24.659182+02:00
NSR:StopPlace:58947,Steinkjer stasjon,2026-09-07T06:35:00+02:00,2026-09-07T06:35:22+02:00,2026-09-07T06:35:22+02:00,22.0,1,Ler,SJN:Line:26,Trønderbanen,R70,rail,SJN:ServiceJourney:424_56053-R,True,actual,False,,,,,2026-09-07T08:42:24.659182+02:00
NSR:StopPlace:58948,Stjørdal stasjon,2026-09-07T07:33:00+02:00,2026-09-07T07:33:22+02:00,2026-09-07T07:33:22+02:00,22.0,1,Remyra via Stokkanvegen,ATB:Line:2_91,91 StjørdalSt-Remyrv.,91,bus,ATB:ServiceJourney:91_260220075614003_16,True,actual,False,,,,,2026-09-07T08:42:24.659182+02:00
NSR:StopPlace:58797,Mysen stasjon,2026-09-07T06:10:00+02:00,2026-09-07T06:10:22+02:00,2026-09-07T06:10:22+02:00,22.0,1,Sykehuset Kalnes,OST:Line:1_640,Sarpsborg-Askim-Mysen,640,bus,OST:ServiceJourney:640_260325121473123_5,True,actual,False,,,,,2026-09-07T08:42:24.659182+02:00
NSR:StopPlace:58797,Mysen stasjon,2026-09-07T06:15:00+02:00,2026-09-07T06:15:22+02:00,2026-09-07T06:15:22+02:00,22.0,1,Rakkestad-Halden,OST:Line:1_634,Mysen-Rakkestad-Halden,634,bus,OST:ServiceJourney:634_260325121472688_4,True,actual,False,,,,,2026-09-07T08:42:24.659182+02:00
NSR:StopPlace:58797,Mysen stasjon,2026-09-07T07:30:00+02:00,2026-09-07T07:30:22+02:00,2026-09-07T07:30:22+02:00,22.0,1,Askim vgs.,OST:Line:1_476,Askim vgs.,476,bus,OST:ServiceJourney:476_260325121473609_1,True,actual,False,,,,,2026-09-07T08:42:24.659182+02:00
NSR:StopPlace:58834,Hokksund stasjon,2026-09-07T08:01:00+02:00,2026-09-07T08:01:22+02:00,2026-09-07T08:01:22+02:00,22.0,1,Kongsberg,VYG:Line:R12,Kongsberg-Oslo S-Eidsvoll,R12,rail,VYG:ServiceJourney:505_444298-R,True,actual,False,,,,,2026-09-07T08:42:24.659182+02:00
NSR:StopPlace:58845,Eidsvoll verk stasjon,2026-09-07T06:30:00+02:00,2026-09-07T06:30:22+02:00,2026-09-07T06:30:22+02:00,22.0,1,Eidsvoll,RUT:Line:430,Eidsvoll - Jessheim,430,bus,RUT:ServiceJourney:bb4df0a49f399f8fa3a0010df73f0191,True,actual,False,,,,,2026-09-07T08:42:24.659182+02:00
NSR:StopPlace:58846,Fetsund stasjon,2026-09-07T07:05:00+02:00,2026-09-07T07:05:22+02:00,2026-09-07T07:05:22+02:00,22.0,1,Asker,VYG:Line:R14,Asker-Oslo S-Kongsvinger,R14,rail,VYG:ServiceJourney:1052-KVG_442956-R,True,actual,False,,,,,2026-09-07T08:42:24.659182+02:00
NSR:StopPlace:58847,Frogner stasjon,2026-09-07T07:51:00+02:00,2026-09-07T07:51:22+02:00,2026-09-07T07:51:22+02:00,22.0,1,Nannestad,RUT:Line:3874,Olavsgaard - Skedsmo - Jessheim - Nannestad,3874,bus,RUT:ServiceJourney:01838f2b591e469723982787a9d244e0,True,actual,False,,,,,2026-09-07T08:42:24.659182+02:00
NSR:StopPlace:58862,Strømmen stasjon,2026-09-07T07:36:00+02:00,2026-09-07T07:36:22+02:00,2026-09-07T07:36:22+02:00,22.0,1,Nittedal,RUT:Line:385,Nittedal stasjon - Olavsgaard - Ahus,385,bus,RUT:ServiceJourney:505ca2d116c665c8892bf618ec1db13a,True,actual,False,,,,,2026-09-07T08:42:24.659182+02:00
NSR:StopPlace:58811,Moelv stasjon,2026-09-07T08:35:00+02:00,2026-09-07T08:35:22+02:00,2026-09-07T08:35:22+02:00,22.0,1,Moelv videregående skole,INN:Line:628,Tingvang - Rudshøgda - Moelv,628,bus,INN:ServiceJourney:83451,True,actual,False,,,,,2026-09-07T08:42:24.659182+02:00
NSR:StopPlace:58825,Raufoss stasjon,2026-09-07T06:45:00+02:00,2026-09-07T06:45:22+02:00,2026-09-07T06:45:22+02:00,22.0,1,Gjøvik-Lena,INN:Line:46,Lena-Raufoss-Gjøvik-Kapp-Lena,B46,bus,INN:ServiceJourney:76820,True,actual,False,,,,,2026-09-07T08:42:24.659182+02:00
NSR:StopPlace:58825,Raufoss stasjon,2026-09-07T07:13:00+02:00,2026-09-07T07:13:22+02:00,2026-09-07T07:13:22+02:00,22.0,1,Gjøvik,INN:Line:480,Hov-Trevatn-Gjøvik,480,bus,INN:ServiceJourney:97422,True,actual,False,,,,,2026-09-07T08:42:24.659182+02:00
NSR:StopPlace:101,Sagdalen stasjon,2026-09-07T05:13:00+02:00,2026-09-07T05:13:22+02:00,2026-09-07T05:13:22+02:00,22.0,1,Spikkestad,VYG:Line:L1,Spikkestad-Oslo S-Lillestrøm,L1,rail,VYG:ServiceJourney:2203_764731-R,True,actual,False,Færre vogner,Denne avgangen kjører dessverre med 4 vogner i stedet for 8 vogner. Dette skyldes at vi mangler et togsett.,general,normal,2026-09-07T08:42:24.659182+02:00
NSR:StopPlace:393,Leangen stasjon,2026-09-07T05:17:00+02:00,2026-09-07T05:17:22+02:00,2026-09-07T05:17:22+02:00,22.0,1,Steinkjer,SJN:Line:26,Trønderbanen,R70,rail,SJN:ServiceJourney:421_56050-R,True,actual,False,,,,,2026-09-07T08:42:24.659182+02:00
NSR:StopPlace:398,Arna stasjon,2026-09-07T06:27:00+02:00,2026-09-07T06:27:22+02:00,2026-09-07T06:27:22+02:00,22.0,1,Bergen,VYG:Line:L4,Bergen-Arna,L4,rail,VYG:ServiceJourney:2505_443762-R,True,actual,False,,,,,2026-09-07T08:42:24.659182+02:00
NSR:StopPlace:62309,Ljan stasjon,2026-09-07T07:05:00+02:00,2026-09-07T07:05:22+02:00,2026-09-07T07:05:22+02:00,22.0,1,Stabekk,VYG:Line:L2,Stabekk-Oslo S-Ski,L2,rail,VYG:ServiceJourney:2712-SKI_443918-R,True,actual,False,,,,,2026-09-07T08:42:24.659182+02:00
NSR:StopPlace:62339,Lillestrøm stasjon,2026-09-07T06:35:00+02:00,2026-09-07T06:35:22+02:00,2026-09-07T06:35:22+02:00,22.0,1,Eidsvoll,VYG:Line:RE11,Eidsvoll-Oslo S-Skien,RE11,rail,VYG:ServiceJourney:802_444382-R,True,actual,False,Heis i spor 1 og 2 er ute av bruk på grunn av vedlikehold.,Heis i spor 1 og 2 er ute av bruk på grunn av vedlikehold.,general,normal,2026-09-07T08:42:24.659182+02:00
NSR:StopPlace:62339,Lillestrøm stasjon,2026-09-07T07:05:00+02:00,2026-09-07T07:05:22+02:00,2026-09-07T07:05:22+02:00,22.0,1,Eidsvoll,VYG:Line:R12,Kongsberg-Oslo S-Eidsvoll,R12,rail,VYG:ServiceJourney:504_444296-R,True,actual,False,Heis i spor 1 og 2 er ute av bruk på grunn av vedlikehold.,Heis i spor 1 og 2 er ute av bruk på grunn av vedlikehold.,general,normal,2026-09-07T08:42:24.659182+02:00
NSR:StopPlace:62370,Selsbakk stasjon,2026-09-07T05:47:00+02:00,2026-09-07T05:47:22+02:00,2026-09-07T05:47:22+02:00,22.0,1,Hamar,SJN:Line:25,Rørosbanen,R60,rail,SJN:ServiceJourney:2382_48224-R,True,actual,False,,,,,2026-09-07T08:42:24.659182+02:00
NSR:StopPlace:62393,Billingstad stasjon,2026-09-07T05:57:00+02:00,2026-09-07T05:57:22+02:00,2026-09-07T05:57:22+02:00,22.0,1,Lillestrøm,VYG:Line:L1,Spikkestad-Oslo S-Lillestrøm,L1,rail,VYG:ServiceJourney:2106_443510-R,True,actual,False,,,,,2026-09-07T08:42:24.659182+02:00
NSR:StopPlace:59952,Drammen stasjon,2026-09-07T23:22:00+02:00,2026-09-07T23:22:21+02:00,2026-09-07T23:22:21+02:00,21.0,1,Oslo Lufthavn,FLT:Line:FLY1,FLY1,FLY1,rail,FLT:ServiceJourney:1-2614-3817-20260907,True,actual,False,,,,,2026-09-08T00:20:52.129880+02:00
NSR:StopPlace:60944,Ski stasjon,2026-09-07T21:18:00+02:00,2026-09-07T21:18:21+02:00,2026-09-07T21:18:21+02:00,21.0,1,Lillestrøm,RUT:Line:350,Lillestrøm - Ski,350,bus,RUT:ServiceJourney:6a34ec50d0e008462d265de64d9cce36,True,actual,False,,,,,2026-09-08T00:20:52.129880+02:00
NSR:StopPlace:59638,Myrvoll stasjon,2026-09-07T22:21:00+02:00,2026-09-07T22:21:21+02:00,2026-09-07T22:21:21+02:00,21.0,1,Stabekk,VYG:Line:L2,Stabekk-Oslo S-Ski,L2,rail,VYG:ServiceJourney:2774-SKI_443996-R,True,actual,False,,,,,2026-09-08T00:20:52.129880+02:00
NSR:StopPlace:58830,Brakerøya stasjon,2026-09-07T23:21:00+02:00,2026-09-07T23:21:21+02:00,2026-09-07T23:21:21+02:00,21.0,1,Drammen,VYG:Line:R13,Drammen-Oslo S-Dal,R13,rail,VYG:ServiceJourney:1670_481178-R,True,actual,False,,,,,2026-09-08T00:20:52.129880+02:00
NSR:StopPlace:58854,Langhus stasjon,2026-09-07T23:09:00+02:00,2026-09-07T23:09:21+02:00,2026-09-07T23:09:21+02:00,21.0,1,Drøbak - Frogn vgs.,RUT:Line:510,Bøleråsen - Ski - Ås - Drøbak,510,bus,RUT:ServiceJourney:36a31c047919289752bf18d9e900d81f,True,actual,False,,,,,2026-09-08T00:20:52.129880+02:00
NSR:StopPlace:58862,Strømmen stasjon,2026-09-08T00:15:00+02:00,2026-09-08T00:15:21+02:00,2026-09-08T00:15:21+02:00,21.0,1,Spikkestad,VYG:Line:L1,Spikkestad-Oslo S-Lillestrøm,L1,rail,VYG:ServiceJourney:2279_443715-R,True,actual,False,,,,,2026-09-08T00:20:52.129880+02:00
NSR:StopPlace:393,Leangen stasjon,2026-09-07T20:24:00+02:00,2026-09-07T20:24:21+02:00,2026-09-07T20:24:21+02:00,21.0,1,Steinkjer,SJN:Line:26,Trønderbanen,R70,rail,SJN:ServiceJourney:451_56080-R,True,actual,False,,,,,2026-09-08T00:20:52.129880+02:00
NSR:StopPlace:362,Jåttåvågen stasjon,2026-09-07T22:23:00+02:00,2026-09-07T22:23:21+02:00,2026-09-07T22:23:21+02:00,21.0,1,Oslo S,GOA:Line:50,Sørtoget region,F5,rail,GOA:ServiceJourney:726-KVB_63257-R,True,actual,False,,,,,2026-09-08T00:20:52.129880+02:00
NSR:StopPlace:62339,Lillestrøm stasjon,2026-09-07T20:45:00+02:00,2026-09-07T20:45:21+02:00,2026-09-07T20:45:21+02:00,21.0,1,Lillehammer,VYG:Line:RE10,Drammen-Oslo S-Lillehammer,RE10,rail,VYG:ServiceJourney:333-SUD_444251-R,True,actual,False,Heis i spor 1 og 2 er ute av bruk på grunn av vedlikehold. | Bruk de forreste vognene,Heis i spor 1 og 2 er ute av bruk på grunn av vedlikehold. | På denne avgangen er det bakerste togsettet stengt mellom Drammen og Lillehammer. Bruk de forreste vognene.,general | general,normal | normal,2026-09-08T00:20:52.129880+02:00
NSR:StopPlace:62339,Lillestrøm stasjon,2026-09-07T22:25:00+02:00,2026-09-07T22:25:21+02:00,2026-09-07T22:25:21+02:00,21.0,1,Asker,VYG:Line:L1,Spikkestad-Oslo S-Lillestrøm,L1,rail,VYG:ServiceJourney:2171_443582-R,True,actual,False,Heis i spor 1 og 2 er ute av bruk på grunn av vedlikehold.,Heis i spor 1 og 2 er ute av bruk på grunn av vedlikehold.,general,normal,2026-09-08T00:20:52.129880+02:00
NSR:StopPlace:61291,Stavanger stasjon,2026-09-07T19:09:00+02:00,2026-09-07T19:09:21+02:00,2026-09-07T19:09:21+02:00,21.0,1,Skeiane,GOA:Line:59,Jærbanen,L5,rail,GOA:ServiceJourney:3158_63203-R,True,actual,False,,,,,2026-09-07T20:27:16.249662+02:00
NSR:StopPlace:61169,Marienborg stasjon,2026-09-07T17:50:00+02:00,2026-09-07T17:50:21+02:00,2026-09-07T17:50:21+02:00,21.0,1,Ler,SJN:Line:26,Trønderbanen,R70,rail,SJN:ServiceJourney:442_56071-R,True,actual,False,,,,,2026-09-07T20:27:16.249662+02:00
NSR:StopPlace:59647,Dal stasjon,2026-09-07T17:54:00+02:00,2026-09-07T17:54:21+02:00,2026-09-07T17:54:21+02:00,21.0,1,Drammen,VYG:Line:R13,Drammen-Oslo S-Dal,R13,rail,VYG:ServiceJourney:1654_443330-R,True,actual,False,,,,,2026-09-07T20:27:16.249662+02:00
NSR:StopPlace:59647,Dal stasjon,2026-09-07T20:24:00+02:00,2026-09-07T20:24:21+02:00,2026-09-07T20:24:21+02:00,21.0,1,Drammen,VYG:Line:R13,Drammen-Oslo S-Dal,R13,rail,VYG:ServiceJourney:1664_481175-R,True,actual,False,,,,,2026-09-07T20:27:16.249662+02:00
NSR:StopPlace:59641,Fjellhamar stasjon,2026-09-07T18:17:00+02:00,2026-09-07T18:17:21+02:00,2026-09-07T18:17:21+02:00,21.0,1,Spikkestad,VYG:Line:L1,Spikkestad-Oslo S-Lillestrøm,L1,rail,VYG:ServiceJourney:2255_443677-R,True,actual,False,,,,,2026-09-07T20:27:16.249662+02:00
NSR:StopPlace:59659,Atna stasjon,2026-09-07T18:03:00+02:00,2026-09-07T18:03:21+02:00,2026-09-07T18:03:21+02:00,21.0,1,Hamar,SJN:Line:25,Rørosbanen,R60,rail,SJN:ServiceJourney:2390_37668-R,True,actual,False,,,,,2026-09-07T20:27:16.249662+02:00
NSR:StopPlace:59983,Bergen stasjon,2026-09-07T17:24:00+02:00,2026-09-07T17:24:21+02:00,2026-09-07T17:24:21+02:00,21.0,1,Voss,VYG:Line:R40,Bergen-Voss-Myrdal-Ål,R40,rail,VYG:ServiceJourney:1826_457479-R,True,actual,False,,,,,2026-09-07T20:27:16.249662+02:00
NSR:StopPlace:60045,Hamar stasjon,2026-09-07T17:12:00+02:00,2026-09-07T17:12:21+02:00,2026-09-07T17:12:21+02:00,21.0,1,Trondheim S,SJN:Line:21,Dovrebanen,F6,rail,SJN:ServiceJourney:49-LOD_54215-R,True,actual,False,,,,,2026-09-07T20:27:16.249662+02:00
NSR:StopPlace:58948,Stjørdal stasjon,2026-09-07T18:22:00+02:00,2026-09-07T18:22:21+02:00,2026-09-07T18:22:21+02:00,21.0,1,Fosslia fjellhall,ATB:Line:2_311,Stjørdal - Trondheim,311,bus,ATB:ServiceJourney:311_260317095008154_69,True,actual,False,Endret tilbud ved Vikelvvegen,Sydgående avkjøringsrampe fra E6 ved Reppe er stengt frem til 21. september. Vikelvvegen og Ranheim fabrikker til sentrum blir ikke betjent av linje 311 i perioden. ,general,normal,2026-09-07T20:27:16.249662+02:00
NSR:StopPlace:58836,Mjøndalen stasjon,2026-09-07T20:06:00+02:00,2026-09-07T20:06:21+02:00,2026-09-07T20:06:21+02:00,21.0,1,Drammen sykehus,BRA:Line:4_6001,Drammen sykehus Brakerøya - Sørensvingen / Mjøndalen,1,bus,BRA:ServiceJourney:6001_260415100161840_1214,True,actual,False,,,,,2026-09-07T20:27:16.249662+02:00
NSR:StopPlace:58839,Steinberg stasjon,2026-09-07T19:05:00+02:00,2026-09-07T19:05:21+02:00,2026-09-07T19:05:21+02:00,21.0,1,Drammen via Mjøndalen,BRA:Line:4_6101,Drammen-Vikersund/Hønefoss,101,bus,BRA:ServiceJourney:6101_260415100161315_1054,True,actual,False,,,,,2026-09-07T20:27:16.249662+02:00
NSR:StopPlace:58853,Kolbotn stasjon,2026-09-07T17:49:00+02:00,2026-09-07T17:49:21+02:00,2026-09-07T17:49:21+02:00,21.0,1,Kolbotn torg,RUT:Line:580,Kolbotn - Ski,580,bus,RUT:ServiceJourney:05cfc4a4589ee8435461a421d78eb95b,True,actual,False,,,,,2026-09-07T20:27:16.249662+02:00
NSR:StopPlace:58862,Strømmen stasjon,2026-09-07T18:15:00+02:00,2026-09-07T18:15:21+02:00,2026-09-07T18:15:21+02:00,21.0,1,Spikkestad,VYG:Line:L1,Spikkestad-Oslo S-Lillestrøm,L1,rail,VYG:ServiceJourney:2255_443677-R,True,actual,False,,,,,2026-09-07T20:27:16.249662+02:00
NSR:StopPlace:58886,Arendal stasjon,2026-09-07T19:10:00+02:00,2026-09-07T19:10:21+02:00,2026-09-07T19:10:21+02:00,21.0,1,Arendal sentrum,AKT:Line:111,Sykehuset-Arendal-Solåsen,111,bus,AKT:ServiceJourney:73606_261_23_136200_137400_40001009,True,actual,False,,,,,2026-09-07T20:27:16.249662+02:00
NSR:StopPlace:101,Sagdalen stasjon,2026-09-07T18:28:00+02:00,2026-09-07T18:28:21+02:00,2026-09-07T18:28:21+02:00,21.0,1,Asker,VYG:Line:L1,Spikkestad-Oslo S-Lillestrøm,L1,rail,VYG:ServiceJourney:2155_443564-R,True,actual,False,,,,,2026-09-07T20:27:16.249662+02:00
NSR:StopPlace:393,Leangen stasjon,2026-09-07T19:23:00+02:00,2026-09-07T19:23:21+02:00,2026-09-07T19:23:21+02:00,21.0,1,Steinkjer,SJN:Line:26,Trønderbanen,R70,rail,SJN:ServiceJourney:449_56078-R,True,actual,False,,,,,2026-09-07T20:27:16.249662+02:00
NSR:StopPlace:400,Ler stasjon,2026-09-07T17:46:00+02:00,2026-09-07T17:46:21+02:00,2026-09-07T17:46:21+02:00,21.0,1,Trondheim S,SJN:Line:25,Rørosbanen,R60,rail,SJN:ServiceJourney:2385_30335-R,True,actual,False,,,,,2026-09-07T20:27:16.249662+02:00
NSR:StopPlace:62339,Lillestrøm stasjon,2026-09-07T18:50:00+02:00,2026-09-07T18:50:21+02:00,2026-09-07T18:50:21+02:00,21.0,1,Oslo Lufthavn,FLT:Line:FLY1,FLY1,FLY1,rail,FLT:ServiceJourney:1-2614-3785-20260907,True,actual,False,Heis i spor 1 og 2 er ute av bruk på grunn av vedlikehold.,Heis i spor 1 og 2 er ute av bruk på grunn av vedlikehold.,general,normal,2026-09-07T20:27:16.249662+02:00
NSR:StopPlace:62380,Røra stasjon,2026-09-07T18:08:00+02:00,2026-09-07T18:08:21+02:00,2026-09-07T18:08:21+02:00,21.0,1,Steinkjer,SJN:Line:26,Trønderbanen,R70,rail,SJN:ServiceJourney:443-SOeB_56072-R,True,actual,False,,,,,2026-09-07T20:27:16.249662+02:00
NSR:StopPlace:61291,Stavanger stasjon,2026-09-07T13:53:00+02:00,2026-09-07T13:53:21+02:00,2026-09-07T13:53:21+02:00,21.0,1,Egersund,GOA:Line:59,Jærbanen,L5,rail,GOA:ServiceJourney:3040_63080-R,True,actual,False,,,,,2026-09-07T15:44:36.205822+02:00
NSR:StopPlace:59648,Kjelsås stasjon,2026-09-07T13:54:00+02:00,2026-09-07T13:54:21+02:00,2026-09-07T13:54:21+02:00,21.0,1,Kværnerbyen,RUT:Line:54,Kværnerbyen - Kjelsås stasjon,54,bus,RUT:ServiceJourney:94c10a11cae8093a1e89c7d5ed7bc6af,True,actual,False,,,,,2026-09-07T15:44:36.205822+02:00
NSR:StopPlace:59648,Kjelsås stasjon,2026-09-07T14:07:00+02:00,2026-09-07T14:07:21+02:00,2026-09-07T14:07:21+02:00,21.0,1,Kværnerbyen,RUT:Line:54,Kværnerbyen - Kjelsås stasjon,54,bus,RUT:ServiceJourney:528b003994ace06f0ec64dfd0ed0370e,True,actual,False,,,,,2026-09-07T15:44:36.205822+02:00
NSR:StopPlace:59648,Kjelsås stasjon,2026-09-07T14:22:00+02:00,2026-09-07T14:22:21+02:00,2026-09-07T14:22:21+02:00,21.0,1,Kværnerbyen,RUT:Line:54,Kværnerbyen - Kjelsås stasjon,54,bus,RUT:ServiceJourney:bb613416cfd61b3949eaa7e7c4d8a970,True,actual,False,,,,,2026-09-07T15:44:36.205822+02:00
NSR:StopPlace:60736,Spikkestad stasjon,2026-09-07T13:16:00+02:00,2026-09-07T13:16:21+02:00,2026-09-07T13:16:21+02:00,21.0,1,Lillestrøm,VYG:Line:L1,Spikkestad-Oslo S-Lillestrøm,L1,rail,VYG:ServiceJourney:2238_443647-R,True,actual,False,Færre vogner,Denne avgangen kjører dessverre med 4 vogner i stedet for 8 vogner. Dette skyldes at vi mangler et togsett.,general,normal,2026-09-07T15:44:36.205822+02:00
NSR:StopPlace:59957,Klepp stasjon,2026-09-07T13:52:00+02:00,2026-09-07T13:52:21+02:00,2026-09-07T13:52:21+02:00,21.0,1,Egersund,GOA:Line:59,Jærbanen,L5,rail,GOA:ServiceJourney:3038_63076-R,True,actual,False,,,,,2026-09-07T15:44:36.205822+02:00
NSR:StopPlace:59957,Klepp stasjon,2026-09-07T15:27:00+02:00,2026-09-07T15:27:21+02:00,2026-09-07T15:27:21+02:00,21.0,1,Verdalen via Kleppekrossen,KOL:Line:8_2024,59,59,bus,KOL:ServiceJourney:2024_250903083241321_2024,True,actual,False,,,,,2026-09-07T15:44:36.205822+02:00
NSR:StopPlace:59983,Bergen stasjon,2026-09-07T14:42:00+02:00,2026-09-07T14:42:21+02:00,2026-09-07T14:42:21+02:00,21.0,1,Arna,VYG:Line:L4,Bergen-Arna,L4,rail,VYG:ServiceJourney:2538_443796-R,True,actual,False,,,,,2026-09-07T15:44:36.205822+02:00
NSR:StopPlace:60077,Støren stasjon,2026-09-07T14:10:00+02:00,2026-09-07T14:10:21+02:00,2026-09-07T14:10:21+02:00,21.0,1,Oppdal,ATB:Line:2_480,(Trondheim) - Støren - Berkåk,480,bus,ATB:ServiceJourney:480_260106098639969_6,True,actual,False,,,,,2026-09-07T15:44:36.205822+02:00
NSR:StopPlace:59637,Rosenholm stasjon,2026-09-07T15:43:00+02:00,2026-09-07T15:43:21+02:00,2026-09-07T15:43:21+02:00,21.0,1,Lysaker,VYG:Line:L2,Stabekk-Oslo S-Ski,L2,rail,VYG:ServiceJourney:2846-SKI_444078-R,True,actual,False,,,,,2026-09-07T15:44:36.205822+02:00
NSR:StopPlace:58935,Levanger stasjon,2026-09-07T14:24:00+02:00,2026-09-07T14:24:21+02:00,2026-09-07T14:24:21+02:00,21.0,1,Nord universitet via Nesset,ATB:Line:2_7401,Levanger - Nesset - Gjemble,7401,bus,ATB:ServiceJourney:7401_260106098643080_24,True,actual,False,,,,,2026-09-07T15:44:36.205822+02:00
NSR:StopPlace:58935,Levanger stasjon,2026-09-07T14:43:00+02:00,2026-09-07T14:43:21+02:00,2026-09-07T14:43:21+02:00,21.0,1,Steinkjer,SJN:Line:26,Trønderbanen,R70,rail,SJN:ServiceJourney:437_56066-R,True,actual,False,,,,,2026-09-07T15:44:36.205822+02:00
NSR:StopPlace:58832,Geilo stasjon,2026-09-07T13:40:00+02:00,2026-09-07T13:40:21+02:00,2026-09-07T13:40:21+02:00,21.0,1,Gol skysstasjon,BRA:Line:4_6330,Gol-Geilo,330,bus,BRA:ServiceJourney:6330_260415100163953_1016,True,actual,False,,,,,2026-09-07T15:44:36.205822+02:00
NSR:StopPlace:58846,Fetsund stasjon,2026-09-07T15:37:00+02:00,2026-09-07T15:37:21+02:00,2026-09-07T15:37:21+02:00,21.0,1,Asker,VYG:Line:R14,Asker-Oslo S-Kongsvinger,R14,rail,VYG:ServiceJourney:1022_442930-R,True,actual,False,,,,,2026-09-07T15:44:36.205822+02:00
NSR:StopPlace:58872,Sandefjord stasjon,2026-09-07T14:47:00+02:00,2026-09-07T14:47:21+02:00,2026-09-07T14:47:21+02:00,21.0,1,Eidsvoll,VYG:Line:RE11,Eidsvoll-Oslo S-Skien,RE11,rail,VYG:ServiceJourney:822_444402-R,True,actual,False,,,,,2026-09-07T15:44:36.205822+02:00
NSR:StopPlace:61291,Stavanger stasjon,2026-09-07T05:47:00+02:00,2026-09-07T05:47:21+02:00,2026-09-07T05:47:21+02:00,21.0,1,Egersund,GOA:Line:59,Jærbanen,L5,rail,GOA:ServiceJourney:3008_63040-R,True,actual,False,,,,,2026-09-07T08:42:24.659182+02:00
NSR:StopPlace:61463,Nordstrand stasjon,2026-09-07T06:22:00+02:00,2026-09-07T06:22:21+02:00,2026-09-07T06:22:21+02:00,21.0,1,Ski,VYG:Line:L2,Stabekk-Oslo S-Ski,L2,rail,VYG:ServiceJourney:2705-HVK_443911-R,True,actual,False,,,,,2026-09-07T08:42:24.659182+02:00
NSR:StopPlace:61872,Nærbø stasjon,2026-09-07T06:29:00+02:00,2026-09-07T06:29:21+02:00,2026-09-07T06:29:21+02:00,21.0,1,Egersund,GOA:Line:59,Jærbanen,L5,rail,GOA:ServiceJourney:3008_63040-R,True,actual,False,,,,,2026-09-07T08:42:24.659182+02:00
NSR:StopPlace:59641,Fjellhamar stasjon,2026-09-07T06:47:00+02:00,2026-09-07T06:47:21+02:00,2026-09-07T06:47:21+02:00,21.0,1,Spikkestad,VYG:Line:L1,Spikkestad-Oslo S-Lillestrøm,L1,rail,VYG:ServiceJourney:2209_443598-R,True,actual,False,,,,,2026-09-07T08:42:24.659182+02:00
NSR:StopPlace:59952,Drammen stasjon,2026-09-07T07:22:00+02:00,2026-09-07T07:22:21+02:00,2026-09-07T07:22:21+02:00,21.0,1,Oslo Lufthavn,FLT:Line:FLY1,FLY1,FLY1,rail,FLT:ServiceJourney:1-2614-3721-20260907,True,actual,False,,,,,2026-09-07T08:42:24.659182+02:00
NSR:StopPlace:60944,Ski stasjon,2026-09-07T06:18:00+02:00,2026-09-07T06:18:21+02:00,2026-09-07T06:18:21+02:00,21.0,1,Lillestrøm,RUT:Line:350,Lillestrøm - Ski,350,bus,RUT:ServiceJourney:f8abe63d1169eaea2107748b7d7bcb91,True,actual,False,,,,,2026-09-07T08:42:24.659182+02:00
NSR:StopPlace:60944,Ski stasjon,2026-09-07T06:21:00+02:00,2026-09-07T06:21:21+02:00,2026-09-07T06:21:21+02:00,21.0,1,Kolbotn torg,RUT:Line:580,Kolbotn - Ski,580,bus,RUT:ServiceJourney:2055712646b50a8139c6eb598e0c0cba,True,actual,False,,,,,2026-09-07T08:42:24.659182+02:00
NSR:StopPlace:60047,Melhus skysstasjon,2026-09-07T06:16:00+02:00,2026-09-07T06:16:21+02:00,2026-09-07T06:16:21+02:00,21.0,1,Dora via E6 - City Syd E6,ATB:Line:2_71,MelhusSkyss-Trondheim,71,bus,ATB:ServiceJourney:71_251215112545757_6,True,actual,False,,,,,2026-09-07T08:42:24.659182+02:00
NSR:StopPlace:60047,Melhus skysstasjon,2026-09-07T07:03:00+02:00,2026-09-07T07:03:21+02:00,2026-09-07T07:03:21+02:00,21.0,1,Brekkåsen,ATB:Line:2_82,Hesttrøa-Brekkåsen,82,bus,ATB:ServiceJourney:82_251215112550761_13,True,actual,False,Linje 82 og 504,Avvikende kjøring for linje 82 og 504 pga Hølondvegen er stengt. ,general,normal,2026-09-07T08:42:24.659182+02:00
NSR:StopPlace:59243,Mo i Rana stasjon,2026-09-07T08:10:00+02:00,2026-09-07T08:10:21+02:00,2026-09-07T08:10:21+02:00,21.0,1,Storforsheia,NOR:Line:12_8365,Mo-Storforsheia-Krokstrand,300,bus,NOR:ServiceJourney:8365_251012124858437_1001,True,actual,False,,,,,2026-09-07T08:42:24.659182+02:00
NSR:StopPlace:59636,Holmlia stasjon,2026-09-07T05:55:00+02:00,2026-09-07T05:55:21+02:00,2026-09-07T05:55:21+02:00,21.0,1,Grorud T,RUT:Line:79,Grorud T - Åsbråten,79,bus,RUT:ServiceJourney:3cb1b9f1354e2ba26534d4330e0deee9,True,actual,False,,,,,2026-09-07T08:42:24.659182+02:00
NSR:StopPlace:59638,Myrvoll stasjon,2026-09-07T07:25:00+02:00,2026-09-07T07:25:21+02:00,2026-09-07T07:25:21+02:00,21.0,1,Fornebu,RUT:Line:81,Fornebu - Myrvoll stasjon,81,bus,RUT:ServiceJourney:ac967ca57a4f6e7d4393d94bf435d784,True,actual,False,,,,,2026-09-07T08:42:24.659182+02:00
NSR:StopPlace:58963,Jessheim stasjon,2026-09-07T06:33:00+02:00,2026-09-07T06:33:21+02:00,2026-09-07T06:33:21+02:00,21.0,1,Kopperud,RUT:Line:420,Maura -  Jessheim,420,bus,RUT:ServiceJourney:eacd74460a25ca28c7a08f6e047e08f2,True,actual,False,,,,,2026-09-07T08:42:24.659182+02:00
NSR:StopPlace:58963,Jessheim stasjon,2026-09-07T07:28:00+02:00,2026-09-07T07:28:21+02:00,2026-09-07T07:28:21+02:00,21.0,1,Nordkisa,RUT:Line:440,Fenstad/Nordkisa - Oslo lufthavn,440,bus,RUT:ServiceJourney:31bcf1c4470bb76f7ca6c45f1147c59a,True,actual,False,,,,,2026-09-07T08:42:24.659182+02:00
NSR:StopPlace:58963,Jessheim stasjon,2026-09-07T07:58:00+02:00,2026-09-07T07:58:21+02:00,2026-09-07T07:58:21+02:00,21.0,1,Fenstad,RUT:Line:440,Fenstad/Nordkisa - Oslo lufthavn,440,bus,RUT:ServiceJourney:de41c7427c1499d94f6c67999cb93fc7,True,actual,False,,,,,2026-09-07T08:42:24.659182+02:00
NSR:StopPlace:58936,Skatval stasjon,2026-09-07T05:45:00+02:00,2026-09-07T05:45:21+02:00,2026-09-07T05:45:21+02:00,21.0,1,Støren,SJN:Line:26,Trønderbanen,R70,rail,SJN:ServiceJourney:420_56049-R,True,actual,False,,,,,2026-09-07T08:42:24.659182+02:00
NSR:StopPlace:58947,Steinkjer stasjon,2026-09-07T05:34:00+02:00,2026-09-07T05:34:21+02:00,2026-09-07T05:34:21+02:00,21.0,1,Melhus skysstasjon,SJN:Line:26,Trønderbanen,R70,rail,SJN:ServiceJourney:422-STK_56051-R,True,actual,False,,,,,2026-09-07T08:42:24.659182+02:00
NSR:StopPlace:58948,Stjørdal stasjon,2026-09-07T06:25:00+02:00,2026-09-07T06:25:21+02:00,2026-09-07T06:25:21+02:00,21.0,1,Remyra via Stokkanvegen,ATB:Line:2_91,91 StjørdalSt-Remyrv.,91,bus,ATB:ServiceJourney:91_260220075617282_8,True,actual,False,,,,,2026-09-07T08:42:24.659182+02:00
NSR:StopPlace:58836,Mjøndalen stasjon,2026-09-07T06:24:00+02:00,2026-09-07T06:24:21+02:00,2026-09-07T06:24:21+02:00,21.0,1,Drammen via Gulskogen,BRA:Line:4_6052,Drammen - Mjøndalen,52,bus,BRA:ServiceJourney:6052_260415100161093_1002,True,actual,False,,,,,2026-09-07T08:42:24.659182+02:00
NSR:StopPlace:58837,Nesbyen stasjon,2026-09-07T07:30:00+02:00,2026-09-07T07:30:21+02:00,2026-09-07T07:30:21+02:00,21.0,1,Gol skysstasjon,BRA:Line:4_6301,Stavn - Nesbyen - Gol,301,bus,BRA:ServiceJourney:6301_260415100158894_1001,True,actual,False,,,,,2026-09-07T08:42:24.659182+02:00
NSR:StopPlace:58842,Blaker stasjon,2026-09-07T06:22:00+02:00,2026-09-07T06:22:21+02:00,2026-09-07T06:22:21+02:00,21.0,1,Asker,VYG:Line:R14,Asker-Oslo S-Kongsvinger,R14,rail,VYG:ServiceJourney:1004_442909-R,True,actual,False,,,,,2026-09-07T08:42:24.659182+02:00
NSR:StopPlace:58843,Blommenholm stasjon,2026-09-07T07:14:00+02:00,2026-09-07T07:14:21+02:00,2026-09-07T07:14:21+02:00,21.0,1,Asker,VYG:Line:L1,Spikkestad-Oslo S-Lillestrøm,L1,rail,VYG:ServiceJourney:2107_443511-R,True,actual,False,,,,,2026-09-07T08:42:24.659182+02:00
NSR:StopPlace:58844,Eidsvoll stasjon,2026-09-07T07:14:00+02:00,2026-09-07T07:14:21+02:00,2026-09-07T07:14:21+02:00,21.0,1,Eidsvoll,RUT:Line:430,Eidsvoll - Jessheim,430,bus,RUT:ServiceJourney:3ee1f1c6884f923d8659cf70da6521b1,True,actual,False,,,,,2026-09-07T08:42:24.659182+02:00
NSR:StopPlace:58845,Eidsvoll verk stasjon,2026-09-07T07:55:00+02:00,2026-09-07T07:55:21+02:00,2026-09-07T07:55:21+02:00,21.0,1,Eidsvoll,VYG:Line:RE11,Eidsvoll-Oslo S-Skien,RE11,rail,VYG:ServiceJourney:804_444384-R,True,actual,False,,,,,2026-09-07T08:42:24.659182+02:00
NSR:StopPlace:58856,Lysaker stasjon,2026-09-07T05:26:00+02:00,2026-09-07T05:26:21+02:00,2026-09-07T05:26:21+02:00,21.0,1,Oslo Lufthavn,FLT:Line:FLY1,FLY1,FLY1,rail,FLT:ServiceJourney:1-2614-3707-20260907,True,actual,False,,,,,2026-09-07T08:42:24.659182+02:00
NSR:StopPlace:58857,Lørenskog stasjon,2026-09-07T06:36:00+02:00,2026-09-07T06:36:21+02:00,2026-09-07T06:36:21+02:00,21.0,1,Asker,VYG:Line:L1,Spikkestad-Oslo S-Lillestrøm,L1,rail,VYG:ServiceJourney:2107_443511-R,True,actual,False,,,,,2026-09-07T08:42:24.659182+02:00
NSR:StopPlace:58858,Nittedal stasjon,2026-09-07T06:14:00+02:00,2026-09-07T06:14:21+02:00,2026-09-07T06:14:21+02:00,21.0,1,Dam,RUT:Line:386,Nittedal stasjon - Kruttverket - Dam,386,bus,RUT:ServiceJourney:e116d4668f4b952e8c68373292c3a7b4,True,actual,False,,,,,2026-09-07T08:42:24.659182+02:00
NSR:StopPlace:58862,Strømmen stasjon,2026-09-07T06:45:00+02:00,2026-09-07T06:45:21+02:00,2026-09-07T06:45:21+02:00,21.0,1,Spikkestad,VYG:Line:L1,Spikkestad-Oslo S-Lillestrøm,L1,rail,VYG:ServiceJourney:2209_443598-R,True,actual,False,,,,,2026-09-07T08:42:24.659182+02:00
NSR:StopPlace:58879,Lunde stasjon,2026-09-07T07:35:00+02:00,2026-09-07T07:35:21+02:00,2026-09-07T07:35:21+02:00,21.0,1,Bø skule,TEL:Line:8322,Bø-Lunde,322,bus,TEL:ServiceJourney:125826,True,actual,False,,,,,2026-09-07T08:42:24.659182+02:00
NSR:StopPlace:58803,Tomter stasjon,2026-09-07T07:03:00+02:00,2026-09-07T07:03:21+02:00,2026-09-07T07:03:21+02:00,21.0,1,Askim vgs.,OST:Line:1_410,Elvestad-Svikebøl,410,bus,OST:ServiceJourney:410_260327065875404_3,True,actual,False,,,,,2026-09-07T08:42:24.659182+02:00
NSR:StopPlace:58810,Løten stasjon,2026-09-07T07:26:00+02:00,2026-09-07T07:26:21+02:00,2026-09-07T07:26:21+02:00,21.0,1,Stange,INN:Line:696,Stange vgs. - Løten - Elverum,696,bus,INN:ServiceJourney:84941,True,actual,False,,,,,2026-09-07T08:42:24.659182+02:00
NSR:StopPlace:101,Sagdalen stasjon,2026-09-07T05:58:00+02:00,2026-09-07T05:58:21+02:00,2026-09-07T05:58:21+02:00,21.0,1,Asker,VYG:Line:L1,Spikkestad-Oslo S-Lillestrøm,L1,rail,VYG:ServiceJourney:2105_443509-R,True,actual,False,,,,,2026-09-07T08:42:24.659182+02:00
NSR:StopPlace:362,Jåttåvågen stasjon,2026-09-07T07:36:00+02:00,2026-09-07T07:36:21+02:00,2026-09-07T07:36:21+02:00,21.0,1,Stavanger,GOA:Line:59,Jærbanen,L5,rail,GOA:ServiceJourney:3111_63156-R,True,actual,False,,,,,2026-09-07T08:42:24.659182+02:00
NSR:StopPlace:302,Gjøvik stasjon,2026-09-07T05:34:00+02:00,2026-09-07T05:34:21+02:00,2026-09-07T05:34:21+02:00,21.0,1,Roa,VYG:Line:RE30,Oslo S-Gjøvik,RE30,rail,VYG:ServiceJourney:1204-GJOe_589110-R,True,actual,False,,,,,2026-09-07T08:42:24.659182+02:00
NSR:StopPlace:416,Vikhammer stasjon,2026-09-07T07:18:00+02:00,2026-09-07T07:18:21+02:00,2026-09-07T07:18:21+02:00,21.0,1,Melhus skysstasjon,SJN:Line:26,Trønderbanen,R70,rail,SJN:ServiceJourney:422-STK_56051-R,True,actual,False,,,,,2026-09-07T08:42:24.659182+02:00
NSR:StopPlace:702,Sandnes sentrum stasjon,2026-09-07T07:28:00+02:00,2026-09-07T07:28:21+02:00,2026-09-07T07:28:21+02:00,21.0,1,Stavanger,GOA:Line:59,Jærbanen,L5,rail,GOA:ServiceJourney:3111_63156-R,True,actual,False,,,,,2026-09-07T08:42:24.659182+02:00
NSR:StopPlace:610,Sandvika stasjon,2026-09-07T05:20:00+02:00,2026-09-07T05:20:21+02:00,2026-09-07T05:20:21+02:00,21.0,1,Oslo Lufthavn,FLT:Line:FLY1,FLY1,FLY1,rail,FLT:ServiceJourney:1-2614-3707-20260907,True,actual,False,,,,,2026-09-07T08:42:24.659182+02:00
NSR:StopPlace:610,Sandvika stasjon,2026-09-07T06:15:00+02:00,2026-09-07T06:15:21+02:00,2026-09-07T06:15:21+02:00,21.0,1,Lillehammer,VYG:Line:RE10,Drammen-Oslo S-Lillehammer,RE10,rail,VYG:ServiceJourney:305-SUD_444133-R,True,actual,False,,,,,2026-09-07T08:42:24.659182+02:00
NSR:StopPlace:62339,Lillestrøm stasjon,2026-09-07T07:36:00+02:00,2026-09-07T07:36:21+02:00,2026-09-07T07:36:21+02:00,21.0,1,Drammen,VYG:Line:R13,Drammen-Oslo S-Dal,R13,rail,VYG:ServiceJourney:1610_443230-R,True,actual,False,Heis i spor 1 og 2 er ute av bruk på grunn av vedlikehold.,Heis i spor 1 og 2 er ute av bruk på grunn av vedlikehold.,general,normal,2026-09-07T08:42:24.659182+02:00
NSR:StopPlace:60944,Ski stasjon,2026-09-08T00:35:00+02:00,2026-09-08T00:35:20+02:00,2026-09-08T00:35:20+02:00,20.0,1,Halden,VYG:Line:RE20,Oslo S-Halden-Göteborg (X-Border),RE20,rail,VYG:ServiceJourney:139_443138-R,True,actual,False,,,,,2026-09-08T03:39:50.209703+02:00
NSR:StopPlace:58794,Fredrikstad stasjon,2026-09-08T01:30:00+02:00,2026-09-08T01:30:20+02:00,2026-09-08T01:30:20+02:00,20.0,1,Halden,VYG:Line:RE20,Oslo S-Halden-Göteborg (X-Border),RE20,rail,VYG:ServiceJourney:139_443138-R,True,actual,False,,,,,2026-09-08T03:39:50.209703+02:00
NSR:StopPlace:58882,Nordagutu stasjon,2026-09-08T00:21:00+02:00,2026-09-08T00:21:20+02:00,2026-09-08T00:21:20+02:00,20.0,1,Stavanger,GOA:Line:50,Sørtoget region,F5,rail,GOA:ServiceJourney:725-LOD_67061-R,True,actual,False,,,,,2026-09-08T03:39:50.209703+02:00
NSR:StopPlace:61463,Nordstrand stasjon,2026-09-07T23:07:00+02:00,2026-09-07T23:07:20+02:00,2026-09-07T23:07:20+02:00,20.0,1,Stabekk,VYG:Line:L2,Stabekk-Oslo S-Ski,L2,rail,VYG:ServiceJourney:2776-SKI_443999-R,True,actual,False,,,,,2026-09-08T00:20:52.129880+02:00
NSR:StopPlace:59659,Atna stasjon,2026-09-07T22:01:00+02:00,2026-09-07T22:01:20+02:00,2026-09-07T22:01:20+02:00,20.0,1,Røros,SJN:Line:25,Rørosbanen,R60,rail,SJN:ServiceJourney:2393_37671-R,True,actual,False,,,,,2026-09-08T00:20:52.129880+02:00
NSR:StopPlace:59983,Bergen stasjon,2026-09-07T22:38:00+02:00,2026-09-07T22:38:20+02:00,2026-09-07T22:38:20+02:00,20.0,1,Voss,VYG:Line:R40,Bergen-Voss-Myrdal-Ål,R40,rail,VYG:ServiceJourney:1836_443423-R,True,actual,False,,,,,2026-09-08T00:20:52.129880+02:00
NSR:StopPlace:59639,Sonsveien stasjon,2026-09-07T21:34:00+02:00,2026-09-07T21:34:20+02:00,2026-09-07T21:34:20+02:00,20.0,1,Stabekk,VYG:Line:R21,Stabekk-Oslo S-Moss,R21,rail,VYG:ServiceJourney:1170-MOS_443066-R,True,actual,False,,,,,2026-09-08T00:20:52.129880+02:00
NSR:StopPlace:58836,Mjøndalen stasjon,2026-09-07T22:24:00+02:00,2026-09-07T22:24:20+02:00,2026-09-07T22:24:20+02:00,20.0,1,Drammen via Gulskogen,BRA:Line:4_6052,Drammen - Mjøndalen,52,bus,BRA:ServiceJourney:6052_260415100161118_1052,True,actual,False,,,,,2026-09-08T00:20:52.129880+02:00
NSR:StopPlace:58838,Røyken stasjon,2026-09-07T23:45:00+02:00,2026-09-07T23:45:20+02:00,2026-09-07T23:45:20+02:00,20.0,1,Asker,RUT:Line:260,Hyggen - Bråset -Slemmestad (- Asker),260,bus,RUT:ServiceJourney:4754d9c867b13f9bbdd37af8eded0322,True,actual,False,,,,,2026-09-08T00:20:52.129880+02:00
NSR:StopPlace:58866,Vevelstad stasjon,2026-09-07T21:44:00+02:00,2026-09-07T21:44:20+02:00,2026-09-07T21:44:20+02:00,20.0,1,Stabekk,VYG:Line:L2,Stabekk-Oslo S-Ski,L2,rail,VYG:ServiceJourney:2772-SKI_443993-R,True,actual,False,,,,,2026-09-08T00:20:52.129880+02:00
NSR:StopPlace:58866,Vevelstad stasjon,2026-09-07T22:51:00+02:00,2026-09-07T22:51:20+02:00,2026-09-07T22:51:20+02:00,20.0,1,Drøbak - Seiersten,RUT:Line:510,Bøleråsen - Ski - Ås - Drøbak,510,bus,RUT:ServiceJourney:a87b37cf60576e1f318260019d4b3b79,True,actual,False,,,,,2026-09-08T00:20:52.129880+02:00
NSR:StopPlace:58884,Skien stasjon,2026-09-07T22:09:00+02:00,2026-09-07T22:09:20+02:00,2026-09-07T22:09:20+02:00,20.0,1,Eidsvoll,VYG:Line:RE11,Eidsvoll-Oslo S-Skien,RE11,rail,VYG:ServiceJourney:838-341_515579-R,True,actual,False,,,,,2026-09-08T00:20:52.129880+02:00
NSR:StopPlace:58211,Oslo lufthavn,2026-09-07T20:59:00+02:00,2026-09-07T20:59:20+02:00,2026-09-07T20:59:20+02:00,20.0,1,Lillehammer,VYG:Line:RE10,Drammen-Oslo S-Lillehammer,RE10,rail,VYG:ServiceJourney:333-SUD_444251-R,True,actual,False,Bruk de forreste vognene,På denne avgangen er det bakerste togsettet stengt mellom Drammen og Lillehammer. Bruk de forreste vognene.,general,normal,2026-09-08T00:20:52.129880+02:00
NSR:StopPlace:62309,Ljan stasjon,2026-09-07T22:20:00+02:00,2026-09-07T22:20:20+02:00,2026-09-07T22:20:20+02:00,20.0,1,Skøyen,VYG:Line:L2,Stabekk-Oslo S-Ski,L2,rail,VYG:ServiceJourney:2872-SKI_488400-R,True,actual,False,,,,,2026-09-08T00:20:52.129880+02:00
NSR:StopPlace:61291,Stavanger stasjon,2026-09-07T18:53:00+02:00,2026-09-07T18:53:20+02:00,2026-09-07T18:53:20+02:00,20.0,1,Egersund,GOA:Line:59,Jærbanen,L5,rail,GOA:ServiceJourney:3060_63114-R,True,actual,False,,,,,2026-09-07T20:27:16.249662+02:00
NSR:StopPlace:61466,Vakås stasjon,2026-09-07T18:22:00+02:00,2026-09-07T18:22:20+02:00,2026-09-07T18:22:20+02:00,20.0,1,Lillestrøm,VYG:Line:L1,Spikkestad-Oslo S-Lillestrøm,L1,rail,VYG:ServiceJourney:2156_443565-R,True,actual,False,,,,,2026-09-07T20:27:16.249662+02:00
NSR:StopPlace:61466,Vakås stasjon,2026-09-07T19:41:00+02:00,2026-09-07T19:41:20+02:00,2026-09-07T19:41:20+02:00,20.0,1,Spikkestad,VYG:Line:L1,Spikkestad-Oslo S-Lillestrøm,L1,rail,VYG:ServiceJourney:2257_443680-R,True,actual,False,,,,,2026-09-07T20:27:16.249662+02:00
NSR:StopPlace:61463,Nordstrand stasjon,2026-09-07T19:22:00+02:00,2026-09-07T19:22:20+02:00,2026-09-07T19:22:20+02:00,20.0,1,Skøyen,VYG:Line:L2,Stabekk-Oslo S-Ski,L2,rail,VYG:ServiceJourney:2860-SKI_488393-R,True,actual,False,,,,,2026-09-07T20:27:16.249662+02:00
NSR:StopPlace:61463,Nordstrand stasjon,2026-09-07T20:07:00+02:00,2026-09-07T20:07:20+02:00,2026-09-07T20:07:20+02:00,20.0,1,Stabekk,VYG:Line:L2,Stabekk-Oslo S-Ski,L2,rail,VYG:ServiceJourney:2764-SKI_443980-R,True,actual,False,,,,,2026-09-07T20:27:16.249662+02:00
NSR:StopPlace:33,Ranheim stasjon,2026-09-07T18:29:00+02:00,2026-09-07T18:29:20+02:00,2026-09-07T18:29:20+02:00,20.0,1,Lundamo,SJN:Line:26,Trønderbanen,R70,rail,SJN:ServiceJourney:444_56073-R,True,actual,False,,,,,2026-09-07T20:27:16.249662+02:00
NSR:StopPlace:61897,Bryn stasjon,2026-09-07T19:30:00+02:00,2026-09-07T19:30:20+02:00,2026-09-07T19:30:20+02:00,20.0,1,Lillestrøm,VYG:Line:L1,Spikkestad-Oslo S-Lillestrøm,L1,rail,VYG:ServiceJourney:2158_443567-R,True,actual,False,,,,,2026-09-07T20:27:16.249662+02:00
NSR:StopPlace:59641,Fjellhamar stasjon,2026-09-07T19:25:00+02:00,2026-09-07T19:25:20+02:00,2026-09-07T19:25:20+02:00,20.0,1,Vallerudtoppen,RUT:Line:315,Vallerudtoppen - Ahus,315,bus,RUT:ServiceJourney:577e7a1c456a9611880b0c9fe5c24c77,True,actual,False,,,,,2026-09-07T20:27:16.249662+02:00
NSR:StopPlace:59952,Drammen stasjon,2026-09-07T17:57:00+02:00,2026-09-07T17:57:20+02:00,2026-09-07T17:57:20+02:00,20.0,1,Dombås,VYG:Line:RE10,Drammen-Oslo S-Lillehammer,RE10,rail,VYG:ServiceJourney:329-SUD_465133-R,True,actual,False,,,,,2026-09-07T20:27:16.249662+02:00
NSR:StopPlace:59637,Rosenholm stasjon,2026-09-07T17:28:00+02:00,2026-09-07T17:28:20+02:00,2026-09-07T17:28:20+02:00,20.0,1,Stabekk,VYG:Line:L2,Stabekk-Oslo S-Ski,L2,rail,VYG:ServiceJourney:2754-SKI_443965-R,True,actual,False,,,,,2026-09-07T20:27:16.249662+02:00
NSR:StopPlace:59638,Myrvoll stasjon,2026-09-07T18:35:00+02:00,2026-09-07T18:35:20+02:00,2026-09-07T18:35:20+02:00,20.0,1,Filipstad,RUT:Line:81,Fornebu - Myrvoll stasjon,81,bus,RUT:ServiceJourney:26c0c0bc7d8222675899d1225bc9336a,True,actual,False,,,,,2026-09-07T20:27:16.249662+02:00
NSR:StopPlace:58963,Jessheim stasjon,2026-09-07T18:22:00+02:00,2026-09-07T18:22:20+02:00,2026-09-07T18:22:20+02:00,20.0,1,Årnes,RUT:Line:450,Årnes - Oslo lufthavn,450,bus,RUT:ServiceJourney:778c385b65edc8bc1cbc62ef0f60c26a,True,actual,False,,,,,2026-09-07T20:27:16.249662+02:00
NSR:StopPlace:58935,Levanger stasjon,2026-09-07T17:43:00+02:00,2026-09-07T17:43:20+02:00,2026-09-07T17:43:20+02:00,20.0,1,Steinkjer,SJN:Line:26,Trønderbanen,R70,rail,SJN:ServiceJourney:443-SOeB_56072-R,True,actual,False,,,,,2026-09-07T20:27:16.249662+02:00
NSR:StopPlace:58799,Rygge stasjon,2026-09-07T18:52:00+02:00,2026-09-07T18:52:20+02:00,2026-09-07T18:52:20+02:00,20.0,1,Göteborg C,VYG:Line:RE20,Oslo S-Halden-Göteborg (X-Border),RE20,rail,VYG:ServiceJourney:127-397_448332-R,True,actual,False,,,,,2026-09-07T20:27:16.249662+02:00
NSR:StopPlace:58794,Fredrikstad stasjon,2026-09-07T17:10:00+02:00,2026-09-07T17:10:20+02:00,2026-09-07T17:10:20+02:00,20.0,1,Kalnes,OST:Line:1_4,Fredrikstad - Kalnes,4,bus,OST:ServiceJourney:4_260325121471312_37,True,actual,False,,,,,2026-09-07T20:27:16.249662+02:00
NSR:StopPlace:58847,Frogner stasjon,2026-09-07T20:13:00+02:00,2026-09-07T20:13:20+02:00,2026-09-07T20:13:20+02:00,20.0,1,Skedsmokorset,RUT:Line:365,Sørumsand - Frogner - Skedsmokorset,365,bus,RUT:ServiceJourney:ba081b53f534c5f20b5ce1073a1c3129,True,actual,False,,,,,2026-09-07T20:27:16.249662+02:00
NSR:StopPlace:58852,Høn stasjon,2026-09-07T18:13:00+02:00,2026-09-07T18:13:20+02:00,2026-09-07T18:13:20+02:00,20.0,1,Spikkestad,VYG:Line:L1,Spikkestad-Oslo S-Lillestrøm,L1,rail,VYG:ServiceJourney:2251_443671-R,True,actual,False,,,,,2026-09-07T20:27:16.249662+02:00
NSR:StopPlace:58866,Vevelstad stasjon,2026-09-07T19:04:00+02:00,2026-09-07T19:04:20+02:00,2026-09-07T19:04:20+02:00,20.0,1,Bøleråsen,RUT:Line:510,Bøleråsen - Ski - Ås - Drøbak,510,bus,RUT:ServiceJourney:456c9ac873f35a52826ba4747846d053,True,actual,False,,,,,2026-09-07T20:27:16.249662+02:00
NSR:StopPlace:58861,Solbråtan stasjon,2026-09-07T19:08:00+02:00,2026-09-07T19:08:20+02:00,2026-09-07T19:08:20+02:00,20.0,1,Skøyen,VYG:Line:L2,Stabekk-Oslo S-Ski,L2,rail,VYG:ServiceJourney:2860-SKI_488393-R,True,actual,False,,,,,2026-09-07T20:27:16.249662+02:00
NSR:StopPlace:58818,Gran stasjon,2026-09-07T19:25:00+02:00,2026-09-07T19:25:20+02:00,2026-09-07T19:25:20+02:00,20.0,1,Dokka,INN:Line:126,Dokka-Hov-Brandbu-Oslo,126,bus,INN:ServiceJourney:68061,True,actual,False,,,,,2026-09-07T20:27:16.249662+02:00
NSR:StopPlace:420,Lillehammer stasjon,2026-09-07T19:15:00+02:00,2026-09-07T19:15:20+02:00,2026-09-07T19:15:20+02:00,20.0,1,Drammen,VYG:Line:RE10,Drammen-Oslo S-Lillehammer,RE10,rail,VYG:ServiceJourney:332-LHM_444245-R,True,actual,False,,,,,2026-09-07T20:27:16.249662+02:00
NSR:StopPlace:62373,Berkåk stasjon,2026-09-07T16:44:00+02:00,2026-09-07T16:44:20+02:00,2026-09-07T16:44:20+02:00,20.0,1,Oslo S,SJN:Line:21,Dovrebanen,F6,rail,SJN:ServiceJourney:48-TND_42795-R,True,actual,False,,,,,2026-09-07T20:27:16.249662+02:00
NSR:StopPlace:59653,Haugenstua stasjon,2026-09-07T15:25:00+02:00,2026-09-07T15:25:20+02:00,2026-09-07T15:25:20+02:00,20.0,1,Spikkestad,VYG:Line:L1,Spikkestad-Oslo S-Lillestrøm,L1,rail,VYG:ServiceJourney:2243_443656-R,True,actual,False,,,,,2026-09-07T15:44:36.205822+02:00
NSR:StopPlace:58931,Fannrem stasjon,2026-09-07T15:36:00+02:00,2026-09-07T15:36:20+02:00,2026-09-07T15:36:20+02:00,20.0,1,Å sentrum via Storås,ATB:Line:2_5100,Meldal - Storås - Orkanger,5100,bus,ATB:ServiceJourney:5100_260106098640014_1,True,actual,False,,,,,2026-09-07T15:44:36.205822+02:00
NSR:StopPlace:58947,Steinkjer stasjon,2026-09-07T15:37:00+02:00,2026-09-07T15:37:20+02:00,2026-09-07T15:37:20+02:00,20.0,1,Ler,SJN:Line:26,Trønderbanen,R70,rail,SJN:ServiceJourney:442_56071-R,True,actual,False,,,,,2026-09-07T15:44:36.205822+02:00
NSR:StopPlace:58790,Verdal stasjon,2026-09-07T13:01:00+02:00,2026-09-07T13:01:20+02:00,2026-09-07T13:01:20+02:00,20.0,1,Melhus skysstasjon,SJN:Line:26,Trønderbanen,R70,rail,SJN:ServiceJourney:436-STK_56065-R,True,actual,False,,,,,2026-09-07T15:44:36.205822+02:00
NSR:StopPlace:58793,Askim stasjon,2026-09-07T15:25:00+02:00,2026-09-07T15:25:20+02:00,2026-09-07T15:25:20+02:00,20.0,1,Askim stasjon,OST:Line:1_42,Bybuss Askim sentrum syd,42,bus,OST:ServiceJourney:42_260325121471834_2,True,actual,False,,,,,2026-09-07T15:44:36.205822+02:00
NSR:StopPlace:58836,Mjøndalen stasjon,2026-09-07T15:06:00+02:00,2026-09-07T15:06:20+02:00,2026-09-07T15:06:20+02:00,20.0,1,Drammen sykehus,BRA:Line:4_6001,Drammen sykehus Brakerøya - Sørensvingen / Mjøndalen,1,bus,BRA:ServiceJourney:6001_260415100161825_1154,True,actual,False,,,,,2026-09-07T15:44:36.205822+02:00
NSR:StopPlace:58844,Eidsvoll stasjon,2026-09-07T14:08:00+02:00,2026-09-07T14:08:20+02:00,2026-09-07T14:08:20+02:00,20.0,1,Lillehammer,VYG:Line:RE10,Drammen-Oslo S-Lillehammer,RE10,rail,VYG:ServiceJourney:319-SUD_444192-R,True,actual,False,,,,,2026-09-07T15:44:36.205822+02:00
NSR:StopPlace:58858,Nittedal stasjon,2026-09-07T14:19:00+02:00,2026-09-07T14:19:20+02:00,2026-09-07T14:19:20+02:00,20.0,1,Oslo S,VYG:Line:RE30,Oslo S-Gjøvik,RE30,rail,VYG:ServiceJourney:BUS-1218_655041-R,True,actual,False,,,,,2026-09-07T15:44:36.205822+02:00
NSR:StopPlace:58805,Brumunddal stasjon,2026-09-07T15:40:00+02:00,2026-09-07T15:40:20+02:00,2026-09-07T15:40:20+02:00,20.0,1,Brumund,INN:Line:636,Brumunddal-Brumund-Brumunddal,636,bus,INN:ServiceJourney:83298,True,actual,False,,,,,2026-09-07T15:44:36.205822+02:00
NSR:StopPlace:61387,Skogn stasjon,2026-09-07T06:16:00+02:00,2026-09-07T06:16:20+02:00,2026-09-07T06:16:20+02:00,20.0,1,Melhus skysstasjon,SJN:Line:26,Trønderbanen,R70,rail,SJN:ServiceJourney:422-STK_56051-R,True,actual,False,,,,,2026-09-07T08:42:24.659182+02:00
NSR:StopPlace:59952,Drammen stasjon,2026-09-07T07:05:00+02:00,2026-09-07T07:05:20+02:00,2026-09-07T07:05:20+02:00,20.0,1,Dal,VYG:Line:R13,Drammen-Oslo S-Dal,R13,rail,VYG:ServiceJourney:1611-SUD_443233-R,True,actual,False,,,,,2026-09-07T08:42:24.659182+02:00
NSR:StopPlace:59174,Løkken stasjon,2026-09-07T07:47:00+02:00,2026-09-07T07:47:20+02:00,2026-09-07T07:47:20+02:00,20.0,1,Skjøtskift bru,ATB:Line:2_5601,Skjøtskift/Bjørnli - Løkken -,5601,bus,ATB:ServiceJourney:5601_260106098642602_1,True,actual,False,,,,,2026-09-07T08:42:24.659182+02:00
NSR:StopPlace:60016,Kråkstad stasjon,2026-09-07T07:35:00+02:00,2026-09-07T07:35:20+02:00,2026-09-07T07:35:20+02:00,20.0,1,Oslo S,VYG:Line:R22,Skøyen-Oslo S-Mysen-Rakkestad,R22,rail,VYG:ServiceJourney:1908_443445-R,True,actual,False,,,,,2026-09-07T08:42:24.659182+02:00
NSR:StopPlace:60047,Melhus skysstasjon,2026-09-07T04:43:00+02:00,2026-09-07T04:43:20+02:00,2026-09-07T04:43:20+02:00,20.0,1,Steinkjer,SJN:Line:26,Trønderbanen,R70,rail,SJN:ServiceJourney:421_56050-R,True,actual,False,,,,,2026-09-07T08:42:24.659182+02:00
NSR:StopPlace:60047,Melhus skysstasjon,2026-09-07T06:43:00+02:00,2026-09-07T06:43:20+02:00,2026-09-07T06:43:20+02:00,20.0,1,Brekkåsen,ATB:Line:2_82,Hesttrøa-Brekkåsen,82,bus,ATB:ServiceJourney:82_251215112550886_9,True,actual,False,Linje 82 og 504,Avvikende kjøring for linje 82 og 504 pga Hølondvegen er stengt. ,general,normal,2026-09-07T08:42:24.659182+02:00
NSR:StopPlace:60045,Hamar stasjon,2026-09-07T07:52:00+02:00,2026-09-07T07:52:20+02:00,2026-09-07T07:52:20+02:00,20.0,1,Lillehammer,VYG:Line:RE10,Drammen-Oslo S-Lillehammer,RE10,rail,VYG:ServiceJourney:305-SUD_444133-R,True,actual,False,,,,,2026-09-07T08:42:24.659182+02:00
NSR:StopPlace:59092,Gyland stasjon,2026-09-07T04:59:00+02:00,2026-09-07T04:59:20+02:00,2026-09-07T04:59:20+02:00,20.0,1,Stavanger,GOA:Line:50,Sørtoget region,F5,rail,GOA:ServiceJourney:725-LOD_67061-R,True,actual,False,,,,,2026-09-07T08:42:24.659182+02:00
NSR:StopPlace:59616,Asker stasjon,2026-09-07T06:04:00+02:00,2026-09-07T06:04:20+02:00,2026-09-07T06:04:20+02:00,20.0,1,Lillestrøm,VYG:Line:L1,Spikkestad-Oslo S-Lillestrøm,L1,rail,VYG:ServiceJourney:2208_764738-R,True,actual,False,Færre vogner,Denne avgangen kjører dessverre med 4 vogner i stedet for 8 vogner. Dette skyldes at vi mangler et togsett.,general,normal,2026-09-07T08:42:24.659182+02:00
NSR:StopPlace:58964,Kløfta stasjon,2026-09-07T06:44:00+02:00,2026-09-07T06:44:20+02:00,2026-09-07T06:44:20+02:00,20.0,1,Drammen,VYG:Line:R13,Drammen-Oslo S-Dal,R13,rail,VYG:ServiceJourney:1608_443225-R,True,actual,False,,,,,2026-09-07T08:42:24.659182+02:00
NSR:StopPlace:58960,Trofors stasjon,2026-09-07T08:20:00+02:00,2026-09-07T08:20:20+02:00,2026-09-07T08:20:20+02:00,20.0,1,Hattfjelldal,NOR:Line:12_8231,Susendal-Hattfjelldal-Trofors-,231,bus,NOR:ServiceJourney:8231_260409081685661_2017,True,actual,False,,,,,2026-09-07T08:42:24.659182+02:00
NSR:StopPlace:58797,Mysen stasjon,2026-09-07T05:05:00+02:00,2026-09-07T05:05:20+02:00,2026-09-07T05:05:20+02:00,20.0,1,Askim-Sarpsborg,OST:Line:1_640,Sarpsborg-Askim-Mysen,640,bus,OST:ServiceJourney:640_260325121473128_2,True,actual,False,,,,,2026-09-07T08:42:24.659182+02:00
NSR:StopPlace:58797,Mysen stasjon,2026-09-07T07:55:00+02:00,2026-09-07T07:55:20+02:00,2026-09-07T07:55:20+02:00,20.0,1,Steinerskolen,OST:Line:1_459,Steinerskolen Askim,459,bus,OST:ServiceJourney:459_260325121475462_1,True,actual,False,,,,,2026-09-07T08:42:24.659182+02:00
NSR:StopPlace:58794,Fredrikstad stasjon,2026-09-07T06:10:00+02:00,2026-09-07T06:10:20+02:00,2026-09-07T06:10:20+02:00,20.0,1,Kalnes,OST:Line:1_4,Fredrikstad - Kalnes,4,bus,OST:ServiceJourney:4_260325121471304_3,True,actual,False,,,,,2026-09-07T08:42:24.659182+02:00
NSR:StopPlace:58831,Flå stasjon,2026-09-07T07:49:00+02:00,2026-09-07T07:49:20+02:00,2026-09-07T07:49:20+02:00,20.0,1,Flå skole,BRA:Line:4_6304,Flå-Buøyni-Gaptjern-Stavn,304,bus,BRA:ServiceJourney:6304_260415100159057_1001,True,actual,False,,,,,2026-09-07T08:42:24.659182+02:00
NSR:StopPlace:58850,Hauerseter stasjon,2026-09-07T07:30:00+02:00,2026-09-07T07:30:20+02:00,2026-09-07T07:30:20+02:00,20.0,1,Dal,VYG:Line:R13,Drammen-Oslo S-Dal,R13,rail,VYG:ServiceJourney:1607_443224-R,True,actual,False,,,,,2026-09-07T08:42:24.659182+02:00
NSR:StopPlace:58864,Sørumsand stasjon,2026-09-07T07:21:00+02:00,2026-09-07T07:21:20+02:00,2026-09-07T07:21:20+02:00,20.0,1,Skedsmokorset,RUT:Line:365,Sørumsand - Frogner - Skedsmokorset,365,bus,RUT:ServiceJourney:efa3e7ee92128d3d45b5dc9ab0c4dd95,True,actual,False,,,,,2026-09-07T08:42:24.659182+02:00
NSR:StopPlace:58874,Stokke stasjon,2026-09-07T06:12:00+02:00,2026-09-07T06:12:20+02:00,2026-09-07T06:12:20+02:00,20.0,1,Oslo S,VYG:Line:RX11,Eidsvoll-Oslo S-Skien,RX11,rail,VYG:ServiceJourney:854-SKN_554645-R,True,actual,False,,,,,2026-09-07T08:42:24.659182+02:00
NSR:StopPlace:58876,Tønsberg stasjon,2026-09-07T06:25:00+02:00,2026-09-07T06:25:20+02:00,2026-09-07T06:25:20+02:00,20.0,1,Skien,VYG:Line:RE11,Eidsvoll-Oslo S-Skien,RE11,rail,VYG:ServiceJourney:873_444433-R,True,actual,False,,,,,2026-09-07T08:42:24.659182+02:00
NSR:StopPlace:58876,Tønsberg stasjon,2026-09-07T07:27:00+02:00,2026-09-07T07:27:20+02:00,2026-09-07T07:27:20+02:00,20.0,1,Tønsberg,VKT:Line:502,Tønsberg-Revetal-Hof,502,bus,VKT:ServiceJourney:17087,True,actual,False,Kan oppstå forsinkelser ,Pga. veiarbeid langs Bispeveien kan det oppstå forsinkelser. Vi beklager dette. ,incident,normal,2026-09-07T08:42:24.659182+02:00
NSR:StopPlace:58802,Spydeberg stasjon,2026-09-07T07:32:00+02:00,2026-09-07T07:32:20+02:00,2026-09-07T07:32:20+02:00,20.0,1,Rakkestad,VYG:Line:R22,Skøyen-Oslo S-Mysen-Rakkestad,R22,rail,VYG:ServiceJourney:1905_443439-R,True,actual,False,,,,,2026-09-07T08:42:24.659182+02:00
NSR:StopPlace:206,Mariero stasjon,2026-09-07T05:37:00+02:00,2026-09-07T05:37:20+02:00,2026-09-07T05:37:20+02:00,20.0,1,Skeiane,GOA:Line:59,Jærbanen,L5,rail,GOA:ServiceJourney:3104_63149-R,True,actual,False,,,,,2026-09-07T08:42:24.659182+02:00
NSR:StopPlace:702,Sandnes sentrum stasjon,2026-09-07T06:58:00+02:00,2026-09-07T06:58:20+02:00,2026-09-07T06:58:20+02:00,20.0,1,Stavanger,GOA:Line:59,Jærbanen,L5,rail,GOA:ServiceJourney:3109_63154-R,True,actual,False,,,,,2026-09-07T08:42:24.659182+02:00
NSR:StopPlace:610,Sandvika stasjon,2026-09-07T06:34:00+02:00,2026-09-07T06:34:20+02:00,2026-09-07T06:34:20+02:00,20.0,1,Drammen,VYG:Line:R13,Drammen-Oslo S-Dal,R13,rail,VYG:ServiceJourney:1604_443221-R,True,actual,False,,,,,2026-09-07T08:42:24.659182+02:00
NSR:StopPlace:62339,Lillestrøm stasjon,2026-09-07T07:15:00+02:00,2026-09-07T07:15:20+02:00,2026-09-07T07:15:20+02:00,20.0,1,Kongsvinger,VYG:Line:R14,Asker-Oslo S-Kongsvinger,R14,rail,VYG:ServiceJourney:1005_442910-R,True,actual,False,Heis i spor 1 og 2 er ute av bruk på grunn av vedlikehold.,Heis i spor 1 og 2 er ute av bruk på grunn av vedlikehold.,general,normal,2026-09-07T08:42:24.659182+02:00
NSR:StopPlace:61897,Bryn stasjon,2026-09-07T23:45:00+02:00,2026-09-07T23:45:19+02:00,2026-09-07T23:45:19+02:00,19.0,1,Lillestrøm,VYG:Line:L1,Spikkestad-Oslo S-Lillestrøm,L1,rail,VYG:ServiceJourney:2276_445376-R,True,actual,False,,,,,2026-09-08T00:20:52.129880+02:00
NSR:StopPlace:59872,Oslo S,2026-09-07T20:39:00+02:00,2026-09-07T20:39:19+02:00,2026-09-07T20:39:19+02:00,19.0,1,Skien,VYG:Line:RE11,Eidsvoll-Oslo S-Skien,RE11,rail,VYG:ServiceJourney:833_444413-R,True,actual,False,Færre vogner,Denne avgangen kjører dessverre med 5 vogner i stedet for 10 vogner. Dette skyldes at vi mangler et togsett.,general,normal,2026-09-08T00:20:52.129880+02:00
NSR:StopPlace:59641,Fjellhamar stasjon,2026-09-07T21:55:00+02:00,2026-09-07T21:55:19+02:00,2026-09-07T21:55:19+02:00,19.0,1,Vallerudtoppen,RUT:Line:315,Vallerudtoppen - Ahus,315,bus,RUT:ServiceJourney:d7624ffc84791f5b63dcb97af03c59e8,True,actual,False,,,,,2026-09-08T00:20:52.129880+02:00
NSR:StopPlace:59641,Fjellhamar stasjon,2026-09-07T23:17:00+02:00,2026-09-07T23:17:19+02:00,2026-09-07T23:17:19+02:00,19.0,1,Spikkestad,VYG:Line:L1,Spikkestad-Oslo S-Lillestrøm,L1,rail,VYG:ServiceJourney:2275_443710-R,True,actual,False,,,,,2026-09-08T00:20:52.129880+02:00
NSR:StopPlace:59643,Grefsen stasjon,2026-09-07T22:51:00+02:00,2026-09-07T22:51:19+02:00,2026-09-07T22:51:19+02:00,19.0,1,Gaustadalléen,RUT:Line:18,Grefsen st [4311] - Rikshospitalet,18,tram,RUT:ServiceJourney:f617b3e03a989016899a398baa9b9733,True,actual,False,,,,,2026-09-08T00:20:52.129880+02:00
NSR:StopPlace:59637,Rosenholm stasjon,2026-09-07T22:13:00+02:00,2026-09-07T22:13:19+02:00,2026-09-07T22:13:19+02:00,19.0,1,Skøyen,VYG:Line:L2,Stabekk-Oslo S-Ski,L2,rail,VYG:ServiceJourney:2872-SKI_488400-R,True,actual,False,,,,,2026-09-08T00:20:52.129880+02:00
NSR:StopPlace:59637,Rosenholm stasjon,2026-09-07T23:13:00+02:00,2026-09-07T23:13:19+02:00,2026-09-07T23:13:19+02:00,19.0,1,Skøyen,VYG:Line:L2,Stabekk-Oslo S-Ski,L2,rail,VYG:ServiceJourney:2876-SKI_488402-R,True,actual,False,,,,,2026-09-08T00:20:52.129880+02:00
NSR:StopPlace:58795,Kambo stasjon,2026-09-07T22:30:00+02:00,2026-09-07T22:30:19+02:00,2026-09-07T22:30:19+02:00,19.0,1,Stabekk,VYG:Line:R21,Stabekk-Oslo S-Moss,R21,rail,VYG:ServiceJourney:1174-MOS_443072-R,True,actual,False,,,,,2026-09-08T00:20:52.129880+02:00
NSR:StopPlace:58884,Skien stasjon,2026-09-07T21:58:00+02:00,2026-09-07T21:58:19+02:00,2026-09-07T21:58:19+02:00,19.0,1,Åfoss via Skien sentrum,TEL:Line:8047,Siljan-Skien-Åfoss,P7,bus,TEL:ServiceJourney:127398,True,actual,False,,,,,2026-09-08T00:20:52.129880+02:00
NSR:StopPlace:58801,Sarpsborg stasjon,2026-09-07T23:13:00+02:00,2026-09-07T23:13:19+02:00,2026-09-07T23:13:19+02:00,19.0,1,Blessom,OST:Line:1_13,Kalnes - Blessom,13,bus,OST:ServiceJourney:13_260325121470812_44,True,actual,False,,,,,2026-09-08T00:20:52.129880+02:00
NSR:StopPlace:398,Arna stasjon,2026-09-08T00:12:00+02:00,2026-09-08T00:12:19+02:00,2026-09-08T00:12:19+02:00,19.0,1,Bergen,VYG:Line:L4,Bergen-Arna,L4,rail,VYG:ServiceJourney:2677_443892-R,True,actual,False,,,,,2026-09-08T00:20:52.129880+02:00
NSR:StopPlace:61291,Stavanger stasjon,2026-09-07T20:23:00+02:00,2026-09-07T20:23:19+02:00,2026-09-07T20:23:19+02:00,19.0,1,Nærbø,GOA:Line:59,Jærbanen,L5,rail,GOA:ServiceJourney:3066_63125-R,True,actual,False,,,,,2026-09-07T20:27:16.249662+02:00
NSR:StopPlace:61464,Hvalstad stasjon,2026-09-07T16:54:00+02:00,2026-09-07T16:54:19+02:00,2026-09-07T16:54:19+02:00,19.0,1,Lillestrøm,VYG:Line:L1,Spikkestad-Oslo S-Lillestrøm,L1,rail,VYG:ServiceJourney:2150_443559-R,True,actual,False,,,,,2026-09-07T20:27:16.249662+02:00
NSR:StopPlace:33,Ranheim stasjon,2026-09-07T17:29:00+02:00,2026-09-07T17:29:19+02:00,2026-09-07T17:29:19+02:00,19.0,1,Ler,SJN:Line:26,Trønderbanen,R70,rail,SJN:ServiceJourney:442_56071-R,True,actual,False,,,,,2026-09-07T20:27:16.249662+02:00
NSR:StopPlace:59647,Dal stasjon,2026-09-07T19:54:00+02:00,2026-09-07T19:54:19+02:00,2026-09-07T19:54:19+02:00,19.0,1,Drammen,VYG:Line:R13,Drammen-Oslo S-Dal,R13,rail,VYG:ServiceJourney:1662_443348-R,True,actual,False,,,,,2026-09-07T20:27:16.249662+02:00
NSR:StopPlace:59983,Bergen stasjon,2026-09-07T19:27:00+02:00,2026-09-07T19:27:19+02:00,2026-09-07T19:27:19+02:00,19.0,1,Arna,VYG:Line:L4,Bergen-Arna,L4,rail,VYG:ServiceJourney:2658_443873-R,True,actual,False,,,,,2026-09-07T20:27:16.249662+02:00
NSR:StopPlace:58834,Hokksund stasjon,2026-09-07T19:57:00+02:00,2026-09-07T19:57:19+02:00,2026-09-07T19:57:19+02:00,19.0,1,Drammen via Mjøndalen,BRA:Line:4_6101,Drammen-Vikersund/Hønefoss,101,bus,BRA:ServiceJourney:6101_260415100161316_1058,True,actual,False,,,,,2026-09-07T20:27:16.249662+02:00
NSR:StopPlace:58847,Frogner stasjon,2026-09-07T19:13:00+02:00,2026-09-07T19:13:19+02:00,2026-09-07T19:13:19+02:00,19.0,1,Skedsmokorset,RUT:Line:365,Sørumsand - Frogner - Skedsmokorset,365,bus,RUT:ServiceJourney:39b6a45f231bf7aa2e1ea2cfcd392aaa,True,actual,False,,,,,2026-09-07T20:27:16.249662+02:00
NSR:StopPlace:58873,Skoppum stasjon,2026-09-07T19:40:00+02:00,2026-09-07T19:40:19+02:00,2026-09-07T19:40:19+02:00,19.0,1,Skien,VYG:Line:RE11,Eidsvoll-Oslo S-Skien,RE11,rail,VYG:ServiceJourney:829_444409-R,True,actual,False,,,,,2026-09-07T20:27:16.249662+02:00
NSR:StopPlace:58816,Dombås stasjon,2026-09-07T20:15:00+02:00,2026-09-07T20:15:19+02:00,2026-09-07T20:15:19+02:00,19.0,1,Åndalsnes,SJN:Line:22,Raumabanen,R65,rail,SJN:ServiceJourney:2349_42986-R,True,actual,False,,,,,2026-09-07T20:27:16.249662+02:00
NSR:StopPlace:222,Myrdal stasjon,2026-09-07T19:26:00+02:00,2026-09-07T19:26:19+02:00,2026-09-07T19:26:19+02:00,19.0,1,Bergen,VYG:Line:F4,Oslo S-Bergen,F4,rail,VYG:ServiceJourney:65-LOD_590005-R,True,actual,False,,,,,2026-09-07T20:27:16.249662+02:00
NSR:StopPlace:400,Ler stasjon,2026-09-07T18:36:00+02:00,2026-09-07T18:36:19+02:00,2026-09-07T18:36:19+02:00,19.0,1,Steinkjer,SJN:Line:26,Trønderbanen,R70,rail,SJN:ServiceJourney:449_56078-R,True,actual,False,,,,,2026-09-07T20:27:16.249662+02:00
NSR:StopPlace:33,Ranheim stasjon,2026-09-07T14:54:00+02:00,2026-09-07T14:54:19+02:00,2026-09-07T14:54:19+02:00,19.0,1,Steinkjer,SJN:Line:26,Trønderbanen,R70,rail,SJN:ServiceJourney:1761_56047-R,True,actual,False,,,,,2026-09-07T15:44:36.205822+02:00
NSR:StopPlace:59958,Voss stasjon,2026-09-07T14:40:00+02:00,2026-09-07T14:40:19+02:00,2026-09-07T14:40:19+02:00,19.0,1,Bolstad,SKY:Line:950,Bergen-Voss-Gudvangen,950,bus,SKY:ServiceJourney:950-205165-21338671,True,actual,False,,,,,2026-09-07T15:44:36.205822+02:00
NSR:StopPlace:58950,Åsen stasjon,2026-09-07T15:22:00+02:00,2026-09-07T15:22:19+02:00,2026-09-07T15:22:19+02:00,19.0,1,Steinkjer,SJN:Line:26,Trønderbanen,R70,rail,SJN:ServiceJourney:439_56068-R,True,actual,False,,,,,2026-09-07T15:44:36.205822+02:00
NSR:StopPlace:58935,Levanger stasjon,2026-09-07T14:14:00+02:00,2026-09-07T14:14:19+02:00,2026-09-07T14:14:19+02:00,19.0,1,Ler,SJN:Line:26,Trønderbanen,R70,rail,SJN:ServiceJourney:438_56067-R,True,actual,False,,,,,2026-09-07T15:44:36.205822+02:00
NSR:StopPlace:58794,Fredrikstad stasjon,2026-09-07T13:40:00+02:00,2026-09-07T13:40:19+02:00,2026-09-07T13:40:19+02:00,19.0,1,Kalnes,OST:Line:1_4,Fredrikstad - Kalnes,4,bus,OST:ServiceJourney:4_260325121471297_23,True,actual,False,,,,,2026-09-07T15:44:36.205822+02:00
NSR:StopPlace:58808,Kongsvinger stasjon,2026-09-07T13:35:00+02:00,2026-09-07T13:35:19+02:00,2026-09-07T13:35:19+02:00,19.0,1,Asker,VYG:Line:R14,Asker-Oslo S-Kongsvinger,R14,rail,VYG:ServiceJourney:1020_442928-R,True,actual,False,,,,,2026-09-07T15:44:36.205822+02:00
NSR:StopPlace:58817,Eina stasjon,2026-09-07T13:56:00+02:00,2026-09-07T13:56:19+02:00,2026-09-07T13:56:19+02:00,19.0,1,Roa,VYG:Line:RE30,Oslo S-Gjøvik,RE30,rail,VYG:ServiceJourney:1220-GJOe_589159-R,True,actual,False,,,,,2026-09-07T15:44:36.205822+02:00
NSR:StopPlace:416,Vikhammer stasjon,2026-09-07T14:21:00+02:00,2026-09-07T14:21:19+02:00,2026-09-07T14:21:19+02:00,19.0,1,Melhus skysstasjon,SJN:Line:26,Trønderbanen,R70,rail,SJN:ServiceJourney:436-STK_56065-R,True,actual,False,,,,,2026-09-07T15:44:36.205822+02:00
NSR:StopPlace:61291,Stavanger stasjon,2026-09-07T05:14:00+02:00,2026-09-07T05:14:19+02:00,2026-09-07T05:14:19+02:00,19.0,1,Egersund,GOA:Line:59,Jærbanen,L5,rail,GOA:ServiceJourney:3006_63037-R,True,actual,False,,,,,2026-09-07T08:42:24.659182+02:00
NSR:StopPlace:61463,Nordstrand stasjon,2026-09-07T05:37:00+02:00,2026-09-07T05:37:19+02:00,2026-09-07T05:37:19+02:00,19.0,1,Stabekk,VYG:Line:L2,Stabekk-Oslo S-Ski,L2,rail,VYG:ServiceJourney:2706-SKI_443912-R,True,actual,False,,,,,2026-09-07T08:42:24.659182+02:00
NSR:StopPlace:61872,Nærbø stasjon,2026-09-07T06:50:00+02:00,2026-09-07T06:50:19+02:00,2026-09-07T06:50:19+02:00,19.0,1,Stavanger,GOA:Line:59,Jærbanen,L5,rail,GOA:ServiceJourney:3007_63039-R,True,actual,False,,,,,2026-09-07T08:42:24.659182+02:00
NSR:StopPlace:59646,Høvik stasjon,2026-09-07T07:12:00+02:00,2026-09-07T07:12:19+02:00,2026-09-07T07:12:19+02:00,19.0,1,Asker,VYG:Line:L1,Spikkestad-Oslo S-Lillestrøm,L1,rail,VYG:ServiceJourney:2107_443511-R,True,actual,False,,,,,2026-09-07T08:42:24.659182+02:00
NSR:StopPlace:59647,Dal stasjon,2026-09-07T05:24:00+02:00,2026-09-07T05:24:19+02:00,2026-09-07T05:24:19+02:00,19.0,1,Drammen,VYG:Line:R13,Drammen-Oslo S-Dal,R13,rail,VYG:ServiceJourney:1604_443221-R,True,actual,False,,,,,2026-09-07T08:42:24.659182+02:00
NSR:StopPlace:59642,Rånåsfoss stasjon,2026-09-07T06:49:00+02:00,2026-09-07T06:49:19+02:00,2026-09-07T06:49:19+02:00,19.0,1,Asker,VYG:Line:R14,Asker-Oslo S-Kongsvinger,R14,rail,VYG:ServiceJourney:1052-KVG_442956-R,True,actual,False,,,,,2026-09-07T08:42:24.659182+02:00
NSR:StopPlace:60736,Spikkestad stasjon,2026-09-07T07:16:00+02:00,2026-09-07T07:16:19+02:00,2026-09-07T07:16:19+02:00,19.0,1,Lillestrøm,VYG:Line:L1,Spikkestad-Oslo S-Lillestrøm,L1,rail,VYG:ServiceJourney:2214_443607-R,True,actual,False,Færre vogner,Denne avgangen kjører dessverre med 4 vogner i stedet for 8 vogner. Dette skyldes at vi mangler et togsett.,general,normal,2026-09-07T08:42:24.659182+02:00
NSR:StopPlace:59983,Bergen stasjon,2026-09-07T07:46:00+02:00,2026-09-07T07:46:19+02:00,2026-09-07T07:46:19+02:00,19.0,1,Voss,VYG:Line:R40,Bergen-Voss-Myrdal-Ål,R40,rail,VYG:ServiceJourney:1806_443392-R,True,actual,False,,,,,2026-09-07T08:42:24.659182+02:00
NSR:StopPlace:60077,Støren stasjon,2026-09-07T07:54:00+02:00,2026-09-07T07:54:19+02:00,2026-09-07T07:54:19+02:00,19.0,1,Lundamo skole,ATB:Line:2_5004,Klett - Melhus - Støren,5004,bus,ATB:ServiceJourney:5004_260309084085227_7,True,actual,False,,,,,2026-09-07T08:42:24.659182+02:00
NSR:StopPlace:60569,Sirevåg stasjon,2026-09-07T06:30:00+02:00,2026-09-07T06:30:19+02:00,2026-09-07T06:30:19+02:00,19.0,1,Stavanger,GOA:Line:59,Jærbanen,L5,rail,GOA:ServiceJourney:3007_63039-R,True,actual,False,,,,,2026-09-07T08:42:24.659182+02:00
NSR:StopPlace:59635,Hauketo stasjon,2026-09-07T06:03:00+02:00,2026-09-07T06:03:19+02:00,2026-09-07T06:03:19+02:00,19.0,1,Grorud T,RUT:Line:79,Grorud T - Åsbråten,79,bus,RUT:ServiceJourney:3cb1b9f1354e2ba26534d4330e0deee9,True,actual,False,,,,,2026-09-07T08:42:24.659182+02:00
NSR:StopPlace:59638,Myrvoll stasjon,2026-09-07T07:45:00+02:00,2026-09-07T07:45:19+02:00,2026-09-07T07:45:19+02:00,19.0,1,Fornebu,RUT:Line:81,Fornebu - Myrvoll stasjon,81,bus,RUT:ServiceJourney:695251db6d3601b253a8a9257e24c773,True,actual,False,,,,,2026-09-07T08:42:24.659182+02:00
NSR:StopPlace:58963,Jessheim stasjon,2026-09-07T06:46:00+02:00,2026-09-07T06:46:19+02:00,2026-09-07T06:46:19+02:00,19.0,1,Oslo lufthavn,RUT:Line:440,Fenstad/Nordkisa - Oslo lufthavn,440,bus,RUT:ServiceJourney:8c0652535bdf4e91a0b78942e542a4ab,True,actual,False,,,,,2026-09-07T08:42:24.659182+02:00
NSR:StopPlace:58963,Jessheim stasjon,2026-09-07T06:58:00+02:00,2026-09-07T06:58:19+02:00,2026-09-07T06:58:19+02:00,19.0,1,Fenstad,RUT:Line:440,Fenstad/Nordkisa - Oslo lufthavn,440,bus,RUT:ServiceJourney:31ca163cf36e8c82fe8fee959659d989,True,actual,False,,,,,2026-09-07T08:42:24.659182+02:00
NSR:StopPlace:58918,Nodeland stasjon,2026-09-07T08:10:00+02:00,2026-09-07T08:10:19+02:00,2026-09-07T08:10:19+02:00,19.0,1,Skolebuss,AKT:Line:2178,Stokkeland - Tunballen skole,2178,bus,AKT:ServiceJourney:76851_51_30_55200_57900_3957750,True,actual,False,,,,,2026-09-07T08:42:24.659182+02:00
NSR:StopPlace:58930,Larvik stasjon,2026-09-07T07:05:00+02:00,2026-09-07T07:05:19+02:00,2026-09-07T07:05:19+02:00,19.0,1,Larvik-Sandefjord,VKT:Line:4,Torp-Sandefjord-Larvik-Stavern,4,bus,VKT:ServiceJourney:17688,True,actual,False,,,,,2026-09-07T08:42:24.659182+02:00
NSR:StopPlace:58931,Fannrem stasjon,2026-09-07T05:35:00+02:00,2026-09-07T05:35:19+02:00,2026-09-07T05:35:19+02:00,19.0,1,Trondheim S via Orkanger skysst.,ATB:Line:2_310,Trondheim - Orkanger - Fannrem,310,bus,ATB:ServiceJourney:310_260106098640151_23,True,actual,False,,,,,2026-09-07T08:42:24.659182+02:00
NSR:StopPlace:58946,Snåsa stasjon,2026-09-07T07:30:00+02:00,2026-09-07T07:30:19+02:00,2026-09-07T07:30:19+02:00,19.0,1,Agle øst,ATB:Line:2_7327,Agle - Snåsa,7327,bus,ATB:ServiceJourney:7327_260106098642368_1,True,actual,False,,,,,2026-09-07T08:42:24.659182+02:00
NSR:StopPlace:58947,Steinkjer stasjon,2026-09-07T07:26:00+02:00,2026-09-07T07:26:19+02:00,2026-09-07T07:26:19+02:00,19.0,1,AMFI Steinkjer,ATB:Line:2_690,Grong - Steinkjer,690,bus,ATB:ServiceJourney:690_260106098640327_2,True,actual,False,,,,,2026-09-07T08:42:24.659182+02:00
NSR:StopPlace:58948,Stjørdal stasjon,2026-09-07T06:56:00+02:00,2026-09-07T06:56:19+02:00,2026-09-07T06:56:19+02:00,19.0,1,Husbyåsen via Terrassehusene,ATB:Line:2_92,92 StjørdalSt-HusbySnu.,92,bus,ATB:ServiceJourney:92_260219106442258_8,True,actual,False,,,,,2026-09-07T08:42:24.659182+02:00
NSR:StopPlace:58790,Verdal stasjon,2026-09-07T04:56:00+02:00,2026-09-07T04:56:19+02:00,2026-09-07T04:56:19+02:00,19.0,1,Støren,SJN:Line:26,Trønderbanen,R70,rail,SJN:ServiceJourney:420_56049-R,True,actual,False,,,,,2026-09-07T08:42:24.659182+02:00
NSR:StopPlace:58834,Hokksund stasjon,2026-09-07T07:00:00+02:00,2026-09-07T07:00:19+02:00,2026-09-07T07:00:19+02:00,19.0,1,Kongsberg via Fiskum-Saggrenda-Sølvverket,BRA:Line:4_6115,Hokksund - Kongsberg,115,bus,BRA:ServiceJourney:6115_260427080310110_1004,True,actual,False,,,,,2026-09-07T08:42:24.659182+02:00
NSR:StopPlace:58853,Kolbotn stasjon,2026-09-07T06:56:00+02:00,2026-09-07T06:56:19+02:00,2026-09-07T06:56:19+02:00,19.0,1,Hauketo stasjon,RUT:Line:87,Hauketo stasjon - Kolbotn,87,bus,RUT:ServiceJourney:97961989dad2c0688d66d0d18dcd3ca7,True,actual,False,,,,,2026-09-07T08:42:24.659182+02:00
NSR:StopPlace:58853,Kolbotn stasjon,2026-09-07T07:11:00+02:00,2026-09-07T07:11:19+02:00,2026-09-07T07:11:19+02:00,19.0,1,Hauketo stasjon,RUT:Line:87,Hauketo stasjon - Kolbotn,87,bus,RUT:ServiceJourney:7443d4cd22df6353d1536b8d034a7c32,True,actual,False,,,,,2026-09-07T08:42:24.659182+02:00
NSR:StopPlace:58854,Langhus stasjon,2026-09-07T07:22:00+02:00,2026-09-07T07:22:19+02:00,2026-09-07T07:22:19+02:00,19.0,1,Ski stasjon,RUT:Line:516,Siggerud - Ski stasjon,516,bus,RUT:ServiceJourney:1a0bb656666fe802ad6a25e0a71f0528,True,actual,False,,,,,2026-09-07T08:42:24.659182+02:00
NSR:StopPlace:58855,Leirsund stasjon,2026-09-07T07:31:00+02:00,2026-09-07T07:31:19+02:00,2026-09-07T07:31:19+02:00,19.0,1,Dal,VYG:Line:R13,Drammen-Oslo S-Dal,R13,rail,VYG:ServiceJourney:1609_443226-R,True,actual,False,,,,,2026-09-07T08:42:24.659182+02:00
NSR:StopPlace:58856,Lysaker stasjon,2026-09-07T05:48:00+02:00,2026-09-07T05:48:19+02:00,2026-09-07T05:48:19+02:00,19.0,1,Nationaltheatret,RUT:Line:160,Rykkinn -Nationaltheatret,160,bus,RUT:ServiceJourney:d6d7bee8f149762461a6f3a6ecfb0c84,True,actual,False,,,,,2026-09-07T08:42:24.659182+02:00
NSR:StopPlace:58857,Lørenskog stasjon,2026-09-07T07:13:00+02:00,2026-09-07T07:13:19+02:00,2026-09-07T07:13:19+02:00,19.0,1,Stovner,RUT:Line:120,Nesåsen - Stovner,120,bus,RUT:ServiceJourney:837f5c7ad64fb457eb1724f6cf8282db,True,actual,False,,,,,2026-09-07T08:42:24.659182+02:00
NSR:StopPlace:58850,Hauerseter stasjon,2026-09-07T07:30:00+02:00,2026-09-07T07:30:19+02:00,2026-09-07T07:30:19+02:00,19.0,1,Drammen,VYG:Line:R13,Drammen-Oslo S-Dal,R13,rail,VYG:ServiceJourney:1612_443236-R,True,actual,False,,,,,2026-09-07T08:42:24.659182+02:00
NSR:StopPlace:58851,Heggedal stasjon,2026-09-07T07:59:00+02:00,2026-09-07T07:59:19+02:00,2026-09-07T07:59:19+02:00,19.0,1,Rustadgrenda,RUT:Line:286,Rustadgrenda-Heggedal,286,bus,RUT:ServiceJourney:bb59e73b5361ab85798196ae529e6c6a,True,actual,False,,,,,2026-09-07T08:42:24.659182+02:00
NSR:StopPlace:58865,Vestby stasjon,2026-09-07T06:56:00+02:00,2026-09-07T06:56:19+02:00,2026-09-07T06:56:19+02:00,19.0,1,Oslo S,VYG:Line:R23x,Stabekk-Oslo S-Moss,R23x,rail,VYG:ServiceJourney:1508_443150-R,True,actual,False,,,,,2026-09-07T08:42:24.659182+02:00
NSR:StopPlace:58876,Tønsberg stasjon,2026-09-07T05:09:00+02:00,2026-09-07T05:09:19+02:00,2026-09-07T05:09:19+02:00,19.0,1,Eidsvoll,VYG:Line:RE11,Eidsvoll-Oslo S-Skien,RE11,rail,VYG:ServiceJourney:802_444382-R,True,actual,False,,,,,2026-09-07T08:42:24.659182+02:00
NSR:StopPlace:58878,Drangedal stasjon,2026-09-07T06:10:00+02:00,2026-09-07T06:10:19+02:00,2026-09-07T06:10:19+02:00,19.0,1,Vold - (Skien/Porsgrunn),TEL:Line:8601,Drangedal-Porsgrunn-Skien,601,bus,TEL:ServiceJourney:126373,True,actual,False,,,,,2026-09-07T08:42:24.659182+02:00
NSR:StopPlace:58884,Skien stasjon,2026-09-07T06:07:00+02:00,2026-09-07T06:07:19+02:00,2026-09-07T06:07:19+02:00,19.0,1,Eidsvoll,VYG:Line:RE11,Eidsvoll-Oslo S-Skien,RE11,rail,VYG:ServiceJourney:806_444386-R,True,actual,False,,,,,2026-09-07T08:42:24.659182+02:00
NSR:StopPlace:58893,Grovane stasjon,2026-09-07T07:52:00+02:00,2026-09-07T07:52:19+02:00,2026-09-07T07:52:19+02:00,19.0,1,Kristiansand via Moseidmoen - Mosby,AKT:Line:30,Kvadraturen - Mosby - Vennesl,30,bus,AKT:ServiceJourney:79448_92_48_56640_59400_40001545,True,actual,False,,,,,2026-09-07T08:42:24.659182+02:00
NSR:StopPlace:702,Sandnes sentrum stasjon,2026-09-07T07:40:00+02:00,2026-09-07T07:40:19+02:00,2026-09-07T07:40:19+02:00,19.0,1,Nærbø,GOA:Line:59,Jærbanen,L5,rail,GOA:ServiceJourney:3014_63046-R,True,actual,False,,,,,2026-09-07T08:42:24.659182+02:00
NSR:StopPlace:702,Sandnes sentrum stasjon,2026-09-07T08:28:00+02:00,2026-09-07T08:28:19+02:00,2026-09-07T08:28:19+02:00,19.0,1,Stavanger,GOA:Line:59,Jærbanen,L5,rail,GOA:ServiceJourney:3115_63160-R,True,actual,False,,,,,2026-09-07T08:42:24.659182+02:00
NSR:StopPlace:702,Sandnes sentrum stasjon,2026-09-07T08:40:00+02:00,2026-09-07T08:40:19+02:00,2026-09-07T08:40:19+02:00,19.0,1,Nærbø,GOA:Line:59,Jærbanen,L5,rail,GOA:ServiceJourney:3018_63050-R,True,actual,False,,,,,2026-09-07T08:42:24.659182+02:00
NSR:StopPlace:62339,Lillestrøm stasjon,2026-09-07T06:16:00+02:00,2026-09-07T06:16:19+02:00,2026-09-07T06:16:19+02:00,19.0,1,Drammen,VYG:Line:RE10,Drammen-Oslo S-Lillehammer,RE10,rail,VYG:ServiceJourney:302-HHS_486370-R,True,actual,False,Heis i spor 1 og 2 er ute av bruk på grunn av vedlikehold.,Heis i spor 1 og 2 er ute av bruk på grunn av vedlikehold.,general,normal,2026-09-07T08:42:24.659182+02:00
NSR:StopPlace:62339,Lillestrøm stasjon,2026-09-07T06:46:00+02:00,2026-09-07T06:46:19+02:00,2026-09-07T06:46:19+02:00,19.0,1,Asker,VYG:Line:R14,Asker-Oslo S-Kongsvinger,R14,rail,VYG:ServiceJourney:1004_442909-R,True,actual,False,Heis i spor 1 og 2 er ute av bruk på grunn av vedlikehold.,Heis i spor 1 og 2 er ute av bruk på grunn av vedlikehold.,general,normal,2026-09-07T08:42:24.659182+02:00
NSR:StopPlace:61979,Hellvik stasjon,2026-09-07T06:24:00+02:00,2026-09-07T06:24:19+02:00,2026-09-07T06:24:19+02:00,19.0,1,Stavanger,GOA:Line:59,Jærbanen,L5,rail,GOA:ServiceJourney:3007_63039-R,True,actual,False,,,,,2026-09-07T08:42:24.659182+02:00
NSR:StopPlace:58865,Vestby stasjon,2026-09-08T00:45:00+02:00,2026-09-08T00:45:18+02:00,2026-09-08T00:45:18+02:00,18.0,1,Halden,VYG:Line:RE20,Oslo S-Halden-Göteborg (X-Border),RE20,rail,VYG:ServiceJourney:139_443138-R,True,actual,False,,,,,2026-09-08T03:39:50.209703+02:00
NSR:StopPlace:58880,Neslandsvatn stasjon,2026-09-08T01:26:00+02:00,2026-09-08T01:26:18+02:00,2026-09-08T01:26:18+02:00,18.0,1,Stavanger,GOA:Line:50,Sørtoget region,F5,rail,GOA:ServiceJourney:725-LOD_67061-R,True,actual,False,,,,,2026-09-08T03:39:50.209703+02:00
NSR:StopPlace:59647,Dal stasjon,2026-09-07T21:54:00+02:00,2026-09-07T21:54:18+02:00,2026-09-07T21:54:18+02:00,18.0,1,Drammen,VYG:Line:R13,Drammen-Oslo S-Dal,R13,rail,VYG:ServiceJourney:1670_481178-R,True,actual,False,,,,,2026-09-08T00:20:52.129880+02:00
NSR:StopPlace:59650,Nyland stasjon,2026-09-07T23:21:00+02:00,2026-09-07T23:21:18+02:00,2026-09-07T23:21:18+02:00,18.0,1,Lillestrøm,VYG:Line:L1,Spikkestad-Oslo S-Lillestrøm,L1,rail,VYG:ServiceJourney:2274_443709-R,True,actual,False,,,,,2026-09-08T00:20:52.129880+02:00
NSR:StopPlace:59639,Sonsveien stasjon,2026-09-07T22:34:00+02:00,2026-09-07T22:34:18+02:00,2026-09-07T22:34:18+02:00,18.0,1,Stabekk,VYG:Line:R21,Stabekk-Oslo S-Moss,R21,rail,VYG:ServiceJourney:1174-MOS_443072-R,True,actual,False,,,,,2026-09-08T00:20:52.129880+02:00
NSR:StopPlace:58797,Mysen stasjon,2026-09-07T22:00:00+02:00,2026-09-07T22:00:18+02:00,2026-09-07T22:00:18+02:00,18.0,1,Oslo S,VYG:Line:R22,Skøyen-Oslo S-Mysen-Rakkestad,R22,rail,VYG:ServiceJourney:1938_443493-R,True,actual,False,,,,,2026-09-08T00:20:52.129880+02:00
NSR:StopPlace:58795,Kambo stasjon,2026-09-07T22:00:00+02:00,2026-09-07T22:00:18+02:00,2026-09-07T22:00:18+02:00,18.0,1,Stabekk,VYG:Line:R21,Stabekk-Oslo S-Moss,R21,rail,VYG:ServiceJourney:1172-MOS_443069-R,True,actual,False,,,,,2026-09-08T00:20:52.129880+02:00
NSR:StopPlace:58796,Moss stasjon,2026-09-07T22:24:00+02:00,2026-09-07T22:24:18+02:00,2026-09-07T22:24:18+02:00,18.0,1,Stabekk,VYG:Line:R21,Stabekk-Oslo S-Moss,R21,rail,VYG:ServiceJourney:1174-MOS_443072-R,True,actual,False,,,,,2026-09-08T00:20:52.129880+02:00
NSR:StopPlace:58847,Frogner stasjon,2026-09-08T00:13:00+02:00,2026-09-08T00:13:18+02:00,2026-09-08T00:13:18+02:00,18.0,1,Skedsmokorset,RUT:Line:365,Sørumsand - Frogner - Skedsmokorset,365,bus,RUT:ServiceJourney:e1ea816303f9ba69b7495e3f12e1016d,True,actual,False,,,,,2026-09-08T00:20:52.129880+02:00
NSR:StopPlace:58866,Vevelstad stasjon,2026-09-07T23:06:00+02:00,2026-09-07T23:06:18+02:00,2026-09-07T23:06:18+02:00,18.0,1,Drøbak - Frogn vgs.,RUT:Line:510,Bøleråsen - Ski - Ås - Drøbak,510,bus,RUT:ServiceJourney:36a31c047919289752bf18d9e900d81f,True,actual,False,,,,,2026-09-08T00:20:52.129880+02:00
NSR:StopPlace:702,Sandnes sentrum stasjon,2026-09-07T22:40:00+02:00,2026-09-07T22:40:18+02:00,2026-09-07T22:40:18+02:00,18.0,1,Nærbø,GOA:Line:59,Jærbanen,L5,rail,GOA:ServiceJourney:3074_63137-R,True,actual,False,,,,,2026-09-08T00:20:52.129880+02:00
NSR:StopPlace:610,Sandvika stasjon,2026-09-07T21:40:00+02:00,2026-09-07T21:40:18+02:00,2026-09-07T21:40:18+02:00,18.0,1,Oslo Lufthavn,FLT:Line:FLY1,FLY1,FLY1,rail,FLT:ServiceJourney:1-2614-3805-20260907,True,actual,False,,,,,2026-09-08T00:20:52.129880+02:00
NSR:StopPlace:62308,Alna stasjon,2026-09-07T23:48:00+02:00,2026-09-07T23:48:18+02:00,2026-09-07T23:48:18+02:00,18.0,1,Lillestrøm,VYG:Line:L1,Spikkestad-Oslo S-Lillestrøm,L1,rail,VYG:ServiceJourney:2276_445376-R,True,actual,False,,,,,2026-09-08T00:20:52.129880+02:00
NSR:StopPlace:62339,Lillestrøm stasjon,2026-09-07T22:30:00+02:00,2026-09-07T22:30:18+02:00,2026-09-07T22:30:18+02:00,18.0,1,Oslo Lufthavn,FLT:Line:FLY1,FLY1,FLY1,rail,FLT:ServiceJourney:1-2614-3807-20260907,True,actual,False,Heis i spor 1 og 2 er ute av bruk på grunn av vedlikehold.,Heis i spor 1 og 2 er ute av bruk på grunn av vedlikehold.,general,normal,2026-09-08T00:20:52.129880+02:00
NSR:StopPlace:62393,Billingstad stasjon,2026-09-07T23:43:00+02:00,2026-09-07T23:43:18+02:00,2026-09-07T23:43:18+02:00,18.0,1,Lillestrøm,VYG:Line:L1,Spikkestad-Oslo S-Lillestrøm,L1,rail,VYG:ServiceJourney:2278_445378-R,True,actual,False,,,,,2026-09-08T00:20:52.129880+02:00
NSR:StopPlace:61251,Øksnavadporten stasjon,2026-09-07T17:49:00+02:00,2026-09-07T17:49:18+02:00,2026-09-07T17:49:18+02:00,18.0,1,Nærbø,GOA:Line:59,Jærbanen,L5,rail,GOA:ServiceJourney:3054_63104-R,True,actual,False,,,,,2026-09-07T20:27:16.249662+02:00
NSR:StopPlace:61291,Stavanger stasjon,2026-09-07T18:09:00+02:00,2026-09-07T18:09:18+02:00,2026-09-07T18:09:18+02:00,18.0,1,Skeiane,GOA:Line:59,Jærbanen,L5,rail,GOA:ServiceJourney:3154_63199-R,True,actual,False,,,,,2026-09-07T20:27:16.249662+02:00
NSR:StopPlace:61169,Marienborg stasjon,2026-09-07T17:14:00+02:00,2026-09-07T17:14:18+02:00,2026-09-07T17:14:18+02:00,18.0,1,Grillstad via St. Olavs h- Ladeham.,ATB:Line:2_20,Grillstad - Strindheim - Ladehammeren- Sentrum - Romolslia,20,bus,ATB:ServiceJourney:20_251215112548258_71,True,actual,False,,,,,2026-09-07T20:27:16.249662+02:00
NSR:StopPlace:61464,Hvalstad stasjon,2026-09-07T17:24:00+02:00,2026-09-07T17:24:18+02:00,2026-09-07T17:24:18+02:00,18.0,1,Lillestrøm,VYG:Line:L1,Spikkestad-Oslo S-Lillestrøm,L1,rail,VYG:ServiceJourney:2152_443561-R,True,actual,False,Færre vogner,Denne avgangen kjører dessverre med 4 vogner i stedet for 8 vogner. Dette skyldes at vi mangler et togsett.,general,normal,2026-09-07T20:27:16.249662+02:00
NSR:StopPlace:59647,Dal stasjon,2026-09-07T17:24:00+02:00,2026-09-07T17:24:18+02:00,2026-09-07T17:24:18+02:00,18.0,1,Drammen,VYG:Line:R13,Drammen-Oslo S-Dal,R13,rail,VYG:ServiceJourney:1652_443326-R,True,actual,False,,,,,2026-09-07T20:27:16.249662+02:00
NSR:StopPlace:59641,Fjellhamar stasjon,2026-09-07T18:32:00+02:00,2026-09-07T18:32:18+02:00,2026-09-07T18:32:18+02:00,18.0,1,Asker,VYG:Line:L1,Spikkestad-Oslo S-Lillestrøm,L1,rail,VYG:ServiceJourney:2155_443564-R,True,actual,False,,,,,2026-09-07T20:27:16.249662+02:00
NSR:StopPlace:59952,Drammen stasjon,2026-09-07T17:02:00+02:00,2026-09-07T17:02:18+02:00,2026-09-07T17:02:18+02:00,18.0,1,Oslo Lufthavn,FLT:Line:FLY1,FLY1,FLY1,rail,FLT:ServiceJourney:1-2614-3779-20260907,True,actual,False,,,,,2026-09-07T20:27:16.249662+02:00
NSR:StopPlace:59977,Trondheim S,2026-09-07T16:45:00+02:00,2026-09-07T16:45:18+02:00,2026-09-07T16:45:18+02:00,18.0,1,Støren Rådhus,ATB:Line:2_340,Trondheim - Støren,340,bus,ATB:ServiceJourney:340_260106098639860_46,True,actual,False,,,,,2026-09-07T20:27:16.249662+02:00
NSR:StopPlace:60042,Trengereid stasjon,2026-09-07T17:43:00+02:00,2026-09-07T17:43:18+02:00,2026-09-07T17:43:18+02:00,18.0,1,Voss,VYG:Line:R40,Bergen-Voss-Myrdal-Ål,R40,rail,VYG:ServiceJourney:1826_457479-R,True,actual,False,,,,,2026-09-07T20:27:16.249662+02:00
NSR:StopPlace:59616,Asker stasjon,2026-09-07T17:14:00+02:00,2026-09-07T17:14:18+02:00,2026-09-07T17:14:18+02:00,18.0,1,Oslo Lufthavn,FLT:Line:FLY1,FLY1,FLY1,rail,FLT:ServiceJourney:1-2614-3779-20260907,True,actual,False,,,,,2026-09-07T20:27:16.249662+02:00
NSR:StopPlace:59616,Asker stasjon,2026-09-07T17:18:00+02:00,2026-09-07T17:18:18+02:00,2026-09-07T17:18:18+02:00,18.0,1,Lillestrøm,VYG:Line:L1,Spikkestad-Oslo S-Lillestrøm,L1,rail,VYG:ServiceJourney:2152_443561-R,True,actual,False,Færre vogner,Denne avgangen kjører dessverre med 4 vogner i stedet for 8 vogner. Dette skyldes at vi mangler et togsett.,general,normal,2026-09-07T20:27:16.249662+02:00
NSR:StopPlace:59637,Rosenholm stasjon,2026-09-07T17:43:00+02:00,2026-09-07T17:43:18+02:00,2026-09-07T17:43:18+02:00,18.0,1,Oslo S,VYG:Line:L2,Stabekk-Oslo S-Ski,L2,rail,VYG:ServiceJourney:2854_444092-R,True,actual,False,,,,,2026-09-07T20:27:16.249662+02:00
NSR:StopPlace:59637,Rosenholm stasjon,2026-09-07T19:13:00+02:00,2026-09-07T19:13:18+02:00,2026-09-07T19:13:18+02:00,18.0,1,Skøyen,VYG:Line:L2,Stabekk-Oslo S-Ski,L2,rail,VYG:ServiceJourney:2860-SKI_488393-R,True,actual,False,,,,,2026-09-07T20:27:16.249662+02:00
NSR:StopPlace:59639,Sonsveien stasjon,2026-09-07T20:04:00+02:00,2026-09-07T20:04:18+02:00,2026-09-07T20:04:18+02:00,18.0,1,Stabekk,VYG:Line:R21,Stabekk-Oslo S-Moss,R21,rail,VYG:ServiceJourney:1164-MOS_443055-R,True,actual,False,,,,,2026-09-07T20:27:16.249662+02:00
NSR:StopPlace:58926,Dale stasjon,2026-09-07T18:49:00+02:00,2026-09-07T18:49:18+02:00,2026-09-07T18:49:18+02:00,18.0,1,Bergen,VYG:Line:R40,Bergen-Voss-Myrdal-Ål,R40,rail,VYG:ServiceJourney:1831_457481-R,True,actual,False,,,,,2026-09-07T20:27:16.249662+02:00
NSR:StopPlace:58797,Mysen stasjon,2026-09-07T17:02:00+02:00,2026-09-07T17:02:18+02:00,2026-09-07T17:02:18+02:00,18.0,1,Oslo S,VYG:Line:R22,Skøyen-Oslo S-Mysen-Rakkestad,R22,rail,VYG:ServiceJourney:1928_443481-R,True,actual,False,,,,,2026-09-07T20:27:16.249662+02:00
NSR:StopPlace:58844,Eidsvoll stasjon,2026-09-07T17:15:00+02:00,2026-09-07T17:15:18+02:00,2026-09-07T17:15:18+02:00,18.0,1,Jessheim,RUT:Line:430,Eidsvoll - Jessheim,430,bus,RUT:ServiceJourney:0549b0740f0676f33a28a74600c48fca,True,actual,False,,,,,2026-09-07T20:27:16.249662+02:00
NSR:StopPlace:58808,Kongsvinger stasjon,2026-09-07T19:36:00+02:00,2026-09-07T19:36:18+02:00,2026-09-07T19:36:18+02:00,18.0,1,Asker,VYG:Line:R14,Asker-Oslo S-Kongsvinger,R14,rail,VYG:ServiceJourney:1032_442943-R,True,actual,False,,,,,2026-09-07T20:27:16.249662+02:00
NSR:StopPlace:144,Skansen stasjon,2026-09-07T19:11:00+02:00,2026-09-07T19:11:18+02:00,2026-09-07T19:11:18+02:00,18.0,1,Steinkjer,SJN:Line:26,Trønderbanen,R70,rail,SJN:ServiceJourney:449_56078-R,True,actual,False,,,,,2026-09-07T20:27:16.249662+02:00
NSR:StopPlace:398,Arna stasjon,2026-09-07T17:32:00+02:00,2026-09-07T17:32:18+02:00,2026-09-07T17:32:18+02:00,18.0,1,Voss,VYG:Line:R40,Bergen-Voss-Myrdal-Ål,R40,rail,VYG:ServiceJourney:1826_457479-R,True,actual,False,,,,,2026-09-07T20:27:16.249662+02:00
NSR:StopPlace:316,Oppdal stasjon,2026-09-07T17:11:00+02:00,2026-09-07T17:11:18+02:00,2026-09-07T17:11:18+02:00,18.0,1,Oslo S,SJN:Line:21,Dovrebanen,F6,rail,SJN:ServiceJourney:48-TND_42795-R,True,actual,False,,,,,2026-09-07T20:27:16.249662+02:00
NSR:StopPlace:261,Ganddal stasjon,2026-09-07T17:45:00+02:00,2026-09-07T17:45:18+02:00,2026-09-07T17:45:18+02:00,18.0,1,Nærbø,GOA:Line:59,Jærbanen,L5,rail,GOA:ServiceJourney:3054_63104-R,True,actual,False,,,,,2026-09-07T20:27:16.249662+02:00
NSR:StopPlace:62339,Lillestrøm stasjon,2026-09-07T18:25:00+02:00,2026-09-07T18:25:18+02:00,2026-09-07T18:25:18+02:00,18.0,1,Dal,VYG:Line:R13,Drammen-Oslo S-Dal,R13,rail,VYG:ServiceJourney:1653_443327-R,True,actual,False,Heis i spor 1 og 2 er ute av bruk på grunn av vedlikehold.,Heis i spor 1 og 2 er ute av bruk på grunn av vedlikehold.,general,normal,2026-09-07T20:27:16.249662+02:00
NSR:StopPlace:61291,Stavanger stasjon,2026-09-07T12:34:00+02:00,2026-09-07T12:34:18+02:00,2026-09-07T12:34:18+02:00,18.0,1,Oslo S,GOA:Line:50,Sørtoget region,F5,rail,GOA:ServiceJourney:712-STV_63979-R,True,actual,False,,,,,2026-09-07T15:44:36.205822+02:00
NSR:StopPlace:61291,Stavanger stasjon,2026-09-07T14:23:00+02:00,2026-09-07T14:23:18+02:00,2026-09-07T14:23:18+02:00,18.0,1,Egersund,GOA:Line:59,Jærbanen,L5,rail,GOA:ServiceJourney:3042_63084-R,True,actual,False,,,,,2026-09-07T15:44:36.205822+02:00
NSR:StopPlace:59647,Dal stasjon,2026-09-07T12:54:00+02:00,2026-09-07T12:54:18+02:00,2026-09-07T12:54:18+02:00,18.0,1,Drammen,VYG:Line:R13,Drammen-Oslo S-Dal,R13,rail,VYG:ServiceJourney:1634_443285-R,True,actual,False,,,,,2026-09-07T15:44:36.205822+02:00
NSR:StopPlace:59703,Åndalsnes stasjon,2026-09-07T13:40:00+02:00,2026-09-07T13:40:18+02:00,2026-09-07T13:40:18+02:00,18.0,1,Ålesund,MOR:Line:681,FRAM Ekspress  Ålesund-Åndalsnes,681,bus,MOR:ServiceJourney:681_102_9150000048018008,True,actual,False,,,,,2026-09-07T15:44:36.205822+02:00
NSR:StopPlace:60042,Trengereid stasjon,2026-09-07T13:36:00+02:00,2026-09-07T13:36:18+02:00,2026-09-07T13:36:18+02:00,18.0,1,Myrdal,VYG:Line:R40,Bergen-Voss-Myrdal-Ål,R40,rail,VYG:ServiceJourney:1818_443404-R,True,actual,False,,,,,2026-09-07T15:44:36.205822+02:00
NSR:StopPlace:58797,Mysen stasjon,2026-09-07T15:00:00+02:00,2026-09-07T15:00:18+02:00,2026-09-07T15:00:18+02:00,18.0,1,Oslo S,VYG:Line:R22,Skøyen-Oslo S-Mysen-Rakkestad,R22,rail,VYG:ServiceJourney:1924_443474-R,True,actual,False,,,,,2026-09-07T15:44:36.205822+02:00
NSR:StopPlace:58795,Kambo stasjon,2026-09-07T14:00:00+02:00,2026-09-07T14:00:18+02:00,2026-09-07T14:00:18+02:00,18.0,1,Stabekk,VYG:Line:R21,Stabekk-Oslo S-Moss,R21,rail,VYG:ServiceJourney:1140-MOS_443019-R,True,actual,False,,,,,2026-09-07T15:44:36.205822+02:00
NSR:StopPlace:58876,Tønsberg stasjon,2026-09-07T13:09:00+02:00,2026-09-07T13:09:18+02:00,2026-09-07T13:09:18+02:00,18.0,1,Eidsvoll,VYG:Line:RE11,Eidsvoll-Oslo S-Skien,RE11,rail,VYG:ServiceJourney:818_444398-R,True,actual,False,,,,,2026-09-07T15:44:36.205822+02:00
NSR:StopPlace:58876,Tønsberg stasjon,2026-09-07T14:09:00+02:00,2026-09-07T14:09:18+02:00,2026-09-07T14:09:18+02:00,18.0,1,Eidsvoll,VYG:Line:RE11,Eidsvoll-Oslo S-Skien,RE11,rail,VYG:ServiceJourney:820_444400-R,True,actual,False,,,,,2026-09-07T15:44:36.205822+02:00
NSR:StopPlace:58810,Løten stasjon,2026-09-07T14:21:00+02:00,2026-09-07T14:21:18+02:00,2026-09-07T14:21:18+02:00,18.0,1,Vestre Skogbygd,INN:Line:694,Løten - Skogbygda,694,bus,INN:ServiceJourney:84921,True,actual,False,,,,,2026-09-07T15:44:36.205822+02:00
NSR:StopPlace:58811,Moelv stasjon,2026-09-07T14:36:00+02:00,2026-09-07T14:36:18+02:00,2026-09-07T14:36:18+02:00,18.0,1,Fossen - Næroset,INN:Line:610,Næroset - Fossen - Moelv,610,bus,INN:ServiceJourney:83026,True,actual,False,,,,,2026-09-07T15:44:36.205822+02:00
NSR:StopPlace:144,Skansen stasjon,2026-09-07T14:11:00+02:00,2026-09-07T14:11:18+02:00,2026-09-07T14:11:18+02:00,18.0,1,Steinkjer,SJN:Line:26,Trønderbanen,R70,rail,SJN:ServiceJourney:439_56068-R,True,actual,False,,,,,2026-09-07T15:44:36.205822+02:00
NSR:StopPlace:420,Lillehammer stasjon,2026-09-07T12:15:00+02:00,2026-09-07T12:15:18+02:00,2026-09-07T12:15:18+02:00,18.0,1,Drammen,VYG:Line:RE10,Drammen-Oslo S-Lillehammer,RE10,rail,VYG:ServiceJourney:318-LHM_444187-R,True,actual,False,,,,,2026-09-07T15:44:36.205822+02:00
NSR:StopPlace:61291,Stavanger stasjon,2026-09-07T07:23:00+02:00,2026-09-07T07:23:18+02:00,2026-09-07T07:23:18+02:00,18.0,1,Nærbø,GOA:Line:59,Jærbanen,L5,rail,GOA:ServiceJourney:3014_63046-R,True,actual,False,,,,,2026-09-07T08:42:24.659182+02:00
NSR:StopPlace:61897,Bryn stasjon,2026-09-07T06:50:00+02:00,2026-09-07T06:50:18+02:00,2026-09-07T06:50:18+02:00,18.0,1,Asker,VYG:Line:L1,Spikkestad-Oslo S-Lillestrøm,L1,rail,VYG:ServiceJourney:2107_443511-R,True,actual,False,,,,,2026-09-07T08:42:24.659182+02:00
NSR:StopPlace:59872,Oslo S,2026-09-07T06:19:00+02:00,2026-09-07T06:19:18+02:00,2026-09-07T06:19:18+02:00,18.0,1,Drammen,VYG:Line:R13,Drammen-Oslo S-Dal,R13,rail,VYG:ServiceJourney:1604_443221-R,True,actual,False,,,,,2026-09-07T08:42:24.659182+02:00
NSR:StopPlace:59647,Dal stasjon,2026-09-07T07:24:00+02:00,2026-09-07T07:24:18+02:00,2026-09-07T07:24:18+02:00,18.0,1,Drammen,VYG:Line:R13,Drammen-Oslo S-Dal,R13,rail,VYG:ServiceJourney:1612_443236-R,True,actual,False,,,,,2026-09-07T08:42:24.659182+02:00
NSR:StopPlace:59642,Rånåsfoss stasjon,2026-09-07T07:46:00+02:00,2026-09-07T07:46:18+02:00,2026-09-07T07:46:18+02:00,18.0,1,Hvam,RUT:Line:453,Rånåsfoss - Årnes,453,bus,RUT:ServiceJourney:47a0772d598f3a55d3e8ff90daab2d76,True,actual,False,,,,,2026-09-07T08:42:24.659182+02:00
NSR:StopPlace:59952,Drammen stasjon,2026-09-07T07:14:00+02:00,2026-09-07T07:14:18+02:00,2026-09-07T07:14:18+02:00,18.0,1,Skien,VYG:Line:RE11,Eidsvoll-Oslo S-Skien,RE11,rail,VYG:ServiceJourney:805_444385-R,True,actual,False,,,,,2026-09-07T08:42:24.659182+02:00
NSR:StopPlace:59957,Klepp stasjon,2026-09-07T07:55:00+02:00,2026-09-07T07:55:18+02:00,2026-09-07T07:55:18+02:00,18.0,1,Nærbø,GOA:Line:59,Jærbanen,L5,rail,GOA:ServiceJourney:3014_63046-R,True,actual,False,,,,,2026-09-07T08:42:24.659182+02:00
NSR:StopPlace:59983,Bergen stasjon,2026-09-07T07:27:00+02:00,2026-09-07T07:27:18+02:00,2026-09-07T07:27:18+02:00,18.0,1,Arna,VYG:Line:L4,Bergen-Arna,L4,rail,VYG:ServiceJourney:2610_443825-R,True,actual,False,,,,,2026-09-07T08:42:24.659182+02:00
NSR:StopPlace:59983,Bergen stasjon,2026-09-07T08:27:00+02:00,2026-09-07T08:27:18+02:00,2026-09-07T08:27:18+02:00,18.0,1,Arna,VYG:Line:L4,Bergen-Arna,L4,rail,VYG:ServiceJourney:2614_443829-R,True,actual,False,,,,,2026-09-07T08:42:24.659182+02:00
NSR:StopPlace:59244,Egersund stasjon,2026-09-07T07:17:00+02:00,2026-09-07T07:17:18+02:00,2026-09-07T07:17:18+02:00,18.0,1,Stavanger,GOA:Line:59,Jærbanen,L5,rail,GOA:ServiceJourney:3013_63045-R,True,actual,False,,,,,2026-09-07T08:42:24.659182+02:00
NSR:StopPlace:60603,Kongsberg stasjon,2026-09-07T05:50:00+02:00,2026-09-07T05:50:18+02:00,2026-09-07T05:50:18+02:00,18.0,1,Dal,VYG:Line:R13,Drammen-Oslo S-Dal,R13,rail,VYG:ServiceJourney:1609_443226-R,True,actual,False,,,,,2026-09-07T08:42:24.659182+02:00
NSR:StopPlace:59637,Rosenholm stasjon,2026-09-07T07:13:00+02:00,2026-09-07T07:13:18+02:00,2026-09-07T07:13:18+02:00,18.0,1,Lysaker,VYG:Line:L2,Stabekk-Oslo S-Ski,L2,rail,VYG:ServiceJourney:2812-SKI_444024-R,True,actual,False,Færre vogner,Denne avgangen kjører dessverre med 3 vogner i stedet for 6 vogner. Dette skyldes at vi mangler et togsett.,general,normal,2026-09-07T08:42:24.659182+02:00
NSR:StopPlace:58964,Kløfta stasjon,2026-09-07T05:44:00+02:00,2026-09-07T05:44:18+02:00,2026-09-07T05:44:18+02:00,18.0,1,Drammen,VYG:Line:R13,Drammen-Oslo S-Dal,R13,rail,VYG:ServiceJourney:1604_443221-R,True,actual,False,,,,,2026-09-07T08:42:24.659182+02:00
NSR:StopPlace:58960,Trofors stasjon,2026-09-07T08:10:00+02:00,2026-09-07T08:10:18+02:00,2026-09-07T08:10:18+02:00,18.0,1,Trofors,NOR:Line:12_8235,Majavatn,235,bus,NOR:ServiceJourney:8235_251012124855289_1001,True,actual,False,,,,,2026-09-07T08:42:24.659182+02:00
NSR:StopPlace:58920,Snartemo stasjon,2026-09-07T07:20:00+02:00,2026-09-07T07:20:18+02:00,2026-09-07T07:20:18+02:00,18.0,1,Lyngdal,AKT:Line:2332,Skolerute Kvås/Berge/Lyngdal k,2332,bus,AKT:ServiceJourney:65349_31_30_52800_54600_3935503,True,actual,False,,,,,2026-09-07T08:42:24.659182+02:00
NSR:StopPlace:58931,Fannrem stasjon,2026-09-07T07:55:00+02:00,2026-09-07T07:55:18+02:00,2026-09-07T07:55:18+02:00,18.0,1,Trondheim S via Orkanger skysst.,ATB:Line:2_310,Trondheim - Orkanger - Fannrem,310,bus,ATB:ServiceJourney:310_260106098639823_29,True,actual,False,,,,,2026-09-07T08:42:24.659182+02:00
NSR:StopPlace:58797,Mysen stasjon,2026-09-07T05:45:00+02:00,2026-09-07T05:45:18+02:00,2026-09-07T05:45:18+02:00,18.0,1,Askim,OST:Line:1_411,Askim-Mysen,411,bus,OST:ServiceJourney:411_260325121475504_2,True,actual,False,,,,,2026-09-07T08:42:24.659182+02:00
NSR:StopPlace:58847,Frogner stasjon,2026-09-07T06:34:00+02:00,2026-09-07T06:34:18+02:00,2026-09-07T06:34:18+02:00,18.0,1,Dal,VYG:Line:R13,Drammen-Oslo S-Dal,R13,rail,VYG:ServiceJourney:1605_443222-R,True,actual,False,,,,,2026-09-07T08:42:24.659182+02:00
NSR:StopPlace:58853,Kolbotn stasjon,2026-09-07T07:06:00+02:00,2026-09-07T07:06:18+02:00,2026-09-07T07:06:18+02:00,18.0,1,Svartskog,RUT:Line:585,Kolbotn - Svartskog,585,bus,RUT:ServiceJourney:b905cb603add6f62577a6357cc1c0542,True,actual,False,,,,,2026-09-07T08:42:24.659182+02:00
NSR:StopPlace:58856,Lysaker stasjon,2026-09-07T05:45:00+02:00,2026-09-07T05:45:18+02:00,2026-09-07T05:45:18+02:00,18.0,1,Tjuvholmen,RUT:Line:42,Voksen skog - Tjuvholmen,42,bus,RUT:ServiceJourney:15e63da1d4d725207b7e3114ad86e1af,True,actual,False,,,,,2026-09-07T08:42:24.659182+02:00
NSR:StopPlace:58857,Lørenskog stasjon,2026-09-07T07:58:00+02:00,2026-09-07T07:58:18+02:00,2026-09-07T07:58:18+02:00,18.0,1,Økern,RUT:Line:67,Økern-Lørenskog sentrum,67,bus,RUT:ServiceJourney:0c82fef97e2bca0383228b40b56547e2,True,actual,False,,,,,2026-09-07T08:42:24.659182+02:00
NSR:StopPlace:58851,Heggedal stasjon,2026-09-07T06:59:00+02:00,2026-09-07T06:59:18+02:00,2026-09-07T06:59:18+02:00,18.0,1,Rustadgrenda,RUT:Line:286,Rustadgrenda-Heggedal,286,bus,RUT:ServiceJourney:1d44ac6b9fc3e3665254bdc5c6db41ca,True,actual,False,,,,,2026-09-07T08:42:24.659182+02:00
NSR:StopPlace:58851,Heggedal stasjon,2026-09-07T08:29:00+02:00,2026-09-07T08:29:18+02:00,2026-09-07T08:29:18+02:00,18.0,1,Rustadgrenda,RUT:Line:286,Rustadgrenda-Heggedal,286,bus,RUT:ServiceJourney:6de3b59009bf5f749d876597bc4f6039,True,actual,False,,,,,2026-09-07T08:42:24.659182+02:00
NSR:StopPlace:58860,Oppegård stasjon,2026-09-07T08:03:00+02:00,2026-09-07T08:03:18+02:00,2026-09-07T08:03:18+02:00,18.0,1,Jernbanetorget,RUT:Line:84,Jernbanetorget-Oppegård st.,84E,bus,RUT:ServiceJourney:2bde7b39ea8308f871262dad9136d9e6,True,actual,False,,,,,2026-09-07T08:42:24.659182+02:00
NSR:StopPlace:58862,Strømmen stasjon,2026-09-07T06:36:00+02:00,2026-09-07T06:36:18+02:00,2026-09-07T06:36:18+02:00,18.0,1,Nittedal,RUT:Line:385,Nittedal stasjon - Olavsgaard - Ahus,385,bus,RUT:ServiceJourney:eefe031c3b00d588f10717c6f540ae37,True,actual,False,,,,,2026-09-07T08:42:24.659182+02:00
NSR:StopPlace:58876,Tønsberg stasjon,2026-09-07T06:09:00+02:00,2026-09-07T06:09:18+02:00,2026-09-07T06:09:18+02:00,18.0,1,Eidsvoll,VYG:Line:RE11,Eidsvoll-Oslo S-Skien,RE11,rail,VYG:ServiceJourney:804_444384-R,True,actual,False,,,,,2026-09-07T08:42:24.659182+02:00
NSR:StopPlace:58884,Skien stasjon,2026-09-07T05:11:00+02:00,2026-09-07T05:11:18+02:00,2026-09-07T05:11:18+02:00,18.0,1,Eidsvoll,VYG:Line:RE11,Eidsvoll-Oslo S-Skien,RE11,rail,VYG:ServiceJourney:804_444384-R,True,actual,False,,,,,2026-09-07T08:42:24.659182+02:00
NSR:StopPlace:58813,Skarnes stasjon,2026-09-07T07:54:00+02:00,2026-09-07T07:54:18+02:00,2026-09-07T07:54:18+02:00,18.0,1,Asker,VYG:Line:R14,Asker-Oslo S-Kongsvinger,R14,rail,VYG:ServiceJourney:1008_442913-R,True,actual,False,,,,,2026-09-07T08:42:24.659182+02:00
NSR:StopPlace:58211,Oslo lufthavn,2026-09-07T04:45:00+02:00,2026-09-07T04:45:18+02:00,2026-09-07T04:45:18+02:00,18.0,1,Oslo sentrum via Helsfyr-Hasle-Bislett,NBU:Line:a7c15243-8873-4aee-a8b4-8d22e8ad31dc,Oslo sentrum via Helsfyr-Hasle-Bislett,FB5,bus,NBU:ServiceJourney:6c9728da-6c9e-4b94-b137-6101104c1330,True,actual,False,,,,,2026-09-07T08:42:24.659182+02:00
NSR:StopPlace:58211,Oslo lufthavn,2026-09-07T05:15:00+02:00,2026-09-07T05:15:18+02:00,2026-09-07T05:15:18+02:00,18.0,1,Majorstuen via Torshov-Sagene,NBU:Line:a7cafc59-feaf-4e61-9fa1-b7dce4ffe970,Majorstuen via Torshov-Sagene,FB1,bus,NBU:ServiceJourney:67acc2a7-96e5-4d47-874b-39a92a77bc9c,True,actual,False,,,,,2026-09-07T08:42:24.659182+02:00
NSR:StopPlace:58211,Oslo lufthavn,2026-09-07T06:05:00+02:00,2026-09-07T06:05:18+02:00,2026-09-07T06:05:18+02:00,18.0,1,Majorstuen via Torshov-Sagene,NBU:Line:a7cafc59-feaf-4e61-9fa1-b7dce4ffe970,Majorstuen via Torshov-Sagene,FB1,bus,NBU:ServiceJourney:d164f959-c816-4710-9186-b7d15ebd9b65,True,actual,False,,,,,2026-09-07T08:42:24.659182+02:00
NSR:StopPlace:101,Sagdalen stasjon,2026-09-07T06:28:00+02:00,2026-09-07T06:28:18+02:00,2026-09-07T06:28:18+02:00,18.0,1,Asker,VYG:Line:L1,Spikkestad-Oslo S-Lillestrøm,L1,rail,VYG:ServiceJourney:2107_443511-R,True,actual,False,,,,,2026-09-07T08:42:24.659182+02:00
NSR:StopPlace:144,Skansen stasjon,2026-09-07T05:03:00+02:00,2026-09-07T05:03:18+02:00,2026-09-07T05:03:18+02:00,18.0,1,Steinkjer,SJN:Line:26,Trønderbanen,R70,rail,SJN:ServiceJourney:421_56050-R,True,actual,False,,,,,2026-09-07T08:42:24.659182+02:00
NSR:StopPlace:316,Oppdal stasjon,2026-09-07T07:42:00+02:00,2026-09-07T07:42:18+02:00,2026-09-07T07:42:18+02:00,18.0,1,Oslo S,SJN:Line:21,Dovrebanen,F6,rail,SJN:ServiceJourney:40-TND_48233-R,True,actual,False,,,,,2026-09-07T08:42:24.659182+02:00
NSR:StopPlace:362,Jåttåvågen stasjon,2026-09-07T05:59:00+02:00,2026-09-07T05:59:18+02:00,2026-09-07T05:59:18+02:00,18.0,1,Stavanger,GOA:Line:59,Jærbanen,L5,rail,GOA:ServiceJourney:3105_63150-R,True,actual,False,,,,,2026-09-07T08:42:24.659182+02:00
NSR:StopPlace:362,Jåttåvågen stasjon,2026-09-07T06:53:00+02:00,2026-09-07T06:53:18+02:00,2026-09-07T06:53:18+02:00,18.0,1,Egersund,GOA:Line:59,Jærbanen,L5,rail,GOA:ServiceJourney:3012_63044-R,True,actual,False,,,,,2026-09-07T08:42:24.659182+02:00
NSR:StopPlace:584,Bulken stasjon,2026-09-07T08:39:00+02:00,2026-09-07T08:39:18+02:00,2026-09-07T08:39:18+02:00,18.0,1,Bergen,VYG:Line:R40,Bergen-Voss-Myrdal-Ål,R40,rail,VYG:ServiceJourney:1813_443399-R,True,actual,False,Forsinket,Toget kjørte 24 minutter forsinket fra Mjølfjell. Dette skyldes at togsettet vi trenger er forsinket.,incident,normal,2026-09-07T08:42:24.659182+02:00
NSR:StopPlace:610,Sandvika stasjon,2026-09-07T06:35:00+02:00,2026-09-07T06:35:18+02:00,2026-09-07T06:35:18+02:00,18.0,1,Eidsvoll,VYG:Line:R12,Kongsberg-Oslo S-Eidsvoll,R12,rail,VYG:ServiceJourney:504_444296-R,True,actual,False,,,,,2026-09-07T08:42:24.659182+02:00
NSR:StopPlace:62339,Lillestrøm stasjon,2026-09-07T06:10:00+02:00,2026-09-07T06:10:18+02:00,2026-09-07T06:10:18+02:00,18.0,1,Oslo Lufthavn,FLT:Line:FLY1,FLY1,FLY1,rail,FLT:ServiceJourney:1-2614-3709-20260907,True,actual,False,Heis i spor 1 og 2 er ute av bruk på grunn av vedlikehold.,Heis i spor 1 og 2 er ute av bruk på grunn av vedlikehold.,general,normal,2026-09-07T08:42:24.659182+02:00
NSR:StopPlace:62339,Lillestrøm stasjon,2026-09-07T06:10:00+02:00,2026-09-07T06:10:18+02:00,2026-09-07T06:10:18+02:00,18.0,1,Spikkestad,VYG:Line:L1,Spikkestad-Oslo S-Lillestrøm,L1,rail,VYG:ServiceJourney:2207_443595-R,True,actual,False,Heis i spor 1 og 2 er ute av bruk på grunn av vedlikehold. | Færre vogner,Heis i spor 1 og 2 er ute av bruk på grunn av vedlikehold. | Denne avgangen kjører dessverre med 4 vogner i stedet for 8 vogner. Dette skyldes at vi mangler et togsett.,general | general,normal | normal,2026-09-07T08:42:24.659182+02:00
NSR:StopPlace:62339,Lillestrøm stasjon,2026-09-07T06:26:00+02:00,2026-09-07T06:26:18+02:00,2026-09-07T06:26:18+02:00,18.0,1,Skien,VYG:Line:RE11,Eidsvoll-Oslo S-Skien,RE11,rail,VYG:ServiceJourney:805_444385-R,True,actual,False,Heis i spor 1 og 2 er ute av bruk på grunn av vedlikehold.,Heis i spor 1 og 2 er ute av bruk på grunn av vedlikehold.,general,normal,2026-09-07T08:42:24.659182+02:00
NSR:StopPlace:62376,Kopperå stasjon,2026-09-07T06:42:00+02:00,2026-09-07T06:42:18+02:00,2026-09-07T06:42:18+02:00,18.0,1,Trondheim lufthavn,ATB:Line:2_670,Stjørdal - Meråker,670,bus,ATB:ServiceJourney:670_260106098641869_15,True,actual,False,,,,,2026-09-07T08:42:24.659182+02:00
NSR:StopPlace:59651,Skøyen stasjon,2026-09-07T03:06:00+02:00,2026-09-07T03:06:18+02:00,2026-09-07T03:06:18+02:00,18.0,1,Fornebu,RUT:Line:31,Snarøya - Fornebu - Tonsenhagen - Grorud,31,bus,RUT:ServiceJourney:8e7f740aa6d87e5c1f8ef5cffffa3ce9,True,actual,False,,,,,2026-09-07T03:30:22.110925+02:00
NSR:StopPlace:61291,Stavanger stasjon,2026-09-07T22:23:00+02:00,2026-09-07T22:23:17+02:00,2026-09-07T22:23:17+02:00,17.0,1,Nærbø,GOA:Line:59,Jærbanen,L5,rail,GOA:ServiceJourney:3074_63137-R,True,actual,False,,,,,2026-09-08T00:20:52.129880+02:00
NSR:StopPlace:61464,Hvalstad stasjon,2026-09-07T22:55:00+02:00,2026-09-07T22:55:17+02:00,2026-09-07T22:55:17+02:00,17.0,1,Asker,VYG:Line:L1,Spikkestad-Oslo S-Lillestrøm,L1,rail,VYG:ServiceJourney:2169_443579-R,True,actual,False,,,,,2026-09-08T00:20:52.129880+02:00
NSR:StopPlace:59872,Oslo S,2026-09-07T21:09:00+02:00,2026-09-07T21:09:17+02:00,2026-09-07T21:09:17+02:00,17.0,1,Kongsberg,VYG:Line:R12,Kongsberg-Oslo S-Eidsvoll,R12,rail,VYG:ServiceJourney:533_444342-R,True,actual,False,,,,,2026-09-08T00:20:52.129880+02:00
NSR:StopPlace:59647,Dal stasjon,2026-09-07T23:24:00+02:00,2026-09-07T23:24:17+02:00,2026-09-07T23:24:17+02:00,17.0,1,Drammen,VYG:Line:R13,Drammen-Oslo S-Dal,R13,rail,VYG:ServiceJourney:1676_443378-R,True,actual,False,,,,,2026-09-08T00:20:52.129880+02:00
NSR:StopPlace:59654,Stabekk stasjon,2026-09-07T22:06:00+02:00,2026-09-07T22:06:17+02:00,2026-09-07T22:06:17+02:00,17.0,1,Moss,VYG:Line:R21,Stabekk-Oslo S-Moss,R21,rail,VYG:ServiceJourney:1169-HVK_443062-R,True,actual,False,,,,,2026-09-08T00:20:52.129880+02:00
NSR:StopPlace:59952,Drammen stasjon,2026-09-07T21:47:00+02:00,2026-09-07T21:47:17+02:00,2026-09-07T21:47:17+02:00,17.0,1,Eidsvoll,VYG:Line:RE11,Eidsvoll-Oslo S-Skien,RE11,rail,VYG:ServiceJourney:834_444414-R,True,actual,False,,,,,2026-09-08T00:20:52.129880+02:00
NSR:StopPlace:59616,Asker stasjon,2026-09-07T21:48:00+02:00,2026-09-07T21:48:17+02:00,2026-09-07T21:48:17+02:00,17.0,1,Lillestrøm,VYG:Line:L1,Spikkestad-Oslo S-Lillestrøm,L1,rail,VYG:ServiceJourney:2170_443581-R,True,actual,False,,,,,2026-09-08T00:20:52.129880+02:00
NSR:StopPlace:58865,Vestby stasjon,2026-09-07T23:40:00+02:00,2026-09-07T23:40:17+02:00,2026-09-07T23:40:17+02:00,17.0,1,Stabekk,VYG:Line:R21,Stabekk-Oslo S-Moss,R21,rail,VYG:ServiceJourney:1178-MOS_443076-R,True,actual,False,,,,,2026-09-08T00:20:52.129880+02:00
NSR:StopPlace:58862,Strømmen stasjon,2026-09-07T23:15:00+02:00,2026-09-07T23:15:17+02:00,2026-09-07T23:15:17+02:00,17.0,1,Spikkestad,VYG:Line:L1,Spikkestad-Oslo S-Lillestrøm,L1,rail,VYG:ServiceJourney:2275_443710-R,True,actual,False,,,,,2026-09-08T00:20:52.129880+02:00
NSR:StopPlace:58874,Stokke stasjon,2026-09-07T23:07:00+02:00,2026-09-07T23:07:17+02:00,2026-09-07T23:07:17+02:00,17.0,1,Skien,VYG:Line:RE11,Eidsvoll-Oslo S-Skien,RE11,rail,VYG:ServiceJourney:835_444415-R,True,actual,False,,,,,2026-09-08T00:20:52.129880+02:00
NSR:StopPlace:362,Jåttåvågen stasjon,2026-09-07T23:53:00+02:00,2026-09-07T23:53:17+02:00,2026-09-07T23:53:17+02:00,17.0,1,Stavanger,GOA:Line:59,Jærbanen,L5,rail,GOA:ServiceJourney:3075_63138-R,True,actual,False,,,,,2026-09-08T00:20:52.129880+02:00
NSR:StopPlace:610,Sandvika stasjon,2026-09-07T21:25:00+02:00,2026-09-07T21:25:17+02:00,2026-09-07T21:25:17+02:00,17.0,1,Dal,VYG:Line:R13,Drammen-Oslo S-Dal,R13,rail,VYG:ServiceJourney:1667_443357-R,True,actual,False,,,,,2026-09-08T00:20:52.129880+02:00
NSR:StopPlace:62393,Billingstad stasjon,2026-09-07T22:52:00+02:00,2026-09-07T22:52:17+02:00,2026-09-07T22:52:17+02:00,17.0,1,Asker,VYG:Line:L1,Spikkestad-Oslo S-Lillestrøm,L1,rail,VYG:ServiceJourney:2169_443579-R,True,actual,False,,,,,2026-09-08T00:20:52.129880+02:00
NSR:StopPlace:59647,Dal stasjon,2026-09-07T17:16:00+02:00,2026-09-07T17:16:17+02:00,2026-09-07T17:16:17+02:00,17.0,1,Eidsvoll,RUT:Line:430,Eidsvoll - Jessheim,430,bus,RUT:ServiceJourney:bcb3ff3d634a78e8ca1dad6a351a7211,True,actual,False,,,,,2026-09-07T20:27:16.249662+02:00
NSR:StopPlace:59983,Bergen stasjon,2026-09-07T18:42:00+02:00,2026-09-07T18:42:17+02:00,2026-09-07T18:42:17+02:00,17.0,1,Arna,VYG:Line:L4,Bergen-Arna,L4,rail,VYG:ServiceJourney:2554_443813-R,True,actual,False,,,,,2026-09-07T20:27:16.249662+02:00
NSR:StopPlace:59637,Rosenholm stasjon,2026-09-07T19:28:00+02:00,2026-09-07T19:28:17+02:00,2026-09-07T19:28:17+02:00,17.0,1,Stabekk,VYG:Line:L2,Stabekk-Oslo S-Ski,L2,rail,VYG:ServiceJourney:2762-SKI_443977-R,True,actual,False,,,,,2026-09-07T20:27:16.249662+02:00
NSR:StopPlace:59638,Myrvoll stasjon,2026-09-07T17:50:00+02:00,2026-09-07T17:50:17+02:00,2026-09-07T17:50:17+02:00,17.0,1,Filipstad,RUT:Line:81,Fornebu - Myrvoll stasjon,81,bus,RUT:ServiceJourney:c9ec4f9336f0b905857ecd61c669ba4b,True,actual,False,,,,,2026-09-07T20:27:16.249662+02:00
NSR:StopPlace:58935,Levanger stasjon,2026-09-07T17:29:00+02:00,2026-09-07T17:29:17+02:00,2026-09-07T17:29:17+02:00,17.0,1,Mo i Rana,SJN:Line:71,Nordlandsbanen,F7,rail,SJN:ServiceJourney:477_45453-R,True,actual,False,,,,,2026-09-07T20:27:16.249662+02:00
NSR:StopPlace:58851,Heggedal stasjon,2026-09-07T19:25:00+02:00,2026-09-07T19:25:17+02:00,2026-09-07T19:25:17+02:00,17.0,1,Spikkestad,VYG:Line:L1,Spikkestad-Oslo S-Lillestrøm,L1,rail,VYG:ServiceJourney:2255_443677-R,True,actual,False,,,,,2026-09-07T20:27:16.249662+02:00
NSR:StopPlace:58862,Strømmen stasjon,2026-09-07T18:30:00+02:00,2026-09-07T18:30:17+02:00,2026-09-07T18:30:17+02:00,17.0,1,Asker,VYG:Line:L1,Spikkestad-Oslo S-Lillestrøm,L1,rail,VYG:ServiceJourney:2155_443564-R,True,actual,False,,,,,2026-09-07T20:27:16.249662+02:00
NSR:StopPlace:58884,Skien stasjon,2026-09-07T17:26:00+02:00,2026-09-07T17:26:17+02:00,2026-09-07T17:26:17+02:00,17.0,1,Skjelsvik via Klyve-Kongerød,TEL:Line:8043,Skien-Klyve-Skjelsvik,M3,bus,TEL:ServiceJourney:127196,True,actual,False,,,,,2026-09-07T20:27:16.249662+02:00
NSR:StopPlace:63079,Skeiane stasjon,2026-09-07T19:12:00+02:00,2026-09-07T19:12:17+02:00,2026-09-07T19:12:17+02:00,17.0,1,Egersund,GOA:Line:59,Jærbanen,L5,rail,GOA:ServiceJourney:3060_63114-R,True,actual,False,,,,,2026-09-07T20:27:16.249662+02:00
NSR:StopPlace:393,Leangen stasjon,2026-09-07T19:35:00+02:00,2026-09-07T19:35:17+02:00,2026-09-07T19:35:17+02:00,17.0,1,Ler,SJN:Line:26,Trønderbanen,R70,rail,SJN:ServiceJourney:446_56075-R,True,actual,False,,,,,2026-09-07T20:27:16.249662+02:00
NSR:StopPlace:416,Vikhammer stasjon,2026-09-07T17:21:00+02:00,2026-09-07T17:21:17+02:00,2026-09-07T17:21:17+02:00,17.0,1,Ler,SJN:Line:26,Trønderbanen,R70,rail,SJN:ServiceJourney:442_56071-R,True,actual,False,,,,,2026-09-07T20:27:16.249662+02:00
NSR:StopPlace:610,Sandvika stasjon,2026-09-07T18:20:00+02:00,2026-09-07T18:20:17+02:00,2026-09-07T18:20:17+02:00,17.0,1,Oslo Lufthavn,FLT:Line:FLY1,FLY1,FLY1,rail,FLT:ServiceJourney:1-2614-3785-20260907,True,actual,False,,,,,2026-09-07T20:27:16.249662+02:00
NSR:StopPlace:62393,Billingstad stasjon,2026-09-07T18:06:00+02:00,2026-09-07T18:06:17+02:00,2026-09-07T18:06:17+02:00,17.0,1,Spikkestad,VYG:Line:L1,Spikkestad-Oslo S-Lillestrøm,L1,rail,VYG:ServiceJourney:2251_443671-R,True,actual,False,,,,,2026-09-07T20:27:16.249662+02:00
NSR:StopPlace:61466,Vakås stasjon,2026-09-07T13:52:00+02:00,2026-09-07T13:52:17+02:00,2026-09-07T13:52:17+02:00,17.0,1,Lillestrøm,VYG:Line:L1,Spikkestad-Oslo S-Lillestrøm,L1,rail,VYG:ServiceJourney:2138_443545-R,True,actual,False,,,,,2026-09-07T15:44:36.205822+02:00
NSR:StopPlace:59952,Drammen stasjon,2026-09-07T13:35:00+02:00,2026-09-07T13:35:17+02:00,2026-09-07T13:35:17+02:00,17.0,1,Dal,VYG:Line:R13,Drammen-Oslo S-Dal,R13,rail,VYG:ServiceJourney:1637_443291-R,True,actual,False,,,,,2026-09-07T15:44:36.205822+02:00
NSR:StopPlace:59983,Bergen stasjon,2026-09-07T15:42:00+02:00,2026-09-07T15:42:17+02:00,2026-09-07T15:42:17+02:00,17.0,1,Arna,VYG:Line:L4,Bergen-Arna,L4,rail,VYG:ServiceJourney:2542_443800-R,True,actual,False,,,,,2026-09-07T15:44:36.205822+02:00
NSR:StopPlace:58960,Trofors stasjon,2026-09-07T14:05:00+02:00,2026-09-07T14:05:17+02:00,2026-09-07T14:05:17+02:00,17.0,1,Mosjøen stasjon,NOR:Line:12_8231,Susendal-Hattfjelldal-Trofors-,231,bus,NOR:ServiceJourney:8231_260409084006948_1019,True,actual,False,,,,,2026-09-07T15:44:36.205822+02:00
NSR:StopPlace:58834,Hokksund stasjon,2026-09-07T15:17:00+02:00,2026-09-07T15:17:17+02:00,2026-09-07T15:17:17+02:00,17.0,1,Ormåsen,BRA:Line:4_6117,Hokksund - Ormåsen,117,bus,BRA:ServiceJourney:6117_260622052302185_1017,True,actual,False,,,,,2026-09-07T15:44:36.205822+02:00
NSR:StopPlace:58861,Solbråtan stasjon,2026-09-07T14:38:00+02:00,2026-09-07T14:38:17+02:00,2026-09-07T14:38:17+02:00,17.0,1,Lysaker,VYG:Line:L2,Stabekk-Oslo S-Ski,L2,rail,VYG:ServiceJourney:2842-SKI_444074-R,True,actual,False,Færre vogner,Denne avgangen kjører dessverre med 3 vogner i stedet for 6 vogner. Dette skyldes at vi mangler et togsett.,general,normal,2026-09-07T15:44:36.205822+02:00
NSR:StopPlace:58874,Stokke stasjon,2026-09-07T15:07:00+02:00,2026-09-07T15:07:17+02:00,2026-09-07T15:07:17+02:00,17.0,1,Skien,VYG:Line:RE11,Eidsvoll-Oslo S-Skien,RE11,rail,VYG:ServiceJourney:819_444399-R,True,actual,False,Forsinket,Toget kjørte 4 minutter forsinket fra Oslo S. Dette skyldes en tidligere stans.,incident,normal,2026-09-07T15:44:36.205822+02:00
NSR:StopPlace:58873,Skoppum stasjon,2026-09-07T13:20:00+02:00,2026-09-07T13:20:17+02:00,2026-09-07T13:20:17+02:00,17.0,1,Eidsvoll,VYG:Line:RE11,Eidsvoll-Oslo S-Skien,RE11,rail,VYG:ServiceJourney:818_444398-R,True,actual,False,,,,,2026-09-07T15:44:36.205822+02:00
NSR:StopPlace:58802,Spydeberg stasjon,2026-09-07T15:09:00+02:00,2026-09-07T15:09:17+02:00,2026-09-07T15:09:17+02:00,17.0,1,Askim stasjon,OST:Line:1_408,Askim-Spydeberg-Svikebøl,408,bus,OST:ServiceJourney:408_260325121471836_6,True,actual,False,,,,,2026-09-07T15:44:36.205822+02:00
NSR:StopPlace:58802,Spydeberg stasjon,2026-09-07T15:20:00+02:00,2026-09-07T15:20:17+02:00,2026-09-07T15:20:17+02:00,17.0,1,Oslo S,VYG:Line:R22,Skøyen-Oslo S-Mysen-Rakkestad,R22,rail,VYG:ServiceJourney:1924_443474-R,True,actual,False,,,,,2026-09-07T15:44:36.205822+02:00
NSR:StopPlace:58810,Løten stasjon,2026-09-07T12:25:00+02:00,2026-09-07T12:25:17+02:00,2026-09-07T12:25:17+02:00,17.0,1,Trondheim S,SJN:Line:25,Rørosbanen,R60,rail,SJN:ServiceJourney:2385_30335-R,True,actual,False,,,,,2026-09-07T15:44:36.205822+02:00
NSR:StopPlace:58817,Eina stasjon,2026-09-07T14:24:00+02:00,2026-09-07T14:24:17+02:00,2026-09-07T14:24:17+02:00,17.0,1,Einavoll-Mjørlund  o/vestsida,INN:Line:406,Gjø.-Reinsv.-Eina-Reinsv.-Gjø.,406,bus,INN:ServiceJourney:65788,True,actual,False,,,,,2026-09-07T15:44:36.205822+02:00
NSR:StopPlace:101,Sagdalen stasjon,2026-09-07T15:43:00+02:00,2026-09-07T15:43:17+02:00,2026-09-07T15:43:17+02:00,17.0,1,Spikkestad,VYG:Line:L1,Spikkestad-Oslo S-Lillestrøm,L1,rail,VYG:ServiceJourney:2245_443659-R,True,actual,False,,,,,2026-09-07T15:44:36.205822+02:00
NSR:StopPlace:144,Skansen stasjon,2026-09-07T13:11:00+02:00,2026-09-07T13:11:17+02:00,2026-09-07T13:11:17+02:00,17.0,1,Steinkjer,SJN:Line:26,Trønderbanen,R70,rail,SJN:ServiceJourney:437_56066-R,True,actual,False,,,,,2026-09-07T15:44:36.205822+02:00
NSR:StopPlace:62308,Alna stasjon,2026-09-07T14:33:00+02:00,2026-09-07T14:33:17+02:00,2026-09-07T14:33:17+02:00,17.0,1,Lillestrøm,VYG:Line:L1,Spikkestad-Oslo S-Lillestrøm,L1,rail,VYG:ServiceJourney:2138_443545-R,True,actual,False,,,,,2026-09-07T15:44:36.205822+02:00
NSR:StopPlace:61291,Stavanger stasjon,2026-09-07T07:09:00+02:00,2026-09-07T07:09:17+02:00,2026-09-07T07:09:17+02:00,17.0,1,Skeiane,GOA:Line:59,Jærbanen,L5,rail,GOA:ServiceJourney:3110_63155-R,True,actual,False,,,,,2026-09-07T08:42:24.659182+02:00
NSR:StopPlace:61464,Hvalstad stasjon,2026-09-07T07:25:00+02:00,2026-09-07T07:25:17+02:00,2026-09-07T07:25:17+02:00,17.0,1,Asker,VYG:Line:L1,Spikkestad-Oslo S-Lillestrøm,L1,rail,VYG:ServiceJourney:2107_443511-R,True,actual,False,,,,,2026-09-07T08:42:24.659182+02:00
NSR:StopPlace:59647,Dal stasjon,2026-09-07T07:54:00+02:00,2026-09-07T07:54:17+02:00,2026-09-07T07:54:17+02:00,17.0,1,Drammen,VYG:Line:R13,Drammen-Oslo S-Dal,R13,rail,VYG:ServiceJourney:1614_481141-R,True,actual,False,,,,,2026-09-07T08:42:24.659182+02:00
NSR:StopPlace:59647,Dal stasjon,2026-09-07T08:24:00+02:00,2026-09-07T08:24:17+02:00,2026-09-07T08:24:17+02:00,17.0,1,Drammen,VYG:Line:R13,Drammen-Oslo S-Dal,R13,rail,VYG:ServiceJourney:1616_443247-R,True,actual,False,,,,,2026-09-07T08:42:24.659182+02:00
NSR:StopPlace:59642,Rånåsfoss stasjon,2026-09-07T07:30:00+02:00,2026-09-07T07:30:17+02:00,2026-09-07T07:30:17+02:00,17.0,1,Runni,RUT:Line:455,Årnes -Rånåsfoss,455,bus,RUT:ServiceJourney:4995c3d12181c3842c44a3196d997b24,True,actual,False,,,,,2026-09-07T08:42:24.659182+02:00
NSR:StopPlace:59977,Trondheim S,2026-09-07T06:15:00+02:00,2026-09-07T06:15:17+02:00,2026-09-07T06:15:17+02:00,17.0,1,Orkanger skysst. via Grønnøra,ATB:Line:2_310,Trondheim - Orkanger - Fannrem,310,bus,ATB:ServiceJourney:310_260106098639776_24,True,actual,False,,,,,2026-09-07T08:42:24.659182+02:00
NSR:StopPlace:59983,Bergen stasjon,2026-09-07T06:57:00+02:00,2026-09-07T06:57:17+02:00,2026-09-07T06:57:17+02:00,17.0,1,Arna,VYG:Line:L4,Bergen-Arna,L4,rail,VYG:ServiceJourney:2608_443823-R,True,actual,False,,,,,2026-09-07T08:42:24.659182+02:00
NSR:StopPlace:59616,Asker stasjon,2026-09-07T05:49:00+02:00,2026-09-07T05:49:17+02:00,2026-09-07T05:49:17+02:00,17.0,1,Dal,VYG:Line:R13,Drammen-Oslo S-Dal,R13,rail,VYG:ServiceJourney:1605_443222-R,True,actual,False,,,,,2026-09-07T08:42:24.659182+02:00
NSR:StopPlace:59636,Holmlia stasjon,2026-09-07T06:25:00+02:00,2026-09-07T06:25:17+02:00,2026-09-07T06:25:17+02:00,17.0,1,Grorud T,RUT:Line:79,Grorud T - Åsbråten,79,bus,RUT:ServiceJourney:2573e14b262def204e0b3fc360c338a1,True,actual,False,,,,,2026-09-07T08:42:24.659182+02:00
NSR:StopPlace:59636,Holmlia stasjon,2026-09-07T06:40:00+02:00,2026-09-07T06:40:17+02:00,2026-09-07T06:40:17+02:00,17.0,1,Grorud T,RUT:Line:79,Grorud T - Åsbråten,79,bus,RUT:ServiceJourney:3c58c930d19c45c64ae13097026ff2db,True,actual,False,,,,,2026-09-07T08:42:24.659182+02:00
NSR:StopPlace:58930,Larvik stasjon,2026-09-07T06:49:00+02:00,2026-09-07T06:49:17+02:00,2026-09-07T06:49:17+02:00,17.0,1,Nevlunghavn,VKT:Line:81,Nordbyen-Nevlunghavn,81,bus,VKT:ServiceJourney:18056,True,actual,False,,,,,2026-09-07T08:42:24.659182+02:00
NSR:StopPlace:58931,Fannrem stasjon,2026-09-07T07:00:00+02:00,2026-09-07T07:00:17+02:00,2026-09-07T07:00:17+02:00,17.0,1,Meldal vgs via Løkken st.,ATB:Line:2_460,Orkanger - Meldal - Berkåk,460,bus,ATB:ServiceJourney:460_260106098640559_16,True,actual,False,,,,,2026-09-07T08:42:24.659182+02:00
NSR:StopPlace:58935,Levanger stasjon,2026-09-07T07:15:00+02:00,2026-09-07T07:15:17+02:00,2026-09-07T07:15:17+02:00,17.0,1,Verdal stasjon,ATB:Line:2_635,Verdal - Levanger (- Frosta),635,bus,ATB:ServiceJourney:635_260106098642427_16,True,actual,False,,,,,2026-09-07T08:42:24.659182+02:00
NSR:StopPlace:58947,Steinkjer stasjon,2026-09-07T07:59:00+02:00,2026-09-07T07:59:17+02:00,2026-09-07T07:59:17+02:00,17.0,1,Levanger,ATB:Line:2_680,Levanger - Steinkjer - Namsos,680,bus,ATB:ServiceJourney:680_260106098642321_5,True,actual,False,,,,,2026-09-07T08:42:24.659182+02:00
NSR:StopPlace:58793,Askim stasjon,2026-09-07T08:35:00+02:00,2026-09-07T08:35:17+02:00,2026-09-07T08:35:17+02:00,17.0,1,Sollia-Ihlen-Askim stasjon,OST:Line:1_404,Askim-Ihlen,404,bus,OST:ServiceJourney:404_260325121471387_2,True,actual,False,,,,,2026-09-07T08:42:24.659182+02:00
NSR:StopPlace:58830,Brakerøya stasjon,2026-09-07T06:51:00+02:00,2026-09-07T06:51:17+02:00,2026-09-07T06:51:17+02:00,17.0,1,Drammen,VYG:Line:R13,Drammen-Oslo S-Dal,R13,rail,VYG:ServiceJourney:1604_443221-R,True,actual,False,,,,,2026-09-07T08:42:24.659182+02:00
NSR:StopPlace:58830,Brakerøya stasjon,2026-09-07T07:21:00+02:00,2026-09-07T07:21:17+02:00,2026-09-07T07:21:17+02:00,17.0,1,Drammen,VYG:Line:R13,Drammen-Oslo S-Dal,R13,rail,VYG:ServiceJourney:1606_443223-R,True,actual,False,Færre vogner,Denne avgangen kjører dessverre med 5 vogner i stedet for 10 vogner. Dette skyldes at vi mangler et togsett.,general,normal,2026-09-07T08:42:24.659182+02:00
NSR:StopPlace:58855,Leirsund stasjon,2026-09-07T07:00:00+02:00,2026-09-07T07:00:17+02:00,2026-09-07T07:00:17+02:00,17.0,1,Dal,VYG:Line:R13,Drammen-Oslo S-Dal,R13,rail,VYG:ServiceJourney:1607_443224-R,True,actual,False,,,,,2026-09-07T08:42:24.659182+02:00
NSR:StopPlace:58851,Heggedal stasjon,2026-09-07T07:29:00+02:00,2026-09-07T07:29:17+02:00,2026-09-07T07:29:17+02:00,17.0,1,Asker,RUT:Line:280,Asker - Dikemark - Heggedal,280,bus,RUT:ServiceJourney:7198b2931b2364ff226526325060cb6c,True,actual,False,,,,,2026-09-07T08:42:24.659182+02:00
NSR:StopPlace:58863,Svingen stasjon,2026-09-07T07:03:00+02:00,2026-09-07T07:03:17+02:00,2026-09-07T07:03:17+02:00,17.0,1,Asker,VYG:Line:R14,Asker-Oslo S-Kongsvinger,R14,rail,VYG:ServiceJourney:1052-KVG_442956-R,True,actual,False,,,,,2026-09-07T08:42:24.659182+02:00
NSR:StopPlace:58891,Vegårshei stasjon,2026-09-07T06:55:00+02:00,2026-09-07T06:55:17+02:00,2026-09-07T06:55:17+02:00,17.0,1,Risør,AKT:Line:165,Vegårshei-Risør,165,bus,AKT:ServiceJourney:71549_11_54_49800_52500_3901600,True,actual,False,,,,,2026-09-07T08:42:24.659182+02:00
NSR:StopPlace:63079,Skeiane stasjon,2026-09-07T07:26:00+02:00,2026-09-07T07:26:17+02:00,2026-09-07T07:26:17+02:00,17.0,1,Stavanger,GOA:Line:59,Jærbanen,L5,rail,GOA:ServiceJourney:3111_63156-R,True,actual,False,,,,,2026-09-07T08:42:24.659182+02:00
NSR:StopPlace:261,Ganddal stasjon,2026-09-07T06:34:00+02:00,2026-09-07T06:34:17+02:00,2026-09-07T06:34:17+02:00,17.0,1,Stavanger,GOA:Line:59,Jærbanen,L5,rail,GOA:ServiceJourney:3005_63036-R,True,actual,False,,,,,2026-09-07T08:42:24.659182+02:00
NSR:StopPlace:420,Lillehammer stasjon,2026-09-07T06:15:00+02:00,2026-09-07T06:15:17+02:00,2026-09-07T06:15:17+02:00,17.0,1,Drammen,VYG:Line:RE10,Drammen-Oslo S-Lillehammer,RE10,rail,VYG:ServiceJourney:306-HHS_487830-R,True,actual,False,,,,,2026-09-07T08:42:24.659182+02:00
NSR:StopPlace:62339,Lillestrøm stasjon,2026-09-07T06:15:00+02:00,2026-09-07T06:15:17+02:00,2026-09-07T06:15:17+02:00,17.0,1,Kongsvinger,VYG:Line:R14,Asker-Oslo S-Kongsvinger,R14,rail,VYG:ServiceJourney:1003_442908-R,True,actual,False,Heis i spor 1 og 2 er ute av bruk på grunn av vedlikehold.,Heis i spor 1 og 2 er ute av bruk på grunn av vedlikehold.,general,normal,2026-09-07T08:42:24.659182+02:00
NSR:StopPlace:62377,Ronglan stasjon,2026-09-07T05:21:00+02:00,2026-09-07T05:21:17+02:00,2026-09-07T05:21:17+02:00,17.0,1,Støren,SJN:Line:26,Trønderbanen,R70,rail,SJN:ServiceJourney:420_56049-R,True,actual,False,,,,,2026-09-07T08:42:24.659182+02:00
NSR:StopPlace:59651,Skøyen stasjon,2026-09-08T01:11:00+02:00,2026-09-08T01:11:16+02:00,2026-09-08T01:11:16+02:00,16.0,1,Grorud T,RUT:Line:31,Snarøya - Fornebu - Tonsenhagen - Grorud,31,bus,RUT:ServiceJourney:b91ecb1ad0c661e7047f8fbe40597d09,True,actual,False,,,,,2026-09-08T03:39:50.209703+02:00
NSR:StopPlace:58917,Marnardal stasjon,2026-09-08T01:04:00+02:00,2026-09-08T01:04:16+02:00,2026-09-08T01:04:16+02:00,16.0,1,Oslo S,GOA:Line:50,Sørtoget region,F5,rail,GOA:ServiceJourney:726-KVB_63257-R,True,actual,False,,,,,2026-09-08T03:39:50.209703+02:00
NSR:StopPlace:59647,Dal stasjon,2026-09-07T22:24:00+02:00,2026-09-07T22:24:16+02:00,2026-09-07T22:24:16+02:00,16.0,1,Drammen,VYG:Line:R13,Drammen-Oslo S-Dal,R13,rail,VYG:ServiceJourney:1672_443368-R,True,actual,False,,,,,2026-09-08T00:20:52.129880+02:00
NSR:StopPlace:59643,Grefsen stasjon,2026-09-07T22:03:00+02:00,2026-09-07T22:03:16+02:00,2026-09-07T22:03:16+02:00,16.0,1,Gaustadalléen,RUT:Line:17,Rikshospitalet - Sinsen o/ Carl Berner,17,tram,RUT:ServiceJourney:13f733795edb9f9b261bfe436a2579b6,True,actual,False,,,,,2026-09-08T00:20:52.129880+02:00
NSR:StopPlace:59643,Grefsen stasjon,2026-09-07T22:23:00+02:00,2026-09-07T22:23:16+02:00,2026-09-07T22:23:16+02:00,16.0,1,Gaustadalléen,RUT:Line:17,Rikshospitalet - Sinsen o/ Carl Berner,17,tram,RUT:ServiceJourney:f6276793283afe8fb33d91325a156459,True,actual,False,,,,,2026-09-08T00:20:52.129880+02:00
NSR:StopPlace:59654,Stabekk stasjon,2026-09-07T22:40:00+02:00,2026-09-07T22:40:16+02:00,2026-09-07T22:40:16+02:00,16.0,1,Asker,VYG:Line:L1,Spikkestad-Oslo S-Lillestrøm,L1,rail,VYG:ServiceJourney:2169_443579-R,True,actual,False,,,,,2026-09-08T00:20:52.129880+02:00
NSR:StopPlace:59654,Stabekk stasjon,2026-09-07T22:52:00+02:00,2026-09-07T22:52:16+02:00,2026-09-07T22:52:16+02:00,16.0,1,Nationaltheatret,RUT:Line:150,Gullhaug - Nationaltheatret,150,bus,RUT:ServiceJourney:ed7b57c06706b92fdf8ae554f5cee8ce,True,actual,False,,,,,2026-09-08T00:20:52.129880+02:00
NSR:StopPlace:59983,Bergen stasjon,2026-09-07T23:57:00+02:00,2026-09-07T23:57:16+02:00,2026-09-07T23:57:16+02:00,16.0,1,Arna,VYG:Line:L4,Bergen-Arna,L4,rail,VYG:ServiceJourney:2676_443891-R,True,actual,False,,,,,2026-09-08T00:20:52.129880+02:00
NSR:StopPlace:60077,Støren stasjon,2026-09-07T23:25:00+02:00,2026-09-07T23:25:16+02:00,2026-09-07T23:25:16+02:00,16.0,1,Støren Rådhus,ATB:Line:2_340,Trondheim - Støren,340,bus,ATB:ServiceJourney:340_260106098640182_30,True,actual,False,,,,,2026-09-08T00:20:52.129880+02:00
NSR:StopPlace:59616,Asker stasjon,2026-09-07T21:09:00+02:00,2026-09-07T21:09:16+02:00,2026-09-07T21:09:16+02:00,16.0,1,Lillehammer,VYG:Line:RE10,Drammen-Oslo S-Lillehammer,RE10,rail,VYG:ServiceJourney:335-SUD_486419-R,True,actual,False,,,,,2026-09-08T00:20:52.129880+02:00
NSR:StopPlace:59637,Rosenholm stasjon,2026-09-07T22:28:00+02:00,2026-09-07T22:28:16+02:00,2026-09-07T22:28:16+02:00,16.0,1,Stabekk,VYG:Line:L2,Stabekk-Oslo S-Ski,L2,rail,VYG:ServiceJourney:2774-SKI_443996-R,True,actual,False,,,,,2026-09-08T00:20:52.129880+02:00
NSR:StopPlace:58963,Jessheim stasjon,2026-09-07T22:06:00+02:00,2026-09-07T22:06:16+02:00,2026-09-07T22:06:16+02:00,16.0,1,Oslo lufthavn,RUT:Line:450,Årnes - Oslo lufthavn,450,bus,RUT:ServiceJourney:a837d03bdfcb472890a5bb979055f11b,True,actual,False,,,,,2026-09-08T00:20:52.129880+02:00
NSR:StopPlace:58794,Fredrikstad stasjon,2026-09-07T21:40:00+02:00,2026-09-07T21:40:16+02:00,2026-09-07T21:40:16+02:00,16.0,1,Kalnes,OST:Line:1_4,Fredrikstad - Kalnes,4,bus,OST:ServiceJourney:4_260325121471323_47,True,actual,False,,,,,2026-09-08T00:20:52.129880+02:00
NSR:StopPlace:58794,Fredrikstad stasjon,2026-09-07T22:10:00+02:00,2026-09-07T22:10:16+02:00,2026-09-07T22:10:16+02:00,16.0,1,Kalnes,OST:Line:1_4,Fredrikstad - Kalnes,4,bus,OST:ServiceJourney:4_260325121471325_49,True,actual,False,,,,,2026-09-08T00:20:52.129880+02:00
NSR:StopPlace:58869,Ås stasjon,2026-09-07T23:45:00+02:00,2026-09-07T23:45:16+02:00,2026-09-07T23:45:16+02:00,16.0,1,Stabekk,VYG:Line:R21,Stabekk-Oslo S-Moss,R21,rail,VYG:ServiceJourney:1178-MOS_443076-R,True,actual,False,,,,,2026-09-08T00:20:52.129880+02:00
NSR:StopPlace:63079,Skeiane stasjon,2026-09-07T23:15:00+02:00,2026-09-07T23:15:16+02:00,2026-09-07T23:15:16+02:00,16.0,1,Egersund,GOA:Line:59,Jærbanen,L5,rail,GOA:ServiceJourney:3076_63139-R,True,actual,False,,,,,2026-09-08T00:20:52.129880+02:00
NSR:StopPlace:58211,Oslo lufthavn,2026-09-07T20:43:00+02:00,2026-09-07T20:43:16+02:00,2026-09-07T20:43:16+02:00,16.0,1,Kongsberg,VYG:Line:R12,Kongsberg-Oslo S-Eidsvoll,R12,rail,VYG:ServiceJourney:533_444342-R,True,actual,False,,,,,2026-09-08T00:20:52.129880+02:00
NSR:StopPlace:101,Sagdalen stasjon,2026-09-07T22:28:00+02:00,2026-09-07T22:28:16+02:00,2026-09-07T22:28:16+02:00,16.0,1,Asker,VYG:Line:L1,Spikkestad-Oslo S-Lillestrøm,L1,rail,VYG:ServiceJourney:2171_443582-R,True,actual,False,,,,,2026-09-08T00:20:52.129880+02:00
NSR:StopPlace:313,Høybråten stasjon,2026-09-07T22:23:00+02:00,2026-09-07T22:23:16+02:00,2026-09-07T22:23:16+02:00,16.0,1,Spikkestad,VYG:Line:L1,Spikkestad-Oslo S-Lillestrøm,L1,rail,VYG:ServiceJourney:2271_443704-R,True,actual,False,,,,,2026-09-08T00:20:52.129880+02:00
NSR:StopPlace:313,Høybråten stasjon,2026-09-07T22:38:00+02:00,2026-09-07T22:38:16+02:00,2026-09-07T22:38:16+02:00,16.0,1,Asker,VYG:Line:L1,Spikkestad-Oslo S-Lillestrøm,L1,rail,VYG:ServiceJourney:2171_443582-R,True,actual,False,,,,,2026-09-08T00:20:52.129880+02:00
NSR:StopPlace:584,Bulken stasjon,2026-09-07T21:14:00+02:00,2026-09-07T21:14:16+02:00,2026-09-07T21:14:16+02:00,16.0,1,Bergen,VYG:Line:R40,Bergen-Voss-Myrdal-Ål,R40,rail,VYG:ServiceJourney:1837_443424-R,True,actual,False,,,,,2026-09-08T00:20:52.129880+02:00
NSR:StopPlace:62309,Ljan stasjon,2026-09-07T23:05:00+02:00,2026-09-07T23:05:16+02:00,2026-09-07T23:05:16+02:00,16.0,1,Stabekk,VYG:Line:L2,Stabekk-Oslo S-Ski,L2,rail,VYG:ServiceJourney:2776-SKI_443999-R,True,actual,False,,,,,2026-09-08T00:20:52.129880+02:00
NSR:StopPlace:61463,Nordstrand stasjon,2026-09-07T17:52:00+02:00,2026-09-07T17:52:16+02:00,2026-09-07T17:52:16+02:00,16.0,1,Oslo S,VYG:Line:L2,Stabekk-Oslo S-Ski,L2,rail,VYG:ServiceJourney:2854_444092-R,True,actual,False,,,,,2026-09-07T20:27:16.249662+02:00
NSR:StopPlace:59687,Grong stasjon,2026-09-07T19:16:00+02:00,2026-09-07T19:16:16+02:00,2026-09-07T19:16:16+02:00,16.0,1,Mo i Rana,SJN:Line:71,Nordlandsbanen,F7,rail,SJN:ServiceJourney:477_45453-R,True,actual,False,,,,,2026-09-07T20:27:16.249662+02:00
NSR:StopPlace:59637,Rosenholm stasjon,2026-09-07T19:43:00+02:00,2026-09-07T19:43:16+02:00,2026-09-07T19:43:16+02:00,16.0,1,Oslo S,VYG:Line:L2,Stabekk-Oslo S-Ski,L2,rail,VYG:ServiceJourney:2862_444105-R,True,actual,False,,,,,2026-09-07T20:27:16.249662+02:00
NSR:StopPlace:59638,Myrvoll stasjon,2026-09-07T18:06:00+02:00,2026-09-07T18:06:16+02:00,2026-09-07T18:06:16+02:00,16.0,1,Skøyen,VYG:Line:L2,Stabekk-Oslo S-Ski,L2,rail,VYG:ServiceJourney:2856-SKI_488390-R,True,actual,False,,,,,2026-09-07T20:27:16.249662+02:00
NSR:StopPlace:59638,Myrvoll stasjon,2026-09-07T19:06:00+02:00,2026-09-07T19:06:16+02:00,2026-09-07T19:06:16+02:00,16.0,1,Skøyen,VYG:Line:L2,Stabekk-Oslo S-Ski,L2,rail,VYG:ServiceJourney:2860-SKI_488393-R,True,actual,False,,,,,2026-09-07T20:27:16.249662+02:00
NSR:StopPlace:58795,Kambo stasjon,2026-09-07T19:06:00+02:00,2026-09-07T19:06:16+02:00,2026-09-07T19:06:16+02:00,16.0,1,Skredderåsen-Moss sentrum,OST:Line:1_22,Skredderåsen-Kambo,22,bus,OST:ServiceJourney:22_260821062928320_84,True,actual,False,,,,,2026-09-07T20:27:16.249662+02:00
NSR:StopPlace:58834,Hokksund stasjon,2026-09-07T20:02:00+02:00,2026-09-07T20:02:16+02:00,2026-09-07T20:02:16+02:00,16.0,1,Kongsberg,VYG:Line:R12,Kongsberg-Oslo S-Eidsvoll,R12,rail,VYG:ServiceJourney:529_444336-R,True,actual,False,,,,,2026-09-07T20:27:16.249662+02:00
NSR:StopPlace:58839,Steinberg stasjon,2026-09-07T17:35:00+02:00,2026-09-07T17:35:16+02:00,2026-09-07T17:35:16+02:00,16.0,1,Drammen via Mjøndalen,BRA:Line:4_6101,Drammen-Vikersund/Hønefoss,101,bus,BRA:ServiceJourney:6101_260415100161282_1052,True,actual,False,,,,,2026-09-07T20:27:16.249662+02:00
NSR:StopPlace:58854,Langhus stasjon,2026-09-07T18:39:00+02:00,2026-09-07T18:39:16+02:00,2026-09-07T18:39:16+02:00,16.0,1,Drøbak - Frogn vgs.,RUT:Line:510,Bøleråsen - Ski - Ås - Drøbak,510,bus,RUT:ServiceJourney:eebb8106a9d4f81609539a50a444eeee,True,actual,False,,,,,2026-09-07T20:27:16.249662+02:00
NSR:StopPlace:58865,Vestby stasjon,2026-09-07T19:45:00+02:00,2026-09-07T19:45:16+02:00,2026-09-07T19:45:16+02:00,16.0,1,Moss,VYG:Line:R21,Stabekk-Oslo S-Moss,R21,rail,VYG:ServiceJourney:1157-HVK_443042-R,True,actual,False,,,,,2026-09-07T20:27:16.249662+02:00
NSR:StopPlace:58865,Vestby stasjon,2026-09-07T20:10:00+02:00,2026-09-07T20:10:16+02:00,2026-09-07T20:10:16+02:00,16.0,1,Stabekk,VYG:Line:R21,Stabekk-Oslo S-Moss,R21,rail,VYG:ServiceJourney:1164-MOS_443055-R,True,actual,False,,,,,2026-09-07T20:27:16.249662+02:00
NSR:StopPlace:58868,Årnes stasjon,2026-09-07T19:52:00+02:00,2026-09-07T19:52:16+02:00,2026-09-07T19:52:16+02:00,16.0,1,Kongsvinger,VYG:Line:R14,Asker-Oslo S-Kongsvinger,R14,rail,VYG:ServiceJourney:1029_442939-R,True,actual,False,,,,,2026-09-07T20:27:16.249662+02:00
NSR:StopPlace:58802,Spydeberg stasjon,2026-09-07T20:20:00+02:00,2026-09-07T20:20:16+02:00,2026-09-07T20:20:16+02:00,16.0,1,Oslo S,VYG:Line:R22,Skøyen-Oslo S-Mysen-Rakkestad,R22,rail,VYG:ServiceJourney:1934_443488-R,True,actual,False,,,,,2026-09-07T20:27:16.249662+02:00
NSR:StopPlace:398,Arna stasjon,2026-09-07T16:27:00+02:00,2026-09-07T16:27:16+02:00,2026-09-07T16:27:16+02:00,16.0,1,Myrdal,VYG:Line:R40,Bergen-Voss-Myrdal-Ål,R40,rail,VYG:ServiceJourney:1824_554550-R,True,actual,False,,,,,2026-09-07T20:27:16.249662+02:00
NSR:StopPlace:362,Jåttåvågen stasjon,2026-09-07T17:32:00+02:00,2026-09-07T17:32:16+02:00,2026-09-07T17:32:16+02:00,16.0,1,Nærbø,GOA:Line:59,Jærbanen,L5,rail,GOA:ServiceJourney:3054_63104-R,True,actual,False,,,,,2026-09-07T20:27:16.249662+02:00
NSR:StopPlace:206,Mariero stasjon,2026-09-07T19:14:00+02:00,2026-09-07T19:14:16+02:00,2026-09-07T19:14:16+02:00,16.0,1,Skeiane,GOA:Line:59,Jærbanen,L5,rail,GOA:ServiceJourney:3158_63203-R,True,actual,False,,,,,2026-09-07T20:27:16.249662+02:00
NSR:StopPlace:62339,Lillestrøm stasjon,2026-09-07T17:26:00+02:00,2026-09-07T17:26:16+02:00,2026-09-07T17:26:16+02:00,16.0,1,Skien,VYG:Line:RE11,Eidsvoll-Oslo S-Skien,RE11,rail,VYG:ServiceJourney:827_444407-R,True,actual,False,Heis i spor 1 og 2 er ute av bruk på grunn av vedlikehold.,Heis i spor 1 og 2 er ute av bruk på grunn av vedlikehold.,general,normal,2026-09-07T20:27:16.249662+02:00
NSR:StopPlace:61387,Skogn stasjon,2026-09-07T14:21:00+02:00,2026-09-07T14:21:16+02:00,2026-09-07T14:21:16+02:00,16.0,1,Ler,SJN:Line:26,Trønderbanen,R70,rail,SJN:ServiceJourney:438_56067-R,True,actual,False,,,,,2026-09-07T15:44:36.205822+02:00
NSR:StopPlace:59642,Rånåsfoss stasjon,2026-09-07T14:48:00+02:00,2026-09-07T14:48:16+02:00,2026-09-07T14:48:16+02:00,16.0,1,Årnes,RUT:Line:455,Årnes -Rånåsfoss,455,bus,RUT:ServiceJourney:bbe9b7d69e604ed3e5b8f092afab73b8,True,actual,False,,,,,2026-09-07T15:44:36.205822+02:00
NSR:StopPlace:59957,Klepp stasjon,2026-09-07T14:27:00+02:00,2026-09-07T14:27:16+02:00,2026-09-07T14:27:16+02:00,16.0,1,Verdalen via Kleppekrossen,KOL:Line:8_2024,59,59,bus,KOL:ServiceJourney:2024_250903083241319_2021,True,actual,False,,,,,2026-09-07T15:44:36.205822+02:00
NSR:StopPlace:60045,Hamar stasjon,2026-09-07T14:52:00+02:00,2026-09-07T14:52:16+02:00,2026-09-07T14:52:16+02:00,16.0,1,Lillehammer,VYG:Line:RE10,Drammen-Oslo S-Lillehammer,RE10,rail,VYG:ServiceJourney:319-SUD_444192-R,True,actual,False,,,,,2026-09-07T15:44:36.205822+02:00
NSR:StopPlace:59616,Asker stasjon,2026-09-07T12:09:00+02:00,2026-09-07T12:09:16+02:00,2026-09-07T12:09:16+02:00,16.0,1,Lillehammer,VYG:Line:RE10,Drammen-Oslo S-Lillehammer,RE10,rail,VYG:ServiceJourney:317-SUD_444183-R,True,actual,False,,,,,2026-09-07T15:44:36.205822+02:00
NSR:StopPlace:59637,Rosenholm stasjon,2026-09-07T14:58:00+02:00,2026-09-07T14:58:16+02:00,2026-09-07T14:58:16+02:00,16.0,1,Stabekk,VYG:Line:L2,Stabekk-Oslo S-Ski,L2,rail,VYG:ServiceJourney:2744-SKI_443954-R,True,actual,False,,,,,2026-09-07T15:44:36.205822+02:00
NSR:StopPlace:58947,Steinkjer stasjon,2026-09-07T13:37:00+02:00,2026-09-07T13:37:16+02:00,2026-09-07T13:37:16+02:00,16.0,1,Ler,SJN:Line:26,Trønderbanen,R70,rail,SJN:ServiceJourney:438_56067-R,True,actual,False,,,,,2026-09-07T15:44:36.205822+02:00
NSR:StopPlace:58799,Rygge stasjon,2026-09-07T14:55:00+02:00,2026-09-07T14:55:16+02:00,2026-09-07T14:55:16+02:00,16.0,1,Göteborg C,VYG:Line:RE20,Oslo S-Halden-Göteborg (X-Border),RE20,rail,VYG:ServiceJourney:119-391_460181-R,True,actual,False,,,,,2026-09-07T15:44:36.205822+02:00
NSR:StopPlace:58836,Mjøndalen stasjon,2026-09-07T14:06:00+02:00,2026-09-07T14:06:16+02:00,2026-09-07T14:06:16+02:00,16.0,1,Drammen sykehus,BRA:Line:4_6001,Drammen sykehus Brakerøya - Sørensvingen / Mjøndalen,1,bus,BRA:ServiceJourney:6001_260415100161821_1138,True,actual,False,,,,,2026-09-07T15:44:36.205822+02:00
NSR:StopPlace:58884,Skien stasjon,2026-09-07T12:09:00+02:00,2026-09-07T12:09:16+02:00,2026-09-07T12:09:16+02:00,16.0,1,Eidsvoll,VYG:Line:RE11,Eidsvoll-Oslo S-Skien,RE11,rail,VYG:ServiceJourney:818_444398-R,True,actual,False,,,,,2026-09-07T15:44:36.205822+02:00
NSR:StopPlace:206,Mariero stasjon,2026-09-07T15:09:00+02:00,2026-09-07T15:09:16+02:00,2026-09-07T15:09:16+02:00,16.0,1,Stavanger,GOA:Line:59,Jærbanen,L5,rail,GOA:ServiceJourney:3141_63186-R,True,actual,False,,,,,2026-09-07T15:44:36.205822+02:00
NSR:StopPlace:62339,Lillestrøm stasjon,2026-09-07T13:36:00+02:00,2026-09-07T13:36:16+02:00,2026-09-07T13:36:16+02:00,16.0,1,Drammen,VYG:Line:R13,Drammen-Oslo S-Dal,R13,rail,VYG:ServiceJourney:1634_443285-R,True,actual,False,Heis i spor 1 og 2 er ute av bruk på grunn av vedlikehold.,Heis i spor 1 og 2 er ute av bruk på grunn av vedlikehold.,general,normal,2026-09-07T15:44:36.205822+02:00
NSR:StopPlace:62379,Bergsgrav stasjon,2026-09-07T14:53:00+02:00,2026-09-07T14:53:16+02:00,2026-09-07T14:53:16+02:00,16.0,1,Steinkjer,SJN:Line:26,Trønderbanen,R70,rail,SJN:ServiceJourney:437_56066-R,True,actual,False,,,,,2026-09-07T15:44:36.205822+02:00
NSR:StopPlace:61251,Øksnavadporten stasjon,2026-09-07T07:14:00+02:00,2026-09-07T07:14:16+02:00,2026-09-07T07:14:16+02:00,16.0,1,Egersund,GOA:Line:59,Jærbanen,L5,rail,GOA:ServiceJourney:3012_63044-R,True,actual,False,,,,,2026-09-07T08:42:24.659182+02:00
NSR:StopPlace:60640,Heimdal stasjon,2026-09-07T07:01:00+02:00,2026-09-07T07:01:16+02:00,2026-09-07T07:01:16+02:00,16.0,1,Kattem,ATB:Line:2_1,Ranheim - Strindheim - sentrum - Tiller - Heimdal - Kattem,1,bus,ATB:ServiceJourney:1_251215112546190_8,True,actual,False,,,,,2026-09-07T08:42:24.659182+02:00
NSR:StopPlace:59952,Drammen stasjon,2026-09-07T06:43:00+02:00,2026-09-07T06:43:16+02:00,2026-09-07T06:43:16+02:00,16.0,1,Kongsberg,VYG:Line:R12,Kongsberg-Oslo S-Eidsvoll,R12,rail,VYG:ServiceJourney:503_444294-R,True,actual,False,,,,,2026-09-07T08:42:24.659182+02:00
NSR:StopPlace:59977,Trondheim S,2026-09-07T06:41:00+02:00,2026-09-07T06:41:16+02:00,2026-09-07T06:41:16+02:00,16.0,1,Rate via sentrum,ATB:Line:2_10,Sæterbakken- Strindheim- Sentrum- Ratesvingen,10,bus,ATB:ServiceJourney:10_260311106197948_4,True,actual,False,,,,,2026-09-07T08:42:24.659182+02:00
NSR:StopPlace:59983,Bergen stasjon,2026-09-07T07:42:00+02:00,2026-09-07T07:42:16+02:00,2026-09-07T07:42:16+02:00,16.0,1,Arna,VYG:Line:L4,Bergen-Arna,L4,rail,VYG:ServiceJourney:2510_443768-R,True,actual,False,,,,,2026-09-07T08:42:24.659182+02:00
NSR:StopPlace:59638,Myrvoll stasjon,2026-09-07T07:06:00+02:00,2026-09-07T07:06:16+02:00,2026-09-07T07:06:16+02:00,16.0,1,Lysaker,VYG:Line:L2,Stabekk-Oslo S-Ski,L2,rail,VYG:ServiceJourney:2812-SKI_444024-R,True,actual,False,Færre vogner,Denne avgangen kjører dessverre med 3 vogner i stedet for 6 vogner. Dette skyldes at vi mangler et togsett.,general,normal,2026-09-07T08:42:24.659182+02:00
NSR:StopPlace:58947,Steinkjer stasjon,2026-09-07T08:33:00+02:00,2026-09-07T08:33:16+02:00,2026-09-07T08:33:16+02:00,16.0,1,Melhus skysstasjon,SJN:Line:26,Trønderbanen,R70,rail,SJN:ServiceJourney:428-STK_56057-R,True,actual,False,,,,,2026-09-07T08:42:24.659182+02:00
NSR:StopPlace:58948,Stjørdal stasjon,2026-09-07T06:57:00+02:00,2026-09-07T06:57:16+02:00,2026-09-07T06:57:16+02:00,16.0,1,Melhus skysstasjon,SJN:Line:26,Trønderbanen,R70,rail,SJN:ServiceJourney:422-STK_56051-R,True,actual,False,,,,,2026-09-07T08:42:24.659182+02:00
NSR:StopPlace:58797,Mysen stasjon,2026-09-07T08:00:00+02:00,2026-09-07T08:00:16+02:00,2026-09-07T08:00:16+02:00,16.0,1,Oslo S,VYG:Line:R22,Skøyen-Oslo S-Mysen-Rakkestad,R22,rail,VYG:ServiceJourney:1910_443448-R,True,actual,False,,,,,2026-09-07T08:42:24.659182+02:00
NSR:StopPlace:58790,Verdal stasjon,2026-09-07T07:49:00+02:00,2026-09-07T07:49:16+02:00,2026-09-07T07:49:16+02:00,16.0,1,Vuku skole,ATB:Line:2_7517,Vuku - Leirådal - Vuku,7517,bus,ATB:ServiceJourney:7517_260106098640974_1,True,actual,False,,,,,2026-09-07T08:42:24.659182+02:00
NSR:StopPlace:58835,Lier stasjon,2026-09-07T08:17:00+02:00,2026-09-07T08:17:16+02:00,2026-09-07T08:17:16+02:00,16.0,1,Drammen,VYG:Line:R13,Drammen-Oslo S-Dal,R13,rail,VYG:ServiceJourney:1610_443230-R,True,actual,False,,,,,2026-09-07T08:42:24.659182+02:00
NSR:StopPlace:58837,Nesbyen stasjon,2026-09-07T07:30:00+02:00,2026-09-07T07:30:16+02:00,2026-09-07T07:30:16+02:00,16.0,1,Gol skysstasjon,BRA:Line:4_6330,Gol-Geilo,330,bus,BRA:ServiceJourney:6330_260415100163944_1001,True,actual,False,,,,,2026-09-07T08:42:24.659182+02:00
NSR:StopPlace:58838,Røyken stasjon,2026-09-07T08:15:00+02:00,2026-09-07T08:15:16+02:00,2026-09-07T08:15:16+02:00,16.0,1,Asker,RUT:Line:260,Hyggen - Bråset -Slemmestad (- Asker),260,bus,RUT:ServiceJourney:8c58d9cce48fa3aa41fa1e9b5faacc08,True,actual,False,,,,,2026-09-07T08:42:24.659182+02:00
NSR:StopPlace:58844,Eidsvoll stasjon,2026-09-07T06:15:00+02:00,2026-09-07T06:15:16+02:00,2026-09-07T06:15:16+02:00,16.0,1,Jessheim,RUT:Line:430,Eidsvoll - Jessheim,430,bus,RUT:ServiceJourney:1978f9c56de0ca6c70e55a15d3cc1861,True,actual,False,,,,,2026-09-07T08:42:24.659182+02:00
NSR:StopPlace:58855,Leirsund stasjon,2026-09-07T06:30:00+02:00,2026-09-07T06:30:16+02:00,2026-09-07T06:30:16+02:00,16.0,1,Dal,VYG:Line:R13,Drammen-Oslo S-Dal,R13,rail,VYG:ServiceJourney:1605_443222-R,True,actual,False,,,,,2026-09-07T08:42:24.659182+02:00
NSR:StopPlace:58858,Nittedal stasjon,2026-09-07T06:06:00+02:00,2026-09-07T06:06:16+02:00,2026-09-07T06:06:16+02:00,16.0,1,Oslo S,VYG:Line:RE30,Oslo S-Gjøvik,RE30,rail,VYG:ServiceJourney:BUS-1202_654977-R,True,actual,False,,,,,2026-09-07T08:42:24.659182+02:00
NSR:StopPlace:58851,Heggedal stasjon,2026-09-07T05:52:00+02:00,2026-09-07T05:52:16+02:00,2026-09-07T05:52:16+02:00,16.0,1,Asker,RUT:Line:285,Heggedal - Blakstad - Asker,285,bus,RUT:ServiceJourney:fe3a0ad8459f2091178a679be4d44ed3,True,actual,False,,,,,2026-09-07T08:42:24.659182+02:00
NSR:StopPlace:58862,Strømmen stasjon,2026-09-07T08:06:00+02:00,2026-09-07T08:06:16+02:00,2026-09-07T08:06:16+02:00,16.0,1,Nittedal,RUT:Line:385,Nittedal stasjon - Olavsgaard - Ahus,385,bus,RUT:ServiceJourney:6b273fe2861d4f5179fdd77284582be4,True,actual,False,,,,,2026-09-07T08:42:24.659182+02:00
NSR:StopPlace:58873,Skoppum stasjon,2026-09-07T05:21:00+02:00,2026-09-07T05:21:16+02:00,2026-09-07T05:21:16+02:00,16.0,1,Eidsvoll,VYG:Line:RE11,Eidsvoll-Oslo S-Skien,RE11,rail,VYG:ServiceJourney:802_444382-R,True,actual,False,,,,,2026-09-07T08:42:24.659182+02:00
NSR:StopPlace:58873,Skoppum stasjon,2026-09-07T07:20:00+02:00,2026-09-07T07:20:16+02:00,2026-09-07T07:20:16+02:00,16.0,1,Eidsvoll,VYG:Line:RE11,Eidsvoll-Oslo S-Skien,RE11,rail,VYG:ServiceJourney:806_444386-R,True,actual,False,,,,,2026-09-07T08:42:24.659182+02:00
NSR:StopPlace:58802,Spydeberg stasjon,2026-09-07T07:50:00+02:00,2026-09-07T07:50:16+02:00,2026-09-07T07:50:16+02:00,16.0,1,Oslo S,VYG:Line:R22,Skøyen-Oslo S-Mysen-Rakkestad,R22,rail,VYG:ServiceJourney:1954_443500-R,True,actual,False,,,,,2026-09-07T08:42:24.659182+02:00
NSR:StopPlace:58802,Spydeberg stasjon,2026-09-07T08:21:00+02:00,2026-09-07T08:21:16+02:00,2026-09-07T08:21:16+02:00,16.0,1,Oslo S,VYG:Line:R22,Skøyen-Oslo S-Mysen-Rakkestad,R22,rail,VYG:ServiceJourney:1910_443448-R,True,actual,False,,,,,2026-09-07T08:42:24.659182+02:00
NSR:StopPlace:58810,Løten stasjon,2026-09-07T07:00:00+02:00,2026-09-07T07:00:16+02:00,2026-09-07T07:00:16+02:00,16.0,1,Ådalsbruk - Hamar,INN:Line:692,Hamar - Ådalsbruk - Løten,692,bus,INN:ServiceJourney:84301,True,actual,False,,,,,2026-09-07T08:42:24.659182+02:00
NSR:StopPlace:58818,Gran stasjon,2026-09-07T08:10:00+02:00,2026-09-07T08:10:16+02:00,2026-09-07T08:10:16+02:00,16.0,1,4 Trintom skole,INN:Line:456,Gran-Grymyr,456,bus,INN:ServiceJourney:85450,True,actual,False,,,,,2026-09-07T08:42:24.659182+02:00
NSR:StopPlace:63079,Skeiane stasjon,2026-09-07T06:37:00+02:00,2026-09-07T06:37:16+02:00,2026-09-07T06:37:16+02:00,16.0,1,Stavanger,GOA:Line:59,Jærbanen,L5,rail,GOA:ServiceJourney:3005_63036-R,True,actual,False,,,,,2026-09-07T08:42:24.659182+02:00
NSR:StopPlace:101,Sagdalen stasjon,2026-09-07T06:43:00+02:00,2026-09-07T06:43:16+02:00,2026-09-07T06:43:16+02:00,16.0,1,Spikkestad,VYG:Line:L1,Spikkestad-Oslo S-Lillestrøm,L1,rail,VYG:ServiceJourney:2209_443598-R,True,actual,False,,,,,2026-09-07T08:42:24.659182+02:00
NSR:StopPlace:206,Mariero stasjon,2026-09-07T06:50:00+02:00,2026-09-07T06:50:16+02:00,2026-09-07T06:50:16+02:00,16.0,1,Egersund,GOA:Line:59,Jærbanen,L5,rail,GOA:ServiceJourney:3012_63044-R,True,actual,False,,,,,2026-09-07T08:42:24.659182+02:00
NSR:StopPlace:261,Ganddal stasjon,2026-09-07T07:09:00+02:00,2026-09-07T07:09:16+02:00,2026-09-07T07:09:16+02:00,16.0,1,Egersund,GOA:Line:59,Jærbanen,L5,rail,GOA:ServiceJourney:3012_63044-R,True,actual,False,,,,,2026-09-07T08:42:24.659182+02:00
NSR:StopPlace:702,Sandnes sentrum stasjon,2026-09-07T06:46:00+02:00,2026-09-07T06:46:16+02:00,2026-09-07T06:46:16+02:00,16.0,1,Oslo S,GOA:Line:50,Sørtoget region,F5,rail,GOA:ServiceJourney:706-KVB_63227-R,True,actual,False,,,,,2026-09-07T08:42:24.659182+02:00
NSR:StopPlace:708,Stange stasjon,2026-09-07T08:34:00+02:00,2026-09-07T08:34:16+02:00,2026-09-07T08:34:16+02:00,16.0,1,Lillehammer,VYG:Line:RE10,Drammen-Oslo S-Lillehammer,RE10,rail,VYG:ServiceJourney:307-SUD_444139-R,True,actual,False,,,,,2026-09-07T08:42:24.659182+02:00
NSR:StopPlace:610,Sandvika stasjon,2026-09-07T07:04:00+02:00,2026-09-07T07:04:16+02:00,2026-09-07T07:04:16+02:00,16.0,1,Drammen,VYG:Line:R13,Drammen-Oslo S-Dal,R13,rail,VYG:ServiceJourney:1606_443223-R,True,actual,False,Færre vogner,Denne avgangen kjører dessverre med 5 vogner i stedet for 10 vogner. Dette skyldes at vi mangler et togsett.,general,normal,2026-09-07T08:42:24.659182+02:00
NSR:StopPlace:59641,Fjellhamar stasjon,2026-09-08T00:47:30+02:00,2026-09-08T00:47:45+02:00,2026-09-08T00:47:45+02:00,15.0,1,Drammen,VYG:Line:L1,Spikkestad-Oslo S-Lillestrøm,L1,rail,VYG:ServiceJourney:2281_443719-R,True,actual,False,,,,,2026-09-08T03:39:50.209703+02:00
NSR:StopPlace:41,Hanaborg stasjon,2026-09-07T23:19:00+02:00,2026-09-07T23:19:15+02:00,2026-09-07T23:19:15+02:00,15.0,1,Spikkestad,VYG:Line:L1,Spikkestad-Oslo S-Lillestrøm,L1,rail,VYG:ServiceJourney:2275_443710-R,True,actual,False,,,,,2026-09-08T00:20:52.129880+02:00
NSR:StopPlace:59654,Stabekk stasjon,2026-09-07T22:40:00+02:00,2026-09-07T22:40:15+02:00,2026-09-07T22:40:15+02:00,15.0,1,Lillestrøm,VYG:Line:L1,Spikkestad-Oslo S-Lillestrøm,L1,rail,VYG:ServiceJourney:2172_443583-R,True,actual,False,,,,,2026-09-08T00:20:52.129880+02:00
NSR:StopPlace:60944,Ski stasjon,2026-09-07T21:32:00+02:00,2026-09-07T21:32:15+02:00,2026-09-07T21:32:15+02:00,15.0,1,Oslo bussterminal,RUT:Line:515,Ski - Oslo,515,bus,RUT:ServiceJourney:a80a1ca2959d09cc3a91acdc01016bab,True,actual,False,,,,,2026-09-08T00:20:52.129880+02:00
NSR:StopPlace:59638,Myrvoll stasjon,2026-09-07T21:51:00+02:00,2026-09-07T21:51:15+02:00,2026-09-07T21:51:15+02:00,15.0,1,Stabekk,VYG:Line:L2,Stabekk-Oslo S-Ski,L2,rail,VYG:ServiceJourney:2772-SKI_443993-R,True,actual,False,,,,,2026-09-08T00:20:52.129880+02:00
NSR:StopPlace:58796,Moss stasjon,2026-09-07T21:54:00+02:00,2026-09-07T21:54:15+02:00,2026-09-07T21:54:15+02:00,15.0,1,Stabekk,VYG:Line:R21,Stabekk-Oslo S-Moss,R21,rail,VYG:ServiceJourney:1172-MOS_443069-R,True,actual,False,,,,,2026-09-08T00:20:52.129880+02:00
NSR:StopPlace:58796,Moss stasjon,2026-09-07T23:24:00+02:00,2026-09-07T23:24:15+02:00,2026-09-07T23:24:15+02:00,15.0,1,Stabekk,VYG:Line:R21,Stabekk-Oslo S-Moss,R21,rail,VYG:ServiceJourney:1178-MOS_443076-R,True,actual,False,,,,,2026-09-08T00:20:52.129880+02:00
NSR:StopPlace:101,Sagdalen stasjon,2026-09-07T23:13:00+02:00,2026-09-07T23:13:15+02:00,2026-09-07T23:13:15+02:00,15.0,1,Spikkestad,VYG:Line:L1,Spikkestad-Oslo S-Lillestrøm,L1,rail,VYG:ServiceJourney:2275_443710-R,True,actual,False,,,,,2026-09-08T00:20:52.129880+02:00
NSR:StopPlace:702,Sandnes sentrum stasjon,2026-09-08T00:10:00+02:00,2026-09-08T00:10:15+02:00,2026-09-08T00:10:15+02:00,15.0,1,Egersund,GOA:Line:59,Jærbanen,L5,rail,GOA:ServiceJourney:3078_63142-R,True,actual,False,,,,,2026-09-08T00:20:52.129880+02:00
NSR:StopPlace:62393,Billingstad stasjon,2026-09-07T21:43:00+02:00,2026-09-07T21:43:15+02:00,2026-09-07T21:43:15+02:00,15.0,1,Lillestrøm,VYG:Line:L1,Spikkestad-Oslo S-Lillestrøm,L1,rail,VYG:ServiceJourney:2270_443703-R,True,actual,False,,,,,2026-09-08T00:20:52.129880+02:00
NSR:StopPlace:61291,Stavanger stasjon,2026-09-07T19:23:00+02:00,2026-09-07T19:23:15+02:00,2026-09-07T19:23:15+02:00,15.0,1,Nærbø,GOA:Line:59,Jærbanen,L5,rail,GOA:ServiceJourney:3062_63118-R,True,actual,False,,,,,2026-09-07T20:27:16.249662+02:00
NSR:StopPlace:8,Paradis stasjon,2026-09-07T18:12:00+02:00,2026-09-07T18:12:15+02:00,2026-09-07T18:12:15+02:00,15.0,1,Stavanger,GOA:Line:59,Jærbanen,L5,rail,GOA:ServiceJourney:3153_63198-R,True,actual,False,,,,,2026-09-07T20:27:16.249662+02:00
NSR:StopPlace:8,Paradis stasjon,2026-09-07T18:26:00+02:00,2026-09-07T18:26:15+02:00,2026-09-07T18:26:15+02:00,15.0,1,Nærbø,GOA:Line:59,Jærbanen,L5,rail,GOA:ServiceJourney:3058_63111-R,True,actual,False,,,,,2026-09-07T20:27:16.249662+02:00
NSR:StopPlace:59952,Drammen stasjon,2026-09-07T18:42:00+02:00,2026-09-07T18:42:15+02:00,2026-09-07T18:42:15+02:00,15.0,1,Oslo Lufthavn,FLT:Line:FLY1,FLY1,FLY1,rail,FLT:ServiceJourney:1-2614-3789-20260907,True,actual,False,,,,,2026-09-07T20:27:16.249662+02:00
NSR:StopPlace:59983,Bergen stasjon,2026-09-07T17:57:00+02:00,2026-09-07T17:57:15+02:00,2026-09-07T17:57:15+02:00,15.0,1,Arna,VYG:Line:L4,Bergen-Arna,L4,rail,VYG:ServiceJourney:2652_443867-R,True,actual,False,,,,,2026-09-07T20:27:16.249662+02:00
NSR:StopPlace:60045,Hamar stasjon,2026-09-07T16:52:00+02:00,2026-09-07T16:52:15+02:00,2026-09-07T16:52:15+02:00,15.0,1,Lillehammer,VYG:Line:RE10,Drammen-Oslo S-Lillehammer,RE10,rail,VYG:ServiceJourney:323-SUD_486402-R,True,actual,False,,,,,2026-09-07T20:27:16.249662+02:00
NSR:StopPlace:59637,Rosenholm stasjon,2026-09-07T18:28:00+02:00,2026-09-07T18:28:15+02:00,2026-09-07T18:28:15+02:00,15.0,1,Stabekk,VYG:Line:L2,Stabekk-Oslo S-Ski,L2,rail,VYG:ServiceJourney:2758-SKI_443970-R,True,actual,False,,,,,2026-09-07T20:27:16.249662+02:00
NSR:StopPlace:59638,Myrvoll stasjon,2026-09-07T17:36:00+02:00,2026-09-07T17:36:15+02:00,2026-09-07T17:36:15+02:00,15.0,1,Oslo S,VYG:Line:L2,Stabekk-Oslo S-Ski,L2,rail,VYG:ServiceJourney:2854_444092-R,True,actual,False,,,,,2026-09-07T20:27:16.249662+02:00
NSR:StopPlace:58930,Larvik stasjon,2026-09-07T20:10:00+02:00,2026-09-07T20:10:15+02:00,2026-09-07T20:10:15+02:00,15.0,1,Stavern-Kysthospitalet,VKT:Line:4,Torp-Sandefjord-Larvik-Stavern,4,bus,VKT:ServiceJourney:17634,True,actual,False,,,,,2026-09-07T20:27:16.249662+02:00
NSR:StopPlace:58932,Hommelvik stasjon,2026-09-07T19:44:00+02:00,2026-09-07T19:44:15+02:00,2026-09-07T19:44:15+02:00,15.0,1,Steinkjer,SJN:Line:26,Trønderbanen,R70,rail,SJN:ServiceJourney:449_56078-R,True,actual,False,,,,,2026-09-07T20:27:16.249662+02:00
NSR:StopPlace:58947,Steinkjer stasjon,2026-09-07T18:07:00+02:00,2026-09-07T18:07:15+02:00,2026-09-07T18:07:15+02:00,15.0,1,Mo i Rana,SJN:Line:71,Nordlandsbanen,F7,rail,SJN:ServiceJourney:477_45453-R,True,actual,False,,,,,2026-09-07T20:27:16.249662+02:00
NSR:StopPlace:58790,Verdal stasjon,2026-09-07T17:40:00+02:00,2026-09-07T17:40:15+02:00,2026-09-07T17:40:15+02:00,15.0,1,Mo i Rana,SJN:Line:71,Nordlandsbanen,F7,rail,SJN:ServiceJourney:477_45453-R,True,actual,False,,,,,2026-09-07T20:27:16.249662+02:00
NSR:StopPlace:58834,Hokksund stasjon,2026-09-07T20:06:00+02:00,2026-09-07T20:06:15+02:00,2026-09-07T20:06:15+02:00,15.0,1,Vikersund,BRA:Line:4_6101,Drammen-Vikersund/Hønefoss,101,bus,BRA:ServiceJourney:6101_260415100161253_1051,True,actual,False,,,,,2026-09-07T20:27:16.249662+02:00
NSR:StopPlace:58834,Hokksund stasjon,2026-09-07T20:17:00+02:00,2026-09-07T20:17:15+02:00,2026-09-07T20:17:15+02:00,15.0,1,Ormåsen,BRA:Line:4_6117,Hokksund - Ormåsen,117,bus,BRA:ServiceJourney:6117_260622052303271_1029,True,actual,False,,,,,2026-09-07T20:27:16.249662+02:00
NSR:StopPlace:58844,Eidsvoll stasjon,2026-09-07T17:45:00+02:00,2026-09-07T17:45:15+02:00,2026-09-07T17:45:15+02:00,15.0,1,Jessheim,RUT:Line:430,Eidsvoll - Jessheim,430,bus,RUT:ServiceJourney:13cca1b245cf0c8082b773a33d7386cd,True,actual,False,,,,,2026-09-07T20:27:16.249662+02:00
NSR:StopPlace:58845,Eidsvoll verk stasjon,2026-09-07T18:01:00+02:00,2026-09-07T18:01:15+02:00,2026-09-07T18:01:15+02:00,15.0,1,Jessheim,RUT:Line:430,Eidsvoll - Jessheim,430,bus,RUT:ServiceJourney:13cca1b245cf0c8082b773a33d7386cd,True,actual,False,,,,,2026-09-07T20:27:16.249662+02:00
NSR:StopPlace:58852,Høn stasjon,2026-09-07T19:29:00+02:00,2026-09-07T19:29:15+02:00,2026-09-07T19:29:15+02:00,15.0,1,Asker,VYG:Line:L1,Spikkestad-Oslo S-Lillestrøm,L1,rail,VYG:ServiceJourney:2155_443564-R,True,actual,False,,,,,2026-09-07T20:27:16.249662+02:00
NSR:StopPlace:58857,Lørenskog stasjon,2026-09-07T18:13:00+02:00,2026-09-07T18:13:15+02:00,2026-09-07T18:13:15+02:00,15.0,1,Stovner,RUT:Line:120,Nesåsen - Stovner,120,bus,RUT:ServiceJourney:91c907e2e1b27099946785d43191fecd,True,actual,False,,,,,2026-09-07T20:27:16.249662+02:00
NSR:StopPlace:58857,Lørenskog stasjon,2026-09-07T18:26:00+02:00,2026-09-07T18:26:15+02:00,2026-09-07T18:26:15+02:00,15.0,1,Økern,RUT:Line:67,Økern-Lørenskog sentrum,67,bus,RUT:ServiceJourney:3de010642156fbcd52a789523b0cd958,True,actual,False,,,,,2026-09-07T20:27:16.249662+02:00
NSR:StopPlace:62309,Ljan stasjon,2026-09-07T19:20:00+02:00,2026-09-07T19:20:15+02:00,2026-09-07T19:20:15+02:00,15.0,1,Skøyen,VYG:Line:L2,Stabekk-Oslo S-Ski,L2,rail,VYG:ServiceJourney:2860-SKI_488393-R,True,actual,False,,,,,2026-09-07T20:27:16.249662+02:00
NSR:StopPlace:62339,Lillestrøm stasjon,2026-09-07T18:06:00+02:00,2026-09-07T18:06:15+02:00,2026-09-07T18:06:15+02:00,15.0,1,Drammen,VYG:Line:R13,Drammen-Oslo S-Dal,R13,rail,VYG:ServiceJourney:1652_443326-R,True,actual,False,Heis i spor 1 og 2 er ute av bruk på grunn av vedlikehold.,Heis i spor 1 og 2 er ute av bruk på grunn av vedlikehold.,general,normal,2026-09-07T20:27:16.249662+02:00
NSR:StopPlace:62393,Billingstad stasjon,2026-09-07T19:22:00+02:00,2026-09-07T19:22:15+02:00,2026-09-07T19:22:15+02:00,15.0,1,Asker,VYG:Line:L1,Spikkestad-Oslo S-Lillestrøm,L1,rail,VYG:ServiceJourney:2155_443564-R,True,actual,False,,,,,2026-09-07T20:27:16.249662+02:00
NSR:StopPlace:61464,Hvalstad stasjon,2026-09-07T13:54:00+02:00,2026-09-07T13:54:15+02:00,2026-09-07T13:54:15+02:00,15.0,1,Lillestrøm,VYG:Line:L1,Spikkestad-Oslo S-Lillestrøm,L1,rail,VYG:ServiceJourney:2138_443545-R,True,actual,False,,,,,2026-09-07T15:44:36.205822+02:00
NSR:StopPlace:33,Ranheim stasjon,2026-09-07T15:29:00+02:00,2026-09-07T15:29:15+02:00,2026-09-07T15:29:15+02:00,15.0,1,Ler,SJN:Line:26,Trønderbanen,R70,rail,SJN:ServiceJourney:438_56067-R,True,actual,False,,,,,2026-09-07T15:44:36.205822+02:00
NSR:StopPlace:59952,Drammen stasjon,2026-09-07T13:42:00+02:00,2026-09-07T13:42:15+02:00,2026-09-07T13:42:15+02:00,15.0,1,Oslo Lufthavn,FLT:Line:FLY1,FLY1,FLY1,rail,FLT:ServiceJourney:1-2614-3759-20260907,True,actual,False,,,,,2026-09-07T15:44:36.205822+02:00
NSR:StopPlace:59243,Mo i Rana stasjon,2026-09-07T15:12:00+02:00,2026-09-07T15:12:15+02:00,2026-09-07T15:12:15+02:00,15.0,1,Båsmobakken,NOR:Line:12_8371,Grubbåsen - Båsmobakken/Skillevollen,1,bus,NOR:ServiceJourney:8371_251012124858520_1027,True,actual,False,,,,,2026-09-07T15:44:36.205822+02:00
NSR:StopPlace:59244,Egersund stasjon,2026-09-07T15:37:00+02:00,2026-09-07T15:37:15+02:00,2026-09-07T15:37:15+02:00,15.0,1,Østebrød,KOL:Line:8_2696,SK0122,SK0122,bus,KOL:ServiceJourney:2696_250903083245372_1003,True,actual,False,,,,,2026-09-07T15:44:36.205822+02:00
NSR:StopPlace:58971,Mosjøen stasjon,2026-09-07T12:10:00+02:00,2026-09-07T12:10:15+02:00,2026-09-07T12:10:15+02:00,15.0,1,Hattfjelldal/Susendal,NOR:Line:12_8231,Susendal-Hattfjelldal-Trofors-,231,bus,NOR:ServiceJourney:8231_251111096198867_2004,True,actual,False,,,,,2026-09-07T15:44:36.205822+02:00
NSR:StopPlace:58797,Mysen stasjon,2026-09-07T15:40:00+02:00,2026-09-07T15:40:15+02:00,2026-09-07T15:40:15+02:00,15.0,1,Lislerud-Rakkestad,OST:Line:1_417,Østbygda-Degernes-Mysen,417,bus,OST:ServiceJourney:417_260325121473093_2,True,actual,False,,,,,2026-09-07T15:44:36.205822+02:00
NSR:StopPlace:58793,Askim stasjon,2026-09-07T14:35:00+02:00,2026-09-07T14:35:15+02:00,2026-09-07T14:35:15+02:00,15.0,1,Solbergfoss,OST:Line:1_403,Askim-Solbergfoss,403,bus,OST:ServiceJourney:403_260327065653931_5,True,actual,False,,,,,2026-09-07T15:44:36.205822+02:00
NSR:StopPlace:58836,Mjøndalen stasjon,2026-09-07T14:51:00+02:00,2026-09-07T14:51:15+02:00,2026-09-07T14:51:15+02:00,15.0,1,Drammen sykehus,BRA:Line:4_6001,Drammen sykehus Brakerøya - Sørensvingen / Mjøndalen,1,bus,BRA:ServiceJourney:6001_260415100161824_1150,True,actual,False,,,,,2026-09-07T15:44:36.205822+02:00
NSR:StopPlace:58864,Sørumsand stasjon,2026-09-07T15:30:00+02:00,2026-09-07T15:30:15+02:00,2026-09-07T15:30:15+02:00,15.0,1,Asker,VYG:Line:R14,Asker-Oslo S-Kongsvinger,R14,rail,VYG:ServiceJourney:1022_442930-R,True,actual,False,,,,,2026-09-07T15:44:36.205822+02:00
NSR:StopPlace:58874,Stokke stasjon,2026-09-07T14:07:00+02:00,2026-09-07T14:07:15+02:00,2026-09-07T14:07:15+02:00,15.0,1,Skien,VYG:Line:RE11,Eidsvoll-Oslo S-Skien,RE11,rail,VYG:ServiceJourney:817_444397-R,True,actual,False,,,,,2026-09-07T15:44:36.205822+02:00
NSR:StopPlace:58874,Stokke stasjon,2026-09-07T15:34:00+02:00,2026-09-07T15:34:15+02:00,2026-09-07T15:34:15+02:00,15.0,1,Skien,VYG:Line:RX11,Eidsvoll-Oslo S-Skien,RX11,rail,VYG:ServiceJourney:851-LOD_554643-R,True,actual,False,,,,,2026-09-07T15:44:36.205822+02:00
NSR:StopPlace:58810,Løten stasjon,2026-09-07T14:21:00+02:00,2026-09-07T14:21:15+02:00,2026-09-07T14:21:15+02:00,15.0,1,Østre Skogbygd,INN:Line:694,Løten - Skogbygda,694,bus,INN:ServiceJourney:84920,True,actual,False,,,,,2026-09-07T15:44:36.205822+02:00
NSR:StopPlace:58818,Gran stasjon,2026-09-07T15:30:00+02:00,2026-09-07T15:30:15+02:00,2026-09-07T15:30:15+02:00,15.0,1,Riis,INN:Line:457,Gran-Riis-Gran,457,bus,INN:ServiceJourney:71299,True,actual,False,,,,,2026-09-07T15:44:36.205822+02:00
NSR:StopPlace:420,Lillehammer stasjon,2026-09-07T13:15:00+02:00,2026-09-07T13:15:15+02:00,2026-09-07T13:15:15+02:00,15.0,1,Drammen,VYG:Line:RE10,Drammen-Oslo S-Lillehammer,RE10,rail,VYG:ServiceJourney:320-LHM_444196-R,True,actual,False,,,,,2026-09-07T15:44:36.205822+02:00
NSR:StopPlace:62339,Lillestrøm stasjon,2026-09-07T14:16:00+02:00,2026-09-07T14:16:15+02:00,2026-09-07T14:16:15+02:00,15.0,1,Drammen,VYG:Line:RE10,Drammen-Oslo S-Lillehammer,RE10,rail,VYG:ServiceJourney:318-LHM_444187-R,True,actual,False,Heis i spor 1 og 2 er ute av bruk på grunn av vedlikehold.,Heis i spor 1 og 2 er ute av bruk på grunn av vedlikehold.,general,normal,2026-09-07T15:44:36.205822+02:00
NSR:StopPlace:59643,Grefsen stasjon,2026-09-07T06:18:00+02:00,2026-09-07T06:18:15+02:00,2026-09-07T06:18:15+02:00,15.0,1,Gaustadalléen,RUT:Line:18,Grefsen st [4311] - Rikshospitalet,18,tram,RUT:ServiceJourney:99c09b30e51f225c2e84522cca41f039,True,actual,False,,,,,2026-09-07T08:42:24.659182+02:00
NSR:StopPlace:59643,Grefsen stasjon,2026-09-07T06:52:00+02:00,2026-09-07T06:52:15+02:00,2026-09-07T06:52:15+02:00,15.0,1,Gaustadalléen,RUT:Line:17,Rikshospitalet - Sinsen o/ Carl Berner,17,tram,RUT:ServiceJourney:ff60308b72cc7207e2798ebc685b9b63,True,actual,False,,,,,2026-09-07T08:42:24.659182+02:00
NSR:StopPlace:59977,Trondheim S,2026-09-07T06:40:00+02:00,2026-09-07T06:40:15+02:00,2026-09-07T06:40:15+02:00,15.0,1,Støren barneskole via Støren st.,ATB:Line:2_340,Trondheim - Støren,340,bus,ATB:ServiceJourney:340_260106098639852_2,True,actual,False,,,,,2026-09-07T08:42:24.659182+02:00
NSR:StopPlace:60047,Melhus skysstasjon,2026-09-07T06:57:00+02:00,2026-09-07T06:57:15+02:00,2026-09-07T06:57:15+02:00,15.0,1,Støren,SJN:Line:26,Trønderbanen,R70,rail,SJN:ServiceJourney:420_56049-R,True,actual,False,,,,,2026-09-07T08:42:24.659182+02:00
NSR:StopPlace:60053,Halden stasjon,2026-09-07T07:06:00+02:00,2026-09-07T07:06:15+02:00,2026-09-07T07:06:15+02:00,15.0,1,Oslo S,VYG:Line:RE20,Oslo S-Halden-Göteborg (X-Border),RE20,rail,VYG:ServiceJourney:108-HLD_508944-R,True,actual,False,,,,,2026-09-07T08:42:24.659182+02:00
NSR:StopPlace:59243,Mo i Rana stasjon,2026-09-07T07:27:00+02:00,2026-09-07T07:27:15+02:00,2026-09-07T07:27:15+02:00,15.0,1,Dalsgrenda,NOR:Line:12_8376,Mo i Rana - Dalsgrenda - Haukn,376,bus,NOR:ServiceJourney:8376_251012124900979_1002,True,actual,False,,,,,2026-09-07T08:42:24.659182+02:00
NSR:StopPlace:59244,Egersund stasjon,2026-09-07T06:15:00+02:00,2026-09-07T06:15:15+02:00,2026-09-07T06:15:15+02:00,15.0,1,Stavanger,GOA:Line:59,Jærbanen,L5,rail,GOA:ServiceJourney:3007_63039-R,True,actual,False,,,,,2026-09-07T08:42:24.659182+02:00
NSR:StopPlace:59616,Asker stasjon,2026-09-07T06:18:00+02:00,2026-09-07T06:18:15+02:00,2026-09-07T06:18:15+02:00,15.0,1,Lillestrøm,VYG:Line:L1,Spikkestad-Oslo S-Lillestrøm,L1,rail,VYG:ServiceJourney:2108_443512-R,True,actual,False,,,,,2026-09-07T08:42:24.659182+02:00
NSR:StopPlace:58964,Kløfta stasjon,2026-09-07T07:14:00+02:00,2026-09-07T07:14:15+02:00,2026-09-07T07:14:15+02:00,15.0,1,Dal,VYG:Line:R13,Drammen-Oslo S-Dal,R13,rail,VYG:ServiceJourney:1607_443224-R,True,actual,False,,,,,2026-09-07T08:42:24.659182+02:00
NSR:StopPlace:58918,Nodeland stasjon,2026-09-07T07:31:00+02:00,2026-09-07T07:31:15+02:00,2026-09-07T07:31:15+02:00,15.0,1,Finsland skole,AKT:Line:2177,Vestre Fidje-Kilen-Finsland,2177,bus,AKT:ServiceJourney:76423_51_38_54120_56160_3955761,True,actual,False,,,,,2026-09-07T08:42:24.659182+02:00
NSR:StopPlace:58924,Bryne stasjon,2026-09-07T07:22:00+02:00,2026-09-07T07:22:15+02:00,2026-09-07T07:22:15+02:00,15.0,1,Sandnes via Kleppekrossen,KOL:Line:8_2019,52,52,bus,KOL:ServiceJourney:2019_260728141809994_1004,True,actual,False,,,,,2026-09-07T08:42:24.659182+02:00
NSR:StopPlace:58930,Larvik stasjon,2026-09-07T06:00:00+02:00,2026-09-07T06:00:15+02:00,2026-09-07T06:00:15+02:00,15.0,1,Lillestrøm,VYG:Line:RX11,Eidsvoll-Oslo S-Skien,RX11,rail,VYG:ServiceJourney:862_444428-R,True,actual,False,,,,,2026-09-07T08:42:24.659182+02:00
NSR:StopPlace:58797,Mysen stasjon,2026-09-07T07:35:00+02:00,2026-09-07T07:35:15+02:00,2026-09-07T07:35:15+02:00,15.0,1,Askim-Sarpsborg,OST:Line:1_640,Sarpsborg-Askim-Mysen,640,bus,OST:ServiceJourney:640_260325121473135_10,True,actual,False,,,,,2026-09-07T08:42:24.659182+02:00
NSR:StopPlace:58798,Rakkestad stasjon,2026-09-07T07:30:00+02:00,2026-09-07T07:30:15+02:00,2026-09-07T07:30:15+02:00,15.0,1,Bergenhus skole-Rakkestad u. skole,OST:Line:1_470,Skolerute Rakkestad,470,bus,OST:ServiceJourney:470_260325121471414_1,True,actual,False,,,,,2026-09-07T08:42:24.659182+02:00
NSR:StopPlace:58799,Rygge stasjon,2026-09-07T06:55:00+02:00,2026-09-07T06:55:15+02:00,2026-09-07T06:55:15+02:00,15.0,1,Oslo S,VYG:Line:RE20,Oslo S-Halden-Göteborg (X-Border),RE20,rail,VYG:ServiceJourney:106-HLD_508942-R,True,actual,False,,,,,2026-09-07T08:42:24.659182+02:00
NSR:StopPlace:58793,Askim stasjon,2026-09-07T06:00:00+02:00,2026-09-07T06:00:15+02:00,2026-09-07T06:00:15+02:00,15.0,1,Skoglia-Sørlia-Askim stasjon,OST:Line:1_41,Bybuss Askim sentrum nord,41,bus,OST:ServiceJourney:41_260325121476065_1,True,actual,False,,,,,2026-09-07T08:42:24.659182+02:00
NSR:StopPlace:58834,Hokksund stasjon,2026-09-07T07:17:00+02:00,2026-09-07T07:17:15+02:00,2026-09-07T07:17:15+02:00,15.0,1,Ormåsen,BRA:Line:4_6117,Hokksund - Ormåsen,117,bus,BRA:ServiceJourney:6117_260622052301102_1005,True,actual,False,,,,,2026-09-07T08:42:24.659182+02:00
NSR:StopPlace:58834,Hokksund stasjon,2026-09-07T07:27:00+02:00,2026-09-07T07:27:15+02:00,2026-09-07T07:27:15+02:00,15.0,1,Drammen via Mjøndalen,BRA:Line:4_6101,Drammen-Vikersund/Hønefoss,101,bus,BRA:ServiceJourney:6101_260415100161272_1012,True,actual,False,,,,,2026-09-07T08:42:24.659182+02:00
NSR:StopPlace:58835,Lier stasjon,2026-09-07T07:43:00+02:00,2026-09-07T07:43:15+02:00,2026-09-07T07:43:15+02:00,15.0,1,Drammen,BRA:Line:4_6073,Drammen - Reistad - Lierskogen,73,bus,BRA:ServiceJourney:6073_260415100160824_1004,True,actual,False,Fra 17/8 går linje 61-63-71-73-251-261 og skolebusser fra holdeplass ved Skutebrygga ut av byen.Les mer på brakar.no/trafikkmeldinger.,,general,normal,2026-09-07T08:42:24.659182+02:00
NSR:StopPlace:58844,Eidsvoll stasjon,2026-09-07T07:00:00+02:00,2026-09-07T07:00:15+02:00,2026-09-07T07:00:15+02:00,15.0,1,Jessheim,RUT:Line:430,Eidsvoll - Jessheim,430,bus,RUT:ServiceJourney:949140a546130ab2cf8439d2a7ad760f,True,actual,False,,,,,2026-09-07T08:42:24.659182+02:00
NSR:StopPlace:58844,Eidsvoll stasjon,2026-09-07T07:30:00+02:00,2026-09-07T07:30:15+02:00,2026-09-07T07:30:15+02:00,15.0,1,Jessheim,RUT:Line:430,Eidsvoll - Jessheim,430,bus,RUT:ServiceJourney:84833c8e0c88aa6373d7d7483cd10604,True,actual,False,,,,,2026-09-07T08:42:24.659182+02:00
NSR:StopPlace:58858,Nittedal stasjon,2026-09-07T08:11:00+02:00,2026-09-07T08:11:15+02:00,2026-09-07T08:11:15+02:00,15.0,1,Oslo S,VYG:Line:R31,Skøyen-Jaren-Gjøvik,R31,rail,VYG:ServiceJourney:BUS-246_655947-R,True,actual,False,,,,,2026-09-07T08:42:24.659182+02:00
NSR:StopPlace:58861,Solbråtan stasjon,2026-09-07T05:53:00+02:00,2026-09-07T05:53:15+02:00,2026-09-07T05:53:15+02:00,15.0,1,Stabekk,VYG:Line:L2,Stabekk-Oslo S-Ski,L2,rail,VYG:ServiceJourney:2708-SKI_443914-R,True,actual,False,,,,,2026-09-07T08:42:24.659182+02:00
NSR:StopPlace:58870,Holmestrand stasjon,2026-09-07T06:15:00+02:00,2026-09-07T06:15:15+02:00,2026-09-07T06:15:15+02:00,15.0,1,Horten-Tønsberg,VKT:Line:2,Tjøme-Tønsberg-Horten-Holmestr,2,bus,VKT:ServiceJourney:15809,True,actual,False,Forsinkelser Linje 2 og 411,Pga. veiarbeid i Horten sentrum vil det kunne oppstå forsinkelser på busser i tidsrommet 3.-11. september. ,incident,normal,2026-09-07T08:42:24.659182+02:00
NSR:StopPlace:58892,Audnedal stasjon,2026-09-07T06:35:00+02:00,2026-09-07T06:35:15+02:00,2026-09-07T06:35:15+02:00,15.0,1,Håland korr. Evje,AKT:Line:201,Mandal-Vigeland-Audnedal,201,bus,AKT:ServiceJourney:65106_11_19_47400_49020_1072015,True,actual,False,,,,,2026-09-07T08:42:24.659182+02:00
NSR:StopPlace:58803,Tomter stasjon,2026-09-07T06:55:00+02:00,2026-09-07T06:55:15+02:00,2026-09-07T06:55:15+02:00,15.0,1,Oslo S,VYG:Line:R22,Skøyen-Oslo S-Mysen-Rakkestad,R22,rail,VYG:ServiceJourney:1952_443498-R,True,actual,False,,,,,2026-09-07T08:42:24.659182+02:00
NSR:StopPlace:58808,Kongsvinger stasjon,2026-09-07T06:04:00+02:00,2026-09-07T06:04:15+02:00,2026-09-07T06:04:15+02:00,15.0,1,Asker,VYG:Line:R14,Asker-Oslo S-Kongsvinger,R14,rail,VYG:ServiceJourney:1052-KVG_442956-R,True,actual,False,,,,,2026-09-07T08:42:24.659182+02:00
NSR:StopPlace:58819,Grua stasjon,2026-09-07T05:52:00+02:00,2026-09-07T05:52:15+02:00,2026-09-07T05:52:15+02:00,15.0,1,Oslo S,VYG:Line:R31,Skøyen-Jaren-Gjøvik,R31,rail,VYG:ServiceJourney:BUS-242_655543-R,True,actual,False,,,,,2026-09-07T08:42:24.659182+02:00
NSR:StopPlace:58211,Oslo lufthavn,2026-09-07T05:54:00+02:00,2026-09-07T05:54:15+02:00,2026-09-07T05:54:15+02:00,15.0,1,Kopperud,RUT:Line:420,Maura -  Jessheim,420,bus,RUT:ServiceJourney:688f03310c1c34203b8c20f79f3f8546,True,actual,False,,,,,2026-09-07T08:42:24.659182+02:00
NSR:StopPlace:313,Høybråten stasjon,2026-09-07T06:38:00+02:00,2026-09-07T06:38:15+02:00,2026-09-07T06:38:15+02:00,15.0,1,Asker,VYG:Line:L1,Spikkestad-Oslo S-Lillestrøm,L1,rail,VYG:ServiceJourney:2107_443511-R,True,actual,False,,,,,2026-09-07T08:42:24.659182+02:00
NSR:StopPlace:420,Lillehammer stasjon,2026-09-07T05:31:00+02:00,2026-09-07T05:31:15+02:00,2026-09-07T05:31:15+02:00,15.0,1,Drammen,VYG:Line:RE10,Drammen-Oslo S-Lillehammer,RE10,rail,VYG:ServiceJourney:304-HHS_487829-R,True,actual,False,,,,,2026-09-07T08:42:24.659182+02:00
NSR:StopPlace:62094,Lindeberg stasjon,2026-09-07T05:48:00+02:00,2026-09-07T05:48:15+02:00,2026-09-07T05:48:15+02:00,15.0,1,Drammen,VYG:Line:R13,Drammen-Oslo S-Dal,R13,rail,VYG:ServiceJourney:1604_443221-R,True,actual,False,,,,,2026-09-07T08:42:24.659182+02:00
NSR:StopPlace:62309,Ljan stasjon,2026-09-07T05:35:00+02:00,2026-09-07T05:35:15+02:00,2026-09-07T05:35:15+02:00,15.0,1,Stabekk,VYG:Line:L2,Stabekk-Oslo S-Ski,L2,rail,VYG:ServiceJourney:2706-SKI_443912-R,True,actual,False,,,,,2026-09-07T08:42:24.659182+02:00
NSR:StopPlace:62339,Lillestrøm stasjon,2026-09-07T07:25:00+02:00,2026-09-07T07:25:15+02:00,2026-09-07T07:25:15+02:00,15.0,1,Dal,VYG:Line:R13,Drammen-Oslo S-Dal,R13,rail,VYG:ServiceJourney:1609_443226-R,True,actual,False,Heis i spor 1 og 2 er ute av bruk på grunn av vedlikehold.,Heis i spor 1 og 2 er ute av bruk på grunn av vedlikehold.,general,normal,2026-09-07T08:42:24.659182+02:00
NSR:StopPlace:60736,Spikkestad stasjon,2026-09-07T23:16:00+02:00,2026-09-07T23:16:14+02:00,2026-09-07T23:16:14+02:00,14.0,1,Lillestrøm,VYG:Line:L1,Spikkestad-Oslo S-Lillestrøm,L1,rail,VYG:ServiceJourney:2278_445378-R,True,actual,False,,,,,2026-09-08T00:20:52.129880+02:00
NSR:StopPlace:59983,Bergen stasjon,2026-09-07T22:57:00+02:00,2026-09-07T22:57:14+02:00,2026-09-07T22:57:14+02:00,14.0,1,Arna,VYG:Line:L4,Bergen-Arna,L4,rail,VYG:ServiceJourney:2672_443887-R,True,actual,False,,,,,2026-09-08T00:20:52.129880+02:00
NSR:StopPlace:59616,Asker stasjon,2026-09-07T21:34:00+02:00,2026-09-07T21:34:14+02:00,2026-09-07T21:34:14+02:00,14.0,1,Oslo Lufthavn,FLT:Line:FLY1,FLY1,FLY1,rail,FLT:ServiceJourney:1-2614-3805-20260907,True,actual,False,,,,,2026-09-08T00:20:52.129880+02:00
NSR:StopPlace:59638,Myrvoll stasjon,2026-09-07T23:06:00+02:00,2026-09-07T23:06:14+02:00,2026-09-07T23:06:14+02:00,14.0,1,Skøyen,VYG:Line:L2,Stabekk-Oslo S-Ski,L2,rail,VYG:ServiceJourney:2876-SKI_488402-R,True,actual,False,,,,,2026-09-08T00:20:52.129880+02:00
NSR:StopPlace:58950,Åsen stasjon,2026-09-07T22:22:00+02:00,2026-09-07T22:22:14+02:00,2026-09-07T22:22:14+02:00,14.0,1,Steinkjer,SJN:Line:26,Trønderbanen,R70,rail,SJN:ServiceJourney:453_56082-R,True,actual,False,,,,,2026-09-08T00:20:52.129880+02:00
NSR:StopPlace:58796,Moss stasjon,2026-09-07T21:24:00+02:00,2026-09-07T21:24:14+02:00,2026-09-07T21:24:14+02:00,14.0,1,Stabekk,VYG:Line:R21,Stabekk-Oslo S-Moss,R21,rail,VYG:ServiceJourney:1170-MOS_443066-R,True,actual,False,,,,,2026-09-08T00:20:52.129880+02:00
NSR:StopPlace:58838,Røyken stasjon,2026-09-07T23:08:00+02:00,2026-09-07T23:08:14+02:00,2026-09-07T23:08:14+02:00,14.0,1,Sætre,RUT:Line:261,Drammen - Lahell - Røyken - Sætre,261,bus,RUT:ServiceJourney:c6008ae25f76957bc453b03869a9370f,True,actual,False,Fra 17/8 går linje 61-63-71-73-251-261 og skolebusser fra holdeplass ved Skutebrygga ut av byen.Les mer på brakar.no/trafikkmeldinger.,,general,normal,2026-09-08T00:20:52.129880+02:00
NSR:StopPlace:58857,Lørenskog stasjon,2026-09-07T23:13:00+02:00,2026-09-07T23:13:14+02:00,2026-09-07T23:13:14+02:00,14.0,1,Stovner,RUT:Line:120,Nesåsen - Stovner,120,bus,RUT:ServiceJourney:e137a8a2c43b76c191e200845200ecef,True,actual,False,,,,,2026-09-08T00:20:52.129880+02:00
NSR:StopPlace:62308,Alna stasjon,2026-09-08T00:18:00+02:00,2026-09-08T00:18:14+02:00,2026-09-08T00:18:14+02:00,14.0,1,Lillestrøm,VYG:Line:L1,Spikkestad-Oslo S-Lillestrøm,L1,rail,VYG:ServiceJourney:2278_445378-R,True,actual,False,,,,,2026-09-08T00:20:52.129880+02:00
NSR:StopPlace:61466,Vakås stasjon,2026-09-07T16:52:00+02:00,2026-09-07T16:52:14+02:00,2026-09-07T16:52:14+02:00,14.0,1,Lillestrøm,VYG:Line:L1,Spikkestad-Oslo S-Lillestrøm,L1,rail,VYG:ServiceJourney:2150_443559-R,True,actual,False,,,,,2026-09-07T20:27:16.249662+02:00
NSR:StopPlace:61387,Skogn stasjon,2026-09-07T19:21:00+02:00,2026-09-07T19:21:14+02:00,2026-09-07T19:21:14+02:00,14.0,1,Lundamo,SJN:Line:26,Trønderbanen,R70,rail,SJN:ServiceJourney:448_56077-R,True,actual,False,,,,,2026-09-07T20:27:16.249662+02:00
NSR:StopPlace:59647,Dal stasjon,2026-09-07T18:54:00+02:00,2026-09-07T18:54:14+02:00,2026-09-07T18:54:14+02:00,14.0,1,Drammen,VYG:Line:R13,Drammen-Oslo S-Dal,R13,rail,VYG:ServiceJourney:1658_443339-R,True,actual,False,,,,,2026-09-07T20:27:16.249662+02:00
NSR:StopPlace:59652,Tøyen stasjon,2026-09-07T17:54:00+02:00,2026-09-07T17:54:14+02:00,2026-09-07T17:54:14+02:00,14.0,1,Tonsenhagen,RUT:Line:60,Vippetangen-Tonsenhagen,60,bus,RUT:ServiceJourney:9c1a156b16632f24b40b8c2d19c31b90,True,actual,False,,,,,2026-09-07T20:27:16.249662+02:00
NSR:StopPlace:59952,Drammen stasjon,2026-09-07T20:02:00+02:00,2026-09-07T20:02:14+02:00,2026-09-07T20:02:14+02:00,14.0,1,Oslo Lufthavn,FLT:Line:FLY1,FLY1,FLY1,rail,FLT:ServiceJourney:1-2614-3797-20260907,True,actual,False,,,,,2026-09-07T20:27:16.249662+02:00
NSR:StopPlace:59983,Bergen stasjon,2026-09-07T19:12:00+02:00,2026-09-07T19:12:14+02:00,2026-09-07T19:12:14+02:00,14.0,1,Arna,VYG:Line:L4,Bergen-Arna,L4,rail,VYG:ServiceJourney:2556_443815-R,True,actual,False,,,,,2026-09-07T20:27:16.249662+02:00
NSR:StopPlace:59637,Rosenholm stasjon,2026-09-07T18:13:00+02:00,2026-09-07T18:13:14+02:00,2026-09-07T18:13:14+02:00,14.0,1,Skøyen,VYG:Line:L2,Stabekk-Oslo S-Ski,L2,rail,VYG:ServiceJourney:2856-SKI_488390-R,True,actual,False,,,,,2026-09-07T20:27:16.249662+02:00
NSR:StopPlace:58836,Mjøndalen stasjon,2026-09-07T19:19:00+02:00,2026-09-07T19:19:14+02:00,2026-09-07T19:19:14+02:00,14.0,1,Hokksund,BRA:Line:4_6101,Drammen-Vikersund/Hønefoss,101,bus,BRA:ServiceJourney:6101_260415100161220_1049,True,actual,False,,,,,2026-09-07T20:27:16.249662+02:00
NSR:StopPlace:58848,Haga stasjon,2026-09-07T17:45:00+02:00,2026-09-07T17:45:14+02:00,2026-09-07T17:45:14+02:00,14.0,1,Kongsvinger,VYG:Line:R14,Asker-Oslo S-Kongsvinger,R14,rail,VYG:ServiceJourney:1025_442935-R,True,actual,False,,,,,2026-09-07T20:27:16.249662+02:00
NSR:StopPlace:58850,Hauerseter stasjon,2026-09-07T19:00:00+02:00,2026-09-07T19:00:14+02:00,2026-09-07T19:00:14+02:00,14.0,1,Dal,VYG:Line:R13,Drammen-Oslo S-Dal,R13,rail,VYG:ServiceJourney:1653_443327-R,True,actual,False,,,,,2026-09-07T20:27:16.249662+02:00
NSR:StopPlace:58851,Heggedal stasjon,2026-09-07T18:25:00+02:00,2026-09-07T18:25:14+02:00,2026-09-07T18:25:14+02:00,14.0,1,Spikkestad,VYG:Line:L1,Spikkestad-Oslo S-Lillestrøm,L1,rail,VYG:ServiceJourney:2251_443671-R,True,actual,False,,,,,2026-09-07T20:27:16.249662+02:00
NSR:StopPlace:58866,Vevelstad stasjon,2026-09-07T18:21:00+02:00,2026-09-07T18:21:14+02:00,2026-09-07T18:21:14+02:00,14.0,1,Drøbak - Seiersten,RUT:Line:510,Bøleråsen - Ski - Ås - Drøbak,510,bus,RUT:ServiceJourney:ed1443eb091cb5798b7312b1af3d56d5,True,actual,False,,,,,2026-09-07T20:27:16.249662+02:00
NSR:StopPlace:58866,Vevelstad stasjon,2026-09-07T19:06:00+02:00,2026-09-07T19:06:14+02:00,2026-09-07T19:06:14+02:00,14.0,1,Drøbak - Frogn vgs.,RUT:Line:510,Bøleråsen - Ski - Ås - Drøbak,510,bus,RUT:ServiceJourney:a2dad3fe83476779ddd61bbcc08ebcaa,True,actual,False,,,,,2026-09-07T20:27:16.249662+02:00
NSR:StopPlace:101,Sagdalen stasjon,2026-09-07T18:13:00+02:00,2026-09-07T18:13:14+02:00,2026-09-07T18:13:14+02:00,14.0,1,Spikkestad,VYG:Line:L1,Spikkestad-Oslo S-Lillestrøm,L1,rail,VYG:ServiceJourney:2255_443677-R,True,actual,False,,,,,2026-09-07T20:27:16.249662+02:00
NSR:StopPlace:101,Sagdalen stasjon,2026-09-07T18:43:00+02:00,2026-09-07T18:43:14+02:00,2026-09-07T18:43:14+02:00,14.0,1,Spikkestad,VYG:Line:L1,Spikkestad-Oslo S-Lillestrøm,L1,rail,VYG:ServiceJourney:2257_443680-R,True,actual,False,,,,,2026-09-07T20:27:16.249662+02:00
NSR:StopPlace:708,Stange stasjon,2026-09-07T17:34:00+02:00,2026-09-07T17:34:14+02:00,2026-09-07T17:34:14+02:00,14.0,1,Lillehammer,VYG:Line:RE10,Drammen-Oslo S-Lillehammer,RE10,rail,VYG:ServiceJourney:325-SUD_444215-R,True,actual,False,,,,,2026-09-07T20:27:16.249662+02:00
NSR:StopPlace:62309,Ljan stasjon,2026-09-07T20:20:00+02:00,2026-09-07T20:20:14+02:00,2026-09-07T20:20:14+02:00,14.0,1,Skøyen,VYG:Line:L2,Stabekk-Oslo S-Ski,L2,rail,VYG:ServiceJourney:2864-SKI_488396-R,True,actual,False,,,,,2026-09-07T20:27:16.249662+02:00
NSR:StopPlace:62308,Alna stasjon,2026-09-07T17:33:00+02:00,2026-09-07T17:33:14+02:00,2026-09-07T17:33:14+02:00,14.0,1,Lillestrøm,VYG:Line:L1,Spikkestad-Oslo S-Lillestrøm,L1,rail,VYG:ServiceJourney:2150_443559-R,True,actual,False,,,,,2026-09-07T20:27:16.249662+02:00
NSR:StopPlace:62341,Tangen stasjon,2026-09-07T18:31:00+02:00,2026-09-07T18:31:14+02:00,2026-09-07T18:31:14+02:00,14.0,1,Lillehammer,VYG:Line:RE10,Drammen-Oslo S-Lillehammer,RE10,rail,VYG:ServiceJourney:327-SUD_444222-R,True,actual,False,,,,,2026-09-07T20:27:16.249662+02:00
NSR:StopPlace:59647,Dal stasjon,2026-09-07T13:24:00+02:00,2026-09-07T13:24:14+02:00,2026-09-07T13:24:14+02:00,14.0,1,Drammen,VYG:Line:R13,Drammen-Oslo S-Dal,R13,rail,VYG:ServiceJourney:1636_443290-R,True,actual,False,,,,,2026-09-07T15:44:36.205822+02:00
NSR:StopPlace:59952,Drammen stasjon,2026-09-07T15:02:00+02:00,2026-09-07T15:02:14+02:00,2026-09-07T15:02:14+02:00,14.0,1,Oslo Lufthavn,FLT:Line:FLY1,FLY1,FLY1,rail,FLT:ServiceJourney:1-2614-3767-20260907,True,actual,False,,,,,2026-09-07T15:44:36.205822+02:00
NSR:StopPlace:59983,Bergen stasjon,2026-09-07T12:09:00+02:00,2026-09-07T12:09:14+02:00,2026-09-07T12:09:14+02:00,14.0,1,Myrdal,VYG:Line:R40,Bergen-Voss-Myrdal-Ål,R40,rail,VYG:ServiceJourney:1816_465749-R,True,actual,False,,,,,2026-09-07T15:44:36.205822+02:00
NSR:StopPlace:59243,Mo i Rana stasjon,2026-09-07T15:21:00+02:00,2026-09-07T15:21:14+02:00,2026-09-07T15:21:14+02:00,14.0,1,Hemnesberget,NOR:Line:12_3721,Mo i Rana - Korgen- Mosjøen,200,bus,NOR:ServiceJourney:3721_251022109772994_1006,True,actual,False,,,,,2026-09-07T15:44:36.205822+02:00
NSR:StopPlace:59637,Rosenholm stasjon,2026-09-07T14:43:00+02:00,2026-09-07T14:43:14+02:00,2026-09-07T14:43:14+02:00,14.0,1,Lysaker,VYG:Line:L2,Stabekk-Oslo S-Ski,L2,rail,VYG:ServiceJourney:2842-SKI_444074-R,True,actual,False,Færre vogner,Denne avgangen kjører dessverre med 3 vogner i stedet for 6 vogner. Dette skyldes at vi mangler et togsett.,general,normal,2026-09-07T15:44:36.205822+02:00
NSR:StopPlace:58947,Steinkjer stasjon,2026-09-07T14:33:00+02:00,2026-09-07T14:33:14+02:00,2026-09-07T14:33:14+02:00,14.0,1,Namsos skysstasjon,ATB:Line:2_680,Levanger - Steinkjer - Namsos,680,bus,ATB:ServiceJourney:680_260106098642326_20,True,actual,False,,,,,2026-09-07T15:44:36.205822+02:00
NSR:StopPlace:58797,Mysen stasjon,2026-09-07T13:10:00+02:00,2026-09-07T13:10:14+02:00,2026-09-07T13:10:14+02:00,14.0,1,Rakkestad-Sarpsborg,OST:Line:1_640,Sarpsborg-Askim-Mysen,640,bus,OST:ServiceJourney:640_260325121473120_17,True,actual,False,,,,,2026-09-07T15:44:36.205822+02:00
NSR:StopPlace:58794,Fredrikstad stasjon,2026-09-07T14:39:00+02:00,2026-09-07T14:39:14+02:00,2026-09-07T14:39:14+02:00,14.0,1,Østgårdfeltet,OST:Line:1_185,Cicignon ungdomsskole,185,bus,OST:ServiceJourney:185_260325121471040_2,True,actual,False,,,,,2026-09-07T15:44:36.205822+02:00
NSR:StopPlace:58884,Skien stasjon,2026-09-07T13:09:00+02:00,2026-09-07T13:09:14+02:00,2026-09-07T13:09:14+02:00,14.0,1,Eidsvoll,VYG:Line:RE11,Eidsvoll-Oslo S-Skien,RE11,rail,VYG:ServiceJourney:820_444400-R,True,actual,False,,,,,2026-09-07T15:44:36.205822+02:00
NSR:StopPlace:58824,Lunner stasjon,2026-09-07T14:50:00+02:00,2026-09-07T14:50:14+02:00,2026-09-07T14:50:14+02:00,14.0,1,Lunner rådhus,INN:Line:451,Gran-Lunner-Grindvoll-Jevnaker,451,bus,INN:ServiceJourney:71520,True,actual,False,,,,,2026-09-07T15:44:36.205822+02:00
NSR:StopPlace:398,Arna stasjon,2026-09-07T12:17:00+02:00,2026-09-07T12:17:14+02:00,2026-09-07T12:17:14+02:00,14.0,1,Myrdal,VYG:Line:R40,Bergen-Voss-Myrdal-Ål,R40,rail,VYG:ServiceJourney:1816_465749-R,True,actual,False,,,,,2026-09-07T15:44:36.205822+02:00
NSR:StopPlace:362,Jåttåvågen stasjon,2026-09-07T12:41:00+02:00,2026-09-07T12:41:14+02:00,2026-09-07T12:41:14+02:00,14.0,1,Oslo S,GOA:Line:50,Sørtoget region,F5,rail,GOA:ServiceJourney:712-STV_63979-R,True,actual,False,,,,,2026-09-07T15:44:36.205822+02:00
NSR:StopPlace:362,Jåttåvågen stasjon,2026-09-07T15:36:00+02:00,2026-09-07T15:36:14+02:00,2026-09-07T15:36:14+02:00,14.0,1,Stavanger,GOA:Line:59,Jærbanen,L5,rail,GOA:ServiceJourney:3143_63188-R,True,actual,False,,,,,2026-09-07T15:44:36.205822+02:00
NSR:StopPlace:702,Sandnes sentrum stasjon,2026-09-07T15:10:00+02:00,2026-09-07T15:10:14+02:00,2026-09-07T15:10:14+02:00,14.0,1,Egersund,GOA:Line:59,Jærbanen,L5,rail,GOA:ServiceJourney:3044_63087-R,True,actual,False,,,,,2026-09-07T15:44:36.205822+02:00
NSR:StopPlace:61291,Stavanger stasjon,2026-09-07T06:45:00+02:00,2026-09-07T06:45:14+02:00,2026-09-07T06:45:14+02:00,14.0,1,Egersund,GOA:Line:59,Jærbanen,L5,rail,GOA:ServiceJourney:3012_63044-R,True,actual,False,,,,,2026-09-07T08:42:24.659182+02:00
NSR:StopPlace:61169,Marienborg stasjon,2026-09-07T07:33:00+02:00,2026-09-07T07:33:14+02:00,2026-09-07T07:33:14+02:00,14.0,1,Havstad,ATB:Line:2_13,Østmarka - Strindheim - Lerkendal - Havstad,13,bus,ATB:ServiceJourney:13_251215112552589_16,True,actual,False,,,,,2026-09-07T08:42:24.659182+02:00
NSR:StopPlace:59647,Dal stasjon,2026-09-07T05:54:00+02:00,2026-09-07T05:54:14+02:00,2026-09-07T05:54:14+02:00,14.0,1,Drammen,VYG:Line:R13,Drammen-Oslo S-Dal,R13,rail,VYG:ServiceJourney:1606_443223-R,True,actual,False,Færre vogner,Denne avgangen kjører dessverre med 5 vogner i stedet for 10 vogner. Dette skyldes at vi mangler et togsett.,general,normal,2026-09-07T08:42:24.659182+02:00
NSR:StopPlace:59647,Dal stasjon,2026-09-07T06:24:00+02:00,2026-09-07T06:24:14+02:00,2026-09-07T06:24:14+02:00,14.0,1,Drammen,VYG:Line:R13,Drammen-Oslo S-Dal,R13,rail,VYG:ServiceJourney:1608_443225-R,True,actual,False,,,,,2026-09-07T08:42:24.659182+02:00
NSR:StopPlace:59642,Rånåsfoss stasjon,2026-09-07T08:30:00+02:00,2026-09-07T08:30:14+02:00,2026-09-07T08:30:14+02:00,14.0,1,Årnes,RUT:Line:455,Årnes -Rånåsfoss,455,bus,RUT:ServiceJourney:21712f72f802b9a3b631e5869e2987c6,True,actual,False,,,,,2026-09-07T08:42:24.659182+02:00
NSR:StopPlace:59952,Drammen stasjon,2026-09-07T06:57:00+02:00,2026-09-07T06:57:14+02:00,2026-09-07T06:57:14+02:00,14.0,1,Lillehammer,VYG:Line:RE10,Drammen-Oslo S-Lillehammer,RE10,rail,VYG:ServiceJourney:307-SUD_444139-R,True,actual,False,,,,,2026-09-07T08:42:24.659182+02:00
NSR:StopPlace:59958,Voss stasjon,2026-09-07T08:35:00+02:00,2026-09-07T08:35:14+02:00,2026-09-07T08:35:14+02:00,14.0,1,Brynalii-Palmafossen,SKY:Line:951,Voss - Dalsleitet - Bjørgemarki - Voss,951,bus,SKY:ServiceJourney:951-205165-18016679,True,actual,False,,,,,2026-09-07T08:42:24.659182+02:00
NSR:StopPlace:59983,Bergen stasjon,2026-09-07T06:19:00+02:00,2026-09-07T06:19:14+02:00,2026-09-07T06:19:14+02:00,14.0,1,Oslo S,VYG:Line:F4,Oslo S-Bergen,F4,rail,VYG:ServiceJourney:60-BRG_444351-R,True,actual,False,,,,,2026-09-07T08:42:24.659182+02:00
NSR:StopPlace:59616,Asker stasjon,2026-09-07T05:39:00+02:00,2026-09-07T05:39:14+02:00,2026-09-07T05:39:14+02:00,14.0,1,Kongsvinger,VYG:Line:R14,Asker-Oslo S-Kongsvinger,R14,rail,VYG:ServiceJourney:1003_442908-R,True,actual,False,,,,,2026-09-07T08:42:24.659182+02:00
NSR:StopPlace:58963,Jessheim stasjon,2026-09-07T08:02:00+02:00,2026-09-07T08:02:14+02:00,2026-09-07T08:02:14+02:00,14.0,1,Hvam,RUT:Line:450,Årnes - Oslo lufthavn,450,bus,RUT:ServiceJourney:506a55b1a55c2c956851651aeab77793,True,actual,False,,,,,2026-09-07T08:42:24.659182+02:00
NSR:StopPlace:58924,Bryne stasjon,2026-09-07T07:07:00+02:00,2026-09-07T07:07:14+02:00,2026-09-07T07:07:14+02:00,14.0,1,Oslo S,GOA:Line:50,Sørtoget region,F5,rail,GOA:ServiceJourney:706-KVB_63227-R,True,actual,False,,,,,2026-09-07T08:42:24.659182+02:00
NSR:StopPlace:58799,Rygge stasjon,2026-09-07T05:59:00+02:00,2026-09-07T05:59:14+02:00,2026-09-07T05:59:14+02:00,14.0,1,Oslo S,VYG:Line:RE20,Oslo S-Halden-Göteborg (X-Border),RE20,rail,VYG:ServiceJourney:104_442952-R,True,actual,False,,,,,2026-09-07T08:42:24.659182+02:00
NSR:StopPlace:58793,Askim stasjon,2026-09-07T06:05:00+02:00,2026-09-07T06:05:14+02:00,2026-09-07T06:05:14+02:00,14.0,1,Mysen,OST:Line:1_411,Askim-Mysen,411,bus,OST:ServiceJourney:411_260325121475502_1,True,actual,False,,,,,2026-09-07T08:42:24.659182+02:00
NSR:StopPlace:58834,Hokksund stasjon,2026-09-07T05:59:00+02:00,2026-09-07T05:59:14+02:00,2026-09-07T05:59:14+02:00,14.0,1,Eidsvoll,VYG:Line:R12,Kongsberg-Oslo S-Eidsvoll,R12,rail,VYG:ServiceJourney:504_444296-R,True,actual,False,,,,,2026-09-07T08:42:24.659182+02:00
NSR:StopPlace:58853,Kolbotn stasjon,2026-09-07T07:26:00+02:00,2026-09-07T07:26:14+02:00,2026-09-07T07:26:14+02:00,14.0,1,Hauketo stasjon,RUT:Line:87,Hauketo stasjon - Kolbotn,87,bus,RUT:ServiceJourney:ecc3f69973940f6e3ff5f7d1ffe2c6e9,True,actual,False,,,,,2026-09-07T08:42:24.659182+02:00
NSR:StopPlace:58856,Lysaker stasjon,2026-09-07T06:02:00+02:00,2026-09-07T06:02:14+02:00,2026-09-07T06:02:14+02:00,14.0,1,Tonsenhagen,RUT:Line:31,Snarøya - Fornebu - Tonsenhagen - Grorud,31,bus,RUT:ServiceJourney:a7398ab80ff79f4bb8bf7f7492ee85ee,True,actual,False,,,,,2026-09-07T08:42:24.659182+02:00
NSR:StopPlace:58857,Lørenskog stasjon,2026-09-07T07:13:00+02:00,2026-09-07T07:13:14+02:00,2026-09-07T07:13:14+02:00,14.0,1,Økern,RUT:Line:67,Økern-Lørenskog sentrum,67,bus,RUT:ServiceJourney:67e68d8e7790617c33be98f7dd8d586c,True,actual,False,,,,,2026-09-07T08:42:24.659182+02:00
NSR:StopPlace:58872,Sandefjord stasjon,2026-09-07T07:47:00+02:00,2026-09-07T07:47:14+02:00,2026-09-07T07:47:14+02:00,14.0,1,Eidsvoll,VYG:Line:RE11,Eidsvoll-Oslo S-Skien,RE11,rail,VYG:ServiceJourney:808_444388-R,True,actual,False,,,,,2026-09-07T08:42:24.659182+02:00
NSR:StopPlace:58810,Løten stasjon,2026-09-07T08:21:00+02:00,2026-09-07T08:21:14+02:00,2026-09-07T08:21:14+02:00,14.0,1,Løten,INN:Line:694,Løten - Skogbygda,694,bus,INN:ServiceJourney:84928,True,actual,False,,,,,2026-09-07T08:42:24.659182+02:00
NSR:StopPlace:58823,Jaren stasjon,2026-09-07T06:20:00+02:00,2026-09-07T06:20:14+02:00,2026-09-07T06:20:14+02:00,14.0,1,Roa,VYG:Line:RE30,Oslo S-Gjøvik,RE30,rail,VYG:ServiceJourney:1204-GJOe_589110-R,True,actual,False,,,,,2026-09-07T08:42:24.659182+02:00
NSR:StopPlace:58825,Raufoss stasjon,2026-09-07T07:12:00+02:00,2026-09-07T07:12:14+02:00,2026-09-07T07:12:14+02:00,14.0,1,Lena o/Raufoss-Åsmarka,INN:Line:442,Kapp-Landh.-Rauf.-Eriksr.-Lena,442,bus,INN:ServiceJourney:78189,True,actual,False,,,,,2026-09-07T08:42:24.659182+02:00
NSR:StopPlace:101,Sagdalen stasjon,2026-09-07T07:13:00+02:00,2026-09-07T07:13:14+02:00,2026-09-07T07:13:14+02:00,14.0,1,Spikkestad,VYG:Line:L1,Spikkestad-Oslo S-Lillestrøm,L1,rail,VYG:ServiceJourney:2211_443602-R,True,actual,False,,,,,2026-09-07T08:42:24.659182+02:00
NSR:StopPlace:144,Skansen stasjon,2026-09-07T08:11:00+02:00,2026-09-07T08:11:14+02:00,2026-09-07T08:11:14+02:00,14.0,1,Steinkjer,SJN:Line:26,Trønderbanen,R70,rail,SJN:ServiceJourney:427_56056-R,True,actual,False,,,,,2026-09-07T08:42:24.659182+02:00
NSR:StopPlace:702,Sandnes sentrum stasjon,2026-09-07T05:51:00+02:00,2026-09-07T05:51:14+02:00,2026-09-07T05:51:14+02:00,14.0,1,Stavanger,GOA:Line:59,Jærbanen,L5,rail,GOA:ServiceJourney:3105_63150-R,True,actual,False,,,,,2026-09-07T08:42:24.659182+02:00
NSR:StopPlace:62310,Brusand stasjon,2026-09-07T08:34:00+02:00,2026-09-07T08:34:14+02:00,2026-09-07T08:34:14+02:00,14.0,1,Stavanger,GOA:Line:59,Jærbanen,L5,rail,GOA:ServiceJourney:3017_63049-R,True,actual,False,,,,,2026-09-07T08:42:24.659182+02:00
NSR:StopPlace:62339,Lillestrøm stasjon,2026-09-07T06:36:00+02:00,2026-09-07T06:36:14+02:00,2026-09-07T06:36:14+02:00,14.0,1,Drammen,VYG:Line:R13,Drammen-Oslo S-Dal,R13,rail,VYG:ServiceJourney:1606_443223-R,True,actual,False,Heis i spor 1 og 2 er ute av bruk på grunn av vedlikehold. | Færre vogner,Heis i spor 1 og 2 er ute av bruk på grunn av vedlikehold. | Denne avgangen kjører dessverre med 5 vogner i stedet for 10 vogner. Dette skyldes at vi mangler et togsett.,general | general,normal | normal,2026-09-07T08:42:24.659182+02:00
NSR:StopPlace:62339,Lillestrøm stasjon,2026-09-07T07:10:00+02:00,2026-09-07T07:10:14+02:00,2026-09-07T07:10:14+02:00,14.0,1,Spikkestad,VYG:Line:L1,Spikkestad-Oslo S-Lillestrøm,L1,rail,VYG:ServiceJourney:2211_443602-R,True,actual,False,Heis i spor 1 og 2 er ute av bruk på grunn av vedlikehold.,Heis i spor 1 og 2 er ute av bruk på grunn av vedlikehold.,general,normal,2026-09-07T08:42:24.659182+02:00
NSR:StopPlace:58856,Lysaker stasjon,2026-09-08T00:11:00+02:00,2026-09-08T00:11:13+02:00,2026-09-08T00:11:13+02:00,13.0,1,Eidsvoll,VYG:Line:RE11,Eidsvoll-Oslo S-Skien,RE11,rail,VYG:ServiceJourney:838-341_515579-R,True,actual,False,,,,,2026-09-08T03:39:50.209703+02:00
NSR:StopPlace:58800,Råde stasjon,2026-09-08T01:17:00+02:00,2026-09-08T01:17:13+02:00,2026-09-08T01:17:13+02:00,13.0,1,Halden,VYG:Line:RE20,Oslo S-Halden-Göteborg (X-Border),RE20,rail,VYG:ServiceJourney:139_443138-R,True,actual,False,,,,,2026-09-08T03:39:50.209703+02:00
NSR:StopPlace:61466,Vakås stasjon,2026-09-07T22:57:00+02:00,2026-09-07T22:57:13+02:00,2026-09-07T22:57:13+02:00,13.0,1,Asker,VYG:Line:L1,Spikkestad-Oslo S-Lillestrøm,L1,rail,VYG:ServiceJourney:2169_443579-R,True,actual,False,,,,,2026-09-08T00:20:52.129880+02:00
NSR:StopPlace:61463,Nordstrand stasjon,2026-09-07T23:07:00+02:00,2026-09-07T23:07:13+02:00,2026-09-07T23:07:13+02:00,13.0,1,Ski,VYG:Line:L2,Stabekk-Oslo S-Ski,L2,rail,VYG:ServiceJourney:2871-BES_488399-R,True,actual,False,,,,,2026-09-08T00:20:52.129880+02:00
NSR:StopPlace:59646,Høvik stasjon,2026-09-07T21:37:00+02:00,2026-09-07T21:37:13+02:00,2026-09-07T21:37:13+02:00,13.0,1,Lillestrøm,VYG:Line:L1,Spikkestad-Oslo S-Lillestrøm,L1,rail,VYG:ServiceJourney:2168_443578-R,True,actual,False,,,,,2026-09-08T00:20:52.129880+02:00
NSR:StopPlace:59654,Stabekk stasjon,2026-09-07T22:10:00+02:00,2026-09-07T22:10:13+02:00,2026-09-07T22:10:13+02:00,13.0,1,Lillestrøm,VYG:Line:L1,Spikkestad-Oslo S-Lillestrøm,L1,rail,VYG:ServiceJourney:2170_443581-R,True,actual,False,,,,,2026-09-08T00:20:52.129880+02:00
NSR:StopPlace:59952,Drammen stasjon,2026-09-07T21:05:00+02:00,2026-09-07T21:05:13+02:00,2026-09-07T21:05:13+02:00,13.0,1,Dal,VYG:Line:R13,Drammen-Oslo S-Dal,R13,rail,VYG:ServiceJourney:1667_443357-R,True,actual,False,,,,,2026-09-08T00:20:52.129880+02:00
NSR:StopPlace:59952,Drammen stasjon,2026-09-07T22:22:00+02:00,2026-09-07T22:22:13+02:00,2026-09-07T22:22:13+02:00,13.0,1,Oslo Lufthavn,FLT:Line:FLY1,FLY1,FLY1,rail,FLT:ServiceJourney:1-2614-3811-20260907,True,actual,False,,,,,2026-09-08T00:20:52.129880+02:00
NSR:StopPlace:60603,Kongsberg stasjon,2026-09-07T22:34:00+02:00,2026-09-07T22:34:13+02:00,2026-09-07T22:34:13+02:00,13.0,1,Eidsvoll,VYG:Line:R12,Kongsberg-Oslo S-Eidsvoll,R12,rail,VYG:ServiceJourney:538_444348-R,True,actual,False,,,,,2026-09-08T00:20:52.129880+02:00
NSR:StopPlace:58932,Hommelvik stasjon,2026-09-07T23:12:00+02:00,2026-09-07T23:12:13+02:00,2026-09-07T23:12:13+02:00,13.0,1,Støren,SJN:Line:26,Trønderbanen,R70,rail,SJN:ServiceJourney:454_56083-R,True,actual,False,,,,,2026-09-08T00:20:52.129880+02:00
NSR:StopPlace:58834,Hokksund stasjon,2026-09-07T22:17:00+02:00,2026-09-07T22:17:13+02:00,2026-09-07T22:17:13+02:00,13.0,1,Ormåsen,BRA:Line:4_6117,Hokksund - Ormåsen,117,bus,BRA:ServiceJourney:6117_260622052304008_1037,True,actual,False,,,,,2026-09-08T00:20:52.129880+02:00
NSR:StopPlace:58866,Vevelstad stasjon,2026-09-07T22:19:00+02:00,2026-09-07T22:19:13+02:00,2026-09-07T22:19:13+02:00,13.0,1,Bøleråsen,RUT:Line:510,Bøleråsen - Ski - Ås - Drøbak,510,bus,RUT:ServiceJourney:1675a5e75625ff8a6ca2e40d7f5a511d,True,actual,False,,,,,2026-09-08T00:20:52.129880+02:00
NSR:StopPlace:58813,Skarnes stasjon,2026-09-07T22:09:00+02:00,2026-09-07T22:09:13+02:00,2026-09-07T22:09:13+02:00,13.0,1,Kongsvinger,VYG:Line:R14,Asker-Oslo S-Kongsvinger,R14,rail,VYG:ServiceJourney:1033_442944-R,True,actual,False,Heis på Skarnes ute av drift,Heisen på Skarnes til spor 2 er ute av drift.,general,normal,2026-09-08T00:20:52.129880+02:00
NSR:StopPlace:398,Arna stasjon,2026-09-07T22:22:00+02:00,2026-09-07T22:22:13+02:00,2026-09-07T22:22:13+02:00,13.0,1,Bergen,VYG:Line:R40,Bergen-Voss-Myrdal-Ål,R40,rail,VYG:ServiceJourney:1837_443424-R,True,actual,False,,,,,2026-09-08T00:20:52.129880+02:00
NSR:StopPlace:206,Mariero stasjon,2026-09-07T23:01:00+02:00,2026-09-07T23:01:13+02:00,2026-09-07T23:01:13+02:00,13.0,1,Egersund,GOA:Line:59,Jærbanen,L5,rail,GOA:ServiceJourney:3076_63139-R,True,actual,False,,,,,2026-09-08T00:20:52.129880+02:00
NSR:StopPlace:610,Sandvika stasjon,2026-09-07T22:05:00+02:00,2026-09-07T22:05:13+02:00,2026-09-07T22:05:13+02:00,13.0,1,Eidsvoll,VYG:Line:RE11,Eidsvoll-Oslo S-Skien,RE11,rail,VYG:ServiceJourney:834_444414-R,True,actual,False,,,,,2026-09-08T00:20:52.129880+02:00
NSR:StopPlace:62339,Lillestrøm stasjon,2026-09-07T21:45:00+02:00,2026-09-07T21:45:13+02:00,2026-09-07T21:45:13+02:00,13.0,1,Lillehammer,VYG:Line:RE10,Drammen-Oslo S-Lillehammer,RE10,rail,VYG:ServiceJourney:335-SUD_486419-R,True,actual,False,Heis i spor 1 og 2 er ute av bruk på grunn av vedlikehold.,Heis i spor 1 og 2 er ute av bruk på grunn av vedlikehold.,general,normal,2026-09-08T00:20:52.129880+02:00
NSR:StopPlace:61463,Nordstrand stasjon,2026-09-07T18:22:00+02:00,2026-09-07T18:22:13+02:00,2026-09-07T18:22:13+02:00,13.0,1,Skøyen,VYG:Line:L2,Stabekk-Oslo S-Ski,L2,rail,VYG:ServiceJourney:2856-SKI_488390-R,True,actual,False,,,,,2026-09-07T20:27:16.249662+02:00
NSR:StopPlace:61463,Nordstrand stasjon,2026-09-07T19:52:00+02:00,2026-09-07T19:52:13+02:00,2026-09-07T19:52:13+02:00,13.0,1,Oslo S,VYG:Line:L2,Stabekk-Oslo S-Ski,L2,rail,VYG:ServiceJourney:2862_444105-R,True,actual,False,,,,,2026-09-07T20:27:16.249662+02:00
NSR:StopPlace:41,Hanaborg stasjon,2026-09-07T18:19:00+02:00,2026-09-07T18:19:13+02:00,2026-09-07T18:19:13+02:00,13.0,1,Spikkestad,VYG:Line:L1,Spikkestad-Oslo S-Lillestrøm,L1,rail,VYG:ServiceJourney:2255_443677-R,True,actual,False,,,,,2026-09-07T20:27:16.249662+02:00
NSR:StopPlace:59643,Grefsen stasjon,2026-09-07T17:16:00+02:00,2026-09-07T17:16:13+02:00,2026-09-07T17:16:13+02:00,13.0,1,Gaustadalléen,RUT:Line:18,Grefsen st [4311] - Rikshospitalet,18,tram,RUT:ServiceJourney:e6b46beb5e4ca2197cb173479bbc800a,True,actual,False,,,,,2026-09-07T20:27:16.249662+02:00
NSR:StopPlace:60736,Spikkestad stasjon,2026-09-07T17:16:00+02:00,2026-09-07T17:16:13+02:00,2026-09-07T17:16:13+02:00,13.0,1,Lillestrøm,VYG:Line:L1,Spikkestad-Oslo S-Lillestrøm,L1,rail,VYG:ServiceJourney:2254_443676-R,True,actual,False,,,,,2026-09-07T20:27:16.249662+02:00
NSR:StopPlace:59952,Drammen stasjon,2026-09-07T19:43:00+02:00,2026-09-07T19:43:13+02:00,2026-09-07T19:43:13+02:00,13.0,1,Kongsberg,VYG:Line:R12,Kongsberg-Oslo S-Eidsvoll,R12,rail,VYG:ServiceJourney:529_444336-R,True,actual,False,,,,,2026-09-07T20:27:16.249662+02:00
NSR:StopPlace:59952,Drammen stasjon,2026-09-07T20:22:00+02:00,2026-09-07T20:22:13+02:00,2026-09-07T20:22:13+02:00,13.0,1,Oslo Lufthavn,FLT:Line:FLY1,FLY1,FLY1,rail,FLT:ServiceJourney:1-2614-3799-20260907,True,actual,False,,,,,2026-09-07T20:27:16.249662+02:00
NSR:StopPlace:59957,Klepp stasjon,2026-09-07T19:57:00+02:00,2026-09-07T19:57:13+02:00,2026-09-07T19:57:13+02:00,13.0,1,Verdalen via Kleppekrossen,KOL:Line:8_2024,59,59,bus,KOL:ServiceJourney:2024_250903083241330_2036,True,actual,False,,,,,2026-09-07T20:27:16.249662+02:00
NSR:StopPlace:60016,Kråkstad stasjon,2026-09-07T17:20:00+02:00,2026-09-07T17:20:13+02:00,2026-09-07T17:20:13+02:00,13.0,1,Rakkestad,VYG:Line:R22,Skøyen-Oslo S-Mysen-Rakkestad,R22,rail,VYG:ServiceJourney:1925_443475-R,True,actual,False,,,,,2026-09-07T20:27:16.249662+02:00
NSR:StopPlace:59243,Mo i Rana stasjon,2026-09-07T18:12:00+02:00,2026-09-07T18:12:13+02:00,2026-09-07T18:12:13+02:00,13.0,1,Skillevollen,NOR:Line:12_8371,Grubbåsen - Båsmobakken/Skillevollen,1,bus,NOR:ServiceJourney:8371_251012124858497_1036,True,actual,False,,,,,2026-09-07T20:27:16.249662+02:00
NSR:StopPlace:59637,Rosenholm stasjon,2026-09-07T19:58:00+02:00,2026-09-07T19:58:13+02:00,2026-09-07T19:58:13+02:00,13.0,1,Stabekk,VYG:Line:L2,Stabekk-Oslo S-Ski,L2,rail,VYG:ServiceJourney:2764-SKI_443980-R,True,actual,False,,,,,2026-09-07T20:27:16.249662+02:00
NSR:StopPlace:59638,Myrvoll stasjon,2026-09-07T18:21:00+02:00,2026-09-07T18:21:13+02:00,2026-09-07T18:21:13+02:00,13.0,1,Stabekk,VYG:Line:L2,Stabekk-Oslo S-Ski,L2,rail,VYG:ServiceJourney:2758-SKI_443970-R,True,actual,False,,,,,2026-09-07T20:27:16.249662+02:00
NSR:StopPlace:58925,Gausel stasjon,2026-09-07T17:37:00+02:00,2026-09-07T17:37:13+02:00,2026-09-07T17:37:13+02:00,13.0,1,Stavanger,KOL:Line:8_1001,1,1,bus,KOL:ServiceJourney:1001_251008118379195_2096,True,actual,False,,,,,2026-09-07T20:27:16.249662+02:00
NSR:StopPlace:58839,Steinberg stasjon,2026-09-07T18:05:00+02:00,2026-09-07T18:05:13+02:00,2026-09-07T18:05:13+02:00,13.0,1,Drammen via Mjøndalen,BRA:Line:4_6101,Drammen-Vikersund/Hønefoss,101,bus,BRA:ServiceJourney:6101_260415100161314_1050,True,actual,False,,,,,2026-09-07T20:27:16.249662+02:00
NSR:StopPlace:58852,Høn stasjon,2026-09-07T19:43:00+02:00,2026-09-07T19:43:13+02:00,2026-09-07T19:43:13+02:00,13.0,1,Spikkestad,VYG:Line:L1,Spikkestad-Oslo S-Lillestrøm,L1,rail,VYG:ServiceJourney:2257_443680-R,True,actual,False,,,,,2026-09-07T20:27:16.249662+02:00
NSR:StopPlace:58850,Hauerseter stasjon,2026-09-07T20:00:00+02:00,2026-09-07T20:00:13+02:00,2026-09-07T20:00:13+02:00,13.0,1,Dal,VYG:Line:R13,Drammen-Oslo S-Dal,R13,rail,VYG:ServiceJourney:1657_443336-R,True,actual,False,,,,,2026-09-07T20:27:16.249662+02:00
NSR:StopPlace:58870,Holmestrand stasjon,2026-09-07T20:10:00+02:00,2026-09-07T20:10:13+02:00,2026-09-07T20:10:13+02:00,13.0,1,Hvitstein-Gullhaug,VKT:Line:31,Gullhaug-Kleiverud-Holmestrand,31,bus,VKT:ServiceJourney:14987,True,actual,False,,,,,2026-09-07T20:27:16.249662+02:00
NSR:StopPlace:58886,Arendal stasjon,2026-09-07T18:29:00+02:00,2026-09-07T18:29:13+02:00,2026-09-07T18:29:13+02:00,13.0,1,Rykene via Arendal sentrum,AKT:Line:102,Tromøy Øst-Arendal-Rykene,102,bus,AKT:ServiceJourney:72019_181_72_129960_133380_40001667,True,actual,False,,,,,2026-09-07T20:27:16.249662+02:00
NSR:StopPlace:58211,Oslo lufthavn,2026-09-07T17:13:00+02:00,2026-09-07T17:13:13+02:00,2026-09-07T17:13:13+02:00,13.0,1,Skien,VYG:Line:RE11,Eidsvoll-Oslo S-Skien,RE11,rail,VYG:ServiceJourney:827_444407-R,True,actual,False,,,,,2026-09-07T20:27:16.249662+02:00
NSR:StopPlace:222,Myrdal stasjon,2026-09-07T18:55:00+02:00,2026-09-07T18:55:13+02:00,2026-09-07T18:55:13+02:00,13.0,1,Oslo S,VYG:Line:F4,Oslo S-Bergen,F4,rail,VYG:ServiceJourney:66-BRG_513626-R,True,actual,False,,,,,2026-09-07T20:27:16.249662+02:00
NSR:StopPlace:518,Bolstadøyri stasjon,2026-09-07T17:25:00+02:00,2026-09-07T17:25:13+02:00,2026-09-07T17:25:13+02:00,13.0,1,Bergen,VYG:Line:R40,Bergen-Voss-Myrdal-Ål,R40,rail,VYG:ServiceJourney:1829_445142-R,True,actual,False,Forsinket,Toget kjørte 3 minutter forsinket fra Myrdal. Dette skyldes at andre tog på strekningen er forsinket.,incident,normal,2026-09-07T20:27:16.249662+02:00
NSR:StopPlace:400,Ler stasjon,2026-09-07T17:01:00+02:00,2026-09-07T17:01:13+02:00,2026-09-07T17:01:13+02:00,13.0,1,Røros,SJN:Line:25,Rørosbanen,R60,rail,SJN:ServiceJourney:416_50919-R,True,actual,False,,,,,2026-09-07T20:27:16.249662+02:00
NSR:StopPlace:420,Lillehammer stasjon,2026-09-07T17:15:00+02:00,2026-09-07T17:15:13+02:00,2026-09-07T17:15:13+02:00,13.0,1,Drammen,VYG:Line:RE10,Drammen-Oslo S-Lillehammer,RE10,rail,VYG:ServiceJourney:328-LHM_444225-R,True,actual,False,,,,,2026-09-07T20:27:16.249662+02:00
NSR:StopPlace:62339,Lillestrøm stasjon,2026-09-07T17:55:00+02:00,2026-09-07T17:55:13+02:00,2026-09-07T17:55:13+02:00,13.0,1,Dal,VYG:Line:R13,Drammen-Oslo S-Dal,R13,rail,VYG:ServiceJourney:1651_481163-R,True,actual,False,Heis i spor 1 og 2 er ute av bruk på grunn av vedlikehold.,Heis i spor 1 og 2 er ute av bruk på grunn av vedlikehold.,general,normal,2026-09-07T20:27:16.249662+02:00
NSR:StopPlace:62339,Lillestrøm stasjon,2026-09-07T18:30:00+02:00,2026-09-07T18:30:13+02:00,2026-09-07T18:30:13+02:00,13.0,1,Oslo Lufthavn,FLT:Line:FLY1,FLY1,FLY1,rail,FLT:ServiceJourney:1-2614-3783-20260907,True,actual,False,Heis i spor 1 og 2 er ute av bruk på grunn av vedlikehold.,Heis i spor 1 og 2 er ute av bruk på grunn av vedlikehold.,general,normal,2026-09-07T20:27:16.249662+02:00
NSR:StopPlace:62393,Billingstad stasjon,2026-09-07T17:57:00+02:00,2026-09-07T17:57:13+02:00,2026-09-07T17:57:13+02:00,13.0,1,Lillestrøm,VYG:Line:L1,Spikkestad-Oslo S-Lillestrøm,L1,rail,VYG:ServiceJourney:2154_443563-R,True,actual,False,,,,,2026-09-07T20:27:16.249662+02:00
NSR:StopPlace:62295,Stanghelle stasjon,2026-09-07T18:00:00+02:00,2026-09-07T18:00:13+02:00,2026-09-07T18:00:13+02:00,13.0,1,Voss,VYG:Line:R40,Bergen-Voss-Myrdal-Ål,R40,rail,VYG:ServiceJourney:1826_457479-R,True,actual,False,,,,,2026-09-07T20:27:16.249662+02:00
NSR:StopPlace:61897,Bryn stasjon,2026-09-07T14:30:00+02:00,2026-09-07T14:30:13+02:00,2026-09-07T14:30:13+02:00,13.0,1,Lillestrøm,VYG:Line:L1,Spikkestad-Oslo S-Lillestrøm,L1,rail,VYG:ServiceJourney:2138_443545-R,True,actual,False,,,,,2026-09-07T15:44:36.205822+02:00
NSR:StopPlace:59647,Dal stasjon,2026-09-07T14:54:00+02:00,2026-09-07T14:54:13+02:00,2026-09-07T14:54:13+02:00,13.0,1,Kongsberg,VYG:Line:R13,Drammen-Oslo S-Dal,R13,rail,VYG:ServiceJourney:1642_443303-R,True,actual,False,,,,,2026-09-07T15:44:36.205822+02:00
NSR:StopPlace:59952,Drammen stasjon,2026-09-07T11:57:00+02:00,2026-09-07T11:57:13+02:00,2026-09-07T11:57:13+02:00,13.0,1,Lillehammer,VYG:Line:RE10,Drammen-Oslo S-Lillehammer,RE10,rail,VYG:ServiceJourney:317-SUD_444183-R,True,actual,False,,,,,2026-09-07T15:44:36.205822+02:00
NSR:StopPlace:59952,Drammen stasjon,2026-09-07T15:42:00+02:00,2026-09-07T15:42:13+02:00,2026-09-07T15:42:13+02:00,13.0,1,Oslo Lufthavn,FLT:Line:FLY1,FLY1,FLY1,rail,FLT:ServiceJourney:1-2614-3771-20260907,True,actual,False,,,,,2026-09-07T15:44:36.205822+02:00
NSR:StopPlace:59957,Klepp stasjon,2026-09-07T14:57:00+02:00,2026-09-07T14:57:13+02:00,2026-09-07T14:57:13+02:00,13.0,1,Verdalen via Kleppekrossen,KOL:Line:8_2024,59,59,bus,KOL:ServiceJourney:2024_250903083241320_2023,True,actual,False,,,,,2026-09-07T15:44:36.205822+02:00
NSR:StopPlace:59243,Mo i Rana stasjon,2026-09-07T14:45:00+02:00,2026-09-07T14:45:13+02:00,2026-09-07T14:45:13+02:00,13.0,1,Dalselv/Fagermo,NOR:Line:12_8376,Mo i Rana - Dalsgrenda - Haukn,376,bus,NOR:ServiceJourney:8376_251012124900986_1012,True,actual,False,,,,,2026-09-07T15:44:36.205822+02:00
NSR:StopPlace:59243,Mo i Rana stasjon,2026-09-07T14:50:00+02:00,2026-09-07T14:50:13+02:00,2026-09-07T14:50:13+02:00,13.0,1,Ildgruben ,NOR:Line:12_8373,Mo-Gruben-Brennåsen-Ildgruben,373,bus,NOR:ServiceJourney:8373_251024082787949_1009,True,actual,False,,,,,2026-09-07T15:44:36.205822+02:00
NSR:StopPlace:58924,Bryne stasjon,2026-09-07T15:35:00+02:00,2026-09-07T15:35:13+02:00,2026-09-07T15:35:13+02:00,13.0,1,Njærheim via Pollestad,KOL:Line:8_2022,57,57,bus,KOL:ServiceJourney:2022_250903083238529_1003,True,actual,False,,,,,2026-09-07T15:44:36.205822+02:00
NSR:StopPlace:58932,Hommelvik stasjon,2026-09-07T14:12:00+02:00,2026-09-07T14:12:13+02:00,2026-09-07T14:12:13+02:00,13.0,1,Melhus skysstasjon,SJN:Line:26,Trønderbanen,R70,rail,SJN:ServiceJourney:436-STK_56065-R,True,actual,False,,,,,2026-09-07T15:44:36.205822+02:00
NSR:StopPlace:58932,Hommelvik stasjon,2026-09-07T15:12:00+02:00,2026-09-07T15:12:13+02:00,2026-09-07T15:12:13+02:00,13.0,1,Steinkjer,SJN:Line:26,Trønderbanen,R70,rail,SJN:ServiceJourney:1761_56047-R,True,actual,False,,,,,2026-09-07T15:44:36.205822+02:00
NSR:StopPlace:58932,Hommelvik stasjon,2026-09-07T15:12:00+02:00,2026-09-07T15:12:13+02:00,2026-09-07T15:12:13+02:00,13.0,1,Ler,SJN:Line:26,Trønderbanen,R70,rail,SJN:ServiceJourney:438_56067-R,True,actual,False,,,,,2026-09-07T15:44:36.205822+02:00
NSR:StopPlace:58935,Levanger stasjon,2026-09-07T15:21:00+02:00,2026-09-07T15:21:13+02:00,2026-09-07T15:21:13+02:00,13.0,1,Strandkorsen,ATB:Line:2_7416,Strandkorsen - Rongland - Leva,7416,bus,ATB:ServiceJourney:7416_260106098640831_5,True,actual,False,,,,,2026-09-07T15:44:36.205822+02:00
NSR:StopPlace:58947,Steinkjer stasjon,2026-09-07T14:50:00+02:00,2026-09-07T14:50:13+02:00,2026-09-07T14:50:13+02:00,13.0,1,Levanger stasjon,ATB:Line:2_640,Levanger - Steinkjer,640,bus,ATB:ServiceJourney:640_260106098642280_15,True,actual,False,,,,,2026-09-07T15:44:36.205822+02:00
NSR:StopPlace:58797,Mysen stasjon,2026-09-07T14:45:00+02:00,2026-09-07T14:45:13+02:00,2026-09-07T14:45:13+02:00,13.0,1,Askim,OST:Line:1_411,Askim-Mysen,411,bus,OST:ServiceJourney:411_260325121475508_10,True,actual,False,,,,,2026-09-07T15:44:36.205822+02:00
NSR:StopPlace:58851,Heggedal stasjon,2026-09-07T14:52:00+02:00,2026-09-07T14:52:13+02:00,2026-09-07T14:52:13+02:00,13.0,1,Asker,RUT:Line:285,Heggedal - Blakstad - Asker,285,bus,RUT:ServiceJourney:ca2c3e87327ea2d75e0ee5541ece1c42,True,actual,False,,,,,2026-09-07T15:44:36.205822+02:00
NSR:StopPlace:58870,Holmestrand stasjon,2026-09-07T14:28:00+02:00,2026-09-07T14:28:13+02:00,2026-09-07T14:28:13+02:00,13.0,1,Eidsvoll,VYG:Line:RE11,Eidsvoll-Oslo S-Skien,RE11,rail,VYG:ServiceJourney:820_444400-R,True,actual,False,,,,,2026-09-07T15:44:36.205822+02:00
NSR:StopPlace:61341,Drevvatn stasjon,2026-09-07T07:04:00+02:00,2026-09-07T07:04:13+02:00,2026-09-07T07:04:13+02:00,13.0,1,Sikmovegen via sentrum,NOR:Line:12_8253,Mosjøen-Granmoen-Drevvatn-Elsf,253,bus,NOR:ServiceJourney:8253_251012124901179_2014,True,actual,False,,,,,2026-09-07T08:42:24.659182+02:00
NSR:StopPlace:59646,Høvik stasjon,2026-09-07T06:23:00+02:00,2026-09-07T06:23:13+02:00,2026-09-07T06:23:13+02:00,13.0,1,Lillestrøm,VYG:Line:L1,Spikkestad-Oslo S-Lillestrøm,L1,rail,VYG:ServiceJourney:2208_764738-R,True,actual,False,Færre vogner,Denne avgangen kjører dessverre med 4 vogner i stedet for 8 vogner. Dette skyldes at vi mangler et togsett.,general,normal,2026-09-07T08:42:24.659182+02:00
NSR:StopPlace:59643,Grefsen stasjon,2026-09-07T07:12:00+02:00,2026-09-07T07:12:13+02:00,2026-09-07T07:12:13+02:00,13.0,1,Gaustadalléen,RUT:Line:17,Rikshospitalet - Sinsen o/ Carl Berner,17,tram,RUT:ServiceJourney:09fff4e22f0b551aa9fe97658cc6e4af,True,actual,False,,,,,2026-09-07T08:42:24.659182+02:00
NSR:StopPlace:59652,Tøyen stasjon,2026-09-07T06:39:00+02:00,2026-09-07T06:39:13+02:00,2026-09-07T06:39:13+02:00,13.0,1,Tonsenhagen,RUT:Line:60,Vippetangen-Tonsenhagen,60,bus,RUT:ServiceJourney:58198dfaf54669d3e166b0e43e115502,True,actual,False,,,,,2026-09-07T08:42:24.659182+02:00
NSR:StopPlace:59654,Stabekk stasjon,2026-09-07T06:30:00+02:00,2026-09-07T06:30:13+02:00,2026-09-07T06:30:13+02:00,13.0,1,Ski,VYG:Line:L2,Stabekk-Oslo S-Ski,L2,rail,VYG:ServiceJourney:2707-HVK_443913-R,True,actual,False,,,,,2026-09-07T08:42:24.659182+02:00
NSR:StopPlace:59952,Drammen stasjon,2026-09-07T07:30:00+02:00,2026-09-07T07:30:13+02:00,2026-09-07T07:30:13+02:00,13.0,1,Eidsvoll,VYG:Line:R12,Kongsberg-Oslo S-Eidsvoll,R12,rail,VYG:ServiceJourney:552_444350-R,True,actual,False,,,,,2026-09-07T08:42:24.659182+02:00
NSR:StopPlace:59983,Bergen stasjon,2026-09-07T08:29:00+02:00,2026-09-07T08:29:13+02:00,2026-09-07T08:29:13+02:00,13.0,1,Finse,VYG:Line:R40,Bergen-Voss-Myrdal-Ål,R40,rail,VYG:ServiceJourney:1848_465767-R,True,actual,False,,,,,2026-09-07T08:42:24.659182+02:00
NSR:StopPlace:60053,Halden stasjon,2026-09-07T06:02:00+02:00,2026-09-07T06:02:13+02:00,2026-09-07T06:02:13+02:00,13.0,1,Oslo S,VYG:Line:RE20,Oslo S-Halden-Göteborg (X-Border),RE20,rail,VYG:ServiceJourney:106-HLD_508942-R,True,actual,False,,,,,2026-09-07T08:42:24.659182+02:00
NSR:StopPlace:58963,Jessheim stasjon,2026-09-07T07:16:00+02:00,2026-09-07T07:16:13+02:00,2026-09-07T07:16:13+02:00,13.0,1,Oslo lufthavn,RUT:Line:440,Fenstad/Nordkisa - Oslo lufthavn,440,bus,RUT:ServiceJourney:99d24ceaa7c26dc236b447dbf7e85252,True,actual,False,,,,,2026-09-07T08:42:24.659182+02:00
NSR:StopPlace:58919,Sira stasjon,2026-09-07T05:12:00+02:00,2026-09-07T05:12:13+02:00,2026-09-07T05:12:13+02:00,13.0,1,Stavanger,GOA:Line:50,Sørtoget region,F5,rail,GOA:ServiceJourney:725-LOD_67061-R,True,actual,False,,,,,2026-09-07T08:42:24.659182+02:00
NSR:StopPlace:58932,Hommelvik stasjon,2026-09-07T07:09:00+02:00,2026-09-07T07:09:13+02:00,2026-09-07T07:09:13+02:00,13.0,1,Melhus skysstasjon,SJN:Line:26,Trønderbanen,R70,rail,SJN:ServiceJourney:422-STK_56051-R,True,actual,False,,,,,2026-09-07T08:42:24.659182+02:00
NSR:StopPlace:58797,Mysen stasjon,2026-09-07T08:30:00+02:00,2026-09-07T08:30:13+02:00,2026-09-07T08:30:13+02:00,13.0,1,Ørje,OST:Line:1_418,Ørje-Mysen,418,bus,OST:ServiceJourney:418_260325121472670_2,True,actual,False,,,,,2026-09-07T08:42:24.659182+02:00
NSR:StopPlace:58793,Askim stasjon,2026-09-07T05:00:00+02:00,2026-09-07T05:00:13+02:00,2026-09-07T05:00:13+02:00,13.0,1,Moss,OST:Line:1_641,Askim-Elvestad-Moss,641,bus,OST:ServiceJourney:641_260325121475907_1,True,actual,False,,,,,2026-09-07T08:42:24.659182+02:00
NSR:StopPlace:58793,Askim stasjon,2026-09-07T07:41:00+02:00,2026-09-07T07:41:13+02:00,2026-09-07T07:41:13+02:00,13.0,1,Rakkestad,VYG:Line:R22,Skøyen-Oslo S-Mysen-Rakkestad,R22,rail,VYG:ServiceJourney:1905_443439-R,True,actual,False,,,,,2026-09-07T08:42:24.659182+02:00
NSR:StopPlace:58834,Hokksund stasjon,2026-09-07T06:57:00+02:00,2026-09-07T06:57:13+02:00,2026-09-07T06:57:13+02:00,13.0,1,Drammen via Mjøndalen,BRA:Line:4_6101,Drammen-Vikersund/Hønefoss,101,bus,BRA:ServiceJourney:6101_260415100161305_1006,True,actual,False,,,,,2026-09-07T08:42:24.659182+02:00
NSR:StopPlace:58836,Mjøndalen stasjon,2026-09-07T06:37:00+02:00,2026-09-07T06:37:13+02:00,2026-09-07T06:37:13+02:00,13.0,1,Hovjordet,BRA:Line:4_6054,Mjøndalen - Hovjordet,54,bus,BRA:ServiceJourney:6054_260415100162412_1003,True,actual,False,,,,,2026-09-07T08:42:24.659182+02:00
NSR:StopPlace:58844,Eidsvoll stasjon,2026-09-07T07:45:00+02:00,2026-09-07T07:45:13+02:00,2026-09-07T07:45:13+02:00,13.0,1,Jessheim,RUT:Line:430,Eidsvoll - Jessheim,430,bus,RUT:ServiceJourney:c5504e4b1e9f2a5f39c9414c5e3fef77,True,actual,False,,,,,2026-09-07T08:42:24.659182+02:00
NSR:StopPlace:58847,Frogner stasjon,2026-09-07T07:04:00+02:00,2026-09-07T07:04:13+02:00,2026-09-07T07:04:13+02:00,13.0,1,Dal,VYG:Line:R13,Drammen-Oslo S-Dal,R13,rail,VYG:ServiceJourney:1607_443224-R,True,actual,False,,,,,2026-09-07T08:42:24.659182+02:00
NSR:StopPlace:58852,Høn stasjon,2026-09-07T07:59:00+02:00,2026-09-07T07:59:13+02:00,2026-09-07T07:59:13+02:00,13.0,1,Asker,VYG:Line:L1,Spikkestad-Oslo S-Lillestrøm,L1,rail,VYG:ServiceJourney:2109_443513-R,True,actual,False,,,,,2026-09-07T08:42:24.659182+02:00
NSR:StopPlace:58856,Lysaker stasjon,2026-09-07T05:52:00+02:00,2026-09-07T05:52:13+02:00,2026-09-07T05:52:13+02:00,13.0,1,Grorud T,RUT:Line:31,Snarøya - Fornebu - Tonsenhagen - Grorud,31,bus,RUT:ServiceJourney:fc5fa1491c2f16de91f9ad072c965934,True,actual,False,,,,,2026-09-07T08:42:24.659182+02:00
NSR:StopPlace:58858,Nittedal stasjon,2026-09-07T06:19:00+02:00,2026-09-07T06:19:13+02:00,2026-09-07T06:19:13+02:00,13.0,1,Oslo S,VYG:Line:RE30,Oslo S-Gjøvik,RE30,rail,VYG:ServiceJourney:BUS-1202_654976-R,True,actual,False,,,,,2026-09-07T08:42:24.659182+02:00
NSR:StopPlace:362,Jåttåvågen stasjon,2026-09-07T08:32:00+02:00,2026-09-07T08:32:13+02:00,2026-09-07T08:32:13+02:00,13.0,1,Nærbø,GOA:Line:59,Jærbanen,L5,rail,GOA:ServiceJourney:3018_63050-R,True,actual,False,,,,,2026-09-07T08:42:24.659182+02:00
NSR:StopPlace:369,Kvål stasjon,2026-09-07T07:38:00+02:00,2026-09-07T07:38:13+02:00,2026-09-07T07:38:13+02:00,13.0,1,Steinkjer,SJN:Line:26,Trønderbanen,R70,rail,SJN:ServiceJourney:427_56056-R,True,actual,False,,,,,2026-09-07T08:42:24.659182+02:00
NSR:StopPlace:610,Sandvika stasjon,2026-09-07T05:35:00+02:00,2026-09-07T05:35:13+02:00,2026-09-07T05:35:13+02:00,13.0,1,Eidsvoll,VYG:Line:R12,Kongsberg-Oslo S-Eidsvoll,R12,rail,VYG:ServiceJourney:502_444293-R,True,actual,False,,,,,2026-09-07T08:42:24.659182+02:00
NSR:StopPlace:58404,Nationaltheatret,2026-09-07T02:21:00+02:00,2026-09-07T02:21:13+02:00,2026-09-07T02:21:13+02:00,13.0,1,Nydalen T,RUT:Line:37,Nydalen T - Helsfyr,37,bus,RUT:ServiceJourney:dd78cbfa95c81bb9f501c116840ee0b4,True,actual,False,,,,,2026-09-07T03:30:22.110925+02:00
NSR:StopPlace:58921,Vennesla stasjon,2026-09-07T03:17:00+02:00,2026-09-07T03:17:13+02:00,2026-09-07T03:17:13+02:00,13.0,1,Stavanger,GOA:Line:50,Sørtoget region,F5,rail,GOA:ServiceJourney:725-LOD_67061-R,True,actual,False,,,,,2026-09-07T03:30:22.110925+02:00
NSR:StopPlace:58796,Moss stasjon,2026-09-08T01:03:00+02:00,2026-09-08T01:03:12+02:00,2026-09-08T01:03:12+02:00,12.0,1,Halden,VYG:Line:RE20,Oslo S-Halden-Göteborg (X-Border),RE20,rail,VYG:ServiceJourney:139_443138-R,True,actual,False,,,,,2026-09-08T03:39:50.209703+02:00
NSR:StopPlace:61464,Hvalstad stasjon,2026-09-07T21:40:00+02:00,2026-09-07T21:40:12+02:00,2026-09-07T21:40:12+02:00,12.0,1,Lillestrøm,VYG:Line:L1,Spikkestad-Oslo S-Lillestrøm,L1,rail,VYG:ServiceJourney:2270_443703-R,True,actual,False,,,,,2026-09-08T00:20:52.129880+02:00
NSR:StopPlace:33,Ranheim stasjon,2026-09-07T20:31:00+02:00,2026-09-07T20:31:12+02:00,2026-09-07T20:31:12+02:00,12.0,1,Steinkjer,SJN:Line:26,Trønderbanen,R70,rail,SJN:ServiceJourney:451_56080-R,True,actual,False,,,,,2026-09-08T00:20:52.129880+02:00
NSR:StopPlace:59649,Nydalen stasjon,2026-09-07T22:31:00+02:00,2026-09-07T22:31:12+02:00,2026-09-07T22:31:12+02:00,12.0,1,Simensbråten,RUT:Line:23,Lysaker - Simensbråten,23,bus,RUT:ServiceJourney:0992cfe67c9c695e71dec7d01f8bf1a1,True,actual,False,,,,,2026-09-08T00:20:52.129880+02:00
NSR:StopPlace:59649,Nydalen stasjon,2026-09-08T00:01:00+02:00,2026-09-08T00:01:12+02:00,2026-09-08T00:01:12+02:00,12.0,1,Simensbråten,RUT:Line:23,Lysaker - Simensbråten,23,bus,RUT:ServiceJourney:2bad0bb27c13103cbd2729e15cb6188f,True,actual,False,,,,,2026-09-08T00:20:52.129880+02:00
NSR:StopPlace:60640,Heimdal stasjon,2026-09-07T22:31:00+02:00,2026-09-07T22:31:12+02:00,2026-09-07T22:31:12+02:00,12.0,1,Torgård via Tillerringen,ATB:Line:2_16,Flatåsen- Heimdal- Torgård,16,bus,ATB:ServiceJourney:16_251215112550471_76,True,actual,False,,,,,2026-09-08T00:20:52.129880+02:00
NSR:StopPlace:59952,Drammen stasjon,2026-09-07T22:57:00+02:00,2026-09-07T22:57:12+02:00,2026-09-07T22:57:12+02:00,12.0,1,Lillehammer,VYG:Line:RE10,Drammen-Oslo S-Lillehammer,RE10,rail,VYG:ServiceJourney:339-SUD_486429-R,True,actual,False,,,,,2026-09-08T00:20:52.129880+02:00
NSR:StopPlace:60603,Kongsberg stasjon,2026-09-07T21:34:00+02:00,2026-09-07T21:34:12+02:00,2026-09-07T21:34:12+02:00,12.0,1,Eidsvoll,VYG:Line:R12,Kongsberg-Oslo S-Eidsvoll,R12,rail,VYG:ServiceJourney:536_444346-R,True,actual,False,,,,,2026-09-08T00:20:52.129880+02:00
NSR:StopPlace:58950,Åsen stasjon,2026-09-08T00:18:00+02:00,2026-09-08T00:18:12+02:00,2026-09-08T00:18:12+02:00,12.0,1,Steinkjer,SJN:Line:26,Trønderbanen,R70,rail,SJN:ServiceJourney:457-SOeB_56085-R,True,actual,False,,,,,2026-09-08T00:20:52.129880+02:00
NSR:StopPlace:58884,Skien stasjon,2026-09-07T23:09:00+02:00,2026-09-07T23:09:12+02:00,2026-09-07T23:09:12+02:00,12.0,1,Drammen,VYG:Line:RE11,Eidsvoll-Oslo S-Skien,RE11,rail,VYG:ServiceJourney:840-SKN_444420-R,True,actual,False,,,,,2026-09-08T00:20:52.129880+02:00
NSR:StopPlace:62339,Lillestrøm stasjon,2026-09-07T21:26:00+02:00,2026-09-07T21:26:12+02:00,2026-09-07T21:26:12+02:00,12.0,1,Skien,VYG:Line:RE11,Eidsvoll-Oslo S-Skien,RE11,rail,VYG:ServiceJourney:835_444415-R,True,actual,False,Heis i spor 1 og 2 er ute av bruk på grunn av vedlikehold.,Heis i spor 1 og 2 er ute av bruk på grunn av vedlikehold.,general,normal,2026-09-08T00:20:52.129880+02:00
NSR:StopPlace:62339,Lillestrøm stasjon,2026-09-07T21:46:00+02:00,2026-09-07T21:46:12+02:00,2026-09-07T21:46:12+02:00,12.0,1,Asker,VYG:Line:R14,Asker-Oslo S-Kongsvinger,R14,rail,VYG:ServiceJourney:1034_442946-R,True,actual,False,Heis i spor 1 og 2 er ute av bruk på grunn av vedlikehold.,Heis i spor 1 og 2 er ute av bruk på grunn av vedlikehold.,general,normal,2026-09-08T00:20:52.129880+02:00
NSR:StopPlace:62339,Lillestrøm stasjon,2026-09-07T22:25:00+02:00,2026-09-07T22:25:12+02:00,2026-09-07T22:25:12+02:00,12.0,1,Dal,VYG:Line:R13,Drammen-Oslo S-Dal,R13,rail,VYG:ServiceJourney:1669_443361-R,True,actual,False,Heis i spor 1 og 2 er ute av bruk på grunn av vedlikehold.,Heis i spor 1 og 2 er ute av bruk på grunn av vedlikehold.,general,normal,2026-09-08T00:20:52.129880+02:00
NSR:StopPlace:62339,Lillestrøm stasjon,2026-09-07T22:35:00+02:00,2026-09-07T22:35:12+02:00,2026-09-07T22:35:12+02:00,12.0,1,Eidsvoll,VYG:Line:RE11,Eidsvoll-Oslo S-Skien,RE11,rail,VYG:ServiceJourney:834_444414-R,True,actual,False,Heis i spor 1 og 2 er ute av bruk på grunn av vedlikehold.,Heis i spor 1 og 2 er ute av bruk på grunn av vedlikehold.,general,normal,2026-09-08T00:20:52.129880+02:00
NSR:StopPlace:62339,Lillestrøm stasjon,2026-09-07T22:56:00+02:00,2026-09-07T22:56:12+02:00,2026-09-07T22:56:12+02:00,12.0,1,Kongsberg,VYG:Line:R12,Kongsberg-Oslo S-Eidsvoll,R12,rail,VYG:ServiceJourney:537_444347-R,True,actual,False,Heis i spor 1 og 2 er ute av bruk på grunn av vedlikehold.,Heis i spor 1 og 2 er ute av bruk på grunn av vedlikehold.,general,normal,2026-09-08T00:20:52.129880+02:00
NSR:StopPlace:61291,Stavanger stasjon,2026-09-07T16:53:00+02:00,2026-09-07T16:53:12+02:00,2026-09-07T16:53:12+02:00,12.0,1,Egersund,GOA:Line:59,Jærbanen,L5,rail,GOA:ServiceJourney:3052_63100-R,True,actual,False,,,,,2026-09-07T20:27:16.249662+02:00
NSR:StopPlace:61463,Nordstrand stasjon,2026-09-07T19:37:00+02:00,2026-09-07T19:37:12+02:00,2026-09-07T19:37:12+02:00,12.0,1,Stabekk,VYG:Line:L2,Stabekk-Oslo S-Ski,L2,rail,VYG:ServiceJourney:2762-SKI_443977-R,True,actual,False,,,,,2026-09-07T20:27:16.249662+02:00
NSR:StopPlace:41,Hanaborg stasjon,2026-09-07T19:34:00+02:00,2026-09-07T19:34:12+02:00,2026-09-07T19:34:12+02:00,12.0,1,Asker,VYG:Line:L1,Spikkestad-Oslo S-Lillestrøm,L1,rail,VYG:ServiceJourney:2159_443568-R,True,actual,False,,,,,2026-09-07T20:27:16.249662+02:00
NSR:StopPlace:61897,Bryn stasjon,2026-09-07T17:35:00+02:00,2026-09-07T17:35:12+02:00,2026-09-07T17:35:12+02:00,12.0,1,Spikkestad,VYG:Line:L1,Spikkestad-Oslo S-Lillestrøm,L1,rail,VYG:ServiceJourney:2251_443671-R,True,actual,False,,,,,2026-09-07T20:27:16.249662+02:00
NSR:StopPlace:59646,Høvik stasjon,2026-09-07T17:17:00+02:00,2026-09-07T17:17:12+02:00,2026-09-07T17:17:12+02:00,12.0,1,Bødalen,RUT:Line:5260,Bødalen - Slemmestad - Holmen - Sandvika- Ullevål,260E,bus,RUT:ServiceJourney:838db38cfdbc28eed920674ec374d34d,True,actual,False,,,,,2026-09-07T20:27:16.249662+02:00
NSR:StopPlace:59649,Nydalen stasjon,2026-09-07T17:38:00+02:00,2026-09-07T17:38:12+02:00,2026-09-07T17:38:12+02:00,12.0,1,Lysaker,RUT:Line:23,Lysaker - Simensbråten,23,bus,RUT:ServiceJourney:ee492b25945ce384f056ae8e50b0d1d2,True,actual,False,,,,,2026-09-07T20:27:16.249662+02:00
NSR:StopPlace:59643,Grefsen stasjon,2026-09-07T17:42:00+02:00,2026-09-07T17:42:12+02:00,2026-09-07T17:42:12+02:00,12.0,1,Gaustadalléen,RUT:Line:17,Rikshospitalet - Sinsen o/ Carl Berner,17,tram,RUT:ServiceJourney:33ea6f121f8f42132924eeb0d8d61617,True,actual,False,,,,,2026-09-07T20:27:16.249662+02:00
NSR:StopPlace:59654,Stabekk stasjon,2026-09-07T17:54:00+02:00,2026-09-07T17:54:12+02:00,2026-09-07T17:54:12+02:00,12.0,1,Spikkestad,VYG:Line:L1,Spikkestad-Oslo S-Lillestrøm,L1,rail,VYG:ServiceJourney:2251_443671-R,True,actual,False,,,,,2026-09-07T20:27:16.249662+02:00
NSR:StopPlace:60736,Spikkestad stasjon,2026-09-07T18:46:00+02:00,2026-09-07T18:46:12+02:00,2026-09-07T18:46:12+02:00,12.0,1,Lillestrøm,VYG:Line:L1,Spikkestad-Oslo S-Lillestrøm,L1,rail,VYG:ServiceJourney:2260_445359-R,True,actual,False,,,,,2026-09-07T20:27:16.249662+02:00
NSR:StopPlace:59952,Drammen stasjon,2026-09-07T16:47:00+02:00,2026-09-07T16:47:12+02:00,2026-09-07T16:47:12+02:00,12.0,1,Eidsvoll,VYG:Line:RE11,Eidsvoll-Oslo S-Skien,RE11,rail,VYG:ServiceJourney:824_444404-R,True,actual,False,,,,,2026-09-07T20:27:16.249662+02:00
NSR:StopPlace:59952,Drammen stasjon,2026-09-07T17:05:00+02:00,2026-09-07T17:05:12+02:00,2026-09-07T17:05:12+02:00,12.0,1,Dal,VYG:Line:R13,Drammen-Oslo S-Dal,R13,rail,VYG:ServiceJourney:1651_481163-R,True,actual,False,,,,,2026-09-07T20:27:16.249662+02:00
NSR:StopPlace:59957,Klepp stasjon,2026-09-07T18:27:00+02:00,2026-09-07T18:27:12+02:00,2026-09-07T18:27:12+02:00,12.0,1,Verdalen via Kleppekrossen,KOL:Line:8_2024,59,59,bus,KOL:ServiceJourney:2024_250903083241327_2033,True,actual,False,,,,,2026-09-07T20:27:16.249662+02:00
NSR:StopPlace:59983,Bergen stasjon,2026-09-07T19:24:00+02:00,2026-09-07T19:24:12+02:00,2026-09-07T19:24:12+02:00,12.0,1,Voss,VYG:Line:R40,Bergen-Voss-Myrdal-Ål,R40,rail,VYG:ServiceJourney:1830_457480-R,True,actual,False,,,,,2026-09-07T20:27:16.249662+02:00
NSR:StopPlace:59244,Egersund stasjon,2026-09-07T20:07:00+02:00,2026-09-07T20:07:12+02:00,2026-09-07T20:07:12+02:00,12.0,1,Stavanger,GOA:Line:50,Sørtoget region,F5,rail,GOA:ServiceJourney:713-LOD_68191-R,True,actual,False,,,,,2026-09-07T20:27:16.249662+02:00
NSR:StopPlace:59616,Asker stasjon,2026-09-07T16:59:00+02:00,2026-09-07T16:59:12+02:00,2026-09-07T16:59:12+02:00,12.0,1,Eidsvoll,VYG:Line:RE11,Eidsvoll-Oslo S-Skien,RE11,rail,VYG:ServiceJourney:824_444404-R,True,actual,False,,,,,2026-09-07T20:27:16.249662+02:00
NSR:StopPlace:59635,Hauketo stasjon,2026-09-07T16:53:00+02:00,2026-09-07T16:53:12+02:00,2026-09-07T16:53:12+02:00,12.0,1,Grorud T,RUT:Line:79,Grorud T - Åsbråten,79,bus,RUT:ServiceJourney:3a41ba344528c99c836e2670e592ec5d,True,actual,False,,,,,2026-09-07T20:27:16.249662+02:00
NSR:StopPlace:58963,Jessheim stasjon,2026-09-07T17:52:00+02:00,2026-09-07T17:52:12+02:00,2026-09-07T17:52:12+02:00,12.0,1,Årnes,RUT:Line:450,Årnes - Oslo lufthavn,450,bus,RUT:ServiceJourney:727f9df8707481feb34b38825f2e8a72,True,actual,False,,,,,2026-09-07T20:27:16.249662+02:00
NSR:StopPlace:58964,Kløfta stasjon,2026-09-07T17:51:00+02:00,2026-09-07T17:51:12+02:00,2026-09-07T17:51:12+02:00,12.0,1,Kløfta,RUT:Line:425,Kløfta – Oslo lufthavn,425,bus,RUT:ServiceJourney:39d6414c1e628cad113191686680bd9d,True,actual,False,,,,,2026-09-07T20:27:16.249662+02:00
NSR:StopPlace:58925,Gausel stasjon,2026-09-07T17:35:00+02:00,2026-09-07T17:35:12+02:00,2026-09-07T17:35:12+02:00,12.0,1,Nærbø,GOA:Line:59,Jærbanen,L5,rail,GOA:ServiceJourney:3054_63104-R,True,actual,False,,,,,2026-09-07T20:27:16.249662+02:00
NSR:StopPlace:58930,Larvik stasjon,2026-09-07T19:33:00+02:00,2026-09-07T19:33:12+02:00,2026-09-07T19:33:12+02:00,12.0,1,Skien,VYG:Line:RE11,Eidsvoll-Oslo S-Skien,RE11,rail,VYG:ServiceJourney:827_444407-R,True,actual,False,,,,,2026-09-07T20:27:16.249662+02:00
NSR:StopPlace:58834,Hokksund stasjon,2026-09-07T17:57:00+02:00,2026-09-07T17:57:12+02:00,2026-09-07T17:57:12+02:00,12.0,1,Drammen via Mjøndalen,BRA:Line:4_6101,Drammen-Vikersund/Hønefoss,101,bus,BRA:ServiceJourney:6101_260415100161314_1050,True,actual,False,,,,,2026-09-07T20:27:16.249662+02:00
NSR:StopPlace:58835,Lier stasjon,2026-09-07T18:13:00+02:00,2026-09-07T18:13:12+02:00,2026-09-07T18:13:12+02:00,12.0,1,Drammen,BRA:Line:4_6073,Drammen - Reistad - Lierskogen,73,bus,BRA:ServiceJourney:6073_260415100160835_1026,True,actual,False,Fra 17/8 går linje 61-63-71-73-251-261 og skolebusser fra holdeplass ved Skutebrygga ut av byen.Les mer på brakar.no/trafikkmeldinger.,,general,normal,2026-09-07T20:27:16.249662+02:00
NSR:StopPlace:58836,Mjøndalen stasjon,2026-09-07T17:54:00+02:00,2026-09-07T17:54:12+02:00,2026-09-07T17:54:12+02:00,12.0,1,Drammen via Gulskogen,BRA:Line:4_6052,Drammen - Mjøndalen,52,bus,BRA:ServiceJourney:6052_260415100161112_1040,True,actual,False,,,,,2026-09-07T20:27:16.249662+02:00
NSR:StopPlace:58845,Eidsvoll verk stasjon,2026-09-07T17:30:00+02:00,2026-09-07T17:30:12+02:00,2026-09-07T17:30:12+02:00,12.0,1,Eidsvoll,RUT:Line:430,Eidsvoll - Jessheim,430,bus,RUT:ServiceJourney:bcb3ff3d634a78e8ca1dad6a351a7211,True,actual,False,,,,,2026-09-07T20:27:16.249662+02:00
NSR:StopPlace:58840,Vestfossen stasjon,2026-09-07T19:53:00+02:00,2026-09-07T19:53:12+02:00,2026-09-07T19:53:12+02:00,12.0,1,Eidsvoll,VYG:Line:R12,Kongsberg-Oslo S-Eidsvoll,R12,rail,VYG:ServiceJourney:532_444341-R,True,actual,False,,,,,2026-09-07T20:27:16.249662+02:00
NSR:StopPlace:58854,Langhus stasjon,2026-09-07T18:09:00+02:00,2026-09-07T18:09:12+02:00,2026-09-07T18:09:12+02:00,12.0,1,Drøbak - Frogn vgs.,RUT:Line:510,Bøleråsen - Ski - Ås - Drøbak,510,bus,RUT:ServiceJourney:36a3ef9dcb2b4df70613b69fbb4d656c,True,actual,False,,,,,2026-09-07T20:27:16.249662+02:00
NSR:StopPlace:58866,Vevelstad stasjon,2026-09-07T18:04:00+02:00,2026-09-07T18:04:12+02:00,2026-09-07T18:04:12+02:00,12.0,1,Bøleråsen,RUT:Line:510,Bøleråsen - Ski - Ås - Drøbak,510,bus,RUT:ServiceJourney:d6759d9bce64145979f1874991bb8060,True,actual,False,,,,,2026-09-07T20:27:16.249662+02:00
NSR:StopPlace:58861,Solbråtan stasjon,2026-09-07T18:53:00+02:00,2026-09-07T18:53:12+02:00,2026-09-07T18:53:12+02:00,12.0,1,Stabekk,VYG:Line:L2,Stabekk-Oslo S-Ski,L2,rail,VYG:ServiceJourney:2760-SKI_443974-R,True,actual,False,,,,,2026-09-07T20:27:16.249662+02:00
NSR:StopPlace:58862,Strømmen stasjon,2026-09-07T18:45:00+02:00,2026-09-07T18:45:12+02:00,2026-09-07T18:45:12+02:00,12.0,1,Spikkestad,VYG:Line:L1,Spikkestad-Oslo S-Lillestrøm,L1,rail,VYG:ServiceJourney:2257_443680-R,True,actual,False,,,,,2026-09-07T20:27:16.249662+02:00
NSR:StopPlace:58874,Stokke stasjon,2026-09-07T20:07:00+02:00,2026-09-07T20:07:12+02:00,2026-09-07T20:07:12+02:00,12.0,1,Skien,VYG:Line:RE11,Eidsvoll-Oslo S-Skien,RE11,rail,VYG:ServiceJourney:829_444409-R,True,actual,False,,,,,2026-09-07T20:27:16.249662+02:00
NSR:StopPlace:58893,Grovane stasjon,2026-09-07T18:37:00+02:00,2026-09-07T18:37:12+02:00,2026-09-07T18:37:12+02:00,12.0,1,Kristiansand,AKT:Line:31,Kvadraturen - Sødal - Vennesla,31,bus,AKT:ServiceJourney:79695_252_44_134040_136260_3950001,True,actual,False,,,,,2026-09-07T20:27:16.249662+02:00
NSR:StopPlace:101,Sagdalen stasjon,2026-09-07T19:13:00+02:00,2026-09-07T19:13:12+02:00,2026-09-07T19:13:12+02:00,12.0,1,Spikkestad,VYG:Line:L1,Spikkestad-Oslo S-Lillestrøm,L1,rail,VYG:ServiceJourney:2259_443684-R,True,actual,False,,,,,2026-09-07T20:27:16.249662+02:00
NSR:StopPlace:398,Arna stasjon,2026-09-07T18:37:00+02:00,2026-09-07T18:37:12+02:00,2026-09-07T18:37:12+02:00,12.0,1,Voss,VYG:Line:R40,Bergen-Voss-Myrdal-Ål,R40,rail,VYG:ServiceJourney:1828_481200-R,True,actual,False,,,,,2026-09-07T20:27:16.249662+02:00
NSR:StopPlace:398,Arna stasjon,2026-09-07T19:57:00+02:00,2026-09-07T19:57:12+02:00,2026-09-07T19:57:12+02:00,12.0,1,Bergen,VYG:Line:L4,Bergen-Arna,L4,rail,VYG:ServiceJourney:2559_443818-R,True,actual,False,,,,,2026-09-07T20:27:16.249662+02:00
NSR:StopPlace:206,Mariero stasjon,2026-09-07T17:59:00+02:00,2026-09-07T17:59:12+02:00,2026-09-07T17:59:12+02:00,12.0,1,Egersund,GOA:Line:59,Jærbanen,L5,rail,GOA:ServiceJourney:3056_63108-R,True,actual,False,,,,,2026-09-07T20:27:16.249662+02:00
NSR:StopPlace:584,Bulken stasjon,2026-09-07T17:42:00+02:00,2026-09-07T17:42:12+02:00,2026-09-07T17:42:12+02:00,12.0,1,Myrdal,VYG:Line:R40,Bergen-Voss-Myrdal-Ål,R40,rail,VYG:ServiceJourney:1824_554550-R,True,actual,False,,,,,2026-09-07T20:27:16.249662+02:00
NSR:StopPlace:702,Sandnes sentrum stasjon,2026-09-07T18:58:00+02:00,2026-09-07T18:58:12+02:00,2026-09-07T18:58:12+02:00,12.0,1,Stavanger,GOA:Line:59,Jærbanen,L5,rail,GOA:ServiceJourney:3157_63202-R,True,actual,False,,,,,2026-09-07T20:27:16.249662+02:00
NSR:StopPlace:62309,Ljan stasjon,2026-09-07T17:50:00+02:00,2026-09-07T17:50:12+02:00,2026-09-07T17:50:12+02:00,12.0,1,Oslo S,VYG:Line:L2,Stabekk-Oslo S-Ski,L2,rail,VYG:ServiceJourney:2854_444092-R,True,actual,False,,,,,2026-09-07T20:27:16.249662+02:00
NSR:StopPlace:62339,Lillestrøm stasjon,2026-09-07T17:35:00+02:00,2026-09-07T17:35:12+02:00,2026-09-07T17:35:12+02:00,12.0,1,Eidsvoll,VYG:Line:RE11,Eidsvoll-Oslo S-Skien,RE11,rail,VYG:ServiceJourney:824_444404-R,True,actual,False,Heis i spor 1 og 2 er ute av bruk på grunn av vedlikehold.,Heis i spor 1 og 2 er ute av bruk på grunn av vedlikehold.,general,normal,2026-09-07T20:27:16.249662+02:00
NSR:StopPlace:62379,Bergsgrav stasjon,2026-09-07T17:53:00+02:00,2026-09-07T17:53:12+02:00,2026-09-07T17:53:12+02:00,12.0,1,Steinkjer,SJN:Line:26,Trønderbanen,R70,rail,SJN:ServiceJourney:443-SOeB_56072-R,True,actual,False,,,,,2026-09-07T20:27:16.249662+02:00
NSR:StopPlace:61291,Stavanger stasjon,2026-09-07T14:53:00+02:00,2026-09-07T14:53:12+02:00,2026-09-07T14:53:12+02:00,12.0,1,Egersund,GOA:Line:59,Jærbanen,L5,rail,GOA:ServiceJourney:3044_63087-R,True,actual,False,,,,,2026-09-07T15:44:36.205822+02:00
NSR:StopPlace:59952,Drammen stasjon,2026-09-07T15:35:00+02:00,2026-09-07T15:35:12+02:00,2026-09-07T15:35:12+02:00,12.0,1,Dal,VYG:Line:R13,Drammen-Oslo S-Dal,R13,rail,VYG:ServiceJourney:1645_443309-R,True,actual,False,,,,,2026-09-07T15:44:36.205822+02:00
NSR:StopPlace:59958,Voss stasjon,2026-09-07T14:05:00+02:00,2026-09-07T14:05:12+02:00,2026-09-07T14:05:12+02:00,12.0,1,Bergen,SKY:Line:925,Bergen-Norheimsund-Kvanndal-Voss,925,bus,SKY:ServiceJourney:925-205165-21340952,True,actual,False,,,,,2026-09-07T15:44:36.205822+02:00
NSR:StopPlace:60045,Hamar stasjon,2026-09-07T13:52:00+02:00,2026-09-07T13:52:12+02:00,2026-09-07T13:52:12+02:00,12.0,1,Lillehammer,VYG:Line:RE10,Drammen-Oslo S-Lillehammer,RE10,rail,VYG:ServiceJourney:317-SUD_444183-R,True,actual,False,,,,,2026-09-07T15:44:36.205822+02:00
NSR:StopPlace:58921,Vennesla stasjon,2026-09-07T14:05:00+02:00,2026-09-07T14:05:12+02:00,2026-09-07T14:05:12+02:00,12.0,1,Oslo S,GOA:Line:50,Sørtoget region,F5,rail,GOA:ServiceJourney:710-KVB_71575-R,True,actual,False,,,,,2026-09-07T15:44:36.205822+02:00
NSR:StopPlace:58794,Fredrikstad stasjon,2026-09-07T14:15:00+02:00,2026-09-07T14:15:12+02:00,2026-09-07T14:15:12+02:00,12.0,1,Halden,VYG:Line:RE20,Oslo S-Halden-Göteborg (X-Border),RE20,rail,VYG:ServiceJourney:117-LOD_673472-R,True,actual,False,,,,,2026-09-07T15:44:36.205822+02:00
NSR:StopPlace:58832,Geilo stasjon,2026-09-07T14:50:00+02:00,2026-09-07T14:50:12+02:00,2026-09-07T14:50:12+02:00,12.0,1,Haugastøl,BRA:Line:4_6334,Geilo - Ustaoset - Haugastøl,334,bus,BRA:ServiceJourney:6334_260804087388187_1015,True,actual,False,,,,,2026-09-07T15:44:36.205822+02:00
NSR:StopPlace:58805,Brumunddal stasjon,2026-09-07T14:19:00+02:00,2026-09-07T14:19:12+02:00,2026-09-07T14:19:12+02:00,12.0,1,Stavsjø,INN:Line:614,Brumunddal - Stavsjø,614,bus,INN:ServiceJourney:83042,True,actual,False,,,,,2026-09-07T15:44:36.205822+02:00
NSR:StopPlace:63079,Skeiane stasjon,2026-09-07T14:56:00+02:00,2026-09-07T14:56:12+02:00,2026-09-07T14:56:12+02:00,12.0,1,Stavanger,GOA:Line:59,Jærbanen,L5,rail,GOA:ServiceJourney:3141_63186-R,True,actual,False,,,,,2026-09-07T15:44:36.205822+02:00
NSR:StopPlace:362,Jåttåvågen stasjon,2026-09-07T15:02:00+02:00,2026-09-07T15:02:12+02:00,2026-09-07T15:02:12+02:00,12.0,1,Egersund,GOA:Line:59,Jærbanen,L5,rail,GOA:ServiceJourney:3044_63087-R,True,actual,False,,,,,2026-09-07T15:44:36.205822+02:00
NSR:StopPlace:302,Gjøvik stasjon,2026-09-07T14:34:00+02:00,2026-09-07T14:34:12+02:00,2026-09-07T14:34:12+02:00,12.0,1,Roa,VYG:Line:RE30,Oslo S-Gjøvik,RE30,rail,VYG:ServiceJourney:1222-GJOe_589165-R,True,actual,False,,,,,2026-09-07T15:44:36.205822+02:00
NSR:StopPlace:62309,Ljan stasjon,2026-09-07T15:05:00+02:00,2026-09-07T15:05:12+02:00,2026-09-07T15:05:12+02:00,12.0,1,Stabekk,VYG:Line:L2,Stabekk-Oslo S-Ski,L2,rail,VYG:ServiceJourney:2744-SKI_443954-R,True,actual,False,,,,,2026-09-07T15:44:36.205822+02:00
NSR:StopPlace:8,Paradis stasjon,2026-09-07T06:53:00+02:00,2026-09-07T06:53:12+02:00,2026-09-07T06:53:12+02:00,12.0,1,Stavanger,GOA:Line:59,Jærbanen,L5,rail,GOA:ServiceJourney:3005_63036-R,True,actual,False,,,,,2026-09-07T08:42:24.659182+02:00
NSR:StopPlace:61466,Vakås stasjon,2026-09-07T07:27:00+02:00,2026-09-07T07:27:12+02:00,2026-09-07T07:27:12+02:00,12.0,1,Asker,VYG:Line:L1,Spikkestad-Oslo S-Lillestrøm,L1,rail,VYG:ServiceJourney:2107_443511-R,True,actual,False,,,,,2026-09-07T08:42:24.659182+02:00
NSR:StopPlace:59957,Klepp stasjon,2026-09-07T08:38:00+02:00,2026-09-07T08:38:12+02:00,2026-09-07T08:38:12+02:00,12.0,1,Boreringen,KOL:Line:8_2024,59,59,bus,KOL:ServiceJourney:2024_250903083241340_2008,True,actual,False,,,,,2026-09-07T08:42:24.659182+02:00
NSR:StopPlace:59616,Asker stasjon,2026-09-07T05:59:00+02:00,2026-09-07T05:59:12+02:00,2026-09-07T05:59:12+02:00,12.0,1,Eidsvoll,VYG:Line:RE11,Eidsvoll-Oslo S-Skien,RE11,rail,VYG:ServiceJourney:802_444382-R,True,actual,False,,,,,2026-09-07T08:42:24.659182+02:00
NSR:StopPlace:60603,Kongsberg stasjon,2026-09-07T05:34:00+02:00,2026-09-07T05:34:12+02:00,2026-09-07T05:34:12+02:00,12.0,1,Eidsvoll,VYG:Line:R12,Kongsberg-Oslo S-Eidsvoll,R12,rail,VYG:ServiceJourney:504_444296-R,True,actual,False,,,,,2026-09-07T08:42:24.659182+02:00
NSR:StopPlace:59636,Holmlia stasjon,2026-09-07T06:49:00+02:00,2026-09-07T06:49:12+02:00,2026-09-07T06:49:12+02:00,12.0,1,Åsbråten,RUT:Line:79,Grorud T - Åsbråten,79,bus,RUT:ServiceJourney:18a034131f8313bcb88ea4477ffa5cb2,True,actual,False,,,,,2026-09-07T08:42:24.659182+02:00
NSR:StopPlace:58920,Snartemo stasjon,2026-09-07T07:30:00+02:00,2026-09-07T07:30:12+02:00,2026-09-07T07:30:12+02:00,12.0,1,Birkeland - Bryggeså,AKT:Line:240,Skoleruter Hægebostad,240,bus,AKT:ServiceJourney:65971_22_22_54000_55500_1072403,True,actual,False,,,,,2026-09-07T08:42:24.659182+02:00
NSR:StopPlace:58924,Bryne stasjon,2026-09-07T06:23:00+02:00,2026-09-07T06:23:12+02:00,2026-09-07T06:23:12+02:00,12.0,1,Egersund,GOA:Line:59,Jærbanen,L5,rail,GOA:ServiceJourney:3008_63040-R,True,actual,False,,,,,2026-09-07T08:42:24.659182+02:00
NSR:StopPlace:58793,Askim stasjon,2026-09-07T06:36:00+02:00,2026-09-07T06:36:12+02:00,2026-09-07T06:36:12+02:00,12.0,1,Rakkestad,VYG:Line:R22,Skøyen-Oslo S-Mysen-Rakkestad,R22,rail,VYG:ServiceJourney:1903_443437-R,True,actual,False,,,,,2026-09-07T08:42:24.659182+02:00
NSR:StopPlace:58834,Hokksund stasjon,2026-09-07T06:54:00+02:00,2026-09-07T06:54:12+02:00,2026-09-07T06:54:12+02:00,12.0,1,Hokksund - Hønefoss,BRA:Line:4_6139,Drammen - Åmot - Hønefoss,139,bus,BRA:ServiceJourney:6139_260415100161346_1010,True,actual,False,,,,,2026-09-07T08:42:24.659182+02:00
NSR:StopPlace:58852,Høn stasjon,2026-09-07T07:29:00+02:00,2026-09-07T07:29:12+02:00,2026-09-07T07:29:12+02:00,12.0,1,Asker,VYG:Line:L1,Spikkestad-Oslo S-Lillestrøm,L1,rail,VYG:ServiceJourney:2107_443511-R,True,actual,False,,,,,2026-09-07T08:42:24.659182+02:00
NSR:StopPlace:58853,Kolbotn stasjon,2026-09-07T07:13:00+02:00,2026-09-07T07:13:12+02:00,2026-09-07T07:13:12+02:00,12.0,1,Ski stasjon,RUT:Line:580,Kolbotn - Ski,580,bus,RUT:ServiceJourney:efb4958da179db868fc5cf3d5523ae22,True,actual,False,,,,,2026-09-07T08:42:24.659182+02:00
NSR:StopPlace:58856,Lysaker stasjon,2026-09-07T06:09:00+02:00,2026-09-07T06:09:12+02:00,2026-09-07T06:09:12+02:00,12.0,1,Asker,VYG:Line:R14,Asker-Oslo S-Kongsvinger,R14,rail,VYG:ServiceJourney:1002_442907-R,True,actual,False,,,,,2026-09-07T08:42:24.659182+02:00
NSR:StopPlace:58865,Vestby stasjon,2026-09-07T07:26:00+02:00,2026-09-07T07:26:12+02:00,2026-09-07T07:26:12+02:00,12.0,1,Oslo S,VYG:Line:R23x,Stabekk-Oslo S-Moss,R23x,rail,VYG:ServiceJourney:1510-MOS_443153-R,True,actual,False,,,,,2026-09-07T08:42:24.659182+02:00
NSR:StopPlace:58870,Holmestrand stasjon,2026-09-07T07:40:00+02:00,2026-09-07T07:40:12+02:00,2026-09-07T07:40:12+02:00,12.0,1,Hvitstein-Kleiverud,VKT:Line:30,Kleiverud-Holmestrand,30,bus,VKT:ServiceJourney:14850,True,actual,False,,,,,2026-09-07T08:42:24.659182+02:00
NSR:StopPlace:362,Jåttåvågen stasjon,2026-09-07T07:06:00+02:00,2026-09-07T07:06:12+02:00,2026-09-07T07:06:12+02:00,12.0,1,Stavanger,GOA:Line:59,Jærbanen,L5,rail,GOA:ServiceJourney:3109_63154-R,True,actual,False,,,,,2026-09-07T08:42:24.659182+02:00
NSR:StopPlace:302,Gjøvik stasjon,2026-09-07T08:34:00+02:00,2026-09-07T08:34:12+02:00,2026-09-07T08:34:12+02:00,12.0,1,Roa,VYG:Line:RE30,Oslo S-Gjøvik,RE30,rail,VYG:ServiceJourney:1210-GJOe_589128-R,True,actual,False,,,,,2026-09-07T08:42:24.659182+02:00
NSR:StopPlace:59651,Skøyen stasjon,2026-09-07T02:36:00+02:00,2026-09-07T02:36:12+02:00,2026-09-07T02:36:12+02:00,12.0,1,Fornebu,RUT:Line:31,Snarøya - Fornebu - Tonsenhagen - Grorud,31,bus,RUT:ServiceJourney:fed94ff0fb4eab47971a5979a656e5cd,True,actual,False,,,,,2026-09-07T03:30:22.110925+02:00
NSR:StopPlace:58404,Nationaltheatret,2026-09-07T03:25:00+02:00,2026-09-07T03:25:12+02:00,2026-09-07T03:25:12+02:00,12.0,1,Fornebu,RUT:Line:31,Snarøya - Fornebu - Tonsenhagen - Grorud,31,bus,RUT:ServiceJourney:b95056749a34fd3f9ea52098ab48b8d6,True,actual,False,,,,,2026-09-07T03:30:22.110925+02:00
NSR:StopPlace:58811,Moelv stasjon,2026-09-08T00:52:00+02:00,2026-09-08T00:52:11+02:00,2026-09-08T00:52:11+02:00,11.0,1,Trondheim S,SJN:Line:21,Dovrebanen,F6,rail,SJN:ServiceJourney:405-LOD_30131-R,True,actual,False,,,,,2026-09-08T03:39:50.209703+02:00
NSR:StopPlace:101,Sagdalen stasjon,2026-09-08T00:43:30+02:00,2026-09-08T00:43:41+02:00,2026-09-08T00:43:41+02:00,11.0,1,Drammen,VYG:Line:L1,Spikkestad-Oslo S-Lillestrøm,L1,rail,VYG:ServiceJourney:2281_443719-R,True,actual,False,,,,,2026-09-08T03:39:50.209703+02:00
NSR:StopPlace:59649,Nydalen stasjon,2026-09-07T23:46:00+02:00,2026-09-07T23:46:11+02:00,2026-09-07T23:46:11+02:00,11.0,1,Lysaker,RUT:Line:23,Lysaker - Simensbråten,23,bus,RUT:ServiceJourney:39a1c3dacb52434b59d3f168b044e41f,True,actual,False,,,,,2026-09-08T00:20:52.129880+02:00
NSR:StopPlace:58963,Jessheim stasjon,2026-09-07T23:28:00+02:00,2026-09-07T23:28:11+02:00,2026-09-07T23:28:11+02:00,11.0,1,Nordkisa,RUT:Line:440,Fenstad/Nordkisa - Oslo lufthavn,440,bus,RUT:ServiceJourney:d96f09f43b1b14a5d7df678b85d8f108,True,actual,False,,,,,2026-09-08T00:20:52.129880+02:00
NSR:StopPlace:58925,Gausel stasjon,2026-09-07T22:25:00+02:00,2026-09-07T22:25:11+02:00,2026-09-07T22:25:11+02:00,11.0,1,Sandnes,KOL:Line:8_1001,1,1,bus,KOL:ServiceJourney:1001_251211091492213_1116,True,actual,False,,,,,2026-09-08T00:20:52.129880+02:00
NSR:StopPlace:58793,Askim stasjon,2026-09-07T23:46:00+02:00,2026-09-07T23:46:11+02:00,2026-09-07T23:46:11+02:00,11.0,1,Rakkestad,VYG:Line:R22,Skøyen-Oslo S-Mysen-Rakkestad,R22,rail,VYG:ServiceJourney:1937_443491-R,True,actual,False,,,,,2026-09-08T00:20:52.129880+02:00
NSR:StopPlace:58836,Mjøndalen stasjon,2026-09-07T22:27:00+02:00,2026-09-07T22:27:11+02:00,2026-09-07T22:27:11+02:00,11.0,1,Åsen,BRA:Line:4_6053,Mjøndalen - Åsen,53,bus,BRA:ServiceJourney:6053_260415100160452_1041,True,actual,False,,,,,2026-09-08T00:20:52.129880+02:00
NSR:StopPlace:58854,Langhus stasjon,2026-09-07T22:54:00+02:00,2026-09-07T22:54:11+02:00,2026-09-07T22:54:11+02:00,11.0,1,Drøbak - Seiersten,RUT:Line:510,Bøleråsen - Ski - Ås - Drøbak,510,bus,RUT:ServiceJourney:a87b37cf60576e1f318260019d4b3b79,True,actual,False,,,,,2026-09-08T00:20:52.129880+02:00
NSR:StopPlace:58851,Heggedal stasjon,2026-09-07T22:55:00+02:00,2026-09-07T22:55:11+02:00,2026-09-07T22:55:11+02:00,11.0,1,Spikkestad,VYG:Line:L1,Spikkestad-Oslo S-Lillestrøm,L1,rail,VYG:ServiceJourney:2269_443700-R,True,actual,False,,,,,2026-09-08T00:20:52.129880+02:00
NSR:StopPlace:610,Sandvika stasjon,2026-09-07T21:35:00+02:00,2026-09-07T21:35:11+02:00,2026-09-07T21:35:11+02:00,11.0,1,Eidsvoll,VYG:Line:R12,Kongsberg-Oslo S-Eidsvoll,R12,rail,VYG:ServiceJourney:534_444344-R,True,actual,False,,,,,2026-09-08T00:20:52.129880+02:00
NSR:StopPlace:610,Sandvika stasjon,2026-09-07T22:00:00+02:00,2026-09-07T22:00:11+02:00,2026-09-07T22:00:11+02:00,11.0,1,Oslo Lufthavn,FLT:Line:FLY1,FLY1,FLY1,rail,FLT:ServiceJourney:1-2614-3807-20260907,True,actual,False,,,,,2026-09-08T00:20:52.129880+02:00
NSR:StopPlace:62309,Ljan stasjon,2026-09-07T22:35:00+02:00,2026-09-07T22:35:11+02:00,2026-09-07T22:35:11+02:00,11.0,1,Stabekk,VYG:Line:L2,Stabekk-Oslo S-Ski,L2,rail,VYG:ServiceJourney:2774-SKI_443996-R,True,actual,False,,,,,2026-09-08T00:20:52.129880+02:00
NSR:StopPlace:62309,Ljan stasjon,2026-09-07T23:09:00+02:00,2026-09-07T23:09:11+02:00,2026-09-07T23:09:11+02:00,11.0,1,Ski,VYG:Line:L2,Stabekk-Oslo S-Ski,L2,rail,VYG:ServiceJourney:2871-BES_488399-R,True,actual,False,,,,,2026-09-08T00:20:52.129880+02:00
NSR:StopPlace:61462,Namsskogan stasjon,2026-09-07T18:22:00+02:00,2026-09-07T18:22:11+02:00,2026-09-07T18:22:11+02:00,11.0,1,Trondheim S,SJN:Line:71,Nordlandsbanen,F7,rail,SJN:ServiceJourney:472_46160-R,True,actual,False,,,,,2026-09-07T20:27:16.249662+02:00
NSR:StopPlace:61387,Skogn stasjon,2026-09-07T17:36:00+02:00,2026-09-07T17:36:11+02:00,2026-09-07T17:36:11+02:00,11.0,1,Steinkjer,SJN:Line:26,Trønderbanen,R70,rail,SJN:ServiceJourney:443-SOeB_56072-R,True,actual,False,,,,,2026-09-07T20:27:16.249662+02:00
NSR:StopPlace:61301,Movatn stasjon,2026-09-07T17:27:00+02:00,2026-09-07T17:27:11+02:00,2026-09-07T17:27:11+02:00,11.0,1,Nydalen,VYG:Line:R31,Skøyen-Jaren-Gjøvik,R31,rail,VYG:ServiceJourney:BUS-290_655650-R,True,actual,False,,,,,2026-09-07T20:27:16.249662+02:00
NSR:StopPlace:59654,Stabekk stasjon,2026-09-07T18:00:00+02:00,2026-09-07T18:00:11+02:00,2026-09-07T18:00:11+02:00,11.0,1,Ski,VYG:Line:L2,Stabekk-Oslo S-Ski,L2,rail,VYG:ServiceJourney:2753-HVK_443964-R,True,actual,False,,,,,2026-09-07T20:27:16.249662+02:00
NSR:StopPlace:59654,Stabekk stasjon,2026-09-07T18:06:00+02:00,2026-09-07T18:06:11+02:00,2026-09-07T18:06:11+02:00,11.0,1,Moss,VYG:Line:R21,Stabekk-Oslo S-Moss,R21,rail,VYG:ServiceJourney:1153-HVK_443036-R,True,actual,False,,,,,2026-09-07T20:27:16.249662+02:00
NSR:StopPlace:59952,Drammen stasjon,2026-09-07T19:22:00+02:00,2026-09-07T19:22:11+02:00,2026-09-07T19:22:11+02:00,11.0,1,Oslo Lufthavn,FLT:Line:FLY1,FLY1,FLY1,rail,FLT:ServiceJourney:1-2614-3793-20260907,True,actual,False,,,,,2026-09-07T20:27:16.249662+02:00
NSR:StopPlace:59952,Drammen stasjon,2026-09-07T19:57:00+02:00,2026-09-07T19:57:11+02:00,2026-09-07T19:57:11+02:00,11.0,1,Lillehammer,VYG:Line:RE10,Drammen-Oslo S-Lillehammer,RE10,rail,VYG:ServiceJourney:333-SUD_444251-R,True,actual,False,Bruk de forreste vognene,På denne avgangen er det bakerste togsettet stengt mellom Drammen og Lillehammer. Bruk de forreste vognene.,general,normal,2026-09-07T20:27:16.249662+02:00
NSR:StopPlace:59243,Mo i Rana stasjon,2026-09-07T19:12:00+02:00,2026-09-07T19:12:11+02:00,2026-09-07T19:12:11+02:00,11.0,1,Båsmobakken,NOR:Line:12_8371,Grubbåsen - Båsmobakken/Skillevollen,1,bus,NOR:ServiceJourney:8371_251012124858525_1037,True,actual,False,,,,,2026-09-07T20:27:16.249662+02:00
NSR:StopPlace:60569,Sirevåg stasjon,2026-09-07T17:34:00+02:00,2026-09-07T17:34:11+02:00,2026-09-07T17:34:11+02:00,11.0,1,Stavanger,GOA:Line:59,Jærbanen,L5,rail,GOA:ServiceJourney:3053_63102-R,True,actual,False,,,,,2026-09-07T20:27:16.249662+02:00
NSR:StopPlace:58844,Eidsvoll stasjon,2026-09-07T18:14:00+02:00,2026-09-07T18:14:11+02:00,2026-09-07T18:14:11+02:00,11.0,1,Eidsvoll,RUT:Line:430,Eidsvoll - Jessheim,430,bus,RUT:ServiceJourney:f9b0c25a09410c357d952992b67c6a6b,True,actual,False,,,,,2026-09-07T20:27:16.249662+02:00
NSR:StopPlace:58857,Lørenskog stasjon,2026-09-07T18:21:00+02:00,2026-09-07T18:21:11+02:00,2026-09-07T18:21:11+02:00,11.0,1,Spikkestad,VYG:Line:L1,Spikkestad-Oslo S-Lillestrøm,L1,rail,VYG:ServiceJourney:2255_443677-R,True,actual,False,,,,,2026-09-07T20:27:16.249662+02:00
NSR:StopPlace:58869,Ås stasjon,2026-09-07T20:15:00+02:00,2026-09-07T20:15:11+02:00,2026-09-07T20:15:11+02:00,11.0,1,Stabekk,VYG:Line:R21,Stabekk-Oslo S-Moss,R21,rail,VYG:ServiceJourney:1164-MOS_443055-R,True,actual,False,,,,,2026-09-07T20:27:16.249662+02:00
NSR:StopPlace:101,Sagdalen stasjon,2026-09-07T19:28:00+02:00,2026-09-07T19:28:11+02:00,2026-09-07T19:28:11+02:00,11.0,1,Asker,VYG:Line:L1,Spikkestad-Oslo S-Lillestrøm,L1,rail,VYG:ServiceJourney:2159_443568-R,True,actual,False,,,,,2026-09-07T20:27:16.249662+02:00
NSR:StopPlace:62309,Ljan stasjon,2026-09-07T17:35:00+02:00,2026-09-07T17:35:11+02:00,2026-09-07T17:35:11+02:00,11.0,1,Stabekk,VYG:Line:L2,Stabekk-Oslo S-Ski,L2,rail,VYG:ServiceJourney:2754-SKI_443965-R,True,actual,False,,,,,2026-09-07T20:27:16.249662+02:00
NSR:StopPlace:62309,Ljan stasjon,2026-09-07T19:50:00+02:00,2026-09-07T19:50:11+02:00,2026-09-07T19:50:11+02:00,11.0,1,Oslo S,VYG:Line:L2,Stabekk-Oslo S-Ski,L2,rail,VYG:ServiceJourney:2862_444105-R,True,actual,False,,,,,2026-09-07T20:27:16.249662+02:00
NSR:StopPlace:62339,Lillestrøm stasjon,2026-09-07T17:46:00+02:00,2026-09-07T17:46:11+02:00,2026-09-07T17:46:11+02:00,11.0,1,Asker,VYG:Line:R14,Asker-Oslo S-Kongsvinger,R14,rail,VYG:ServiceJourney:1026_442936-R,True,actual,False,Heis i spor 1 og 2 er ute av bruk på grunn av vedlikehold.,Heis i spor 1 og 2 er ute av bruk på grunn av vedlikehold.,general,normal,2026-09-07T20:27:16.249662+02:00
NSR:StopPlace:61979,Hellvik stasjon,2026-09-07T17:29:00+02:00,2026-09-07T17:29:11+02:00,2026-09-07T17:29:11+02:00,11.0,1,Stavanger,GOA:Line:59,Jærbanen,L5,rail,GOA:ServiceJourney:3053_63102-R,True,actual,False,,,,,2026-09-07T20:27:16.249662+02:00
NSR:StopPlace:61291,Stavanger stasjon,2026-09-07T14:39:00+02:00,2026-09-07T14:39:11+02:00,2026-09-07T14:39:11+02:00,11.0,1,Skeiane,GOA:Line:59,Jærbanen,L5,rail,GOA:ServiceJourney:3140_63185-R,True,actual,False,,,,,2026-09-07T15:44:36.205822+02:00
NSR:StopPlace:59647,Dal stasjon,2026-09-07T13:54:00+02:00,2026-09-07T13:54:11+02:00,2026-09-07T13:54:11+02:00,11.0,1,Drammen,VYG:Line:R13,Drammen-Oslo S-Dal,R13,rail,VYG:ServiceJourney:1638_443294-R,True,actual,False,,,,,2026-09-07T15:44:36.205822+02:00
NSR:StopPlace:59647,Dal stasjon,2026-09-07T14:24:00+02:00,2026-09-07T14:24:11+02:00,2026-09-07T14:24:11+02:00,11.0,1,Drammen,VYG:Line:R13,Drammen-Oslo S-Dal,R13,rail,VYG:ServiceJourney:1640_443299-R,True,actual,False,,,,,2026-09-07T15:44:36.205822+02:00
NSR:StopPlace:59952,Drammen stasjon,2026-09-07T14:22:00+02:00,2026-09-07T14:22:11+02:00,2026-09-07T14:22:11+02:00,11.0,1,Oslo Lufthavn,FLT:Line:FLY1,FLY1,FLY1,rail,FLT:ServiceJourney:1-2614-3763-20260907,True,actual,False,,,,,2026-09-07T15:44:36.205822+02:00
NSR:StopPlace:59243,Mo i Rana stasjon,2026-09-07T15:12:00+02:00,2026-09-07T15:12:11+02:00,2026-09-07T15:12:11+02:00,11.0,1,Sykehuset Mo,NOR:Line:12_8372,Kvernkroken - Sykehuset Mo,2,bus,NOR:ServiceJourney:8372_251012124855343_1019,True,actual,False,,,,,2026-09-07T15:44:36.205822+02:00
NSR:StopPlace:58796,Moss stasjon,2026-09-07T13:47:00+02:00,2026-09-07T13:47:11+02:00,2026-09-07T13:47:11+02:00,11.0,1,Halden,VYG:Line:RE20,Oslo S-Halden-Göteborg (X-Border),RE20,rail,VYG:ServiceJourney:117-LOD_673472-R,True,actual,False,,,,,2026-09-07T15:44:36.205822+02:00
NSR:StopPlace:58833,Gol stasjon,2026-09-07T15:25:00+02:00,2026-09-07T15:25:11+02:00,2026-09-07T15:25:11+02:00,11.0,1,Hemsedal - Tuv,BRA:Line:4_6360,Gol - Tuv,360,bus,BRA:ServiceJourney:6360_260415100163977_1005,True,actual,False,,,,,2026-09-07T15:44:36.205822+02:00
NSR:StopPlace:58884,Skien stasjon,2026-09-07T15:09:00+02:00,2026-09-07T15:09:11+02:00,2026-09-07T15:09:11+02:00,11.0,1,Eidsvoll,VYG:Line:RE11,Eidsvoll-Oslo S-Skien,RE11,rail,VYG:ServiceJourney:824_444404-R,True,actual,False,,,,,2026-09-07T15:44:36.205822+02:00
NSR:StopPlace:58893,Grovane stasjon,2026-09-07T14:37:00+02:00,2026-09-07T14:37:11+02:00,2026-09-07T14:37:11+02:00,11.0,1,Kristiansand,AKT:Line:31,Kvadraturen - Sødal - Vennesla,31,bus,AKT:ServiceJourney:79689_192_44_105240_107760_3950001,True,actual,False,,,,,2026-09-07T15:44:36.205822+02:00
NSR:StopPlace:58822,Opphus stasjon,2026-09-07T14:50:00+02:00,2026-09-07T14:50:11+02:00,2026-09-07T14:50:11+02:00,11.0,1,Hamar,SJN:Line:25,Rørosbanen,R60,rail,SJN:ServiceJourney:2386_47976-R,True,actual,False,,,,,2026-09-07T15:44:36.205822+02:00
NSR:StopPlace:62309,Ljan stasjon,2026-09-07T14:50:00+02:00,2026-09-07T14:50:11+02:00,2026-09-07T14:50:11+02:00,11.0,1,Lysaker,VYG:Line:L2,Stabekk-Oslo S-Ski,L2,rail,VYG:ServiceJourney:2842-SKI_444074-R,True,actual,False,Færre vogner,Denne avgangen kjører dessverre med 3 vogner i stedet for 6 vogner. Dette skyldes at vi mangler et togsett.,general,normal,2026-09-07T15:44:36.205822+02:00
NSR:StopPlace:62339,Lillestrøm stasjon,2026-09-07T13:26:00+02:00,2026-09-07T13:26:11+02:00,2026-09-07T13:26:11+02:00,11.0,1,Skien,VYG:Line:RE11,Eidsvoll-Oslo S-Skien,RE11,rail,VYG:ServiceJourney:819_444399-R,True,actual,False,Heis i spor 1 og 2 er ute av bruk på grunn av vedlikehold.,Heis i spor 1 og 2 er ute av bruk på grunn av vedlikehold.,general,normal,2026-09-07T15:44:36.205822+02:00
NSR:StopPlace:53,Røros stasjon,2026-09-07T06:18:00+02:00,2026-09-07T06:18:11+02:00,2026-09-07T06:18:11+02:00,11.0,1,Hamar,SJN:Line:25,Rørosbanen,R60,rail,SJN:ServiceJourney:2380_37659-R,True,actual,False,,,,,2026-09-07T08:42:24.659182+02:00
NSR:StopPlace:59643,Grefsen stasjon,2026-09-07T07:22:00+02:00,2026-09-07T07:22:11+02:00,2026-09-07T07:22:11+02:00,11.0,1,Gaustadalléen,RUT:Line:17,Rikshospitalet - Sinsen o/ Carl Berner,17,tram,RUT:ServiceJourney:0190fb1e5f78ad8e9b6bd4abb0006c34,True,actual,False,,,,,2026-09-07T08:42:24.659182+02:00
NSR:StopPlace:59952,Drammen stasjon,2026-09-07T06:02:00+02:00,2026-09-07T06:02:11+02:00,2026-09-07T06:02:11+02:00,11.0,1,Oslo Lufthavn,FLT:Line:FLY1,FLY1,FLY1,rail,FLT:ServiceJourney:1-2614-3713-20260907,True,actual,False,,,,,2026-09-07T08:42:24.659182+02:00
NSR:StopPlace:59952,Drammen stasjon,2026-09-07T07:00:00+02:00,2026-09-07T07:00:11+02:00,2026-09-07T07:00:11+02:00,11.0,1,Bergen,VYG:Line:F4,Oslo S-Bergen,F4,rail,VYG:ServiceJourney:61-LOD_504304-R,True,actual,False,,,,,2026-09-07T08:42:24.659182+02:00
NSR:StopPlace:59983,Bergen stasjon,2026-09-07T08:42:00+02:00,2026-09-07T08:42:11+02:00,2026-09-07T08:42:11+02:00,11.0,1,Arna,VYG:Line:L4,Bergen-Arna,L4,rail,VYG:ServiceJourney:2514_443772-R,True,actual,False,,,,,2026-09-07T08:42:24.659182+02:00
NSR:StopPlace:60047,Melhus skysstasjon,2026-09-07T06:03:00+02:00,2026-09-07T06:03:11+02:00,2026-09-07T06:03:11+02:00,11.0,1,Hamar,SJN:Line:25,Rørosbanen,R60,rail,SJN:ServiceJourney:2382_48224-R,True,actual,False,,,,,2026-09-07T08:42:24.659182+02:00
NSR:StopPlace:60047,Melhus skysstasjon,2026-09-07T06:42:00+02:00,2026-09-07T06:42:11+02:00,2026-09-07T06:42:11+02:00,11.0,1,Steinkjer,SJN:Line:26,Trønderbanen,R70,rail,SJN:ServiceJourney:425_56054-R,True,actual,False,,,,,2026-09-07T08:42:24.659182+02:00
NSR:StopPlace:60053,Halden stasjon,2026-09-07T08:12:00+02:00,2026-09-07T08:12:11+02:00,2026-09-07T08:12:11+02:00,11.0,1,Oslo S,VYG:Line:RE20,Oslo S-Halden-Göteborg (X-Border),RE20,rail,VYG:ServiceJourney:382-110_482787-R,True,actual,False,,,,,2026-09-07T08:42:24.659182+02:00
NSR:StopPlace:58954,Fauske stasjon,2026-09-07T07:20:00+02:00,2026-09-07T07:20:11+02:00,2026-09-07T07:20:11+02:00,11.0,1,Bodø lufthavn,NOR:Line:12_8100,Bodø - Fauske - Narvik/Sortland,100,bus,NOR:ServiceJourney:8100_260126119355108_2020,True,actual,False,,,,,2026-09-07T08:42:24.659182+02:00
NSR:StopPlace:58797,Mysen stasjon,2026-09-07T07:45:00+02:00,2026-09-07T07:45:11+02:00,2026-09-07T07:45:11+02:00,11.0,1,Trømborg,OST:Line:1_413,Åsgård-Trømborg-Mysen,413,bus,OST:ServiceJourney:413_260325121472673_1,True,actual,False,,,,,2026-09-07T08:42:24.659182+02:00
NSR:StopPlace:58857,Lørenskog stasjon,2026-09-07T06:36:00+02:00,2026-09-07T06:36:11+02:00,2026-09-07T06:36:11+02:00,11.0,1,Lørenskog sentrum,RUT:Line:67,Økern-Lørenskog sentrum,67,bus,RUT:ServiceJourney:e1ff1f28e453f23d38c779901d0f389d,True,actual,False,,,,,2026-09-07T08:42:24.659182+02:00
NSR:StopPlace:58876,Tønsberg stasjon,2026-09-07T07:09:00+02:00,2026-09-07T07:09:11+02:00,2026-09-07T07:09:11+02:00,11.0,1,Eidsvoll,VYG:Line:RE11,Eidsvoll-Oslo S-Skien,RE11,rail,VYG:ServiceJourney:806_444386-R,True,actual,False,,,,,2026-09-07T08:42:24.659182+02:00
NSR:StopPlace:58884,Skien stasjon,2026-09-07T07:09:00+02:00,2026-09-07T07:09:11+02:00,2026-09-07T07:09:11+02:00,11.0,1,Eidsvoll,VYG:Line:RE11,Eidsvoll-Oslo S-Skien,RE11,rail,VYG:ServiceJourney:808_444388-R,True,actual,False,,,,,2026-09-07T08:42:24.659182+02:00
NSR:StopPlace:362,Jåttåvågen stasjon,2026-09-07T06:47:00+02:00,2026-09-07T06:47:11+02:00,2026-09-07T06:47:11+02:00,11.0,1,Stavanger,GOA:Line:59,Jærbanen,L5,rail,GOA:ServiceJourney:3005_63036-R,True,actual,False,,,,,2026-09-07T08:42:24.659182+02:00
NSR:StopPlace:374,Göteborg Centralstation,2026-09-07T08:10:00+02:00,2026-09-07T08:10:11+02:00,2026-09-07T08:10:11+02:00,11.0,1,Oslo S,VYG:Line:RE20,Oslo S-Halden-Göteborg (X-Border),RE20,rail,VYG:ServiceJourney:384-114_674565-R,True,actual,False,,,,,2026-09-07T08:42:24.659182+02:00
NSR:StopPlace:702,Sandnes sentrum stasjon,2026-09-07T06:39:00+02:00,2026-09-07T06:39:11+02:00,2026-09-07T06:39:11+02:00,11.0,1,Stavanger,GOA:Line:59,Jærbanen,L5,rail,GOA:ServiceJourney:3005_63036-R,True,actual,False,,,,,2026-09-07T08:42:24.659182+02:00
NSR:StopPlace:62094,Lindeberg stasjon,2026-09-07T06:48:00+02:00,2026-09-07T06:48:11+02:00,2026-09-07T06:48:11+02:00,11.0,1,Drammen,VYG:Line:R13,Drammen-Oslo S-Dal,R13,rail,VYG:ServiceJourney:1608_443225-R,True,actual,False,,,,,2026-09-07T08:42:24.659182+02:00
NSR:StopPlace:62309,Ljan stasjon,2026-09-07T07:09:00+02:00,2026-09-07T07:09:11+02:00,2026-09-07T07:09:11+02:00,11.0,1,Ski,VYG:Line:L2,Stabekk-Oslo S-Ski,L2,rail,VYG:ServiceJourney:2807-BES_488363-R,True,actual,False,Færre vogner,Denne avgangen kjører dessverre med 3 vogner i stedet for 6 vogner. Dette skyldes at vi mangler et togsett.,general,normal,2026-09-07T08:42:24.659182+02:00
NSR:StopPlace:62339,Lillestrøm stasjon,2026-09-07T05:46:00+02:00,2026-09-07T05:46:11+02:00,2026-09-07T05:46:11+02:00,11.0,1,Asker,VYG:Line:R14,Asker-Oslo S-Kongsvinger,R14,rail,VYG:ServiceJourney:1002_442907-R,True,actual,False,Heis i spor 1 og 2 er ute av bruk på grunn av vedlikehold.,Heis i spor 1 og 2 er ute av bruk på grunn av vedlikehold.,general,normal,2026-09-07T08:42:24.659182+02:00
NSR:StopPlace:62339,Lillestrøm stasjon,2026-09-07T06:55:00+02:00,2026-09-07T06:55:11+02:00,2026-09-07T06:55:11+02:00,11.0,1,Dal,VYG:Line:R13,Drammen-Oslo S-Dal,R13,rail,VYG:ServiceJourney:1607_443224-R,True,actual,False,Heis i spor 1 og 2 er ute av bruk på grunn av vedlikehold.,Heis i spor 1 og 2 er ute av bruk på grunn av vedlikehold.,general,normal,2026-09-07T08:42:24.659182+02:00
NSR:StopPlace:61466,Vakås stasjon,2026-09-07T23:27:00+02:00,2026-09-07T23:27:10+02:00,2026-09-07T23:27:10+02:00,10.0,1,Asker,VYG:Line:L1,Spikkestad-Oslo S-Lillestrøm,L1,rail,VYG:ServiceJourney:2171_443582-R,True,actual,False,,,,,2026-09-08T00:20:52.129880+02:00
NSR:StopPlace:61463,Nordstrand stasjon,2026-09-07T22:52:00+02:00,2026-09-07T22:52:10+02:00,2026-09-07T22:52:10+02:00,10.0,1,Oslo S,VYG:Line:L2,Stabekk-Oslo S-Ski,L2,rail,VYG:ServiceJourney:2874_444118-R,True,actual,False,,,,,2026-09-08T00:20:52.129880+02:00
NSR:StopPlace:61464,Hvalstad stasjon,2026-09-07T23:25:00+02:00,2026-09-07T23:25:10+02:00,2026-09-07T23:25:10+02:00,10.0,1,Asker,VYG:Line:L1,Spikkestad-Oslo S-Lillestrøm,L1,rail,VYG:ServiceJourney:2171_443582-R,True,actual,False,,,,,2026-09-08T00:20:52.129880+02:00
NSR:StopPlace:61897,Bryn stasjon,2026-09-07T22:30:00+02:00,2026-09-07T22:30:10+02:00,2026-09-07T22:30:10+02:00,10.0,1,Lillestrøm,VYG:Line:L1,Spikkestad-Oslo S-Lillestrøm,L1,rail,VYG:ServiceJourney:2170_443581-R,True,actual,False,,,,,2026-09-08T00:20:52.129880+02:00
NSR:StopPlace:61897,Bryn stasjon,2026-09-08T00:15:00+02:00,2026-09-08T00:15:10+02:00,2026-09-08T00:15:10+02:00,10.0,1,Lillestrøm,VYG:Line:L1,Spikkestad-Oslo S-Lillestrøm,L1,rail,VYG:ServiceJourney:2278_445378-R,True,actual,False,,,,,2026-09-08T00:20:52.129880+02:00
NSR:StopPlace:59637,Rosenholm stasjon,2026-09-07T22:58:00+02:00,2026-09-07T22:58:10+02:00,2026-09-07T22:58:10+02:00,10.0,1,Stabekk,VYG:Line:L2,Stabekk-Oslo S-Ski,L2,rail,VYG:ServiceJourney:2776-SKI_443999-R,True,actual,False,,,,,2026-09-08T00:20:52.129880+02:00
NSR:StopPlace:59637,Rosenholm stasjon,2026-09-07T23:28:00+02:00,2026-09-07T23:28:10+02:00,2026-09-07T23:28:10+02:00,10.0,1,Stabekk,VYG:Line:L2,Stabekk-Oslo S-Ski,L2,rail,VYG:ServiceJourney:2778-SKI_444001-R,True,actual,False,,,,,2026-09-08T00:20:52.129880+02:00
NSR:StopPlace:59637,Rosenholm stasjon,2026-09-07T23:43:00+02:00,2026-09-07T23:43:10+02:00,2026-09-07T23:43:10+02:00,10.0,1,Oslo S,VYG:Line:L2,Stabekk-Oslo S-Ski,L2,rail,VYG:ServiceJourney:2878_444121-R,True,actual,False,,,,,2026-09-08T00:20:52.129880+02:00
NSR:StopPlace:59639,Sonsveien stasjon,2026-09-07T23:34:00+02:00,2026-09-07T23:34:10+02:00,2026-09-07T23:34:10+02:00,10.0,1,Stabekk,VYG:Line:R21,Stabekk-Oslo S-Moss,R21,rail,VYG:ServiceJourney:1178-MOS_443076-R,True,actual,False,,,,,2026-09-08T00:20:52.129880+02:00
NSR:StopPlace:58930,Larvik stasjon,2026-09-07T23:50:00+02:00,2026-09-07T23:50:10+02:00,2026-09-07T23:50:10+02:00,10.0,1,Larvik-Nordbyen,VKT:Line:81,Nordbyen-Nevlunghavn,81,bus,VKT:ServiceJourney:18148,True,actual,False,,,,,2026-09-08T00:20:52.129880+02:00
NSR:StopPlace:58835,Lier stasjon,2026-09-07T23:17:00+02:00,2026-09-07T23:17:10+02:00,2026-09-07T23:17:10+02:00,10.0,1,Drammen,VYG:Line:R13,Drammen-Oslo S-Dal,R13,rail,VYG:ServiceJourney:1670_481178-R,True,actual,False,,,,,2026-09-08T00:20:52.129880+02:00
NSR:StopPlace:58836,Mjøndalen stasjon,2026-09-07T22:19:00+02:00,2026-09-07T22:19:10+02:00,2026-09-07T22:19:10+02:00,10.0,1,Hokksund,BRA:Line:4_6101,Drammen-Vikersund/Hønefoss,101,bus,BRA:ServiceJourney:6101_260415100161223_1061,True,actual,False,,,,,2026-09-08T00:20:52.129880+02:00
NSR:StopPlace:58844,Eidsvoll stasjon,2026-09-08T00:08:00+02:00,2026-09-08T00:08:10+02:00,2026-09-08T00:08:10+02:00,10.0,1,Lillehammer,VYG:Line:RE10,Drammen-Oslo S-Lillehammer,RE10,rail,VYG:ServiceJourney:339-SUD_486429-R,True,actual,False,,,,,2026-09-08T00:20:52.129880+02:00
NSR:StopPlace:58853,Kolbotn stasjon,2026-09-07T22:13:00+02:00,2026-09-07T22:13:10+02:00,2026-09-07T22:13:10+02:00,10.0,1,Ski stasjon,RUT:Line:580,Kolbotn - Ski,580,bus,RUT:ServiceJourney:f468f64d12145c42d5b1968ba4ded0ee,True,actual,False,,,,,2026-09-08T00:20:52.129880+02:00
NSR:StopPlace:58860,Oppegård stasjon,2026-09-08T00:01:00+02:00,2026-09-08T00:01:10+02:00,2026-09-08T00:01:10+02:00,10.0,1,Ski stasjon,RUT:Line:580,Kolbotn - Ski,580,bus,RUT:ServiceJourney:27564df4d2f94876244873bf3af61e81,True,actual,False,,,,,2026-09-08T00:20:52.129880+02:00
NSR:StopPlace:62393,Billingstad stasjon,2026-09-07T23:13:00+02:00,2026-09-07T23:13:10+02:00,2026-09-07T23:13:10+02:00,10.0,1,Lillestrøm,VYG:Line:L1,Spikkestad-Oslo S-Lillestrøm,L1,rail,VYG:ServiceJourney:2276_445376-R,True,actual,False,,,,,2026-09-08T00:20:52.129880+02:00
NSR:StopPlace:61464,Hvalstad stasjon,2026-09-07T18:24:00+02:00,2026-09-07T18:24:10+02:00,2026-09-07T18:24:10+02:00,10.0,1,Lillestrøm,VYG:Line:L1,Spikkestad-Oslo S-Lillestrøm,L1,rail,VYG:ServiceJourney:2156_443565-R,True,actual,False,,,,,2026-09-07T20:27:16.249662+02:00
NSR:StopPlace:41,Hanaborg stasjon,2026-09-07T19:19:00+02:00,2026-09-07T19:19:10+02:00,2026-09-07T19:19:10+02:00,10.0,1,Spikkestad,VYG:Line:L1,Spikkestad-Oslo S-Lillestrøm,L1,rail,VYG:ServiceJourney:2259_443684-R,True,actual,False,,,,,2026-09-07T20:27:16.249662+02:00
NSR:StopPlace:59647,Dal stasjon,2026-09-07T18:24:00+02:00,2026-09-07T18:24:10+02:00,2026-09-07T18:24:10+02:00,10.0,1,Drammen,VYG:Line:R13,Drammen-Oslo S-Dal,R13,rail,VYG:ServiceJourney:1656_443335-R,True,actual,False,,,,,2026-09-07T20:27:16.249662+02:00
NSR:StopPlace:59643,Grefsen stasjon,2026-09-07T17:36:00+02:00,2026-09-07T17:36:10+02:00,2026-09-07T17:36:10+02:00,10.0,1,Gaustadalléen,RUT:Line:18,Grefsen st [4311] - Rikshospitalet,18,tram,RUT:ServiceJourney:f42a9c5e28bcde0c676b1703a8def9bc,True,actual,False,,,,,2026-09-07T20:27:16.249662+02:00
NSR:StopPlace:59650,Nyland stasjon,2026-09-07T17:35:00+02:00,2026-09-07T17:35:10+02:00,2026-09-07T17:35:10+02:00,10.0,1,Vestvollen,RUT:Line:345,Vestvollen - Økern,345,bus,RUT:ServiceJourney:a76f23c3a1640e292e4b3dfffae18708,True,actual,False,,,,,2026-09-07T20:27:16.249662+02:00
NSR:StopPlace:59703,Åndalsnes stasjon,2026-09-07T20:00:00+02:00,2026-09-07T20:00:10+02:00,2026-09-07T20:00:10+02:00,10.0,1,Ålesund,MOR:Line:681,FRAM Ekspress  Ålesund-Åndalsnes,681,bus,MOR:ServiceJourney:681_104_9150000048018086,True,actual,False,,,,,2026-09-07T20:27:16.249662+02:00
NSR:StopPlace:59952,Drammen stasjon,2026-09-07T19:14:00+02:00,2026-09-07T19:14:10+02:00,2026-09-07T19:14:10+02:00,10.0,1,Skien,VYG:Line:RE11,Eidsvoll-Oslo S-Skien,RE11,rail,VYG:ServiceJourney:829_444409-R,True,actual,False,,,,,2026-09-07T20:27:16.249662+02:00
NSR:StopPlace:59243,Mo i Rana stasjon,2026-09-07T18:12:00+02:00,2026-09-07T18:12:10+02:00,2026-09-07T18:12:10+02:00,10.0,1,Sykehuset Mo,NOR:Line:12_8372,Kvernkroken - Sykehuset Mo,2,bus,NOR:ServiceJourney:8372_251012124855348_1024,True,actual,False,,,,,2026-09-07T20:27:16.249662+02:00
NSR:StopPlace:58836,Mjøndalen stasjon,2026-09-07T17:36:00+02:00,2026-09-07T17:36:10+02:00,2026-09-07T17:36:10+02:00,10.0,1,Drammen sykehus,BRA:Line:4_6001,Drammen sykehus Brakerøya - Sørensvingen / Mjøndalen,1,bus,BRA:ServiceJourney:6001_260415100161835_1194,True,actual,False,,,,,2026-09-07T20:27:16.249662+02:00
NSR:StopPlace:58836,Mjøndalen stasjon,2026-09-07T19:36:00+02:00,2026-09-07T19:36:10+02:00,2026-09-07T19:36:10+02:00,10.0,1,Drammen sykehus,BRA:Line:4_6001,Drammen sykehus Brakerøya - Sørensvingen / Mjøndalen,1,bus,BRA:ServiceJourney:6001_260415100161839_1210,True,actual,False,,,,,2026-09-07T20:27:16.249662+02:00
NSR:StopPlace:58866,Vevelstad stasjon,2026-09-07T17:44:00+02:00,2026-09-07T17:44:10+02:00,2026-09-07T17:44:10+02:00,10.0,1,Bøleråsen,RUT:Line:510,Bøleråsen - Ski - Ås - Drøbak,510,bus,RUT:ServiceJourney:5da261bb948bdf7dafc4ff0c58e3d206,True,actual,False,,,,,2026-09-07T20:27:16.249662+02:00
NSR:StopPlace:58862,Strømmen stasjon,2026-09-07T19:15:00+02:00,2026-09-07T19:15:10+02:00,2026-09-07T19:15:10+02:00,10.0,1,Spikkestad,VYG:Line:L1,Spikkestad-Oslo S-Lillestrøm,L1,rail,VYG:ServiceJourney:2259_443684-R,True,actual,False,,,,,2026-09-07T20:27:16.249662+02:00
NSR:StopPlace:58873,Skoppum stasjon,2026-09-07T19:20:00+02:00,2026-09-07T19:20:10+02:00,2026-09-07T19:20:10+02:00,10.0,1,Eidsvoll,VYG:Line:RE11,Eidsvoll-Oslo S-Skien,RE11,rail,VYG:ServiceJourney:830_444410-R,True,actual,False,,,,,2026-09-07T20:27:16.249662+02:00
NSR:StopPlace:313,Høybråten stasjon,2026-09-07T18:53:00+02:00,2026-09-07T18:53:10+02:00,2026-09-07T18:53:10+02:00,10.0,1,Spikkestad,VYG:Line:L1,Spikkestad-Oslo S-Lillestrøm,L1,rail,VYG:ServiceJourney:2257_443680-R,True,actual,False,,,,,2026-09-07T20:27:16.249662+02:00
NSR:StopPlace:206,Mariero stasjon,2026-09-07T19:29:00+02:00,2026-09-07T19:29:10+02:00,2026-09-07T19:29:10+02:00,10.0,1,Nærbø,GOA:Line:59,Jærbanen,L5,rail,GOA:ServiceJourney:3062_63118-R,True,actual,False,,,,,2026-09-07T20:27:16.249662+02:00
NSR:StopPlace:702,Sandnes sentrum stasjon,2026-09-07T18:10:00+02:00,2026-09-07T18:10:10+02:00,2026-09-07T18:10:10+02:00,10.0,1,Egersund,GOA:Line:59,Jærbanen,L5,rail,GOA:ServiceJourney:3056_63108-R,True,actual,False,,,,,2026-09-07T20:27:16.249662+02:00
NSR:StopPlace:62309,Ljan stasjon,2026-09-07T19:35:00+02:00,2026-09-07T19:35:10+02:00,2026-09-07T19:35:10+02:00,10.0,1,Stabekk,VYG:Line:L2,Stabekk-Oslo S-Ski,L2,rail,VYG:ServiceJourney:2762-SKI_443977-R,True,actual,False,,,,,2026-09-07T20:27:16.249662+02:00
NSR:StopPlace:62309,Ljan stasjon,2026-09-07T20:05:00+02:00,2026-09-07T20:05:10+02:00,2026-09-07T20:05:10+02:00,10.0,1,Stabekk,VYG:Line:L2,Stabekk-Oslo S-Ski,L2,rail,VYG:ServiceJourney:2764-SKI_443980-R,True,actual,False,,,,,2026-09-07T20:27:16.249662+02:00
NSR:StopPlace:62393,Billingstad stasjon,2026-09-07T19:43:00+02:00,2026-09-07T19:43:10+02:00,2026-09-07T19:43:10+02:00,10.0,1,Lillestrøm,VYG:Line:L1,Spikkestad-Oslo S-Lillestrøm,L1,rail,VYG:ServiceJourney:2262_443690-R,True,actual,False,,,,,2026-09-07T20:27:16.249662+02:00
NSR:StopPlace:59649,Nydalen stasjon,2026-09-07T14:48:00+02:00,2026-09-07T14:48:10+02:00,2026-09-07T14:48:10+02:00,10.0,1,Lysaker,RUT:Line:23,Lysaker - Simensbråten,23,bus,RUT:ServiceJourney:1ba9e150a78c65b85c57a0fc5ffecb39,True,actual,False,,,,,2026-09-07T15:44:36.205822+02:00
NSR:StopPlace:59958,Voss stasjon,2026-09-07T14:14:00+02:00,2026-09-07T14:14:10+02:00,2026-09-07T14:14:10+02:00,10.0,1,Myrdal,VYG:Line:R40,Bergen-Voss-Myrdal-Ål,R40,rail,VYG:ServiceJourney:1816_465749-R,True,actual,False,,,,,2026-09-07T15:44:36.205822+02:00
NSR:StopPlace:59983,Bergen stasjon,2026-09-07T13:18:00+02:00,2026-09-07T13:18:10+02:00,2026-09-07T13:18:10+02:00,10.0,1,Myrdal,VYG:Line:R40,Bergen-Voss-Myrdal-Ål,R40,rail,VYG:ServiceJourney:1818_443404-R,True,actual,False,,,,,2026-09-07T15:44:36.205822+02:00
NSR:StopPlace:58794,Fredrikstad stasjon,2026-09-07T14:40:00+02:00,2026-09-07T14:40:10+02:00,2026-09-07T14:40:10+02:00,10.0,1,Kalnes,OST:Line:1_4,Fredrikstad - Kalnes,4,bus,OST:ServiceJourney:4_260325121471301_27,True,actual,False,,,,,2026-09-07T15:44:36.205822+02:00
NSR:StopPlace:58834,Hokksund stasjon,2026-09-07T14:06:00+02:00,2026-09-07T14:06:10+02:00,2026-09-07T14:06:10+02:00,10.0,1,Vikersund,BRA:Line:4_6101,Drammen-Vikersund/Hønefoss,101,bus,BRA:ServiceJourney:6101_260415100161247_1027,True,actual,False,,,,,2026-09-07T15:44:36.205822+02:00
NSR:StopPlace:58836,Mjøndalen stasjon,2026-09-07T14:21:00+02:00,2026-09-07T14:21:10+02:00,2026-09-07T14:21:10+02:00,10.0,1,Drammen sykehus,BRA:Line:4_6001,Drammen sykehus Brakerøya - Sørensvingen / Mjøndalen,1,bus,BRA:ServiceJourney:6001_260415100161822_1142,True,actual,False,,,,,2026-09-07T15:44:36.205822+02:00
NSR:StopPlace:58845,Eidsvoll verk stasjon,2026-09-07T14:16:00+02:00,2026-09-07T14:16:10+02:00,2026-09-07T14:16:10+02:00,10.0,1,Jessheim,RUT:Line:430,Eidsvoll - Jessheim,430,bus,RUT:ServiceJourney:8df65da5b41caba7dd9e4b47dbf5e95d,True,actual,False,,,,,2026-09-07T15:44:36.205822+02:00
NSR:StopPlace:58845,Eidsvoll verk stasjon,2026-09-07T14:46:00+02:00,2026-09-07T14:46:10+02:00,2026-09-07T14:46:10+02:00,10.0,1,Jessheim,RUT:Line:430,Eidsvoll - Jessheim,430,bus,RUT:ServiceJourney:954d49b03dbb0093f8a62e24ecc0c711,True,actual,False,,,,,2026-09-07T15:44:36.205822+02:00
NSR:StopPlace:58858,Nittedal stasjon,2026-09-07T15:24:00+02:00,2026-09-07T15:24:10+02:00,2026-09-07T15:24:10+02:00,10.0,1,Oslo S,VYG:Line:R31,Skøyen-Jaren-Gjøvik,R31,rail,VYG:ServiceJourney:BUS-286_655636-R,True,actual,False,,,,,2026-09-07T15:44:36.205822+02:00
NSR:StopPlace:58866,Vevelstad stasjon,2026-09-07T14:03:00+02:00,2026-09-07T14:03:10+02:00,2026-09-07T14:03:10+02:00,10.0,1,Drøbak - Seiersten,RUT:Line:510,Bøleråsen - Ski - Ås - Drøbak,510,bus,RUT:ServiceJourney:cfef8e985f677d6d6e6c449a64e58ebe,True,actual,False,,,,,2026-09-07T15:44:36.205822+02:00
NSR:StopPlace:58873,Skoppum stasjon,2026-09-07T14:20:00+02:00,2026-09-07T14:20:10+02:00,2026-09-07T14:20:10+02:00,10.0,1,Eidsvoll,VYG:Line:RE11,Eidsvoll-Oslo S-Skien,RE11,rail,VYG:ServiceJourney:820_444400-R,True,actual,False,,,,,2026-09-07T15:44:36.205822+02:00
NSR:StopPlace:206,Mariero stasjon,2026-09-07T14:39:00+02:00,2026-09-07T14:39:10+02:00,2026-09-07T14:39:10+02:00,10.0,1,Stavanger,GOA:Line:59,Jærbanen,L5,rail,GOA:ServiceJourney:3139_63184-R,True,actual,False,,,,,2026-09-07T15:44:36.205822+02:00
NSR:StopPlace:420,Lillehammer stasjon,2026-09-07T14:07:00+02:00,2026-09-07T14:07:10+02:00,2026-09-07T14:07:10+02:00,10.0,1,Drammen,VYG:Line:RE10,Drammen-Oslo S-Lillehammer,RE10,rail,VYG:ServiceJourney:322-LHM_444203-R,True,actual,False,,,,,2026-09-07T15:44:36.205822+02:00
NSR:StopPlace:62393,Billingstad stasjon,2026-09-07T13:57:00+02:00,2026-09-07T13:57:10+02:00,2026-09-07T13:57:10+02:00,10.0,1,Lillestrøm,VYG:Line:L1,Spikkestad-Oslo S-Lillestrøm,L1,rail,VYG:ServiceJourney:2138_443545-R,True,actual,False,,,,,2026-09-07T15:44:36.205822+02:00
NSR:StopPlace:61334,Ogna stasjon,2026-09-07T06:16:00+02:00,2026-09-07T06:16:10+02:00,2026-09-07T06:16:10+02:00,10.0,1,Egersund,GOA:Line:59,Jærbanen,L5,rail,GOA:ServiceJourney:3006_63037-R,True,actual,False,,,,,2026-09-07T08:42:24.659182+02:00
NSR:StopPlace:61334,Ogna stasjon,2026-09-07T07:04:00+02:00,2026-09-07T07:04:10+02:00,2026-09-07T07:04:10+02:00,10.0,1,Stavanger,GOA:Line:59,Jærbanen,L5,rail,GOA:ServiceJourney:3011_63043-R,True,actual,False,,,,,2026-09-07T08:42:24.659182+02:00
NSR:StopPlace:59658,Moi stasjon,2026-09-07T05:20:00+02:00,2026-09-07T05:20:10+02:00,2026-09-07T05:20:10+02:00,10.0,1,Stavanger,GOA:Line:50,Sørtoget region,F5,rail,GOA:ServiceJourney:725-LOD_67061-R,True,actual,False,,,,,2026-09-07T08:42:24.659182+02:00
NSR:StopPlace:59952,Drammen stasjon,2026-09-07T06:35:00+02:00,2026-09-07T06:35:10+02:00,2026-09-07T06:35:10+02:00,10.0,1,Dal,VYG:Line:R13,Drammen-Oslo S-Dal,R13,rail,VYG:ServiceJourney:1609_443226-R,True,actual,False,,,,,2026-09-07T08:42:24.659182+02:00
NSR:StopPlace:59952,Drammen stasjon,2026-09-07T06:42:00+02:00,2026-09-07T06:42:10+02:00,2026-09-07T06:42:10+02:00,10.0,1,Oslo Lufthavn,FLT:Line:FLY1,FLY1,FLY1,rail,FLT:ServiceJourney:1-2614-3717-20260907,True,actual,False,,,,,2026-09-07T08:42:24.659182+02:00
NSR:StopPlace:59952,Drammen stasjon,2026-09-07T07:42:00+02:00,2026-09-07T07:42:10+02:00,2026-09-07T07:42:10+02:00,10.0,1,Oslo Lufthavn,FLT:Line:FLY1,FLY1,FLY1,rail,FLT:ServiceJourney:1-2614-3723-20260907,True,actual,False,,,,,2026-09-07T08:42:24.659182+02:00
NSR:StopPlace:59957,Klepp stasjon,2026-09-07T06:57:00+02:00,2026-09-07T06:57:10+02:00,2026-09-07T06:57:10+02:00,10.0,1,Verdalen via Kleppekrossen,KOL:Line:8_2024,59,59,bus,KOL:ServiceJourney:2024_250903083241304_2003,True,actual,False,,,,,2026-09-07T08:42:24.659182+02:00
NSR:StopPlace:60049,Hønefoss stasjon,2026-09-07T07:59:00+02:00,2026-09-07T07:59:10+02:00,2026-09-07T07:59:10+02:00,10.0,1,Bergen,VYG:Line:F4,Oslo S-Bergen,F4,rail,VYG:ServiceJourney:61-LOD_504304-R,True,actual,False,,,,,2026-09-07T08:42:24.659182+02:00
NSR:StopPlace:59243,Mo i Rana stasjon,2026-09-07T06:57:00+02:00,2026-09-07T06:57:10+02:00,2026-09-07T06:57:10+02:00,10.0,1,Skillevollen,NOR:Line:12_8371,Grubbåsen - Båsmobakken/Skillevollen,1,bus,NOR:ServiceJourney:8371_251012124858482_1004,True,actual,False,,,,,2026-09-07T08:42:24.659182+02:00
NSR:StopPlace:59243,Mo i Rana stasjon,2026-09-07T07:42:00+02:00,2026-09-07T07:42:10+02:00,2026-09-07T07:42:10+02:00,10.0,1,Båsmobakken,NOR:Line:12_8371,Grubbåsen - Båsmobakken/Skillevollen,1,bus,NOR:ServiceJourney:8371_251012124858510_1007,True,actual,False,,,,,2026-09-07T08:42:24.659182+02:00
NSR:StopPlace:60603,Kongsberg stasjon,2026-09-07T06:49:00+02:00,2026-09-07T06:49:10+02:00,2026-09-07T06:49:10+02:00,10.0,1,Dal,VYG:Line:R13,Drammen-Oslo S-Dal,R13,rail,VYG:ServiceJourney:1613_443239-R,True,actual,False,,,,,2026-09-07T08:42:24.659182+02:00
NSR:StopPlace:58964,Kløfta stasjon,2026-09-07T07:51:00+02:00,2026-09-07T07:51:10+02:00,2026-09-07T07:51:10+02:00,10.0,1,Kløfta,RUT:Line:425,Kløfta – Oslo lufthavn,425,bus,RUT:ServiceJourney:bb0d2c8e7d0e495a330bfc21e7cce645,True,actual,False,,,,,2026-09-07T08:42:24.659182+02:00
NSR:StopPlace:58925,Gausel stasjon,2026-09-07T07:00:00+02:00,2026-09-07T07:00:10+02:00,2026-09-07T07:00:10+02:00,10.0,1,Sandnes,KOL:Line:8_1001,1,1,bus,KOL:ServiceJourney:1001_251008118343870_1008,True,actual,False,,,,,2026-09-07T08:42:24.659182+02:00
NSR:StopPlace:58932,Hommelvik stasjon,2026-09-07T06:44:00+02:00,2026-09-07T06:44:10+02:00,2026-09-07T06:44:10+02:00,10.0,1,Steinkjer,SJN:Line:26,Trønderbanen,R70,rail,SJN:ServiceJourney:423_56052-R,True,actual,False,,,,,2026-09-07T08:42:24.659182+02:00
NSR:StopPlace:58793,Askim stasjon,2026-09-07T08:35:00+02:00,2026-09-07T08:35:10+02:00,2026-09-07T08:35:10+02:00,10.0,1,Ramstadkrysset,OST:Line:1_9,Timekspress linje 9,9,bus,OST:ServiceJourney:9_260325121472418_9002,True,actual,False,,,,,2026-09-07T08:42:24.659182+02:00
NSR:StopPlace:58832,Geilo stasjon,2026-09-07T06:40:00+02:00,2026-09-07T06:40:10+02:00,2026-09-07T06:40:10+02:00,10.0,1,Gol skysstasjon,BRA:Line:4_6330,Gol-Geilo,330,bus,BRA:ServiceJourney:6330_260415100163951_1000,True,actual,False,,,,,2026-09-07T08:42:24.659182+02:00
NSR:StopPlace:58834,Hokksund stasjon,2026-09-07T07:10:00+02:00,2026-09-07T07:10:10+02:00,2026-09-07T07:10:10+02:00,10.0,1,Skotselv kryss,BRA:Line:4_6116,Hokksund-Skotselv,116,bus,BRA:ServiceJourney:6116_260415100158982_1001,True,actual,False,,,,,2026-09-07T08:42:24.659182+02:00
NSR:StopPlace:58817,Eina stasjon,2026-09-07T07:01:00+02:00,2026-09-07T07:01:10+02:00,2026-09-07T07:01:10+02:00,10.0,1,Gjøvik-Sykehuset,INN:Line:406,Gjø.-Reinsv.-Eina-Reinsv.-Gjø.,406,bus,INN:ServiceJourney:97393,True,actual,False,,,,,2026-09-07T08:42:24.659182+02:00
NSR:StopPlace:63079,Skeiane stasjon,2026-09-07T05:49:00+02:00,2026-09-07T05:49:10+02:00,2026-09-07T05:49:10+02:00,10.0,1,Stavanger,GOA:Line:59,Jærbanen,L5,rail,GOA:ServiceJourney:3105_63150-R,True,actual,False,,,,,2026-09-07T08:42:24.659182+02:00
NSR:StopPlace:58211,Oslo lufthavn,2026-09-07T05:45:00+02:00,2026-09-07T05:45:10+02:00,2026-09-07T05:45:10+02:00,10.0,1,Oslo sentrum via Helsfyr-Hasle-Bislett,NBU:Line:a7c15243-8873-4aee-a8b4-8d22e8ad31dc,Oslo sentrum via Helsfyr-Hasle-Bislett,FB5,bus,NBU:ServiceJourney:c595eb43-57ef-4a9c-884f-162db629127d,True,actual,False,,,,,2026-09-07T08:42:24.659182+02:00
NSR:StopPlace:206,Mariero stasjon,2026-09-07T06:31:00+02:00,2026-09-07T06:31:10+02:00,2026-09-07T06:31:10+02:00,10.0,1,Stavanger,GOA:Line:59,Jærbanen,L5,rail,GOA:ServiceJourney:3107_63152-R,True,actual,False,,,,,2026-09-07T08:42:24.659182+02:00
NSR:StopPlace:60045,Hamar stasjon,2026-09-08T01:39:00+02:00,2026-09-08T01:39:09+02:00,2026-09-08T01:39:09+02:00,9.0,1,Eidsvoll,VYG:Line:RE11,Eidsvoll-Oslo S-Skien,RE11,rail,VYG:ServiceJourney:838-341_515579-R,True,actual,False,,,,,2026-09-08T03:39:50.209703+02:00
NSR:StopPlace:420,Lillehammer stasjon,2026-09-08T01:19:00+02:00,2026-09-08T01:19:09+02:00,2026-09-08T01:19:09+02:00,9.0,1,Trondheim S,SJN:Line:21,Dovrebanen,F6,rail,SJN:ServiceJourney:405-LOD_30131-R,True,actual,False,,,,,2026-09-08T03:39:50.209703+02:00
NSR:StopPlace:61466,Vakås stasjon,2026-09-07T21:38:00+02:00,2026-09-07T21:38:09+02:00,2026-09-07T21:38:09+02:00,9.0,1,Lillestrøm,VYG:Line:L1,Spikkestad-Oslo S-Lillestrøm,L1,rail,VYG:ServiceJourney:2270_443703-R,True,actual,False,,,,,2026-09-08T00:20:52.129880+02:00
NSR:StopPlace:61464,Hvalstad stasjon,2026-09-07T23:10:00+02:00,2026-09-07T23:10:09+02:00,2026-09-07T23:10:09+02:00,9.0,1,Lillestrøm,VYG:Line:L1,Spikkestad-Oslo S-Lillestrøm,L1,rail,VYG:ServiceJourney:2276_445376-R,True,actual,False,,,,,2026-09-08T00:20:52.129880+02:00
NSR:StopPlace:59952,Drammen stasjon,2026-09-07T22:43:00+02:00,2026-09-07T22:43:09+02:00,2026-09-07T22:43:09+02:00,9.0,1,Kongsberg,VYG:Line:R12,Kongsberg-Oslo S-Eidsvoll,R12,rail,VYG:ServiceJourney:535_444345-R,True,actual,False,,,,,2026-09-08T00:20:52.129880+02:00
NSR:StopPlace:59958,Voss stasjon,2026-09-07T22:15:00+02:00,2026-09-07T22:15:09+02:00,2026-09-07T22:15:09+02:00,9.0,1,Odda,SKY:Line:990,Odda-Kinsarvik-Bu-Granvin-Voss,990,bus,SKY:ServiceJourney:990-205165-20962036,True,actual,False,,,,,2026-09-08T00:20:52.129880+02:00
NSR:StopPlace:59616,Asker stasjon,2026-09-07T21:54:00+02:00,2026-09-07T21:54:09+02:00,2026-09-07T21:54:09+02:00,9.0,1,Oslo Lufthavn,FLT:Line:FLY1,FLY1,FLY1,rail,FLT:ServiceJourney:1-2614-3807-20260907,True,actual,False,,,,,2026-09-08T00:20:52.129880+02:00
NSR:StopPlace:59638,Myrvoll stasjon,2026-09-07T23:21:00+02:00,2026-09-07T23:21:09+02:00,2026-09-07T23:21:09+02:00,9.0,1,Stabekk,VYG:Line:L2,Stabekk-Oslo S-Ski,L2,rail,VYG:ServiceJourney:2778-SKI_444001-R,True,actual,False,,,,,2026-09-08T00:20:52.129880+02:00
NSR:StopPlace:58852,Høn stasjon,2026-09-07T22:59:00+02:00,2026-09-07T22:59:09+02:00,2026-09-07T22:59:09+02:00,9.0,1,Asker,VYG:Line:L1,Spikkestad-Oslo S-Lillestrøm,L1,rail,VYG:ServiceJourney:2169_443579-R,True,actual,False,,,,,2026-09-08T00:20:52.129880+02:00
NSR:StopPlace:58857,Lørenskog stasjon,2026-09-07T23:21:00+02:00,2026-09-07T23:21:09+02:00,2026-09-07T23:21:09+02:00,9.0,1,Spikkestad,VYG:Line:L1,Spikkestad-Oslo S-Lillestrøm,L1,rail,VYG:ServiceJourney:2275_443710-R,True,actual,False,,,,,2026-09-08T00:20:52.129880+02:00
NSR:StopPlace:58873,Skoppum stasjon,2026-09-07T21:20:00+02:00,2026-09-07T21:20:09+02:00,2026-09-07T21:20:09+02:00,9.0,1,Eidsvoll,VYG:Line:RE11,Eidsvoll-Oslo S-Skien,RE11,rail,VYG:ServiceJourney:834_444414-R,True,actual,False,,,,,2026-09-08T00:20:52.129880+02:00
NSR:StopPlace:206,Mariero stasjon,2026-09-07T22:29:00+02:00,2026-09-07T22:29:09+02:00,2026-09-07T22:29:09+02:00,9.0,1,Nærbø,GOA:Line:59,Jærbanen,L5,rail,GOA:ServiceJourney:3074_63137-R,True,actual,False,,,,,2026-09-08T00:20:52.129880+02:00
NSR:StopPlace:41,Hanaborg stasjon,2026-09-07T17:19:00+02:00,2026-09-07T17:19:09+02:00,2026-09-07T17:19:09+02:00,9.0,1,Spikkestad,VYG:Line:L1,Spikkestad-Oslo S-Lillestrøm,L1,rail,VYG:ServiceJourney:2251_443671-R,True,actual,False,,,,,2026-09-07T20:27:16.249662+02:00
NSR:StopPlace:41,Hanaborg stasjon,2026-09-07T18:34:00+02:00,2026-09-07T18:34:09+02:00,2026-09-07T18:34:09+02:00,9.0,1,Asker,VYG:Line:L1,Spikkestad-Oslo S-Lillestrøm,L1,rail,VYG:ServiceJourney:2155_443564-R,True,actual,False,,,,,2026-09-07T20:27:16.249662+02:00
NSR:StopPlace:61897,Bryn stasjon,2026-09-07T19:35:00+02:00,2026-09-07T19:35:09+02:00,2026-09-07T19:35:09+02:00,9.0,1,Spikkestad,VYG:Line:L1,Spikkestad-Oslo S-Lillestrøm,L1,rail,VYG:ServiceJourney:2259_443684-R,True,actual,False,,,,,2026-09-07T20:27:16.249662+02:00
NSR:StopPlace:59647,Dal stasjon,2026-09-07T16:54:00+02:00,2026-09-07T16:54:09+02:00,2026-09-07T16:54:09+02:00,9.0,1,Drammen,VYG:Line:R13,Drammen-Oslo S-Dal,R13,rail,VYG:ServiceJourney:1650_443321-R,True,actual,False,,,,,2026-09-07T20:27:16.249662+02:00
NSR:StopPlace:59654,Stabekk stasjon,2026-09-07T18:10:00+02:00,2026-09-07T18:10:09+02:00,2026-09-07T18:10:09+02:00,9.0,1,Lillestrøm,VYG:Line:L1,Spikkestad-Oslo S-Lillestrøm,L1,rail,VYG:ServiceJourney:2154_443563-R,True,actual,False,,,,,2026-09-07T20:27:16.249662+02:00
NSR:StopPlace:59952,Drammen stasjon,2026-09-07T17:35:00+02:00,2026-09-07T17:35:09+02:00,2026-09-07T17:35:09+02:00,9.0,1,Dal,VYG:Line:R13,Drammen-Oslo S-Dal,R13,rail,VYG:ServiceJourney:1653_443327-R,True,actual,False,,,,,2026-09-07T20:27:16.249662+02:00
NSR:StopPlace:59958,Voss stasjon,2026-09-07T16:57:00+02:00,2026-09-07T16:57:09+02:00,2026-09-07T16:57:09+02:00,9.0,1,Bergen,VYG:Line:R40,Bergen-Voss-Myrdal-Ål,R40,rail,VYG:ServiceJourney:1829_445142-R,True,actual,False,Forsinket,Toget kjørte 3 minutter forsinket fra Myrdal. Dette skyldes at andre tog på strekningen er forsinket.,incident,normal,2026-09-07T20:27:16.249662+02:00
NSR:StopPlace:59958,Voss stasjon,2026-09-07T20:11:00+02:00,2026-09-07T20:11:09+02:00,2026-09-07T20:11:09+02:00,9.0,1,Bergen,VYG:Line:F4,Oslo S-Bergen,F4,rail,VYG:ServiceJourney:65-LOD_590005-R,True,actual,False,,,,,2026-09-07T20:27:16.249662+02:00
NSR:StopPlace:60603,Kongsberg stasjon,2026-09-07T17:18:00+02:00,2026-09-07T17:18:09+02:00,2026-09-07T17:18:09+02:00,9.0,1,Oslo S,GOA:Line:50,Sørtoget region,F5,rail,GOA:ServiceJourney:710-KVB_71575-R,True,actual,False,,,,,2026-09-07T20:27:16.249662+02:00
NSR:StopPlace:60603,Kongsberg stasjon,2026-09-07T19:30:00+02:00,2026-09-07T19:30:09+02:00,2026-09-07T19:30:09+02:00,9.0,1,Eidsvoll,VYG:Line:R12,Kongsberg-Oslo S-Eidsvoll,R12,rail,VYG:ServiceJourney:532_444341-R,True,actual,False,,,,,2026-09-07T20:27:16.249662+02:00
NSR:StopPlace:59636,Holmlia stasjon,2026-09-07T17:38:00+02:00,2026-09-07T17:38:09+02:00,2026-09-07T17:38:09+02:00,9.0,1,Åsbråten,RUT:Line:80,Jernbanetorget - Åsbråten,80E,bus,RUT:ServiceJourney:63b16c57e8f8c6ec1c3b42b63a1dc96a,True,actual,False,Linje 80E og 83 får Hausmanns bru som ny endeholdeplass fra 29. juni,"Bussene stopper ikke på Jernbanetorget etter 29. juni, men starter og stopper på Hausmanns bru i Nylandsveien.",incident,normal,2026-09-07T20:27:16.249662+02:00
NSR:StopPlace:59637,Rosenholm stasjon,2026-09-07T18:58:00+02:00,2026-09-07T18:58:09+02:00,2026-09-07T18:58:09+02:00,9.0,1,Stabekk,VYG:Line:L2,Stabekk-Oslo S-Ski,L2,rail,VYG:ServiceJourney:2760-SKI_443974-R,True,actual,False,,,,,2026-09-07T20:27:16.249662+02:00
NSR:StopPlace:59637,Rosenholm stasjon,2026-09-07T20:13:00+02:00,2026-09-07T20:13:09+02:00,2026-09-07T20:13:09+02:00,9.0,1,Skøyen,VYG:Line:L2,Stabekk-Oslo S-Ski,L2,rail,VYG:ServiceJourney:2864-SKI_488396-R,True,actual,False,,,,,2026-09-07T20:27:16.249662+02:00
NSR:StopPlace:59638,Myrvoll stasjon,2026-09-07T18:51:00+02:00,2026-09-07T18:51:09+02:00,2026-09-07T18:51:09+02:00,9.0,1,Stabekk,VYG:Line:L2,Stabekk-Oslo S-Ski,L2,rail,VYG:ServiceJourney:2760-SKI_443974-R,True,actual,False,,,,,2026-09-07T20:27:16.249662+02:00
NSR:StopPlace:58971,Mosjøen stasjon,2026-09-07T17:00:00+02:00,2026-09-07T17:00:09+02:00,2026-09-07T17:00:09+02:00,9.0,1,Sandnessjøen bussterminal,NOR:Line:12_3705,Mosjøen-Sandnessjøen,705,bus,NOR:ServiceJourney:3705_260505104129592_2004,True,actual,False,,,,,2026-09-07T20:27:16.249662+02:00
NSR:StopPlace:58924,Bryne stasjon,2026-09-07T19:40:00+02:00,2026-09-07T19:40:09+02:00,2026-09-07T19:40:09+02:00,9.0,1,Lyefjell,KOL:Line:8_2017,50,50,bus,KOL:ServiceJourney:2017_260407061539609_2027,True,actual,False,,,,,2026-09-07T20:27:16.249662+02:00
NSR:StopPlace:58946,Snåsa stasjon,2026-09-07T19:41:00+02:00,2026-09-07T19:41:09+02:00,2026-09-07T19:41:09+02:00,9.0,1,Trondheim S,SJN:Line:71,Nordlandsbanen,F7,rail,SJN:ServiceJourney:472_46160-R,True,actual,False,,,,,2026-09-07T20:27:16.249662+02:00
NSR:StopPlace:58794,Fredrikstad stasjon,2026-09-07T18:10:00+02:00,2026-09-07T18:10:09+02:00,2026-09-07T18:10:09+02:00,9.0,1,Kalnes,OST:Line:1_4,Fredrikstad - Kalnes,4,bus,OST:ServiceJourney:4_260325121471314_39,True,actual,False,,,,,2026-09-07T20:27:16.249662+02:00
NSR:StopPlace:58839,Steinberg stasjon,2026-09-07T18:35:00+02:00,2026-09-07T18:35:09+02:00,2026-09-07T18:35:09+02:00,9.0,1,Drammen via Mjøndalen,BRA:Line:4_6101,Drammen-Vikersund/Hønefoss,101,bus,BRA:ServiceJourney:6101_260415100161283_1056,True,actual,False,,,,,2026-09-07T20:27:16.249662+02:00
NSR:StopPlace:58847,Frogner stasjon,2026-09-07T18:13:00+02:00,2026-09-07T18:13:09+02:00,2026-09-07T18:13:09+02:00,9.0,1,Skedsmokorset,RUT:Line:365,Sørumsand - Frogner - Skedsmokorset,365,bus,RUT:ServiceJourney:b3d0c8c30fbb158e09569cf58e816d4a,True,actual,False,,,,,2026-09-07T20:27:16.249662+02:00
NSR:StopPlace:58862,Strømmen stasjon,2026-09-07T19:30:00+02:00,2026-09-07T19:30:09+02:00,2026-09-07T19:30:09+02:00,9.0,1,Asker,VYG:Line:L1,Spikkestad-Oslo S-Lillestrøm,L1,rail,VYG:ServiceJourney:2159_443568-R,True,actual,False,,,,,2026-09-07T20:27:16.249662+02:00
NSR:StopPlace:58876,Tønsberg stasjon,2026-09-07T18:52:00+02:00,2026-09-07T18:52:09+02:00,2026-09-07T18:52:09+02:00,9.0,1,Skien,VYG:Line:RE11,Eidsvoll-Oslo S-Skien,RE11,rail,VYG:ServiceJourney:827_444407-R,True,actual,False,,,,,2026-09-07T20:27:16.249662+02:00
NSR:StopPlace:151,Evanger stasjon,2026-09-07T18:33:00+02:00,2026-09-07T18:33:09+02:00,2026-09-07T18:33:09+02:00,9.0,1,Bergen,VYG:Line:R40,Bergen-Voss-Myrdal-Ål,R40,rail,VYG:ServiceJourney:1831_457481-R,True,actual,False,,,,,2026-09-07T20:27:16.249662+02:00
NSR:StopPlace:101,Sagdalen stasjon,2026-09-07T17:13:00+02:00,2026-09-07T17:13:09+02:00,2026-09-07T17:13:09+02:00,9.0,1,Spikkestad,VYG:Line:L1,Spikkestad-Oslo S-Lillestrøm,L1,rail,VYG:ServiceJourney:2251_443671-R,True,actual,False,,,,,2026-09-07T20:27:16.249662+02:00
NSR:StopPlace:398,Arna stasjon,2026-09-07T19:27:00+02:00,2026-09-07T19:27:09+02:00,2026-09-07T19:27:09+02:00,9.0,1,Bergen,VYG:Line:L4,Bergen-Arna,L4,rail,VYG:ServiceJourney:2557_443816-R,True,actual,False,,,,,2026-09-07T20:27:16.249662+02:00
NSR:StopPlace:362,Jåttåvågen stasjon,2026-09-07T19:02:00+02:00,2026-09-07T19:02:09+02:00,2026-09-07T19:02:09+02:00,9.0,1,Egersund,GOA:Line:59,Jærbanen,L5,rail,GOA:ServiceJourney:3060_63114-R,True,actual,False,,,,,2026-09-07T20:27:16.249662+02:00
NSR:StopPlace:628,Darbu stasjon,2026-09-07T19:47:00+02:00,2026-09-07T19:47:09+02:00,2026-09-07T19:47:09+02:00,9.0,1,Eidsvoll,VYG:Line:R12,Kongsberg-Oslo S-Eidsvoll,R12,rail,VYG:ServiceJourney:532_444341-R,True,actual,False,,,,,2026-09-07T20:27:16.249662+02:00
NSR:StopPlace:62309,Ljan stasjon,2026-09-07T18:20:00+02:00,2026-09-07T18:20:09+02:00,2026-09-07T18:20:09+02:00,9.0,1,Skøyen,VYG:Line:L2,Stabekk-Oslo S-Ski,L2,rail,VYG:ServiceJourney:2856-SKI_488390-R,True,actual,False,,,,,2026-09-07T20:27:16.249662+02:00
NSR:StopPlace:62309,Ljan stasjon,2026-09-07T18:35:00+02:00,2026-09-07T18:35:09+02:00,2026-09-07T18:35:09+02:00,9.0,1,Stabekk,VYG:Line:L2,Stabekk-Oslo S-Ski,L2,rail,VYG:ServiceJourney:2758-SKI_443970-R,True,actual,False,,,,,2026-09-07T20:27:16.249662+02:00
NSR:StopPlace:62339,Lillestrøm stasjon,2026-09-07T18:35:00+02:00,2026-09-07T18:35:09+02:00,2026-09-07T18:35:09+02:00,9.0,1,Eidsvoll,VYG:Line:RE11,Eidsvoll-Oslo S-Skien,RE11,rail,VYG:ServiceJourney:826_481332-R,True,actual,False,Heis i spor 1 og 2 er ute av bruk på grunn av vedlikehold. | Færre vogner,Heis i spor 1 og 2 er ute av bruk på grunn av vedlikehold. | Denne avgangen kjører dessverre med 5 vogner i stedet for 10 vogner. Dette skyldes at vi mangler et togsett.,general | general,normal | normal,2026-09-07T20:27:16.249662+02:00
NSR:StopPlace:62393,Billingstad stasjon,2026-09-07T18:57:00+02:00,2026-09-07T18:57:09+02:00,2026-09-07T18:57:09+02:00,9.0,1,Lillestrøm,VYG:Line:L1,Spikkestad-Oslo S-Lillestrøm,L1,rail,VYG:ServiceJourney:2158_443567-R,True,actual,False,,,,,2026-09-07T20:27:16.249662+02:00
NSR:StopPlace:60077,Støren stasjon,2026-09-07T15:42:00+02:00,2026-09-07T15:42:09+02:00,2026-09-07T15:42:09+02:00,9.0,1,Trondheim S,ATB:Line:2_340,Trondheim - Støren,340,bus,ATB:ServiceJourney:340_260106098639881_27,True,actual,False,,,,,2026-09-07T15:44:36.205822+02:00
NSR:StopPlace:58932,Hommelvik stasjon,2026-09-07T13:44:00+02:00,2026-09-07T13:44:09+02:00,2026-09-07T13:44:09+02:00,9.0,1,Steinkjer,SJN:Line:26,Trønderbanen,R70,rail,SJN:ServiceJourney:437_56066-R,True,actual,False,,,,,2026-09-07T15:44:36.205822+02:00
NSR:StopPlace:58932,Hommelvik stasjon,2026-09-07T14:44:00+02:00,2026-09-07T14:44:09+02:00,2026-09-07T14:44:09+02:00,9.0,1,Steinkjer,SJN:Line:26,Trønderbanen,R70,rail,SJN:ServiceJourney:439_56068-R,True,actual,False,,,,,2026-09-07T15:44:36.205822+02:00
NSR:StopPlace:58834,Hokksund stasjon,2026-09-07T14:57:00+02:00,2026-09-07T14:57:09+02:00,2026-09-07T14:57:09+02:00,9.0,1,Drammen via Mjøndalen,BRA:Line:4_6101,Drammen-Vikersund/Hønefoss,101,bus,BRA:ServiceJourney:6101_260415100161311_1038,True,actual,False,,,,,2026-09-07T15:44:36.205822+02:00
NSR:StopPlace:62339,Lillestrøm stasjon,2026-09-07T12:45:00+02:00,2026-09-07T12:45:09+02:00,2026-09-07T12:45:09+02:00,9.0,1,Lillehammer,VYG:Line:RE10,Drammen-Oslo S-Lillehammer,RE10,rail,VYG:ServiceJourney:317-SUD_444183-R,True,actual,False,Heis i spor 1 og 2 er ute av bruk på grunn av vedlikehold.,Heis i spor 1 og 2 er ute av bruk på grunn av vedlikehold.,general,normal,2026-09-07T15:44:36.205822+02:00
NSR:StopPlace:61460,Flaten stasjon,2026-09-07T07:04:00+02:00,2026-09-07T07:04:09+02:00,2026-09-07T07:04:09+02:00,9.0,1,Arendal,GOA:Line:53,Sørtoget lokal,R50,rail,GOA:ServiceJourney:2063_63016-R,True,actual,False,,,,,2026-09-07T08:42:24.659182+02:00
NSR:StopPlace:61465,Rise stasjon,2026-09-07T07:25:00+02:00,2026-09-07T07:25:09+02:00,2026-09-07T07:25:09+02:00,9.0,1,Arendal,GOA:Line:53,Sørtoget lokal,R50,rail,GOA:ServiceJourney:2063_63016-R,True,actual,False,,,,,2026-09-07T08:42:24.659182+02:00
NSR:StopPlace:33,Ranheim stasjon,2026-09-07T07:27:00+02:00,2026-09-07T07:27:09+02:00,2026-09-07T07:27:09+02:00,9.0,1,Melhus skysstasjon,SJN:Line:26,Trønderbanen,R70,rail,SJN:ServiceJourney:422-STK_56051-R,True,actual,False,,,,,2026-09-07T08:42:24.659182+02:00
NSR:StopPlace:59641,Fjellhamar stasjon,2026-09-07T06:49:00+02:00,2026-09-07T06:49:09+02:00,2026-09-07T06:49:09+02:00,9.0,1,Ahus,RUT:Line:315,Vallerudtoppen - Ahus,315,bus,RUT:ServiceJourney:c7af9860646c3393d1ff54fd3ed2d1cc,True,actual,False,,,,,2026-09-07T08:42:24.659182+02:00
NSR:StopPlace:59643,Grefsen stasjon,2026-09-07T07:02:00+02:00,2026-09-07T07:02:09+02:00,2026-09-07T07:02:09+02:00,9.0,1,Gaustadalléen,RUT:Line:17,Rikshospitalet - Sinsen o/ Carl Berner,17,tram,RUT:ServiceJourney:7b178693823a76cf1d56aad1f478ef65,True,actual,False,,,,,2026-09-07T08:42:24.659182+02:00
NSR:StopPlace:59952,Drammen stasjon,2026-09-07T07:10:00+02:00,2026-09-07T07:10:09+02:00,2026-09-07T07:10:09+02:00,9.0,1,Oslo S,VYG:Line:RX11,Eidsvoll-Oslo S-Skien,RX11,rail,VYG:ServiceJourney:854-SKN_554645-R,True,actual,False,,,,,2026-09-07T08:42:24.659182+02:00
NSR:StopPlace:59952,Drammen stasjon,2026-09-07T08:35:00+02:00,2026-09-07T08:35:09+02:00,2026-09-07T08:35:09+02:00,9.0,1,Dal,VYG:Line:R13,Drammen-Oslo S-Dal,R13,rail,VYG:ServiceJourney:1617_443249-R,True,actual,False,,,,,2026-09-07T08:42:24.659182+02:00
NSR:StopPlace:60045,Hamar stasjon,2026-09-07T06:52:00+02:00,2026-09-07T06:52:09+02:00,2026-09-07T06:52:09+02:00,9.0,1,Lillehammer,VYG:Line:RE10,Drammen-Oslo S-Lillehammer,RE10,rail,VYG:ServiceJourney:303_444128-R,True,actual,False,,,,,2026-09-07T08:42:24.659182+02:00
NSR:StopPlace:60045,Hamar stasjon,2026-09-07T07:11:00+02:00,2026-09-07T07:11:09+02:00,2026-09-07T07:11:09+02:00,9.0,1,Drammen,VYG:Line:RE10,Drammen-Oslo S-Lillehammer,RE10,rail,VYG:ServiceJourney:306-HHS_487830-R,True,actual,False,,,,,2026-09-07T08:42:24.659182+02:00
NSR:StopPlace:59243,Mo i Rana stasjon,2026-09-07T08:42:00+02:00,2026-09-07T08:42:09+02:00,2026-09-07T08:42:09+02:00,9.0,1,Kvernkroken,NOR:Line:12_8372,Kvernkroken - Sykehuset Mo,2,bus,NOR:ServiceJourney:8372_251012124855355_2006,True,actual,False,,,,,2026-09-07T08:42:24.659182+02:00
NSR:StopPlace:60271,Varhaug stasjon,2026-09-07T06:46:00+02:00,2026-09-07T06:46:09+02:00,2026-09-07T06:46:09+02:00,9.0,1,Stavanger,GOA:Line:59,Jærbanen,L5,rail,GOA:ServiceJourney:3007_63039-R,True,actual,False,,,,,2026-09-07T08:42:24.659182+02:00
NSR:StopPlace:59635,Hauketo stasjon,2026-09-07T06:33:00+02:00,2026-09-07T06:33:09+02:00,2026-09-07T06:33:09+02:00,9.0,1,Grorud T,RUT:Line:79,Grorud T - Åsbråten,79,bus,RUT:ServiceJourney:2573e14b262def204e0b3fc360c338a1,True,actual,False,,,,,2026-09-07T08:42:24.659182+02:00
NSR:StopPlace:58793,Askim stasjon,2026-09-07T07:40:00+02:00,2026-09-07T07:40:09+02:00,2026-09-07T07:40:09+02:00,9.0,1,Askim vgs.-Askim bedriftsenter,OST:Line:1_42,Bybuss Askim sentrum syd,42,bus,OST:ServiceJourney:42_260325121471835_1,True,actual,False,,,,,2026-09-07T08:42:24.659182+02:00
NSR:StopPlace:58834,Hokksund stasjon,2026-09-07T06:27:00+02:00,2026-09-07T06:27:09+02:00,2026-09-07T06:27:09+02:00,9.0,1,Drammen via Mjøndalen,BRA:Line:4_6101,Drammen-Vikersund/Hønefoss,101,bus,BRA:ServiceJourney:6101_260415100161271_1008,True,actual,False,,,,,2026-09-07T08:42:24.659182+02:00
NSR:StopPlace:58834,Hokksund stasjon,2026-09-07T06:55:00+02:00,2026-09-07T06:55:09+02:00,2026-09-07T06:55:09+02:00,9.0,1,Harakollen,BRA:Line:4_6125,Hokksund - Harakollen,125,bus,BRA:ServiceJourney:6125_260415100159535_1002,True,actual,False,,,,,2026-09-07T08:42:24.659182+02:00
NSR:StopPlace:58842,Blaker stasjon,2026-09-07T06:35:00+02:00,2026-09-07T06:35:09+02:00,2026-09-07T06:35:09+02:00,9.0,1,Kongsvinger,VYG:Line:R14,Asker-Oslo S-Kongsvinger,R14,rail,VYG:ServiceJourney:1003_442908-R,True,actual,False,,,,,2026-09-07T08:42:24.659182+02:00
NSR:StopPlace:58845,Eidsvoll verk stasjon,2026-09-07T07:46:00+02:00,2026-09-07T07:46:09+02:00,2026-09-07T07:46:09+02:00,9.0,1,Jessheim,RUT:Line:430,Eidsvoll - Jessheim,430,bus,RUT:ServiceJourney:84833c8e0c88aa6373d7d7483cd10604,True,actual,False,,,,,2026-09-07T08:42:24.659182+02:00
NSR:StopPlace:58873,Skoppum stasjon,2026-09-07T06:20:00+02:00,2026-09-07T06:20:09+02:00,2026-09-07T06:20:09+02:00,9.0,1,Eidsvoll,VYG:Line:RE11,Eidsvoll-Oslo S-Skien,RE11,rail,VYG:ServiceJourney:804_444384-R,True,actual,False,,,,,2026-09-07T08:42:24.659182+02:00
NSR:StopPlace:58888,Blakstad stasjon,2026-09-07T07:20:00+02:00,2026-09-07T07:20:09+02:00,2026-09-07T07:20:09+02:00,9.0,1,Arendal,GOA:Line:53,Sørtoget lokal,R50,rail,GOA:ServiceJourney:2063_63016-R,True,actual,False,,,,,2026-09-07T08:42:24.659182+02:00
NSR:StopPlace:58802,Spydeberg stasjon,2026-09-07T06:47:00+02:00,2026-09-07T06:47:09+02:00,2026-09-07T06:47:09+02:00,9.0,1,Oslo S,VYG:Line:R22,Skøyen-Oslo S-Mysen-Rakkestad,R22,rail,VYG:ServiceJourney:1952_443498-R,True,actual,False,,,,,2026-09-07T08:42:24.659182+02:00
NSR:StopPlace:58803,Tomter stasjon,2026-09-07T07:38:00+02:00,2026-09-07T07:38:09+02:00,2026-09-07T07:38:09+02:00,9.0,1,Knapstad skole,OST:Line:1_410,Elvestad-Svikebøl,410,bus,OST:ServiceJourney:410_260327065882426_4,True,actual,False,,,,,2026-09-07T08:42:24.659182+02:00
NSR:StopPlace:302,Gjøvik stasjon,2026-09-07T07:34:00+02:00,2026-09-07T07:34:09+02:00,2026-09-07T07:34:09+02:00,9.0,1,Roa,VYG:Line:RE30,Oslo S-Gjøvik,RE30,rail,VYG:ServiceJourney:1208-GJOe_589122-R,True,actual,False,,,,,2026-09-07T08:42:24.659182+02:00
NSR:StopPlace:702,Sandnes sentrum stasjon,2026-09-07T06:04:00+02:00,2026-09-07T06:04:09+02:00,2026-09-07T06:04:09+02:00,9.0,1,Egersund,GOA:Line:59,Jærbanen,L5,rail,GOA:ServiceJourney:3008_63040-R,True,actual,False,,,,,2026-09-07T08:42:24.659182+02:00
NSR:StopPlace:62352,Stoa stasjon,2026-09-07T07:31:00+02:00,2026-09-07T07:31:09+02:00,2026-09-07T07:31:09+02:00,9.0,1,Arendal,GOA:Line:53,Sørtoget lokal,R50,rail,GOA:ServiceJourney:2063_63016-R,True,actual,False,,,,,2026-09-07T08:42:24.659182+02:00
NSR:StopPlace:62351,Bråstad stasjon,2026-09-07T07:30:00+02:00,2026-09-07T07:30:09+02:00,2026-09-07T07:30:09+02:00,9.0,1,Arendal,GOA:Line:53,Sørtoget lokal,R50,rail,GOA:ServiceJourney:2063_63016-R,True,actual,False,,,,,2026-09-07T08:42:24.659182+02:00
NSR:StopPlace:62355,Froland stasjon,2026-09-07T07:17:00+02:00,2026-09-07T07:17:09+02:00,2026-09-07T07:17:09+02:00,9.0,1,Arendal,GOA:Line:53,Sørtoget lokal,R50,rail,GOA:ServiceJourney:2063_63016-R,True,actual,False,,,,,2026-09-07T08:42:24.659182+02:00
NSR:StopPlace:62354,Bøylestad stasjon,2026-09-07T07:11:00+02:00,2026-09-07T07:11:09+02:00,2026-09-07T07:11:09+02:00,9.0,1,Arendal,GOA:Line:53,Sørtoget lokal,R50,rail,GOA:ServiceJourney:2063_63016-R,True,actual,False,,,,,2026-09-07T08:42:24.659182+02:00
NSR:StopPlace:62393,Billingstad stasjon,2026-09-07T07:22:00+02:00,2026-09-07T07:22:09+02:00,2026-09-07T07:22:09+02:00,9.0,1,Asker,VYG:Line:L1,Spikkestad-Oslo S-Lillestrøm,L1,rail,VYG:ServiceJourney:2107_443511-R,True,actual,False,,,,,2026-09-07T08:42:24.659182+02:00
NSR:StopPlace:61466,Vakås stasjon,2026-09-07T23:08:00+02:00,2026-09-07T23:08:08+02:00,2026-09-07T23:08:08+02:00,8.0,1,Lillestrøm,VYG:Line:L1,Spikkestad-Oslo S-Lillestrøm,L1,rail,VYG:ServiceJourney:2276_445376-R,True,actual,False,,,,,2026-09-08T00:20:52.129880+02:00
NSR:StopPlace:61463,Nordstrand stasjon,2026-09-07T22:22:00+02:00,2026-09-07T22:22:08+02:00,2026-09-07T22:22:08+02:00,8.0,1,Ski,VYG:Line:L2,Stabekk-Oslo S-Ski,L2,rail,VYG:ServiceJourney:2769-HVK_443987-R,True,actual,False,,,,,2026-09-08T00:20:52.129880+02:00
NSR:StopPlace:59646,Høvik stasjon,2026-09-07T23:37:00+02:00,2026-09-07T23:37:08+02:00,2026-09-07T23:37:08+02:00,8.0,1,Lillestrøm,VYG:Line:L1,Spikkestad-Oslo S-Lillestrøm,L1,rail,VYG:ServiceJourney:2176_443587-R,True,actual,False,,,,,2026-09-08T00:20:52.129880+02:00
NSR:StopPlace:59654,Stabekk stasjon,2026-09-07T21:56:00+02:00,2026-09-07T21:56:08+02:00,2026-09-07T21:56:08+02:00,8.0,1,Lillestrøm,VYG:Line:L1,Spikkestad-Oslo S-Lillestrøm,L1,rail,VYG:ServiceJourney:2270_443703-R,True,actual,False,,,,,2026-09-08T00:20:52.129880+02:00
NSR:StopPlace:60047,Melhus skysstasjon,2026-09-07T22:46:00+02:00,2026-09-07T22:46:08+02:00,2026-09-07T22:46:08+02:00,8.0,1,Steinkjer,SJN:Line:26,Trønderbanen,R70,rail,SJN:ServiceJourney:457-SOeB_56085-R,True,actual,False,,,,,2026-09-08T00:20:52.129880+02:00
NSR:StopPlace:59616,Asker stasjon,2026-09-07T21:29:00+02:00,2026-09-07T21:29:08+02:00,2026-09-07T21:29:08+02:00,8.0,1,Eidsvoll,VYG:Line:R12,Kongsberg-Oslo S-Eidsvoll,R12,rail,VYG:ServiceJourney:534_444344-R,True,actual,False,,,,,2026-09-08T00:20:52.129880+02:00
NSR:StopPlace:58971,Mosjøen stasjon,2026-09-07T21:45:00+02:00,2026-09-07T21:45:08+02:00,2026-09-07T21:45:08+02:00,8.0,1,Sandnessjøen bussterminal,NOR:Line:12_3705,Mosjøen-Sandnessjøen,705,bus,NOR:ServiceJourney:3705_260505103222027_2005,True,actual,False,,,,,2026-09-08T00:20:52.129880+02:00
NSR:StopPlace:58862,Strømmen stasjon,2026-09-07T23:35:00+02:00,2026-09-07T23:35:08+02:00,2026-09-07T23:35:08+02:00,8.0,1,Lillestrøm,VYG:Line:L1,Spikkestad-Oslo S-Lillestrøm,L1,rail,VYG:ServiceJourney:2274_443709-R,True,actual,False,,,,,2026-09-08T00:20:52.129880+02:00
NSR:StopPlace:58874,Stokke stasjon,2026-09-07T22:52:00+02:00,2026-09-07T22:52:08+02:00,2026-09-07T22:52:08+02:00,8.0,1,Tønsberg,VKT:Line:520,Tønsberg-Stokke,520,bus,VKT:ServiceJourney:17328,True,actual,False,,,,,2026-09-08T00:20:52.129880+02:00
NSR:StopPlace:58211,Oslo lufthavn,2026-09-07T21:15:00+02:00,2026-09-07T21:15:08+02:00,2026-09-07T21:15:08+02:00,8.0,1,Majorstuen via Torshov-Sagene,NBU:Line:a7cafc59-feaf-4e61-9fa1-b7dce4ffe970,Majorstuen via Torshov-Sagene,FB1,bus,NBU:ServiceJourney:c5065e77-4a79-4fb9-acb1-e94769b95131,True,actual,False,,,,,2026-09-08T00:20:52.129880+02:00
NSR:StopPlace:302,Gjøvik stasjon,2026-09-07T21:34:00+02:00,2026-09-07T21:34:08+02:00,2026-09-07T21:34:08+02:00,8.0,1,Roa,VYG:Line:R31,Skøyen-Jaren-Gjøvik,R31,rail,VYG:ServiceJourney:236-GJOe_648922-R,True,actual,False,,,,,2026-09-08T00:20:52.129880+02:00
NSR:StopPlace:61383,Urdland stasjon,2026-09-07T19:27:00+02:00,2026-09-07T19:27:08+02:00,2026-09-07T19:27:08+02:00,8.0,1,Bergen,VYG:Line:R40,Bergen-Voss-Myrdal-Ål,R40,rail,VYG:ServiceJourney:1835_477934-R,True,actual,False,,,,,2026-09-07T20:27:16.249662+02:00
NSR:StopPlace:59641,Fjellhamar stasjon,2026-09-07T18:47:00+02:00,2026-09-07T18:47:08+02:00,2026-09-07T18:47:08+02:00,8.0,1,Spikkestad,VYG:Line:L1,Spikkestad-Oslo S-Lillestrøm,L1,rail,VYG:ServiceJourney:2257_443680-R,True,actual,False,,,,,2026-09-07T20:27:16.249662+02:00
NSR:StopPlace:59952,Drammen stasjon,2026-09-07T19:47:00+02:00,2026-09-07T19:47:08+02:00,2026-09-07T19:47:08+02:00,8.0,1,Eidsvoll,VYG:Line:RE11,Eidsvoll-Oslo S-Skien,RE11,rail,VYG:ServiceJourney:830_444410-R,True,actual,False,,,,,2026-09-07T20:27:16.249662+02:00
NSR:StopPlace:59958,Voss stasjon,2026-09-07T17:10:00+02:00,2026-09-07T17:10:08+02:00,2026-09-07T17:10:08+02:00,8.0,1,Norheimsund,SKY:Line:925,Bergen-Norheimsund-Kvanndal-Voss,925,bus,SKY:ServiceJourney:925-205165-21340955,True,actual,False,,,,,2026-09-07T20:27:16.249662+02:00
NSR:StopPlace:59958,Voss stasjon,2026-09-07T18:16:00+02:00,2026-09-07T18:16:08+02:00,2026-09-07T18:16:08+02:00,8.0,1,Bergen,VYG:Line:R40,Bergen-Voss-Myrdal-Ål,R40,rail,VYG:ServiceJourney:1831_457481-R,True,actual,False,,,,,2026-09-07T20:27:16.249662+02:00
NSR:StopPlace:59243,Mo i Rana stasjon,2026-09-07T19:12:00+02:00,2026-09-07T19:12:08+02:00,2026-09-07T19:12:08+02:00,8.0,1,Sykehuset Mo,NOR:Line:12_8372,Kvernkroken - Sykehuset Mo,2,bus,NOR:ServiceJourney:8372_251012124855349_1025,True,actual,False,,,,,2026-09-07T20:27:16.249662+02:00
NSR:StopPlace:59616,Asker stasjon,2026-09-07T17:19:00+02:00,2026-09-07T17:19:08+02:00,2026-09-07T17:19:08+02:00,8.0,1,Dal,VYG:Line:R13,Drammen-Oslo S-Dal,R13,rail,VYG:ServiceJourney:1651_481163-R,True,actual,False,,,,,2026-09-07T20:27:16.249662+02:00
NSR:StopPlace:58950,Åsen stasjon,2026-09-07T17:22:00+02:00,2026-09-07T17:22:08+02:00,2026-09-07T17:22:08+02:00,8.0,1,Steinkjer,SJN:Line:26,Trønderbanen,R70,rail,SJN:ServiceJourney:443-SOeB_56072-R,True,actual,False,,,,,2026-09-07T20:27:16.249662+02:00
NSR:StopPlace:58795,Kambo stasjon,2026-09-07T20:00:00+02:00,2026-09-07T20:00:08+02:00,2026-09-07T20:00:08+02:00,8.0,1,Stabekk,VYG:Line:R21,Stabekk-Oslo S-Moss,R21,rail,VYG:ServiceJourney:1164-MOS_443055-R,True,actual,False,,,,,2026-09-07T20:27:16.249662+02:00
NSR:StopPlace:58857,Lørenskog stasjon,2026-09-07T18:28:00+02:00,2026-09-07T18:28:08+02:00,2026-09-07T18:28:08+02:00,8.0,1,Stovner,RUT:Line:120,Nesåsen - Stovner,120,bus,RUT:ServiceJourney:34ec0d7c0e74c83ddfccdfcd1a65ef30,True,actual,False,,,,,2026-09-07T20:27:16.249662+02:00
NSR:StopPlace:58866,Vevelstad stasjon,2026-09-07T18:06:00+02:00,2026-09-07T18:06:08+02:00,2026-09-07T18:06:08+02:00,8.0,1,Drøbak - Frogn vgs.,RUT:Line:510,Bøleråsen - Ski - Ås - Drøbak,510,bus,RUT:ServiceJourney:36a3ef9dcb2b4df70613b69fbb4d656c,True,actual,False,,,,,2026-09-07T20:27:16.249662+02:00
NSR:StopPlace:63079,Skeiane stasjon,2026-09-07T19:56:00+02:00,2026-09-07T19:56:08+02:00,2026-09-07T19:56:08+02:00,8.0,1,Stavanger,GOA:Line:59,Jærbanen,L5,rail,GOA:ServiceJourney:3161_63206-R,True,actual,False,,,,,2026-09-07T20:27:16.249662+02:00
NSR:StopPlace:58211,Oslo lufthavn,2026-09-07T17:00:00+02:00,2026-09-07T17:00:08+02:00,2026-09-07T17:00:08+02:00,8.0,1,Radiumhospitalet via Økern-Storo-Tåsen,NBU:Line:cb7b555c-f96e-42d5-84bf-a5e08c0145c2,Radiumhospitalet via Økern-Storo-Tåsen,FB3,bus,NBU:ServiceJourney:b0c204f9-2bcc-4bde-97fa-99f9fe3d0f80,True,actual,False,,,,,2026-09-07T20:27:16.249662+02:00
NSR:StopPlace:101,Sagdalen stasjon,2026-09-07T20:13:00+02:00,2026-09-07T20:13:08+02:00,2026-09-07T20:13:08+02:00,8.0,1,Spikkestad,VYG:Line:L1,Spikkestad-Oslo S-Lillestrøm,L1,rail,VYG:ServiceJourney:2263_443691-R,True,actual,False,,,,,2026-09-07T20:27:16.249662+02:00
NSR:StopPlace:364,Vaksdal stasjon,2026-09-07T17:51:00+02:00,2026-09-07T17:51:08+02:00,2026-09-07T17:51:08+02:00,8.0,1,Bergen,VYG:Line:R40,Bergen-Voss-Myrdal-Ål,R40,rail,VYG:ServiceJourney:1829_445142-R,True,actual,False,Forsinket,Toget kjørte 3 minutter forsinket fra Myrdal. Dette skyldes at andre tog på strekningen er forsinket.,incident,normal,2026-09-07T20:27:16.249662+02:00
NSR:StopPlace:206,Mariero stasjon,2026-09-07T18:55:00+02:00,2026-09-07T18:55:08+02:00,2026-09-07T18:55:08+02:00,8.0,1,Stavanger,GOA:Line:59,Jærbanen,L5,rail,GOA:ServiceJourney:3055_63106-R,True,actual,False,,,,,2026-09-07T20:27:16.249662+02:00
NSR:StopPlace:610,Sandvika stasjon,2026-09-07T17:25:00+02:00,2026-09-07T17:25:08+02:00,2026-09-07T17:25:08+02:00,8.0,1,Dal,VYG:Line:R13,Drammen-Oslo S-Dal,R13,rail,VYG:ServiceJourney:1651_481163-R,True,actual,False,,,,,2026-09-07T20:27:16.249662+02:00
NSR:StopPlace:62393,Billingstad stasjon,2026-09-07T18:27:00+02:00,2026-09-07T18:27:08+02:00,2026-09-07T18:27:08+02:00,8.0,1,Lillestrøm,VYG:Line:L1,Spikkestad-Oslo S-Lillestrøm,L1,rail,VYG:ServiceJourney:2156_443565-R,True,actual,False,,,,,2026-09-07T20:27:16.249662+02:00
NSR:StopPlace:61169,Marienborg stasjon,2026-09-07T14:08:00+02:00,2026-09-07T14:08:08+02:00,2026-09-07T14:08:08+02:00,8.0,1,Steinkjer,SJN:Line:26,Trønderbanen,R70,rail,SJN:ServiceJourney:439_56068-R,True,actual,False,,,,,2026-09-07T15:44:36.205822+02:00
NSR:StopPlace:59952,Drammen stasjon,2026-09-07T13:47:00+02:00,2026-09-07T13:47:08+02:00,2026-09-07T13:47:08+02:00,8.0,1,Eidsvoll,VYG:Line:RE11,Eidsvoll-Oslo S-Skien,RE11,rail,VYG:ServiceJourney:818_444398-R,True,actual,False,,,,,2026-09-07T15:44:36.205822+02:00
NSR:StopPlace:58793,Askim stasjon,2026-09-07T13:35:00+02:00,2026-09-07T13:35:08+02:00,2026-09-07T13:35:08+02:00,8.0,1,Moss,OST:Line:1_641,Askim-Elvestad-Moss,641,bus,OST:ServiceJourney:641_260325121473627_9,True,actual,False,,,,,2026-09-07T15:44:36.205822+02:00
NSR:StopPlace:58862,Strømmen stasjon,2026-09-07T14:45:00+02:00,2026-09-07T14:45:08+02:00,2026-09-07T14:45:08+02:00,8.0,1,Spikkestad,VYG:Line:L1,Spikkestad-Oslo S-Lillestrøm,L1,rail,VYG:ServiceJourney:2241_443652-R,True,actual,False,,,,,2026-09-07T15:44:36.205822+02:00
NSR:StopPlace:58874,Stokke stasjon,2026-09-07T13:56:00+02:00,2026-09-07T13:56:08+02:00,2026-09-07T13:56:08+02:00,8.0,1,Eidsvoll,VYG:Line:RE11,Eidsvoll-Oslo S-Skien,RE11,rail,VYG:ServiceJourney:820_444400-R,True,actual,False,,,,,2026-09-07T15:44:36.205822+02:00
NSR:StopPlace:58808,Kongsvinger stasjon,2026-09-07T14:36:00+02:00,2026-09-07T14:36:08+02:00,2026-09-07T14:36:08+02:00,8.0,1,Asker,VYG:Line:R14,Asker-Oslo S-Kongsvinger,R14,rail,VYG:ServiceJourney:1022_442930-R,True,actual,False,,,,,2026-09-07T15:44:36.205822+02:00
NSR:StopPlace:302,Gjøvik stasjon,2026-09-07T13:34:00+02:00,2026-09-07T13:34:08+02:00,2026-09-07T13:34:08+02:00,8.0,1,Roa,VYG:Line:RE30,Oslo S-Gjøvik,RE30,rail,VYG:ServiceJourney:1220-GJOe_589159-R,True,actual,False,,,,,2026-09-07T15:44:36.205822+02:00
NSR:StopPlace:62393,Billingstad stasjon,2026-09-07T14:57:00+02:00,2026-09-07T14:57:08+02:00,2026-09-07T14:57:08+02:00,8.0,1,Lillestrøm,VYG:Line:L1,Spikkestad-Oslo S-Lillestrøm,L1,rail,VYG:ServiceJourney:2142_443550-R,True,actual,False,,,,,2026-09-07T15:44:36.205822+02:00
NSR:StopPlace:61463,Nordstrand stasjon,2026-09-07T07:07:00+02:00,2026-09-07T07:07:08+02:00,2026-09-07T07:07:08+02:00,8.0,1,Ski,VYG:Line:L2,Stabekk-Oslo S-Ski,L2,rail,VYG:ServiceJourney:2807-BES_488363-R,True,actual,False,Færre vogner,Denne avgangen kjører dessverre med 3 vogner i stedet for 6 vogner. Dette skyldes at vi mangler et togsett.,general,normal,2026-09-07T08:42:24.659182+02:00
NSR:StopPlace:59654,Stabekk stasjon,2026-09-07T06:10:00+02:00,2026-09-07T06:10:08+02:00,2026-09-07T06:10:08+02:00,8.0,1,Lillestrøm,VYG:Line:L1,Spikkestad-Oslo S-Lillestrøm,L1,rail,VYG:ServiceJourney:2106_443510-R,True,actual,False,,,,,2026-09-07T08:42:24.659182+02:00
NSR:StopPlace:59654,Stabekk stasjon,2026-09-07T06:26:00+02:00,2026-09-07T06:26:08+02:00,2026-09-07T06:26:08+02:00,8.0,1,Lillestrøm,VYG:Line:L1,Spikkestad-Oslo S-Lillestrøm,L1,rail,VYG:ServiceJourney:2208_764738-R,True,actual,False,Færre vogner,Denne avgangen kjører dessverre med 4 vogner i stedet for 8 vogner. Dette skyldes at vi mangler et togsett.,general,normal,2026-09-07T08:42:24.659182+02:00
NSR:StopPlace:59654,Stabekk stasjon,2026-09-07T07:10:00+02:00,2026-09-07T07:10:08+02:00,2026-09-07T07:10:08+02:00,8.0,1,Asker,VYG:Line:L1,Spikkestad-Oslo S-Lillestrøm,L1,rail,VYG:ServiceJourney:2107_443511-R,True,actual,False,,,,,2026-09-07T08:42:24.659182+02:00
NSR:StopPlace:59243,Mo i Rana stasjon,2026-09-07T07:42:00+02:00,2026-09-07T07:42:08+02:00,2026-09-07T07:42:08+02:00,8.0,1,Sykehuset Mo,NOR:Line:12_8372,Kvernkroken - Sykehuset Mo,2,bus,NOR:ServiceJourney:8372_251012124855328_1004,True,actual,False,,,,,2026-09-07T08:42:24.659182+02:00
NSR:StopPlace:58834,Hokksund stasjon,2026-09-07T08:17:00+02:00,2026-09-07T08:17:08+02:00,2026-09-07T08:17:08+02:00,8.0,1,Ormåsen,BRA:Line:4_6117,Hokksund - Ormåsen,117,bus,BRA:ServiceJourney:6117_260622052303631_1033,True,actual,False,,,,,2026-09-07T08:42:24.659182+02:00
NSR:StopPlace:58844,Eidsvoll stasjon,2026-09-07T06:31:00+02:00,2026-09-07T06:31:08+02:00,2026-09-07T06:31:08+02:00,8.0,1,Kongsberg,VYG:Line:R12,Kongsberg-Oslo S-Eidsvoll,R12,rail,VYG:ServiceJourney:505_444298-R,True,actual,False,,,,,2026-09-07T08:42:24.659182+02:00
NSR:StopPlace:58856,Lysaker stasjon,2026-09-07T05:51:00+02:00,2026-09-07T05:51:08+02:00,2026-09-07T05:51:08+02:00,8.0,1,Kongsvinger,VYG:Line:R14,Asker-Oslo S-Kongsvinger,R14,rail,VYG:ServiceJourney:1003_442908-R,True,actual,False,,,,,2026-09-07T08:42:24.659182+02:00
NSR:StopPlace:58860,Oppegård stasjon,2026-09-07T06:31:00+02:00,2026-09-07T06:31:08+02:00,2026-09-07T06:31:08+02:00,8.0,1,Ski stasjon,RUT:Line:580,Kolbotn - Ski,580,bus,RUT:ServiceJourney:0b89b62d891bcc293c96357ce7e47558,True,actual,False,,,,,2026-09-07T08:42:24.659182+02:00
NSR:StopPlace:58873,Skoppum stasjon,2026-09-07T06:35:00+02:00,2026-09-07T06:35:08+02:00,2026-09-07T06:35:08+02:00,8.0,1,Oslo S,VYG:Line:RX11,Eidsvoll-Oslo S-Skien,RX11,rail,VYG:ServiceJourney:854-SKN_554645-R,True,actual,False,,,,,2026-09-07T08:42:24.659182+02:00
NSR:StopPlace:58882,Nordagutu stasjon,2026-09-07T08:30:00+02:00,2026-09-07T08:30:08+02:00,2026-09-07T08:30:08+02:00,8.0,1,Notodden,VYG:Line:R55,Porsgrunn-Notodden,R55,rail,VYG:ServiceJourney:2474_443746-R,True,actual,False,,,,,2026-09-07T08:42:24.659182+02:00
NSR:StopPlace:58211,Oslo lufthavn,2026-09-07T06:25:00+02:00,2026-09-07T06:25:08+02:00,2026-09-07T06:25:08+02:00,8.0,1,Radiumhospitalet via Økern-Storo-Tåsen,NBU:Line:cb7b555c-f96e-42d5-84bf-a5e08c0145c2,Radiumhospitalet via Økern-Storo-Tåsen,FB3,bus,NBU:ServiceJourney:aea29aaf-c4ba-4b42-a6de-87bd7fc7574d,True,actual,False,,,,,2026-09-07T08:42:24.659182+02:00
NSR:StopPlace:101,Sagdalen stasjon,2026-09-07T07:28:00+02:00,2026-09-07T07:28:08+02:00,2026-09-07T07:28:08+02:00,8.0,1,Asker,VYG:Line:L1,Spikkestad-Oslo S-Lillestrøm,L1,rail,VYG:ServiceJourney:2111_728233-R,True,actual,False,Færre vogner,Denne avgangen kjører dessverre med 4 vogner i stedet for 8 vogner. Dette skyldes at vi mangler et togsett.,general,normal,2026-09-07T08:42:24.659182+02:00
NSR:StopPlace:393,Leangen stasjon,2026-09-07T07:35:00+02:00,2026-09-07T07:35:08+02:00,2026-09-07T07:35:08+02:00,8.0,1,Melhus skysstasjon,SJN:Line:26,Trønderbanen,R70,rail,SJN:ServiceJourney:422-STK_56051-R,True,actual,False,,,,,2026-09-07T08:42:24.659182+02:00
NSR:StopPlace:316,Oppdal stasjon,2026-09-07T06:23:00+02:00,2026-09-07T06:23:08+02:00,2026-09-07T06:23:08+02:00,8.0,1,Steinkjer,SJN:Line:26,Trønderbanen,R70,rail,SJN:ServiceJourney:427_56056-R,True,actual,False,,,,,2026-09-07T08:42:24.659182+02:00
NSR:StopPlace:610,Sandvika stasjon,2026-09-07T05:55:00+02:00,2026-09-07T05:55:08+02:00,2026-09-07T05:55:08+02:00,8.0,1,Dal,VYG:Line:R13,Drammen-Oslo S-Dal,R13,rail,VYG:ServiceJourney:1605_443222-R,True,actual,False,,,,,2026-09-07T08:42:24.659182+02:00
NSR:StopPlace:610,Sandvika stasjon,2026-09-07T06:45:00+02:00,2026-09-07T06:45:08+02:00,2026-09-07T06:45:08+02:00,8.0,1,Kongsvinger,VYG:Line:R14,Asker-Oslo S-Kongsvinger,R14,rail,VYG:ServiceJourney:1005_442910-R,True,actual,False,,,,,2026-09-07T08:42:24.659182+02:00
NSR:StopPlace:59650,Nyland stasjon,2026-09-07T03:22:00+02:00,2026-09-07T03:22:08+02:00,2026-09-07T03:22:08+02:00,8.0,1,Oslo lufthavn,NBU:Line:cb7b555c-f96e-42d5-84bf-a5e08c0145c2,Radiumhospitalet via Økern-Storo-Tåsen,FB3,bus,NBU:ServiceJourney:1acabfe4-a7c3-4f3a-8e1d-d522228235e9,True,actual,False,,,,,2026-09-07T03:30:22.110925+02:00
NSR:StopPlace:61463,Nordstrand stasjon,2026-09-07T22:07:00+02:00,2026-09-07T22:07:07+02:00,2026-09-07T22:07:07+02:00,7.0,1,Stabekk,VYG:Line:L2,Stabekk-Oslo S-Ski,L2,rail,VYG:ServiceJourney:2772-SKI_443993-R,True,actual,False,,,,,2026-09-08T00:20:52.129880+02:00
NSR:StopPlace:61463,Nordstrand stasjon,2026-09-07T23:37:00+02:00,2026-09-07T23:37:07+02:00,2026-09-07T23:37:07+02:00,7.0,1,Stabekk,VYG:Line:L2,Stabekk-Oslo S-Ski,L2,rail,VYG:ServiceJourney:2778-SKI_444001-R,True,actual,False,,,,,2026-09-08T00:20:52.129880+02:00
NSR:StopPlace:59952,Drammen stasjon,2026-09-07T23:35:00+02:00,2026-09-07T23:35:07+02:00,2026-09-07T23:35:07+02:00,7.0,1,Dal,VYG:Line:R13,Drammen-Oslo S-Dal,R13,rail,VYG:ServiceJourney:1677_443379-R,True,actual,False,,,,,2026-09-08T00:20:52.129880+02:00
NSR:StopPlace:60042,Trengereid stasjon,2026-09-07T21:54:00+02:00,2026-09-07T21:54:07+02:00,2026-09-07T21:54:07+02:00,7.0,1,Voss,VYG:Line:R40,Bergen-Voss-Myrdal-Ål,R40,rail,VYG:ServiceJourney:1834_443421-R,True,actual,False,,,,,2026-09-08T00:20:52.129880+02:00
NSR:StopPlace:59616,Asker stasjon,2026-09-07T21:34:00+02:00,2026-09-07T21:34:07+02:00,2026-09-07T21:34:07+02:00,7.0,1,Lillestrøm,VYG:Line:L1,Spikkestad-Oslo S-Lillestrøm,L1,rail,VYG:ServiceJourney:2270_443703-R,True,actual,False,,,,,2026-09-08T00:20:52.129880+02:00
NSR:StopPlace:59638,Myrvoll stasjon,2026-09-07T22:51:00+02:00,2026-09-07T22:51:07+02:00,2026-09-07T22:51:07+02:00,7.0,1,Stabekk,VYG:Line:L2,Stabekk-Oslo S-Ski,L2,rail,VYG:ServiceJourney:2776-SKI_443999-R,True,actual,False,,,,,2026-09-08T00:20:52.129880+02:00
NSR:StopPlace:58796,Moss stasjon,2026-09-07T21:47:00+02:00,2026-09-07T21:47:07+02:00,2026-09-07T21:47:07+02:00,7.0,1,Halden,VYG:Line:RE20,Oslo S-Halden-Göteborg (X-Border),RE20,rail,VYG:ServiceJourney:133_443134-R,True,actual,False,,,,,2026-09-08T00:20:52.129880+02:00
NSR:StopPlace:58796,Moss stasjon,2026-09-07T22:47:00+02:00,2026-09-07T22:47:07+02:00,2026-09-07T22:47:07+02:00,7.0,1,Halden,VYG:Line:RE20,Oslo S-Halden-Göteborg (X-Border),RE20,rail,VYG:ServiceJourney:135_443135-R,True,actual,False,,,,,2026-09-08T00:20:52.129880+02:00
NSR:StopPlace:58876,Tønsberg stasjon,2026-09-07T23:52:00+02:00,2026-09-07T23:52:07+02:00,2026-09-07T23:52:07+02:00,7.0,1,Skien,VYG:Line:RE11,Eidsvoll-Oslo S-Skien,RE11,rail,VYG:ServiceJourney:837_444417-R,True,actual,False,,,,,2026-09-08T00:20:52.129880+02:00
NSR:StopPlace:393,Leangen stasjon,2026-09-07T23:35:00+02:00,2026-09-07T23:35:07+02:00,2026-09-07T23:35:07+02:00,7.0,1,Støren,SJN:Line:26,Trønderbanen,R70,rail,SJN:ServiceJourney:454_56083-R,True,actual,False,,,,,2026-09-08T00:20:52.129880+02:00
NSR:StopPlace:59646,Høvik stasjon,2026-09-07T20:07:00+02:00,2026-09-07T20:07:07+02:00,2026-09-07T20:07:07+02:00,7.0,1,Lillestrøm,VYG:Line:L1,Spikkestad-Oslo S-Lillestrøm,L1,rail,VYG:ServiceJourney:2162_443572-R,True,actual,False,,,,,2026-09-07T20:27:16.249662+02:00
NSR:StopPlace:59952,Drammen stasjon,2026-09-07T20:17:00+02:00,2026-09-07T20:17:07+02:00,2026-09-07T20:17:07+02:00,7.0,1,Eidsvoll,VYG:Line:R12,Kongsberg-Oslo S-Eidsvoll,R12,rail,VYG:ServiceJourney:532_444341-R,True,actual,False,,,,,2026-09-07T20:27:16.249662+02:00
NSR:StopPlace:60047,Melhus skysstasjon,2026-09-07T17:57:00+02:00,2026-09-07T17:57:07+02:00,2026-09-07T17:57:07+02:00,7.0,1,Trondheim S,SJN:Line:25,Rørosbanen,R60,rail,SJN:ServiceJourney:2385_30335-R,True,actual,False,,,,,2026-09-07T20:27:16.249662+02:00
NSR:StopPlace:59243,Mo i Rana stasjon,2026-09-07T18:38:00+02:00,2026-09-07T18:38:07+02:00,2026-09-07T18:38:07+02:00,7.0,1,Grubbåsen,NOR:Line:12_8371,Grubbåsen - Båsmobakken/Skillevollen,1,bus,NOR:ServiceJourney:8371_251012124858573_2035,True,actual,False,,,,,2026-09-07T20:27:16.249662+02:00
NSR:StopPlace:59616,Asker stasjon,2026-09-07T17:19:00+02:00,2026-09-07T17:19:07+02:00,2026-09-07T17:19:07+02:00,7.0,1,Lierbyen - Drammen,BRA:Line:4_6071,Drammen - Stoppen - Lierbyen - Asker,71,bus,BRA:ServiceJourney:6071_260415100160756_1072,True,actual,False,Fra 17/8 går linje 61-63-71-73-251-261 og skolebusser fra holdeplass ved Skutebrygga ut av byen.Les mer på brakar.no/trafikkmeldinger.,,general,normal,2026-09-07T20:27:16.249662+02:00
NSR:StopPlace:58930,Larvik stasjon,2026-09-07T17:50:00+02:00,2026-09-07T17:50:07+02:00,2026-09-07T17:50:07+02:00,7.0,1,Larvik-Sandefjord,VKT:Line:4,Torp-Sandefjord-Larvik-Stavern,4,bus,VKT:ServiceJourney:17711,True,actual,False,,,,,2026-09-07T20:27:16.249662+02:00
NSR:StopPlace:58793,Askim stasjon,2026-09-07T19:40:00+02:00,2026-09-07T19:40:07+02:00,2026-09-07T19:40:07+02:00,7.0,1,Mysen stasjon,OST:Line:1_640,Sarpsborg-Askim-Mysen,640,bus,OST:ServiceJourney:640_260325121473118_25,True,actual,False,,,,,2026-09-07T20:27:16.249662+02:00
NSR:StopPlace:58834,Hokksund stasjon,2026-09-07T18:06:00+02:00,2026-09-07T18:06:07+02:00,2026-09-07T18:06:07+02:00,7.0,1,Vikersund,BRA:Line:4_6101,Drammen-Vikersund/Hønefoss,101,bus,BRA:ServiceJourney:6101_260415100161251_1043,True,actual,False,,,,,2026-09-07T20:27:16.249662+02:00
NSR:StopPlace:58834,Hokksund stasjon,2026-09-07T19:17:00+02:00,2026-09-07T19:17:07+02:00,2026-09-07T19:17:07+02:00,7.0,1,Ormåsen,BRA:Line:4_6117,Hokksund - Ormåsen,117,bus,BRA:ServiceJourney:6117_260622052303090_1027,True,actual,False,,,,,2026-09-07T20:27:16.249662+02:00
NSR:StopPlace:206,Mariero stasjon,2026-09-07T19:55:00+02:00,2026-09-07T19:55:07+02:00,2026-09-07T19:55:07+02:00,7.0,1,Stavanger,GOA:Line:59,Jærbanen,L5,rail,GOA:ServiceJourney:3059_63113-R,True,actual,False,,,,,2026-09-07T20:27:16.249662+02:00
NSR:StopPlace:206,Mariero stasjon,2026-09-07T20:09:00+02:00,2026-09-07T20:09:07+02:00,2026-09-07T20:09:07+02:00,7.0,1,Stavanger,GOA:Line:59,Jærbanen,L5,rail,GOA:ServiceJourney:3161_63206-R,True,actual,False,,,,,2026-09-07T20:27:16.249662+02:00
NSR:StopPlace:702,Sandnes sentrum stasjon,2026-09-07T17:40:00+02:00,2026-09-07T17:40:07+02:00,2026-09-07T17:40:07+02:00,7.0,1,Nærbø,GOA:Line:59,Jærbanen,L5,rail,GOA:ServiceJourney:3054_63104-R,True,actual,False,,,,,2026-09-07T20:27:16.249662+02:00
NSR:StopPlace:702,Sandnes sentrum stasjon,2026-09-07T19:10:00+02:00,2026-09-07T19:10:07+02:00,2026-09-07T19:10:07+02:00,7.0,1,Egersund,GOA:Line:59,Jærbanen,L5,rail,GOA:ServiceJourney:3060_63114-R,True,actual,False,,,,,2026-09-07T20:27:16.249662+02:00
NSR:StopPlace:62393,Billingstad stasjon,2026-09-07T16:57:00+02:00,2026-09-07T16:57:07+02:00,2026-09-07T16:57:07+02:00,7.0,1,Lillestrøm,VYG:Line:L1,Spikkestad-Oslo S-Lillestrøm,L1,rail,VYG:ServiceJourney:2150_443559-R,True,actual,False,,,,,2026-09-07T20:27:16.249662+02:00
NSR:StopPlace:61169,Marienborg stasjon,2026-09-07T13:08:00+02:00,2026-09-07T13:08:07+02:00,2026-09-07T13:08:07+02:00,7.0,1,Steinkjer,SJN:Line:26,Trønderbanen,R70,rail,SJN:ServiceJourney:437_56066-R,True,actual,False,,,,,2026-09-07T15:44:36.205822+02:00
NSR:StopPlace:61383,Urdland stasjon,2026-09-07T14:30:00+02:00,2026-09-07T14:30:07+02:00,2026-09-07T14:30:07+02:00,7.0,1,Myrdal,VYG:Line:R40,Bergen-Voss-Myrdal-Ål,R40,rail,VYG:ServiceJourney:1816_465749-R,True,actual,False,,,,,2026-09-07T15:44:36.205822+02:00
NSR:StopPlace:59649,Nydalen stasjon,2026-09-07T14:43:00+02:00,2026-09-07T14:43:07+02:00,2026-09-07T14:43:07+02:00,7.0,1,Fornebu,RUT:Line:24,Fornebu vest - Brynseng T,24,bus,RUT:ServiceJourney:01fbabad468db9680513b33783fb8900,True,actual,False,,,,,2026-09-07T15:44:36.205822+02:00
NSR:StopPlace:58948,Stjørdal stasjon,2026-09-07T15:21:00+02:00,2026-09-07T15:21:07+02:00,2026-09-07T15:21:07+02:00,7.0,1,Husbyåsen via Terrassehusene,ATB:Line:2_92,92 StjørdalSt-HusbySnu.,92,bus,ATB:ServiceJourney:92_260219106439748_50,True,actual,False,,,,,2026-09-07T15:44:36.205822+02:00
NSR:StopPlace:58797,Mysen stasjon,2026-09-07T15:35:00+02:00,2026-09-07T15:35:07+02:00,2026-09-07T15:35:07+02:00,7.0,1,Trøgstad,OST:Line:1_477,Mysen vgs.,477,bus,OST:ServiceJourney:477_260325121473110_10,True,actual,False,,,,,2026-09-07T15:44:36.205822+02:00
NSR:StopPlace:58834,Hokksund stasjon,2026-09-07T15:10:00+02:00,2026-09-07T15:10:07+02:00,2026-09-07T15:10:07+02:00,7.0,1,Skotselv kryss,BRA:Line:4_6116,Hokksund-Skotselv,116,bus,BRA:ServiceJourney:6116_260415100158984_1011,True,actual,False,,,,,2026-09-07T15:44:36.205822+02:00
NSR:StopPlace:101,Sagdalen stasjon,2026-09-07T14:43:00+02:00,2026-09-07T14:43:07+02:00,2026-09-07T14:43:07+02:00,7.0,1,Spikkestad,VYG:Line:L1,Spikkestad-Oslo S-Lillestrøm,L1,rail,VYG:ServiceJourney:2241_443652-R,True,actual,False,,,,,2026-09-07T15:44:36.205822+02:00
NSR:StopPlace:59649,Nydalen stasjon,2026-09-07T06:31:00+02:00,2026-09-07T06:31:07+02:00,2026-09-07T06:31:07+02:00,7.0,1,Simensbråten,RUT:Line:23,Lysaker - Simensbråten,23,bus,RUT:ServiceJourney:2661d9492f44fdf975886d8f517878d8,True,actual,False,,,,,2026-09-07T08:42:24.659182+02:00
NSR:StopPlace:59641,Fjellhamar stasjon,2026-09-07T07:03:00+02:00,2026-09-07T07:03:07+02:00,2026-09-07T07:03:07+02:00,7.0,1,Vallerudtoppen,RUT:Line:315,Vallerudtoppen - Ahus,315,bus,RUT:ServiceJourney:5e27e6dac8834180f33749dd73e892e3,True,actual,False,,,,,2026-09-07T08:42:24.659182+02:00
NSR:StopPlace:59952,Drammen stasjon,2026-09-07T06:09:00+02:00,2026-09-07T06:09:07+02:00,2026-09-07T06:09:07+02:00,7.0,1,Oslo lufthavn,VYG:Line:RX11,Eidsvoll-Oslo S-Skien,RX11,rail,VYG:ServiceJourney:852_444422-R,True,actual,False,,,,,2026-09-07T08:42:24.659182+02:00
NSR:StopPlace:59243,Mo i Rana stasjon,2026-09-07T06:35:00+02:00,2026-09-07T06:35:07+02:00,2026-09-07T06:35:07+02:00,7.0,1,Nesna/Tonnes,NOR:Line:12_8331,Mo i Rana - Utskarpen - Tonnes - Nesna,100,bus,NOR:ServiceJourney:8331_251012124858693_1001,True,actual,False,,,,,2026-09-07T08:42:24.659182+02:00
NSR:StopPlace:60271,Varhaug stasjon,2026-09-07T07:18:00+02:00,2026-09-07T07:18:07+02:00,2026-09-07T07:18:07+02:00,7.0,1,Stavanger,GOA:Line:59,Jærbanen,L5,rail,GOA:ServiceJourney:3011_63043-R,True,actual,False,,,,,2026-09-07T08:42:24.659182+02:00
NSR:StopPlace:59635,Hauketo stasjon,2026-09-07T06:18:00+02:00,2026-09-07T06:18:07+02:00,2026-09-07T06:18:07+02:00,7.0,1,Fornebu,RUT:Line:81,Fornebu - Myrvoll stasjon,81,bus,RUT:ServiceJourney:bc444db1f496ee71aee9f2756bdc4552,True,actual,False,,,,,2026-09-07T08:42:24.659182+02:00
NSR:StopPlace:58971,Mosjøen stasjon,2026-09-07T04:50:00+02:00,2026-09-07T04:50:07+02:00,2026-09-07T04:50:07+02:00,7.0,1,Sandnessjøen bussterminal,NOR:Line:12_3705,Mosjøen-Sandnessjøen,705,bus,NOR:ServiceJourney:3705_260504105165828_2001,True,actual,False,,,,,2026-09-07T08:42:24.659182+02:00
NSR:StopPlace:58930,Larvik stasjon,2026-09-07T06:29:00+02:00,2026-09-07T06:29:07+02:00,2026-09-07T06:29:07+02:00,7.0,1,Eidsvoll,VYG:Line:RE11,Eidsvoll-Oslo S-Skien,RE11,rail,VYG:ServiceJourney:806_444386-R,True,actual,False,,,,,2026-09-07T08:42:24.659182+02:00
NSR:StopPlace:58797,Mysen stasjon,2026-09-07T05:20:00+02:00,2026-09-07T05:20:07+02:00,2026-09-07T05:20:07+02:00,7.0,1,Rakkestad-Sarpsborg,OST:Line:1_640,Sarpsborg-Askim-Mysen,640,bus,OST:ServiceJourney:640_260325121475365_3,True,actual,False,,,,,2026-09-07T08:42:24.659182+02:00
NSR:StopPlace:58840,Vestfossen stasjon,2026-09-07T08:06:00+02:00,2026-09-07T08:06:07+02:00,2026-09-07T08:06:07+02:00,7.0,1,Vestfossen u.skole,BRA:Line:4_6132,Ormåsen - Vestfossen,132,bus,BRA:ServiceJourney:6132_260427091083723_1007,True,actual,False,,,,,2026-09-07T08:42:24.659182+02:00
NSR:StopPlace:58856,Lysaker stasjon,2026-09-07T05:07:00+02:00,2026-09-07T05:07:07+02:00,2026-09-07T05:07:07+02:00,7.0,1,Grorud T,RUT:Line:31,Snarøya - Fornebu - Tonsenhagen - Grorud,31,bus,RUT:ServiceJourney:0e11fee6ebe4d2c3eeccd3265dedac19,True,actual,False,,,,,2026-09-07T08:42:24.659182+02:00
NSR:StopPlace:58864,Sørumsand stasjon,2026-09-07T06:30:00+02:00,2026-09-07T06:30:07+02:00,2026-09-07T06:30:07+02:00,7.0,1,Kongsvinger,VYG:Line:R14,Asker-Oslo S-Kongsvinger,R14,rail,VYG:ServiceJourney:1003_442908-R,True,actual,False,,,,,2026-09-07T08:42:24.659182+02:00
NSR:StopPlace:58870,Holmestrand stasjon,2026-09-07T06:44:00+02:00,2026-09-07T06:44:07+02:00,2026-09-07T06:44:07+02:00,7.0,1,Oslo S,VYG:Line:RX11,Eidsvoll-Oslo S-Skien,RX11,rail,VYG:ServiceJourney:854-SKN_554645-R,True,actual,False,,,,,2026-09-07T08:42:24.659182+02:00
NSR:StopPlace:58870,Holmestrand stasjon,2026-09-07T07:31:00+02:00,2026-09-07T07:31:07+02:00,2026-09-07T07:31:07+02:00,7.0,1,Skien,VYG:Line:RE11,Eidsvoll-Oslo S-Skien,RE11,rail,VYG:ServiceJourney:805_444385-R,True,actual,False,,,,,2026-09-07T08:42:24.659182+02:00
NSR:StopPlace:302,Gjøvik stasjon,2026-09-07T06:34:00+02:00,2026-09-07T06:34:07+02:00,2026-09-07T06:34:07+02:00,7.0,1,Roa,VYG:Line:RE30,Oslo S-Gjøvik,RE30,rail,VYG:ServiceJourney:1206-GJOe_589116-R,True,actual,False,,,,,2026-09-07T08:42:24.659182+02:00
NSR:StopPlace:206,Mariero stasjon,2026-09-07T07:29:00+02:00,2026-09-07T07:29:07+02:00,2026-09-07T07:29:07+02:00,7.0,1,Nærbø,GOA:Line:59,Jærbanen,L5,rail,GOA:ServiceJourney:3014_63046-R,True,actual,False,,,,,2026-09-07T08:42:24.659182+02:00
NSR:StopPlace:610,Sandvika stasjon,2026-09-07T07:17:00+02:00,2026-09-07T07:17:07+02:00,2026-09-07T07:17:07+02:00,7.0,1,Asker,VYG:Line:L1,Spikkestad-Oslo S-Lillestrøm,L1,rail,VYG:ServiceJourney:2107_443511-R,True,actual,False,,,,,2026-09-07T08:42:24.659182+02:00
NSR:StopPlace:62311,Vigrestad stasjon,2026-09-07T07:13:00+02:00,2026-09-07T07:13:07+02:00,2026-09-07T07:13:07+02:00,7.0,1,Stavanger,GOA:Line:59,Jærbanen,L5,rail,GOA:ServiceJourney:3011_63043-R,True,actual,False,,,,,2026-09-07T08:42:24.659182+02:00
NSR:StopPlace:59620,Grorud stasjon,2026-09-07T03:24:00+02:00,2026-09-07T03:24:07+02:00,2026-09-07T03:24:07+02:00,7.0,1,Oslo lufthavn,NBU:Line:cb7b555c-f96e-42d5-84bf-a5e08c0145c2,Radiumhospitalet via Økern-Storo-Tåsen,FB3,bus,NBU:ServiceJourney:1acabfe4-a7c3-4f3a-8e1d-d522228235e9,True,actual,False,,,,,2026-09-07T03:30:22.110925+02:00
NSR:StopPlace:59649,Nydalen stasjon,2026-09-07T23:31:00+02:00,2026-09-07T23:31:06+02:00,2026-09-07T23:31:06+02:00,6.0,1,Lysaker,RUT:Line:23,Lysaker - Simensbråten,23,bus,RUT:ServiceJourney:ba021e60b1d54095b58bcc9f3c34b24e,True,actual,False,,,,,2026-09-08T00:20:52.129880+02:00
NSR:StopPlace:59654,Stabekk stasjon,2026-09-07T22:26:00+02:00,2026-09-07T22:26:06+02:00,2026-09-07T22:26:06+02:00,6.0,1,Lillestrøm,VYG:Line:L1,Spikkestad-Oslo S-Lillestrøm,L1,rail,VYG:ServiceJourney:2272_465117-R,True,actual,False,,,,,2026-09-08T00:20:52.129880+02:00
NSR:StopPlace:60603,Kongsberg stasjon,2026-09-07T20:34:00+02:00,2026-09-07T20:34:06+02:00,2026-09-07T20:34:06+02:00,6.0,1,Eidsvoll,VYG:Line:R12,Kongsberg-Oslo S-Eidsvoll,R12,rail,VYG:ServiceJourney:534_444344-R,True,actual,False,,,,,2026-09-08T00:20:52.129880+02:00
NSR:StopPlace:58813,Skarnes stasjon,2026-09-07T21:52:00+02:00,2026-09-07T21:52:06+02:00,2026-09-07T21:52:06+02:00,6.0,1,Asker,VYG:Line:R14,Asker-Oslo S-Kongsvinger,R14,rail,VYG:ServiceJourney:1036_442948-R,True,actual,False,Heis på Skarnes ute av drift,Heisen på Skarnes til spor 2 er ute av drift.,general,normal,2026-09-08T00:20:52.129880+02:00
NSR:StopPlace:369,Kvål stasjon,2026-09-07T21:44:00+02:00,2026-09-07T21:44:06+02:00,2026-09-07T21:44:06+02:00,6.0,1,Steinkjer,SJN:Line:26,Trønderbanen,R70,rail,SJN:ServiceJourney:455_56084-R,True,actual,False,,,,,2026-09-08T00:20:52.129880+02:00
NSR:StopPlace:584,Bulken stasjon,2026-09-07T22:47:00+02:00,2026-09-07T22:47:06+02:00,2026-09-07T22:47:06+02:00,6.0,1,Voss,VYG:Line:R40,Bergen-Voss-Myrdal-Ål,R40,rail,VYG:ServiceJourney:1834_443421-R,True,actual,False,,,,,2026-09-08T00:20:52.129880+02:00
NSR:StopPlace:62309,Ljan stasjon,2026-09-07T22:24:00+02:00,2026-09-07T22:24:06+02:00,2026-09-07T22:24:06+02:00,6.0,1,Ski,VYG:Line:L2,Stabekk-Oslo S-Ski,L2,rail,VYG:ServiceJourney:2769-HVK_443987-R,True,actual,False,,,,,2026-09-08T00:20:52.129880+02:00
NSR:StopPlace:62309,Ljan stasjon,2026-09-07T23:35:00+02:00,2026-09-07T23:35:06+02:00,2026-09-07T23:35:06+02:00,6.0,1,Stabekk,VYG:Line:L2,Stabekk-Oslo S-Ski,L2,rail,VYG:ServiceJourney:2778-SKI_444001-R,True,actual,False,,,,,2026-09-08T00:20:52.129880+02:00
NSR:StopPlace:62339,Lillestrøm stasjon,2026-09-07T22:36:00+02:00,2026-09-07T22:36:06+02:00,2026-09-07T22:36:06+02:00,6.0,1,Drammen,VYG:Line:R13,Drammen-Oslo S-Dal,R13,rail,VYG:ServiceJourney:1670_481178-R,True,actual,False,Heis i spor 1 og 2 er ute av bruk på grunn av vedlikehold.,Heis i spor 1 og 2 er ute av bruk på grunn av vedlikehold.,general,normal,2026-09-08T00:20:52.129880+02:00
NSR:StopPlace:61463,Nordstrand stasjon,2026-09-07T19:07:00+02:00,2026-09-07T19:07:06+02:00,2026-09-07T19:07:06+02:00,6.0,1,Stabekk,VYG:Line:L2,Stabekk-Oslo S-Ski,L2,rail,VYG:ServiceJourney:2760-SKI_443974-R,True,actual,False,,,,,2026-09-07T20:27:16.249662+02:00
NSR:StopPlace:41,Hanaborg stasjon,2026-09-07T18:49:00+02:00,2026-09-07T18:49:06+02:00,2026-09-07T18:49:06+02:00,6.0,1,Spikkestad,VYG:Line:L1,Spikkestad-Oslo S-Lillestrøm,L1,rail,VYG:ServiceJourney:2257_443680-R,True,actual,False,,,,,2026-09-07T20:27:16.249662+02:00
NSR:StopPlace:59952,Drammen stasjon,2026-09-07T18:02:00+02:00,2026-09-07T18:02:06+02:00,2026-09-07T18:02:06+02:00,6.0,1,Oslo Lufthavn,FLT:Line:FLY1,FLY1,FLY1,rail,FLT:ServiceJourney:1-2614-3785-20260907,True,actual,False,,,,,2026-09-07T20:27:16.249662+02:00
NSR:StopPlace:59983,Bergen stasjon,2026-09-07T19:57:00+02:00,2026-09-07T19:57:06+02:00,2026-09-07T19:57:06+02:00,6.0,1,Arna,VYG:Line:L4,Bergen-Arna,L4,rail,VYG:ServiceJourney:2660_443875-R,True,actual,False,,,,,2026-09-07T20:27:16.249662+02:00
NSR:StopPlace:58930,Larvik stasjon,2026-09-07T19:17:00+02:00,2026-09-07T19:17:06+02:00,2026-09-07T19:17:06+02:00,6.0,1,Larvik-Sandefjord,VKT:Line:3,Busk-Sandefjord-Larvik-Veldre,3,bus,VKT:ServiceJourney:17564,True,actual,False,,,,,2026-09-07T20:27:16.249662+02:00
NSR:StopPlace:58834,Hokksund stasjon,2026-09-07T20:27:00+02:00,2026-09-07T20:27:06+02:00,2026-09-07T20:27:06+02:00,6.0,1,Drammen via Mjøndalen,BRA:Line:4_6101,Drammen-Vikersund/Hønefoss,101,bus,BRA:ServiceJourney:6101_260415100161285_1064,True,actual,False,,,,,2026-09-07T20:27:16.249662+02:00
NSR:StopPlace:58836,Mjøndalen stasjon,2026-09-07T19:06:00+02:00,2026-09-07T19:06:06+02:00,2026-09-07T19:06:06+02:00,6.0,1,Drammen sykehus,BRA:Line:4_6001,Drammen sykehus Brakerøya - Sørensvingen / Mjøndalen,1,bus,BRA:ServiceJourney:6001_260415100161838_1206,True,actual,False,,,,,2026-09-07T20:27:16.249662+02:00
NSR:StopPlace:58857,Lørenskog stasjon,2026-09-07T17:21:00+02:00,2026-09-07T17:21:06+02:00,2026-09-07T17:21:06+02:00,6.0,1,Spikkestad,VYG:Line:L1,Spikkestad-Oslo S-Lillestrøm,L1,rail,VYG:ServiceJourney:2251_443671-R,True,actual,False,,,,,2026-09-07T20:27:16.249662+02:00
NSR:StopPlace:58862,Strømmen stasjon,2026-09-07T17:15:00+02:00,2026-09-07T17:15:06+02:00,2026-09-07T17:15:06+02:00,6.0,1,Spikkestad,VYG:Line:L1,Spikkestad-Oslo S-Lillestrøm,L1,rail,VYG:ServiceJourney:2251_443671-R,True,actual,False,,,,,2026-09-07T20:27:16.249662+02:00
NSR:StopPlace:101,Sagdalen stasjon,2026-09-07T19:43:00+02:00,2026-09-07T19:43:06+02:00,2026-09-07T19:43:06+02:00,6.0,1,Spikkestad,VYG:Line:L1,Spikkestad-Oslo S-Lillestrøm,L1,rail,VYG:ServiceJourney:2261_443688-R,True,actual,False,,,,,2026-09-07T20:27:16.249662+02:00
NSR:StopPlace:313,Høybråten stasjon,2026-09-07T19:23:00+02:00,2026-09-07T19:23:06+02:00,2026-09-07T19:23:06+02:00,6.0,1,Spikkestad,VYG:Line:L1,Spikkestad-Oslo S-Lillestrøm,L1,rail,VYG:ServiceJourney:2259_443684-R,True,actual,False,,,,,2026-09-07T20:27:16.249662+02:00
NSR:StopPlace:362,Jåttåvågen stasjon,2026-09-07T19:06:00+02:00,2026-09-07T19:06:06+02:00,2026-09-07T19:06:06+02:00,6.0,1,Stavanger,GOA:Line:59,Jærbanen,L5,rail,GOA:ServiceJourney:3157_63202-R,True,actual,False,,,,,2026-09-07T20:27:16.249662+02:00
NSR:StopPlace:364,Vaksdal stasjon,2026-09-07T17:52:00+02:00,2026-09-07T17:52:06+02:00,2026-09-07T17:52:06+02:00,6.0,1,Voss,VYG:Line:R40,Bergen-Voss-Myrdal-Ål,R40,rail,VYG:ServiceJourney:1826_457479-R,True,actual,False,,,,,2026-09-07T20:27:16.249662+02:00
NSR:StopPlace:702,Sandnes sentrum stasjon,2026-09-07T19:43:00+02:00,2026-09-07T19:43:06+02:00,2026-09-07T19:43:06+02:00,6.0,1,Stavanger,GOA:Line:59,Jærbanen,L5,rail,GOA:ServiceJourney:3059_63113-R,True,actual,False,,,,,2026-09-07T20:27:16.249662+02:00
NSR:StopPlace:62339,Lillestrøm stasjon,2026-09-07T17:36:00+02:00,2026-09-07T17:36:06+02:00,2026-09-07T17:36:06+02:00,6.0,1,Drammen,VYG:Line:R13,Drammen-Oslo S-Dal,R13,rail,VYG:ServiceJourney:1650_443321-R,True,actual,False,Heis i spor 1 og 2 er ute av bruk på grunn av vedlikehold.,Heis i spor 1 og 2 er ute av bruk på grunn av vedlikehold.,general,normal,2026-09-07T20:27:16.249662+02:00
NSR:StopPlace:62339,Lillestrøm stasjon,2026-09-07T18:36:00+02:00,2026-09-07T18:36:06+02:00,2026-09-07T18:36:06+02:00,6.0,1,Drammen,VYG:Line:R13,Drammen-Oslo S-Dal,R13,rail,VYG:ServiceJourney:1654_443330-R,True,actual,False,Heis i spor 1 og 2 er ute av bruk på grunn av vedlikehold.,Heis i spor 1 og 2 er ute av bruk på grunn av vedlikehold.,general,normal,2026-09-07T20:27:16.249662+02:00
NSR:StopPlace:58918,Nodeland stasjon,2026-09-07T14:40:00+02:00,2026-09-07T14:40:06+02:00,2026-09-07T14:40:06+02:00,6.0,1,Kristiansand,AKT:Line:1046,Kristiansand - Finsland,46,bus,AKT:ServiceJourney:78720_112_60_102000_105060_3950001,True,actual,False,,,,,2026-09-07T15:44:36.205822+02:00
NSR:StopPlace:58793,Askim stasjon,2026-09-07T14:25:00+02:00,2026-09-07T14:25:06+02:00,2026-09-07T14:25:06+02:00,6.0,1,Trøgstad,OST:Line:1_400,Askim-Trøgstad,400,bus,OST:ServiceJourney:400_260827111750892_5,True,actual,False,,,,,2026-09-07T15:44:36.205822+02:00
NSR:StopPlace:58835,Lier stasjon,2026-09-07T15:13:00+02:00,2026-09-07T15:13:06+02:00,2026-09-07T15:13:06+02:00,6.0,1,Drammen,BRA:Line:4_6073,Drammen - Reistad - Lierskogen,73,bus,BRA:ServiceJourney:6073_260415100160832_1020,True,actual,False,Fra 17/8 går linje 61-63-71-73-251-261 og skolebusser fra holdeplass ved Skutebrygga ut av byen.Les mer på brakar.no/trafikkmeldinger.,,general,normal,2026-09-07T15:44:36.205822+02:00
NSR:StopPlace:58836,Mjøndalen stasjon,2026-09-07T13:49:00+02:00,2026-09-07T13:49:06+02:00,2026-09-07T13:49:06+02:00,6.0,1,Hokksund - Vikersund,BRA:Line:4_6101,Drammen-Vikersund/Hønefoss,101,bus,BRA:ServiceJourney:6101_260415100161247_1027,True,actual,False,,,,,2026-09-07T15:44:36.205822+02:00
NSR:StopPlace:58840,Vestfossen stasjon,2026-09-07T15:30:00+02:00,2026-09-07T15:30:06+02:00,2026-09-07T15:30:06+02:00,6.0,1,Hokksund via Vestfossen-Røren,BRA:Line:4_6118,Hokksund - Røren - Darbu,118,bus,BRA:ServiceJourney:6118_260415100159035_1014,True,actual,False,,,,,2026-09-07T15:44:36.205822+02:00
NSR:StopPlace:393,Leangen stasjon,2026-09-07T14:23:00+02:00,2026-09-07T14:23:06+02:00,2026-09-07T14:23:06+02:00,6.0,1,Steinkjer,SJN:Line:26,Trønderbanen,R70,rail,SJN:ServiceJourney:439_56068-R,True,actual,False,,,,,2026-09-07T15:44:36.205822+02:00
NSR:StopPlace:393,Leangen stasjon,2026-09-07T14:35:00+02:00,2026-09-07T14:35:06+02:00,2026-09-07T14:35:06+02:00,6.0,1,Melhus skysstasjon,SJN:Line:26,Trønderbanen,R70,rail,SJN:ServiceJourney:436-STK_56065-R,True,actual,False,,,,,2026-09-07T15:44:36.205822+02:00
NSR:StopPlace:393,Leangen stasjon,2026-09-07T15:35:00+02:00,2026-09-07T15:35:06+02:00,2026-09-07T15:35:06+02:00,6.0,1,Ler,SJN:Line:26,Trønderbanen,R70,rail,SJN:ServiceJourney:438_56067-R,True,actual,False,,,,,2026-09-07T15:44:36.205822+02:00
NSR:StopPlace:206,Mariero stasjon,2026-09-07T14:29:00+02:00,2026-09-07T14:29:06+02:00,2026-09-07T14:29:06+02:00,6.0,1,Egersund,GOA:Line:59,Jærbanen,L5,rail,GOA:ServiceJourney:3042_63084-R,True,actual,False,,,,,2026-09-07T15:44:36.205822+02:00
NSR:StopPlace:61334,Ogna stasjon,2026-09-07T06:33:00+02:00,2026-09-07T06:33:06+02:00,2026-09-07T06:33:06+02:00,6.0,1,Stavanger,GOA:Line:59,Jærbanen,L5,rail,GOA:ServiceJourney:3007_63039-R,True,actual,False,,,,,2026-09-07T08:42:24.659182+02:00
NSR:StopPlace:59643,Grefsen stasjon,2026-09-07T06:58:00+02:00,2026-09-07T06:58:06+02:00,2026-09-07T06:58:06+02:00,6.0,1,Fornebu,RUT:Line:24,Fornebu vest - Brynseng T,24,bus,RUT:ServiceJourney:3fd1bb83e3ab5d43a087a734b23c9e61,True,actual,False,,,,,2026-09-07T08:42:24.659182+02:00
NSR:StopPlace:59650,Nyland stasjon,2026-09-07T07:27:00+02:00,2026-09-07T07:27:06+02:00,2026-09-07T07:27:06+02:00,6.0,1,Økern,RUT:Line:67,Økern-Lørenskog sentrum,67,bus,RUT:ServiceJourney:67e68d8e7790617c33be98f7dd8d586c,True,actual,False,,,,,2026-09-07T08:42:24.659182+02:00
NSR:StopPlace:59243,Mo i Rana stasjon,2026-09-07T07:38:00+02:00,2026-09-07T07:38:06+02:00,2026-09-07T07:38:06+02:00,6.0,1,Grubbåsen,NOR:Line:12_8371,Grubbåsen - Båsmobakken/Skillevollen,1,bus,NOR:ServiceJourney:8371_251012124858533_2004,True,actual,False,,,,,2026-09-07T08:42:24.659182+02:00
NSR:StopPlace:60603,Kongsberg stasjon,2026-09-07T06:34:00+02:00,2026-09-07T06:34:06+02:00,2026-09-07T06:34:06+02:00,6.0,1,Eidsvoll,VYG:Line:R12,Kongsberg-Oslo S-Eidsvoll,R12,rail,VYG:ServiceJourney:506_481316-R,True,actual,False,,,,,2026-09-07T08:42:24.659182+02:00
NSR:StopPlace:58952,Bodø stasjon,2026-09-07T08:17:00+02:00,2026-09-07T08:17:06+02:00,2026-09-07T08:17:06+02:00,6.0,1,Tverlandet,NOR:Line:12_8004,Tverlandet - Bodø sentrum - Løpsmarka,4,bus,NOR:ServiceJourney:8004_251012124900555_1008,True,actual,False,,,,,2026-09-07T08:42:24.659182+02:00
NSR:StopPlace:58798,Rakkestad stasjon,2026-09-07T05:40:00+02:00,2026-09-07T05:40:06+02:00,2026-09-07T05:40:06+02:00,6.0,1,Sarpsborg-Askim,OST:Line:1_640,Sarpsborg-Askim-Mysen,640,bus,OST:ServiceJourney:640_260325121475365_3,True,actual,False,,,,,2026-09-07T08:42:24.659182+02:00
NSR:StopPlace:58793,Askim stasjon,2026-09-07T05:25:00+02:00,2026-09-07T05:25:06+02:00,2026-09-07T05:25:06+02:00,6.0,1,Sarpsborg-Mysen,OST:Line:1_640,Sarpsborg-Askim-Mysen,640,bus,OST:ServiceJourney:640_260325121473128_2,True,actual,False,,,,,2026-09-07T08:42:24.659182+02:00
NSR:StopPlace:58834,Hokksund stasjon,2026-09-07T06:17:00+02:00,2026-09-07T06:17:06+02:00,2026-09-07T06:17:06+02:00,6.0,1,Dal,VYG:Line:R13,Drammen-Oslo S-Dal,R13,rail,VYG:ServiceJourney:1609_443226-R,True,actual,False,,,,,2026-09-07T08:42:24.659182+02:00
NSR:StopPlace:58834,Hokksund stasjon,2026-09-07T07:01:00+02:00,2026-09-07T07:01:06+02:00,2026-09-07T07:01:06+02:00,6.0,1,Kongsberg,VYG:Line:R12,Kongsberg-Oslo S-Eidsvoll,R12,rail,VYG:ServiceJourney:503_444294-R,True,actual,False,,,,,2026-09-07T08:42:24.659182+02:00
NSR:StopPlace:58836,Mjøndalen stasjon,2026-09-07T06:24:00+02:00,2026-09-07T06:24:06+02:00,2026-09-07T06:24:06+02:00,6.0,1,Dal,VYG:Line:R13,Drammen-Oslo S-Dal,R13,rail,VYG:ServiceJourney:1609_443226-R,True,actual,False,,,,,2026-09-07T08:42:24.659182+02:00
NSR:StopPlace:58836,Mjøndalen stasjon,2026-09-07T06:41:00+02:00,2026-09-07T06:41:06+02:00,2026-09-07T06:41:06+02:00,6.0,1,Hokksund - Hønefoss,BRA:Line:4_6139,Drammen - Åmot - Hønefoss,139,bus,BRA:ServiceJourney:6139_260415100161346_1010,True,actual,False,,,,,2026-09-07T08:42:24.659182+02:00
NSR:StopPlace:59649,Nydalen stasjon,2026-09-08T00:16:00+02:00,2026-09-08T00:16:05+02:00,2026-09-08T00:16:05+02:00,5.0,1,Lysaker,RUT:Line:23,Lysaker - Simensbråten,23,bus,RUT:ServiceJourney:ec8faf1a3e108de20068c44a8c6e4ca0,True,actual,False,,,,,2026-09-08T00:20:52.129880+02:00
NSR:StopPlace:59952,Drammen stasjon,2026-09-07T22:47:00+02:00,2026-09-07T22:47:05+02:00,2026-09-07T22:47:05+02:00,5.0,1,Eidsvoll,VYG:Line:RE11,Eidsvoll-Oslo S-Skien,RE11,rail,VYG:ServiceJourney:836_444416-R,True,actual,False,,,,,2026-09-08T00:20:52.129880+02:00
NSR:StopPlace:59952,Drammen stasjon,2026-09-07T23:47:00+02:00,2026-09-07T23:47:05+02:00,2026-09-07T23:47:05+02:00,5.0,1,Eidsvoll,VYG:Line:RE11,Eidsvoll-Oslo S-Skien,RE11,rail,VYG:ServiceJourney:838-341_515579-R,True,actual,False,,,,,2026-09-08T00:20:52.129880+02:00
NSR:StopPlace:60045,Hamar stasjon,2026-09-07T21:52:00+02:00,2026-09-07T21:52:05+02:00,2026-09-07T21:52:05+02:00,5.0,1,Lillehammer,VYG:Line:RE10,Drammen-Oslo S-Lillehammer,RE10,rail,VYG:ServiceJourney:333-SUD_444251-R,True,actual,False,Bruk de forreste vognene,På denne avgangen er det bakerste togsettet stengt mellom Drammen og Lillehammer. Bruk de forreste vognene.,general,normal,2026-09-08T00:20:52.129880+02:00
NSR:StopPlace:59637,Rosenholm stasjon,2026-09-07T21:58:00+02:00,2026-09-07T21:58:05+02:00,2026-09-07T21:58:05+02:00,5.0,1,Stabekk,VYG:Line:L2,Stabekk-Oslo S-Ski,L2,rail,VYG:ServiceJourney:2772-SKI_443993-R,True,actual,False,,,,,2026-09-08T00:20:52.129880+02:00
NSR:StopPlace:398,Arna stasjon,2026-09-07T22:46:00+02:00,2026-09-07T22:46:05+02:00,2026-09-07T22:46:05+02:00,5.0,1,Voss,VYG:Line:R40,Bergen-Voss-Myrdal-Ål,R40,rail,VYG:ServiceJourney:1836_443423-R,True,actual,False,,,,,2026-09-08T00:20:52.129880+02:00
NSR:StopPlace:313,Høybråten stasjon,2026-09-07T23:23:00+02:00,2026-09-07T23:23:05+02:00,2026-09-07T23:23:05+02:00,5.0,1,Spikkestad,VYG:Line:L1,Spikkestad-Oslo S-Lillestrøm,L1,rail,VYG:ServiceJourney:2275_443710-R,True,actual,False,,,,,2026-09-08T00:20:52.129880+02:00
NSR:StopPlace:206,Mariero stasjon,2026-09-07T23:57:00+02:00,2026-09-07T23:57:05+02:00,2026-09-07T23:57:05+02:00,5.0,1,Stavanger,GOA:Line:59,Jærbanen,L5,rail,GOA:ServiceJourney:3075_63138-R,True,actual,False,,,,,2026-09-08T00:20:52.129880+02:00
NSR:StopPlace:702,Sandnes sentrum stasjon,2026-09-07T22:31:00+02:00,2026-09-07T22:31:05+02:00,2026-09-07T22:31:05+02:00,5.0,1,Oslo S,GOA:Line:50,Sørtoget region,F5,rail,GOA:ServiceJourney:726-KVB_63257-R,True,actual,False,,,,,2026-09-08T00:20:52.129880+02:00
NSR:StopPlace:62309,Ljan stasjon,2026-09-07T22:05:00+02:00,2026-09-07T22:05:05+02:00,2026-09-07T22:05:05+02:00,5.0,1,Stabekk,VYG:Line:L2,Stabekk-Oslo S-Ski,L2,rail,VYG:ServiceJourney:2772-SKI_443993-R,True,actual,False,,,,,2026-09-08T00:20:52.129880+02:00
NSR:StopPlace:62393,Billingstad stasjon,2026-09-07T23:22:00+02:00,2026-09-07T23:22:05+02:00,2026-09-07T23:22:05+02:00,5.0,1,Asker,VYG:Line:L1,Spikkestad-Oslo S-Lillestrøm,L1,rail,VYG:ServiceJourney:2171_443582-R,True,actual,False,,,,,2026-09-08T00:20:52.129880+02:00
NSR:StopPlace:41,Hanaborg stasjon,2026-09-07T19:49:00+02:00,2026-09-07T19:49:05+02:00,2026-09-07T19:49:05+02:00,5.0,1,Spikkestad,VYG:Line:L1,Spikkestad-Oslo S-Lillestrøm,L1,rail,VYG:ServiceJourney:2261_443688-R,True,actual,False,,,,,2026-09-07T20:27:16.249662+02:00
NSR:StopPlace:61897,Bryn stasjon,2026-09-07T17:30:00+02:00,2026-09-07T17:30:05+02:00,2026-09-07T17:30:05+02:00,5.0,1,Lillestrøm,VYG:Line:L1,Spikkestad-Oslo S-Lillestrøm,L1,rail,VYG:ServiceJourney:2150_443559-R,True,actual,False,,,,,2026-09-07T20:27:16.249662+02:00
NSR:StopPlace:59649,Nydalen stasjon,2026-09-07T18:03:00+02:00,2026-09-07T18:03:05+02:00,2026-09-07T18:03:05+02:00,5.0,1,Lysaker,RUT:Line:23,Lysaker - Simensbråten,23,bus,RUT:ServiceJourney:8321839d54bc0c22a418ebf0fa484b15,True,actual,False,,,,,2026-09-07T20:27:16.249662+02:00
NSR:StopPlace:59641,Fjellhamar stasjon,2026-09-07T19:17:00+02:00,2026-09-07T19:17:05+02:00,2026-09-07T19:17:05+02:00,5.0,1,Spikkestad,VYG:Line:L1,Spikkestad-Oslo S-Lillestrøm,L1,rail,VYG:ServiceJourney:2259_443684-R,True,actual,False,,,,,2026-09-07T20:27:16.249662+02:00
NSR:StopPlace:59654,Stabekk stasjon,2026-09-07T17:26:00+02:00,2026-09-07T17:26:05+02:00,2026-09-07T17:26:05+02:00,5.0,1,Lillestrøm,VYG:Line:L1,Spikkestad-Oslo S-Lillestrøm,L1,rail,VYG:ServiceJourney:2252_445350-R,True,actual,False,,,,,2026-09-07T20:27:16.249662+02:00
NSR:StopPlace:59261,Trondheim lufthavn,2026-09-07T18:53:00+02:00,2026-09-07T18:53:05+02:00,2026-09-07T18:53:05+02:00,5.0,1,Steinkjer,SJN:Line:26,Trønderbanen,R70,rail,SJN:ServiceJourney:447_56076-R,True,actual,False,,,,,2026-09-07T20:27:16.249662+02:00
NSR:StopPlace:59636,Holmlia stasjon,2026-09-07T17:05:00+02:00,2026-09-07T17:05:05+02:00,2026-09-07T17:05:05+02:00,5.0,1,Grorud T,RUT:Line:79,Grorud T - Åsbråten,79,bus,RUT:ServiceJourney:8582467995a081436554038d9c9eb77f,True,actual,False,,,,,2026-09-07T20:27:16.249662+02:00
NSR:StopPlace:58832,Geilo stasjon,2026-09-07T16:51:00+02:00,2026-09-07T16:51:05+02:00,2026-09-07T16:51:05+02:00,5.0,1,Oslo S,VYG:Line:F4,Oslo S-Bergen,F4,rail,VYG:ServiceJourney:90608_661661-R,True,actual,False,,,,,2026-09-07T20:27:16.249662+02:00
NSR:StopPlace:58836,Mjøndalen stasjon,2026-09-07T17:21:00+02:00,2026-09-07T17:21:05+02:00,2026-09-07T17:21:05+02:00,5.0,1,Drammen sykehus,BRA:Line:4_6001,Drammen sykehus Brakerøya - Sørensvingen / Mjøndalen,1,bus,BRA:ServiceJourney:6001_260415100161834_1190,True,actual,False,,,,,2026-09-07T20:27:16.249662+02:00
NSR:StopPlace:58836,Mjøndalen stasjon,2026-09-07T17:49:00+02:00,2026-09-07T17:49:05+02:00,2026-09-07T17:49:05+02:00,5.0,1,Hokksund - Vikersund,BRA:Line:4_6101,Drammen-Vikersund/Hønefoss,101,bus,BRA:ServiceJourney:6101_260415100161251_1043,True,actual,False,,,,,2026-09-07T20:27:16.249662+02:00
NSR:StopPlace:58844,Eidsvoll stasjon,2026-09-07T17:08:00+02:00,2026-09-07T17:08:05+02:00,2026-09-07T17:08:05+02:00,5.0,1,Lillehammer,VYG:Line:RE10,Drammen-Oslo S-Lillehammer,RE10,rail,VYG:ServiceJourney:325-SUD_444215-R,True,actual,False,,,,,2026-09-07T20:27:16.249662+02:00
NSR:StopPlace:58886,Arendal stasjon,2026-09-07T17:59:00+02:00,2026-09-07T17:59:05+02:00,2026-09-07T17:59:05+02:00,5.0,1,Hisøy via Arendal sentrum,AKT:Line:103,Tromøy Vest-Arendal-Hisøy,103,bus,AKT:ServiceJourney:83477_181_54_127320_129960_40001671,True,actual,False,,,,,2026-09-07T20:27:16.249662+02:00
NSR:StopPlace:302,Gjøvik stasjon,2026-09-07T17:34:00+02:00,2026-09-07T17:34:05+02:00,2026-09-07T17:34:05+02:00,5.0,1,Roa,VYG:Line:R31,Skøyen-Jaren-Gjøvik,R31,rail,VYG:ServiceJourney:228-GJOe_648901-R,True,actual,False,,,,,2026-09-07T20:27:16.249662+02:00
NSR:StopPlace:702,Sandnes sentrum stasjon,2026-09-07T19:58:00+02:00,2026-09-07T19:58:05+02:00,2026-09-07T19:58:05+02:00,5.0,1,Stavanger,GOA:Line:59,Jærbanen,L5,rail,GOA:ServiceJourney:3161_63206-R,True,actual,False,,,,,2026-09-07T20:27:16.249662+02:00
NSR:StopPlace:62309,Ljan stasjon,2026-09-07T19:05:00+02:00,2026-09-07T19:05:05+02:00,2026-09-07T19:05:05+02:00,5.0,1,Stabekk,VYG:Line:L2,Stabekk-Oslo S-Ski,L2,rail,VYG:ServiceJourney:2760-SKI_443974-R,True,actual,False,,,,,2026-09-07T20:27:16.249662+02:00
NSR:StopPlace:62338,Fossum stasjon,2026-09-07T18:02:00+02:00,2026-09-07T18:02:05+02:00,2026-09-07T18:02:05+02:00,5.0,1,Blaker ring,RUT:Line:2370,Sørumsand - Blaker - Sørumsand,370B,bus,RUT:ServiceJourney:08edce154fef68e00ed145443052cf34,True,actual,False,,,,,2026-09-07T20:27:16.249662+02:00
NSR:StopPlace:62393,Billingstad stasjon,2026-09-07T19:36:00+02:00,2026-09-07T19:36:05+02:00,2026-09-07T19:36:05+02:00,5.0,1,Spikkestad,VYG:Line:L1,Spikkestad-Oslo S-Lillestrøm,L1,rail,VYG:ServiceJourney:2257_443680-R,True,actual,False,,,,,2026-09-07T20:27:16.249662+02:00
NSR:StopPlace:41,Hanaborg stasjon,2026-09-07T14:49:00+02:00,2026-09-07T14:49:05+02:00,2026-09-07T14:49:05+02:00,5.0,1,Spikkestad,VYG:Line:L1,Spikkestad-Oslo S-Lillestrøm,L1,rail,VYG:ServiceJourney:2241_443652-R,True,actual,False,,,,,2026-09-07T15:44:36.205822+02:00
NSR:StopPlace:59641,Fjellhamar stasjon,2026-09-07T14:47:00+02:00,2026-09-07T14:47:05+02:00,2026-09-07T14:47:05+02:00,5.0,1,Spikkestad,VYG:Line:L1,Spikkestad-Oslo S-Lillestrøm,L1,rail,VYG:ServiceJourney:2241_443652-R,True,actual,False,,,,,2026-09-07T15:44:36.205822+02:00
NSR:StopPlace:59243,Mo i Rana stasjon,2026-09-07T14:27:00+02:00,2026-09-07T14:27:05+02:00,2026-09-07T14:27:05+02:00,5.0,1,Skillevollen,NOR:Line:12_8371,Grubbåsen - Båsmobakken/Skillevollen,1,bus,NOR:ServiceJourney:8371_251012124858491_1024,True,actual,False,,,,,2026-09-07T15:44:36.205822+02:00
NSR:StopPlace:59243,Mo i Rana stasjon,2026-09-07T14:50:00+02:00,2026-09-07T14:50:05+02:00,2026-09-07T14:50:05+02:00,5.0,1,Hammeren,NOR:Line:12_8375,Mo-Hammarn-Mo,375,bus,NOR:ServiceJourney:8375_251012124901004_1004,True,actual,False,,,,,2026-09-07T15:44:36.205822+02:00
NSR:StopPlace:58935,Levanger stasjon,2026-09-07T15:30:00+02:00,2026-09-07T15:30:05+02:00,2026-09-07T15:30:05+02:00,5.0,1,Matberg via Langåsdammen,ATB:Line:2_7405,Levanger - Buran - Nybrotta,7405,bus,ATB:ServiceJourney:7405_260106098641858_8,True,actual,False,,,,,2026-09-07T15:44:36.205822+02:00
NSR:StopPlace:58793,Askim stasjon,2026-09-07T14:35:00+02:00,2026-09-07T14:35:05+02:00,2026-09-07T14:35:05+02:00,5.0,1,Sørlia-Skoglia-Askim stasjon,OST:Line:1_40,Askim sentrum nord,40,bus,OST:ServiceJourney:40_260430063035510_7,True,actual,False,,,,,2026-09-07T15:44:36.205822+02:00
NSR:StopPlace:58844,Eidsvoll stasjon,2026-09-07T13:01:00+02:00,2026-09-07T13:01:05+02:00,2026-09-07T13:01:05+02:00,5.0,1,Skien,VYG:Line:RE11,Eidsvoll-Oslo S-Skien,RE11,rail,VYG:ServiceJourney:819_444399-R,True,actual,False,,,,,2026-09-07T15:44:36.205822+02:00
NSR:StopPlace:58884,Skien stasjon,2026-09-07T14:09:00+02:00,2026-09-07T14:09:05+02:00,2026-09-07T14:09:05+02:00,5.0,1,Eidsvoll,VYG:Line:RE11,Eidsvoll-Oslo S-Skien,RE11,rail,VYG:ServiceJourney:822_444402-R,True,actual,False,,,,,2026-09-07T15:44:36.205822+02:00
NSR:StopPlace:58802,Spydeberg stasjon,2026-09-07T14:20:00+02:00,2026-09-07T14:20:05+02:00,2026-09-07T14:20:05+02:00,5.0,1,Oslo S,VYG:Line:R22,Skøyen-Oslo S-Mysen-Rakkestad,R22,rail,VYG:ServiceJourney:1922_673815-R,True,actual,False,,,,,2026-09-07T15:44:36.205822+02:00
NSR:StopPlace:58802,Spydeberg stasjon,2026-09-07T14:32:00+02:00,2026-09-07T14:32:05+02:00,2026-09-07T14:32:05+02:00,5.0,1,Delet,OST:Line:1_409,Askim-Spydeberg,409,bus,OST:ServiceJourney:409_260325121472012_5,True,actual,False,,,,,2026-09-07T15:44:36.205822+02:00
NSR:StopPlace:58813,Skarnes stasjon,2026-09-07T15:08:00+02:00,2026-09-07T15:08:05+02:00,2026-09-07T15:08:05+02:00,5.0,1,Kongsvinger,VYG:Line:R14,Asker-Oslo S-Kongsvinger,R14,rail,VYG:ServiceJourney:1019_442926-R,True,actual,False,Heis på Skarnes ute av drift,Heisen på Skarnes til spor 2 er ute av drift.,general,normal,2026-09-07T15:44:36.205822+02:00
NSR:StopPlace:63079,Skeiane stasjon,2026-09-07T15:26:00+02:00,2026-09-07T15:26:05+02:00,2026-09-07T15:26:05+02:00,5.0,1,Stavanger,GOA:Line:59,Jærbanen,L5,rail,GOA:ServiceJourney:3143_63188-R,True,actual,False,,,,,2026-09-07T15:44:36.205822+02:00
NSR:StopPlace:61872,Nærbø stasjon,2026-09-07T08:17:00+02:00,2026-09-07T08:17:05+02:00,2026-09-07T08:17:05+02:00,5.0,1,Stavanger,GOA:Line:59,Jærbanen,L5,rail,GOA:ServiceJourney:3015_63047-R,True,actual,False,,,,,2026-09-07T08:42:24.659182+02:00
NSR:StopPlace:59243,Mo i Rana stasjon,2026-09-07T07:42:00+02:00,2026-09-07T07:42:05+02:00,2026-09-07T07:42:05+02:00,5.0,1,Kvernkroken,NOR:Line:12_8372,Kvernkroken - Sykehuset Mo,2,bus,NOR:ServiceJourney:8372_251012124855353_2004,True,actual,False,,,,,2026-09-07T08:42:24.659182+02:00
NSR:StopPlace:59243,Mo i Rana stasjon,2026-09-07T08:12:00+02:00,2026-09-07T08:12:05+02:00,2026-09-07T08:12:05+02:00,5.0,1,Sykehuset Mo,NOR:Line:12_8372,Kvernkroken - Sykehuset Mo,2,bus,NOR:ServiceJourney:8372_251012124855329_1005,True,actual,False,,,,,2026-09-07T08:42:24.659182+02:00
NSR:StopPlace:58964,Kløfta stasjon,2026-09-07T06:44:00+02:00,2026-09-07T06:44:05+02:00,2026-09-07T06:44:05+02:00,5.0,1,Dal,VYG:Line:R13,Drammen-Oslo S-Dal,R13,rail,VYG:ServiceJourney:1605_443222-R,True,actual,False,,,,,2026-09-07T08:42:24.659182+02:00
NSR:StopPlace:58925,Gausel stasjon,2026-09-07T06:15:00+02:00,2026-09-07T06:15:05+02:00,2026-09-07T06:15:05+02:00,5.0,1,Forus,KOL:Line:8_1003,2,2,bus,KOL:ServiceJourney:1003_251008123066227_1001,True,actual,False,,,,,2026-09-07T08:42:24.659182+02:00
NSR:StopPlace:58844,Eidsvoll stasjon,2026-09-07T08:01:00+02:00,2026-09-07T08:01:05+02:00,2026-09-07T08:01:05+02:00,5.0,1,Skien,VYG:Line:RE11,Eidsvoll-Oslo S-Skien,RE11,rail,VYG:ServiceJourney:809_444389-R,True,actual,False,,,,,2026-09-07T08:42:24.659182+02:00
NSR:StopPlace:58802,Spydeberg stasjon,2026-09-07T07:02:00+02:00,2026-09-07T07:02:05+02:00,2026-09-07T07:02:05+02:00,5.0,1,Delet,OST:Line:1_409,Askim-Spydeberg,409,bus,OST:ServiceJourney:409_260325121471818_1,True,actual,False,,,,,2026-09-07T08:42:24.659182+02:00
NSR:StopPlace:398,Arna stasjon,2026-09-07T05:54:00+02:00,2026-09-07T05:54:05+02:00,2026-09-07T05:54:05+02:00,5.0,1,Voss,VYG:Line:R40,Bergen-Voss-Myrdal-Ål,R40,rail,VYG:ServiceJourney:1802_443389-R,True,actual,False,,,,,2026-09-07T08:42:24.659182+02:00
NSR:StopPlace:400,Ler stasjon,2026-09-07T06:13:00+02:00,2026-09-07T06:13:05+02:00,2026-09-07T06:13:05+02:00,5.0,1,Hamar,SJN:Line:25,Rørosbanen,R60,rail,SJN:ServiceJourney:2382_48224-R,True,actual,False,,,,,2026-09-07T08:42:24.659182+02:00
NSR:StopPlace:61463,Nordstrand stasjon,2026-09-07T23:52:00+02:00,2026-09-07T23:52:04+02:00,2026-09-07T23:52:04+02:00,4.0,1,Oslo S,VYG:Line:L2,Stabekk-Oslo S-Ski,L2,rail,VYG:ServiceJourney:2878_444121-R,True,actual,False,,,,,2026-09-08T00:20:52.129880+02:00
NSR:StopPlace:41,Hanaborg stasjon,2026-09-08T00:19:30+02:00,2026-09-08T00:19:34+02:00,2026-09-08T00:19:34+02:00,4.0,1,Spikkestad,VYG:Line:L1,Spikkestad-Oslo S-Lillestrøm,L1,rail,VYG:ServiceJourney:2279_443715-R,True,actual,False,,,,,2026-09-08T00:20:52.129880+02:00
NSR:StopPlace:59952,Drammen stasjon,2026-09-07T20:57:00+02:00,2026-09-07T20:57:04+02:00,2026-09-07T20:57:04+02:00,4.0,1,Lillehammer,VYG:Line:RE10,Drammen-Oslo S-Lillehammer,RE10,rail,VYG:ServiceJourney:335-SUD_486419-R,True,actual,False,,,,,2026-09-08T00:20:52.129880+02:00
NSR:StopPlace:59952,Drammen stasjon,2026-09-07T23:05:00+02:00,2026-09-07T23:05:04+02:00,2026-09-07T23:05:04+02:00,4.0,1,Dal,VYG:Line:R13,Drammen-Oslo S-Dal,R13,rail,VYG:ServiceJourney:1675_443375-R,True,actual,False,Færre vogner,Denne avgangen kjører dessverre med 5 vogner i stedet for 10 vogner. Dette skyldes at vi mangler et togsett.,general,normal,2026-09-08T00:20:52.129880+02:00
NSR:StopPlace:59983,Bergen stasjon,2026-09-07T21:36:00+02:00,2026-09-07T21:36:04+02:00,2026-09-07T21:36:04+02:00,4.0,1,Voss,VYG:Line:R40,Bergen-Voss-Myrdal-Ål,R40,rail,VYG:ServiceJourney:1834_443421-R,True,actual,False,,,,,2026-09-08T00:20:52.129880+02:00
NSR:StopPlace:59616,Asker stasjon,2026-09-07T21:18:00+02:00,2026-09-07T21:18:04+02:00,2026-09-07T21:18:04+02:00,4.0,1,Lillestrøm,VYG:Line:L1,Spikkestad-Oslo S-Lillestrøm,L1,rail,VYG:ServiceJourney:2168_443578-R,True,actual,False,,,,,2026-09-08T00:20:52.129880+02:00
NSR:StopPlace:58836,Mjøndalen stasjon,2026-09-07T21:49:00+02:00,2026-09-07T21:49:04+02:00,2026-09-07T21:49:04+02:00,4.0,1,Hokksund - Vikersund,BRA:Line:4_6101,Drammen-Vikersund/Hønefoss,101,bus,BRA:ServiceJourney:6101_260415100161255_1059,True,actual,False,,,,,2026-09-08T00:20:52.129880+02:00
NSR:StopPlace:59957,Klepp stasjon,2026-09-07T18:53:00+02:00,2026-09-07T18:53:04+02:00,2026-09-07T18:53:04+02:00,4.0,1,Nærbø,GOA:Line:59,Jærbanen,L5,rail,GOA:ServiceJourney:3058_63111-R,True,actual,False,,,,,2026-09-07T20:27:16.249662+02:00
NSR:StopPlace:59977,Trondheim S,2026-09-07T16:35:00+02:00,2026-09-07T16:35:04+02:00,2026-09-07T16:35:04+02:00,4.0,1,Surnadal-Sunndalsøra,MOR:Line:905,FRAM Ekspress Ålesund-Molde-Trondheim,905,bus,MOR:ServiceJourney:905_107_9150000048106604,True,actual,False,,,,,2026-09-07T20:27:16.249662+02:00
NSR:StopPlace:60047,Melhus skysstasjon,2026-09-07T16:51:00+02:00,2026-09-07T16:51:04+02:00,2026-09-07T16:51:04+02:00,4.0,1,Røros,SJN:Line:25,Rørosbanen,R60,rail,SJN:ServiceJourney:416_50919-R,True,actual,False,,,,,2026-09-07T20:27:16.249662+02:00
NSR:StopPlace:59243,Mo i Rana stasjon,2026-09-07T17:42:00+02:00,2026-09-07T17:42:04+02:00,2026-09-07T17:42:04+02:00,4.0,1,Kvernkroken,NOR:Line:12_8372,Kvernkroken - Sykehuset Mo,2,bus,NOR:ServiceJourney:8372_251012124855372_2023,True,actual,False,,,,,2026-09-07T20:27:16.249662+02:00
NSR:StopPlace:59638,Myrvoll stasjon,2026-09-07T18:56:00+02:00,2026-09-07T18:56:04+02:00,2026-09-07T18:56:04+02:00,4.0,1,Ski stasjon,RUT:Line:580,Kolbotn - Ski,580,bus,RUT:ServiceJourney:5d1d1d1fc829885344b62e1f866e171b,True,actual,False,,,,,2026-09-07T20:27:16.249662+02:00
NSR:StopPlace:58797,Mysen stasjon,2026-09-07T17:45:00+02:00,2026-09-07T17:45:04+02:00,2026-09-07T17:45:04+02:00,4.0,1,Rakkestad-Sarpsborg,OST:Line:1_640,Sarpsborg-Askim-Mysen,640,bus,OST:ServiceJourney:640_260325121473118_25,True,actual,False,,,,,2026-09-07T20:27:16.249662+02:00
NSR:StopPlace:393,Leangen stasjon,2026-09-07T17:35:00+02:00,2026-09-07T17:35:04+02:00,2026-09-07T17:35:04+02:00,4.0,1,Ler,SJN:Line:26,Trønderbanen,R70,rail,SJN:ServiceJourney:442_56071-R,True,actual,False,,,,,2026-09-07T20:27:16.249662+02:00
NSR:StopPlace:398,Arna stasjon,2026-09-07T18:10:00+02:00,2026-09-07T18:10:04+02:00,2026-09-07T18:10:04+02:00,4.0,1,Bergen,VYG:Line:R40,Bergen-Voss-Myrdal-Ål,R40,rail,VYG:ServiceJourney:1829_445142-R,True,actual,False,Forsinket,Toget kjørte 3 minutter forsinket fra Myrdal. Dette skyldes at andre tog på strekningen er forsinket.,incident,normal,2026-09-07T20:27:16.249662+02:00
NSR:StopPlace:313,Høybråten stasjon,2026-09-07T17:23:00+02:00,2026-09-07T17:23:04+02:00,2026-09-07T17:23:04+02:00,4.0,1,Spikkestad,VYG:Line:L1,Spikkestad-Oslo S-Lillestrøm,L1,rail,VYG:ServiceJourney:2251_443671-R,True,actual,False,,,,,2026-09-07T20:27:16.249662+02:00
NSR:StopPlace:313,Høybråten stasjon,2026-09-07T18:38:00+02:00,2026-09-07T18:38:04+02:00,2026-09-07T18:38:04+02:00,4.0,1,Asker,VYG:Line:L1,Spikkestad-Oslo S-Lillestrøm,L1,rail,VYG:ServiceJourney:2155_443564-R,True,actual,False,,,,,2026-09-07T20:27:16.249662+02:00
NSR:StopPlace:302,Gjøvik stasjon,2026-09-07T18:34:00+02:00,2026-09-07T18:34:04+02:00,2026-09-07T18:34:04+02:00,4.0,1,Roa,VYG:Line:R31,Skøyen-Jaren-Gjøvik,R31,rail,VYG:ServiceJourney:230-GJOe_648910-R,True,actual,False,,,,,2026-09-07T20:27:16.249662+02:00
NSR:StopPlace:302,Gjøvik stasjon,2026-09-07T19:34:00+02:00,2026-09-07T19:34:04+02:00,2026-09-07T19:34:04+02:00,4.0,1,Roa,VYG:Line:R31,Skøyen-Jaren-Gjøvik,R31,rail,VYG:ServiceJourney:232-GJOe_648914-R,True,actual,False,,,,,2026-09-07T20:27:16.249662+02:00
NSR:StopPlace:261,Ganddal stasjon,2026-09-07T19:38:00+02:00,2026-09-07T19:38:04+02:00,2026-09-07T19:38:04+02:00,4.0,1,Stavanger,GOA:Line:59,Jærbanen,L5,rail,GOA:ServiceJourney:3059_63113-R,True,actual,False,,,,,2026-09-07T20:27:16.249662+02:00
NSR:StopPlace:58931,Fannrem stasjon,2026-09-07T14:13:00+02:00,2026-09-07T14:13:04+02:00,2026-09-07T14:13:04+02:00,4.0,1,Høgkjølen,ATB:Line:2_5101,Løften/Slupphaugen - Grøtte sk,5101,bus,ATB:ServiceJourney:5101_260106098641963_7,True,actual,False,,,,,2026-09-07T15:44:36.205822+02:00
NSR:StopPlace:58793,Askim stasjon,2026-09-07T14:35:00+02:00,2026-09-07T14:35:04+02:00,2026-09-07T14:35:04+02:00,4.0,1,Sollia-Ihlen-Askim stasjon,OST:Line:1_404,Askim-Ihlen,404,bus,OST:ServiceJourney:404_260325121471390_5,True,actual,False,,,,,2026-09-07T15:44:36.205822+02:00
NSR:StopPlace:58793,Askim stasjon,2026-09-07T15:05:00+02:00,2026-09-07T15:05:04+02:00,2026-09-07T15:05:04+02:00,4.0,1,Skoglia-Sørlia-Askim stasjon,OST:Line:1_41,Bybuss Askim sentrum nord,41,bus,OST:ServiceJourney:41_260325121476083_10,True,actual,False,,,,,2026-09-07T15:44:36.205822+02:00
NSR:StopPlace:58893,Grovane stasjon,2026-09-07T13:52:00+02:00,2026-09-07T13:52:04+02:00,2026-09-07T13:52:04+02:00,4.0,1,Kristiansand via Moseidmoen - Mosby,AKT:Line:30,Kvadraturen - Mosby - Vennesl,30,bus,AKT:ServiceJourney:79455_162_48_99840_102600_40001545,True,actual,False,,,,,2026-09-07T15:44:36.205822+02:00
NSR:StopPlace:58808,Kongsvinger stasjon,2026-09-07T13:58:00+02:00,2026-09-07T13:58:04+02:00,2026-09-07T13:58:04+02:00,4.0,1,Rasta - Vennersberg,INN:Line:81,Bogeråsen - Rasta,B81,bus,INN:ServiceJourney:54314,True,actual,False,,,,,2026-09-07T15:44:36.205822+02:00
NSR:StopPlace:63079,Skeiane stasjon,2026-09-07T14:26:00+02:00,2026-09-07T14:26:04+02:00,2026-09-07T14:26:04+02:00,4.0,1,Stavanger,GOA:Line:59,Jærbanen,L5,rail,GOA:ServiceJourney:3139_63184-R,True,actual,False,,,,,2026-09-07T15:44:36.205822+02:00
NSR:StopPlace:313,Høybråten stasjon,2026-09-07T14:53:00+02:00,2026-09-07T14:53:04+02:00,2026-09-07T14:53:04+02:00,4.0,1,Spikkestad,VYG:Line:L1,Spikkestad-Oslo S-Lillestrøm,L1,rail,VYG:ServiceJourney:2241_443652-R,True,actual,False,,,,,2026-09-07T15:44:36.205822+02:00
NSR:StopPlace:362,Jåttåvågen stasjon,2026-09-07T15:06:00+02:00,2026-09-07T15:06:04+02:00,2026-09-07T15:06:04+02:00,4.0,1,Stavanger,GOA:Line:59,Jærbanen,L5,rail,GOA:ServiceJourney:3141_63186-R,True,actual,False,,,,,2026-09-07T15:44:36.205822+02:00
NSR:StopPlace:702,Sandnes sentrum stasjon,2026-09-07T15:28:00+02:00,2026-09-07T15:28:04+02:00,2026-09-07T15:28:04+02:00,4.0,1,Stavanger,GOA:Line:59,Jærbanen,L5,rail,GOA:ServiceJourney:3143_63188-R,True,actual,False,,,,,2026-09-07T15:44:36.205822+02:00
NSR:StopPlace:62339,Lillestrøm stasjon,2026-09-07T13:55:00+02:00,2026-09-07T13:55:04+02:00,2026-09-07T13:55:04+02:00,4.0,1,Dal,VYG:Line:R13,Drammen-Oslo S-Dal,R13,rail,VYG:ServiceJourney:1635_481152-R,True,actual,False,Heis i spor 1 og 2 er ute av bruk på grunn av vedlikehold.,Heis i spor 1 og 2 er ute av bruk på grunn av vedlikehold.,general,normal,2026-09-07T15:44:36.205822+02:00
NSR:StopPlace:61334,Ogna stasjon,2026-09-07T07:51:00+02:00,2026-09-07T07:51:04+02:00,2026-09-07T07:51:04+02:00,4.0,1,Egersund,GOA:Line:59,Jærbanen,L5,rail,GOA:ServiceJourney:3012_63044-R,True,actual,False,,,,,2026-09-07T08:42:24.659182+02:00
NSR:StopPlace:59649,Nydalen stasjon,2026-09-07T07:18:00+02:00,2026-09-07T07:18:04+02:00,2026-09-07T07:18:04+02:00,4.0,1,Lysaker,RUT:Line:23,Lysaker - Simensbråten,23,bus,RUT:ServiceJourney:c1b06123265798a7cfe46fceb541a244,True,actual,False,,,,,2026-09-07T08:42:24.659182+02:00
NSR:StopPlace:59952,Drammen stasjon,2026-09-07T07:17:00+02:00,2026-09-07T07:17:04+02:00,2026-09-07T07:17:04+02:00,4.0,1,Eidsvoll,VYG:Line:R12,Kongsberg-Oslo S-Eidsvoll,R12,rail,VYG:ServiceJourney:506_481316-R,True,actual,False,,,,,2026-09-07T08:42:24.659182+02:00
NSR:StopPlace:59983,Bergen stasjon,2026-09-07T05:45:00+02:00,2026-09-07T05:45:04+02:00,2026-09-07T05:45:04+02:00,4.0,1,Voss,VYG:Line:R40,Bergen-Voss-Myrdal-Ål,R40,rail,VYG:ServiceJourney:1802_443389-R,True,actual,False,,,,,2026-09-07T08:42:24.659182+02:00
NSR:StopPlace:60569,Sirevåg stasjon,2026-09-07T07:54:00+02:00,2026-09-07T07:54:04+02:00,2026-09-07T07:54:04+02:00,4.0,1,Egersund,GOA:Line:59,Jærbanen,L5,rail,GOA:ServiceJourney:3012_63044-R,True,actual,False,,,,,2026-09-07T08:42:24.659182+02:00
NSR:StopPlace:58950,Åsen stasjon,2026-09-07T06:18:00+02:00,2026-09-07T06:18:04+02:00,2026-09-07T06:18:04+02:00,4.0,1,Steinkjer,SJN:Line:26,Trønderbanen,R70,rail,SJN:ServiceJourney:421_56050-R,True,actual,False,,,,,2026-09-07T08:42:24.659182+02:00
NSR:StopPlace:58793,Askim stasjon,2026-09-07T06:10:00+02:00,2026-09-07T06:10:04+02:00,2026-09-07T06:10:04+02:00,4.0,1,Oslo bussterminal,OST:Line:1_9,Timekspress linje 9,9,bus,OST:ServiceJourney:9_260325121472412_9001,True,actual,False,,,,,2026-09-07T08:42:24.659182+02:00
NSR:StopPlace:58793,Askim stasjon,2026-09-07T06:40:00+02:00,2026-09-07T06:40:04+02:00,2026-09-07T06:40:04+02:00,4.0,1,Oslo bussterminal,OST:Line:1_9,Timekspress linje 9,9,bus,OST:ServiceJourney:9_260325121472413_9003,True,actual,False,,,,,2026-09-07T08:42:24.659182+02:00
NSR:StopPlace:58832,Geilo stasjon,2026-09-07T07:10:00+02:00,2026-09-07T07:10:04+02:00,2026-09-07T07:10:04+02:00,4.0,1,Ål torget,BRA:Line:4_6330,Gol-Geilo,330,bus,BRA:ServiceJourney:6330_260415100163956_1002,True,actual,False,,,,,2026-09-07T08:42:24.659182+02:00
NSR:StopPlace:58839,Steinberg stasjon,2026-09-07T07:20:00+02:00,2026-09-07T07:20:04+02:00,2026-09-07T07:20:04+02:00,4.0,1,Åmot skysstasjon,BRA:Line:4_6139,Drammen - Åmot - Hønefoss,139,bus,BRA:ServiceJourney:6139_260826054283978_1002,True,actual,False,,,,,2026-09-07T08:42:24.659182+02:00
NSR:StopPlace:58893,Grovane stasjon,2026-09-07T07:51:00+02:00,2026-09-07T07:51:04+02:00,2026-09-07T07:51:04+02:00,4.0,1,Samkom,AKT:Line:31,Kvadraturen - Sødal - Vennesla,31,bus,AKT:ServiceJourney:79641_61_48_52200_54600_3950303,True,actual,False,,,,,2026-09-07T08:42:24.659182+02:00
NSR:StopPlace:58808,Kongsvinger stasjon,2026-09-07T07:07:00+02:00,2026-09-07T07:07:04+02:00,2026-09-07T07:07:04+02:00,4.0,1,Asker,VYG:Line:R14,Asker-Oslo S-Kongsvinger,R14,rail,VYG:ServiceJourney:1054-KVG_442958-R,True,actual,False,,,,,2026-09-07T08:42:24.659182+02:00
NSR:StopPlace:59091,Storekvina stasjon,2026-09-08T00:27:00+02:00,2026-09-08T00:27:03+02:00,2026-09-08T00:27:03+02:00,3.0,1,Oslo S,GOA:Line:50,Sørtoget region,F5,rail,GOA:ServiceJourney:726-KVB_63257-R,True,actual,False,,,,,2026-09-08T03:39:50.209703+02:00
NSR:StopPlace:59092,Gyland stasjon,2026-09-08T00:21:00+02:00,2026-09-08T00:21:03+02:00,2026-09-08T00:21:03+02:00,3.0,1,Oslo S,GOA:Line:50,Sørtoget region,F5,rail,GOA:ServiceJourney:726-KVB_63257-R,True,actual,False,,,,,2026-09-08T03:39:50.209703+02:00
NSR:StopPlace:62339,Lillestrøm stasjon,2026-09-08T00:55:00+02:00,2026-09-08T00:55:03+02:00,2026-09-08T00:55:03+02:00,3.0,1,Eidsvoll,VYG:Line:R13,Drammen-Oslo S-Dal,R13,rail,VYG:ServiceJourney:1679_443385-R,True,actual,False,Heis i spor 1 og 2 er ute av bruk på grunn av vedlikehold.,Heis i spor 1 og 2 er ute av bruk på grunn av vedlikehold.,general,normal,2026-09-08T03:39:50.209703+02:00
NSR:StopPlace:8,Paradis stasjon,2026-09-08T00:00:00+02:00,2026-09-08T00:00:03+02:00,2026-09-08T00:00:03+02:00,3.0,1,Stavanger,GOA:Line:59,Jærbanen,L5,rail,GOA:ServiceJourney:3075_63138-R,True,actual,False,,,,,2026-09-08T00:20:52.129880+02:00
NSR:StopPlace:59952,Drammen stasjon,2026-09-07T21:42:00+02:00,2026-09-07T21:42:03+02:00,2026-09-07T21:42:03+02:00,3.0,1,Oslo Lufthavn,FLT:Line:FLY1,FLY1,FLY1,rail,FLT:ServiceJourney:1-2614-3807-20260907,True,actual,False,,,,,2026-09-08T00:20:52.129880+02:00
NSR:StopPlace:60569,Sirevåg stasjon,2026-09-07T22:33:00+02:00,2026-09-07T22:33:03+02:00,2026-09-07T22:33:03+02:00,3.0,1,Stavanger,GOA:Line:59,Jærbanen,L5,rail,GOA:ServiceJourney:3073_63135-R,True,actual,False,,,,,2026-09-08T00:20:52.129880+02:00
NSR:StopPlace:58930,Larvik stasjon,2026-09-07T23:33:00+02:00,2026-09-07T23:33:03+02:00,2026-09-07T23:33:03+02:00,3.0,1,Skien,VYG:Line:RE11,Eidsvoll-Oslo S-Skien,RE11,rail,VYG:ServiceJourney:835_444415-R,True,actual,False,,,,,2026-09-08T00:20:52.129880+02:00
NSR:StopPlace:58794,Fredrikstad stasjon,2026-09-07T22:16:00+02:00,2026-09-07T22:16:03+02:00,2026-09-07T22:16:03+02:00,3.0,1,Halden,VYG:Line:RE20,Oslo S-Halden-Göteborg (X-Border),RE20,rail,VYG:ServiceJourney:133_443134-R,True,actual,False,,,,,2026-09-08T00:20:52.129880+02:00
NSR:StopPlace:58808,Kongsvinger stasjon,2026-09-07T20:36:00+02:00,2026-09-07T20:36:03+02:00,2026-09-07T20:36:03+02:00,3.0,1,Asker,VYG:Line:R14,Asker-Oslo S-Kongsvinger,R14,rail,VYG:ServiceJourney:1034_442946-R,True,actual,False,,,,,2026-09-08T00:20:52.129880+02:00
NSR:StopPlace:61979,Hellvik stasjon,2026-09-07T22:28:00+02:00,2026-09-07T22:28:03+02:00,2026-09-07T22:28:03+02:00,3.0,1,Stavanger,GOA:Line:59,Jærbanen,L5,rail,GOA:ServiceJourney:3073_63135-R,True,actual,False,,,,,2026-09-08T00:20:52.129880+02:00
NSR:StopPlace:59952,Drammen stasjon,2026-09-07T18:35:00+02:00,2026-09-07T18:35:03+02:00,2026-09-07T18:35:03+02:00,3.0,1,Dal,VYG:Line:R13,Drammen-Oslo S-Dal,R13,rail,VYG:ServiceJourney:1657_443336-R,True,actual,False,,,,,2026-09-07T20:27:16.249662+02:00
NSR:StopPlace:59616,Asker stasjon,2026-09-07T16:48:00+02:00,2026-09-07T16:48:03+02:00,2026-09-07T16:48:03+02:00,3.0,1,Lillestrøm,VYG:Line:L1,Spikkestad-Oslo S-Lillestrøm,L1,rail,VYG:ServiceJourney:2150_443559-R,True,actual,False,,,,,2026-09-07T20:27:16.249662+02:00
NSR:StopPlace:58932,Hommelvik stasjon,2026-09-07T16:51:00+02:00,2026-09-07T16:51:03+02:00,2026-09-07T16:51:03+02:00,3.0,1,Storlien,SJN:Line:72,Meråkerbanen,R71,rail,SJN:ServiceJourney:1307_56270-R,True,actual,False,,,,,2026-09-07T20:27:16.249662+02:00
NSR:StopPlace:58935,Levanger stasjon,2026-09-07T18:47:00+02:00,2026-09-07T18:47:03+02:00,2026-09-07T18:47:03+02:00,3.0,1,Nord universitet Levanger,ATB:Line:2_604,Levanger - Høgberget,604,bus,ATB:ServiceJourney:604_260106098643109_46,True,actual,False,,,,,2026-09-07T20:27:16.249662+02:00
NSR:StopPlace:58799,Rygge stasjon,2026-09-07T19:55:00+02:00,2026-09-07T19:55:03+02:00,2026-09-07T19:55:03+02:00,3.0,1,Halden,VYG:Line:RE20,Oslo S-Halden-Göteborg (X-Border),RE20,rail,VYG:ServiceJourney:129_443130-R,True,actual,False,,,,,2026-09-07T20:27:16.249662+02:00
NSR:StopPlace:58834,Hokksund stasjon,2026-09-07T17:27:00+02:00,2026-09-07T17:27:03+02:00,2026-09-07T17:27:03+02:00,3.0,1,Drammen via Mjøndalen,BRA:Line:4_6101,Drammen-Vikersund/Hønefoss,101,bus,BRA:ServiceJourney:6101_260415100161282_1052,True,actual,False,,,,,2026-09-07T20:27:16.249662+02:00
NSR:StopPlace:58836,Mjøndalen stasjon,2026-09-07T18:19:00+02:00,2026-09-07T18:19:03+02:00,2026-09-07T18:19:03+02:00,3.0,1,Hokksund,BRA:Line:4_6101,Drammen-Vikersund/Hønefoss,101,bus,BRA:ServiceJourney:6101_260415100161219_1045,True,actual,False,,,,,2026-09-07T20:27:16.249662+02:00
NSR:StopPlace:58836,Mjøndalen stasjon,2026-09-07T18:36:00+02:00,2026-09-07T18:36:03+02:00,2026-09-07T18:36:03+02:00,3.0,1,Drammen sykehus,BRA:Line:4_6001,Drammen sykehus Brakerøya - Sørensvingen / Mjøndalen,1,bus,BRA:ServiceJourney:6001_260415100161837_1202,True,actual,False,,,,,2026-09-07T20:27:16.249662+02:00
NSR:StopPlace:58844,Eidsvoll stasjon,2026-09-07T18:31:00+02:00,2026-09-07T18:31:03+02:00,2026-09-07T18:31:03+02:00,3.0,1,Kongsberg,VYG:Line:R12,Kongsberg-Oslo S-Eidsvoll,R12,rail,VYG:ServiceJourney:529_444336-R,True,actual,False,,,,,2026-09-07T20:27:16.249662+02:00
NSR:StopPlace:58857,Lørenskog stasjon,2026-09-07T18:36:00+02:00,2026-09-07T18:36:03+02:00,2026-09-07T18:36:03+02:00,3.0,1,Asker,VYG:Line:L1,Spikkestad-Oslo S-Lillestrøm,L1,rail,VYG:ServiceJourney:2155_443564-R,True,actual,False,,,,,2026-09-07T20:27:16.249662+02:00
NSR:StopPlace:63079,Skeiane stasjon,2026-09-07T20:26:00+02:00,2026-09-07T20:26:03+02:00,2026-09-07T20:26:03+02:00,3.0,1,Stavanger,GOA:Line:59,Jærbanen,L5,rail,GOA:ServiceJourney:3163_63207-R,True,actual,False,,,,,2026-09-07T20:27:16.249662+02:00
NSR:StopPlace:702,Sandnes sentrum stasjon,2026-09-07T18:28:00+02:00,2026-09-07T18:28:03+02:00,2026-09-07T18:28:03+02:00,3.0,1,Stavanger,GOA:Line:59,Jærbanen,L5,rail,GOA:ServiceJourney:3155_63200-R,True,actual,False,,,,,2026-09-07T20:27:16.249662+02:00
NSR:StopPlace:62339,Lillestrøm stasjon,2026-09-07T18:26:00+02:00,2026-09-07T18:26:03+02:00,2026-09-07T18:26:03+02:00,3.0,1,Skien,VYG:Line:RE11,Eidsvoll-Oslo S-Skien,RE11,rail,VYG:ServiceJourney:829_444409-R,True,actual,False,Heis i spor 1 og 2 er ute av bruk på grunn av vedlikehold.,Heis i spor 1 og 2 er ute av bruk på grunn av vedlikehold.,general,normal,2026-09-07T20:27:16.249662+02:00
NSR:StopPlace:33,Ranheim stasjon,2026-09-07T14:55:00+02:00,2026-09-07T14:55:03+02:00,2026-09-07T14:55:03+02:00,3.0,1,Melhus skysstasjon,SJN:Line:26,Trønderbanen,R70,rail,SJN:ServiceJourney:1722-STJ_55556-R,True,actual,False,,,,,2026-09-07T15:44:36.205822+02:00
NSR:StopPlace:58798,Rakkestad stasjon,2026-09-07T13:55:00+02:00,2026-09-07T13:55:03+02:00,2026-09-07T13:55:03+02:00,3.0,1,Os-Rakkestad,OST:Line:1_416,Rakkestad-Os,416,bus,OST:ServiceJourney:416_260325121471396_3,True,actual,False,,,,,2026-09-07T15:44:36.205822+02:00
NSR:StopPlace:62361,Reimegrend stasjon,2026-09-07T14:41:00+02:00,2026-09-07T14:41:03+02:00,2026-09-07T14:41:03+02:00,3.0,1,Myrdal,VYG:Line:R40,Bergen-Voss-Myrdal-Ål,R40,rail,VYG:ServiceJourney:1816_465749-R,True,actual,False,,,,,2026-09-07T15:44:36.205822+02:00
NSR:StopPlace:59643,Grefsen stasjon,2026-09-07T07:10:00+02:00,2026-09-07T07:10:03+02:00,2026-09-07T07:10:03+02:00,3.0,1,Oslo lufthavn,NBU:Line:cb7b555c-f96e-42d5-84bf-a5e08c0145c2,Radiumhospitalet via Økern-Storo-Tåsen,FB3,bus,NBU:ServiceJourney:974fb96a-623a-474f-8278-200f9e6721ac,True,actual,False,,,,,2026-09-07T08:42:24.659182+02:00
NSR:StopPlace:59977,Trondheim S,2026-09-07T05:09:00+02:00,2026-09-07T05:09:03+02:00,2026-09-07T05:09:03+02:00,3.0,1,Steinkjer,SJN:Line:26,Trønderbanen,R70,rail,SJN:ServiceJourney:421_56050-R,True,actual,False,,,,,2026-09-07T08:42:24.659182+02:00
NSR:StopPlace:59261,Trondheim lufthavn,2026-09-07T08:19:00+02:00,2026-09-07T08:19:03+02:00,2026-09-07T08:19:03+02:00,3.0,1,Stjørdal stasjon,ATB:Line:2_70,Stjørdal/Hommelvik- Trondheim,70,bus,ATB:ServiceJourney:70_251215112546897_9,True,actual,False,,,,,2026-09-07T08:42:24.659182+02:00
NSR:StopPlace:58797,Mysen stasjon,2026-09-07T07:45:00+02:00,2026-09-07T07:45:03+02:00,2026-09-07T07:45:03+02:00,3.0,1,Trøgstad torg,OST:Line:1_401,Mysen-Trøgstad,401,bus,OST:ServiceJourney:401_260325121472676_1,True,actual,False,,,,,2026-09-07T08:42:24.659182+02:00
NSR:StopPlace:58793,Askim stasjon,2026-09-07T07:35:00+02:00,2026-09-07T07:35:03+02:00,2026-09-07T07:35:03+02:00,3.0,1,Trøgstad ungdomsskole,OST:Line:1_400,Askim-Trøgstad,400,bus,OST:ServiceJourney:400_260827111746297_1,True,actual,False,,,,,2026-09-07T08:42:24.659182+02:00
NSR:StopPlace:58793,Askim stasjon,2026-09-07T08:25:00+02:00,2026-09-07T08:25:03+02:00,2026-09-07T08:25:03+02:00,3.0,1,Sørlia-Skoglia-Askim stasjon,OST:Line:1_40,Askim sentrum nord,40,bus,OST:ServiceJourney:40_260430062177138_1,True,actual,False,,,,,2026-09-07T08:42:24.659182+02:00
NSR:StopPlace:58844,Eidsvoll stasjon,2026-09-07T06:01:00+02:00,2026-09-07T06:01:03+02:00,2026-09-07T06:01:03+02:00,3.0,1,Skien,VYG:Line:RE11,Eidsvoll-Oslo S-Skien,RE11,rail,VYG:ServiceJourney:805_444385-R,True,actual,False,,,,,2026-09-07T08:42:24.659182+02:00
NSR:StopPlace:58857,Lørenskog stasjon,2026-09-07T07:43:00+02:00,2026-09-07T07:43:03+02:00,2026-09-07T07:43:03+02:00,3.0,1,Økern,RUT:Line:67,Økern-Lørenskog sentrum,67,bus,RUT:ServiceJourney:360f39e24d8ccb574f5d3956668704b6,True,actual,False,,,,,2026-09-07T08:42:24.659182+02:00
NSR:StopPlace:63079,Skeiane stasjon,2026-09-07T08:26:00+02:00,2026-09-07T08:26:03+02:00,2026-09-07T08:26:03+02:00,3.0,1,Stavanger,GOA:Line:59,Jærbanen,L5,rail,GOA:ServiceJourney:3115_63160-R,True,actual,False,,,,,2026-09-07T08:42:24.659182+02:00
NSR:StopPlace:62309,Ljan stasjon,2026-09-07T06:05:00+02:00,2026-09-07T06:05:03+02:00,2026-09-07T06:05:03+02:00,3.0,1,Stabekk,VYG:Line:L2,Stabekk-Oslo S-Ski,L2,rail,VYG:ServiceJourney:2708-SKI_443914-R,True,actual,False,,,,,2026-09-07T08:42:24.659182+02:00
NSR:StopPlace:62338,Fossum stasjon,2026-09-07T05:54:00+02:00,2026-09-07T05:54:03+02:00,2026-09-07T05:54:03+02:00,3.0,1,Blaker ring,RUT:Line:370,Sørumsand - Blaker - Sørumsand,370A,bus,RUT:ServiceJourney:d8519f6853f0c61d03c15c6710c1a280,True,actual,False,,,,,2026-09-07T08:42:24.659182+02:00
NSR:StopPlace:62338,Fossum stasjon,2026-09-07T06:24:00+02:00,2026-09-07T06:24:03+02:00,2026-09-07T06:24:03+02:00,3.0,1,Blaker ring,RUT:Line:370,Sørumsand - Blaker - Sørumsand,370A,bus,RUT:ServiceJourney:6a58dcf1fdb56b5ba47e66d1e9f35a7d,True,actual,False,,,,,2026-09-07T08:42:24.659182+02:00
NSR:StopPlace:59649,Nydalen stasjon,2026-09-07T03:03:00+02:00,2026-09-07T03:03:03+02:00,2026-09-07T03:03:03+02:00,3.0,1,Oslo lufthavn,NBU:Line:cb7b555c-f96e-42d5-84bf-a5e08c0145c2,Radiumhospitalet via Økern-Storo-Tåsen,FB3,bus,NBU:ServiceJourney:1acabfe4-a7c3-4f3a-8e1d-d522228235e9,True,actual,False,,,,,2026-09-07T03:30:22.110925+02:00
NSR:StopPlace:62341,Tangen stasjon,2026-09-08T01:19:30+02:00,2026-09-08T01:19:32+02:00,2026-09-08T01:19:32+02:00,2.0,1,Eidsvoll,VYG:Line:RE11,Eidsvoll-Oslo S-Skien,RE11,rail,VYG:ServiceJourney:838-341_515579-R,True,actual,False,,,,,2026-09-08T03:39:50.209703+02:00
NSR:StopPlace:8,Paradis stasjon,2026-09-07T23:56:00+02:00,2026-09-07T23:56:02+02:00,2026-09-07T23:56:02+02:00,2.0,1,Egersund,GOA:Line:59,Jærbanen,L5,rail,GOA:ServiceJourney:3078_63142-R,True,actual,False,,,,,2026-09-08T00:20:52.129880+02:00
NSR:StopPlace:59641,Fjellhamar stasjon,2026-09-07T23:33:00+02:00,2026-09-07T23:33:02+02:00,2026-09-07T23:33:02+02:00,2.0,1,Lillestrøm,VYG:Line:L1,Spikkestad-Oslo S-Lillestrøm,L1,rail,VYG:ServiceJourney:2274_443709-R,True,actual,False,,,,,2026-09-08T00:20:52.129880+02:00
NSR:StopPlace:58844,Eidsvoll stasjon,2026-09-07T23:31:00+02:00,2026-09-07T23:31:02+02:00,2026-09-07T23:31:02+02:00,2.0,1,Kongsberg,VYG:Line:R12,Kongsberg-Oslo S-Eidsvoll,R12,rail,VYG:ServiceJourney:539_444349-R,True,actual,False,,,,,2026-09-08T00:20:52.129880+02:00
NSR:StopPlace:58808,Kongsvinger stasjon,2026-09-07T22:36:00+02:00,2026-09-07T22:36:02+02:00,2026-09-07T22:36:02+02:00,2.0,1,Asker,VYG:Line:R14,Asker-Oslo S-Kongsvinger,R14,rail,VYG:ServiceJourney:1038_442950-R,True,actual,False,,,,,2026-09-08T00:20:52.129880+02:00
NSR:StopPlace:62309,Ljan stasjon,2026-09-07T22:50:00+02:00,2026-09-07T22:50:02+02:00,2026-09-07T22:50:02+02:00,2.0,1,Oslo S,VYG:Line:L2,Stabekk-Oslo S-Ski,L2,rail,VYG:ServiceJourney:2874_444118-R,True,actual,False,,,,,2026-09-08T00:20:52.129880+02:00
NSR:StopPlace:62308,Alna stasjon,2026-09-07T23:18:00+02:00,2026-09-07T23:18:02+02:00,2026-09-07T23:18:02+02:00,2.0,1,Lillestrøm,VYG:Line:L1,Spikkestad-Oslo S-Lillestrøm,L1,rail,VYG:ServiceJourney:2274_443709-R,True,actual,False,,,,,2026-09-08T00:20:52.129880+02:00
NSR:StopPlace:62295,Stanghelle stasjon,2026-09-07T21:51:00+02:00,2026-09-07T21:51:02+02:00,2026-09-07T21:51:02+02:00,2.0,1,Bergen,VYG:Line:R40,Bergen-Voss-Myrdal-Ål,R40,rail,VYG:ServiceJourney:1837_443424-R,True,actual,False,,,,,2026-09-08T00:20:52.129880+02:00
NSR:StopPlace:8,Paradis stasjon,2026-09-07T16:56:00+02:00,2026-09-07T16:56:02+02:00,2026-09-07T16:56:02+02:00,2.0,1,Egersund,GOA:Line:59,Jærbanen,L5,rail,GOA:ServiceJourney:3052_63100-R,True,actual,False,,,,,2026-09-07T20:27:16.249662+02:00
NSR:StopPlace:8,Paradis stasjon,2026-09-07T17:26:00+02:00,2026-09-07T17:26:02+02:00,2026-09-07T17:26:02+02:00,2.0,1,Nærbø,GOA:Line:59,Jærbanen,L5,rail,GOA:ServiceJourney:3054_63104-R,True,actual,False,,,,,2026-09-07T20:27:16.249662+02:00
NSR:StopPlace:59649,Nydalen stasjon,2026-09-07T17:48:00+02:00,2026-09-07T17:48:02+02:00,2026-09-07T17:48:02+02:00,2.0,1,Lysaker,RUT:Line:23,Lysaker - Simensbråten,23,bus,RUT:ServiceJourney:f2f1c9c142efb9ce576e393d720b0257,True,actual,False,,,,,2026-09-07T20:27:16.249662+02:00
NSR:StopPlace:59641,Fjellhamar stasjon,2026-09-07T19:32:00+02:00,2026-09-07T19:32:02+02:00,2026-09-07T19:32:02+02:00,2.0,1,Asker,VYG:Line:L1,Spikkestad-Oslo S-Lillestrøm,L1,rail,VYG:ServiceJourney:2159_443568-R,True,actual,False,,,,,2026-09-07T20:27:16.249662+02:00
NSR:StopPlace:59958,Voss stasjon,2026-09-07T19:05:00+02:00,2026-09-07T19:05:02+02:00,2026-09-07T19:05:02+02:00,2.0,1,Norheimsund,SKY:Line:925,Bergen-Norheimsund-Kvanndal-Voss,925,bus,SKY:ServiceJourney:925-205165-21340956,True,actual,False,,,,,2026-09-07T20:27:16.249662+02:00
NSR:StopPlace:59243,Mo i Rana stasjon,2026-09-07T15:23:00+02:00,2026-09-07T15:23:02+02:00,2026-09-07T15:23:02+02:00,2.0,1,Grubbåsen,NOR:Line:12_8371,Grubbåsen - Båsmobakken/Skillevollen,1,bus,NOR:ServiceJourney:8371_251012124858568_2025,True,actual,False,,,,,2026-09-07T15:44:36.205822+02:00
NSR:StopPlace:59244,Egersund stasjon,2026-09-07T14:50:00+02:00,2026-09-07T14:50:02+02:00,2026-09-07T14:50:02+02:00,2.0,1,Stavanger,GOA:Line:59,Jærbanen,L5,rail,GOA:ServiceJourney:3043_63086-R,True,actual,False,,,,,2026-09-07T15:44:36.205822+02:00
NSR:StopPlace:58797,Mysen stasjon,2026-09-07T15:35:00+02:00,2026-09-07T15:35:02+02:00,2026-09-07T15:35:02+02:00,2.0,1,Askim-Sarpsborg,OST:Line:1_640,Sarpsborg-Askim-Mysen,640,bus,OST:ServiceJourney:640_260325121473127_22,True,actual,False,,,,,2026-09-07T15:44:36.205822+02:00
NSR:StopPlace:58834,Hokksund stasjon,2026-09-07T14:27:00+02:00,2026-09-07T14:27:02+02:00,2026-09-07T14:27:02+02:00,2.0,1,Drammen via Mjøndalen,BRA:Line:4_6101,Drammen-Vikersund/Hønefoss,101,bus,BRA:ServiceJourney:6101_260415100161279_1040,True,actual,False,,,,,2026-09-07T15:44:36.205822+02:00
NSR:StopPlace:58801,Sarpsborg stasjon,2026-09-07T14:34:00+02:00,2026-09-07T14:34:02+02:00,2026-09-07T14:34:02+02:00,2.0,1,Opsund,OST:Line:1_134,Sarpsborg - Opsund,134,bus,OST:ServiceJourney:134_260325121470895_6,True,actual,False,,,,,2026-09-07T15:44:36.205822+02:00
NSR:StopPlace:58803,Tomter stasjon,2026-09-07T14:30:00+02:00,2026-09-07T14:30:02+02:00,2026-09-07T14:30:02+02:00,2.0,1,Ringvollsenteret-Elvestad,OST:Line:1_410,Elvestad-Svikebøl,410,bus,OST:ServiceJourney:410_260428074554894_6,True,actual,False,,,,,2026-09-07T15:44:36.205822+02:00
NSR:StopPlace:398,Arna stasjon,2026-09-07T13:26:00+02:00,2026-09-07T13:26:02+02:00,2026-09-07T13:26:02+02:00,2.0,1,Myrdal,VYG:Line:R40,Bergen-Voss-Myrdal-Ål,R40,rail,VYG:ServiceJourney:1818_443404-R,True,actual,False,,,,,2026-09-07T15:44:36.205822+02:00
NSR:StopPlace:61251,Øksnavadporten stasjon,2026-09-07T06:30:00+02:00,2026-09-07T06:30:02+02:00,2026-09-07T06:30:02+02:00,2.0,1,Stavanger,GOA:Line:59,Jærbanen,L5,rail,GOA:ServiceJourney:3005_63036-R,True,actual,False,,,,,2026-09-07T08:42:24.659182+02:00
NSR:StopPlace:8,Paradis stasjon,2026-09-07T08:26:00+02:00,2026-09-07T08:26:02+02:00,2026-09-07T08:26:02+02:00,2.0,1,Nærbø,GOA:Line:59,Jærbanen,L5,rail,GOA:ServiceJourney:3018_63050-R,True,actual,False,,,,,2026-09-07T08:42:24.659182+02:00
NSR:StopPlace:61169,Marienborg stasjon,2026-09-07T06:37:00+02:00,2026-09-07T06:37:02+02:00,2026-09-07T06:37:02+02:00,2.0,1,Østmarka via Lerkendal-Strindh.,ATB:Line:2_13,Østmarka - Strindheim - Lerkendal - Havstad,13,bus,ATB:ServiceJourney:13_251215112552807_5,True,actual,False,,,,,2026-09-07T08:42:24.659182+02:00
NSR:StopPlace:59952,Drammen stasjon,2026-09-07T05:57:00+02:00,2026-09-07T05:57:02+02:00,2026-09-07T05:57:02+02:00,2.0,1,Lillehammer,VYG:Line:RE10,Drammen-Oslo S-Lillehammer,RE10,rail,VYG:ServiceJourney:305-SUD_444133-R,True,actual,False,,,,,2026-09-07T08:42:24.659182+02:00
NSR:StopPlace:59957,Klepp stasjon,2026-09-07T06:27:00+02:00,2026-09-07T06:27:02+02:00,2026-09-07T06:27:02+02:00,2.0,1,Stavanger,GOA:Line:59,Jærbanen,L5,rail,GOA:ServiceJourney:3005_63036-R,True,actual,False,,,,,2026-09-07T08:42:24.659182+02:00
NSR:StopPlace:59958,Voss stasjon,2026-09-07T08:33:00+02:00,2026-09-07T08:33:02+02:00,2026-09-07T08:33:02+02:00,2.0,1,Bergen,VYG:Line:R40,Bergen-Voss-Myrdal-Ål,R40,rail,VYG:ServiceJourney:1813_443399-R,True,actual,False,Forsinket,Toget kjørte 24 minutter forsinket fra Mjølfjell. Dette skyldes at togsettet vi trenger er forsinket.,incident,normal,2026-09-07T08:42:24.659182+02:00
NSR:StopPlace:59091,Storekvina stasjon,2026-09-07T04:53:00+02:00,2026-09-07T04:53:02+02:00,2026-09-07T04:53:02+02:00,2.0,1,Stavanger,GOA:Line:50,Sørtoget region,F5,rail,GOA:ServiceJourney:725-LOD_67061-R,True,actual,False,,,,,2026-09-07T08:42:24.659182+02:00
NSR:StopPlace:60569,Sirevåg stasjon,2026-09-07T08:28:00+02:00,2026-09-07T08:28:02+02:00,2026-09-07T08:28:02+02:00,2.0,1,Stavanger,GOA:Line:59,Jærbanen,L5,rail,GOA:ServiceJourney:3017_63049-R,True,actual,False,,,,,2026-09-07T08:42:24.659182+02:00
NSR:StopPlace:59616,Asker stasjon,2026-09-07T05:48:00+02:00,2026-09-07T05:48:02+02:00,2026-09-07T05:48:02+02:00,2.0,1,Lillestrøm,VYG:Line:L1,Spikkestad-Oslo S-Lillestrøm,L1,rail,VYG:ServiceJourney:2106_443510-R,True,actual,False,,,,,2026-09-07T08:42:24.659182+02:00
NSR:StopPlace:58925,Gausel stasjon,2026-09-07T06:25:00+02:00,2026-09-07T06:25:02+02:00,2026-09-07T06:25:02+02:00,2.0,1,Stavanger,GOA:Line:59,Jærbanen,L5,rail,GOA:ServiceJourney:3107_63152-R,True,actual,False,,,,,2026-09-07T08:42:24.659182+02:00
NSR:StopPlace:58884,Skien stasjon,2026-09-07T07:31:00+02:00,2026-09-07T07:31:02+02:00,2026-09-07T07:31:02+02:00,2.0,1,Porsgrunn,VYG:Line:R55,Porsgrunn-Notodden,R55,rail,VYG:ServiceJourney:2473_443745-R,True,actual,False,,,,,2026-09-07T08:42:24.659182+02:00
NSR:StopPlace:58818,Gran stasjon,2026-09-07T06:40:00+02:00,2026-09-07T06:40:02+02:00,2026-09-07T06:40:02+02:00,2.0,1,Grindvoll,INN:Line:451,Gran-Lunner-Grindvoll-Jevnaker,451,bus,INN:ServiceJourney:71484,True,actual,False,,,,,2026-09-07T08:42:24.659182+02:00
NSR:StopPlace:58828,Roa stasjon,2026-09-07T08:40:00+02:00,2026-09-07T08:40:02+02:00,2026-09-07T08:40:02+02:00,2.0,1,Oslo S,VYG:Line:RE30,Oslo S-Gjøvik,RE30,rail,VYG:ServiceJourney:BUS-1208_654998-R,True,actual,False,,,,,2026-09-07T08:42:24.659182+02:00
NSR:StopPlace:362,Jåttåvågen stasjon,2026-09-07T08:06:00+02:00,2026-09-07T08:06:02+02:00,2026-09-07T08:06:02+02:00,2.0,1,Stavanger,GOA:Line:59,Jærbanen,L5,rail,GOA:ServiceJourney:3113_63158-R,True,actual,False,,,,,2026-09-07T08:42:24.659182+02:00
NSR:StopPlace:702,Sandnes sentrum stasjon,2026-09-07T06:20:00+02:00,2026-09-07T06:20:02+02:00,2026-09-07T06:20:02+02:00,2.0,1,Stavanger,GOA:Line:59,Jærbanen,L5,rail,GOA:ServiceJourney:3107_63152-R,True,actual,False,,,,,2026-09-07T08:42:24.659182+02:00
NSR:StopPlace:610,Sandvika stasjon,2026-09-07T06:05:00+02:00,2026-09-07T06:05:02+02:00,2026-09-07T06:05:02+02:00,2.0,1,Eidsvoll,VYG:Line:RE11,Eidsvoll-Oslo S-Skien,RE11,rail,VYG:ServiceJourney:802_444382-R,True,actual,False,,,,,2026-09-07T08:42:24.659182+02:00
NSR:StopPlace:61979,Hellvik stasjon,2026-09-07T08:23:00+02:00,2026-09-07T08:23:02+02:00,2026-09-07T08:23:02+02:00,2.0,1,Stavanger,GOA:Line:59,Jærbanen,L5,rail,GOA:ServiceJourney:3017_63049-R,True,actual,False,,,,,2026-09-07T08:42:24.659182+02:00
NSR:StopPlace:58844,Eidsvoll stasjon,2026-09-08T01:02:00+02:00,2026-09-08T01:02:01+02:00,2026-09-08T01:02:01+02:00,1.0,1,Eidsvoll,VYG:Line:RE11,Eidsvoll-Oslo S-Skien,RE11,rail,VYG:ServiceJourney:838-341_515579-R,True,actual,False,,,,,2026-09-08T03:39:50.209703+02:00
NSR:StopPlace:61872,Nærbø stasjon,2026-09-07T22:17:00+02:00,2026-09-07T22:17:01+02:00,2026-09-07T22:17:01+02:00,1.0,1,Stavanger,GOA:Line:59,Jærbanen,L5,rail,GOA:ServiceJourney:3071_63132-R,True,actual,False,,,,,2026-09-08T00:20:52.129880+02:00
NSR:StopPlace:59654,Stabekk stasjon,2026-09-07T22:00:00+02:00,2026-09-07T22:00:01+02:00,2026-09-07T22:00:01+02:00,1.0,1,Ski,VYG:Line:L2,Stabekk-Oslo S-Ski,L2,rail,VYG:ServiceJourney:2769-HVK_443987-R,True,actual,False,,,,,2026-09-08T00:20:52.129880+02:00
NSR:StopPlace:58844,Eidsvoll stasjon,2026-09-07T21:08:00+02:00,2026-09-07T21:08:01+02:00,2026-09-07T21:08:01+02:00,1.0,1,Lillehammer,VYG:Line:RE10,Drammen-Oslo S-Lillehammer,RE10,rail,VYG:ServiceJourney:333-SUD_444251-R,True,actual,False,Bruk de forreste vognene,På denne avgangen er det bakerste togsettet stengt mellom Drammen og Lillehammer. Bruk de forreste vognene.,general,normal,2026-09-08T00:20:52.129880+02:00
NSR:StopPlace:58801,Sarpsborg stasjon,2026-09-07T22:34:00+02:00,2026-09-07T22:34:01+02:00,2026-09-07T22:34:01+02:00,1.0,1,Opsund,OST:Line:1_134,Sarpsborg - Opsund,134,bus,OST:ServiceJourney:134_260325121470890_11,True,actual,False,,,,,2026-09-08T00:20:52.129880+02:00
NSR:StopPlace:151,Evanger stasjon,2026-09-07T21:24:00+02:00,2026-09-07T21:24:01+02:00,2026-09-07T21:24:01+02:00,1.0,1,Bergen,VYG:Line:R40,Bergen-Voss-Myrdal-Ål,R40,rail,VYG:ServiceJourney:1837_443424-R,True,actual,False,,,,,2026-09-08T00:20:52.129880+02:00
NSR:StopPlace:61872,Nærbø stasjon,2026-09-07T19:34:00+02:00,2026-09-07T19:34:01+02:00,2026-09-07T19:34:01+02:00,1.0,1,Egersund,GOA:Line:59,Jærbanen,L5,rail,GOA:ServiceJourney:3060_63114-R,True,actual,False,,,,,2026-09-07T20:27:16.249662+02:00
NSR:StopPlace:59641,Fjellhamar stasjon,2026-09-07T18:25:00+02:00,2026-09-07T18:25:01+02:00,2026-09-07T18:25:01+02:00,1.0,1,Vallerudtoppen,RUT:Line:315,Vallerudtoppen - Ahus,315,bus,RUT:ServiceJourney:218f2ca4600cb4bbc57a0520e231ef04,True,actual,False,,,,,2026-09-07T20:27:16.249662+02:00
NSR:StopPlace:59703,Åndalsnes stasjon,2026-09-07T18:20:00+02:00,2026-09-07T18:20:01+02:00,2026-09-07T18:20:01+02:00,1.0,1,Molde,MOR:Line:420,Fram Ekspress Molde-Åndalsnes,420,bus,MOR:ServiceJourney:420_121_9150000047249406,True,actual,False,,,,,2026-09-07T20:27:16.249662+02:00
NSR:StopPlace:59952,Drammen stasjon,2026-09-07T16:35:00+02:00,2026-09-07T16:35:01+02:00,2026-09-07T16:35:01+02:00,1.0,1,Dal,VYG:Line:R13,Drammen-Oslo S-Dal,R13,rail,VYG:ServiceJourney:1649_443318-R,True,actual,False,,,,,2026-09-07T20:27:16.249662+02:00
NSR:StopPlace:59952,Drammen stasjon,2026-09-07T19:35:00+02:00,2026-09-07T19:35:01+02:00,2026-09-07T19:35:01+02:00,1.0,1,Dal,VYG:Line:R13,Drammen-Oslo S-Dal,R13,rail,VYG:ServiceJourney:1661_443345-R,True,actual,False,,,,,2026-09-07T20:27:16.249662+02:00
NSR:StopPlace:59243,Mo i Rana stasjon,2026-09-07T20:12:00+02:00,2026-09-07T20:12:01+02:00,2026-09-07T20:12:01+02:00,1.0,1,Skillevollen,NOR:Line:12_8371,Grubbåsen - Båsmobakken/Skillevollen,1,bus,NOR:ServiceJourney:8371_251012124858498_1038,True,actual,False,,,,,2026-09-07T20:27:16.249662+02:00
NSR:StopPlace:59243,Mo i Rana stasjon,2026-09-07T20:12:00+02:00,2026-09-07T20:12:01+02:00,2026-09-07T20:12:01+02:00,1.0,1,Sykehuset Mo,NOR:Line:12_8372,Kvernkroken - Sykehuset Mo,2,bus,NOR:ServiceJourney:8372_251012124855350_1026,True,actual,False,,,,,2026-09-07T20:27:16.249662+02:00
NSR:StopPlace:58836,Mjøndalen stasjon,2026-09-07T18:49:00+02:00,2026-09-07T18:49:01+02:00,2026-09-07T18:49:01+02:00,1.0,1,Hokksund - Vikersund,BRA:Line:4_6101,Drammen-Vikersund/Hønefoss,101,bus,BRA:ServiceJourney:6101_260415100161252_1047,True,actual,False,,,,,2026-09-07T20:27:16.249662+02:00
NSR:StopPlace:58836,Mjøndalen stasjon,2026-09-07T18:54:00+02:00,2026-09-07T18:54:01+02:00,2026-09-07T18:54:01+02:00,1.0,1,Drammen via Gulskogen,BRA:Line:4_6052,Drammen - Mjøndalen,52,bus,BRA:ServiceJourney:6052_260415100161114_1044,True,actual,False,,,,,2026-09-07T20:27:16.249662+02:00
NSR:StopPlace:58862,Strømmen stasjon,2026-09-07T19:45:00+02:00,2026-09-07T19:45:01+02:00,2026-09-07T19:45:01+02:00,1.0,1,Spikkestad,VYG:Line:L1,Spikkestad-Oslo S-Lillestrøm,L1,rail,VYG:ServiceJourney:2261_443688-R,True,actual,False,,,,,2026-09-07T20:27:16.249662+02:00
NSR:StopPlace:63079,Skeiane stasjon,2026-09-07T19:41:00+02:00,2026-09-07T19:41:01+02:00,2026-09-07T19:41:01+02:00,1.0,1,Stavanger,GOA:Line:59,Jærbanen,L5,rail,GOA:ServiceJourney:3059_63113-R,True,actual,False,,,,,2026-09-07T20:27:16.249662+02:00
NSR:StopPlace:200,Finse stasjon,2026-09-07T18:53:00+02:00,2026-09-07T18:53:01+02:00,2026-09-07T18:53:01+02:00,1.0,1,Bergen,VYG:Line:F4,Oslo S-Bergen,F4,rail,VYG:ServiceJourney:65-LOD_590005-R,True,actual,False,,,,,2026-09-07T20:27:16.249662+02:00
NSR:StopPlace:62393,Billingstad stasjon,2026-09-07T17:27:00+02:00,2026-09-07T17:27:01+02:00,2026-09-07T17:27:01+02:00,1.0,1,Lillestrøm,VYG:Line:L1,Spikkestad-Oslo S-Lillestrøm,L1,rail,VYG:ServiceJourney:2152_443561-R,True,actual,False,Færre vogner,Denne avgangen kjører dessverre med 4 vogner i stedet for 8 vogner. Dette skyldes at vi mangler et togsett.,general,normal,2026-09-07T20:27:16.249662+02:00
NSR:StopPlace:59243,Mo i Rana stasjon,2026-09-07T14:57:00+02:00,2026-09-07T14:57:01+02:00,2026-09-07T14:57:01+02:00,1.0,1,Skillevollen,NOR:Line:12_8371,Grubbåsen - Båsmobakken/Skillevollen,1,bus,NOR:ServiceJourney:8371_251012124858492_1026,True,actual,False,,,,,2026-09-07T15:44:36.205822+02:00
NSR:StopPlace:58971,Mosjøen stasjon,2026-09-07T13:30:00+02:00,2026-09-07T13:30:01+02:00,2026-09-07T13:30:01+02:00,1.0,1,Sandnessjøen bussterminal,NOR:Line:12_3705,Mosjøen-Sandnessjøen,705,bus,NOR:ServiceJourney:3705_260505091793548_2003,True,actual,False,,,,,2026-09-07T15:44:36.205822+02:00
NSR:StopPlace:58832,Geilo stasjon,2026-09-07T14:50:00+02:00,2026-09-07T14:50:01+02:00,2026-09-07T14:50:01+02:00,1.0,1,Dagali,BRA:Line:4_6333,Geilo - Dagali,333,bus,BRA:ServiceJourney:6333_260415100159077_1003,True,actual,False,,,,,2026-09-07T15:44:36.205822+02:00
NSR:StopPlace:58834,Hokksund stasjon,2026-09-07T15:27:00+02:00,2026-09-07T15:27:01+02:00,2026-09-07T15:27:01+02:00,1.0,1,Drammen via Mjøndalen,BRA:Line:4_6101,Drammen-Vikersund/Hønefoss,101,bus,BRA:ServiceJourney:6101_260415100161280_1044,True,actual,False,,,,,2026-09-07T15:44:36.205822+02:00
NSR:StopPlace:58836,Mjøndalen stasjon,2026-09-07T15:21:00+02:00,2026-09-07T15:21:01+02:00,2026-09-07T15:21:01+02:00,1.0,1,Drammen sykehus,BRA:Line:4_6001,Drammen sykehus Brakerøya - Sørensvingen / Mjøndalen,1,bus,BRA:ServiceJourney:6001_260415100161826_1158,True,actual,False,,,,,2026-09-07T15:44:36.205822+02:00
NSR:StopPlace:58844,Eidsvoll stasjon,2026-09-07T12:01:00+02:00,2026-09-07T12:01:01+02:00,2026-09-07T12:01:01+02:00,1.0,1,Skien,VYG:Line:RE11,Eidsvoll-Oslo S-Skien,RE11,rail,VYG:ServiceJourney:817_444397-R,True,actual,False,,,,,2026-09-07T15:44:36.205822+02:00
NSR:StopPlace:58882,Nordagutu stasjon,2026-09-07T15:27:00+02:00,2026-09-07T15:27:01+02:00,2026-09-07T15:27:01+02:00,1.0,1,Notodden,VYG:Line:R55,Porsgrunn-Notodden,R55,rail,VYG:ServiceJourney:2482_443752-R,True,actual,False,,,,,2026-09-07T15:44:36.205822+02:00
NSR:StopPlace:58808,Kongsvinger stasjon,2026-09-07T15:36:00+02:00,2026-09-07T15:36:01+02:00,2026-09-07T15:36:01+02:00,1.0,1,Asker,VYG:Line:R14,Asker-Oslo S-Kongsvinger,R14,rail,VYG:ServiceJourney:1024_442933-R,True,actual,False,,,,,2026-09-07T15:44:36.205822+02:00
NSR:StopPlace:316,Oppdal stasjon,2026-09-07T15:16:00+02:00,2026-09-07T15:16:01+02:00,2026-09-07T15:16:01+02:00,1.0,1,Trondheim S,SJN:Line:21,Dovrebanen,F6,rail,SJN:ServiceJourney:45-LOD_48255-R,True,actual,False,,,,,2026-09-07T15:44:36.205822+02:00
NSR:StopPlace:702,Sandnes sentrum stasjon,2026-09-07T14:58:00+02:00,2026-09-07T14:58:01+02:00,2026-09-07T14:58:01+02:00,1.0,1,Stavanger,GOA:Line:59,Jærbanen,L5,rail,GOA:ServiceJourney:3141_63186-R,True,actual,False,,,,,2026-09-07T15:44:36.205822+02:00
NSR:StopPlace:61463,Nordstrand stasjon,2026-09-07T06:07:00+02:00,2026-09-07T06:07:01+02:00,2026-09-07T06:07:01+02:00,1.0,1,Stabekk,VYG:Line:L2,Stabekk-Oslo S-Ski,L2,rail,VYG:ServiceJourney:2708-SKI_443914-R,True,actual,False,,,,,2026-09-07T08:42:24.659182+02:00
NSR:StopPlace:60640,Heimdal stasjon,2026-09-07T06:34:00+02:00,2026-09-07T06:34:01+02:00,2026-09-07T06:34:01+02:00,1.0,1,Spongdal via Klettkrysset,ATB:Line:2_77,Heimdal- Klett- Spongdal,77,bus,ATB:ServiceJourney:77_251215112550982_2,True,actual,False,,,,,2026-09-07T08:42:24.659182+02:00
NSR:StopPlace:59952,Drammen stasjon,2026-09-07T05:35:00+02:00,2026-09-07T05:35:01+02:00,2026-09-07T05:35:01+02:00,1.0,1,Dal,VYG:Line:R13,Drammen-Oslo S-Dal,R13,rail,VYG:ServiceJourney:1605_443222-R,True,actual,False,,,,,2026-09-07T08:42:24.659182+02:00
NSR:StopPlace:59958,Voss stasjon,2026-09-07T08:25:00+02:00,2026-09-07T08:25:01+02:00,2026-09-07T08:25:01+02:00,1.0,1,Skulestadmo,SKY:Line:950,Bergen-Voss-Gudvangen,950,bus,SKY:ServiceJourney:950-205165-21338661,True,actual,False,,,,,2026-09-07T08:42:24.659182+02:00
NSR:StopPlace:59243,Mo i Rana stasjon,2026-09-07T07:08:00+02:00,2026-09-07T07:08:01+02:00,2026-09-07T07:08:01+02:00,1.0,1,Grubbåsen,NOR:Line:12_8371,Grubbåsen - Båsmobakken/Skillevollen,1,bus,NOR:ServiceJourney:8371_251012124858532_2002,True,actual,False,,,,,2026-09-07T08:42:24.659182+02:00
NSR:StopPlace:60603,Kongsberg stasjon,2026-09-07T08:35:00+02:00,2026-09-07T08:35:01+02:00,2026-09-07T08:35:01+02:00,1.0,1,Eidsvoll,VYG:Line:R12,Kongsberg-Oslo S-Eidsvoll,R12,rail,VYG:ServiceJourney:510_444304-R,True,actual,False,,,,,2026-09-07T08:42:24.659182+02:00
NSR:StopPlace:59620,Grorud stasjon,2026-09-07T06:04:00+02:00,2026-09-07T06:04:01+02:00,2026-09-07T06:04:01+02:00,1.0,1,Åsbråten,RUT:Line:79,Grorud T - Åsbråten,79,bus,RUT:ServiceJourney:f5aeda2c17ed8cf9def617519509a4ea,True,actual,False,,,,,2026-09-07T08:42:24.659182+02:00
NSR:StopPlace:58948,Stjørdal stasjon,2026-09-07T07:08:00+02:00,2026-09-07T07:08:01+02:00,2026-09-07T07:08:01+02:00,1.0,1,Trondheim,ATB:Line:2_311,Stjørdal - Trondheim,311,bus,ATB:ServiceJourney:311_260106098642721_18,True,actual,False,Endret tilbud ved Vikelvvegen,Sydgående avkjøringsrampe fra E6 ved Reppe er stengt frem til 21. september. Vikelvvegen og Ranheim fabrikker til sentrum blir ikke betjent av linje 311 i perioden. ,general,normal,2026-09-07T08:42:24.659182+02:00
NSR:StopPlace:58798,Rakkestad stasjon,2026-09-07T06:43:00+02:00,2026-09-07T06:43:01+02:00,2026-09-07T06:43:01+02:00,1.0,1,Halden,OST:Line:1_634,Mysen-Rakkestad-Halden,634,bus,OST:ServiceJourney:634_260325121472688_4,True,actual,False,,,,,2026-09-07T08:42:24.659182+02:00
NSR:StopPlace:58836,Mjøndalen stasjon,2026-09-07T07:19:00+02:00,2026-09-07T07:19:01+02:00,2026-09-07T07:19:01+02:00,1.0,1,Hokksund,BRA:Line:4_6101,Drammen-Vikersund/Hønefoss,101,bus,BRA:ServiceJourney:6101_260415100161208_1001,True,actual,False,,,,,2026-09-07T08:42:24.659182+02:00
NSR:StopPlace:58844,Eidsvoll stasjon,2026-09-07T05:31:00+02:00,2026-09-07T05:31:01+02:00,2026-09-07T05:31:01+02:00,1.0,1,Kongsberg,VYG:Line:R12,Kongsberg-Oslo S-Eidsvoll,R12,rail,VYG:ServiceJourney:503_444294-R,True,actual,False,,,,,2026-09-07T08:42:24.659182+02:00
NSR:StopPlace:58844,Eidsvoll stasjon,2026-09-07T07:31:00+02:00,2026-09-07T07:31:01+02:00,2026-09-07T07:31:01+02:00,1.0,1,Kongsberg,VYG:Line:R12,Kongsberg-Oslo S-Eidsvoll,R12,rail,VYG:ServiceJourney:507_444300-R,True,actual,False,,,,,2026-09-07T08:42:24.659182+02:00
NSR:StopPlace:206,Mariero stasjon,2026-09-07T08:29:00+02:00,2026-09-07T08:29:01+02:00,2026-09-07T08:29:01+02:00,1.0,1,Nærbø,GOA:Line:59,Jærbanen,L5,rail,GOA:ServiceJourney:3018_63050-R,True,actual,False,,,,,2026-09-07T08:42:24.659182+02:00
NSR:StopPlace:61979,Hellvik stasjon,2026-09-07T07:59:00+02:00,2026-09-07T07:59:01+02:00,2026-09-07T07:59:01+02:00,1.0,1,Egersund,GOA:Line:59,Jærbanen,L5,rail,GOA:ServiceJourney:3012_63044-R,True,actual,False,,,,,2026-09-07T08:42:24.659182+02:00
NSR:StopPlace:59639,Sonsveien stasjon,2026-09-08T00:51:30+02:00,2026-09-08T00:51:19+02:00,2026-09-08T00:51:19+02:00,0.0,0,Halden,VYG:Line:RE20,Oslo S-Halden-Göteborg (X-Border),RE20,rail,VYG:ServiceJourney:139_443138-R,True,actual,False,,,,,2026-09-08T03:39:50.209703+02:00
NSR:StopPlace:58799,Rygge stasjon,2026-09-08T01:11:30+02:00,2026-09-08T01:10:56+02:00,2026-09-08T01:10:56+02:00,0.0,0,Halden,VYG:Line:RE20,Oslo S-Halden-Göteborg (X-Border),RE20,rail,VYG:ServiceJourney:139_443138-R,True,actual,False,,,,,2026-09-08T03:39:50.209703+02:00
NSR:StopPlace:58795,Kambo stasjon,2026-09-08T00:55:30+02:00,2026-09-08T00:55:19+02:00,2026-09-08T00:55:19+02:00,0.0,0,Halden,VYG:Line:RE20,Oslo S-Halden-Göteborg (X-Border),RE20,rail,VYG:ServiceJourney:139_443138-R,True,actual,False,,,,,2026-09-08T03:39:50.209703+02:00
NSR:StopPlace:58847,Frogner stasjon,2026-09-08T01:04:30+02:00,2026-09-08T01:04:16+02:00,2026-09-08T01:04:16+02:00,0.0,0,Eidsvoll,VYG:Line:R13,Drammen-Oslo S-Dal,R13,rail,VYG:ServiceJourney:1679_443385-R,True,actual,False,,,,,2026-09-08T03:39:50.209703+02:00
NSR:StopPlace:58855,Leirsund stasjon,2026-09-08T01:00:30+02:00,2026-09-08T01:00:19+02:00,2026-09-08T01:00:19+02:00,0.0,0,Eidsvoll,VYG:Line:R13,Drammen-Oslo S-Dal,R13,rail,VYG:ServiceJourney:1679_443385-R,True,actual,False,,,,,2026-09-08T03:39:50.209703+02:00
NSR:StopPlace:58892,Audnedal stasjon,2026-09-08T00:49:00+02:00,2026-09-08T00:48:57+02:00,2026-09-08T00:48:57+02:00,0.0,0,Oslo S,GOA:Line:50,Sørtoget region,F5,rail,GOA:ServiceJourney:726-KVB_63257-R,True,actual,False,,,,,2026-09-08T03:39:50.209703+02:00
NSR:StopPlace:708,Stange stasjon,2026-09-08T01:28:30+02:00,2026-09-08T01:28:19+02:00,2026-09-08T01:28:19+02:00,0.0,0,Eidsvoll,VYG:Line:RE11,Eidsvoll-Oslo S-Skien,RE11,rail,VYG:ServiceJourney:838-341_515579-R,True,actual,False,,,,,2026-09-08T03:39:50.209703+02:00
NSR:StopPlace:8,Paradis stasjon,2026-09-07T22:26:00+02:00,2026-09-07T22:25:57+02:00,2026-09-07T22:25:57+02:00,0.0,0,Nærbø,GOA:Line:59,Jærbanen,L5,rail,GOA:ServiceJourney:3074_63137-R,True,actual,False,,,,,2026-09-08T00:20:52.129880+02:00
NSR:StopPlace:8,Paradis stasjon,2026-09-07T22:58:00+02:00,2026-09-07T22:57:56+02:00,2026-09-07T22:57:56+02:00,0.0,0,Egersund,GOA:Line:59,Jærbanen,L5,rail,GOA:ServiceJourney:3076_63139-R,True,actual,False,,,,,2026-09-08T00:20:52.129880+02:00
NSR:StopPlace:61169,Marienborg stasjon,2026-09-07T23:08:00+02:00,2026-09-07T23:07:30+02:00,2026-09-07T23:07:30+02:00,0.0,0,Pirbadet via St. Olavs hospital,ATB:Line:2_23,Brattøra - St. Olavs - Hallset - Flatåsen - Sandmoen,23,bus,ATB:ServiceJourney:23_251215112545601_133,True,actual,False,,,,,2026-09-08T00:20:52.129880+02:00
NSR:StopPlace:61336,Trollhättan Centralstation,2026-09-07T20:44:00+02:00,2026-09-07T20:44:00+02:00,2026-09-07T20:44:00+02:00,0.0,0,Oslo S,VYG:Line:RE20,Oslo S-Halden-Göteborg (X-Border),RE20,rail,VYG:ServiceJourney:398-138_466030-R,True,actual,False,,,,,2026-09-08T00:20:52.129880+02:00
NSR:StopPlace:61334,Ogna stasjon,2026-09-07T22:36:00+02:00,2026-09-07T22:35:53+02:00,2026-09-07T22:35:53+02:00,0.0,0,Stavanger,GOA:Line:59,Jærbanen,L5,rail,GOA:ServiceJourney:3073_63135-R,True,actual,False,,,,,2026-09-08T00:20:52.129880+02:00
NSR:StopPlace:61872,Nærbø stasjon,2026-09-07T23:19:00+02:00,2026-09-07T23:18:58+02:00,2026-09-07T23:18:58+02:00,0.0,0,Stavanger,GOA:Line:59,Jærbanen,L5,rail,GOA:ServiceJourney:3075_63138-R,True,actual,False,,,,,2026-09-08T00:20:52.129880+02:00
NSR:StopPlace:61897,Bryn stasjon,2026-09-07T23:15:00+02:00,2026-09-07T23:15:00+02:00,2026-09-07T23:15:00+02:00,0.0,0,Lillestrøm,VYG:Line:L1,Spikkestad-Oslo S-Lillestrøm,L1,rail,VYG:ServiceJourney:2274_443709-R,True,actual,False,,,,,2026-09-08T00:20:52.129880+02:00
NSR:StopPlace:59646,Høvik stasjon,2026-09-07T21:53:00+02:00,2026-09-07T21:52:54+02:00,2026-09-07T21:52:54+02:00,0.0,0,Lillestrøm,VYG:Line:L1,Spikkestad-Oslo S-Lillestrøm,L1,rail,VYG:ServiceJourney:2270_443703-R,True,actual,False,,,,,2026-09-08T00:20:52.129880+02:00
NSR:StopPlace:59646,Høvik stasjon,2026-09-07T22:07:00+02:00,2026-09-07T22:06:58+02:00,2026-09-07T22:06:58+02:00,0.0,0,Lillestrøm,VYG:Line:L1,Spikkestad-Oslo S-Lillestrøm,L1,rail,VYG:ServiceJourney:2170_443581-R,True,actual,False,,,,,2026-09-08T00:20:52.129880+02:00
NSR:StopPlace:59646,Høvik stasjon,2026-09-07T22:23:00+02:00,2026-09-07T22:23:00+02:00,2026-09-07T22:23:00+02:00,0.0,0,Lillestrøm,VYG:Line:L1,Spikkestad-Oslo S-Lillestrøm,L1,rail,VYG:ServiceJourney:2272_465117-R,True,actual,False,,,,,2026-09-08T00:20:52.129880+02:00
NSR:StopPlace:59646,Høvik stasjon,2026-09-07T22:37:00+02:00,2026-09-07T22:36:56+02:00,2026-09-07T22:36:56+02:00,0.0,0,Lillestrøm,VYG:Line:L1,Spikkestad-Oslo S-Lillestrøm,L1,rail,VYG:ServiceJourney:2172_443583-R,True,actual,False,,,,,2026-09-08T00:20:52.129880+02:00
NSR:StopPlace:59646,Høvik stasjon,2026-09-07T23:23:00+02:00,2026-09-07T23:22:55+02:00,2026-09-07T23:22:55+02:00,0.0,0,Lillestrøm,VYG:Line:L1,Spikkestad-Oslo S-Lillestrøm,L1,rail,VYG:ServiceJourney:2276_445376-R,True,actual,False,,,,,2026-09-08T00:20:52.129880+02:00
NSR:StopPlace:59646,Høvik stasjon,2026-09-07T23:53:00+02:00,2026-09-07T23:52:54+02:00,2026-09-07T23:52:54+02:00,0.0,0,Lillestrøm,VYG:Line:L1,Spikkestad-Oslo S-Lillestrøm,L1,rail,VYG:ServiceJourney:2278_445378-R,True,actual,False,,,,,2026-09-08T00:20:52.129880+02:00
NSR:StopPlace:59648,Kjelsås stasjon,2026-09-07T23:41:00+02:00,2026-09-07T23:40:55+02:00,2026-09-07T23:40:55+02:00,0.0,0,Nydalen,VYG:Line:R31,Skøyen-Jaren-Gjøvik,R31,rail,VYG:ServiceJourney:BUS-236_655483-R,True,actual,False,,,,,2026-09-08T00:20:52.129880+02:00
NSR:StopPlace:59649,Nydalen stasjon,2026-09-07T22:03:00+02:00,2026-09-07T22:02:51+02:00,2026-09-07T22:02:51+02:00,0.0,0,Oslo lufthavn,NBU:Line:cb7b555c-f96e-42d5-84bf-a5e08c0145c2,Radiumhospitalet via Økern-Storo-Tåsen,FB3,bus,NBU:ServiceJourney:ea0920bb-8861-4232-9ec0-137632c2da9b,True,actual,False,,,,,2026-09-08T00:20:52.129880+02:00
NSR:StopPlace:59641,Fjellhamar stasjon,2026-09-08T00:17:30+02:00,2026-09-08T00:17:23+02:00,2026-09-08T00:17:23+02:00,0.0,0,Spikkestad,VYG:Line:L1,Spikkestad-Oslo S-Lillestrøm,L1,rail,VYG:ServiceJourney:2279_443715-R,True,actual,False,,,,,2026-09-08T00:20:52.129880+02:00
NSR:StopPlace:60042,Trengereid stasjon,2026-09-07T22:12:00+02:00,2026-09-07T22:11:54+02:00,2026-09-07T22:11:54+02:00,0.0,0,Bergen,VYG:Line:R40,Bergen-Voss-Myrdal-Ål,R40,rail,VYG:ServiceJourney:1837_443424-R,True,actual,False,,,,,2026-09-08T00:20:52.129880+02:00
NSR:StopPlace:60045,Hamar stasjon,2026-09-07T22:11:00+02:00,2026-09-07T22:11:00+02:00,2026-09-07T22:11:00+02:00,0.0,0,Drammen,VYG:Line:RE10,Drammen-Oslo S-Lillehammer,RE10,rail,VYG:ServiceJourney:336-LHM_444259-R,True,actual,False,,,,,2026-09-08T00:20:52.129880+02:00
NSR:StopPlace:59244,Egersund stasjon,2026-09-07T22:22:00+02:00,2026-09-07T22:21:54+02:00,2026-09-07T22:21:54+02:00,0.0,0,Stavanger,GOA:Line:59,Jærbanen,L5,rail,GOA:ServiceJourney:3073_63135-R,True,actual,False,,,,,2026-09-08T00:20:52.129880+02:00
NSR:StopPlace:59261,Trondheim lufthavn,2026-09-07T22:53:00+02:00,2026-09-07T22:52:56+02:00,2026-09-07T22:52:56+02:00,0.0,0,Steinkjer,SJN:Line:26,Trønderbanen,R70,rail,SJN:ServiceJourney:455_56084-R,True,actual,False,,,,,2026-09-08T00:20:52.129880+02:00
NSR:StopPlace:59261,Trondheim lufthavn,2026-09-07T23:53:00+02:00,2026-09-07T23:52:38+02:00,2026-09-07T23:52:38+02:00,0.0,0,Steinkjer,SJN:Line:26,Trønderbanen,R70,rail,SJN:ServiceJourney:457-SOeB_56085-R,True,actual,False,,,,,2026-09-08T00:20:52.129880+02:00
NSR:StopPlace:58950,Åsen stasjon,2026-09-07T23:22:00+02:00,2026-09-07T23:22:00+02:00,2026-09-07T23:22:00+02:00,0.0,0,Steinkjer,SJN:Line:26,Trønderbanen,R70,rail,SJN:ServiceJourney:455_56084-R,True,actual,False,,,,,2026-09-08T00:20:52.129880+02:00
NSR:StopPlace:58925,Gausel stasjon,2026-09-07T22:10:00+02:00,2026-09-07T22:09:59+02:00,2026-09-07T22:09:59+02:00,0.0,0,Sandnes,KOL:Line:8_1001,1,1,bus,KOL:ServiceJourney:1001_251008118353201_1115,True,actual,False,,,,,2026-09-08T00:20:52.129880+02:00
NSR:StopPlace:58930,Larvik stasjon,2026-09-07T22:10:00+02:00,2026-09-07T22:09:43+02:00,2026-09-07T22:09:43+02:00,0.0,0,Stavern-Kysthospitalet,VKT:Line:4,Torp-Sandefjord-Larvik-Stavern,4,bus,VKT:ServiceJourney:17636,True,actual,False,,,,,2026-09-08T00:20:52.129880+02:00
NSR:StopPlace:58930,Larvik stasjon,2026-09-07T22:59:00+02:00,2026-09-07T22:58:13+02:00,2026-09-07T22:58:13+02:00,0.0,0,Veldre,VKT:Line:3,Busk-Sandefjord-Larvik-Veldre,3,bus,VKT:ServiceJourney:17498,True,actual,False,,,,,2026-09-08T00:20:52.129880+02:00
NSR:StopPlace:58936,Skatval stasjon,2026-09-07T23:06:00+02:00,2026-09-07T23:05:58+02:00,2026-09-07T23:05:58+02:00,0.0,0,Steinkjer,SJN:Line:26,Trønderbanen,R70,rail,SJN:ServiceJourney:455_56084-R,True,actual,False,,,,,2026-09-08T00:20:52.129880+02:00
NSR:StopPlace:58936,Skatval stasjon,2026-09-08T00:02:00+02:00,2026-09-08T00:01:55+02:00,2026-09-08T00:01:55+02:00,0.0,0,Steinkjer,SJN:Line:26,Trønderbanen,R70,rail,SJN:ServiceJourney:457-SOeB_56085-R,True,actual,False,,,,,2026-09-08T00:20:52.129880+02:00
NSR:StopPlace:58799,Rygge stasjon,2026-09-07T21:55:00+02:00,2026-09-07T21:54:45+02:00,2026-09-07T21:54:45+02:00,0.0,0,Halden,VYG:Line:RE20,Oslo S-Halden-Göteborg (X-Border),RE20,rail,VYG:ServiceJourney:133_443134-R,True,actual,False,,,,,2026-09-08T00:20:52.129880+02:00
NSR:StopPlace:58836,Mjøndalen stasjon,2026-09-07T22:49:00+02:00,2026-09-07T22:47:18+02:00,2026-09-07T22:47:18+02:00,0.0,0,Hokksund,BRA:Line:4_6101,Drammen-Vikersund/Hønefoss,101,bus,BRA:ServiceJourney:6101_260415100161224_1063,True,actual,False,,,,,2026-09-08T00:20:52.129880+02:00
NSR:StopPlace:58844,Eidsvoll stasjon,2026-09-07T20:31:00+02:00,2026-09-07T20:30:55+02:00,2026-09-07T20:30:55+02:00,0.0,0,Kongsberg,VYG:Line:R12,Kongsberg-Oslo S-Eidsvoll,R12,rail,VYG:ServiceJourney:533_444342-R,True,actual,False,,,,,2026-09-08T00:20:52.129880+02:00
NSR:StopPlace:58844,Eidsvoll stasjon,2026-09-07T21:01:00+02:00,2026-09-07T21:01:00+02:00,2026-09-07T21:01:00+02:00,0.0,0,Skien,VYG:Line:RE11,Eidsvoll-Oslo S-Skien,RE11,rail,VYG:ServiceJourney:835_444415-R,True,actual,False,,,,,2026-09-08T00:20:52.129880+02:00
NSR:StopPlace:58844,Eidsvoll stasjon,2026-09-07T21:31:00+02:00,2026-09-07T21:30:56+02:00,2026-09-07T21:30:56+02:00,0.0,0,Kongsberg,VYG:Line:R12,Kongsberg-Oslo S-Eidsvoll,R12,rail,VYG:ServiceJourney:535_444345-R,True,actual,False,,,,,2026-09-08T00:20:52.129880+02:00
NSR:StopPlace:58844,Eidsvoll stasjon,2026-09-07T22:31:00+02:00,2026-09-07T22:30:53+02:00,2026-09-07T22:30:53+02:00,0.0,0,Kongsberg,VYG:Line:R12,Kongsberg-Oslo S-Eidsvoll,R12,rail,VYG:ServiceJourney:537_444347-R,True,actual,False,,,,,2026-09-08T00:20:52.129880+02:00
NSR:StopPlace:58844,Eidsvoll stasjon,2026-09-07T22:53:00+02:00,2026-09-07T22:52:54+02:00,2026-09-07T22:52:54+02:00,0.0,0,Drammen,VYG:Line:RE10,Drammen-Oslo S-Lillehammer,RE10,rail,VYG:ServiceJourney:336-LHM_444259-R,True,actual,False,,,,,2026-09-08T00:20:52.129880+02:00
NSR:StopPlace:58844,Eidsvoll stasjon,2026-09-07T23:01:00+02:00,2026-09-07T23:00:54+02:00,2026-09-07T23:00:54+02:00,0.0,0,Skien,VYG:Line:RE11,Eidsvoll-Oslo S-Skien,RE11,rail,VYG:ServiceJourney:839_541229-R,True,actual,False,,,,,2026-09-08T00:20:52.129880+02:00
NSR:StopPlace:58852,Høn stasjon,2026-09-07T23:29:00+02:00,2026-09-07T23:28:57+02:00,2026-09-07T23:28:57+02:00,0.0,0,Asker,VYG:Line:L1,Spikkestad-Oslo S-Lillestrøm,L1,rail,VYG:ServiceJourney:2171_443582-R,True,actual,False,,,,,2026-09-08T00:20:52.129880+02:00
NSR:StopPlace:58868,Årnes stasjon,2026-09-07T22:08:00+02:00,2026-09-07T22:07:42+02:00,2026-09-07T22:07:42+02:00,0.0,0,Asker,VYG:Line:R14,Asker-Oslo S-Kongsvinger,R14,rail,VYG:ServiceJourney:1036_442948-R,True,actual,False,,,,,2026-09-08T00:20:52.129880+02:00
NSR:StopPlace:58874,Stokke stasjon,2026-09-07T22:37:00+02:00,2026-09-07T22:36:37+02:00,2026-09-07T22:36:37+02:00,0.0,0,Sørby,VKT:Line:520,Tønsberg-Stokke,520,bus,VKT:ServiceJourney:17255,True,actual,False,,,,,2026-09-08T00:20:52.129880+02:00
NSR:StopPlace:58874,Stokke stasjon,2026-09-07T23:37:00+02:00,2026-09-07T23:34:21+02:00,2026-09-07T23:34:21+02:00,0.0,0,Sørby,VKT:Line:520,Tønsberg-Stokke,520,bus,VKT:ServiceJourney:17256,True,actual,False,,,,,2026-09-08T00:20:52.129880+02:00
NSR:StopPlace:58876,Tønsberg stasjon,2026-09-07T23:23:00+02:00,2026-09-07T23:20:12+02:00,2026-09-07T23:20:12+02:00,0.0,0,Tønsberg,VKT:Line:520,Tønsberg-Stokke,520,bus,VKT:ServiceJourney:17328,True,actual,False,,,,,2026-09-08T00:20:52.129880+02:00
NSR:StopPlace:58870,Holmestrand stasjon,2026-09-07T23:10:00+02:00,2026-09-07T23:09:49+02:00,2026-09-07T23:09:49+02:00,0.0,0,Hvitstein-Gullhaug,VKT:Line:31,Gullhaug-Kleiverud-Holmestrand,31,bus,VKT:ServiceJourney:96943,True,actual,False,,,,,2026-09-08T00:20:52.129880+02:00
NSR:StopPlace:58807,Hanestad stasjon,2026-09-07T22:11:00+02:00,2026-09-07T22:10:23+02:00,2026-09-07T22:10:23+02:00,0.0,0,Røros,SJN:Line:25,Rørosbanen,R60,rail,SJN:ServiceJourney:2393_37671-R,True,actual,False,,,,,2026-09-08T00:20:52.129880+02:00
NSR:StopPlace:58808,Kongsvinger stasjon,2026-09-07T21:39:00+02:00,2026-09-07T21:39:00+02:00,2026-09-07T21:39:00+02:00,0.0,0,Asker,VYG:Line:R14,Asker-Oslo S-Kongsvinger,R14,rail,VYG:ServiceJourney:1036_442948-R,True,actual,False,,,,,2026-09-08T00:20:52.129880+02:00
NSR:StopPlace:58810,Løten stasjon,2026-09-07T22:51:00+02:00,2026-09-07T22:49:56+02:00,2026-09-07T22:49:56+02:00,0.0,0,Løten,INN:Line:26,Brumunddal - Hamar - Løten,B26,bus,INN:ServiceJourney:54005,True,actual,False,,,,,2026-09-08T00:20:52.129880+02:00
NSR:StopPlace:101,Sagdalen stasjon,2026-09-08T00:13:30+02:00,2026-09-08T00:13:13+02:00,2026-09-08T00:13:13+02:00,0.0,0,Spikkestad,VYG:Line:L1,Spikkestad-Oslo S-Lillestrøm,L1,rail,VYG:ServiceJourney:2279_443715-R,True,actual,False,,,,,2026-09-08T00:20:52.129880+02:00
NSR:StopPlace:398,Arna stasjon,2026-09-07T21:44:00+02:00,2026-09-07T21:44:00+02:00,2026-09-07T21:44:00+02:00,0.0,0,Voss,VYG:Line:R40,Bergen-Voss-Myrdal-Ål,R40,rail,VYG:ServiceJourney:1834_443421-R,True,actual,False,,,,,2026-09-08T00:20:52.129880+02:00
NSR:StopPlace:362,Jåttåvågen stasjon,2026-09-07T23:05:00+02:00,2026-09-07T23:04:57+02:00,2026-09-07T23:04:57+02:00,0.0,0,Egersund,GOA:Line:59,Jærbanen,L5,rail,GOA:ServiceJourney:3076_63139-R,True,actual,False,,,,,2026-09-08T00:20:52.129880+02:00
NSR:StopPlace:364,Vaksdal stasjon,2026-09-07T22:03:00+02:00,2026-09-07T22:02:53+02:00,2026-09-07T22:02:53+02:00,0.0,0,Voss,VYG:Line:R40,Bergen-Voss-Myrdal-Ål,R40,rail,VYG:ServiceJourney:1834_443421-R,True,actual,False,,,,,2026-09-08T00:20:52.129880+02:00
NSR:StopPlace:364,Vaksdal stasjon,2026-09-07T22:03:00+02:00,2026-09-07T22:03:00+02:00,2026-09-07T22:03:00+02:00,0.0,0,Bergen,VYG:Line:R40,Bergen-Voss-Myrdal-Ål,R40,rail,VYG:ServiceJourney:1837_443424-R,True,actual,False,,,,,2026-09-08T00:20:52.129880+02:00
NSR:StopPlace:702,Sandnes sentrum stasjon,2026-09-07T23:13:00+02:00,2026-09-07T23:12:55+02:00,2026-09-07T23:12:55+02:00,0.0,0,Egersund,GOA:Line:59,Jærbanen,L5,rail,GOA:ServiceJourney:3076_63139-R,True,actual,False,,,,,2026-09-08T00:20:52.129880+02:00
NSR:StopPlace:62309,Ljan stasjon,2026-09-07T23:50:00+02:00,2026-09-07T23:49:56+02:00,2026-09-07T23:49:56+02:00,0.0,0,Oslo S,VYG:Line:L2,Stabekk-Oslo S-Ski,L2,rail,VYG:ServiceJourney:2878_444121-R,True,actual,False,,,,,2026-09-08T00:20:52.129880+02:00
NSR:StopPlace:62310,Brusand stasjon,2026-09-07T22:40:00+02:00,2026-09-07T22:39:49+02:00,2026-09-07T22:39:49+02:00,0.0,0,Stavanger,GOA:Line:59,Jærbanen,L5,rail,GOA:ServiceJourney:3073_63135-R,True,actual,False,,,,,2026-09-08T00:20:52.129880+02:00
NSR:StopPlace:62295,Stanghelle stasjon,2026-09-07T22:11:00+02:00,2026-09-07T22:10:59+02:00,2026-09-07T22:10:59+02:00,0.0,0,Voss,VYG:Line:R40,Bergen-Voss-Myrdal-Ål,R40,rail,VYG:ServiceJourney:1834_443421-R,True,actual,False,,,,,2026-09-08T00:20:52.129880+02:00
NSR:StopPlace:61295,Haugastøl stasjon,2026-09-07T19:48:00+02:00,2026-09-07T19:47:48+02:00,2026-09-07T19:47:48+02:00,0.0,0,Oslo S,VYG:Line:F4,Oslo S-Bergen,F4,rail,VYG:ServiceJourney:66-BRG_513626-R,True,actual,False,,,,,2026-09-07T20:27:16.249662+02:00
NSR:StopPlace:8,Paradis stasjon,2026-09-07T17:56:00+02:00,2026-09-07T17:55:58+02:00,2026-09-07T17:55:58+02:00,0.0,0,Egersund,GOA:Line:59,Jærbanen,L5,rail,GOA:ServiceJourney:3056_63108-R,True,actual,False,,,,,2026-09-07T20:27:16.249662+02:00
NSR:StopPlace:8,Paradis stasjon,2026-09-07T18:42:00+02:00,2026-09-07T18:41:50+02:00,2026-09-07T18:41:50+02:00,0.0,0,Stavanger,GOA:Line:59,Jærbanen,L5,rail,GOA:ServiceJourney:3155_63200-R,True,actual,False,,,,,2026-09-07T20:27:16.249662+02:00
NSR:StopPlace:8,Paradis stasjon,2026-09-07T18:56:00+02:00,2026-09-07T18:55:59+02:00,2026-09-07T18:55:59+02:00,0.0,0,Egersund,GOA:Line:59,Jærbanen,L5,rail,GOA:ServiceJourney:3060_63114-R,True,actual,False,,,,,2026-09-07T20:27:16.249662+02:00
NSR:StopPlace:8,Paradis stasjon,2026-09-07T18:58:00+02:00,2026-09-07T18:57:57+02:00,2026-09-07T18:57:57+02:00,0.0,0,Stavanger,GOA:Line:59,Jærbanen,L5,rail,GOA:ServiceJourney:3055_63106-R,True,actual,False,,,,,2026-09-07T20:27:16.249662+02:00
NSR:StopPlace:8,Paradis stasjon,2026-09-07T19:26:00+02:00,2026-09-07T19:25:56+02:00,2026-09-07T19:25:56+02:00,0.0,0,Nærbø,GOA:Line:59,Jærbanen,L5,rail,GOA:ServiceJourney:3062_63118-R,True,actual,False,,,,,2026-09-07T20:27:16.249662+02:00
NSR:StopPlace:8,Paradis stasjon,2026-09-07T19:58:00+02:00,2026-09-07T19:57:59+02:00,2026-09-07T19:57:59+02:00,0.0,0,Stavanger,GOA:Line:59,Jærbanen,L5,rail,GOA:ServiceJourney:3059_63113-R,True,actual,False,,,,,2026-09-07T20:27:16.249662+02:00
NSR:StopPlace:8,Paradis stasjon,2026-09-07T20:26:00+02:00,2026-09-07T20:26:00+02:00,2026-09-07T20:26:00+02:00,0.0,0,Nærbø,GOA:Line:59,Jærbanen,L5,rail,GOA:ServiceJourney:3066_63125-R,True,actual,False,,,,,2026-09-07T20:27:16.249662+02:00
NSR:StopPlace:61169,Marienborg stasjon,2026-09-07T17:50:00+02:00,2026-09-07T17:49:40+02:00,2026-09-07T17:49:40+02:00,0.0,0,Østmarka via Lerkendal-Strindh.,ATB:Line:2_13,Østmarka - Strindheim - Lerkendal - Havstad,13,bus,ATB:ServiceJourney:13_251215112552659_117,True,actual,False,,,,,2026-09-07T20:27:16.249662+02:00
NSR:StopPlace:61169,Marienborg stasjon,2026-09-07T17:50:00+02:00,2026-09-07T17:49:56+02:00,2026-09-07T17:49:56+02:00,0.0,0,Pirbadet via St. Olavs hospital,ATB:Line:2_23,Brattøra - St. Olavs - Hallset - Flatåsen - Sandmoen,23,bus,ATB:ServiceJourney:23_251215112545524_101,True,actual,False,,,,,2026-09-07T20:27:16.249662+02:00
NSR:StopPlace:61334,Ogna stasjon,2026-09-07T17:37:00+02:00,2026-09-07T17:36:52+02:00,2026-09-07T17:36:52+02:00,0.0,0,Stavanger,GOA:Line:59,Jærbanen,L5,rail,GOA:ServiceJourney:3053_63102-R,True,actual,False,,,,,2026-09-07T20:27:16.249662+02:00
NSR:StopPlace:59646,Høvik stasjon,2026-09-07T17:23:00+02:00,2026-09-07T17:22:55+02:00,2026-09-07T17:22:55+02:00,0.0,0,Lillestrøm,VYG:Line:L1,Spikkestad-Oslo S-Lillestrøm,L1,rail,VYG:ServiceJourney:2252_445350-R,True,actual,False,,,,,2026-09-07T20:27:16.249662+02:00
NSR:StopPlace:59646,Høvik stasjon,2026-09-07T18:07:00+02:00,2026-09-07T18:07:00+02:00,2026-09-07T18:07:00+02:00,0.0,0,Lillestrøm,VYG:Line:L1,Spikkestad-Oslo S-Lillestrøm,L1,rail,VYG:ServiceJourney:2154_443563-R,True,actual,False,,,,,2026-09-07T20:27:16.249662+02:00
NSR:StopPlace:59646,Høvik stasjon,2026-09-07T19:07:00+02:00,2026-09-07T19:07:00+02:00,2026-09-07T19:07:00+02:00,0.0,0,Lillestrøm,VYG:Line:L1,Spikkestad-Oslo S-Lillestrøm,L1,rail,VYG:ServiceJourney:2158_443567-R,True,actual,False,,,,,2026-09-07T20:27:16.249662+02:00
NSR:StopPlace:59646,Høvik stasjon,2026-09-07T19:53:00+02:00,2026-09-07T19:52:59+02:00,2026-09-07T19:52:59+02:00,0.0,0,Lillestrøm,VYG:Line:L1,Spikkestad-Oslo S-Lillestrøm,L1,rail,VYG:ServiceJourney:2262_443690-R,True,actual,False,,,,,2026-09-07T20:27:16.249662+02:00
NSR:StopPlace:59648,Kjelsås stasjon,2026-09-07T17:50:00+02:00,2026-09-07T17:46:35+02:00,2026-09-07T17:46:35+02:00,0.0,0,Nydalen,VYG:Line:R31,Skøyen-Jaren-Gjøvik,R31,rail,VYG:ServiceJourney:BUS-290_655650-R,True,actual,False,,,,,2026-09-07T20:27:16.249662+02:00
NSR:StopPlace:59649,Nydalen stasjon,2026-09-07T17:34:00+02:00,2026-09-07T17:33:54+02:00,2026-09-07T17:33:54+02:00,0.0,0,Oslo lufthavn,NBU:Line:cb7b555c-f96e-42d5-84bf-a5e08c0145c2,Radiumhospitalet via Økern-Storo-Tåsen,FB3,bus,NBU:ServiceJourney:af1cd8e6-5ad9-43d1-bc6c-c01721ad88bd,True,actual,False,,,,,2026-09-07T20:27:16.249662+02:00
NSR:StopPlace:59641,Fjellhamar stasjon,2026-09-07T17:17:00+02:00,2026-09-07T17:16:58+02:00,2026-09-07T17:16:58+02:00,0.0,0,Spikkestad,VYG:Line:L1,Spikkestad-Oslo S-Lillestrøm,L1,rail,VYG:ServiceJourney:2251_443671-R,True,actual,False,,,,,2026-09-07T20:27:16.249662+02:00
NSR:StopPlace:59641,Fjellhamar stasjon,2026-09-07T19:47:00+02:00,2026-09-07T19:46:55+02:00,2026-09-07T19:46:55+02:00,0.0,0,Spikkestad,VYG:Line:L1,Spikkestad-Oslo S-Lillestrøm,L1,rail,VYG:ServiceJourney:2261_443688-R,True,actual,False,,,,,2026-09-07T20:27:16.249662+02:00
NSR:StopPlace:59642,Rånåsfoss stasjon,2026-09-07T17:48:00+02:00,2026-09-07T17:48:00+02:00,2026-09-07T17:48:00+02:00,0.0,0,Årnes,RUT:Line:455,Årnes -Rånåsfoss,455,bus,RUT:ServiceJourney:87dc1f953a306c75fc30e6eb8922605c,True,actual,False,,,,,2026-09-07T20:27:16.249662+02:00
NSR:StopPlace:59643,Grefsen stasjon,2026-09-07T17:31:00+02:00,2026-09-07T17:30:50+02:00,2026-09-07T17:30:50+02:00,0.0,0,Simensbråten,RUT:Line:23,Lysaker - Simensbråten,23,bus,RUT:ServiceJourney:fb80d4fc63f45f4d90f80b345145331a,True,actual,False,,,,,2026-09-07T20:27:16.249662+02:00
NSR:StopPlace:59643,Grefsen stasjon,2026-09-07T17:41:00+02:00,2026-09-07T17:41:00+02:00,2026-09-07T17:41:00+02:00,0.0,0,Simensbråten,RUT:Line:23,Lysaker - Simensbråten,23,bus,RUT:ServiceJourney:7ce925decc163df95da0e029ee9ac529,True,actual,False,,,,,2026-09-07T20:27:16.249662+02:00
NSR:StopPlace:59958,Voss stasjon,2026-09-07T16:56:00+02:00,2026-09-07T16:55:51+02:00,2026-09-07T16:55:51+02:00,0.0,0,Oslo S,VYG:Line:F4,Oslo S-Bergen,F4,rail,VYG:ServiceJourney:64-BRG_444368-R,True,actual,False,,,,,2026-09-07T20:27:16.249662+02:00
NSR:StopPlace:59958,Voss stasjon,2026-09-07T18:06:00+02:00,2026-09-07T18:05:45+02:00,2026-09-07T18:05:45+02:00,0.0,0,Oslo S,VYG:Line:F4,Oslo S-Bergen,F4,rail,VYG:ServiceJourney:66-BRG_513626-R,True,actual,False,,,,,2026-09-07T20:27:16.249662+02:00
NSR:StopPlace:59977,Trondheim S,2026-09-07T16:28:00+02:00,2026-09-07T16:27:49+02:00,2026-09-07T16:27:49+02:00,0.0,0,Storlien,SJN:Line:72,Meråkerbanen,R71,rail,SJN:ServiceJourney:1307_56270-R,True,actual,False,,,,,2026-09-07T20:27:16.249662+02:00
NSR:StopPlace:60131,Ed station,2026-09-07T19:28:00+02:00,2026-09-07T19:28:00+02:00,2026-09-07T19:28:00+02:00,0.0,0,Oslo S,VYG:Line:RE20,Oslo S-Halden-Göteborg (X-Border),RE20,rail,VYG:ServiceJourney:394-134_463487-R,True,actual,False,,,,,2026-09-07T20:27:16.249662+02:00
NSR:StopPlace:60049,Hønefoss stasjon,2026-09-07T19:48:00+02:00,2026-09-07T19:47:59+02:00,2026-09-07T19:47:59+02:00,0.0,0,Oslo S,VYG:Line:F4,Oslo S-Bergen,F4,rail,VYG:ServiceJourney:90608_661661-R,True,actual,False,,,,,2026-09-07T20:27:16.249662+02:00
NSR:StopPlace:60042,Trengereid stasjon,2026-09-07T18:00:00+02:00,2026-09-07T17:59:57+02:00,2026-09-07T17:59:57+02:00,0.0,0,Bergen,VYG:Line:R40,Bergen-Voss-Myrdal-Ål,R40,rail,VYG:ServiceJourney:1829_445142-R,True,actual,False,Forsinket,Toget kjørte 3 minutter forsinket fra Myrdal. Dette skyldes at andre tog på strekningen er forsinket.,incident,normal,2026-09-07T20:27:16.249662+02:00
NSR:StopPlace:60047,Melhus skysstasjon,2026-09-07T18:13:00+02:00,2026-09-07T18:12:17+02:00,2026-09-07T18:12:17+02:00,0.0,0,Brekkåsen,ATB:Line:2_82,Hesttrøa-Brekkåsen,82,bus,ATB:ServiceJourney:82_251215112550770_105,True,actual,False,Linje 82 og 504,Avvikende kjøring for linje 82 og 504 pga Hølondvegen er stengt. ,general,normal,2026-09-07T20:27:16.249662+02:00
NSR:StopPlace:60045,Hamar stasjon,2026-09-07T18:13:00+02:00,2026-09-07T18:13:00+02:00,2026-09-07T18:13:00+02:00,0.0,0,Drammen,VYG:Line:RE10,Drammen-Oslo S-Lillehammer,RE10,rail,VYG:ServiceJourney:328-LHM_444225-R,True,actual,False,,,,,2026-09-07T20:27:16.249662+02:00
NSR:StopPlace:60053,Halden stasjon,2026-09-07T18:08:00+02:00,2026-09-07T18:05:07+02:00,2026-09-07T18:05:07+02:00,0.0,0,Halden sentrum,OST:Line:1_35,Næridsrød - Tistedal,35,bus,OST:ServiceJourney:35_260325121472359_26,True,actual,False,,,,,2026-09-07T20:27:16.249662+02:00
NSR:StopPlace:60053,Halden stasjon,2026-09-07T18:12:00+02:00,2026-09-07T18:11:10+02:00,2026-09-07T18:11:10+02:00,0.0,0,Halden,OST:Line:1_633,Moss-Sarpsborg-Halden,633,bus,OST:ServiceJourney:633_260325121471441_120,True,actual,False,,,,,2026-09-07T20:27:16.249662+02:00
NSR:StopPlace:60077,Støren stasjon,2026-09-07T17:55:00+02:00,2026-09-07T17:52:28+02:00,2026-09-07T17:52:28+02:00,0.0,0,Støren Rådhus,ATB:Line:2_340,Trondheim - Støren,340,bus,ATB:ServiceJourney:340_260106098639860_46,True,actual,False,,,,,2026-09-07T20:27:16.249662+02:00
NSR:StopPlace:59243,Mo i Rana stasjon,2026-09-07T18:42:00+02:00,2026-09-07T18:41:50+02:00,2026-09-07T18:41:50+02:00,0.0,0,Kvernkroken,NOR:Line:12_8372,Kvernkroken - Sykehuset Mo,2,bus,NOR:ServiceJourney:8372_251012124855373_2024,True,actual,False,,,,,2026-09-07T20:27:16.249662+02:00
NSR:StopPlace:59243,Mo i Rana stasjon,2026-09-07T19:38:00+02:00,2026-09-07T19:37:37+02:00,2026-09-07T19:37:37+02:00,0.0,0,Grubbåsen,NOR:Line:12_8371,Grubbåsen - Båsmobakken/Skillevollen,1,bus,NOR:ServiceJourney:8371_251012124858549_2036,True,actual,False,,,,,2026-09-07T20:27:16.249662+02:00
NSR:StopPlace:59243,Mo i Rana stasjon,2026-09-07T19:42:00+02:00,2026-09-07T19:41:52+02:00,2026-09-07T19:41:52+02:00,0.0,0,Kvernkroken,NOR:Line:12_8372,Kvernkroken - Sykehuset Mo,2,bus,NOR:ServiceJourney:8372_251012124855374_2025,True,actual,False,,,,,2026-09-07T20:27:16.249662+02:00
NSR:StopPlace:59244,Egersund stasjon,2026-09-07T18:08:00+02:00,2026-09-07T18:04:28+02:00,2026-09-07T18:04:28+02:00,0.0,0,Egersund,KOL:Line:8_2002,83,83,bus,KOL:ServiceJourney:2002_250903083245250_2008,True,actual,False,,,,,2026-09-07T20:27:16.249662+02:00
NSR:StopPlace:59244,Egersund stasjon,2026-09-07T18:44:00+02:00,2026-09-07T18:39:00+02:00,2026-09-07T18:39:00+02:00,0.0,0,Egersund,KOL:Line:8_2033,98,98,bus,KOL:ServiceJourney:2033_250903083241399_2005,True,actual,False,,,,,2026-09-07T20:27:16.249662+02:00
NSR:StopPlace:59261,Trondheim lufthavn,2026-09-07T16:36:00+02:00,2026-09-07T16:35:18+02:00,2026-09-07T16:35:18+02:00,0.0,0,Mo i Rana,SJN:Line:71,Nordlandsbanen,F7,rail,SJN:ServiceJourney:477_45453-R,True,actual,False,,,,,2026-09-07T20:27:16.249662+02:00
NSR:StopPlace:59261,Trondheim lufthavn,2026-09-07T16:53:00+02:00,2026-09-07T16:52:38+02:00,2026-09-07T16:52:38+02:00,0.0,0,Steinkjer,SJN:Line:26,Trønderbanen,R70,rail,SJN:ServiceJourney:443-SOeB_56072-R,True,actual,False,,,,,2026-09-07T20:27:16.249662+02:00
NSR:StopPlace:59261,Trondheim lufthavn,2026-09-07T18:04:00+02:00,2026-09-07T18:03:37+02:00,2026-09-07T18:03:37+02:00,0.0,0,Stjørdal stasjon,ATB:Line:2_70,Stjørdal/Hommelvik- Trondheim,70,bus,ATB:ServiceJourney:70_251215112546984_77,True,actual,False,,,,,2026-09-07T20:27:16.249662+02:00
NSR:StopPlace:59620,Grorud stasjon,2026-09-07T17:28:00+02:00,2026-09-07T17:27:03+02:00,2026-09-07T17:27:03+02:00,0.0,0,Oslo lufthavn,NBU:Line:cb7b555c-f96e-42d5-84bf-a5e08c0145c2,Radiumhospitalet via Økern-Storo-Tåsen,FB3,bus,NBU:ServiceJourney:153976b2-ce9a-42ec-a437-f0fa940ef171,True,actual,False,,,,,2026-09-07T20:27:16.249662+02:00
NSR:StopPlace:59635,Hauketo stasjon,2026-09-07T17:03:00+02:00,2026-09-07T17:02:58+02:00,2026-09-07T17:02:58+02:00,0.0,0,Grorud T,RUT:Line:79,Grorud T - Åsbråten,79,bus,RUT:ServiceJourney:f519963b2259d2266107d4cc2b5a6187,True,actual,False,,,,,2026-09-07T20:27:16.249662+02:00
NSR:StopPlace:59636,Holmlia stasjon,2026-09-07T16:55:00+02:00,2026-09-07T16:55:00+02:00,2026-09-07T16:55:00+02:00,0.0,0,Grorud T,RUT:Line:79,Grorud T - Åsbråten,79,bus,RUT:ServiceJourney:f519963b2259d2266107d4cc2b5a6187,True,actual,False,,,,,2026-09-07T20:27:16.249662+02:00
NSR:StopPlace:59638,Myrvoll stasjon,2026-09-07T17:25:00+02:00,2026-09-07T17:14:22+02:00,2026-09-07T17:14:22+02:00,0.0,0,Filipstad,RUT:Line:81,Fornebu - Myrvoll stasjon,81,bus,RUT:ServiceJourney:dac022f7a581b01483a2322f1db16000,True,actual,False,,,,,2026-09-07T20:27:16.249662+02:00
NSR:StopPlace:58415,Oteråga stasjon,2026-09-07T18:05:00+02:00,2026-09-07T18:05:00+02:00,2026-09-07T18:05:00+02:00,0.0,0,Mosjøen,SJN:Line:71,Nordlandsbanen,F7,rail,SJN:ServiceJourney:474_30411-R,True,actual,False,,,,,2026-09-07T20:27:16.249662+02:00
NSR:StopPlace:58415,Oteråga stasjon,2026-09-07T18:51:00+02:00,2026-09-07T18:51:00+02:00,2026-09-07T18:51:00+02:00,0.0,0,Bodø,SJN:Line:79,Saltenpendelen,R75,rail,SJN:ServiceJourney:1791_42901-R,True,actual,False,,,,,2026-09-07T20:27:16.249662+02:00
NSR:StopPlace:58415,Oteråga stasjon,2026-09-07T19:56:00+02:00,2026-09-07T19:56:00+02:00,2026-09-07T19:56:00+02:00,0.0,0,Rognan,SJN:Line:79,Saltenpendelen,R75,rail,SJN:ServiceJourney:1792_34511-R,True,actual,False,,,,,2026-09-07T20:27:16.249662+02:00
NSR:StopPlace:58952,Bodø stasjon,2026-09-07T17:46:00+02:00,2026-09-07T17:46:00+02:00,2026-09-07T17:46:00+02:00,0.0,0,Mosjøen,SJN:Line:71,Nordlandsbanen,F7,rail,SJN:ServiceJourney:474_30411-R,True,actual,False,,,,,2026-09-07T20:27:16.249662+02:00
NSR:StopPlace:58952,Bodø stasjon,2026-09-07T19:02:00+02:00,2026-09-07T19:01:40+02:00,2026-09-07T19:01:40+02:00,0.0,0,Tverlandet,NOR:Line:12_8004,Tverlandet - Bodø sentrum - Løpsmarka,4,bus,NOR:ServiceJourney:8004_251012124900582_1035,True,actual,False,,,,,2026-09-07T20:27:16.249662+02:00
NSR:StopPlace:58952,Bodø stasjon,2026-09-07T19:32:00+02:00,2026-09-07T19:31:38+02:00,2026-09-07T19:31:38+02:00,0.0,0,Tverlandet,NOR:Line:12_8004,Tverlandet - Bodø sentrum - Løpsmarka,4,bus,NOR:ServiceJourney:8004_251012124900583_1036,True,actual,False,,,,,2026-09-07T20:27:16.249662+02:00
NSR:StopPlace:58952,Bodø stasjon,2026-09-07T19:36:00+02:00,2026-09-07T19:36:00+02:00,2026-09-07T19:36:00+02:00,0.0,0,Rognan,SJN:Line:79,Saltenpendelen,R75,rail,SJN:ServiceJourney:1792_34511-R,True,actual,False,,,,,2026-09-07T20:27:16.249662+02:00
NSR:StopPlace:58954,Fauske stasjon,2026-09-07T18:28:00+02:00,2026-09-07T18:28:00+02:00,2026-09-07T18:28:00+02:00,0.0,0,Mosjøen,SJN:Line:71,Nordlandsbanen,F7,rail,SJN:ServiceJourney:474_30411-R,True,actual,False,,,,,2026-09-07T20:27:16.249662+02:00
NSR:StopPlace:58954,Fauske stasjon,2026-09-07T18:30:00+02:00,2026-09-07T18:30:00+02:00,2026-09-07T18:30:00+02:00,0.0,0,Bodø,SJN:Line:79,Saltenpendelen,R75,rail,SJN:ServiceJourney:1791_42901-R,True,actual,False,,,,,2026-09-07T20:27:16.249662+02:00
NSR:StopPlace:58954,Fauske stasjon,2026-09-07T20:24:00+02:00,2026-09-07T20:24:00+02:00,2026-09-07T20:24:00+02:00,0.0,0,Rognan,SJN:Line:79,Saltenpendelen,R75,rail,SJN:ServiceJourney:1792_34511-R,True,actual,False,,,,,2026-09-07T20:27:16.249662+02:00
NSR:StopPlace:58958,Rognan stasjon,2026-09-07T18:01:00+02:00,2026-09-07T18:01:00+02:00,2026-09-07T18:01:00+02:00,0.0,0,Bodø,SJN:Line:79,Saltenpendelen,R75,rail,SJN:ServiceJourney:1791_42901-R,True,actual,False,,,,,2026-09-07T20:27:16.249662+02:00
NSR:StopPlace:58958,Rognan stasjon,2026-09-07T18:52:00+02:00,2026-09-07T18:52:00+02:00,2026-09-07T18:52:00+02:00,0.0,0,Mosjøen,SJN:Line:71,Nordlandsbanen,F7,rail,SJN:ServiceJourney:474_30411-R,True,actual,False,,,,,2026-09-07T20:27:16.249662+02:00
NSR:StopPlace:58958,Rognan stasjon,2026-09-07T20:01:00+02:00,2026-09-07T20:01:00+02:00,2026-09-07T20:01:00+02:00,0.0,0,Bodø,SJN:Line:71,Nordlandsbanen,F7,rail,SJN:ServiceJourney:479_41164-R,True,actual,False,,,,,2026-09-07T20:27:16.249662+02:00
NSR:StopPlace:58971,Mosjøen stasjon,2026-09-07T16:55:00+02:00,2026-09-07T16:55:00+02:00,2026-09-07T16:55:00+02:00,0.0,0,Trondheim S,SJN:Line:71,Nordlandsbanen,F7,rail,SJN:ServiceJourney:472_46160-R,True,actual,False,,,,,2026-09-07T20:27:16.249662+02:00
NSR:StopPlace:58971,Mosjøen stasjon,2026-09-07T17:02:00+02:00,2026-09-07T17:02:00+02:00,2026-09-07T17:02:00+02:00,0.0,0,Bodø,SJN:Line:71,Nordlandsbanen,F7,rail,SJN:ServiceJourney:479_41164-R,True,actual,False,,,,,2026-09-07T20:27:16.249662+02:00
NSR:StopPlace:58972,Lønsdal stasjon,2026-09-07T19:24:00+02:00,2026-09-07T19:23:50+02:00,2026-09-07T19:23:50+02:00,0.0,0,Mosjøen,SJN:Line:71,Nordlandsbanen,F7,rail,SJN:ServiceJourney:474_30411-R,True,actual,False,,,,,2026-09-07T20:27:16.249662+02:00
NSR:StopPlace:58918,Nodeland stasjon,2026-09-07T18:05:00+02:00,2026-09-07T18:04:54+02:00,2026-09-07T18:04:54+02:00,0.0,0,Kristiansand,AKT:Line:1046,Kristiansand - Finsland,46,bus,AKT:ServiceJourney:78723_142_60_126600_129660_3950001,True,actual,False,,,,,2026-09-07T20:27:16.249662+02:00
NSR:StopPlace:58924,Bryne stasjon,2026-09-07T19:10:00+02:00,2026-09-07T19:09:59+02:00,2026-09-07T19:09:59+02:00,0.0,0,Lyefjell,KOL:Line:8_2017,50,50,bus,KOL:ServiceJourney:2017_260407061539428_2026,True,actual,False,,,,,2026-09-07T20:27:16.249662+02:00
NSR:StopPlace:58924,Bryne stasjon,2026-09-07T20:10:00+02:00,2026-09-07T20:09:46+02:00,2026-09-07T20:09:46+02:00,0.0,0,Lyefjell,KOL:Line:8_2017,50,50,bus,KOL:ServiceJourney:2017_260407061539789_2028,True,actual,False,,,,,2026-09-07T20:27:16.249662+02:00
NSR:StopPlace:58925,Gausel stasjon,2026-09-07T17:40:00+02:00,2026-09-07T17:39:24+02:00,2026-09-07T17:39:24+02:00,0.0,0,Sandnes,KOL:Line:8_1001,1,1,bus,KOL:ServiceJourney:1001_251008118350976_1093,True,actual,False,,,,,2026-09-07T20:27:16.249662+02:00
NSR:StopPlace:58925,Gausel stasjon,2026-09-07T17:42:00+02:00,2026-09-07T17:40:20+02:00,2026-09-07T17:40:20+02:00,0.0,0,Stavanger,KOL:Line:8_1003,2,2,bus,KOL:ServiceJourney:1003_251008123099645_2120,True,actual,False,,,,,2026-09-07T20:27:16.249662+02:00
NSR:StopPlace:58927,Flåm stasjon,2026-09-07T17:10:00+02:00,2026-09-07T17:10:00+02:00,2026-09-07T17:10:00+02:00,0.0,0,Myrdal,VYG:Line:R45,Myrdal-Flåm,R45,rail,VYG:ServiceJourney:1866_465787-R,True,actual,False,,,,,2026-09-07T20:27:16.249662+02:00
NSR:StopPlace:58930,Larvik stasjon,2026-09-07T17:20:00+02:00,2026-09-07T17:19:18+02:00,2026-09-07T17:19:18+02:00,0.0,0,Larvik-Sandefjord,VKT:Line:4,Torp-Sandefjord-Larvik-Stavern,4,bus,VKT:ServiceJourney:17710,True,actual,False,,,,,2026-09-07T20:27:16.249662+02:00
NSR:StopPlace:58930,Larvik stasjon,2026-09-07T18:09:00+02:00,2026-09-07T18:08:55+02:00,2026-09-07T18:08:55+02:00,0.0,0,Veldre,VKT:Line:3,Busk-Sandefjord-Larvik-Veldre,3,bus,VKT:ServiceJourney:17492,True,actual,False,,,,,2026-09-07T20:27:16.249662+02:00
NSR:StopPlace:58932,Hommelvik stasjon,2026-09-07T19:25:00+02:00,2026-09-07T19:23:46+02:00,2026-09-07T19:23:46+02:00,0.0,0,Vikhammer via Sveberg,ATB:Line:2_86,Hommelvik-Sveberg-Vikhammer,86,bus,ATB:ServiceJourney:86_251215112548544_14,True,actual,False,,,,,2026-09-07T20:27:16.249662+02:00
NSR:StopPlace:58947,Steinkjer stasjon,2026-09-07T20:33:00+02:00,2026-09-07T20:19:28+02:00,2026-09-07T20:19:28+02:00,0.0,0,Namsos skysstasjon,ATB:Line:2_680,Levanger - Steinkjer - Namsos,680,bus,ATB:ServiceJourney:680_260106098642317_38,True,actual,False,,,,,2026-09-07T20:27:16.249662+02:00
NSR:StopPlace:58948,Stjørdal stasjon,2026-09-07T17:30:00+02:00,2026-09-07T17:25:00+02:00,2026-09-07T17:25:00+02:00,0.0,0,Trondheim,ATB:Line:2_311,Stjørdal - Trondheim,311,bus,ATB:ServiceJourney:311_260330054290285_74,True,actual,False,Endret tilbud ved Vikelvvegen,Sydgående avkjøringsrampe fra E6 ved Reppe er stengt frem til 21. september. Vikelvvegen og Ranheim fabrikker til sentrum blir ikke betjent av linje 311 i perioden. ,general,normal,2026-09-07T20:27:16.249662+02:00
NSR:StopPlace:58948,Stjørdal stasjon,2026-09-07T19:16:00+02:00,2026-09-07T19:09:04+02:00,2026-09-07T19:09:04+02:00,0.0,0,Marienborg via Brattøra,ATB:Line:2_70,Stjørdal/Hommelvik- Trondheim,70,bus,ATB:ServiceJourney:70_251215112547004_90,True,actual,False,,,,,2026-09-07T20:27:16.249662+02:00
NSR:StopPlace:58948,Stjørdal stasjon,2026-09-07T19:35:00+02:00,2026-09-07T19:30:06+02:00,2026-09-07T19:30:06+02:00,0.0,0,Trondheim,ATB:Line:2_311,Stjørdal - Trondheim,311,bus,ATB:ServiceJourney:311_260330054256942_78,True,actual,False,Endret tilbud ved Vikelvvegen,Sydgående avkjøringsrampe fra E6 ved Reppe er stengt frem til 21. september. Vikelvvegen og Ranheim fabrikker til sentrum blir ikke betjent av linje 311 i perioden. ,general,normal,2026-09-07T20:27:16.249662+02:00
NSR:StopPlace:58948,Stjørdal stasjon,2026-09-07T20:13:00+02:00,2026-09-07T20:10:02+02:00,2026-09-07T20:10:02+02:00,0.0,0,Meråker,ATB:Line:2_670,Stjørdal - Meråker,670,bus,ATB:ServiceJourney:670_260106098643688_14,True,actual,False,,,,,2026-09-07T20:27:16.249662+02:00
NSR:StopPlace:58796,Moss stasjon,2026-09-07T17:12:00+02:00,2026-09-07T17:11:51+02:00,2026-09-07T17:11:51+02:00,0.0,0,Sarpsborg,OST:Line:1_633,Moss-Sarpsborg-Halden,633,bus,OST:ServiceJourney:633_260325121472064_206,True,actual,False,,,,,2026-09-07T20:27:16.249662+02:00
NSR:StopPlace:58836,Mjøndalen stasjon,2026-09-07T18:37:00+02:00,2026-09-07T18:36:48+02:00,2026-09-07T18:36:48+02:00,0.0,0,Hovjordet,BRA:Line:4_6054,Mjøndalen - Hovjordet,54,bus,BRA:ServiceJourney:6054_260415100162426_1033,True,actual,False,,,,,2026-09-07T20:27:16.249662+02:00
NSR:StopPlace:58841,Ål stasjon,2026-09-07T17:11:00+02:00,2026-09-07T17:10:57+02:00,2026-09-07T17:10:57+02:00,0.0,0,Oslo S,VYG:Line:F4,Oslo S-Bergen,F4,rail,VYG:ServiceJourney:90608_661661-R,True,actual,False,,,,,2026-09-07T20:27:16.249662+02:00
NSR:StopPlace:58844,Eidsvoll stasjon,2026-09-07T16:31:00+02:00,2026-09-07T16:30:54+02:00,2026-09-07T16:30:54+02:00,0.0,0,Kongsberg,VYG:Line:R12,Kongsberg-Oslo S-Eidsvoll,R12,rail,VYG:ServiceJourney:525_444330-R,True,actual,False,,,,,2026-09-07T20:27:16.249662+02:00
NSR:StopPlace:58844,Eidsvoll stasjon,2026-09-07T17:01:00+02:00,2026-09-07T17:00:49+02:00,2026-09-07T17:00:49+02:00,0.0,0,Skien,VYG:Line:RE11,Eidsvoll-Oslo S-Skien,RE11,rail,VYG:ServiceJourney:827_444407-R,True,actual,False,,,,,2026-09-07T20:27:16.249662+02:00
NSR:StopPlace:58844,Eidsvoll stasjon,2026-09-07T17:31:00+02:00,2026-09-07T17:30:56+02:00,2026-09-07T17:30:56+02:00,0.0,0,Kongsberg,VYG:Line:R12,Kongsberg-Oslo S-Eidsvoll,R12,rail,VYG:ServiceJourney:527_444334-R,True,actual,False,,,,,2026-09-07T20:27:16.249662+02:00
NSR:StopPlace:58844,Eidsvoll stasjon,2026-09-07T17:53:00+02:00,2026-09-07T17:52:58+02:00,2026-09-07T17:52:58+02:00,0.0,0,Drammen,VYG:Line:RE10,Drammen-Oslo S-Lillehammer,RE10,rail,VYG:ServiceJourney:326-LHM_444219-R,True,actual,False,,,,,2026-09-07T20:27:16.249662+02:00
NSR:StopPlace:58844,Eidsvoll stasjon,2026-09-07T18:01:00+02:00,2026-09-07T18:00:55+02:00,2026-09-07T18:00:55+02:00,0.0,0,Skien,VYG:Line:RE11,Eidsvoll-Oslo S-Skien,RE11,rail,VYG:ServiceJourney:829_444409-R,True,actual,False,,,,,2026-09-07T20:27:16.249662+02:00
NSR:StopPlace:58844,Eidsvoll stasjon,2026-09-07T18:53:00+02:00,2026-09-07T18:52:54+02:00,2026-09-07T18:52:54+02:00,0.0,0,Drammen,VYG:Line:RE10,Drammen-Oslo S-Lillehammer,RE10,rail,VYG:ServiceJourney:328-LHM_444225-R,True,actual,False,,,,,2026-09-07T20:27:16.249662+02:00
NSR:StopPlace:58844,Eidsvoll stasjon,2026-09-07T19:01:00+02:00,2026-09-07T19:00:57+02:00,2026-09-07T19:00:57+02:00,0.0,0,Skien,VYG:Line:RE11,Eidsvoll-Oslo S-Skien,RE11,rail,VYG:ServiceJourney:831_444411-R,True,actual,False,,,,,2026-09-07T20:27:16.249662+02:00
NSR:StopPlace:58844,Eidsvoll stasjon,2026-09-07T19:10:00+02:00,2026-09-07T19:09:57+02:00,2026-09-07T19:09:57+02:00,0.0,0,Dombås,VYG:Line:RE10,Drammen-Oslo S-Lillehammer,RE10,rail,VYG:ServiceJourney:329-SUD_465133-R,True,actual,False,,,,,2026-09-07T20:27:16.249662+02:00
NSR:StopPlace:58844,Eidsvoll stasjon,2026-09-07T19:31:00+02:00,2026-09-07T19:30:54+02:00,2026-09-07T19:30:54+02:00,0.0,0,Kongsberg,VYG:Line:R12,Kongsberg-Oslo S-Eidsvoll,R12,rail,VYG:ServiceJourney:531_444339-R,True,actual,False,,,,,2026-09-07T20:27:16.249662+02:00
NSR:StopPlace:58844,Eidsvoll stasjon,2026-09-07T19:53:00+02:00,2026-09-07T19:52:59+02:00,2026-09-07T19:52:59+02:00,0.0,0,Drammen,VYG:Line:RE10,Drammen-Oslo S-Lillehammer,RE10,rail,VYG:ServiceJourney:330-LHM_444236-R,True,actual,False,,,,,2026-09-07T20:27:16.249662+02:00
NSR:StopPlace:58844,Eidsvoll stasjon,2026-09-07T20:01:00+02:00,2026-09-07T20:00:49+02:00,2026-09-07T20:00:49+02:00,0.0,0,Skien,VYG:Line:RE11,Eidsvoll-Oslo S-Skien,RE11,rail,VYG:ServiceJourney:833_444413-R,True,actual,False,Færre vogner,Denne avgangen kjører dessverre med 5 vogner i stedet for 10 vogner. Dette skyldes at vi mangler et togsett.,general,normal,2026-09-07T20:27:16.249662+02:00
NSR:StopPlace:58848,Haga stasjon,2026-09-07T17:54:00+02:00,2026-09-07T17:54:00+02:00,2026-09-07T17:54:00+02:00,0.0,0,Årnes,RUT:Line:455,Årnes -Rånåsfoss,455,bus,RUT:ServiceJourney:87dc1f953a306c75fc30e6eb8922605c,True,actual,False,,,,,2026-09-07T20:27:16.249662+02:00
NSR:StopPlace:58848,Haga stasjon,2026-09-07T18:18:00+02:00,2026-09-07T18:18:00+02:00,2026-09-07T18:18:00+02:00,0.0,0,Rånåsfoss,RUT:Line:455,Årnes -Rånåsfoss,455,bus,RUT:ServiceJourney:ef332af9811f5e946cdf21afb95481a0,True,actual,False,,,,,2026-09-07T20:27:16.249662+02:00
NSR:StopPlace:58868,Årnes stasjon,2026-09-07T18:00:00+02:00,2026-09-07T18:00:00+02:00,2026-09-07T18:00:00+02:00,0.0,0,Rånåsfoss,RUT:Line:455,Årnes -Rånåsfoss,455,bus,RUT:ServiceJourney:ef332af9811f5e946cdf21afb95481a0,True,actual,False,,,,,2026-09-07T20:27:16.249662+02:00
NSR:StopPlace:58868,Årnes stasjon,2026-09-07T18:34:00+02:00,2026-09-07T18:19:00+02:00,2026-09-07T18:19:00+02:00,0.0,0,Oslo lufthavn,RUT:Line:450,Årnes - Oslo lufthavn,450,bus,RUT:ServiceJourney:3f38b3fb9afb01b156972ac9bbbc2a94,True,actual,False,,,,,2026-09-07T20:27:16.249662+02:00
NSR:StopPlace:58874,Stokke stasjon,2026-09-07T19:52:00+02:00,2026-09-07T19:51:32+02:00,2026-09-07T19:51:32+02:00,0.0,0,Tønsberg,VKT:Line:520,Tønsberg-Stokke,520,bus,VKT:ServiceJourney:17325,True,actual,False,,,,,2026-09-07T20:27:16.249662+02:00
NSR:StopPlace:58876,Tønsberg stasjon,2026-09-07T18:27:00+02:00,2026-09-07T18:26:59+02:00,2026-09-07T18:26:59+02:00,0.0,0,Tønsberg-Åsgårdstrand,VKT:Line:1,Horten-Tønsberg-Sandefjord,1,bus,VKT:ServiceJourney:15652,True,actual,False,,,,,2026-09-07T20:27:16.249662+02:00
NSR:StopPlace:58876,Tønsberg stasjon,2026-09-07T19:23:00+02:00,2026-09-07T19:20:55+02:00,2026-09-07T19:20:55+02:00,0.0,0,Tønsberg,VKT:Line:520,Tønsberg-Stokke,520,bus,VKT:ServiceJourney:17324,True,actual,False,,,,,2026-09-07T20:27:16.249662+02:00
NSR:StopPlace:58877,Bø stasjon,2026-09-07T17:52:00+02:00,2026-09-07T17:47:11+02:00,2026-09-07T17:47:11+02:00,0.0,0,Seljord,TEL:Line:8181,Seljord-Bø-Skien,R1,bus,TEL:ServiceJourney:127098,True,actual,False,,,,,2026-09-07T20:27:16.249662+02:00
NSR:StopPlace:58877,Bø stasjon,2026-09-07T17:57:00+02:00,2026-09-07T17:50:43+02:00,2026-09-07T17:50:43+02:00,0.0,0,Breisås,TEL:Line:8116,Bø-Folkestad-Nordbø-Breisås,116,bus,TEL:ServiceJourney:125938,True,actual,False,,,,,2026-09-07T20:27:16.249662+02:00
NSR:StopPlace:58877,Bø stasjon,2026-09-07T18:57:00+02:00,2026-09-07T18:50:26+02:00,2026-09-07T18:50:26+02:00,0.0,0,Breisås,TEL:Line:8116,Bø-Folkestad-Nordbø-Breisås,116,bus,TEL:ServiceJourney:125939,True,actual,False,,,,,2026-09-07T20:27:16.249662+02:00
NSR:StopPlace:58870,Holmestrand stasjon,2026-09-07T19:31:00+02:00,2026-09-07T19:30:56+02:00,2026-09-07T19:30:56+02:00,0.0,0,Skien,VYG:Line:RE11,Eidsvoll-Oslo S-Skien,RE11,rail,VYG:ServiceJourney:829_444409-R,True,actual,False,,,,,2026-09-07T20:27:16.249662+02:00
NSR:StopPlace:58882,Nordagutu stasjon,2026-09-07T18:32:00+02:00,2026-09-07T18:31:58+02:00,2026-09-07T18:31:58+02:00,0.0,0,Notodden,VYG:Line:R55,Porsgrunn-Notodden,R55,rail,VYG:ServiceJourney:2486_443756-R,True,actual,False,,,,,2026-09-07T20:27:16.249662+02:00
NSR:StopPlace:58884,Skien stasjon,2026-09-07T17:06:00+02:00,2026-09-07T17:05:46+02:00,2026-09-07T17:05:46+02:00,0.0,0,Skjelsvik via Klyve-Kongerød,TEL:Line:8043,Skien-Klyve-Skjelsvik,M3,bus,TEL:ServiceJourney:127195,True,actual,False,,,,,2026-09-07T20:27:16.249662+02:00
NSR:StopPlace:58884,Skien stasjon,2026-09-07T17:46:00+02:00,2026-09-07T17:45:44+02:00,2026-09-07T17:45:44+02:00,0.0,0,Skjelsvik via Klyve-Kongerød,TEL:Line:8043,Skien-Klyve-Skjelsvik,M3,bus,TEL:ServiceJourney:127197,True,actual,False,,,,,2026-09-07T20:27:16.249662+02:00
NSR:StopPlace:58884,Skien stasjon,2026-09-07T18:58:00+02:00,2026-09-07T18:54:44+02:00,2026-09-07T18:54:44+02:00,0.0,0,Åfoss via Skien sentrum,TEL:Line:8047,Siljan-Skien-Åfoss,P7,bus,TEL:ServiceJourney:127395,True,actual,False,,,,,2026-09-07T20:27:16.249662+02:00
NSR:StopPlace:58884,Skien stasjon,2026-09-07T18:58:00+02:00,2026-09-07T18:55:05+02:00,2026-09-07T18:55:05+02:00,0.0,0,Siljan,TEL:Line:8047,Siljan-Skien-Åfoss,P7,bus,TEL:ServiceJourney:127440,True,actual,False,,,,,2026-09-07T20:27:16.249662+02:00
NSR:StopPlace:58884,Skien stasjon,2026-09-07T19:58:00+02:00,2026-09-07T19:57:56+02:00,2026-09-07T19:57:56+02:00,0.0,0,Siljan,TEL:Line:8047,Siljan-Skien-Åfoss,P7,bus,TEL:ServiceJourney:127441,True,actual,False,,,,,2026-09-07T20:27:16.249662+02:00
NSR:StopPlace:58801,Sarpsborg stasjon,2026-09-07T18:31:00+02:00,2026-09-07T18:30:00+02:00,2026-09-07T18:30:00+02:00,0.0,0,Sarpsborg-Kalnes,OST:Line:1_13,Kalnes - Blessom,13,bus,OST:ServiceJourney:13_260325121470806_39,True,actual,False,,,,,2026-09-07T20:27:16.249662+02:00
NSR:StopPlace:58801,Sarpsborg stasjon,2026-09-07T18:34:00+02:00,2026-09-07T18:33:43+02:00,2026-09-07T18:33:43+02:00,0.0,0,Opsund,OST:Line:1_134,Sarpsborg - Opsund,134,bus,OST:ServiceJourney:134_260325121470906_9,True,actual,False,,,,,2026-09-07T20:27:16.249662+02:00
NSR:StopPlace:58801,Sarpsborg stasjon,2026-09-07T19:31:00+02:00,2026-09-07T19:31:00+02:00,2026-09-07T19:31:00+02:00,0.0,0,Sarpsborg-Kalnes,OST:Line:1_13,Kalnes - Blessom,13,bus,OST:ServiceJourney:13_260325121470809_41,True,actual,False,,,,,2026-09-07T20:27:16.249662+02:00
NSR:StopPlace:58808,Kongsvinger stasjon,2026-09-07T18:28:00+02:00,2026-09-07T18:26:26+02:00,2026-09-07T18:26:26+02:00,0.0,0,Rasta - Vennersberg,INN:Line:81,Bogeråsen - Rasta,B81,bus,INN:ServiceJourney:54323,True,actual,False,,,,,2026-09-07T20:27:16.249662+02:00
NSR:StopPlace:58808,Kongsvinger stasjon,2026-09-07T18:36:00+02:00,2026-09-07T18:35:57+02:00,2026-09-07T18:35:57+02:00,0.0,0,Asker,VYG:Line:R14,Asker-Oslo S-Kongsvinger,R14,rail,VYG:ServiceJourney:1030_442941-R,True,actual,False,,,,,2026-09-07T20:27:16.249662+02:00
NSR:StopPlace:58808,Kongsvinger stasjon,2026-09-07T19:58:00+02:00,2026-09-07T19:55:04+02:00,2026-09-07T19:55:04+02:00,0.0,0,Rasta - Vennersberg,INN:Line:81,Bogeråsen - Rasta,B81,bus,INN:ServiceJourney:54326,True,actual,False,,,,,2026-09-07T20:27:16.249662+02:00
NSR:StopPlace:58825,Raufoss stasjon,2026-09-07T19:45:00+02:00,2026-09-07T19:44:28+02:00,2026-09-07T19:44:28+02:00,0.0,0,Gjøvik-Kapp,INN:Line:46,Lena-Raufoss-Gjøvik-Kapp-Lena,B46,bus,INN:ServiceJourney:76845,True,actual,False,,,,,2026-09-07T20:27:16.249662+02:00
NSR:StopPlace:58826,Reinsvoll stasjon,2026-09-07T19:50:00+02:00,2026-09-07T19:49:29+02:00,2026-09-07T19:49:29+02:00,0.0,0,Lena,INN:Line:47,Lena-Kapp-Gjøvik-Raufoss-Lena,B47,bus,INN:ServiceJourney:76605,True,actual,False,,,,,2026-09-07T20:27:16.249662+02:00
NSR:StopPlace:58211,Oslo lufthavn,2026-09-07T17:05:00+02:00,2026-09-07T16:54:05+02:00,2026-09-07T16:54:05+02:00,0.0,0,Årnes,RUT:Line:450,Årnes - Oslo lufthavn,450,bus,RUT:ServiceJourney:764148217c4c2919be71333db8a7b7d2,True,actual,False,,,,,2026-09-07T20:27:16.249662+02:00
NSR:StopPlace:313,Høybråten stasjon,2026-09-07T18:23:00+02:00,2026-09-07T18:23:00+02:00,2026-09-07T18:23:00+02:00,0.0,0,Spikkestad,VYG:Line:L1,Spikkestad-Oslo S-Lillestrøm,L1,rail,VYG:ServiceJourney:2255_443677-R,True,actual,False,,,,,2026-09-07T20:27:16.249662+02:00
NSR:StopPlace:313,Høybråten stasjon,2026-09-07T19:38:00+02:00,2026-09-07T19:37:58+02:00,2026-09-07T19:37:58+02:00,0.0,0,Asker,VYG:Line:L1,Spikkestad-Oslo S-Lillestrøm,L1,rail,VYG:ServiceJourney:2159_443568-R,True,actual,False,,,,,2026-09-07T20:27:16.249662+02:00
NSR:StopPlace:313,Høybråten stasjon,2026-09-07T19:53:00+02:00,2026-09-07T19:52:57+02:00,2026-09-07T19:52:57+02:00,0.0,0,Spikkestad,VYG:Line:L1,Spikkestad-Oslo S-Lillestrøm,L1,rail,VYG:ServiceJourney:2261_443688-R,True,actual,False,,,,,2026-09-07T20:27:16.249662+02:00
NSR:StopPlace:362,Jåttåvågen stasjon,2026-09-07T18:36:00+02:00,2026-09-07T18:35:53+02:00,2026-09-07T18:35:53+02:00,0.0,0,Stavanger,GOA:Line:59,Jærbanen,L5,rail,GOA:ServiceJourney:3155_63200-R,True,actual,False,,,,,2026-09-07T20:27:16.249662+02:00
NSR:StopPlace:362,Jåttåvågen stasjon,2026-09-07T20:06:00+02:00,2026-09-07T20:06:00+02:00,2026-09-07T20:06:00+02:00,0.0,0,Stavanger,GOA:Line:59,Jærbanen,L5,rail,GOA:ServiceJourney:3161_63206-R,True,actual,False,,,,,2026-09-07T20:27:16.249662+02:00
NSR:StopPlace:369,Kvål stasjon,2026-09-07T17:43:00+02:00,2026-09-07T17:42:16+02:00,2026-09-07T17:42:16+02:00,0.0,0,Steinkjer,SJN:Line:26,Trønderbanen,R70,rail,SJN:ServiceJourney:447_56076-R,True,actual,False,,,,,2026-09-07T20:27:16.249662+02:00
NSR:StopPlace:369,Kvål stasjon,2026-09-07T17:51:00+02:00,2026-09-07T17:49:46+02:00,2026-09-07T17:49:46+02:00,0.0,0,Trondheim S,SJN:Line:25,Rørosbanen,R60,rail,SJN:ServiceJourney:2385_30335-R,True,actual,False,,,,,2026-09-07T20:27:16.249662+02:00
NSR:StopPlace:369,Kvål stasjon,2026-09-07T18:41:00+02:00,2026-09-07T18:39:58+02:00,2026-09-07T18:39:58+02:00,0.0,0,Steinkjer,SJN:Line:26,Trønderbanen,R70,rail,SJN:ServiceJourney:449_56078-R,True,actual,False,,,,,2026-09-07T20:27:16.249662+02:00
NSR:StopPlace:369,Kvål stasjon,2026-09-07T19:42:00+02:00,2026-09-07T19:41:31+02:00,2026-09-07T19:41:31+02:00,0.0,0,Steinkjer,SJN:Line:26,Trønderbanen,R70,rail,SJN:ServiceJourney:451_56080-R,True,actual,False,,,,,2026-09-07T20:27:16.249662+02:00
NSR:StopPlace:374,Göteborg Centralstation,2026-09-07T20:10:00+02:00,2026-09-07T20:10:00+02:00,2026-09-07T20:10:00+02:00,0.0,0,Oslo S,VYG:Line:RE20,Oslo S-Halden-Göteborg (X-Border),RE20,rail,VYG:ServiceJourney:398-138_466030-R,True,actual,False,,,,,2026-09-07T20:27:16.249662+02:00
NSR:StopPlace:200,Finse stasjon,2026-09-07T19:27:00+02:00,2026-09-07T19:26:53+02:00,2026-09-07T19:26:53+02:00,0.0,0,Oslo S,VYG:Line:F4,Oslo S-Bergen,F4,rail,VYG:ServiceJourney:66-BRG_513626-R,True,actual,False,,,,,2026-09-07T20:27:16.249662+02:00
NSR:StopPlace:206,Mariero stasjon,2026-09-07T17:29:00+02:00,2026-09-07T17:28:59+02:00,2026-09-07T17:28:59+02:00,0.0,0,Nærbø,GOA:Line:59,Jærbanen,L5,rail,GOA:ServiceJourney:3054_63104-R,True,actual,False,,,,,2026-09-07T20:27:16.249662+02:00
NSR:StopPlace:206,Mariero stasjon,2026-09-07T18:39:00+02:00,2026-09-07T18:38:56+02:00,2026-09-07T18:38:56+02:00,0.0,0,Stavanger,GOA:Line:59,Jærbanen,L5,rail,GOA:ServiceJourney:3155_63200-R,True,actual,False,,,,,2026-09-07T20:27:16.249662+02:00
NSR:StopPlace:206,Mariero stasjon,2026-09-07T18:59:00+02:00,2026-09-07T18:58:55+02:00,2026-09-07T18:58:55+02:00,0.0,0,Egersund,GOA:Line:59,Jærbanen,L5,rail,GOA:ServiceJourney:3060_63114-R,True,actual,False,,,,,2026-09-07T20:27:16.249662+02:00
NSR:StopPlace:584,Bulken stasjon,2026-09-07T18:23:00+02:00,2026-09-07T18:23:00+02:00,2026-09-07T18:23:00+02:00,0.0,0,Bergen,VYG:Line:R40,Bergen-Voss-Myrdal-Ål,R40,rail,VYG:ServiceJourney:1831_457481-R,True,actual,False,,,,,2026-09-07T20:27:16.249662+02:00
NSR:StopPlace:518,Bolstadøyri stasjon,2026-09-07T18:42:00+02:00,2026-09-07T18:41:28+02:00,2026-09-07T18:41:28+02:00,0.0,0,Bergen,VYG:Line:R40,Bergen-Voss-Myrdal-Ål,R40,rail,VYG:ServiceJourney:1831_457481-R,True,actual,False,,,,,2026-09-07T20:27:16.249662+02:00
NSR:StopPlace:702,Sandnes sentrum stasjon,2026-09-07T19:25:00+02:00,2026-09-07T19:24:41+02:00,2026-09-07T19:24:41+02:00,0.0,0,Skeiane,GOA:Line:59,Jærbanen,L5,rail,GOA:ServiceJourney:3158_63203-R,True,actual,False,,,,,2026-09-07T20:27:16.249662+02:00
NSR:StopPlace:702,Sandnes sentrum stasjon,2026-09-07T19:28:00+02:00,2026-09-07T19:28:00+02:00,2026-09-07T19:28:00+02:00,0.0,0,Stavanger,GOA:Line:59,Jærbanen,L5,rail,GOA:ServiceJourney:3159_63204-R,True,actual,False,,,,,2026-09-07T20:27:16.249662+02:00
NSR:StopPlace:62338,Fossum stasjon,2026-09-07T17:42:00+02:00,2026-09-07T17:41:45+02:00,2026-09-07T17:41:45+02:00,0.0,0,Blaker ring,RUT:Line:2370,Sørumsand - Blaker - Sørumsand,370B,bus,RUT:ServiceJourney:08edce154fef68e00ed145443052cf34,True,actual,False,,,,,2026-09-07T20:27:16.249662+02:00
NSR:StopPlace:62376,Kopperå stasjon,2026-09-07T18:00:00+02:00,2026-09-07T18:00:00+02:00,2026-09-07T18:00:00+02:00,0.0,0,Storlien,SJN:Line:72,Meråkerbanen,R71,rail,SJN:ServiceJourney:1307_56270-R,True,actual,False,,,,,2026-09-07T20:27:16.249662+02:00
NSR:StopPlace:62376,Kopperå stasjon,2026-09-07T19:09:00+02:00,2026-09-07T19:09:00+02:00,2026-09-07T19:09:00+02:00,0.0,0,Trondheim S,SJN:Line:72,Meråkerbanen,R71,rail,SJN:ServiceJourney:1308_53542-R,True,actual,False,,,,,2026-09-07T20:27:16.249662+02:00
NSR:StopPlace:61979,Hellvik stasjon,2026-09-07T19:59:00+02:00,2026-09-07T19:59:00+02:00,2026-09-07T19:59:00+02:00,0.0,0,Egersund,GOA:Line:59,Jærbanen,L5,rail,GOA:ServiceJourney:3060_63114-R,True,actual,False,,,,,2026-09-07T20:27:16.249662+02:00
NSR:StopPlace:8,Paradis stasjon,2026-09-07T14:26:00+02:00,2026-09-07T14:25:56+02:00,2026-09-07T14:25:56+02:00,0.0,0,Egersund,GOA:Line:59,Jærbanen,L5,rail,GOA:ServiceJourney:3042_63084-R,True,actual,False,,,,,2026-09-07T15:44:36.205822+02:00
NSR:StopPlace:8,Paradis stasjon,2026-09-07T14:42:00+02:00,2026-09-07T14:41:58+02:00,2026-09-07T14:41:58+02:00,0.0,0,Stavanger,GOA:Line:59,Jærbanen,L5,rail,GOA:ServiceJourney:3139_63184-R,True,actual,False,,,,,2026-09-07T15:44:36.205822+02:00
NSR:StopPlace:8,Paradis stasjon,2026-09-07T14:56:00+02:00,2026-09-07T14:55:55+02:00,2026-09-07T14:55:55+02:00,0.0,0,Egersund,GOA:Line:59,Jærbanen,L5,rail,GOA:ServiceJourney:3044_63087-R,True,actual,False,,,,,2026-09-07T15:44:36.205822+02:00
NSR:StopPlace:8,Paradis stasjon,2026-09-07T15:12:00+02:00,2026-09-07T15:11:56+02:00,2026-09-07T15:11:56+02:00,0.0,0,Stavanger,GOA:Line:59,Jærbanen,L5,rail,GOA:ServiceJourney:3141_63186-R,True,actual,False,,,,,2026-09-07T15:44:36.205822+02:00
NSR:StopPlace:61169,Marienborg stasjon,2026-09-07T14:42:00+02:00,2026-09-07T14:41:46+02:00,2026-09-07T14:41:46+02:00,0.0,0,Havstad,ATB:Line:2_13,Østmarka - Strindheim - Lerkendal - Havstad,13,bus,ATB:ServiceJourney:13_251215112552699_80,True,actual,False,,,,,2026-09-07T15:44:36.205822+02:00
NSR:StopPlace:61336,Trollhättan Centralstation,2026-09-07T14:44:00+02:00,2026-09-07T14:44:00+02:00,2026-09-07T14:44:00+02:00,0.0,0,Oslo S,VYG:Line:RE20,Oslo S-Halden-Göteborg (X-Border),RE20,rail,VYG:ServiceJourney:390-126_459684-R,True,actual,False,,,,,2026-09-07T15:44:36.205822+02:00
NSR:StopPlace:61334,Ogna stasjon,2026-09-07T14:36:00+02:00,2026-09-07T14:35:58+02:00,2026-09-07T14:35:58+02:00,0.0,0,Stavanger,GOA:Line:59,Jærbanen,L5,rail,GOA:ServiceJourney:3041_63082-R,True,actual,False,,,,,2026-09-07T15:44:36.205822+02:00
NSR:StopPlace:61341,Drevvatn stasjon,2026-09-07T15:23:00+02:00,2026-09-07T15:15:37+02:00,2026-09-07T15:15:37+02:00,0.0,0,Mosjøen,NOR:Line:12_8255,Dalmoen-Fagernes-Elsfjord skol,255,bus,NOR:ServiceJourney:8255_260604116307734_2005,True,actual,False,,,,,2026-09-07T15:44:36.205822+02:00
NSR:StopPlace:41,Hanaborg stasjon,2026-09-07T15:19:00+02:00,2026-09-07T15:18:53+02:00,2026-09-07T15:18:53+02:00,0.0,0,Spikkestad,VYG:Line:L1,Spikkestad-Oslo S-Lillestrøm,L1,rail,VYG:ServiceJourney:2243_443656-R,True,actual,False,,,,,2026-09-07T15:44:36.205822+02:00
NSR:StopPlace:59646,Høvik stasjon,2026-09-07T13:53:00+02:00,2026-09-07T13:52:58+02:00,2026-09-07T13:52:58+02:00,0.0,0,Lillestrøm,VYG:Line:L1,Spikkestad-Oslo S-Lillestrøm,L1,rail,VYG:ServiceJourney:2238_443647-R,True,actual,False,Færre vogner,Denne avgangen kjører dessverre med 4 vogner i stedet for 8 vogner. Dette skyldes at vi mangler et togsett.,general,normal,2026-09-07T15:44:36.205822+02:00
NSR:StopPlace:59646,Høvik stasjon,2026-09-07T14:07:00+02:00,2026-09-07T14:06:58+02:00,2026-09-07T14:06:58+02:00,0.0,0,Lillestrøm,VYG:Line:L1,Spikkestad-Oslo S-Lillestrøm,L1,rail,VYG:ServiceJourney:2138_443545-R,True,actual,False,,,,,2026-09-07T15:44:36.205822+02:00
NSR:StopPlace:59646,Høvik stasjon,2026-09-07T15:07:00+02:00,2026-09-07T15:06:56+02:00,2026-09-07T15:06:56+02:00,0.0,0,Lillestrøm,VYG:Line:L1,Spikkestad-Oslo S-Lillestrøm,L1,rail,VYG:ServiceJourney:2142_443550-R,True,actual,False,,,,,2026-09-07T15:44:36.205822+02:00
NSR:StopPlace:59641,Fjellhamar stasjon,2026-09-07T15:17:00+02:00,2026-09-07T15:17:00+02:00,2026-09-07T15:17:00+02:00,0.0,0,Spikkestad,VYG:Line:L1,Spikkestad-Oslo S-Lillestrøm,L1,rail,VYG:ServiceJourney:2243_443656-R,True,actual,False,,,,,2026-09-07T15:44:36.205822+02:00
NSR:StopPlace:59658,Moi stasjon,2026-09-07T14:12:00+02:00,2026-09-07T14:11:46+02:00,2026-09-07T14:11:46+02:00,0.0,0,Egersund via Nygård barneskole,KOL:Line:8_2033,98,98,bus,KOL:ServiceJourney:2033_250903083241387_2004,True,actual,False,,,,,2026-09-07T15:44:36.205822+02:00
NSR:StopPlace:59703,Åndalsnes stasjon,2026-09-07T14:23:00+02:00,2026-09-07T14:23:00+02:00,2026-09-07T14:23:00+02:00,0.0,0,Dombås,SJN:Line:22,Raumabanen,R65,rail,SJN:ServiceJourney:2346_42983-R,True,actual,False,,,,,2026-09-07T15:44:36.205822+02:00
NSR:StopPlace:59952,Drammen stasjon,2026-09-07T14:57:00+02:00,2026-09-07T14:57:00+02:00,2026-09-07T14:57:00+02:00,0.0,0,Lillehammer,VYG:Line:RE10,Drammen-Oslo S-Lillehammer,RE10,rail,VYG:ServiceJourney:323-SUD_486402-R,True,actual,False,,,,,2026-09-07T15:44:36.205822+02:00
NSR:StopPlace:59174,Løkken stasjon,2026-09-07T14:50:00+02:00,2026-09-07T14:49:12+02:00,2026-09-07T14:49:12+02:00,0.0,0,Orkanger skysstasjon via Solbu,ATB:Line:2_460,Orkanger - Meldal - Berkåk,460,bus,ATB:ServiceJourney:460_260106098641923_17,True,actual,False,,,,,2026-09-07T15:44:36.205822+02:00
NSR:StopPlace:59174,Løkken stasjon,2026-09-07T15:10:00+02:00,2026-09-07T15:07:26+02:00,2026-09-07T15:07:26+02:00,0.0,0,Bjørnli via Skjøtskift bru,ATB:Line:2_5601,Skjøtskift/Bjørnli - Løkken -,5601,bus,ATB:ServiceJourney:5601_260106098642608_11,True,actual,False,,,,,2026-09-07T15:44:36.205822+02:00
NSR:StopPlace:60047,Melhus skysstasjon,2026-09-07T14:45:00+02:00,2026-09-07T14:39:17+02:00,2026-09-07T14:39:17+02:00,0.0,0,Øysand,ATB:Line:2_5002,Ilhaugen - Øysand - Gimse,5002,bus,ATB:ServiceJourney:5002_260309084303025_3,True,actual,False,,,,,2026-09-07T15:44:36.205822+02:00
NSR:StopPlace:60045,Hamar stasjon,2026-09-07T14:11:00+02:00,2026-09-07T14:10:58+02:00,2026-09-07T14:10:58+02:00,0.0,0,Drammen,VYG:Line:RE10,Drammen-Oslo S-Lillehammer,RE10,rail,VYG:ServiceJourney:320-LHM_444196-R,True,actual,False,,,,,2026-09-07T15:44:36.205822+02:00
NSR:StopPlace:60077,Støren stasjon,2026-09-07T14:48:00+02:00,2026-09-07T14:48:00+02:00,2026-09-07T14:48:00+02:00,0.0,0,Størenhallen snuplass,ATB:Line:2_5004,Klett - Melhus - Støren,5004,bus,ATB:ServiceJourney:5004_260309084081374_20,True,actual,False,,,,,2026-09-07T15:44:36.205822+02:00
NSR:StopPlace:60078,Kongsvoll stasjon,2026-09-07T14:41:00+02:00,2026-09-07T14:40:56+02:00,2026-09-07T14:40:56+02:00,0.0,0,Trondheim S,SJN:Line:21,Dovrebanen,F6,rail,SJN:ServiceJourney:45-LOD_48255-R,True,actual,False,,,,,2026-09-07T15:44:36.205822+02:00
NSR:StopPlace:59244,Egersund stasjon,2026-09-07T14:19:00+02:00,2026-09-07T14:18:57+02:00,2026-09-07T14:18:57+02:00,0.0,0,Stavanger,GOA:Line:59,Jærbanen,L5,rail,GOA:ServiceJourney:3041_63082-R,True,actual,False,,,,,2026-09-07T15:44:36.205822+02:00
NSR:StopPlace:59244,Egersund stasjon,2026-09-07T14:37:00+02:00,2026-09-07T14:36:52+02:00,2026-09-07T14:36:52+02:00,0.0,0,Veen via Lagård-Tengesdal-Vikeså,KOL:Line:8_2029,93,93,bus,KOL:ServiceJourney:2029_250903083241473_1003,True,actual,False,,,,,2026-09-07T15:44:36.205822+02:00
NSR:StopPlace:59244,Egersund stasjon,2026-09-07T14:54:00+02:00,2026-09-07T14:37:30+02:00,2026-09-07T14:37:30+02:00,0.0,0,Egersund,KOL:Line:8_2612,SK0113,SK0113,bus,KOL:ServiceJourney:2612_250903083248028_1001,True,actual,False,,,,,2026-09-07T15:44:36.205822+02:00
NSR:StopPlace:59244,Egersund stasjon,2026-09-07T14:45:00+02:00,2026-09-07T14:43:06+02:00,2026-09-07T14:43:06+02:00,0.0,0,Hauge i Dalane via Hestnes,KOL:Line:8_2623,SK1110,SK1110,bus,KOL:ServiceJourney:2623_250903083241541_1002,True,actual,False,,,,,2026-09-07T15:44:36.205822+02:00
NSR:StopPlace:59244,Egersund stasjon,2026-09-07T14:45:00+02:00,2026-09-07T14:43:22+02:00,2026-09-07T14:43:22+02:00,0.0,0,Hauge i Dalane,KOL:Line:8_2623,SK1110,SK1110,bus,KOL:ServiceJourney:2623_250903083241537_1001,True,actual,False,,,,,2026-09-07T15:44:36.205822+02:00
NSR:StopPlace:59244,Egersund stasjon,2026-09-07T15:30:00+02:00,2026-09-07T15:27:39+02:00,2026-09-07T15:27:39+02:00,0.0,0,Østebrød via Lagård,KOL:Line:8_2696,SK0122,SK0122,bus,KOL:ServiceJourney:2696_250903083245372_1003,True,actual,False,,,,,2026-09-07T15:44:36.205822+02:00
NSR:StopPlace:59244,Egersund stasjon,2026-09-07T15:38:00+02:00,2026-09-07T15:37:56+02:00,2026-09-07T15:37:56+02:00,0.0,0,Østebrød,KOL:Line:8_2696,SK0122,SK0122,bus,KOL:ServiceJourney:2696_250903083245372_1003,True,actual,False,,,,,2026-09-07T15:44:36.205822+02:00
NSR:StopPlace:58415,Oteråga stasjon,2026-09-07T12:49:00+02:00,2026-09-07T12:49:00+02:00,2026-09-07T12:49:00+02:00,0.0,0,Trondheim S,SJN:Line:71,Nordlandsbanen,F7,rail,SJN:ServiceJourney:472_46160-R,True,actual,False,,,,,2026-09-07T15:44:36.205822+02:00
NSR:StopPlace:58415,Oteråga stasjon,2026-09-07T14:44:00+02:00,2026-09-07T14:44:00+02:00,2026-09-07T14:44:00+02:00,0.0,0,Bodø,SJN:Line:79,Saltenpendelen,R75,rail,SJN:ServiceJourney:1787_41146-R,True,actual,False,,,,,2026-09-07T15:44:36.205822+02:00
NSR:StopPlace:58952,Bodø stasjon,2026-09-07T12:27:00+02:00,2026-09-07T12:27:00+02:00,2026-09-07T12:27:00+02:00,0.0,0,Trondheim S,SJN:Line:71,Nordlandsbanen,F7,rail,SJN:ServiceJourney:472_46160-R,True,actual,False,,,,,2026-09-07T15:44:36.205822+02:00
NSR:StopPlace:58952,Bodø stasjon,2026-09-07T15:10:00+02:00,2026-09-07T15:10:00+02:00,2026-09-07T15:10:00+02:00,0.0,0,Fauske,SJN:Line:79,Saltenpendelen,R75,rail,SJN:ServiceJourney:1788_41147-R,True,actual,False,,,,,2026-09-07T15:44:36.205822+02:00
NSR:StopPlace:58953,Dunderland stasjon,2026-09-07T15:07:00+02:00,2026-09-07T15:07:00+02:00,2026-09-07T15:07:00+02:00,0.0,0,Bodø,SJN:Line:71,Nordlandsbanen,F7,rail,SJN:ServiceJourney:471_46158-R,True,actual,False,,,,,2026-09-07T15:44:36.205822+02:00
NSR:StopPlace:58954,Fauske stasjon,2026-09-07T13:16:00+02:00,2026-09-07T13:16:00+02:00,2026-09-07T13:16:00+02:00,0.0,0,Trondheim S,SJN:Line:71,Nordlandsbanen,F7,rail,SJN:ServiceJourney:472_46160-R,True,actual,False,,,,,2026-09-07T15:44:36.205822+02:00
NSR:StopPlace:58954,Fauske stasjon,2026-09-07T14:23:00+02:00,2026-09-07T14:23:00+02:00,2026-09-07T14:23:00+02:00,0.0,0,Bodø,SJN:Line:79,Saltenpendelen,R75,rail,SJN:ServiceJourney:1787_41146-R,True,actual,False,,,,,2026-09-07T15:44:36.205822+02:00
NSR:StopPlace:58960,Trofors stasjon,2026-09-07T13:05:00+02:00,2026-09-07T13:03:22+02:00,2026-09-07T13:03:22+02:00,0.0,0,Hattfjelldal/Susendal,NOR:Line:12_8231,Susendal-Hattfjelldal-Trofors-,231,bus,NOR:ServiceJourney:8231_251111096198867_2004,True,actual,False,,,,,2026-09-07T15:44:36.205822+02:00
NSR:StopPlace:58960,Trofors stasjon,2026-09-07T14:20:00+02:00,2026-09-07T14:19:54+02:00,2026-09-07T14:19:54+02:00,0.0,0,Majavatn,NOR:Line:12_8235,Majavatn,235,bus,NOR:ServiceJourney:8235_251012124855290_2001,True,actual,False,,,,,2026-09-07T15:44:36.205822+02:00
NSR:StopPlace:58971,Mosjøen stasjon,2026-09-07T13:20:00+02:00,2026-09-07T13:20:00+02:00,2026-09-07T13:20:00+02:00,0.0,0,Bodø,SJN:Line:71,Nordlandsbanen,F7,rail,SJN:ServiceJourney:471_46158-R,True,actual,False,,,,,2026-09-07T15:44:36.205822+02:00
NSR:StopPlace:58972,Lønsdal stasjon,2026-09-07T14:12:00+02:00,2026-09-07T14:12:00+02:00,2026-09-07T14:12:00+02:00,0.0,0,Trondheim S,SJN:Line:71,Nordlandsbanen,F7,rail,SJN:ServiceJourney:472_46160-R,True,actual,False,,,,,2026-09-07T15:44:36.205822+02:00
NSR:StopPlace:58927,Flåm stasjon,2026-09-07T13:30:00+02:00,2026-09-07T13:30:00+02:00,2026-09-07T13:30:00+02:00,0.0,0,Myrdal,VYG:Line:R45,Myrdal-Flåm,R45,rail,VYG:ServiceJourney:1860_465779-R,True,actual,False,,,,,2026-09-07T15:44:36.205822+02:00
NSR:StopPlace:58927,Flåm stasjon,2026-09-07T14:45:00+02:00,2026-09-07T14:45:00+02:00,2026-09-07T14:45:00+02:00,0.0,0,Myrdal,VYG:Line:R45,Myrdal-Flåm,R45,rail,VYG:ServiceJourney:1862_465782-R,True,actual,False,,,,,2026-09-07T15:44:36.205822+02:00
NSR:StopPlace:58930,Larvik stasjon,2026-09-07T14:35:00+02:00,2026-09-07T14:34:52+02:00,2026-09-07T14:34:52+02:00,0.0,0,Nordbyen,VKT:Line:81,Nordbyen-Nevlunghavn,81,bus,VKT:ServiceJourney:18135,True,actual,False,,,,,2026-09-07T15:44:36.205822+02:00
NSR:StopPlace:58936,Skatval stasjon,2026-09-07T14:40:00+02:00,2026-09-07T14:39:45+02:00,2026-09-07T14:39:45+02:00,0.0,0,Baar,ATB:Line:2_7702,Langstein - Skatval - Halsen,7702,bus,ATB:ServiceJourney:7702_260106098642007_7,True,actual,False,,,,,2026-09-07T15:44:36.205822+02:00
NSR:StopPlace:58946,Snåsa stasjon,2026-09-07T14:50:00+02:00,2026-09-07T14:48:11+02:00,2026-09-07T14:48:11+02:00,0.0,0,Imsdalen,ATB:Line:2_7329,Imsdalen - Snåsa,7329,bus,ATB:ServiceJourney:7329_260106098642385_7,True,actual,False,,,,,2026-09-07T15:44:36.205822+02:00
NSR:StopPlace:58946,Snåsa stasjon,2026-09-07T14:50:00+02:00,2026-09-07T14:48:44+02:00,2026-09-07T14:48:44+02:00,0.0,0,Oldernesset vegdele,ATB:Line:2_7328,Strindmoen - Snåsa,7328,bus,ATB:ServiceJourney:7328_260106098642376_5,True,actual,False,,,,,2026-09-07T15:44:36.205822+02:00
NSR:StopPlace:58947,Steinkjer stasjon,2026-09-07T14:02:00+02:00,2026-09-07T13:59:34+02:00,2026-09-07T13:59:34+02:00,0.0,0,Gaulstad,ATB:Line:2_7303,Ogndal - Steinkjer,7303,bus,ATB:ServiceJourney:7303_260106098640752_9,True,actual,False,,,,,2026-09-07T15:44:36.205822+02:00
NSR:StopPlace:58947,Steinkjer stasjon,2026-09-07T15:05:00+02:00,2026-09-07T14:57:46+02:00,2026-09-07T14:57:46+02:00,0.0,0,Solhaug,ATB:Line:2_733,Agle Snåsa - Steinkjer,733,bus,ATB:ServiceJourney:733_260106098641157_9,True,actual,False,,,,,2026-09-07T15:44:36.205822+02:00
NSR:StopPlace:58947,Steinkjer stasjon,2026-09-07T15:24:00+02:00,2026-09-07T15:20:01+02:00,2026-09-07T15:20:01+02:00,0.0,0,Campus Guldbergaunet,ATB:Line:2_7306,Steinkjer - Sparbu,7306,bus,ATB:ServiceJourney:7306_260106098640766_3,True,actual,False,,,,,2026-09-07T15:44:36.205822+02:00
NSR:StopPlace:58948,Stjørdal stasjon,2026-09-07T14:25:00+02:00,2026-09-07T14:23:47+02:00,2026-09-07T14:23:47+02:00,0.0,0,Husbyåsen via Terrassehusene,ATB:Line:2_92,92 StjørdalSt-HusbySnu.,92,bus,ATB:ServiceJourney:92_260219106440084_44,True,actual,False,,,,,2026-09-07T15:44:36.205822+02:00
NSR:StopPlace:58948,Stjørdal stasjon,2026-09-07T14:43:00+02:00,2026-09-07T14:42:06+02:00,2026-09-07T14:42:06+02:00,0.0,0,Husbyåsen via Terrassehusene,ATB:Line:2_92,92 StjørdalSt-HusbySnu.,92,bus,ATB:ServiceJourney:92_260219106441397_46,True,actual,False,,,,,2026-09-07T15:44:36.205822+02:00
NSR:StopPlace:58948,Stjørdal stasjon,2026-09-07T14:49:00+02:00,2026-09-07T14:46:22+02:00,2026-09-07T14:46:22+02:00,0.0,0,Trondheim,ATB:Line:2_311,Stjørdal - Trondheim,311,bus,ATB:ServiceJourney:311_260106098642758_54,True,actual,False,Endret tilbud ved Vikelvvegen,Sydgående avkjøringsrampe fra E6 ved Reppe er stengt frem til 21. september. Vikelvvegen og Ranheim fabrikker til sentrum blir ikke betjent av linje 311 i perioden. ,general,normal,2026-09-07T15:44:36.205822+02:00
NSR:StopPlace:58948,Stjørdal stasjon,2026-09-07T15:04:00+02:00,2026-09-07T15:03:09+02:00,2026-09-07T15:03:09+02:00,0.0,0,Husbyåsen via Terrassehusene,ATB:Line:2_92,92 StjørdalSt-HusbySnu.,92,bus,ATB:ServiceJourney:92_260219106439923_48,True,actual,False,,,,,2026-09-07T15:44:36.205822+02:00
NSR:StopPlace:58948,Stjørdal stasjon,2026-09-07T15:28:00+02:00,2026-09-07T15:26:35+02:00,2026-09-07T15:26:35+02:00,0.0,0,Halsen ungdomsskole,ATB:Line:2_7705,Halsen ungdomsskole - Skatval,7705,bus,ATB:ServiceJourney:7705_260106098642022_3,True,actual,False,,,,,2026-09-07T15:44:36.205822+02:00
NSR:StopPlace:58838,Røyken stasjon,2026-09-07T15:20:00+02:00,2026-09-07T15:19:59+02:00,2026-09-07T15:19:59+02:00,0.0,0,Kleiverfeltet,RUT:Line:2034,Kleiverfeltet - SPUSK,2034,bus,RUT:ServiceJourney:7e073a02a22973e2dce22777ba4a1f63,True,actual,False,,,,,2026-09-07T15:44:36.205822+02:00
NSR:StopPlace:58839,Steinberg stasjon,2026-09-07T15:35:00+02:00,2026-09-07T15:34:33+02:00,2026-09-07T15:34:33+02:00,0.0,0,Drammen via Mjøndalen,BRA:Line:4_6101,Drammen-Vikersund/Hønefoss,101,bus,BRA:ServiceJourney:6101_260415100161280_1044,True,actual,False,,,,,2026-09-07T15:44:36.205822+02:00
NSR:StopPlace:58844,Eidsvoll stasjon,2026-09-07T13:31:00+02:00,2026-09-07T13:30:52+02:00,2026-09-07T13:30:52+02:00,0.0,0,Kongsberg,VYG:Line:R12,Kongsberg-Oslo S-Eidsvoll,R12,rail,VYG:ServiceJourney:519_444320-R,True,actual,False,,,,,2026-09-07T15:44:36.205822+02:00
NSR:StopPlace:58844,Eidsvoll stasjon,2026-09-07T13:53:00+02:00,2026-09-07T13:52:57+02:00,2026-09-07T13:52:57+02:00,0.0,0,Drammen,VYG:Line:RE10,Drammen-Oslo S-Lillehammer,RE10,rail,VYG:ServiceJourney:318-LHM_444187-R,True,actual,False,,,,,2026-09-07T15:44:36.205822+02:00
NSR:StopPlace:58844,Eidsvoll stasjon,2026-09-07T14:31:00+02:00,2026-09-07T14:30:53+02:00,2026-09-07T14:30:53+02:00,0.0,0,Kongsberg,VYG:Line:R12,Kongsberg-Oslo S-Eidsvoll,R12,rail,VYG:ServiceJourney:521_444323-R,True,actual,False,,,,,2026-09-07T15:44:36.205822+02:00
NSR:StopPlace:58848,Haga stasjon,2026-09-07T15:28:00+02:00,2026-09-07T15:28:00+02:00,2026-09-07T15:28:00+02:00,0.0,0,Rånåsfoss,RUT:Line:455,Årnes -Rånåsfoss,455,bus,RUT:ServiceJourney:af1d0ebc4c01bcfde9e529677a1f2f48,True,actual,False,,,,,2026-09-07T15:44:36.205822+02:00
NSR:StopPlace:58858,Nittedal stasjon,2026-09-07T15:19:00+02:00,2026-09-07T15:18:59+02:00,2026-09-07T15:18:59+02:00,0.0,0,Oslo S,VYG:Line:R31,Skøyen-Jaren-Gjøvik,R31,rail,VYG:ServiceJourney:BUS-286_655637-R,True,actual,False,,,,,2026-09-07T15:44:36.205822+02:00
NSR:StopPlace:58863,Svingen stasjon,2026-09-07T14:21:00+02:00,2026-09-07T14:21:00+02:00,2026-09-07T14:21:00+02:00,0.0,0,Holterveien,RUT:Line:2732,Dammerud - Tofsrud - Lystad - Riddersand skole,2732,bus,RUT:ServiceJourney:bee28ee86fea324514ac2186ba4edfa3,True,actual,False,,,,,2026-09-07T15:44:36.205822+02:00
NSR:StopPlace:58863,Svingen stasjon,2026-09-07T14:21:00+02:00,2026-09-07T14:21:00+02:00,2026-09-07T14:21:00+02:00,0.0,0,Holterveien,RUT:Line:2732,Dammerud - Tofsrud - Lystad - Riddersand skole,2732,bus,RUT:ServiceJourney:43a639fbd89c8e3ad1c5339a9a7cd24d,True,actual,False,,,,,2026-09-07T15:44:36.205822+02:00
NSR:StopPlace:58863,Svingen stasjon,2026-09-07T14:57:00+02:00,2026-09-07T14:57:00+02:00,2026-09-07T14:57:00+02:00,0.0,0,Holterveien,RUT:Line:2732,Dammerud - Tofsrud - Lystad - Riddersand skole,2732,bus,RUT:ServiceJourney:1d450cd317865ff93997d97abef0b84c,True,actual,False,,,,,2026-09-07T15:44:36.205822+02:00
NSR:StopPlace:58868,Årnes stasjon,2026-09-07T15:07:00+02:00,2026-09-07T15:07:00+02:00,2026-09-07T15:07:00+02:00,0.0,0,Asker,VYG:Line:R14,Asker-Oslo S-Kongsvinger,R14,rail,VYG:ServiceJourney:1022_442930-R,True,actual,False,,,,,2026-09-07T15:44:36.205822+02:00
NSR:StopPlace:58868,Årnes stasjon,2026-09-07T15:10:00+02:00,2026-09-07T15:10:00+02:00,2026-09-07T15:10:00+02:00,0.0,0,Rånåsfoss,RUT:Line:455,Årnes -Rånåsfoss,455,bus,RUT:ServiceJourney:af1d0ebc4c01bcfde9e529677a1f2f48,True,actual,False,,,,,2026-09-07T15:44:36.205822+02:00
NSR:StopPlace:58868,Årnes stasjon,2026-09-07T15:19:00+02:00,2026-09-07T15:19:00+02:00,2026-09-07T15:19:00+02:00,0.0,0,Aktivitetsvegen,RUT:Line:450,Årnes - Oslo lufthavn,450,bus,RUT:ServiceJourney:f7007fb370e1e5f22e62da8c5238d104,True,actual,False,,,,,2026-09-07T15:44:36.205822+02:00
NSR:StopPlace:58877,Bø stasjon,2026-09-07T14:12:00+02:00,2026-09-07T14:10:51+02:00,2026-09-07T14:10:51+02:00,0.0,0,Seljord,TEL:Line:8181,Seljord-Bø-Skien,R1,bus,TEL:ServiceJourney:127093,True,actual,False,,,,,2026-09-07T15:44:36.205822+02:00
NSR:StopPlace:58877,Bø stasjon,2026-09-07T15:12:00+02:00,2026-09-07T15:06:12+02:00,2026-09-07T15:06:12+02:00,0.0,0,Skien stasjon,TEL:Line:8181,Seljord-Bø-Skien,R1,bus,TEL:ServiceJourney:127058,True,actual,False,,,,,2026-09-07T15:44:36.205822+02:00
NSR:StopPlace:58877,Bø stasjon,2026-09-07T15:42:00+02:00,2026-09-07T15:40:51+02:00,2026-09-07T15:40:51+02:00,0.0,0,Skien stasjon,TEL:Line:8181,Seljord-Bø-Skien,R1,bus,TEL:ServiceJourney:127059,True,actual,False,,,,,2026-09-07T15:44:36.205822+02:00
NSR:StopPlace:58884,Skien stasjon,2026-09-07T15:28:00+02:00,2026-09-07T15:27:40+02:00,2026-09-07T15:27:40+02:00,0.0,0,Siljan,TEL:Line:8047,Siljan-Skien-Åfoss,P7,bus,TEL:ServiceJourney:127433,True,actual,False,,,,,2026-09-07T15:44:36.205822+02:00
NSR:StopPlace:58802,Spydeberg stasjon,2026-09-07T15:07:00+02:00,2026-09-07T15:06:32+02:00,2026-09-07T15:06:32+02:00,0.0,0,Askim stasjon,OST:Line:1_409,Askim-Spydeberg,409,bus,OST:ServiceJourney:409_260325121471393_6,True,actual,False,,,,,2026-09-07T15:44:36.205822+02:00
NSR:StopPlace:58810,Løten stasjon,2026-09-07T14:15:00+02:00,2026-09-07T14:10:00+02:00,2026-09-07T14:10:00+02:00,0.0,0,Elverum,INN:Line:804,Løten - Elverum - Hernes,804,bus,INN:ServiceJourney:86281,True,actual,False,,,,,2026-09-07T15:44:36.205822+02:00
NSR:StopPlace:58810,Løten stasjon,2026-09-07T14:19:00+02:00,2026-09-07T14:18:59+02:00,2026-09-07T14:18:59+02:00,0.0,0,Ådalsbruk - Hamar,INN:Line:692,Hamar - Ådalsbruk - Løten,692,bus,INN:ServiceJourney:84303,True,actual,False,,,,,2026-09-07T15:44:36.205822+02:00
NSR:StopPlace:58813,Skarnes stasjon,2026-09-07T15:45:00+02:00,2026-09-07T15:43:08+02:00,2026-09-07T15:43:08+02:00,0.0,0,Mo - Knapper - Sand,INN:Line:704,Sand - Mo -Skarnes/ Kongsv.,704,bus,INN:ServiceJourney:76532,True,actual,False,,,,,2026-09-07T15:44:36.205822+02:00
NSR:StopPlace:58813,Skarnes stasjon,2026-09-07T15:44:00+02:00,2026-09-07T15:43:16+02:00,2026-09-07T15:43:16+02:00,0.0,0,Kongsvinger,INN:Line:700,Kongsvinger-Skarnes-Sand,700,bus,INN:ServiceJourney:82378,True,actual,False,,,,,2026-09-07T15:44:36.205822+02:00
NSR:StopPlace:58815,Bleiken stasjon,2026-09-07T15:07:00+02:00,2026-09-07T15:06:59+02:00,2026-09-07T15:06:59+02:00,0.0,0,Brandbu via Eggelinna,INN:Line:454,Brandbu-Hennung,454,bus,INN:ServiceJourney:71368,True,actual,False,,,,,2026-09-07T15:44:36.205822+02:00
NSR:StopPlace:58825,Raufoss stasjon,2026-09-07T14:15:00+02:00,2026-09-07T14:14:27+02:00,2026-09-07T14:14:27+02:00,0.0,0,Gjøvik-Lena,INN:Line:46,Lena-Raufoss-Gjøvik-Kapp-Lena,B46,bus,INN:ServiceJourney:76836,True,actual,False,,,,,2026-09-07T15:44:36.205822+02:00
NSR:StopPlace:58826,Reinsvoll stasjon,2026-09-07T14:19:00+02:00,2026-09-07T14:18:56+02:00,2026-09-07T14:18:56+02:00,0.0,0,Reinsvoll-Skjærdalen,INN:Line:435,Skjærdalen-Reinsvoll-Raufoss,435,bus,INN:ServiceJourney:66220,True,actual,False,,,,,2026-09-07T15:44:36.205822+02:00
NSR:StopPlace:101,Sagdalen stasjon,2026-09-07T15:13:00+02:00,2026-09-07T15:13:00+02:00,2026-09-07T15:13:00+02:00,0.0,0,Spikkestad,VYG:Line:L1,Spikkestad-Oslo S-Lillestrøm,L1,rail,VYG:ServiceJourney:2243_443656-R,True,actual,False,,,,,2026-09-07T15:44:36.205822+02:00
NSR:StopPlace:393,Leangen stasjon,2026-09-07T15:00:00+02:00,2026-09-07T14:59:55+02:00,2026-09-07T14:59:55+02:00,0.0,0,Melhus skysstasjon,SJN:Line:26,Trønderbanen,R70,rail,SJN:ServiceJourney:1722-STJ_55556-R,True,actual,False,,,,,2026-09-07T15:44:36.205822+02:00
NSR:StopPlace:313,Høybråten stasjon,2026-09-07T15:23:00+02:00,2026-09-07T15:22:47+02:00,2026-09-07T15:22:47+02:00,0.0,0,Spikkestad,VYG:Line:L1,Spikkestad-Oslo S-Lillestrøm,L1,rail,VYG:ServiceJourney:2243_443656-R,True,actual,False,,,,,2026-09-07T15:44:36.205822+02:00
NSR:StopPlace:369,Kvål stasjon,2026-09-07T12:43:00+02:00,2026-09-07T12:41:47+02:00,2026-09-07T12:41:47+02:00,0.0,0,Steinkjer,SJN:Line:26,Trønderbanen,R70,rail,SJN:ServiceJourney:437_56066-R,True,actual,False,,,,,2026-09-07T15:44:36.205822+02:00
NSR:StopPlace:369,Kvål stasjon,2026-09-07T13:43:00+02:00,2026-09-07T13:42:20+02:00,2026-09-07T13:42:20+02:00,0.0,0,Steinkjer,SJN:Line:26,Trønderbanen,R70,rail,SJN:ServiceJourney:439_56068-R,True,actual,False,,,,,2026-09-07T15:44:36.205822+02:00
NSR:StopPlace:374,Göteborg Centralstation,2026-09-07T12:14:00+02:00,2026-09-07T12:14:00+02:00,2026-09-07T12:14:00+02:00,0.0,0,Oslo S,VYG:Line:RE20,Oslo S-Halden-Göteborg (X-Border),RE20,rail,VYG:ServiceJourney:388-122_466012-R,True,actual,False,,,,,2026-09-07T15:44:36.205822+02:00
NSR:StopPlace:374,Göteborg Centralstation,2026-09-07T14:14:00+02:00,2026-09-07T14:14:00+02:00,2026-09-07T14:14:00+02:00,0.0,0,Oslo S,VYG:Line:RE20,Oslo S-Halden-Göteborg (X-Border),RE20,rail,VYG:ServiceJourney:390-126_459684-R,True,actual,False,,,,,2026-09-07T15:44:36.205822+02:00
NSR:StopPlace:302,Gjøvik stasjon,2026-09-07T15:34:00+02:00,2026-09-07T15:34:00+02:00,2026-09-07T15:34:00+02:00,0.0,0,Roa,VYG:Line:RE30,Oslo S-Gjøvik,RE30,rail,VYG:ServiceJourney:1224-GJOe_589171-R,True,actual,False,,,,,2026-09-07T15:44:36.205822+02:00
NSR:StopPlace:206,Mariero stasjon,2026-09-07T14:59:00+02:00,2026-09-07T14:58:52+02:00,2026-09-07T14:58:52+02:00,0.0,0,Egersund,GOA:Line:59,Jærbanen,L5,rail,GOA:ServiceJourney:3044_63087-R,True,actual,False,,,,,2026-09-07T15:44:36.205822+02:00
NSR:StopPlace:416,Vikhammer stasjon,2026-09-07T14:45:00+02:00,2026-09-07T14:44:50+02:00,2026-09-07T14:44:50+02:00,0.0,0,Melhus skysstasjon,SJN:Line:26,Trønderbanen,R70,rail,SJN:ServiceJourney:1722-STJ_55556-R,True,actual,False,,,,,2026-09-07T15:44:36.205822+02:00
NSR:StopPlace:62310,Brusand stasjon,2026-09-07T14:40:00+02:00,2026-09-07T14:39:54+02:00,2026-09-07T14:39:54+02:00,0.0,0,Stavanger,GOA:Line:59,Jærbanen,L5,rail,GOA:ServiceJourney:3041_63082-R,True,actual,False,,,,,2026-09-07T15:44:36.205822+02:00
NSR:StopPlace:62338,Fossum stasjon,2026-09-07T14:59:00+02:00,2026-09-07T14:59:00+02:00,2026-09-07T14:59:00+02:00,0.0,0,Toreid,RUT:Line:2634,Skugstad - Mork - Blaker skole - Sørumsand,2634,bus,RUT:ServiceJourney:e8521cc589b83d8d96350109baafb1cc,True,actual,False,,,,,2026-09-07T15:44:36.205822+02:00
NSR:StopPlace:62338,Fossum stasjon,2026-09-07T15:20:00+02:00,2026-09-07T15:20:00+02:00,2026-09-07T15:20:00+02:00,0.0,0,Sørumsand,RUT:Line:2634,Skugstad - Mork - Blaker skole - Sørumsand,2634,bus,RUT:ServiceJourney:e8521cc589b83d8d96350109baafb1cc,True,actual,False,,,,,2026-09-07T15:44:36.205822+02:00
NSR:StopPlace:62346,Bjorli stasjon,2026-09-07T15:08:00+02:00,2026-09-07T15:08:00+02:00,2026-09-07T15:08:00+02:00,0.0,0,Dombås,SJN:Line:22,Raumabanen,R65,rail,SJN:ServiceJourney:2346_42983-R,True,actual,False,,,,,2026-09-07T15:44:36.205822+02:00
NSR:StopPlace:62373,Berkåk stasjon,2026-09-07T15:41:00+02:00,2026-09-07T15:41:00+02:00,2026-09-07T15:41:00+02:00,0.0,0,Trondheim S,SJN:Line:21,Dovrebanen,F6,rail,SJN:ServiceJourney:45-LOD_48255-R,True,actual,False,,,,,2026-09-07T15:44:36.205822+02:00
NSR:StopPlace:8,Paradis stasjon,2026-09-07T07:26:00+02:00,2026-09-07T07:25:56+02:00,2026-09-07T07:25:56+02:00,0.0,0,Nærbø,GOA:Line:59,Jærbanen,L5,rail,GOA:ServiceJourney:3014_63046-R,True,actual,False,,,,,2026-09-07T08:42:24.659182+02:00
NSR:StopPlace:8,Paradis stasjon,2026-09-07T08:41:00+02:00,2026-09-07T08:41:00+02:00,2026-09-07T08:41:00+02:00,0.0,0,Skeiane,GOA:Line:59,Jærbanen,L5,rail,GOA:ServiceJourney:3116_63161-R,True,actual,False,,,,,2026-09-07T08:42:24.659182+02:00
NSR:StopPlace:61334,Ogna stasjon,2026-09-07T08:31:00+02:00,2026-09-07T08:30:54+02:00,2026-09-07T08:30:54+02:00,0.0,0,Stavanger,GOA:Line:59,Jærbanen,L5,rail,GOA:ServiceJourney:3017_63049-R,True,actual,False,,,,,2026-09-07T08:42:24.659182+02:00
NSR:StopPlace:61341,Drevvatn stasjon,2026-09-07T07:46:00+02:00,2026-09-07T07:44:23+02:00,2026-09-07T07:44:23+02:00,0.0,0,Granmoen skole/Mosjøen sentrum,NOR:Line:12_8253,Mosjøen-Granmoen-Drevvatn-Elsf,253,bus,NOR:ServiceJourney:8253_251012124859999_2004,True,actual,False,,,,,2026-09-07T08:42:24.659182+02:00
NSR:StopPlace:61707,Jevnaker stasjon,2026-09-07T06:29:00+02:00,2026-09-07T06:28:46+02:00,2026-09-07T06:28:46+02:00,0.0,0,Jevnaker via Grymyr,INN:Line:453,Brandbu-Grymyr-Jevnaker,453,bus,INN:ServiceJourney:84281,True,actual,False,,,,,2026-09-07T08:42:24.659182+02:00
NSR:StopPlace:59646,Høvik stasjon,2026-09-07T06:07:00+02:00,2026-09-07T06:06:57+02:00,2026-09-07T06:06:57+02:00,0.0,0,Lillestrøm,VYG:Line:L1,Spikkestad-Oslo S-Lillestrøm,L1,rail,VYG:ServiceJourney:2106_443510-R,True,actual,False,,,,,2026-09-07T08:42:24.659182+02:00
NSR:StopPlace:59648,Kjelsås stasjon,2026-09-07T07:08:00+02:00,2026-09-07T07:07:22+02:00,2026-09-07T07:07:22+02:00,0.0,0,Nydalen,VYG:Line:R31,Skøyen-Jaren-Gjøvik,R31,rail,VYG:ServiceJourney:BUS-244_655562-R,True,actual,False,,,,,2026-09-07T08:42:24.659182+02:00
NSR:StopPlace:59649,Nydalen stasjon,2026-09-07T06:46:00+02:00,2026-09-07T06:45:54+02:00,2026-09-07T06:45:54+02:00,0.0,0,Simensbråten,RUT:Line:23,Lysaker - Simensbråten,23,bus,RUT:ServiceJourney:804446b5f539fa7d326e32e7ef43f772,True,actual,False,,,,,2026-09-07T08:42:24.659182+02:00
NSR:StopPlace:59649,Nydalen stasjon,2026-09-07T07:03:00+02:00,2026-09-07T07:02:59+02:00,2026-09-07T07:02:59+02:00,0.0,0,Fornebu,RUT:Line:24,Fornebu vest - Brynseng T,24,bus,RUT:ServiceJourney:3fd1bb83e3ab5d43a087a734b23c9e61,True,actual,False,,,,,2026-09-07T08:42:24.659182+02:00
NSR:StopPlace:59649,Nydalen stasjon,2026-09-07T07:08:00+02:00,2026-09-07T07:07:50+02:00,2026-09-07T07:07:50+02:00,0.0,0,Lysaker,RUT:Line:23,Lysaker - Simensbråten,23,bus,RUT:ServiceJourney:ef40c25b83695909a6dd64a142104729,True,actual,False,,,,,2026-09-07T08:42:24.659182+02:00
NSR:StopPlace:59642,Rånåsfoss stasjon,2026-09-07T07:30:00+02:00,2026-09-07T07:30:00+02:00,2026-09-07T07:30:00+02:00,0.0,0,Runni,RUT:Line:453,Rånåsfoss - Årnes,453,bus,RUT:ServiceJourney:4660246894f5a5f06421adc30a23afa2,True,actual,False,,,,,2026-09-07T08:42:24.659182+02:00
NSR:StopPlace:59643,Grefsen stasjon,2026-09-07T07:03:00+02:00,2026-09-07T07:02:44+02:00,2026-09-07T07:02:44+02:00,0.0,0,Lysaker,RUT:Line:23,Lysaker - Simensbråten,23,bus,RUT:ServiceJourney:ef40c25b83695909a6dd64a142104729,True,actual,False,,,,,2026-09-07T08:42:24.659182+02:00
NSR:StopPlace:59643,Grefsen stasjon,2026-09-07T07:16:00+02:00,2026-09-07T07:15:35+02:00,2026-09-07T07:15:35+02:00,0.0,0,Gaustadalléen,RUT:Line:18,Grefsen st [4311] - Rikshospitalet,18,tram,RUT:ServiceJourney:dc5945f60733be8974b92d286ab8e311,True,actual,False,,,,,2026-09-07T08:42:24.659182+02:00
NSR:StopPlace:59658,Moi stasjon,2026-09-07T07:20:00+02:00,2026-09-07T07:19:52+02:00,2026-09-07T07:19:52+02:00,0.0,0,Egersund via Lagård,KOL:Line:8_2033,98,98,bus,KOL:ServiceJourney:2033_250903083241388_2002,True,actual,False,,,,,2026-09-07T08:42:24.659182+02:00
NSR:StopPlace:60640,Heimdal stasjon,2026-09-07T07:06:00+02:00,2026-09-07T07:05:26+02:00,2026-09-07T07:05:26+02:00,0.0,0,Lundåsen,ATB:Line:2_46,Torgård- Lundåsen,46,bus,ATB:ServiceJourney:46_251215112544082_6,True,actual,False,,,,,2026-09-07T08:42:24.659182+02:00
NSR:StopPlace:59650,Nyland stasjon,2026-09-07T07:12:00+02:00,2026-09-07T07:11:54+02:00,2026-09-07T07:11:54+02:00,0.0,0,Økern,RUT:Line:67,Økern-Lørenskog sentrum,67,bus,RUT:ServiceJourney:d7d372ed6a50de00fecc3ec1c29a888d,True,actual,False,,,,,2026-09-07T08:42:24.659182+02:00
NSR:StopPlace:59654,Stabekk stasjon,2026-09-07T07:22:00+02:00,2026-09-07T07:21:29+02:00,2026-09-07T07:21:29+02:00,0.0,0,Bekkestua,RUT:Line:145,Bekkestua - Fornebu,145,bus,RUT:ServiceJourney:36fbbd3e75c1dd054db952d1d59c4c73,True,actual,False,Holdeplass Stabekk stasjon i retning mot Bekkestua er flyttet ca. 50 meter bakover.,Dette skyldes anleggsarbeid i området.,incident,normal,2026-09-07T08:42:24.659182+02:00
NSR:StopPlace:59703,Åndalsnes stasjon,2026-09-07T07:18:00+02:00,2026-09-07T07:18:00+02:00,2026-09-07T07:18:00+02:00,0.0,0,Dombås,SJN:Line:22,Raumabanen,R65,rail,SJN:ServiceJourney:2340_48219-R,True,actual,False,,,,,2026-09-07T08:42:24.659182+02:00
NSR:StopPlace:59952,Drammen stasjon,2026-09-07T06:47:00+02:00,2026-09-07T06:46:55+02:00,2026-09-07T06:46:55+02:00,0.0,0,Eidsvoll,VYG:Line:RE11,Eidsvoll-Oslo S-Skien,RE11,rail,VYG:ServiceJourney:804_444384-R,True,actual,False,,,,,2026-09-07T08:42:24.659182+02:00
NSR:StopPlace:59977,Trondheim S,2026-09-07T06:15:00+02:00,2026-09-07T06:14:52+02:00,2026-09-07T06:14:52+02:00,0.0,0,Steinkjer,SJN:Line:26,Trønderbanen,R70,rail,SJN:ServiceJourney:423_56052-R,True,actual,False,,,,,2026-09-07T08:42:24.659182+02:00
NSR:StopPlace:59174,Løkken stasjon,2026-09-07T07:19:00+02:00,2026-09-07T07:17:42+02:00,2026-09-07T07:17:42+02:00,0.0,0,Meldal vgs,ATB:Line:2_5602,Meldal rbst - Storås - Dragset,5602,bus,ATB:ServiceJourney:5602_260106098640107_2,True,actual,False,,,,,2026-09-07T08:42:24.659182+02:00
NSR:StopPlace:59243,Mo i Rana stasjon,2026-09-07T08:11:00+02:00,2026-09-07T08:11:00+02:00,2026-09-07T08:11:00+02:00,0.0,0,Trondheim S,SJN:Line:71,Nordlandsbanen,F7,rail,SJN:ServiceJourney:478_42792-R,True,actual,False,,,,,2026-09-07T08:42:24.659182+02:00
NSR:StopPlace:59244,Egersund stasjon,2026-09-07T06:47:00+02:00,2026-09-07T06:47:00+02:00,2026-09-07T06:47:00+02:00,0.0,0,Stavanger,GOA:Line:59,Jærbanen,L5,rail,GOA:ServiceJourney:3011_63043-R,True,actual,False,,,,,2026-09-07T08:42:24.659182+02:00
NSR:StopPlace:59244,Egersund stasjon,2026-09-07T07:42:00+02:00,2026-09-07T07:41:35+02:00,2026-09-07T07:41:35+02:00,0.0,0,Hellvik skole,KOL:Line:8_2612,SK0113,SK0113,bus,KOL:ServiceJourney:2612_250903083248030_2000,True,actual,False,,,,,2026-09-07T08:42:24.659182+02:00
NSR:StopPlace:59244,Egersund stasjon,2026-09-07T08:14:00+02:00,2026-09-07T08:09:44+02:00,2026-09-07T08:09:44+02:00,0.0,0,Lagård,KOL:Line:8_2602,SK0103,SK0103,bus,KOL:ServiceJourney:2602_250903083245368_1000,True,actual,False,,,,,2026-09-07T08:42:24.659182+02:00
NSR:StopPlace:59244,Egersund stasjon,2026-09-07T08:15:00+02:00,2026-09-07T08:11:03+02:00,2026-09-07T08:11:03+02:00,0.0,0,Lagård,KOL:Line:8_2602,SK0103,SK0103,bus,KOL:ServiceJourney:2602_250903083245368_1000,True,actual,False,,,,,2026-09-07T08:42:24.659182+02:00
NSR:StopPlace:59244,Egersund stasjon,2026-09-07T08:14:00+02:00,2026-09-07T08:13:01+02:00,2026-09-07T08:13:01+02:00,0.0,0,Egersund via Lagård,KOL:Line:8_2616,SK0117,SK0117,bus,KOL:ServiceJourney:2616_250903083245424_2000,True,actual,False,,,,,2026-09-07T08:42:24.659182+02:00
NSR:StopPlace:59244,Egersund stasjon,2026-09-07T08:17:00+02:00,2026-09-07T08:16:08+02:00,2026-09-07T08:16:08+02:00,0.0,0,Egersund,KOL:Line:8_2029,93,93,bus,KOL:ServiceJourney:2029_250903083241469_2003,True,actual,False,,,,,2026-09-07T08:42:24.659182+02:00
NSR:StopPlace:59244,Egersund stasjon,2026-09-07T08:17:00+02:00,2026-09-07T08:16:53+02:00,2026-09-07T08:16:53+02:00,0.0,0,Stavanger,GOA:Line:59,Jærbanen,L5,rail,GOA:ServiceJourney:3017_63049-R,True,actual,False,,,,,2026-09-07T08:42:24.659182+02:00
NSR:StopPlace:59261,Trondheim lufthavn,2026-09-07T06:53:00+02:00,2026-09-07T06:52:58+02:00,2026-09-07T06:52:58+02:00,0.0,0,Steinkjer,SJN:Line:26,Trønderbanen,R70,rail,SJN:ServiceJourney:423_56052-R,True,actual,False,,,,,2026-09-07T08:42:24.659182+02:00
NSR:StopPlace:59638,Myrvoll stasjon,2026-09-07T07:26:00+02:00,2026-09-07T07:26:00+02:00,2026-09-07T07:26:00+02:00,0.0,0,Ski stasjon,RUT:Line:580,Kolbotn - Ski,580,bus,RUT:ServiceJourney:efb4958da179db868fc5cf3d5523ae22,True,actual,False,,,,,2026-09-07T08:42:24.659182+02:00
NSR:StopPlace:58952,Bodø stasjon,2026-09-07T07:17:00+02:00,2026-09-07T07:16:27+02:00,2026-09-07T07:16:27+02:00,0.0,0,Tverlandet,NOR:Line:12_8004,Tverlandet - Bodø sentrum - Løpsmarka,4,bus,NOR:ServiceJourney:8004_251012124900551_1004,True,actual,False,,,,,2026-09-07T08:42:24.659182+02:00
NSR:StopPlace:58952,Bodø stasjon,2026-09-07T07:36:00+02:00,2026-09-07T07:36:00+02:00,2026-09-07T07:36:00+02:00,0.0,0,Mosjøen,SJN:Line:71,Nordlandsbanen,F7,rail,SJN:ServiceJourney:470_48259-R,True,actual,False,,,,,2026-09-07T08:42:24.659182+02:00
NSR:StopPlace:58954,Fauske stasjon,2026-09-07T08:21:00+02:00,2026-09-07T08:21:00+02:00,2026-09-07T08:21:00+02:00,0.0,0,Mosjøen,SJN:Line:71,Nordlandsbanen,F7,rail,SJN:ServiceJourney:470_48259-R,True,actual,False,,,,,2026-09-07T08:42:24.659182+02:00
NSR:StopPlace:58958,Rognan stasjon,2026-09-07T05:35:00+02:00,2026-09-07T05:35:00+02:00,2026-09-07T05:35:00+02:00,0.0,0,Bodø,SJN:Line:79,Saltenpendelen,R75,rail,SJN:ServiceJourney:1781_48207-R,True,actual,False,,,,,2026-09-07T08:42:24.659182+02:00
NSR:StopPlace:58958,Rognan stasjon,2026-09-07T06:33:00+02:00,2026-09-07T06:33:00+02:00,2026-09-07T06:33:00+02:00,0.0,0,Bodø,SJN:Line:79,Saltenpendelen,R75,rail,SJN:ServiceJourney:1783_48208-R,True,actual,False,,,,,2026-09-07T08:42:24.659182+02:00
NSR:StopPlace:58958,Rognan stasjon,2026-09-07T08:15:00+02:00,2026-09-07T08:14:54+02:00,2026-09-07T08:14:54+02:00,0.0,0,Bleiknes kryss,NOR:Line:12_8472,Fauske-Rognan-Vassbotnfjell-Ev,472,bus,NOR:ServiceJourney:8472_251012124858990_1010,True,actual,False,,,,,2026-09-07T08:42:24.659182+02:00
NSR:StopPlace:58958,Rognan stasjon,2026-09-07T08:39:00+02:00,2026-09-07T08:39:00+02:00,2026-09-07T08:39:00+02:00,0.0,0,Mosjøen,SJN:Line:71,Nordlandsbanen,F7,rail,SJN:ServiceJourney:470_48259-R,True,actual,False,,,,,2026-09-07T08:42:24.659182+02:00
NSR:StopPlace:58964,Kløfta stasjon,2026-09-07T07:50:00+02:00,2026-09-07T07:50:00+02:00,2026-09-07T07:50:00+02:00,0.0,0,Hvam vgs,RUT:Line:3682,Skedsmokorset - Frogner - Kløfta - Hvam vgs,3682,bus,RUT:ServiceJourney:ce6bb059426d34851d6c936c0685591e,True,actual,False,,,,,2026-09-07T08:42:24.659182+02:00
NSR:StopPlace:58960,Trofors stasjon,2026-09-07T07:05:00+02:00,2026-09-07T07:04:58+02:00,2026-09-07T07:04:58+02:00,0.0,0,Mosjøen stasjon,NOR:Line:12_8231,Susendal-Hattfjelldal-Trofors-,231,bus,NOR:ServiceJourney:8231_251111096186122_1001,True,actual,False,,,,,2026-09-07T08:42:24.659182+02:00
NSR:StopPlace:58971,Mosjøen stasjon,2026-09-07T06:42:00+02:00,2026-09-07T06:42:00+02:00,2026-09-07T06:42:00+02:00,0.0,0,Mo i Rana,SJN:Line:71,Nordlandsbanen,F7,rail,SJN:ServiceJourney:483_48266-R,True,actual,False,,,,,2026-09-07T08:42:24.659182+02:00
NSR:StopPlace:58924,Bryne stasjon,2026-09-07T06:23:00+02:00,2026-09-07T06:22:38+02:00,2026-09-07T06:22:38+02:00,0.0,0,Stavanger,GOA:Line:59,Jærbanen,L5,rail,GOA:ServiceJourney:3005_63036-R,True,actual,False,,,,,2026-09-07T08:42:24.659182+02:00
NSR:StopPlace:58924,Bryne stasjon,2026-09-07T06:40:00+02:00,2026-09-07T06:40:00+02:00,2026-09-07T06:40:00+02:00,0.0,0,Lyefjell,KOL:Line:8_2017,50,50,bus,KOL:ServiceJourney:2017_260407061522949_2001,True,actual,False,,,,,2026-09-07T08:42:24.659182+02:00
NSR:StopPlace:58925,Gausel stasjon,2026-09-07T06:10:00+02:00,2026-09-07T06:09:17+02:00,2026-09-07T06:09:17+02:00,0.0,0,Sandnes,KOL:Line:8_1001,1,1,bus,KOL:ServiceJourney:1001_251008118343317_1001,True,actual,False,,,,,2026-09-07T08:42:24.659182+02:00
NSR:StopPlace:58925,Gausel stasjon,2026-09-07T06:14:00+02:00,2026-09-07T06:13:59+02:00,2026-09-07T06:13:59+02:00,0.0,0,Sandnes,KOL:Line:8_1007,6,6,bus,KOL:ServiceJourney:1007_260729080907356_1001,True,actual,False,,,,,2026-09-07T08:42:24.659182+02:00
NSR:StopPlace:58925,Gausel stasjon,2026-09-07T06:20:00+02:00,2026-09-07T06:18:50+02:00,2026-09-07T06:18:50+02:00,0.0,0,Sandnes,KOL:Line:8_1001,1,1,bus,KOL:ServiceJourney:1001_251008118343433_1002,True,actual,False,,,,,2026-09-07T08:42:24.659182+02:00
NSR:StopPlace:58925,Gausel stasjon,2026-09-07T06:22:00+02:00,2026-09-07T06:21:17+02:00,2026-09-07T06:21:17+02:00,0.0,0,Stavanger,KOL:Line:8_1003,2,2,bus,KOL:ServiceJourney:1003_251008123091534_2006,True,actual,False,,,,,2026-09-07T08:42:24.659182+02:00
NSR:StopPlace:58925,Gausel stasjon,2026-09-07T06:25:00+02:00,2026-09-07T06:23:32+02:00,2026-09-07T06:23:32+02:00,0.0,0,Forus,KOL:Line:8_1003,2,2,bus,KOL:ServiceJourney:1003_251008123066343_1003,True,actual,False,,,,,2026-09-07T08:42:24.659182+02:00
NSR:StopPlace:58925,Gausel stasjon,2026-09-07T06:30:00+02:00,2026-09-07T06:28:19+02:00,2026-09-07T06:28:19+02:00,0.0,0,Sandnes,KOL:Line:8_1001,1,1,bus,KOL:ServiceJourney:1001_251008118343543_1004,True,actual,False,,,,,2026-09-07T08:42:24.659182+02:00
NSR:StopPlace:58925,Gausel stasjon,2026-09-07T06:29:00+02:00,2026-09-07T06:28:49+02:00,2026-09-07T06:28:49+02:00,0.0,0,Sandnes,KOL:Line:8_1007,6,6,bus,KOL:ServiceJourney:1007_260729080907353_1004,True,actual,False,,,,,2026-09-07T08:42:24.659182+02:00
NSR:StopPlace:58925,Gausel stasjon,2026-09-07T06:40:00+02:00,2026-09-07T06:39:59+02:00,2026-09-07T06:39:59+02:00,0.0,0,Sandnes,KOL:Line:8_1001,1,1,bus,KOL:ServiceJourney:1001_251008118343653_1005,True,actual,False,,,,,2026-09-07T08:42:24.659182+02:00
NSR:StopPlace:58925,Gausel stasjon,2026-09-07T06:56:00+02:00,2026-09-07T06:55:54+02:00,2026-09-07T06:55:54+02:00,0.0,0,Egersund,GOA:Line:59,Jærbanen,L5,rail,GOA:ServiceJourney:3012_63044-R,True,actual,False,,,,,2026-09-07T08:42:24.659182+02:00
NSR:StopPlace:58927,Flåm stasjon,2026-09-07T07:20:00+02:00,2026-09-07T07:20:00+02:00,2026-09-07T07:20:00+02:00,0.0,0,Myrdal,VYG:Line:R45,Myrdal-Flåm,R45,rail,VYG:ServiceJourney:1850_465768-R,True,actual,False,,,,,2026-09-07T08:42:24.659182+02:00
NSR:StopPlace:58927,Flåm stasjon,2026-09-07T08:20:00+02:00,2026-09-07T08:20:00+02:00,2026-09-07T08:20:00+02:00,0.0,0,Myrdal,VYG:Line:R45,Myrdal-Flåm,R45,rail,VYG:ServiceJourney:1852_465771-R,True,actual,False,,,,,2026-09-07T08:42:24.659182+02:00
NSR:StopPlace:58930,Larvik stasjon,2026-09-07T05:32:00+02:00,2026-09-07T05:31:57+02:00,2026-09-07T05:31:57+02:00,0.0,0,Eidsvoll,VYG:Line:RE11,Eidsvoll-Oslo S-Skien,RE11,rail,VYG:ServiceJourney:804_444384-R,True,actual,False,,,,,2026-09-07T08:42:24.659182+02:00
NSR:StopPlace:58930,Larvik stasjon,2026-09-07T07:32:00+02:00,2026-09-07T07:32:00+02:00,2026-09-07T07:32:00+02:00,0.0,0,Eidsvoll,VYG:Line:RE11,Eidsvoll-Oslo S-Skien,RE11,rail,VYG:ServiceJourney:808_444388-R,True,actual,False,,,,,2026-09-07T08:42:24.659182+02:00
NSR:StopPlace:58931,Fannrem stasjon,2026-09-07T08:04:00+02:00,2026-09-07T08:02:47+02:00,2026-09-07T08:02:47+02:00,0.0,0,Orkanger skole,ATB:Line:2_5104,Ustan - Grøtte skole - Orkange,5104,bus,ATB:ServiceJourney:5104_260106098641955_2,True,actual,False,,,,,2026-09-07T08:42:24.659182+02:00
NSR:StopPlace:58932,Hommelvik stasjon,2026-09-07T08:16:00+02:00,2026-09-07T08:15:43+02:00,2026-09-07T08:15:43+02:00,0.0,0,Sveberg skole,ATB:Line:2_205,Storsand/Smiskaret- Hommelvik,205,bus,ATB:ServiceJourney:205_251215112549858_4,True,actual,False,,,,,2026-09-07T08:42:24.659182+02:00
NSR:StopPlace:58936,Skatval stasjon,2026-09-07T07:37:00+02:00,2026-09-07T07:36:19+02:00,2026-09-07T07:36:19+02:00,0.0,0,Stjørdal stasjon via Halsen ungd.skole,ATB:Line:2_7702,Langstein - Skatval - Halsen,7702,bus,ATB:ServiceJourney:7702_260106098642000_6,True,actual,False,,,,,2026-09-07T08:42:24.659182+02:00
NSR:StopPlace:58948,Stjørdal stasjon,2026-09-07T05:28:00+02:00,2026-09-07T05:24:01+02:00,2026-09-07T05:24:01+02:00,0.0,0,A Marienborg via Innherredsveien,ATB:Line:2_70,Stjørdal/Hommelvik- Trondheim,70,bus,ATB:ServiceJourney:70_251215112546987_2,True,actual,False,,,,,2026-09-07T08:42:24.659182+02:00
NSR:StopPlace:58948,Stjørdal stasjon,2026-09-07T05:58:00+02:00,2026-09-07T05:57:25+02:00,2026-09-07T05:57:25+02:00,0.0,0,Trondheim,ATB:Line:2_311,Stjørdal - Trondheim,311,bus,ATB:ServiceJourney:311_260106098642794_6,True,actual,False,Endret tilbud ved Vikelvvegen,Sydgående avkjøringsrampe fra E6 ved Reppe er stengt frem til 21. september. Vikelvvegen og Ranheim fabrikker til sentrum blir ikke betjent av linje 311 i perioden. ,general,normal,2026-09-07T08:42:24.659182+02:00
NSR:StopPlace:58948,Stjørdal stasjon,2026-09-07T06:13:00+02:00,2026-09-07T06:11:42+02:00,2026-09-07T06:11:42+02:00,0.0,0,Trondheim,ATB:Line:2_311,Stjørdal - Trondheim,311,bus,ATB:ServiceJourney:311_260106098642795_8,True,actual,False,Endret tilbud ved Vikelvvegen,Sydgående avkjøringsrampe fra E6 ved Reppe er stengt frem til 21. september. Vikelvvegen og Ranheim fabrikker til sentrum blir ikke betjent av linje 311 i perioden. ,general,normal,2026-09-07T08:42:24.659182+02:00
NSR:StopPlace:58948,Stjørdal stasjon,2026-09-07T06:38:00+02:00,2026-09-07T06:37:31+02:00,2026-09-07T06:37:31+02:00,0.0,0,Trondheim,ATB:Line:2_311,Stjørdal - Trondheim,311,bus,ATB:ServiceJourney:311_260106098642719_10,True,actual,False,Endret tilbud ved Vikelvvegen,Sydgående avkjøringsrampe fra E6 ved Reppe er stengt frem til 21. september. Vikelvvegen og Ranheim fabrikker til sentrum blir ikke betjent av linje 311 i perioden. ,general,normal,2026-09-07T08:42:24.659182+02:00
NSR:StopPlace:58948,Stjørdal stasjon,2026-09-07T06:48:00+02:00,2026-09-07T06:47:32+02:00,2026-09-07T06:47:32+02:00,0.0,0,Trondheim,ATB:Line:2_311,Stjørdal - Trondheim,311,bus,ATB:ServiceJourney:311_260106098642720_14,True,actual,False,Endret tilbud ved Vikelvvegen,Sydgående avkjøringsrampe fra E6 ved Reppe er stengt frem til 21. september. Vikelvvegen og Ranheim fabrikker til sentrum blir ikke betjent av linje 311 i perioden. ,general,normal,2026-09-07T08:42:24.659182+02:00
NSR:StopPlace:58948,Stjørdal stasjon,2026-09-07T06:58:00+02:00,2026-09-07T06:57:17+02:00,2026-09-07T06:57:17+02:00,0.0,0,Trondheim,ATB:Line:2_311,Stjørdal - Trondheim,311,bus,ATB:ServiceJourney:311_260106098642718_16,True,actual,False,Endret tilbud ved Vikelvvegen,Sydgående avkjøringsrampe fra E6 ved Reppe er stengt frem til 21. september. Vikelvvegen og Ranheim fabrikker til sentrum blir ikke betjent av linje 311 i perioden. ,general,normal,2026-09-07T08:42:24.659182+02:00
NSR:StopPlace:58948,Stjørdal stasjon,2026-09-07T07:10:00+02:00,2026-09-07T07:06:06+02:00,2026-09-07T07:06:06+02:00,0.0,0,Elvran > Lånke skole > Halsen > Fosslia skole,ATB:Line:2_7701,Lånke skole - Eidum/Geving/Hell,7701,bus,ATB:ServiceJourney:7701_260106098641998_3,True,actual,False,,,,,2026-09-07T08:42:24.659182+02:00
NSR:StopPlace:58948,Stjørdal stasjon,2026-09-07T07:10:00+02:00,2026-09-07T07:06:11+02:00,2026-09-07T07:06:11+02:00,0.0,0,Skjelstadmark - Hegra,ATB:Line:2_7711,Hegra - Skjelstadmark - Hovskogen - Stjørdal,7711,bus,ATB:ServiceJourney:7711_260106098642049_8,True,actual,False,,,,,2026-09-07T08:42:24.659182+02:00
NSR:StopPlace:58948,Stjørdal stasjon,2026-09-07T07:13:00+02:00,2026-09-07T07:09:07+02:00,2026-09-07T07:09:07+02:00,0.0,0,A Marienborg via Innherredsveien,ATB:Line:2_70,Stjørdal/Hommelvik- Trondheim,70,bus,ATB:ServiceJourney:70_251215112546910_18,True,actual,False,,,,,2026-09-07T08:42:24.659182+02:00
NSR:StopPlace:58948,Stjørdal stasjon,2026-09-07T07:15:00+02:00,2026-09-07T07:13:01+02:00,2026-09-07T07:13:01+02:00,0.0,0,Selbu skysstasjon,ATB:Line:2_430,Trondheim - Stjørdal - Selbu - (Tydal),430,bus,ATB:ServiceJourney:430_260106098643535_13,True,actual,False,,,,,2026-09-07T08:42:24.659182+02:00
NSR:StopPlace:58948,Stjørdal stasjon,2026-09-07T07:18:00+02:00,2026-09-07T07:16:51+02:00,2026-09-07T07:16:51+02:00,0.0,0,Trondheim,ATB:Line:2_311,Stjørdal - Trondheim,311,bus,ATB:ServiceJourney:311_260106098642722_22,True,actual,False,Endret tilbud ved Vikelvvegen,Sydgående avkjøringsrampe fra E6 ved Reppe er stengt frem til 21. september. Vikelvvegen og Ranheim fabrikker til sentrum blir ikke betjent av linje 311 i perioden. ,general,normal,2026-09-07T08:42:24.659182+02:00
NSR:StopPlace:58948,Stjørdal stasjon,2026-09-07T07:30:00+02:00,2026-09-07T07:28:07+02:00,2026-09-07T07:28:07+02:00,0.0,0,Geving > Lånke skole > Stjørdal stasjon,ATB:Line:2_7707,Stjørdal - Geving - Lerbakken,7707,bus,ATB:ServiceJourney:7707_260106098642030_1,True,actual,False,,,,,2026-09-07T08:42:24.659182+02:00
NSR:StopPlace:58948,Stjørdal stasjon,2026-09-07T07:30:00+02:00,2026-09-07T07:29:17+02:00,2026-09-07T07:29:17+02:00,0.0,0,Tangen,ATB:Line:2_92,92 StjørdalSt-HusbySnu.,92,bus,ATB:ServiceJourney:92_260219106439558_10,True,actual,False,,,,,2026-09-07T08:42:24.659182+02:00
NSR:StopPlace:58948,Stjørdal stasjon,2026-09-07T07:48:00+02:00,2026-09-07T07:47:14+02:00,2026-09-07T07:47:14+02:00,0.0,0,Trondheim,ATB:Line:2_311,Stjørdal - Trondheim,311,bus,ATB:ServiceJourney:311_260106098642723_28,True,actual,False,Endret tilbud ved Vikelvvegen,Sydgående avkjøringsrampe fra E6 ved Reppe er stengt frem til 21. september. Vikelvvegen og Ranheim fabrikker til sentrum blir ikke betjent av linje 311 i perioden. ,general,normal,2026-09-07T08:42:24.659182+02:00
NSR:StopPlace:58948,Stjørdal stasjon,2026-09-07T08:02:00+02:00,2026-09-07T07:58:43+02:00,2026-09-07T07:58:43+02:00,0.0,0,Husbyåsen via Terrassehusene,ATB:Line:2_92,92 StjørdalSt-HusbySnu.,92,bus,ATB:ServiceJourney:92_260219106440770_16,True,actual,False,,,,,2026-09-07T08:42:24.659182+02:00
NSR:StopPlace:58797,Mysen stasjon,2026-09-07T08:19:00+02:00,2026-09-07T08:18:47+02:00,2026-09-07T08:18:47+02:00,0.0,0,Mysen ungdomsskole,OST:Line:1_464,Mysen ungdomsskole,464,bus,OST:ServiceJourney:464_260325121475515_13,True,actual,False,,,,,2026-09-07T08:42:24.659182+02:00
NSR:StopPlace:58790,Verdal stasjon,2026-09-07T07:17:00+02:00,2026-09-07T07:13:54+02:00,2026-09-07T07:13:54+02:00,0.0,0,Verdalsøra ungdomsskole,ATB:Line:2_7505,Verdalsøra skole - Vinne,7505,bus,ATB:ServiceJourney:7505_260106098641168_4,True,actual,False,,,,,2026-09-07T08:42:24.659182+02:00
NSR:StopPlace:58790,Verdal stasjon,2026-09-07T07:40:00+02:00,2026-09-07T07:38:04+02:00,2026-09-07T07:38:04+02:00,0.0,0,Vuku skole,ATB:Line:2_7506,Forbregd - Stiklestad skole,7506,bus,ATB:ServiceJourney:7506_260106098640948_2,True,actual,False,,,,,2026-09-07T08:42:24.659182+02:00
NSR:StopPlace:58835,Lier stasjon,2026-09-07T08:17:00+02:00,2026-09-07T08:14:18+02:00,2026-09-07T08:14:18+02:00,0.0,0,St. Hallvard vgs,BRA:Line:4_6139,Drammen - Åmot - Hønefoss,139,bus,BRA:ServiceJourney:6139_260415100161341_1007,True,actual,False,,,,,2026-09-07T08:42:24.659182+02:00
NSR:StopPlace:58839,Steinberg stasjon,2026-09-07T07:01:00+02:00,2026-09-07T06:59:56+02:00,2026-09-07T06:59:56+02:00,0.0,0,Åssiden vgs,BRA:Line:4_6139,Drammen - Åmot - Hønefoss,139,bus,BRA:ServiceJourney:6139_260415100161339_1003,True,actual,False,,,,,2026-09-07T08:42:24.659182+02:00
NSR:StopPlace:58839,Steinberg stasjon,2026-09-07T07:35:00+02:00,2026-09-07T07:35:00+02:00,2026-09-07T07:35:00+02:00,0.0,0,Drammen via Mjøndalen,BRA:Line:4_6101,Drammen-Vikersund/Hønefoss,101,bus,BRA:ServiceJourney:6101_260415100161302_1072,True,actual,False,,,,,2026-09-07T08:42:24.659182+02:00
NSR:StopPlace:58844,Eidsvoll stasjon,2026-09-07T07:01:00+02:00,2026-09-07T07:00:54+02:00,2026-09-07T07:00:54+02:00,0.0,0,Skien,VYG:Line:RE11,Eidsvoll-Oslo S-Skien,RE11,rail,VYG:ServiceJourney:807_481326-R,True,actual,False,,,,,2026-09-07T08:42:24.659182+02:00
NSR:StopPlace:58844,Eidsvoll stasjon,2026-09-07T07:12:00+02:00,2026-09-07T07:11:48+02:00,2026-09-07T07:11:48+02:00,0.0,0,Oslo S,VYG:Line:RE10,Drammen-Oslo S-Lillehammer,RE10,rail,VYG:ServiceJourney:352-HMR_621900-R,True,actual,False,,,,,2026-09-07T08:42:24.659182+02:00
NSR:StopPlace:58844,Eidsvoll stasjon,2026-09-07T08:22:00+02:00,2026-09-07T08:21:47+02:00,2026-09-07T08:21:47+02:00,0.0,0,Oslo S,VYG:Line:RE10,Drammen-Oslo S-Lillehammer,RE10,rail,VYG:ServiceJourney:354-HMR_602473-R,True,actual,False,,,,,2026-09-07T08:42:24.659182+02:00
NSR:StopPlace:58848,Haga stasjon,2026-09-07T06:34:00+02:00,2026-09-07T06:34:00+02:00,2026-09-07T06:34:00+02:00,0.0,0,Rånåsfoss,RUT:Line:455,Årnes -Rånåsfoss,455,bus,RUT:ServiceJourney:e19e1abca7669bae4f72d10567a4e74e,True,actual,False,,,,,2026-09-07T08:42:24.659182+02:00
NSR:StopPlace:58848,Haga stasjon,2026-09-07T07:03:00+02:00,2026-09-07T07:03:00+02:00,2026-09-07T07:03:00+02:00,0.0,0,Rånåsfoss,RUT:Line:455,Årnes -Rånåsfoss,455,bus,RUT:ServiceJourney:825fe92f64be407765a3d42486ea721a,True,actual,False,,,,,2026-09-07T08:42:24.659182+02:00
NSR:StopPlace:58848,Haga stasjon,2026-09-07T07:34:00+02:00,2026-09-07T07:34:00+02:00,2026-09-07T07:34:00+02:00,0.0,0,Rånåsfoss,RUT:Line:455,Årnes -Rånåsfoss,455,bus,RUT:ServiceJourney:0f8719ce3ed897db52146ce5326f7aa9,True,actual,False,,,,,2026-09-07T08:42:24.659182+02:00
NSR:StopPlace:58848,Haga stasjon,2026-09-07T08:03:00+02:00,2026-09-07T08:03:00+02:00,2026-09-07T08:03:00+02:00,0.0,0,Rånåsfoss,RUT:Line:455,Årnes -Rånåsfoss,455,bus,RUT:ServiceJourney:951184637472c1abdd3fead0eeb23f0f,True,actual,False,,,,,2026-09-07T08:42:24.659182+02:00
NSR:StopPlace:58857,Lørenskog stasjon,2026-09-07T05:58:00+02:00,2026-09-07T05:57:55+02:00,2026-09-07T05:57:55+02:00,0.0,0,Økern,RUT:Line:67,Økern-Lørenskog sentrum,67,bus,RUT:ServiceJourney:739aaf693de3aadb86f4902951b1f33e,True,actual,False,,,,,2026-09-07T08:42:24.659182+02:00
NSR:StopPlace:58857,Lørenskog stasjon,2026-09-07T06:58:00+02:00,2026-09-07T06:57:56+02:00,2026-09-07T06:57:56+02:00,0.0,0,Økern,RUT:Line:67,Økern-Lørenskog sentrum,67,bus,RUT:ServiceJourney:d7d372ed6a50de00fecc3ec1c29a888d,True,actual,False,,,,,2026-09-07T08:42:24.659182+02:00
NSR:StopPlace:58858,Nittedal stasjon,2026-09-07T08:19:00+02:00,2026-09-07T08:18:26+02:00,2026-09-07T08:18:26+02:00,0.0,0,Oslo S,VYG:Line:RE30,Oslo S-Gjøvik,RE30,rail,VYG:ServiceJourney:BUS-1206_654992-R,True,actual,False,,,,,2026-09-07T08:42:24.659182+02:00
NSR:StopPlace:58863,Svingen stasjon,2026-09-07T08:15:00+02:00,2026-09-07T08:15:00+02:00,2026-09-07T08:15:00+02:00,0.0,0,Riddersand skole,RUT:Line:2732,Dammerud - Tofsrud - Lystad - Riddersand skole,2732,bus,RUT:ServiceJourney:cc84f052719e46f12e79c86e39f8734f,True,actual,False,,,,,2026-09-07T08:42:24.659182+02:00
NSR:StopPlace:58868,Årnes stasjon,2026-09-07T05:41:00+02:00,2026-09-07T05:41:00+02:00,2026-09-07T05:41:00+02:00,0.0,0,Rånåsfoss,RUT:Line:455,Årnes -Rånåsfoss,455,bus,RUT:ServiceJourney:0c1e02a84f0f1b308398b210a5361d5f,True,actual,False,,,,,2026-09-07T08:42:24.659182+02:00
NSR:StopPlace:58868,Årnes stasjon,2026-09-07T06:33:00+02:00,2026-09-07T06:32:57+02:00,2026-09-07T06:32:57+02:00,0.0,0,Asker,VYG:Line:R14,Asker-Oslo S-Kongsvinger,R14,rail,VYG:ServiceJourney:1052-KVG_442956-R,True,actual,False,,,,,2026-09-07T08:42:24.659182+02:00
NSR:StopPlace:58868,Årnes stasjon,2026-09-07T06:45:00+02:00,2026-09-07T06:45:00+02:00,2026-09-07T06:45:00+02:00,0.0,0,Rånåsfoss,RUT:Line:455,Årnes -Rånåsfoss,455,bus,RUT:ServiceJourney:825fe92f64be407765a3d42486ea721a,True,actual,False,,,,,2026-09-07T08:42:24.659182+02:00
NSR:StopPlace:58868,Årnes stasjon,2026-09-07T07:37:00+02:00,2026-09-07T07:24:00+02:00,2026-09-07T07:24:00+02:00,0.0,0,Eidsvoll,RUT:Line:441,Eidsvoll - Årnes,441,bus,RUT:ServiceJourney:bbefa0aa0c4e442fe55c5a9b656612a5,True,actual,False,,,,,2026-09-07T08:42:24.659182+02:00
NSR:StopPlace:58868,Årnes stasjon,2026-09-07T07:45:00+02:00,2026-09-07T07:45:00+02:00,2026-09-07T07:45:00+02:00,0.0,0,Rånåsfoss,RUT:Line:455,Årnes -Rånåsfoss,455,bus,RUT:ServiceJourney:951184637472c1abdd3fead0eeb23f0f,True,actual,False,,,,,2026-09-07T08:42:24.659182+02:00
NSR:StopPlace:58868,Årnes stasjon,2026-09-07T07:58:00+02:00,2026-09-07T07:58:00+02:00,2026-09-07T07:58:00+02:00,0.0,0,Runni,RUT:Line:453,Rånåsfoss - Årnes,453,bus,RUT:ServiceJourney:4660246894f5a5f06421adc30a23afa2,True,actual,False,,,,,2026-09-07T08:42:24.659182+02:00
NSR:StopPlace:58862,Strømmen stasjon,2026-09-07T06:06:00+02:00,2026-09-07T06:05:51+02:00,2026-09-07T06:05:51+02:00,0.0,0,Nittedal,RUT:Line:385,Nittedal stasjon - Olavsgaard - Ahus,385,bus,RUT:ServiceJourney:90685e548b20da697d6fa55575552bfa,True,actual,False,,,,,2026-09-07T08:42:24.659182+02:00
NSR:StopPlace:58876,Tønsberg stasjon,2026-09-07T06:31:00+02:00,2026-09-07T06:31:00+02:00,2026-09-07T06:31:00+02:00,0.0,0,Stokke - Sørby,VKT:Line:520,Tønsberg-Stokke,520,bus,VKT:ServiceJourney:17225,True,actual,False,,,,,2026-09-07T08:42:24.659182+02:00
NSR:StopPlace:58876,Tønsberg stasjon,2026-09-07T07:12:00+02:00,2026-09-07T07:11:59+02:00,2026-09-07T07:11:59+02:00,0.0,0,Tønsberg-Åsgårdstrand,VKT:Line:1,Horten-Tønsberg-Sandefjord,1,bus,VKT:ServiceJourney:15622,True,actual,False,,,,,2026-09-07T08:42:24.659182+02:00
NSR:StopPlace:58876,Tønsberg stasjon,2026-09-07T07:28:00+02:00,2026-09-07T07:28:00+02:00,2026-09-07T07:28:00+02:00,0.0,0,Tønsberg,VKT:Line:500,Tønsberg-Revetal-Bergsåsen,500,bus,VKT:ServiceJourney:17049,True,actual,False,Kan oppstå forsinkelser ,Pga. veiarbeid langs Bispeveien kan det oppstå forsinkelser. Vi beklager dette. ,incident,normal,2026-09-07T08:42:24.659182+02:00
NSR:StopPlace:58877,Bø stasjon,2026-09-07T05:57:00+02:00,2026-09-07T05:52:59+02:00,2026-09-07T05:52:59+02:00,0.0,0,Skien stasjon,TEL:Line:8181,Seljord-Bø-Skien,R1,bus,TEL:ServiceJourney:127042,True,actual,False,,,,,2026-09-07T08:42:24.659182+02:00
NSR:StopPlace:58877,Bø stasjon,2026-09-07T07:12:00+02:00,2026-09-07T07:06:26+02:00,2026-09-07T07:06:26+02:00,0.0,0,Skien stasjon,TEL:Line:8181,Seljord-Bø-Skien,R1,bus,TEL:ServiceJourney:127045,True,actual,False,,,,,2026-09-07T08:42:24.659182+02:00
NSR:StopPlace:58877,Bø stasjon,2026-09-07T08:12:00+02:00,2026-09-07T08:07:46+02:00,2026-09-07T08:07:46+02:00,0.0,0,Skien stasjon,TEL:Line:8181,Seljord-Bø-Skien,R1,bus,TEL:ServiceJourney:127047,True,actual,False,,,,,2026-09-07T08:42:24.659182+02:00
NSR:StopPlace:58870,Holmestrand stasjon,2026-09-07T06:36:00+02:00,2026-09-07T06:35:57+02:00,2026-09-07T06:35:57+02:00,0.0,0,Skien,VYG:Line:RE11,Eidsvoll-Oslo S-Skien,RE11,rail,VYG:ServiceJourney:300-803-HHS_658721-R,True,actual,False,,,,,2026-09-07T08:42:24.659182+02:00
NSR:StopPlace:58871,Sande stasjon,2026-09-07T07:45:00+02:00,2026-09-07T07:44:52+02:00,2026-09-07T07:44:52+02:00,0.0,0,Sande,VKT:Line:320,Hof-Sande vgs,320,bus,VKT:ServiceJourney:14753,True,actual,False,,,,,2026-09-07T08:42:24.659182+02:00
NSR:StopPlace:58889,Gjerstad stasjon,2026-09-07T06:27:00+02:00,2026-09-07T06:26:31+02:00,2026-09-07T06:26:31+02:00,0.0,0,Vinterkjær - korr. Arendal,AKT:Line:166,Gjerstad-Vinterkjær,166,bus,AKT:ServiceJourney:73888_11_48_45600_47700_3901664,True,actual,False,,,,,2026-09-07T08:42:24.659182+02:00
NSR:StopPlace:58889,Gjerstad stasjon,2026-09-07T07:59:00+02:00,2026-09-07T07:58:47+02:00,2026-09-07T07:58:47+02:00,0.0,0,Abel skole,AKT:Line:1966,Skolebusser Gjerstad,1966,bus,AKT:ServiceJourney:87723_31_33_55200_57000_3909660,True,actual,False,,,,,2026-09-07T08:42:24.659182+02:00
NSR:StopPlace:58880,Neslandsvatn stasjon,2026-09-07T07:05:00+02:00,2026-09-07T07:04:44+02:00,2026-09-07T07:04:44+02:00,0.0,0,Kragerø,TEL:Line:8607,Drangedal-Kragerø,607,bus,TEL:ServiceJourney:126268,True,actual,False,,,,,2026-09-07T08:42:24.659182+02:00
NSR:StopPlace:58884,Skien stasjon,2026-09-07T08:33:00+02:00,2026-09-07T08:33:00+02:00,2026-09-07T08:33:00+02:00,0.0,0,Skien Steinerskole,TEL:Line:8894,Eriksrød-Stulen-Ås-Skien,94,bus,TEL:ServiceJourney:127988,True,actual,False,,,,,2026-09-07T08:42:24.659182+02:00
NSR:StopPlace:58801,Sarpsborg stasjon,2026-09-07T07:34:00+02:00,2026-09-07T07:33:45+02:00,2026-09-07T07:33:45+02:00,0.0,0,Opsund,OST:Line:1_134,Sarpsborg - Opsund,134,bus,OST:ServiceJourney:134_260325121470891_2,True,actual,False,,,,,2026-09-07T08:42:24.659182+02:00
NSR:StopPlace:58808,Kongsvinger stasjon,2026-09-07T06:28:00+02:00,2026-09-07T06:26:01+02:00,2026-09-07T06:26:01+02:00,0.0,0,Rasta - Vennersberg,INN:Line:81,Bogeråsen - Rasta,B81,bus,INN:ServiceJourney:54299,True,actual,False,,,,,2026-09-07T08:42:24.659182+02:00
NSR:StopPlace:58808,Kongsvinger stasjon,2026-09-07T06:58:00+02:00,2026-09-07T06:56:19+02:00,2026-09-07T06:56:19+02:00,0.0,0,Rasta - Vennersberg,INN:Line:81,Bogeråsen - Rasta,B81,bus,INN:ServiceJourney:54300,True,actual,False,,,,,2026-09-07T08:42:24.659182+02:00
NSR:StopPlace:58808,Kongsvinger stasjon,2026-09-07T07:28:00+02:00,2026-09-07T07:25:45+02:00,2026-09-07T07:25:45+02:00,0.0,0,Rasta - Vennersberg,INN:Line:81,Bogeråsen - Rasta,B81,bus,INN:ServiceJourney:54301,True,actual,False,,,,,2026-09-07T08:42:24.659182+02:00
NSR:StopPlace:58810,Løten stasjon,2026-09-07T08:11:00+02:00,2026-09-07T08:09:25+02:00,2026-09-07T08:09:25+02:00,0.0,0,Løten,INN:Line:693,Løten - Nordbygda - Løten,693,bus,INN:ServiceJourney:84306,True,actual,False,,,,,2026-09-07T08:42:24.659182+02:00
NSR:StopPlace:58813,Skarnes stasjon,2026-09-07T06:48:00+02:00,2026-09-07T06:47:45+02:00,2026-09-07T06:47:45+02:00,0.0,0,Kongsvinger,INN:Line:700,Kongsvinger-Skarnes-Sand,700,bus,INN:ServiceJourney:82367,True,actual,False,,,,,2026-09-07T08:42:24.659182+02:00
NSR:StopPlace:58824,Lunner stasjon,2026-09-07T08:00:00+02:00,2026-09-07T07:59:18+02:00,2026-09-07T07:59:18+02:00,0.0,0,Jevnaker,INN:Line:103,Lillehammer-Gjøvik-Hønefoss,103,bus,INN:ServiceJourney:70733,True,actual,False,,,,,2026-09-07T08:42:24.659182+02:00
NSR:StopPlace:58825,Raufoss stasjon,2026-09-07T08:17:00+02:00,2026-09-07T08:15:02+02:00,2026-09-07T08:15:02+02:00,0.0,0,Raufoss,INN:Line:480,Hov-Trevatn-Gjøvik,480,bus,INN:ServiceJourney:71156,True,actual,False,,,,,2026-09-07T08:42:24.659182+02:00
NSR:StopPlace:58826,Reinsvoll stasjon,2026-09-07T08:07:00+02:00,2026-09-07T08:06:10+02:00,2026-09-07T08:06:10+02:00,0.0,0,Reinsvoll-Raufoss,INN:Line:435,Skjærdalen-Reinsvoll-Raufoss,435,bus,INN:ServiceJourney:66217,True,actual,False,,,,,2026-09-07T08:42:24.659182+02:00
NSR:StopPlace:58828,Roa stasjon,2026-09-07T05:45:00+02:00,2026-09-07T05:41:26+02:00,2026-09-07T05:41:26+02:00,0.0,0,Oslo S,VYG:Line:R31,Skøyen-Jaren-Gjøvik,R31,rail,VYG:ServiceJourney:BUS-242_655543-R,True,actual,False,,,,,2026-09-07T08:42:24.659182+02:00
NSR:StopPlace:58828,Roa stasjon,2026-09-07T07:04:00+02:00,2026-09-07T07:04:00+02:00,2026-09-07T07:04:00+02:00,0.0,0,Gjøvik,VYG:Line:RE30,Oslo S-Gjøvik,RE30,rail,VYG:ServiceJourney:1203-ROA_589108-R,True,actual,False,,,,,2026-09-07T08:42:24.659182+02:00
NSR:StopPlace:58828,Roa stasjon,2026-09-07T08:04:00+02:00,2026-09-07T08:04:00+02:00,2026-09-07T08:04:00+02:00,0.0,0,Gjøvik,VYG:Line:RE30,Oslo S-Gjøvik,RE30,rail,VYG:ServiceJourney:1205-ROA_589114-R,True,actual,False,,,,,2026-09-07T08:42:24.659182+02:00
NSR:StopPlace:63079,Skeiane stasjon,2026-09-07T06:18:00+02:00,2026-09-07T06:18:00+02:00,2026-09-07T06:18:00+02:00,0.0,0,Stavanger,GOA:Line:59,Jærbanen,L5,rail,GOA:ServiceJourney:3107_63152-R,True,actual,False,,,,,2026-09-07T08:42:24.659182+02:00
NSR:StopPlace:63079,Skeiane stasjon,2026-09-07T07:56:00+02:00,2026-09-07T07:56:00+02:00,2026-09-07T07:56:00+02:00,0.0,0,Stavanger,GOA:Line:59,Jærbanen,L5,rail,GOA:ServiceJourney:3113_63158-R,True,actual,False,,,,,2026-09-07T08:42:24.659182+02:00
NSR:StopPlace:63079,Skeiane stasjon,2026-09-07T08:42:00+02:00,2026-09-07T08:42:00+02:00,2026-09-07T08:42:00+02:00,0.0,0,Nærbø,GOA:Line:59,Jærbanen,L5,rail,GOA:ServiceJourney:3018_63050-R,True,actual,False,,,,,2026-09-07T08:42:24.659182+02:00
NSR:StopPlace:58211,Oslo lufthavn,2026-09-07T05:35:00+02:00,2026-09-07T05:25:05+02:00,2026-09-07T05:25:05+02:00,0.0,0,Årnes,RUT:Line:450,Årnes - Oslo lufthavn,450,bus,RUT:ServiceJourney:17b44a0e1553466476388be95ddcb167,True,actual,False,,,,,2026-09-07T08:42:24.659182+02:00
NSR:StopPlace:58211,Oslo lufthavn,2026-09-07T06:35:00+02:00,2026-09-07T06:24:36+02:00,2026-09-07T06:24:36+02:00,0.0,0,Årnes,RUT:Line:450,Årnes - Oslo lufthavn,450,bus,RUT:ServiceJourney:73f23d42a5be12cf2c709f5d7204395e,True,actual,False,,,,,2026-09-07T08:42:24.659182+02:00
NSR:StopPlace:362,Jåttåvågen stasjon,2026-09-07T06:28:00+02:00,2026-09-07T06:28:00+02:00,2026-09-07T06:28:00+02:00,0.0,0,Stavanger,GOA:Line:59,Jærbanen,L5,rail,GOA:ServiceJourney:3107_63152-R,True,actual,False,,,,,2026-09-07T08:42:24.659182+02:00
NSR:StopPlace:369,Kvål stasjon,2026-09-07T06:36:00+02:00,2026-09-07T06:35:09+02:00,2026-09-07T06:35:09+02:00,0.0,0,Steinkjer,SJN:Line:26,Trønderbanen,R70,rail,SJN:ServiceJourney:425_56054-R,True,actual,False,,,,,2026-09-07T08:42:24.659182+02:00
NSR:StopPlace:702,Sandnes sentrum stasjon,2026-09-07T05:48:00+02:00,2026-09-07T05:47:57+02:00,2026-09-07T05:47:57+02:00,0.0,0,Skeiane,GOA:Line:59,Jærbanen,L5,rail,GOA:ServiceJourney:3104_63149-R,True,actual,False,,,,,2026-09-07T08:42:24.659182+02:00
NSR:StopPlace:702,Sandnes sentrum stasjon,2026-09-07T07:01:00+02:00,2026-09-07T07:00:59+02:00,2026-09-07T07:00:59+02:00,0.0,0,Egersund,GOA:Line:59,Jærbanen,L5,rail,GOA:ServiceJourney:3012_63044-R,True,actual,False,,,,,2026-09-07T08:42:24.659182+02:00
NSR:StopPlace:702,Sandnes sentrum stasjon,2026-09-07T07:58:00+02:00,2026-09-07T07:58:00+02:00,2026-09-07T07:58:00+02:00,0.0,0,Stavanger,GOA:Line:59,Jærbanen,L5,rail,GOA:ServiceJourney:3113_63158-R,True,actual,False,,,,,2026-09-07T08:42:24.659182+02:00
NSR:StopPlace:62310,Brusand stasjon,2026-09-07T07:08:00+02:00,2026-09-07T07:07:52+02:00,2026-09-07T07:07:52+02:00,0.0,0,Stavanger,GOA:Line:59,Jærbanen,L5,rail,GOA:ServiceJourney:3011_63043-R,True,actual,False,,,,,2026-09-07T08:42:24.659182+02:00
NSR:StopPlace:62339,Lillestrøm stasjon,2026-09-07T06:25:00+02:00,2026-09-07T06:24:58+02:00,2026-09-07T06:24:58+02:00,0.0,0,Dal,VYG:Line:R13,Drammen-Oslo S-Dal,R13,rail,VYG:ServiceJourney:1605_443222-R,True,actual,False,Heis i spor 1 og 2 er ute av bruk på grunn av vedlikehold.,Heis i spor 1 og 2 er ute av bruk på grunn av vedlikehold.,general,normal,2026-09-07T08:42:24.659182+02:00
NSR:StopPlace:62346,Bjorli stasjon,2026-09-07T08:03:00+02:00,2026-09-07T08:03:00+02:00,2026-09-07T08:03:00+02:00,0.0,0,Dombås,SJN:Line:22,Raumabanen,R65,rail,SJN:ServiceJourney:2340_48219-R,True,actual,False,,,,,2026-09-07T08:42:24.659182+02:00
NSR:StopPlace:62373,Berkåk stasjon,2026-09-07T06:30:00+02:00,2026-09-07T06:29:46+02:00,2026-09-07T06:29:46+02:00,0.0,0,Orkanger via Meldal og Løkken,ATB:Line:2_460,Orkanger - Meldal - Berkåk,460,bus,ATB:ServiceJourney:460_260106098640560_5,True,actual,False,,,,,2026-09-07T08:42:24.659182+02:00
NSR:StopPlace:62373,Berkåk stasjon,2026-09-07T06:47:00+02:00,2026-09-07T06:47:00+02:00,2026-09-07T06:47:00+02:00,0.0,0,Steinkjer,SJN:Line:26,Trønderbanen,R70,rail,SJN:ServiceJourney:427_56056-R,True,actual,False,,,,,2026-09-07T08:42:24.659182+02:00
NSR:StopPlace:59643,Grefsen stasjon,2026-09-07T03:08:00+02:00,2026-09-07T03:07:57+02:00,2026-09-07T03:07:57+02:00,0.0,0,Oslo lufthavn,NBU:Line:cb7b555c-f96e-42d5-84bf-a5e08c0145c2,Radiumhospitalet via Økern-Storo-Tåsen,FB3,bus,NBU:ServiceJourney:1acabfe4-a7c3-4f3a-8e1d-d522228235e9,True,actual,False,,,,,2026-09-07T03:30:22.110925+02:00
NSR:StopPlace:59261,Trondheim lufthavn,2026-09-07T21:00:00+02:00,2026-09-07T22:24:00+02:00,,5040.0,1,Rørvik,AVI:Line:WF_TRD-RVK,Trondheim-Rørvik,,air,AVI:ServiceJourney:WF796-02-2048741624,True,expected,False,,,,,2026-09-08T00:20:52.129880+02:00
NSR:StopPlace:58801,Sarpsborg stasjon,2026-09-07T14:32:00+02:00,2026-09-07T15:48:59+02:00,,4619.0,1,Oslo S,VYG:Line:RE20,Oslo S-Halden-Göteborg (X-Border),RE20,rail,VYG:ServiceJourney:388-122_466012-R,True,expected,False,Forsinket,Toget kjørte 79 minutter forsinket fra Halden. Dette skyldes at andre tog på strekningen er forsinket.,incident,normal,2026-09-07T15:44:36.205822+02:00
NSR:StopPlace:58794,Fredrikstad stasjon,2026-09-07T14:45:00+02:00,2026-09-07T16:00:25+02:00,,4525.0,1,Oslo S,VYG:Line:RE20,Oslo S-Halden-Göteborg (X-Border),RE20,rail,VYG:ServiceJourney:388-122_466012-R,True,expected,False,Forsinket,Toget kjørte 79 minutter forsinket fra Halden. Dette skyldes at andre tog på strekningen er forsinket.,incident,normal,2026-09-07T15:44:36.205822+02:00
NSR:StopPlace:58800,Råde stasjon,2026-09-07T15:00:00+02:00,2026-09-07T16:11:29+02:00,,4289.0,1,Oslo S,VYG:Line:RE20,Oslo S-Halden-Göteborg (X-Border),RE20,rail,VYG:ServiceJourney:388-122_466012-R,True,expected,False,Forsinket,Toget kjørte 79 minutter forsinket fra Halden. Dette skyldes at andre tog på strekningen er forsinket.,incident,normal,2026-09-07T15:44:36.205822+02:00
NSR:StopPlace:58799,Rygge stasjon,2026-09-07T15:06:00+02:00,2026-09-07T16:16:39+02:00,,4239.0,1,Oslo S,VYG:Line:RE20,Oslo S-Halden-Göteborg (X-Border),RE20,rail,VYG:ServiceJourney:388-122_466012-R,True,expected,False,Forsinket,Toget kjørte 79 minutter forsinket fra Halden. Dette skyldes at andre tog på strekningen er forsinket.,incident,normal,2026-09-07T15:44:36.205822+02:00
NSR:StopPlace:59646,Høvik stasjon,2026-09-07T07:10:00+02:00,2026-09-07T08:06:17+02:00,,3377.0,1,Asker,RUT:Line:270,Asker - Sandvika (- Fornebu),270,bus,RUT:ServiceJourney:7bd55d6c3237447ce8067904714c753a,True,expected,False,,,,,2026-09-07T08:42:24.659182+02:00
NSR:StopPlace:58211,Oslo lufthavn,2026-09-07T16:15:00+02:00,2026-09-07T17:09:00+02:00,,3240.0,1,Florø,AVI:Line:DX_OSL-FRO,Oslo-Florø,,air,AVI:ServiceJourney:DX576-01-1284169715,True,expected,False,,,,,2026-09-07T20:27:16.249662+02:00
NSR:StopPlace:58844,Eidsvoll stasjon,2026-09-07T22:05:00+02:00,2026-09-07T22:52:23+02:00,,2843.0,1,Fenstad,RUT:Line:441,Eidsvoll - Årnes,441,bus,RUT:ServiceJourney:7aa8a22f0829ee25f9725aa49fc805af,True,expected,False,,,,,2026-09-08T00:20:52.129880+02:00
NSR:StopPlace:59261,Trondheim lufthavn,2026-09-07T21:35:00+02:00,2026-09-07T22:20:00+02:00,,2700.0,1,Bodø,AVI:Line:WF_BGO-BOO,Bergen-Bodø,,air,AVI:ServiceJourney:WF1317-01-411841208,True,expected,False,,,,,2026-09-08T00:20:52.129880+02:00
NSR:StopPlace:58211,Oslo lufthavn,2026-09-07T16:05:00+02:00,2026-09-07T16:44:19+02:00,,2359.0,1,Longyearbyen,AVI:Line:SK_OSL-LYR,Oslo-Longyearbyen,,air,AVI:ServiceJourney:SK4496-03-358544665,True,expected,False,,,,,2026-09-07T20:27:16.249662+02:00
NSR:StopPlace:58919,Sira stasjon,2026-09-07T17:15:00+02:00,2026-09-07T17:51:34+02:00,,2194.0,1,Sira,AKT:Line:260,Flekkefjord - Sira - Moi,260,bus,AKT:ServiceJourney:57219_151_46_121800_125280_3935561,True,expected,False,,,,,2026-09-07T20:27:16.249662+02:00
NSR:StopPlace:311,Gjerdåker stasjon,2026-09-07T06:58:00+02:00,2026-09-07T07:28:21+02:00,,1821.0,1,Mjølfjell,VYG:Line:R40,Bergen-Voss-Myrdal-Ål,R40,rail,VYG:ServiceJourney:1800_443388-R,True,expected,False,,,,,2026-09-07T08:42:24.659182+02:00
NSR:StopPlace:59182,Örebro Centralstation,2026-09-07T12:35:00+02:00,2026-09-07T13:04:54+02:00,,1794.0,1,Stockholm,FLI:Line:ce96d970-bcdf-435c-b7ba-5f9299ea8ea6,Stockholm - Oslo,600,coach,FLI:ServiceJourney:bf18d548-0c13-4f8f-8a23-87e5e1d3ca0c,True,expected,False,,,,,2026-09-07T15:44:36.205822+02:00
NSR:StopPlace:462,Ygre stasjon,2026-09-07T07:01:00+02:00,2026-09-07T07:30:50+02:00,,1790.0,1,Mjølfjell,VYG:Line:R40,Bergen-Voss-Myrdal-Ål,R40,rail,VYG:ServiceJourney:1800_443388-R,True,expected,False,,,,,2026-09-07T08:42:24.659182+02:00
NSR:StopPlace:62360,Kløve stasjon,2026-09-07T07:05:00+02:00,2026-09-07T07:34:04+02:00,,1744.0,1,Mjølfjell,VYG:Line:R40,Bergen-Voss-Myrdal-Ål,R40,rail,VYG:ServiceJourney:1800_443388-R,True,expected,False,,,,,2026-09-07T08:42:24.659182+02:00
NSR:StopPlace:59261,Trondheim lufthavn,2026-09-07T22:05:00+02:00,2026-09-07T22:33:00+02:00,,1680.0,1,Sandnessjøen,AVI:Line:WF_TRD-SSJ,Trondheim-Sandnessjøen,,air,AVI:ServiceJourney:WF738-01-126368691,True,expected,False,,,,,2026-09-08T00:20:52.129880+02:00
NSR:StopPlace:62341,Tangen stasjon,2026-09-07T20:25:00+02:00,2026-09-07T20:52:29+02:00,,1649.0,1,Lillehammer,VYG:Line:RE10,Drammen-Oslo S-Lillehammer,RE10,rail,VYG:ServiceJourney:331-SUD_486409-R,True,expected,False,Forsinket,Toget kjørte 27 minutter forsinket fra Drammen. Dette skyldes at togsettet vi trenger er forsinket.,incident,normal,2026-09-07T20:27:16.249662+02:00
NSR:StopPlace:708,Stange stasjon,2026-09-07T20:34:00+02:00,2026-09-07T21:00:17+02:00,,1577.0,1,Lillehammer,VYG:Line:RE10,Drammen-Oslo S-Lillehammer,RE10,rail,VYG:ServiceJourney:331-SUD_486409-R,True,expected,False,Forsinket,Toget kjørte 27 minutter forsinket fra Drammen. Dette skyldes at togsettet vi trenger er forsinket.,incident,normal,2026-09-07T20:27:16.249662+02:00
NSR:StopPlace:474,Øyeflaten stasjon,2026-09-07T07:13:00+02:00,2026-09-07T07:39:05+02:00,,1565.0,1,Mjølfjell,VYG:Line:R40,Bergen-Voss-Myrdal-Ål,R40,rail,VYG:ServiceJourney:1800_443388-R,True,expected,False,,,,,2026-09-07T08:42:24.659182+02:00
NSR:StopPlace:698,Skiple stasjon,2026-09-07T07:17:00+02:00,2026-09-07T07:42:15+02:00,,1515.0,1,Mjølfjell,VYG:Line:R40,Bergen-Voss-Myrdal-Ål,R40,rail,VYG:ServiceJourney:1800_443388-R,True,expected,False,,,,,2026-09-07T08:42:24.659182+02:00
NSR:StopPlace:59181,Kristinehamn station,2026-09-07T16:30:00+02:00,2026-09-07T16:55:04+02:00,,1504.0,1,Stockholm,FLI:Line:ce96d970-bcdf-435c-b7ba-5f9299ea8ea6,Stockholm - Oslo,600,coach,FLI:ServiceJourney:a649b68e-0944-4e90-8839-34f5e86d4587,True,expected,False,,,,,2026-09-07T20:27:16.249662+02:00
NSR:StopPlace:59261,Trondheim lufthavn,2026-09-07T22:00:00+02:00,2026-09-07T22:25:00+02:00,,1500.0,1,Mo i Rana,AVI:Line:WF_TRD-MQN,Trondheim-Mo i Rana,,air,AVI:ServiceJourney:WF778-02-126362867,True,expected,False,,,,,2026-09-08T00:20:52.129880+02:00
NSR:StopPlace:59182,Örebro Centralstation,2026-09-07T17:35:00+02:00,2026-09-07T17:59:55+02:00,,1495.0,1,Stockholm,FLI:Line:ce96d970-bcdf-435c-b7ba-5f9299ea8ea6,Stockholm - Oslo,600,coach,FLI:ServiceJourney:a649b68e-0944-4e90-8839-34f5e86d4587,True,expected,False,,,,,2026-09-07T20:27:16.249662+02:00
NSR:StopPlace:59393,Västerås Centralstation,2026-09-07T13:50:00+02:00,2026-09-07T14:14:35+02:00,,1475.0,1,Stockholm,FLI:Line:ce96d970-bcdf-435c-b7ba-5f9299ea8ea6,Stockholm - Oslo,600,coach,FLI:ServiceJourney:bf18d548-0c13-4f8f-8a23-87e5e1d3ca0c,True,expected,False,Västerås,"Nytt holdeplassområde ved Västerås Resecentrum fra 16. mars. Den nye holdeplassen ligger på stasjonens vestside, rett ved jernbanespor 1B. Du finner den ved å følge parkeringsplassen til den bortre enden. ",general,normal,2026-09-07T15:44:36.205822+02:00
NSR:StopPlace:59261,Trondheim lufthavn,2026-09-07T18:35:00+02:00,2026-09-07T18:59:00+02:00,,1440.0,1,Bodø,AVI:Line:WF_BGO-BOO,Bergen-Bodø,,air,AVI:ServiceJourney:WF1315-01-411841208,True,expected,False,,,,,2026-09-07T20:27:16.249662+02:00
NSR:StopPlace:58801,Sarpsborg stasjon,2026-09-07T15:26:00+02:00,2026-09-07T15:49:46+02:00,,1426.0,1,Oslo S,VYG:Line:RE20,Oslo S-Halden-Göteborg (X-Border),RE20,rail,VYG:ServiceJourney:124_443122-R,True,expected,False,Forsinket,Toget kjørte 20 minutter forsinket fra Halden. Dette skyldes at andre tog på strekningen er forsinket.,incident,normal,2026-09-07T15:44:36.205822+02:00
NSR:StopPlace:61696,Lunden stasjon,2026-09-07T18:28:00+02:00,2026-09-07T18:51:41+02:00,,1421.0,1,Myrdal,VYG:Line:R45,Myrdal-Flåm,R45,rail,VYG:ServiceJourney:1868_465789-R,True,expected,False,,,,,2026-09-07T20:27:16.249662+02:00
NSR:StopPlace:58919,Sira stasjon,2026-09-07T17:28:00+02:00,2026-09-07T17:51:34+02:00,,1414.0,1,Flekkefjord,AKT:Line:260,Flekkefjord - Sira - Moi,260,bus,AKT:ServiceJourney:57219_151_46_121800_125280_3935561,True,expected,False,,,,,2026-09-07T20:27:16.249662+02:00
NSR:StopPlace:61926,Håreina stasjon,2026-09-07T18:31:00+02:00,2026-09-07T18:54:11+02:00,,1391.0,1,Myrdal,VYG:Line:R45,Myrdal-Flåm,R45,rail,VYG:ServiceJourney:1868_465789-R,True,expected,False,,,,,2026-09-07T20:27:16.249662+02:00
NSR:StopPlace:58794,Fredrikstad stasjon,2026-09-07T15:39:00+02:00,2026-09-07T16:01:52+02:00,,1372.0,1,Oslo S,VYG:Line:RE20,Oslo S-Halden-Göteborg (X-Border),RE20,rail,VYG:ServiceJourney:124_443122-R,True,expected,False,Forsinket,Toget kjørte 20 minutter forsinket fra Halden. Dette skyldes at andre tog på strekningen er forsinket.,incident,normal,2026-09-07T15:44:36.205822+02:00
NSR:StopPlace:58871,Sande stasjon,2026-09-07T18:34:00+02:00,2026-09-07T18:56:47+02:00,,1367.0,1,Eidsvoll,VYG:Line:RE11,Eidsvoll-Oslo S-Skien,RE11,rail,VYG:ServiceJourney:828_481334-R,True,expected,False,,,,,2026-09-07T20:27:16.249662+02:00
NSR:StopPlace:59181,Kristinehamn station,2026-09-07T11:30:00+02:00,2026-09-07T11:51:52+02:00,,1312.0,1,Stockholm,FLI:Line:ce96d970-bcdf-435c-b7ba-5f9299ea8ea6,Stockholm - Oslo,600,coach,FLI:ServiceJourney:bf18d548-0c13-4f8f-8a23-87e5e1d3ca0c,True,expected,False,,,,,2026-09-07T15:44:36.205822+02:00
NSR:StopPlace:58800,Råde stasjon,2026-09-07T15:52:00+02:00,2026-09-07T16:13:31+02:00,,1291.0,1,Oslo S,VYG:Line:RE20,Oslo S-Halden-Göteborg (X-Border),RE20,rail,VYG:ServiceJourney:124_443122-R,True,expected,False,Forsinket,Toget kjørte 20 minutter forsinket fra Halden. Dette skyldes at andre tog på strekningen er forsinket.,incident,normal,2026-09-07T15:44:36.205822+02:00
NSR:StopPlace:58875,Torp stasjon,2026-09-07T17:51:00+02:00,2026-09-07T18:12:15+02:00,,1275.0,1,Eidsvoll,VYG:Line:RE11,Eidsvoll-Oslo S-Skien,RE11,rail,VYG:ServiceJourney:828_481334-R,True,expected,False,,,,,2026-09-07T20:27:16.249662+02:00
NSR:StopPlace:58799,Rygge stasjon,2026-09-07T15:58:00+02:00,2026-09-07T16:19:13+02:00,,1273.0,1,Oslo S,VYG:Line:RE20,Oslo S-Halden-Göteborg (X-Border),RE20,rail,VYG:ServiceJourney:124_443122-R,True,expected,False,Forsinket,Toget kjørte 20 minutter forsinket fra Halden. Dette skyldes at andre tog på strekningen er forsinket.,incident,normal,2026-09-07T15:44:36.205822+02:00
NSR:StopPlace:698,Skiple stasjon,2026-09-07T07:51:00+02:00,2026-09-07T08:11:23+02:00,,1223.0,1,Bergen,VYG:Line:R40,Bergen-Voss-Myrdal-Ål,R40,rail,VYG:ServiceJourney:1813_443399-R,True,expected,False,Forsinket,Toget kjørte 24 minutter forsinket fra Mjølfjell. Dette skyldes at togsettet vi trenger er forsinket.,incident,normal,2026-09-07T08:42:24.659182+02:00
NSR:StopPlace:364,Vaksdal stasjon,2026-09-07T20:11:00+02:00,2026-09-07T20:30:49+02:00,,1189.0,1,Bergen,VYG:Line:R40,Bergen-Voss-Myrdal-Ål,R40,rail,VYG:ServiceJourney:1833_481205-R,True,expected,False,,,,,2026-09-07T20:27:16.249662+02:00
NSR:StopPlace:474,Øyeflaten stasjon,2026-09-07T07:55:00+02:00,2026-09-07T08:14:29+02:00,,1169.0,1,Bergen,VYG:Line:R40,Bergen-Voss-Myrdal-Ål,R40,rail,VYG:ServiceJourney:1813_443399-R,True,expected,False,Forsinket,Toget kjørte 24 minutter forsinket fra Mjølfjell. Dette skyldes at togsettet vi trenger er forsinket.,incident,normal,2026-09-07T08:42:24.659182+02:00
NSR:StopPlace:462,Ygre stasjon,2026-09-07T08:07:00+02:00,2026-09-07T08:26:26+02:00,,1166.0,1,Bergen,VYG:Line:R40,Bergen-Voss-Myrdal-Ål,R40,rail,VYG:ServiceJourney:1813_443399-R,True,expected,False,Forsinket,Toget kjørte 24 minutter forsinket fra Mjølfjell. Dette skyldes at togsettet vi trenger er forsinket.,incident,normal,2026-09-07T08:42:24.659182+02:00
NSR:StopPlace:62360,Kløve stasjon,2026-09-07T08:04:00+02:00,2026-09-07T08:23:26+02:00,,1166.0,1,Bergen,VYG:Line:R40,Bergen-Voss-Myrdal-Ål,R40,rail,VYG:ServiceJourney:1813_443399-R,True,expected,False,Forsinket,Toget kjørte 24 minutter forsinket fra Mjølfjell. Dette skyldes at togsettet vi trenger er forsinket.,incident,normal,2026-09-07T08:42:24.659182+02:00
NSR:StopPlace:58820,Harestua stasjon,2026-09-07T16:23:00+02:00,2026-09-07T16:41:54+02:00,,1134.0,1,Jaren,VYG:Line:R31,Skøyen-Jaren-Gjøvik,R31,rail,VYG:ServiceJourney:BUS-241_655535-R,True,expected,False,,,,,2026-09-07T15:44:36.205822+02:00
NSR:StopPlace:311,Gjerdåker stasjon,2026-09-07T08:10:00+02:00,2026-09-07T08:28:54+02:00,,1134.0,1,Bergen,VYG:Line:R40,Bergen-Voss-Myrdal-Ål,R40,rail,VYG:ServiceJourney:1813_443399-R,True,expected,False,Forsinket,Toget kjørte 24 minutter forsinket fra Mjølfjell. Dette skyldes at togsettet vi trenger er forsinket.,incident,normal,2026-09-07T08:42:24.659182+02:00
NSR:StopPlace:60042,Trengereid stasjon,2026-09-07T20:20:00+02:00,2026-09-07T20:38:46+02:00,,1126.0,1,Bergen,VYG:Line:R40,Bergen-Voss-Myrdal-Ål,R40,rail,VYG:ServiceJourney:1833_481205-R,True,expected,False,,,,,2026-09-07T20:27:16.249662+02:00
NSR:StopPlace:58874,Stokke stasjon,2026-09-07T15:52:00+02:00,2026-09-07T16:10:34+02:00,,1114.0,1,Sørby,VKT:Line:520,Tønsberg-Stokke,520,bus,VKT:ServiceJourney:17243,True,expected,False,,,,,2026-09-07T15:44:36.205822+02:00
NSR:StopPlace:58921,Vennesla stasjon,2026-09-07T15:41:00+02:00,2026-09-07T15:59:16+02:00,,1096.0,1,Stavanger,GOA:Line:50,Sørtoget region,F5,rail,GOA:ServiceJourney:711-LOD_64080-R,True,expected,False,,,,,2026-09-07T15:44:36.205822+02:00
NSR:StopPlace:58829,Stryken stasjon,2026-09-07T16:15:00+02:00,2026-09-07T16:33:07+02:00,,1087.0,1,Jaren,VYG:Line:R31,Skøyen-Jaren-Gjøvik,R31,rail,VYG:ServiceJourney:BUS-241_655535-R,True,expected,False,,,,,2026-09-07T15:44:36.205822+02:00
NSR:StopPlace:59261,Trondheim lufthavn,2026-09-07T21:55:00+02:00,2026-09-07T22:13:00+02:00,,1080.0,1,Bergen,AVI:Line:WF_BGO-BOO,Bergen-Bodø,,air,AVI:ServiceJourney:WF1316-04-1983949496,True,expected,False,,,,,2026-09-08T00:20:52.129880+02:00
NSR:StopPlace:59393,Västerås Centralstation,2026-09-07T18:50:00+02:00,2026-09-07T19:07:59+02:00,,1079.0,1,Stockholm,FLI:Line:ce96d970-bcdf-435c-b7ba-5f9299ea8ea6,Stockholm - Oslo,600,coach,FLI:ServiceJourney:a649b68e-0944-4e90-8839-34f5e86d4587,True,expected,False,Västerås,"Nytt holdeplassområde ved Västerås Resecentrum fra 16. mars. Den nye holdeplassen ligger på stasjonens vestside, rett ved jernbanespor 1B. Du finner den ved å følge parkeringsplassen til den bortre enden. ",general,normal,2026-09-07T20:27:16.249662+02:00
NSR:StopPlace:60045,Hamar stasjon,2026-09-07T20:52:00+02:00,2026-09-07T21:09:57+02:00,,1077.0,1,Lillehammer,VYG:Line:RE10,Drammen-Oslo S-Lillehammer,RE10,rail,VYG:ServiceJourney:331-SUD_486409-R,True,expected,False,Forsinket,Toget kjørte 27 minutter forsinket fra Drammen. Dette skyldes at togsettet vi trenger er forsinket.,incident,normal,2026-09-07T20:27:16.249662+02:00
NSR:StopPlace:398,Arna stasjon,2026-09-07T20:30:00+02:00,2026-09-07T20:47:40+02:00,,1060.0,1,Bergen,VYG:Line:R40,Bergen-Voss-Myrdal-Ål,R40,rail,VYG:ServiceJourney:1833_481205-R,True,expected,False,,,,,2026-09-07T20:27:16.249662+02:00
NSR:StopPlace:58819,Grua stasjon,2026-09-07T16:13:00+02:00,2026-09-07T16:29:58+02:00,,1018.0,1,Brandbu,INN:Line:126,Dokka-Hov-Brandbu-Oslo,126,bus,INN:ServiceJourney:68058,True,expected,False,,,,,2026-09-07T15:44:36.205822+02:00
NSR:StopPlace:58829,Stryken stasjon,2026-09-07T15:59:00+02:00,2026-09-07T16:15:58+02:00,,1018.0,1,Brandbu,INN:Line:126,Dokka-Hov-Brandbu-Oslo,126,bus,INN:ServiceJourney:68058,True,expected,False,,,,,2026-09-07T15:44:36.205822+02:00
NSR:StopPlace:58805,Brumunddal stasjon,2026-09-07T21:03:00+02:00,2026-09-07T21:19:57+02:00,,1017.0,1,Lillehammer,VYG:Line:RE10,Drammen-Oslo S-Lillehammer,RE10,rail,VYG:ServiceJourney:331-SUD_486409-R,True,expected,False,Forsinket,Toget kjørte 27 minutter forsinket fra Drammen. Dette skyldes at togsettet vi trenger er forsinket.,incident,normal,2026-09-07T20:27:16.249662+02:00
NSR:StopPlace:58838,Røyken stasjon,2026-09-07T08:37:00+02:00,2026-09-07T08:53:42+02:00,,1002.0,1,Drammen,RUT:Line:261,Drammen - Lahell - Røyken - Sætre,261,bus,RUT:ServiceJourney:705d0c91555ecd62eb6781eb6127f9bc,True,expected,False,Fra 17/8 går linje 61-63-71-73-251-261 og skolebusser fra holdeplass ved Skutebrygga ut av byen.Les mer på brakar.no/trafikkmeldinger.,,general,normal,2026-09-07T08:42:24.659182+02:00
NSR:StopPlace:58819,Grua stasjon,2026-09-07T16:22:00+02:00,2026-09-07T16:38:14+02:00,,974.0,1,Jaren,VYG:Line:R31,Skøyen-Jaren-Gjøvik,R31,rail,VYG:ServiceJourney:BUS-241_655534-R,True,expected,False,,,,,2026-09-07T15:44:36.205822+02:00
NSR:StopPlace:59261,Trondheim lufthavn,2026-09-07T21:55:00+02:00,2026-09-07T22:11:00+02:00,,960.0,1,Bodø,AVI:Line:WF_BOO-TRD,Bodø-Trondheim,,air,AVI:ServiceJourney:WF718-01-1052191712,True,expected,False,,,,,2026-09-08T00:20:52.129880+02:00
NSR:StopPlace:60053,Halden stasjon,2026-09-07T15:43:00+02:00,2026-09-07T15:58:44+02:00,,944.0,1,Halden sentrum,OST:Line:1_35,Næridsrød - Tistedal,35,bus,OST:ServiceJourney:35_260325121472328_19,True,expected,False,,,,,2026-09-07T15:44:36.205822+02:00
NSR:StopPlace:58918,Nodeland stasjon,2026-09-07T15:35:00+02:00,2026-09-07T15:50:33+02:00,,933.0,1,Oslo S,GOA:Line:50,Sørtoget region,F5,rail,GOA:ServiceJourney:712-STV_63979-R,True,expected,False,,,,,2026-09-07T15:44:36.205822+02:00
NSR:StopPlace:58820,Harestua stasjon,2026-09-07T16:12:00+02:00,2026-09-07T16:27:08+02:00,,908.0,1,Jaren,VYG:Line:R31,Skøyen-Jaren-Gjøvik,R31,rail,VYG:ServiceJourney:BUS-241_655534-R,True,expected,False,,,,,2026-09-07T15:44:36.205822+02:00
NSR:StopPlace:61460,Flaten stasjon,2026-09-07T15:04:00+02:00,2026-09-07T15:19:04+02:00,,904.0,1,Arendal,GOA:Line:53,Sørtoget lokal,R50,rail,GOA:ServiceJourney:2071_63024-R,True,expected,False,,,,,2026-09-07T15:44:36.205822+02:00
NSR:StopPlace:60077,Støren stasjon,2026-09-07T15:53:00+02:00,2026-09-07T16:07:34+02:00,,874.0,1,Støren Rådhus,ATB:Line:2_340,Trondheim - Støren,340,bus,ATB:ServiceJourney:340_260106098639857_36,True,expected,False,,,,,2026-09-07T15:44:36.205822+02:00
NSR:StopPlace:58211,Oslo lufthavn,2026-09-07T20:40:00+02:00,2026-09-07T20:54:20+02:00,,860.0,1,Harstad/Narvik,AVI:Line:SK_OSL-EVE,Oslo-Harstad/Narvik,,air,AVI:ServiceJourney:SK4098-01-358537832,True,expected,False,,,,,2026-09-08T00:20:52.129880+02:00
NSR:StopPlace:62354,Bøylestad stasjon,2026-09-07T15:11:00+02:00,2026-09-07T15:25:10+02:00,,850.0,1,Arendal,GOA:Line:53,Sørtoget lokal,R50,rail,GOA:ServiceJourney:2071_63024-R,True,expected,False,,,,,2026-09-07T15:44:36.205822+02:00
NSR:StopPlace:58838,Røyken stasjon,2026-09-07T08:45:00+02:00,2026-09-07T08:59:00+02:00,,840.0,1,Spikkestad ungdomsskole,RUT:Line:261,Drammen - Lahell - Røyken - Sætre,261,bus,RUT:ServiceJourney:6374dcad3d169081d755e60a15168d08,True,expected,False,Fra 17/8 går linje 61-63-71-73-251-261 og skolebusser fra holdeplass ved Skutebrygga ut av byen.Les mer på brakar.no/trafikkmeldinger.,,general,normal,2026-09-07T08:42:24.659182+02:00
NSR:StopPlace:58211,Oslo lufthavn,2026-09-07T17:00:00+02:00,2026-09-07T17:13:59+02:00,,839.0,1,Trondheim,AVI:Line:DY_OSL-TRD,Oslo-Trondheim,,air,AVI:ServiceJourney:DY762-01-523271305,True,expected,False,,,,,2026-09-07T20:27:16.249662+02:00
NSR:StopPlace:58888,Blakstad stasjon,2026-09-07T15:20:00+02:00,2026-09-07T15:33:45+02:00,,825.0,1,Arendal,GOA:Line:53,Sørtoget lokal,R50,rail,GOA:ServiceJourney:2071_63024-R,True,expected,False,,,,,2026-09-07T15:44:36.205822+02:00
NSR:StopPlace:62355,Froland stasjon,2026-09-07T15:17:00+02:00,2026-09-07T15:30:45+02:00,,825.0,1,Arendal,GOA:Line:53,Sørtoget lokal,R50,rail,GOA:ServiceJourney:2071_63024-R,True,expected,False,,,,,2026-09-07T15:44:36.205822+02:00
NSR:StopPlace:45,Reinunga stasjon,2026-09-07T19:40:00+02:00,2026-09-07T19:53:44+02:00,,824.0,1,Flåm,VYG:Line:R45,Myrdal-Flåm,R45,rail,VYG:ServiceJourney:1869_465790-R,True,expected,False,,,,,2026-09-07T20:27:16.249662+02:00
NSR:StopPlace:448,Vatnahalsen stasjon,2026-09-07T19:38:00+02:00,2026-09-07T19:51:44+02:00,,824.0,1,Flåm,VYG:Line:R45,Myrdal-Flåm,R45,rail,VYG:ServiceJourney:1869_465790-R,True,expected,False,,,,,2026-09-07T20:27:16.249662+02:00
NSR:StopPlace:349,Upsete stasjon,2026-09-07T13:18:00+02:00,2026-09-07T13:31:33+02:00,,813.0,1,Bergen,VYG:Line:R40,Bergen-Voss-Myrdal-Ål,R40,rail,VYG:ServiceJourney:1823_443410-R,True,expected,False,Forsinket,Toget kjørte 14 minutter forsinket fra Myrdal. Vi venter på passasjerer fra et annet tog.,incident,normal,2026-09-07T15:44:36.205822+02:00
NSR:StopPlace:58818,Gran stasjon,2026-09-07T23:22:00+02:00,2026-09-07T23:35:16+02:00,,796.0,1,Gjøvik,VYG:Line:R31,Skøyen-Jaren-Gjøvik,R31,rail,VYG:ServiceJourney:235-ROA_589364-R,True,expected,False,,,,,2026-09-08T00:20:52.129880+02:00
NSR:StopPlace:58824,Lunner stasjon,2026-09-07T23:16:00+02:00,2026-09-07T23:29:16+02:00,,796.0,1,Gjøvik,VYG:Line:R31,Skøyen-Jaren-Gjøvik,R31,rail,VYG:ServiceJourney:235-ROA_589364-R,True,expected,False,,,,,2026-09-08T00:20:52.129880+02:00
NSR:StopPlace:445,Vieren stasjon,2026-09-07T13:21:00+02:00,2026-09-07T13:34:09+02:00,,789.0,1,Bergen,VYG:Line:R40,Bergen-Voss-Myrdal-Ål,R40,rail,VYG:ServiceJourney:1823_443410-R,True,expected,False,Forsinket,Toget kjørte 14 minutter forsinket fra Myrdal. Vi venter på passasjerer fra et annet tog.,incident,normal,2026-09-07T15:44:36.205822+02:00
NSR:StopPlace:535,Kjosfossen stasjon,2026-09-07T19:51:00+02:00,2026-09-07T20:04:01+02:00,,781.0,1,Flåm,VYG:Line:R45,Myrdal-Flåm,R45,rail,VYG:ServiceJourney:1869_465790-R,True,expected,False,,,,,2026-09-07T20:27:16.249662+02:00
NSR:StopPlace:59261,Trondheim lufthavn,2026-09-07T17:45:00+02:00,2026-09-07T17:58:00+02:00,,780.0,1,Oslo,AVI:Line:SK_OSL-TRD,Oslo-Trondheim,,air,AVI:ServiceJourney:SK375-06-465081146,True,expected,False,,,,,2026-09-07T20:27:16.249662+02:00
NSR:StopPlace:62369,Lilleby stasjon,2026-09-07T22:37:00+02:00,2026-09-07T22:49:50+02:00,,770.0,1,Støren,SJN:Line:26,Trønderbanen,R70,rail,SJN:ServiceJourney:452_56081-R,True,expected,False,,,,,2026-09-08T00:20:52.129880+02:00
NSR:StopPlace:61465,Rise stasjon,2026-09-07T15:25:00+02:00,2026-09-07T15:37:45+02:00,,765.0,1,Arendal,GOA:Line:53,Sørtoget lokal,R50,rail,GOA:ServiceJourney:2071_63024-R,True,expected,False,,,,,2026-09-07T15:44:36.205822+02:00
NSR:StopPlace:62352,Stoa stasjon,2026-09-07T15:31:00+02:00,2026-09-07T15:43:45+02:00,,765.0,1,Arendal,GOA:Line:53,Sørtoget lokal,R50,rail,GOA:ServiceJourney:2071_63024-R,True,expected,False,,,,,2026-09-07T15:44:36.205822+02:00
NSR:StopPlace:62351,Bråstad stasjon,2026-09-07T15:30:00+02:00,2026-09-07T15:42:45+02:00,,765.0,1,Arendal,GOA:Line:53,Sørtoget lokal,R50,rail,GOA:ServiceJourney:2071_63024-R,True,expected,False,,,,,2026-09-07T15:44:36.205822+02:00
NSR:StopPlace:61928,Blomheller stasjon,2026-09-07T20:00:00+02:00,2026-09-07T20:12:39+02:00,,759.0,1,Flåm,VYG:Line:R45,Myrdal-Flåm,R45,rail,VYG:ServiceJourney:1869_465790-R,True,expected,False,,,,,2026-09-07T20:27:16.249662+02:00
NSR:StopPlace:61927,Berekvam stasjon,2026-09-07T20:05:00+02:00,2026-09-07T20:17:35+02:00,,755.0,1,Flåm,VYG:Line:R45,Myrdal-Flåm,R45,rail,VYG:ServiceJourney:1869_465790-R,True,expected,False,,,,,2026-09-07T20:27:16.249662+02:00
NSR:StopPlace:59181,Kristinehamn station,2026-09-07T14:30:00+02:00,2026-09-07T14:42:33+02:00,,753.0,1,Oslo,FLI:Line:ce96d970-bcdf-435c-b7ba-5f9299ea8ea6,Stockholm - Oslo,600,coach,FLI:ServiceJourney:a9fd0b0b-7a2a-4468-ac2c-39faa74dda9a,True,expected,False,,,,,2026-09-07T15:44:36.205822+02:00
NSR:StopPlace:59261,Trondheim lufthavn,2026-09-07T07:27:00+02:00,2026-09-07T07:39:21+02:00,,741.0,1,Lerkendal,SJN:Line:26,Trønderbanen,R70,rail,SJN:ServiceJourney:1762_55816-R,True,expected,False,,,,,2026-09-07T08:42:24.659182+02:00
NSR:StopPlace:58954,Fauske stasjon,2026-09-07T08:30:00+02:00,2026-09-07T08:42:21+02:00,,741.0,1,Bodø lufthavn,NOR:Line:12_8100,Bodø - Fauske - Narvik/Sortland,100,bus,NOR:ServiceJourney:8100_260126119354873_2006,True,expected,False,,,,,2026-09-07T08:42:24.659182+02:00
NSR:StopPlace:58819,Grua stasjon,2026-09-07T08:35:00+02:00,2026-09-07T08:47:21+02:00,,741.0,1,Harestua,INN:Line:112,Brandbu-Gran-Harestua,112,bus,INN:ServiceJourney:70789,True,expected,False,,,,,2026-09-07T08:42:24.659182+02:00
NSR:StopPlace:58838,Røyken stasjon,2026-09-07T15:38:00+02:00,2026-09-07T15:50:20+02:00,,740.0,1,Midtbygda,RUT:Line:261,Drammen - Lahell - Røyken - Sætre,261,bus,RUT:ServiceJourney:5acf04d873a7f7152df8102a1a62d234,True,expected,False,Fra 17/8 går linje 61-63-71-73-251-261 og skolebusser fra holdeplass ved Skutebrygga ut av byen.Les mer på brakar.no/trafikkmeldinger.,,general,normal,2026-09-07T15:44:36.205822+02:00
NSR:StopPlace:58931,Fannrem stasjon,2026-09-07T15:59:00+02:00,2026-09-07T16:11:04+02:00,,724.0,1,Orkanger skysstasjon,ATB:Line:2_460,Orkanger - Meldal - Berkåk,460,bus,ATB:ServiceJourney:460_260106098641182_21,True,expected,False,,,,,2026-09-07T15:44:36.205822+02:00
NSR:StopPlace:58819,Grua stasjon,2026-09-07T20:40:00+02:00,2026-09-07T20:52:03+02:00,,723.0,1,Roa,VYG:Line:R31,Skøyen-Jaren-Gjøvik,R31,rail,VYG:ServiceJourney:BUS-231_655413-R,True,expected,False,,,,,2026-09-07T20:27:16.249662+02:00
NSR:StopPlace:313,Høybråten stasjon,2026-09-08T01:27:00+02:00,2026-09-08T01:39:00+02:00,,720.0,1,Lillestrøm,VYG:Line:L1,Spikkestad-Oslo S-Lillestrøm,L1,rail,VYG:ServiceJourney:2282_443722-R,True,expected,False,,,,,2026-09-08T03:39:50.209703+02:00
NSR:StopPlace:58211,Oslo lufthavn,2026-09-07T17:00:00+02:00,2026-09-07T17:11:48+02:00,,708.0,1,Bergen,AVI:Line:DY_OSL-BGO,Oslo-Bergen,,air,AVI:ServiceJourney:DY622-01-523288933,True,expected,False,,,,,2026-09-07T20:27:16.249662+02:00
NSR:StopPlace:61707,Jevnaker stasjon,2026-09-07T08:32:00+02:00,2026-09-07T08:43:40+02:00,,700.0,1,Hønefoss over Eggemoen,INN:Line:113,Toso-Jevnaker-Hønefoss,113,bus,INN:ServiceJourney:70980,True,expected,False,,,,,2026-09-07T08:42:24.659182+02:00
NSR:StopPlace:61707,Jevnaker stasjon,2026-09-07T15:54:00+02:00,2026-09-07T16:05:29+02:00,,689.0,1,Bergermoen,INN:Line:452,Gran-Lunner-Olimb-Jevnaker,452,bus,INN:ServiceJourney:71420,True,expected,False,,,,,2026-09-07T15:44:36.205822+02:00
NSR:StopPlace:58921,Vennesla stasjon,2026-09-07T15:37:00+02:00,2026-09-07T15:48:26+02:00,,686.0,1,Kristiansand via Mosby,AKT:Line:30,Kvadraturen - Mosby - Vennesl,30,bus,AKT:ServiceJourney:79458_192_48_110400_113280_40001545,True,expected,False,,,,,2026-09-07T15:44:36.205822+02:00
NSR:StopPlace:61381,Singsås stasjon,2026-09-07T09:23:00+02:00,2026-09-07T09:34:26+02:00,,686.0,1,Trondheim S,ATB:Line:2_440,Støren - Røros,440,bus,ATB:ServiceJourney:440_260106098642802_15,True,expected,False,,,,,2026-09-07T08:42:24.659182+02:00
NSR:StopPlace:61926,Håreina stasjon,2026-09-07T20:20:00+02:00,2026-09-07T20:31:15+02:00,,675.0,1,Flåm,VYG:Line:R45,Myrdal-Flåm,R45,rail,VYG:ServiceJourney:1869_465790-R,True,expected,False,,,,,2026-09-07T20:27:16.249662+02:00
NSR:StopPlace:61928,Blomheller stasjon,2026-09-07T18:57:00+02:00,2026-09-07T19:08:13+02:00,,673.0,1,Myrdal,VYG:Line:R45,Myrdal-Flåm,R45,rail,VYG:ServiceJourney:1868_465789-R,True,expected,False,,,,,2026-09-07T20:27:16.249662+02:00
NSR:StopPlace:58820,Harestua stasjon,2026-09-07T20:30:00+02:00,2026-09-07T20:40:57+02:00,,657.0,1,Roa,VYG:Line:R31,Skøyen-Jaren-Gjøvik,R31,rail,VYG:ServiceJourney:BUS-231_655413-R,True,expected,False,,,,,2026-09-07T20:27:16.249662+02:00
NSR:StopPlace:535,Kjosfossen stasjon,2026-09-07T19:10:00+02:00,2026-09-07T19:20:57+02:00,,657.0,1,Myrdal,VYG:Line:R45,Myrdal-Flåm,R45,rail,VYG:ServiceJourney:1868_465789-R,True,expected,False,,,,,2026-09-07T20:27:16.249662+02:00
NSR:StopPlace:439,Ljosanbotn stasjon,2026-09-07T13:27:00+02:00,2026-09-07T13:37:54+02:00,,654.0,1,Bergen,VYG:Line:R40,Bergen-Voss-Myrdal-Ål,R40,rail,VYG:ServiceJourney:1823_443410-R,True,expected,False,Forsinket,Toget kjørte 14 minutter forsinket fra Myrdal. Vi venter på passasjerer fra et annet tog.,incident,normal,2026-09-07T15:44:36.205822+02:00
NSR:StopPlace:60603,Kongsberg stasjon,2026-09-07T08:36:00+02:00,2026-09-07T08:46:52+02:00,,652.0,1,Stavanger,GOA:Line:50,Sørtoget region,F5,rail,GOA:ServiceJourney:707-LOD_73724-R,True,expected,False,,,,,2026-09-07T08:42:24.659182+02:00
NSR:StopPlace:271,Lademoen stasjon,2026-09-07T22:39:00+02:00,2026-09-07T22:49:50+02:00,,650.0,1,Støren,SJN:Line:26,Trønderbanen,R70,rail,SJN:ServiceJourney:452_56081-R,True,expected,False,,,,,2026-09-08T00:20:52.129880+02:00
NSR:StopPlace:439,Ljosanbotn stasjon,2026-09-07T14:57:00+02:00,2026-09-07T15:07:50+02:00,,650.0,1,Myrdal,VYG:Line:R40,Bergen-Voss-Myrdal-Ål,R40,rail,VYG:ServiceJourney:1816_465749-R,True,expected,False,,,,,2026-09-07T15:44:36.205822+02:00
NSR:StopPlace:59652,Tøyen stasjon,2026-09-07T15:39:00+02:00,2026-09-07T15:49:41+02:00,,641.0,1,Tonsenhagen,RUT:Line:60,Vippetangen-Tonsenhagen,60,bus,RUT:ServiceJourney:97b1db0fd257f05b902da52ee574ec54,True,expected,False,,,,,2026-09-07T15:44:36.205822+02:00
NSR:StopPlace:62369,Lilleby stasjon,2026-09-07T07:59:00+02:00,2026-09-07T08:09:40+02:00,,640.0,1,Lerkendal,SJN:Line:26,Trønderbanen,R70,rail,SJN:ServiceJourney:1762_55816-R,True,expected,False,,,,,2026-09-07T08:42:24.659182+02:00
NSR:StopPlace:58935,Levanger stasjon,2026-09-07T20:58:00+02:00,2026-09-07T21:08:24+02:00,,624.0,1,Sykehuset Levanger,ATB:Line:2_680,Levanger - Steinkjer - Namsos,680,bus,ATB:ServiceJourney:680_260106098642286_27,True,expected,False,,,,,2026-09-07T20:27:16.249662+02:00
NSR:StopPlace:61696,Lunden stasjon,2026-09-07T20:24:00+02:00,2026-09-07T20:34:23+02:00,,623.0,1,Flåm,VYG:Line:R45,Myrdal-Flåm,R45,rail,VYG:ServiceJourney:1869_465790-R,True,expected,False,,,,,2026-09-07T20:27:16.249662+02:00
NSR:StopPlace:45,Reinunga stasjon,2026-09-07T19:14:00+02:00,2026-09-07T19:24:19+02:00,,619.0,1,Myrdal,VYG:Line:R45,Myrdal-Flåm,R45,rail,VYG:ServiceJourney:1868_465789-R,True,expected,False,,,,,2026-09-07T20:27:16.249662+02:00
NSR:StopPlace:58876,Tønsberg stasjon,2026-09-07T07:01:00+02:00,2026-09-07T07:11:10+02:00,,610.0,1,Stokke - Sørby,VKT:Line:520,Tønsberg-Stokke,520,bus,VKT:ServiceJourney:17226,True,expected,False,,,,,2026-09-07T08:42:24.659182+02:00
NSR:StopPlace:445,Vieren stasjon,2026-09-07T15:03:00+02:00,2026-09-07T15:13:09+02:00,,609.0,1,Myrdal,VYG:Line:R40,Bergen-Voss-Myrdal-Ål,R40,rail,VYG:ServiceJourney:1816_465749-R,True,expected,False,,,,,2026-09-07T15:44:36.205822+02:00
NSR:StopPlace:58932,Hommelvik stasjon,2026-09-07T15:50:00+02:00,2026-09-07T16:00:03+02:00,,603.0,1,Stjørdal stasjon,ATB:Line:2_70,Stjørdal/Hommelvik- Trondheim,70,bus,ATB:ServiceJourney:70_251215112546976_55,True,expected,False,,,,,2026-09-07T15:44:36.205822+02:00
NSR:StopPlace:59261,Trondheim lufthavn,2026-09-07T17:10:00+02:00,2026-09-07T17:20:00+02:00,,600.0,1,Bodø,AVI:Line:WF_BOO-TRD,Bodø-Trondheim,,air,AVI:ServiceJourney:WF712-01-1052191712,True,expected,False,,,,,2026-09-07T20:27:16.249662+02:00
NSR:StopPlace:61381,Singsås stasjon,2026-09-07T15:37:00+02:00,2026-09-07T15:47:00+02:00,,600.0,1,Haltdalen oppvekstsenter,ATB:Line:2_5471,Støren - Singsås - Almås/Wolde,5471,bus,ATB:ServiceJourney:5471_260106098642200_10,True,expected,False,,,,,2026-09-07T15:44:36.205822+02:00
NSR:StopPlace:61608,Kristiansand stasjon,2026-09-07T16:06:00+02:00,2026-09-07T16:16:00+02:00,,600.0,1,Stavanger,GOA:Line:50,Sørtoget region,F5,rail,GOA:ServiceJourney:711-LOD_64080-R,True,expected,False,,,,,2026-09-07T15:44:36.205822+02:00
NSR:StopPlace:59637,Rosenholm stasjon,2026-09-07T08:31:00+02:00,2026-09-07T08:41:00+02:00,,600.0,1,Ski,VYG:Line:L2,Stabekk-Oslo S-Ski,L2,rail,VYG:ServiceJourney:2713-HVK_443919-R,True,expected,False,Færre vogner,Denne avgangen kjører dessverre med 3 vogner i stedet for 6 vogner. Dette skyldes at vi mangler et togsett.,general,normal,2026-09-07T08:42:24.659182+02:00
NSR:StopPlace:349,Upsete stasjon,2026-09-07T15:06:00+02:00,2026-09-07T15:15:59+02:00,,599.0,1,Myrdal,VYG:Line:R40,Bergen-Voss-Myrdal-Ål,R40,rail,VYG:ServiceJourney:1816_465749-R,True,expected,False,,,,,2026-09-07T15:44:36.205822+02:00
NSR:StopPlace:61608,Kristiansand stasjon,2026-09-07T15:56:00+02:00,2026-09-07T16:05:55+02:00,,595.0,1,Oslo S,GOA:Line:50,Sørtoget region,F5,rail,GOA:ServiceJourney:712-STV_63979-R,True,expected,False,,,,,2026-09-07T15:44:36.205822+02:00
NSR:StopPlace:58875,Torp stasjon,2026-09-07T18:12:00+02:00,2026-09-07T18:21:52+02:00,,592.0,1,Skien,VYG:Line:RE11,Eidsvoll-Oslo S-Skien,RE11,rail,VYG:ServiceJourney:825_444405-R,True,expected,False,,,,,2026-09-07T20:27:16.249662+02:00
NSR:StopPlace:58921,Vennesla stasjon,2026-09-07T15:52:00+02:00,2026-09-07T16:01:52+02:00,,592.0,1,Vennesla sentrum,AKT:Line:31,Kvadraturen - Sødal - Vennesla,31,bus,AKT:ServiceJourney:79654_191_36_111600_113280_3950344,True,expected,False,,,,,2026-09-07T15:44:36.205822+02:00
NSR:StopPlace:448,Vatnahalsen stasjon,2026-09-07T19:17:00+02:00,2026-09-07T19:26:50+02:00,,590.0,1,Myrdal,VYG:Line:R45,Myrdal-Flåm,R45,rail,VYG:ServiceJourney:1868_465789-R,True,expected,False,,,,,2026-09-07T20:27:16.249662+02:00
NSR:StopPlace:58932,Hommelvik stasjon,2026-09-07T16:05:00+02:00,2026-09-07T16:14:50+02:00,,590.0,1,Stjørdal stasjon,ATB:Line:2_70,Stjørdal/Hommelvik- Trondheim,70,bus,ATB:ServiceJourney:70_251215112546977_57,True,expected,False,,,,,2026-09-07T15:44:36.205822+02:00
NSR:StopPlace:58798,Rakkestad stasjon,2026-09-07T09:27:00+02:00,2026-09-07T09:36:50+02:00,,590.0,1,Mysen stasjon,OST:Line:1_640,Sarpsborg-Askim-Mysen,640,bus,OST:ServiceJourney:640_260325121473135_10,True,expected,False,,,,,2026-09-07T08:42:24.659182+02:00
NSR:StopPlace:58952,Bodø stasjon,2026-09-07T07:47:00+02:00,2026-09-07T07:56:46+02:00,,586.0,1,Tverlandet,NOR:Line:12_8004,Tverlandet - Bodø sentrum - Løpsmarka,4,bus,NOR:ServiceJourney:8004_251012124900553_1006,True,expected,False,Delvis innstilt,Delvis innstilt Starter fra CN 08:00,general,normal,2026-09-07T08:42:24.659182+02:00
NSR:StopPlace:398,Arna stasjon,2026-09-08T00:19:00+02:00,2026-09-08T00:28:45+02:00,,585.0,1,Bergen,VYG:Line:R40,Bergen-Voss-Myrdal-Ål,R40,rail,VYG:ServiceJourney:1839_481214-R,True,expected,False,,,,,2026-09-08T00:20:52.129880+02:00
NSR:StopPlace:448,Vatnahalsen stasjon,2026-09-07T14:44:00+02:00,2026-09-07T14:53:40+02:00,,580.0,1,Flåm,VYG:Line:R45,Myrdal-Flåm,R45,rail,VYG:ServiceJourney:1861_465780-R,True,expected,False,,,,,2026-09-07T15:44:36.205822+02:00
NSR:StopPlace:58876,Tønsberg stasjon,2026-09-07T18:23:00+02:00,2026-09-07T18:32:37+02:00,,577.0,1,Tønsberg,VKT:Line:500,Tønsberg-Revetal-Bergsåsen,500,bus,VKT:ServiceJourney:17063,True,expected,False,Kan oppstå forsinkelser ,Pga. veiarbeid langs Bispeveien kan det oppstå forsinkelser. Vi beklager dette. ,incident,normal,2026-09-07T20:27:16.249662+02:00
NSR:StopPlace:58933,Hegra stasjon,2026-09-07T16:12:00+02:00,2026-09-07T16:21:32+02:00,,572.0,1,Hegramo,ATB:Line:2_7709,Stjørdal - Eidum - Hegra - Ingstadnesset,7709,bus,ATB:ServiceJourney:7709_260106098642043_3,True,expected,False,,,,,2026-09-07T15:44:36.205822+02:00
NSR:StopPlace:59650,Nyland stasjon,2026-09-08T01:21:30+02:00,2026-09-08T01:31:00+02:00,,570.0,1,Lillestrøm,VYG:Line:L1,Spikkestad-Oslo S-Lillestrøm,L1,rail,VYG:ServiceJourney:2282_443722-R,True,expected,False,,,,,2026-09-08T03:39:50.209703+02:00
NSR:StopPlace:58820,Harestua stasjon,2026-09-07T09:31:00+02:00,2026-09-07T09:40:26+02:00,,566.0,1,Roa,VYG:Line:RE30,Oslo S-Gjøvik,RE30,rail,VYG:ServiceJourney:BUS-1209_655003-R,True,expected,False,,,,,2026-09-07T08:42:24.659182+02:00
NSR:StopPlace:58858,Nittedal stasjon,2026-09-07T22:04:00+02:00,2026-09-07T22:13:25+02:00,,565.0,1,Roa,VYG:Line:R31,Skøyen-Jaren-Gjøvik,R31,rail,VYG:ServiceJourney:BUS-235_655467-R,True,expected,False,,,,,2026-09-08T00:20:52.129880+02:00
NSR:StopPlace:518,Bolstadøyri stasjon,2026-09-07T08:37:00+02:00,2026-09-07T08:46:25+02:00,,565.0,1,Voss,VYG:Line:R40,Bergen-Voss-Myrdal-Ål,R40,rail,VYG:ServiceJourney:1806_443392-R,True,expected,False,,,,,2026-09-07T08:42:24.659182+02:00
NSR:StopPlace:58882,Nordagutu stasjon,2026-09-07T09:09:00+02:00,2026-09-07T09:18:21+02:00,,561.0,1,Stavanger,GOA:Line:50,Sørtoget region,F5,rail,GOA:ServiceJourney:707-LOD_73724-R,True,expected,False,,,,,2026-09-07T08:42:24.659182+02:00
NSR:StopPlace:58819,Grua stasjon,2026-09-07T08:34:00+02:00,2026-09-07T08:43:19+02:00,,559.0,1,Roa,VYG:Line:RE30,Oslo S-Gjøvik,RE30,rail,VYG:ServiceJourney:BUS-1207_654994-R,True,expected,False,,,,,2026-09-07T08:42:24.659182+02:00
NSR:StopPlace:60053,Halden stasjon,2026-09-07T08:43:00+02:00,2026-09-07T08:52:17+02:00,,557.0,1,Halden sentrum,OST:Line:1_35,Næridsrød - Tistedal,35,bus,OST:ServiceJourney:35_260325121472332_5,True,expected,False,,,,,2026-09-07T08:42:24.659182+02:00
NSR:StopPlace:58947,Steinkjer stasjon,2026-09-07T09:32:00+02:00,2026-09-07T09:41:14+02:00,,554.0,1,Amfi Steinkjer via Steinkjer st,ATB:Line:2_630,Vanvikan - Follafoss - Steinkj,630,bus,ATB:ServiceJourney:630_260106098641120_6,True,expected,False,,,,,2026-09-07T08:42:24.659182+02:00
NSR:StopPlace:60735,Gullhella stasjon,2026-09-07T17:27:00+02:00,2026-09-07T17:36:05+02:00,,545.0,1,Lillestrøm,VYG:Line:L1,Spikkestad-Oslo S-Lillestrøm,L1,rail,VYG:ServiceJourney:2254_443676-R,True,expected,False,,,,,2026-09-07T20:27:16.249662+02:00
NSR:StopPlace:45,Reinunga stasjon,2026-09-07T14:47:00+02:00,2026-09-07T14:56:05+02:00,,545.0,1,Flåm,VYG:Line:R45,Myrdal-Flåm,R45,rail,VYG:ServiceJourney:1861_465780-R,True,expected,False,Forsinket,Toget kjørte 9 minutter forsinket fra Vatnahalsen. Vi venter på passasjerer fra et annet tog.,incident,normal,2026-09-07T15:44:36.205822+02:00
NSR:StopPlace:58808,Kongsvinger stasjon,2026-09-07T15:29:00+02:00,2026-09-07T15:38:02+02:00,,542.0,1,Marikollen,INN:Line:82,Skriverskogen - Marikollen,B82,bus,INN:ServiceJourney:54353,True,expected,False,,,,,2026-09-07T15:44:36.205822+02:00
NSR:StopPlace:58921,Vennesla stasjon,2026-09-07T15:37:00+02:00,2026-09-07T15:46:00+02:00,,540.0,1,Vennesla - Samkom,AKT:Line:31,Kvadraturen - Sødal - Vennesla,31,bus,AKT:ServiceJourney:79653_181_48_109800_112140_3950303,True,expected,False,,,,,2026-09-07T15:44:36.205822+02:00
NSR:StopPlace:58871,Sande stasjon,2026-09-07T17:24:00+02:00,2026-09-07T17:32:59+02:00,,539.0,1,Skien,VYG:Line:RE11,Eidsvoll-Oslo S-Skien,RE11,rail,VYG:ServiceJourney:825_444405-R,True,expected,False,,,,,2026-09-07T20:27:16.249662+02:00
NSR:StopPlace:58921,Vennesla stasjon,2026-09-07T16:09:00+02:00,2026-09-07T16:17:58+02:00,,538.0,1,Oslo S,GOA:Line:50,Sørtoget region,F5,rail,GOA:ServiceJourney:712-STV_63979-R,True,expected,False,,,,,2026-09-07T15:44:36.205822+02:00
NSR:StopPlace:58919,Sira stasjon,2026-09-07T15:42:00+02:00,2026-09-07T15:50:56+02:00,,536.0,1,Stavanger,GOA:Line:50,Sørtoget region,F5,rail,GOA:ServiceJourney:709-LOD_73757-R,True,expected,False,,,,,2026-09-07T15:44:36.205822+02:00
NSR:StopPlace:58835,Lier stasjon,2026-09-07T15:36:00+02:00,2026-09-07T15:44:53+02:00,,533.0,1,Lierskogen,BRA:Line:4_6073,Drammen - Reistad - Lierskogen,73,bus,BRA:ServiceJourney:6073_260415100160813_1021,True,expected,False,Fra 17/8 går linje 61-63-71-73-251-261 og skolebusser fra holdeplass ved Skutebrygga ut av byen.Les mer på brakar.no/trafikkmeldinger.,,general,normal,2026-09-07T15:44:36.205822+02:00
NSR:StopPlace:274,Hunderfossen stasjon,2026-09-07T07:00:00+02:00,2026-09-07T07:08:49+02:00,,529.0,1,Drammen,VYG:Line:RE10,Drammen-Oslo S-Lillehammer,RE10,rail,VYG:ServiceJourney:308-DOM_444144-R,True,expected,False,,,,,2026-09-07T08:42:24.659182+02:00
NSR:StopPlace:61251,Øksnavadporten stasjon,2026-09-07T15:35:00+02:00,2026-09-07T15:43:44+02:00,,524.0,1,Stavanger,GOA:Line:59,Jærbanen,L5,rail,GOA:ServiceJourney:3043_63086-R,True,expected,False,,,,,2026-09-07T15:44:36.205822+02:00
NSR:StopPlace:8,Paradis stasjon,2026-09-07T15:58:00+02:00,2026-09-07T16:06:44+02:00,,524.0,1,Stavanger,GOA:Line:59,Jærbanen,L5,rail,GOA:ServiceJourney:3043_63086-R,True,expected,False,,,,,2026-09-07T15:44:36.205822+02:00
NSR:StopPlace:63079,Skeiane stasjon,2026-09-07T15:42:00+02:00,2026-09-07T15:50:44+02:00,,524.0,1,Stavanger,GOA:Line:59,Jærbanen,L5,rail,GOA:ServiceJourney:3043_63086-R,True,expected,False,,,,,2026-09-07T15:44:36.205822+02:00
NSR:StopPlace:362,Jåttåvågen stasjon,2026-09-07T15:52:00+02:00,2026-09-07T16:00:44+02:00,,524.0,1,Stavanger,GOA:Line:59,Jærbanen,L5,rail,GOA:ServiceJourney:3043_63086-R,True,expected,False,,,,,2026-09-07T15:44:36.205822+02:00
NSR:StopPlace:206,Mariero stasjon,2026-09-07T15:55:00+02:00,2026-09-07T16:03:44+02:00,,524.0,1,Stavanger,GOA:Line:59,Jærbanen,L5,rail,GOA:ServiceJourney:3043_63086-R,True,expected,False,,,,,2026-09-07T15:44:36.205822+02:00
NSR:StopPlace:261,Ganddal stasjon,2026-09-07T15:39:00+02:00,2026-09-07T15:47:44+02:00,,524.0,1,Stavanger,GOA:Line:59,Jærbanen,L5,rail,GOA:ServiceJourney:3043_63086-R,True,expected,False,,,,,2026-09-07T15:44:36.205822+02:00
NSR:StopPlace:702,Sandnes sentrum stasjon,2026-09-07T15:44:00+02:00,2026-09-07T15:52:44+02:00,,524.0,1,Stavanger,GOA:Line:59,Jærbanen,L5,rail,GOA:ServiceJourney:3043_63086-R,True,expected,False,,,,,2026-09-07T15:44:36.205822+02:00
NSR:StopPlace:271,Lademoen stasjon,2026-09-07T08:01:00+02:00,2026-09-07T08:09:40+02:00,,520.0,1,Lerkendal,SJN:Line:26,Trønderbanen,R70,rail,SJN:ServiceJourney:1762_55816-R,True,expected,False,,,,,2026-09-07T08:42:24.659182+02:00
NSR:StopPlace:58829,Stryken stasjon,2026-09-07T09:23:00+02:00,2026-09-07T09:31:39+02:00,,519.0,1,Roa,VYG:Line:RE30,Oslo S-Gjøvik,RE30,rail,VYG:ServiceJourney:BUS-1209_655003-R,True,expected,False,,,,,2026-09-07T08:42:24.659182+02:00
NSR:StopPlace:58819,Grua stasjon,2026-09-08T00:40:00+02:00,2026-09-08T00:48:35+02:00,,515.0,1,Roa,VYG:Line:R31,Skøyen-Jaren-Gjøvik,R31,rail,VYG:ServiceJourney:BUS-239_655509-R,True,expected,False,,,,,2026-09-08T00:20:52.129880+02:00
NSR:StopPlace:58893,Grovane stasjon,2026-09-07T15:50:00+02:00,2026-09-07T15:58:34+02:00,,514.0,1,Samkom,AKT:Line:31,Kvadraturen - Sødal - Vennesla,31,bus,AKT:ServiceJourney:79653_181_48_109800_112140_3950303,True,expected,False,,,,,2026-09-07T15:44:36.205822+02:00
NSR:StopPlace:58880,Neslandsvatn stasjon,2026-09-07T15:45:00+02:00,2026-09-07T15:53:31+02:00,,511.0,1,Drangedal,TEL:Line:8607,Drangedal-Kragerø,607,bus,TEL:ServiceJourney:126281,True,expected,False,,,,,2026-09-07T15:44:36.205822+02:00
NSR:StopPlace:61381,Singsås stasjon,2026-09-07T16:35:00+02:00,2026-09-07T16:43:25+02:00,,505.0,1,Bjørgen,ATB:Line:2_5404,Haltdalen - Ålen - Røros,5404,bus,ATB:ServiceJourney:5404_260106098640098_3,True,expected,False,,,,,2026-09-07T15:44:36.205822+02:00
NSR:StopPlace:535,Kjosfossen stasjon,2026-09-07T14:59:00+02:00,2026-09-07T15:07:22+02:00,,502.0,1,Flåm,VYG:Line:R45,Myrdal-Flåm,R45,rail,VYG:ServiceJourney:1861_465780-R,True,expected,False,Forsinket,Toget kjørte 9 minutter forsinket fra Vatnahalsen. Vi venter på passasjerer fra et annet tog.,incident,normal,2026-09-07T15:44:36.205822+02:00
NSR:StopPlace:60737,Bondivann stasjon,2026-09-07T17:30:00+02:00,2026-09-07T17:38:19+02:00,,499.0,1,Lillestrøm,VYG:Line:L1,Spikkestad-Oslo S-Lillestrøm,L1,rail,VYG:ServiceJourney:2254_443676-R,True,expected,False,,,,,2026-09-07T20:27:16.249662+02:00
NSR:StopPlace:58876,Tønsberg stasjon,2026-09-07T17:31:00+02:00,2026-09-07T17:39:17+02:00,,497.0,1,Revetal-Bergsåsen,VKT:Line:500,Tønsberg-Revetal-Bergsåsen,500,bus,VKT:ServiceJourney:17028,True,expected,False,Kan oppstå forsinkelser ,Pga. veiarbeid langs Bispeveien kan det oppstå forsinkelser. Vi beklager dette. ,incident,normal,2026-09-07T20:27:16.249662+02:00
NSR:StopPlace:6,Greverud stasjon,2026-09-07T08:40:00+02:00,2026-09-07T08:48:17+02:00,,497.0,1,Ski,VYG:Line:L2,Stabekk-Oslo S-Ski,L2,rail,VYG:ServiceJourney:2713-HVK_443919-R,True,expected,False,Færre vogner,Denne avgangen kjører dessverre med 3 vogner i stedet for 6 vogner. Dette skyldes at vi mangler et togsett.,general,normal,2026-09-07T08:42:24.659182+02:00
NSR:StopPlace:59652,Tøyen stasjon,2026-09-07T15:54:00+02:00,2026-09-07T16:02:16+02:00,,496.0,1,Tonsenhagen,RUT:Line:60,Vippetangen-Tonsenhagen,60,bus,RUT:ServiceJourney:43326cb11c83df8226f3e45c3ce4cfe1,True,expected,False,,,,,2026-09-07T15:44:36.205822+02:00
NSR:StopPlace:58861,Solbråtan stasjon,2026-09-07T08:35:00+02:00,2026-09-07T08:43:14+02:00,,494.0,1,Ski,VYG:Line:L2,Stabekk-Oslo S-Ski,L2,rail,VYG:ServiceJourney:2713-HVK_443919-R,True,expected,False,Færre vogner,Denne avgangen kjører dessverre med 3 vogner i stedet for 6 vogner. Dette skyldes at vi mangler et togsett.,general,normal,2026-09-07T08:42:24.659182+02:00
NSR:StopPlace:448,Vatnahalsen stasjon,2026-09-07T17:12:00+02:00,2026-09-07T17:20:12+02:00,,492.0,1,Flåm,VYG:Line:R45,Myrdal-Flåm,R45,rail,VYG:ServiceJourney:1865_465786-R,True,expected,False,,,,,2026-09-07T20:27:16.249662+02:00
NSR:StopPlace:60053,Halden stasjon,2026-09-07T15:56:00+02:00,2026-09-07T16:04:12+02:00,,492.0,1,Halden sentrum,OST:Line:1_32,Brekkerød-Stenrød,32,bus,OST:ServiceJourney:32_260325121472807_22,True,expected,False,,,,,2026-09-07T15:44:36.205822+02:00
NSR:StopPlace:58860,Oppegård stasjon,2026-09-07T08:42:00+02:00,2026-09-07T08:50:09+02:00,,489.0,1,Ski,VYG:Line:L2,Stabekk-Oslo S-Ski,L2,rail,VYG:ServiceJourney:2713-HVK_443919-R,True,expected,False,Færre vogner,Denne avgangen kjører dessverre med 3 vogner i stedet for 6 vogner. Dette skyldes at vi mangler et togsett.,general,normal,2026-09-07T08:42:24.659182+02:00
NSR:StopPlace:58825,Raufoss stasjon,2026-09-07T15:41:00+02:00,2026-09-07T15:49:07+02:00,,487.0,1,Lena,INN:Line:47,Lena-Kapp-Gjøvik-Raufoss-Lena,B47,bus,INN:ServiceJourney:76598,True,expected,False,,,,,2026-09-07T15:44:36.205822+02:00
NSR:StopPlace:58826,Reinsvoll stasjon,2026-09-07T15:50:00+02:00,2026-09-07T15:58:07+02:00,,487.0,1,Lena,INN:Line:47,Lena-Kapp-Gjøvik-Raufoss-Lena,B47,bus,INN:ServiceJourney:76598,True,expected,False,,,,,2026-09-07T15:44:36.205822+02:00
NSR:StopPlace:114,Seimsgrend stasjon,2026-09-07T08:08:00+02:00,2026-09-07T08:16:07+02:00,,487.0,1,Myrdal,VYG:Line:R40,Bergen-Voss-Myrdal-Ål,R40,rail,VYG:ServiceJourney:1804_465739-R,True,expected,False,,,,,2026-09-07T08:42:24.659182+02:00
NSR:StopPlace:58876,Tønsberg stasjon,2026-09-07T18:31:00+02:00,2026-09-07T18:39:06+02:00,,486.0,1,Revetal-Bergsåsen,VKT:Line:500,Tønsberg-Revetal-Bergsåsen,500,bus,VKT:ServiceJourney:17029,True,expected,False,Kan oppstå forsinkelser ,Pga. veiarbeid langs Bispeveien kan det oppstå forsinkelser. Vi beklager dette. ,incident,normal,2026-09-07T20:27:16.249662+02:00
NSR:StopPlace:58875,Torp stasjon,2026-09-07T19:51:00+02:00,2026-09-07T19:59:04+02:00,,484.0,1,Eidsvoll,VYG:Line:RE11,Eidsvoll-Oslo S-Skien,RE11,rail,VYG:ServiceJourney:832_481337-R,True,expected,False,,,,,2026-09-07T20:27:16.249662+02:00
NSR:StopPlace:58849,Hakadal stasjon,2026-09-07T08:35:00+02:00,2026-09-07T08:43:03+02:00,,483.0,1,Kongskog,RUT:Line:390,Kongskog/Hellerudhaugen - Oslo bussterminal,390,bus,RUT:ServiceJourney:de7ed50e025a0497aa210de0d2898464,True,expected,False,,,,,2026-09-07T08:42:24.659182+02:00
NSR:StopPlace:61928,Blomheller stasjon,2026-09-07T15:08:00+02:00,2026-09-07T15:16:00+02:00,,480.0,1,Flåm,VYG:Line:R45,Myrdal-Flåm,R45,rail,VYG:ServiceJourney:1861_465780-R,True,expected,False,Forsinket,Toget kjørte 9 minutter forsinket fra Vatnahalsen. Vi venter på passasjerer fra et annet tog.,incident,normal,2026-09-07T15:44:36.205822+02:00
NSR:StopPlace:60053,Halden stasjon,2026-09-07T15:46:00+02:00,2026-09-07T15:53:59+02:00,,479.0,1,Halden sentrum,OST:Line:1_34,Remmen-Sykehuset,34,bus,OST:ServiceJourney:34_260325121472303_22,True,expected,False,,,,,2026-09-07T15:44:36.205822+02:00
NSR:StopPlace:60053,Halden stasjon,2026-09-07T20:43:00+02:00,2026-09-07T20:50:56+02:00,,476.0,1,Halden sentrum,OST:Line:1_35,Næridsrød - Tistedal,35,bus,OST:ServiceJourney:35_260325121472336_29,True,expected,False,,,,,2026-09-07T20:27:16.249662+02:00
NSR:StopPlace:58877,Bø stasjon,2026-09-07T09:24:00+02:00,2026-09-07T09:31:55+02:00,,475.0,1,Stavanger,GOA:Line:50,Sørtoget region,F5,rail,GOA:ServiceJourney:707-LOD_73724-R,True,expected,False,,,,,2026-09-07T08:42:24.659182+02:00
NSR:StopPlace:61334,Ogna stasjon,2026-09-07T15:50:00+02:00,2026-09-07T15:57:54+02:00,,474.0,1,Egersund,GOA:Line:59,Jærbanen,L5,rail,GOA:ServiceJourney:3044_63087-R,True,expected,False,,,,,2026-09-07T15:44:36.205822+02:00
NSR:StopPlace:60271,Varhaug stasjon,2026-09-07T15:37:00+02:00,2026-09-07T15:44:54+02:00,,474.0,1,Egersund,GOA:Line:59,Jærbanen,L5,rail,GOA:ServiceJourney:3044_63087-R,True,expected,False,,,,,2026-09-07T15:44:36.205822+02:00
NSR:StopPlace:60569,Sirevåg stasjon,2026-09-07T15:53:00+02:00,2026-09-07T16:00:54+02:00,,474.0,1,Egersund,GOA:Line:59,Jærbanen,L5,rail,GOA:ServiceJourney:3044_63087-R,True,expected,False,,,,,2026-09-07T15:44:36.205822+02:00
NSR:StopPlace:62311,Vigrestad stasjon,2026-09-07T15:43:00+02:00,2026-09-07T15:50:54+02:00,,474.0,1,Egersund,GOA:Line:59,Jærbanen,L5,rail,GOA:ServiceJourney:3044_63087-R,True,expected,False,,,,,2026-09-07T15:44:36.205822+02:00
NSR:StopPlace:62310,Brusand stasjon,2026-09-07T15:47:00+02:00,2026-09-07T15:54:54+02:00,,474.0,1,Egersund,GOA:Line:59,Jærbanen,L5,rail,GOA:ServiceJourney:3044_63087-R,True,expected,False,,,,,2026-09-07T15:44:36.205822+02:00
NSR:StopPlace:61979,Hellvik stasjon,2026-09-07T15:58:00+02:00,2026-09-07T16:05:54+02:00,,474.0,1,Egersund,GOA:Line:59,Jærbanen,L5,rail,GOA:ServiceJourney:3044_63087-R,True,expected,False,,,,,2026-09-07T15:44:36.205822+02:00
NSR:StopPlace:62378,Røstad stasjon,2026-09-07T21:46:00+02:00,2026-09-07T21:53:53+02:00,,473.0,1,Steinkjer,SJN:Line:26,Trønderbanen,R70,rail,SJN:ServiceJourney:451_56080-R,True,expected,False,,,,,2026-09-08T00:20:52.129880+02:00
NSR:StopPlace:62456,Kvitfjell stasjon,2026-09-07T19:25:00+02:00,2026-09-07T19:32:43+02:00,,463.0,1,Oslo S,SJN:Line:21,Dovrebanen,F6,rail,SJN:ServiceJourney:48-TND_42795-R,True,expected,False,,,,,2026-09-07T20:27:16.249662+02:00
NSR:StopPlace:58952,Bodø stasjon,2026-09-07T08:55:00+02:00,2026-09-07T09:02:42+02:00,,462.0,1,Løpsmarka,NOR:Line:12_8004,Tverlandet - Bodø sentrum - Løpsmarka,4,bus,NOR:ServiceJourney:8004_251012124900596_2009,True,expected,False,,,,,2026-09-07T08:42:24.659182+02:00
NSR:StopPlace:58849,Hakadal stasjon,2026-09-07T15:40:00+02:00,2026-09-07T15:47:38+02:00,,458.0,1,Kongskog,RUT:Line:390,Kongskog/Hellerudhaugen - Oslo bussterminal,390,bus,RUT:ServiceJourney:202bcdc0e30af4f75af6b80274e00124,True,expected,False,,,,,2026-09-07T15:44:36.205822+02:00
NSR:StopPlace:45,Reinunga stasjon,2026-09-07T17:15:00+02:00,2026-09-07T17:22:37+02:00,,457.0,1,Flåm,VYG:Line:R45,Myrdal-Flåm,R45,rail,VYG:ServiceJourney:1865_465786-R,True,expected,False,,,,,2026-09-07T20:27:16.249662+02:00
NSR:StopPlace:58952,Bodø stasjon,2026-09-07T08:40:00+02:00,2026-09-07T08:47:33+02:00,,453.0,1,Løpsmarka,NOR:Line:12_8004,Tverlandet - Bodø sentrum - Løpsmarka,4,bus,NOR:ServiceJourney:8004_251012124900595_2008,True,expected,False,,,,,2026-09-07T08:42:24.659182+02:00
NSR:StopPlace:58876,Tønsberg stasjon,2026-09-07T19:06:00+02:00,2026-09-07T19:13:32+02:00,,452.0,1,Stokke - Sørby,VKT:Line:520,Tønsberg-Stokke,520,bus,VKT:ServiceJourney:17252,True,expected,False,,,,,2026-09-07T20:27:16.249662+02:00
NSR:StopPlace:58820,Harestua stasjon,2026-09-08T00:30:00+02:00,2026-09-08T00:37:29+02:00,,449.0,1,Roa,VYG:Line:R31,Skøyen-Jaren-Gjøvik,R31,rail,VYG:ServiceJourney:BUS-239_655509-R,True,expected,False,,,,,2026-09-08T00:20:52.129880+02:00
NSR:StopPlace:58810,Løten stasjon,2026-09-07T15:51:00+02:00,2026-09-07T15:58:29+02:00,,449.0,1,Løten,INN:Line:26,Brumunddal - Hamar - Løten,B26,bus,INN:ServiceJourney:53995,True,expected,False,,,,,2026-09-07T15:44:36.205822+02:00
NSR:StopPlace:61927,Berekvam stasjon,2026-09-07T15:15:00+02:00,2026-09-07T15:22:26+02:00,,446.0,1,Flåm,VYG:Line:R45,Myrdal-Flåm,R45,rail,VYG:ServiceJourney:1861_465780-R,True,expected,False,Forsinket,Toget kjørte 9 minutter forsinket fra Vatnahalsen. Vi venter på passasjerer fra et annet tog.,incident,normal,2026-09-07T15:44:36.205822+02:00
NSR:StopPlace:58819,Grua stasjon,2026-09-07T20:35:00+02:00,2026-09-07T20:42:21+02:00,,441.0,1,Harestua,INN:Line:112,Brandbu-Gran-Harestua,112,bus,INN:ServiceJourney:70808,True,expected,False,,,,,2026-09-07T20:27:16.249662+02:00
NSR:StopPlace:58876,Tønsberg stasjon,2026-09-07T14:06:00+02:00,2026-09-07T14:13:20+02:00,,440.0,1,Sandefjord-Framnes,VKT:Line:1,Horten-Tønsberg-Sandefjord,1,bus,VKT:ServiceJourney:15574,True,expected,False,,,,,2026-09-07T15:44:36.205822+02:00
NSR:StopPlace:58952,Bodø stasjon,2026-09-07T09:10:00+02:00,2026-09-07T09:17:20+02:00,,440.0,1,Løpsmarka,NOR:Line:12_8004,Tverlandet - Bodø sentrum - Løpsmarka,4,bus,NOR:ServiceJourney:8004_251012124900597_2010,True,expected,False,,,,,2026-09-07T08:42:24.659182+02:00
NSR:StopPlace:58823,Jaren stasjon,2026-09-07T23:28:00+02:00,2026-09-07T23:35:16+02:00,,436.0,1,Gjøvik,VYG:Line:R31,Skøyen-Jaren-Gjøvik,R31,rail,VYG:ServiceJourney:235-ROA_589364-R,True,expected,False,,,,,2026-09-08T00:20:52.129880+02:00
NSR:StopPlace:58819,Grua stasjon,2026-09-07T15:11:00+02:00,2026-09-07T15:18:08+02:00,,428.0,1,Brandbu via Mohagen,INN:Line:112,Brandbu-Gran-Harestua,112,bus,INN:ServiceJourney:70840,True,expected,False,,,,,2026-09-07T15:44:36.205822+02:00
NSR:StopPlace:58952,Bodø stasjon,2026-09-07T15:40:00+02:00,2026-09-07T15:47:07+02:00,,427.0,1,Løpsmarka,NOR:Line:12_8004,Tverlandet - Bodø sentrum - Løpsmarka,4,bus,NOR:ServiceJourney:8004_251012124900612_2025,True,expected,False,,,,,2026-09-07T15:44:36.205822+02:00
NSR:StopPlace:61926,Håreina stasjon,2026-09-07T15:29:00+02:00,2026-09-07T15:36:06+02:00,,426.0,1,Flåm,VYG:Line:R45,Myrdal-Flåm,R45,rail,VYG:ServiceJourney:1861_465780-R,True,expected,False,Forsinket,Toget kjørte 9 minutter forsinket fra Vatnahalsen. Vi venter på passasjerer fra et annet tog.,incident,normal,2026-09-07T15:44:36.205822+02:00
NSR:StopPlace:58820,Harestua stasjon,2026-09-07T08:31:00+02:00,2026-09-07T08:38:06+02:00,,426.0,1,Roa,VYG:Line:RE30,Oslo S-Gjøvik,RE30,rail,VYG:ServiceJourney:BUS-1207_654995-R,True,expected,False,,,,,2026-09-07T08:42:24.659182+02:00
NSR:StopPlace:58835,Lier stasjon,2026-09-07T16:13:00+02:00,2026-09-07T16:20:03+02:00,,423.0,1,Drammen,BRA:Line:4_6073,Drammen - Reistad - Lierskogen,73,bus,BRA:ServiceJourney:6073_260415100160833_1022,True,expected,False,Fra 17/8 går linje 61-63-71-73-251-261 og skolebusser fra holdeplass ved Skutebrygga ut av byen.Les mer på brakar.no/trafikkmeldinger.,,general,normal,2026-09-07T15:44:36.205822+02:00
NSR:StopPlace:58814,Tolga stasjon,2026-09-07T15:49:00+02:00,2026-09-07T15:56:03+02:00,,423.0,1,Tynset,INN:Line:182,Tynset - Røros,182,bus,INN:ServiceJourney:74877,True,expected,False,,,,,2026-09-07T15:44:36.205822+02:00
NSR:StopPlace:58858,Nittedal stasjon,2026-09-07T18:14:00+02:00,2026-09-07T18:21:02+02:00,,422.0,1,Jaren,VYG:Line:R31,Skøyen-Jaren-Gjøvik,R31,rail,VYG:ServiceJourney:BUS-247_655581-R,True,expected,False,,,,,2026-09-07T20:27:16.249662+02:00
NSR:StopPlace:59261,Trondheim lufthavn,2026-09-07T17:45:00+02:00,2026-09-07T17:52:00+02:00,,420.0,1,Namsos,AVI:Line:WF_TRD-OSY,Trondheim-Namsos,,air,AVI:ServiceJourney:WF794-01-126364862,True,expected,False,,,,,2026-09-07T20:27:16.249662+02:00
NSR:StopPlace:535,Kjosfossen stasjon,2026-09-07T17:26:00+02:00,2026-09-07T17:32:54+02:00,,414.0,1,Flåm,VYG:Line:R45,Myrdal-Flåm,R45,rail,VYG:ServiceJourney:1865_465786-R,True,expected,False,,,,,2026-09-07T20:27:16.249662+02:00
NSR:StopPlace:58858,Nittedal stasjon,2026-09-07T19:30:00+02:00,2026-09-07T19:36:52+02:00,,412.0,1,Oslo S,VYG:Line:R31,Skøyen-Jaren-Gjøvik,R31,rail,VYG:ServiceJourney:BUS-228_655370-R,True,expected,False,,,,,2026-09-07T20:27:16.249662+02:00
NSR:StopPlace:58824,Lunner stasjon,2026-09-07T14:31:00+02:00,2026-09-07T14:37:50+02:00,,410.0,1,Roa,VYG:Line:RE30,Oslo S-Gjøvik,RE30,rail,VYG:ServiceJourney:1220-GJOe_589159-R,True,expected,False,,,,,2026-09-07T15:44:36.205822+02:00
NSR:StopPlace:59261,Trondheim lufthavn,2026-09-08T01:02:00+02:00,2026-09-08T01:08:46+02:00,,406.0,1,Stjørdal stasjon,ATB:Line:2_70,Stjørdal/Hommelvik- Trondheim,70,bus,ATB:ServiceJourney:70_251215112547136_121,True,expected,False,,,,,2026-09-08T00:20:52.129880+02:00
NSR:StopPlace:448,Vatnahalsen stasjon,2026-09-07T18:24:00+02:00,2026-09-07T18:30:42+02:00,,402.0,1,Flåm,VYG:Line:R45,Myrdal-Flåm,R45,rail,VYG:ServiceJourney:1867_465788-R,True,expected,False,,,,,2026-09-07T20:27:16.249662+02:00
NSR:StopPlace:58824,Lunner stasjon,2026-09-07T14:08:00+02:00,2026-09-07T14:14:41+02:00,,401.0,1,Gjøvik,VYG:Line:RE30,Oslo S-Gjøvik,RE30,rail,VYG:ServiceJourney:1217-ROA_589150-R,True,expected,False,,,,,2026-09-07T15:44:36.205822+02:00
NSR:StopPlace:58952,Bodø stasjon,2026-09-07T09:25:00+02:00,2026-09-07T09:31:37+02:00,,397.0,1,Løpsmarka,NOR:Line:12_8004,Tverlandet - Bodø sentrum - Løpsmarka,4,bus,NOR:ServiceJourney:8004_251012124900598_2011,True,expected,False,,,,,2026-09-07T08:42:24.659182+02:00
NSR:StopPlace:58921,Vennesla stasjon,2026-09-07T16:07:00+02:00,2026-09-07T16:13:35+02:00,,395.0,1,Vennesla - Samkom,AKT:Line:31,Kvadraturen - Sødal - Vennesla,31,bus,AKT:ServiceJourney:79655_201_48_113400_115740_3950303,True,expected,False,,,,,2026-09-07T15:44:36.205822+02:00
NSR:StopPlace:59646,Høvik stasjon,2026-09-07T08:40:00+02:00,2026-09-07T08:46:35+02:00,,395.0,1,Asker,RUT:Line:270,Asker - Sandvika (- Fornebu),270,bus,RUT:ServiceJourney:4142ba798038527178c9121da05b2ff8,True,expected,False,,,,,2026-09-07T08:42:24.659182+02:00
NSR:StopPlace:58877,Bø stasjon,2026-09-07T15:45:00+02:00,2026-09-07T15:51:33+02:00,,393.0,1,Folkestad-Nordbø,TEL:Line:8121,Bø-Lunde,121,bus,TEL:ServiceJourney:127359,True,expected,False,,,,,2026-09-07T15:44:36.205822+02:00
NSR:StopPlace:61928,Blomheller stasjon,2026-09-07T17:35:00+02:00,2026-09-07T17:41:32+02:00,,392.0,1,Flåm,VYG:Line:R45,Myrdal-Flåm,R45,rail,VYG:ServiceJourney:1865_465786-R,True,expected,False,,,,,2026-09-07T20:27:16.249662+02:00
NSR:StopPlace:58818,Gran stasjon,2026-09-07T20:15:00+02:00,2026-09-07T20:21:32+02:00,,392.0,1,Gjøvik,VYG:Line:R31,Skøyen-Jaren-Gjøvik,R31,rail,VYG:ServiceJourney:229-ROA_589352-R,True,expected,False,,,,,2026-09-07T20:27:16.249662+02:00
NSR:StopPlace:58818,Gran stasjon,2026-09-07T14:15:00+02:00,2026-09-07T14:21:32+02:00,,392.0,1,Gjøvik,VYG:Line:RE30,Oslo S-Gjøvik,RE30,rail,VYG:ServiceJourney:1217-ROA_589150-R,True,expected,False,,,,,2026-09-07T15:44:36.205822+02:00
NSR:StopPlace:58952,Bodø stasjon,2026-09-07T15:55:00+02:00,2026-09-07T16:01:29+02:00,,389.0,1,Løpsmarka,NOR:Line:12_8004,Tverlandet - Bodø sentrum - Løpsmarka,4,bus,NOR:ServiceJourney:8004_251012124900613_2026,True,expected,False,,,,,2026-09-07T15:44:36.205822+02:00
NSR:StopPlace:61251,Øksnavadporten stasjon,2026-09-07T16:05:00+02:00,2026-09-07T16:11:28+02:00,,388.0,1,Stavanger,GOA:Line:59,Jærbanen,L5,rail,GOA:ServiceJourney:3045_63088-R,True,expected,False,,,,,2026-09-07T15:44:36.205822+02:00
NSR:StopPlace:8,Paradis stasjon,2026-09-07T16:28:00+02:00,2026-09-07T16:34:28+02:00,,388.0,1,Stavanger,GOA:Line:59,Jærbanen,L5,rail,GOA:ServiceJourney:3045_63088-R,True,expected,False,,,,,2026-09-07T15:44:36.205822+02:00
NSR:StopPlace:61872,Nærbø stasjon,2026-09-07T15:52:00+02:00,2026-09-07T15:58:28+02:00,,388.0,1,Stavanger,GOA:Line:59,Jærbanen,L5,rail,GOA:ServiceJourney:3045_63088-R,True,expected,False,,,,,2026-09-07T15:44:36.205822+02:00
NSR:StopPlace:59957,Klepp stasjon,2026-09-07T16:02:00+02:00,2026-09-07T16:08:28+02:00,,388.0,1,Stavanger,GOA:Line:59,Jærbanen,L5,rail,GOA:ServiceJourney:3045_63088-R,True,expected,False,,,,,2026-09-07T15:44:36.205822+02:00
NSR:StopPlace:60271,Varhaug stasjon,2026-09-07T15:48:00+02:00,2026-09-07T15:54:28+02:00,,388.0,1,Stavanger,GOA:Line:59,Jærbanen,L5,rail,GOA:ServiceJourney:3045_63088-R,True,expected,False,,,,,2026-09-07T15:44:36.205822+02:00
NSR:StopPlace:58924,Bryne stasjon,2026-09-07T15:58:00+02:00,2026-09-07T16:04:28+02:00,,388.0,1,Stavanger,GOA:Line:59,Jærbanen,L5,rail,GOA:ServiceJourney:3045_63088-R,True,expected,False,,,,,2026-09-07T15:44:36.205822+02:00
NSR:StopPlace:63079,Skeiane stasjon,2026-09-07T16:12:00+02:00,2026-09-07T16:18:28+02:00,,388.0,1,Stavanger,GOA:Line:59,Jærbanen,L5,rail,GOA:ServiceJourney:3045_63088-R,True,expected,False,,,,,2026-09-07T15:44:36.205822+02:00
NSR:StopPlace:362,Jåttåvågen stasjon,2026-09-07T16:22:00+02:00,2026-09-07T16:28:28+02:00,,388.0,1,Stavanger,GOA:Line:59,Jærbanen,L5,rail,GOA:ServiceJourney:3045_63088-R,True,expected,False,,,,,2026-09-07T15:44:36.205822+02:00
NSR:StopPlace:206,Mariero stasjon,2026-09-07T16:25:00+02:00,2026-09-07T16:31:28+02:00,,388.0,1,Stavanger,GOA:Line:59,Jærbanen,L5,rail,GOA:ServiceJourney:3045_63088-R,True,expected,False,,,,,2026-09-07T15:44:36.205822+02:00
NSR:StopPlace:261,Ganddal stasjon,2026-09-07T16:09:00+02:00,2026-09-07T16:15:28+02:00,,388.0,1,Stavanger,GOA:Line:59,Jærbanen,L5,rail,GOA:ServiceJourney:3045_63088-R,True,expected,False,,,,,2026-09-07T15:44:36.205822+02:00
NSR:StopPlace:702,Sandnes sentrum stasjon,2026-09-07T16:14:00+02:00,2026-09-07T16:20:28+02:00,,388.0,1,Stavanger,GOA:Line:59,Jærbanen,L5,rail,GOA:ServiceJourney:3045_63088-R,True,expected,False,,,,,2026-09-07T15:44:36.205822+02:00
NSR:StopPlace:62311,Vigrestad stasjon,2026-09-07T15:43:00+02:00,2026-09-07T15:49:28+02:00,,388.0,1,Stavanger,GOA:Line:59,Jærbanen,L5,rail,GOA:ServiceJourney:3045_63088-R,True,expected,False,,,,,2026-09-07T15:44:36.205822+02:00
NSR:StopPlace:62310,Brusand stasjon,2026-09-07T15:39:00+02:00,2026-09-07T15:45:28+02:00,,388.0,1,Stavanger,GOA:Line:59,Jærbanen,L5,rail,GOA:ServiceJourney:3045_63088-R,True,expected,False,,,,,2026-09-07T15:44:36.205822+02:00
NSR:StopPlace:61735,Hell stasjon,2026-09-07T07:50:00+02:00,2026-09-07T07:56:28+02:00,,388.0,1,Steinkjer,SJN:Line:26,Trønderbanen,R70,rail,SJN:ServiceJourney:425_56054-R,True,expected,False,,,,,2026-09-07T08:42:24.659182+02:00
NSR:StopPlace:58819,Grua stasjon,2026-09-07T08:41:00+02:00,2026-09-07T08:47:27+02:00,,387.0,1,Roa,VYG:Line:RE30,Oslo S-Gjøvik,RE30,rail,VYG:ServiceJourney:BUS-1207_654995-R,True,expected,False,,,,,2026-09-07T08:42:24.659182+02:00
NSR:StopPlace:58818,Gran stasjon,2026-09-07T14:25:00+02:00,2026-09-07T14:31:26+02:00,,386.0,1,Roa,VYG:Line:RE30,Oslo S-Gjøvik,RE30,rail,VYG:ServiceJourney:1220-GJOe_589159-R,True,expected,False,,,,,2026-09-07T15:44:36.205822+02:00
NSR:StopPlace:58868,Årnes stasjon,2026-09-07T16:06:00+02:00,2026-09-07T16:12:25+02:00,,385.0,1,Dysterud,RUT:Line:451,Dysterud - Årnes,451,bus,RUT:ServiceJourney:48db0b1010d7d47e31668c9d8aa4b653,True,expected,False,,,,,2026-09-07T15:44:36.205822+02:00
NSR:StopPlace:151,Evanger stasjon,2026-09-07T08:48:00+02:00,2026-09-07T08:54:25+02:00,,385.0,1,Voss,VYG:Line:R40,Bergen-Voss-Myrdal-Ål,R40,rail,VYG:ServiceJourney:1806_443392-R,True,expected,False,,,,,2026-09-07T08:42:24.659182+02:00
NSR:StopPlace:58932,Hommelvik stasjon,2026-09-07T16:20:00+02:00,2026-09-07T16:26:23+02:00,,383.0,1,Stjørdal stasjon,ATB:Line:2_70,Stjørdal/Hommelvik- Trondheim,70,bus,ATB:ServiceJourney:70_251215112546978_59,True,expected,False,,,,,2026-09-07T15:44:36.205822+02:00
NSR:StopPlace:101,Sagdalen stasjon,2026-09-07T20:22:00+02:00,2026-09-07T20:28:19+02:00,,379.0,1,Lillestrøm,VYG:Line:L1,Spikkestad-Oslo S-Lillestrøm,L1,rail,VYG:ServiceJourney:2160_443570-R,True,expected,False,,,,,2026-09-07T20:27:16.249662+02:00
NSR:StopPlace:58877,Bø stasjon,2026-09-07T16:12:00+02:00,2026-09-07T16:18:17+02:00,,377.0,1,Seljord,TEL:Line:8181,Seljord-Bø-Skien,R1,bus,TEL:ServiceJourney:127095,True,expected,False,,,,,2026-09-07T15:44:36.205822+02:00
NSR:StopPlace:59652,Tøyen stasjon,2026-09-07T08:45:00+02:00,2026-09-07T08:51:16+02:00,,376.0,1,Vippetangen,RUT:Line:60,Vippetangen-Tonsenhagen,60,bus,RUT:ServiceJourney:7d95f14ba4b85b69f4d51175dd4aad1f,True,expected,False,,,,,2026-09-07T08:42:24.659182+02:00
NSR:StopPlace:61696,Lunden stasjon,2026-09-07T15:33:00+02:00,2026-09-07T15:39:14+02:00,,374.0,1,Flåm,VYG:Line:R45,Myrdal-Flåm,R45,rail,VYG:ServiceJourney:1861_465780-R,True,expected,False,Forsinket,Toget kjørte 9 minutter forsinket fra Vatnahalsen. Vi venter på passasjerer fra et annet tog.,incident,normal,2026-09-07T15:44:36.205822+02:00
NSR:StopPlace:58818,Gran stasjon,2026-09-07T20:25:00+02:00,2026-09-07T20:31:11+02:00,,371.0,1,Roa,VYG:Line:R31,Skøyen-Jaren-Gjøvik,R31,rail,VYG:ServiceJourney:232-GJOe_648914-R,True,expected,False,,,,,2026-09-07T20:27:16.249662+02:00
NSR:StopPlace:58893,Grovane stasjon,2026-09-07T16:20:00+02:00,2026-09-07T16:26:09+02:00,,369.0,1,Samkom,AKT:Line:31,Kvadraturen - Sødal - Vennesla,31,bus,AKT:ServiceJourney:79655_201_48_113400_115740_3950303,True,expected,False,,,,,2026-09-07T15:44:36.205822+02:00
NSR:StopPlace:58921,Vennesla stasjon,2026-09-07T08:48:00+02:00,2026-09-07T08:54:09+02:00,,369.0,1,Kristiansand,AKT:Line:31,Kvadraturen - Sødal - Vennesla,31,bus,AKT:ServiceJourney:79683_132_44_62040_64260_3950001,True,expected,False,,,,,2026-09-07T08:42:24.659182+02:00
NSR:StopPlace:58815,Bleiken stasjon,2026-09-07T14:28:00+02:00,2026-09-07T14:34:08+02:00,,368.0,1,Gjøvik,VYG:Line:RE30,Oslo S-Gjøvik,RE30,rail,VYG:ServiceJourney:1217-ROA_589150-R,True,expected,False,,,,,2026-09-07T15:44:36.205822+02:00
NSR:StopPlace:45,Reinunga stasjon,2026-09-07T18:27:00+02:00,2026-09-07T18:33:07+02:00,,367.0,1,Flåm,VYG:Line:R45,Myrdal-Flåm,R45,rail,VYG:ServiceJourney:1867_465788-R,True,expected,False,,,,,2026-09-07T20:27:16.249662+02:00
NSR:StopPlace:58824,Lunner stasjon,2026-09-07T20:31:00+02:00,2026-09-07T20:37:07+02:00,,367.0,1,Roa,VYG:Line:R31,Skøyen-Jaren-Gjøvik,R31,rail,VYG:ServiceJourney:232-GJOe_648914-R,True,expected,False,,,,,2026-09-07T20:27:16.249662+02:00
NSR:StopPlace:60053,Halden stasjon,2026-09-07T08:46:00+02:00,2026-09-07T08:52:01+02:00,,361.0,1,Halden sentrum,OST:Line:1_34,Remmen-Sykehuset,34,bus,OST:ServiceJourney:34_260325121472310_8,True,expected,False,,,,,2026-09-07T08:42:24.659182+02:00
NSR:StopPlace:369,Kvål stasjon,2026-09-08T00:13:00+02:00,2026-09-08T00:19:00+02:00,,360.0,1,Støren,SJN:Line:26,Trønderbanen,R70,rail,SJN:ServiceJourney:454_56083-R,True,expected,False,,,,,2026-09-08T00:20:52.129880+02:00
NSR:StopPlace:59261,Trondheim lufthavn,2026-09-07T18:20:00+02:00,2026-09-07T18:26:00+02:00,,360.0,1,Oslo,AVI:Line:DY_OSL-TRD,Oslo-Trondheim,,air,AVI:ServiceJourney:DY771-01-416742281,True,expected,False,,,,,2026-09-07T20:27:16.249662+02:00
NSR:StopPlace:58916,Charlottenberg station,2026-09-07T18:30:00+02:00,2026-09-07T18:36:00+02:00,,360.0,1,Kongsvinger,INN:Line:120,Kongsvinger - Charlottenberg,120,bus,INN:ServiceJourney:54615,True,expected,False,,,,,2026-09-07T20:27:16.249662+02:00
NSR:StopPlace:59261,Trondheim lufthavn,2026-09-07T08:05:00+02:00,2026-09-07T08:11:00+02:00,,360.0,1,Bodø,AVI:Line:WF_BOO-TRD,Bodø-Trondheim,,air,AVI:ServiceJourney:WF742-01-1490585,True,expected,False,,,,,2026-09-07T08:42:24.659182+02:00
NSR:StopPlace:59637,Rosenholm stasjon,2026-09-07T07:31:00+02:00,2026-09-07T07:37:00+02:00,,360.0,1,Ski,VYG:Line:L2,Stabekk-Oslo S-Ski,L2,rail,VYG:ServiceJourney:2709-HVK_443915-R,True,expected,False,,,,,2026-09-07T08:42:24.659182+02:00
NSR:StopPlace:62378,Røstad stasjon,2026-09-07T07:41:00+02:00,2026-09-07T07:47:00+02:00,,360.0,1,Steinkjer,SJN:Line:26,Trønderbanen,R70,rail,SJN:ServiceJourney:423_56052-R,True,expected,False,,,,,2026-09-07T08:42:24.659182+02:00
NSR:StopPlace:61927,Berekvam stasjon,2026-09-07T17:42:00+02:00,2026-09-07T17:47:58+02:00,,358.0,1,Flåm,VYG:Line:R45,Myrdal-Flåm,R45,rail,VYG:ServiceJourney:1865_465786-R,True,expected,False,,,,,2026-09-07T20:27:16.249662+02:00
NSR:StopPlace:58840,Vestfossen stasjon,2026-09-07T14:21:00+02:00,2026-09-07T14:26:58+02:00,,358.0,1,Darbu - Gamleveien - Kongsberg,BRA:Line:4_6115,Hokksund - Kongsberg,115,bus,BRA:ServiceJourney:6115_260427080311220_1016,True,expected,False,,,,,2026-09-07T15:44:36.205822+02:00
NSR:StopPlace:58864,Sørumsand stasjon,2026-09-07T15:39:00+02:00,2026-09-07T15:44:56+02:00,,356.0,1,Orredalen,RUT:Line:366,Orredalen - Sørumsand,366,bus,RUT:ServiceJourney:c1a28e42a53035e469aa9e0201b2de6e,True,expected,False,,,,,2026-09-07T15:44:36.205822+02:00
NSR:StopPlace:59658,Moi stasjon,2026-09-07T15:52:00+02:00,2026-09-07T15:57:55+02:00,,355.0,1,Stavanger,GOA:Line:50,Sørtoget region,F5,rail,GOA:ServiceJourney:709-LOD_73757-R,True,expected,False,,,,,2026-09-07T15:44:36.205822+02:00
NSR:StopPlace:58921,Vennesla stasjon,2026-09-07T08:38:00+02:00,2026-09-07T08:43:53+02:00,,353.0,1,Kristiansand via Mosby,AKT:Line:30,Kvadraturen - Mosby - Vennesl,30,bus,AKT:ServiceJourney:79449_102_48_60240_63000_40001545,True,expected,False,,,,,2026-09-07T08:42:24.659182+02:00
NSR:StopPlace:58876,Tønsberg stasjon,2026-09-07T06:51:00+02:00,2026-09-07T06:56:53+02:00,,353.0,1,Sandefjord,VKT:Line:1,Horten-Tønsberg-Sandefjord,1,bus,VKT:ServiceJourney:15556,True,expected,False,,,,,2026-09-07T08:42:24.659182+02:00
NSR:StopPlace:59637,Rosenholm stasjon,2026-09-07T23:01:00+02:00,2026-09-07T23:06:51+02:00,,351.0,1,Ski,VYG:Line:L2,Stabekk-Oslo S-Ski,L2,rail,VYG:ServiceJourney:2771-HVK_443992-R,True,expected,False,,,,,2026-09-08T00:20:52.129880+02:00
NSR:StopPlace:60735,Gullhella stasjon,2026-09-07T18:57:00+02:00,2026-09-07T19:02:50+02:00,,350.0,1,Lillestrøm,VYG:Line:L1,Spikkestad-Oslo S-Lillestrøm,L1,rail,VYG:ServiceJourney:2260_445359-R,True,expected,False,,,,,2026-09-07T20:27:16.249662+02:00
NSR:StopPlace:58861,Solbråtan stasjon,2026-09-07T23:05:00+02:00,2026-09-07T23:10:49+02:00,,349.0,1,Ski,VYG:Line:L2,Stabekk-Oslo S-Ski,L2,rail,VYG:ServiceJourney:2771-HVK_443992-R,True,expected,False,,,,,2026-09-08T00:20:52.129880+02:00
NSR:StopPlace:58842,Blaker stasjon,2026-09-07T20:22:00+02:00,2026-09-07T20:27:49+02:00,,349.0,1,Asker,VYG:Line:R14,Asker-Oslo S-Kongsvinger,R14,rail,VYG:ServiceJourney:1032_442943-R,True,expected,False,,,,,2026-09-07T20:27:16.249662+02:00
NSR:StopPlace:58815,Bleiken stasjon,2026-09-07T20:28:00+02:00,2026-09-07T20:33:48+02:00,,348.0,1,Gjøvik,VYG:Line:R31,Skøyen-Jaren-Gjøvik,R31,rail,VYG:ServiceJourney:229-ROA_589352-R,True,expected,False,,,,,2026-09-07T20:27:16.249662+02:00
NSR:StopPlace:58952,Bodø stasjon,2026-09-07T16:10:00+02:00,2026-09-07T16:15:48+02:00,,348.0,1,Løpsmarka,NOR:Line:12_8004,Tverlandet - Bodø sentrum - Løpsmarka,4,bus,NOR:ServiceJourney:8004_251012124900614_2027,True,expected,False,,,,,2026-09-07T15:44:36.205822+02:00
NSR:StopPlace:58874,Stokke stasjon,2026-09-07T14:45:00+02:00,2026-09-07T14:50:47+02:00,,347.0,1,Storevar-Melsom,VKT:Line:1644,Stokke usk-Storevar-Golfbanen,1644,bus,VKT:ServiceJourney:14636,True,expected,False,,,,,2026-09-07T15:44:36.205822+02:00
NSR:StopPlace:61334,Ogna stasjon,2026-09-07T08:49:00+02:00,2026-09-07T08:54:47+02:00,,347.0,1,Egersund,GOA:Line:59,Jærbanen,L5,rail,GOA:ServiceJourney:3016_63048-R,True,expected,False,,,,,2026-09-07T08:42:24.659182+02:00
NSR:StopPlace:60271,Varhaug stasjon,2026-09-07T08:36:00+02:00,2026-09-07T08:41:47+02:00,,347.0,1,Egersund,GOA:Line:59,Jærbanen,L5,rail,GOA:ServiceJourney:3016_63048-R,True,expected,False,,,,,2026-09-07T08:42:24.659182+02:00
NSR:StopPlace:60569,Sirevåg stasjon,2026-09-07T08:52:00+02:00,2026-09-07T08:57:47+02:00,,347.0,1,Egersund,GOA:Line:59,Jærbanen,L5,rail,GOA:ServiceJourney:3016_63048-R,True,expected,False,,,,,2026-09-07T08:42:24.659182+02:00
NSR:StopPlace:62311,Vigrestad stasjon,2026-09-07T08:41:00+02:00,2026-09-07T08:46:47+02:00,,347.0,1,Egersund,GOA:Line:59,Jærbanen,L5,rail,GOA:ServiceJourney:3016_63048-R,True,expected,False,,,,,2026-09-07T08:42:24.659182+02:00
NSR:StopPlace:62310,Brusand stasjon,2026-09-07T08:45:00+02:00,2026-09-07T08:50:47+02:00,,347.0,1,Egersund,GOA:Line:59,Jærbanen,L5,rail,GOA:ServiceJourney:3016_63048-R,True,expected,False,,,,,2026-09-07T08:42:24.659182+02:00
NSR:StopPlace:61979,Hellvik stasjon,2026-09-07T08:57:00+02:00,2026-09-07T09:02:47+02:00,,347.0,1,Egersund,GOA:Line:59,Jærbanen,L5,rail,GOA:ServiceJourney:3016_63048-R,True,expected,False,,,,,2026-09-07T08:42:24.659182+02:00
NSR:StopPlace:60737,Bondivann stasjon,2026-09-07T18:49:00+02:00,2026-09-07T18:54:45+02:00,,345.0,1,Spikkestad,VYG:Line:L1,Spikkestad-Oslo S-Lillestrøm,L1,rail,VYG:ServiceJourney:2253_443674-R,True,expected,False,Færre vogner,Denne avgangen kjører dessverre med 4 vogner i stedet for 8 vogner. Dette skyldes at vi mangler et togsett.,general,normal,2026-09-07T20:27:16.249662+02:00
NSR:StopPlace:60735,Gullhella stasjon,2026-09-07T18:51:00+02:00,2026-09-07T18:56:45+02:00,,345.0,1,Spikkestad,VYG:Line:L1,Spikkestad-Oslo S-Lillestrøm,L1,rail,VYG:ServiceJourney:2253_443674-R,True,expected,False,Færre vogner,Denne avgangen kjører dessverre med 4 vogner i stedet for 8 vogner. Dette skyldes at vi mangler et togsett.,general,normal,2026-09-07T20:27:16.249662+02:00
NSR:StopPlace:59652,Tøyen stasjon,2026-09-07T20:27:00+02:00,2026-09-07T20:32:44+02:00,,344.0,1,Tonsenhagen,RUT:Line:60,Vippetangen-Tonsenhagen,60,bus,RUT:ServiceJourney:153b7730cf759130a4dca631734adc7a,True,expected,False,,,,,2026-09-07T20:27:16.249662+02:00
NSR:StopPlace:59642,Rånåsfoss stasjon,2026-09-07T15:39:00+02:00,2026-09-07T15:44:44+02:00,,344.0,1,Kongsvinger,VYG:Line:R14,Asker-Oslo S-Kongsvinger,R14,rail,VYG:ServiceJourney:1021_442929-R,True,expected,False,,,,,2026-09-07T15:44:36.205822+02:00
NSR:StopPlace:58932,Hommelvik stasjon,2026-09-08T00:51:00+02:00,2026-09-08T00:56:41+02:00,,341.0,1,Stjørdal stasjon,ATB:Line:2_70,Stjørdal/Hommelvik- Trondheim,70,bus,ATB:ServiceJourney:70_251215112547136_121,True,expected,False,,,,,2026-09-08T00:20:52.129880+02:00
NSR:StopPlace:58824,Lunner stasjon,2026-09-07T20:09:00+02:00,2026-09-07T20:14:41+02:00,,341.0,1,Gjøvik,VYG:Line:R31,Skøyen-Jaren-Gjøvik,R31,rail,VYG:ServiceJourney:229-ROA_589352-R,True,expected,False,,,,,2026-09-07T20:27:16.249662+02:00
NSR:StopPlace:311,Gjerdåker stasjon,2026-09-07T08:28:00+02:00,2026-09-07T08:33:40+02:00,,340.0,1,Myrdal,VYG:Line:R40,Bergen-Voss-Myrdal-Ål,R40,rail,VYG:ServiceJourney:1804_465739-R,True,expected,False,,,,,2026-09-07T08:42:24.659182+02:00
NSR:StopPlace:61926,Håreina stasjon,2026-09-07T17:56:00+02:00,2026-09-07T18:01:38+02:00,,338.0,1,Flåm,VYG:Line:R45,Myrdal-Flåm,R45,rail,VYG:ServiceJourney:1865_465786-R,True,expected,False,,,,,2026-09-07T20:27:16.249662+02:00
NSR:StopPlace:58861,Solbråtan stasjon,2026-09-07T07:35:00+02:00,2026-09-07T07:40:35+02:00,,335.0,1,Ski,VYG:Line:L2,Stabekk-Oslo S-Ski,L2,rail,VYG:ServiceJourney:2709-HVK_443915-R,True,expected,False,,,,,2026-09-07T08:42:24.659182+02:00
NSR:StopPlace:58838,Røyken stasjon,2026-09-07T18:59:00+02:00,2026-09-07T19:04:33+02:00,,333.0,1,Spikkestad,VYG:Line:L1,Spikkestad-Oslo S-Lillestrøm,L1,rail,VYG:ServiceJourney:2253_443674-R,True,expected,False,Færre vogner,Denne avgangen kjører dessverre med 4 vogner i stedet for 8 vogner. Dette skyldes at vi mangler et togsett.,general,normal,2026-09-07T20:27:16.249662+02:00
NSR:StopPlace:114,Seimsgrend stasjon,2026-09-07T14:17:00+02:00,2026-09-07T14:22:31+02:00,,331.0,1,Bergen,VYG:Line:R40,Bergen-Voss-Myrdal-Ål,R40,rail,VYG:ServiceJourney:1823_443410-R,True,expected,False,Forsinket,Toget kjørte 14 minutter forsinket fra Myrdal. Vi venter på passasjerer fra et annet tog.,incident,normal,2026-09-07T15:44:36.205822+02:00
NSR:StopPlace:58870,Holmestrand stasjon,2026-09-07T20:28:00+02:00,2026-09-07T20:33:29+02:00,,329.0,1,Eidsvoll,VYG:Line:RE11,Eidsvoll-Oslo S-Skien,RE11,rail,VYG:ServiceJourney:832_481337-R,True,expected,False,,,,,2026-09-07T20:27:16.249662+02:00
NSR:StopPlace:58834,Hokksund stasjon,2026-09-07T15:35:00+02:00,2026-09-07T15:40:29+02:00,,329.0,1,Myre,BRA:Line:4_6138,Hokksund - Skotselv,138,bus,BRA:ServiceJourney:6138_260427091397771_1009,True,expected,False,,,,,2026-09-07T15:44:36.205822+02:00
NSR:StopPlace:58921,Vennesla stasjon,2026-09-07T16:22:00+02:00,2026-09-07T16:27:28+02:00,,328.0,1,Vennesla sentrum,AKT:Line:31,Kvadraturen - Sødal - Vennesla,31,bus,AKT:ServiceJourney:79656_211_36_115200_116880_3950344,True,expected,False,,,,,2026-09-07T15:44:36.205822+02:00
NSR:StopPlace:58847,Frogner stasjon,2026-09-07T08:43:00+02:00,2026-09-07T08:48:28+02:00,,328.0,1,Skedsmokorset,RUT:Line:365,Sørumsand - Frogner - Skedsmokorset,365,bus,RUT:ServiceJourney:67fac50d3cda880ec837a44e73b39673,True,expected,False,,,,,2026-09-07T08:42:24.659182+02:00
NSR:StopPlace:58871,Sande stasjon,2026-09-07T07:56:00+02:00,2026-09-07T08:01:27+02:00,,327.0,1,Oslo S,VYG:Line:RX11,Eidsvoll-Oslo S-Skien,RX11,rail,VYG:ServiceJourney:856-SKN_444426-R,True,expected,False,,,,,2026-09-07T08:42:24.659182+02:00
NSR:StopPlace:584,Bulken stasjon,2026-09-07T08:58:00+02:00,2026-09-07T09:03:27+02:00,,327.0,1,Voss,VYG:Line:R40,Bergen-Voss-Myrdal-Ål,R40,rail,VYG:ServiceJourney:1806_443392-R,True,expected,False,,,,,2026-09-07T08:42:24.659182+02:00
NSR:StopPlace:60737,Bondivann stasjon,2026-09-07T14:49:00+02:00,2026-09-07T14:54:25+02:00,,325.0,1,Spikkestad,VYG:Line:L1,Spikkestad-Oslo S-Lillestrøm,L1,rail,VYG:ServiceJourney:2237_443645-R,True,expected,False,Forsinket | Færre vogner,Toget kjørte 7 minutter forsinket fra Lillestrøm. Dette skyldes en tidligere stans. | Denne avgangen kjører dessverre med 4 vogner i stedet for 8 vogner. Dette skyldes at vi mangler et togsett.,incident | general,normal | normal,2026-09-07T15:44:36.205822+02:00
NSR:StopPlace:60735,Gullhella stasjon,2026-09-07T14:51:00+02:00,2026-09-07T14:56:25+02:00,,325.0,1,Spikkestad,VYG:Line:L1,Spikkestad-Oslo S-Lillestrøm,L1,rail,VYG:ServiceJourney:2237_443645-R,True,expected,False,Forsinket | Færre vogner,Toget kjørte 7 minutter forsinket fra Lillestrøm. Dette skyldes en tidligere stans. | Denne avgangen kjører dessverre med 4 vogner i stedet for 8 vogner. Dette skyldes at vi mangler et togsett.,incident | general,normal | normal,2026-09-07T15:44:36.205822+02:00
NSR:StopPlace:58886,Arendal stasjon,2026-09-07T08:40:00+02:00,2026-09-07T08:45:25+02:00,,325.0,1,Sykehuset via Arendal sentrum,AKT:Line:111,Sykehuset-Arendal-Solåsen,111,bus,AKT:ServiceJourney:73585_51_33_59640_61740_40001010,True,expected,False,,,,,2026-09-07T08:42:24.659182+02:00
NSR:StopPlace:274,Hunderfossen stasjon,2026-09-07T20:55:00+02:00,2026-09-07T21:00:24+02:00,,324.0,1,Dombås,VYG:Line:RE10,Drammen-Oslo S-Lillehammer,RE10,rail,VYG:ServiceJourney:329-SUD_465133-R,True,expected,False,,,,,2026-09-08T00:20:52.129880+02:00
NSR:StopPlace:535,Kjosfossen stasjon,2026-09-07T18:38:00+02:00,2026-09-07T18:43:24+02:00,,324.0,1,Flåm,VYG:Line:R45,Myrdal-Flåm,R45,rail,VYG:ServiceJourney:1867_465788-R,True,expected,False,,,,,2026-09-07T20:27:16.249662+02:00
NSR:StopPlace:58871,Sande stasjon,2026-09-07T20:34:00+02:00,2026-09-07T20:39:20+02:00,,320.0,1,Eidsvoll,VYG:Line:RE11,Eidsvoll-Oslo S-Skien,RE11,rail,VYG:ServiceJourney:832_481337-R,True,expected,False,,,,,2026-09-07T20:27:16.249662+02:00
NSR:StopPlace:60735,Gullhella stasjon,2026-09-07T14:57:00+02:00,2026-09-07T15:02:19+02:00,,319.0,1,Lillestrøm,VYG:Line:L1,Spikkestad-Oslo S-Lillestrøm,L1,rail,VYG:ServiceJourney:2244_445341-R,True,expected,False,,,,,2026-09-07T15:44:36.205822+02:00
NSR:StopPlace:59648,Kjelsås stasjon,2026-09-07T18:10:00+02:00,2026-09-07T18:15:15+02:00,,315.0,1,Majorstuen,RUT:Line:25,Majorstuen-Haugerud,25,bus,RUT:ServiceJourney:1eae1056681e7d3d7e12b23113383f46,True,expected,False,,,,,2026-09-07T20:27:16.249662+02:00
NSR:StopPlace:58859,Nordby stasjon,2026-09-07T20:23:00+02:00,2026-09-07T20:28:14+02:00,,314.0,1,Dal,VYG:Line:R13,Drammen-Oslo S-Dal,R13,rail,VYG:ServiceJourney:1659_443341-R,True,expected,False,,,,,2026-09-07T20:27:16.249662+02:00
NSR:StopPlace:6,Greverud stasjon,2026-09-07T23:10:00+02:00,2026-09-07T23:15:12+02:00,,312.0,1,Ski,VYG:Line:L2,Stabekk-Oslo S-Ski,L2,rail,VYG:ServiceJourney:2771-HVK_443992-R,True,expected,False,,,,,2026-09-08T00:20:52.129880+02:00
NSR:StopPlace:59638,Myrvoll stasjon,2026-09-07T23:08:00+02:00,2026-09-07T23:13:12+02:00,,312.0,1,Ski,VYG:Line:L2,Stabekk-Oslo S-Ski,L2,rail,VYG:ServiceJourney:2771-HVK_443992-R,True,expected,False,,,,,2026-09-08T00:20:52.129880+02:00
NSR:StopPlace:61707,Jevnaker stasjon,2026-09-07T18:32:00+02:00,2026-09-07T18:37:09+02:00,,309.0,1,Hønefoss over Eggemoen,INN:Line:113,Toso-Jevnaker-Hønefoss,113,bus,INN:ServiceJourney:70989,True,expected,False,,,,,2026-09-07T20:27:16.249662+02:00
NSR:StopPlace:462,Ygre stasjon,2026-09-07T08:31:00+02:00,2026-09-07T08:36:09+02:00,,309.0,1,Myrdal,VYG:Line:R40,Bergen-Voss-Myrdal-Ål,R40,rail,VYG:ServiceJourney:1804_465739-R,True,expected,False,,,,,2026-09-07T08:42:24.659182+02:00
NSR:StopPlace:58875,Torp stasjon,2026-09-07T16:51:00+02:00,2026-09-07T16:56:08+02:00,,308.0,1,Eidsvoll,VYG:Line:RE11,Eidsvoll-Oslo S-Skien,RE11,rail,VYG:ServiceJourney:826_481332-R,True,expected,False,Færre vogner,Denne avgangen kjører dessverre med 5 vogner i stedet for 10 vogner. Dette skyldes at vi mangler et togsett.,general,normal,2026-09-07T20:27:16.249662+02:00
NSR:StopPlace:58838,Røyken stasjon,2026-09-07T16:03:00+02:00,2026-09-07T16:08:08+02:00,,308.0,1,Hyggen,RUT:Line:260,Hyggen - Bråset -Slemmestad (- Asker),260,bus,RUT:ServiceJourney:4835f7171e5b670ebe01049b13d62583,True,expected,False,,,,,2026-09-07T15:44:36.205822+02:00
NSR:StopPlace:60053,Halden stasjon,2026-09-07T08:56:00+02:00,2026-09-07T09:01:06+02:00,,306.0,1,Halden sentrum,OST:Line:1_32,Brekkerød-Stenrød,32,bus,OST:ServiceJourney:32_260325121472811_8,True,expected,False,,,,,2026-09-07T08:42:24.659182+02:00
NSR:StopPlace:58820,Harestua stasjon,2026-09-07T22:30:00+02:00,2026-09-07T22:35:05+02:00,,305.0,1,Roa,VYG:Line:R31,Skøyen-Jaren-Gjøvik,R31,rail,VYG:ServiceJourney:BUS-235_655467-R,True,expected,False,,,,,2026-09-08T00:20:52.129880+02:00
NSR:StopPlace:59646,Høvik stasjon,2026-09-07T15:40:00+02:00,2026-09-07T15:45:05+02:00,,305.0,1,Asker,RUT:Line:270,Asker - Sandvika (- Fornebu),270,bus,RUT:ServiceJourney:cb9247d7cdc5b740479986922e66be59,True,expected,False,,,,,2026-09-07T15:44:36.205822+02:00
NSR:StopPlace:58935,Levanger stasjon,2026-09-07T15:47:00+02:00,2026-09-07T15:52:05+02:00,,305.0,1,Nord universitet Levanger,ATB:Line:2_604,Levanger - Høgberget,604,bus,ATB:ServiceJourney:604_260106098643105_36,True,expected,False,,,,,2026-09-07T15:44:36.205822+02:00
NSR:StopPlace:58886,Arendal stasjon,2026-09-07T08:44:00+02:00,2026-09-07T08:49:05+02:00,,305.0,1,Hisøy via Arendal sentrum,AKT:Line:103,Tromøy Vest-Arendal-Hisøy,103,bus,AKT:ServiceJourney:83468_51_54_60720_63360_40001671,True,expected,False,,,,,2026-09-07T08:42:24.659182+02:00
NSR:StopPlace:58866,Vevelstad stasjon,2026-09-07T23:14:00+02:00,2026-09-07T23:19:04+02:00,,304.0,1,Ski,VYG:Line:L2,Stabekk-Oslo S-Ski,L2,rail,VYG:ServiceJourney:2771-HVK_443992-R,True,expected,False,,,,,2026-09-08T00:20:52.129880+02:00
NSR:StopPlace:58860,Oppegård stasjon,2026-09-07T23:12:00+02:00,2026-09-07T23:17:04+02:00,,304.0,1,Ski,VYG:Line:L2,Stabekk-Oslo S-Ski,L2,rail,VYG:ServiceJourney:2771-HVK_443992-R,True,expected,False,,,,,2026-09-08T00:20:52.129880+02:00
NSR:StopPlace:60737,Bondivann stasjon,2026-09-07T19:00:00+02:00,2026-09-07T19:05:04+02:00,,304.0,1,Lillestrøm,VYG:Line:L1,Spikkestad-Oslo S-Lillestrøm,L1,rail,VYG:ServiceJourney:2260_445359-R,True,expected,False,,,,,2026-09-07T20:27:16.249662+02:00
NSR:StopPlace:58801,Sarpsborg stasjon,2026-09-07T15:44:00+02:00,2026-09-07T15:49:03+02:00,,303.0,1,Opsund,OST:Line:1_134,Sarpsborg - Opsund,134,bus,OST:ServiceJourney:134_260325121470904_7,True,expected,False,,,,,2026-09-07T15:44:36.205822+02:00
NSR:StopPlace:58921,Vennesla stasjon,2026-09-07T06:36:00+02:00,2026-09-07T06:41:03+02:00,,303.0,1,Kristiansand,AKT:Line:31,Kvadraturen - Sødal - Vennesla,31,bus,AKT:ServiceJourney:79676_62_38_46920_48780_3950001,True,expected,False,,,,,2026-09-07T08:42:24.659182+02:00
NSR:StopPlace:61928,Blomheller stasjon,2026-09-07T18:47:00+02:00,2026-09-07T18:52:02+02:00,,302.0,1,Flåm,VYG:Line:R45,Myrdal-Flåm,R45,rail,VYG:ServiceJourney:1867_465788-R,True,expected,False,,,,,2026-09-07T20:27:16.249662+02:00
NSR:StopPlace:58808,Kongsvinger stasjon,2026-09-07T15:58:00+02:00,2026-09-07T16:03:02+02:00,,302.0,1,Skriverskogen,INN:Line:82,Skriverskogen - Marikollen,B82,bus,INN:ServiceJourney:54353,True,expected,False,,,,,2026-09-07T15:44:36.205822+02:00
NSR:StopPlace:58819,Grua stasjon,2026-09-07T15:34:00+02:00,2026-09-07T15:39:01+02:00,,301.0,1,Roa,VYG:Line:RE30,Oslo S-Gjøvik,RE30,rail,VYG:ServiceJourney:BUS-1221_655055-R,True,expected,False,,,,,2026-09-07T15:44:36.205822+02:00
NSR:StopPlace:58818,Gran stasjon,2026-09-08T01:17:00+02:00,2026-09-08T01:22:00+02:00,,300.0,1,Gjøvik,VYG:Line:R31,Skøyen-Jaren-Gjøvik,R31,rail,VYG:ServiceJourney:239-ROA_589368-R,True,expected,False,,,,,2026-09-08T03:39:50.209703+02:00
NSR:StopPlace:59261,Trondheim lufthavn,2026-09-07T22:00:00+02:00,2026-09-07T22:05:00+02:00,,300.0,1,Mosjøen,AVI:Line:WF_TRD-MJF,Trondheim-Mosjøen,,air,AVI:ServiceJourney:WF758-01-126362642,True,expected,False,,,,,2026-09-08T00:20:52.129880+02:00
NSR:StopPlace:59261,Trondheim lufthavn,2026-09-07T17:10:00+02:00,2026-09-07T17:15:00+02:00,,300.0,1,Bodø,AVI:Line:WF_BOO-TRD,Bodø-Trondheim,,air,AVI:ServiceJourney:WF732-01-1289920648,True,expected,False,,,,,2026-09-07T20:27:16.249662+02:00
NSR:StopPlace:58828,Roa stasjon,2026-09-07T19:05:00+02:00,2026-09-07T19:10:00+02:00,,300.0,1,Gjøvik,VYG:Line:R31,Skøyen-Jaren-Gjøvik,R31,rail,VYG:ServiceJourney:227-ROA_589347-R,True,expected,False,,,,,2026-09-07T20:27:16.249662+02:00
NSR:StopPlace:398,Arna stasjon,2026-09-07T08:37:00+02:00,2026-09-07T08:42:00+02:00,,300.0,1,Finse,VYG:Line:R40,Bergen-Voss-Myrdal-Ål,R40,rail,VYG:ServiceJourney:1848_465767-R,True,expected,False,,,,,2026-09-07T08:42:24.659182+02:00
NSR:StopPlace:58838,Røyken stasjon,2026-09-07T14:59:00+02:00,2026-09-07T15:03:59+02:00,,299.0,1,Spikkestad,VYG:Line:L1,Spikkestad-Oslo S-Lillestrøm,L1,rail,VYG:ServiceJourney:2237_443645-R,True,expected,False,Forsinket | Færre vogner,Toget kjørte 7 minutter forsinket fra Lillestrøm. Dette skyldes en tidligere stans. | Denne avgangen kjører dessverre med 4 vogner i stedet for 8 vogner. Dette skyldes at vi mangler et togsett.,incident | general,normal | normal,2026-09-07T15:44:36.205822+02:00
NSR:StopPlace:59641,Fjellhamar stasjon,2026-09-07T08:49:00+02:00,2026-09-07T08:53:59+02:00,,299.0,1,Ahus,RUT:Line:315,Vallerudtoppen - Ahus,315,bus,RUT:ServiceJourney:686582c01305db8179202a3c3b69eece,True,expected,False,,,,,2026-09-07T08:42:24.659182+02:00
NSR:StopPlace:58847,Frogner stasjon,2026-09-07T15:40:00+02:00,2026-09-07T15:44:58+02:00,,298.0,1,Sørumsand,RUT:Line:365,Sørumsand - Frogner - Skedsmokorset,365,bus,RUT:ServiceJourney:6dce1bcbb5933310d20071b07accb3f9,True,expected,False,,,,,2026-09-07T15:44:36.205822+02:00
NSR:StopPlace:58849,Hakadal stasjon,2026-09-07T16:10:00+02:00,2026-09-07T16:14:58+02:00,,298.0,1,Kongskog,RUT:Line:390,Kongskog/Hellerudhaugen - Oslo bussterminal,390,bus,RUT:ServiceJourney:469182d4a878ea9029fe3b4afc11d7ac,True,expected,False,,,,,2026-09-07T15:44:36.205822+02:00
NSR:StopPlace:6,Greverud stasjon,2026-09-07T07:40:00+02:00,2026-09-07T07:44:58+02:00,,298.0,1,Ski,VYG:Line:L2,Stabekk-Oslo S-Ski,L2,rail,VYG:ServiceJourney:2709-HVK_443915-R,True,expected,False,,,,,2026-09-07T08:42:24.659182+02:00
NSR:StopPlace:59638,Myrvoll stasjon,2026-09-07T07:38:00+02:00,2026-09-07T07:42:58+02:00,,298.0,1,Ski,VYG:Line:L2,Stabekk-Oslo S-Ski,L2,rail,VYG:ServiceJourney:2709-HVK_443915-R,True,expected,False,,,,,2026-09-07T08:42:24.659182+02:00
NSR:StopPlace:62378,Røstad stasjon,2026-09-07T21:09:00+02:00,2026-09-07T21:13:57+02:00,,297.0,1,Støren,SJN:Line:26,Trønderbanen,R70,rail,SJN:ServiceJourney:452_56081-R,True,expected,False,,,,,2026-09-08T00:20:52.129880+02:00
NSR:StopPlace:59092,Gyland stasjon,2026-09-07T08:39:00+02:00,2026-09-07T08:43:57+02:00,,297.0,1,Gyland skole,AKT:Line:270,Flekkefjord - Gyland - Tonstad,270,bus,AKT:ServiceJourney:98974_22_28_57000_59820_3935854,True,expected,False,,,,,2026-09-07T08:42:24.659182+02:00
NSR:StopPlace:58854,Langhus stasjon,2026-09-07T23:16:00+02:00,2026-09-07T23:20:54+02:00,,294.0,1,Ski,VYG:Line:L2,Stabekk-Oslo S-Ski,L2,rail,VYG:ServiceJourney:2771-HVK_443992-R,True,expected,False,,,,,2026-09-08T00:20:52.129880+02:00
NSR:StopPlace:369,Kvål stasjon,2026-09-07T20:13:00+02:00,2026-09-07T20:17:54+02:00,,294.0,1,Ler,SJN:Line:26,Trønderbanen,R70,rail,SJN:ServiceJourney:446_56075-R,True,expected,False,,,,,2026-09-07T20:27:16.249662+02:00
NSR:StopPlace:58858,Nittedal stasjon,2026-09-07T14:13:00+02:00,2026-09-07T14:17:53+02:00,,293.0,1,Roa,VYG:Line:RE30,Oslo S-Gjøvik,RE30,rail,VYG:ServiceJourney:BUS-1219_655047-R,True,expected,False,,,,,2026-09-07T15:44:36.205822+02:00
NSR:StopPlace:60053,Halden stasjon,2026-09-07T16:08:00+02:00,2026-09-07T16:12:52+02:00,,292.0,1,Halden sentrum,OST:Line:1_35,Næridsrød - Tistedal,35,bus,OST:ServiceJourney:35_260325121472357_22,True,expected,False,,,,,2026-09-07T15:44:36.205822+02:00
NSR:StopPlace:60053,Halden stasjon,2026-09-07T15:47:00+02:00,2026-09-07T15:51:51+02:00,,291.0,1,Göteborg C,VYG:Line:RE20,Oslo S-Halden-Göteborg (X-Border),RE20,rail,VYG:ServiceJourney:119-391_460181-R,True,expected,False,,,,,2026-09-07T15:44:36.205822+02:00
NSR:StopPlace:59658,Moi stasjon,2026-09-07T15:48:00+02:00,2026-09-07T15:52:50+02:00,,290.0,1,Sveknes,KOL:Line:8_2031,99,99,bus,KOL:ServiceJourney:2031_250903083238534_1005,True,expected,False,,,,,2026-09-07T15:44:36.205822+02:00
NSR:StopPlace:58866,Vevelstad stasjon,2026-09-07T07:44:00+02:00,2026-09-07T07:48:50+02:00,,290.0,1,Ski,VYG:Line:L2,Stabekk-Oslo S-Ski,L2,rail,VYG:ServiceJourney:2709-HVK_443915-R,True,expected,False,,,,,2026-09-07T08:42:24.659182+02:00
NSR:StopPlace:58860,Oppegård stasjon,2026-09-07T07:42:00+02:00,2026-09-07T07:46:50+02:00,,290.0,1,Ski,VYG:Line:L2,Stabekk-Oslo S-Ski,L2,rail,VYG:ServiceJourney:2709-HVK_443915-R,True,expected,False,,,,,2026-09-07T08:42:24.659182+02:00
NSR:StopPlace:58876,Tønsberg stasjon,2026-09-07T07:06:00+02:00,2026-09-07T07:10:50+02:00,,290.0,1,Sandefjord-Framnes,VKT:Line:1,Horten-Tønsberg-Sandefjord,1,bus,VKT:ServiceJourney:15557,True,expected,False,,,,,2026-09-07T08:42:24.659182+02:00
NSR:StopPlace:441,Auli stasjon,2026-09-07T15:42:00+02:00,2026-09-07T15:46:48+02:00,,288.0,1,Kongsvinger,VYG:Line:R14,Asker-Oslo S-Kongsvinger,R14,rail,VYG:ServiceJourney:1021_442929-R,True,expected,False,,,,,2026-09-07T15:44:36.205822+02:00
NSR:StopPlace:61696,Lunden stasjon,2026-09-07T18:00:00+02:00,2026-09-07T18:04:46+02:00,,286.0,1,Flåm,VYG:Line:R45,Myrdal-Flåm,R45,rail,VYG:ServiceJourney:1865_465786-R,True,expected,False,,,,,2026-09-07T20:27:16.249662+02:00
NSR:StopPlace:58871,Sande stasjon,2026-09-07T14:50:00+02:00,2026-09-07T14:54:46+02:00,,286.0,1,Skien,VYG:Line:RX11,Eidsvoll-Oslo S-Skien,RX11,rail,VYG:ServiceJourney:851-LOD_554643-R,True,expected,False,,,,,2026-09-07T15:44:36.205822+02:00
NSR:StopPlace:58952,Bodø stasjon,2026-09-07T20:32:00+02:00,2026-09-07T20:36:44+02:00,,284.0,1,Tverlandet,NOR:Line:12_8004,Tverlandet - Bodø sentrum - Løpsmarka,4,bus,NOR:ServiceJourney:8004_251012124900584_1037,True,expected,False,,,,,2026-09-07T20:27:16.249662+02:00
NSR:StopPlace:59647,Dal stasjon,2026-09-07T15:46:00+02:00,2026-09-07T15:50:43+02:00,,283.0,1,Eidsvoll,RUT:Line:430,Eidsvoll - Jessheim,430,bus,RUT:ServiceJourney:e01046377fbf9e5f6d8fabcfc056b088,True,expected,False,,,,,2026-09-07T15:44:36.205822+02:00
NSR:StopPlace:58817,Eina stasjon,2026-09-07T20:44:00+02:00,2026-09-07T20:48:40+02:00,,280.0,1,Gjøvik,VYG:Line:R31,Skøyen-Jaren-Gjøvik,R31,rail,VYG:ServiceJourney:229-ROA_589352-R,True,expected,False,,,,,2026-09-07T20:27:16.249662+02:00
NSR:StopPlace:60053,Halden stasjon,2026-09-07T09:33:00+02:00,2026-09-07T09:37:40+02:00,,280.0,1,Halden sentrum,OST:Line:1_33,Tistedal-Vold skog,33,bus,OST:ServiceJourney:33_260325121472224_9,True,expected,False,,,,,2026-09-07T08:42:24.659182+02:00
NSR:StopPlace:58854,Langhus stasjon,2026-09-07T07:46:00+02:00,2026-09-07T07:50:40+02:00,,280.0,1,Ski,VYG:Line:L2,Stabekk-Oslo S-Ski,L2,rail,VYG:ServiceJourney:2709-HVK_443915-R,True,expected,False,,,,,2026-09-07T08:42:24.659182+02:00
NSR:StopPlace:59646,Høvik stasjon,2026-09-07T20:26:00+02:00,2026-09-07T20:30:39+02:00,,279.0,1,Spikkestad,VYG:Line:L1,Spikkestad-Oslo S-Lillestrøm,L1,rail,VYG:ServiceJourney:2261_443688-R,True,expected,False,,,,,2026-09-07T20:27:16.249662+02:00
NSR:StopPlace:58843,Blommenholm stasjon,2026-09-07T20:28:00+02:00,2026-09-07T20:32:39+02:00,,279.0,1,Spikkestad,VYG:Line:L1,Spikkestad-Oslo S-Lillestrøm,L1,rail,VYG:ServiceJourney:2261_443688-R,True,expected,False,,,,,2026-09-07T20:27:16.249662+02:00
NSR:StopPlace:58815,Bleiken stasjon,2026-09-08T01:30:00+02:00,2026-09-08T01:34:37+02:00,,277.0,1,Gjøvik,VYG:Line:R31,Skøyen-Jaren-Gjøvik,R31,rail,VYG:ServiceJourney:239-ROA_589368-R,True,expected,False,,,,,2026-09-08T03:39:50.209703+02:00
NSR:StopPlace:58876,Tønsberg stasjon,2026-09-07T18:36:00+02:00,2026-09-07T18:40:37+02:00,,277.0,1,Sem-Andebu,VKT:Line:510,Tønsberg-Andebu,510,bus,VKT:ServiceJourney:17145,True,expected,False,Kan oppstå forsinkelser Andebu,Pga. veiarbeid på Gravdal bru vil det kunne oppstå forsinkelser. Vi beklager ulempene. Se vkt.no/avvik for mer info ,incident,normal,2026-09-07T20:27:16.249662+02:00
NSR:StopPlace:60053,Halden stasjon,2026-09-07T16:06:00+02:00,2026-09-07T16:10:37+02:00,,277.0,1,Halden sentrum,OST:Line:1_33,Tistedal-Vold skog,33,bus,OST:ServiceJourney:33_260325121472249_22,True,expected,False,,,,,2026-09-07T15:44:36.205822+02:00
NSR:StopPlace:58876,Tønsberg stasjon,2026-09-07T07:21:00+02:00,2026-09-07T07:25:37+02:00,,277.0,1,Sandefjord,VKT:Line:1,Horten-Tønsberg-Sandefjord,1,bus,VKT:ServiceJourney:15558,True,expected,False,,,,,2026-09-07T08:42:24.659182+02:00
NSR:StopPlace:60077,Støren stasjon,2026-09-07T16:31:00+02:00,2026-09-07T16:35:36+02:00,,276.0,1,Størenhallen snuplass,ATB:Line:2_5004,Klett - Melhus - Støren,5004,bus,ATB:ServiceJourney:5004_260309084093408_46,True,expected,False,,,,,2026-09-07T15:44:36.205822+02:00
NSR:StopPlace:58817,Eina stasjon,2026-09-07T16:05:00+02:00,2026-09-07T16:09:36+02:00,,276.0,1,Reinsvoll-Eina,INN:Line:406,Gjø.-Reinsv.-Eina-Reinsv.-Gjø.,406,bus,INN:ServiceJourney:97394,True,expected,False,,,,,2026-09-07T15:44:36.205822+02:00
NSR:StopPlace:58825,Raufoss stasjon,2026-09-07T15:46:00+02:00,2026-09-07T15:50:36+02:00,,276.0,1,Reinsvoll-Eina,INN:Line:406,Gjø.-Reinsv.-Eina-Reinsv.-Gjø.,406,bus,INN:ServiceJourney:97394,True,expected,False,,,,,2026-09-07T15:44:36.205822+02:00
NSR:StopPlace:58826,Reinsvoll stasjon,2026-09-07T15:53:00+02:00,2026-09-07T15:57:36+02:00,,276.0,1,Reinsvoll-Eina,INN:Line:406,Gjø.-Reinsv.-Eina-Reinsv.-Gjø.,406,bus,INN:ServiceJourney:97394,True,expected,False,,,,,2026-09-07T15:44:36.205822+02:00
NSR:StopPlace:58798,Rakkestad stasjon,2026-09-07T16:20:00+02:00,2026-09-07T16:24:35+02:00,,275.0,1,Mysen stasjon,OST:Line:1_634,Mysen-Rakkestad-Halden,634,bus,OST:ServiceJourney:634_260325121472686_5,True,expected,False,,,,,2026-09-07T15:44:36.205822+02:00
NSR:StopPlace:58876,Tønsberg stasjon,2026-09-07T07:31:00+02:00,2026-09-07T07:35:35+02:00,,275.0,1,Ramnes-Kirkevoll,VKT:Line:501,Tønsberg-Ramnes-Kirkevoll,501,bus,VKT:ServiceJourney:17093,True,expected,False,Kan oppstå forsinkelser ,Pga. veiarbeid langs Bispeveien kan det oppstå forsinkelser. Vi beklager dette. ,incident,normal,2026-09-07T08:42:24.659182+02:00
NSR:StopPlace:58819,Grua stasjon,2026-09-07T22:40:00+02:00,2026-09-07T22:44:33+02:00,,273.0,1,Roa,VYG:Line:R31,Skøyen-Jaren-Gjøvik,R31,rail,VYG:ServiceJourney:BUS-235_655468-R,True,expected,False,,,,,2026-09-08T00:20:52.129880+02:00
NSR:StopPlace:60737,Bondivann stasjon,2026-09-07T15:00:00+02:00,2026-09-07T15:04:33+02:00,,273.0,1,Lillestrøm,VYG:Line:L1,Spikkestad-Oslo S-Lillestrøm,L1,rail,VYG:ServiceJourney:2244_445341-R,True,expected,False,,,,,2026-09-07T15:44:36.205822+02:00
NSR:StopPlace:58952,Bodø stasjon,2026-09-07T16:25:00+02:00,2026-09-07T16:29:31+02:00,,271.0,1,Løpsmarka,NOR:Line:12_8004,Tverlandet - Bodø sentrum - Løpsmarka,4,bus,NOR:ServiceJourney:8004_251012124900615_2028,True,expected,False,,,,,2026-09-07T15:44:36.205822+02:00
NSR:StopPlace:58932,Hommelvik stasjon,2026-09-07T16:21:00+02:00,2026-09-07T16:25:29+02:00,,269.0,1,Muruvik,ATB:Line:2_70,Stjørdal/Hommelvik- Trondheim,70,bus,ATB:ServiceJourney:70_251215112546892_61,True,expected,False,,,,,2026-09-07T15:44:36.205822+02:00
NSR:StopPlace:58807,Hanestad stasjon,2026-09-07T15:43:00+02:00,2026-09-07T15:47:29+02:00,,269.0,1,Hamar,SJN:Line:25,Rørosbanen,R60,rail,SJN:ServiceJourney:2388_37666-R,True,expected,False,,,,,2026-09-07T15:44:36.205822+02:00
NSR:StopPlace:58211,Oslo lufthavn,2026-09-07T17:00:00+02:00,2026-09-07T17:04:26+02:00,,266.0,1,Trondheim,AVI:Line:SK_OSL-TRD,Oslo-Trondheim,,air,AVI:ServiceJourney:SK364-03-358552122,True,expected,False,,,,,2026-09-07T20:27:16.249662+02:00
NSR:StopPlace:58838,Røyken stasjon,2026-09-07T17:59:00+02:00,2026-09-07T18:03:25+02:00,,265.0,1,Spikkestad,VYG:Line:L1,Spikkestad-Oslo S-Lillestrøm,L1,rail,VYG:ServiceJourney:2249_443666-R,True,expected,False,,,,,2026-09-07T20:27:16.249662+02:00
NSR:StopPlace:62392,Slependen stasjon,2026-09-07T20:33:00+02:00,2026-09-07T20:37:24+02:00,,264.0,1,Spikkestad,VYG:Line:L1,Spikkestad-Oslo S-Lillestrøm,L1,rail,VYG:ServiceJourney:2261_443688-R,True,expected,False,,,,,2026-09-07T20:27:16.249662+02:00
NSR:StopPlace:58947,Steinkjer stasjon,2026-09-07T08:59:00+02:00,2026-09-07T09:03:24+02:00,,264.0,1,Levanger,ATB:Line:2_680,Levanger - Steinkjer - Namsos,680,bus,ATB:ServiceJourney:680_260106098642322_7,True,expected,False,,,,,2026-09-07T08:42:24.659182+02:00
NSR:StopPlace:60737,Bondivann stasjon,2026-09-07T22:19:00+02:00,2026-09-07T22:23:23+02:00,,263.0,1,Spikkestad,VYG:Line:L1,Spikkestad-Oslo S-Lillestrøm,L1,rail,VYG:ServiceJourney:2267_443697-R,True,expected,False,,,,,2026-09-08T00:20:52.129880+02:00
NSR:StopPlace:60735,Gullhella stasjon,2026-09-07T22:21:00+02:00,2026-09-07T22:25:23+02:00,,263.0,1,Spikkestad,VYG:Line:L1,Spikkestad-Oslo S-Lillestrøm,L1,rail,VYG:ServiceJourney:2267_443697-R,True,expected,False,,,,,2026-09-08T00:20:52.129880+02:00
NSR:StopPlace:58921,Vennesla stasjon,2026-09-07T16:38:00+02:00,2026-09-07T16:42:23+02:00,,263.0,1,Vennesla - Grovane st.,AKT:Line:31,Kvadraturen - Sødal - Vennesla,31,bus,AKT:ServiceJourney:79657_221_42_117000_119100_3950310,True,expected,False,,,,,2026-09-07T15:44:36.205822+02:00
NSR:StopPlace:62360,Kløve stasjon,2026-09-07T08:35:00+02:00,2026-09-07T08:39:23+02:00,,263.0,1,Myrdal,VYG:Line:R40,Bergen-Voss-Myrdal-Ål,R40,rail,VYG:ServiceJourney:1804_465739-R,True,expected,False,,,,,2026-09-07T08:42:24.659182+02:00
NSR:StopPlace:60735,Gullhella stasjon,2026-09-07T22:27:00+02:00,2026-09-07T22:31:21+02:00,,261.0,1,Lillestrøm,VYG:Line:L1,Spikkestad-Oslo S-Lillestrøm,L1,rail,VYG:ServiceJourney:2274_443709-R,True,expected,False,,,,,2026-09-08T00:20:52.129880+02:00
NSR:StopPlace:60042,Trengereid stasjon,2026-09-07T08:47:00+02:00,2026-09-07T08:51:19+02:00,,259.0,1,Finse,VYG:Line:R40,Bergen-Voss-Myrdal-Ål,R40,rail,VYG:ServiceJourney:1848_465767-R,True,expected,False,,,,,2026-09-07T08:42:24.659182+02:00
NSR:StopPlace:60271,Varhaug stasjon,2026-09-07T16:08:00+02:00,2026-09-07T16:12:18+02:00,,258.0,1,Egersund,GOA:Line:59,Jærbanen,L5,rail,GOA:ServiceJourney:3046_63090-R,True,expected,False,,,,,2026-09-07T15:44:36.205822+02:00
NSR:StopPlace:60569,Sirevåg stasjon,2026-09-07T16:23:00+02:00,2026-09-07T16:27:18+02:00,,258.0,1,Egersund,GOA:Line:59,Jærbanen,L5,rail,GOA:ServiceJourney:3046_63090-R,True,expected,False,,,,,2026-09-07T15:44:36.205822+02:00
NSR:StopPlace:58924,Bryne stasjon,2026-09-07T15:58:00+02:00,2026-09-07T16:02:18+02:00,,258.0,1,Egersund,GOA:Line:59,Jærbanen,L5,rail,GOA:ServiceJourney:3046_63090-R,True,expected,False,,,,,2026-09-07T15:44:36.205822+02:00
NSR:StopPlace:63079,Skeiane stasjon,2026-09-07T15:42:00+02:00,2026-09-07T15:46:18+02:00,,258.0,1,Egersund,GOA:Line:59,Jærbanen,L5,rail,GOA:ServiceJourney:3046_63090-R,True,expected,False,Toget har redusert kapasitet mellom Stavanger og Bryne.,Vi kjører med færre vogner enn planlagt.,incident,severe,2026-09-07T15:44:36.205822+02:00
NSR:StopPlace:261,Ganddal stasjon,2026-09-07T15:45:00+02:00,2026-09-07T15:49:18+02:00,,258.0,1,Egersund,GOA:Line:59,Jærbanen,L5,rail,GOA:ServiceJourney:3046_63090-R,True,expected,False,Toget har redusert kapasitet mellom Stavanger og Bryne.,Vi kjører med færre vogner enn planlagt.,incident,severe,2026-09-07T15:44:36.205822+02:00
NSR:StopPlace:62311,Vigrestad stasjon,2026-09-07T16:14:00+02:00,2026-09-07T16:18:18+02:00,,258.0,1,Egersund,GOA:Line:59,Jærbanen,L5,rail,GOA:ServiceJourney:3046_63090-R,True,expected,False,,,,,2026-09-07T15:44:36.205822+02:00
NSR:StopPlace:62310,Brusand stasjon,2026-09-07T16:18:00+02:00,2026-09-07T16:22:18+02:00,,258.0,1,Egersund,GOA:Line:59,Jærbanen,L5,rail,GOA:ServiceJourney:3046_63090-R,True,expected,False,,,,,2026-09-07T15:44:36.205822+02:00
NSR:StopPlace:61979,Hellvik stasjon,2026-09-07T16:28:00+02:00,2026-09-07T16:32:18+02:00,,258.0,1,Egersund,GOA:Line:59,Jærbanen,L5,rail,GOA:ServiceJourney:3046_63090-R,True,expected,False,,,,,2026-09-07T15:44:36.205822+02:00
NSR:StopPlace:58833,Gol stasjon,2026-09-07T15:45:00+02:00,2026-09-07T15:49:17+02:00,,257.0,1,Oslo S,VYG:Line:F4,Oslo S-Bergen,F4,rail,VYG:ServiceJourney:602-BRG_481321-R,True,expected,False,,,,,2026-09-07T15:44:36.205822+02:00
NSR:StopPlace:58935,Levanger stasjon,2026-09-07T08:44:00+02:00,2026-09-07T08:48:16+02:00,,256.0,1,Levanger,ATB:Line:2_680,Levanger - Steinkjer - Namsos,680,bus,ATB:ServiceJourney:680_260106098642321_5,True,expected,False,,,,,2026-09-07T08:42:24.659182+02:00
NSR:StopPlace:58875,Torp stasjon,2026-09-07T07:20:00+02:00,2026-09-07T07:24:14+02:00,,254.0,1,Skien,VYG:Line:RE11,Eidsvoll-Oslo S-Skien,RE11,rail,VYG:ServiceJourney:300-803-HHS_658721-R,True,expected,False,,,,,2026-09-07T08:42:24.659182+02:00
NSR:StopPlace:58801,Sarpsborg stasjon,2026-09-08T00:27:00+02:00,2026-09-08T00:31:13+02:00,,253.0,1,Halden,VYG:Line:RE20,Oslo S-Halden-Göteborg (X-Border),RE20,rail,VYG:ServiceJourney:137_443137-R,True,expected,False,,,,,2026-09-08T00:20:52.129880+02:00
NSR:StopPlace:58876,Tønsberg stasjon,2026-09-07T07:31:00+02:00,2026-09-07T07:35:13+02:00,,253.0,1,Stokke - Sørby,VKT:Line:520,Tønsberg-Stokke,520,bus,VKT:ServiceJourney:17227,True,expected,False,,,,,2026-09-07T08:42:24.659182+02:00
NSR:StopPlace:58932,Hommelvik stasjon,2026-09-07T09:27:00+02:00,2026-09-07T09:31:12+02:00,,252.0,1,Stjørdal stasjon,ATB:Line:2_70,Stjørdal/Hommelvik- Trondheim,70,bus,ATB:ServiceJourney:70_251215112546903_21,True,expected,False,,,,,2026-09-07T08:42:24.659182+02:00
NSR:StopPlace:58793,Askim stasjon,2026-09-07T09:05:00+02:00,2026-09-07T09:09:12+02:00,,252.0,1,Ramstadkrysset,OST:Line:1_9,Timekspress linje 9,9,bus,OST:ServiceJourney:9_260325121472419_9004,True,expected,False,,,,,2026-09-07T08:42:24.659182+02:00
NSR:StopPlace:58824,Lunner stasjon,2026-09-08T01:11:00+02:00,2026-09-08T01:15:09+02:00,,249.0,1,Gjøvik,VYG:Line:R31,Skøyen-Jaren-Gjøvik,R31,rail,VYG:ServiceJourney:239-ROA_589368-R,True,expected,False,,,,,2026-09-08T03:39:50.209703+02:00
NSR:StopPlace:398,Arna stasjon,2026-09-07T08:38:00+02:00,2026-09-07T08:42:07+02:00,,247.0,1,Bergen,VYG:Line:R40,Bergen-Voss-Myrdal-Ål,R40,rail,VYG:ServiceJourney:1811_443397-R,True,expected,False,,,,,2026-09-07T08:42:24.659182+02:00
NSR:StopPlace:58838,Røyken stasjon,2026-09-07T07:55:00+02:00,2026-09-07T07:59:05+02:00,,245.0,1,Sætre,RUT:Line:261,Drammen - Lahell - Røyken - Sætre,261,bus,RUT:ServiceJourney:220880d64f8277e2d314354939a9e9fb,True,expected,False,Fra 17/8 går linje 61-63-71-73-251-261 og skolebusser fra holdeplass ved Skutebrygga ut av byen.Les mer på brakar.no/trafikkmeldinger.,,general,normal,2026-09-07T08:42:24.659182+02:00
NSR:StopPlace:58849,Hakadal stasjon,2026-09-07T20:35:00+02:00,2026-09-07T20:39:04+02:00,,244.0,1,Kongskog,RUT:Line:390,Kongskog/Hellerudhaugen - Oslo bussterminal,390,bus,RUT:ServiceJourney:3769a5199ddf1224ebeed049f9bdedaa,True,expected,False,,,,,2026-09-07T20:27:16.249662+02:00
NSR:StopPlace:59647,Dal stasjon,2026-09-07T15:55:00+02:00,2026-09-07T15:59:04+02:00,,244.0,1,Kloppeløkken,RUT:Line:3772,Jessheim - Eidsvoll/ Eidsvoll - Dal - Østli,3772,bus,RUT:ServiceJourney:55f12bd6105d83e61e8526c900e80b84,True,expected,False,,,,,2026-09-07T15:44:36.205822+02:00
NSR:StopPlace:364,Vaksdal stasjon,2026-09-07T08:55:00+02:00,2026-09-07T08:59:03+02:00,,243.0,1,Finse,VYG:Line:R40,Bergen-Voss-Myrdal-Ål,R40,rail,VYG:ServiceJourney:1848_465767-R,True,expected,False,,,,,2026-09-07T08:42:24.659182+02:00
NSR:StopPlace:58815,Bleiken stasjon,2026-09-07T22:11:00+02:00,2026-09-07T22:15:02+02:00,,242.0,1,Roa,VYG:Line:R31,Skøyen-Jaren-Gjøvik,R31,rail,VYG:ServiceJourney:236-GJOe_648922-R,True,expected,False,,,,,2026-09-08T00:20:52.129880+02:00
NSR:StopPlace:59652,Tøyen stasjon,2026-09-07T15:45:00+02:00,2026-09-07T15:49:02+02:00,,242.0,1,Vippetangen,RUT:Line:60,Vippetangen-Tonsenhagen,60,bus,RUT:ServiceJourney:93dcaf22f5bc61deec13b81248db8725,True,expected,False,,,,,2026-09-07T15:44:36.205822+02:00
NSR:StopPlace:59092,Gyland stasjon,2026-09-07T15:50:00+02:00,2026-09-07T15:54:02+02:00,,242.0,1,Tonstad,AKT:Line:270,Flekkefjord - Gyland - Tonstad,270,bus,AKT:ServiceJourney:87974_51_42_110400_114000_3932701,True,expected,False,,,,,2026-09-07T15:44:36.205822+02:00
NSR:StopPlace:58848,Haga stasjon,2026-09-07T15:45:00+02:00,2026-09-07T15:49:02+02:00,,242.0,1,Kongsvinger,VYG:Line:R14,Asker-Oslo S-Kongsvinger,R14,rail,VYG:ServiceJourney:1021_442929-R,True,expected,False,,,,,2026-09-07T15:44:36.205822+02:00
NSR:StopPlace:59789,Skotbu stasjon,2026-09-07T20:22:00+02:00,2026-09-07T20:26:01+02:00,,241.0,1,Rakkestad,VYG:Line:R22,Skøyen-Oslo S-Mysen-Rakkestad,R22,rail,VYG:ServiceJourney:1931_443485-R,True,expected,False,,,,,2026-09-07T20:27:16.249662+02:00
NSR:StopPlace:58876,Tønsberg stasjon,2026-09-07T06:01:00+02:00,2026-09-07T06:05:01+02:00,,241.0,1,Stokke - Sørby,VKT:Line:520,Tønsberg-Stokke,520,bus,VKT:ServiceJourney:17224,True,expected,False,,,,,2026-09-07T08:42:24.659182+02:00
NSR:StopPlace:58971,Mosjøen stasjon,2026-09-07T20:53:00+02:00,2026-09-07T20:57:00+02:00,,240.0,1,Mosjøen,NOR:Line:12_3705,Mosjøen-Sandnessjøen,705,bus,NOR:ServiceJourney:3705_260506087405151_1005,True,expected,False,,,,,2026-09-07T20:27:16.249662+02:00
NSR:StopPlace:59261,Trondheim lufthavn,2026-09-07T13:50:00+02:00,2026-09-07T13:54:00+02:00,,240.0,1,Bergen,AVI:Line:WF_BGO-TRD,Bergen-Trondheim,,air,AVI:ServiceJourney:WF679-01-126351987,True,expected,False,,,,,2026-09-07T15:44:36.205822+02:00
NSR:StopPlace:59637,Rosenholm stasjon,2026-09-07T15:31:00+02:00,2026-09-07T15:35:00+02:00,,240.0,1,Ski,VYG:Line:L2,Stabekk-Oslo S-Ski,L2,rail,VYG:ServiceJourney:2741-HVK_443951-R,True,expected,False,Færre vogner,Denne avgangen kjører dessverre med 3 vogner i stedet for 6 vogner. Dette skyldes at vi mangler et togsett.,general,normal,2026-09-07T15:44:36.205822+02:00
NSR:StopPlace:58921,Vennesla stasjon,2026-09-07T15:48:00+02:00,2026-09-07T15:52:00+02:00,,240.0,1,Kristiansand,AKT:Line:31,Kvadraturen - Sødal - Vennesla,31,bus,AKT:ServiceJourney:79691_212_50_111960_114660_3950001,True,expected,False,,,,,2026-09-07T15:44:36.205822+02:00
NSR:StopPlace:58869,Ås stasjon,2026-09-07T15:40:00+02:00,2026-09-07T15:44:00+02:00,,240.0,1,Moss,VYG:Line:R21,Stabekk-Oslo S-Moss,R21,rail,VYG:ServiceJourney:1141-HVK_443020-R,True,expected,False,,,,,2026-09-07T15:44:36.205822+02:00
NSR:StopPlace:61315,Nerdrum stasjon,2026-09-07T08:38:00+02:00,2026-09-07T08:42:00+02:00,,240.0,1,Asker,VYG:Line:R14,Asker-Oslo S-Kongsvinger,R14,rail,VYG:ServiceJourney:1008_442913-R,True,expected,False,,,,,2026-09-07T08:42:24.659182+02:00
NSR:StopPlace:59653,Haugenstua stasjon,2026-09-07T08:40:00+02:00,2026-09-07T08:44:00+02:00,,240.0,1,Lillestrøm,VYG:Line:L1,Spikkestad-Oslo S-Lillestrøm,L1,rail,VYG:ServiceJourney:2114_443519-R,True,expected,False,,,,,2026-09-07T08:42:24.659182+02:00
NSR:StopPlace:58838,Røyken stasjon,2026-09-07T07:29:00+02:00,2026-09-07T07:33:00+02:00,,240.0,1,Spikkestad,VYG:Line:L1,Spikkestad-Oslo S-Lillestrøm,L1,rail,VYG:ServiceJourney:2207_443595-R,True,expected,False,Færre vogner,Denne avgangen kjører dessverre med 4 vogner i stedet for 8 vogner. Dette skyldes at vi mangler et togsett.,general,normal,2026-09-07T08:42:24.659182+02:00
NSR:StopPlace:60053,Halden stasjon,2026-09-07T20:46:00+02:00,2026-09-07T20:49:59+02:00,,239.0,1,Sykehuset-Halden,OST:Line:1_34,Remmen-Sykehuset,34,bus,OST:ServiceJourney:34_260325121472282_29,True,expected,False,,,,,2026-09-07T20:27:16.249662+02:00
NSR:StopPlace:58858,Nittedal stasjon,2026-09-07T15:49:00+02:00,2026-09-07T15:52:59+02:00,,239.0,1,Lørenskog sentrum,RUT:Line:385,Nittedal stasjon - Olavsgaard - Ahus,385,bus,RUT:ServiceJourney:2b6e7853c5d99198fb83f2ca63e85241,True,expected,False,,,,,2026-09-07T15:44:36.205822+02:00
NSR:StopPlace:60735,Gullhella stasjon,2026-09-07T14:27:00+02:00,2026-09-07T14:30:58+02:00,,238.0,1,Lillestrøm,VYG:Line:L1,Spikkestad-Oslo S-Lillestrøm,L1,rail,VYG:ServiceJourney:2242_443654-R,True,expected,False,,,,,2026-09-07T15:44:36.205822+02:00
NSR:StopPlace:59174,Løkken stasjon,2026-09-07T16:17:00+02:00,2026-09-07T16:20:58+02:00,,238.0,1,Meldal rutebilstasjon,ATB:Line:2_460,Orkanger - Meldal - Berkåk,460,bus,ATB:ServiceJourney:460_260106098640557_12,True,expected,False,,,,,2026-09-07T15:44:36.205822+02:00
NSR:StopPlace:313,Høybråten stasjon,2026-09-07T08:42:00+02:00,2026-09-07T08:45:58+02:00,,238.0,1,Lillestrøm,VYG:Line:L1,Spikkestad-Oslo S-Lillestrøm,L1,rail,VYG:ServiceJourney:2114_443519-R,True,expected,False,,,,,2026-09-07T08:42:24.659182+02:00
NSR:StopPlace:58839,Steinberg stasjon,2026-09-07T15:54:00+02:00,2026-09-07T15:57:57+02:00,,237.0,1,Hokksund - Vikersund,BRA:Line:4_6101,Drammen-Vikersund/Hønefoss,101,bus,BRA:ServiceJourney:6101_260415100161249_1035,True,expected,False,,,,,2026-09-07T15:44:36.205822+02:00
NSR:StopPlace:58924,Bryne stasjon,2026-09-07T23:40:00+02:00,2026-09-07T23:43:56+02:00,,236.0,1,Lyefjell,KOL:Line:8_2017,50,50,bus,KOL:ServiceJourney:2017_260407061541055_2035,True,expected,False,,,,,2026-09-08T00:20:52.129880+02:00
NSR:StopPlace:61707,Jevnaker stasjon,2026-09-07T06:32:00+02:00,2026-09-07T06:35:56+02:00,,236.0,1,Hønefoss over Eggemoen,INN:Line:113,Toso-Jevnaker-Hønefoss,113,bus,INN:ServiceJourney:70976,True,expected,False,,,,,2026-09-07T08:42:24.659182+02:00
NSR:StopPlace:58838,Røyken stasjon,2026-09-07T22:29:00+02:00,2026-09-07T22:32:55+02:00,,235.0,1,Spikkestad,VYG:Line:L1,Spikkestad-Oslo S-Lillestrøm,L1,rail,VYG:ServiceJourney:2267_443697-R,True,expected,False,,,,,2026-09-08T00:20:52.129880+02:00
NSR:StopPlace:58805,Brumunddal stasjon,2026-09-07T07:26:00+02:00,2026-09-07T07:29:55+02:00,,235.0,1,Rudshøgda,INN:Line:615,Brumunddal-Rudshøgda-Moelv,615,bus,INN:ServiceJourney:83098,True,expected,False,,,,,2026-09-07T08:42:24.659182+02:00
NSR:StopPlace:59641,Fjellhamar stasjon,2026-09-07T15:41:00+02:00,2026-09-07T15:44:54+02:00,,234.0,1,Ahus,RUT:Line:315,Vallerudtoppen - Ahus,315,bus,RUT:ServiceJourney:6aa5a7320502dcea4d917f2adbe9ecbd,True,expected,False,,,,,2026-09-07T15:44:36.205822+02:00
NSR:StopPlace:58825,Raufoss stasjon,2026-09-07T09:03:00+02:00,2026-09-07T09:06:53+02:00,,233.0,1,Raufosshallen,INN:Line:47,Lena-Kapp-Gjøvik-Raufoss-Lena,B47,bus,INN:ServiceJourney:76583,True,expected,False,,,,,2026-09-07T08:42:24.659182+02:00
NSR:StopPlace:59647,Dal stasjon,2026-09-07T15:41:00+02:00,2026-09-07T15:44:52+02:00,,232.0,1,Jessheim,RUT:Line:430,Eidsvoll - Jessheim,430,bus,RUT:ServiceJourney:fb781f9bc544ed91b34cbff40b57c3d7,True,expected,False,,,,,2026-09-07T15:44:36.205822+02:00
NSR:StopPlace:58947,Steinkjer stasjon,2026-09-07T15:46:00+02:00,2026-09-07T15:49:52+02:00,,232.0,1,Heistad,ATB:Line:2_7302,Veiesdal - Henning - Steinkjer,7302,bus,ATB:ServiceJourney:7302_260106098640743_21,True,expected,False,,,,,2026-09-07T15:44:36.205822+02:00
NSR:StopPlace:59703,Åndalsnes stasjon,2026-09-07T07:54:00+02:00,2026-09-07T07:57:52+02:00,,232.0,1,Åndalsnes,MOR:Line:420,Fram Ekspress Molde-Åndalsnes,420,bus,MOR:ServiceJourney:420_102_9150000047247173,True,expected,False,,,,,2026-09-07T08:42:24.659182+02:00
NSR:StopPlace:58875,Torp stasjon,2026-09-07T17:12:00+02:00,2026-09-07T17:15:50+02:00,,230.0,1,Skien,VYG:Line:RE11,Eidsvoll-Oslo S-Skien,RE11,rail,VYG:ServiceJourney:823_444403-R,True,expected,False,,,,,2026-09-07T20:27:16.249662+02:00
NSR:StopPlace:58871,Sande stasjon,2026-09-07T08:24:00+02:00,2026-09-07T08:27:50+02:00,,230.0,1,Skien,VYG:Line:RE11,Eidsvoll-Oslo S-Skien,RE11,rail,VYG:ServiceJourney:807_481326-R,True,expected,False,,,,,2026-09-07T08:42:24.659182+02:00
NSR:StopPlace:58875,Torp stasjon,2026-09-07T18:51:00+02:00,2026-09-07T18:54:48+02:00,,228.0,1,Eidsvoll,VYG:Line:RE11,Eidsvoll-Oslo S-Skien,RE11,rail,VYG:ServiceJourney:830_444410-R,True,expected,False,,,,,2026-09-07T20:27:16.249662+02:00
NSR:StopPlace:62393,Billingstad stasjon,2026-09-07T20:36:00+02:00,2026-09-07T20:39:44+02:00,,224.0,1,Spikkestad,VYG:Line:L1,Spikkestad-Oslo S-Lillestrøm,L1,rail,VYG:ServiceJourney:2261_443688-R,True,expected,False,,,,,2026-09-07T20:27:16.249662+02:00
NSR:StopPlace:58876,Tønsberg stasjon,2026-09-07T14:11:00+02:00,2026-09-07T14:14:44+02:00,,224.0,1,Ramnes-Kirkevoll,VKT:Line:501,Tønsberg-Ramnes-Kirkevoll,501,bus,VKT:ServiceJourney:17095,True,expected,False,Kan oppstå forsinkelser ,Pga. veiarbeid langs Bispeveien kan det oppstå forsinkelser. Vi beklager dette. ,incident,normal,2026-09-07T15:44:36.205822+02:00
NSR:StopPlace:62347,Lesja stasjon,2026-09-07T18:36:00+02:00,2026-09-07T18:39:43+02:00,,223.0,1,Åndalsnes,SJN:Line:22,Raumabanen,R65,rail,SJN:ServiceJourney:2347_41158-R,True,expected,False,,,,,2026-09-07T20:27:16.249662+02:00
NSR:StopPlace:61465,Rise stasjon,2026-09-07T20:20:00+02:00,2026-09-07T20:23:42+02:00,,222.0,1,Nelaug,GOA:Line:53,Sørtoget lokal,R50,rail,GOA:ServiceJourney:2076_63029-R,True,expected,False,,,,,2026-09-07T20:27:16.249662+02:00
NSR:StopPlace:58876,Tønsberg stasjon,2026-09-07T17:36:00+02:00,2026-09-07T17:39:42+02:00,,222.0,1,Sandefjord-Framnes,VKT:Line:1,Horten-Tønsberg-Sandefjord,1,bus,VKT:ServiceJourney:15585,True,expected,False,,,,,2026-09-07T20:27:16.249662+02:00
NSR:StopPlace:62352,Stoa stasjon,2026-09-07T20:14:00+02:00,2026-09-07T20:17:42+02:00,,222.0,1,Nelaug,GOA:Line:53,Sørtoget lokal,R50,rail,GOA:ServiceJourney:2076_63029-R,True,expected,False,,,,,2026-09-07T20:27:16.249662+02:00
NSR:StopPlace:62351,Bråstad stasjon,2026-09-07T20:15:00+02:00,2026-09-07T20:18:42+02:00,,222.0,1,Nelaug,GOA:Line:53,Sørtoget lokal,R50,rail,GOA:ServiceJourney:2076_63029-R,True,expected,False,,,,,2026-09-07T20:27:16.249662+02:00
NSR:StopPlace:58918,Nodeland stasjon,2026-09-07T15:54:00+02:00,2026-09-07T15:57:42+02:00,,222.0,1,Finsland,AKT:Line:1046,Kristiansand - Finsland,46,bus,AKT:ServiceJourney:78709_121_60_112200_115260_40000945,True,expected,False,,,,,2026-09-07T15:44:36.205822+02:00
NSR:StopPlace:58936,Skatval stasjon,2026-09-07T08:52:00+02:00,2026-09-07T08:55:42+02:00,,222.0,1,Lundamo,SJN:Line:26,Trønderbanen,R70,rail,SJN:ServiceJourney:426_56055-R,True,expected,False,,,,,2026-09-07T08:42:24.659182+02:00
NSR:StopPlace:58838,Røyken stasjon,2026-09-07T08:59:00+02:00,2026-09-07T09:02:42+02:00,,222.0,1,Spikkestad,VYG:Line:L1,Spikkestad-Oslo S-Lillestrøm,L1,rail,VYG:ServiceJourney:2213_443605-R,True,expected,False,,,,,2026-09-07T08:42:24.659182+02:00
NSR:StopPlace:58824,Lunner stasjon,2026-09-07T22:31:00+02:00,2026-09-07T22:34:41+02:00,,221.0,1,Roa,VYG:Line:R31,Skøyen-Jaren-Gjøvik,R31,rail,VYG:ServiceJourney:236-GJOe_648922-R,True,expected,False,,,,,2026-09-08T00:20:52.129880+02:00
NSR:StopPlace:60737,Bondivann stasjon,2026-09-07T15:19:00+02:00,2026-09-07T15:22:41+02:00,,221.0,1,Spikkestad,VYG:Line:L1,Spikkestad-Oslo S-Lillestrøm,L1,rail,VYG:ServiceJourney:2239_443648-R,True,expected,False,,,,,2026-09-07T15:44:36.205822+02:00
NSR:StopPlace:60735,Gullhella stasjon,2026-09-07T15:21:00+02:00,2026-09-07T15:24:41+02:00,,221.0,1,Spikkestad,VYG:Line:L1,Spikkestad-Oslo S-Lillestrøm,L1,rail,VYG:ServiceJourney:2239_443648-R,True,expected,False,,,,,2026-09-07T15:44:36.205822+02:00
NSR:StopPlace:58871,Sande stasjon,2026-09-07T15:34:00+02:00,2026-09-07T15:37:41+02:00,,221.0,1,Eidsvoll,VYG:Line:RE11,Eidsvoll-Oslo S-Skien,RE11,rail,VYG:ServiceJourney:822_444402-R,True,expected,False,,,,,2026-09-07T15:44:36.205822+02:00
NSR:StopPlace:59652,Tøyen stasjon,2026-09-07T16:00:00+02:00,2026-09-07T16:03:40+02:00,,220.0,1,Vippetangen,RUT:Line:60,Vippetangen-Tonsenhagen,60,bus,RUT:ServiceJourney:cef9d6156b430d8f0a8bb8b480b0700d,True,expected,False,,,,,2026-09-07T15:44:36.205822+02:00
NSR:StopPlace:60053,Halden stasjon,2026-09-07T08:57:00+02:00,2026-09-07T09:00:40+02:00,,220.0,1,Halden,OST:Line:1_633,Moss-Sarpsborg-Halden,633,bus,OST:ServiceJourney:633_260325121471437_108,True,expected,False,,,,,2026-09-07T08:42:24.659182+02:00
NSR:StopPlace:58797,Mysen stasjon,2026-09-07T09:22:00+02:00,2026-09-07T09:25:39+02:00,,219.0,1,Ramstadkrysset,OST:Line:1_9,Timekspress linje 9,9,bus,OST:ServiceJourney:9_260325121472419_9004,True,expected,False,,,,,2026-09-07T08:42:24.659182+02:00
NSR:StopPlace:59659,Atna stasjon,2026-09-07T15:53:00+02:00,2026-09-07T15:56:38+02:00,,218.0,1,Hamar,SJN:Line:25,Rørosbanen,R60,rail,SJN:ServiceJourney:2388_37666-R,True,expected,False,,,,,2026-09-07T15:44:36.205822+02:00
NSR:StopPlace:58932,Hommelvik stasjon,2026-09-07T20:55:00+02:00,2026-09-07T20:58:37+02:00,,217.0,1,Muruvik,ATB:Line:2_70,Stjørdal/Hommelvik- Trondheim,70,bus,ATB:ServiceJourney:70_251215112547078_97,True,expected,False,,,,,2026-09-07T20:27:16.249662+02:00
NSR:StopPlace:41,Hanaborg stasjon,2026-09-07T08:46:00+02:00,2026-09-07T08:49:37+02:00,,217.0,1,Lillestrøm,VYG:Line:L1,Spikkestad-Oslo S-Lillestrøm,L1,rail,VYG:ServiceJourney:2114_443519-R,True,expected,False,,,,,2026-09-07T08:42:24.659182+02:00
NSR:StopPlace:58971,Mosjøen stasjon,2026-09-07T07:36:00+02:00,2026-09-07T07:39:37+02:00,,217.0,1,Mosjøen,NOR:Line:12_3705,Mosjøen-Sandnessjøen,705,bus,NOR:ServiceJourney:3705_260506073654689_1002,True,expected,False,,,,,2026-09-07T08:42:24.659182+02:00
NSR:StopPlace:58840,Vestfossen stasjon,2026-09-07T15:47:00+02:00,2026-09-07T15:50:36+02:00,,216.0,1,Torespæren - Darbu - Gamlev. - Kongsberg ,BRA:Line:4_6115,Hokksund - Kongsberg,115,bus,BRA:ServiceJourney:6115_260427080312098_1020,True,expected,False,,,,,2026-09-07T15:44:36.205822+02:00
NSR:StopPlace:60737,Bondivann stasjon,2026-09-07T22:30:00+02:00,2026-09-07T22:33:35+02:00,,215.0,1,Lillestrøm,VYG:Line:L1,Spikkestad-Oslo S-Lillestrøm,L1,rail,VYG:ServiceJourney:2274_443709-R,True,expected,False,,,,,2026-09-08T00:20:52.129880+02:00
NSR:StopPlace:58815,Bleiken stasjon,2026-09-07T08:28:00+02:00,2026-09-07T08:31:35+02:00,,215.0,1,Gjøvik,VYG:Line:RE30,Oslo S-Gjøvik,RE30,rail,VYG:ServiceJourney:1205-ROA_589114-R,True,expected,False,,,,,2026-09-07T08:42:24.659182+02:00
NSR:StopPlace:58924,Bryne stasjon,2026-09-07T15:35:00+02:00,2026-09-07T15:38:33+02:00,,213.0,1,Sola via Hålandsmarka,KOL:Line:8_2023,58,58,bus,KOL:ServiceJourney:2023_260410105492330_2003,True,expected,False,Forsinket på grunn av mye trafikk,,incident,severe,2026-09-07T15:44:36.205822+02:00
NSR:StopPlace:58876,Tønsberg stasjon,2026-09-07T06:06:00+02:00,2026-09-07T06:09:32+02:00,,212.0,1,Sandefjord-Framnes,VKT:Line:1,Horten-Tønsberg-Sandefjord,1,bus,VKT:ServiceJourney:15554,True,expected,False,,,,,2026-09-07T08:42:24.659182+02:00
NSR:StopPlace:60737,Bondivann stasjon,2026-09-07T17:49:00+02:00,2026-09-07T17:52:31+02:00,,211.0,1,Spikkestad,VYG:Line:L1,Spikkestad-Oslo S-Lillestrøm,L1,rail,VYG:ServiceJourney:2249_443666-R,True,expected,False,,,,,2026-09-07T20:27:16.249662+02:00
NSR:StopPlace:60735,Gullhella stasjon,2026-09-07T17:51:00+02:00,2026-09-07T17:54:31+02:00,,211.0,1,Spikkestad,VYG:Line:L1,Spikkestad-Oslo S-Lillestrøm,L1,rail,VYG:ServiceJourney:2249_443666-R,True,expected,False,,,,,2026-09-07T20:27:16.249662+02:00
NSR:StopPlace:58815,Bleiken stasjon,2026-09-07T22:28:00+02:00,2026-09-07T22:31:30+02:00,,210.0,1,Gjøvik,VYG:Line:R31,Skøyen-Jaren-Gjøvik,R31,rail,VYG:ServiceJourney:233-ROA_589360-R,True,expected,False,,,,,2026-09-08T00:20:52.129880+02:00
NSR:StopPlace:60053,Halden stasjon,2026-09-07T20:26:00+02:00,2026-09-07T20:29:30+02:00,,210.0,1,Halden sentrum,OST:Line:1_32,Brekkerød-Stenrød,32,bus,OST:ServiceJourney:32_260325121472817_30,True,expected,False,,,,,2026-09-07T20:27:16.249662+02:00
NSR:StopPlace:58814,Tolga stasjon,2026-09-07T08:45:00+02:00,2026-09-07T08:48:30+02:00,,210.0,1,Hamar,SJN:Line:25,Rørosbanen,R60,rail,SJN:ServiceJourney:2382_48224-R,True,expected,False,,,,,2026-09-07T08:42:24.659182+02:00
NSR:StopPlace:58847,Frogner stasjon,2026-09-07T08:40:00+02:00,2026-09-07T08:43:29+02:00,,209.0,1,Sørumsand,RUT:Line:365,Sørumsand - Frogner - Skedsmokorset,365,bus,RUT:ServiceJourney:0541bca31b3ca47cd7df0f98141682dc,True,expected,False,,,,,2026-09-07T08:42:24.659182+02:00
NSR:StopPlace:58818,Gran stasjon,2026-09-07T07:21:00+02:00,2026-09-07T07:24:29+02:00,,209.0,1,Hadeland vgs via Grymyr,INN:Line:456,Gran-Grymyr,456,bus,INN:ServiceJourney:84271,True,expected,False,,,,,2026-09-07T08:42:24.659182+02:00
NSR:StopPlace:58818,Gran stasjon,2026-09-07T22:25:00+02:00,2026-09-07T22:28:28+02:00,,208.0,1,Roa,VYG:Line:R31,Skøyen-Jaren-Gjøvik,R31,rail,VYG:ServiceJourney:236-GJOe_648922-R,True,expected,False,,,,,2026-09-08T00:20:52.129880+02:00
NSR:StopPlace:58826,Reinsvoll stasjon,2026-09-07T20:33:00+02:00,2026-09-07T20:36:27+02:00,,207.0,1,Raufoss-Gjøvik,INN:Line:46,Lena-Raufoss-Gjøvik-Kapp-Lena,B46,bus,INN:ServiceJourney:76847,True,expected,False,,,,,2026-09-07T20:27:16.249662+02:00
NSR:StopPlace:59647,Dal stasjon,2026-09-07T16:01:00+02:00,2026-09-07T16:04:27+02:00,,207.0,1,Eidsvoll,RUT:Line:430,Eidsvoll - Jessheim,430,bus,RUT:ServiceJourney:d94ca8a823f8ce04a160350377828558,True,expected,False,,,,,2026-09-07T15:44:36.205822+02:00
NSR:StopPlace:62456,Kvitfjell stasjon,2026-09-07T20:37:00+02:00,2026-09-07T20:40:25+02:00,,205.0,1,Trondheim S,SJN:Line:21,Dovrebanen,F6,rail,SJN:ServiceJourney:51-LOD_30215-R,True,expected,False,,,,,2026-09-07T20:27:16.249662+02:00
NSR:StopPlace:60077,Støren stasjon,2026-09-07T18:40:00+02:00,2026-09-07T18:43:24+02:00,,204.0,1,Støren Rådhus,ATB:Line:2_340,Trondheim - Støren,340,bus,ATB:ServiceJourney:340_260106098639861_22,True,expected,False,,,,,2026-09-07T20:27:16.249662+02:00
NSR:StopPlace:60047,Melhus skysstasjon,2026-09-07T07:23:00+02:00,2026-09-07T07:26:24+02:00,,204.0,1,Hesttrøa via Melhus skysstasjon,ATB:Line:2_82,Hesttrøa-Brekkåsen,82,bus,ATB:ServiceJourney:82_251215112550633_18,True,expected,False,Linje 82 og 504,Avvikende kjøring for linje 82 og 504 pga Hølondvegen er stengt. ,general,normal,2026-09-07T08:42:24.659182+02:00
NSR:StopPlace:61464,Hvalstad stasjon,2026-09-07T20:39:00+02:00,2026-09-07T20:42:23+02:00,,203.0,1,Spikkestad,VYG:Line:L1,Spikkestad-Oslo S-Lillestrøm,L1,rail,VYG:ServiceJourney:2261_443688-R,True,expected,False,,,,,2026-09-07T20:27:16.249662+02:00
NSR:StopPlace:58837,Nesbyen stasjon,2026-09-07T15:58:00+02:00,2026-09-07T16:01:23+02:00,,203.0,1,Oslo S,VYG:Line:F4,Oslo S-Bergen,F4,rail,VYG:ServiceJourney:602-BRG_481321-R,True,expected,False,,,,,2026-09-07T15:44:36.205822+02:00
NSR:StopPlace:62295,Stanghelle stasjon,2026-09-07T09:03:00+02:00,2026-09-07T09:06:23+02:00,,203.0,1,Finse,VYG:Line:R40,Bergen-Voss-Myrdal-Ål,R40,rail,VYG:ServiceJourney:1848_465767-R,True,expected,False,,,,,2026-09-07T08:42:24.659182+02:00
NSR:StopPlace:62378,Røstad stasjon,2026-09-07T19:44:00+02:00,2026-09-07T19:47:22+02:00,,202.0,1,Steinkjer,SJN:Line:26,Trønderbanen,R70,rail,SJN:ServiceJourney:447_56076-R,True,expected,False,,,,,2026-09-07T20:27:16.249662+02:00
NSR:StopPlace:58838,Røyken stasjon,2026-09-07T20:37:00+02:00,2026-09-07T20:40:21+02:00,,201.0,1,Drammen,RUT:Line:261,Drammen - Lahell - Røyken - Sætre,261,bus,RUT:ServiceJourney:9dd8000c15a6a58823bd18df354efd51,True,expected,False,Fra 17/8 går linje 61-63-71-73-251-261 og skolebusser fra holdeplass ved Skutebrygga ut av byen.Les mer på brakar.no/trafikkmeldinger.,,general,normal,2026-09-07T20:27:16.249662+02:00
NSR:StopPlace:59652,Tøyen stasjon,2026-09-07T08:54:00+02:00,2026-09-07T08:57:20+02:00,,200.0,1,Tonsenhagen,RUT:Line:60,Vippetangen-Tonsenhagen,60,bus,RUT:ServiceJourney:3eae14d0f17d691a73acfff9f21fd777,True,expected,False,,,,,2026-09-07T08:42:24.659182+02:00
NSR:StopPlace:58932,Hommelvik stasjon,2026-09-07T16:29:00+02:00,2026-09-07T16:32:19+02:00,,199.0,1,A Marienborg via Innherredsveien,ATB:Line:2_70,Stjørdal/Hommelvik- Trondheim,70,bus,ATB:ServiceJourney:70_251215112546990_72,True,expected,False,,,,,2026-09-07T15:44:36.205822+02:00
NSR:StopPlace:58930,Larvik stasjon,2026-09-07T20:34:00+02:00,2026-09-07T20:37:17+02:00,,197.0,1,Nevlunghavn,VKT:Line:81,Nordbyen-Nevlunghavn,81,bus,VKT:ServiceJourney:18081,True,expected,False,,,,,2026-09-07T20:27:16.249662+02:00
NSR:StopPlace:58918,Nodeland stasjon,2026-09-07T16:24:00+02:00,2026-09-07T16:27:17+02:00,,197.0,1,Stokkeland,AKT:Line:1046,Kristiansand - Finsland,46,bus,AKT:ServiceJourney:78711_131_39_115800_117660_40000943,True,expected,False,,,,,2026-09-07T15:44:36.205822+02:00
NSR:StopPlace:62338,Fossum stasjon,2026-09-07T15:42:00+02:00,2026-09-07T15:45:17+02:00,,197.0,1,Blaker ring,RUT:Line:2370,Sørumsand - Blaker - Sørumsand,370B,bus,RUT:ServiceJourney:30e04a1a702e78f3e77e7dcc81ebc6d9,True,expected,False,,,,,2026-09-07T15:44:36.205822+02:00
NSR:StopPlace:62338,Fossum stasjon,2026-09-07T16:02:00+02:00,2026-09-07T16:05:17+02:00,,197.0,1,Blaker ring,RUT:Line:2370,Sørumsand - Blaker - Sørumsand,370B,bus,RUT:ServiceJourney:30e04a1a702e78f3e77e7dcc81ebc6d9,True,expected,False,,,,,2026-09-07T15:44:36.205822+02:00
NSR:StopPlace:61251,Øksnavadporten stasjon,2026-09-07T15:49:00+02:00,2026-09-07T15:52:16+02:00,,196.0,1,Egersund,GOA:Line:59,Jærbanen,L5,rail,GOA:ServiceJourney:3046_63090-R,True,expected,False,Toget har redusert kapasitet mellom Stavanger og Bryne.,Vi kjører med færre vogner enn planlagt.,incident,severe,2026-09-07T15:44:36.205822+02:00
NSR:StopPlace:61334,Ogna stasjon,2026-09-07T16:21:00+02:00,2026-09-07T16:24:16+02:00,,196.0,1,Egersund,GOA:Line:59,Jærbanen,L5,rail,GOA:ServiceJourney:3046_63090-R,True,expected,False,,,,,2026-09-07T15:44:36.205822+02:00
NSR:StopPlace:61872,Nærbø stasjon,2026-09-07T16:04:00+02:00,2026-09-07T16:07:16+02:00,,196.0,1,Egersund,GOA:Line:59,Jærbanen,L5,rail,GOA:ServiceJourney:3046_63090-R,True,expected,False,,,,,2026-09-07T15:44:36.205822+02:00
NSR:StopPlace:59957,Klepp stasjon,2026-09-07T15:52:00+02:00,2026-09-07T15:55:16+02:00,,196.0,1,Egersund,GOA:Line:59,Jærbanen,L5,rail,GOA:ServiceJourney:3046_63090-R,True,expected,False,Toget har redusert kapasitet mellom Stavanger og Bryne.,Vi kjører med færre vogner enn planlagt.,incident,severe,2026-09-07T15:44:36.205822+02:00
NSR:StopPlace:58948,Stjørdal stasjon,2026-09-07T07:14:00+02:00,2026-09-07T07:17:16+02:00,,196.0,1,Tangen,ATB:Line:2_91,91 StjørdalSt-Remyrv.,91,bus,ATB:ServiceJourney:91_260220075615003_10,True,expected,False,,,,,2026-09-07T08:42:24.659182+02:00
NSR:StopPlace:58794,Fredrikstad stasjon,2026-09-07T08:45:00+02:00,2026-09-07T08:48:16+02:00,,196.0,1,Oslo S,VYG:Line:RE20,Oslo S-Halden-Göteborg (X-Border),RE20,rail,VYG:ServiceJourney:382-110_482787-R,True,expected,False,,,,,2026-09-07T08:42:24.659182+02:00
NSR:StopPlace:60735,Gullhella stasjon,2026-09-07T23:57:00+02:00,2026-09-08T00:00:15+02:00,,195.0,1,Lillestrøm,VYG:Line:L1,Spikkestad-Oslo S-Lillestrøm,L1,rail,VYG:ServiceJourney:2280_443718-R,True,expected,False,,,,,2026-09-08T00:20:52.129880+02:00
NSR:StopPlace:60045,Hamar stasjon,2026-09-07T20:51:00+02:00,2026-09-07T20:54:15+02:00,,195.0,1,Oslo S,SJN:Line:21,Dovrebanen,F6,rail,SJN:ServiceJourney:48-TND_42795-R,True,expected,False,,,,,2026-09-07T20:27:16.249662+02:00
NSR:StopPlace:58871,Sande stasjon,2026-09-07T17:34:00+02:00,2026-09-07T17:37:15+02:00,,195.0,1,Eidsvoll,VYG:Line:RE11,Eidsvoll-Oslo S-Skien,RE11,rail,VYG:ServiceJourney:826_481332-R,True,expected,False,Færre vogner,Denne avgangen kjører dessverre med 5 vogner i stedet for 10 vogner. Dette skyldes at vi mangler et togsett.,general,normal,2026-09-07T20:27:16.249662+02:00
NSR:StopPlace:59637,Rosenholm stasjon,2026-09-07T15:46:00+02:00,2026-09-07T15:49:15+02:00,,195.0,1,Ski,VYG:Line:L2,Stabekk-Oslo S-Ski,L2,rail,VYG:ServiceJourney:2841-HVK_444073-R,True,expected,False,,,,,2026-09-07T15:44:36.205822+02:00
NSR:StopPlace:311,Gjerdåker stasjon,2026-09-07T14:45:00+02:00,2026-09-07T14:48:14+02:00,,194.0,1,Myrdal,VYG:Line:R40,Bergen-Voss-Myrdal-Ål,R40,rail,VYG:ServiceJourney:1818_443404-R,True,expected,False,,,,,2026-09-07T15:44:36.205822+02:00
NSR:StopPlace:58211,Oslo lufthavn,2026-09-07T16:40:00+02:00,2026-09-07T16:43:13+02:00,,193.0,1,Bergen,AVI:Line:WF_OSL-BGO,Oslo-Bergen,,air,AVI:ServiceJourney:WF158-01-1243189035,True,expected,False,,,,,2026-09-07T20:27:16.249662+02:00
NSR:StopPlace:59641,Fjellhamar stasjon,2026-09-07T08:48:00+02:00,2026-09-07T08:51:13+02:00,,193.0,1,Lillestrøm,VYG:Line:L1,Spikkestad-Oslo S-Lillestrøm,L1,rail,VYG:ServiceJourney:2114_443519-R,True,expected,False,,,,,2026-09-07T08:42:24.659182+02:00
NSR:StopPlace:60737,Bondivann stasjon,2026-09-07T14:30:00+02:00,2026-09-07T14:33:12+02:00,,192.0,1,Lillestrøm,VYG:Line:L1,Spikkestad-Oslo S-Lillestrøm,L1,rail,VYG:ServiceJourney:2242_443654-R,True,expected,False,,,,,2026-09-07T15:44:36.205822+02:00
NSR:StopPlace:58878,Drangedal stasjon,2026-09-07T15:57:00+02:00,2026-09-07T16:00:12+02:00,,192.0,1,Stavanger,GOA:Line:50,Sørtoget region,F5,rail,GOA:ServiceJourney:713-LOD_68191-R,True,expected,False,,,,,2026-09-07T15:44:36.205822+02:00
NSR:StopPlace:58880,Neslandsvatn stasjon,2026-09-07T16:09:00+02:00,2026-09-07T16:12:12+02:00,,192.0,1,Stavanger,GOA:Line:50,Sørtoget region,F5,rail,GOA:ServiceJourney:713-LOD_68191-R,True,expected,False,,,,,2026-09-07T15:44:36.205822+02:00
NSR:StopPlace:61388,Haltdalen stasjon,2026-09-07T20:31:00+02:00,2026-09-07T20:34:11+02:00,,191.0,1,Trondheim S,SJN:Line:25,Rørosbanen,R60,rail,SJN:ServiceJourney:2389_47883-R,True,expected,False,,,,,2026-09-07T20:27:16.249662+02:00
NSR:StopPlace:61466,Vakås stasjon,2026-09-07T20:41:00+02:00,2026-09-07T20:44:10+02:00,,190.0,1,Spikkestad,VYG:Line:L1,Spikkestad-Oslo S-Lillestrøm,L1,rail,VYG:ServiceJourney:2261_443688-R,True,expected,False,,,,,2026-09-07T20:27:16.249662+02:00
NSR:StopPlace:59646,Høvik stasjon,2026-09-07T15:42:00+02:00,2026-09-07T15:45:10+02:00,,190.0,1,Asker,VYG:Line:L1,Spikkestad-Oslo S-Lillestrøm,L1,rail,VYG:ServiceJourney:2141_443549-R,True,expected,False,Færre vogner,Denne avgangen kjører dessverre med 4 vogner i stedet for 8 vogner. Dette skyldes at vi mangler et togsett.,general,normal,2026-09-07T15:44:36.205822+02:00
NSR:StopPlace:58843,Blommenholm stasjon,2026-09-07T15:44:00+02:00,2026-09-07T15:47:10+02:00,,190.0,1,Asker,VYG:Line:L1,Spikkestad-Oslo S-Lillestrøm,L1,rail,VYG:ServiceJourney:2141_443549-R,True,expected,False,Færre vogner,Denne avgangen kjører dessverre med 4 vogner i stedet for 8 vogner. Dette skyldes at vi mangler et togsett.,general,normal,2026-09-07T15:44:36.205822+02:00
NSR:StopPlace:58930,Larvik stasjon,2026-09-07T19:10:00+02:00,2026-09-07T19:13:09+02:00,,189.0,1,Stavern-Kysthospitalet,VKT:Line:4,Torp-Sandefjord-Larvik-Stavern,4,bus,VKT:ServiceJourney:17633,True,expected,False,,,,,2026-09-07T20:27:16.249662+02:00
NSR:StopPlace:58868,Årnes stasjon,2026-09-07T15:52:00+02:00,2026-09-07T15:55:09+02:00,,189.0,1,Kongsvinger,VYG:Line:R14,Asker-Oslo S-Kongsvinger,R14,rail,VYG:ServiceJourney:1021_442929-R,True,expected,False,,,,,2026-09-07T15:44:36.205822+02:00
NSR:StopPlace:58810,Løten stasjon,2026-09-07T08:24:00+02:00,2026-09-07T08:27:09+02:00,,189.0,1,Løten,INN:Line:26,Brumunddal - Hamar - Løten,B26,bus,INN:ServiceJourney:53979,True,expected,False,,,,,2026-09-07T08:42:24.659182+02:00
NSR:StopPlace:58921,Vennesla stasjon,2026-09-07T16:08:00+02:00,2026-09-07T16:11:08+02:00,,188.0,1,Kristiansand via Mosby,AKT:Line:30,Kvadraturen - Mosby - Vennesl,30,bus,AKT:ServiceJourney:79459_202_48_114240_117000_40001545,True,expected,False,,,,,2026-09-07T15:44:36.205822+02:00
NSR:StopPlace:58826,Reinsvoll stasjon,2026-09-07T20:51:00+02:00,2026-09-07T20:54:07+02:00,,187.0,1,Gjøvik,VYG:Line:R31,Skøyen-Jaren-Gjøvik,R31,rail,VYG:ServiceJourney:229-ROA_589352-R,True,expected,False,,,,,2026-09-07T20:27:16.249662+02:00
NSR:StopPlace:58805,Brumunddal stasjon,2026-09-07T15:49:00+02:00,2026-09-07T15:52:07+02:00,,187.0,1,Drammen,VYG:Line:RE10,Drammen-Oslo S-Lillehammer,RE10,rail,VYG:ServiceJourney:324-LHM_444211-R,True,expected,False,,,,,2026-09-07T15:44:36.205822+02:00
NSR:StopPlace:58829,Stryken stasjon,2026-09-07T16:33:00+02:00,2026-09-07T16:36:07+02:00,,187.0,1,Jaren,VYG:Line:R31,Skøyen-Jaren-Gjøvik,R31,rail,VYG:ServiceJourney:BUS-241_655538-R,True,expected,False,,,,,2026-09-07T15:44:36.205822+02:00
NSR:StopPlace:58871,Sande stasjon,2026-09-07T23:24:00+02:00,2026-09-07T23:27:06+02:00,,186.0,1,Skien,VYG:Line:RE11,Eidsvoll-Oslo S-Skien,RE11,rail,VYG:ServiceJourney:837_444417-R,True,expected,False,,,,,2026-09-08T00:20:52.129880+02:00
NSR:StopPlace:58952,Bodø stasjon,2026-09-07T16:40:00+02:00,2026-09-07T16:43:06+02:00,,186.0,1,Løpsmarka,NOR:Line:12_8004,Tverlandet - Bodø sentrum - Løpsmarka,4,bus,NOR:ServiceJourney:8004_251012124900616_2029,True,expected,False,,,,,2026-09-07T15:44:36.205822+02:00
NSR:StopPlace:58813,Skarnes stasjon,2026-09-07T09:14:00+02:00,2026-09-07T09:17:06+02:00,,186.0,1,Sand,INN:Line:700,Kongsvinger-Skarnes-Sand,700,bus,INN:ServiceJourney:82355,True,expected,False,,,,,2026-09-07T08:42:24.659182+02:00
NSR:StopPlace:60047,Melhus skysstasjon,2026-09-07T07:14:00+02:00,2026-09-07T07:17:05+02:00,,185.0,1,Trondheim S,ATB:Line:2_340,Trondheim - Støren,340,bus,ATB:ServiceJourney:340_260106098640154_5,True,expected,False,,,,,2026-09-07T08:42:24.659182+02:00
NSR:StopPlace:61464,Hvalstad stasjon,2026-09-07T20:25:00+02:00,2026-09-07T20:28:04+02:00,,184.0,1,Asker,VYG:Line:L1,Spikkestad-Oslo S-Lillestrøm,L1,rail,VYG:ServiceJourney:2159_443568-R,True,expected,False,,,,,2026-09-07T20:27:16.249662+02:00
NSR:StopPlace:6,Greverud stasjon,2026-09-07T15:40:00+02:00,2026-09-07T15:43:04+02:00,,184.0,1,Ski,VYG:Line:L2,Stabekk-Oslo S-Ski,L2,rail,VYG:ServiceJourney:2741-HVK_443951-R,True,expected,False,Færre vogner,Denne avgangen kjører dessverre med 3 vogner i stedet for 6 vogner. Dette skyldes at vi mangler et togsett.,general,normal,2026-09-07T15:44:36.205822+02:00
NSR:StopPlace:58932,Hommelvik stasjon,2026-09-07T09:03:00+02:00,2026-09-07T09:06:04+02:00,,184.0,1,Stjørdal stasjon,ATB:Line:2_70,Stjørdal/Hommelvik- Trondheim,70,bus,ATB:ServiceJourney:70_251215112546901_17,True,expected,False,,,,,2026-09-07T08:42:24.659182+02:00
NSR:StopPlace:58876,Tønsberg stasjon,2026-09-07T06:56:00+02:00,2026-09-07T06:59:04+02:00,,184.0,1,Revetal-Bergsåsen,VKT:Line:500,Tønsberg-Revetal-Bergsåsen,500,bus,VKT:ServiceJourney:17016,True,expected,False,Kan oppstå forsinkelser ,Pga. veiarbeid langs Bispeveien kan det oppstå forsinkelser. Vi beklager dette. ,incident,normal,2026-09-07T08:42:24.659182+02:00
NSR:StopPlace:101,Sagdalen stasjon,2026-09-07T08:52:00+02:00,2026-09-07T08:55:04+02:00,,184.0,1,Lillestrøm,VYG:Line:L1,Spikkestad-Oslo S-Lillestrøm,L1,rail,VYG:ServiceJourney:2114_443519-R,True,expected,False,,,,,2026-09-07T08:42:24.659182+02:00
NSR:StopPlace:58860,Oppegård stasjon,2026-09-07T20:31:00+02:00,2026-09-07T20:34:03+02:00,,183.0,1,Ski stasjon,RUT:Line:580,Kolbotn - Ski,580,bus,RUT:ServiceJourney:45e99b7efcd7580ac899a9f55aab0946,True,expected,False,,,,,2026-09-07T20:27:16.249662+02:00
NSR:StopPlace:58815,Bleiken stasjon,2026-09-07T15:28:00+02:00,2026-09-07T15:31:03+02:00,,183.0,1,Gjøvik,VYG:Line:RE30,Oslo S-Gjøvik,RE30,rail,VYG:ServiceJourney:1219-ROA_589156-R,True,expected,False,,,,,2026-09-07T15:44:36.205822+02:00
NSR:StopPlace:60017,Slitu stasjon,2026-09-07T22:49:00+02:00,2026-09-07T22:52:01+02:00,,181.0,1,Rakkestad,VYG:Line:R22,Skøyen-Oslo S-Mysen-Rakkestad,R22,rail,VYG:ServiceJourney:1935_443489-R,True,expected,False,,,,,2026-09-08T00:20:52.129880+02:00
NSR:StopPlace:58871,Sande stasjon,2026-09-07T23:34:00+02:00,2026-09-07T23:37:01+02:00,,181.0,1,Eidsvoll,VYG:Line:RE11,Eidsvoll-Oslo S-Skien,RE11,rail,VYG:ServiceJourney:838-341_515579-R,True,expected,False,,,,,2026-09-08T00:20:52.129880+02:00
NSR:StopPlace:59637,Rosenholm stasjon,2026-09-07T18:16:00+02:00,2026-09-07T18:19:01+02:00,,181.0,1,Ski,VYG:Line:L2,Stabekk-Oslo S-Ski,L2,rail,VYG:ServiceJourney:2851-BES_488385-R,True,expected,False,,,,,2026-09-07T20:27:16.249662+02:00
NSR:StopPlace:58861,Solbråtan stasjon,2026-09-07T15:35:00+02:00,2026-09-07T15:38:01+02:00,,181.0,1,Ski,VYG:Line:L2,Stabekk-Oslo S-Ski,L2,rail,VYG:ServiceJourney:2741-HVK_443951-R,True,expected,False,Færre vogner,Denne avgangen kjører dessverre med 3 vogner i stedet for 6 vogner. Dette skyldes at vi mangler et togsett.,general,normal,2026-09-07T15:44:36.205822+02:00
NSR:StopPlace:59261,Trondheim lufthavn,2026-09-07T18:25:00+02:00,2026-09-07T18:28:00+02:00,,180.0,1,Oslo,AVI:Line:SK_OSL-TRD,Oslo-Trondheim,,air,AVI:ServiceJourney:SK377-03-465081146,True,expected,False,,,,,2026-09-07T20:27:16.249662+02:00
NSR:StopPlace:59789,Skotbu stasjon,2026-09-07T15:22:00+02:00,2026-09-07T15:25:00+02:00,,180.0,1,Rakkestad,VYG:Line:R22,Skøyen-Oslo S-Mysen-Rakkestad,R22,rail,VYG:ServiceJourney:1921_443467-R,True,expected,False,,,,,2026-09-07T15:44:36.205822+02:00
NSR:StopPlace:59637,Rosenholm stasjon,2026-09-07T15:16:00+02:00,2026-09-07T15:19:00+02:00,,180.0,1,Ski,VYG:Line:L2,Stabekk-Oslo S-Ski,L2,rail,VYG:ServiceJourney:2839-BES_488381-R,True,expected,False,,,,,2026-09-07T15:44:36.205822+02:00
NSR:StopPlace:58947,Steinkjer stasjon,2026-09-07T15:46:00+02:00,2026-09-07T15:49:00+02:00,,180.0,1,Mogrenda,ATB:Line:2_7512,Mogrenda - Guldbergaunet,7512,bus,ATB:ServiceJourney:7512_260106098640960_3,True,expected,False,,,,,2026-09-07T15:44:36.205822+02:00
NSR:StopPlace:151,Evanger stasjon,2026-09-07T08:49:00+02:00,2026-09-07T08:52:00+02:00,,180.0,1,Bergen,VYG:Line:R40,Bergen-Voss-Myrdal-Ål,R40,rail,VYG:ServiceJourney:1813_443399-R,True,expected,False,Forsinket,Toget kjørte 24 minutter forsinket fra Mjølfjell. Dette skyldes at togsettet vi trenger er forsinket.,incident,normal,2026-09-07T08:42:24.659182+02:00
NSR:StopPlace:58851,Heggedal stasjon,2026-09-07T15:25:00+02:00,2026-09-07T15:27:59+02:00,,179.0,1,Spikkestad,VYG:Line:L1,Spikkestad-Oslo S-Lillestrøm,L1,rail,VYG:ServiceJourney:2239_443648-R,True,expected,False,,,,,2026-09-07T15:44:36.205822+02:00
NSR:StopPlace:61897,Bryn stasjon,2026-09-07T15:45:00+02:00,2026-09-07T15:47:58+02:00,,178.0,1,Lillestrøm,VYG:Line:L1,Spikkestad-Oslo S-Lillestrøm,L1,rail,VYG:ServiceJourney:2244_445341-R,True,expected,False,,,,,2026-09-07T15:44:36.205822+02:00
NSR:StopPlace:58947,Steinkjer stasjon,2026-09-07T15:46:00+02:00,2026-09-07T15:48:58+02:00,,178.0,1,Granheim,ATB:Line:2_7304,Mære - Guldbergaunet,7304,bus,ATB:ServiceJourney:7304_260106098640763_5,True,expected,False,,,,,2026-09-07T15:44:36.205822+02:00
NSR:StopPlace:60735,Gullhella stasjon,2026-09-07T20:27:00+02:00,2026-09-07T20:29:57+02:00,,177.0,1,Lillestrøm,VYG:Line:L1,Spikkestad-Oslo S-Lillestrøm,L1,rail,VYG:ServiceJourney:2266_443696-R,True,expected,False,,,,,2026-09-07T20:27:16.249662+02:00
NSR:StopPlace:58801,Sarpsborg stasjon,2026-09-07T20:29:00+02:00,2026-09-07T20:31:57+02:00,,177.0,1,Halden,VYG:Line:RE20,Oslo S-Halden-Göteborg (X-Border),RE20,rail,VYG:ServiceJourney:129_443130-R,True,expected,False,,,,,2026-09-07T20:27:16.249662+02:00
NSR:StopPlace:58838,Røyken stasjon,2026-09-07T15:29:00+02:00,2026-09-07T15:31:57+02:00,,177.0,1,Spikkestad,VYG:Line:L1,Spikkestad-Oslo S-Lillestrøm,L1,rail,VYG:ServiceJourney:2239_443648-R,True,expected,False,,,,,2026-09-07T15:44:36.205822+02:00
NSR:StopPlace:58838,Røyken stasjon,2026-09-07T15:42:00+02:00,2026-09-07T15:44:57+02:00,,177.0,1,Grimsrud,RUT:Line:2072,Grimsrud - Røyken vgs.,2072,bus,RUT:ServiceJourney:5e6693db08188f6b76a9de5326422782,True,expected,False,,,,,2026-09-07T15:44:36.205822+02:00
NSR:StopPlace:58935,Levanger stasjon,2026-09-07T16:17:00+02:00,2026-09-07T16:19:56+02:00,,176.0,1,Nord universitet Levanger,ATB:Line:2_604,Levanger - Høgberget,604,bus,ATB:ServiceJourney:604_260106098643110_38,True,expected,False,,,,,2026-09-07T15:44:36.205822+02:00
NSR:StopPlace:58801,Sarpsborg stasjon,2026-09-07T08:43:00+02:00,2026-09-07T08:45:56+02:00,,176.0,1,Blessom,OST:Line:1_13,Kalnes - Blessom,13,bus,OST:ServiceJourney:13_260325121470852_8,True,expected,False,,,,,2026-09-07T08:42:24.659182+02:00
NSR:StopPlace:58801,Sarpsborg stasjon,2026-09-07T08:44:00+02:00,2026-09-07T08:46:56+02:00,,176.0,1,Opsund,OST:Line:1_134,Sarpsborg - Opsund,134,bus,OST:ServiceJourney:134_260325121470892_3,True,expected,False,,,,,2026-09-07T08:42:24.659182+02:00
NSR:StopPlace:58818,Gran stasjon,2026-09-07T22:15:00+02:00,2026-09-07T22:17:55+02:00,,175.0,1,Gjøvik,VYG:Line:R31,Skøyen-Jaren-Gjøvik,R31,rail,VYG:ServiceJourney:233-ROA_589360-R,True,expected,False,,,,,2026-09-08T00:20:52.129880+02:00
NSR:StopPlace:58838,Røyken stasjon,2026-09-07T17:49:00+02:00,2026-09-07T17:51:55+02:00,,175.0,1,Lillestrøm,VYG:Line:L1,Spikkestad-Oslo S-Lillestrøm,L1,rail,VYG:ServiceJourney:2256_445354-R,True,expected,False,,,,,2026-09-07T20:27:16.249662+02:00
NSR:StopPlace:151,Evanger stasjon,2026-09-07T15:47:00+02:00,2026-09-07T15:49:55+02:00,,175.0,1,Bergen,VYG:Line:R40,Bergen-Voss-Myrdal-Ål,R40,rail,VYG:ServiceJourney:1825_465764-R,True,expected,False,,,,,2026-09-07T15:44:36.205822+02:00
NSR:StopPlace:58871,Sande stasjon,2026-09-07T15:24:00+02:00,2026-09-07T15:26:54+02:00,,174.0,1,Skien,VYG:Line:RE11,Eidsvoll-Oslo S-Skien,RE11,rail,VYG:ServiceJourney:821_444401-R,True,expected,False,,,,,2026-09-07T15:44:36.205822+02:00
NSR:StopPlace:58825,Raufoss stasjon,2026-09-07T14:56:00+02:00,2026-09-07T14:58:54+02:00,,174.0,1,Gjøvik,VYG:Line:RE30,Oslo S-Gjøvik,RE30,rail,VYG:ServiceJourney:1217-ROA_589150-R,True,expected,False,,,,,2026-09-07T15:44:36.205822+02:00
NSR:StopPlace:62392,Slependen stasjon,2026-09-07T15:49:00+02:00,2026-09-07T15:51:54+02:00,,174.0,1,Asker,VYG:Line:L1,Spikkestad-Oslo S-Lillestrøm,L1,rail,VYG:ServiceJourney:2141_443549-R,True,expected,False,Færre vogner,Denne avgangen kjører dessverre med 4 vogner i stedet for 8 vogner. Dette skyldes at vi mangler et togsett.,general,normal,2026-09-07T15:44:36.205822+02:00
NSR:StopPlace:58932,Hommelvik stasjon,2026-09-07T15:46:00+02:00,2026-09-07T15:48:53+02:00,,173.0,1,A Marienborg via Innherredsveien,ATB:Line:2_70,Stjørdal/Hommelvik- Trondheim,70,bus,ATB:ServiceJourney:70_251215112546916_66,True,expected,False,,,,,2026-09-07T15:44:36.205822+02:00
NSR:StopPlace:58813,Skarnes stasjon,2026-09-07T08:48:00+02:00,2026-09-07T08:50:52+02:00,,172.0,1,Kongsvinger,INN:Line:700,Kongsvinger-Skarnes-Sand,700,bus,INN:ServiceJourney:82369,True,expected,False,,,,,2026-09-07T08:42:24.659182+02:00
NSR:StopPlace:59952,Drammen stasjon,2026-09-07T20:43:00+02:00,2026-09-07T20:45:51+02:00,,171.0,1,Kongsberg,VYG:Line:R12,Kongsberg-Oslo S-Eidsvoll,R12,rail,VYG:ServiceJourney:531_444339-R,True,expected,False,,,,,2026-09-07T20:27:16.249662+02:00
NSR:StopPlace:58932,Hommelvik stasjon,2026-09-07T21:15:00+02:00,2026-09-07T21:17:51+02:00,,171.0,1,Muruvik,ATB:Line:2_70,Stjørdal/Hommelvik- Trondheim,70,bus,ATB:ServiceJourney:70_251215112547062_99,True,expected,False,,,,,2026-09-07T20:27:16.249662+02:00
NSR:StopPlace:58921,Vennesla stasjon,2026-09-07T09:23:00+02:00,2026-09-07T09:25:51+02:00,,171.0,1,Kristiansand via Mosby,AKT:Line:30,Kvadraturen - Mosby - Vennesl,30,bus,AKT:ServiceJourney:79450_112_48_65640_68400_40001545,True,expected,False,,,,,2026-09-07T08:42:24.659182+02:00
NSR:StopPlace:58838,Røyken stasjon,2026-09-07T23:59:00+02:00,2026-09-08T00:01:50+02:00,,170.0,1,Spikkestad,VYG:Line:L1,Spikkestad-Oslo S-Lillestrøm,L1,rail,VYG:ServiceJourney:2273_443707-R,True,expected,False,,,,,2026-09-08T00:20:52.129880+02:00
NSR:StopPlace:58935,Levanger stasjon,2026-09-07T20:47:00+02:00,2026-09-07T20:49:50+02:00,,170.0,1,Nord universitet Levanger,ATB:Line:2_604,Levanger - Høgberget,604,bus,ATB:ServiceJourney:604_260106098643096_50,True,expected,False,,,,,2026-09-07T20:27:16.249662+02:00
NSR:StopPlace:59646,Høvik stasjon,2026-09-07T15:47:00+02:00,2026-09-07T15:49:50+02:00,,170.0,1,Bødalen,RUT:Line:5260,Bødalen - Slemmestad - Holmen - Sandvika- Ullevål,260E,bus,RUT:ServiceJourney:5942ada53fc49a0c1458e00f8b8685e0,True,expected,False,,,,,2026-09-07T15:44:36.205822+02:00
NSR:StopPlace:58838,Røyken stasjon,2026-09-07T15:42:00+02:00,2026-09-07T15:44:50+02:00,,170.0,1,Drammen,RUT:Line:261,Drammen - Lahell - Røyken - Sætre,261,bus,RUT:ServiceJourney:2d1fb959fdde41fdaa00ef379ccff26b,True,expected,False,Fra 17/8 går linje 61-63-71-73-251-261 og skolebusser fra holdeplass ved Skutebrygga ut av byen.Les mer på brakar.no/trafikkmeldinger.,,general,normal,2026-09-07T15:44:36.205822+02:00
NSR:StopPlace:58926,Dale stasjon,2026-09-07T09:10:00+02:00,2026-09-07T09:12:50+02:00,,170.0,1,Finse,VYG:Line:R40,Bergen-Voss-Myrdal-Ål,R40,rail,VYG:ServiceJourney:1848_465767-R,True,expected,False,,,,,2026-09-07T08:42:24.659182+02:00
NSR:StopPlace:58876,Tønsberg stasjon,2026-09-07T18:41:00+02:00,2026-09-07T18:43:49+02:00,,169.0,1,Barkåker,VKT:Line:59,Barkåker-Tønsberg-Sandeåsen,59,bus,VKT:ServiceJourney:16072,True,expected,False,,,,,2026-09-07T20:27:16.249662+02:00
NSR:StopPlace:58966,Porsgrunn stasjon,2026-09-07T08:45:00+02:00,2026-09-07T08:47:49+02:00,,169.0,1,Skien,VYG:Line:RE11,Eidsvoll-Oslo S-Skien,RE11,rail,VYG:ServiceJourney:805_444385-R,True,expected,False,Heis på Porsgrunn ute av drift,Heisen på Porsgrunn til spor 2 er ute av drift.,general,normal,2026-09-07T08:42:24.659182+02:00
NSR:StopPlace:60737,Bondivann stasjon,2026-09-07T23:49:00+02:00,2026-09-07T23:51:48+02:00,,168.0,1,Spikkestad,VYG:Line:L1,Spikkestad-Oslo S-Lillestrøm,L1,rail,VYG:ServiceJourney:2273_443707-R,True,expected,False,,,,,2026-09-08T00:20:52.129880+02:00
NSR:StopPlace:60735,Gullhella stasjon,2026-09-07T23:51:00+02:00,2026-09-07T23:53:48+02:00,,168.0,1,Spikkestad,VYG:Line:L1,Spikkestad-Oslo S-Lillestrøm,L1,rail,VYG:ServiceJourney:2273_443707-R,True,expected,False,,,,,2026-09-08T00:20:52.129880+02:00
NSR:StopPlace:58888,Blakstad stasjon,2026-09-07T20:25:00+02:00,2026-09-07T20:27:48+02:00,,168.0,1,Nelaug,GOA:Line:53,Sørtoget lokal,R50,rail,GOA:ServiceJourney:2076_63029-R,True,expected,False,,,,,2026-09-07T20:27:16.249662+02:00
NSR:StopPlace:62355,Froland stasjon,2026-09-07T20:28:00+02:00,2026-09-07T20:30:48+02:00,,168.0,1,Nelaug,GOA:Line:53,Sørtoget lokal,R50,rail,GOA:ServiceJourney:2076_63029-R,True,expected,False,,,,,2026-09-07T20:27:16.249662+02:00
NSR:StopPlace:58886,Arendal stasjon,2026-09-07T09:07:00+02:00,2026-09-07T09:09:48+02:00,,168.0,1,Grimstad via Arendal sentrum,AKT:Line:101,Eydehavn-Arendal-Grimstad N/S,101,bus,AKT:ServiceJourney:71738_161_89_63600_67980_40000971,True,expected,False,,,,,2026-09-07T08:42:24.659182+02:00
NSR:StopPlace:59261,Trondheim lufthavn,2026-09-08T00:22:00+02:00,2026-09-08T00:24:47+02:00,,167.0,1,Stjørdal stasjon,ATB:Line:2_70,Stjørdal/Hommelvik- Trondheim,70,bus,ATB:ServiceJourney:70_251215112547142_117,True,expected,False,,,,,2026-09-08T00:20:52.129880+02:00
NSR:StopPlace:60735,Gullhella stasjon,2026-09-07T17:57:00+02:00,2026-09-07T17:59:46+02:00,,166.0,1,Lillestrøm,VYG:Line:L1,Spikkestad-Oslo S-Lillestrøm,L1,rail,VYG:ServiceJourney:2256_445354-R,True,expected,False,,,,,2026-09-07T20:27:16.249662+02:00
NSR:StopPlace:58852,Høn stasjon,2026-09-07T20:43:00+02:00,2026-09-07T20:45:46+02:00,,166.0,1,Spikkestad,VYG:Line:L1,Spikkestad-Oslo S-Lillestrøm,L1,rail,VYG:ServiceJourney:2261_443688-R,True,expected,False,,,,,2026-09-07T20:27:16.249662+02:00
NSR:StopPlace:59393,Västerås Centralstation,2026-09-07T12:15:00+02:00,2026-09-07T12:17:46+02:00,,166.0,1,Oslo,FLI:Line:ce96d970-bcdf-435c-b7ba-5f9299ea8ea6,Stockholm - Oslo,600,coach,FLI:ServiceJourney:a9fd0b0b-7a2a-4468-ac2c-39faa74dda9a,True,expected,False,Västerås,"Nytt holdeplassområde ved Västerås Resecentrum fra 16. mars. Den nye holdeplassen ligger på stasjonens vestside, rett ved jernbanespor 1B. Du finner den ved å følge parkeringsplassen til den bortre enden. ",general,normal,2026-09-07T15:44:36.205822+02:00
NSR:StopPlace:58824,Lunner stasjon,2026-09-07T15:31:00+02:00,2026-09-07T15:33:46+02:00,,166.0,1,Roa,VYG:Line:RE30,Oslo S-Gjøvik,RE30,rail,VYG:ServiceJourney:1222-GJOe_589165-R,True,expected,False,,,,,2026-09-07T15:44:36.205822+02:00
NSR:StopPlace:58811,Moelv stasjon,2026-09-07T08:26:00+02:00,2026-09-07T08:28:46+02:00,,166.0,1,Hamar,INN:Line:100,Hamar - Gjøvik,100,bus,INN:ServiceJourney:83500,True,expected,False,,,,,2026-09-07T08:42:24.659182+02:00
NSR:StopPlace:58862,Strømmen stasjon,2026-09-08T00:20:00+02:00,2026-09-08T00:22:45+02:00,,165.0,1,Lillestrøm,VYG:Line:L1,Spikkestad-Oslo S-Lillestrøm,L1,rail,VYG:ServiceJourney:2176_443587-R,True,expected,False,,,,,2026-09-08T00:20:52.129880+02:00
NSR:StopPlace:58871,Sande stasjon,2026-09-07T20:24:00+02:00,2026-09-07T20:26:45+02:00,,165.0,1,Skien,VYG:Line:RE11,Eidsvoll-Oslo S-Skien,RE11,rail,VYG:ServiceJourney:831_444411-R,True,expected,False,,,,,2026-09-07T20:27:16.249662+02:00
NSR:StopPlace:60053,Halden stasjon,2026-09-07T09:08:00+02:00,2026-09-07T09:10:45+02:00,,165.0,1,Halden sentrum,OST:Line:1_35,Næridsrød - Tistedal,35,bus,OST:ServiceJourney:35_260325121472364_8,True,expected,False,,,,,2026-09-07T08:42:24.659182+02:00
NSR:StopPlace:114,Seimsgrend stasjon,2026-09-07T06:02:00+02:00,2026-09-07T06:04:45+02:00,,165.0,1,Bergen,VYG:Line:R40,Bergen-Voss-Myrdal-Ål,R40,rail,VYG:ServiceJourney:1807_445121-R,True,expected,False,Åpnet: Bulken–Bolstadøyri,"Bulken–Bolstadøyri er åpen for togtrafikk igjen. Togene kjører, men det kan ta litt tid før de er i rute. Du må derfor regne med forsinkelser, og at enkelte avganger kan bli innstilt.",general,normal,2026-09-07T08:42:24.659182+02:00
NSR:StopPlace:59703,Åndalsnes stasjon,2026-09-07T23:09:00+02:00,2026-09-07T23:11:44+02:00,,164.0,1,Åndalsnes,MOR:Line:420,Fram Ekspress Molde-Åndalsnes,420,bus,MOR:ServiceJourney:420_126_9150000047246368,True,expected,False,,,,,2026-09-08T00:20:52.129880+02:00
NSR:StopPlace:60737,Bondivann stasjon,2026-09-08T00:30:00+02:00,2026-09-08T00:32:43+02:00,,163.0,1,Lillestrøm,VYG:Line:L1,Spikkestad-Oslo S-Lillestrøm,L1,rail,VYG:ServiceJourney:2282_443722-R,True,expected,False,,,,,2026-09-08T03:39:50.209703+02:00
NSR:StopPlace:59952,Drammen stasjon,2026-09-07T15:43:00+02:00,2026-09-07T15:45:43+02:00,,163.0,1,Kongsberg,VYG:Line:R12,Kongsberg-Oslo S-Eidsvoll,R12,rail,VYG:ServiceJourney:521_444323-R,True,expected,False,,,,,2026-09-07T15:44:36.205822+02:00
NSR:StopPlace:462,Ygre stasjon,2026-09-07T14:48:00+02:00,2026-09-07T14:50:43+02:00,,163.0,1,Myrdal,VYG:Line:R40,Bergen-Voss-Myrdal-Ål,R40,rail,VYG:ServiceJourney:1818_443404-R,True,expected,False,,,,,2026-09-07T15:44:36.205822+02:00
NSR:StopPlace:58836,Mjøndalen stasjon,2026-09-07T07:27:00+02:00,2026-09-07T07:29:43+02:00,,163.0,1,Åsen,BRA:Line:4_6053,Mjøndalen - Åsen,53,bus,BRA:ServiceJourney:6053_260415100160468_1007,True,expected,False,,,,,2026-09-07T08:42:24.659182+02:00
NSR:StopPlace:58876,Tønsberg stasjon,2026-09-07T13:36:00+02:00,2026-09-07T13:38:42+02:00,,162.0,1,Sandefjord-Framnes,VKT:Line:1,Horten-Tønsberg-Sandefjord,1,bus,VKT:ServiceJourney:15573,True,expected,False,,,,,2026-09-07T15:44:36.205822+02:00
NSR:StopPlace:61381,Singsås stasjon,2026-09-07T08:45:00+02:00,2026-09-07T08:47:42+02:00,,162.0,1,Singsås skole,ATB:Line:2_5471,Støren - Singsås - Almås/Wolde,5471,bus,ATB:ServiceJourney:5471_260106098642203_5,True,expected,False,,,,,2026-09-07T08:42:24.659182+02:00
NSR:StopPlace:59646,Høvik stasjon,2026-09-07T08:42:00+02:00,2026-09-07T08:44:42+02:00,,162.0,1,Asker,VYG:Line:L1,Spikkestad-Oslo S-Lillestrøm,L1,rail,VYG:ServiceJourney:2113_443518-R,True,expected,False,Færre vogner,Denne avgangen kjører dessverre med 4 vogner i stedet for 8 vogner. Dette skyldes at vi mangler et togsett.,general,normal,2026-09-07T08:42:24.659182+02:00
NSR:StopPlace:58843,Blommenholm stasjon,2026-09-07T08:44:00+02:00,2026-09-07T08:46:42+02:00,,162.0,1,Asker,VYG:Line:L1,Spikkestad-Oslo S-Lillestrøm,L1,rail,VYG:ServiceJourney:2113_443518-R,True,expected,False,Færre vogner,Denne avgangen kjører dessverre med 4 vogner i stedet for 8 vogner. Dette skyldes at vi mangler et togsett.,general,normal,2026-09-07T08:42:24.659182+02:00
NSR:StopPlace:58851,Heggedal stasjon,2026-09-07T08:55:00+02:00,2026-09-07T08:57:42+02:00,,162.0,1,Spikkestad,VYG:Line:L1,Spikkestad-Oslo S-Lillestrøm,L1,rail,VYG:ServiceJourney:2213_443605-R,True,expected,False,,,,,2026-09-07T08:42:24.659182+02:00
NSR:StopPlace:58921,Vennesla stasjon,2026-09-07T09:38:00+02:00,2026-09-07T09:40:41+02:00,,161.0,1,Vennesla - Grovane st.,AKT:Line:31,Kvadraturen - Sødal - Vennesla,31,bus,AKT:ServiceJourney:79644_91_42_66600_68700_3950310,True,expected,False,,,,,2026-09-07T08:42:24.659182+02:00
NSR:StopPlace:59652,Tøyen stasjon,2026-09-07T16:30:00+02:00,2026-09-07T16:32:40+02:00,,160.0,1,Vippetangen,RUT:Line:60,Vippetangen-Tonsenhagen,60,bus,RUT:ServiceJourney:c453a42beccb8de982acadcdf23080d2,True,expected,False,,,,,2026-09-07T15:44:36.205822+02:00
NSR:StopPlace:58849,Hakadal stasjon,2026-09-07T09:35:00+02:00,2026-09-07T09:37:40+02:00,,160.0,1,Kongskog,RUT:Line:390,Kongskog/Hellerudhaugen - Oslo bussterminal,390,bus,RUT:ServiceJourney:85e4215b89c2789798775dea1dcc9479,True,expected,False,,,,,2026-09-07T08:42:24.659182+02:00
NSR:StopPlace:58854,Langhus stasjon,2026-09-07T07:19:00+02:00,2026-09-07T07:21:40+02:00,,160.0,1,Bøleråsen,RUT:Line:510,Bøleråsen - Ski - Ås - Drøbak,510,bus,RUT:ServiceJourney:4ad00bc628ab3c3d85a40bdd42056b41,True,expected,False,,,,,2026-09-07T08:42:24.659182+02:00
NSR:StopPlace:58866,Vevelstad stasjon,2026-09-07T07:24:00+02:00,2026-09-07T07:26:40+02:00,,160.0,1,Bøleråsen,RUT:Line:510,Bøleråsen - Ski - Ås - Drøbak,510,bus,RUT:ServiceJourney:4ad00bc628ab3c3d85a40bdd42056b41,True,expected,False,,,,,2026-09-07T08:42:24.659182+02:00
NSR:StopPlace:58855,Leirsund stasjon,2026-09-07T20:25:00+02:00,2026-09-07T20:27:39+02:00,,159.0,1,Drammen,VYG:Line:R13,Drammen-Oslo S-Dal,R13,rail,VYG:ServiceJourney:1662_443348-R,True,expected,False,,,,,2026-09-07T20:27:16.249662+02:00
NSR:StopPlace:58885,Trykkerud stasjon,2026-09-07T18:42:00+02:00,2026-09-07T18:44:39+02:00,,159.0,1,Notodden,VYG:Line:R55,Porsgrunn-Notodden,R55,rail,VYG:ServiceJourney:2486_443756-R,True,expected,False,,,,,2026-09-07T20:27:16.249662+02:00
NSR:StopPlace:58947,Steinkjer stasjon,2026-09-07T15:45:00+02:00,2026-09-07T15:47:39+02:00,,159.0,1,Vellamelen via Bartnes,ATB:Line:2_732,Steinkjer - Bartnes - Steinkje,732,bus,ATB:ServiceJourney:732_260106098640610_12,True,expected,False,,,,,2026-09-07T15:44:36.205822+02:00
NSR:StopPlace:58930,Larvik stasjon,2026-09-07T07:20:00+02:00,2026-09-07T07:22:39+02:00,,159.0,1,Larvik-Sandefjord,VKT:Line:4,Torp-Sandefjord-Larvik-Stavern,4,bus,VKT:ServiceJourney:17689,True,expected,False,,,,,2026-09-07T08:42:24.659182+02:00
NSR:StopPlace:58824,Lunner stasjon,2026-09-07T07:31:00+02:00,2026-09-07T07:33:39+02:00,,159.0,1,Roa,VYG:Line:RE30,Oslo S-Gjøvik,RE30,rail,VYG:ServiceJourney:1206-GJOe_589116-R,True,expected,False,,,,,2026-09-07T08:42:24.659182+02:00
NSR:StopPlace:61927,Berekvam stasjon,2026-09-07T18:54:00+02:00,2026-09-07T18:56:38+02:00,,158.0,1,Flåm,VYG:Line:R45,Myrdal-Flåm,R45,rail,VYG:ServiceJourney:1867_465788-R,True,expected,False,,,,,2026-09-07T20:27:16.249662+02:00
NSR:StopPlace:61465,Rise stasjon,2026-09-07T08:20:00+02:00,2026-09-07T08:22:38+02:00,,158.0,1,Nelaug,GOA:Line:53,Sørtoget lokal,R50,rail,GOA:ServiceJourney:2064_63017-R,True,expected,False,,,,,2026-09-07T08:42:24.659182+02:00
NSR:StopPlace:62352,Stoa stasjon,2026-09-07T08:14:00+02:00,2026-09-07T08:16:38+02:00,,158.0,1,Nelaug,GOA:Line:53,Sørtoget lokal,R50,rail,GOA:ServiceJourney:2064_63017-R,True,expected,False,,,,,2026-09-07T08:42:24.659182+02:00
NSR:StopPlace:62351,Bråstad stasjon,2026-09-07T08:15:00+02:00,2026-09-07T08:17:38+02:00,,158.0,1,Nelaug,GOA:Line:53,Sørtoget lokal,R50,rail,GOA:ServiceJourney:2064_63017-R,True,expected,False,,,,,2026-09-07T08:42:24.659182+02:00
NSR:StopPlace:8,Paradis stasjon,2026-09-07T08:58:00+02:00,2026-09-07T09:00:37+02:00,,157.0,1,Stavanger,GOA:Line:59,Jærbanen,L5,rail,GOA:ServiceJourney:3015_63047-R,True,expected,False,,,,,2026-09-07T08:42:24.659182+02:00
NSR:StopPlace:63079,Skeiane stasjon,2026-09-07T08:41:00+02:00,2026-09-07T08:43:37+02:00,,157.0,1,Stavanger,GOA:Line:59,Jærbanen,L5,rail,GOA:ServiceJourney:3015_63047-R,True,expected,False,,,,,2026-09-07T08:42:24.659182+02:00
NSR:StopPlace:362,Jåttåvågen stasjon,2026-09-07T08:51:00+02:00,2026-09-07T08:53:37+02:00,,157.0,1,Stavanger,GOA:Line:59,Jærbanen,L5,rail,GOA:ServiceJourney:3015_63047-R,True,expected,False,,,,,2026-09-07T08:42:24.659182+02:00
NSR:StopPlace:206,Mariero stasjon,2026-09-07T08:55:00+02:00,2026-09-07T08:57:37+02:00,,157.0,1,Stavanger,GOA:Line:59,Jærbanen,L5,rail,GOA:ServiceJourney:3015_63047-R,True,expected,False,,,,,2026-09-07T08:42:24.659182+02:00
NSR:StopPlace:702,Sandnes sentrum stasjon,2026-09-07T08:43:00+02:00,2026-09-07T08:45:37+02:00,,157.0,1,Stavanger,GOA:Line:59,Jærbanen,L5,rail,GOA:ServiceJourney:3015_63047-R,True,expected,False,,,,,2026-09-07T08:42:24.659182+02:00
NSR:StopPlace:101,Sagdalen stasjon,2026-09-08T00:22:00+02:00,2026-09-08T00:24:36+02:00,,156.0,1,Lillestrøm,VYG:Line:L1,Spikkestad-Oslo S-Lillestrøm,L1,rail,VYG:ServiceJourney:2176_443587-R,True,expected,False,,,,,2026-09-08T00:20:52.129880+02:00
NSR:StopPlace:58858,Nittedal stasjon,2026-09-07T20:30:00+02:00,2026-09-07T20:32:36+02:00,,156.0,1,Oslo S,VYG:Line:R31,Skøyen-Jaren-Gjøvik,R31,rail,VYG:ServiceJourney:BUS-230_655400-R,True,expected,False,,,,,2026-09-07T20:27:16.249662+02:00
NSR:StopPlace:58808,Kongsvinger stasjon,2026-09-07T15:58:00+02:00,2026-09-07T16:00:36+02:00,,156.0,1,Rasta - Vennersberg,INN:Line:81,Bogeråsen - Rasta,B81,bus,INN:ServiceJourney:54318,True,expected,False,,,,,2026-09-07T15:44:36.205822+02:00
NSR:StopPlace:58932,Hommelvik stasjon,2026-09-07T21:11:00+02:00,2026-09-07T21:13:35+02:00,,155.0,1,Marienborg via Brattøra,ATB:Line:2_70,Stjørdal/Hommelvik- Trondheim,70,bus,ATB:ServiceJourney:70_251215112547006_100,True,expected,False,,,,,2026-09-07T20:27:16.249662+02:00
NSR:StopPlace:62456,Kvitfjell stasjon,2026-09-07T17:15:00+02:00,2026-09-07T17:17:35+02:00,,155.0,1,Oslo S,SJN:Line:21,Dovrebanen,F6,rail,SJN:ServiceJourney:46-TND_48003-R,True,expected,False,,,,,2026-09-07T20:27:16.249662+02:00
NSR:StopPlace:58801,Sarpsborg stasjon,2026-09-07T15:44:00+02:00,2026-09-07T15:46:35+02:00,,155.0,1,Blessom,OST:Line:1_13,Kalnes - Blessom,13,bus,OST:ServiceJourney:13_260325121470791_26,True,expected,False,,,,,2026-09-07T15:44:36.205822+02:00
NSR:StopPlace:61334,Ogna stasjon,2026-09-07T20:52:00+02:00,2026-09-07T20:54:34+02:00,,154.0,1,Egersund,GOA:Line:59,Jærbanen,L5,rail,GOA:ServiceJourney:3064_63121-R,True,expected,False,,,,,2026-09-07T20:27:16.249662+02:00
NSR:StopPlace:61872,Nærbø stasjon,2026-09-07T20:33:00+02:00,2026-09-07T20:35:34+02:00,,154.0,1,Egersund,GOA:Line:59,Jærbanen,L5,rail,GOA:ServiceJourney:3064_63121-R,True,expected,False,,,,,2026-09-07T20:27:16.249662+02:00
NSR:StopPlace:60271,Varhaug stasjon,2026-09-07T20:37:00+02:00,2026-09-07T20:39:34+02:00,,154.0,1,Egersund,GOA:Line:59,Jærbanen,L5,rail,GOA:ServiceJourney:3064_63121-R,True,expected,False,,,,,2026-09-07T20:27:16.249662+02:00
NSR:StopPlace:60569,Sirevåg stasjon,2026-09-07T20:55:00+02:00,2026-09-07T20:57:34+02:00,,154.0,1,Egersund,GOA:Line:59,Jærbanen,L5,rail,GOA:ServiceJourney:3064_63121-R,True,expected,False,,,,,2026-09-07T20:27:16.249662+02:00
NSR:StopPlace:58924,Bryne stasjon,2026-09-07T20:27:00+02:00,2026-09-07T20:29:34+02:00,,154.0,1,Egersund,GOA:Line:59,Jærbanen,L5,rail,GOA:ServiceJourney:3064_63121-R,True,expected,False,,,,,2026-09-07T20:27:16.249662+02:00
NSR:StopPlace:62311,Vigrestad stasjon,2026-09-07T20:44:00+02:00,2026-09-07T20:46:34+02:00,,154.0,1,Egersund,GOA:Line:59,Jærbanen,L5,rail,GOA:ServiceJourney:3064_63121-R,True,expected,False,,,,,2026-09-07T20:27:16.249662+02:00
NSR:StopPlace:62310,Brusand stasjon,2026-09-07T20:48:00+02:00,2026-09-07T20:50:34+02:00,,154.0,1,Egersund,GOA:Line:59,Jærbanen,L5,rail,GOA:ServiceJourney:3064_63121-R,True,expected,False,,,,,2026-09-07T20:27:16.249662+02:00
NSR:StopPlace:61979,Hellvik stasjon,2026-09-07T21:00:00+02:00,2026-09-07T21:02:34+02:00,,154.0,1,Egersund,GOA:Line:59,Jærbanen,L5,rail,GOA:ServiceJourney:3064_63121-R,True,expected,False,,,,,2026-09-07T20:27:16.249662+02:00
NSR:StopPlace:58876,Tønsberg stasjon,2026-09-07T14:11:00+02:00,2026-09-07T14:13:34+02:00,,154.0,1,Revetal-Bergsåsen,VKT:Line:500,Tønsberg-Revetal-Bergsåsen,500,bus,VKT:ServiceJourney:17025,True,expected,False,Kan oppstå forsinkelser ,Pga. veiarbeid langs Bispeveien kan det oppstå forsinkelser. Vi beklager dette. ,incident,normal,2026-09-07T15:44:36.205822+02:00
NSR:StopPlace:62392,Slependen stasjon,2026-09-08T00:19:00+02:00,2026-09-08T00:21:33+02:00,,153.0,1,Asker,VYG:Line:L1,Spikkestad-Oslo S-Lillestrøm,L1,rail,VYG:ServiceJourney:2175_443586-R,True,expected,False,,,,,2026-09-08T00:20:52.129880+02:00
NSR:StopPlace:58932,Hommelvik stasjon,2026-09-07T09:18:00+02:00,2026-09-07T09:20:33+02:00,,153.0,1,Stjørdal stasjon,ATB:Line:2_70,Stjørdal/Hommelvik- Trondheim,70,bus,ATB:ServiceJourney:70_251215112546902_19,True,expected,False,,,,,2026-09-07T08:42:24.659182+02:00
NSR:StopPlace:58815,Bleiken stasjon,2026-09-07T07:28:00+02:00,2026-09-07T07:30:32+02:00,,152.0,1,Gjøvik,VYG:Line:RE30,Oslo S-Gjøvik,RE30,rail,VYG:ServiceJourney:1203-ROA_589108-R,True,expected,False,,,,,2026-09-07T08:42:24.659182+02:00
NSR:StopPlace:6,Greverud stasjon,2026-09-07T15:55:00+02:00,2026-09-07T15:57:31+02:00,,151.0,1,Ski,VYG:Line:L2,Stabekk-Oslo S-Ski,L2,rail,VYG:ServiceJourney:2841-HVK_444073-R,True,expected,False,,,,,2026-09-07T15:44:36.205822+02:00
NSR:StopPlace:364,Vaksdal stasjon,2026-09-07T15:43:00+02:00,2026-09-07T15:45:31+02:00,,151.0,1,Voss,VYG:Line:R40,Bergen-Voss-Myrdal-Ål,R40,rail,VYG:ServiceJourney:1822_481192-R,True,expected,False,,,,,2026-09-07T15:44:36.205822+02:00
NSR:StopPlace:58932,Hommelvik stasjon,2026-09-07T20:35:00+02:00,2026-09-07T20:37:30+02:00,,150.0,1,Stjørdal stasjon,ATB:Line:2_70,Stjørdal/Hommelvik- Trondheim,70,bus,ATB:ServiceJourney:70_251215112547105_95,True,expected,False,,,,,2026-09-07T20:27:16.249662+02:00
NSR:StopPlace:59958,Voss stasjon,2026-09-07T15:45:00+02:00,2026-09-07T15:47:30+02:00,,150.0,1,Voss stasjon,SKY:Line:964,Voss-Skjerpe/Sivlevegen(Ringbuss),964,bus,SKY:ServiceJourney:964-205165-20969019,True,expected,False,,,,,2026-09-07T15:44:36.205822+02:00
NSR:StopPlace:58930,Larvik stasjon,2026-09-07T07:55:00+02:00,2026-09-07T07:57:30+02:00,,150.0,1,Thor Heyerdahl vgs,VKT:Line:800,Larvik-Kvelde-Svarstad,800,bus,VKT:ServiceJourney:18320,True,expected,False,,,,,2026-09-07T08:42:24.659182+02:00
NSR:StopPlace:60737,Bondivann stasjon,2026-09-08T00:00:00+02:00,2026-09-08T00:02:29+02:00,,149.0,1,Lillestrøm,VYG:Line:L1,Spikkestad-Oslo S-Lillestrøm,L1,rail,VYG:ServiceJourney:2280_443718-R,True,expected,False,,,,,2026-09-08T00:20:52.129880+02:00
NSR:StopPlace:58947,Steinkjer stasjon,2026-09-07T15:45:00+02:00,2026-09-07T15:47:29+02:00,,149.0,1,Levanger stasjon,ATB:Line:2_640,Levanger - Steinkjer,640,bus,ATB:ServiceJourney:640_260106098640618_3,True,expected,False,,,,,2026-09-07T15:44:36.205822+02:00
NSR:StopPlace:58809,Koppang stasjon,2026-09-07T16:13:00+02:00,2026-09-07T16:15:29+02:00,,149.0,1,Hamar,SJN:Line:25,Rørosbanen,R60,rail,SJN:ServiceJourney:2388_37666-R,True,expected,False,,,,,2026-09-07T15:44:36.205822+02:00
NSR:StopPlace:58827,Stai stasjon,2026-09-07T16:21:00+02:00,2026-09-07T16:23:29+02:00,,149.0,1,Hamar,SJN:Line:25,Rørosbanen,R60,rail,SJN:ServiceJourney:2388_37666-R,True,expected,False,,,,,2026-09-07T15:44:36.205822+02:00
NSR:StopPlace:59952,Drammen stasjon,2026-09-07T20:47:00+02:00,2026-09-07T20:49:28+02:00,,148.0,1,Eidsvoll,VYG:Line:RE11,Eidsvoll-Oslo S-Skien,RE11,rail,VYG:ServiceJourney:832_481337-R,True,expected,False,,,,,2026-09-07T20:27:16.249662+02:00
NSR:StopPlace:62340,Ilseng stasjon,2026-09-07T15:44:00+02:00,2026-09-07T15:46:28+02:00,,148.0,1,Hamar,SJN:Line:25,Rørosbanen,R60,rail,SJN:ServiceJourney:2386_47976-R,True,expected,False,,,,,2026-09-07T15:44:36.205822+02:00
NSR:StopPlace:58876,Tønsberg stasjon,2026-09-07T07:11:00+02:00,2026-09-07T07:13:28+02:00,,148.0,1,Ekspress Larvik,VKT:Line:6,Ekspress Larvik-Tønsberg,6,bus,VKT:ServiceJourney:17770,True,expected,False,,,,,2026-09-07T08:42:24.659182+02:00
NSR:StopPlace:58875,Torp stasjon,2026-09-07T21:51:00+02:00,2026-09-07T21:53:27+02:00,,147.0,1,Eidsvoll,VYG:Line:RE11,Eidsvoll-Oslo S-Skien,RE11,rail,VYG:ServiceJourney:836_444416-R,True,expected,False,,,,,2026-09-08T00:20:52.129880+02:00
NSR:StopPlace:58815,Bleiken stasjon,2026-09-07T19:28:00+02:00,2026-09-07T19:30:27+02:00,,147.0,1,Gjøvik,VYG:Line:R31,Skøyen-Jaren-Gjøvik,R31,rail,VYG:ServiceJourney:227-ROA_589347-R,True,expected,False,,,,,2026-09-07T20:27:16.249662+02:00
NSR:StopPlace:58838,Røyken stasjon,2026-09-07T15:45:00+02:00,2026-09-07T15:47:27+02:00,,147.0,1,Asker,RUT:Line:260,Hyggen - Bråset -Slemmestad (- Asker),260,bus,RUT:ServiceJourney:e0960bff3ff10776f4c28b76d5426b81,True,expected,False,,,,,2026-09-07T15:44:36.205822+02:00
NSR:StopPlace:58815,Bleiken stasjon,2026-09-07T15:11:00+02:00,2026-09-07T15:13:26+02:00,,146.0,1,Roa,VYG:Line:RE30,Oslo S-Gjøvik,RE30,rail,VYG:ServiceJourney:1222-GJOe_589165-R,True,expected,False,,,,,2026-09-07T15:44:36.205822+02:00
NSR:StopPlace:62392,Slependen stasjon,2026-09-07T08:49:00+02:00,2026-09-07T08:51:26+02:00,,146.0,1,Asker,VYG:Line:L1,Spikkestad-Oslo S-Lillestrøm,L1,rail,VYG:ServiceJourney:2113_443518-R,True,expected,False,Færre vogner,Denne avgangen kjører dessverre med 4 vogner i stedet for 8 vogner. Dette skyldes at vi mangler et togsett.,general,normal,2026-09-07T08:42:24.659182+02:00
NSR:StopPlace:58932,Hommelvik stasjon,2026-09-08T00:31:00+02:00,2026-09-08T00:33:25+02:00,,145.0,1,Muruvik,ATB:Line:2_70,Stjørdal/Hommelvik- Trondheim,70,bus,ATB:ServiceJourney:70_251215112547056_119,True,expected,False,,,,,2026-09-08T00:20:52.129880+02:00
NSR:StopPlace:58921,Vennesla stasjon,2026-09-07T18:38:00+02:00,2026-09-07T18:40:25+02:00,,145.0,1,Vennesla - Grovane st.,AKT:Line:31,Kvadraturen - Sødal - Vennesla,31,bus,AKT:ServiceJourney:79660_251_42_131400_133500_3950310,True,expected,False,,,,,2026-09-07T20:27:16.249662+02:00
NSR:StopPlace:58876,Tønsberg stasjon,2026-09-07T18:06:00+02:00,2026-09-07T18:08:25+02:00,,145.0,1,Stokke - Sørby,VKT:Line:520,Tønsberg-Stokke,520,bus,VKT:ServiceJourney:17251,True,expected,False,,,,,2026-09-07T20:27:16.249662+02:00
NSR:StopPlace:58876,Tønsberg stasjon,2026-09-07T18:06:00+02:00,2026-09-07T18:08:24+02:00,,144.0,1,Sandefjord-Framnes,VKT:Line:1,Horten-Tønsberg-Sandefjord,1,bus,VKT:ServiceJourney:15586,True,expected,False,,,,,2026-09-07T20:27:16.249662+02:00
NSR:StopPlace:58817,Eina stasjon,2026-09-07T15:55:00+02:00,2026-09-07T15:57:24+02:00,,144.0,1,Gran,INN:Line:103,Lillehammer-Gjøvik-Hønefoss,103,bus,INN:ServiceJourney:70736,True,expected,False,,,,,2026-09-07T15:44:36.205822+02:00
NSR:StopPlace:58818,Gran stasjon,2026-09-07T15:25:00+02:00,2026-09-07T15:27:24+02:00,,144.0,1,Roa,VYG:Line:RE30,Oslo S-Gjøvik,RE30,rail,VYG:ServiceJourney:1222-GJOe_589165-R,True,expected,False,,,,,2026-09-07T15:44:36.205822+02:00
NSR:StopPlace:58825,Raufoss stasjon,2026-09-07T15:45:00+02:00,2026-09-07T15:47:24+02:00,,144.0,1,Gran,INN:Line:103,Lillehammer-Gjøvik-Hønefoss,103,bus,INN:ServiceJourney:70736,True,expected,False,,,,,2026-09-07T15:44:36.205822+02:00
NSR:StopPlace:59958,Voss stasjon,2026-09-07T08:40:00+02:00,2026-09-07T08:42:24+02:00,,144.0,1,Granvin,SKY:Line:925,Bergen-Norheimsund-Kvanndal-Voss,925,bus,SKY:ServiceJourney:925-205165-21340975,True,expected,False,,,,,2026-09-07T08:42:24.659182+02:00
NSR:StopPlace:58825,Raufoss stasjon,2026-09-08T01:58:00+02:00,2026-09-08T02:00:23+02:00,,143.0,1,Gjøvik,VYG:Line:R31,Skøyen-Jaren-Gjøvik,R31,rail,VYG:ServiceJourney:239-ROA_589368-R,True,expected,False,,,,,2026-09-08T03:39:50.209703+02:00
NSR:StopPlace:59653,Haugenstua stasjon,2026-09-07T20:25:00+02:00,2026-09-07T20:27:23+02:00,,143.0,1,Lillestrøm,VYG:Line:L1,Spikkestad-Oslo S-Lillestrøm,L1,rail,VYG:ServiceJourney:2262_443690-R,True,expected,False,,,,,2026-09-07T20:27:16.249662+02:00
NSR:StopPlace:58860,Oppegård stasjon,2026-09-07T15:57:00+02:00,2026-09-07T15:59:23+02:00,,143.0,1,Ski,VYG:Line:L2,Stabekk-Oslo S-Ski,L2,rail,VYG:ServiceJourney:2841-HVK_444073-R,True,expected,False,,,,,2026-09-07T15:44:36.205822+02:00
NSR:StopPlace:518,Bolstadøyri stasjon,2026-09-07T15:55:00+02:00,2026-09-07T15:57:23+02:00,,143.0,1,Bergen,VYG:Line:R40,Bergen-Voss-Myrdal-Ål,R40,rail,VYG:ServiceJourney:1825_465764-R,True,expected,False,,,,,2026-09-07T15:44:36.205822+02:00
NSR:StopPlace:59789,Skotbu stasjon,2026-09-07T08:22:00+02:00,2026-09-07T08:24:23+02:00,,143.0,1,Rakkestad,VYG:Line:R22,Skøyen-Oslo S-Mysen-Rakkestad,R22,rail,VYG:ServiceJourney:1907_443443-R,True,expected,False,,,,,2026-09-07T08:42:24.659182+02:00
NSR:StopPlace:518,Bolstadøyri stasjon,2026-09-07T09:17:00+02:00,2026-09-07T09:19:23+02:00,,143.0,1,Finse,VYG:Line:R40,Bergen-Voss-Myrdal-Ål,R40,rail,VYG:ServiceJourney:1848_465767-R,True,expected,False,,,,,2026-09-07T08:42:24.659182+02:00
NSR:StopPlace:61466,Vakås stasjon,2026-09-07T20:27:00+02:00,2026-09-07T20:29:21+02:00,,141.0,1,Asker,VYG:Line:L1,Spikkestad-Oslo S-Lillestrøm,L1,rail,VYG:ServiceJourney:2159_443568-R,True,expected,False,,,,,2026-09-07T20:27:16.249662+02:00
NSR:StopPlace:313,Høybråten stasjon,2026-09-07T20:27:00+02:00,2026-09-07T20:29:21+02:00,,141.0,1,Lillestrøm,VYG:Line:L1,Spikkestad-Oslo S-Lillestrøm,L1,rail,VYG:ServiceJourney:2262_443690-R,True,expected,False,,,,,2026-09-07T20:27:16.249662+02:00
NSR:StopPlace:61707,Jevnaker stasjon,2026-09-07T16:06:00+02:00,2026-09-07T16:08:21+02:00,,141.0,1,Jevnaker via Brandbu,INN:Line:453,Brandbu-Grymyr-Jevnaker,453,bus,INN:ServiceJourney:84290,True,expected,False,,,,,2026-09-07T15:44:36.205822+02:00
NSR:StopPlace:62354,Bøylestad stasjon,2026-09-07T20:34:00+02:00,2026-09-07T20:36:20+02:00,,140.0,1,Nelaug,GOA:Line:53,Sørtoget lokal,R50,rail,GOA:ServiceJourney:2076_63029-R,True,expected,False,,,,,2026-09-07T20:27:16.249662+02:00
NSR:StopPlace:61251,Øksnavadporten stasjon,2026-09-08T00:19:00+02:00,2026-09-08T00:21:19+02:00,,139.0,1,Egersund,GOA:Line:59,Jærbanen,L5,rail,GOA:ServiceJourney:3078_63142-R,True,expected,False,,,,,2026-09-08T00:20:52.129880+02:00
NSR:StopPlace:61334,Ogna stasjon,2026-09-08T00:51:00+02:00,2026-09-08T00:53:19+02:00,,139.0,1,Egersund,GOA:Line:59,Jærbanen,L5,rail,GOA:ServiceJourney:3078_63142-R,True,expected,False,,,,,2026-09-08T00:20:52.129880+02:00
NSR:StopPlace:61872,Nærbø stasjon,2026-09-08T00:33:00+02:00,2026-09-08T00:35:19+02:00,,139.0,1,Egersund,GOA:Line:59,Jærbanen,L5,rail,GOA:ServiceJourney:3078_63142-R,True,expected,False,,,,,2026-09-08T00:20:52.129880+02:00
NSR:StopPlace:59957,Klepp stasjon,2026-09-08T00:22:00+02:00,2026-09-08T00:24:19+02:00,,139.0,1,Egersund,GOA:Line:59,Jærbanen,L5,rail,GOA:ServiceJourney:3078_63142-R,True,expected,False,,,,,2026-09-08T00:20:52.129880+02:00
NSR:StopPlace:60271,Varhaug stasjon,2026-09-08T00:38:00+02:00,2026-09-08T00:40:19+02:00,,139.0,1,Egersund,GOA:Line:59,Jærbanen,L5,rail,GOA:ServiceJourney:3078_63142-R,True,expected,False,,,,,2026-09-08T00:20:52.129880+02:00
NSR:StopPlace:60569,Sirevåg stasjon,2026-09-08T00:54:00+02:00,2026-09-08T00:56:19+02:00,,139.0,1,Egersund,GOA:Line:59,Jærbanen,L5,rail,GOA:ServiceJourney:3078_63142-R,True,expected,False,,,,,2026-09-08T00:20:52.129880+02:00
NSR:StopPlace:58924,Bryne stasjon,2026-09-08T00:27:00+02:00,2026-09-08T00:29:19+02:00,,139.0,1,Egersund,GOA:Line:59,Jærbanen,L5,rail,GOA:ServiceJourney:3078_63142-R,True,expected,False,,,,,2026-09-08T00:20:52.129880+02:00
NSR:StopPlace:62311,Vigrestad stasjon,2026-09-08T00:43:00+02:00,2026-09-08T00:45:19+02:00,,139.0,1,Egersund,GOA:Line:59,Jærbanen,L5,rail,GOA:ServiceJourney:3078_63142-R,True,expected,False,,,,,2026-09-08T00:20:52.129880+02:00
NSR:StopPlace:62310,Brusand stasjon,2026-09-08T00:47:00+02:00,2026-09-08T00:49:19+02:00,,139.0,1,Egersund,GOA:Line:59,Jærbanen,L5,rail,GOA:ServiceJourney:3078_63142-R,True,expected,False,,,,,2026-09-08T00:20:52.129880+02:00
NSR:StopPlace:61979,Hellvik stasjon,2026-09-08T00:59:00+02:00,2026-09-08T01:01:19+02:00,,139.0,1,Egersund,GOA:Line:59,Jærbanen,L5,rail,GOA:ServiceJourney:3078_63142-R,True,expected,False,,,,,2026-09-08T00:20:52.129880+02:00
NSR:StopPlace:58921,Vennesla stasjon,2026-09-07T09:14:00+02:00,2026-09-07T09:16:19+02:00,,139.0,1,Vennesla - Grovane st. via Moseidmoen,AKT:Line:30,Kvadraturen - Mosby - Vennesl,30,bus,AKT:ServiceJourney:79387_101_49_63000_65700_40001566,True,expected,False,,,,,2026-09-07T08:42:24.659182+02:00
NSR:StopPlace:58871,Sande stasjon,2026-09-07T08:34:00+02:00,2026-09-07T08:36:19+02:00,,139.0,1,Eidsvoll,VYG:Line:RE11,Eidsvoll-Oslo S-Skien,RE11,rail,VYG:ServiceJourney:808_444388-R,True,expected,False,,,,,2026-09-07T08:42:24.659182+02:00
NSR:StopPlace:61926,Håreina stasjon,2026-09-07T19:08:00+02:00,2026-09-07T19:10:18+02:00,,138.0,1,Flåm,VYG:Line:R45,Myrdal-Flåm,R45,rail,VYG:ServiceJourney:1867_465788-R,True,expected,False,,,,,2026-09-07T20:27:16.249662+02:00
NSR:StopPlace:60735,Gullhella stasjon,2026-09-07T16:57:00+02:00,2026-09-07T16:59:18+02:00,,138.0,1,Lillestrøm,VYG:Line:L1,Spikkestad-Oslo S-Lillestrøm,L1,rail,VYG:ServiceJourney:2252_445350-R,True,expected,False,,,,,2026-09-07T20:27:16.249662+02:00
NSR:StopPlace:61707,Jevnaker stasjon,2026-09-07T15:45:00+02:00,2026-09-07T15:47:18+02:00,,138.0,1,Jevnaker ekspress,INN:Line:452,Gran-Lunner-Olimb-Jevnaker,452,bus,INN:ServiceJourney:71421,True,expected,False,,,,,2026-09-07T15:44:36.205822+02:00
NSR:StopPlace:58875,Torp stasjon,2026-09-07T22:12:00+02:00,2026-09-07T22:14:17+02:00,,137.0,1,Skien,VYG:Line:RE11,Eidsvoll-Oslo S-Skien,RE11,rail,VYG:ServiceJourney:833_444413-R,True,expected,False,Færre vogner,Denne avgangen kjører dessverre med 5 vogner i stedet for 10 vogner. Dette skyldes at vi mangler et togsett.,general,normal,2026-09-08T00:20:52.129880+02:00
NSR:StopPlace:58853,Kolbotn stasjon,2026-09-07T18:18:00+02:00,2026-09-07T18:20:17+02:00,,137.0,1,Ski,VYG:Line:L2,Stabekk-Oslo S-Ski,L2,rail,VYG:ServiceJourney:2851-BES_488385-R,True,expected,False,,,,,2026-09-07T20:27:16.249662+02:00
NSR:StopPlace:474,Øyeflaten stasjon,2026-09-07T18:07:00+02:00,2026-09-07T18:09:17+02:00,,137.0,1,Myrdal,VYG:Line:R40,Bergen-Voss-Myrdal-Ål,R40,rail,VYG:ServiceJourney:1824_554550-R,True,expected,False,,,,,2026-09-07T20:27:16.249662+02:00
NSR:StopPlace:58971,Mosjøen stasjon,2026-09-07T16:18:00+02:00,2026-09-07T16:20:17+02:00,,137.0,1,Mosjøen,NOR:Line:12_3705,Mosjøen-Sandnessjøen,705,bus,NOR:ServiceJourney:3705_260506081640912_1004,True,expected,False,,,,,2026-09-07T15:44:36.205822+02:00
NSR:StopPlace:58932,Hommelvik stasjon,2026-09-07T07:43:00+02:00,2026-09-07T07:45:17+02:00,,137.0,1,Hommelvik u.skole/b.skole,ATB:Line:2_204,Hommelvik skole- Sneisen,204,bus,ATB:ServiceJourney:204_251215112543938_1,True,expected,False,,,,,2026-09-07T08:42:24.659182+02:00
NSR:StopPlace:58935,Levanger stasjon,2026-09-07T09:26:00+02:00,2026-09-07T09:28:17+02:00,,137.0,1,Nord universitet Levanger,ATB:Line:2_604,Levanger - Høgberget,604,bus,ATB:ServiceJourney:604_260106098643094_12,True,expected,False,,,,,2026-09-07T08:42:24.659182+02:00
NSR:StopPlace:58875,Torp stasjon,2026-09-07T08:12:00+02:00,2026-09-07T08:14:17+02:00,,137.0,1,Skien,VYG:Line:RE11,Eidsvoll-Oslo S-Skien,RE11,rail,VYG:ServiceJourney:805_444385-R,True,expected,False,,,,,2026-09-07T08:42:24.659182+02:00
NSR:StopPlace:59649,Nydalen stasjon,2026-09-07T17:47:00+02:00,2026-09-07T17:49:16+02:00,,136.0,1,Roa,VYG:Line:R31,Skøyen-Jaren-Gjøvik,R31,rail,VYG:ServiceJourney:BUS-227_655357-R,True,expected,False,,,,,2026-09-07T20:27:16.249662+02:00
NSR:StopPlace:58932,Hommelvik stasjon,2026-09-07T16:01:00+02:00,2026-09-07T16:03:16+02:00,,136.0,1,A Marienborg via Innherredsveien,ATB:Line:2_70,Stjørdal/Hommelvik- Trondheim,70,bus,ATB:ServiceJourney:70_251215112546989_68,True,expected,False,,,,,2026-09-07T15:44:36.205822+02:00
NSR:StopPlace:58860,Oppegård stasjon,2026-09-07T15:42:00+02:00,2026-09-07T15:44:16+02:00,,136.0,1,Ski,VYG:Line:L2,Stabekk-Oslo S-Ski,L2,rail,VYG:ServiceJourney:2741-HVK_443951-R,True,expected,False,Færre vogner,Denne avgangen kjører dessverre med 3 vogner i stedet for 6 vogner. Dette skyldes at vi mangler et togsett.,general,normal,2026-09-07T15:44:36.205822+02:00
NSR:StopPlace:58871,Sande stasjon,2026-09-07T14:24:00+02:00,2026-09-07T14:26:16+02:00,,136.0,1,Skien,VYG:Line:RE11,Eidsvoll-Oslo S-Skien,RE11,rail,VYG:ServiceJourney:819_444399-R,True,expected,False,Forsinket,Toget kjørte 4 minutter forsinket fra Oslo S. Dette skyldes en tidligere stans.,incident,normal,2026-09-07T15:44:36.205822+02:00
NSR:StopPlace:59091,Storekvina stasjon,2026-09-07T08:42:00+02:00,2026-09-07T08:44:16+02:00,,136.0,1,Oslo S,GOA:Line:50,Sørtoget region,F5,rail,GOA:ServiceJourney:706-KVB_63227-R,True,expected,False,,,,,2026-09-07T08:42:24.659182+02:00
NSR:StopPlace:62094,Lindeberg stasjon,2026-09-08T00:18:00+02:00,2026-09-08T00:20:15+02:00,,135.0,1,Drammen,VYG:Line:R13,Drammen-Oslo S-Dal,R13,rail,VYG:ServiceJourney:1678_443382-R,True,expected,False,,,,,2026-09-08T00:20:52.129880+02:00
NSR:StopPlace:58862,Strømmen stasjon,2026-09-07T05:58:00+02:00,2026-09-07T06:00:15+02:00,,135.0,1,Lørenskog sentrum,RUT:Line:385,Nittedal stasjon - Olavsgaard - Ahus,385,bus,RUT:ServiceJourney:4588219891643e38756ff84678733e7a,True,expected,False,,,,,2026-09-07T08:42:24.659182+02:00
NSR:StopPlace:59789,Skotbu stasjon,2026-09-07T23:22:00+02:00,2026-09-07T23:24:14+02:00,,134.0,1,Rakkestad,VYG:Line:R22,Skøyen-Oslo S-Mysen-Rakkestad,R22,rail,VYG:ServiceJourney:1937_443491-R,True,expected,False,,,,,2026-09-08T00:20:52.129880+02:00
NSR:StopPlace:58825,Raufoss stasjon,2026-09-07T20:56:00+02:00,2026-09-07T20:58:14+02:00,,134.0,1,Gjøvik,VYG:Line:R31,Skøyen-Jaren-Gjøvik,R31,rail,VYG:ServiceJourney:229-ROA_589352-R,True,expected,False,,,,,2026-09-07T20:27:16.249662+02:00
NSR:StopPlace:62393,Billingstad stasjon,2026-09-07T15:52:00+02:00,2026-09-07T15:54:14+02:00,,134.0,1,Asker,VYG:Line:L1,Spikkestad-Oslo S-Lillestrøm,L1,rail,VYG:ServiceJourney:2141_443549-R,True,expected,False,Færre vogner,Denne avgangen kjører dessverre med 4 vogner i stedet for 8 vogner. Dette skyldes at vi mangler et togsett.,general,normal,2026-09-07T15:44:36.205822+02:00
NSR:StopPlace:60737,Bondivann stasjon,2026-09-07T07:19:00+02:00,2026-09-07T07:21:14+02:00,,134.0,1,Spikkestad,VYG:Line:L1,Spikkestad-Oslo S-Lillestrøm,L1,rail,VYG:ServiceJourney:2207_443595-R,True,expected,False,Færre vogner,Denne avgangen kjører dessverre med 4 vogner i stedet for 8 vogner. Dette skyldes at vi mangler et togsett.,general,normal,2026-09-07T08:42:24.659182+02:00
NSR:StopPlace:60735,Gullhella stasjon,2026-09-07T07:21:00+02:00,2026-09-07T07:23:14+02:00,,134.0,1,Spikkestad,VYG:Line:L1,Spikkestad-Oslo S-Lillestrøm,L1,rail,VYG:ServiceJourney:2207_443595-R,True,expected,False,Færre vogner,Denne avgangen kjører dessverre med 4 vogner i stedet for 8 vogner. Dette skyldes at vi mangler et togsett.,general,normal,2026-09-07T08:42:24.659182+02:00
NSR:StopPlace:60735,Gullhella stasjon,2026-09-08T00:28:30+02:00,2026-09-08T00:30:43+02:00,,133.0,1,Lillestrøm,VYG:Line:L1,Spikkestad-Oslo S-Lillestrøm,L1,rail,VYG:ServiceJourney:2282_443722-R,True,expected,False,,,,,2026-09-08T03:39:50.209703+02:00
NSR:StopPlace:62393,Billingstad stasjon,2026-09-07T15:43:00+02:00,2026-09-07T15:45:13+02:00,,133.0,1,Lillestrøm,VYG:Line:L1,Spikkestad-Oslo S-Lillestrøm,L1,rail,VYG:ServiceJourney:2246_443661-R,True,expected,False,,,,,2026-09-07T15:44:36.205822+02:00
NSR:StopPlace:62392,Slependen stasjon,2026-09-07T15:45:00+02:00,2026-09-07T15:47:13+02:00,,133.0,1,Lillestrøm,VYG:Line:L1,Spikkestad-Oslo S-Lillestrøm,L1,rail,VYG:ServiceJourney:2246_443661-R,True,expected,False,,,,,2026-09-07T15:44:36.205822+02:00
NSR:StopPlace:59641,Fjellhamar stasjon,2026-09-08T00:18:00+02:00,2026-09-08T00:20:12+02:00,,132.0,1,Lillestrøm,VYG:Line:L1,Spikkestad-Oslo S-Lillestrøm,L1,rail,VYG:ServiceJourney:2176_443587-R,True,expected,False,,,,,2026-09-08T00:20:52.129880+02:00
NSR:StopPlace:58849,Hakadal stasjon,2026-09-07T16:40:00+02:00,2026-09-07T16:42:12+02:00,,132.0,1,Kongskog,RUT:Line:390,Kongskog/Hellerudhaugen - Oslo bussterminal,390,bus,RUT:ServiceJourney:48637073104de236bac48a6f90c0a3a2,True,expected,False,,,,,2026-09-07T15:44:36.205822+02:00
NSR:StopPlace:58876,Tønsberg stasjon,2026-09-07T22:31:00+02:00,2026-09-07T22:33:11+02:00,,131.0,1,Revetal-Bergsåsen,VKT:Line:500,Tønsberg-Revetal-Bergsåsen,500,bus,VKT:ServiceJourney:17033,True,expected,False,Kan oppstå forsinkelser ,Pga. veiarbeid langs Bispeveien kan det oppstå forsinkelser. Vi beklager dette. ,incident,normal,2026-09-08T00:20:52.129880+02:00
NSR:StopPlace:60737,Bondivann stasjon,2026-09-07T20:30:00+02:00,2026-09-07T20:32:11+02:00,,131.0,1,Lillestrøm,VYG:Line:L1,Spikkestad-Oslo S-Lillestrøm,L1,rail,VYG:ServiceJourney:2266_443696-R,True,expected,False,,,,,2026-09-07T20:27:16.249662+02:00
NSR:StopPlace:445,Vieren stasjon,2026-09-07T18:33:00+02:00,2026-09-07T18:35:11+02:00,,131.0,1,Myrdal,VYG:Line:R40,Bergen-Voss-Myrdal-Ål,R40,rail,VYG:ServiceJourney:1824_554550-R,True,expected,False,,,,,2026-09-07T20:27:16.249662+02:00
NSR:StopPlace:698,Skiple stasjon,2026-09-07T16:27:00+02:00,2026-09-07T16:29:11+02:00,,131.0,1,Bergen,VYG:Line:R40,Bergen-Voss-Myrdal-Ål,R40,rail,VYG:ServiceJourney:1829_445142-R,True,expected,False,Forsinket,Toget kjørte 3 minutter forsinket fra Myrdal. Dette skyldes at andre tog på strekningen er forsinket.,incident,normal,2026-09-07T20:27:16.249662+02:00
NSR:StopPlace:58873,Skoppum stasjon,2026-09-07T08:40:00+02:00,2026-09-07T08:42:11+02:00,,131.0,1,Skien,VYG:Line:RE11,Eidsvoll-Oslo S-Skien,RE11,rail,VYG:ServiceJourney:807_481326-R,True,expected,False,,,,,2026-09-07T08:42:24.659182+02:00
NSR:StopPlace:58864,Sørumsand stasjon,2026-09-07T20:30:00+02:00,2026-09-07T20:32:10+02:00,,130.0,1,Asker,VYG:Line:R14,Asker-Oslo S-Kongsvinger,R14,rail,VYG:ServiceJourney:1032_442943-R,True,expected,False,,,,,2026-09-07T20:27:16.249662+02:00
NSR:StopPlace:58861,Solbråtan stasjon,2026-09-07T18:20:00+02:00,2026-09-07T18:22:10+02:00,,130.0,1,Ski,VYG:Line:L2,Stabekk-Oslo S-Ski,L2,rail,VYG:ServiceJourney:2851-BES_488385-R,True,expected,False,,,,,2026-09-07T20:27:16.249662+02:00
NSR:StopPlace:58871,Sande stasjon,2026-09-07T16:53:00+02:00,2026-09-07T16:55:09+02:00,,129.0,1,Skien,VYG:Line:RX11,Eidsvoll-Oslo S-Skien,RX11,rail,VYG:ServiceJourney:855-LOE_444425-R,True,expected,False,,,,,2026-09-07T20:27:16.249662+02:00
NSR:StopPlace:58871,Sande stasjon,2026-09-08T00:24:00+02:00,2026-09-08T00:26:08+02:00,,128.0,1,Skien,VYG:Line:RE11,Eidsvoll-Oslo S-Skien,RE11,rail,VYG:ServiceJourney:839_541229-R,True,expected,False,,,,,2026-09-08T00:20:52.129880+02:00
NSR:StopPlace:61383,Urdland stasjon,2026-09-07T08:41:00+02:00,2026-09-07T08:43:08+02:00,,128.0,1,Myrdal,VYG:Line:R40,Bergen-Voss-Myrdal-Ål,R40,rail,VYG:ServiceJourney:1804_465739-R,True,expected,False,,,,,2026-09-07T08:42:24.659182+02:00
NSR:StopPlace:58835,Lier stasjon,2026-09-07T09:13:00+02:00,2026-09-07T09:15:08+02:00,,128.0,1,Drammen,BRA:Line:4_6073,Drammen - Reistad - Lierskogen,73,bus,BRA:ServiceJourney:6073_260415100160826_1008,True,expected,False,Fra 17/8 går linje 61-63-71-73-251-261 og skolebusser fra holdeplass ved Skutebrygga ut av byen.Les mer på brakar.no/trafikkmeldinger.,,general,normal,2026-09-07T08:42:24.659182+02:00
NSR:StopPlace:58875,Torp stasjon,2026-09-07T07:07:00+02:00,2026-09-07T07:09:08+02:00,,128.0,1,Oslo S,VYG:Line:RX11,Eidsvoll-Oslo S-Skien,RX11,rail,VYG:ServiceJourney:856-SKN_444426-R,True,expected,False,,,,,2026-09-07T08:42:24.659182+02:00
NSR:StopPlace:474,Øyeflaten stasjon,2026-09-07T08:43:00+02:00,2026-09-07T08:45:08+02:00,,128.0,1,Myrdal,VYG:Line:R40,Bergen-Voss-Myrdal-Ål,R40,rail,VYG:ServiceJourney:1804_465739-R,True,expected,False,,,,,2026-09-07T08:42:24.659182+02:00
NSR:StopPlace:61326,Gulskogen stasjon,2026-09-07T20:47:00+02:00,2026-09-07T20:49:07+02:00,,127.0,1,Kongsberg,VYG:Line:R12,Kongsberg-Oslo S-Eidsvoll,R12,rail,VYG:ServiceJourney:531_444339-R,True,expected,False,,,,,2026-09-07T20:27:16.249662+02:00
NSR:StopPlace:58921,Vennesla stasjon,2026-09-07T16:17:00+02:00,2026-09-07T16:19:07+02:00,,127.0,1,Kristiansand,AKT:Line:31,Kvadraturen - Sødal - Vennesla,31,bus,AKT:ServiceJourney:79692_222_50_115560_117960_3950001,True,expected,False,,,,,2026-09-07T15:44:36.205822+02:00
NSR:StopPlace:58921,Vennesla stasjon,2026-09-07T16:38:00+02:00,2026-09-07T16:40:07+02:00,,127.0,1,Kristiansand via Mosby,AKT:Line:30,Kvadraturen - Mosby - Vennesl,30,bus,AKT:ServiceJourney:79460_212_48_117840_120600_40001545,True,expected,False,,,,,2026-09-07T15:44:36.205822+02:00
NSR:StopPlace:58877,Bø stasjon,2026-09-07T16:12:00+02:00,2026-09-07T16:14:07+02:00,,127.0,1,Skien stasjon,TEL:Line:8181,Seljord-Bø-Skien,R1,bus,TEL:ServiceJourney:127060,True,expected,False,,,,,2026-09-07T15:44:36.205822+02:00
NSR:StopPlace:59637,Rosenholm stasjon,2026-09-07T08:46:00+02:00,2026-09-07T08:48:06+02:00,,126.0,1,Ski,VYG:Line:L2,Stabekk-Oslo S-Ski,L2,rail,VYG:ServiceJourney:2813-HVK_444025-R,True,expected,False,,,,,2026-09-07T08:42:24.659182+02:00
NSR:StopPlace:58824,Lunner stasjon,2026-09-07T22:09:00+02:00,2026-09-07T22:11:05+02:00,,125.0,1,Gjøvik,VYG:Line:R31,Skøyen-Jaren-Gjøvik,R31,rail,VYG:ServiceJourney:233-ROA_589360-R,True,expected,False,,,,,2026-09-08T00:20:52.129880+02:00
NSR:StopPlace:114,Seimsgrend stasjon,2026-09-07T15:40:00+02:00,2026-09-07T15:42:05+02:00,,125.0,1,Bergen,VYG:Line:R40,Bergen-Voss-Myrdal-Ål,R40,rail,VYG:ServiceJourney:1825_465764-R,True,expected,False,,,,,2026-09-07T15:44:36.205822+02:00
NSR:StopPlace:58834,Hokksund stasjon,2026-09-07T16:06:00+02:00,2026-09-07T16:08:04+02:00,,124.0,1,Vikersund,BRA:Line:4_6101,Drammen-Vikersund/Hønefoss,101,bus,BRA:ServiceJourney:6101_260415100161249_1035,True,expected,False,,,,,2026-09-07T15:44:36.205822+02:00
NSR:StopPlace:441,Auli stasjon,2026-09-07T08:41:00+02:00,2026-09-07T08:43:04+02:00,,124.0,1,Kongsvinger,VYG:Line:R14,Asker-Oslo S-Kongsvinger,R14,rail,VYG:ServiceJourney:1007_442912-R,True,expected,False,,,,,2026-09-07T08:42:24.659182+02:00
NSR:StopPlace:59789,Skotbu stasjon,2026-09-07T22:32:00+02:00,2026-09-07T22:34:03+02:00,,123.0,1,Oslo S,VYG:Line:R22,Skøyen-Oslo S-Mysen-Rakkestad,R22,rail,VYG:ServiceJourney:1938_443493-R,True,expected,False,,,,,2026-09-08T00:20:52.129880+02:00
NSR:StopPlace:446,Langlete stasjon,2026-09-07T20:40:00+02:00,2026-09-07T20:42:03+02:00,,123.0,1,Trondheim S,SJN:Line:25,Rørosbanen,R60,rail,SJN:ServiceJourney:2389_47883-R,True,expected,False,,,,,2026-09-07T20:27:16.249662+02:00
NSR:StopPlace:439,Ljosanbotn stasjon,2026-09-07T18:27:00+02:00,2026-09-07T18:29:03+02:00,,123.0,1,Myrdal,VYG:Line:R40,Bergen-Voss-Myrdal-Ål,R40,rail,VYG:ServiceJourney:1824_554550-R,True,expected,False,,,,,2026-09-07T20:27:16.249662+02:00
NSR:StopPlace:58926,Dale stasjon,2026-09-07T16:02:00+02:00,2026-09-07T16:04:03+02:00,,123.0,1,Bergen,VYG:Line:R40,Bergen-Voss-Myrdal-Ål,R40,rail,VYG:ServiceJourney:1825_465764-R,True,expected,False,,,,,2026-09-07T15:44:36.205822+02:00
NSR:StopPlace:58921,Vennesla stasjon,2026-09-07T08:08:00+02:00,2026-09-07T08:10:03+02:00,,123.0,1,Kristiansand via Mosby,AKT:Line:30,Kvadraturen - Mosby - Vennesl,30,bus,AKT:ServiceJourney:79448_92_48_56640_59400_40001545,True,expected,False,,,,,2026-09-07T08:42:24.659182+02:00
NSR:StopPlace:58935,Levanger stasjon,2026-09-07T08:55:00+02:00,2026-09-07T08:57:03+02:00,,123.0,1,Nord universitet Levanger,ATB:Line:2_604,Levanger - Høgberget,604,bus,ATB:ServiceJourney:604_260106098643117_10,True,expected,False,,,,,2026-09-07T08:42:24.659182+02:00
NSR:StopPlace:58876,Tønsberg stasjon,2026-09-07T06:31:00+02:00,2026-09-07T06:33:03+02:00,,123.0,1,Barkåker,VKT:Line:59,Barkåker-Tønsberg-Sandeåsen,59,bus,VKT:ServiceJourney:16060,True,expected,False,,,,,2026-09-07T08:42:24.659182+02:00
NSR:StopPlace:114,Seimsgrend stasjon,2026-09-07T06:44:00+02:00,2026-09-07T06:46:03+02:00,,123.0,1,Bergen,VYG:Line:R40,Bergen-Voss-Myrdal-Ål,R40,rail,VYG:ServiceJourney:1809_443395-R,True,expected,False,Åpnet: Bulken–Bolstadøyri,"Bulken–Bolstadøyri er åpen for togtrafikk igjen. Togene kjører, men det kan ta litt tid før de er i rute. Du må derfor regne med forsinkelser, og at enkelte avganger kan bli innstilt.",general,normal,2026-09-07T08:42:24.659182+02:00
NSR:StopPlace:58871,Sande stasjon,2026-09-07T21:24:00+02:00,2026-09-07T21:26:02+02:00,,122.0,1,Skien,VYG:Line:RE11,Eidsvoll-Oslo S-Skien,RE11,rail,VYG:ServiceJourney:833_444413-R,True,expected,False,Færre vogner,Denne avgangen kjører dessverre med 5 vogner i stedet for 10 vogner. Dette skyldes at vi mangler et togsett.,general,normal,2026-09-08T00:20:52.129880+02:00
NSR:StopPlace:59637,Rosenholm stasjon,2026-09-07T18:31:00+02:00,2026-09-07T18:33:02+02:00,,122.0,1,Ski,VYG:Line:L2,Stabekk-Oslo S-Ski,L2,rail,VYG:ServiceJourney:2753-HVK_443964-R,True,expected,False,,,,,2026-09-07T20:27:16.249662+02:00
NSR:StopPlace:61326,Gulskogen stasjon,2026-09-07T15:47:00+02:00,2026-09-07T15:49:02+02:00,,122.0,1,Kongsberg,VYG:Line:R12,Kongsberg-Oslo S-Eidsvoll,R12,rail,VYG:ServiceJourney:521_444323-R,True,expected,False,,,,,2026-09-07T15:44:36.205822+02:00
NSR:StopPlace:59637,Rosenholm stasjon,2026-09-07T08:16:00+02:00,2026-09-07T08:18:01+02:00,,121.0,1,Ski,VYG:Line:L2,Stabekk-Oslo S-Ski,L2,rail,VYG:ServiceJourney:2811-HVK_444023-R,True,expected,False,,,,,2026-09-07T08:42:24.659182+02:00
NSR:StopPlace:58847,Frogner stasjon,2026-09-08T00:21:00+02:00,2026-09-08T00:23:00+02:00,,120.0,1,Drammen,VYG:Line:R13,Drammen-Oslo S-Dal,R13,rail,VYG:ServiceJourney:1678_443382-R,True,expected,False,,,,,2026-09-08T00:20:52.129880+02:00
NSR:StopPlace:59653,Haugenstua stasjon,2026-09-07T20:25:00+02:00,2026-09-07T20:27:00+02:00,,120.0,1,Spikkestad,VYG:Line:L1,Spikkestad-Oslo S-Lillestrøm,L1,rail,VYG:ServiceJourney:2263_443691-R,True,expected,False,,,,,2026-09-07T20:27:16.249662+02:00
NSR:StopPlace:60737,Bondivann stasjon,2026-09-07T20:49:00+02:00,2026-09-07T20:51:00+02:00,,120.0,1,Spikkestad,VYG:Line:L1,Spikkestad-Oslo S-Lillestrøm,L1,rail,VYG:ServiceJourney:2261_443688-R,True,expected,False,,,,,2026-09-07T20:27:16.249662+02:00
NSR:StopPlace:60735,Gullhella stasjon,2026-09-07T19:57:00+02:00,2026-09-07T19:59:00+02:00,,120.0,1,Lillestrøm,VYG:Line:L1,Spikkestad-Oslo S-Lillestrøm,L1,rail,VYG:ServiceJourney:2264_445363-R,True,expected,False,,,,,2026-09-07T20:27:16.249662+02:00
NSR:StopPlace:60735,Gullhella stasjon,2026-09-07T20:51:00+02:00,2026-09-07T20:53:00+02:00,,120.0,1,Spikkestad,VYG:Line:L1,Spikkestad-Oslo S-Lillestrøm,L1,rail,VYG:ServiceJourney:2261_443688-R,True,expected,False,,,,,2026-09-07T20:27:16.249662+02:00
NSR:StopPlace:60131,Ed station,2026-09-07T20:25:00+02:00,2026-09-07T20:27:00+02:00,,120.0,1,Göteborg C,VYG:Line:RE20,Oslo S-Halden-Göteborg (X-Border),RE20,rail,VYG:ServiceJourney:127-397_448332-R,True,expected,False,,,,,2026-09-07T20:27:16.249662+02:00
NSR:StopPlace:59637,Rosenholm stasjon,2026-09-07T19:16:00+02:00,2026-09-07T19:18:00+02:00,,120.0,1,Ski,VYG:Line:L2,Stabekk-Oslo S-Ski,L2,rail,VYG:ServiceJourney:2855-BES_488389-R,True,expected,False,,,,,2026-09-07T20:27:16.249662+02:00
NSR:StopPlace:59637,Rosenholm stasjon,2026-09-07T20:16:00+02:00,2026-09-07T20:18:00+02:00,,120.0,1,Ski,VYG:Line:L2,Stabekk-Oslo S-Ski,L2,rail,VYG:ServiceJourney:2859-BES_488392-R,True,expected,False,,,,,2026-09-07T20:27:16.249662+02:00
NSR:StopPlace:58795,Kambo stasjon,2026-09-07T20:25:00+02:00,2026-09-07T20:27:00+02:00,,120.0,1,Moss,VYG:Line:R21,Stabekk-Oslo S-Moss,R21,rail,VYG:ServiceJourney:1159-HVK_443046-R,True,expected,False,,,,,2026-09-07T20:27:16.249662+02:00
NSR:StopPlace:61336,Trollhättan Centralstation,2026-09-07T08:44:00+02:00,2026-09-07T08:46:00+02:00,,120.0,1,Oslo S,VYG:Line:RE20,Oslo S-Halden-Göteborg (X-Border),RE20,rail,VYG:ServiceJourney:384-114_674565-R,True,expected,False,,,,,2026-09-07T08:42:24.659182+02:00
NSR:StopPlace:59653,Haugenstua stasjon,2026-09-07T08:40:00+02:00,2026-09-07T08:42:00+02:00,,120.0,1,Asker,VYG:Line:L1,Spikkestad-Oslo S-Lillestrøm,L1,rail,VYG:ServiceJourney:2115_443520-R,True,expected,False,,,,,2026-09-07T08:42:24.659182+02:00
NSR:StopPlace:60131,Ed station,2026-09-07T09:28:00+02:00,2026-09-07T09:30:00+02:00,,120.0,1,Oslo S,VYG:Line:RE20,Oslo S-Halden-Göteborg (X-Border),RE20,rail,VYG:ServiceJourney:384-114_674565-R,True,expected,False,,,,,2026-09-07T08:42:24.659182+02:00
NSR:StopPlace:58830,Brakerøya stasjon,2026-09-08T00:21:00+02:00,2026-09-08T00:22:59+02:00,,119.0,1,Drammen,VYG:Line:R13,Drammen-Oslo S-Dal,R13,rail,VYG:ServiceJourney:1674_481183-R,True,expected,False,,,,,2026-09-08T00:20:52.129880+02:00
NSR:StopPlace:62336,Knapstad stasjon,2026-09-07T22:23:00+02:00,2026-09-07T22:24:59+02:00,,119.0,1,Oslo S,VYG:Line:R22,Skøyen-Oslo S-Mysen-Rakkestad,R22,rail,VYG:ServiceJourney:1938_443493-R,True,expected,False,,,,,2026-09-08T00:20:52.129880+02:00
NSR:StopPlace:41,Hanaborg stasjon,2026-09-07T20:31:00+02:00,2026-09-07T20:32:59+02:00,,119.0,1,Lillestrøm,VYG:Line:L1,Spikkestad-Oslo S-Lillestrøm,L1,rail,VYG:ServiceJourney:2262_443690-R,True,expected,False,,,,,2026-09-07T20:27:16.249662+02:00
NSR:StopPlace:58871,Sande stasjon,2026-09-07T13:24:00+02:00,2026-09-07T13:25:58+02:00,,118.0,1,Skien,VYG:Line:RE11,Eidsvoll-Oslo S-Skien,RE11,rail,VYG:ServiceJourney:817_444397-R,True,expected,False,,,,,2026-09-07T15:44:36.205822+02:00
NSR:StopPlace:58856,Lysaker stasjon,2026-09-07T05:58:00+02:00,2026-09-07T05:59:58+02:00,,118.0,1,Nationaltheatret,RUT:Line:250,Sætre - Slemmestad - Nationaltheatret,250,bus,RUT:ServiceJourney:7ea5a6d94951ecde0d32b93819ad5984,True,expected,False,,,,,2026-09-07T08:42:24.659182+02:00
NSR:StopPlace:58861,Solbråtan stasjon,2026-09-07T06:05:00+02:00,2026-09-07T06:06:58+02:00,,118.0,1,Ski,VYG:Line:L2,Stabekk-Oslo S-Ski,L2,rail,VYG:ServiceJourney:2703-HVK_443909-R,True,expected,False,,,,,2026-09-07T08:42:24.659182+02:00
NSR:StopPlace:58871,Sande stasjon,2026-09-07T05:35:00+02:00,2026-09-07T05:36:58+02:00,,118.0,1,Eidsvoll,VYG:Line:RE11,Eidsvoll-Oslo S-Skien,RE11,rail,VYG:ServiceJourney:802_444382-R,True,expected,False,,,,,2026-09-07T08:42:24.659182+02:00
NSR:StopPlace:58871,Sande stasjon,2026-09-07T06:26:00+02:00,2026-09-07T06:27:58+02:00,,118.0,1,Skien,VYG:Line:RE11,Eidsvoll-Oslo S-Skien,RE11,rail,VYG:ServiceJourney:300-803-HHS_658721-R,True,expected,False,,,,,2026-09-07T08:42:24.659182+02:00
NSR:StopPlace:58817,Eina stasjon,2026-09-07T08:01:00+02:00,2026-09-07T08:02:58+02:00,,118.0,1,Gjøvik,INN:Line:103,Lillehammer-Gjøvik-Hønefoss,103,bus,INN:ServiceJourney:70742,True,expected,False,,,,,2026-09-07T08:42:24.659182+02:00
NSR:StopPlace:58825,Raufoss stasjon,2026-09-07T08:16:00+02:00,2026-09-07T08:17:58+02:00,,118.0,1,Gjøvik,INN:Line:103,Lillehammer-Gjøvik-Hønefoss,103,bus,INN:ServiceJourney:70742,True,expected,False,,,,,2026-09-07T08:42:24.659182+02:00
NSR:StopPlace:59958,Voss stasjon,2026-09-07T14:45:00+02:00,2026-09-07T14:46:57+02:00,,117.0,1,Lemme,SKY:Line:954,Voss - Lemme,954,bus,SKY:ServiceJourney:954-205165-21245354,True,expected,False,,,,,2026-09-07T15:44:36.205822+02:00
NSR:StopPlace:62360,Kløve stasjon,2026-09-07T14:52:00+02:00,2026-09-07T14:53:57+02:00,,117.0,1,Myrdal,VYG:Line:R40,Bergen-Voss-Myrdal-Ål,R40,rail,VYG:ServiceJourney:1818_443404-R,True,expected,False,,,,,2026-09-07T15:44:36.205822+02:00
NSR:StopPlace:58932,Hommelvik stasjon,2026-09-07T16:35:00+02:00,2026-09-07T16:36:56+02:00,,116.0,1,Stjørdal stasjon,ATB:Line:2_70,Stjørdal/Hommelvik- Trondheim,70,bus,ATB:ServiceJourney:70_251215112546979_63,True,expected,False,,,,,2026-09-07T15:44:36.205822+02:00
NSR:StopPlace:58861,Solbråtan stasjon,2026-09-07T15:20:00+02:00,2026-09-07T15:21:56+02:00,,116.0,1,Ski,VYG:Line:L2,Stabekk-Oslo S-Ski,L2,rail,VYG:ServiceJourney:2839-BES_488381-R,True,expected,False,,,,,2026-09-07T15:44:36.205822+02:00
NSR:StopPlace:151,Evanger stasjon,2026-09-07T09:25:00+02:00,2026-09-07T09:26:56+02:00,,116.0,1,Finse,VYG:Line:R40,Bergen-Voss-Myrdal-Ål,R40,rail,VYG:ServiceJourney:1848_465767-R,True,expected,False,,,,,2026-09-07T08:42:24.659182+02:00
NSR:StopPlace:58817,Eina stasjon,2026-09-07T15:44:00+02:00,2026-09-07T15:45:55+02:00,,115.0,1,Gjøvik,VYG:Line:RE30,Oslo S-Gjøvik,RE30,rail,VYG:ServiceJourney:1219-ROA_589156-R,True,expected,False,,,,,2026-09-07T15:44:36.205822+02:00
NSR:StopPlace:58918,Nodeland stasjon,2026-09-07T08:51:00+02:00,2026-09-07T08:52:54+02:00,,114.0,1,Høllen,AKT:Line:1048,Høllen - Nodelandsheia,48,bus,AKT:ServiceJourney:76987_112_22_63240_64560_1099022,True,expected,False,,,,,2026-09-07T08:42:24.659182+02:00
NSR:StopPlace:58875,Torp stasjon,2026-09-08T00:11:00+02:00,2026-09-08T00:12:53+02:00,,113.0,1,Skien,VYG:Line:RE11,Eidsvoll-Oslo S-Skien,RE11,rail,VYG:ServiceJourney:837_444417-R,True,expected,False,,,,,2026-09-08T00:20:52.129880+02:00
NSR:StopPlace:58876,Tønsberg stasjon,2026-09-07T22:36:00+02:00,2026-09-07T22:37:53+02:00,,113.0,1,Sem-Andebu,VKT:Line:510,Tønsberg-Andebu,510,bus,VKT:ServiceJourney:17149,True,expected,False,Kan oppstå forsinkelser Andebu,Pga. veiarbeid på Gravdal bru vil det kunne oppstå forsinkelser. Vi beklager ulempene. Se vkt.no/avvik for mer info ,incident,normal,2026-09-08T00:20:52.129880+02:00
NSR:StopPlace:62393,Billingstad stasjon,2026-09-08T00:22:00+02:00,2026-09-08T00:23:53+02:00,,113.0,1,Asker,VYG:Line:L1,Spikkestad-Oslo S-Lillestrøm,L1,rail,VYG:ServiceJourney:2175_443586-R,True,expected,False,,,,,2026-09-08T00:20:52.129880+02:00
NSR:StopPlace:61464,Hvalstad stasjon,2026-09-07T15:55:00+02:00,2026-09-07T15:56:53+02:00,,113.0,1,Asker,VYG:Line:L1,Spikkestad-Oslo S-Lillestrøm,L1,rail,VYG:ServiceJourney:2141_443549-R,True,expected,False,Færre vogner,Denne avgangen kjører dessverre med 4 vogner i stedet for 8 vogner. Dette skyldes at vi mangler et togsett.,general,normal,2026-09-07T15:44:36.205822+02:00
NSR:StopPlace:58839,Steinberg stasjon,2026-09-07T15:54:00+02:00,2026-09-07T15:55:53+02:00,,113.0,1,Hokksund stasjon,BRA:Line:4_6101,Drammen-Vikersund/Hønefoss,101,bus,BRA:ServiceJourney:6101_260415100161268_1073,True,expected,False,,,,,2026-09-07T15:44:36.205822+02:00
NSR:StopPlace:58876,Tønsberg stasjon,2026-09-07T06:36:00+02:00,2026-09-07T06:37:53+02:00,,113.0,1,Sandefjord-Framnes,VKT:Line:1,Horten-Tønsberg-Sandefjord,1,bus,VKT:ServiceJourney:15555,True,expected,False,,,,,2026-09-07T08:42:24.659182+02:00
NSR:StopPlace:349,Upsete stasjon,2026-09-07T18:54:00+02:00,2026-09-07T18:55:52+02:00,,112.0,1,Bergen,VYG:Line:R40,Bergen-Voss-Myrdal-Ål,R40,rail,VYG:ServiceJourney:1835_477934-R,True,expected,False,,,,,2026-09-07T20:27:16.249662+02:00
NSR:StopPlace:58869,Ås stasjon,2026-09-07T08:40:00+02:00,2026-09-07T08:41:52+02:00,,112.0,1,Moss,VYG:Line:R21,Stabekk-Oslo S-Moss,R21,rail,VYG:ServiceJourney:1113-HVK_442988-R,True,expected,False,,,,,2026-09-07T08:42:24.659182+02:00
NSR:StopPlace:59652,Tøyen stasjon,2026-09-08T00:27:00+02:00,2026-09-08T00:28:51+02:00,,111.0,1,Tonsenhagen,RUT:Line:60,Vippetangen-Tonsenhagen,60,bus,RUT:ServiceJourney:05106ddb1ccb1d73ae9d9d3533ea3a9c,True,expected,False,,,,,2026-09-08T00:20:52.129880+02:00
NSR:StopPlace:349,Upsete stasjon,2026-09-07T18:36:00+02:00,2026-09-07T18:37:51+02:00,,111.0,1,Myrdal,VYG:Line:R40,Bergen-Voss-Myrdal-Ål,R40,rail,VYG:ServiceJourney:1824_554550-R,True,expected,False,,,,,2026-09-07T20:27:16.249662+02:00
NSR:StopPlace:474,Øyeflaten stasjon,2026-09-07T14:59:00+02:00,2026-09-07T15:00:51+02:00,,111.0,1,Myrdal,VYG:Line:R40,Bergen-Voss-Myrdal-Ål,R40,rail,VYG:ServiceJourney:1818_443404-R,True,expected,False,,,,,2026-09-07T15:44:36.205822+02:00
NSR:StopPlace:698,Skiple stasjon,2026-09-07T15:02:00+02:00,2026-09-07T15:03:51+02:00,,111.0,1,Myrdal,VYG:Line:R40,Bergen-Voss-Myrdal-Ål,R40,rail,VYG:ServiceJourney:1818_443404-R,True,expected,False,,,,,2026-09-07T15:44:36.205822+02:00
NSR:StopPlace:58849,Hakadal stasjon,2026-09-07T21:05:00+02:00,2026-09-07T21:06:50+02:00,,110.0,1,Kongskog,RUT:Line:390,Kongskog/Hellerudhaugen - Oslo bussterminal,390,bus,RUT:ServiceJourney:89a3bb859a25f8d89152e5406c5ca7e1,True,expected,False,,,,,2026-09-07T20:27:16.249662+02:00
NSR:StopPlace:58847,Frogner stasjon,2026-09-07T15:43:00+02:00,2026-09-07T15:44:50+02:00,,110.0,1,Skedsmokorset,RUT:Line:365,Sørumsand - Frogner - Skedsmokorset,365,bus,RUT:ServiceJourney:6e1d007f5f496645841343ae5ae9c8fc,True,expected,False,,,,,2026-09-07T15:44:36.205822+02:00
NSR:StopPlace:58920,Snartemo stasjon,2026-09-07T06:18:00+02:00,2026-09-07T06:19:50+02:00,,110.0,1,Birkeland - Bryggeså,AKT:Line:240,Skoleruter Hægebostad,240,bus,AKT:ServiceJourney:65970_12_22_45360_46860_1072403,True,expected,False,,,,,2026-09-07T08:42:24.659182+02:00
NSR:StopPlace:58797,Mysen stasjon,2026-09-07T08:52:00+02:00,2026-09-07T08:53:50+02:00,,110.0,1,Ramstadkrysset,OST:Line:1_9,Timekspress linje 9,9,bus,OST:ServiceJourney:9_260325121472418_9002,True,expected,False,,,,,2026-09-07T08:42:24.659182+02:00
NSR:StopPlace:58851,Heggedal stasjon,2026-09-07T20:25:00+02:00,2026-09-07T20:26:49+02:00,,109.0,1,Spikkestad,VYG:Line:L1,Spikkestad-Oslo S-Lillestrøm,L1,rail,VYG:ServiceJourney:2259_443684-R,True,expected,False,,,,,2026-09-07T20:27:16.249662+02:00
NSR:StopPlace:58843,Blommenholm stasjon,2026-09-07T15:50:00+02:00,2026-09-07T15:51:49+02:00,,109.0,1,Lillestrøm,VYG:Line:L1,Spikkestad-Oslo S-Lillestrøm,L1,rail,VYG:ServiceJourney:2246_443661-R,True,expected,False,,,,,2026-09-07T15:44:36.205822+02:00
NSR:StopPlace:58849,Hakadal stasjon,2026-09-07T09:05:00+02:00,2026-09-07T09:06:49+02:00,,109.0,1,Kongskog,RUT:Line:390,Kongskog/Hellerudhaugen - Oslo bussterminal,390,bus,RUT:ServiceJourney:5790cfad9b76663838b5049f7da74655,True,expected,False,,,,,2026-09-07T08:42:24.659182+02:00
NSR:StopPlace:60077,Støren stasjon,2026-09-07T08:55:00+02:00,2026-09-07T08:56:48+02:00,,108.0,1,Støren Rådhus,ATB:Line:2_340,Trondheim - Støren,340,bus,ATB:ServiceJourney:340_260106098639853_16,True,expected,False,,,,,2026-09-07T08:42:24.659182+02:00
NSR:StopPlace:58818,Gran stasjon,2026-09-07T08:15:00+02:00,2026-09-07T08:16:48+02:00,,108.0,1,Gjøvik,VYG:Line:RE30,Oslo S-Gjøvik,RE30,rail,VYG:ServiceJourney:1205-ROA_589114-R,True,expected,False,,,,,2026-09-07T08:42:24.659182+02:00
NSR:StopPlace:59649,Nydalen stasjon,2026-09-08T00:46:00+02:00,2026-09-08T00:47:47+02:00,,107.0,1,Simensbråten,RUT:Line:23,Lysaker - Simensbråten,23,bus,RUT:ServiceJourney:be2da448ef95e9ecbb94b6bcf73da5d1,True,expected,False,,,,,2026-09-08T00:20:52.129880+02:00
NSR:StopPlace:58921,Vennesla stasjon,2026-09-07T19:23:00+02:00,2026-09-07T19:24:47+02:00,,107.0,1,Kristiansand via Mosby,AKT:Line:30,Kvadraturen - Mosby - Vennesl,30,bus,AKT:ServiceJourney:79463_242_48_137640_140400_40001545,True,expected,False,,,,,2026-09-07T20:27:16.249662+02:00
NSR:StopPlace:58838,Røyken stasjon,2026-09-07T20:29:00+02:00,2026-09-07T20:30:47+02:00,,107.0,1,Spikkestad,VYG:Line:L1,Spikkestad-Oslo S-Lillestrøm,L1,rail,VYG:ServiceJourney:2259_443684-R,True,expected,False,,,,,2026-09-07T20:27:16.249662+02:00
NSR:StopPlace:58966,Porsgrunn stasjon,2026-09-07T15:45:00+02:00,2026-09-07T15:46:47+02:00,,107.0,1,Skien,VYG:Line:RE11,Eidsvoll-Oslo S-Skien,RE11,rail,VYG:ServiceJourney:819_444399-R,True,expected,False,Heis på Porsgrunn ute av drift | Forsinket,Heisen på Porsgrunn til spor 2 er ute av drift. | Toget kjørte 4 minutter forsinket fra Oslo S. Dette skyldes en tidligere stans.,general | incident,normal | normal,2026-09-07T15:44:36.205822+02:00
NSR:StopPlace:60737,Bondivann stasjon,2026-09-07T08:49:00+02:00,2026-09-07T08:50:47+02:00,,107.0,1,Spikkestad,VYG:Line:L1,Spikkestad-Oslo S-Lillestrøm,L1,rail,VYG:ServiceJourney:2213_443605-R,True,expected,False,,,,,2026-09-07T08:42:24.659182+02:00
NSR:StopPlace:60735,Gullhella stasjon,2026-09-07T08:51:00+02:00,2026-09-07T08:52:47+02:00,,107.0,1,Spikkestad,VYG:Line:L1,Spikkestad-Oslo S-Lillestrøm,L1,rail,VYG:ServiceJourney:2213_443605-R,True,expected,False,,,,,2026-09-07T08:42:24.659182+02:00
NSR:StopPlace:58824,Lunner stasjon,2026-09-07T06:31:00+02:00,2026-09-07T06:32:47+02:00,,107.0,1,Roa,VYG:Line:RE30,Oslo S-Gjøvik,RE30,rail,VYG:ServiceJourney:1204-GJOe_589110-R,True,expected,False,,,,,2026-09-07T08:42:24.659182+02:00
NSR:StopPlace:58835,Lier stasjon,2026-09-07T15:47:00+02:00,2026-09-07T15:48:46+02:00,,106.0,1,Drammen,VYG:Line:R13,Drammen-Oslo S-Dal,R13,rail,VYG:ServiceJourney:1640_443299-R,True,expected,False,,,,,2026-09-07T15:44:36.205822+02:00
NSR:StopPlace:59952,Drammen stasjon,2026-09-07T08:43:00+02:00,2026-09-07T08:44:46+02:00,,106.0,1,Kongsberg,VYG:Line:R12,Kongsberg-Oslo S-Eidsvoll,R12,rail,VYG:ServiceJourney:507_444300-R,True,expected,False,,,,,2026-09-07T08:42:24.659182+02:00
NSR:StopPlace:62393,Billingstad stasjon,2026-09-07T08:52:00+02:00,2026-09-07T08:53:46+02:00,,106.0,1,Asker,VYG:Line:L1,Spikkestad-Oslo S-Lillestrøm,L1,rail,VYG:ServiceJourney:2113_443518-R,True,expected,False,Færre vogner,Denne avgangen kjører dessverre med 4 vogner i stedet for 8 vogner. Dette skyldes at vi mangler et togsett.,general,normal,2026-09-07T08:42:24.659182+02:00
NSR:StopPlace:59789,Skotbu stasjon,2026-09-07T19:22:00+02:00,2026-09-07T19:23:45+02:00,,105.0,1,Rakkestad,VYG:Line:R22,Skøyen-Oslo S-Mysen-Rakkestad,R22,rail,VYG:ServiceJourney:1929_443482-R,True,expected,False,,,,,2026-09-07T20:27:16.249662+02:00
NSR:StopPlace:58932,Hommelvik stasjon,2026-09-07T20:52:00+02:00,2026-09-07T20:53:45+02:00,,105.0,1,Marienborg via Brattøra,ATB:Line:2_70,Stjørdal/Hommelvik- Trondheim,70,bus,ATB:ServiceJourney:70_251215112546948_98,True,expected,False,,,,,2026-09-07T20:27:16.249662+02:00
NSR:StopPlace:58806,Evenstad stasjon,2026-09-07T16:30:00+02:00,2026-09-07T16:31:45+02:00,,105.0,1,Hamar,SJN:Line:25,Rørosbanen,R60,rail,SJN:ServiceJourney:2388_37666-R,True,expected,False,,,,,2026-09-07T15:44:36.205822+02:00
NSR:StopPlace:59789,Skotbu stasjon,2026-09-07T07:18:00+02:00,2026-09-07T07:19:45+02:00,,105.0,1,Rakkestad,VYG:Line:R22,Skøyen-Oslo S-Mysen-Rakkestad,R22,rail,VYG:ServiceJourney:1905_443439-R,True,expected,False,,,,,2026-09-07T08:42:24.659182+02:00
NSR:StopPlace:58861,Solbråtan stasjon,2026-09-07T06:50:00+02:00,2026-09-07T06:51:45+02:00,,105.0,1,Ski,VYG:Line:L2,Stabekk-Oslo S-Ski,L2,rail,VYG:ServiceJourney:2805_444017-R,True,expected,False,,,,,2026-09-07T08:42:24.659182+02:00
NSR:StopPlace:58871,Sande stasjon,2026-09-07T07:34:00+02:00,2026-09-07T07:35:45+02:00,,105.0,1,Eidsvoll,VYG:Line:RE11,Eidsvoll-Oslo S-Skien,RE11,rail,VYG:ServiceJourney:806_444386-R,True,expected,False,,,,,2026-09-07T08:42:24.659182+02:00
NSR:StopPlace:58924,Bryne stasjon,2026-09-07T15:40:00+02:00,2026-09-07T15:41:44+02:00,,104.0,1,Sandnes,KOL:Line:8_2025,62,62,bus,KOL:ServiceJourney:2025_250903083244593_2003,True,expected,False,,,,,2026-09-07T15:44:36.205822+02:00
NSR:StopPlace:58845,Eidsvoll verk stasjon,2026-09-07T08:43:00+02:00,2026-09-07T08:44:44+02:00,,104.0,1,Eidsvoll,VYG:Line:R12,Kongsberg-Oslo S-Eidsvoll,R12,rail,VYG:ServiceJourney:552_444350-R,True,expected,False,,,,,2026-09-07T08:42:24.659182+02:00
NSR:StopPlace:58888,Blakstad stasjon,2026-09-07T08:25:00+02:00,2026-09-07T08:26:44+02:00,,104.0,1,Nelaug,GOA:Line:53,Sørtoget lokal,R50,rail,GOA:ServiceJourney:2064_63017-R,True,expected,False,,,,,2026-09-07T08:42:24.659182+02:00
NSR:StopPlace:448,Vatnahalsen stasjon,2026-09-07T08:20:00+02:00,2026-09-07T08:21:44+02:00,,104.0,1,Flåm,VYG:Line:R45,Myrdal-Flåm,R45,rail,VYG:ServiceJourney:1851_465769-R,True,expected,False,,,,,2026-09-07T08:42:24.659182+02:00
NSR:StopPlace:62355,Froland stasjon,2026-09-07T08:28:00+02:00,2026-09-07T08:29:44+02:00,,104.0,1,Nelaug,GOA:Line:53,Sørtoget lokal,R50,rail,GOA:ServiceJourney:2064_63017-R,True,expected,False,,,,,2026-09-07T08:42:24.659182+02:00
NSR:StopPlace:60737,Bondivann stasjon,2026-09-07T20:19:00+02:00,2026-09-07T20:20:43+02:00,,103.0,1,Spikkestad,VYG:Line:L1,Spikkestad-Oslo S-Lillestrøm,L1,rail,VYG:ServiceJourney:2259_443684-R,True,expected,False,,,,,2026-09-07T20:27:16.249662+02:00
NSR:StopPlace:60735,Gullhella stasjon,2026-09-07T20:21:00+02:00,2026-09-07T20:22:43+02:00,,103.0,1,Spikkestad,VYG:Line:L1,Spikkestad-Oslo S-Lillestrøm,L1,rail,VYG:ServiceJourney:2259_443684-R,True,expected,False,,,,,2026-09-07T20:27:16.249662+02:00
NSR:StopPlace:58803,Tomter stasjon,2026-09-07T20:28:00+02:00,2026-09-07T20:29:43+02:00,,103.0,1,Rakkestad,VYG:Line:R22,Skøyen-Oslo S-Mysen-Rakkestad,R22,rail,VYG:ServiceJourney:1931_443485-R,True,expected,False,,,,,2026-09-07T20:27:16.249662+02:00
NSR:StopPlace:62295,Stanghelle stasjon,2026-09-07T15:51:00+02:00,2026-09-07T15:52:43+02:00,,103.0,1,Voss,VYG:Line:R40,Bergen-Voss-Myrdal-Ål,R40,rail,VYG:ServiceJourney:1822_481192-R,True,expected,False,,,,,2026-09-07T15:44:36.205822+02:00
NSR:StopPlace:58838,Røyken stasjon,2026-09-07T08:45:00+02:00,2026-09-07T08:46:43+02:00,,103.0,1,Spikkestad ungdomsskole,RUT:Line:261,Drammen - Lahell - Røyken - Sætre,261,bus,RUT:ServiceJourney:d412a19a8d747178a7c94541440e48d3,True,expected,False,Fra 17/8 går linje 61-63-71-73-251-261 og skolebusser fra holdeplass ved Skutebrygga ut av byen.Les mer på brakar.no/trafikkmeldinger.,,general,normal,2026-09-07T08:42:24.659182+02:00
NSR:StopPlace:699,Tynset stasjon,2026-09-07T09:01:00+02:00,2026-09-07T09:02:42+02:00,,102.0,1,Hamar,SJN:Line:25,Rørosbanen,R60,rail,SJN:ServiceJourney:2382_48224-R,True,expected,False,,,,,2026-09-07T08:42:24.659182+02:00
NSR:StopPlace:59789,Skotbu stasjon,2026-09-07T15:51:00+02:00,2026-09-07T15:52:41+02:00,,101.0,1,Mysen,VYG:Line:R22,Skøyen-Oslo S-Mysen-Rakkestad,R22,rail,VYG:ServiceJourney:1951_443497-R,True,expected,False,,,,,2026-09-07T15:44:36.205822+02:00
NSR:StopPlace:60016,Kråkstad stasjon,2026-09-07T15:48:00+02:00,2026-09-07T15:49:41+02:00,,101.0,1,Mysen,VYG:Line:R22,Skøyen-Oslo S-Mysen-Rakkestad,R22,rail,VYG:ServiceJourney:1951_443497-R,True,expected,False,,,,,2026-09-07T15:44:36.205822+02:00
NSR:StopPlace:58793,Askim stasjon,2026-09-07T15:48:00+02:00,2026-09-07T15:49:41+02:00,,101.0,1,Høie,OST:Line:1_477,Mysen vgs.,477,bus,OST:ServiceJourney:477_260325121473109_4,True,expected,False,,,,,2026-09-07T15:44:36.205822+02:00
NSR:StopPlace:61466,Vakås stasjon,2026-09-07T15:57:00+02:00,2026-09-07T15:58:40+02:00,,100.0,1,Asker,VYG:Line:L1,Spikkestad-Oslo S-Lillestrøm,L1,rail,VYG:ServiceJourney:2141_443549-R,True,expected,False,Færre vogner,Denne avgangen kjører dessverre med 4 vogner i stedet for 8 vogner. Dette skyldes at vi mangler et togsett.,general,normal,2026-09-07T15:44:36.205822+02:00
NSR:StopPlace:59789,Skotbu stasjon,2026-09-07T14:22:00+02:00,2026-09-07T14:23:40+02:00,,100.0,1,Rakkestad,VYG:Line:R22,Skøyen-Oslo S-Mysen-Rakkestad,R22,rail,VYG:ServiceJourney:1919_443464-R,True,expected,False,,,,,2026-09-07T15:44:36.205822+02:00
NSR:StopPlace:58838,Røyken stasjon,2026-09-07T23:29:00+02:00,2026-09-07T23:30:39+02:00,,99.0,1,Spikkestad,VYG:Line:L1,Spikkestad-Oslo S-Lillestrøm,L1,rail,VYG:ServiceJourney:2271_443704-R,True,expected,False,,,,,2026-09-08T00:20:52.129880+02:00
NSR:StopPlace:58815,Bleiken stasjon,2026-09-07T23:35:00+02:00,2026-09-07T23:36:39+02:00,,99.0,1,Gjøvik,VYG:Line:R31,Skøyen-Jaren-Gjøvik,R31,rail,VYG:ServiceJourney:235-ROA_589364-R,True,expected,False,,,,,2026-09-08T00:20:52.129880+02:00
NSR:StopPlace:58851,Heggedal stasjon,2026-09-07T20:55:00+02:00,2026-09-07T20:56:39+02:00,,99.0,1,Spikkestad,VYG:Line:L1,Spikkestad-Oslo S-Lillestrøm,L1,rail,VYG:ServiceJourney:2261_443688-R,True,expected,False,,,,,2026-09-07T20:27:16.249662+02:00
NSR:StopPlace:58919,Sira stasjon,2026-09-07T15:43:00+02:00,2026-09-07T15:44:39+02:00,,99.0,1,Flekkefjord,AKT:Line:260,Flekkefjord - Sira - Moi,260,bus,AKT:ServiceJourney:57357_112_37_107400_111780_3932604,True,expected,False,,,,,2026-09-07T15:44:36.205822+02:00
NSR:StopPlace:58805,Brumunddal stasjon,2026-09-07T15:53:00+02:00,2026-09-07T15:54:39+02:00,,99.0,1,Brumunddal,INN:Line:637,Hamar - Jessnes - Brumunddal,637,bus,INN:ServiceJourney:83301,True,expected,False,,,,,2026-09-07T15:44:36.205822+02:00
NSR:StopPlace:59639,Sonsveien stasjon,2026-09-07T08:42:00+02:00,2026-09-07T08:43:39+02:00,,99.0,1,Vestby stasjon,RUT:Line:540,Moss - Son - Vestby stasjon,540,bus,RUT:ServiceJourney:a36ef9b32122c86485ffd2cb0cc4b944,True,expected,False,,,,,2026-09-07T08:42:24.659182+02:00
NSR:StopPlace:60053,Halden stasjon,2026-09-07T09:22:00+02:00,2026-09-07T09:23:38+02:00,,98.0,1,Halden sentrum,OST:Line:1_32,Brekkerød-Stenrød,32,bus,OST:ServiceJourney:32_260325121472787_9,True,expected,False,,,,,2026-09-07T08:42:24.659182+02:00
NSR:StopPlace:58932,Hommelvik stasjon,2026-09-07T08:48:00+02:00,2026-09-07T08:49:38+02:00,,98.0,1,Stjørdal stasjon,ATB:Line:2_70,Stjørdal/Hommelvik- Trondheim,70,bus,ATB:ServiceJourney:70_251215112546900_15,True,expected,False,,,,,2026-09-07T08:42:24.659182+02:00
NSR:StopPlace:58838,Røyken stasjon,2026-09-07T08:49:00+02:00,2026-09-07T08:50:38+02:00,,98.0,1,Spikkestad ungdomsskole,RUT:Line:2033,Grimsrud -Spikkestad ungdomsskole,2033,bus,RUT:ServiceJourney:482a743c2a6ab606264a305faeb3d75b,True,expected,False,,,,,2026-09-07T08:42:24.659182+02:00
NSR:StopPlace:58811,Moelv stasjon,2026-09-07T07:32:00+02:00,2026-09-07T07:33:38+02:00,,98.0,1,Gjøvik,INN:Line:100,Hamar - Gjøvik,100,bus,INN:ServiceJourney:83454,True,expected,False,,,,,2026-09-07T08:42:24.659182+02:00
NSR:StopPlace:58824,Lunner stasjon,2026-09-07T19:09:00+02:00,2026-09-07T19:10:37+02:00,,97.0,1,Gjøvik,VYG:Line:R31,Skøyen-Jaren-Gjøvik,R31,rail,VYG:ServiceJourney:227-ROA_589347-R,True,expected,False,,,,,2026-09-07T20:27:16.249662+02:00
NSR:StopPlace:58952,Bodø stasjon,2026-09-07T15:47:00+02:00,2026-09-07T15:48:37+02:00,,97.0,1,Tverlandet,NOR:Line:12_8004,Tverlandet - Bodø sentrum - Løpsmarka,4,bus,NOR:ServiceJourney:8004_251012124900574_1027,True,expected,False,,,,,2026-09-07T15:44:36.205822+02:00
NSR:StopPlace:60053,Halden stasjon,2026-09-07T09:21:00+02:00,2026-09-07T09:22:37+02:00,,97.0,1,Sykehuset-Halden,OST:Line:1_34,Remmen-Sykehuset,34,bus,OST:ServiceJourney:34_260325121472272_7,True,expected,False,,,,,2026-09-07T08:42:24.659182+02:00
NSR:StopPlace:58947,Steinkjer stasjon,2026-09-07T09:27:00+02:00,2026-09-07T09:28:37+02:00,,97.0,1,Dampsaga,ATB:Line:2_455,Vanvikan - Leksvik - Inderøy -,455,bus,ATB:ServiceJourney:455_260106098642491_6,True,expected,False,,,,,2026-09-07T08:42:24.659182+02:00
NSR:StopPlace:58812,Os stasjon,2026-09-07T08:47:00+02:00,2026-09-07T08:48:37+02:00,,97.0,1,Røros,INN:Line:182,Tynset - Røros,182,bus,INN:ServiceJourney:74860,True,expected,False,,,,,2026-09-07T08:42:24.659182+02:00
NSR:StopPlace:58870,Holmestrand stasjon,2026-09-07T20:31:00+02:00,2026-09-07T20:32:36+02:00,,96.0,1,Skien,VYG:Line:RE11,Eidsvoll-Oslo S-Skien,RE11,rail,VYG:ServiceJourney:831_444411-R,True,expected,False,,,,,2026-09-07T20:27:16.249662+02:00
NSR:StopPlace:61383,Urdland stasjon,2026-09-07T16:16:00+02:00,2026-09-07T16:17:36+02:00,,96.0,1,Raundalen,SKY:Line:958,Voss - Raundalen,958,bus,SKY:ServiceJourney:958-205165-20043241,True,expected,False,,,,,2026-09-07T15:44:36.205822+02:00
NSR:StopPlace:58924,Bryne stasjon,2026-09-07T15:40:00+02:00,2026-09-07T15:41:36+02:00,,96.0,1,Lyefjell,KOL:Line:8_2017,50,50,bus,KOL:ServiceJourney:2017_260407061538166_2019,True,expected,False,,,,,2026-09-07T15:44:36.205822+02:00
NSR:StopPlace:59957,Klepp stasjon,2026-09-07T09:27:00+02:00,2026-09-07T09:28:36+02:00,,96.0,1,Verdalen via Kleppekrossen,KOL:Line:8_2024,59,59,bus,KOL:ServiceJourney:2024_250903083241309_2010,True,expected,False,,,,,2026-09-07T08:42:24.659182+02:00
NSR:StopPlace:58931,Fannrem stasjon,2026-09-07T08:55:00+02:00,2026-09-07T08:56:36+02:00,,96.0,1,Trondheim S via Orkanger skysst.,ATB:Line:2_310,Trondheim - Orkanger - Fannrem,310,bus,ATB:ServiceJourney:310_260106098640147_77,True,expected,False,,,,,2026-09-07T08:42:24.659182+02:00
NSR:StopPlace:58805,Brumunddal stasjon,2026-09-07T07:25:00+02:00,2026-09-07T07:26:36+02:00,,96.0,1,Nybygda,INN:Line:635,Brumunddal-Nybygda-Brumunddal,635,bus,INN:ServiceJourney:83288,True,expected,False,,,,,2026-09-07T08:42:24.659182+02:00
NSR:StopPlace:518,Bolstadøyri stasjon,2026-09-07T08:58:00+02:00,2026-09-07T08:59:36+02:00,,96.0,1,Bergen,VYG:Line:R40,Bergen-Voss-Myrdal-Ål,R40,rail,VYG:ServiceJourney:1813_443399-R,True,expected,False,Forsinket,Toget kjørte 24 minutter forsinket fra Mjølfjell. Dette skyldes at togsettet vi trenger er forsinket.,incident,normal,2026-09-07T08:42:24.659182+02:00
NSR:StopPlace:60737,Bondivann stasjon,2026-09-07T23:19:00+02:00,2026-09-07T23:20:35+02:00,,95.0,1,Spikkestad,VYG:Line:L1,Spikkestad-Oslo S-Lillestrøm,L1,rail,VYG:ServiceJourney:2271_443704-R,True,expected,False,,,,,2026-09-08T00:20:52.129880+02:00
NSR:StopPlace:60735,Gullhella stasjon,2026-09-07T23:21:00+02:00,2026-09-07T23:22:35+02:00,,95.0,1,Spikkestad,VYG:Line:L1,Spikkestad-Oslo S-Lillestrøm,L1,rail,VYG:ServiceJourney:2271_443704-R,True,expected,False,,,,,2026-09-08T00:20:52.129880+02:00
NSR:StopPlace:271,Lademoen stasjon,2026-09-07T21:19:00+02:00,2026-09-07T21:20:35+02:00,,95.0,1,Steinkjer,SJN:Line:26,Trønderbanen,R70,rail,SJN:ServiceJourney:453_56082-R,True,expected,False,,,,,2026-09-08T00:20:52.129880+02:00
NSR:StopPlace:59641,Fjellhamar stasjon,2026-09-07T20:33:00+02:00,2026-09-07T20:34:35+02:00,,95.0,1,Lillestrøm,VYG:Line:L1,Spikkestad-Oslo S-Lillestrøm,L1,rail,VYG:ServiceJourney:2262_443690-R,True,expected,False,,,,,2026-09-07T20:27:16.249662+02:00
NSR:StopPlace:58808,Kongsvinger stasjon,2026-09-07T20:28:00+02:00,2026-09-07T20:29:35+02:00,,95.0,1,Rasta - Vennersberg,INN:Line:81,Bogeråsen - Rasta,B81,bus,INN:ServiceJourney:54327,True,expected,False,,,,,2026-09-07T20:27:16.249662+02:00
NSR:StopPlace:60737,Bondivann stasjon,2026-09-07T07:49:00+02:00,2026-09-07T07:50:35+02:00,,95.0,1,Spikkestad,VYG:Line:L1,Spikkestad-Oslo S-Lillestrøm,L1,rail,VYG:ServiceJourney:2209_443598-R,True,expected,False,,,,,2026-09-07T08:42:24.659182+02:00
NSR:StopPlace:60737,Bondivann stasjon,2026-09-07T08:19:00+02:00,2026-09-07T08:20:35+02:00,,95.0,1,Spikkestad,VYG:Line:L1,Spikkestad-Oslo S-Lillestrøm,L1,rail,VYG:ServiceJourney:2211_443602-R,True,expected,False,,,,,2026-09-07T08:42:24.659182+02:00
NSR:StopPlace:60735,Gullhella stasjon,2026-09-07T07:51:00+02:00,2026-09-07T07:52:35+02:00,,95.0,1,Spikkestad,VYG:Line:L1,Spikkestad-Oslo S-Lillestrøm,L1,rail,VYG:ServiceJourney:2209_443598-R,True,expected,False,,,,,2026-09-07T08:42:24.659182+02:00
NSR:StopPlace:60735,Gullhella stasjon,2026-09-07T08:21:00+02:00,2026-09-07T08:22:35+02:00,,95.0,1,Spikkestad,VYG:Line:L1,Spikkestad-Oslo S-Lillestrøm,L1,rail,VYG:ServiceJourney:2211_443602-R,True,expected,False,,,,,2026-09-07T08:42:24.659182+02:00
NSR:StopPlace:58871,Sande stasjon,2026-09-07T16:34:00+02:00,2026-09-07T16:35:34+02:00,,94.0,1,Eidsvoll,VYG:Line:RE11,Eidsvoll-Oslo S-Skien,RE11,rail,VYG:ServiceJourney:824_444404-R,True,expected,False,,,,,2026-09-07T20:27:16.249662+02:00
NSR:StopPlace:58818,Gran stasjon,2026-09-07T15:15:00+02:00,2026-09-07T15:16:34+02:00,,94.0,1,Gjøvik,VYG:Line:RE30,Oslo S-Gjøvik,RE30,rail,VYG:ServiceJourney:1219-ROA_589156-R,True,expected,False,,,,,2026-09-07T15:44:36.205822+02:00
NSR:StopPlace:62308,Alna stasjon,2026-09-07T15:48:00+02:00,2026-09-07T15:49:34+02:00,,94.0,1,Lillestrøm,VYG:Line:L1,Spikkestad-Oslo S-Lillestrøm,L1,rail,VYG:ServiceJourney:2244_445341-R,True,expected,False,,,,,2026-09-07T15:44:36.205822+02:00
NSR:StopPlace:58865,Vestby stasjon,2026-09-07T08:45:00+02:00,2026-09-07T08:46:34+02:00,,94.0,1,Moss,VYG:Line:R21,Stabekk-Oslo S-Moss,R21,rail,VYG:ServiceJourney:1113-HVK_442988-R,True,expected,False,,,,,2026-09-07T08:42:24.659182+02:00
NSR:StopPlace:6,Greverud stasjon,2026-09-07T18:25:00+02:00,2026-09-07T18:26:33+02:00,,93.0,1,Ski,VYG:Line:L2,Stabekk-Oslo S-Ski,L2,rail,VYG:ServiceJourney:2851-BES_488385-R,True,expected,False,,,,,2026-09-07T20:27:16.249662+02:00
NSR:StopPlace:60737,Bondivann stasjon,2026-09-07T17:00:00+02:00,2026-09-07T17:01:33+02:00,,93.0,1,Lillestrøm,VYG:Line:L1,Spikkestad-Oslo S-Lillestrøm,L1,rail,VYG:ServiceJourney:2252_445350-R,True,expected,False,,,,,2026-09-07T20:27:16.249662+02:00
NSR:StopPlace:59638,Myrvoll stasjon,2026-09-07T18:23:00+02:00,2026-09-07T18:24:33+02:00,,93.0,1,Ski,VYG:Line:L2,Stabekk-Oslo S-Ski,L2,rail,VYG:ServiceJourney:2851-BES_488385-R,True,expected,False,,,,,2026-09-07T20:27:16.249662+02:00
NSR:StopPlace:58815,Bleiken stasjon,2026-09-07T15:48:00+02:00,2026-09-07T15:49:33+02:00,,93.0,1,Hennung via Skari,INN:Line:454,Brandbu-Hennung,454,bus,INN:ServiceJourney:71363,True,expected,False,,,,,2026-09-07T15:44:36.205822+02:00
NSR:StopPlace:58884,Skien stasjon,2026-09-07T07:28:00+02:00,2026-09-07T07:29:33+02:00,,93.0,1,Siljan,TEL:Line:8047,Siljan-Skien-Åfoss,P7,bus,TEL:ServiceJourney:127421,True,expected,False,,,,,2026-09-07T08:42:24.659182+02:00
NSR:StopPlace:62336,Knapstad stasjon,2026-09-07T06:20:00+02:00,2026-09-07T06:21:33+02:00,,93.0,1,Rakkestad,VYG:Line:R22,Skøyen-Oslo S-Mysen-Rakkestad,R22,rail,VYG:ServiceJourney:1903_443437-R,True,expected,False,,,,,2026-09-07T08:42:24.659182+02:00
NSR:StopPlace:61464,Hvalstad stasjon,2026-09-08T00:25:00+02:00,2026-09-08T00:26:32+02:00,,92.0,1,Asker,VYG:Line:L1,Spikkestad-Oslo S-Lillestrøm,L1,rail,VYG:ServiceJourney:2175_443586-R,True,expected,False,,,,,2026-09-08T00:20:52.129880+02:00
NSR:StopPlace:58869,Ås stasjon,2026-09-07T15:45:00+02:00,2026-09-07T15:46:32+02:00,,92.0,1,Stabekk,VYG:Line:R21,Stabekk-Oslo S-Moss,R21,rail,VYG:ServiceJourney:1146-MOS_443025-R,True,expected,False,,,,,2026-09-07T15:44:36.205822+02:00
NSR:StopPlace:58808,Kongsvinger stasjon,2026-09-07T15:58:00+02:00,2026-09-07T15:59:32+02:00,,92.0,1,Sykehuset - Bogeråsen,INN:Line:81,Bogeråsen - Rasta,B81,bus,INN:ServiceJourney:54317,True,expected,False,,,,,2026-09-07T15:44:36.205822+02:00
NSR:StopPlace:58818,Gran stasjon,2026-09-07T15:34:00+02:00,2026-09-07T15:35:32+02:00,,92.0,1,Brandbu via Grymyr,INN:Line:456,Gran-Grymyr,456,bus,INN:ServiceJourney:84269,True,expected,False,,,,,2026-09-07T15:44:36.205822+02:00
NSR:StopPlace:58861,Solbråtan stasjon,2026-09-07T08:20:00+02:00,2026-09-07T08:21:32+02:00,,92.0,1,Ski,VYG:Line:L2,Stabekk-Oslo S-Ski,L2,rail,VYG:ServiceJourney:2811-HVK_444023-R,True,expected,False,,,,,2026-09-07T08:42:24.659182+02:00
NSR:StopPlace:58886,Arendal stasjon,2026-09-07T08:52:00+02:00,2026-09-07T08:53:32+02:00,,92.0,1,Arendal sentrum,AKT:Line:101,Eydehavn-Arendal-Grimstad N/S,101,bus,AKT:ServiceJourney:71737_151_32_61800_63180_3911100,True,expected,False,,,,,2026-09-07T08:42:24.659182+02:00
NSR:StopPlace:62336,Knapstad stasjon,2026-09-07T08:32:00+02:00,2026-09-07T08:33:32+02:00,,92.0,1,Rakkestad,VYG:Line:R22,Skøyen-Oslo S-Mysen-Rakkestad,R22,rail,VYG:ServiceJourney:1907_443443-R,True,expected,False,,,,,2026-09-07T08:42:24.659182+02:00
NSR:StopPlace:59789,Skotbu stasjon,2026-09-07T22:22:00+02:00,2026-09-07T22:23:31+02:00,,91.0,1,Rakkestad,VYG:Line:R22,Skøyen-Oslo S-Mysen-Rakkestad,R22,rail,VYG:ServiceJourney:1935_443489-R,True,expected,False,,,,,2026-09-08T00:20:52.129880+02:00
NSR:StopPlace:58839,Steinberg stasjon,2026-09-07T15:44:00+02:00,2026-09-07T15:45:31+02:00,,91.0,1,Mjøndalen - Hovjordet,BRA:Line:4_6139,Drammen - Åmot - Hønefoss,139,bus,BRA:ServiceJourney:6139_260415100161336_1015,True,expected,False,,,,,2026-09-07T15:44:36.205822+02:00
NSR:StopPlace:58871,Sande stasjon,2026-09-07T16:10:00+02:00,2026-09-07T16:11:31+02:00,,91.0,1,Skafjell-Selvik skole,VKT:Line:10,Drammen-Skoger-Sande,10,bus,VKT:ServiceJourney:104160,True,expected,False,,,,,2026-09-07T15:44:36.205822+02:00
NSR:StopPlace:58893,Grovane stasjon,2026-09-07T15:50:00+02:00,2026-09-07T15:51:31+02:00,,91.0,1,Iveland - korr. Engesland,AKT:Line:173,Iveland-Vennesla,173,bus,AKT:ServiceJourney:70195_42_29_113400_115500_3911733,True,expected,False,,,,,2026-09-07T15:44:36.205822+02:00
NSR:StopPlace:59243,Mo i Rana stasjon,2026-09-07T08:57:00+02:00,2026-09-07T08:58:31+02:00,,91.0,1,Skillevollen,NOR:Line:12_8371,Grubbåsen - Båsmobakken/Skillevollen,1,bus,NOR:ServiceJourney:8371_251012124858486_1012,True,expected,False,,,,,2026-09-07T08:42:24.659182+02:00
NSR:StopPlace:59243,Mo i Rana stasjon,2026-09-07T09:12:00+02:00,2026-09-07T09:13:31+02:00,,91.0,1,Båsmobakken,NOR:Line:12_8371,Grubbåsen - Båsmobakken/Skillevollen,1,bus,NOR:ServiceJourney:8371_251012124858513_1013,True,expected,False,,,,,2026-09-07T08:42:24.659182+02:00
NSR:StopPlace:58824,Lunner stasjon,2026-09-07T08:31:00+02:00,2026-09-07T08:32:30+02:00,,90.0,1,Roa,VYG:Line:RE30,Oslo S-Gjøvik,RE30,rail,VYG:ServiceJourney:1208-GJOe_589122-R,True,expected,False,,,,,2026-09-07T08:42:24.659182+02:00
NSR:StopPlace:58802,Spydeberg stasjon,2026-09-07T16:15:00+02:00,2026-09-07T16:16:29+02:00,,89.0,1,Delet,OST:Line:1_409,Askim-Spydeberg,409,bus,OST:ServiceJourney:409_260325121471819_7,True,expected,False,,,,,2026-09-07T15:44:36.205822+02:00
NSR:StopPlace:59789,Skotbu stasjon,2026-09-07T06:10:00+02:00,2026-09-07T06:11:29+02:00,,89.0,1,Rakkestad,VYG:Line:R22,Skøyen-Oslo S-Mysen-Rakkestad,R22,rail,VYG:ServiceJourney:1903_443437-R,True,expected,False,,,,,2026-09-07T08:42:24.659182+02:00
NSR:StopPlace:58930,Larvik stasjon,2026-09-07T07:55:00+02:00,2026-09-07T07:56:29+02:00,,89.0,1,Thor Heyerdahl vgs,VKT:Line:800,Larvik-Kvelde-Svarstad,800,bus,VKT:ServiceJourney:18319,True,expected,False,,,,,2026-09-07T08:42:24.659182+02:00
NSR:StopPlace:58818,Gran stasjon,2026-09-07T07:25:00+02:00,2026-09-07T07:26:29+02:00,,89.0,1,Roa,VYG:Line:RE30,Oslo S-Gjøvik,RE30,rail,VYG:ServiceJourney:1206-GJOe_589116-R,True,expected,False,,,,,2026-09-07T08:42:24.659182+02:00
NSR:StopPlace:101,Sagdalen stasjon,2026-09-07T20:37:00+02:00,2026-09-07T20:38:28+02:00,,88.0,1,Lillestrøm,VYG:Line:L1,Spikkestad-Oslo S-Lillestrøm,L1,rail,VYG:ServiceJourney:2262_443690-R,True,expected,False,,,,,2026-09-07T20:27:16.249662+02:00
NSR:StopPlace:445,Vieren stasjon,2026-09-07T18:57:00+02:00,2026-09-07T18:58:28+02:00,,88.0,1,Bergen,VYG:Line:R40,Bergen-Voss-Myrdal-Ål,R40,rail,VYG:ServiceJourney:1835_477934-R,True,expected,False,,,,,2026-09-07T20:27:16.249662+02:00
NSR:StopPlace:61413,Heia stasjon,2026-09-07T14:48:00+02:00,2026-09-07T14:49:28+02:00,,88.0,1,Oslo S,VYG:Line:R22,Skøyen-Oslo S-Mysen-Rakkestad,R22,rail,VYG:ServiceJourney:1924_443474-R,True,expected,False,,,,,2026-09-07T15:44:36.205822+02:00
NSR:StopPlace:58825,Raufoss stasjon,2026-09-07T20:45:00+02:00,2026-09-07T20:46:27+02:00,,87.0,1,Gjøvik-Kapp,INN:Line:46,Lena-Raufoss-Gjøvik-Kapp-Lena,B46,bus,INN:ServiceJourney:76847,True,expected,False,,,,,2026-09-07T20:27:16.249662+02:00
NSR:StopPlace:698,Skiple stasjon,2026-09-07T18:11:00+02:00,2026-09-07T18:12:27+02:00,,87.0,1,Myrdal,VYG:Line:R40,Bergen-Voss-Myrdal-Ål,R40,rail,VYG:ServiceJourney:1824_554550-R,True,expected,False,,,,,2026-09-07T20:27:16.249662+02:00
NSR:StopPlace:59646,Høvik stasjon,2026-09-07T15:56:00+02:00,2026-09-07T15:57:27+02:00,,87.0,1,Spikkestad,VYG:Line:L1,Spikkestad-Oslo S-Lillestrøm,L1,rail,VYG:ServiceJourney:2243_443656-R,True,expected,False,,,,,2026-09-07T15:44:36.205822+02:00
NSR:StopPlace:58843,Blommenholm stasjon,2026-09-07T15:58:00+02:00,2026-09-07T15:59:27+02:00,,87.0,1,Spikkestad,VYG:Line:L1,Spikkestad-Oslo S-Lillestrøm,L1,rail,VYG:ServiceJourney:2243_443656-R,True,expected,False,,,,,2026-09-07T15:44:36.205822+02:00
NSR:StopPlace:58948,Stjørdal stasjon,2026-09-07T07:59:00+02:00,2026-09-07T08:00:27+02:00,,87.0,1,Ler,SJN:Line:26,Trønderbanen,R70,rail,SJN:ServiceJourney:424_56053-R,True,expected,False,,,,,2026-09-07T08:42:24.659182+02:00
NSR:StopPlace:58871,Sande stasjon,2026-09-07T21:34:00+02:00,2026-09-07T21:35:26+02:00,,86.0,1,Eidsvoll,VYG:Line:RE11,Eidsvoll-Oslo S-Skien,RE11,rail,VYG:ServiceJourney:834_444414-R,True,expected,False,,,,,2026-09-08T00:20:52.129880+02:00
NSR:StopPlace:61460,Flaten stasjon,2026-09-07T20:41:00+02:00,2026-09-07T20:42:26+02:00,,86.0,1,Nelaug,GOA:Line:53,Sørtoget lokal,R50,rail,GOA:ServiceJourney:2076_63029-R,True,expected,False,,,,,2026-09-07T20:27:16.249662+02:00
NSR:StopPlace:61696,Lunden stasjon,2026-09-07T19:12:00+02:00,2026-09-07T19:13:26+02:00,,86.0,1,Flåm,VYG:Line:R45,Myrdal-Flåm,R45,rail,VYG:ServiceJourney:1867_465788-R,True,expected,False,,,,,2026-09-07T20:27:16.249662+02:00
NSR:StopPlace:439,Ljosanbotn stasjon,2026-09-07T15:22:00+02:00,2026-09-07T15:23:26+02:00,,86.0,1,Myrdal,VYG:Line:R40,Bergen-Voss-Myrdal-Ål,R40,rail,VYG:ServiceJourney:1818_443404-R,True,expected,False,,,,,2026-09-07T15:44:36.205822+02:00
NSR:StopPlace:58869,Ås stasjon,2026-09-07T08:45:00+02:00,2026-09-07T08:46:26+02:00,,86.0,1,Stabekk,VYG:Line:R21,Stabekk-Oslo S-Moss,R21,rail,VYG:ServiceJourney:1118-MOS_442993-R,True,expected,False,,,,,2026-09-07T08:42:24.659182+02:00
NSR:StopPlace:58876,Tønsberg stasjon,2026-09-07T07:16:00+02:00,2026-09-07T07:17:26+02:00,,86.0,1,Sem-Andebu,VKT:Line:510,Tønsberg-Andebu,510,bus,VKT:ServiceJourney:17133,True,expected,False,Kan oppstå forsinkelser Andebu,Pga. veiarbeid på Gravdal bru vil det kunne oppstå forsinkelser. Vi beklager ulempene. Se vkt.no/avvik for mer info ,incident,normal,2026-09-07T08:42:24.659182+02:00
NSR:StopPlace:58825,Raufoss stasjon,2026-09-07T05:45:00+02:00,2026-09-07T05:46:26+02:00,,86.0,1,Roa,VYG:Line:RE30,Oslo S-Gjøvik,RE30,rail,VYG:ServiceJourney:1204-GJOe_589110-R,True,expected,False,,,,,2026-09-07T08:42:24.659182+02:00
NSR:StopPlace:58866,Vevelstad stasjon,2026-09-07T18:29:00+02:00,2026-09-07T18:30:25+02:00,,85.0,1,Ski,VYG:Line:L2,Stabekk-Oslo S-Ski,L2,rail,VYG:ServiceJourney:2851-BES_488385-R,True,expected,False,,,,,2026-09-07T20:27:16.249662+02:00
NSR:StopPlace:58860,Oppegård stasjon,2026-09-07T18:27:00+02:00,2026-09-07T18:28:25+02:00,,85.0,1,Ski,VYG:Line:L2,Stabekk-Oslo S-Ski,L2,rail,VYG:ServiceJourney:2851-BES_488385-R,True,expected,False,,,,,2026-09-07T20:27:16.249662+02:00
NSR:StopPlace:61464,Hvalstad stasjon,2026-09-07T08:55:00+02:00,2026-09-07T08:56:25+02:00,,85.0,1,Asker,VYG:Line:L1,Spikkestad-Oslo S-Lillestrøm,L1,rail,VYG:ServiceJourney:2113_443518-R,True,expected,False,Færre vogner,Denne avgangen kjører dessverre med 4 vogner i stedet for 8 vogner. Dette skyldes at vi mangler et togsett.,general,normal,2026-09-07T08:42:24.659182+02:00
NSR:StopPlace:58932,Hommelvik stasjon,2026-09-07T08:56:00+02:00,2026-09-07T08:57:25+02:00,,85.0,1,A Marienborg via Innherredsveien,ATB:Line:2_70,Stjørdal/Hommelvik- Trondheim,70,bus,ATB:ServiceJourney:70_251215112546919_32,True,expected,False,,,,,2026-09-07T08:42:24.659182+02:00
NSR:StopPlace:62369,Lilleby stasjon,2026-09-07T08:37:00+02:00,2026-09-07T08:38:25+02:00,,85.0,1,Ler,SJN:Line:26,Trønderbanen,R70,rail,SJN:ServiceJourney:424_56053-R,True,expected,False,,,,,2026-09-07T08:42:24.659182+02:00
NSR:StopPlace:59643,Grefsen stasjon,2026-09-07T22:08:00+02:00,2026-09-07T22:09:24+02:00,,84.0,1,Oslo lufthavn,NBU:Line:cb7b555c-f96e-42d5-84bf-a5e08c0145c2,Radiumhospitalet via Økern-Storo-Tåsen,FB3,bus,NBU:ServiceJourney:ea0920bb-8861-4232-9ec0-137632c2da9b,True,expected,False,,,,,2026-09-08T00:20:52.129880+02:00
NSR:StopPlace:439,Ljosanbotn stasjon,2026-09-07T19:03:00+02:00,2026-09-07T19:04:24+02:00,,84.0,1,Bergen,VYG:Line:R40,Bergen-Voss-Myrdal-Ål,R40,rail,VYG:ServiceJourney:1835_477934-R,True,expected,False,,,,,2026-09-07T20:27:16.249662+02:00
NSR:StopPlace:62308,Alna stasjon,2026-09-07T15:47:00+02:00,2026-09-07T15:48:24+02:00,,84.0,1,Asker,VYG:Line:L1,Spikkestad-Oslo S-Lillestrøm,L1,rail,VYG:ServiceJourney:2143_443551-R,True,expected,False,,,,,2026-09-07T15:44:36.205822+02:00
NSR:StopPlace:58871,Sande stasjon,2026-09-07T22:34:00+02:00,2026-09-07T22:35:23+02:00,,83.0,1,Eidsvoll,VYG:Line:RE11,Eidsvoll-Oslo S-Skien,RE11,rail,VYG:ServiceJourney:836_444416-R,True,expected,False,,,,,2026-09-08T00:20:52.129880+02:00
NSR:StopPlace:362,Jåttåvågen stasjon,2026-09-07T15:47:00+02:00,2026-09-07T15:48:23+02:00,,83.0,1,Skeiane,GOA:Line:59,Jærbanen,L5,rail,GOA:ServiceJourney:3144_63189-R,True,expected,False,,,,,2026-09-07T15:44:36.205822+02:00
NSR:StopPlace:206,Mariero stasjon,2026-09-07T15:44:00+02:00,2026-09-07T15:45:23+02:00,,83.0,1,Skeiane,GOA:Line:59,Jærbanen,L5,rail,GOA:ServiceJourney:3144_63189-R,True,expected,False,,,,,2026-09-07T15:44:36.205822+02:00
NSR:StopPlace:702,Sandnes sentrum stasjon,2026-09-07T15:55:00+02:00,2026-09-07T15:56:23+02:00,,83.0,1,Skeiane,GOA:Line:59,Jærbanen,L5,rail,GOA:ServiceJourney:3144_63189-R,True,expected,False,,,,,2026-09-07T15:44:36.205822+02:00
NSR:StopPlace:58874,Stokke stasjon,2026-09-07T20:37:00+02:00,2026-09-07T20:38:22+02:00,,82.0,1,Sørby,VKT:Line:520,Tønsberg-Stokke,520,bus,VKT:ServiceJourney:17253,True,expected,False,,,,,2026-09-07T20:27:16.249662+02:00
NSR:StopPlace:291,Nisterud stasjon,2026-09-07T15:04:00+02:00,2026-09-07T15:05:22+02:00,,82.0,1,Notodden,VYG:Line:R55,Porsgrunn-Notodden,R55,rail,VYG:ServiceJourney:2482_443752-R,True,expected,False,,,,,2026-09-07T15:44:36.205822+02:00
NSR:StopPlace:6,Greverud stasjon,2026-09-07T08:55:00+02:00,2026-09-07T08:56:22+02:00,,82.0,1,Ski,VYG:Line:L2,Stabekk-Oslo S-Ski,L2,rail,VYG:ServiceJourney:2813-HVK_444025-R,True,expected,False,,,,,2026-09-07T08:42:24.659182+02:00
NSR:StopPlace:60735,Gullhella stasjon,2026-09-07T06:27:00+02:00,2026-09-07T06:28:22+02:00,,82.0,1,Lillestrøm,VYG:Line:L1,Spikkestad-Oslo S-Lillestrøm,L1,rail,VYG:ServiceJourney:2210_443601-R,True,expected,False,Færre vogner,Denne avgangen kjører dessverre med 4 vogner i stedet for 8 vogner. Dette skyldes at vi mangler et togsett.,general,normal,2026-09-07T08:42:24.659182+02:00
NSR:StopPlace:61413,Heia stasjon,2026-09-08T00:05:00+02:00,2026-09-08T00:06:21+02:00,,81.0,1,Rakkestad,VYG:Line:R22,Skøyen-Oslo S-Mysen-Rakkestad,R22,rail,VYG:ServiceJourney:1937_443491-R,True,expected,False,,,,,2026-09-08T00:20:52.129880+02:00
NSR:StopPlace:62378,Røstad stasjon,2026-09-07T22:43:00+02:00,2026-09-07T22:44:21+02:00,,81.0,1,Steinkjer,SJN:Line:26,Trønderbanen,R70,rail,SJN:ServiceJourney:453_56082-R,True,expected,False,,,,,2026-09-08T00:20:52.129880+02:00
NSR:StopPlace:58936,Skatval stasjon,2026-09-07T15:58:00+02:00,2026-09-07T15:59:21+02:00,,81.0,1,Øvre Langstein,ATB:Line:2_7702,Langstein - Skatval - Halsen,7702,bus,ATB:ServiceJourney:7702_260106098642009_13,True,expected,False,,,,,2026-09-07T15:44:36.205822+02:00
NSR:StopPlace:58825,Raufoss stasjon,2026-09-07T15:45:00+02:00,2026-09-07T15:46:21+02:00,,81.0,1,Gjøvik-Kapp,INN:Line:46,Lena-Raufoss-Gjøvik-Kapp-Lena,B46,bus,INN:ServiceJourney:76839,True,expected,False,,,,,2026-09-07T15:44:36.205822+02:00
NSR:StopPlace:6,Greverud stasjon,2026-09-07T06:10:00+02:00,2026-09-07T06:11:21+02:00,,81.0,1,Ski,VYG:Line:L2,Stabekk-Oslo S-Ski,L2,rail,VYG:ServiceJourney:2703-HVK_443909-R,True,expected,False,,,,,2026-09-07T08:42:24.659182+02:00
NSR:StopPlace:58871,Sande stasjon,2026-09-07T22:24:00+02:00,2026-09-07T22:25:20+02:00,,80.0,1,Skien,VYG:Line:RE11,Eidsvoll-Oslo S-Skien,RE11,rail,VYG:ServiceJourney:835_444415-R,True,expected,False,,,,,2026-09-08T00:20:52.129880+02:00
NSR:StopPlace:62335,Eidsberg stasjon,2026-09-08T00:01:00+02:00,2026-09-08T00:02:20+02:00,,80.0,1,Rakkestad,VYG:Line:R22,Skøyen-Oslo S-Mysen-Rakkestad,R22,rail,VYG:ServiceJourney:1937_443491-R,True,expected,False,,,,,2026-09-08T00:20:52.129880+02:00
NSR:StopPlace:62456,Kvitfjell stasjon,2026-09-07T12:11:00+02:00,2026-09-07T12:12:20+02:00,,80.0,1,Oslo S,SJN:Line:21,Dovrebanen,F6,rail,SJN:ServiceJourney:42-TND_47981-R,True,expected,False,,,,,2026-09-07T15:44:36.205822+02:00
NSR:StopPlace:61466,Vakås stasjon,2026-09-08T00:27:00+02:00,2026-09-08T00:28:19+02:00,,79.0,1,Asker,VYG:Line:L1,Spikkestad-Oslo S-Lillestrøm,L1,rail,VYG:ServiceJourney:2175_443586-R,True,expected,False,,,,,2026-09-08T00:20:52.129880+02:00
NSR:StopPlace:60053,Halden stasjon,2026-09-07T21:22:00+02:00,2026-09-07T21:23:19+02:00,,79.0,1,Halden sentrum,OST:Line:1_32,Brekkerød-Stenrød,32,bus,OST:ServiceJourney:32_260325121472784_33,True,expected,False,,,,,2026-09-07T20:27:16.249662+02:00
NSR:StopPlace:58921,Vennesla stasjon,2026-09-07T18:23:00+02:00,2026-09-07T18:24:19+02:00,,79.0,1,Kristiansand via Mosby,AKT:Line:30,Kvadraturen - Mosby - Vennesl,30,bus,AKT:ServiceJourney:79462_232_48_130440_133200_40001545,True,expected,False,,,,,2026-09-07T20:27:16.249662+02:00
NSR:StopPlace:474,Øyeflaten stasjon,2026-09-07T16:31:00+02:00,2026-09-07T16:32:19+02:00,,79.0,1,Bergen,VYG:Line:R40,Bergen-Voss-Myrdal-Ål,R40,rail,VYG:ServiceJourney:1829_445142-R,True,expected,False,Forsinket,Toget kjørte 3 minutter forsinket fra Myrdal. Dette skyldes at andre tog på strekningen er forsinket.,incident,normal,2026-09-07T20:27:16.249662+02:00
NSR:StopPlace:62335,Eidsberg stasjon,2026-09-07T20:03:00+02:00,2026-09-07T20:04:19+02:00,,79.0,1,Rakkestad,VYG:Line:R22,Skøyen-Oslo S-Mysen-Rakkestad,R22,rail,VYG:ServiceJourney:1929_443482-R,True,expected,False,,,,,2026-09-07T20:27:16.249662+02:00
NSR:StopPlace:6,Greverud stasjon,2026-09-07T15:25:00+02:00,2026-09-07T15:26:19+02:00,,79.0,1,Ski,VYG:Line:L2,Stabekk-Oslo S-Ski,L2,rail,VYG:ServiceJourney:2839-BES_488381-R,True,expected,False,,,,,2026-09-07T15:44:36.205822+02:00
NSR:StopPlace:60737,Bondivann stasjon,2026-09-08T00:19:00+02:00,2026-09-08T00:20:18+02:00,,78.0,1,Spikkestad,VYG:Line:L1,Spikkestad-Oslo S-Lillestrøm,L1,rail,VYG:ServiceJourney:2275_443710-R,True,expected,False,,,,,2026-09-08T00:20:52.129880+02:00
NSR:StopPlace:60735,Gullhella stasjon,2026-09-08T00:21:00+02:00,2026-09-08T00:22:18+02:00,,78.0,1,Spikkestad,VYG:Line:L1,Spikkestad-Oslo S-Lillestrøm,L1,rail,VYG:ServiceJourney:2275_443710-R,True,expected,False,,,,,2026-09-08T00:20:52.129880+02:00
NSR:StopPlace:58801,Sarpsborg stasjon,2026-09-07T20:31:00+02:00,2026-09-07T20:32:18+02:00,,78.0,1,Sarpsborg-Kalnes,OST:Line:1_13,Kalnes - Blessom,13,bus,OST:ServiceJourney:13_260325121470811_43,True,expected,False,,,,,2026-09-07T20:27:16.249662+02:00
NSR:StopPlace:698,Skiple stasjon,2026-09-07T08:47:00+02:00,2026-09-07T08:48:18+02:00,,78.0,1,Myrdal,VYG:Line:R40,Bergen-Voss-Myrdal-Ål,R40,rail,VYG:ServiceJourney:1804_465739-R,True,expected,False,,,,,2026-09-07T08:42:24.659182+02:00
NSR:StopPlace:58876,Tønsberg stasjon,2026-09-07T22:06:00+02:00,2026-09-07T22:07:17+02:00,,77.0,1,Stokke - Sørby,VKT:Line:520,Tønsberg-Stokke,520,bus,VKT:ServiceJourney:17255,True,expected,False,,,,,2026-09-08T00:20:52.129880+02:00
NSR:StopPlace:58825,Raufoss stasjon,2026-09-07T22:56:00+02:00,2026-09-07T22:57:17+02:00,,77.0,1,Gjøvik,VYG:Line:R31,Skøyen-Jaren-Gjøvik,R31,rail,VYG:ServiceJourney:233-ROA_589360-R,True,expected,False,,,,,2026-09-08T00:20:52.129880+02:00
NSR:StopPlace:58921,Vennesla stasjon,2026-09-07T16:01:00+02:00,2026-09-07T16:02:17+02:00,,77.0,1,Vennesla - Grovane st. via Moseidmoen,AKT:Line:30,Kvadraturen - Mosby - Vennesl,30,bus,AKT:ServiceJourney:79396_191_49_111600_114540_40001566,True,expected,False,,,,,2026-09-07T15:44:36.205822+02:00
NSR:StopPlace:58871,Sande stasjon,2026-09-07T13:34:00+02:00,2026-09-07T13:35:17+02:00,,77.0,1,Eidsvoll,VYG:Line:RE11,Eidsvoll-Oslo S-Skien,RE11,rail,VYG:ServiceJourney:818_444398-R,True,expected,False,,,,,2026-09-07T15:44:36.205822+02:00
NSR:StopPlace:62335,Eidsberg stasjon,2026-09-07T14:52:00+02:00,2026-09-07T14:53:17+02:00,,77.0,1,Oslo S,VYG:Line:R22,Skøyen-Oslo S-Mysen-Rakkestad,R22,rail,VYG:ServiceJourney:1924_443474-R,True,expected,False,,,,,2026-09-07T15:44:36.205822+02:00
NSR:StopPlace:60735,Gullhella stasjon,2026-09-07T08:27:00+02:00,2026-09-07T08:28:17+02:00,,77.0,1,Lillestrøm,VYG:Line:L1,Spikkestad-Oslo S-Lillestrøm,L1,rail,VYG:ServiceJourney:2218_443613-R,True,expected,False,,,,,2026-09-07T08:42:24.659182+02:00
NSR:StopPlace:58876,Tønsberg stasjon,2026-09-07T07:31:00+02:00,2026-09-07T07:32:17+02:00,,77.0,1,Revetal-Bergsåsen,VKT:Line:500,Tønsberg-Revetal-Bergsåsen,500,bus,VKT:ServiceJourney:17017,True,expected,False,Kan oppstå forsinkelser ,Pga. veiarbeid langs Bispeveien kan det oppstå forsinkelser. Vi beklager dette. ,incident,normal,2026-09-07T08:42:24.659182+02:00
NSR:StopPlace:58838,Røyken stasjon,2026-09-07T20:59:00+02:00,2026-09-07T21:00:16+02:00,,76.0,1,Spikkestad,VYG:Line:L1,Spikkestad-Oslo S-Lillestrøm,L1,rail,VYG:ServiceJourney:2261_443688-R,True,expected,False,,,,,2026-09-07T20:27:16.249662+02:00
NSR:StopPlace:58971,Mosjøen stasjon,2026-09-07T16:17:00+02:00,2026-09-07T16:18:16+02:00,,76.0,1,Sentrum via Halsøy,NOR:Line:12_8225,Mosjøen-Åremma-Marka-Kjemsås,225,bus,NOR:ServiceJourney:8225_251012124859242_2014,True,expected,False,,,,,2026-09-07T15:44:36.205822+02:00
NSR:StopPlace:58852,Høn stasjon,2026-09-07T15:59:00+02:00,2026-09-07T16:00:16+02:00,,76.0,1,Asker,VYG:Line:L1,Spikkestad-Oslo S-Lillestrøm,L1,rail,VYG:ServiceJourney:2141_443549-R,True,expected,False,Færre vogner,Denne avgangen kjører dessverre med 4 vogner i stedet for 8 vogner. Dette skyldes at vi mangler et togsett.,general,normal,2026-09-07T15:44:36.205822+02:00
NSR:StopPlace:62354,Bøylestad stasjon,2026-09-07T08:34:00+02:00,2026-09-07T08:35:16+02:00,,76.0,1,Nelaug,GOA:Line:53,Sørtoget lokal,R50,rail,GOA:ServiceJourney:2064_63017-R,True,expected,False,,,,,2026-09-07T08:42:24.659182+02:00
NSR:StopPlace:58854,Langhus stasjon,2026-09-07T18:31:00+02:00,2026-09-07T18:32:15+02:00,,75.0,1,Ski,VYG:Line:L2,Stabekk-Oslo S-Ski,L2,rail,VYG:ServiceJourney:2851-BES_488385-R,True,expected,False,,,,,2026-09-07T20:27:16.249662+02:00
NSR:StopPlace:59652,Tøyen stasjon,2026-09-07T09:00:00+02:00,2026-09-07T09:01:15+02:00,,75.0,1,Vippetangen,RUT:Line:60,Vippetangen-Tonsenhagen,60,bus,RUT:ServiceJourney:e933a3d45d513e1c85db21de25548181,True,expected,False,,,,,2026-09-07T08:42:24.659182+02:00
NSR:StopPlace:60735,Gullhella stasjon,2026-09-07T06:57:00+02:00,2026-09-07T06:58:15+02:00,,75.0,1,Lillestrøm,VYG:Line:L1,Spikkestad-Oslo S-Lillestrøm,L1,rail,VYG:ServiceJourney:2212_764749-R,True,expected,False,Færre vogner,Denne avgangen kjører dessverre med 4 vogner i stedet for 8 vogner. Dette skyldes at vi mangler et togsett.,general,normal,2026-09-07T08:42:24.659182+02:00
NSR:StopPlace:58825,Raufoss stasjon,2026-09-07T07:56:00+02:00,2026-09-07T07:57:15+02:00,,75.0,1,Gjøvik,VYG:Line:RE30,Oslo S-Gjøvik,RE30,rail,VYG:ServiceJourney:1203-ROA_589108-R,True,expected,False,,,,,2026-09-07T08:42:24.659182+02:00
NSR:StopPlace:60737,Bondivann stasjon,2026-09-07T20:00:00+02:00,2026-09-07T20:01:14+02:00,,74.0,1,Lillestrøm,VYG:Line:L1,Spikkestad-Oslo S-Lillestrøm,L1,rail,VYG:ServiceJourney:2264_445363-R,True,expected,False,,,,,2026-09-07T20:27:16.249662+02:00
NSR:StopPlace:58871,Sande stasjon,2026-09-07T18:24:00+02:00,2026-09-07T18:25:14+02:00,,74.0,1,Skien,VYG:Line:RE11,Eidsvoll-Oslo S-Skien,RE11,rail,VYG:ServiceJourney:827_444407-R,True,expected,False,,,,,2026-09-07T20:27:16.249662+02:00
NSR:StopPlace:58860,Oppegård stasjon,2026-09-07T08:57:00+02:00,2026-09-07T08:58:14+02:00,,74.0,1,Ski,VYG:Line:L2,Stabekk-Oslo S-Ski,L2,rail,VYG:ServiceJourney:2813-HVK_444025-R,True,expected,False,,,,,2026-09-07T08:42:24.659182+02:00
NSR:StopPlace:58852,Høn stasjon,2026-09-07T20:29:00+02:00,2026-09-07T20:30:13+02:00,,73.0,1,Asker,VYG:Line:L1,Spikkestad-Oslo S-Lillestrøm,L1,rail,VYG:ServiceJourney:2159_443568-R,True,expected,False,,,,,2026-09-07T20:27:16.249662+02:00
NSR:StopPlace:58932,Hommelvik stasjon,2026-09-07T16:09:00+02:00,2026-09-07T16:10:13+02:00,,73.0,1,A Marienborg via Innherredsveien,ATB:Line:2_70,Stjørdal/Hommelvik- Trondheim,70,bus,ATB:ServiceJourney:70_251215112546917_70,True,expected,False,,,,,2026-09-07T15:44:36.205822+02:00
NSR:StopPlace:58866,Vevelstad stasjon,2026-09-07T06:14:00+02:00,2026-09-07T06:15:13+02:00,,73.0,1,Ski,VYG:Line:L2,Stabekk-Oslo S-Ski,L2,rail,VYG:ServiceJourney:2703-HVK_443909-R,True,expected,False,,,,,2026-09-07T08:42:24.659182+02:00
NSR:StopPlace:58860,Oppegård stasjon,2026-09-07T06:12:00+02:00,2026-09-07T06:13:13+02:00,,73.0,1,Ski,VYG:Line:L2,Stabekk-Oslo S-Ski,L2,rail,VYG:ServiceJourney:2703-HVK_443909-R,True,expected,False,,,,,2026-09-07T08:42:24.659182+02:00
NSR:StopPlace:58871,Sande stasjon,2026-09-07T06:34:00+02:00,2026-09-07T06:35:13+02:00,,73.0,1,Eidsvoll,VYG:Line:RE11,Eidsvoll-Oslo S-Skien,RE11,rail,VYG:ServiceJourney:804_444384-R,True,expected,False,,,,,2026-09-07T08:42:24.659182+02:00
NSR:StopPlace:58861,Solbråtan stasjon,2026-09-07T18:35:00+02:00,2026-09-07T18:36:12+02:00,,72.0,1,Ski,VYG:Line:L2,Stabekk-Oslo S-Ski,L2,rail,VYG:ServiceJourney:2753-HVK_443964-R,True,expected,False,,,,,2026-09-07T20:27:16.249662+02:00
NSR:StopPlace:61466,Vakås stasjon,2026-09-07T08:57:00+02:00,2026-09-07T08:58:12+02:00,,72.0,1,Asker,VYG:Line:L1,Spikkestad-Oslo S-Lillestrøm,L1,rail,VYG:ServiceJourney:2113_443518-R,True,expected,False,Færre vogner,Denne avgangen kjører dessverre med 4 vogner i stedet for 8 vogner. Dette skyldes at vi mangler et togsett.,general,normal,2026-09-07T08:42:24.659182+02:00
NSR:StopPlace:58872,Sandefjord stasjon,2026-09-07T08:47:00+02:00,2026-09-07T08:48:12+02:00,,72.0,1,Eidsvoll,VYG:Line:RE11,Eidsvoll-Oslo S-Skien,RE11,rail,VYG:ServiceJourney:810_481328-R,True,expected,False,,,,,2026-09-07T08:42:24.659182+02:00
NSR:StopPlace:58812,Os stasjon,2026-09-07T08:50:00+02:00,2026-09-07T08:51:12+02:00,,72.0,1,Tynset,INN:Line:182,Tynset - Røros,182,bus,INN:ServiceJourney:74872,True,expected,False,,,,,2026-09-07T08:42:24.659182+02:00
NSR:StopPlace:58814,Tolga stasjon,2026-09-07T09:09:00+02:00,2026-09-07T09:10:12+02:00,,72.0,1,Tynset,INN:Line:182,Tynset - Røros,182,bus,INN:ServiceJourney:74872,True,expected,False,,,,,2026-09-07T08:42:24.659182+02:00
NSR:StopPlace:8,Paradis stasjon,2026-09-08T00:28:00+02:00,2026-09-08T00:29:11+02:00,,71.0,1,Stavanger,GOA:Line:59,Jærbanen,L5,rail,GOA:ServiceJourney:3077_63141-R,True,expected,False,,,,,2026-09-08T00:20:52.129880+02:00
NSR:StopPlace:362,Jåttåvågen stasjon,2026-09-08T00:22:00+02:00,2026-09-08T00:23:11+02:00,,71.0,1,Stavanger,GOA:Line:59,Jærbanen,L5,rail,GOA:ServiceJourney:3077_63141-R,True,expected,False,,,,,2026-09-08T00:20:52.129880+02:00
NSR:StopPlace:206,Mariero stasjon,2026-09-08T00:25:00+02:00,2026-09-08T00:26:11+02:00,,71.0,1,Stavanger,GOA:Line:59,Jærbanen,L5,rail,GOA:ServiceJourney:3077_63141-R,True,expected,False,,,,,2026-09-08T00:20:52.129880+02:00
NSR:StopPlace:151,Evanger stasjon,2026-09-07T20:30:00+02:00,2026-09-07T20:31:11+02:00,,71.0,1,Voss,VYG:Line:R40,Bergen-Voss-Myrdal-Ål,R40,rail,VYG:ServiceJourney:1830_457480-R,True,expected,False,,,,,2026-09-07T20:27:16.249662+02:00
NSR:StopPlace:58924,Bryne stasjon,2026-09-07T16:35:00+02:00,2026-09-07T16:36:11+02:00,,71.0,1,Undheim,KOL:Line:8_2021,56,56,bus,KOL:ServiceJourney:2021_250903083243568_1003,True,expected,False,,,,,2026-09-07T15:44:36.205822+02:00
NSR:StopPlace:58860,Oppegård stasjon,2026-09-07T15:27:00+02:00,2026-09-07T15:28:11+02:00,,71.0,1,Ski,VYG:Line:L2,Stabekk-Oslo S-Ski,L2,rail,VYG:ServiceJourney:2839-BES_488381-R,True,expected,False,,,,,2026-09-07T15:44:36.205822+02:00
NSR:StopPlace:58824,Lunner stasjon,2026-09-07T15:08:00+02:00,2026-09-07T15:09:11+02:00,,71.0,1,Gjøvik,VYG:Line:RE30,Oslo S-Gjøvik,RE30,rail,VYG:ServiceJourney:1219-ROA_589156-R,True,expected,False,,,,,2026-09-07T15:44:36.205822+02:00
NSR:StopPlace:62392,Slependen stasjon,2026-09-07T16:03:00+02:00,2026-09-07T16:04:11+02:00,,71.0,1,Spikkestad,VYG:Line:L1,Spikkestad-Oslo S-Lillestrøm,L1,rail,VYG:ServiceJourney:2243_443656-R,True,expected,False,,,,,2026-09-07T15:44:36.205822+02:00
NSR:StopPlace:60017,Slitu stasjon,2026-09-07T18:50:00+02:00,2026-09-07T18:51:10+02:00,,70.0,1,Rakkestad,VYG:Line:R22,Skøyen-Oslo S-Mysen-Rakkestad,R22,rail,VYG:ServiceJourney:1927_443479-R,True,expected,False,,,,,2026-09-07T20:27:16.249662+02:00
NSR:StopPlace:59243,Mo i Rana stasjon,2026-09-07T20:38:00+02:00,2026-09-07T20:39:10+02:00,,70.0,1,Grubbåsen,NOR:Line:12_8371,Grubbåsen - Båsmobakken/Skillevollen,1,bus,NOR:ServiceJourney:8371_251012124858574_2037,True,expected,False,,,,,2026-09-07T20:27:16.249662+02:00
NSR:StopPlace:58875,Torp stasjon,2026-09-07T19:12:00+02:00,2026-09-07T19:13:10+02:00,,70.0,1,Skien,VYG:Line:RE11,Eidsvoll-Oslo S-Skien,RE11,rail,VYG:ServiceJourney:827_444407-R,True,expected,False,,,,,2026-09-07T20:27:16.249662+02:00
NSR:StopPlace:58874,Stokke stasjon,2026-09-07T16:07:00+02:00,2026-09-07T16:08:10+02:00,,70.0,1,Sørby,VKT:Line:520,Tønsberg-Stokke,520,bus,VKT:ServiceJourney:17244,True,expected,False,,,,,2026-09-07T15:44:36.205822+02:00
NSR:StopPlace:58810,Løten stasjon,2026-09-07T08:51:00+02:00,2026-09-07T08:52:10+02:00,,70.0,1,Løten,INN:Line:26,Brumunddal - Hamar - Løten,B26,bus,INN:ServiceJourney:53981,True,expected,False,,,,,2026-09-07T08:42:24.659182+02:00
NSR:StopPlace:61413,Heia stasjon,2026-09-07T20:07:00+02:00,2026-09-07T20:08:09+02:00,,69.0,1,Rakkestad,VYG:Line:R22,Skøyen-Oslo S-Mysen-Rakkestad,R22,rail,VYG:ServiceJourney:1929_443482-R,True,expected,False,,,,,2026-09-07T20:27:16.249662+02:00
NSR:StopPlace:60735,Gullhella stasjon,2026-09-07T05:57:00+02:00,2026-09-07T05:58:09+02:00,,69.0,1,Lillestrøm,VYG:Line:L1,Spikkestad-Oslo S-Lillestrøm,L1,rail,VYG:ServiceJourney:2208_764738-R,True,expected,False,Færre vogner,Denne avgangen kjører dessverre med 4 vogner i stedet for 8 vogner. Dette skyldes at vi mangler et togsett.,general,normal,2026-09-07T08:42:24.659182+02:00
NSR:StopPlace:58871,Sande stasjon,2026-09-07T05:55:00+02:00,2026-09-07T05:56:09+02:00,,69.0,1,Oslo lufthavn,VYG:Line:RX11,Eidsvoll-Oslo S-Skien,RX11,rail,VYG:ServiceJourney:852_444422-R,True,expected,False,,,,,2026-09-07T08:42:24.659182+02:00
NSR:StopPlace:62371,Sparbu stasjon,2026-09-07T08:41:00+02:00,2026-09-07T08:42:09+02:00,,69.0,1,Melhus skysstasjon,SJN:Line:26,Trønderbanen,R70,rail,SJN:ServiceJourney:428-STK_56057-R,True,expected,False,,,,,2026-09-07T08:42:24.659182+02:00
NSR:StopPlace:58835,Lier stasjon,2026-09-07T20:47:00+02:00,2026-09-07T20:48:08+02:00,,68.0,1,Drammen,VYG:Line:R13,Drammen-Oslo S-Dal,R13,rail,VYG:ServiceJourney:1660_443344-R,True,expected,False,,,,,2026-09-07T20:27:16.249662+02:00
NSR:StopPlace:58839,Steinberg stasjon,2026-09-07T20:56:00+02:00,2026-09-07T20:57:08+02:00,,68.0,1,Kongsberg,VYG:Line:R12,Kongsberg-Oslo S-Eidsvoll,R12,rail,VYG:ServiceJourney:531_444339-R,True,expected,False,,,,,2026-09-07T20:27:16.249662+02:00
NSR:StopPlace:62336,Knapstad stasjon,2026-09-07T19:23:00+02:00,2026-09-07T19:24:08+02:00,,68.0,1,Oslo S,VYG:Line:R22,Skøyen-Oslo S-Mysen-Rakkestad,R22,rail,VYG:ServiceJourney:1932_443486-R,True,expected,False,,,,,2026-09-07T20:27:16.249662+02:00
NSR:StopPlace:58822,Opphus stasjon,2026-09-07T16:40:00+02:00,2026-09-07T16:41:08+02:00,,68.0,1,Hamar,SJN:Line:25,Rørosbanen,R60,rail,SJN:ServiceJourney:2388_37666-R,True,expected,False,,,,,2026-09-07T15:44:36.205822+02:00
NSR:StopPlace:6,Greverud stasjon,2026-09-07T06:55:00+02:00,2026-09-07T06:56:08+02:00,,68.0,1,Ski,VYG:Line:L2,Stabekk-Oslo S-Ski,L2,rail,VYG:ServiceJourney:2805_444017-R,True,expected,False,,,,,2026-09-07T08:42:24.659182+02:00
NSR:StopPlace:58875,Torp stasjon,2026-09-07T08:51:00+02:00,2026-09-07T08:52:08+02:00,,68.0,1,Eidsvoll,VYG:Line:RE11,Eidsvoll-Oslo S-Skien,RE11,rail,VYG:ServiceJourney:810_481328-R,True,expected,False,,,,,2026-09-07T08:42:24.659182+02:00
NSR:StopPlace:60053,Halden stasjon,2026-09-07T21:06:00+02:00,2026-09-07T21:07:07+02:00,,67.0,1,Halden sentrum,OST:Line:1_33,Tistedal-Vold skog,33,bus,OST:ServiceJourney:33_260325121472255_30,True,expected,False,,,,,2026-09-07T20:27:16.249662+02:00
NSR:StopPlace:58921,Vennesla stasjon,2026-09-07T14:49:00+02:00,2026-09-07T14:50:07+02:00,,67.0,1,Kristiansand,AKT:Line:31,Kvadraturen - Sødal - Vennesla,31,bus,AKT:ServiceJourney:79689_192_44_105240_107760_3950001,True,expected,False,,,,,2026-09-07T15:44:36.205822+02:00
NSR:StopPlace:58839,Steinberg stasjon,2026-09-07T09:24:00+02:00,2026-09-07T09:25:07+02:00,,67.0,1,Hokksund,BRA:Line:4_6101,Drammen-Vikersund/Hønefoss,101,bus,BRA:ServiceJourney:6101_260415100161210_1009,True,expected,False,,,,,2026-09-07T08:42:24.659182+02:00
NSR:StopPlace:58859,Nordby stasjon,2026-09-08T00:23:00+02:00,2026-09-08T00:24:06+02:00,,66.0,1,Dal,VYG:Line:R13,Drammen-Oslo S-Dal,R13,rail,VYG:ServiceJourney:1675_443375-R,True,expected,False,Færre vogner,Denne avgangen kjører dessverre med 5 vogner i stedet for 10 vogner. Dette skyldes at vi mangler et togsett.,general,normal,2026-09-08T00:20:52.129880+02:00
NSR:StopPlace:60735,Gullhella stasjon,2026-09-07T19:27:00+02:00,2026-09-07T19:28:06+02:00,,66.0,1,Lillestrøm,VYG:Line:L1,Spikkestad-Oslo S-Lillestrøm,L1,rail,VYG:ServiceJourney:2262_443690-R,True,expected,False,,,,,2026-09-07T20:27:16.249662+02:00
NSR:StopPlace:60735,Gullhella stasjon,2026-09-07T13:57:00+02:00,2026-09-07T13:58:06+02:00,,66.0,1,Lillestrøm,VYG:Line:L1,Spikkestad-Oslo S-Lillestrøm,L1,rail,VYG:ServiceJourney:2240_445337-R,True,expected,False,,,,,2026-09-07T15:44:36.205822+02:00
NSR:StopPlace:58932,Hommelvik stasjon,2026-09-07T09:26:00+02:00,2026-09-07T09:27:06+02:00,,66.0,1,Marienborg via Brattøra,ATB:Line:2_70,Stjørdal/Hommelvik- Trondheim,70,bus,ATB:ServiceJourney:70_251215112546993_34,True,expected,False,,,,,2026-09-07T08:42:24.659182+02:00
NSR:StopPlace:58886,Arendal stasjon,2026-09-07T08:47:00+02:00,2026-09-07T08:48:06+02:00,,66.0,1,Eydehavn,AKT:Line:101,Eydehavn-Arendal-Grimstad N/S,101,bus,AKT:ServiceJourney:71856_132_87_56760_61260_40001426,True,expected,False,,,,,2026-09-07T08:42:24.659182+02:00
NSR:StopPlace:535,Kjosfossen stasjon,2026-09-07T08:33:00+02:00,2026-09-07T08:34:06+02:00,,66.0,1,Flåm,VYG:Line:R45,Myrdal-Flåm,R45,rail,VYG:ServiceJourney:1851_465769-R,True,expected,False,,,,,2026-09-07T08:42:24.659182+02:00
NSR:StopPlace:60737,Bondivann stasjon,2026-09-07T23:30:00+02:00,2026-09-07T23:31:05+02:00,,65.0,1,Lillestrøm,VYG:Line:L1,Spikkestad-Oslo S-Lillestrøm,L1,rail,VYG:ServiceJourney:2278_445378-R,True,expected,False,,,,,2026-09-08T00:20:52.129880+02:00
NSR:StopPlace:60735,Gullhella stasjon,2026-09-07T23:28:00+02:00,2026-09-07T23:29:05+02:00,,65.0,1,Lillestrøm,VYG:Line:L1,Spikkestad-Oslo S-Lillestrøm,L1,rail,VYG:ServiceJourney:2278_445378-R,True,expected,False,,,,,2026-09-08T00:20:52.129880+02:00
NSR:StopPlace:58843,Blommenholm stasjon,2026-09-08T00:20:00+02:00,2026-09-08T00:21:05+02:00,,65.0,1,Lillestrøm,VYG:Line:L1,Spikkestad-Oslo S-Lillestrøm,L1,rail,VYG:ServiceJourney:2280_443718-R,True,expected,False,,,,,2026-09-08T00:20:52.129880+02:00
NSR:StopPlace:61326,Gulskogen stasjon,2026-09-07T08:47:00+02:00,2026-09-07T08:48:05+02:00,,65.0,1,Kongsberg,VYG:Line:R12,Kongsberg-Oslo S-Eidsvoll,R12,rail,VYG:ServiceJourney:507_444300-R,True,expected,False,,,,,2026-09-07T08:42:24.659182+02:00
NSR:StopPlace:59789,Skotbu stasjon,2026-09-07T18:22:00+02:00,2026-09-07T18:23:04+02:00,,64.0,1,Rakkestad,VYG:Line:R22,Skøyen-Oslo S-Mysen-Rakkestad,R22,rail,VYG:ServiceJourney:1927_443479-R,True,expected,False,,,,,2026-09-07T20:27:16.249662+02:00
NSR:StopPlace:58839,Steinberg stasjon,2026-09-07T15:56:00+02:00,2026-09-07T15:57:04+02:00,,64.0,1,Kongsberg,VYG:Line:R12,Kongsberg-Oslo S-Eidsvoll,R12,rail,VYG:ServiceJourney:521_444323-R,True,expected,False,,,,,2026-09-07T15:44:36.205822+02:00
NSR:StopPlace:58893,Grovane stasjon,2026-09-07T15:52:00+02:00,2026-09-07T15:53:04+02:00,,64.0,1,Kristiansand via Moseidmoen - Mosby,AKT:Line:30,Kvadraturen - Mosby - Vennesl,30,bus,AKT:ServiceJourney:79459_202_48_114240_117000_40001545,True,expected,False,,,,,2026-09-07T15:44:36.205822+02:00
NSR:StopPlace:59641,Fjellhamar stasjon,2026-09-07T09:03:00+02:00,2026-09-07T09:04:04+02:00,,64.0,1,Vallerudtoppen,RUT:Line:315,Vallerudtoppen - Ahus,315,bus,RUT:ServiceJourney:41adfe6a7e9ff25e3d60149958c7e067,True,expected,False,,,,,2026-09-07T08:42:24.659182+02:00
NSR:StopPlace:60735,Gullhella stasjon,2026-09-07T07:27:00+02:00,2026-09-07T07:28:04+02:00,,64.0,1,Lillestrøm,VYG:Line:L1,Spikkestad-Oslo S-Lillestrøm,L1,rail,VYG:ServiceJourney:2214_443607-R,True,expected,False,Færre vogner,Denne avgangen kjører dessverre med 4 vogner i stedet for 8 vogner. Dette skyldes at vi mangler et togsett.,general,normal,2026-09-07T08:42:24.659182+02:00
NSR:StopPlace:271,Lademoen stasjon,2026-09-07T08:39:00+02:00,2026-09-07T08:40:04+02:00,,64.0,1,Ler,SJN:Line:26,Trønderbanen,R70,rail,SJN:ServiceJourney:424_56053-R,True,expected,False,,,,,2026-09-07T08:42:24.659182+02:00
NSR:StopPlace:58876,Tønsberg stasjon,2026-09-07T19:31:00+02:00,2026-09-07T19:32:03+02:00,,63.0,1,Revetal-Bergsåsen,VKT:Line:500,Tønsberg-Revetal-Bergsåsen,500,bus,VKT:ServiceJourney:17030,True,expected,False,Kan oppstå forsinkelser ,Pga. veiarbeid langs Bispeveien kan det oppstå forsinkelser. Vi beklager dette. ,incident,normal,2026-09-07T20:27:16.249662+02:00
NSR:StopPlace:58947,Steinkjer stasjon,2026-09-07T16:10:00+02:00,2026-09-07T16:11:03+02:00,,63.0,1,Straumen,ATB:Line:2_722,Straumen - Steinkjer,722,bus,ATB:ServiceJourney:722_260106098640627_7,True,expected,False,,,,,2026-09-07T15:44:36.205822+02:00
NSR:StopPlace:58840,Vestfossen stasjon,2026-09-07T09:05:00+02:00,2026-09-07T09:06:03+02:00,,63.0,1,Røren - Vestfossen - Darbu,BRA:Line:4_6118,Hokksund - Røren - Darbu,118,bus,BRA:ServiceJourney:6118_260415100159030_1003,True,expected,False,,,,,2026-09-07T08:42:24.659182+02:00
NSR:StopPlace:58840,Vestfossen stasjon,2026-09-07T09:30:00+02:00,2026-09-07T09:31:03+02:00,,63.0,1,Hokksund via Vestfossen-Røren,BRA:Line:4_6118,Hokksund - Røren - Darbu,118,bus,BRA:ServiceJourney:6118_260415100159034_1006,True,expected,False,,,,,2026-09-07T08:42:24.659182+02:00
NSR:StopPlace:60735,Gullhella stasjon,2026-09-07T21:57:00+02:00,2026-09-07T21:58:02+02:00,,62.0,1,Lillestrøm,VYG:Line:L1,Spikkestad-Oslo S-Lillestrøm,L1,rail,VYG:ServiceJourney:2272_465117-R,True,expected,False,,,,,2026-09-08T00:20:52.129880+02:00
NSR:StopPlace:59637,Rosenholm stasjon,2026-09-07T23:46:00+02:00,2026-09-07T23:47:02+02:00,,62.0,1,Ski,VYG:Line:L2,Stabekk-Oslo S-Ski,L2,rail,VYG:ServiceJourney:2873_444117-R,True,expected,False,,,,,2026-09-08T00:20:52.129880+02:00
NSR:StopPlace:59637,Rosenholm stasjon,2026-09-07T18:46:00+02:00,2026-09-07T18:47:02+02:00,,62.0,1,Ski,VYG:Line:L2,Stabekk-Oslo S-Ski,L2,rail,VYG:ServiceJourney:2853_444090-R,True,expected,False,,,,,2026-09-07T20:27:16.249662+02:00
NSR:StopPlace:58838,Røyken stasjon,2026-09-07T18:19:00+02:00,2026-09-07T18:20:02+02:00,,62.0,1,Lillestrøm,VYG:Line:L1,Spikkestad-Oslo S-Lillestrøm,L1,rail,VYG:ServiceJourney:2258_443682-R,True,expected,False,,,,,2026-09-07T20:27:16.249662+02:00
NSR:StopPlace:59646,Høvik stasjon,2026-09-07T15:53:00+02:00,2026-09-07T15:54:02+02:00,,62.0,1,Lillestrøm,VYG:Line:L1,Spikkestad-Oslo S-Lillestrøm,L1,rail,VYG:ServiceJourney:2246_443661-R,True,expected,False,,,,,2026-09-07T15:44:36.205822+02:00
NSR:StopPlace:60735,Gullhella stasjon,2026-09-07T15:27:00+02:00,2026-09-07T15:28:02+02:00,,62.0,1,Lillestrøm,VYG:Line:L1,Spikkestad-Oslo S-Lillestrøm,L1,rail,VYG:ServiceJourney:2246_443661-R,True,expected,False,,,,,2026-09-07T15:44:36.205822+02:00
NSR:StopPlace:58861,Solbråtan stasjon,2026-09-07T08:45:00+02:00,2026-09-07T08:46:02+02:00,,62.0,1,Bjørvika,RUT:Line:83,Jernbanetorget - Tårnåsen,83,bus,RUT:ServiceJourney:5c62f53a5fcb44370635e1c2e895e99e,True,expected,False,Linje 80E og 83 får Hausmanns bru som ny endeholdeplass fra 29. juni,"Bussene stopper ikke på Jernbanetorget etter 29. juni, men starter og stopper på Hausmanns bru i Nylandsveien.",incident,normal,2026-09-07T08:42:24.659182+02:00
NSR:StopPlace:59637,Rosenholm stasjon,2026-09-07T19:46:00+02:00,2026-09-07T19:47:01+02:00,,61.0,1,Ski,VYG:Line:L2,Stabekk-Oslo S-Ski,L2,rail,VYG:ServiceJourney:2857_444097-R,True,expected,False,,,,,2026-09-07T20:27:16.249662+02:00
NSR:StopPlace:41,Hanaborg stasjon,2026-09-07T15:46:00+02:00,2026-09-07T15:47:01+02:00,,61.0,1,Lillestrøm,VYG:Line:L1,Spikkestad-Oslo S-Lillestrøm,L1,rail,VYG:ServiceJourney:2142_443550-R,True,expected,False,,,,,2026-09-07T15:44:36.205822+02:00
NSR:StopPlace:59637,Rosenholm stasjon,2026-09-07T07:46:00+02:00,2026-09-07T07:47:01+02:00,,61.0,1,Ski,VYG:Line:L2,Stabekk-Oslo S-Ski,L2,rail,VYG:ServiceJourney:2809-HVK_444020-R,True,expected,False,Færre vogner,Denne avgangen kjører dessverre med 3 vogner i stedet for 6 vogner. Dette skyldes at vi mangler et togsett.,general,normal,2026-09-07T08:42:24.659182+02:00
NSR:StopPlace:58835,Lier stasjon,2026-09-07T08:47:00+02:00,2026-09-07T08:48:01+02:00,,61.0,1,Drammen,VYG:Line:R13,Drammen-Oslo S-Dal,R13,rail,VYG:ServiceJourney:1612_443236-R,True,expected,False,,,,,2026-09-07T08:42:24.659182+02:00
NSR:StopPlace:58876,Tønsberg stasjon,2026-09-07T07:23:00+02:00,2026-09-07T07:24:01+02:00,,61.0,1,Tønsberg,VKT:Line:510,Tønsberg-Andebu,510,bus,VKT:ServiceJourney:17165,True,expected,False,Kan oppstå forsinkelser Andebu,Pga. veiarbeid på Gravdal bru vil det kunne oppstå forsinkelser. Vi beklager ulempene. Se vkt.no/avvik for mer info ,incident,normal,2026-09-07T08:42:24.659182+02:00
NSR:StopPlace:58824,Lunner stasjon,2026-09-07T08:18:00+02:00,2026-09-07T08:19:01+02:00,,61.0,1,Lunner barneskole via SÅS,INN:Line:465,Lunner b.sk.-Roa-Oppdalen-Gran,465,bus,INN:ServiceJourney:71224,True,expected,False,,,,,2026-09-07T08:42:24.659182+02:00
NSR:StopPlace:61413,Heia stasjon,2026-09-07T21:48:00+02:00,2026-09-07T21:49:00+02:00,,60.0,1,Oslo S,VYG:Line:R22,Skøyen-Oslo S-Mysen-Rakkestad,R22,rail,VYG:ServiceJourney:1938_443493-R,True,expected,False,,,,,2026-09-08T00:20:52.129880+02:00
NSR:StopPlace:59637,Rosenholm stasjon,2026-09-07T22:31:00+02:00,2026-09-07T22:32:00+02:00,,60.0,1,Ski,VYG:Line:L2,Stabekk-Oslo S-Ski,L2,rail,VYG:ServiceJourney:2769-HVK_443987-R,True,expected,False,,,,,2026-09-08T00:20:52.129880+02:00
NSR:StopPlace:59637,Rosenholm stasjon,2026-09-07T23:31:00+02:00,2026-09-07T23:32:00+02:00,,60.0,1,Ski,VYG:Line:L2,Stabekk-Oslo S-Ski,L2,rail,VYG:ServiceJourney:2773-HVK_443994-R,True,expected,False,,,,,2026-09-08T00:20:52.129880+02:00
NSR:StopPlace:59637,Rosenholm stasjon,2026-09-08T00:16:00+02:00,2026-09-08T00:17:00+02:00,,60.0,1,Ski,VYG:Line:L2,Stabekk-Oslo S-Ski,L2,rail,VYG:ServiceJourney:2875-BES_488401-R,True,expected,False,,,,,2026-09-08T00:20:52.129880+02:00
NSR:StopPlace:58966,Porsgrunn stasjon,2026-09-08T00:42:00+02:00,2026-09-08T00:43:00+02:00,,60.0,1,Skien,VYG:Line:RE11,Eidsvoll-Oslo S-Skien,RE11,rail,VYG:ServiceJourney:837_444417-R,True,expected,False,Heis på Porsgrunn ute av drift,Heisen på Porsgrunn til spor 2 er ute av drift.,general,normal,2026-09-08T00:20:52.129880+02:00
NSR:StopPlace:58930,Larvik stasjon,2026-09-08T00:31:00+02:00,2026-09-08T00:32:00+02:00,,60.0,1,Skien,VYG:Line:RE11,Eidsvoll-Oslo S-Skien,RE11,rail,VYG:ServiceJourney:837_444417-R,True,expected,False,,,,,2026-09-08T00:20:52.129880+02:00
NSR:StopPlace:58870,Holmestrand stasjon,2026-09-08T00:31:00+02:00,2026-09-08T00:32:00+02:00,,60.0,1,Skien,VYG:Line:RE11,Eidsvoll-Oslo S-Skien,RE11,rail,VYG:ServiceJourney:839_541229-R,True,expected,False,,,,,2026-09-08T00:20:52.129880+02:00
NSR:StopPlace:59261,Trondheim lufthavn,2026-09-07T17:10:00+02:00,2026-09-07T17:11:00+02:00,,60.0,1,Bergen,AVI:Line:WF_BGO-TRD,Bergen-Trondheim,,air,AVI:ServiceJourney:WF681-01-126351987,True,expected,False,,,,,2026-09-07T20:27:16.249662+02:00
NSR:StopPlace:59637,Rosenholm stasjon,2026-09-07T18:01:00+02:00,2026-09-07T18:02:00+02:00,,60.0,1,Ski,VYG:Line:L2,Stabekk-Oslo S-Ski,L2,rail,VYG:ServiceJourney:2751-HVK_443962-R,True,expected,False,Færre vogner,Denne avgangen kjører dessverre med 3 vogner i stedet for 6 vogner. Dette skyldes at vi mangler et togsett.,general,normal,2026-09-07T20:27:16.249662+02:00
NSR:StopPlace:59637,Rosenholm stasjon,2026-09-07T19:01:00+02:00,2026-09-07T19:02:00+02:00,,60.0,1,Ski,VYG:Line:L2,Stabekk-Oslo S-Ski,L2,rail,VYG:ServiceJourney:2755-HVK_443966-R,True,expected,False,,,,,2026-09-07T20:27:16.249662+02:00
NSR:StopPlace:59637,Rosenholm stasjon,2026-09-07T19:31:00+02:00,2026-09-07T19:32:00+02:00,,60.0,1,Ski,VYG:Line:L2,Stabekk-Oslo S-Ski,L2,rail,VYG:ServiceJourney:2757-HVK_443968-R,True,expected,False,,,,,2026-09-07T20:27:16.249662+02:00
NSR:StopPlace:58818,Gran stasjon,2026-09-07T19:15:00+02:00,2026-09-07T19:16:00+02:00,,60.0,1,Gjøvik,VYG:Line:R31,Skøyen-Jaren-Gjøvik,R31,rail,VYG:ServiceJourney:227-ROA_589347-R,True,expected,False,,,,,2026-09-07T20:27:16.249662+02:00
NSR:StopPlace:59653,Haugenstua stasjon,2026-09-07T15:55:00+02:00,2026-09-07T15:56:00+02:00,,60.0,1,Lillestrøm,VYG:Line:L1,Spikkestad-Oslo S-Lillestrøm,L1,rail,VYG:ServiceJourney:2244_445341-R,True,expected,False,,,,,2026-09-07T15:44:36.205822+02:00
NSR:StopPlace:58958,Rognan stasjon,2026-09-07T16:23:00+02:00,2026-09-07T16:24:00+02:00,,60.0,1,Bodø,SJN:Line:71,Nordlandsbanen,F7,rail,SJN:ServiceJourney:471_46158-R,True,expected,False,,,,,2026-09-07T15:44:36.205822+02:00
NSR:StopPlace:58918,Nodeland stasjon,2026-09-07T16:38:00+02:00,2026-09-07T16:39:00+02:00,,60.0,1,Hortemo,AKT:Line:1048,Høllen - Nodelandsheia,48,bus,AKT:ServiceJourney:76957_181_21_117840_119100_3957751,True,expected,False,,,,,2026-09-07T15:44:36.205822+02:00
NSR:StopPlace:58935,Levanger stasjon,2026-09-07T15:43:00+02:00,2026-09-07T15:44:00+02:00,,60.0,1,Steinkjer,SJN:Line:26,Trønderbanen,R70,rail,SJN:ServiceJourney:439_56068-R,True,expected,False,,,,,2026-09-07T15:44:36.205822+02:00
NSR:StopPlace:62378,Røstad stasjon,2026-09-07T15:44:00+02:00,2026-09-07T15:45:00+02:00,,60.0,1,Steinkjer,SJN:Line:26,Trønderbanen,R70,rail,SJN:ServiceJourney:439_56068-R,True,expected,False,,,,,2026-09-07T15:44:36.205822+02:00
NSR:StopPlace:59789,Skotbu stasjon,2026-09-07T08:32:00+02:00,2026-09-07T08:33:00+02:00,,60.0,1,Oslo S,VYG:Line:R22,Skøyen-Oslo S-Mysen-Rakkestad,R22,rail,VYG:ServiceJourney:1910_443448-R,True,expected,False,,,,,2026-09-07T08:42:24.659182+02:00
NSR:StopPlace:59637,Rosenholm stasjon,2026-09-07T08:01:00+02:00,2026-09-07T08:02:00+02:00,,60.0,1,Ski,VYG:Line:L2,Stabekk-Oslo S-Ski,L2,rail,VYG:ServiceJourney:2711-HVK_443917-R,True,expected,False,Færre vogner,Denne avgangen kjører dessverre med 3 vogner i stedet for 6 vogner. Dette skyldes at vi mangler et togsett.,general,normal,2026-09-07T08:42:24.659182+02:00
NSR:StopPlace:58835,Lier stasjon,2026-09-07T08:41:00+02:00,2026-09-07T08:42:00+02:00,,60.0,1,Dal,VYG:Line:R13,Drammen-Oslo S-Dal,R13,rail,VYG:ServiceJourney:1617_443249-R,True,expected,False,,,,,2026-09-07T08:42:24.659182+02:00
NSR:StopPlace:58866,Vevelstad stasjon,2026-09-07T06:59:00+02:00,2026-09-07T07:00:00+02:00,,60.0,1,Ski,VYG:Line:L2,Stabekk-Oslo S-Ski,L2,rail,VYG:ServiceJourney:2805_444017-R,True,expected,False,,,,,2026-09-07T08:42:24.659182+02:00
NSR:StopPlace:58860,Oppegård stasjon,2026-09-07T06:57:00+02:00,2026-09-07T06:58:00+02:00,,60.0,1,Ski,VYG:Line:L2,Stabekk-Oslo S-Ski,L2,rail,VYG:ServiceJourney:2805_444017-R,True,expected,False,,,,,2026-09-07T08:42:24.659182+02:00
NSR:StopPlace:62344,Steinvik stasjon,2026-09-07T08:45:00+02:00,2026-09-07T08:46:00+02:00,,60.0,1,Hamar,SJN:Line:25,Rørosbanen,R60,rail,SJN:ServiceJourney:2380_37659-R,True,expected,False,,,,,2026-09-07T08:42:24.659182+02:00
NSR:StopPlace:58855,Leirsund stasjon,2026-09-08T00:25:00+02:00,2026-09-08T00:25:59+02:00,,59.0,1,Drammen,VYG:Line:R13,Drammen-Oslo S-Dal,R13,rail,VYG:ServiceJourney:1678_443382-R,True,expected,False,,,,,2026-09-08T00:20:52.129880+02:00
NSR:StopPlace:58834,Hokksund stasjon,2026-09-07T16:00:00+02:00,2026-09-07T16:00:59+02:00,,59.0,1,Kongsberg,VYG:Line:R12,Kongsberg-Oslo S-Eidsvoll,R12,rail,VYG:ServiceJourney:521_444323-R,True,expected,False,,,,,2026-09-07T15:44:36.205822+02:00
NSR:StopPlace:58871,Sande stasjon,2026-09-07T15:50:00+02:00,2026-09-07T15:50:59+02:00,,59.0,1,Skien,VYG:Line:RX11,Eidsvoll-Oslo S-Skien,RX11,rail,VYG:ServiceJourney:853-LOD_554644-R,True,expected,False,,,,,2026-09-07T15:44:36.205822+02:00
NSR:StopPlace:144,Skansen stasjon,2026-09-07T08:47:00+02:00,2026-09-07T08:47:59+02:00,,59.0,1,Ler,SJN:Line:26,Trønderbanen,R70,rail,SJN:ServiceJourney:424_56053-R,True,expected,False,,,,,2026-09-07T08:42:24.659182+02:00
NSR:StopPlace:62336,Knapstad stasjon,2026-09-07T06:11:00+02:00,2026-09-07T06:11:59+02:00,,59.0,1,Oslo S,VYG:Line:R22,Skøyen-Oslo S-Mysen-Rakkestad,R22,rail,VYG:ServiceJourney:1906_443441-R,True,expected,False,,,,,2026-09-07T08:42:24.659182+02:00
NSR:StopPlace:8,Paradis stasjon,2026-09-07T20:28:00+02:00,2026-09-07T20:28:58+02:00,,58.0,1,Stavanger,GOA:Line:59,Jærbanen,L5,rail,GOA:ServiceJourney:3061_63116-R,True,expected,False,,,,,2026-09-07T20:27:16.249662+02:00
NSR:StopPlace:62393,Billingstad stasjon,2026-09-07T20:27:00+02:00,2026-09-07T20:27:58+02:00,,58.0,1,Lillestrøm,VYG:Line:L1,Spikkestad-Oslo S-Lillestrøm,L1,rail,VYG:ServiceJourney:2164_443574-R,True,expected,False,,,,,2026-09-07T20:27:16.249662+02:00
NSR:StopPlace:62392,Slependen stasjon,2026-09-07T20:29:00+02:00,2026-09-07T20:29:58+02:00,,58.0,1,Lillestrøm,VYG:Line:L1,Spikkestad-Oslo S-Lillestrøm,L1,rail,VYG:ServiceJourney:2164_443574-R,True,expected,False,,,,,2026-09-07T20:27:16.249662+02:00
NSR:StopPlace:59703,Åndalsnes stasjon,2026-09-07T09:17:00+02:00,2026-09-07T09:17:58+02:00,,58.0,1,Åndalsnes,MOR:Line:420,Fram Ekspress Molde-Åndalsnes,420,bus,MOR:ServiceJourney:420_104_9150000047246558,True,expected,False,,,,,2026-09-07T08:42:24.659182+02:00
NSR:StopPlace:59243,Mo i Rana stasjon,2026-09-07T08:42:00+02:00,2026-09-07T08:42:58+02:00,,58.0,1,Båsmobakken,NOR:Line:12_8371,Grubbåsen - Båsmobakken/Skillevollen,1,bus,NOR:ServiceJourney:8371_251012124858512_1011,True,expected,False,,,,,2026-09-07T08:42:24.659182+02:00
NSR:StopPlace:58793,Askim stasjon,2026-09-07T09:25:00+02:00,2026-09-07T09:25:58+02:00,,58.0,1,Sarpsborg-Mysen,OST:Line:1_640,Sarpsborg-Askim-Mysen,640,bus,OST:ServiceJourney:640_260325121473125_12,True,expected,False,,,,,2026-09-07T08:42:24.659182+02:00
NSR:StopPlace:58838,Røyken stasjon,2026-09-07T09:08:00+02:00,2026-09-07T09:08:58+02:00,,58.0,1,Sætre,RUT:Line:261,Drammen - Lahell - Røyken - Sætre,261,bus,RUT:ServiceJourney:634b3ef542dfef8231a9591fd8679d50,True,expected,False,Fra 17/8 går linje 61-63-71-73-251-261 og skolebusser fra holdeplass ved Skutebrygga ut av byen.Les mer på brakar.no/trafikkmeldinger.,,general,normal,2026-09-07T08:42:24.659182+02:00
NSR:StopPlace:58874,Stokke stasjon,2026-09-07T08:37:00+02:00,2026-09-07T08:37:58+02:00,,58.0,1,Sørby,VKT:Line:520,Tønsberg-Stokke,520,bus,VKT:ServiceJourney:17228,True,expected,False,,,,,2026-09-07T08:42:24.659182+02:00
NSR:StopPlace:58879,Lunde stasjon,2026-09-07T08:30:00+02:00,2026-09-07T08:30:58+02:00,,58.0,1,Bø,TEL:Line:8322,Bø-Lunde,322,bus,TEL:ServiceJourney:125827,True,expected,False,,,,,2026-09-07T08:42:24.659182+02:00
NSR:StopPlace:58860,Oppegård stasjon,2026-09-07T20:31:00+02:00,2026-09-07T20:31:57+02:00,,57.0,1,Oslo S,VYG:Line:L2,Stabekk-Oslo S-Ski,L2,rail,VYG:ServiceJourney:2866_444109-R,True,expected,False,,,,,2026-09-07T20:27:16.249662+02:00
NSR:StopPlace:62336,Knapstad stasjon,2026-09-07T18:23:00+02:00,2026-09-07T18:23:57+02:00,,57.0,1,Oslo S,VYG:Line:R22,Skøyen-Oslo S-Mysen-Rakkestad,R22,rail,VYG:ServiceJourney:1930-RST_443484-R,True,expected,False,,,,,2026-09-07T20:27:16.249662+02:00
NSR:StopPlace:58810,Løten stasjon,2026-09-07T16:17:00+02:00,2026-09-07T16:17:57+02:00,,57.0,1,Elverum,INN:Line:696,Stange vgs. - Løten - Elverum,696,bus,INN:ServiceJourney:84940,True,expected,False,,,,,2026-09-07T15:44:36.205822+02:00
NSR:StopPlace:58838,Røyken stasjon,2026-09-07T08:45:00+02:00,2026-09-07T08:45:57+02:00,,57.0,1,Asker,RUT:Line:260,Hyggen - Bråset -Slemmestad (- Asker),260,bus,RUT:ServiceJourney:67d25e17f1553e2584a6b07e3cd4415f,True,expected,False,,,,,2026-09-07T08:42:24.659182+02:00
NSR:StopPlace:59703,Åndalsnes stasjon,2026-09-07T20:57:00+02:00,2026-09-07T20:57:56+02:00,,56.0,1,Åndalsnes,MOR:Line:420,Fram Ekspress Molde-Åndalsnes,420,bus,MOR:ServiceJourney:420_122_9150000047245719,True,expected,False,,,,,2026-09-07T20:27:16.249662+02:00
NSR:StopPlace:58852,Høn stasjon,2026-09-08T00:29:00+02:00,2026-09-08T00:29:55+02:00,,55.0,1,Asker,VYG:Line:L1,Spikkestad-Oslo S-Lillestrøm,L1,rail,VYG:ServiceJourney:2175_443586-R,True,expected,False,,,,,2026-09-08T00:20:52.129880+02:00
NSR:StopPlace:61413,Heia stasjon,2026-09-07T19:48:00+02:00,2026-09-07T19:48:55+02:00,,55.0,1,Oslo S,VYG:Line:R22,Skøyen-Oslo S-Mysen-Rakkestad,R22,rail,VYG:ServiceJourney:1934_443488-R,True,expected,False,,,,,2026-09-07T20:27:16.249662+02:00
NSR:StopPlace:58838,Røyken stasjon,2026-09-07T16:08:00+02:00,2026-09-07T16:08:55+02:00,,55.0,1,Sætre,RUT:Line:261,Drammen - Lahell - Røyken - Sætre,261,bus,RUT:ServiceJourney:39cb928f73abb2402e8263af353d653b,True,expected,False,Fra 17/8 går linje 61-63-71-73-251-261 og skolebusser fra holdeplass ved Skutebrygga ut av byen.Les mer på brakar.no/trafikkmeldinger.,,general,normal,2026-09-07T15:44:36.205822+02:00
NSR:StopPlace:6,Greverud stasjon,2026-09-07T08:25:00+02:00,2026-09-07T08:25:55+02:00,,55.0,1,Ski,VYG:Line:L2,Stabekk-Oslo S-Ski,L2,rail,VYG:ServiceJourney:2811-HVK_444023-R,True,expected,False,,,,,2026-09-07T08:42:24.659182+02:00
NSR:StopPlace:58804,Alvdal stasjon,2026-09-07T09:19:00+02:00,2026-09-07T09:19:55+02:00,,55.0,1,Hamar,SJN:Line:25,Rørosbanen,R60,rail,SJN:ServiceJourney:2382_48224-R,True,expected,False,,,,,2026-09-07T08:42:24.659182+02:00
NSR:StopPlace:6,Greverud stasjon,2026-09-07T20:25:00+02:00,2026-09-07T20:25:54+02:00,,54.0,1,Ski,VYG:Line:L2,Stabekk-Oslo S-Ski,L2,rail,VYG:ServiceJourney:2859-BES_488392-R,True,expected,False,,,,,2026-09-07T20:27:16.249662+02:00
NSR:StopPlace:60737,Bondivann stasjon,2026-09-07T06:49:00+02:00,2026-09-07T06:49:54+02:00,,54.0,1,Spikkestad,VYG:Line:L1,Spikkestad-Oslo S-Lillestrøm,L1,rail,VYG:ServiceJourney:2205_443593-R,True,expected,False,Færre vogner,Denne avgangen kjører dessverre med 4 vogner i stedet for 8 vogner. Dette skyldes at vi mangler et togsett.,general,normal,2026-09-07T08:42:24.659182+02:00
NSR:StopPlace:60735,Gullhella stasjon,2026-09-07T06:51:00+02:00,2026-09-07T06:51:54+02:00,,54.0,1,Spikkestad,VYG:Line:L1,Spikkestad-Oslo S-Lillestrøm,L1,rail,VYG:ServiceJourney:2205_443593-R,True,expected,False,Færre vogner,Denne avgangen kjører dessverre med 4 vogner i stedet for 8 vogner. Dette skyldes at vi mangler et togsett.,general,normal,2026-09-07T08:42:24.659182+02:00
NSR:StopPlace:58798,Rakkestad stasjon,2026-09-07T09:20:00+02:00,2026-09-07T09:20:54+02:00,,54.0,1,Sarpsborg-Askim,OST:Line:1_640,Sarpsborg-Askim-Mysen,640,bus,OST:ServiceJourney:640_260325121473116_11,True,expected,False,,,,,2026-09-07T08:42:24.659182+02:00
NSR:StopPlace:58860,Oppegård stasjon,2026-09-08T00:31:00+02:00,2026-09-08T00:31:53+02:00,,53.0,1,Ski stasjon,RUT:Line:580,Kolbotn - Ski,580,bus,RUT:ServiceJourney:c0465129e68a9cafd06d466ed2ccef47,True,expected,False,,,,,2026-09-08T00:20:52.129880+02:00
NSR:StopPlace:58870,Holmestrand stasjon,2026-09-08T00:26:00+02:00,2026-09-08T00:26:53+02:00,,53.0,1,Drammen,VYG:Line:RE11,Eidsvoll-Oslo S-Skien,RE11,rail,VYG:ServiceJourney:840-SKN_444420-R,True,expected,False,,,,,2026-09-08T00:20:52.129880+02:00
NSR:StopPlace:58825,Raufoss stasjon,2026-09-07T21:45:00+02:00,2026-09-07T21:45:53+02:00,,53.0,1,Roa,VYG:Line:R31,Skøyen-Jaren-Gjøvik,R31,rail,VYG:ServiceJourney:236-GJOe_648922-R,True,expected,False,,,,,2026-09-08T00:20:52.129880+02:00
NSR:StopPlace:60735,Gullhella stasjon,2026-09-07T13:27:00+02:00,2026-09-07T13:27:53+02:00,,53.0,1,Lillestrøm,VYG:Line:L1,Spikkestad-Oslo S-Lillestrøm,L1,rail,VYG:ServiceJourney:2238_443647-R,True,expected,False,Færre vogner,Denne avgangen kjører dessverre med 4 vogner i stedet for 8 vogner. Dette skyldes at vi mangler et togsett.,general,normal,2026-09-07T15:44:36.205822+02:00
NSR:StopPlace:58790,Verdal stasjon,2026-09-07T15:49:00+02:00,2026-09-07T15:49:53+02:00,,53.0,1,Forbregd gård,ATB:Line:2_7507,Verdal vgs - Minsås,7507,bus,ATB:ServiceJourney:7507_260106098641030_2,True,expected,False,,,,,2026-09-07T15:44:36.205822+02:00
NSR:StopPlace:58818,Gran stasjon,2026-09-07T06:25:00+02:00,2026-09-07T06:25:53+02:00,,53.0,1,Roa,VYG:Line:RE30,Oslo S-Gjøvik,RE30,rail,VYG:ServiceJourney:1204-GJOe_589110-R,True,expected,False,,,,,2026-09-07T08:42:24.659182+02:00
NSR:StopPlace:584,Bulken stasjon,2026-09-07T09:35:00+02:00,2026-09-07T09:35:53+02:00,,53.0,1,Finse,VYG:Line:R40,Bergen-Voss-Myrdal-Ål,R40,rail,VYG:ServiceJourney:1848_465767-R,True,expected,False,,,,,2026-09-07T08:42:24.659182+02:00
NSR:StopPlace:62361,Reimegrend stasjon,2026-09-07T08:51:00+02:00,2026-09-07T08:51:53+02:00,,53.0,1,Myrdal,VYG:Line:R40,Bergen-Voss-Myrdal-Ål,R40,rail,VYG:ServiceJourney:1804_465739-R,True,expected,False,,,,,2026-09-07T08:42:24.659182+02:00
NSR:StopPlace:58876,Tønsberg stasjon,2026-09-07T23:06:00+02:00,2026-09-07T23:06:52+02:00,,52.0,1,Stokke - Sørby,VKT:Line:520,Tønsberg-Stokke,520,bus,VKT:ServiceJourney:17256,True,expected,False,,,,,2026-09-08T00:20:52.129880+02:00
NSR:StopPlace:60735,Gullhella stasjon,2026-09-07T18:27:00+02:00,2026-09-07T18:27:52+02:00,,52.0,1,Lillestrøm,VYG:Line:L1,Spikkestad-Oslo S-Lillestrøm,L1,rail,VYG:ServiceJourney:2258_443682-R,True,expected,False,,,,,2026-09-07T20:27:16.249662+02:00
NSR:StopPlace:60047,Melhus skysstasjon,2026-09-07T18:03:00+02:00,2026-09-07T18:03:52+02:00,,52.0,1,Støren Rådhus,ATB:Line:2_340,Trondheim - Støren,340,bus,ATB:ServiceJourney:340_260106098639861_22,True,expected,False,,,,,2026-09-07T20:27:16.249662+02:00
NSR:StopPlace:58850,Hauerseter stasjon,2026-09-07T20:30:00+02:00,2026-09-07T20:30:52+02:00,,52.0,1,Dal,VYG:Line:R13,Drammen-Oslo S-Dal,R13,rail,VYG:ServiceJourney:1659_443341-R,True,expected,False,,,,,2026-09-07T20:27:16.249662+02:00
NSR:StopPlace:58861,Solbråtan stasjon,2026-09-07T19:20:00+02:00,2026-09-07T19:20:52+02:00,,52.0,1,Ski,VYG:Line:L2,Stabekk-Oslo S-Ski,L2,rail,VYG:ServiceJourney:2855-BES_488389-R,True,expected,False,,,,,2026-09-07T20:27:16.249662+02:00
NSR:StopPlace:61897,Bryn stasjon,2026-09-07T15:50:00+02:00,2026-09-07T15:50:52+02:00,,52.0,1,Asker,VYG:Line:L1,Spikkestad-Oslo S-Lillestrøm,L1,rail,VYG:ServiceJourney:2143_443551-R,True,expected,False,,,,,2026-09-07T15:44:36.205822+02:00
NSR:StopPlace:59952,Drammen stasjon,2026-09-07T15:47:00+02:00,2026-09-07T15:47:52+02:00,,52.0,1,Eidsvoll,VYG:Line:RE11,Eidsvoll-Oslo S-Skien,RE11,rail,VYG:ServiceJourney:822_444402-R,True,expected,False,,,,,2026-09-07T15:44:36.205822+02:00
NSR:StopPlace:58861,Solbråtan stasjon,2026-09-07T14:50:00+02:00,2026-09-07T14:50:52+02:00,,52.0,1,Ski,VYG:Line:L2,Stabekk-Oslo S-Ski,L2,rail,VYG:ServiceJourney:2837_444064-R,True,expected,False,,,,,2026-09-07T15:44:36.205822+02:00
NSR:StopPlace:58805,Brumunddal stasjon,2026-09-07T08:49:00+02:00,2026-09-07T08:49:52+02:00,,52.0,1,Drammen,VYG:Line:RE10,Drammen-Oslo S-Lillehammer,RE10,rail,VYG:ServiceJourney:310-LHM_444152-R,True,expected,False,,,,,2026-09-07T08:42:24.659182+02:00
NSR:StopPlace:59637,Rosenholm stasjon,2026-09-07T20:01:00+02:00,2026-09-07T20:01:51+02:00,,51.0,1,Ski,VYG:Line:L2,Stabekk-Oslo S-Ski,L2,rail,VYG:ServiceJourney:2759-HVK_443972-R,True,expected,False,,,,,2026-09-07T20:27:16.249662+02:00
NSR:StopPlace:58846,Fetsund stasjon,2026-09-07T20:37:00+02:00,2026-09-07T20:37:51+02:00,,51.0,1,Asker,VYG:Line:R14,Asker-Oslo S-Kongsvinger,R14,rail,VYG:ServiceJourney:1032_442943-R,True,expected,False,,,,,2026-09-07T20:27:16.249662+02:00
NSR:StopPlace:61735,Hell stasjon,2026-09-07T09:06:00+02:00,2026-09-07T09:06:51+02:00,,51.0,1,Lundamo,SJN:Line:26,Trønderbanen,R70,rail,SJN:ServiceJourney:426_56055-R,True,expected,False,,,,,2026-09-07T08:42:24.659182+02:00
NSR:StopPlace:59643,Grefsen stasjon,2026-09-07T06:40:00+02:00,2026-09-07T06:40:51+02:00,,51.0,1,Oslo lufthavn,NBU:Line:cb7b555c-f96e-42d5-84bf-a5e08c0145c2,Radiumhospitalet via Økern-Storo-Tåsen,FB3,bus,NBU:ServiceJourney:50b0888e-f513-4a8f-8f9e-a7d9726787ce,True,expected,False,,,,,2026-09-07T08:42:24.659182+02:00
NSR:StopPlace:59639,Sonsveien stasjon,2026-09-07T08:51:00+02:00,2026-09-07T08:51:51+02:00,,51.0,1,Moss,VYG:Line:R21,Stabekk-Oslo S-Moss,R21,rail,VYG:ServiceJourney:1113-HVK_442988-R,True,expected,False,,,,,2026-09-07T08:42:24.659182+02:00
NSR:StopPlace:60735,Gullhella stasjon,2026-09-07T21:27:00+02:00,2026-09-07T21:27:50+02:00,,50.0,1,Lillestrøm,VYG:Line:L1,Spikkestad-Oslo S-Lillestrøm,L1,rail,VYG:ServiceJourney:2270_443703-R,True,expected,False,,,,,2026-09-08T00:20:52.129880+02:00
NSR:StopPlace:61413,Heia stasjon,2026-09-07T17:46:00+02:00,2026-09-07T17:46:50+02:00,,50.0,1,Oslo S,VYG:Line:R22,Skøyen-Oslo S-Mysen-Rakkestad,R22,rail,VYG:ServiceJourney:1930-RST_443484-R,True,expected,False,,,,,2026-09-07T20:27:16.249662+02:00
NSR:StopPlace:59647,Dal stasjon,2026-09-07T15:56:00+02:00,2026-09-07T15:56:50+02:00,,50.0,1,Jessheim,RUT:Line:430,Eidsvoll - Jessheim,430,bus,RUT:ServiceJourney:abf8df67ae304570db08e9ca9a1944fa,True,expected,False,,,,,2026-09-07T15:44:36.205822+02:00
NSR:StopPlace:8,Paradis stasjon,2026-09-07T08:42:00+02:00,2026-09-07T08:42:50+02:00,,50.0,1,Stavanger,GOA:Line:59,Jærbanen,L5,rail,GOA:ServiceJourney:3115_63160-R,True,expected,False,,,,,2026-09-07T08:42:24.659182+02:00
NSR:StopPlace:61707,Jevnaker stasjon,2026-09-07T08:42:00+02:00,2026-09-07T08:42:50+02:00,,50.0,1,Gran via Kalvsjø - Lunner,INN:Line:452,Gran-Lunner-Olimb-Jevnaker,452,bus,INN:ServiceJourney:71435,True,expected,False,,,,,2026-09-07T08:42:24.659182+02:00
NSR:StopPlace:58824,Lunner stasjon,2026-09-07T09:03:00+02:00,2026-09-07T09:03:50+02:00,,50.0,1,Gran via Kalvsjø - Lunner,INN:Line:452,Gran-Lunner-Olimb-Jevnaker,452,bus,INN:ServiceJourney:71435,True,expected,False,,,,,2026-09-07T08:42:24.659182+02:00
NSR:StopPlace:58971,Mosjøen stasjon,2026-09-08T01:11:00+02:00,2026-09-08T01:11:49+02:00,,49.0,1,Mosjøen,NOR:Line:12_3705,Mosjøen-Sandnessjøen,705,bus,NOR:ServiceJourney:3705_260506086136234_1001,True,expected,False,,,,,2026-09-08T00:20:52.129880+02:00
NSR:StopPlace:62335,Eidsberg stasjon,2026-09-07T21:52:00+02:00,2026-09-07T21:52:49+02:00,,49.0,1,Oslo S,VYG:Line:R22,Skøyen-Oslo S-Mysen-Rakkestad,R22,rail,VYG:ServiceJourney:1938_443493-R,True,expected,False,,,,,2026-09-08T00:20:52.129880+02:00
NSR:StopPlace:59789,Skotbu stasjon,2026-09-07T17:36:00+02:00,2026-09-07T17:36:49+02:00,,49.0,1,Oslo S,VYG:Line:R22,Skøyen-Oslo S-Mysen-Rakkestad,R22,rail,VYG:ServiceJourney:1928_443481-R,True,expected,False,,,,,2026-09-07T20:27:16.249662+02:00
NSR:StopPlace:58921,Vennesla stasjon,2026-09-07T19:14:00+02:00,2026-09-07T19:14:49+02:00,,49.0,1,Vennesla - Grovane st. via Moseidmoen,AKT:Line:30,Kvadraturen - Mosby - Vennesl,30,bus,AKT:ServiceJourney:79401_241_49_135000_137700_40001566,True,expected,False,,,,,2026-09-07T20:27:16.249662+02:00
NSR:StopPlace:59637,Rosenholm stasjon,2026-09-07T15:01:00+02:00,2026-09-07T15:01:49+02:00,,49.0,1,Ski,VYG:Line:L2,Stabekk-Oslo S-Ski,L2,rail,VYG:ServiceJourney:2739-HVK_443948-R,True,expected,False,,,,,2026-09-07T15:44:36.205822+02:00
NSR:StopPlace:58813,Skarnes stasjon,2026-09-07T08:48:00+02:00,2026-09-07T08:48:49+02:00,,49.0,1,Asker,VYG:Line:R14,Asker-Oslo S-Kongsvinger,R14,rail,VYG:ServiceJourney:1010_442915-R,True,expected,False,,,,,2026-09-07T08:42:24.659182+02:00
NSR:StopPlace:58825,Raufoss stasjon,2026-09-07T08:45:00+02:00,2026-09-07T08:45:49+02:00,,49.0,1,Roa,VYG:Line:RE30,Oslo S-Gjøvik,RE30,rail,VYG:ServiceJourney:1210-GJOe_589128-R,True,expected,False,,,,,2026-09-07T08:42:24.659182+02:00
NSR:StopPlace:59647,Dal stasjon,2026-09-07T20:46:00+02:00,2026-09-07T20:46:48+02:00,,48.0,1,Eidsvoll st.,RUT:Line:430,Eidsvoll - Jessheim,430,bus,RUT:ServiceJourney:b34c82059aa0999ce7b472266717c3af,True,expected,False,,,,,2026-09-07T20:27:16.249662+02:00
NSR:StopPlace:58211,Oslo lufthavn,2026-09-07T17:00:00+02:00,2026-09-07T17:00:48+02:00,,48.0,1,Bergen,AVI:Line:SK_OSL-BGO,Oslo-Bergen,,air,AVI:ServiceJourney:SK277-03-358534494,True,expected,False,,,,,2026-09-07T20:27:16.249662+02:00
NSR:StopPlace:58947,Steinkjer stasjon,2026-09-07T15:55:00+02:00,2026-09-07T15:55:48+02:00,,48.0,1,Grong stasjon,ATB:Line:2_690,Grong - Steinkjer,690,bus,ATB:ServiceJourney:690_260106098640254_7,True,expected,False,,,,,2026-09-07T15:44:36.205822+02:00
NSR:StopPlace:58871,Sande stasjon,2026-09-07T15:22:00+02:00,2026-09-07T15:22:48+02:00,,48.0,1,Skoger-Drammen,VKT:Line:10,Drammen-Skoger-Sande,10,bus,VKT:ServiceJourney:104211,True,expected,False,,,,,2026-09-07T15:44:36.205822+02:00
NSR:StopPlace:58852,Høn stasjon,2026-09-07T08:59:00+02:00,2026-09-07T08:59:48+02:00,,48.0,1,Asker,VYG:Line:L1,Spikkestad-Oslo S-Lillestrøm,L1,rail,VYG:ServiceJourney:2113_443518-R,True,expected,False,Færre vogner,Denne avgangen kjører dessverre med 4 vogner i stedet for 8 vogner. Dette skyldes at vi mangler et togsett.,general,normal,2026-09-07T08:42:24.659182+02:00
NSR:StopPlace:313,Høybråten stasjon,2026-09-07T15:57:00+02:00,2026-09-07T15:57:47+02:00,,47.0,1,Lillestrøm,VYG:Line:L1,Spikkestad-Oslo S-Lillestrøm,L1,rail,VYG:ServiceJourney:2244_445341-R,True,expected,False,,,,,2026-09-07T15:44:36.205822+02:00
NSR:StopPlace:58860,Oppegård stasjon,2026-09-07T08:27:00+02:00,2026-09-07T08:27:47+02:00,,47.0,1,Ski,VYG:Line:L2,Stabekk-Oslo S-Ski,L2,rail,VYG:ServiceJourney:2811-HVK_444023-R,True,expected,False,,,,,2026-09-07T08:42:24.659182+02:00
NSR:StopPlace:61466,Vakås stasjon,2026-09-07T20:38:00+02:00,2026-09-07T20:38:46+02:00,,46.0,1,Lillestrøm,VYG:Line:L1,Spikkestad-Oslo S-Lillestrøm,L1,rail,VYG:ServiceJourney:2266_443696-R,True,expected,False,,,,,2026-09-07T20:27:16.249662+02:00
NSR:StopPlace:58860,Oppegård stasjon,2026-09-07T20:27:00+02:00,2026-09-07T20:27:46+02:00,,46.0,1,Ski,VYG:Line:L2,Stabekk-Oslo S-Ski,L2,rail,VYG:ServiceJourney:2859-BES_488392-R,True,expected,False,,,,,2026-09-07T20:27:16.249662+02:00
NSR:StopPlace:58935,Levanger stasjon,2026-09-07T09:38:00+02:00,2026-09-07T09:38:46+02:00,,46.0,1,Namsos via Steinkjer stasjon,ATB:Line:2_680,Levanger - Steinkjer - Namsos,680,bus,ATB:ServiceJourney:680_260106098642325_10,True,expected,False,,,,,2026-09-07T08:42:24.659182+02:00
NSR:StopPlace:58853,Kolbotn stasjon,2026-09-07T07:03:00+02:00,2026-09-07T07:03:45+02:00,,45.0,1,Ski,VYG:Line:L2,Stabekk-Oslo S-Ski,L2,rail,VYG:ServiceJourney:2707-HVK_443913-R,True,expected,False,,,,,2026-09-07T08:42:24.659182+02:00
NSR:StopPlace:58871,Sande stasjon,2026-09-07T19:34:00+02:00,2026-09-07T19:34:44+02:00,,44.0,1,Eidsvoll,VYG:Line:RE11,Eidsvoll-Oslo S-Skien,RE11,rail,VYG:ServiceJourney:830_444410-R,True,expected,False,,,,,2026-09-07T20:27:16.249662+02:00
NSR:StopPlace:58810,Løten stasjon,2026-09-07T20:51:00+02:00,2026-09-07T20:51:44+02:00,,44.0,1,Løten,INN:Line:26,Brumunddal - Hamar - Løten,B26,bus,INN:ServiceJourney:54003,True,expected,False,,,,,2026-09-07T20:27:16.249662+02:00
NSR:StopPlace:62335,Eidsberg stasjon,2026-09-07T19:52:00+02:00,2026-09-07T19:52:44+02:00,,44.0,1,Oslo S,VYG:Line:R22,Skøyen-Oslo S-Mysen-Rakkestad,R22,rail,VYG:ServiceJourney:1934_443488-R,True,expected,False,,,,,2026-09-07T20:27:16.249662+02:00
NSR:StopPlace:59789,Skotbu stasjon,2026-09-07T15:32:00+02:00,2026-09-07T15:32:44+02:00,,44.0,1,Oslo S,VYG:Line:R22,Skøyen-Oslo S-Mysen-Rakkestad,R22,rail,VYG:ServiceJourney:1924_443474-R,True,expected,False,,,,,2026-09-07T15:44:36.205822+02:00
NSR:StopPlace:58830,Brakerøya stasjon,2026-09-07T15:51:00+02:00,2026-09-07T15:51:44+02:00,,44.0,1,Drammen,VYG:Line:R13,Drammen-Oslo S-Dal,R13,rail,VYG:ServiceJourney:1640_443299-R,True,expected,False,,,,,2026-09-07T15:44:36.205822+02:00
NSR:StopPlace:58861,Solbråtan stasjon,2026-09-07T15:05:00+02:00,2026-09-07T15:05:44+02:00,,44.0,1,Ski,VYG:Line:L2,Stabekk-Oslo S-Ski,L2,rail,VYG:ServiceJourney:2739-HVK_443948-R,True,expected,False,,,,,2026-09-07T15:44:36.205822+02:00
NSR:StopPlace:445,Vieren stasjon,2026-09-07T15:28:00+02:00,2026-09-07T15:28:44+02:00,,44.0,1,Myrdal,VYG:Line:R40,Bergen-Voss-Myrdal-Ål,R40,rail,VYG:ServiceJourney:1818_443404-R,True,expected,False,,,,,2026-09-07T15:44:36.205822+02:00
NSR:StopPlace:60053,Halden stasjon,2026-09-07T09:06:00+02:00,2026-09-07T09:06:44+02:00,,44.0,1,Halden sentrum,OST:Line:1_33,Tistedal-Vold skog,33,bus,OST:ServiceJourney:33_260325121472253_8,True,expected,False,,,,,2026-09-07T08:42:24.659182+02:00
NSR:StopPlace:58825,Raufoss stasjon,2026-09-07T08:45:00+02:00,2026-09-07T08:45:44+02:00,,44.0,1,Gjøvik-Kapp,INN:Line:46,Lena-Raufoss-Gjøvik-Kapp-Lena,B46,bus,INN:ServiceJourney:76824,True,expected,False,,,,,2026-09-07T08:42:24.659182+02:00
NSR:StopPlace:62336,Knapstad stasjon,2026-09-07T07:28:00+02:00,2026-09-07T07:28:44+02:00,,44.0,1,Rakkestad,VYG:Line:R22,Skøyen-Oslo S-Mysen-Rakkestad,R22,rail,VYG:ServiceJourney:1905_443439-R,True,expected,False,,,,,2026-09-07T08:42:24.659182+02:00
NSR:StopPlace:61315,Nerdrum stasjon,2026-09-08T00:20:00+02:00,2026-09-08T00:20:43+02:00,,43.0,1,Kongsvinger,VYG:Line:R14,Asker-Oslo S-Kongsvinger,R14,rail,VYG:ServiceJourney:1039_442951-R,True,expected,False,,,,,2026-09-08T00:20:52.129880+02:00
NSR:StopPlace:58853,Kolbotn stasjon,2026-09-07T22:48:00+02:00,2026-09-07T22:48:43+02:00,,43.0,1,Ski,VYG:Line:L2,Stabekk-Oslo S-Ski,L2,rail,VYG:ServiceJourney:2869_444112-R,True,expected,False,,,,,2026-09-08T00:20:52.129880+02:00
NSR:StopPlace:61464,Hvalstad stasjon,2026-09-07T20:40:00+02:00,2026-09-07T20:40:43+02:00,,43.0,1,Lillestrøm,VYG:Line:L1,Spikkestad-Oslo S-Lillestrøm,L1,rail,VYG:ServiceJourney:2266_443696-R,True,expected,False,,,,,2026-09-07T20:27:16.249662+02:00
NSR:StopPlace:61315,Nerdrum stasjon,2026-09-07T20:39:00+02:00,2026-09-07T20:39:43+02:00,,43.0,1,Asker,VYG:Line:R14,Asker-Oslo S-Kongsvinger,R14,rail,VYG:ServiceJourney:1032_442943-R,True,expected,False,,,,,2026-09-07T20:27:16.249662+02:00
NSR:StopPlace:58936,Skatval stasjon,2026-09-07T15:52:00+02:00,2026-09-07T15:52:43+02:00,,43.0,1,Ler,SJN:Line:26,Trønderbanen,R70,rail,SJN:ServiceJourney:440_56069-R,True,expected,False,,,,,2026-09-07T15:44:36.205822+02:00
NSR:StopPlace:59637,Rosenholm stasjon,2026-09-07T22:46:00+02:00,2026-09-07T22:46:42+02:00,,42.0,1,Ski,VYG:Line:L2,Stabekk-Oslo S-Ski,L2,rail,VYG:ServiceJourney:2869_444112-R,True,expected,False,,,,,2026-09-08T00:20:52.129880+02:00
NSR:StopPlace:59952,Drammen stasjon,2026-09-07T09:00:00+02:00,2026-09-07T09:00:42+02:00,,42.0,1,Bergen,VYG:Line:F4,Oslo S-Bergen,F4,rail,VYG:ServiceJourney:63-LOD_580500-R,True,expected,False,,,,,2026-09-07T08:42:24.659182+02:00
NSR:StopPlace:62335,Eidsberg stasjon,2026-09-07T06:58:00+02:00,2026-09-07T06:58:42+02:00,,42.0,1,Rakkestad,VYG:Line:R22,Skøyen-Oslo S-Mysen-Rakkestad,R22,rail,VYG:ServiceJourney:1903_443437-R,True,expected,False,,,,,2026-09-07T08:42:24.659182+02:00
NSR:StopPlace:271,Lademoen stasjon,2026-09-07T23:18:00+02:00,2026-09-07T23:18:41+02:00,,41.0,1,Steinkjer,SJN:Line:26,Trønderbanen,R70,rail,SJN:ServiceJourney:457-SOeB_56085-R,True,expected,False,,,,,2026-09-08T00:20:52.129880+02:00
NSR:StopPlace:60017,Slitu stasjon,2026-09-07T19:50:00+02:00,2026-09-07T19:50:41+02:00,,41.0,1,Rakkestad,VYG:Line:R22,Skøyen-Oslo S-Mysen-Rakkestad,R22,rail,VYG:ServiceJourney:1929_443482-R,True,expected,False,,,,,2026-09-07T20:27:16.249662+02:00
NSR:StopPlace:58826,Reinsvoll stasjon,2026-09-07T08:04:00+02:00,2026-09-07T08:04:41+02:00,,41.0,1,Bøverbru sk-Reinsvoll sk-Raufoss,INN:Line:405,Gjøvik-Bøverbru-Reins.-Raufoss,405,bus,INN:ServiceJourney:76441,True,expected,False,,,,,2026-09-07T08:42:24.659182+02:00
NSR:StopPlace:500,Bellingmo stasjon,2026-09-07T09:28:00+02:00,2026-09-07T09:28:41+02:00,,41.0,1,Hamar,SJN:Line:25,Rørosbanen,R60,rail,SJN:ServiceJourney:2382_48224-R,True,expected,False,,,,,2026-09-07T08:42:24.659182+02:00
NSR:StopPlace:61413,Heia stasjon,2026-09-07T22:48:00+02:00,2026-09-07T22:48:40+02:00,,40.0,1,Oslo S,VYG:Line:R22,Skøyen-Oslo S-Mysen-Rakkestad,R22,rail,VYG:ServiceJourney:1940_443496-R,True,expected,False,,,,,2026-09-08T00:20:52.129880+02:00
NSR:StopPlace:59649,Nydalen stasjon,2026-09-08T00:31:00+02:00,2026-09-08T00:31:40+02:00,,40.0,1,Simensbråten,RUT:Line:23,Lysaker - Simensbråten,23,bus,RUT:ServiceJourney:34b9426a78fee4240c00d9db88d35592,True,expected,False,,,,,2026-09-08T00:20:52.129880+02:00
NSR:StopPlace:58838,Røyken stasjon,2026-09-07T19:19:00+02:00,2026-09-07T19:19:40+02:00,,40.0,1,Lillestrøm,VYG:Line:L1,Spikkestad-Oslo S-Lillestrøm,L1,rail,VYG:ServiceJourney:2262_443690-R,True,expected,False,,,,,2026-09-07T20:27:16.249662+02:00
NSR:StopPlace:58850,Hauerseter stasjon,2026-09-07T20:30:00+02:00,2026-09-07T20:30:40+02:00,,40.0,1,Drammen,VYG:Line:R13,Drammen-Oslo S-Dal,R13,rail,VYG:ServiceJourney:1664_481175-R,True,expected,False,,,,,2026-09-07T20:27:16.249662+02:00
NSR:StopPlace:58936,Skatval stasjon,2026-09-07T16:01:00+02:00,2026-09-07T16:01:40+02:00,,40.0,1,Øvre Langstein,ATB:Line:2_7702,Langstein - Skatval - Halsen,7702,bus,ATB:ServiceJourney:7702_260106098642009_13,True,expected,False,,,,,2026-09-07T15:44:36.205822+02:00
NSR:StopPlace:58884,Skien stasjon,2026-09-07T15:55:00+02:00,2026-09-07T15:55:40+02:00,,40.0,1,Porsgrunn,VYG:Line:R55,Porsgrunn-Notodden,R55,rail,VYG:ServiceJourney:BUS-2483_698794-R,True,expected,False,,,,,2026-09-07T15:44:36.205822+02:00
NSR:StopPlace:61413,Heia stasjon,2026-09-07T06:43:00+02:00,2026-09-07T06:43:40+02:00,,40.0,1,Oslo S,VYG:Line:R22,Skøyen-Oslo S-Mysen-Rakkestad,R22,rail,VYG:ServiceJourney:1908_443445-R,True,expected,False,,,,,2026-09-07T08:42:24.659182+02:00
NSR:StopPlace:59647,Dal stasjon,2026-09-07T09:01:00+02:00,2026-09-07T09:01:40+02:00,,40.0,1,Eidsvoll,RUT:Line:430,Eidsvoll - Jessheim,430,bus,RUT:ServiceJourney:a4622247f08220e77dc6af8bdcb46266,True,expected,False,,,,,2026-09-07T08:42:24.659182+02:00
NSR:StopPlace:59243,Mo i Rana stasjon,2026-09-07T09:23:00+02:00,2026-09-07T09:23:40+02:00,,40.0,1,Grubbåsen,NOR:Line:12_8371,Grubbåsen - Båsmobakken/Skillevollen,1,bus,NOR:ServiceJourney:8371_251012124858562_2011,True,expected,False,,,,,2026-09-07T08:42:24.659182+02:00
NSR:StopPlace:58838,Røyken stasjon,2026-09-07T06:19:00+02:00,2026-09-07T06:19:40+02:00,,40.0,1,Lillestrøm,VYG:Line:L1,Spikkestad-Oslo S-Lillestrøm,L1,rail,VYG:ServiceJourney:2210_443601-R,True,expected,False,Færre vogner,Denne avgangen kjører dessverre med 4 vogner i stedet for 8 vogner. Dette skyldes at vi mangler et togsett.,general,normal,2026-09-07T08:42:24.659182+02:00
NSR:StopPlace:58803,Tomter stasjon,2026-09-07T06:37:00+02:00,2026-09-07T06:37:40+02:00,,40.0,1,Svikebøl,OST:Line:1_410,Elvestad-Svikebøl,410,bus,OST:ServiceJourney:410_260327065877691_1,True,expected,False,,,,,2026-09-07T08:42:24.659182+02:00
NSR:StopPlace:58810,Løten stasjon,2026-09-07T08:27:00+02:00,2026-09-07T08:27:40+02:00,,40.0,1,Hedemarken friskole,INN:Line:692,Hamar - Ådalsbruk - Løten,692,bus,INN:ServiceJourney:84302,True,expected,False,,,,,2026-09-07T08:42:24.659182+02:00
NSR:StopPlace:58857,Lørenskog stasjon,2026-09-08T00:21:00+02:00,2026-09-08T00:21:39+02:00,,39.0,1,Spikkestad,VYG:Line:L1,Spikkestad-Oslo S-Lillestrøm,L1,rail,VYG:ServiceJourney:2279_443715-R,True,expected,False,,,,,2026-09-08T00:20:52.129880+02:00
NSR:StopPlace:58861,Solbråtan stasjon,2026-09-08T00:41:00+02:00,2026-09-08T00:41:39+02:00,,39.0,1,Tårnåsen,RUT:Line:83,Jernbanetorget - Tårnåsen,83,bus,RUT:ServiceJourney:c31b39d7296eda2fce23ca6a35e3eca3,True,expected,False,Linje 80E og 83 får Hausmanns bru som ny endeholdeplass fra 29. juni,"Bussene stopper ikke på Jernbanetorget etter 29. juni, men starter og stopper på Hausmanns bru i Nylandsveien.",incident,normal,2026-09-08T00:20:52.129880+02:00
NSR:StopPlace:62336,Knapstad stasjon,2026-09-07T23:23:00+02:00,2026-09-07T23:23:39+02:00,,39.0,1,Oslo S,VYG:Line:R22,Skøyen-Oslo S-Mysen-Rakkestad,R22,rail,VYG:ServiceJourney:1940_443496-R,True,expected,False,,,,,2026-09-08T00:20:52.129880+02:00
NSR:StopPlace:6,Greverud stasjon,2026-09-07T20:33:00+02:00,2026-09-07T20:33:39+02:00,,39.0,1,Oslo S,VYG:Line:L2,Stabekk-Oslo S-Ski,L2,rail,VYG:ServiceJourney:2866_444109-R,True,expected,False,,,,,2026-09-07T20:27:16.249662+02:00
NSR:StopPlace:62335,Eidsberg stasjon,2026-09-07T17:50:00+02:00,2026-09-07T17:50:39+02:00,,39.0,1,Oslo S,VYG:Line:R22,Skøyen-Oslo S-Mysen-Rakkestad,R22,rail,VYG:ServiceJourney:1930-RST_443484-R,True,expected,False,,,,,2026-09-07T20:27:16.249662+02:00
NSR:StopPlace:61463,Nordstrand stasjon,2026-09-07T15:52:00+02:00,2026-09-07T15:52:39+02:00,,39.0,1,Ski,VYG:Line:L2,Stabekk-Oslo S-Ski,L2,rail,VYG:ServiceJourney:2743-HVK_443953-R,True,expected,False,Færre vogner,Denne avgangen kjører dessverre med 3 vogner i stedet for 6 vogner. Dette skyldes at vi mangler et togsett.,general,normal,2026-09-07T15:44:36.205822+02:00
NSR:StopPlace:58834,Hokksund stasjon,2026-09-07T15:57:00+02:00,2026-09-07T15:57:39+02:00,,39.0,1,Drammen via Mjøndalen,BRA:Line:4_6101,Drammen-Vikersund/Hønefoss,101,bus,BRA:ServiceJourney:6101_260415100161312_1042,True,expected,False,,,,,2026-09-07T15:44:36.205822+02:00
NSR:StopPlace:58839,Steinberg stasjon,2026-09-07T16:05:00+02:00,2026-09-07T16:05:39+02:00,,39.0,1,Drammen via Mjøndalen,BRA:Line:4_6101,Drammen-Vikersund/Hønefoss,101,bus,BRA:ServiceJourney:6101_260415100161312_1042,True,expected,False,,,,,2026-09-07T15:44:36.205822+02:00
NSR:StopPlace:62309,Ljan stasjon,2026-09-07T15:54:00+02:00,2026-09-07T15:54:39+02:00,,39.0,1,Ski,VYG:Line:L2,Stabekk-Oslo S-Ski,L2,rail,VYG:ServiceJourney:2743-HVK_443953-R,True,expected,False,Færre vogner,Denne avgangen kjører dessverre med 3 vogner i stedet for 6 vogner. Dette skyldes at vi mangler et togsett.,general,normal,2026-09-07T15:44:36.205822+02:00
NSR:StopPlace:61897,Bryn stasjon,2026-09-07T08:45:00+02:00,2026-09-07T08:45:39+02:00,,39.0,1,Lillestrøm,VYG:Line:L1,Spikkestad-Oslo S-Lillestrøm,L1,rail,VYG:ServiceJourney:2216_445310-R,True,expected,False,Færre vogner,Denne avgangen kjører dessverre med 4 vogner i stedet for 8 vogner. Dette skyldes at vi mangler et togsett.,general,normal,2026-09-07T08:42:24.659182+02:00
NSR:StopPlace:58848,Haga stasjon,2026-09-07T09:03:00+02:00,2026-09-07T09:03:39+02:00,,39.0,1,Rånåsfoss,RUT:Line:455,Årnes -Rånåsfoss,455,bus,RUT:ServiceJourney:8d51b76bce868a244b7fdd9767943399,True,expected,False,,,,,2026-09-07T08:42:24.659182+02:00
NSR:StopPlace:58868,Årnes stasjon,2026-09-07T08:45:00+02:00,2026-09-07T08:45:39+02:00,,39.0,1,Rånåsfoss,RUT:Line:455,Årnes -Rånåsfoss,455,bus,RUT:ServiceJourney:8d51b76bce868a244b7fdd9767943399,True,expected,False,,,,,2026-09-07T08:42:24.659182+02:00
NSR:StopPlace:58874,Stokke stasjon,2026-09-07T08:56:00+02:00,2026-09-07T08:56:39+02:00,,39.0,1,Eidsvoll,VYG:Line:RE11,Eidsvoll-Oslo S-Skien,RE11,rail,VYG:ServiceJourney:810_481328-R,True,expected,False,,,,,2026-09-07T08:42:24.659182+02:00
NSR:StopPlace:58795,Kambo stasjon,2026-09-07T20:30:00+02:00,2026-09-07T20:30:38+02:00,,38.0,1,Stabekk,VYG:Line:R21,Stabekk-Oslo S-Moss,R21,rail,VYG:ServiceJourney:1166-MOS_443058-R,True,expected,False,,,,,2026-09-07T20:27:16.249662+02:00
NSR:StopPlace:58931,Fannrem stasjon,2026-09-07T15:52:00+02:00,2026-09-07T15:52:38+02:00,,38.0,1,Meldal rutebilst. via Løkken st.,ATB:Line:2_460,Orkanger - Meldal - Berkåk,460,bus,ATB:ServiceJourney:460_260106098640557_12,True,expected,False,,,,,2026-09-07T15:44:36.205822+02:00
NSR:StopPlace:61413,Heia stasjon,2026-09-07T05:36:00+02:00,2026-09-07T05:36:38+02:00,,38.0,1,Oslo S,VYG:Line:R22,Skøyen-Oslo S-Mysen-Rakkestad,R22,rail,VYG:ServiceJourney:1906_443441-R,True,expected,False,,,,,2026-09-07T08:42:24.659182+02:00
NSR:StopPlace:58838,Røyken stasjon,2026-09-07T05:49:00+02:00,2026-09-07T05:49:38+02:00,,38.0,1,Lillestrøm,VYG:Line:L1,Spikkestad-Oslo S-Lillestrøm,L1,rail,VYG:ServiceJourney:2208_764738-R,True,expected,False,Færre vogner,Denne avgangen kjører dessverre med 4 vogner i stedet for 8 vogner. Dette skyldes at vi mangler et togsett.,general,normal,2026-09-07T08:42:24.659182+02:00
NSR:StopPlace:58838,Røyken stasjon,2026-09-07T07:59:00+02:00,2026-09-07T07:59:38+02:00,,38.0,1,Spikkestad,VYG:Line:L1,Spikkestad-Oslo S-Lillestrøm,L1,rail,VYG:ServiceJourney:2209_443598-R,True,expected,False,,,,,2026-09-07T08:42:24.659182+02:00
NSR:StopPlace:58861,Solbråtan stasjon,2026-09-07T07:05:00+02:00,2026-09-07T07:05:38+02:00,,38.0,1,Ski,VYG:Line:L2,Stabekk-Oslo S-Ski,L2,rail,VYG:ServiceJourney:2707-HVK_443913-R,True,expected,False,,,,,2026-09-07T08:42:24.659182+02:00
NSR:StopPlace:59649,Nydalen stasjon,2026-09-07T03:33:00+02:00,2026-09-07T03:33:38+02:00,,38.0,1,Oslo lufthavn,NBU:Line:cb7b555c-f96e-42d5-84bf-a5e08c0145c2,Radiumhospitalet via Økern-Storo-Tåsen,FB3,bus,NBU:ServiceJourney:2a1f9e25-a384-4773-a648-91bce13fb380,True,expected,False,,,,,2026-09-07T03:30:22.110925+02:00
NSR:StopPlace:61413,Heia stasjon,2026-09-07T18:48:00+02:00,2026-09-07T18:48:37+02:00,,37.0,1,Oslo S,VYG:Line:R22,Skøyen-Oslo S-Mysen-Rakkestad,R22,rail,VYG:ServiceJourney:1932_443486-R,True,expected,False,,,,,2026-09-07T20:27:16.249662+02:00
NSR:StopPlace:60077,Støren stasjon,2026-09-07T20:42:00+02:00,2026-09-07T20:42:37+02:00,,37.0,1,Trondheim S,ATB:Line:2_340,Trondheim - Støren,340,bus,ATB:ServiceJourney:340_260106098639885_35,True,expected,False,,,,,2026-09-07T20:27:16.249662+02:00
NSR:StopPlace:59641,Fjellhamar stasjon,2026-09-07T15:48:00+02:00,2026-09-07T15:48:37+02:00,,37.0,1,Lillestrøm,VYG:Line:L1,Spikkestad-Oslo S-Lillestrøm,L1,rail,VYG:ServiceJourney:2142_443550-R,True,expected,False,,,,,2026-09-07T15:44:36.205822+02:00
NSR:StopPlace:60737,Bondivann stasjon,2026-09-07T06:30:00+02:00,2026-09-07T06:30:37+02:00,,37.0,1,Lillestrøm,VYG:Line:L1,Spikkestad-Oslo S-Lillestrøm,L1,rail,VYG:ServiceJourney:2210_443601-R,True,expected,False,Færre vogner,Denne avgangen kjører dessverre med 4 vogner i stedet for 8 vogner. Dette skyldes at vi mangler et togsett.,general,normal,2026-09-07T08:42:24.659182+02:00
NSR:StopPlace:58838,Røyken stasjon,2026-09-07T06:49:00+02:00,2026-09-07T06:49:37+02:00,,37.0,1,Lillestrøm,VYG:Line:L1,Spikkestad-Oslo S-Lillestrøm,L1,rail,VYG:ServiceJourney:2212_764749-R,True,expected,False,Færre vogner,Denne avgangen kjører dessverre med 4 vogner i stedet for 8 vogner. Dette skyldes at vi mangler et togsett.,general,normal,2026-09-07T08:42:24.659182+02:00
NSR:StopPlace:58861,Solbråtan stasjon,2026-09-07T22:50:00+02:00,2026-09-07T22:50:36+02:00,,36.0,1,Ski,VYG:Line:L2,Stabekk-Oslo S-Ski,L2,rail,VYG:ServiceJourney:2869_444112-R,True,expected,False,,,,,2026-09-08T00:20:52.129880+02:00
NSR:StopPlace:61413,Heia stasjon,2026-09-07T13:48:00+02:00,2026-09-07T13:48:36+02:00,,36.0,1,Oslo S,VYG:Line:R22,Skøyen-Oslo S-Mysen-Rakkestad,R22,rail,VYG:ServiceJourney:1922_673815-R,True,expected,False,,,,,2026-09-07T15:44:36.205822+02:00
NSR:StopPlace:398,Arna stasjon,2026-09-07T15:46:00+02:00,2026-09-07T15:46:36+02:00,,36.0,1,Oslo S,VYG:Line:F4,Oslo S-Bergen,F4,rail,VYG:ServiceJourney:64-BRG_444368-R,True,expected,False,,,,,2026-09-07T15:44:36.205822+02:00
NSR:StopPlace:291,Nisterud stasjon,2026-09-07T05:36:00+02:00,2026-09-07T05:36:36+02:00,,36.0,1,Notodden,VYG:Line:R55,Porsgrunn-Notodden,R55,rail,VYG:ServiceJourney:2470_443743-R,True,expected,False,,,,,2026-09-07T08:42:24.659182+02:00
NSR:StopPlace:6,Greverud stasjon,2026-09-07T18:40:00+02:00,2026-09-07T18:40:35+02:00,,35.0,1,Ski,VYG:Line:L2,Stabekk-Oslo S-Ski,L2,rail,VYG:ServiceJourney:2753-HVK_443964-R,True,expected,False,,,,,2026-09-07T20:27:16.249662+02:00
NSR:StopPlace:59789,Skotbu stasjon,2026-09-07T17:24:00+02:00,2026-09-07T17:24:35+02:00,,35.0,1,Rakkestad,VYG:Line:R22,Skøyen-Oslo S-Mysen-Rakkestad,R22,rail,VYG:ServiceJourney:1925_443475-R,True,expected,False,,,,,2026-09-07T20:27:16.249662+02:00
NSR:StopPlace:60017,Slitu stasjon,2026-09-07T19:04:00+02:00,2026-09-07T19:04:35+02:00,,35.0,1,Oslo S,VYG:Line:R22,Skøyen-Oslo S-Mysen-Rakkestad,R22,rail,VYG:ServiceJourney:1932_443486-R,True,expected,False,,,,,2026-09-07T20:27:16.249662+02:00
NSR:StopPlace:59638,Myrvoll stasjon,2026-09-07T18:38:00+02:00,2026-09-07T18:38:35+02:00,,35.0,1,Ski,VYG:Line:L2,Stabekk-Oslo S-Ski,L2,rail,VYG:ServiceJourney:2753-HVK_443964-R,True,expected,False,,,,,2026-09-07T20:27:16.249662+02:00
NSR:StopPlace:58839,Steinberg stasjon,2026-09-07T16:24:00+02:00,2026-09-07T16:24:35+02:00,,35.0,1,Hokksund,BRA:Line:4_6101,Drammen-Vikersund/Hønefoss,101,bus,BRA:ServiceJourney:6101_260415100161217_1037,True,expected,False,,,,,2026-09-07T15:44:36.205822+02:00
NSR:StopPlace:59651,Skøyen stasjon,2026-09-07T03:36:00+02:00,2026-09-07T03:36:35+02:00,,35.0,1,Fornebu,RUT:Line:31,Snarøya - Fornebu - Tonsenhagen - Grorud,31,bus,RUT:ServiceJourney:b95056749a34fd3f9ea52098ab48b8d6,True,expected,False,,,,,2026-09-07T03:30:22.110925+02:00
NSR:StopPlace:58856,Lysaker stasjon,2026-09-07T03:41:00+02:00,2026-09-07T03:41:35+02:00,,35.0,1,Fornebu,RUT:Line:31,Snarøya - Fornebu - Tonsenhagen - Grorud,31,bus,RUT:ServiceJourney:b95056749a34fd3f9ea52098ab48b8d6,True,expected,False,,,,,2026-09-07T03:30:22.110925+02:00
NSR:StopPlace:58843,Blommenholm stasjon,2026-09-07T20:34:00+02:00,2026-09-07T20:34:34+02:00,,34.0,1,Lillestrøm,VYG:Line:L1,Spikkestad-Oslo S-Lillestrøm,L1,rail,VYG:ServiceJourney:2164_443574-R,True,expected,False,,,,,2026-09-07T20:27:16.249662+02:00
NSR:StopPlace:62336,Knapstad stasjon,2026-09-07T15:32:00+02:00,2026-09-07T15:32:34+02:00,,34.0,1,Rakkestad,VYG:Line:R22,Skøyen-Oslo S-Mysen-Rakkestad,R22,rail,VYG:ServiceJourney:1921_443467-R,True,expected,False,,,,,2026-09-07T15:44:36.205822+02:00
NSR:StopPlace:61413,Heia stasjon,2026-09-07T07:48:00+02:00,2026-09-07T07:48:34+02:00,,34.0,1,Oslo S,VYG:Line:R22,Skøyen-Oslo S-Mysen-Rakkestad,R22,rail,VYG:ServiceJourney:1910_443448-R,True,expected,False,,,,,2026-09-07T08:42:24.659182+02:00
NSR:StopPlace:58861,Solbråtan stasjon,2026-09-07T06:20:00+02:00,2026-09-07T06:20:34+02:00,,34.0,1,Ski,VYG:Line:L2,Stabekk-Oslo S-Ski,L2,rail,VYG:ServiceJourney:2803_444016-R,True,expected,False,,,,,2026-09-07T08:42:24.659182+02:00
NSR:StopPlace:58818,Gran stasjon,2026-09-07T08:25:00+02:00,2026-09-07T08:25:34+02:00,,34.0,1,Roa,VYG:Line:RE30,Oslo S-Gjøvik,RE30,rail,VYG:ServiceJourney:1208-GJOe_589122-R,True,expected,False,,,,,2026-09-07T08:42:24.659182+02:00
NSR:StopPlace:61413,Heia stasjon,2026-09-07T16:50:00+02:00,2026-09-07T16:50:33+02:00,,33.0,1,Oslo S,VYG:Line:R22,Skøyen-Oslo S-Mysen-Rakkestad,R22,rail,VYG:ServiceJourney:1928_443481-R,True,expected,False,,,,,2026-09-07T20:27:16.249662+02:00
NSR:StopPlace:58871,Sande stasjon,2026-09-07T19:24:00+02:00,2026-09-07T19:24:33+02:00,,33.0,1,Skien,VYG:Line:RE11,Eidsvoll-Oslo S-Skien,RE11,rail,VYG:ServiceJourney:829_444409-R,True,expected,False,,,,,2026-09-07T20:27:16.249662+02:00
NSR:StopPlace:58886,Arendal stasjon,2026-09-07T20:07:00+02:00,2026-09-07T20:07:33+02:00,,33.0,1,Arendal sentrum,AKT:Line:101,Eydehavn-Arendal-Grimstad N/S,101,bus,AKT:ServiceJourney:71770_461_32_142800_144180_3911100,True,expected,False,,,,,2026-09-07T20:27:16.249662+02:00
NSR:StopPlace:58825,Raufoss stasjon,2026-09-07T19:45:00+02:00,2026-09-07T19:45:33+02:00,,33.0,1,Roa,VYG:Line:R31,Skøyen-Jaren-Gjøvik,R31,rail,VYG:ServiceJourney:232-GJOe_648914-R,True,expected,False,,,,,2026-09-07T20:27:16.249662+02:00
NSR:StopPlace:101,Sagdalen stasjon,2026-09-07T20:28:00+02:00,2026-09-07T20:28:33+02:00,,33.0,1,Asker,VYG:Line:L1,Spikkestad-Oslo S-Lillestrøm,L1,rail,VYG:ServiceJourney:2163_443573-R,True,expected,False,,,,,2026-09-07T20:27:16.249662+02:00
NSR:StopPlace:58838,Røyken stasjon,2026-09-07T16:49:00+02:00,2026-09-07T16:49:32+02:00,,32.0,1,Lillestrøm,VYG:Line:L1,Spikkestad-Oslo S-Lillestrøm,L1,rail,VYG:ServiceJourney:2252_445350-R,True,expected,False,,,,,2026-09-07T20:27:16.249662+02:00
NSR:StopPlace:58838,Røyken stasjon,2026-09-07T19:59:00+02:00,2026-09-07T19:59:32+02:00,,32.0,1,Spikkestad,VYG:Line:L1,Spikkestad-Oslo S-Lillestrøm,L1,rail,VYG:ServiceJourney:2257_443680-R,True,expected,False,,,,,2026-09-07T20:27:16.249662+02:00
NSR:StopPlace:58870,Holmestrand stasjon,2026-09-07T15:57:00+02:00,2026-09-07T15:57:32+02:00,,32.0,1,Skien,VYG:Line:RX11,Eidsvoll-Oslo S-Skien,RX11,rail,VYG:ServiceJourney:853-LOD_554644-R,True,expected,False,,,,,2026-09-07T15:44:36.205822+02:00
NSR:StopPlace:61413,Heia stasjon,2026-09-07T07:02:00+02:00,2026-09-07T07:02:32+02:00,,32.0,1,Rakkestad,VYG:Line:R22,Skøyen-Oslo S-Mysen-Rakkestad,R22,rail,VYG:ServiceJourney:1903_443437-R,True,expected,False,,,,,2026-09-07T08:42:24.659182+02:00
NSR:StopPlace:59174,Løkken stasjon,2026-09-07T08:50:00+02:00,2026-09-07T08:50:32+02:00,,32.0,1,Meldal rutebilstasjon,ATB:Line:2_460,Orkanger - Meldal - Berkåk,460,bus,ATB:ServiceJourney:460_260106098640553_6,True,expected,False,,,,,2026-09-07T08:42:24.659182+02:00
NSR:StopPlace:58817,Eina stasjon,2026-09-07T23:51:00+02:00,2026-09-07T23:51:31+02:00,,31.0,1,Gjøvik,VYG:Line:R31,Skøyen-Jaren-Gjøvik,R31,rail,VYG:ServiceJourney:235-ROA_589364-R,True,expected,False,,,,,2026-09-08T00:20:52.129880+02:00
NSR:StopPlace:58852,Høn stasjon,2026-09-07T20:36:00+02:00,2026-09-07T20:36:31+02:00,,31.0,1,Lillestrøm,VYG:Line:L1,Spikkestad-Oslo S-Lillestrøm,L1,rail,VYG:ServiceJourney:2266_443696-R,True,expected,False,,,,,2026-09-07T20:27:16.249662+02:00
NSR:StopPlace:291,Nisterud stasjon,2026-09-07T18:10:00+02:00,2026-09-07T18:10:31+02:00,,31.0,1,Notodden,VYG:Line:R55,Porsgrunn-Notodden,R55,rail,VYG:ServiceJourney:2486_443756-R,True,expected,False,,,,,2026-09-07T20:27:16.249662+02:00
NSR:StopPlace:698,Skiple stasjon,2026-09-07T19:20:00+02:00,2026-09-07T19:20:31+02:00,,31.0,1,Bergen,VYG:Line:R40,Bergen-Voss-Myrdal-Ål,R40,rail,VYG:ServiceJourney:1835_477934-R,True,expected,False,,,,,2026-09-07T20:27:16.249662+02:00
NSR:StopPlace:62393,Billingstad stasjon,2026-09-07T16:06:00+02:00,2026-09-07T16:06:31+02:00,,31.0,1,Spikkestad,VYG:Line:L1,Spikkestad-Oslo S-Lillestrøm,L1,rail,VYG:ServiceJourney:2243_443656-R,True,expected,False,,,,,2026-09-07T15:44:36.205822+02:00
NSR:StopPlace:60737,Bondivann stasjon,2026-09-07T08:30:00+02:00,2026-09-07T08:30:31+02:00,,31.0,1,Lillestrøm,VYG:Line:L1,Spikkestad-Oslo S-Lillestrøm,L1,rail,VYG:ServiceJourney:2218_443613-R,True,expected,False,,,,,2026-09-07T08:42:24.659182+02:00
NSR:StopPlace:58861,Solbråtan stasjon,2026-09-07T07:50:00+02:00,2026-09-07T07:50:31+02:00,,31.0,1,Ski,VYG:Line:L2,Stabekk-Oslo S-Ski,L2,rail,VYG:ServiceJourney:2809-HVK_444020-R,True,expected,False,Færre vogner,Denne avgangen kjører dessverre med 3 vogner i stedet for 6 vogner. Dette skyldes at vi mangler et togsett.,general,normal,2026-09-07T08:42:24.659182+02:00
NSR:StopPlace:58875,Torp stasjon,2026-09-07T05:09:00+02:00,2026-09-07T05:09:31+02:00,,31.0,1,Oslo lufthavn,VYG:Line:RX11,Eidsvoll-Oslo S-Skien,RX11,rail,VYG:ServiceJourney:852_444422-R,True,expected,False,,,,,2026-09-07T08:42:24.659182+02:00
NSR:StopPlace:291,Nisterud stasjon,2026-09-07T08:08:00+02:00,2026-09-07T08:08:31+02:00,,31.0,1,Notodden,VYG:Line:R55,Porsgrunn-Notodden,R55,rail,VYG:ServiceJourney:2474_443746-R,True,expected,False,,,,,2026-09-07T08:42:24.659182+02:00
NSR:StopPlace:59651,Skøyen stasjon,2026-09-07T03:41:00+02:00,2026-09-07T03:41:31+02:00,,31.0,1,Grorud T,RUT:Line:31,Snarøya - Fornebu - Tonsenhagen - Grorud,31,bus,RUT:ServiceJourney:cbf5923fa918fd6af149c0feba06ca56,True,expected,False,,,,,2026-09-07T03:30:22.110925+02:00
NSR:StopPlace:58404,Nationaltheatret,2026-09-07T03:51:00+02:00,2026-09-07T03:51:31+02:00,,31.0,1,Nydalen T,RUT:Line:37,Nydalen T - Helsfyr,37,bus,RUT:ServiceJourney:7d189e0a2048e79d33e5ac75f52ea7fb,True,expected,False,,,,,2026-09-07T03:30:22.110925+02:00
NSR:StopPlace:58404,Nationaltheatret,2026-09-07T03:52:00+02:00,2026-09-07T03:52:31+02:00,,31.0,1,Grorud T,RUT:Line:31,Snarøya - Fornebu - Tonsenhagen - Grorud,31,bus,RUT:ServiceJourney:cbf5923fa918fd6af149c0feba06ca56,True,expected,False,,,,,2026-09-07T03:30:22.110925+02:00
NSR:StopPlace:58856,Lysaker stasjon,2026-09-07T03:36:00+02:00,2026-09-07T03:36:31+02:00,,31.0,1,Grorud T,RUT:Line:31,Snarøya - Fornebu - Tonsenhagen - Grorud,31,bus,RUT:ServiceJourney:cbf5923fa918fd6af149c0feba06ca56,True,expected,False,,,,,2026-09-07T03:30:22.110925+02:00
NSR:StopPlace:59952,Drammen stasjon,2026-09-07T18:13:00+02:00,2026-09-07T18:13:30+02:00,,30.0,1,Neslandsvatn,GOA:Line:50,Sørtoget region,F5,rail,GOA:ServiceJourney:B717-1_20260907-OSL_NVT,True,expected,False,,,,,2026-09-07T20:27:16.249662+02:00
NSR:StopPlace:60603,Kongsberg stasjon,2026-09-07T18:55:00+02:00,2026-09-07T18:55:30+02:00,,30.0,1,Neslandsvatn,GOA:Line:50,Sørtoget region,F5,rail,GOA:ServiceJourney:B717-1_20260907-OSL_NVT,True,expected,False,,,,,2026-09-07T20:27:16.249662+02:00
NSR:StopPlace:58877,Bø stasjon,2026-09-07T20:09:00+02:00,2026-09-07T20:09:30+02:00,,30.0,1,Neslandsvatn,GOA:Line:50,Sørtoget region,F5,rail,GOA:ServiceJourney:B717-1_20260907-OSL_NVT,True,expected,False,,,,,2026-09-07T20:27:16.249662+02:00
NSR:StopPlace:58878,Drangedal stasjon,2026-09-07T21:04:00+02:00,2026-09-07T21:04:30+02:00,,30.0,1,Neslandsvatn,GOA:Line:50,Sørtoget region,F5,rail,GOA:ServiceJourney:B717-1_20260907-OSL_NVT,True,expected,False,,,,,2026-09-07T20:27:16.249662+02:00
NSR:StopPlace:58879,Lunde stasjon,2026-09-07T20:27:00+02:00,2026-09-07T20:27:30+02:00,,30.0,1,Neslandsvatn,GOA:Line:50,Sørtoget region,F5,rail,GOA:ServiceJourney:B717-1_20260907-OSL_NVT,True,expected,False,,,,,2026-09-07T20:27:16.249662+02:00
NSR:StopPlace:58880,Neslandsvatn stasjon,2026-09-07T21:26:00+02:00,2026-09-07T21:26:30+02:00,,30.0,1,Neslandsvatn,GOA:Line:50,Sørtoget region,F5,rail,GOA:ServiceJourney:B717-1_20260907-OSL_NVT,True,expected,False,,,,,2026-09-07T20:27:16.249662+02:00
NSR:StopPlace:58882,Nordagutu stasjon,2026-09-07T19:48:00+02:00,2026-09-07T19:48:30+02:00,,30.0,1,Neslandsvatn,GOA:Line:50,Sørtoget region,F5,rail,GOA:ServiceJourney:B717-1_20260907-OSL_NVT,True,expected,False,,,,,2026-09-07T20:27:16.249662+02:00
NSR:StopPlace:58935,Levanger stasjon,2026-09-07T15:50:00+02:00,2026-09-07T15:50:30+02:00,,30.0,1,Høgberget via Levanger stasjon,ATB:Line:2_604,Levanger - Høgberget,604,bus,ATB:ServiceJourney:604_260106098643110_38,True,expected,False,,,,,2026-09-07T15:44:36.205822+02:00
NSR:StopPlace:58793,Askim stasjon,2026-09-07T15:45:00+02:00,2026-09-07T15:45:30+02:00,,30.0,1,Rakkestad,VYG:Line:R22,Skøyen-Oslo S-Mysen-Rakkestad,R22,rail,VYG:ServiceJourney:1921_443467-R,True,expected,False,,,,,2026-09-07T15:44:36.205822+02:00
NSR:StopPlace:58810,Løten stasjon,2026-09-07T16:21:00+02:00,2026-09-07T16:21:30+02:00,,30.0,1,Løten,INN:Line:26,Brumunddal - Hamar - Løten,B26,bus,INN:ServiceJourney:53996,True,expected,False,,,,,2026-09-07T15:44:36.205822+02:00
NSR:StopPlace:60737,Bondivann stasjon,2026-09-07T07:00:00+02:00,2026-09-07T07:00:30+02:00,,30.0,1,Lillestrøm,VYG:Line:L1,Spikkestad-Oslo S-Lillestrøm,L1,rail,VYG:ServiceJourney:2212_764749-R,True,expected,False,Færre vogner,Denne avgangen kjører dessverre med 4 vogner i stedet for 8 vogner. Dette skyldes at vi mangler et togsett.,general,normal,2026-09-07T08:42:24.659182+02:00
NSR:StopPlace:59244,Egersund stasjon,2026-09-07T07:11:00+02:00,2026-09-07T07:11:30+02:00,,30.0,1,Egersund,GOA:Line:50,Sørtoget region,F5,rail,GOA:ServiceJourney:B701-1_20260907-MOI_EGS,True,expected,False,,,,,2026-09-07T08:42:24.659182+02:00
NSR:StopPlace:58871,Sande stasjon,2026-09-07T06:51:00+02:00,2026-09-07T06:51:30+02:00,,30.0,1,Oslo S,VYG:Line:RX11,Eidsvoll-Oslo S-Skien,RX11,rail,VYG:ServiceJourney:854-SKN_554645-R,True,expected,False,,,,,2026-09-07T08:42:24.659182+02:00
NSR:StopPlace:58861,Solbråtan stasjon,2026-09-08T00:20:00+02:00,2026-09-08T00:20:29+02:00,,29.0,1,Ski,VYG:Line:L2,Stabekk-Oslo S-Ski,L2,rail,VYG:ServiceJourney:2875-BES_488401-R,True,expected,False,,,,,2026-09-08T00:20:52.129880+02:00
NSR:StopPlace:62335,Eidsberg stasjon,2026-09-07T22:52:00+02:00,2026-09-07T22:52:29+02:00,,29.0,1,Oslo S,VYG:Line:R22,Skøyen-Oslo S-Mysen-Rakkestad,R22,rail,VYG:ServiceJourney:1940_443496-R,True,expected,False,,,,,2026-09-08T00:20:52.129880+02:00
NSR:StopPlace:58802,Spydeberg stasjon,2026-09-07T16:16:00+02:00,2026-09-07T16:16:29+02:00,,29.0,1,Svikebøl,OST:Line:1_408,Askim-Spydeberg-Svikebøl,408,bus,OST:ServiceJourney:408_260325121471817_7,True,expected,False,,,,,2026-09-07T15:44:36.205822+02:00
NSR:StopPlace:628,Darbu stasjon,2026-09-07T15:47:00+02:00,2026-09-07T15:47:29+02:00,,29.0,1,Eidsvoll,VYG:Line:R12,Kongsberg-Oslo S-Eidsvoll,R12,rail,VYG:ServiceJourney:524_444328-R,True,expected,False,,,,,2026-09-07T15:44:36.205822+02:00
NSR:StopPlace:58885,Trykkerud stasjon,2026-09-07T08:40:00+02:00,2026-09-07T08:40:29+02:00,,29.0,1,Notodden,VYG:Line:R55,Porsgrunn-Notodden,R55,rail,VYG:ServiceJourney:2474_443746-R,True,expected,False,,,,,2026-09-07T08:42:24.659182+02:00
NSR:StopPlace:62335,Eidsberg stasjon,2026-09-07T06:47:00+02:00,2026-09-07T06:47:29+02:00,,29.0,1,Oslo S,VYG:Line:R22,Skøyen-Oslo S-Mysen-Rakkestad,R22,rail,VYG:ServiceJourney:1908_443445-R,True,expected,False,,,,,2026-09-07T08:42:24.659182+02:00
NSR:StopPlace:60047,Melhus skysstasjon,2026-09-08T00:08:00+02:00,2026-09-08T00:08:28+02:00,,28.0,1,Støren,SJN:Line:26,Trønderbanen,R70,rail,SJN:ServiceJourney:454_56083-R,True,expected,False,,,,,2026-09-08T00:20:52.129880+02:00
NSR:StopPlace:58853,Kolbotn stasjon,2026-09-07T18:03:00+02:00,2026-09-07T18:03:28+02:00,,28.0,1,Ski,VYG:Line:L2,Stabekk-Oslo S-Ski,L2,rail,VYG:ServiceJourney:2751-HVK_443962-R,True,expected,False,Færre vogner,Denne avgangen kjører dessverre med 3 vogner i stedet for 6 vogner. Dette skyldes at vi mangler et togsett.,general,normal,2026-09-07T20:27:16.249662+02:00
NSR:StopPlace:58815,Bleiken stasjon,2026-09-07T20:11:00+02:00,2026-09-07T20:11:28+02:00,,28.0,1,Roa,VYG:Line:R31,Skøyen-Jaren-Gjøvik,R31,rail,VYG:ServiceJourney:232-GJOe_648914-R,True,expected,False,,,,,2026-09-07T20:27:16.249662+02:00
NSR:StopPlace:58825,Raufoss stasjon,2026-09-07T16:03:00+02:00,2026-09-07T16:03:28+02:00,,28.0,1,Raufosshallen,INN:Line:47,Lena-Kapp-Gjøvik-Raufoss-Lena,B47,bus,INN:ServiceJourney:76599,True,expected,False,,,,,2026-09-07T15:44:36.205822+02:00
NSR:StopPlace:101,Sagdalen stasjon,2026-09-07T15:52:00+02:00,2026-09-07T15:52:28+02:00,,28.0,1,Lillestrøm,VYG:Line:L1,Spikkestad-Oslo S-Lillestrøm,L1,rail,VYG:ServiceJourney:2142_443550-R,True,expected,False,,,,,2026-09-07T15:44:36.205822+02:00
NSR:StopPlace:59952,Drammen stasjon,2026-09-07T08:47:00+02:00,2026-09-07T08:47:28+02:00,,28.0,1,Eidsvoll,VYG:Line:RE11,Eidsvoll-Oslo S-Skien,RE11,rail,VYG:ServiceJourney:808_444388-R,True,expected,False,,,,,2026-09-07T08:42:24.659182+02:00
NSR:StopPlace:58838,Røyken stasjon,2026-09-07T22:49:00+02:00,2026-09-07T22:49:27+02:00,,27.0,1,Lillestrøm,VYG:Line:L1,Spikkestad-Oslo S-Lillestrøm,L1,rail,VYG:ServiceJourney:2276_445376-R,True,expected,False,,,,,2026-09-08T00:20:52.129880+02:00
NSR:StopPlace:62335,Eidsberg stasjon,2026-09-07T23:03:00+02:00,2026-09-07T23:03:27+02:00,,27.0,1,Rakkestad,VYG:Line:R22,Skøyen-Oslo S-Mysen-Rakkestad,R22,rail,VYG:ServiceJourney:1935_443489-R,True,expected,False,,,,,2026-09-08T00:20:52.129880+02:00
NSR:StopPlace:59641,Fjellhamar stasjon,2026-09-07T20:32:00+02:00,2026-09-07T20:32:27+02:00,,27.0,1,Asker,VYG:Line:L1,Spikkestad-Oslo S-Lillestrøm,L1,rail,VYG:ServiceJourney:2163_443573-R,True,expected,False,,,,,2026-09-07T20:27:16.249662+02:00
NSR:StopPlace:58866,Vevelstad stasjon,2026-09-07T18:44:00+02:00,2026-09-07T18:44:27+02:00,,27.0,1,Ski,VYG:Line:L2,Stabekk-Oslo S-Ski,L2,rail,VYG:ServiceJourney:2753-HVK_443964-R,True,expected,False,,,,,2026-09-07T20:27:16.249662+02:00
NSR:StopPlace:58860,Oppegård stasjon,2026-09-07T18:42:00+02:00,2026-09-07T18:42:27+02:00,,27.0,1,Ski,VYG:Line:L2,Stabekk-Oslo S-Ski,L2,rail,VYG:ServiceJourney:2753-HVK_443964-R,True,expected,False,,,,,2026-09-07T20:27:16.249662+02:00
NSR:StopPlace:58886,Arendal stasjon,2026-09-07T19:37:00+02:00,2026-09-07T19:37:27+02:00,,27.0,1,Rykene via Arendal sentrum,AKT:Line:102,Tromøy Øst-Arendal-Rykene,102,bus,AKT:ServiceJourney:72020_191_67_138480_141720_40001667,True,expected,False,,,,,2026-09-07T20:27:16.249662+02:00
NSR:StopPlace:59958,Voss stasjon,2026-09-07T15:50:00+02:00,2026-09-07T15:50:27+02:00,,27.0,1,Skjerpe,SKY:Line:964,Voss-Skjerpe/Sivlevegen(Ringbuss),964,bus,SKY:ServiceJourney:964-205165-20969010,True,expected,False,,,,,2026-09-07T15:44:36.205822+02:00
NSR:StopPlace:60017,Slitu stasjon,2026-09-07T06:29:00+02:00,2026-09-07T06:29:27+02:00,,27.0,1,Oslo S,VYG:Line:R22,Skøyen-Oslo S-Mysen-Rakkestad,R22,rail,VYG:ServiceJourney:1952_443498-R,True,expected,False,,,,,2026-09-07T08:42:24.659182+02:00
NSR:StopPlace:58795,Kambo stasjon,2026-09-07T08:55:00+02:00,2026-09-07T08:55:27+02:00,,27.0,1,Moss,VYG:Line:R21,Stabekk-Oslo S-Moss,R21,rail,VYG:ServiceJourney:1113-HVK_442988-R,True,expected,False,,,,,2026-09-07T08:42:24.659182+02:00
NSR:StopPlace:62336,Knapstad stasjon,2026-09-07T07:18:00+02:00,2026-09-07T07:18:27+02:00,,27.0,1,Oslo S,VYG:Line:R22,Skøyen-Oslo S-Mysen-Rakkestad,R22,rail,VYG:ServiceJourney:1908_443445-R,True,expected,False,,,,,2026-09-07T08:42:24.659182+02:00
NSR:StopPlace:62335,Eidsberg stasjon,2026-09-07T05:40:00+02:00,2026-09-07T05:40:27+02:00,,27.0,1,Oslo S,VYG:Line:R22,Skøyen-Oslo S-Mysen-Rakkestad,R22,rail,VYG:ServiceJourney:1906_443441-R,True,expected,False,,,,,2026-09-07T08:42:24.659182+02:00
NSR:StopPlace:60735,Gullhella stasjon,2026-09-07T22:57:00+02:00,2026-09-07T22:57:26+02:00,,26.0,1,Lillestrøm,VYG:Line:L1,Spikkestad-Oslo S-Lillestrøm,L1,rail,VYG:ServiceJourney:2276_445376-R,True,expected,False,,,,,2026-09-08T00:20:52.129880+02:00
NSR:StopPlace:62335,Eidsberg stasjon,2026-09-07T18:52:00+02:00,2026-09-07T18:52:26+02:00,,26.0,1,Oslo S,VYG:Line:R22,Skøyen-Oslo S-Mysen-Rakkestad,R22,rail,VYG:ServiceJourney:1932_443486-R,True,expected,False,,,,,2026-09-07T20:27:16.249662+02:00
NSR:StopPlace:41,Hanaborg stasjon,2026-09-07T16:01:00+02:00,2026-09-07T16:01:26+02:00,,26.0,1,Lillestrøm,VYG:Line:L1,Spikkestad-Oslo S-Lillestrøm,L1,rail,VYG:ServiceJourney:2244_445341-R,True,expected,False,,,,,2026-09-07T15:44:36.205822+02:00
NSR:StopPlace:58832,Geilo stasjon,2026-09-07T15:49:00+02:00,2026-09-07T15:49:26+02:00,,26.0,1,Bergen,VYG:Line:F4,Oslo S-Bergen,F4,rail,VYG:ServiceJourney:601-LOD_456939-R,True,expected,False,,,,,2026-09-07T15:44:36.205822+02:00
NSR:StopPlace:61463,Nordstrand stasjon,2026-09-07T08:52:00+02:00,2026-09-07T08:52:26+02:00,,26.0,1,Ski,VYG:Line:L2,Stabekk-Oslo S-Ski,L2,rail,VYG:ServiceJourney:2715-HVK_443921-R,True,expected,False,,,,,2026-09-07T08:42:24.659182+02:00
NSR:StopPlace:60077,Støren stasjon,2026-09-07T09:02:00+02:00,2026-09-07T09:02:26+02:00,,26.0,1,Oslo S,SJN:Line:21,Dovrebanen,F6,rail,SJN:ServiceJourney:42-TND_47981-R,True,expected,False,,,,,2026-09-07T08:42:24.659182+02:00
NSR:StopPlace:58920,Snartemo stasjon,2026-09-07T08:53:00+02:00,2026-09-07T08:53:26+02:00,,26.0,1,Oslo S,GOA:Line:50,Sørtoget region,F5,rail,GOA:ServiceJourney:706-KVB_63227-R,True,expected,False,,,,,2026-09-07T08:42:24.659182+02:00
NSR:StopPlace:62309,Ljan stasjon,2026-09-07T08:54:00+02:00,2026-09-07T08:54:26+02:00,,26.0,1,Ski,VYG:Line:L2,Stabekk-Oslo S-Ski,L2,rail,VYG:ServiceJourney:2715-HVK_443921-R,True,expected,False,,,,,2026-09-07T08:42:24.659182+02:00
NSR:StopPlace:58838,Røyken stasjon,2026-09-07T21:19:00+02:00,2026-09-07T21:19:25+02:00,,25.0,1,Lillestrøm,VYG:Line:L1,Spikkestad-Oslo S-Lillestrøm,L1,rail,VYG:ServiceJourney:2270_443703-R,True,expected,False,,,,,2026-09-08T00:20:52.129880+02:00
NSR:StopPlace:60737,Bondivann stasjon,2026-09-07T19:19:00+02:00,2026-09-07T19:19:25+02:00,,25.0,1,Spikkestad,VYG:Line:L1,Spikkestad-Oslo S-Lillestrøm,L1,rail,VYG:ServiceJourney:2255_443677-R,True,expected,False,,,,,2026-09-07T20:27:16.249662+02:00
NSR:StopPlace:60735,Gullhella stasjon,2026-09-07T19:21:00+02:00,2026-09-07T19:21:25+02:00,,25.0,1,Spikkestad,VYG:Line:L1,Spikkestad-Oslo S-Lillestrøm,L1,rail,VYG:ServiceJourney:2255_443677-R,True,expected,False,,,,,2026-09-07T20:27:16.249662+02:00
NSR:StopPlace:60017,Slitu stasjon,2026-09-07T14:04:00+02:00,2026-09-07T14:04:25+02:00,,25.0,1,Oslo S,VYG:Line:R22,Skøyen-Oslo S-Mysen-Rakkestad,R22,rail,VYG:ServiceJourney:1922_673815-R,True,expected,False,,,,,2026-09-07T15:44:36.205822+02:00
NSR:StopPlace:62335,Eidsberg stasjon,2026-09-07T13:52:00+02:00,2026-09-07T13:52:25+02:00,,25.0,1,Oslo S,VYG:Line:R22,Skøyen-Oslo S-Mysen-Rakkestad,R22,rail,VYG:ServiceJourney:1922_673815-R,True,expected,False,,,,,2026-09-07T15:44:36.205822+02:00
NSR:StopPlace:58952,Bodø stasjon,2026-09-07T08:47:00+02:00,2026-09-07T08:47:25+02:00,,25.0,1,Tverlandet,NOR:Line:12_8004,Tverlandet - Bodø sentrum - Løpsmarka,4,bus,NOR:ServiceJourney:8004_251012124900557_1010,True,expected,False,,,,,2026-09-07T08:42:24.659182+02:00
NSR:StopPlace:58868,Årnes stasjon,2026-09-07T08:51:00+02:00,2026-09-07T08:51:25+02:00,,25.0,1,Kongsvinger,VYG:Line:R14,Asker-Oslo S-Kongsvinger,R14,rail,VYG:ServiceJourney:1007_442912-R,True,expected,False,,,,,2026-09-07T08:42:24.659182+02:00
NSR:StopPlace:62308,Alna stasjon,2026-09-07T08:47:00+02:00,2026-09-07T08:47:25+02:00,,25.0,1,Asker,VYG:Line:L1,Spikkestad-Oslo S-Lillestrøm,L1,rail,VYG:ServiceJourney:2115_443520-R,True,expected,False,,,,,2026-09-07T08:42:24.659182+02:00
NSR:StopPlace:58924,Bryne stasjon,2026-09-07T23:10:00+02:00,2026-09-07T23:10:24+02:00,,24.0,1,Lyefjell,KOL:Line:8_2017,50,50,bus,KOL:ServiceJourney:2017_260407061540875_2034,True,expected,False,,,,,2026-09-08T00:20:52.129880+02:00
NSR:StopPlace:58838,Røyken stasjon,2026-09-07T21:49:00+02:00,2026-09-07T21:49:24+02:00,,24.0,1,Lillestrøm,VYG:Line:L1,Spikkestad-Oslo S-Lillestrøm,L1,rail,VYG:ServiceJourney:2272_465117-R,True,expected,False,,,,,2026-09-08T00:20:52.129880+02:00
NSR:StopPlace:58838,Røyken stasjon,2026-09-07T22:19:00+02:00,2026-09-07T22:19:24+02:00,,24.0,1,Lillestrøm,VYG:Line:L1,Spikkestad-Oslo S-Lillestrøm,L1,rail,VYG:ServiceJourney:2274_443709-R,True,expected,False,,,,,2026-09-08T00:20:52.129880+02:00
NSR:StopPlace:61381,Singsås stasjon,2026-09-07T20:55:00+02:00,2026-09-07T20:55:24+02:00,,24.0,1,Trondheim S,SJN:Line:25,Rørosbanen,R60,rail,SJN:ServiceJourney:2389_47883-R,True,expected,False,,,,,2026-09-07T20:27:16.249662+02:00
NSR:StopPlace:349,Upsete stasjon,2026-09-07T15:31:00+02:00,2026-09-07T15:31:24+02:00,,24.0,1,Myrdal,VYG:Line:R40,Bergen-Voss-Myrdal-Ål,R40,rail,VYG:ServiceJourney:1818_443404-R,True,expected,False,,,,,2026-09-07T15:44:36.205822+02:00
NSR:StopPlace:23,Rena stasjon,2026-09-07T08:58:00+02:00,2026-09-07T08:58:24+02:00,,24.0,1,Røros,SJN:Line:25,Rørosbanen,R60,rail,SJN:ServiceJourney:2381_30117-R,True,expected,False,,,,,2026-09-07T08:42:24.659182+02:00
NSR:StopPlace:58838,Røyken stasjon,2026-09-07T06:59:00+02:00,2026-09-07T06:59:24+02:00,,24.0,1,Spikkestad,VYG:Line:L1,Spikkestad-Oslo S-Lillestrøm,L1,rail,VYG:ServiceJourney:2205_443593-R,True,expected,False,Færre vogner,Denne avgangen kjører dessverre med 4 vogner i stedet for 8 vogner. Dette skyldes at vi mangler et togsett.,general,normal,2026-09-07T08:42:24.659182+02:00
NSR:StopPlace:58838,Røyken stasjon,2026-09-07T08:19:00+02:00,2026-09-07T08:19:24+02:00,,24.0,1,Lillestrøm,VYG:Line:L1,Spikkestad-Oslo S-Lillestrøm,L1,rail,VYG:ServiceJourney:2218_443613-R,True,expected,False,,,,,2026-09-07T08:42:24.659182+02:00
NSR:StopPlace:58871,Sande stasjon,2026-09-07T07:24:00+02:00,2026-09-07T07:24:24+02:00,,24.0,1,Skien,VYG:Line:RE11,Eidsvoll-Oslo S-Skien,RE11,rail,VYG:ServiceJourney:805_444385-R,True,expected,False,,,,,2026-09-07T08:42:24.659182+02:00
NSR:StopPlace:58810,Løten stasjon,2026-09-07T08:06:00+02:00,2026-09-07T08:06:24+02:00,,24.0,1,Ådalsbruk - Løten,INN:Line:694,Løten - Skogbygda,694,bus,INN:ServiceJourney:84926,True,expected,False,,,,,2026-09-07T08:42:24.659182+02:00
NSR:StopPlace:62344,Steinvik stasjon,2026-09-07T09:06:00+02:00,2026-09-07T09:06:24+02:00,,24.0,1,Røros,SJN:Line:25,Rørosbanen,R60,rail,SJN:ServiceJourney:2381_30117-R,True,expected,False,,,,,2026-09-07T08:42:24.659182+02:00
NSR:StopPlace:59653,Haugenstua stasjon,2026-09-08T00:25:00+02:00,2026-09-08T00:25:23+02:00,,23.0,1,Spikkestad,VYG:Line:L1,Spikkestad-Oslo S-Lillestrøm,L1,rail,VYG:ServiceJourney:2279_443715-R,True,expected,False,,,,,2026-09-08T00:20:52.129880+02:00
NSR:StopPlace:313,Høybråten stasjon,2026-09-08T00:23:00+02:00,2026-09-08T00:23:23+02:00,,23.0,1,Spikkestad,VYG:Line:L1,Spikkestad-Oslo S-Lillestrøm,L1,rail,VYG:ServiceJourney:2279_443715-R,True,expected,False,,,,,2026-09-08T00:20:52.129880+02:00
NSR:StopPlace:58948,Stjørdal stasjon,2026-09-07T20:27:00+02:00,2026-09-07T20:27:23+02:00,,23.0,1,Remyra via Stokkanvegen,ATB:Line:2_91,91 StjørdalSt-Remyrv.,91,bus,ATB:ServiceJourney:91_260220075616112_72,True,expected,False,,,,,2026-09-07T20:27:16.249662+02:00
NSR:StopPlace:58859,Nordby stasjon,2026-09-07T20:33:00+02:00,2026-09-07T20:33:23+02:00,,23.0,1,Drammen,VYG:Line:R13,Drammen-Oslo S-Dal,R13,rail,VYG:ServiceJourney:1664_481175-R,True,expected,False,,,,,2026-09-07T20:27:16.249662+02:00
NSR:StopPlace:61544,Tuen stasjon,2026-09-07T15:47:00+02:00,2026-09-07T15:47:23+02:00,,23.0,1,Kongsvinger,VYG:Line:R14,Asker-Oslo S-Kongsvinger,R14,rail,VYG:ServiceJourney:1051-HAV_442955-R,True,expected,False,,,,,2026-09-07T15:44:36.205822+02:00
NSR:StopPlace:58838,Røyken stasjon,2026-09-07T13:49:00+02:00,2026-09-07T13:49:23+02:00,,23.0,1,Lillestrøm,VYG:Line:L1,Spikkestad-Oslo S-Lillestrøm,L1,rail,VYG:ServiceJourney:2240_445337-R,True,expected,False,,,,,2026-09-07T15:44:36.205822+02:00
NSR:StopPlace:58803,Tomter stasjon,2026-09-07T15:56:00+02:00,2026-09-07T15:56:23+02:00,,23.0,1,Mysen,VYG:Line:R22,Skøyen-Oslo S-Mysen-Rakkestad,R22,rail,VYG:ServiceJourney:1951_443497-R,True,expected,False,,,,,2026-09-07T15:44:36.205822+02:00
NSR:StopPlace:62336,Knapstad stasjon,2026-09-07T16:00:00+02:00,2026-09-07T16:00:23+02:00,,23.0,1,Mysen,VYG:Line:R22,Skøyen-Oslo S-Mysen-Rakkestad,R22,rail,VYG:ServiceJourney:1951_443497-R,True,expected,False,,,,,2026-09-07T15:44:36.205822+02:00
NSR:StopPlace:60737,Bondivann stasjon,2026-09-07T06:00:00+02:00,2026-09-07T06:00:23+02:00,,23.0,1,Lillestrøm,VYG:Line:L1,Spikkestad-Oslo S-Lillestrøm,L1,rail,VYG:ServiceJourney:2208_764738-R,True,expected,False,Færre vogner,Denne avgangen kjører dessverre med 4 vogner i stedet for 8 vogner. Dette skyldes at vi mangler et togsett.,general,normal,2026-09-07T08:42:24.659182+02:00
NSR:StopPlace:60017,Slitu stasjon,2026-09-07T06:59:00+02:00,2026-09-07T06:59:23+02:00,,23.0,1,Oslo S,VYG:Line:R22,Skøyen-Oslo S-Mysen-Rakkestad,R22,rail,VYG:ServiceJourney:1908_443445-R,True,expected,False,,,,,2026-09-07T08:42:24.659182+02:00
NSR:StopPlace:58964,Kløfta stasjon,2026-09-07T06:03:00+02:00,2026-09-07T06:03:23+02:00,,23.0,1,Oslo lufthavn,RUT:Line:425,Kløfta – Oslo lufthavn,425,bus,RUT:ServiceJourney:afc57e27c18685d5f1b6de84bad7894a,True,expected,False,,,,,2026-09-07T08:42:24.659182+02:00
NSR:StopPlace:58935,Levanger stasjon,2026-09-07T09:29:00+02:00,2026-09-07T09:29:23+02:00,,23.0,1,Høgberget via Levanger stasjon,ATB:Line:2_604,Levanger - Høgberget,604,bus,ATB:ServiceJourney:604_260106098643097_14,True,expected,False,,,,,2026-09-07T08:42:24.659182+02:00
NSR:StopPlace:62335,Eidsberg stasjon,2026-09-07T07:52:00+02:00,2026-09-07T07:52:23+02:00,,23.0,1,Oslo S,VYG:Line:R22,Skøyen-Oslo S-Mysen-Rakkestad,R22,rail,VYG:ServiceJourney:1910_443448-R,True,expected,False,,,,,2026-09-07T08:42:24.659182+02:00
NSR:StopPlace:59650,Nyland stasjon,2026-09-08T00:21:00+02:00,2026-09-08T00:21:22+02:00,,22.0,1,Lillestrøm,VYG:Line:L1,Spikkestad-Oslo S-Lillestrøm,L1,rail,VYG:ServiceJourney:2278_445378-R,True,expected,False,,,,,2026-09-08T00:20:52.129880+02:00
NSR:StopPlace:58861,Solbråtan stasjon,2026-09-07T23:50:00+02:00,2026-09-07T23:50:22+02:00,,22.0,1,Ski,VYG:Line:L2,Stabekk-Oslo S-Ski,L2,rail,VYG:ServiceJourney:2873_444117-R,True,expected,False,,,,,2026-09-08T00:20:52.129880+02:00
NSR:StopPlace:58875,Torp stasjon,2026-09-07T20:51:00+02:00,2026-09-07T20:51:22+02:00,,22.0,1,Eidsvoll,VYG:Line:RE11,Eidsvoll-Oslo S-Skien,RE11,rail,VYG:ServiceJourney:834_444414-R,True,expected,False,,,,,2026-09-08T00:20:52.129880+02:00
NSR:StopPlace:58871,Sande stasjon,2026-09-08T00:32:00+02:00,2026-09-08T00:32:22+02:00,,22.0,1,Drammen,VYG:Line:RE11,Eidsvoll-Oslo S-Skien,RE11,rail,VYG:ServiceJourney:840-SKN_444420-R,True,expected,False,,,,,2026-09-08T00:20:52.129880+02:00
NSR:StopPlace:62336,Knapstad stasjon,2026-09-07T17:36:00+02:00,2026-09-07T17:36:22+02:00,,22.0,1,Rakkestad,VYG:Line:R22,Skøyen-Oslo S-Mysen-Rakkestad,R22,rail,VYG:ServiceJourney:1925_443475-R,True,expected,False,,,,,2026-09-07T20:27:16.249662+02:00
NSR:StopPlace:62335,Eidsberg stasjon,2026-09-07T16:54:00+02:00,2026-09-07T16:54:22+02:00,,22.0,1,Oslo S,VYG:Line:R22,Skøyen-Oslo S-Mysen-Rakkestad,R22,rail,VYG:ServiceJourney:1928_443481-R,True,expected,False,,,,,2026-09-07T20:27:16.249662+02:00
NSR:StopPlace:59641,Fjellhamar stasjon,2026-09-07T15:47:00+02:00,2026-09-07T15:47:22+02:00,,22.0,1,Spikkestad,VYG:Line:L1,Spikkestad-Oslo S-Lillestrøm,L1,rail,VYG:ServiceJourney:2245_443659-R,True,expected,False,,,,,2026-09-07T15:44:36.205822+02:00
NSR:StopPlace:60077,Støren stasjon,2026-09-07T16:12:00+02:00,2026-09-07T16:12:22+02:00,,22.0,1,Trondheim S,ATB:Line:2_340,Trondheim - Støren,340,bus,ATB:ServiceJourney:340_260106098639882_45,True,expected,False,,,,,2026-09-07T15:44:36.205822+02:00
NSR:StopPlace:58875,Torp stasjon,2026-09-07T13:51:00+02:00,2026-09-07T13:51:22+02:00,,22.0,1,Eidsvoll,VYG:Line:RE11,Eidsvoll-Oslo S-Skien,RE11,rail,VYG:ServiceJourney:820_444400-R,True,expected,False,,,,,2026-09-07T15:44:36.205822+02:00
NSR:StopPlace:58826,Reinsvoll stasjon,2026-09-07T15:51:00+02:00,2026-09-07T15:51:22+02:00,,22.0,1,Gjøvik,VYG:Line:RE30,Oslo S-Gjøvik,RE30,rail,VYG:ServiceJourney:1219-ROA_589156-R,True,expected,False,,,,,2026-09-07T15:44:36.205822+02:00
NSR:StopPlace:61460,Flaten stasjon,2026-09-07T08:41:00+02:00,2026-09-07T08:41:22+02:00,,22.0,1,Nelaug,GOA:Line:53,Sørtoget lokal,R50,rail,GOA:ServiceJourney:2064_63017-R,True,expected,False,,,,,2026-09-07T08:42:24.659182+02:00
NSR:StopPlace:59641,Fjellhamar stasjon,2026-09-07T08:47:00+02:00,2026-09-07T08:47:22+02:00,,22.0,1,Spikkestad,VYG:Line:L1,Spikkestad-Oslo S-Lillestrøm,L1,rail,VYG:ServiceJourney:2217_443611-R,True,expected,False,,,,,2026-09-07T08:42:24.659182+02:00
NSR:StopPlace:58838,Røyken stasjon,2026-09-07T08:29:00+02:00,2026-09-07T08:29:22+02:00,,22.0,1,Spikkestad,VYG:Line:L1,Spikkestad-Oslo S-Lillestrøm,L1,rail,VYG:ServiceJourney:2211_443602-R,True,expected,False,,,,,2026-09-07T08:42:24.659182+02:00
NSR:StopPlace:59637,Rosenholm stasjon,2026-09-08T00:31:00+02:00,2026-09-08T00:31:21+02:00,,21.0,1,Ski,VYG:Line:L2,Stabekk-Oslo S-Ski,L2,rail,VYG:ServiceJourney:2777-HVK_444000-R,True,expected,False,,,,,2026-09-08T00:20:52.129880+02:00
NSR:StopPlace:60737,Bondivann stasjon,2026-09-07T19:30:00+02:00,2026-09-07T19:30:21+02:00,,21.0,1,Lillestrøm,VYG:Line:L1,Spikkestad-Oslo S-Lillestrøm,L1,rail,VYG:ServiceJourney:2262_443690-R,True,expected,False,,,,,2026-09-07T20:27:16.249662+02:00
NSR:StopPlace:60017,Slitu stasjon,2026-09-07T20:04:00+02:00,2026-09-07T20:04:21+02:00,,21.0,1,Oslo S,VYG:Line:R22,Skøyen-Oslo S-Mysen-Rakkestad,R22,rail,VYG:ServiceJourney:1934_443488-R,True,expected,False,,,,,2026-09-07T20:27:16.249662+02:00
NSR:StopPlace:58855,Leirsund stasjon,2026-09-07T20:30:00+02:00,2026-09-07T20:30:21+02:00,,21.0,1,Dal,VYG:Line:R13,Drammen-Oslo S-Dal,R13,rail,VYG:ServiceJourney:1661_443345-R,True,expected,False,,,,,2026-09-07T20:27:16.249662+02:00
NSR:StopPlace:58861,Solbråtan stasjon,2026-09-07T18:05:00+02:00,2026-09-07T18:05:21+02:00,,21.0,1,Ski,VYG:Line:L2,Stabekk-Oslo S-Ski,L2,rail,VYG:ServiceJourney:2751-HVK_443962-R,True,expected,False,Færre vogner,Denne avgangen kjører dessverre med 3 vogner i stedet for 6 vogner. Dette skyldes at vi mangler et togsett.,general,normal,2026-09-07T20:27:16.249662+02:00
NSR:StopPlace:58861,Solbråtan stasjon,2026-09-07T19:35:00+02:00,2026-09-07T19:35:21+02:00,,21.0,1,Ski,VYG:Line:L2,Stabekk-Oslo S-Ski,L2,rail,VYG:ServiceJourney:2757-HVK_443968-R,True,expected,False,,,,,2026-09-07T20:27:16.249662+02:00
NSR:StopPlace:58873,Skoppum stasjon,2026-09-07T20:40:00+02:00,2026-09-07T20:40:21+02:00,,21.0,1,Skien,VYG:Line:RE11,Eidsvoll-Oslo S-Skien,RE11,rail,VYG:ServiceJourney:831_444411-R,True,expected,False,,,,,2026-09-07T20:27:16.249662+02:00
NSR:StopPlace:53,Røros stasjon,2026-09-07T15:44:00+02:00,2026-09-07T15:44:21+02:00,,21.0,1,Trondheim S,SJN:Line:25,Rørosbanen,R60,rail,SJN:ServiceJourney:2385_30335-R,True,expected,False,,,,,2026-09-07T15:44:36.205822+02:00
NSR:StopPlace:58935,Levanger stasjon,2026-09-07T08:59:00+02:00,2026-09-07T08:59:21+02:00,,21.0,1,Høgberget via Levanger stasjon,ATB:Line:2_604,Levanger - Høgberget,604,bus,ATB:ServiceJourney:604_260106098643094_12,True,expected,False,,,,,2026-09-07T08:42:24.659182+02:00
NSR:StopPlace:60737,Bondivann stasjon,2026-09-07T14:00:00+02:00,2026-09-07T14:00:20+02:00,,20.0,1,Lillestrøm,VYG:Line:L1,Spikkestad-Oslo S-Lillestrøm,L1,rail,VYG:ServiceJourney:2240_445337-R,True,expected,False,,,,,2026-09-07T15:44:36.205822+02:00
NSR:StopPlace:58885,Trykkerud stasjon,2026-09-07T15:37:00+02:00,2026-09-07T15:37:20+02:00,,20.0,1,Notodden,VYG:Line:R55,Porsgrunn-Notodden,R55,rail,VYG:ServiceJourney:2482_443752-R,True,expected,False,,,,,2026-09-07T15:44:36.205822+02:00
NSR:StopPlace:60737,Bondivann stasjon,2026-09-07T08:00:00+02:00,2026-09-07T08:00:20+02:00,,20.0,1,Lillestrøm,VYG:Line:L1,Spikkestad-Oslo S-Lillestrøm,L1,rail,VYG:ServiceJourney:2216_445310-R,True,expected,False,Færre vogner,Denne avgangen kjører dessverre med 4 vogner i stedet for 8 vogner. Dette skyldes at vi mangler et togsett.,general,normal,2026-09-07T08:42:24.659182+02:00
NSR:StopPlace:60735,Gullhella stasjon,2026-09-07T07:58:00+02:00,2026-09-07T07:58:20+02:00,,20.0,1,Lillestrøm,VYG:Line:L1,Spikkestad-Oslo S-Lillestrøm,L1,rail,VYG:ServiceJourney:2216_445310-R,True,expected,False,Færre vogner,Denne avgangen kjører dessverre med 4 vogner i stedet for 8 vogner. Dette skyldes at vi mangler et togsett.,general,normal,2026-09-07T08:42:24.659182+02:00
NSR:StopPlace:58875,Torp stasjon,2026-09-07T04:50:00+02:00,2026-09-07T04:50:20+02:00,,20.0,1,Eidsvoll,VYG:Line:RE11,Eidsvoll-Oslo S-Skien,RE11,rail,VYG:ServiceJourney:802_444382-R,True,expected,False,,,,,2026-09-07T08:42:24.659182+02:00
NSR:StopPlace:58875,Torp stasjon,2026-09-07T05:38:00+02:00,2026-09-07T05:38:20+02:00,,20.0,1,Tønsberg,VYG:Line:RE11,Eidsvoll-Oslo S-Skien,RE11,rail,VYG:ServiceJourney:872_444432-R,True,expected,False,,,,,2026-09-07T08:42:24.659182+02:00
NSR:StopPlace:58875,Torp stasjon,2026-09-07T06:40:00+02:00,2026-09-07T06:40:20+02:00,,20.0,1,Skien,VYG:Line:RE11,Eidsvoll-Oslo S-Skien,RE11,rail,VYG:ServiceJourney:873_444433-R,True,expected,False,,,,,2026-09-07T08:42:24.659182+02:00
NSR:StopPlace:58800,Råde stasjon,2026-09-07T08:59:00+02:00,2026-09-07T08:59:20+02:00,,20.0,1,Oslo S,VYG:Line:RE20,Oslo S-Halden-Göteborg (X-Border),RE20,rail,VYG:ServiceJourney:382-110_482787-R,True,expected,False,,,,,2026-09-07T08:42:24.659182+02:00
NSR:StopPlace:58815,Bleiken stasjon,2026-09-07T08:11:00+02:00,2026-09-07T08:11:20+02:00,,20.0,1,Roa,VYG:Line:RE30,Oslo S-Gjøvik,RE30,rail,VYG:ServiceJourney:1208-GJOe_589122-R,True,expected,False,,,,,2026-09-07T08:42:24.659182+02:00
NSR:StopPlace:58845,Eidsvoll verk stasjon,2026-09-08T00:25:00+02:00,2026-09-08T00:25:19+02:00,,19.0,1,Eidsvoll,VYG:Line:R12,Kongsberg-Oslo S-Eidsvoll,R12,rail,VYG:ServiceJourney:538_444348-R,True,expected,False,,,,,2026-09-08T00:20:52.129880+02:00
NSR:StopPlace:358,Ustaoset stasjon,2026-09-07T09:03:00+02:00,2026-09-07T09:03:19+02:00,,19.0,1,Oslo S,VYG:Line:F4,Oslo S-Bergen,F4,rail,VYG:ServiceJourney:60-BRG_444351-R,True,expected,False,,,,,2026-09-07T08:42:24.659182+02:00
NSR:StopPlace:59651,Skøyen stasjon,2026-09-07T04:06:00+02:00,2026-09-07T04:06:19+02:00,,19.0,1,Fornebu,RUT:Line:31,Snarøya - Fornebu - Tonsenhagen - Grorud,31,bus,RUT:ServiceJourney:54caf30653b0df41639e3e6f8bcc324f,True,expected,False,,,,,2026-09-07T03:30:22.110925+02:00
NSR:StopPlace:58404,Nationaltheatret,2026-09-07T03:55:00+02:00,2026-09-07T03:55:19+02:00,,19.0,1,Fornebu,RUT:Line:31,Snarøya - Fornebu - Tonsenhagen - Grorud,31,bus,RUT:ServiceJourney:54caf30653b0df41639e3e6f8bcc324f,True,expected,False,,,,,2026-09-07T03:30:22.110925+02:00
NSR:StopPlace:58856,Lysaker stasjon,2026-09-07T04:11:00+02:00,2026-09-07T04:11:19+02:00,,19.0,1,Fornebu,RUT:Line:31,Snarøya - Fornebu - Tonsenhagen - Grorud,31,bus,RUT:ServiceJourney:54caf30653b0df41639e3e6f8bcc324f,True,expected,False,,,,,2026-09-07T03:30:22.110925+02:00
NSR:StopPlace:59646,Høvik stasjon,2026-09-08T00:23:00+02:00,2026-09-08T00:23:18+02:00,,18.0,1,Lillestrøm,VYG:Line:L1,Spikkestad-Oslo S-Lillestrøm,L1,rail,VYG:ServiceJourney:2280_443718-R,True,expected,False,,,,,2026-09-08T00:20:52.129880+02:00
NSR:StopPlace:58854,Langhus stasjon,2026-09-07T18:46:00+02:00,2026-09-07T18:46:17+02:00,,17.0,1,Ski,VYG:Line:L2,Stabekk-Oslo S-Ski,L2,rail,VYG:ServiceJourney:2753-HVK_443964-R,True,expected,False,,,,,2026-09-07T20:27:16.249662+02:00
NSR:StopPlace:58825,Raufoss stasjon,2026-09-07T15:45:00+02:00,2026-09-07T15:45:17+02:00,,17.0,1,Roa,VYG:Line:RE30,Oslo S-Gjøvik,RE30,rail,VYG:ServiceJourney:1224-GJOe_589171-R,True,expected,False,,,,,2026-09-07T15:44:36.205822+02:00
NSR:StopPlace:58825,Raufoss stasjon,2026-09-07T07:45:00+02:00,2026-09-07T07:45:17+02:00,,17.0,1,Roa,VYG:Line:RE30,Oslo S-Gjøvik,RE30,rail,VYG:ServiceJourney:1208-GJOe_589122-R,True,expected,False,,,,,2026-09-07T08:42:24.659182+02:00
NSR:StopPlace:59637,Rosenholm stasjon,2026-09-08T00:01:00+02:00,2026-09-08T00:01:16+02:00,,16.0,1,Ski,VYG:Line:L2,Stabekk-Oslo S-Ski,L2,rail,VYG:ServiceJourney:2775-HVK_443998-R,True,expected,False,,,,,2026-09-08T00:20:52.129880+02:00
NSR:StopPlace:58825,Raufoss stasjon,2026-09-07T13:45:00+02:00,2026-09-07T13:45:16+02:00,,16.0,1,Roa,VYG:Line:RE30,Oslo S-Gjøvik,RE30,rail,VYG:ServiceJourney:1220-GJOe_589159-R,True,expected,False,,,,,2026-09-07T15:44:36.205822+02:00
NSR:StopPlace:61458,Mjølfjell stasjon,2026-09-07T08:59:00+02:00,2026-09-07T08:59:16+02:00,,16.0,1,Myrdal,VYG:Line:R40,Bergen-Voss-Myrdal-Ål,R40,rail,VYG:ServiceJourney:1804_465739-R,True,expected,False,,,,,2026-09-07T08:42:24.659182+02:00
NSR:StopPlace:58825,Raufoss stasjon,2026-09-07T06:45:00+02:00,2026-09-07T06:45:16+02:00,,16.0,1,Roa,VYG:Line:RE30,Oslo S-Gjøvik,RE30,rail,VYG:ServiceJourney:1206-GJOe_589116-R,True,expected,False,,,,,2026-09-07T08:42:24.659182+02:00
NSR:StopPlace:439,Ljosanbotn stasjon,2026-09-07T09:03:00+02:00,2026-09-07T09:03:16+02:00,,16.0,1,Myrdal,VYG:Line:R40,Bergen-Voss-Myrdal-Ål,R40,rail,VYG:ServiceJourney:1804_465739-R,True,expected,False,,,,,2026-09-07T08:42:24.659182+02:00
NSR:StopPlace:62308,Alna stasjon,2026-09-07T08:48:00+02:00,2026-09-07T08:48:16+02:00,,16.0,1,Lillestrøm,VYG:Line:L1,Spikkestad-Oslo S-Lillestrøm,L1,rail,VYG:ServiceJourney:2216_445310-R,True,expected,False,Færre vogner,Denne avgangen kjører dessverre med 4 vogner i stedet for 8 vogner. Dette skyldes at vi mangler et togsett.,general,normal,2026-09-07T08:42:24.659182+02:00
NSR:StopPlace:6,Greverud stasjon,2026-09-07T19:25:00+02:00,2026-09-07T19:25:15+02:00,,15.0,1,Ski,VYG:Line:L2,Stabekk-Oslo S-Ski,L2,rail,VYG:ServiceJourney:2855-BES_488389-R,True,expected,False,,,,,2026-09-07T20:27:16.249662+02:00
NSR:StopPlace:58838,Røyken stasjon,2026-09-07T19:29:00+02:00,2026-09-07T19:29:15+02:00,,15.0,1,Spikkestad,VYG:Line:L1,Spikkestad-Oslo S-Lillestrøm,L1,rail,VYG:ServiceJourney:2255_443677-R,True,expected,False,,,,,2026-09-07T20:27:16.249662+02:00
NSR:StopPlace:58882,Nordagutu stasjon,2026-09-07T20:29:00+02:00,2026-09-07T20:29:15+02:00,,15.0,1,Skien,VYG:Line:R55,Porsgrunn-Notodden,R55,rail,VYG:ServiceJourney:2489_443758-R,True,expected,False,,,,,2026-09-07T20:27:16.249662+02:00
NSR:StopPlace:291,Nisterud stasjon,2026-09-07T20:49:00+02:00,2026-09-07T20:49:15+02:00,,15.0,1,Skien,VYG:Line:R55,Porsgrunn-Notodden,R55,rail,VYG:ServiceJourney:2489_443758-R,True,expected,False,,,,,2026-09-07T20:27:16.249662+02:00
NSR:StopPlace:6,Greverud stasjon,2026-09-07T14:55:00+02:00,2026-09-07T14:55:15+02:00,,15.0,1,Ski,VYG:Line:L2,Stabekk-Oslo S-Ski,L2,rail,VYG:ServiceJourney:2837_444064-R,True,expected,False,,,,,2026-09-07T15:44:36.205822+02:00
NSR:StopPlace:59637,Rosenholm stasjon,2026-09-07T16:01:00+02:00,2026-09-07T16:01:15+02:00,,15.0,1,Ski,VYG:Line:L2,Stabekk-Oslo S-Ski,L2,rail,VYG:ServiceJourney:2743-HVK_443953-R,True,expected,False,Færre vogner,Denne avgangen kjører dessverre med 3 vogner i stedet for 6 vogner. Dette skyldes at vi mangler et togsett.,general,normal,2026-09-07T15:44:36.205822+02:00
NSR:StopPlace:420,Lillehammer stasjon,2026-09-07T16:02:00+02:00,2026-09-07T16:02:15+02:00,,15.0,1,Trondheim S,SJN:Line:21,Dovrebanen,F6,rail,SJN:ServiceJourney:47-LOD_54214-R,True,expected,False,,,,,2026-09-07T15:44:36.205822+02:00
NSR:StopPlace:58886,Arendal stasjon,2026-09-07T08:57:00+02:00,2026-09-07T08:57:15+02:00,,15.0,1,Solåsen,AKT:Line:111,Sykehuset-Arendal-Solåsen,111,bus,AKT:ServiceJourney:73586_61_33_63240_65340_40001010,True,expected,False,,,,,2026-09-07T08:42:24.659182+02:00
NSR:StopPlace:58886,Arendal stasjon,2026-09-07T09:10:00+02:00,2026-09-07T09:10:15+02:00,,15.0,1,Sykehuset via Arendal sentrum,AKT:Line:111,Sykehuset-Arendal-Solåsen,111,bus,AKT:ServiceJourney:73586_61_33_63240_65340_40001010,True,expected,False,,,,,2026-09-07T08:42:24.659182+02:00
NSR:StopPlace:58861,Solbråtan stasjon,2026-09-08T00:35:00+02:00,2026-09-08T00:35:14+02:00,,14.0,1,Ski,VYG:Line:L2,Stabekk-Oslo S-Ski,L2,rail,VYG:ServiceJourney:2777-HVK_444000-R,True,expected,False,,,,,2026-09-08T00:20:52.129880+02:00
NSR:StopPlace:58874,Stokke stasjon,2026-09-08T00:37:00+02:00,2026-09-08T00:37:14+02:00,,14.0,1,Sørby,VKT:Line:520,Tønsberg-Stokke,520,bus,VKT:ServiceJourney:17257,True,expected,False,,,,,2026-09-08T00:20:52.129880+02:00
NSR:StopPlace:58876,Tønsberg stasjon,2026-09-08T00:06:00+02:00,2026-09-08T00:06:14+02:00,,14.0,1,Stokke - Sørby,VKT:Line:520,Tønsberg-Stokke,520,bus,VKT:ServiceJourney:17257,True,expected,False,,,,,2026-09-08T00:20:52.129880+02:00
NSR:StopPlace:60737,Bondivann stasjon,2026-09-07T15:49:00+02:00,2026-09-07T15:49:14+02:00,,14.0,1,Spikkestad,VYG:Line:L1,Spikkestad-Oslo S-Lillestrøm,L1,rail,VYG:ServiceJourney:2241_443652-R,True,expected,False,,,,,2026-09-07T15:44:36.205822+02:00
NSR:StopPlace:60735,Gullhella stasjon,2026-09-07T15:51:00+02:00,2026-09-07T15:51:14+02:00,,14.0,1,Spikkestad,VYG:Line:L1,Spikkestad-Oslo S-Lillestrøm,L1,rail,VYG:ServiceJourney:2241_443652-R,True,expected,False,,,,,2026-09-07T15:44:36.205822+02:00
NSR:StopPlace:61251,Øksnavadporten stasjon,2026-09-07T09:05:00+02:00,2026-09-07T09:05:14+02:00,,14.0,1,Stavanger,GOA:Line:59,Jærbanen,L5,rail,GOA:ServiceJourney:3017_63049-R,True,expected,False,,,,,2026-09-07T08:42:24.659182+02:00
NSR:StopPlace:8,Paradis stasjon,2026-09-07T09:28:00+02:00,2026-09-07T09:28:14+02:00,,14.0,1,Stavanger,GOA:Line:59,Jærbanen,L5,rail,GOA:ServiceJourney:3017_63049-R,True,expected,False,,,,,2026-09-07T08:42:24.659182+02:00
NSR:StopPlace:61872,Nærbø stasjon,2026-09-07T08:51:00+02:00,2026-09-07T08:51:14+02:00,,14.0,1,Stavanger,GOA:Line:59,Jærbanen,L5,rail,GOA:ServiceJourney:3017_63049-R,True,expected,False,,,,,2026-09-07T08:42:24.659182+02:00
NSR:StopPlace:59641,Fjellhamar stasjon,2026-09-07T09:19:00+02:00,2026-09-07T09:19:14+02:00,,14.0,1,Ahus,RUT:Line:315,Vallerudtoppen - Ahus,315,bus,RUT:ServiceJourney:e5e4ec61432a6cf6f9944cd433b96210,True,expected,False,,,,,2026-09-07T08:42:24.659182+02:00
NSR:StopPlace:59957,Klepp stasjon,2026-09-07T09:02:00+02:00,2026-09-07T09:02:14+02:00,,14.0,1,Stavanger,GOA:Line:59,Jærbanen,L5,rail,GOA:ServiceJourney:3017_63049-R,True,expected,False,,,,,2026-09-07T08:42:24.659182+02:00
NSR:StopPlace:60271,Varhaug stasjon,2026-09-07T08:46:00+02:00,2026-09-07T08:46:14+02:00,,14.0,1,Stavanger,GOA:Line:59,Jærbanen,L5,rail,GOA:ServiceJourney:3017_63049-R,True,expected,False,,,,,2026-09-07T08:42:24.659182+02:00
NSR:StopPlace:58924,Bryne stasjon,2026-09-07T08:58:00+02:00,2026-09-07T08:58:14+02:00,,14.0,1,Stavanger,GOA:Line:59,Jærbanen,L5,rail,GOA:ServiceJourney:3017_63049-R,True,expected,False,,,,,2026-09-07T08:42:24.659182+02:00
NSR:StopPlace:63079,Skeiane stasjon,2026-09-07T09:12:00+02:00,2026-09-07T09:12:14+02:00,,14.0,1,Stavanger,GOA:Line:59,Jærbanen,L5,rail,GOA:ServiceJourney:3017_63049-R,True,expected,False,,,,,2026-09-07T08:42:24.659182+02:00
NSR:StopPlace:362,Jåttåvågen stasjon,2026-09-07T09:22:00+02:00,2026-09-07T09:22:14+02:00,,14.0,1,Stavanger,GOA:Line:59,Jærbanen,L5,rail,GOA:ServiceJourney:3017_63049-R,True,expected,False,,,,,2026-09-07T08:42:24.659182+02:00
NSR:StopPlace:206,Mariero stasjon,2026-09-07T09:25:00+02:00,2026-09-07T09:25:14+02:00,,14.0,1,Stavanger,GOA:Line:59,Jærbanen,L5,rail,GOA:ServiceJourney:3017_63049-R,True,expected,False,,,,,2026-09-07T08:42:24.659182+02:00
NSR:StopPlace:261,Ganddal stasjon,2026-09-07T09:09:00+02:00,2026-09-07T09:09:14+02:00,,14.0,1,Stavanger,GOA:Line:59,Jærbanen,L5,rail,GOA:ServiceJourney:3017_63049-R,True,expected,False,,,,,2026-09-07T08:42:24.659182+02:00
NSR:StopPlace:702,Sandnes sentrum stasjon,2026-09-07T09:14:00+02:00,2026-09-07T09:14:14+02:00,,14.0,1,Stavanger,GOA:Line:59,Jærbanen,L5,rail,GOA:ServiceJourney:3017_63049-R,True,expected,False,,,,,2026-09-07T08:42:24.659182+02:00
NSR:StopPlace:62311,Vigrestad stasjon,2026-09-07T08:41:00+02:00,2026-09-07T08:41:14+02:00,,14.0,1,Stavanger,GOA:Line:59,Jærbanen,L5,rail,GOA:ServiceJourney:3017_63049-R,True,expected,False,,,,,2026-09-07T08:42:24.659182+02:00
NSR:StopPlace:584,Bulken stasjon,2026-09-07T20:40:00+02:00,2026-09-07T20:40:13+02:00,,13.0,1,Voss,VYG:Line:R40,Bergen-Voss-Myrdal-Ål,R40,rail,VYG:ServiceJourney:1830_457480-R,True,expected,False,,,,,2026-09-07T20:27:16.249662+02:00
NSR:StopPlace:58926,Dale stasjon,2026-09-07T20:29:00+02:00,2026-09-07T20:29:12+02:00,,12.0,1,Bergen,VYG:Line:R40,Bergen-Voss-Myrdal-Ål,R40,rail,VYG:ServiceJourney:1835_477934-R,True,expected,False,,,,,2026-09-07T20:27:16.249662+02:00
NSR:StopPlace:58838,Røyken stasjon,2026-09-07T18:29:00+02:00,2026-09-07T18:29:12+02:00,,12.0,1,Spikkestad,VYG:Line:L1,Spikkestad-Oslo S-Lillestrøm,L1,rail,VYG:ServiceJourney:2251_443671-R,True,expected,False,,,,,2026-09-07T20:27:16.249662+02:00
NSR:StopPlace:58838,Røyken stasjon,2026-09-07T18:49:00+02:00,2026-09-07T18:49:12+02:00,,12.0,1,Lillestrøm,VYG:Line:L1,Spikkestad-Oslo S-Lillestrøm,L1,rail,VYG:ServiceJourney:2260_445359-R,True,expected,False,,,,,2026-09-07T20:27:16.249662+02:00
NSR:StopPlace:58825,Raufoss stasjon,2026-09-07T19:56:00+02:00,2026-09-07T19:56:12+02:00,,12.0,1,Gjøvik,VYG:Line:R31,Skøyen-Jaren-Gjøvik,R31,rail,VYG:ServiceJourney:227-ROA_589347-R,True,expected,False,,,,,2026-09-07T20:27:16.249662+02:00
NSR:StopPlace:58825,Raufoss stasjon,2026-09-07T20:41:00+02:00,2026-09-07T20:41:12+02:00,,12.0,1,Lena,INN:Line:47,Lena-Kapp-Gjøvik-Raufoss-Lena,B47,bus,INN:ServiceJourney:76607,True,expected,False,,,,,2026-09-07T20:27:16.249662+02:00
NSR:StopPlace:58826,Reinsvoll stasjon,2026-09-07T20:50:00+02:00,2026-09-07T20:50:12+02:00,,12.0,1,Lena,INN:Line:47,Lena-Kapp-Gjøvik-Raufoss-Lena,B47,bus,INN:ServiceJourney:76607,True,expected,False,,,,,2026-09-07T20:27:16.249662+02:00
NSR:StopPlace:58964,Kløfta stasjon,2026-09-07T08:44:00+02:00,2026-09-07T08:44:12+02:00,,12.0,1,Dal,VYG:Line:R13,Drammen-Oslo S-Dal,R13,rail,VYG:ServiceJourney:1613_443239-R,True,expected,False,,,,,2026-09-07T08:42:24.659182+02:00
NSR:StopPlace:58875,Torp stasjon,2026-09-07T06:06:00+02:00,2026-09-07T06:06:12+02:00,,12.0,1,Oslo S,VYG:Line:RX11,Eidsvoll-Oslo S-Skien,RX11,rail,VYG:ServiceJourney:854-SKN_554645-R,True,expected,False,,,,,2026-09-07T08:42:24.659182+02:00
NSR:StopPlace:59639,Sonsveien stasjon,2026-09-08T00:21:00+02:00,2026-09-08T00:21:11+02:00,,11.0,1,Moss,VYG:Line:R21,Stabekk-Oslo S-Moss,R21,rail,VYG:ServiceJourney:1175-HVK_443074-R,True,expected,False,,,,,2026-09-08T00:20:52.129880+02:00
NSR:StopPlace:62336,Knapstad stasjon,2026-09-07T20:23:00+02:00,2026-09-07T20:23:11+02:00,,11.0,1,Oslo S,VYG:Line:R22,Skøyen-Oslo S-Mysen-Rakkestad,R22,rail,VYG:ServiceJourney:1934_443488-R,True,expected,False,,,,,2026-09-07T20:27:16.249662+02:00
NSR:StopPlace:271,Lademoen stasjon,2026-09-07T15:43:00+02:00,2026-09-07T15:43:11+02:00,,11.0,1,Steinkjer,SJN:Line:26,Trønderbanen,R70,rail,SJN:ServiceJourney:1763_56048-R,True,expected,False,,,,,2026-09-07T15:44:36.205822+02:00
NSR:StopPlace:58404,Nationaltheatret,2026-09-07T03:34:00+02:00,2026-09-07T03:34:11+02:00,,11.0,1,Helsfyr,RUT:Line:37,Nydalen T - Helsfyr,37,bus,RUT:ServiceJourney:fd35ad13dc52f641c14d5dece718f531,True,expected,False,,,,,2026-09-07T03:30:22.110925+02:00
NSR:StopPlace:58860,Oppegård stasjon,2026-09-08T00:31:00+02:00,2026-09-08T00:31:10+02:00,,10.0,1,Kolbotn torg,RUT:Line:580,Kolbotn - Ski,580,bus,RUT:ServiceJourney:12a840e01e68d85ae92f1e68b3015dfe,True,expected,False,,,,,2026-09-08T00:20:52.129880+02:00
NSR:StopPlace:58886,Arendal stasjon,2026-09-07T19:17:00+02:00,2026-09-07T19:17:10+02:00,,10.0,1,Eydehavn,AKT:Line:101,Eydehavn-Arendal-Grimstad N/S,101,bus,AKT:ServiceJourney:71892_452_87_132360_136860_40001426,True,expected,False,,,,,2026-09-07T20:27:16.249662+02:00
NSR:StopPlace:61464,Hvalstad stasjon,2026-09-07T16:09:00+02:00,2026-09-07T16:09:10+02:00,,10.0,1,Spikkestad,VYG:Line:L1,Spikkestad-Oslo S-Lillestrøm,L1,rail,VYG:ServiceJourney:2243_443656-R,True,expected,False,,,,,2026-09-07T15:44:36.205822+02:00
NSR:StopPlace:59957,Klepp stasjon,2026-09-07T16:27:00+02:00,2026-09-07T16:27:10+02:00,,10.0,1,Verdalen via Kleppekrossen,KOL:Line:8_2024,59,59,bus,KOL:ServiceJourney:2024_250903083241323_2027,True,expected,False,,,,,2026-09-07T15:44:36.205822+02:00
NSR:StopPlace:58924,Bryne stasjon,2026-09-07T16:10:00+02:00,2026-09-07T16:10:10+02:00,,10.0,1,Lyefjell,KOL:Line:8_2017,50,50,bus,KOL:ServiceJourney:2017_260407061538347_2020,True,expected,False,,,,,2026-09-07T15:44:36.205822+02:00
NSR:StopPlace:58871,Sande stasjon,2026-09-07T14:34:00+02:00,2026-09-07T14:34:10+02:00,,10.0,1,Eidsvoll,VYG:Line:RE11,Eidsvoll-Oslo S-Skien,RE11,rail,VYG:ServiceJourney:820_444400-R,True,expected,False,,,,,2026-09-07T15:44:36.205822+02:00
NSR:StopPlace:58825,Raufoss stasjon,2026-09-07T14:45:00+02:00,2026-09-07T14:45:10+02:00,,10.0,1,Roa,VYG:Line:RE30,Oslo S-Gjøvik,RE30,rail,VYG:ServiceJourney:1222-GJOe_589165-R,True,expected,False,,,,,2026-09-07T15:44:36.205822+02:00
NSR:StopPlace:274,Hunderfossen stasjon,2026-09-07T16:12:00+02:00,2026-09-07T16:12:10+02:00,,10.0,1,Trondheim S,SJN:Line:21,Dovrebanen,F6,rail,SJN:ServiceJourney:47-LOD_54214-R,True,expected,False,,,,,2026-09-07T15:44:36.205822+02:00
NSR:StopPlace:58924,Bryne stasjon,2026-09-07T09:10:00+02:00,2026-09-07T09:10:10+02:00,,10.0,1,Lyefjell,KOL:Line:8_2017,50,50,bus,KOL:ServiceJourney:2017_260407061523687_2006,True,expected,False,,,,,2026-09-07T08:42:24.659182+02:00
NSR:StopPlace:58924,Bryne stasjon,2026-09-07T09:40:00+02:00,2026-09-07T09:40:10+02:00,,10.0,1,Lyefjell,KOL:Line:8_2017,50,50,bus,KOL:ServiceJourney:2017_260407061523870_2007,True,expected,False,,,,,2026-09-07T08:42:24.659182+02:00
NSR:StopPlace:59652,Tøyen stasjon,2026-09-07T20:57:00+02:00,2026-09-07T20:57:09+02:00,,9.0,1,Tonsenhagen,RUT:Line:60,Vippetangen-Tonsenhagen,60,bus,RUT:ServiceJourney:0f48ca65e579ac89fbd6db449e8ee25c,True,expected,False,,,,,2026-09-07T20:27:16.249662+02:00
NSR:StopPlace:62336,Knapstad stasjon,2026-09-07T15:23:00+02:00,2026-09-07T15:23:09+02:00,,9.0,1,Oslo S,VYG:Line:R22,Skøyen-Oslo S-Mysen-Rakkestad,R22,rail,VYG:ServiceJourney:1924_443474-R,True,expected,False,,,,,2026-09-07T15:44:36.205822+02:00
NSR:StopPlace:62393,Billingstad stasjon,2026-09-07T08:43:00+02:00,2026-09-07T08:43:09+02:00,,9.0,1,Lillestrøm,VYG:Line:L1,Spikkestad-Oslo S-Lillestrøm,L1,rail,VYG:ServiceJourney:2218_443613-R,True,expected,False,,,,,2026-09-07T08:42:24.659182+02:00
NSR:StopPlace:62392,Slependen stasjon,2026-09-07T08:45:00+02:00,2026-09-07T08:45:09+02:00,,9.0,1,Lillestrøm,VYG:Line:L1,Spikkestad-Oslo S-Lillestrøm,L1,rail,VYG:ServiceJourney:2218_443613-R,True,expected,False,,,,,2026-09-07T08:42:24.659182+02:00
NSR:StopPlace:58839,Steinberg stasjon,2026-09-07T20:35:00+02:00,2026-09-07T20:35:08+02:00,,8.0,1,Drammen via Mjøndalen,BRA:Line:4_6101,Drammen-Vikersund/Hønefoss,101,bus,BRA:ServiceJourney:6101_260415100161285_1064,True,expected,False,,,,,2026-09-07T20:27:16.249662+02:00
NSR:StopPlace:58861,Solbråtan stasjon,2026-09-07T18:50:00+02:00,2026-09-07T18:50:08+02:00,,8.0,1,Ski,VYG:Line:L2,Stabekk-Oslo S-Ski,L2,rail,VYG:ServiceJourney:2853_444090-R,True,expected,False,,,,,2026-09-07T20:27:16.249662+02:00
NSR:StopPlace:61315,Nerdrum stasjon,2026-09-07T15:50:00+02:00,2026-09-07T15:50:08+02:00,,8.0,1,Kongsvinger,VYG:Line:R14,Asker-Oslo S-Kongsvinger,R14,rail,VYG:ServiceJourney:1051-HAV_442955-R,True,expected,False,,,,,2026-09-07T15:44:36.205822+02:00
NSR:StopPlace:58870,Holmestrand stasjon,2026-09-07T15:40:00+02:00,2026-09-07T15:40:08+02:00,,8.0,1,Hvitstein-Kleiverud,VKT:Line:30,Kleiverud-Holmestrand,30,bus,VKT:ServiceJourney:14866,True,expected,False,,,,,2026-09-07T15:44:36.205822+02:00
NSR:StopPlace:58861,Solbråtan stasjon,2026-09-07T08:05:00+02:00,2026-09-07T08:05:08+02:00,,8.0,1,Ski,VYG:Line:L2,Stabekk-Oslo S-Ski,L2,rail,VYG:ServiceJourney:2711-HVK_443917-R,True,expected,False,Færre vogner,Denne avgangen kjører dessverre med 3 vogner i stedet for 6 vogner. Dette skyldes at vi mangler et togsett.,general,normal,2026-09-07T08:42:24.659182+02:00
NSR:StopPlace:58817,Eina stasjon,2026-09-07T08:44:00+02:00,2026-09-07T08:44:08+02:00,,8.0,1,Gjøvik,VYG:Line:RE30,Oslo S-Gjøvik,RE30,rail,VYG:ServiceJourney:1205-ROA_589114-R,True,expected,False,,,,,2026-09-07T08:42:24.659182+02:00
NSR:StopPlace:101,Sagdalen stasjon,2026-09-07T08:43:00+02:00,2026-09-07T08:43:08+02:00,,8.0,1,Spikkestad,VYG:Line:L1,Spikkestad-Oslo S-Lillestrøm,L1,rail,VYG:ServiceJourney:2217_443611-R,True,expected,False,,,,,2026-09-07T08:42:24.659182+02:00
NSR:StopPlace:6,Greverud stasjon,2026-09-07T20:10:00+02:00,2026-09-07T20:10:07+02:00,,7.0,1,Ski,VYG:Line:L2,Stabekk-Oslo S-Ski,L2,rail,VYG:ServiceJourney:2759-HVK_443972-R,True,expected,False,,,,,2026-09-07T20:27:16.249662+02:00
NSR:StopPlace:58834,Hokksund stasjon,2026-09-07T21:01:00+02:00,2026-09-07T21:01:07+02:00,,7.0,1,Kongsberg,VYG:Line:R12,Kongsberg-Oslo S-Eidsvoll,R12,rail,VYG:ServiceJourney:531_444339-R,True,expected,False,,,,,2026-09-07T20:27:16.249662+02:00
NSR:StopPlace:58860,Oppegård stasjon,2026-09-07T19:27:00+02:00,2026-09-07T19:27:07+02:00,,7.0,1,Ski,VYG:Line:L2,Stabekk-Oslo S-Ski,L2,rail,VYG:ServiceJourney:2855-BES_488389-R,True,expected,False,,,,,2026-09-07T20:27:16.249662+02:00
NSR:StopPlace:58886,Arendal stasjon,2026-09-07T19:27:00+02:00,2026-09-07T19:27:07+02:00,,7.0,1,Solåsen,AKT:Line:111,Sykehuset-Arendal-Solåsen,111,bus,AKT:ServiceJourney:73607_271_23_139800_141000_40001009,True,expected,False,,,,,2026-09-07T20:27:16.249662+02:00
NSR:StopPlace:58886,Arendal stasjon,2026-09-07T19:40:00+02:00,2026-09-07T19:40:07+02:00,,7.0,1,Arendal sentrum,AKT:Line:111,Sykehuset-Arendal-Solåsen,111,bus,AKT:ServiceJourney:73607_271_23_139800_141000_40001009,True,expected,False,,,,,2026-09-07T20:27:16.249662+02:00
NSR:StopPlace:58886,Arendal stasjon,2026-09-07T19:57:00+02:00,2026-09-07T19:57:07+02:00,,7.0,1,Solåsen,AKT:Line:111,Sykehuset-Arendal-Solåsen,111,bus,AKT:ServiceJourney:73608_281_23_143400_144600_40001009,True,expected,False,,,,,2026-09-07T20:27:16.249662+02:00
NSR:StopPlace:58886,Arendal stasjon,2026-09-07T20:10:00+02:00,2026-09-07T20:10:07+02:00,,7.0,1,Arendal sentrum,AKT:Line:111,Sykehuset-Arendal-Solåsen,111,bus,AKT:ServiceJourney:73608_281_23_143400_144600_40001009,True,expected,False,,,,,2026-09-07T20:27:16.249662+02:00
NSR:StopPlace:6,Greverud stasjon,2026-09-07T15:10:00+02:00,2026-09-07T15:10:07+02:00,,7.0,1,Ski,VYG:Line:L2,Stabekk-Oslo S-Ski,L2,rail,VYG:ServiceJourney:2739-HVK_443948-R,True,expected,False,,,,,2026-09-07T15:44:36.205822+02:00
NSR:StopPlace:58860,Oppegård stasjon,2026-09-07T14:57:00+02:00,2026-09-07T14:57:07+02:00,,7.0,1,Ski,VYG:Line:L2,Stabekk-Oslo S-Ski,L2,rail,VYG:ServiceJourney:2837_444064-R,True,expected,False,,,,,2026-09-07T15:44:36.205822+02:00
NSR:StopPlace:474,Øyeflaten stasjon,2026-09-07T14:32:00+02:00,2026-09-07T14:32:07+02:00,,7.0,1,Myrdal,VYG:Line:R40,Bergen-Voss-Myrdal-Ål,R40,rail,VYG:ServiceJourney:1816_465749-R,True,expected,False,,,,,2026-09-07T15:44:36.205822+02:00
NSR:StopPlace:58918,Nodeland stasjon,2026-09-07T09:05:00+02:00,2026-09-07T09:05:07+02:00,,7.0,1,Kristiansand,AKT:Line:1046,Kristiansand - Finsland,46,bus,AKT:ServiceJourney:78719_82_60_61800_64860_3950001,True,expected,False,,,,,2026-09-07T08:42:24.659182+02:00
NSR:StopPlace:58853,Kolbotn stasjon,2026-09-07T22:33:00+02:00,2026-09-07T22:33:06+02:00,,6.0,1,Ski,VYG:Line:L2,Stabekk-Oslo S-Ski,L2,rail,VYG:ServiceJourney:2769-HVK_443987-R,True,expected,False,,,,,2026-09-08T00:20:52.129880+02:00
NSR:StopPlace:58830,Brakerøya stasjon,2026-09-07T20:51:00+02:00,2026-09-07T20:51:06+02:00,,6.0,1,Drammen,VYG:Line:R13,Drammen-Oslo S-Dal,R13,rail,VYG:ServiceJourney:1660_443344-R,True,expected,False,,,,,2026-09-07T20:27:16.249662+02:00
NSR:StopPlace:58918,Nodeland stasjon,2026-09-07T09:38:00+02:00,2026-09-07T09:38:06+02:00,,6.0,1,Hortemo,AKT:Line:1048,Høllen - Nodelandsheia,48,bus,AKT:ServiceJourney:76950_111_21_67440_68700_3957751,True,expected,False,,,,,2026-09-07T08:42:24.659182+02:00
NSR:StopPlace:59639,Sonsveien stasjon,2026-09-07T20:34:00+02:00,2026-09-07T20:34:05+02:00,,5.0,1,Stabekk,VYG:Line:R21,Stabekk-Oslo S-Moss,R21,rail,VYG:ServiceJourney:1166-MOS_443058-R,True,expected,False,,,,,2026-09-07T20:27:16.249662+02:00
NSR:StopPlace:60017,Slitu stasjon,2026-09-07T15:50:00+02:00,2026-09-07T15:50:05+02:00,,5.0,1,Rakkestad,VYG:Line:R22,Skøyen-Oslo S-Mysen-Rakkestad,R22,rail,VYG:ServiceJourney:1921_443467-R,True,expected,False,,,,,2026-09-07T15:44:36.205822+02:00
NSR:StopPlace:58825,Raufoss stasjon,2026-09-07T15:48:00+02:00,2026-09-07T15:48:05+02:00,,5.0,1,Hov o/Trevatn,INN:Line:480,Hov-Trevatn-Gjøvik,480,bus,INN:ServiceJourney:97425,True,expected,False,,,,,2026-09-07T15:44:36.205822+02:00
NSR:StopPlace:62341,Tangen stasjon,2026-09-07T15:53:00+02:00,2026-09-07T15:53:05+02:00,,5.0,1,Hamar,VYG:Line:RE10,Drammen-Oslo S-Lillehammer,RE10,rail,VYG:ServiceJourney:351-HAV_444273-R,True,expected,False,,,,,2026-09-07T15:44:36.205822+02:00
NSR:StopPlace:58839,Steinberg stasjon,2026-09-07T09:05:00+02:00,2026-09-07T09:05:05+02:00,,5.0,1,Drammen via Mjøndalen,BRA:Line:4_6101,Drammen-Vikersund/Hønefoss,101,bus,BRA:ServiceJourney:6101_260415100161331_1014,True,expected,False,,,,,2026-09-07T08:42:24.659182+02:00
NSR:StopPlace:58839,Steinberg stasjon,2026-09-07T09:35:00+02:00,2026-09-07T09:35:05+02:00,,5.0,1,Drammen via Mjøndalen,BRA:Line:4_6101,Drammen-Vikersund/Hønefoss,101,bus,BRA:ServiceJourney:6101_260415100161274_1020,True,expected,False,,,,,2026-09-07T08:42:24.659182+02:00
NSR:StopPlace:58866,Vevelstad stasjon,2026-09-07T07:14:00+02:00,2026-09-07T07:14:05+02:00,,5.0,1,Ski,VYG:Line:L2,Stabekk-Oslo S-Ski,L2,rail,VYG:ServiceJourney:2707-HVK_443913-R,True,expected,False,,,,,2026-09-07T08:42:24.659182+02:00
NSR:StopPlace:58884,Skien stasjon,2026-09-07T08:58:00+02:00,2026-09-07T08:58:05+02:00,,5.0,1,Siljan,TEL:Line:8047,Siljan-Skien-Åfoss,P7,bus,TEL:ServiceJourney:127425,True,expected,False,,,,,2026-09-07T08:42:24.659182+02:00
NSR:StopPlace:59637,Rosenholm stasjon,2026-09-07T23:16:00+02:00,2026-09-07T23:16:04+02:00,,4.0,1,Ski,VYG:Line:L2,Stabekk-Oslo S-Ski,L2,rail,VYG:ServiceJourney:2871-BES_488399-R,True,expected,False,,,,,2026-09-08T00:20:52.129880+02:00
NSR:StopPlace:59637,Rosenholm stasjon,2026-09-07T20:31:00+02:00,2026-09-07T20:31:04+02:00,,4.0,1,Ski,VYG:Line:L2,Stabekk-Oslo S-Ski,L2,rail,VYG:ServiceJourney:2761-HVK_443975-R,True,expected,False,,,,,2026-09-07T20:27:16.249662+02:00
NSR:StopPlace:58952,Bodø stasjon,2026-09-07T20:55:00+02:00,2026-09-07T20:55:03+02:00,,3.0,1,Løpsmarka,NOR:Line:12_8004,Tverlandet - Bodø sentrum - Løpsmarka,4,bus,NOR:ServiceJourney:8004_251012124900624_2037,True,expected,False,,,,,2026-09-07T20:27:16.249662+02:00
NSR:StopPlace:59182,Örebro Centralstation,2026-09-07T13:35:00+02:00,2026-09-07T13:35:03+02:00,,3.0,1,Oslo,FLI:Line:ce96d970-bcdf-435c-b7ba-5f9299ea8ea6,Stockholm - Oslo,600,coach,FLI:ServiceJourney:a9fd0b0b-7a2a-4468-ac2c-39faa74dda9a,True,expected,False,,,,,2026-09-07T15:44:36.205822+02:00
NSR:StopPlace:58952,Bodø stasjon,2026-09-07T16:25:00+02:00,2026-09-07T16:25:03+02:00,,3.0,1,-,NOR:Line:12_8400,Kjerringøy - Festvåg - Skaug - Bodø,400,bus,NOR:ServiceJourney:8400_251012124900662_2010:690104047,True,expected,False,,,,,2026-09-07T15:44:36.205822+02:00
NSR:StopPlace:58846,Fetsund stasjon,2026-09-07T15:52:00+02:00,2026-09-07T15:52:03+02:00,,3.0,1,Kongsvinger,VYG:Line:R14,Asker-Oslo S-Kongsvinger,R14,rail,VYG:ServiceJourney:1051-HAV_442955-R,True,expected,False,,,,,2026-09-07T15:44:36.205822+02:00
NSR:StopPlace:62378,Røstad stasjon,2026-09-07T23:43:00+02:00,2026-09-07T23:43:02+02:00,,2.0,1,Steinkjer,SJN:Line:26,Trønderbanen,R70,rail,SJN:ServiceJourney:455_56084-R,True,expected,False,,,,,2026-09-08T00:20:52.129880+02:00
NSR:StopPlace:41,Hanaborg stasjon,2026-09-07T20:34:00+02:00,2026-09-07T20:34:02+02:00,,2.0,1,Asker,VYG:Line:L1,Spikkestad-Oslo S-Lillestrøm,L1,rail,VYG:ServiceJourney:2163_443573-R,True,expected,False,,,,,2026-09-07T20:27:16.249662+02:00
NSR:StopPlace:59637,Rosenholm stasjon,2026-09-07T09:01:00+02:00,2026-09-07T09:01:02+02:00,,2.0,1,Ski,VYG:Line:L2,Stabekk-Oslo S-Ski,L2,rail,VYG:ServiceJourney:2715-HVK_443921-R,True,expected,False,,,,,2026-09-07T08:42:24.659182+02:00
NSR:StopPlace:61897,Bryn stasjon,2026-09-07T20:45:00+02:00,2026-09-07T20:45:01+02:00,,1.0,1,Lillestrøm,VYG:Line:L1,Spikkestad-Oslo S-Lillestrøm,L1,rail,VYG:ServiceJourney:2264_445363-R,True,expected,False,,,,,2026-09-07T20:27:16.249662+02:00
NSR:StopPlace:6,Greverud stasjon,2026-09-07T07:10:00+02:00,2026-09-07T07:10:01+02:00,,1.0,1,Ski,VYG:Line:L2,Stabekk-Oslo S-Ski,L2,rail,VYG:ServiceJourney:2707-HVK_443913-R,True,expected,False,,,,,2026-09-07T08:42:24.659182+02:00
NSR:StopPlace:58793,Askim stasjon,2026-09-07T08:00:00+02:00,2026-09-07T08:00:01+02:00,,1.0,1,Moss,OST:Line:1_641,Askim-Elvestad-Moss,641,bus,OST:ServiceJourney:641_260817073899931_5,True,expected,False,,,,,2026-09-07T08:42:24.659182+02:00
NSR:StopPlace:58838,Røyken stasjon,2026-09-07T08:46:00+02:00,2026-09-07T08:46:01+02:00,,1.0,1,Spikkestad ungdoms sk.,RUT:Line:2034,Kleiverfeltet - SPUSK,2034,bus,RUT:ServiceJourney:524167219567130b3f850a3d29447453,True,expected,False,,,,,2026-09-07T08:42:24.659182+02:00
NSR:StopPlace:58838,Røyken stasjon,2026-09-08T00:19:00+02:00,2026-09-08T00:19:00+02:00,,0.0,0,Lillestrøm,VYG:Line:L1,Spikkestad-Oslo S-Lillestrøm,L1,rail,VYG:ServiceJourney:2282_443722-R,True,planned,False,,,,,2026-09-08T03:39:50.209703+02:00
NSR:StopPlace:274,Hunderfossen stasjon,2026-09-08T01:30:00+02:00,2026-09-08T01:30:00+02:00,,0.0,0,Trondheim S,SJN:Line:21,Dovrebanen,F6,rail,SJN:ServiceJourney:405-LOD_30131-R,True,planned,False,,,,,2026-09-08T03:39:50.209703+02:00
NSR:StopPlace:6,Greverud stasjon,2026-09-07T22:40:00+02:00,2026-09-07T22:40:00+02:00,,0.0,0,Ski,VYG:Line:L2,Stabekk-Oslo S-Ski,L2,rail,VYG:ServiceJourney:2769-HVK_443987-R,True,planned,False,,,,,2026-09-08T00:20:52.129880+02:00
NSR:StopPlace:6,Greverud stasjon,2026-09-07T22:55:00+02:00,2026-09-07T22:55:00+02:00,,0.0,0,Ski,VYG:Line:L2,Stabekk-Oslo S-Ski,L2,rail,VYG:ServiceJourney:2869_444112-R,True,planned,False,,,,,2026-09-08T00:20:52.129880+02:00
NSR:StopPlace:6,Greverud stasjon,2026-09-07T23:25:00+02:00,2026-09-07T23:25:00+02:00,,0.0,0,Ski,VYG:Line:L2,Stabekk-Oslo S-Ski,L2,rail,VYG:ServiceJourney:2871-BES_488399-R,True,planned,False,,,,,2026-09-08T00:20:52.129880+02:00
NSR:StopPlace:6,Greverud stasjon,2026-09-07T23:40:00+02:00,2026-09-07T23:40:00+02:00,,0.0,0,Ski,VYG:Line:L2,Stabekk-Oslo S-Ski,L2,rail,VYG:ServiceJourney:2773-HVK_443994-R,True,planned,False,,,,,2026-09-08T00:20:52.129880+02:00
NSR:StopPlace:6,Greverud stasjon,2026-09-07T23:55:00+02:00,2026-09-07T23:55:00+02:00,,0.0,0,Ski,VYG:Line:L2,Stabekk-Oslo S-Ski,L2,rail,VYG:ServiceJourney:2873_444117-R,True,planned,False,,,,,2026-09-08T00:20:52.129880+02:00
NSR:StopPlace:6,Greverud stasjon,2026-09-08T00:10:00+02:00,2026-09-08T00:10:00+02:00,,0.0,0,Ski,VYG:Line:L2,Stabekk-Oslo S-Ski,L2,rail,VYG:ServiceJourney:2775-HVK_443998-R,True,planned,False,,,,,2026-09-08T00:20:52.129880+02:00
NSR:StopPlace:6,Greverud stasjon,2026-09-08T00:25:00+02:00,2026-09-08T00:25:00+02:00,,0.0,0,Ski,VYG:Line:L2,Stabekk-Oslo S-Ski,L2,rail,VYG:ServiceJourney:2875-BES_488401-R,True,planned,False,,,,,2026-09-08T00:20:52.129880+02:00
NSR:StopPlace:6,Greverud stasjon,2026-09-08T00:40:00+02:00,2026-09-08T00:40:00+02:00,,0.0,0,Ski,VYG:Line:L2,Stabekk-Oslo S-Ski,L2,rail,VYG:ServiceJourney:2777-HVK_444000-R,True,planned,False,,,,,2026-09-08T00:20:52.129880+02:00
NSR:StopPlace:6,Greverud stasjon,2026-09-08T01:10:00+02:00,2026-09-08T01:10:00+02:00,,0.0,0,Ski,VYG:Line:L2,Stabekk-Oslo S-Ski,L2,rail,VYG:ServiceJourney:2779-HVK_444003-R,True,planned,False,,,,,2026-09-08T00:20:52.129880+02:00
NSR:StopPlace:61466,Vakås stasjon,2026-09-08T00:41:00+02:00,2026-09-08T00:41:00+02:00,,0.0,0,Spikkestad,VYG:Line:L1,Spikkestad-Oslo S-Lillestrøm,L1,rail,VYG:ServiceJourney:2277_443713-R,True,planned,False,,,,,2026-09-08T00:20:52.129880+02:00
NSR:StopPlace:61466,Vakås stasjon,2026-09-08T01:11:30+02:00,2026-09-08T01:11:30+02:00,,0.0,0,Spikkestad,VYG:Line:L1,Spikkestad-Oslo S-Lillestrøm,L1,rail,VYG:ServiceJourney:2279_443715-R,True,planned,False,,,,,2026-09-08T00:20:52.129880+02:00
NSR:StopPlace:61463,Nordstrand stasjon,2026-09-08T00:22:00+02:00,2026-09-08T00:22:00+02:00,,0.0,0,Ski,VYG:Line:L2,Stabekk-Oslo S-Ski,L2,rail,VYG:ServiceJourney:2777-HVK_444000-R,True,planned,False,,,,,2026-09-08T00:20:52.129880+02:00
NSR:StopPlace:61463,Nordstrand stasjon,2026-09-08T00:37:00+02:00,2026-09-08T00:37:00+02:00,,0.0,0,Stabekk,VYG:Line:L2,Stabekk-Oslo S-Ski,L2,rail,VYG:ServiceJourney:2782-SKI_444011-R,True,planned,False,,,,,2026-09-08T00:20:52.129880+02:00
NSR:StopPlace:61463,Nordstrand stasjon,2026-09-08T00:52:00+02:00,2026-09-08T00:52:00+02:00,,0.0,0,Ski,VYG:Line:L2,Stabekk-Oslo S-Ski,L2,rail,VYG:ServiceJourney:2779-HVK_444003-R,True,planned,False,,,,,2026-09-08T00:20:52.129880+02:00
NSR:StopPlace:61464,Hvalstad stasjon,2026-09-08T00:39:00+02:00,2026-09-08T00:39:00+02:00,,0.0,0,Spikkestad,VYG:Line:L1,Spikkestad-Oslo S-Lillestrøm,L1,rail,VYG:ServiceJourney:2277_443713-R,True,planned,False,,,,,2026-09-08T00:20:52.129880+02:00
NSR:StopPlace:61464,Hvalstad stasjon,2026-09-08T01:09:00+02:00,2026-09-08T01:09:00+02:00,,0.0,0,Spikkestad,VYG:Line:L1,Spikkestad-Oslo S-Lillestrøm,L1,rail,VYG:ServiceJourney:2279_443715-R,True,planned,False,,,,,2026-09-08T00:20:52.129880+02:00
NSR:StopPlace:61413,Heia stasjon,2026-09-07T23:07:00+02:00,2026-09-07T23:07:00+02:00,,0.0,0,Rakkestad,VYG:Line:R22,Skøyen-Oslo S-Mysen-Rakkestad,R22,rail,VYG:ServiceJourney:1935_443489-R,True,planned,False,,,,,2026-09-08T00:20:52.129880+02:00
NSR:StopPlace:61326,Gulskogen stasjon,2026-09-08T00:47:00+02:00,2026-09-08T00:47:00+02:00,,0.0,0,Kongsberg,VYG:Line:R12,Kongsberg-Oslo S-Eidsvoll,R12,rail,VYG:ServiceJourney:539_444349-R,True,planned,False,,,,,2026-09-08T00:20:52.129880+02:00
NSR:StopPlace:61341,Drevvatn stasjon,2026-09-07T22:06:00+02:00,2026-09-07T22:06:00+02:00,,0.0,0,Mo i Rana,SJN:Line:71,Nordlandsbanen,F7,rail,SJN:ServiceJourney:477_45453-R,True,planned,False,,,,,2026-09-08T00:20:52.129880+02:00
NSR:StopPlace:61342,Rognes stasjon,2026-09-07T21:12:00+02:00,2026-09-07T21:12:00+02:00,,0.0,0,Trondheim S,SJN:Line:25,Rørosbanen,R60,rail,SJN:ServiceJourney:2389_47883-R,True,planned,False,,,,,2026-09-08T00:20:52.129880+02:00
NSR:StopPlace:61387,Skogn stasjon,2026-09-08T00:31:00+02:00,2026-09-08T00:31:00+02:00,,0.0,0,Steinkjer,SJN:Line:26,Trønderbanen,R70,rail,SJN:ServiceJourney:457-SOeB_56085-R,True,planned,False,,,,,2026-09-08T00:20:52.129880+02:00
NSR:StopPlace:61314,Hovin stasjon,2026-09-08T00:36:00+02:00,2026-09-08T00:36:00+02:00,,0.0,0,Støren,SJN:Line:26,Trønderbanen,R70,rail,SJN:ServiceJourney:454_56083-R,True,planned,False,,,,,2026-09-08T00:20:52.129880+02:00
NSR:StopPlace:41,Hanaborg stasjon,2026-09-08T00:31:00+02:00,2026-09-08T00:31:00+02:00,,0.0,0,Lillestrøm,VYG:Line:L1,Spikkestad-Oslo S-Lillestrøm,L1,rail,VYG:ServiceJourney:2278_445378-R,True,planned,False,,,,,2026-09-08T00:20:52.129880+02:00
NSR:StopPlace:41,Hanaborg stasjon,2026-09-08T01:01:00+02:00,2026-09-08T01:01:00+02:00,,0.0,0,Lillestrøm,VYG:Line:L1,Spikkestad-Oslo S-Lillestrøm,L1,rail,VYG:ServiceJourney:2280_443718-R,True,planned,False,,,,,2026-09-08T00:20:52.129880+02:00
NSR:StopPlace:61897,Bryn stasjon,2026-09-08T00:35:30+02:00,2026-09-08T00:35:30+02:00,,0.0,0,Spikkestad,VYG:Line:L1,Spikkestad-Oslo S-Lillestrøm,L1,rail,VYG:ServiceJourney:2279_443715-R,True,planned,False,,,,,2026-09-08T00:20:52.129880+02:00
NSR:StopPlace:61897,Bryn stasjon,2026-09-08T00:45:00+02:00,2026-09-08T00:45:00+02:00,,0.0,0,Lillestrøm,VYG:Line:L1,Spikkestad-Oslo S-Lillestrøm,L1,rail,VYG:ServiceJourney:2280_443718-R,True,planned,False,,,,,2026-09-08T00:20:52.129880+02:00
NSR:StopPlace:59789,Skotbu stasjon,2026-09-07T23:32:00+02:00,2026-09-07T23:32:00+02:00,,0.0,0,Oslo S,VYG:Line:R22,Skøyen-Oslo S-Mysen-Rakkestad,R22,rail,VYG:ServiceJourney:1940_443496-R,True,planned,False,,,,,2026-09-08T00:20:52.129880+02:00
NSR:StopPlace:59789,Skotbu stasjon,2026-09-08T00:52:00+02:00,2026-09-08T00:52:00+02:00,,0.0,0,Mysen,VYG:Line:R22,Skøyen-Oslo S-Mysen-Rakkestad,R22,rail,VYG:ServiceJourney:1939_443494-R,True,planned,False,,,,,2026-09-08T00:20:52.129880+02:00
NSR:StopPlace:59646,Høvik stasjon,2026-09-08T00:26:00+02:00,2026-09-08T00:26:00+02:00,,0.0,0,Spikkestad,VYG:Line:L1,Spikkestad-Oslo S-Lillestrøm,L1,rail,VYG:ServiceJourney:2277_443713-R,True,planned,False,,,,,2026-09-08T00:20:52.129880+02:00
NSR:StopPlace:59646,Høvik stasjon,2026-09-08T00:56:00+02:00,2026-09-08T00:56:00+02:00,,0.0,0,Spikkestad,VYG:Line:L1,Spikkestad-Oslo S-Lillestrøm,L1,rail,VYG:ServiceJourney:2279_443715-R,True,planned,False,,,,,2026-09-08T00:20:52.129880+02:00
NSR:StopPlace:59647,Dal stasjon,2026-09-08T00:46:00+02:00,2026-09-08T00:46:00+02:00,,0.0,0,Eidsvoll st.,RUT:Line:430,Eidsvoll - Jessheim,430,bus,RUT:ServiceJourney:a4b2a8f628b8de050fb45c9589244dcb,True,planned,False,,,,,2026-09-08T00:20:52.129880+02:00
NSR:StopPlace:59648,Kjelsås stasjon,2026-09-07T23:23:00+02:00,2026-09-07T23:23:00+02:00,,0.0,0,Snippen,VYG:Line:R31,Skøyen-Jaren-Gjøvik,R31,rail,VYG:ServiceJourney:BUS-237_655494-R,True,planned,False,,,,,2026-09-08T00:20:52.129880+02:00
NSR:StopPlace:59641,Fjellhamar stasjon,2026-09-08T00:33:00+02:00,2026-09-08T00:33:00+02:00,,0.0,0,Lillestrøm,VYG:Line:L1,Spikkestad-Oslo S-Lillestrøm,L1,rail,VYG:ServiceJourney:2278_445378-R,True,planned,False,,,,,2026-09-08T00:20:52.129880+02:00
NSR:StopPlace:59641,Fjellhamar stasjon,2026-09-08T01:03:00+02:00,2026-09-08T01:03:00+02:00,,0.0,0,Lillestrøm,VYG:Line:L1,Spikkestad-Oslo S-Lillestrøm,L1,rail,VYG:ServiceJourney:2280_443718-R,True,planned,False,,,,,2026-09-08T00:20:52.129880+02:00
NSR:StopPlace:59642,Rånåsfoss stasjon,2026-09-08T00:37:00+02:00,2026-09-08T00:37:00+02:00,,0.0,0,Kongsvinger,VYG:Line:R14,Asker-Oslo S-Kongsvinger,R14,rail,VYG:ServiceJourney:1039_442951-R,True,planned,False,,,,,2026-09-08T00:20:52.129880+02:00
NSR:StopPlace:59643,Grefsen stasjon,2026-09-07T21:50:00+02:00,2026-09-07T21:50:00+02:00,,0.0,0,Roa,VYG:Line:R31,Skøyen-Jaren-Gjøvik,R31,rail,VYG:ServiceJourney:BUS-235_655469-R,True,planned,False,,,,,2026-09-08T00:20:52.129880+02:00
NSR:StopPlace:59650,Nyland stasjon,2026-09-08T00:29:30+02:00,2026-09-08T00:29:02+02:00,,0.0,0,Spikkestad,VYG:Line:L1,Spikkestad-Oslo S-Lillestrøm,L1,rail,VYG:ServiceJourney:2279_443715-R,True,expected,False,,,,,2026-09-08T00:20:52.129880+02:00
NSR:StopPlace:59650,Nyland stasjon,2026-09-08T00:51:00+02:00,2026-09-08T00:51:00+02:00,,0.0,0,Lillestrøm,VYG:Line:L1,Spikkestad-Oslo S-Lillestrøm,L1,rail,VYG:ServiceJourney:2280_443718-R,True,planned,False,,,,,2026-09-08T00:20:52.129880+02:00
NSR:StopPlace:59653,Haugenstua stasjon,2026-09-08T00:25:00+02:00,2026-09-08T00:25:00+02:00,,0.0,0,Lillestrøm,VYG:Line:L1,Spikkestad-Oslo S-Lillestrøm,L1,rail,VYG:ServiceJourney:2278_445378-R,True,planned,False,,,,,2026-09-08T00:20:52.129880+02:00
NSR:StopPlace:59653,Haugenstua stasjon,2026-09-08T00:55:00+02:00,2026-09-08T00:55:00+02:00,,0.0,0,Lillestrøm,VYG:Line:L1,Spikkestad-Oslo S-Lillestrøm,L1,rail,VYG:ServiceJourney:2280_443718-R,True,planned,False,,,,,2026-09-08T00:20:52.129880+02:00
NSR:StopPlace:60737,Bondivann stasjon,2026-09-07T21:30:00+02:00,2026-09-07T21:30:00+02:00,,0.0,0,Lillestrøm,VYG:Line:L1,Spikkestad-Oslo S-Lillestrøm,L1,rail,VYG:ServiceJourney:2270_443703-R,True,planned,False,,,,,2026-09-08T00:20:52.129880+02:00
NSR:StopPlace:60737,Bondivann stasjon,2026-09-07T22:00:00+02:00,2026-09-07T22:00:00+02:00,,0.0,0,Lillestrøm,VYG:Line:L1,Spikkestad-Oslo S-Lillestrøm,L1,rail,VYG:ServiceJourney:2272_465117-R,True,planned,False,,,,,2026-09-08T00:20:52.129880+02:00
NSR:StopPlace:60737,Bondivann stasjon,2026-09-07T22:49:00+02:00,2026-09-07T22:49:00+02:00,,0.0,0,Spikkestad,VYG:Line:L1,Spikkestad-Oslo S-Lillestrøm,L1,rail,VYG:ServiceJourney:2269_443700-R,True,planned,False,,,,,2026-09-08T00:20:52.129880+02:00
NSR:StopPlace:60737,Bondivann stasjon,2026-09-07T23:00:00+02:00,2026-09-07T23:00:00+02:00,,0.0,0,Lillestrøm,VYG:Line:L1,Spikkestad-Oslo S-Lillestrøm,L1,rail,VYG:ServiceJourney:2276_445376-R,True,planned,False,,,,,2026-09-08T00:20:52.129880+02:00
NSR:StopPlace:60737,Bondivann stasjon,2026-09-08T00:49:00+02:00,2026-09-08T00:49:00+02:00,,0.0,0,Spikkestad,VYG:Line:L1,Spikkestad-Oslo S-Lillestrøm,L1,rail,VYG:ServiceJourney:2277_443713-R,True,planned,False,,,,,2026-09-08T00:20:52.129880+02:00
NSR:StopPlace:60737,Bondivann stasjon,2026-09-08T01:19:00+02:00,2026-09-08T01:19:00+02:00,,0.0,0,Spikkestad,VYG:Line:L1,Spikkestad-Oslo S-Lillestrøm,L1,rail,VYG:ServiceJourney:2279_443715-R,True,planned,False,,,,,2026-09-08T00:20:52.129880+02:00
NSR:StopPlace:60735,Gullhella stasjon,2026-09-07T22:51:00+02:00,2026-09-07T22:51:00+02:00,,0.0,0,Spikkestad,VYG:Line:L1,Spikkestad-Oslo S-Lillestrøm,L1,rail,VYG:ServiceJourney:2269_443700-R,True,planned,False,,,,,2026-09-08T00:20:52.129880+02:00
NSR:StopPlace:60735,Gullhella stasjon,2026-09-08T00:51:00+02:00,2026-09-08T00:51:00+02:00,,0.0,0,Spikkestad,VYG:Line:L1,Spikkestad-Oslo S-Lillestrøm,L1,rail,VYG:ServiceJourney:2277_443713-R,True,planned,False,,,,,2026-09-08T00:20:52.129880+02:00
NSR:StopPlace:59952,Drammen stasjon,2026-09-08T00:43:00+02:00,2026-09-08T00:43:00+02:00,,0.0,0,Kongsberg,VYG:Line:R12,Kongsberg-Oslo S-Eidsvoll,R12,rail,VYG:ServiceJourney:539_444349-R,True,planned,False,,,,,2026-09-08T00:20:52.129880+02:00
NSR:StopPlace:59983,Bergen stasjon,2026-09-08T00:27:00+02:00,2026-09-08T00:27:00+02:00,,0.0,0,Arna,VYG:Line:L4,Bergen-Arna,L4,rail,VYG:ServiceJourney:2678_443894-R,True,planned,False,,,,,2026-09-08T00:20:52.129880+02:00
NSR:StopPlace:60017,Slitu stasjon,2026-09-07T22:04:00+02:00,2026-09-07T22:04:00+02:00,,0.0,0,Oslo S,VYG:Line:R22,Skøyen-Oslo S-Mysen-Rakkestad,R22,rail,VYG:ServiceJourney:1938_443493-R,True,planned,False,,,,,2026-09-08T00:20:52.129880+02:00
NSR:StopPlace:60017,Slitu stasjon,2026-09-07T23:04:00+02:00,2026-09-07T23:04:00+02:00,,0.0,0,Oslo S,VYG:Line:R22,Skøyen-Oslo S-Mysen-Rakkestad,R22,rail,VYG:ServiceJourney:1940_443496-R,True,planned,False,,,,,2026-09-08T00:20:52.129880+02:00
NSR:StopPlace:60017,Slitu stasjon,2026-09-07T23:51:30+02:00,2026-09-07T23:51:30+02:00,,0.0,0,Rakkestad,VYG:Line:R22,Skøyen-Oslo S-Mysen-Rakkestad,R22,rail,VYG:ServiceJourney:1937_443491-R,True,planned,False,,,,,2026-09-08T00:20:52.129880+02:00
NSR:StopPlace:60017,Slitu stasjon,2026-09-08T01:19:00+02:00,2026-09-08T01:19:00+02:00,,0.0,0,Mysen,VYG:Line:R22,Skøyen-Oslo S-Mysen-Rakkestad,R22,rail,VYG:ServiceJourney:1939_443494-R,True,planned,False,,,,,2026-09-08T00:20:52.129880+02:00
NSR:StopPlace:60016,Kråkstad stasjon,2026-09-08T00:48:00+02:00,2026-09-08T00:48:00+02:00,,0.0,0,Mysen,VYG:Line:R22,Skøyen-Oslo S-Mysen-Rakkestad,R22,rail,VYG:ServiceJourney:1939_443494-R,True,planned,False,,,,,2026-09-08T00:20:52.129880+02:00
NSR:StopPlace:60047,Melhus skysstasjon,2026-09-08T00:23:00+02:00,2026-09-08T00:23:00+02:00,,0.0,0,Brekkåsen,ATB:Line:2_82,Hesttrøa-Brekkåsen,82,bus,ATB:ServiceJourney:82_251215112550883_133,True,planned,False,Linje 82 og 504,Avvikende kjøring for linje 82 og 504 pga Hølondvegen er stengt. ,general,normal,2026-09-08T00:20:52.129880+02:00
NSR:StopPlace:60045,Hamar stasjon,2026-09-08T00:45:00+02:00,2026-09-08T00:45:00+02:00,,0.0,0,Lillehammer,VYG:Line:RE10,Drammen-Oslo S-Lillehammer,RE10,rail,VYG:ServiceJourney:339-SUD_486429-R,True,planned,False,,,,,2026-09-08T00:20:52.129880+02:00
NSR:StopPlace:59637,Rosenholm stasjon,2026-09-08T00:28:00+02:00,2026-09-08T00:28:00+02:00,,0.0,0,Stabekk,VYG:Line:L2,Stabekk-Oslo S-Ski,L2,rail,VYG:ServiceJourney:2782-SKI_444011-R,True,planned,False,,,,,2026-09-08T00:20:52.129880+02:00
NSR:StopPlace:59637,Rosenholm stasjon,2026-09-08T01:01:00+02:00,2026-09-08T01:01:00+02:00,,0.0,0,Ski,VYG:Line:L2,Stabekk-Oslo S-Ski,L2,rail,VYG:ServiceJourney:2779-HVK_444003-R,True,planned,False,,,,,2026-09-08T00:20:52.129880+02:00
NSR:StopPlace:59638,Myrvoll stasjon,2026-09-07T22:38:00+02:00,2026-09-07T22:38:00+02:00,,0.0,0,Ski,VYG:Line:L2,Stabekk-Oslo S-Ski,L2,rail,VYG:ServiceJourney:2769-HVK_443987-R,True,planned,False,,,,,2026-09-08T00:20:52.129880+02:00
NSR:StopPlace:59638,Myrvoll stasjon,2026-09-07T22:53:00+02:00,2026-09-07T22:53:00+02:00,,0.0,0,Ski,VYG:Line:L2,Stabekk-Oslo S-Ski,L2,rail,VYG:ServiceJourney:2869_444112-R,True,planned,False,,,,,2026-09-08T00:20:52.129880+02:00
NSR:StopPlace:59638,Myrvoll stasjon,2026-09-07T23:23:00+02:00,2026-09-07T23:23:00+02:00,,0.0,0,Ski,VYG:Line:L2,Stabekk-Oslo S-Ski,L2,rail,VYG:ServiceJourney:2871-BES_488399-R,True,planned,False,,,,,2026-09-08T00:20:52.129880+02:00
NSR:StopPlace:59639,Sonsveien stasjon,2026-09-08T00:25:00+02:00,2026-09-08T00:25:00+02:00,,0.0,0,Store Brevik - Son - Deør,RUT:Line:2545,Son med klokka,545A,bus,RUT:ServiceJourney:b4fcd7faf2418d163102cd4afc27b5b4,True,planned,False,,,,,2026-09-08T00:20:52.129880+02:00
NSR:StopPlace:58951,Bjerka stasjon,2026-09-07T22:27:00+02:00,2026-09-07T22:27:00+02:00,,0.0,0,Mo i Rana,SJN:Line:71,Nordlandsbanen,F7,rail,SJN:ServiceJourney:477_45453-R,True,planned,False,,,,,2026-09-08T00:20:52.129880+02:00
NSR:StopPlace:58964,Kløfta stasjon,2026-09-08T00:41:00+02:00,2026-09-08T00:41:00+02:00,,0.0,0,Dal,VYG:Line:R13,Drammen-Oslo S-Dal,R13,rail,VYG:ServiceJourney:1677_443379-R,True,planned,False,,,,,2026-09-08T00:20:52.129880+02:00
NSR:StopPlace:58964,Kløfta stasjon,2026-09-08T00:49:00+02:00,2026-09-08T00:49:00+02:00,,0.0,0,Herbergåsen,RUT:Line:460,Herbergåsen - Kløfta,460,bus,RUT:ServiceJourney:538bf6f9316dedb0ac40c40d2a5060e5,True,planned,False,,,,,2026-09-08T00:20:52.129880+02:00
NSR:StopPlace:58918,Nodeland stasjon,2026-09-07T22:51:00+02:00,2026-09-07T22:51:00+02:00,,0.0,0,Høllen,AKT:Line:1048,Høllen - Nodelandsheia,48,bus,AKT:ServiceJourney:76999_252_22_164040_165360_1099022,True,planned,False,,,,,2026-09-08T00:20:52.129880+02:00
NSR:StopPlace:58918,Nodeland stasjon,2026-09-07T23:38:00+02:00,2026-09-07T23:38:00+02:00,,0.0,0,Hortemo,AKT:Line:1048,Høllen - Nodelandsheia,48,bus,AKT:ServiceJourney:76962_251_21_168240_169500_3957751,True,planned,False,,,,,2026-09-08T00:20:52.129880+02:00
NSR:StopPlace:58921,Vennesla stasjon,2026-09-07T22:12:00+02:00,2026-09-07T22:12:00+02:00,,0.0,0,Vennesla - Grovane st. via Moseidmoen,AKT:Line:30,Kvadraturen - Mosby - Vennesl,30,bus,AKT:ServiceJourney:79404_271_49_156600_159060_40001566,True,planned,False,,,,,2026-09-08T00:20:52.129880+02:00
NSR:StopPlace:58921,Vennesla stasjon,2026-09-07T22:26:00+02:00,2026-09-07T22:26:00+02:00,,0.0,0,Kristiansand via Mosby,AKT:Line:30,Kvadraturen - Mosby - Vennesl,30,bus,AKT:ServiceJourney:79466_272_48_159720_162180_40001545,True,planned,False,,,,,2026-09-08T00:20:52.129880+02:00
NSR:StopPlace:58921,Vennesla stasjon,2026-09-07T22:56:00+02:00,2026-09-07T22:56:00+02:00,,0.0,0,Kristiansand via Mosby,AKT:Line:30,Kvadraturen - Mosby - Vennesl,30,bus,AKT:ServiceJourney:79467_282_48_163320_165780_40001545,True,planned,False,,,,,2026-09-08T00:20:52.129880+02:00
NSR:StopPlace:58921,Vennesla stasjon,2026-09-07T23:12:00+02:00,2026-09-07T23:12:00+02:00,,0.0,0,Vennesla - Grovane st. via Moseidmoen,AKT:Line:30,Kvadraturen - Mosby - Vennesl,30,bus,AKT:ServiceJourney:79405_281_49_163800_166260_40001566,True,planned,False,,,,,2026-09-08T00:20:52.129880+02:00
NSR:StopPlace:58921,Vennesla stasjon,2026-09-07T23:56:00+02:00,2026-09-07T23:56:00+02:00,,0.0,0,Kristiansand via Mosby,AKT:Line:30,Kvadraturen - Mosby - Vennesl,30,bus,AKT:ServiceJourney:79468_292_48_170520_172980_40001545,True,planned,False,,,,,2026-09-08T00:20:52.129880+02:00
NSR:StopPlace:58921,Vennesla stasjon,2026-09-08T00:12:00+02:00,2026-09-08T00:12:00+02:00,,0.0,0,Vennesla - Grovane st. via Moseidmoen,AKT:Line:30,Kvadraturen - Mosby - Vennesl,30,bus,AKT:ServiceJourney:79406_291_49_171000_173460_40001566,True,planned,False,,,,,2026-09-08T00:20:52.129880+02:00
NSR:StopPlace:58921,Vennesla stasjon,2026-09-08T01:12:00+02:00,2026-09-08T01:12:00+02:00,,0.0,0,Vennesla - Grovane st. via Moseidmoen,AKT:Line:30,Kvadraturen - Mosby - Vennesl,30,bus,AKT:ServiceJourney:79407_301_49_178200_180660_40001566,True,planned,False,,,,,2026-09-08T00:20:52.129880+02:00
NSR:StopPlace:58935,Levanger stasjon,2026-09-08T00:38:00+02:00,2026-09-08T00:38:00+02:00,,0.0,0,Steinkjer,SJN:Line:26,Trønderbanen,R70,rail,SJN:ServiceJourney:457-SOeB_56085-R,True,planned,False,,,,,2026-09-08T00:20:52.129880+02:00
NSR:StopPlace:58790,Verdal stasjon,2026-09-08T00:52:00+02:00,2026-09-08T00:52:00+02:00,,0.0,0,Steinkjer,SJN:Line:26,Trønderbanen,R70,rail,SJN:ServiceJourney:457-SOeB_56085-R,True,planned,False,,,,,2026-09-08T00:20:52.129880+02:00
NSR:StopPlace:58793,Askim stasjon,2026-09-08T01:14:00+02:00,2026-09-08T01:14:00+02:00,,0.0,0,Mysen,VYG:Line:R22,Skøyen-Oslo S-Mysen-Rakkestad,R22,rail,VYG:ServiceJourney:1939_443494-R,True,planned,False,,,,,2026-09-08T00:20:52.129880+02:00
NSR:StopPlace:58795,Kambo stasjon,2026-09-08T00:25:00+02:00,2026-09-08T00:25:00+02:00,,0.0,0,Moss,VYG:Line:R21,Stabekk-Oslo S-Moss,R21,rail,VYG:ServiceJourney:1175-HVK_443074-R,True,planned,False,,,,,2026-09-08T00:20:52.129880+02:00
NSR:StopPlace:58796,Moss stasjon,2026-09-07T22:30:00+02:00,2026-09-07T22:30:00+02:00,,0.0,0,Moss sentrum,OST:Line:1_20,Refsnes,20,bus,OST:ServiceJourney:20_260622091591060_92,True,planned,False,,,,,2026-09-08T00:20:52.129880+02:00
NSR:StopPlace:58830,Brakerøya stasjon,2026-09-08T00:51:00+02:00,2026-09-08T00:51:00+02:00,,0.0,0,Drammen,VYG:Line:R13,Drammen-Oslo S-Dal,R13,rail,VYG:ServiceJourney:1676_443378-R,True,planned,False,,,,,2026-09-08T00:20:52.129880+02:00
NSR:StopPlace:58834,Hokksund stasjon,2026-09-08T01:01:00+02:00,2026-09-08T01:01:00+02:00,,0.0,0,Kongsberg,VYG:Line:R12,Kongsberg-Oslo S-Eidsvoll,R12,rail,VYG:ServiceJourney:539_444349-R,True,planned,False,,,,,2026-09-08T00:20:52.129880+02:00
NSR:StopPlace:58835,Lier stasjon,2026-09-08T00:47:00+02:00,2026-09-08T00:47:00+02:00,,0.0,0,Drammen,VYG:Line:R13,Drammen-Oslo S-Dal,R13,rail,VYG:ServiceJourney:1676_443378-R,True,planned,False,,,,,2026-09-08T00:20:52.129880+02:00
NSR:StopPlace:58835,Lier stasjon,2026-09-08T01:17:00+02:00,2026-09-08T01:17:00+02:00,,0.0,0,Drammen,VYG:Line:R13,Drammen-Oslo S-Dal,R13,rail,VYG:ServiceJourney:1678_443382-R,True,planned,False,,,,,2026-09-08T00:20:52.129880+02:00
NSR:StopPlace:58836,Mjøndalen stasjon,2026-09-08T00:53:00+02:00,2026-09-08T00:53:00+02:00,,0.0,0,Kongsberg,VYG:Line:R12,Kongsberg-Oslo S-Eidsvoll,R12,rail,VYG:ServiceJourney:539_444349-R,True,planned,False,,,,,2026-09-08T00:20:52.129880+02:00
NSR:StopPlace:58838,Røyken stasjon,2026-09-07T22:59:00+02:00,2026-09-07T22:59:00+02:00,,0.0,0,Spikkestad,VYG:Line:L1,Spikkestad-Oslo S-Lillestrøm,L1,rail,VYG:ServiceJourney:2269_443700-R,True,planned,False,,,,,2026-09-08T00:20:52.129880+02:00
NSR:StopPlace:58838,Røyken stasjon,2026-09-07T23:19:00+02:00,2026-09-07T23:19:00+02:00,,0.0,0,Lillestrøm,VYG:Line:L1,Spikkestad-Oslo S-Lillestrøm,L1,rail,VYG:ServiceJourney:2278_445378-R,True,planned,False,,,,,2026-09-08T00:20:52.129880+02:00
NSR:StopPlace:58838,Røyken stasjon,2026-09-07T23:49:00+02:00,2026-09-07T23:49:00+02:00,,0.0,0,Lillestrøm,VYG:Line:L1,Spikkestad-Oslo S-Lillestrøm,L1,rail,VYG:ServiceJourney:2280_443718-R,True,planned,False,,,,,2026-09-08T00:20:52.129880+02:00
NSR:StopPlace:58838,Røyken stasjon,2026-09-08T00:29:00+02:00,2026-09-08T00:29:00+02:00,,0.0,0,Spikkestad,VYG:Line:L1,Spikkestad-Oslo S-Lillestrøm,L1,rail,VYG:ServiceJourney:2275_443710-R,True,planned,False,,,,,2026-09-08T00:20:52.129880+02:00
NSR:StopPlace:58838,Røyken stasjon,2026-09-08T00:59:00+02:00,2026-09-08T00:59:00+02:00,,0.0,0,Spikkestad,VYG:Line:L1,Spikkestad-Oslo S-Lillestrøm,L1,rail,VYG:ServiceJourney:2277_443713-R,True,planned,False,,,,,2026-09-08T00:20:52.129880+02:00
NSR:StopPlace:58838,Røyken stasjon,2026-09-08T01:08:00+02:00,2026-09-08T01:08:00+02:00,,0.0,0,Sætre,RUT:Line:261,Drammen - Lahell - Røyken - Sætre,261,bus,RUT:ServiceJourney:180632d37a6c49227c138e286308eff2,True,planned,False,Fra 17/8 går linje 61-63-71-73-251-261 og skolebusser fra holdeplass ved Skutebrygga ut av byen.Les mer på brakar.no/trafikkmeldinger.,,general,normal,2026-09-08T00:20:52.129880+02:00
NSR:StopPlace:58839,Steinberg stasjon,2026-09-08T00:56:00+02:00,2026-09-08T00:56:00+02:00,,0.0,0,Kongsberg,VYG:Line:R12,Kongsberg-Oslo S-Eidsvoll,R12,rail,VYG:ServiceJourney:539_444349-R,True,planned,False,,,,,2026-09-08T00:20:52.129880+02:00
NSR:StopPlace:58842,Blaker stasjon,2026-09-08T00:34:00+02:00,2026-09-08T00:34:00+02:00,,0.0,0,Kongsvinger,VYG:Line:R14,Asker-Oslo S-Kongsvinger,R14,rail,VYG:ServiceJourney:1039_442951-R,True,planned,False,,,,,2026-09-08T00:20:52.129880+02:00
NSR:StopPlace:58843,Blommenholm stasjon,2026-09-08T00:28:00+02:00,2026-09-08T00:28:00+02:00,,0.0,0,Spikkestad,VYG:Line:L1,Spikkestad-Oslo S-Lillestrøm,L1,rail,VYG:ServiceJourney:2277_443713-R,True,planned,False,,,,,2026-09-08T00:20:52.129880+02:00
NSR:StopPlace:58843,Blommenholm stasjon,2026-09-08T00:58:30+02:00,2026-09-08T00:58:30+02:00,,0.0,0,Spikkestad,VYG:Line:L1,Spikkestad-Oslo S-Lillestrøm,L1,rail,VYG:ServiceJourney:2279_443715-R,True,planned,False,,,,,2026-09-08T00:20:52.129880+02:00
NSR:StopPlace:58845,Eidsvoll verk stasjon,2026-09-08T01:00:00+02:00,2026-09-08T01:00:00+02:00,,0.0,0,Eidsvoll st.,RUT:Line:430,Eidsvoll - Jessheim,430,bus,RUT:ServiceJourney:a4b2a8f628b8de050fb45c9589244dcb,True,planned,False,,,,,2026-09-08T00:20:52.129880+02:00
NSR:StopPlace:58846,Fetsund stasjon,2026-09-08T00:22:00+02:00,2026-09-08T00:22:00+02:00,,0.0,0,Kongsvinger,VYG:Line:R14,Asker-Oslo S-Kongsvinger,R14,rail,VYG:ServiceJourney:1039_442951-R,True,planned,False,,,,,2026-09-08T00:20:52.129880+02:00
NSR:StopPlace:58847,Frogner stasjon,2026-09-08T00:34:00+02:00,2026-09-08T00:34:00+02:00,,0.0,0,Dal,VYG:Line:R13,Drammen-Oslo S-Dal,R13,rail,VYG:ServiceJourney:1677_443379-R,True,planned,False,,,,,2026-09-08T00:20:52.129880+02:00
NSR:StopPlace:58848,Haga stasjon,2026-09-08T00:42:00+02:00,2026-09-08T00:42:00+02:00,,0.0,0,Kongsvinger,VYG:Line:R14,Asker-Oslo S-Kongsvinger,R14,rail,VYG:ServiceJourney:1039_442951-R,True,planned,False,,,,,2026-09-08T00:20:52.129880+02:00
NSR:StopPlace:58849,Hakadal stasjon,2026-09-08T01:20:00+02:00,2026-09-08T01:20:00+02:00,,0.0,0,Kongskog,RUT:Line:390,Kongskog/Hellerudhaugen - Oslo bussterminal,390,bus,RUT:ServiceJourney:732ad93e01bb027de587aa13cfeb86c7,True,planned,False,,,,,2026-09-08T00:20:52.129880+02:00
NSR:StopPlace:58840,Vestfossen stasjon,2026-09-08T01:06:00+02:00,2026-09-08T01:06:00+02:00,,0.0,0,Kongsberg,VYG:Line:R12,Kongsberg-Oslo S-Eidsvoll,R12,rail,VYG:ServiceJourney:539_444349-R,True,planned,False,,,,,2026-09-08T00:20:52.129880+02:00
NSR:StopPlace:58852,Høn stasjon,2026-09-08T00:43:00+02:00,2026-09-08T00:43:00+02:00,,0.0,0,Spikkestad,VYG:Line:L1,Spikkestad-Oslo S-Lillestrøm,L1,rail,VYG:ServiceJourney:2277_443713-R,True,planned,False,,,,,2026-09-08T00:20:52.129880+02:00
NSR:StopPlace:58852,Høn stasjon,2026-09-08T01:13:30+02:00,2026-09-08T01:13:30+02:00,,0.0,0,Spikkestad,VYG:Line:L1,Spikkestad-Oslo S-Lillestrøm,L1,rail,VYG:ServiceJourney:2279_443715-R,True,planned,False,,,,,2026-09-08T00:20:52.129880+02:00
NSR:StopPlace:58854,Langhus stasjon,2026-09-07T22:46:00+02:00,2026-09-07T22:46:00+02:00,,0.0,0,Ski,VYG:Line:L2,Stabekk-Oslo S-Ski,L2,rail,VYG:ServiceJourney:2769-HVK_443987-R,True,planned,False,,,,,2026-09-08T00:20:52.129880+02:00
NSR:StopPlace:58854,Langhus stasjon,2026-09-07T23:01:00+02:00,2026-09-07T23:01:00+02:00,,0.0,0,Ski,VYG:Line:L2,Stabekk-Oslo S-Ski,L2,rail,VYG:ServiceJourney:2869_444112-R,True,planned,False,,,,,2026-09-08T00:20:52.129880+02:00
NSR:StopPlace:58855,Leirsund stasjon,2026-09-08T00:30:00+02:00,2026-09-08T00:30:00+02:00,,0.0,0,Dal,VYG:Line:R13,Drammen-Oslo S-Dal,R13,rail,VYG:ServiceJourney:1677_443379-R,True,planned,False,,,,,2026-09-08T00:20:52.129880+02:00
NSR:StopPlace:58857,Lørenskog stasjon,2026-09-08T00:29:00+02:00,2026-09-08T00:29:00+02:00,,0.0,0,Lillestrøm,VYG:Line:L1,Spikkestad-Oslo S-Lillestrøm,L1,rail,VYG:ServiceJourney:2278_445378-R,True,planned,False,,,,,2026-09-08T00:20:52.129880+02:00
NSR:StopPlace:58857,Lørenskog stasjon,2026-09-08T00:37:00+02:00,2026-09-08T00:37:00+02:00,,0.0,0,Nesåsen,RUT:Line:120,Nesåsen - Stovner,120,bus,RUT:ServiceJourney:1f108882f46a39e512a0c95314ee7cc1,True,planned,False,,,,,2026-09-08T00:20:52.129880+02:00
NSR:StopPlace:58859,Nordby stasjon,2026-09-08T00:50:00+02:00,2026-09-08T00:50:00+02:00,,0.0,0,Dal,VYG:Line:R13,Drammen-Oslo S-Dal,R13,rail,VYG:ServiceJourney:1677_443379-R,True,planned,False,,,,,2026-09-08T00:20:52.129880+02:00
NSR:StopPlace:58850,Hauerseter stasjon,2026-09-08T00:27:00+02:00,2026-09-08T00:27:00+02:00,,0.0,0,Dal,VYG:Line:R13,Drammen-Oslo S-Dal,R13,rail,VYG:ServiceJourney:1675_443375-R,True,planned,False,Færre vogner,Denne avgangen kjører dessverre med 5 vogner i stedet for 10 vogner. Dette skyldes at vi mangler et togsett.,general,normal,2026-09-08T00:20:52.129880+02:00
NSR:StopPlace:58850,Hauerseter stasjon,2026-09-08T00:54:00+02:00,2026-09-08T00:54:00+02:00,,0.0,0,Dal,VYG:Line:R13,Drammen-Oslo S-Dal,R13,rail,VYG:ServiceJourney:1677_443379-R,True,planned,False,,,,,2026-09-08T00:20:52.129880+02:00
NSR:StopPlace:58851,Heggedal stasjon,2026-09-08T00:25:00+02:00,2026-09-08T00:25:00+02:00,,0.0,0,Spikkestad,VYG:Line:L1,Spikkestad-Oslo S-Lillestrøm,L1,rail,VYG:ServiceJourney:2275_443710-R,True,planned,False,,,,,2026-09-08T00:20:52.129880+02:00
NSR:StopPlace:58851,Heggedal stasjon,2026-09-08T00:29:00+02:00,2026-09-08T00:29:00+02:00,,0.0,0,Rustadgrenda,RUT:Line:286,Rustadgrenda-Heggedal,286,bus,RUT:ServiceJourney:7c2b18abc50c6841c505f5104de0b9d7,True,planned,False,,,,,2026-09-08T00:20:52.129880+02:00
NSR:StopPlace:58851,Heggedal stasjon,2026-09-08T00:55:00+02:00,2026-09-08T00:55:00+02:00,,0.0,0,Spikkestad,VYG:Line:L1,Spikkestad-Oslo S-Lillestrøm,L1,rail,VYG:ServiceJourney:2277_443713-R,True,planned,False,,,,,2026-09-08T00:20:52.129880+02:00
NSR:StopPlace:58864,Sørumsand stasjon,2026-09-08T00:30:00+02:00,2026-09-08T00:30:00+02:00,,0.0,0,Kongsvinger,VYG:Line:R14,Asker-Oslo S-Kongsvinger,R14,rail,VYG:ServiceJourney:1039_442951-R,True,planned,False,,,,,2026-09-08T00:20:52.129880+02:00
NSR:StopPlace:58865,Vestby stasjon,2026-09-08T00:50:00+02:00,2026-09-08T00:50:00+02:00,,0.0,0,Sonsveien st.,RUT:Line:540,Moss - Son - Vestby stasjon,540,bus,RUT:ServiceJourney:54e64cab56511cd534cf0a8ed543e65b,True,planned,False,,,,,2026-09-08T00:20:52.129880+02:00
NSR:StopPlace:58865,Vestby stasjon,2026-09-08T01:15:00+02:00,2026-09-08T01:15:00+02:00,,0.0,0,Moss,VYG:Line:R21,Stabekk-Oslo S-Moss,R21,rail,VYG:ServiceJourney:1179-HVK_443078-R,True,planned,False,,,,,2026-09-08T00:20:52.129880+02:00
NSR:StopPlace:58866,Vevelstad stasjon,2026-09-07T22:44:00+02:00,2026-09-07T22:44:00+02:00,,0.0,0,Ski,VYG:Line:L2,Stabekk-Oslo S-Ski,L2,rail,VYG:ServiceJourney:2769-HVK_443987-R,True,planned,False,,,,,2026-09-08T00:20:52.129880+02:00
NSR:StopPlace:58866,Vevelstad stasjon,2026-09-07T22:59:00+02:00,2026-09-07T22:59:00+02:00,,0.0,0,Ski,VYG:Line:L2,Stabekk-Oslo S-Ski,L2,rail,VYG:ServiceJourney:2869_444112-R,True,planned,False,,,,,2026-09-08T00:20:52.129880+02:00
NSR:StopPlace:58866,Vevelstad stasjon,2026-09-07T23:29:00+02:00,2026-09-07T23:29:00+02:00,,0.0,0,Ski,VYG:Line:L2,Stabekk-Oslo S-Ski,L2,rail,VYG:ServiceJourney:2871-BES_488399-R,True,planned,False,,,,,2026-09-08T00:20:52.129880+02:00
NSR:StopPlace:58868,Årnes stasjon,2026-09-08T00:51:00+02:00,2026-09-08T00:51:00+02:00,,0.0,0,Kongsvinger,VYG:Line:R14,Asker-Oslo S-Kongsvinger,R14,rail,VYG:ServiceJourney:1039_442951-R,True,planned,False,,,,,2026-09-08T00:20:52.129880+02:00
NSR:StopPlace:58869,Ås stasjon,2026-09-08T01:10:00+02:00,2026-09-08T01:10:00+02:00,,0.0,0,Moss,VYG:Line:R21,Stabekk-Oslo S-Moss,R21,rail,VYG:ServiceJourney:1179-HVK_443078-R,True,planned,False,,,,,2026-09-08T00:20:52.129880+02:00
NSR:StopPlace:58860,Oppegård stasjon,2026-09-07T22:42:00+02:00,2026-09-07T22:42:00+02:00,,0.0,0,Ski,VYG:Line:L2,Stabekk-Oslo S-Ski,L2,rail,VYG:ServiceJourney:2769-HVK_443987-R,True,planned,False,,,,,2026-09-08T00:20:52.129880+02:00
NSR:StopPlace:58860,Oppegård stasjon,2026-09-07T22:57:00+02:00,2026-09-07T22:57:00+02:00,,0.0,0,Ski,VYG:Line:L2,Stabekk-Oslo S-Ski,L2,rail,VYG:ServiceJourney:2869_444112-R,True,planned,False,,,,,2026-09-08T00:20:52.129880+02:00
NSR:StopPlace:58860,Oppegård stasjon,2026-09-07T23:27:00+02:00,2026-09-07T23:27:00+02:00,,0.0,0,Ski,VYG:Line:L2,Stabekk-Oslo S-Ski,L2,rail,VYG:ServiceJourney:2871-BES_488399-R,True,planned,False,,,,,2026-09-08T00:20:52.129880+02:00
NSR:StopPlace:58860,Oppegård stasjon,2026-09-07T23:42:00+02:00,2026-09-07T23:42:00+02:00,,0.0,0,Ski,VYG:Line:L2,Stabekk-Oslo S-Ski,L2,rail,VYG:ServiceJourney:2773-HVK_443994-R,True,planned,False,,,,,2026-09-08T00:20:52.129880+02:00
NSR:StopPlace:58860,Oppegård stasjon,2026-09-07T23:57:00+02:00,2026-09-07T23:57:00+02:00,,0.0,0,Ski,VYG:Line:L2,Stabekk-Oslo S-Ski,L2,rail,VYG:ServiceJourney:2873_444117-R,True,planned,False,,,,,2026-09-08T00:20:52.129880+02:00
NSR:StopPlace:58860,Oppegård stasjon,2026-09-08T00:12:00+02:00,2026-09-08T00:12:00+02:00,,0.0,0,Ski,VYG:Line:L2,Stabekk-Oslo S-Ski,L2,rail,VYG:ServiceJourney:2775-HVK_443998-R,True,planned,False,,,,,2026-09-08T00:20:52.129880+02:00
NSR:StopPlace:58860,Oppegård stasjon,2026-09-08T00:27:00+02:00,2026-09-08T00:27:00+02:00,,0.0,0,Ski,VYG:Line:L2,Stabekk-Oslo S-Ski,L2,rail,VYG:ServiceJourney:2875-BES_488401-R,True,planned,False,,,,,2026-09-08T00:20:52.129880+02:00
NSR:StopPlace:58861,Solbråtan stasjon,2026-09-07T22:35:00+02:00,2026-09-07T22:35:00+02:00,,0.0,0,Ski,VYG:Line:L2,Stabekk-Oslo S-Ski,L2,rail,VYG:ServiceJourney:2769-HVK_443987-R,True,planned,False,,,,,2026-09-08T00:20:52.129880+02:00
NSR:StopPlace:58861,Solbråtan stasjon,2026-09-07T23:20:00+02:00,2026-09-07T23:20:00+02:00,,0.0,0,Ski,VYG:Line:L2,Stabekk-Oslo S-Ski,L2,rail,VYG:ServiceJourney:2871-BES_488399-R,True,planned,False,,,,,2026-09-08T00:20:52.129880+02:00
NSR:StopPlace:58861,Solbråtan stasjon,2026-09-07T23:35:00+02:00,2026-09-07T23:35:00+02:00,,0.0,0,Ski,VYG:Line:L2,Stabekk-Oslo S-Ski,L2,rail,VYG:ServiceJourney:2773-HVK_443994-R,True,planned,False,,,,,2026-09-08T00:20:52.129880+02:00
NSR:StopPlace:58861,Solbråtan stasjon,2026-09-08T00:05:00+02:00,2026-09-08T00:05:00+02:00,,0.0,0,Ski,VYG:Line:L2,Stabekk-Oslo S-Ski,L2,rail,VYG:ServiceJourney:2775-HVK_443998-R,True,planned,False,,,,,2026-09-08T00:20:52.129880+02:00
NSR:StopPlace:58861,Solbråtan stasjon,2026-09-08T00:23:00+02:00,2026-09-08T00:23:00+02:00,,0.0,0,Stabekk,VYG:Line:L2,Stabekk-Oslo S-Ski,L2,rail,VYG:ServiceJourney:2782-SKI_444011-R,True,planned,False,,,,,2026-09-08T00:20:52.129880+02:00
NSR:StopPlace:58874,Stokke stasjon,2026-09-08T01:02:00+02:00,2026-09-08T01:02:00+02:00,,0.0,0,Skien,VYG:Line:RE11,Eidsvoll-Oslo S-Skien,RE11,rail,VYG:ServiceJourney:839_541229-R,True,planned,False,,,,,2026-09-08T00:20:52.129880+02:00
NSR:StopPlace:58875,Torp stasjon,2026-09-07T22:51:00+02:00,2026-09-07T22:51:00+02:00,,0.0,0,Eidsvoll,VYG:Line:RE11,Eidsvoll-Oslo S-Skien,RE11,rail,VYG:ServiceJourney:838-341_515579-R,True,planned,False,,,,,2026-09-08T00:20:52.129880+02:00
NSR:StopPlace:58875,Torp stasjon,2026-09-07T23:12:00+02:00,2026-09-07T23:12:00+02:00,,0.0,0,Skien,VYG:Line:RE11,Eidsvoll-Oslo S-Skien,RE11,rail,VYG:ServiceJourney:835_444415-R,True,planned,False,,,,,2026-09-08T00:20:52.129880+02:00
NSR:StopPlace:58875,Torp stasjon,2026-09-07T23:51:00+02:00,2026-09-07T23:51:00+02:00,,0.0,0,Drammen,VYG:Line:RE11,Eidsvoll-Oslo S-Skien,RE11,rail,VYG:ServiceJourney:840-SKN_444420-R,True,planned,False,,,,,2026-09-08T00:20:52.129880+02:00
NSR:StopPlace:58875,Torp stasjon,2026-09-08T01:07:00+02:00,2026-09-08T01:07:00+02:00,,0.0,0,Skien,VYG:Line:RE11,Eidsvoll-Oslo S-Skien,RE11,rail,VYG:ServiceJourney:839_541229-R,True,planned,False,,,,,2026-09-08T00:20:52.129880+02:00
NSR:StopPlace:58876,Tønsberg stasjon,2026-09-07T22:17:00+02:00,2026-09-07T22:17:00+02:00,,0.0,0,Tønsberg-Åsgårdstrand,VKT:Line:1,Horten-Tønsberg-Sandefjord,1,bus,VKT:ServiceJourney:15656,True,planned,False,,,,,2026-09-08T00:20:52.129880+02:00
NSR:StopPlace:58876,Tønsberg stasjon,2026-09-07T22:23:00+02:00,2026-09-07T22:23:00+02:00,,0.0,0,Tønsberg,VKT:Line:520,Tønsberg-Stokke,520,bus,VKT:ServiceJourney:17327,True,planned,False,,,,,2026-09-08T00:20:52.129880+02:00
NSR:StopPlace:58876,Tønsberg stasjon,2026-09-07T22:28:00+02:00,2026-09-07T22:28:00+02:00,,0.0,0,Tønsberg,VKT:Line:510,Tønsberg-Andebu,510,bus,VKT:ServiceJourney:17181,True,planned,False,Kan oppstå forsinkelser Andebu,Pga. veiarbeid på Gravdal bru vil det kunne oppstå forsinkelser. Vi beklager ulempene. Se vkt.no/avvik for mer info ,incident,normal,2026-09-08T00:20:52.129880+02:00
NSR:StopPlace:58876,Tønsberg stasjon,2026-09-07T23:06:00+02:00,2026-09-07T23:06:00+02:00,,0.0,0,Sandefjord-Framnes,VKT:Line:1,Horten-Tønsberg-Sandefjord,1,bus,VKT:ServiceJourney:15591,True,planned,False,,,,,2026-09-08T00:20:52.129880+02:00
NSR:StopPlace:58876,Tønsberg stasjon,2026-09-08T00:06:00+02:00,2026-09-08T00:06:00+02:00,,0.0,0,Sandefjord,VKT:Line:1,Horten-Tønsberg-Sandefjord,1,bus,VKT:ServiceJourney:15592,True,planned,False,,,,,2026-09-08T00:20:52.129880+02:00
NSR:StopPlace:58876,Tønsberg stasjon,2026-09-08T00:52:00+02:00,2026-09-08T00:52:00+02:00,,0.0,0,Skien,VYG:Line:RE11,Eidsvoll-Oslo S-Skien,RE11,rail,VYG:ServiceJourney:839_541229-R,True,planned,False,,,,,2026-09-08T00:20:52.129880+02:00
NSR:StopPlace:58872,Sandefjord stasjon,2026-09-08T01:12:00+02:00,2026-09-08T01:12:00+02:00,,0.0,0,Skien,VYG:Line:RE11,Eidsvoll-Oslo S-Skien,RE11,rail,VYG:ServiceJourney:839_541229-R,True,planned,False,,,,,2026-09-08T00:20:52.129880+02:00
NSR:StopPlace:58873,Skoppum stasjon,2026-09-08T00:40:00+02:00,2026-09-08T00:40:00+02:00,,0.0,0,Skien,VYG:Line:RE11,Eidsvoll-Oslo S-Skien,RE11,rail,VYG:ServiceJourney:839_541229-R,True,planned,False,,,,,2026-09-08T00:20:52.129880+02:00
NSR:StopPlace:58886,Arendal stasjon,2026-09-07T22:17:00+02:00,2026-09-07T22:17:00+02:00,,0.0,0,Eydehavn,AKT:Line:101,Eydehavn-Arendal-Grimstad N/S,101,bus,AKT:ServiceJourney:71897_492_90_153600_158280_40001426,True,planned,False,,,,,2026-09-08T00:20:52.129880+02:00
NSR:StopPlace:58886,Arendal stasjon,2026-09-07T22:37:00+02:00,2026-09-07T22:37:00+02:00,,0.0,0,Arendal sentrum,AKT:Line:103,Tromøy Vest-Arendal-Hisøy,103,bus,AKT:ServiceJourney:72216_221_27_161040_162300_40001471,True,planned,False,,,,,2026-09-08T00:20:52.129880+02:00
NSR:StopPlace:58886,Arendal stasjon,2026-09-07T22:47:00+02:00,2026-09-07T22:47:00+02:00,,0.0,0,Tromøy Øst via Tromøy kirkevei,AKT:Line:102,Tromøy Øst-Arendal-Rykene,102,bus,AKT:ServiceJourney:72086_232_66_160560_163620_40000975,True,planned,False,,,,,2026-09-08T00:20:52.129880+02:00
NSR:StopPlace:58886,Arendal stasjon,2026-09-07T22:57:00+02:00,2026-09-07T22:57:00+02:00,,0.0,0,Solåsen,AKT:Line:111,Sykehuset-Arendal-Solåsen,111,bus,AKT:ServiceJourney:73612_321_23_165000_166200_40001009,True,planned,False,,,,,2026-09-08T00:20:52.129880+02:00
NSR:StopPlace:58886,Arendal stasjon,2026-09-07T23:07:00+02:00,2026-09-07T23:07:00+02:00,,0.0,0,Arendal sentrum,AKT:Line:101,Eydehavn-Arendal-Grimstad N/S,101,bus,AKT:ServiceJourney:71776_501_32_164400_165780_3911100,True,planned,False,,,,,2026-09-08T00:20:52.129880+02:00
NSR:StopPlace:58886,Arendal stasjon,2026-09-07T23:10:00+02:00,2026-09-07T23:10:00+02:00,,0.0,0,Arendal sentrum,AKT:Line:111,Sykehuset-Arendal-Solåsen,111,bus,AKT:ServiceJourney:73612_321_23_165000_166200_40001009,True,planned,False,,,,,2026-09-08T00:20:52.129880+02:00
NSR:StopPlace:58886,Arendal stasjon,2026-09-07T23:17:00+02:00,2026-09-07T23:17:00+02:00,,0.0,0,Eydehavn,AKT:Line:101,Eydehavn-Arendal-Grimstad N/S,101,bus,AKT:ServiceJourney:71898_502_87_161160_165660_40001426,True,planned,False,,,,,2026-09-08T00:20:52.129880+02:00
NSR:StopPlace:58886,Arendal stasjon,2026-09-07T23:37:00+02:00,2026-09-07T23:37:00+02:00,,0.0,0,Arendal sentrum,AKT:Line:102,Tromøy Øst-Arendal-Rykene,102,bus,AKT:ServiceJourney:72024_231_38_167280_169020_40001653,True,planned,False,,,,,2026-09-08T00:20:52.129880+02:00
NSR:StopPlace:58886,Arendal stasjon,2026-09-08T00:07:00+02:00,2026-09-08T00:07:00+02:00,,0.0,0,Arendal sentrum,AKT:Line:101,Eydehavn-Arendal-Grimstad N/S,101,bus,AKT:ServiceJourney:71777_511_32_171600_172980_3911100,True,planned,False,,,,,2026-09-08T00:20:52.129880+02:00
NSR:StopPlace:58884,Skien stasjon,2026-09-07T22:16:00+02:00,2026-09-07T22:16:00+02:00,,0.0,0,Skjelsvik via Klyve-Kongerød,TEL:Line:8043,Skien-Klyve-Skjelsvik,M3,bus,TEL:ServiceJourney:127207,True,planned,False,,,,,2026-09-08T00:20:52.129880+02:00
NSR:StopPlace:58893,Grovane stasjon,2026-09-07T22:11:00+02:00,2026-09-07T22:11:00+02:00,,0.0,0,Kristiansand via Moseidmoen - Mosby,AKT:Line:30,Kvadraturen - Mosby - Vennesl,30,bus,AKT:ServiceJourney:79466_272_48_159720_162180_40001545,True,planned,False,,,,,2026-09-08T00:20:52.129880+02:00
NSR:StopPlace:58893,Grovane stasjon,2026-09-07T22:41:00+02:00,2026-09-07T22:41:00+02:00,,0.0,0,Kristiansand via Moseidmoen - Mosby,AKT:Line:30,Kvadraturen - Mosby - Vennesl,30,bus,AKT:ServiceJourney:79467_282_48_163320_165780_40001545,True,planned,False,,,,,2026-09-08T00:20:52.129880+02:00
NSR:StopPlace:58893,Grovane stasjon,2026-09-07T23:41:00+02:00,2026-09-07T23:41:00+02:00,,0.0,0,Kristiansand via Moseidmoen - Mosby,AKT:Line:30,Kvadraturen - Mosby - Vennesl,30,bus,AKT:ServiceJourney:79468_292_48_170520_172980_40001545,True,planned,False,,,,,2026-09-08T00:20:52.129880+02:00
NSR:StopPlace:58802,Spydeberg stasjon,2026-09-08T01:05:00+02:00,2026-09-08T01:05:00+02:00,,0.0,0,Mysen,VYG:Line:R22,Skøyen-Oslo S-Mysen-Rakkestad,R22,rail,VYG:ServiceJourney:1939_443494-R,True,planned,False,,,,,2026-09-08T00:20:52.129880+02:00
NSR:StopPlace:58803,Tomter stasjon,2026-09-08T00:56:00+02:00,2026-09-08T00:56:00+02:00,,0.0,0,Mysen,VYG:Line:R22,Skøyen-Oslo S-Mysen-Rakkestad,R22,rail,VYG:ServiceJourney:1939_443494-R,True,planned,False,,,,,2026-09-08T00:20:52.129880+02:00
NSR:StopPlace:58805,Brumunddal stasjon,2026-09-08T00:56:00+02:00,2026-09-08T00:56:00+02:00,,0.0,0,Lillehammer,VYG:Line:RE10,Drammen-Oslo S-Lillehammer,RE10,rail,VYG:ServiceJourney:339-SUD_486429-R,True,planned,False,,,,,2026-09-08T00:20:52.129880+02:00
NSR:StopPlace:58806,Evenstad stasjon,2026-09-07T21:24:00+02:00,2026-09-07T21:24:00+02:00,,0.0,0,Røros,SJN:Line:25,Rørosbanen,R60,rail,SJN:ServiceJourney:2393_37671-R,True,planned,False,,,,,2026-09-08T00:20:52.129880+02:00
NSR:StopPlace:58811,Moelv stasjon,2026-09-08T00:32:00+02:00,2026-09-08T00:32:00+02:00,,0.0,0,Gjøvik,INN:Line:100,Hamar - Gjøvik,100,bus,INN:ServiceJourney:83474,True,planned,False,,,,,2026-09-08T00:20:52.129880+02:00
NSR:StopPlace:58811,Moelv stasjon,2026-09-08T01:08:00+02:00,2026-09-08T01:08:00+02:00,,0.0,0,Lillehammer,VYG:Line:RE10,Drammen-Oslo S-Lillehammer,RE10,rail,VYG:ServiceJourney:339-SUD_486429-R,True,planned,False,,,,,2026-09-08T00:20:52.129880+02:00
NSR:StopPlace:58813,Skarnes stasjon,2026-09-08T01:06:00+02:00,2026-09-08T01:06:00+02:00,,0.0,0,Kongsvinger,VYG:Line:R14,Asker-Oslo S-Kongsvinger,R14,rail,VYG:ServiceJourney:1039_442951-R,True,planned,False,Heis på Skarnes ute av drift,Heisen på Skarnes til spor 2 er ute av drift.,general,normal,2026-09-08T00:20:52.129880+02:00
NSR:StopPlace:58825,Raufoss stasjon,2026-09-08T00:03:00+02:00,2026-09-08T00:03:00+02:00,,0.0,0,Gjøvik,VYG:Line:R31,Skøyen-Jaren-Gjøvik,R31,rail,VYG:ServiceJourney:235-ROA_589364-R,True,planned,False,,,,,2026-09-08T00:20:52.129880+02:00
NSR:StopPlace:58826,Reinsvoll stasjon,2026-09-07T23:58:00+02:00,2026-09-07T23:58:00+02:00,,0.0,0,Gjøvik,VYG:Line:R31,Skøyen-Jaren-Gjøvik,R31,rail,VYG:ServiceJourney:235-ROA_589364-R,True,planned,False,,,,,2026-09-08T00:20:52.129880+02:00
NSR:StopPlace:58827,Stai stasjon,2026-09-07T21:32:00+02:00,2026-09-07T21:32:00+02:00,,0.0,0,Røros,SJN:Line:25,Rørosbanen,R60,rail,SJN:ServiceJourney:2393_37671-R,True,planned,False,,,,,2026-09-08T00:20:52.129880+02:00
NSR:StopPlace:58828,Roa stasjon,2026-09-08T00:36:00+02:00,2026-09-08T00:36:00+02:00,,0.0,0,Jaren,VYG:Line:R31,Skøyen-Jaren-Gjøvik,R31,rail,VYG:ServiceJourney:BUS-237_655495-R,True,planned,False,,,,,2026-09-08T00:20:52.129880+02:00
NSR:StopPlace:58211,Oslo lufthavn,2026-09-07T21:05:00+02:00,2026-09-07T20:56:12+02:00,,0.0,0,Sandane,AVI:Line:WF_OSL-SDN,Oslo-Sandane,,air,AVI:ServiceJourney:WF149-02-203775642,True,expected,False,,,,,2026-09-08T00:20:52.129880+02:00
NSR:StopPlace:58211,Oslo lufthavn,2026-09-07T21:00:00+02:00,2026-09-07T20:57:22+02:00,,0.0,0,Harstad/Narvik,AVI:Line:DY_OSL-EVE,Oslo-Harstad/Narvik,,air,AVI:ServiceJourney:DY368-01-523285595,True,expected,False,,,,,2026-09-08T00:20:52.129880+02:00
NSR:StopPlace:58211,Oslo lufthavn,2026-09-07T21:20:00+02:00,2026-09-07T21:12:15+02:00,,0.0,0,Bodø,AVI:Line:DY_OSL-BOO,Oslo-Bodø,,air,AVI:ServiceJourney:DY356-01-523288685,True,expected,False,,,,,2026-09-08T00:20:52.129880+02:00
NSR:StopPlace:101,Sagdalen stasjon,2026-09-08T00:37:00+02:00,2026-09-08T00:37:00+02:00,,0.0,0,Lillestrøm,VYG:Line:L1,Spikkestad-Oslo S-Lillestrøm,L1,rail,VYG:ServiceJourney:2278_445378-R,True,planned,False,,,,,2026-09-08T00:20:52.129880+02:00
NSR:StopPlace:101,Sagdalen stasjon,2026-09-08T01:07:00+02:00,2026-09-08T01:07:00+02:00,,0.0,0,Lillestrøm,VYG:Line:L1,Spikkestad-Oslo S-Lillestrøm,L1,rail,VYG:ServiceJourney:2280_443718-R,True,planned,False,,,,,2026-09-08T00:20:52.129880+02:00
NSR:StopPlace:398,Arna stasjon,2026-09-08T00:42:00+02:00,2026-09-08T00:42:00+02:00,,0.0,0,Bergen,VYG:Line:L4,Bergen-Arna,L4,rail,VYG:ServiceJourney:2679_443896-R,True,planned,False,,,,,2026-09-08T00:20:52.129880+02:00
NSR:StopPlace:313,Høybråten stasjon,2026-09-08T00:27:00+02:00,2026-09-08T00:27:00+02:00,,0.0,0,Lillestrøm,VYG:Line:L1,Spikkestad-Oslo S-Lillestrøm,L1,rail,VYG:ServiceJourney:2278_445378-R,True,planned,False,,,,,2026-09-08T00:20:52.129880+02:00
NSR:StopPlace:313,Høybråten stasjon,2026-09-08T00:57:00+02:00,2026-09-08T00:57:00+02:00,,0.0,0,Lillestrøm,VYG:Line:L1,Spikkestad-Oslo S-Lillestrøm,L1,rail,VYG:ServiceJourney:2280_443718-R,True,planned,False,,,,,2026-09-08T00:20:52.129880+02:00
NSR:StopPlace:271,Lademoen stasjon,2026-09-07T22:19:00+02:00,2026-09-07T22:19:00+02:00,,0.0,0,Steinkjer,SJN:Line:26,Trønderbanen,R70,rail,SJN:ServiceJourney:455_56084-R,True,planned,False,,,,,2026-09-08T00:20:52.129880+02:00
NSR:StopPlace:271,Lademoen stasjon,2026-09-07T23:39:00+02:00,2026-09-07T23:39:00+02:00,,0.0,0,Støren,SJN:Line:26,Trønderbanen,R70,rail,SJN:ServiceJourney:454_56083-R,True,planned,False,,,,,2026-09-08T00:20:52.129880+02:00
NSR:StopPlace:500,Bellingmo stasjon,2026-09-07T22:29:00+02:00,2026-09-07T22:29:00+02:00,,0.0,0,Røros,SJN:Line:25,Rørosbanen,R60,rail,SJN:ServiceJourney:2393_37671-R,True,planned,False,,,,,2026-09-08T00:20:52.129880+02:00
NSR:StopPlace:441,Auli stasjon,2026-09-08T00:40:00+02:00,2026-09-08T00:40:00+02:00,,0.0,0,Kongsvinger,VYG:Line:R14,Asker-Oslo S-Kongsvinger,R14,rail,VYG:ServiceJourney:1039_442951-R,True,planned,False,,,,,2026-09-08T00:20:52.129880+02:00
NSR:StopPlace:461,Lundamo stasjon,2026-09-08T00:30:00+02:00,2026-09-08T00:30:00+02:00,,0.0,0,Støren,SJN:Line:26,Trønderbanen,R70,rail,SJN:ServiceJourney:454_56083-R,True,planned,False,,,,,2026-09-08T00:20:52.129880+02:00
NSR:StopPlace:400,Ler stasjon,2026-09-08T00:24:00+02:00,2026-09-08T00:24:00+02:00,,0.0,0,Støren,SJN:Line:26,Trønderbanen,R70,rail,SJN:ServiceJourney:454_56083-R,True,planned,False,,,,,2026-09-08T00:20:52.129880+02:00
NSR:StopPlace:708,Stange stasjon,2026-09-08T00:34:00+02:00,2026-09-08T00:34:00+02:00,,0.0,0,Lillehammer,VYG:Line:RE10,Drammen-Oslo S-Lillehammer,RE10,rail,VYG:ServiceJourney:339-SUD_486429-R,True,planned,False,,,,,2026-09-08T00:20:52.129880+02:00
NSR:StopPlace:628,Darbu stasjon,2026-09-08T01:11:00+02:00,2026-09-08T01:11:00+02:00,,0.0,0,Kongsberg,VYG:Line:R12,Kongsberg-Oslo S-Eidsvoll,R12,rail,VYG:ServiceJourney:539_444349-R,True,planned,False,,,,,2026-09-08T00:20:52.129880+02:00
NSR:StopPlace:62094,Lindeberg stasjon,2026-09-08T00:37:00+02:00,2026-09-08T00:37:00+02:00,,0.0,0,Dal,VYG:Line:R13,Drammen-Oslo S-Dal,R13,rail,VYG:ServiceJourney:1677_443379-R,True,planned,False,,,,,2026-09-08T00:20:52.129880+02:00
NSR:StopPlace:62309,Ljan stasjon,2026-09-08T00:24:00+02:00,2026-09-08T00:24:00+02:00,,0.0,0,Ski,VYG:Line:L2,Stabekk-Oslo S-Ski,L2,rail,VYG:ServiceJourney:2777-HVK_444000-R,True,planned,False,,,,,2026-09-08T00:20:52.129880+02:00
NSR:StopPlace:62309,Ljan stasjon,2026-09-08T00:35:00+02:00,2026-09-08T00:35:00+02:00,,0.0,0,Stabekk,VYG:Line:L2,Stabekk-Oslo S-Ski,L2,rail,VYG:ServiceJourney:2782-SKI_444011-R,True,planned,False,,,,,2026-09-08T00:20:52.129880+02:00
NSR:StopPlace:62309,Ljan stasjon,2026-09-08T00:54:00+02:00,2026-09-08T00:54:00+02:00,,0.0,0,Ski,VYG:Line:L2,Stabekk-Oslo S-Ski,L2,rail,VYG:ServiceJourney:2779-HVK_444003-R,True,planned,False,,,,,2026-09-08T00:20:52.129880+02:00
NSR:StopPlace:62308,Alna stasjon,2026-09-08T00:32:30+02:00,2026-09-08T00:32:30+02:00,,0.0,0,Spikkestad,VYG:Line:L1,Spikkestad-Oslo S-Lillestrøm,L1,rail,VYG:ServiceJourney:2279_443715-R,True,planned,False,,,,,2026-09-08T00:20:52.129880+02:00
NSR:StopPlace:62308,Alna stasjon,2026-09-08T00:48:00+02:00,2026-09-08T00:48:00+02:00,,0.0,0,Lillestrøm,VYG:Line:L1,Spikkestad-Oslo S-Lillestrøm,L1,rail,VYG:ServiceJourney:2280_443718-R,True,planned,False,,,,,2026-09-08T00:20:52.129880+02:00
NSR:StopPlace:62336,Knapstad stasjon,2026-09-07T22:32:00+02:00,2026-09-07T22:32:00+02:00,,0.0,0,Rakkestad,VYG:Line:R22,Skøyen-Oslo S-Mysen-Rakkestad,R22,rail,VYG:ServiceJourney:1935_443489-R,True,planned,False,,,,,2026-09-08T00:20:52.129880+02:00
NSR:StopPlace:62336,Knapstad stasjon,2026-09-07T23:32:00+02:00,2026-09-07T23:32:00+02:00,,0.0,0,Rakkestad,VYG:Line:R22,Skøyen-Oslo S-Mysen-Rakkestad,R22,rail,VYG:ServiceJourney:1937_443491-R,True,planned,False,,,,,2026-09-08T00:20:52.129880+02:00
NSR:StopPlace:62336,Knapstad stasjon,2026-09-08T01:01:00+02:00,2026-09-08T01:01:00+02:00,,0.0,0,Mysen,VYG:Line:R22,Skøyen-Oslo S-Mysen-Rakkestad,R22,rail,VYG:ServiceJourney:1939_443494-R,True,planned,False,,,,,2026-09-08T00:20:52.129880+02:00
NSR:StopPlace:62341,Tangen stasjon,2026-09-08T00:25:00+02:00,2026-09-08T00:25:00+02:00,,0.0,0,Lillehammer,VYG:Line:RE10,Drammen-Oslo S-Lillehammer,RE10,rail,VYG:ServiceJourney:339-SUD_486429-R,True,planned,False,,,,,2026-09-08T00:20:52.129880+02:00
NSR:StopPlace:62344,Steinvik stasjon,2026-09-07T21:07:00+02:00,2026-09-07T21:07:00+02:00,,0.0,0,Røros,SJN:Line:25,Rørosbanen,R60,rail,SJN:ServiceJourney:2393_37671-R,True,planned,False,,,,,2026-09-08T00:20:52.129880+02:00
NSR:StopPlace:62369,Lilleby stasjon,2026-09-07T21:21:00+02:00,2026-09-07T21:21:00+02:00,,0.0,0,Steinkjer,SJN:Line:26,Trønderbanen,R70,rail,SJN:ServiceJourney:453_56082-R,True,planned,False,,,,,2026-09-08T00:20:52.129880+02:00
NSR:StopPlace:62369,Lilleby stasjon,2026-09-07T22:21:00+02:00,2026-09-07T22:21:00+02:00,,0.0,0,Steinkjer,SJN:Line:26,Trønderbanen,R70,rail,SJN:ServiceJourney:455_56084-R,True,planned,False,,,,,2026-09-08T00:20:52.129880+02:00
NSR:StopPlace:62369,Lilleby stasjon,2026-09-07T23:20:00+02:00,2026-09-07T23:20:00+02:00,,0.0,0,Steinkjer,SJN:Line:26,Trønderbanen,R70,rail,SJN:ServiceJourney:457-SOeB_56085-R,True,planned,False,,,,,2026-09-08T00:20:52.129880+02:00
NSR:StopPlace:62369,Lilleby stasjon,2026-09-07T23:37:00+02:00,2026-09-07T23:37:00+02:00,,0.0,0,Støren,SJN:Line:26,Trønderbanen,R70,rail,SJN:ServiceJourney:454_56083-R,True,planned,False,,,,,2026-09-08T00:20:52.129880+02:00
NSR:StopPlace:62375,Kotsøy stasjon,2026-09-07T21:05:00+02:00,2026-09-07T21:05:00+02:00,,0.0,0,Trondheim S,SJN:Line:25,Rørosbanen,R60,rail,SJN:ServiceJourney:2389_47883-R,True,planned,False,,,,,2026-09-08T00:20:52.129880+02:00
NSR:StopPlace:62379,Bergsgrav stasjon,2026-09-08T00:48:00+02:00,2026-09-08T00:48:00+02:00,,0.0,0,Steinkjer,SJN:Line:26,Trønderbanen,R70,rail,SJN:ServiceJourney:457-SOeB_56085-R,True,planned,False,,,,,2026-09-08T00:20:52.129880+02:00
NSR:StopPlace:62378,Røstad stasjon,2026-09-07T22:11:00+02:00,2026-09-07T22:11:00+02:00,,0.0,0,Støren,SJN:Line:26,Trønderbanen,R70,rail,SJN:ServiceJourney:454_56083-R,True,planned,False,,,,,2026-09-08T00:20:52.129880+02:00
NSR:StopPlace:62378,Røstad stasjon,2026-09-08T00:39:00+02:00,2026-09-08T00:39:00+02:00,,0.0,0,Steinkjer,SJN:Line:26,Trønderbanen,R70,rail,SJN:ServiceJourney:457-SOeB_56085-R,True,planned,False,,,,,2026-09-08T00:20:52.129880+02:00
NSR:StopPlace:62377,Ronglan stasjon,2026-09-08T00:25:00+02:00,2026-09-08T00:25:00+02:00,,0.0,0,Steinkjer,SJN:Line:26,Trønderbanen,R70,rail,SJN:ServiceJourney:457-SOeB_56085-R,True,planned,False,,,,,2026-09-08T00:20:52.129880+02:00
NSR:StopPlace:62371,Sparbu stasjon,2026-09-07T20:45:00+02:00,2026-09-07T20:45:00+02:00,,0.0,0,Støren,SJN:Line:26,Trønderbanen,R70,rail,SJN:ServiceJourney:452_56081-R,True,planned,False,,,,,2026-09-08T00:20:52.129880+02:00
NSR:StopPlace:62371,Sparbu stasjon,2026-09-07T21:47:00+02:00,2026-09-07T21:47:00+02:00,,0.0,0,Støren,SJN:Line:26,Trønderbanen,R70,rail,SJN:ServiceJourney:454_56083-R,True,planned,False,,,,,2026-09-08T00:20:52.129880+02:00
NSR:StopPlace:62371,Sparbu stasjon,2026-09-07T22:15:00+02:00,2026-09-07T22:15:00+02:00,,0.0,0,Steinkjer,SJN:Line:26,Trønderbanen,R70,rail,SJN:ServiceJourney:451_56080-R,True,planned,False,,,,,2026-09-08T00:20:52.129880+02:00
NSR:StopPlace:62371,Sparbu stasjon,2026-09-07T23:09:00+02:00,2026-09-07T23:09:00+02:00,,0.0,0,Steinkjer,SJN:Line:26,Trønderbanen,R70,rail,SJN:ServiceJourney:453_56082-R,True,planned,False,,,,,2026-09-08T00:20:52.129880+02:00
NSR:StopPlace:62371,Sparbu stasjon,2026-09-08T00:09:00+02:00,2026-09-08T00:09:00+02:00,,0.0,0,Steinkjer,SJN:Line:26,Trønderbanen,R70,rail,SJN:ServiceJourney:455_56084-R,True,planned,False,,,,,2026-09-08T00:20:52.129880+02:00
NSR:StopPlace:62371,Sparbu stasjon,2026-09-08T01:05:00+02:00,2026-09-08T01:05:00+02:00,,0.0,0,Steinkjer,SJN:Line:26,Trønderbanen,R70,rail,SJN:ServiceJourney:457-SOeB_56085-R,True,planned,False,,,,,2026-09-08T00:20:52.129880+02:00
NSR:StopPlace:62380,Røra stasjon,2026-09-08T01:00:00+02:00,2026-09-08T01:00:00+02:00,,0.0,0,Steinkjer,SJN:Line:26,Trønderbanen,R70,rail,SJN:ServiceJourney:457-SOeB_56085-R,True,planned,False,,,,,2026-09-08T00:20:52.129880+02:00
NSR:StopPlace:62393,Billingstad stasjon,2026-09-08T00:36:00+02:00,2026-09-08T00:36:00+02:00,,0.0,0,Spikkestad,VYG:Line:L1,Spikkestad-Oslo S-Lillestrøm,L1,rail,VYG:ServiceJourney:2277_443713-R,True,planned,False,,,,,2026-09-08T00:20:52.129880+02:00
NSR:StopPlace:62393,Billingstad stasjon,2026-09-08T01:06:00+02:00,2026-09-08T01:06:00+02:00,,0.0,0,Spikkestad,VYG:Line:L1,Spikkestad-Oslo S-Lillestrøm,L1,rail,VYG:ServiceJourney:2279_443715-R,True,planned,False,,,,,2026-09-08T00:20:52.129880+02:00
NSR:StopPlace:62392,Slependen stasjon,2026-09-08T00:33:00+02:00,2026-09-08T00:33:00+02:00,,0.0,0,Spikkestad,VYG:Line:L1,Spikkestad-Oslo S-Lillestrøm,L1,rail,VYG:ServiceJourney:2277_443713-R,True,planned,False,,,,,2026-09-08T00:20:52.129880+02:00
NSR:StopPlace:62392,Slependen stasjon,2026-09-08T01:03:00+02:00,2026-09-08T01:03:00+02:00,,0.0,0,Spikkestad,VYG:Line:L1,Spikkestad-Oslo S-Lillestrøm,L1,rail,VYG:ServiceJourney:2279_443715-R,True,planned,False,,,,,2026-09-08T00:20:52.129880+02:00
NSR:StopPlace:61251,Øksnavadporten stasjon,2026-09-07T20:49:00+02:00,2026-09-07T20:49:00+02:00,,0.0,0,Nærbø,GOA:Line:59,Jærbanen,L5,rail,GOA:ServiceJourney:3066_63125-R,True,planned,False,,,,,2026-09-07T20:27:16.249662+02:00
NSR:StopPlace:8,Paradis stasjon,2026-09-07T20:42:00+02:00,2026-09-07T20:42:00+02:00,,0.0,0,Stavanger,GOA:Line:59,Jærbanen,L5,rail,GOA:ServiceJourney:3163_63207-R,True,planned,False,,,,,2026-09-07T20:27:16.249662+02:00
NSR:StopPlace:6,Greverud stasjon,2026-09-07T18:10:00+02:00,2026-09-07T18:10:00+02:00,,0.0,0,Ski,VYG:Line:L2,Stabekk-Oslo S-Ski,L2,rail,VYG:ServiceJourney:2751-HVK_443962-R,True,planned,False,Færre vogner,Denne avgangen kjører dessverre med 3 vogner i stedet for 6 vogner. Dette skyldes at vi mangler et togsett.,general,normal,2026-09-07T20:27:16.249662+02:00
NSR:StopPlace:6,Greverud stasjon,2026-09-07T18:55:00+02:00,2026-09-07T18:55:00+02:00,,0.0,0,Ski,VYG:Line:L2,Stabekk-Oslo S-Ski,L2,rail,VYG:ServiceJourney:2853_444090-R,True,planned,False,,,,,2026-09-07T20:27:16.249662+02:00
NSR:StopPlace:6,Greverud stasjon,2026-09-07T19:10:00+02:00,2026-09-07T19:10:00+02:00,,0.0,0,Ski,VYG:Line:L2,Stabekk-Oslo S-Ski,L2,rail,VYG:ServiceJourney:2755-HVK_443966-R,True,planned,False,,,,,2026-09-07T20:27:16.249662+02:00
NSR:StopPlace:6,Greverud stasjon,2026-09-07T19:40:00+02:00,2026-09-07T19:40:00+02:00,,0.0,0,Ski,VYG:Line:L2,Stabekk-Oslo S-Ski,L2,rail,VYG:ServiceJourney:2757-HVK_443968-R,True,planned,False,,,,,2026-09-07T20:27:16.249662+02:00
NSR:StopPlace:6,Greverud stasjon,2026-09-07T19:55:00+02:00,2026-09-07T19:55:00+02:00,,0.0,0,Ski,VYG:Line:L2,Stabekk-Oslo S-Ski,L2,rail,VYG:ServiceJourney:2857_444097-R,True,planned,False,,,,,2026-09-07T20:27:16.249662+02:00
NSR:StopPlace:6,Greverud stasjon,2026-09-07T20:40:00+02:00,2026-09-07T20:40:00+02:00,,0.0,0,Ski,VYG:Line:L2,Stabekk-Oslo S-Ski,L2,rail,VYG:ServiceJourney:2761-HVK_443975-R,True,planned,False,,,,,2026-09-07T20:27:16.249662+02:00
NSR:StopPlace:6,Greverud stasjon,2026-09-07T20:48:00+02:00,2026-09-07T20:48:00+02:00,,0.0,0,Stabekk,VYG:Line:L2,Stabekk-Oslo S-Ski,L2,rail,VYG:ServiceJourney:2768-SKI_443986-R,True,planned,False,,,,,2026-09-07T20:27:16.249662+02:00
NSR:StopPlace:6,Greverud stasjon,2026-09-07T20:55:00+02:00,2026-09-07T20:55:00+02:00,,0.0,0,Ski,VYG:Line:L2,Stabekk-Oslo S-Ski,L2,rail,VYG:ServiceJourney:2861_444104-R,True,planned,False,,,,,2026-09-07T20:27:16.249662+02:00
NSR:StopPlace:6,Greverud stasjon,2026-09-07T21:03:00+02:00,2026-09-07T21:03:00+02:00,,0.0,0,Skøyen,VYG:Line:L2,Stabekk-Oslo S-Ski,L2,rail,VYG:ServiceJourney:2868-SKI_488398-R,True,planned,False,,,,,2026-09-07T20:27:16.249662+02:00
NSR:StopPlace:6,Greverud stasjon,2026-09-07T21:10:00+02:00,2026-09-07T21:10:00+02:00,,0.0,0,Ski,VYG:Line:L2,Stabekk-Oslo S-Ski,L2,rail,VYG:ServiceJourney:2763-HVK_443979-R,True,planned,False,,,,,2026-09-07T20:27:16.249662+02:00
NSR:StopPlace:6,Greverud stasjon,2026-09-07T21:18:00+02:00,2026-09-07T21:18:00+02:00,,0.0,0,Stabekk,VYG:Line:L2,Stabekk-Oslo S-Ski,L2,rail,VYG:ServiceJourney:2770-SKI_443990-R,True,planned,False,,,,,2026-09-07T20:27:16.249662+02:00
NSR:StopPlace:6,Greverud stasjon,2026-09-07T21:25:00+02:00,2026-09-07T21:25:00+02:00,,0.0,0,Ski,VYG:Line:L2,Stabekk-Oslo S-Ski,L2,rail,VYG:ServiceJourney:2863-BES_488395-R,True,planned,False,,,,,2026-09-07T20:27:16.249662+02:00
NSR:StopPlace:61134,Tverlandet stasjon,2026-09-07T18:00:00+02:00,2026-09-07T18:00:00+02:00,,0.0,0,Mosjøen,SJN:Line:71,Nordlandsbanen,F7,rail,SJN:ServiceJourney:474_30411-R,True,planned,False,,,,,2026-09-07T20:27:16.249662+02:00
NSR:StopPlace:61134,Tverlandet stasjon,2026-09-07T18:56:00+02:00,2026-09-07T18:56:00+02:00,,0.0,0,Bodø,SJN:Line:79,Saltenpendelen,R75,rail,SJN:ServiceJourney:1791_42901-R,True,planned,False,,,,,2026-09-07T20:27:16.249662+02:00
NSR:StopPlace:61134,Tverlandet stasjon,2026-09-07T19:50:00+02:00,2026-09-07T19:50:00+02:00,,0.0,0,Rognan,SJN:Line:79,Saltenpendelen,R75,rail,SJN:ServiceJourney:1792_34511-R,True,planned,False,,,,,2026-09-07T20:27:16.249662+02:00
NSR:StopPlace:61134,Tverlandet stasjon,2026-09-07T20:47:00+02:00,2026-09-07T20:47:00+02:00,,0.0,0,Bodø,SJN:Line:71,Nordlandsbanen,F7,rail,SJN:ServiceJourney:479_41164-R,True,planned,False,,,,,2026-09-07T20:27:16.249662+02:00
NSR:StopPlace:61459,Reitan stasjon,2026-09-07T18:35:00+02:00,2026-09-07T18:35:00+02:00,,0.0,0,Røros,SJN:Line:25,Rørosbanen,R60,rail,SJN:ServiceJourney:416_50919-R,True,planned,False,,,,,2026-09-07T20:27:16.249662+02:00
NSR:StopPlace:61459,Reitan stasjon,2026-09-07T20:11:00+02:00,2026-09-07T20:11:00+02:00,,0.0,0,Trondheim S,SJN:Line:25,Rørosbanen,R60,rail,SJN:ServiceJourney:2389_47883-R,True,planned,False,,,,,2026-09-07T20:27:16.249662+02:00
NSR:StopPlace:61457,Meråker stasjon,2026-09-07T17:48:00+02:00,2026-09-07T17:48:00+02:00,,0.0,0,Storlien,SJN:Line:72,Meråkerbanen,R71,rail,SJN:ServiceJourney:1307_56270-R,True,planned,False,,,,,2026-09-07T20:27:16.249662+02:00
NSR:StopPlace:61457,Meråker stasjon,2026-09-07T19:16:00+02:00,2026-09-07T19:16:00+02:00,,0.0,0,Trondheim S,SJN:Line:72,Meråkerbanen,R71,rail,SJN:ServiceJourney:1308_53542-R,True,planned,False,,,,,2026-09-07T20:27:16.249662+02:00
NSR:StopPlace:61466,Vakås stasjon,2026-09-07T20:52:00+02:00,2026-09-07T20:52:00+02:00,,0.0,0,Lillestrøm,VYG:Line:L1,Spikkestad-Oslo S-Lillestrøm,L1,rail,VYG:ServiceJourney:2166_443576-R,True,planned,False,,,,,2026-09-07T20:27:16.249662+02:00
NSR:StopPlace:61466,Vakås stasjon,2026-09-07T20:57:00+02:00,2026-09-07T20:57:00+02:00,,0.0,0,Asker,VYG:Line:L1,Spikkestad-Oslo S-Lillestrøm,L1,rail,VYG:ServiceJourney:2161_443571-R,True,planned,False,,,,,2026-09-07T20:27:16.249662+02:00
NSR:StopPlace:61466,Vakås stasjon,2026-09-07T21:08:00+02:00,2026-09-07T21:08:00+02:00,,0.0,0,Lillestrøm,VYG:Line:L1,Spikkestad-Oslo S-Lillestrøm,L1,rail,VYG:ServiceJourney:2268_445367-R,True,planned,False,,,,,2026-09-07T20:27:16.249662+02:00
NSR:StopPlace:61466,Vakås stasjon,2026-09-07T21:11:00+02:00,2026-09-07T21:11:00+02:00,,0.0,0,Spikkestad,VYG:Line:L1,Spikkestad-Oslo S-Lillestrøm,L1,rail,VYG:ServiceJourney:2263_443691-R,True,planned,False,,,,,2026-09-07T20:27:16.249662+02:00
NSR:StopPlace:61466,Vakås stasjon,2026-09-07T21:27:00+02:00,2026-09-07T21:27:00+02:00,,0.0,0,Asker,VYG:Line:L1,Spikkestad-Oslo S-Lillestrøm,L1,rail,VYG:ServiceJourney:2163_443573-R,True,planned,False,,,,,2026-09-07T20:27:16.249662+02:00
NSR:StopPlace:61463,Nordstrand stasjon,2026-09-07T20:37:00+02:00,2026-09-07T20:37:00+02:00,,0.0,0,Ski,VYG:Line:L2,Stabekk-Oslo S-Ski,L2,rail,VYG:ServiceJourney:2861_444104-R,True,planned,False,,,,,2026-09-07T20:27:16.249662+02:00
NSR:StopPlace:61463,Nordstrand stasjon,2026-09-07T20:37:00+02:00,2026-09-07T20:37:00+02:00,,0.0,0,Stabekk,VYG:Line:L2,Stabekk-Oslo S-Ski,L2,rail,VYG:ServiceJourney:2766-SKI_443983-R,True,planned,False,,,,,2026-09-07T20:27:16.249662+02:00
NSR:StopPlace:61463,Nordstrand stasjon,2026-09-07T20:52:00+02:00,2026-09-07T20:52:00+02:00,,0.0,0,Ski,VYG:Line:L2,Stabekk-Oslo S-Ski,L2,rail,VYG:ServiceJourney:2763-HVK_443979-R,True,planned,False,,,,,2026-09-07T20:27:16.249662+02:00
NSR:StopPlace:61463,Nordstrand stasjon,2026-09-07T20:52:00+02:00,2026-09-07T20:52:00+02:00,,0.0,0,Oslo S,VYG:Line:L2,Stabekk-Oslo S-Ski,L2,rail,VYG:ServiceJourney:2866_444109-R,True,planned,False,,,,,2026-09-07T20:27:16.249662+02:00
NSR:StopPlace:61463,Nordstrand stasjon,2026-09-07T21:07:00+02:00,2026-09-07T21:07:00+02:00,,0.0,0,Ski,VYG:Line:L2,Stabekk-Oslo S-Ski,L2,rail,VYG:ServiceJourney:2863-BES_488395-R,True,planned,False,,,,,2026-09-07T20:27:16.249662+02:00
NSR:StopPlace:61463,Nordstrand stasjon,2026-09-07T21:07:00+02:00,2026-09-07T21:07:00+02:00,,0.0,0,Stabekk,VYG:Line:L2,Stabekk-Oslo S-Ski,L2,rail,VYG:ServiceJourney:2768-SKI_443986-R,True,planned,False,,,,,2026-09-07T20:27:16.249662+02:00
NSR:StopPlace:61463,Nordstrand stasjon,2026-09-07T21:22:00+02:00,2026-09-07T21:22:00+02:00,,0.0,0,Ski,VYG:Line:L2,Stabekk-Oslo S-Ski,L2,rail,VYG:ServiceJourney:2765-HVK_443981-R,True,planned,False,,,,,2026-09-07T20:27:16.249662+02:00
NSR:StopPlace:61463,Nordstrand stasjon,2026-09-07T21:22:00+02:00,2026-09-07T21:22:00+02:00,,0.0,0,Skøyen,VYG:Line:L2,Stabekk-Oslo S-Ski,L2,rail,VYG:ServiceJourney:2868-SKI_488398-R,True,planned,False,,,,,2026-09-07T20:27:16.249662+02:00
NSR:StopPlace:61464,Hvalstad stasjon,2026-09-07T20:54:00+02:00,2026-09-07T20:54:00+02:00,,0.0,0,Lillestrøm,VYG:Line:L1,Spikkestad-Oslo S-Lillestrøm,L1,rail,VYG:ServiceJourney:2166_443576-R,True,planned,False,,,,,2026-09-07T20:27:16.249662+02:00
NSR:StopPlace:61464,Hvalstad stasjon,2026-09-07T20:55:00+02:00,2026-09-07T20:55:00+02:00,,0.0,0,Asker,VYG:Line:L1,Spikkestad-Oslo S-Lillestrøm,L1,rail,VYG:ServiceJourney:2161_443571-R,True,planned,False,,,,,2026-09-07T20:27:16.249662+02:00
NSR:StopPlace:61464,Hvalstad stasjon,2026-09-07T21:09:00+02:00,2026-09-07T21:09:00+02:00,,0.0,0,Spikkestad,VYG:Line:L1,Spikkestad-Oslo S-Lillestrøm,L1,rail,VYG:ServiceJourney:2263_443691-R,True,planned,False,,,,,2026-09-07T20:27:16.249662+02:00
NSR:StopPlace:61464,Hvalstad stasjon,2026-09-07T21:10:00+02:00,2026-09-07T21:10:00+02:00,,0.0,0,Lillestrøm,VYG:Line:L1,Spikkestad-Oslo S-Lillestrøm,L1,rail,VYG:ServiceJourney:2268_445367-R,True,planned,False,,,,,2026-09-07T20:27:16.249662+02:00
NSR:StopPlace:61464,Hvalstad stasjon,2026-09-07T21:25:00+02:00,2026-09-07T21:25:00+02:00,,0.0,0,Asker,VYG:Line:L1,Spikkestad-Oslo S-Lillestrøm,L1,rail,VYG:ServiceJourney:2163_443573-R,True,planned,False,,,,,2026-09-07T20:27:16.249662+02:00
NSR:StopPlace:61413,Heia stasjon,2026-09-07T18:09:00+02:00,2026-09-07T18:09:00+02:00,,0.0,0,Rakkestad,VYG:Line:R22,Skøyen-Oslo S-Mysen-Rakkestad,R22,rail,VYG:ServiceJourney:1925_443475-R,True,planned,False,,,,,2026-09-07T20:27:16.249662+02:00
NSR:StopPlace:61413,Heia stasjon,2026-09-07T19:07:00+02:00,2026-09-07T19:07:00+02:00,,0.0,0,Rakkestad,VYG:Line:R22,Skøyen-Oslo S-Mysen-Rakkestad,R22,rail,VYG:ServiceJourney:1927_443479-R,True,planned,False,,,,,2026-09-07T20:27:16.249662+02:00
NSR:StopPlace:61413,Heia stasjon,2026-09-07T20:48:00+02:00,2026-09-07T20:48:00+02:00,,0.0,0,Oslo S,VYG:Line:R22,Skøyen-Oslo S-Mysen-Rakkestad,R22,rail,VYG:ServiceJourney:1936_443490-R,True,planned,False,,,,,2026-09-07T20:27:16.249662+02:00
NSR:StopPlace:61413,Heia stasjon,2026-09-07T21:07:00+02:00,2026-09-07T21:07:00+02:00,,0.0,0,Rakkestad,VYG:Line:R22,Skøyen-Oslo S-Mysen-Rakkestad,R22,rail,VYG:ServiceJourney:1931_443485-R,True,planned,False,,,,,2026-09-07T20:27:16.249662+02:00
NSR:StopPlace:61336,Trollhättan Centralstation,2026-09-07T21:12:00+02:00,2026-09-07T21:12:00+02:00,,0.0,0,Göteborg C,VYG:Line:RE20,Oslo S-Halden-Göteborg (X-Border),RE20,rail,VYG:ServiceJourney:127-397_448332-R,True,planned,False,,,,,2026-09-07T20:27:16.249662+02:00
NSR:StopPlace:61341,Drevvatn stasjon,2026-09-07T17:25:00+02:00,2026-09-07T17:25:00+02:00,,0.0,0,Bodø,SJN:Line:71,Nordlandsbanen,F7,rail,SJN:ServiceJourney:479_41164-R,True,planned,False,,,,,2026-09-07T20:27:16.249662+02:00
NSR:StopPlace:61341,Drevvatn stasjon,2026-09-07T21:17:00+02:00,2026-09-07T21:17:00+02:00,,0.0,0,Mosjøen,SJN:Line:71,Nordlandsbanen,F7,rail,SJN:ServiceJourney:474_30411-R,True,planned,False,,,,,2026-09-07T20:27:16.249662+02:00
NSR:StopPlace:61342,Rognes stasjon,2026-09-07T17:11:00+02:00,2026-09-07T17:11:00+02:00,,0.0,0,Trondheim S,SJN:Line:25,Rørosbanen,R60,rail,SJN:ServiceJourney:2385_30335-R,True,planned,False,,,,,2026-09-07T20:27:16.249662+02:00
NSR:StopPlace:61342,Rognes stasjon,2026-09-07T17:34:00+02:00,2026-09-07T17:34:00+02:00,,0.0,0,Røros,SJN:Line:25,Rørosbanen,R60,rail,SJN:ServiceJourney:416_50919-R,True,planned,False,,,,,2026-09-07T20:27:16.249662+02:00
NSR:StopPlace:61385,Jørstad stasjon,2026-09-07T18:37:00+02:00,2026-09-07T18:37:00+02:00,,0.0,0,Mo i Rana,SJN:Line:71,Nordlandsbanen,F7,rail,SJN:ServiceJourney:477_45453-R,True,planned,False,,,,,2026-09-07T20:27:16.249662+02:00
NSR:StopPlace:61385,Jørstad stasjon,2026-09-07T19:46:00+02:00,2026-09-07T19:46:00+02:00,,0.0,0,Trondheim S,SJN:Line:71,Nordlandsbanen,F7,rail,SJN:ServiceJourney:472_46160-R,True,planned,False,,,,,2026-09-07T20:27:16.249662+02:00
NSR:StopPlace:61388,Haltdalen stasjon,2026-09-07T16:30:00+02:00,2026-09-07T16:30:00+02:00,,0.0,0,Trondheim S,SJN:Line:25,Rørosbanen,R60,rail,SJN:ServiceJourney:2385_30335-R,True,planned,False,,,,,2026-09-07T20:27:16.249662+02:00
NSR:StopPlace:61388,Haltdalen stasjon,2026-09-07T18:15:00+02:00,2026-09-07T18:15:00+02:00,,0.0,0,Røros,SJN:Line:25,Rørosbanen,R60,rail,SJN:ServiceJourney:416_50919-R,True,planned,False,,,,,2026-09-07T20:27:16.249662+02:00
NSR:StopPlace:61387,Skogn stasjon,2026-09-07T20:36:00+02:00,2026-09-07T20:36:00+02:00,,0.0,0,Steinkjer,SJN:Line:26,Trønderbanen,R70,rail,SJN:ServiceJourney:449_56078-R,True,planned,False,,,,,2026-09-07T20:27:16.249662+02:00
NSR:StopPlace:61381,Singsås stasjon,2026-09-07T16:54:00+02:00,2026-09-07T16:54:00+02:00,,0.0,0,Trondheim S,SJN:Line:25,Rørosbanen,R60,rail,SJN:ServiceJourney:2385_30335-R,True,planned,False,,,,,2026-09-07T20:27:16.249662+02:00
NSR:StopPlace:61381,Singsås stasjon,2026-09-07T17:51:00+02:00,2026-09-07T17:51:00+02:00,,0.0,0,Røros,SJN:Line:25,Rørosbanen,R60,rail,SJN:ServiceJourney:416_50919-R,True,planned,False,,,,,2026-09-07T20:27:16.249662+02:00
NSR:StopPlace:61696,Lunden stasjon,2026-09-07T17:14:00+02:00,2026-09-07T17:14:00+02:00,,0.0,0,Myrdal,VYG:Line:R45,Myrdal-Flåm,R45,rail,VYG:ServiceJourney:1866_465787-R,True,planned,False,,,,,2026-09-07T20:27:16.249662+02:00
NSR:StopPlace:77,Røkland stasjon,2026-09-07T19:00:00+02:00,2026-09-07T19:00:00+02:00,,0.0,0,Mosjøen,SJN:Line:71,Nordlandsbanen,F7,rail,SJN:ServiceJourney:474_30411-R,True,planned,False,,,,,2026-09-07T20:27:16.249662+02:00
NSR:StopPlace:77,Røkland stasjon,2026-09-07T19:47:00+02:00,2026-09-07T19:47:00+02:00,,0.0,0,Bodø,SJN:Line:71,Nordlandsbanen,F7,rail,SJN:ServiceJourney:479_41164-R,True,planned,False,,,,,2026-09-07T20:27:16.249662+02:00
NSR:StopPlace:45,Reinunga stasjon,2026-09-07T18:03:00+02:00,2026-09-07T18:03:00+02:00,,0.0,0,Myrdal,VYG:Line:R45,Myrdal-Flåm,R45,rail,VYG:ServiceJourney:1866_465787-R,True,planned,False,,,,,2026-09-07T20:27:16.249662+02:00
NSR:StopPlace:33,Ranheim stasjon,2026-09-07T20:31:00+02:00,2026-09-07T20:31:00+02:00,,0.0,0,Lundamo,SJN:Line:26,Trønderbanen,R70,rail,SJN:ServiceJourney:448_56077-R,True,planned,False,,,,,2026-09-07T20:27:16.249662+02:00
NSR:StopPlace:41,Hanaborg stasjon,2026-09-07T20:46:00+02:00,2026-09-07T20:46:00+02:00,,0.0,0,Lillestrøm,VYG:Line:L1,Spikkestad-Oslo S-Lillestrøm,L1,rail,VYG:ServiceJourney:2162_443572-R,True,planned,False,,,,,2026-09-07T20:27:16.249662+02:00
NSR:StopPlace:41,Hanaborg stasjon,2026-09-07T20:49:00+02:00,2026-09-07T20:49:00+02:00,,0.0,0,Spikkestad,VYG:Line:L1,Spikkestad-Oslo S-Lillestrøm,L1,rail,VYG:ServiceJourney:2265_443694-R,True,planned,False,,,,,2026-09-07T20:27:16.249662+02:00
NSR:StopPlace:41,Hanaborg stasjon,2026-09-07T21:01:00+02:00,2026-09-07T21:01:00+02:00,,0.0,0,Lillestrøm,VYG:Line:L1,Spikkestad-Oslo S-Lillestrøm,L1,rail,VYG:ServiceJourney:2264_445363-R,True,planned,False,,,,,2026-09-07T20:27:16.249662+02:00
NSR:StopPlace:41,Hanaborg stasjon,2026-09-07T21:04:00+02:00,2026-09-07T21:04:00+02:00,,0.0,0,Asker,VYG:Line:L1,Spikkestad-Oslo S-Lillestrøm,L1,rail,VYG:ServiceJourney:2165_443575-R,True,planned,False,,,,,2026-09-07T20:27:16.249662+02:00
NSR:StopPlace:41,Hanaborg stasjon,2026-09-07T21:16:00+02:00,2026-09-07T21:16:00+02:00,,0.0,0,Lillestrøm,VYG:Line:L1,Spikkestad-Oslo S-Lillestrøm,L1,rail,VYG:ServiceJourney:2164_443574-R,True,planned,False,,,,,2026-09-07T20:27:16.249662+02:00
NSR:StopPlace:61897,Bryn stasjon,2026-09-07T20:30:00+02:00,2026-09-07T20:30:00+02:00,,0.0,0,Lillestrøm,VYG:Line:L1,Spikkestad-Oslo S-Lillestrøm,L1,rail,VYG:ServiceJourney:2162_443572-R,True,planned,False,,,,,2026-09-07T20:27:16.249662+02:00
NSR:StopPlace:61897,Bryn stasjon,2026-09-07T20:35:00+02:00,2026-09-07T20:35:00+02:00,,0.0,0,Spikkestad,VYG:Line:L1,Spikkestad-Oslo S-Lillestrøm,L1,rail,VYG:ServiceJourney:2263_443691-R,True,planned,False,,,,,2026-09-07T20:27:16.249662+02:00
NSR:StopPlace:61897,Bryn stasjon,2026-09-07T20:50:00+02:00,2026-09-07T20:50:00+02:00,,0.0,0,Asker,VYG:Line:L1,Spikkestad-Oslo S-Lillestrøm,L1,rail,VYG:ServiceJourney:2163_443573-R,True,planned,False,,,,,2026-09-07T20:27:16.249662+02:00
NSR:StopPlace:61897,Bryn stasjon,2026-09-07T21:00:00+02:00,2026-09-07T21:00:00+02:00,,0.0,0,Lillestrøm,VYG:Line:L1,Spikkestad-Oslo S-Lillestrøm,L1,rail,VYG:ServiceJourney:2164_443574-R,True,planned,False,,,,,2026-09-07T20:27:16.249662+02:00
NSR:StopPlace:61897,Bryn stasjon,2026-09-07T21:05:00+02:00,2026-09-07T21:05:00+02:00,,0.0,0,Spikkestad,VYG:Line:L1,Spikkestad-Oslo S-Lillestrøm,L1,rail,VYG:ServiceJourney:2265_443694-R,True,planned,False,,,,,2026-09-07T20:27:16.249662+02:00
NSR:StopPlace:61897,Bryn stasjon,2026-09-07T21:15:00+02:00,2026-09-07T21:15:00+02:00,,0.0,0,Lillestrøm,VYG:Line:L1,Spikkestad-Oslo S-Lillestrøm,L1,rail,VYG:ServiceJourney:2266_443696-R,True,planned,False,,,,,2026-09-07T20:27:16.249662+02:00
NSR:StopPlace:61897,Bryn stasjon,2026-09-07T21:20:00+02:00,2026-09-07T21:20:00+02:00,,0.0,0,Asker,VYG:Line:L1,Spikkestad-Oslo S-Lillestrøm,L1,rail,VYG:ServiceJourney:2165_443575-R,True,planned,False,,,,,2026-09-07T20:27:16.249662+02:00
NSR:StopPlace:61928,Blomheller stasjon,2026-09-07T17:45:00+02:00,2026-09-07T17:45:00+02:00,,0.0,0,Myrdal,VYG:Line:R45,Myrdal-Flåm,R45,rail,VYG:ServiceJourney:1866_465787-R,True,planned,False,,,,,2026-09-07T20:27:16.249662+02:00
NSR:StopPlace:61926,Håreina stasjon,2026-09-07T17:18:00+02:00,2026-09-07T17:18:00+02:00,,0.0,0,Myrdal,VYG:Line:R45,Myrdal-Flåm,R45,rail,VYG:ServiceJourney:1866_465787-R,True,planned,False,,,,,2026-09-07T20:27:16.249662+02:00
NSR:StopPlace:61735,Hell stasjon,2026-09-07T21:07:00+02:00,2026-09-07T21:07:00+02:00,,0.0,0,Melhus skysstasjon,SJN:Line:26,Trønderbanen,R70,rail,SJN:ServiceJourney:450-STK_56079-R,True,planned,False,,,,,2026-09-07T20:27:16.249662+02:00
NSR:StopPlace:61787,Gudå stasjon,2026-09-07T17:39:00+02:00,2026-09-07T17:39:00+02:00,,0.0,0,Storlien,SJN:Line:72,Meråkerbanen,R71,rail,SJN:ServiceJourney:1307_56270-R,True,planned,False,,,,,2026-09-07T20:27:16.249662+02:00
NSR:StopPlace:61787,Gudå stasjon,2026-09-07T19:27:00+02:00,2026-09-07T19:27:00+02:00,,0.0,0,Trondheim S,SJN:Line:72,Meråkerbanen,R71,rail,SJN:ServiceJourney:1308_53542-R,True,planned,False,,,,,2026-09-07T20:27:16.249662+02:00
NSR:StopPlace:59789,Skotbu stasjon,2026-09-07T18:32:00+02:00,2026-09-07T18:32:00+02:00,,0.0,0,Oslo S,VYG:Line:R22,Skøyen-Oslo S-Mysen-Rakkestad,R22,rail,VYG:ServiceJourney:1930-RST_443484-R,True,planned,False,,,,,2026-09-07T20:27:16.249662+02:00
NSR:StopPlace:59789,Skotbu stasjon,2026-09-07T19:32:00+02:00,2026-09-07T19:32:00+02:00,,0.0,0,Oslo S,VYG:Line:R22,Skøyen-Oslo S-Mysen-Rakkestad,R22,rail,VYG:ServiceJourney:1932_443486-R,True,planned,False,,,,,2026-09-07T20:27:16.249662+02:00
NSR:StopPlace:59789,Skotbu stasjon,2026-09-07T20:32:00+02:00,2026-09-07T20:32:00+02:00,,0.0,0,Oslo S,VYG:Line:R22,Skøyen-Oslo S-Mysen-Rakkestad,R22,rail,VYG:ServiceJourney:1934_443488-R,True,planned,False,,,,,2026-09-07T20:27:16.249662+02:00
NSR:StopPlace:59789,Skotbu stasjon,2026-09-07T21:22:00+02:00,2026-09-07T21:22:00+02:00,,0.0,0,Rakkestad,VYG:Line:R22,Skøyen-Oslo S-Mysen-Rakkestad,R22,rail,VYG:ServiceJourney:1933_443487-R,True,planned,False,,,,,2026-09-07T20:27:16.249662+02:00
NSR:StopPlace:59872,Oslo S,2026-09-07T16:34:00+02:00,2026-09-07T16:34:00+02:00,,0.0,0,Roa,VYG:Line:RE30,Oslo S-Gjøvik,RE30,rail,VYG:ServiceJourney:BUS-1225_655076-R,True,planned,False,,,,,2026-09-07T20:27:16.249662+02:00
NSR:StopPlace:59646,Høvik stasjon,2026-09-07T20:37:00+02:00,2026-09-07T20:37:00+02:00,,0.0,0,Lillestrøm,VYG:Line:L1,Spikkestad-Oslo S-Lillestrøm,L1,rail,VYG:ServiceJourney:2164_443574-R,True,planned,False,,,,,2026-09-07T20:27:16.249662+02:00
NSR:StopPlace:59646,Høvik stasjon,2026-09-07T20:40:00+02:00,2026-09-07T20:40:00+02:00,,0.0,0,Asker,RUT:Line:270,Asker - Sandvika (- Fornebu),270,bus,RUT:ServiceJourney:3803815947897c44b0f9ed79e6be267c,True,planned,False,,,,,2026-09-07T20:27:16.249662+02:00
NSR:StopPlace:59646,Høvik stasjon,2026-09-07T20:42:00+02:00,2026-09-07T20:42:00+02:00,,0.0,0,Asker,VYG:Line:L1,Spikkestad-Oslo S-Lillestrøm,L1,rail,VYG:ServiceJourney:2161_443571-R,True,planned,False,,,,,2026-09-07T20:27:16.249662+02:00
NSR:StopPlace:59646,Høvik stasjon,2026-09-07T20:53:00+02:00,2026-09-07T20:53:00+02:00,,0.0,0,Lillestrøm,VYG:Line:L1,Spikkestad-Oslo S-Lillestrøm,L1,rail,VYG:ServiceJourney:2266_443696-R,True,planned,False,,,,,2026-09-07T20:27:16.249662+02:00
NSR:StopPlace:59647,Dal stasjon,2026-09-07T20:41:00+02:00,2026-09-07T20:41:00+02:00,,0.0,0,Jessheim,RUT:Line:430,Eidsvoll - Jessheim,430,bus,RUT:ServiceJourney:8af56ab17233a0da1cf1e4b5c6a0831f,True,planned,False,,,,,2026-09-07T20:27:16.249662+02:00
NSR:StopPlace:59647,Dal stasjon,2026-09-07T21:16:00+02:00,2026-09-07T21:16:00+02:00,,0.0,0,Eidsvoll st.,RUT:Line:430,Eidsvoll - Jessheim,430,bus,RUT:ServiceJourney:96823c62716aa0abe7c6db1947b8f2a4,True,planned,False,,,,,2026-09-07T20:27:16.249662+02:00
NSR:StopPlace:59648,Kjelsås stasjon,2026-09-07T16:58:00+02:00,2026-09-07T16:58:00+02:00,,0.0,0,Jaren,VYG:Line:R31,Skøyen-Jaren-Gjøvik,R31,rail,VYG:ServiceJourney:BUS-245_655570-R,True,planned,False,,,,,2026-09-07T20:27:16.249662+02:00
NSR:StopPlace:59648,Kjelsås stasjon,2026-09-07T17:40:00+02:00,2026-09-07T17:40:00+02:00,,0.0,0,Roa,VYG:Line:R31,Skøyen-Jaren-Gjøvik,R31,rail,VYG:ServiceJourney:BUS-227_655357-R,True,planned,False,,,,,2026-09-07T20:27:16.249662+02:00
NSR:StopPlace:59649,Nydalen stasjon,2026-09-07T18:03:00+02:00,2026-09-07T18:03:00+02:00,,0.0,0,-,NBU:Line:cb7b555c-f96e-42d5-84bf-a5e08c0145c2,Radiumhospitalet via Økern-Storo-Tåsen,FB3,bus,NBU:ServiceJourney:0652adcd-8c90-41bd-a6b8-cdaa7d7766e2:610200362,True,planned,False,,,,,2026-09-07T20:27:16.249662+02:00
NSR:StopPlace:59642,Rånåsfoss stasjon,2026-09-07T20:39:00+02:00,2026-09-07T20:39:00+02:00,,0.0,0,Kongsvinger,VYG:Line:R14,Asker-Oslo S-Kongsvinger,R14,rail,VYG:ServiceJourney:1031_442942-R,True,planned,False,,,,,2026-09-07T20:27:16.249662+02:00
NSR:StopPlace:59642,Rånåsfoss stasjon,2026-09-07T20:48:00+02:00,2026-09-07T20:48:00+02:00,,0.0,0,Årnes,RUT:Line:455,Årnes -Rånåsfoss,455,bus,RUT:ServiceJourney:3f914ead6638c6eeeda938f965ff40ef,True,planned,False,,,,,2026-09-07T20:27:16.249662+02:00
NSR:StopPlace:59652,Tøyen stasjon,2026-09-07T20:44:00+02:00,2026-09-07T20:44:00+02:00,,0.0,0,Vippetangen,RUT:Line:60,Vippetangen-Tonsenhagen,60,bus,RUT:ServiceJourney:13736d26a9809c2d47c441b0663a6da7,True,planned,False,,,,,2026-09-07T20:27:16.249662+02:00
NSR:StopPlace:59653,Haugenstua stasjon,2026-09-07T20:40:00+02:00,2026-09-07T20:40:00+02:00,,0.0,0,Asker,VYG:Line:L1,Spikkestad-Oslo S-Lillestrøm,L1,rail,VYG:ServiceJourney:2163_443573-R,True,planned,False,,,,,2026-09-07T20:27:16.249662+02:00
NSR:StopPlace:59653,Haugenstua stasjon,2026-09-07T20:40:00+02:00,2026-09-07T20:40:00+02:00,,0.0,0,Lillestrøm,VYG:Line:L1,Spikkestad-Oslo S-Lillestrøm,L1,rail,VYG:ServiceJourney:2162_443572-R,True,planned,False,,,,,2026-09-07T20:27:16.249662+02:00
NSR:StopPlace:59653,Haugenstua stasjon,2026-09-07T20:55:00+02:00,2026-09-07T20:55:00+02:00,,0.0,0,Spikkestad,VYG:Line:L1,Spikkestad-Oslo S-Lillestrøm,L1,rail,VYG:ServiceJourney:2265_443694-R,True,planned,False,,,,,2026-09-07T20:27:16.249662+02:00
NSR:StopPlace:59653,Haugenstua stasjon,2026-09-07T20:55:00+02:00,2026-09-07T20:55:00+02:00,,0.0,0,Lillestrøm,VYG:Line:L1,Spikkestad-Oslo S-Lillestrøm,L1,rail,VYG:ServiceJourney:2264_445363-R,True,planned,False,,,,,2026-09-07T20:27:16.249662+02:00
NSR:StopPlace:59653,Haugenstua stasjon,2026-09-07T21:10:00+02:00,2026-09-07T21:10:00+02:00,,0.0,0,Asker,VYG:Line:L1,Spikkestad-Oslo S-Lillestrøm,L1,rail,VYG:ServiceJourney:2165_443575-R,True,planned,False,,,,,2026-09-07T20:27:16.249662+02:00
NSR:StopPlace:59653,Haugenstua stasjon,2026-09-07T21:10:00+02:00,2026-09-07T21:10:00+02:00,,0.0,0,Lillestrøm,VYG:Line:L1,Spikkestad-Oslo S-Lillestrøm,L1,rail,VYG:ServiceJourney:2164_443574-R,True,planned,False,,,,,2026-09-07T20:27:16.249662+02:00
NSR:StopPlace:59653,Haugenstua stasjon,2026-09-07T21:25:00+02:00,2026-09-07T21:25:00+02:00,,0.0,0,Lillestrøm,VYG:Line:L1,Spikkestad-Oslo S-Lillestrøm,L1,rail,VYG:ServiceJourney:2266_443696-R,True,planned,False,,,,,2026-09-07T20:27:16.249662+02:00
NSR:StopPlace:59703,Åndalsnes stasjon,2026-09-07T19:17:00+02:00,2026-09-07T19:12:35+02:00,,0.0,0,Åndalsnes,MOR:Line:420,Fram Ekspress Molde-Åndalsnes,420,bus,MOR:ServiceJourney:420_120_9150000047246034,True,expected,False,,,,,2026-09-07T20:27:16.249662+02:00
NSR:StopPlace:60736,Spikkestad stasjon,2026-09-07T20:46:00+02:00,2026-09-07T20:46:00+02:00,,0.0,0,Lillestrøm,VYG:Line:L1,Spikkestad-Oslo S-Lillestrøm,L1,rail,VYG:ServiceJourney:2268_445367-R,True,planned,False,,,,,2026-09-07T20:27:16.249662+02:00
NSR:StopPlace:60737,Bondivann stasjon,2026-09-07T18:00:00+02:00,2026-09-07T18:00:00+02:00,,0.0,0,Lillestrøm,VYG:Line:L1,Spikkestad-Oslo S-Lillestrøm,L1,rail,VYG:ServiceJourney:2256_445354-R,True,planned,False,,,,,2026-09-07T20:27:16.249662+02:00
NSR:StopPlace:60737,Bondivann stasjon,2026-09-07T18:19:00+02:00,2026-09-07T18:19:00+02:00,,0.0,0,Spikkestad,VYG:Line:L1,Spikkestad-Oslo S-Lillestrøm,L1,rail,VYG:ServiceJourney:2251_443671-R,True,planned,False,,,,,2026-09-07T20:27:16.249662+02:00
NSR:StopPlace:60737,Bondivann stasjon,2026-09-07T18:30:00+02:00,2026-09-07T18:30:00+02:00,,0.0,0,Lillestrøm,VYG:Line:L1,Spikkestad-Oslo S-Lillestrøm,L1,rail,VYG:ServiceJourney:2258_443682-R,True,planned,False,,,,,2026-09-07T20:27:16.249662+02:00
NSR:StopPlace:60737,Bondivann stasjon,2026-09-07T19:49:00+02:00,2026-09-07T19:49:00+02:00,,0.0,0,Spikkestad,VYG:Line:L1,Spikkestad-Oslo S-Lillestrøm,L1,rail,VYG:ServiceJourney:2257_443680-R,True,planned,False,,,,,2026-09-07T20:27:16.249662+02:00
NSR:StopPlace:60737,Bondivann stasjon,2026-09-07T21:00:00+02:00,2026-09-07T21:00:00+02:00,,0.0,0,Lillestrøm,VYG:Line:L1,Spikkestad-Oslo S-Lillestrøm,L1,rail,VYG:ServiceJourney:2268_445367-R,True,planned,False,,,,,2026-09-07T20:27:16.249662+02:00
NSR:StopPlace:60737,Bondivann stasjon,2026-09-07T21:19:00+02:00,2026-09-07T21:19:00+02:00,,0.0,0,Spikkestad,VYG:Line:L1,Spikkestad-Oslo S-Lillestrøm,L1,rail,VYG:ServiceJourney:2263_443691-R,True,planned,False,,,,,2026-09-07T20:27:16.249662+02:00
NSR:StopPlace:60735,Gullhella stasjon,2026-09-07T18:21:00+02:00,2026-09-07T18:21:00+02:00,,0.0,0,Spikkestad,VYG:Line:L1,Spikkestad-Oslo S-Lillestrøm,L1,rail,VYG:ServiceJourney:2251_443671-R,True,planned,False,,,,,2026-09-07T20:27:16.249662+02:00
NSR:StopPlace:60735,Gullhella stasjon,2026-09-07T19:51:00+02:00,2026-09-07T19:51:00+02:00,,0.0,0,Spikkestad,VYG:Line:L1,Spikkestad-Oslo S-Lillestrøm,L1,rail,VYG:ServiceJourney:2257_443680-R,True,planned,False,,,,,2026-09-07T20:27:16.249662+02:00
NSR:StopPlace:60735,Gullhella stasjon,2026-09-07T20:57:00+02:00,2026-09-07T20:57:00+02:00,,0.0,0,Lillestrøm,VYG:Line:L1,Spikkestad-Oslo S-Lillestrøm,L1,rail,VYG:ServiceJourney:2268_445367-R,True,planned,False,,,,,2026-09-07T20:27:16.249662+02:00
NSR:StopPlace:60735,Gullhella stasjon,2026-09-07T21:21:00+02:00,2026-09-07T21:21:00+02:00,,0.0,0,Spikkestad,VYG:Line:L1,Spikkestad-Oslo S-Lillestrøm,L1,rail,VYG:ServiceJourney:2263_443691-R,True,planned,False,,,,,2026-09-07T20:27:16.249662+02:00
NSR:StopPlace:59952,Drammen stasjon,2026-09-07T20:35:00+02:00,2026-09-07T20:35:00+02:00,,0.0,0,Dal,VYG:Line:R13,Drammen-Oslo S-Dal,R13,rail,VYG:ServiceJourney:1665_443353-R,True,planned,False,,,,,2026-09-07T20:27:16.249662+02:00
NSR:StopPlace:59952,Drammen stasjon,2026-09-07T20:42:00+02:00,2026-09-07T20:42:00+02:00,,0.0,0,Oslo Lufthavn,FLT:Line:FLY1,FLY1,FLY1,rail,FLT:ServiceJourney:1-2614-3801-20260907,True,planned,False,,,,,2026-09-07T20:27:16.249662+02:00
NSR:StopPlace:59957,Klepp stasjon,2026-09-07T20:27:00+02:00,2026-09-07T20:27:00+02:00,,0.0,0,Verdalen via Kleppekrossen,KOL:Line:8_2024,59,59,bus,KOL:ServiceJourney:2024_250903083241266_2037,True,planned,False,,,,,2026-09-07T20:27:16.249662+02:00
NSR:StopPlace:59957,Klepp stasjon,2026-09-07T20:54:00+02:00,2026-09-07T20:54:00+02:00,,0.0,0,Nærbø,GOA:Line:59,Jærbanen,L5,rail,GOA:ServiceJourney:3066_63125-R,True,planned,False,,,,,2026-09-07T20:27:16.249662+02:00
NSR:StopPlace:59958,Voss stasjon,2026-09-07T20:55:00+02:00,2026-09-07T20:55:00+02:00,,0.0,0,Haugsvik,SKY:Line:950,Bergen-Voss-Gudvangen,950,bus,SKY:ServiceJourney:950-205165-21338673,True,planned,False,,,,,2026-09-07T20:27:16.249662+02:00
NSR:StopPlace:59983,Bergen stasjon,2026-09-07T20:27:00+02:00,2026-09-07T20:27:00+02:00,,0.0,0,Arna,VYG:Line:L4,Bergen-Arna,L4,rail,VYG:ServiceJourney:2662_443877-R,True,planned,False,,,,,2026-09-07T20:27:16.249662+02:00
NSR:StopPlace:59983,Bergen stasjon,2026-09-07T20:39:00+02:00,2026-09-07T20:39:00+02:00,,0.0,0,Voss,VYG:Line:R40,Bergen-Voss-Myrdal-Ål,R40,rail,VYG:ServiceJourney:1832_445145-R,True,planned,False,,,,,2026-09-07T20:27:16.249662+02:00
NSR:StopPlace:59983,Bergen stasjon,2026-09-07T20:57:00+02:00,2026-09-07T20:57:00+02:00,,0.0,0,Arna,VYG:Line:L4,Bergen-Arna,L4,rail,VYG:ServiceJourney:2664_443879-R,True,planned,False,,,,,2026-09-07T20:27:16.249662+02:00
NSR:StopPlace:59983,Bergen stasjon,2026-09-07T21:27:00+02:00,2026-09-07T21:27:00+02:00,,0.0,0,Arna,VYG:Line:L4,Bergen-Arna,L4,rail,VYG:ServiceJourney:2666_443881-R,True,planned,False,,,,,2026-09-07T20:27:16.249662+02:00
NSR:StopPlace:60017,Slitu stasjon,2026-09-07T17:06:00+02:00,2026-09-07T17:06:00+02:00,,0.0,0,Oslo S,VYG:Line:R22,Skøyen-Oslo S-Mysen-Rakkestad,R22,rail,VYG:ServiceJourney:1928_443481-R,True,planned,False,,,,,2026-09-07T20:27:16.249662+02:00
NSR:StopPlace:60017,Slitu stasjon,2026-09-07T17:54:00+02:00,2026-09-07T17:54:00+02:00,,0.0,0,Rakkestad,VYG:Line:R22,Skøyen-Oslo S-Mysen-Rakkestad,R22,rail,VYG:ServiceJourney:1925_443475-R,True,planned,False,,,,,2026-09-07T20:27:16.249662+02:00
NSR:StopPlace:60017,Slitu stasjon,2026-09-07T18:04:00+02:00,2026-09-07T18:04:00+02:00,,0.0,0,Oslo S,VYG:Line:R22,Skøyen-Oslo S-Mysen-Rakkestad,R22,rail,VYG:ServiceJourney:1930-RST_443484-R,True,planned,False,,,,,2026-09-07T20:27:16.249662+02:00
NSR:StopPlace:60017,Slitu stasjon,2026-09-07T20:50:00+02:00,2026-09-07T20:50:00+02:00,,0.0,0,Rakkestad,VYG:Line:R22,Skøyen-Oslo S-Mysen-Rakkestad,R22,rail,VYG:ServiceJourney:1931_443485-R,True,planned,False,,,,,2026-09-07T20:27:16.249662+02:00
NSR:StopPlace:60017,Slitu stasjon,2026-09-07T21:04:00+02:00,2026-09-07T21:04:00+02:00,,0.0,0,Oslo S,VYG:Line:R22,Skøyen-Oslo S-Mysen-Rakkestad,R22,rail,VYG:ServiceJourney:1936_443490-R,True,planned,False,,,,,2026-09-07T20:27:16.249662+02:00
NSR:StopPlace:60016,Kråkstad stasjon,2026-09-07T20:36:00+02:00,2026-09-07T20:36:00+02:00,,0.0,0,Oslo S,VYG:Line:R22,Skøyen-Oslo S-Mysen-Rakkestad,R22,rail,VYG:ServiceJourney:1934_443488-R,True,planned,False,,,,,2026-09-07T20:27:16.249662+02:00
NSR:StopPlace:60016,Kråkstad stasjon,2026-09-07T21:18:00+02:00,2026-09-07T21:18:00+02:00,,0.0,0,Rakkestad,VYG:Line:R22,Skøyen-Oslo S-Mysen-Rakkestad,R22,rail,VYG:ServiceJourney:1933_443487-R,True,planned,False,,,,,2026-09-07T20:27:16.249662+02:00
NSR:StopPlace:60042,Trengereid stasjon,2026-09-07T20:57:00+02:00,2026-09-07T20:57:00+02:00,,0.0,0,Bergen,VYG:Line:R40,Bergen-Voss-Myrdal-Ål,R40,rail,VYG:ServiceJourney:1835_477934-R,True,planned,False,,,,,2026-09-07T20:27:16.249662+02:00
NSR:StopPlace:60042,Trengereid stasjon,2026-09-07T20:58:00+02:00,2026-09-07T20:58:00+02:00,,0.0,0,Voss,VYG:Line:R40,Bergen-Voss-Myrdal-Ål,R40,rail,VYG:ServiceJourney:1832_445145-R,True,planned,False,,,,,2026-09-07T20:27:16.249662+02:00
NSR:StopPlace:59318,Storlien station,2026-09-07T18:51:00+02:00,2026-09-07T18:51:00+02:00,,0.0,0,Trondheim S,SJN:Line:72,Meråkerbanen,R71,rail,SJN:ServiceJourney:1308_53542-R,True,planned,False,,,,,2026-09-07T20:27:16.249662+02:00
NSR:StopPlace:59243,Mo i Rana stasjon,2026-09-07T20:37:00+02:00,2026-09-07T20:37:00+02:00,,0.0,0,Mosjøen,SJN:Line:71,Nordlandsbanen,F7,rail,SJN:ServiceJourney:474_30411-R,True,planned,False,,,,,2026-09-07T20:27:16.249662+02:00
NSR:StopPlace:59243,Mo i Rana stasjon,2026-09-07T20:42:00+02:00,2026-09-07T20:42:00+02:00,,0.0,0,Kvernkroken,NOR:Line:12_8372,Kvernkroken - Sykehuset Mo,2,bus,NOR:ServiceJourney:8372_251012124855375_2026,True,planned,False,,,,,2026-09-07T20:27:16.249662+02:00
NSR:StopPlace:59261,Trondheim lufthavn,2026-09-07T17:10:00+02:00,2026-09-07T17:06:00+02:00,,0.0,0,Bodø,AVI:Line:WF_BOO-TRD,Bodø-Trondheim,,air,AVI:ServiceJourney:WF772-01-206301640,True,expected,False,,,,,2026-09-07T20:27:16.249662+02:00
NSR:StopPlace:59261,Trondheim lufthavn,2026-09-07T17:15:00+02:00,2026-09-07T17:15:00+02:00,,0.0,0,Bodø,AVI:Line:WF_BOO-TRD,Bodø-Trondheim,,air,AVI:ServiceJourney:WF752-01-1490585,True,planned,False,,,,,2026-09-07T20:27:16.249662+02:00
NSR:StopPlace:59261,Trondheim lufthavn,2026-09-07T17:25:00+02:00,2026-09-07T17:25:00+02:00,,0.0,0,Stavanger,AVI:Line:SK_SVG-TRD,Stavanger-Trondheim,,air,AVI:ServiceJourney:SK4487-04-465085078,True,planned,False,,,,,2026-09-07T20:27:16.249662+02:00
NSR:StopPlace:59261,Trondheim lufthavn,2026-09-07T17:40:00+02:00,2026-09-07T17:31:00+02:00,,0.0,0,Oslo,AVI:Line:DY_OSL-TRD,Oslo-Trondheim,,air,AVI:ServiceJourney:DY769-01-416742281,True,expected,False,,,,,2026-09-07T20:27:16.249662+02:00
NSR:StopPlace:59261,Trondheim lufthavn,2026-09-07T18:35:00+02:00,2026-09-07T18:32:00+02:00,,0.0,0,Bergen,AVI:Line:WF_BGO-BOO,Bergen-Bodø,,air,AVI:ServiceJourney:WF1312-02-1983949496,True,expected,False,,,,,2026-09-07T20:27:16.249662+02:00
NSR:StopPlace:59637,Rosenholm stasjon,2026-09-07T20:28:00+02:00,2026-09-07T20:28:00+02:00,,0.0,0,Stabekk,VYG:Line:L2,Stabekk-Oslo S-Ski,L2,rail,VYG:ServiceJourney:2766-SKI_443983-R,True,planned,False,,,,,2026-09-07T20:27:16.249662+02:00
NSR:StopPlace:59637,Rosenholm stasjon,2026-09-07T20:43:00+02:00,2026-09-07T20:43:00+02:00,,0.0,0,Oslo S,VYG:Line:L2,Stabekk-Oslo S-Ski,L2,rail,VYG:ServiceJourney:2866_444109-R,True,planned,False,,,,,2026-09-07T20:27:16.249662+02:00
NSR:StopPlace:59637,Rosenholm stasjon,2026-09-07T20:46:00+02:00,2026-09-07T20:46:00+02:00,,0.0,0,Ski,VYG:Line:L2,Stabekk-Oslo S-Ski,L2,rail,VYG:ServiceJourney:2861_444104-R,True,planned,False,,,,,2026-09-07T20:27:16.249662+02:00
NSR:StopPlace:59637,Rosenholm stasjon,2026-09-07T20:58:00+02:00,2026-09-07T20:58:00+02:00,,0.0,0,Stabekk,VYG:Line:L2,Stabekk-Oslo S-Ski,L2,rail,VYG:ServiceJourney:2768-SKI_443986-R,True,planned,False,,,,,2026-09-07T20:27:16.249662+02:00
NSR:StopPlace:59637,Rosenholm stasjon,2026-09-07T21:01:00+02:00,2026-09-07T21:01:00+02:00,,0.0,0,Ski,VYG:Line:L2,Stabekk-Oslo S-Ski,L2,rail,VYG:ServiceJourney:2763-HVK_443979-R,True,planned,False,,,,,2026-09-07T20:27:16.249662+02:00
NSR:StopPlace:59637,Rosenholm stasjon,2026-09-07T21:13:00+02:00,2026-09-07T21:13:00+02:00,,0.0,0,Skøyen,VYG:Line:L2,Stabekk-Oslo S-Ski,L2,rail,VYG:ServiceJourney:2868-SKI_488398-R,True,planned,False,,,,,2026-09-07T20:27:16.249662+02:00
NSR:StopPlace:59637,Rosenholm stasjon,2026-09-07T21:16:00+02:00,2026-09-07T21:16:00+02:00,,0.0,0,Ski,VYG:Line:L2,Stabekk-Oslo S-Ski,L2,rail,VYG:ServiceJourney:2863-BES_488395-R,True,planned,False,,,,,2026-09-07T20:27:16.249662+02:00
NSR:StopPlace:59638,Myrvoll stasjon,2026-09-07T18:08:00+02:00,2026-09-07T18:08:00+02:00,,0.0,0,Ski,VYG:Line:L2,Stabekk-Oslo S-Ski,L2,rail,VYG:ServiceJourney:2751-HVK_443962-R,True,planned,False,Færre vogner,Denne avgangen kjører dessverre med 3 vogner i stedet for 6 vogner. Dette skyldes at vi mangler et togsett.,general,normal,2026-09-07T20:27:16.249662+02:00
NSR:StopPlace:59638,Myrvoll stasjon,2026-09-07T18:53:00+02:00,2026-09-07T18:53:00+02:00,,0.0,0,Ski,VYG:Line:L2,Stabekk-Oslo S-Ski,L2,rail,VYG:ServiceJourney:2853_444090-R,True,planned,False,,,,,2026-09-07T20:27:16.249662+02:00
NSR:StopPlace:59639,Sonsveien stasjon,2026-09-07T20:51:00+02:00,2026-09-07T20:51:00+02:00,,0.0,0,Moss,VYG:Line:R21,Stabekk-Oslo S-Moss,R21,rail,VYG:ServiceJourney:1161-HVK_443050-R,True,planned,False,,,,,2026-09-07T20:27:16.249662+02:00
NSR:StopPlace:59639,Sonsveien stasjon,2026-09-07T20:55:00+02:00,2026-09-07T20:55:00+02:00,,0.0,0,Deør - Son - Store Brevik,RUT:Line:3545,Son mot klokka,545B,bus,RUT:ServiceJourney:017a1c37a54371c053dcd742c41b4ae3,True,planned,False,,,,,2026-09-07T20:27:16.249662+02:00
NSR:StopPlace:59639,Sonsveien stasjon,2026-09-07T21:04:00+02:00,2026-09-07T21:04:00+02:00,,0.0,0,Stabekk,VYG:Line:R21,Stabekk-Oslo S-Moss,R21,rail,VYG:ServiceJourney:1168-MOS_443061-R,True,planned,False,,,,,2026-09-07T20:27:16.249662+02:00
NSR:StopPlace:59639,Sonsveien stasjon,2026-09-07T21:09:00+02:00,2026-09-07T21:09:00+02:00,,0.0,0,Moss,RUT:Line:540,Moss - Son - Vestby stasjon,540,bus,RUT:ServiceJourney:54a360c6e395bf869e7c0364926c4730,True,planned,False,,,,,2026-09-07T20:27:16.249662+02:00
NSR:StopPlace:59639,Sonsveien stasjon,2026-09-07T21:12:00+02:00,2026-09-07T21:12:00+02:00,,0.0,0,Vestby stasjon,RUT:Line:540,Moss - Son - Vestby stasjon,540,bus,RUT:ServiceJourney:27eb5c9b5326538e49e6222e1562a916,True,planned,False,,,,,2026-09-07T20:27:16.249662+02:00
NSR:StopPlace:58415,Oteråga stasjon,2026-09-07T20:43:00+02:00,2026-09-07T20:43:00+02:00,,0.0,0,Bodø,SJN:Line:71,Nordlandsbanen,F7,rail,SJN:ServiceJourney:479_41164-R,True,planned,False,,,,,2026-09-07T20:27:16.249662+02:00
NSR:StopPlace:58951,Bjerka stasjon,2026-09-07T17:45:00+02:00,2026-09-07T17:45:00+02:00,,0.0,0,Bodø,SJN:Line:71,Nordlandsbanen,F7,rail,SJN:ServiceJourney:479_41164-R,True,planned,False,,,,,2026-09-07T20:27:16.249662+02:00
NSR:StopPlace:58951,Bjerka stasjon,2026-09-07T20:57:00+02:00,2026-09-07T20:57:00+02:00,,0.0,0,Mosjøen,SJN:Line:71,Nordlandsbanen,F7,rail,SJN:ServiceJourney:474_30411-R,True,planned,False,,,,,2026-09-07T20:27:16.249662+02:00
NSR:StopPlace:58952,Bodø stasjon,2026-09-07T17:48:00+02:00,2026-09-07T17:48:00+02:00,,0.0,0,Bodø lufthavn,NOR:Line:12_8400,Kjerringøy - Festvåg - Skaug - Bodø,400,bus,NOR:ServiceJourney:8400_251012124900653_1012,True,planned,False,,,,,2026-09-07T20:27:16.249662+02:00
NSR:StopPlace:58953,Dunderland stasjon,2026-09-07T18:38:00+02:00,2026-09-07T18:38:00+02:00,,0.0,0,Bodø,SJN:Line:71,Nordlandsbanen,F7,rail,SJN:ServiceJourney:479_41164-R,True,planned,False,,,,,2026-09-07T20:27:16.249662+02:00
NSR:StopPlace:58953,Dunderland stasjon,2026-09-07T20:02:00+02:00,2026-09-07T20:02:00+02:00,,0.0,0,Mosjøen,SJN:Line:71,Nordlandsbanen,F7,rail,SJN:ServiceJourney:474_30411-R,True,planned,False,,,,,2026-09-07T20:27:16.249662+02:00
NSR:StopPlace:58954,Fauske stasjon,2026-09-07T20:22:00+02:00,2026-09-07T20:22:00+02:00,,0.0,0,Bodø,SJN:Line:71,Nordlandsbanen,F7,rail,SJN:ServiceJourney:479_41164-R,True,planned,False,,,,,2026-09-07T20:27:16.249662+02:00
NSR:StopPlace:58954,Fauske stasjon,2026-09-07T21:15:00+02:00,2026-09-07T21:15:00+02:00,,0.0,0,Bodø,SJN:Line:79,Saltenpendelen,R75,rail,SJN:ServiceJourney:1793_48218-R,True,planned,False,,,,,2026-09-07T20:27:16.249662+02:00
NSR:StopPlace:58958,Rognan stasjon,2026-09-07T20:56:00+02:00,2026-09-07T20:56:00+02:00,,0.0,0,Bodø,SJN:Line:79,Saltenpendelen,R75,rail,SJN:ServiceJourney:1793_48218-R,True,planned,False,,,,,2026-09-07T20:27:16.249662+02:00
NSR:StopPlace:58950,Åsen stasjon,2026-09-07T20:39:00+02:00,2026-09-07T20:39:00+02:00,,0.0,0,Melhus skysstasjon,SJN:Line:26,Trønderbanen,R70,rail,SJN:ServiceJourney:450-STK_56079-R,True,planned,False,,,,,2026-09-07T20:27:16.249662+02:00
NSR:StopPlace:58964,Kløfta stasjon,2026-09-07T20:44:00+02:00,2026-09-07T20:44:00+02:00,,0.0,0,Drammen,VYG:Line:R13,Drammen-Oslo S-Dal,R13,rail,VYG:ServiceJourney:1664_481175-R,True,planned,False,,,,,2026-09-07T20:27:16.249662+02:00
NSR:StopPlace:58964,Kløfta stasjon,2026-09-07T20:44:00+02:00,2026-09-07T20:44:00+02:00,,0.0,0,Dal,VYG:Line:R13,Drammen-Oslo S-Dal,R13,rail,VYG:ServiceJourney:1661_443345-R,True,planned,False,,,,,2026-09-07T20:27:16.249662+02:00
NSR:StopPlace:58964,Kløfta stasjon,2026-09-07T20:49:00+02:00,2026-09-07T20:49:00+02:00,,0.0,0,Herbergåsen,RUT:Line:460,Herbergåsen - Kløfta,460,bus,RUT:ServiceJourney:211b576d44dee9e7836dca09c92c9a0b,True,planned,False,,,,,2026-09-07T20:27:16.249662+02:00
NSR:StopPlace:58964,Kløfta stasjon,2026-09-07T20:51:00+02:00,2026-09-07T20:51:00+02:00,,0.0,0,Kløfta,RUT:Line:425,Kløfta – Oslo lufthavn,425,bus,RUT:ServiceJourney:944805605d64668639cf61578704698d,True,planned,False,,,,,2026-09-07T20:27:16.249662+02:00
NSR:StopPlace:58964,Kløfta stasjon,2026-09-07T21:14:00+02:00,2026-09-07T21:14:00+02:00,,0.0,0,Dal,VYG:Line:R13,Drammen-Oslo S-Dal,R13,rail,VYG:ServiceJourney:1663_443349-R,True,planned,False,,,,,2026-09-07T20:27:16.249662+02:00
NSR:StopPlace:58966,Porsgrunn stasjon,2026-09-07T17:51:00+02:00,2026-09-07T17:51:00+02:00,,0.0,0,Notodden,VYG:Line:R55,Porsgrunn-Notodden,R55,rail,VYG:ServiceJourney:2486_443756-R,True,planned,False,Heis på Porsgrunn ute av drift,Heisen på Porsgrunn til spor 2 er ute av drift.,general,normal,2026-09-07T20:27:16.249662+02:00
NSR:StopPlace:58966,Porsgrunn stasjon,2026-09-07T20:45:00+02:00,2026-09-07T20:45:00+02:00,,0.0,0,Skien,VYG:Line:RE11,Eidsvoll-Oslo S-Skien,RE11,rail,VYG:ServiceJourney:829_444409-R,True,planned,False,Heis på Porsgrunn ute av drift,Heisen på Porsgrunn til spor 2 er ute av drift.,general,normal,2026-09-07T20:27:16.249662+02:00
NSR:StopPlace:58961,Skonseng stasjon,2026-09-07T18:17:00+02:00,2026-09-07T18:17:00+02:00,,0.0,0,Bodø,SJN:Line:71,Nordlandsbanen,F7,rail,SJN:ServiceJourney:479_41164-R,True,planned,False,,,,,2026-09-07T20:27:16.249662+02:00
NSR:StopPlace:58961,Skonseng stasjon,2026-09-07T20:23:00+02:00,2026-09-07T20:23:00+02:00,,0.0,0,Mosjøen,SJN:Line:71,Nordlandsbanen,F7,rail,SJN:ServiceJourney:474_30411-R,True,planned,False,,,,,2026-09-07T20:27:16.249662+02:00
NSR:StopPlace:58918,Nodeland stasjon,2026-09-07T19:38:00+02:00,2026-09-07T19:38:00+02:00,,0.0,0,Hortemo,AKT:Line:1048,Høllen - Nodelandsheia,48,bus,AKT:ServiceJourney:76960_211_21_139440_140700_3957751,True,planned,False,,,,,2026-09-07T20:27:16.249662+02:00
NSR:StopPlace:58918,Nodeland stasjon,2026-09-07T20:51:00+02:00,2026-09-07T20:51:00+02:00,,0.0,0,Høllen,AKT:Line:1048,Høllen - Nodelandsheia,48,bus,AKT:ServiceJourney:76998_232_22_149640_150960_1099022,True,planned,False,,,,,2026-09-07T20:27:16.249662+02:00
NSR:StopPlace:58919,Sira stasjon,2026-09-07T21:10:00+02:00,2026-09-07T21:10:00+02:00,,0.0,0,Sira,AKT:Line:260,Flekkefjord - Sira - Moi,260,bus,AKT:ServiceJourney:57340_181_47_150000_153660_3935561,True,planned,False,,,,,2026-09-07T20:27:16.249662+02:00
NSR:StopPlace:58919,Sira stasjon,2026-09-07T21:26:00+02:00,2026-09-07T21:26:00+02:00,,0.0,0,Flekkefjord,AKT:Line:260,Flekkefjord - Sira - Moi,260,bus,AKT:ServiceJourney:57340_181_47_150000_153660_3935561,True,planned,False,,,,,2026-09-07T20:27:16.249662+02:00
NSR:StopPlace:58921,Vennesla stasjon,2026-09-07T19:38:00+02:00,2026-09-07T19:38:00+02:00,,0.0,0,Vennesla - Grovane st.,AKT:Line:31,Kvadraturen - Sødal - Vennesla,31,bus,AKT:ServiceJourney:79661_261_42_138600_140700_3950310,True,planned,False,,,,,2026-09-07T20:27:16.249662+02:00
NSR:StopPlace:58921,Vennesla stasjon,2026-09-07T19:48:00+02:00,2026-09-07T19:48:00+02:00,,0.0,0,Kristiansand,AKT:Line:31,Kvadraturen - Sødal - Vennesla,31,bus,AKT:ServiceJourney:79696_262_44_141240_143460_3950001,True,planned,False,,,,,2026-09-07T20:27:16.249662+02:00
NSR:StopPlace:58921,Vennesla stasjon,2026-09-07T20:14:00+02:00,2026-09-07T20:14:00+02:00,,0.0,0,Vennesla - Grovane st. via Moseidmoen,AKT:Line:30,Kvadraturen - Mosby - Vennesl,30,bus,AKT:ServiceJourney:79402_251_49_142200_144900_40001566,True,planned,False,,,,,2026-09-07T20:27:16.249662+02:00
NSR:StopPlace:58921,Vennesla stasjon,2026-09-07T20:26:00+02:00,2026-09-07T20:26:00+02:00,,0.0,0,Kristiansand via Mosby,AKT:Line:30,Kvadraturen - Mosby - Vennesl,30,bus,AKT:ServiceJourney:79464_252_48_145320_147780_40001545,True,planned,False,,,,,2026-09-07T20:27:16.249662+02:00
NSR:StopPlace:58921,Vennesla stasjon,2026-09-07T20:38:00+02:00,2026-09-07T20:38:00+02:00,,0.0,0,Vennesla - Grovane st.,AKT:Line:31,Kvadraturen - Sødal - Vennesla,31,bus,AKT:ServiceJourney:79662_271_42_145800_147900_3950310,True,planned,False,,,,,2026-09-07T20:27:16.249662+02:00
NSR:StopPlace:58921,Vennesla stasjon,2026-09-07T20:51:00+02:00,2026-09-07T20:51:00+02:00,,0.0,0,Kristiansand,AKT:Line:31,Kvadraturen - Sødal - Vennesla,31,bus,AKT:ServiceJourney:79697_272_44_148920_151020_3950001,True,planned,False,,,,,2026-09-07T20:27:16.249662+02:00
NSR:StopPlace:58921,Vennesla stasjon,2026-09-07T21:12:00+02:00,2026-09-07T21:12:00+02:00,,0.0,0,Vennesla - Grovane st. via Moseidmoen,AKT:Line:30,Kvadraturen - Mosby - Vennesl,30,bus,AKT:ServiceJourney:79403_261_49_149400_151860_40001566,True,planned,False,,,,,2026-09-07T20:27:16.249662+02:00
NSR:StopPlace:58921,Vennesla stasjon,2026-09-07T21:26:00+02:00,2026-09-07T21:26:00+02:00,,0.0,0,Kristiansand via Mosby,AKT:Line:30,Kvadraturen - Mosby - Vennesl,30,bus,AKT:ServiceJourney:79465_262_48_152520_154980_40001545,True,planned,False,,,,,2026-09-07T20:27:16.249662+02:00
NSR:StopPlace:58924,Bryne stasjon,2026-09-07T20:40:00+02:00,2026-09-07T20:40:00+02:00,,0.0,0,Lyefjell,KOL:Line:8_2017,50,50,bus,KOL:ServiceJourney:2017_260407061539970_2029,True,planned,False,,,,,2026-09-07T20:27:16.249662+02:00
NSR:StopPlace:58924,Bryne stasjon,2026-09-07T20:59:00+02:00,2026-09-07T20:59:00+02:00,,0.0,0,Nærbø,GOA:Line:59,Jærbanen,L5,rail,GOA:ServiceJourney:3066_63125-R,True,planned,False,,,,,2026-09-07T20:27:16.249662+02:00
NSR:StopPlace:58924,Bryne stasjon,2026-09-07T21:10:00+02:00,2026-09-07T21:10:00+02:00,,0.0,0,Lyefjell,KOL:Line:8_2017,50,50,bus,KOL:ServiceJourney:2017_260407061540152_2030,True,planned,False,,,,,2026-09-07T20:27:16.249662+02:00
NSR:StopPlace:58926,Dale stasjon,2026-09-07T20:49:00+02:00,2026-09-07T20:49:00+02:00,,0.0,0,Bergen,VYG:Line:F4,Oslo S-Bergen,F4,rail,VYG:ServiceJourney:65-LOD_590005-R,True,planned,False,,,,,2026-09-07T20:27:16.249662+02:00
NSR:StopPlace:58926,Dale stasjon,2026-09-07T21:22:00+02:00,2026-09-07T21:22:00+02:00,,0.0,0,Voss,VYG:Line:R40,Bergen-Voss-Myrdal-Ål,R40,rail,VYG:ServiceJourney:1832_445145-R,True,planned,False,,,,,2026-09-07T20:27:16.249662+02:00
NSR:StopPlace:58930,Larvik stasjon,2026-09-07T18:59:00+02:00,2026-09-07T18:59:00+02:00,,0.0,0,Veldre,VKT:Line:3,Busk-Sandefjord-Larvik-Veldre,3,bus,VKT:ServiceJourney:17494,True,planned,False,,,,,2026-09-07T20:27:16.249662+02:00
NSR:StopPlace:58930,Larvik stasjon,2026-09-07T19:59:00+02:00,2026-09-07T19:59:00+02:00,,0.0,0,Veldre,VKT:Line:3,Busk-Sandefjord-Larvik-Veldre,3,bus,VKT:ServiceJourney:17495,True,planned,False,,,,,2026-09-07T20:27:16.249662+02:00
NSR:StopPlace:58930,Larvik stasjon,2026-09-07T20:33:00+02:00,2026-09-07T20:33:00+02:00,,0.0,0,Skien,VYG:Line:RE11,Eidsvoll-Oslo S-Skien,RE11,rail,VYG:ServiceJourney:829_444409-R,True,planned,False,,,,,2026-09-07T20:27:16.249662+02:00
NSR:StopPlace:58931,Fannrem stasjon,2026-09-07T20:50:00+02:00,2026-09-07T20:50:00+02:00,,0.0,0,Trondheim S via Orkanger skysst.,ATB:Line:2_310,Trondheim - Orkanger - Fannrem,310,bus,ATB:ServiceJourney:310_260106098640189_93,True,planned,False,,,,,2026-09-07T20:27:16.249662+02:00
NSR:StopPlace:58932,Hommelvik stasjon,2026-09-07T21:12:00+02:00,2026-09-07T21:12:00+02:00,,0.0,0,Melhus skysstasjon,SJN:Line:26,Trønderbanen,R70,rail,SJN:ServiceJourney:450-STK_56079-R,True,planned,False,,,,,2026-09-07T20:27:16.249662+02:00
NSR:StopPlace:58933,Hegra stasjon,2026-09-07T17:06:00+02:00,2026-09-07T17:06:00+02:00,,0.0,0,Storlien,SJN:Line:72,Meråkerbanen,R71,rail,SJN:ServiceJourney:1307_56270-R,True,planned,False,,,,,2026-09-07T20:27:16.249662+02:00
NSR:StopPlace:58933,Hegra stasjon,2026-09-07T20:02:00+02:00,2026-09-07T20:02:00+02:00,,0.0,0,Trondheim S,SJN:Line:72,Meråkerbanen,R71,rail,SJN:ServiceJourney:1308_53542-R,True,planned,False,,,,,2026-09-07T20:27:16.249662+02:00
NSR:StopPlace:58935,Levanger stasjon,2026-09-07T20:43:00+02:00,2026-09-07T20:43:00+02:00,,0.0,0,Steinkjer,SJN:Line:26,Trønderbanen,R70,rail,SJN:ServiceJourney:449_56078-R,True,planned,False,,,,,2026-09-07T20:27:16.249662+02:00
NSR:StopPlace:58935,Levanger stasjon,2026-09-07T21:02:00+02:00,2026-09-07T21:02:00+02:00,,0.0,0,Trondheim S,SJN:Line:71,Nordlandsbanen,F7,rail,SJN:ServiceJourney:472_46160-R,True,planned,False,,,,,2026-09-07T20:27:16.249662+02:00
NSR:StopPlace:58936,Skatval stasjon,2026-09-07T20:54:00+02:00,2026-09-07T20:54:00+02:00,,0.0,0,Melhus skysstasjon,SJN:Line:26,Trønderbanen,R70,rail,SJN:ServiceJourney:450-STK_56079-R,True,planned,False,,,,,2026-09-07T20:27:16.249662+02:00
NSR:StopPlace:58948,Stjørdal stasjon,2026-09-07T20:30:00+02:00,2026-09-07T20:30:00+02:00,,0.0,0,Trondheim,ATB:Line:2_311,Stjørdal - Trondheim,311,bus,ATB:ServiceJourney:311_260330055055736_80,True,planned,False,Endret tilbud ved Vikelvvegen,Sydgående avkjøringsrampe fra E6 ved Reppe er stengt frem til 21. september. Vikelvvegen og Ranheim fabrikker til sentrum blir ikke betjent av linje 311 i perioden. ,general,normal,2026-09-07T20:27:16.249662+02:00
NSR:StopPlace:58948,Stjørdal stasjon,2026-09-07T20:32:00+02:00,2026-09-07T20:32:00+02:00,,0.0,0,Husbyåsen via Terrassehusene,ATB:Line:2_92,92 StjørdalSt-HusbySnu.,92,bus,ATB:ServiceJourney:92_260219106441080_74,True,planned,False,,,,,2026-09-07T20:27:16.249662+02:00
NSR:StopPlace:58797,Mysen stasjon,2026-09-07T20:59:00+02:00,2026-09-07T20:59:00+02:00,,0.0,0,Rakkestad,VYG:Line:R22,Skøyen-Oslo S-Mysen-Rakkestad,R22,rail,VYG:ServiceJourney:1931_443485-R,True,planned,False,,,,,2026-09-07T20:27:16.249662+02:00
NSR:StopPlace:58797,Mysen stasjon,2026-09-07T21:00:00+02:00,2026-09-07T21:00:00+02:00,,0.0,0,Oslo S,VYG:Line:R22,Skøyen-Oslo S-Mysen-Rakkestad,R22,rail,VYG:ServiceJourney:1936_443490-R,True,planned,False,,,,,2026-09-07T20:27:16.249662+02:00
NSR:StopPlace:58798,Rakkestad stasjon,2026-09-07T20:45:00+02:00,2026-09-07T20:45:00+02:00,,0.0,0,Oslo S,VYG:Line:R22,Skøyen-Oslo S-Mysen-Rakkestad,R22,rail,VYG:ServiceJourney:1936_443490-R,True,planned,False,,,,,2026-09-07T20:27:16.249662+02:00
NSR:StopPlace:58799,Rygge stasjon,2026-09-07T17:48:00+02:00,2026-09-07T17:48:00+02:00,,0.0,0,Halmstad-Moss,OST:Line:1_200,Moss-Larkollen,200,bus,OST:ServiceJourney:200_260325121471118_14,True,planned,False,,,,,2026-09-07T20:27:16.249662+02:00
NSR:StopPlace:58799,Rygge stasjon,2026-09-07T20:53:00+02:00,2026-09-07T20:53:00+02:00,,0.0,0,Halden,VYG:Line:RE20,Oslo S-Halden-Göteborg (X-Border),RE20,rail,VYG:ServiceJourney:131_443132-R,True,planned,False,,,,,2026-09-07T20:27:16.249662+02:00
NSR:StopPlace:58799,Rygge stasjon,2026-09-07T21:04:00+02:00,2026-09-07T21:04:00+02:00,,0.0,0,Oslo S,VYG:Line:RE20,Oslo S-Halden-Göteborg (X-Border),RE20,rail,VYG:ServiceJourney:394-134_463487-R,True,planned,False,,,,,2026-09-07T20:27:16.249662+02:00
NSR:StopPlace:58790,Verdal stasjon,2026-09-07T20:46:00+02:00,2026-09-07T20:46:00+02:00,,0.0,0,Trondheim S,SJN:Line:71,Nordlandsbanen,F7,rail,SJN:ServiceJourney:472_46160-R,True,planned,False,,,,,2026-09-07T20:27:16.249662+02:00
NSR:StopPlace:58790,Verdal stasjon,2026-09-07T21:00:00+02:00,2026-09-07T21:00:00+02:00,,0.0,0,Steinkjer,SJN:Line:26,Trønderbanen,R70,rail,SJN:ServiceJourney:449_56078-R,True,planned,False,,,,,2026-09-07T20:27:16.249662+02:00
NSR:StopPlace:58793,Askim stasjon,2026-09-07T20:45:00+02:00,2026-09-07T20:45:00+02:00,,0.0,0,Rakkestad,VYG:Line:R22,Skøyen-Oslo S-Mysen-Rakkestad,R22,rail,VYG:ServiceJourney:1931_443485-R,True,planned,False,,,,,2026-09-07T20:27:16.249662+02:00
NSR:StopPlace:58793,Askim stasjon,2026-09-07T21:10:00+02:00,2026-09-07T21:10:00+02:00,,0.0,0,Oslo S,VYG:Line:R22,Skøyen-Oslo S-Mysen-Rakkestad,R22,rail,VYG:ServiceJourney:1936_443490-R,True,planned,False,,,,,2026-09-07T20:27:16.249662+02:00
NSR:StopPlace:58794,Fredrikstad stasjon,2026-09-07T20:44:00+02:00,2026-09-07T20:44:00+02:00,,0.0,0,Oslo S,VYG:Line:RE20,Oslo S-Halden-Göteborg (X-Border),RE20,rail,VYG:ServiceJourney:394-134_463487-R,True,planned,False,,,,,2026-09-07T20:27:16.249662+02:00
NSR:StopPlace:58794,Fredrikstad stasjon,2026-09-07T21:12:00+02:00,2026-09-07T21:12:00+02:00,,0.0,0,Halden,VYG:Line:RE20,Oslo S-Halden-Göteborg (X-Border),RE20,rail,VYG:ServiceJourney:131_443132-R,True,planned,False,,,,,2026-09-07T20:27:16.249662+02:00
NSR:StopPlace:58795,Kambo stasjon,2026-09-07T20:54:00+02:00,2026-09-07T20:54:00+02:00,,0.0,0,Vestby stasjon,RUT:Line:540,Moss - Son - Vestby stasjon,540,bus,RUT:ServiceJourney:27eb5c9b5326538e49e6222e1562a916,True,planned,False,,,,,2026-09-07T20:27:16.249662+02:00
NSR:StopPlace:58795,Kambo stasjon,2026-09-07T20:55:00+02:00,2026-09-07T20:55:00+02:00,,0.0,0,Moss,VYG:Line:R21,Stabekk-Oslo S-Moss,R21,rail,VYG:ServiceJourney:1161-HVK_443050-R,True,planned,False,,,,,2026-09-07T20:27:16.249662+02:00
NSR:StopPlace:58795,Kambo stasjon,2026-09-07T21:00:00+02:00,2026-09-07T21:00:00+02:00,,0.0,0,Stabekk,VYG:Line:R21,Stabekk-Oslo S-Moss,R21,rail,VYG:ServiceJourney:1168-MOS_443061-R,True,planned,False,,,,,2026-09-07T20:27:16.249662+02:00
NSR:StopPlace:58795,Kambo stasjon,2026-09-07T21:25:00+02:00,2026-09-07T21:25:00+02:00,,0.0,0,Moss,VYG:Line:R21,Stabekk-Oslo S-Moss,R21,rail,VYG:ServiceJourney:1163-HVK_443054-R,True,planned,False,,,,,2026-09-07T20:27:16.249662+02:00
NSR:StopPlace:58795,Kambo stasjon,2026-09-07T21:26:00+02:00,2026-09-07T21:26:00+02:00,,0.0,0,Moss,RUT:Line:540,Moss - Son - Vestby stasjon,540,bus,RUT:ServiceJourney:54a360c6e395bf869e7c0364926c4730,True,planned,False,,,,,2026-09-07T20:27:16.249662+02:00
NSR:StopPlace:58796,Moss stasjon,2026-09-07T17:52:00+02:00,2026-09-07T17:52:00+02:00,,0.0,0,Ekholt-Bredsand,OST:Line:1_204,Ekholt,204,bus,OST:ServiceJourney:204_260325121471160_39,True,planned,False,,,,,2026-09-07T20:27:16.249662+02:00
NSR:StopPlace:58796,Moss stasjon,2026-09-07T17:52:00+02:00,2026-09-07T17:52:00+02:00,,0.0,0,Moss sentrum,OST:Line:1_206,Krossern-Orkerød,206,bus,OST:ServiceJourney:206_260325121471198_40,True,planned,False,,,,,2026-09-07T20:27:16.249662+02:00
NSR:StopPlace:58830,Brakerøya stasjon,2026-09-07T17:51:00+02:00,2026-09-07T17:51:00+02:00,,0.0,0,Drammen,VYG:Line:R13,Drammen-Oslo S-Dal,R13,rail,VYG:ServiceJourney:1648_443317-R,True,planned,False,Innstilt Dal–Drammen | Ta neste tog,Toget er innstilt mellom Dal og Drammen. Dette skyldes at vi mangler personell. | Ta neste tog.,incident | incident,normal | normal,2026-09-07T20:27:16.249662+02:00
NSR:StopPlace:58830,Brakerøya stasjon,2026-09-07T20:38:00+02:00,2026-09-07T20:38:00+02:00,,0.0,0,Dal,VYG:Line:R13,Drammen-Oslo S-Dal,R13,rail,VYG:ServiceJourney:1665_443353-R,True,planned,False,,,,,2026-09-07T20:27:16.249662+02:00
NSR:StopPlace:58830,Brakerøya stasjon,2026-09-07T21:21:00+02:00,2026-09-07T21:21:00+02:00,,0.0,0,Drammen,VYG:Line:R13,Drammen-Oslo S-Dal,R13,rail,VYG:ServiceJourney:1662_443348-R,True,planned,False,,,,,2026-09-07T20:27:16.249662+02:00
NSR:StopPlace:58834,Hokksund stasjon,2026-09-07T20:57:00+02:00,2026-09-07T20:57:00+02:00,,0.0,0,Drammen via Mjøndalen,BRA:Line:4_6101,Drammen-Vikersund/Hønefoss,101,bus,BRA:ServiceJourney:6101_260415100161317_1062,True,planned,False,,,,,2026-09-07T20:27:16.249662+02:00
NSR:StopPlace:58834,Hokksund stasjon,2026-09-07T21:06:00+02:00,2026-09-07T21:06:00+02:00,,0.0,0,Vikersund,BRA:Line:4_6101,Drammen-Vikersund/Hønefoss,101,bus,BRA:ServiceJourney:6101_260415100161254_1055,True,planned,False,,,,,2026-09-07T20:27:16.249662+02:00
NSR:StopPlace:58834,Hokksund stasjon,2026-09-07T21:17:00+02:00,2026-09-07T21:17:00+02:00,,0.0,0,Ormåsen,BRA:Line:4_6117,Hokksund - Ormåsen,117,bus,BRA:ServiceJourney:6117_260622052303450_1031,True,planned,False,,,,,2026-09-07T20:27:16.249662+02:00
NSR:StopPlace:58834,Hokksund stasjon,2026-09-07T21:27:00+02:00,2026-09-07T21:27:00+02:00,,0.0,0,Drammen via Mjøndalen,BRA:Line:4_6101,Drammen-Vikersund/Hønefoss,101,bus,BRA:ServiceJourney:6101_260415100161286_1068,True,planned,False,,,,,2026-09-07T20:27:16.249662+02:00
NSR:StopPlace:58835,Lier stasjon,2026-09-07T17:47:00+02:00,2026-09-07T17:47:00+02:00,,0.0,0,Drammen,VYG:Line:R13,Drammen-Oslo S-Dal,R13,rail,VYG:ServiceJourney:1648_443317-R,True,planned,False,Innstilt Dal–Drammen | Ta neste tog,Toget er innstilt mellom Dal og Drammen. Dette skyldes at vi mangler personell. | Ta neste tog.,incident | incident,normal | normal,2026-09-07T20:27:16.249662+02:00
NSR:StopPlace:58835,Lier stasjon,2026-09-07T20:41:00+02:00,2026-09-07T20:41:00+02:00,,0.0,0,Dal,VYG:Line:R13,Drammen-Oslo S-Dal,R13,rail,VYG:ServiceJourney:1665_443353-R,True,planned,False,,,,,2026-09-07T20:27:16.249662+02:00
NSR:StopPlace:58835,Lier stasjon,2026-09-07T21:17:00+02:00,2026-09-07T21:17:00+02:00,,0.0,0,Drammen,VYG:Line:R13,Drammen-Oslo S-Dal,R13,rail,VYG:ServiceJourney:1662_443348-R,True,planned,False,,,,,2026-09-07T20:27:16.249662+02:00
NSR:StopPlace:58838,Røyken stasjon,2026-09-07T17:19:00+02:00,2026-09-07T17:19:00+02:00,,0.0,0,Lillestrøm,VYG:Line:L1,Spikkestad-Oslo S-Lillestrøm,L1,rail,VYG:ServiceJourney:2254_443676-R,True,planned,False,,,,,2026-09-07T20:27:16.249662+02:00
NSR:StopPlace:58838,Røyken stasjon,2026-09-07T19:49:00+02:00,2026-09-07T19:49:00+02:00,,0.0,0,Lillestrøm,VYG:Line:L1,Spikkestad-Oslo S-Lillestrøm,L1,rail,VYG:ServiceJourney:2264_445363-R,True,planned,False,,,,,2026-09-07T20:27:16.249662+02:00
NSR:StopPlace:58838,Røyken stasjon,2026-09-07T20:19:00+02:00,2026-09-07T20:19:00+02:00,,0.0,0,Lillestrøm,VYG:Line:L1,Spikkestad-Oslo S-Lillestrøm,L1,rail,VYG:ServiceJourney:2266_443696-R,True,planned,False,,,,,2026-09-07T20:27:16.249662+02:00
NSR:StopPlace:58838,Røyken stasjon,2026-09-07T20:45:00+02:00,2026-09-07T20:45:00+02:00,,0.0,0,Asker,RUT:Line:260,Hyggen - Bråset -Slemmestad (- Asker),260,bus,RUT:ServiceJourney:45633dfed536756d648d043ee03b508a,True,planned,False,,,,,2026-09-07T20:27:16.249662+02:00
NSR:StopPlace:58838,Røyken stasjon,2026-09-07T20:49:00+02:00,2026-09-07T20:49:00+02:00,,0.0,0,Lillestrøm,VYG:Line:L1,Spikkestad-Oslo S-Lillestrøm,L1,rail,VYG:ServiceJourney:2268_445367-R,True,planned,False,,,,,2026-09-07T20:27:16.249662+02:00
NSR:StopPlace:58838,Røyken stasjon,2026-09-07T21:03:00+02:00,2026-09-07T21:03:00+02:00,,0.0,0,Bråset,RUT:Line:260,Hyggen - Bråset -Slemmestad (- Asker),260,bus,RUT:ServiceJourney:3c2ff1d871b72eea86628217cfe22ef5,True,planned,False,,,,,2026-09-07T20:27:16.249662+02:00
NSR:StopPlace:58838,Røyken stasjon,2026-09-07T21:08:00+02:00,2026-09-07T21:08:00+02:00,,0.0,0,Sætre,RUT:Line:261,Drammen - Lahell - Røyken - Sætre,261,bus,RUT:ServiceJourney:a03ae064ceb7c88e19b1cd1bfd369d13,True,planned,False,Fra 17/8 går linje 61-63-71-73-251-261 og skolebusser fra holdeplass ved Skutebrygga ut av byen.Les mer på brakar.no/trafikkmeldinger.,,general,normal,2026-09-07T20:27:16.249662+02:00
NSR:StopPlace:58839,Steinberg stasjon,2026-09-07T20:54:00+02:00,2026-09-07T20:52:04+02:00,,0.0,0,Hokksund - Vikersund,BRA:Line:4_6101,Drammen-Vikersund/Hønefoss,101,bus,BRA:ServiceJourney:6101_260415100161254_1055,True,expected,False,,,,,2026-09-07T20:27:16.249662+02:00
NSR:StopPlace:58839,Steinberg stasjon,2026-09-07T21:05:00+02:00,2026-09-07T21:05:00+02:00,,0.0,0,Drammen via Mjøndalen,BRA:Line:4_6101,Drammen-Vikersund/Hønefoss,101,bus,BRA:ServiceJourney:6101_260415100161317_1062,True,planned,False,,,,,2026-09-07T20:27:16.249662+02:00
NSR:StopPlace:58839,Steinberg stasjon,2026-09-07T21:24:00+02:00,2026-09-07T21:21:38+02:00,,0.0,0,Hokksund,BRA:Line:4_6101,Drammen-Vikersund/Hønefoss,101,bus,BRA:ServiceJourney:6101_260415100161222_1057,True,expected,False,,,,,2026-09-07T20:27:16.249662+02:00
NSR:StopPlace:58842,Blaker stasjon,2026-09-07T20:36:00+02:00,2026-09-07T20:36:00+02:00,,0.0,0,Kongsvinger,VYG:Line:R14,Asker-Oslo S-Kongsvinger,R14,rail,VYG:ServiceJourney:1031_442942-R,True,planned,False,,,,,2026-09-07T20:27:16.249662+02:00
NSR:StopPlace:58843,Blommenholm stasjon,2026-09-07T20:44:00+02:00,2026-09-07T20:44:00+02:00,,0.0,0,Asker,VYG:Line:L1,Spikkestad-Oslo S-Lillestrøm,L1,rail,VYG:ServiceJourney:2161_443571-R,True,planned,False,,,,,2026-09-07T20:27:16.249662+02:00
NSR:StopPlace:58843,Blommenholm stasjon,2026-09-07T20:50:00+02:00,2026-09-07T20:50:00+02:00,,0.0,0,Lillestrøm,VYG:Line:L1,Spikkestad-Oslo S-Lillestrøm,L1,rail,VYG:ServiceJourney:2266_443696-R,True,planned,False,,,,,2026-09-07T20:27:16.249662+02:00
NSR:StopPlace:58843,Blommenholm stasjon,2026-09-07T20:58:00+02:00,2026-09-07T20:58:00+02:00,,0.0,0,Spikkestad,VYG:Line:L1,Spikkestad-Oslo S-Lillestrøm,L1,rail,VYG:ServiceJourney:2263_443691-R,True,planned,False,,,,,2026-09-07T20:27:16.249662+02:00
NSR:StopPlace:58843,Blommenholm stasjon,2026-09-07T21:04:00+02:00,2026-09-07T21:04:00+02:00,,0.0,0,Lillestrøm,VYG:Line:L1,Spikkestad-Oslo S-Lillestrøm,L1,rail,VYG:ServiceJourney:2166_443576-R,True,planned,False,,,,,2026-09-07T20:27:16.249662+02:00
NSR:StopPlace:58843,Blommenholm stasjon,2026-09-07T21:14:00+02:00,2026-09-07T21:14:00+02:00,,0.0,0,Asker,VYG:Line:L1,Spikkestad-Oslo S-Lillestrøm,L1,rail,VYG:ServiceJourney:2163_443573-R,True,planned,False,,,,,2026-09-07T20:27:16.249662+02:00
NSR:StopPlace:58843,Blommenholm stasjon,2026-09-07T21:20:00+02:00,2026-09-07T21:20:00+02:00,,0.0,0,Lillestrøm,VYG:Line:L1,Spikkestad-Oslo S-Lillestrøm,L1,rail,VYG:ServiceJourney:2268_445367-R,True,planned,False,,,,,2026-09-07T20:27:16.249662+02:00
NSR:StopPlace:58845,Eidsvoll verk stasjon,2026-09-07T20:30:00+02:00,2026-09-07T20:30:00+02:00,,0.0,0,Eidsvoll st.,RUT:Line:430,Eidsvoll - Jessheim,430,bus,RUT:ServiceJourney:382399778e33cc8b32928c403b7c7542,True,planned,False,,,,,2026-09-07T20:27:16.249662+02:00
NSR:StopPlace:58845,Eidsvoll verk stasjon,2026-09-07T20:31:00+02:00,2026-09-07T20:31:00+02:00,,0.0,0,Jessheim,RUT:Line:430,Eidsvoll - Jessheim,430,bus,RUT:ServiceJourney:8af56ab17233a0da1cf1e4b5c6a0831f,True,planned,False,,,,,2026-09-07T20:27:16.249662+02:00
NSR:StopPlace:58845,Eidsvoll verk stasjon,2026-09-07T20:35:00+02:00,2026-09-07T20:35:00+02:00,,0.0,0,Hurdal,RUT:Line:445,Hurdal - Eidsvoll verk,445,bus,RUT:ServiceJourney:f56c27c68fda809f30409bfc4ef28ebe,True,planned,False,,,,,2026-09-07T20:27:16.249662+02:00
NSR:StopPlace:58845,Eidsvoll verk stasjon,2026-09-07T20:55:00+02:00,2026-09-07T20:55:00+02:00,,0.0,0,Eidsvoll,VYG:Line:RE11,Eidsvoll-Oslo S-Skien,RE11,rail,VYG:ServiceJourney:830_444410-R,True,planned,False,,,,,2026-09-07T20:27:16.249662+02:00
NSR:StopPlace:58845,Eidsvoll verk stasjon,2026-09-07T21:00:00+02:00,2026-09-07T21:00:00+02:00,,0.0,0,Eidsvoll st.,RUT:Line:430,Eidsvoll - Jessheim,430,bus,RUT:ServiceJourney:b34c82059aa0999ce7b472266717c3af,True,planned,False,,,,,2026-09-07T20:27:16.249662+02:00
NSR:StopPlace:58847,Frogner stasjon,2026-09-07T20:34:00+02:00,2026-09-07T20:34:00+02:00,,0.0,0,Dal,VYG:Line:R13,Drammen-Oslo S-Dal,R13,rail,VYG:ServiceJourney:1661_443345-R,True,planned,False,,,,,2026-09-07T20:27:16.249662+02:00
NSR:StopPlace:58847,Frogner stasjon,2026-09-07T20:51:00+02:00,2026-09-07T20:51:00+02:00,,0.0,0,Drammen,VYG:Line:R13,Drammen-Oslo S-Dal,R13,rail,VYG:ServiceJourney:1664_481175-R,True,planned,False,,,,,2026-09-07T20:27:16.249662+02:00
NSR:StopPlace:58847,Frogner stasjon,2026-09-07T21:04:00+02:00,2026-09-07T21:04:00+02:00,,0.0,0,Dal,VYG:Line:R13,Drammen-Oslo S-Dal,R13,rail,VYG:ServiceJourney:1663_443349-R,True,planned,False,,,,,2026-09-07T20:27:16.249662+02:00
NSR:StopPlace:58847,Frogner stasjon,2026-09-07T21:13:00+02:00,2026-09-07T21:13:00+02:00,,0.0,0,Skedsmokorset,RUT:Line:365,Sørumsand - Frogner - Skedsmokorset,365,bus,RUT:ServiceJourney:8ac7e98257df65a3342c390e2a2480fa,True,planned,False,,,,,2026-09-07T20:27:16.249662+02:00
NSR:StopPlace:58848,Haga stasjon,2026-09-07T20:45:00+02:00,2026-09-07T20:45:00+02:00,,0.0,0,Kongsvinger,VYG:Line:R14,Asker-Oslo S-Kongsvinger,R14,rail,VYG:ServiceJourney:1031_442942-R,True,planned,False,,,,,2026-09-07T20:27:16.249662+02:00
NSR:StopPlace:58848,Haga stasjon,2026-09-07T20:54:00+02:00,2026-09-07T20:54:00+02:00,,0.0,0,Årnes,RUT:Line:455,Årnes -Rånåsfoss,455,bus,RUT:ServiceJourney:3f914ead6638c6eeeda938f965ff40ef,True,planned,False,,,,,2026-09-07T20:27:16.249662+02:00
NSR:StopPlace:58840,Vestfossen stasjon,2026-09-07T21:06:00+02:00,2026-09-07T21:06:00+02:00,,0.0,0,Kongsberg,VYG:Line:R12,Kongsberg-Oslo S-Eidsvoll,R12,rail,VYG:ServiceJourney:531_444339-R,True,planned,False,,,,,2026-09-07T20:27:16.249662+02:00
NSR:StopPlace:58852,Høn stasjon,2026-09-07T20:50:00+02:00,2026-09-07T20:50:00+02:00,,0.0,0,Lillestrøm,VYG:Line:L1,Spikkestad-Oslo S-Lillestrøm,L1,rail,VYG:ServiceJourney:2166_443576-R,True,planned,False,,,,,2026-09-07T20:27:16.249662+02:00
NSR:StopPlace:58852,Høn stasjon,2026-09-07T20:59:00+02:00,2026-09-07T20:59:00+02:00,,0.0,0,Asker,VYG:Line:L1,Spikkestad-Oslo S-Lillestrøm,L1,rail,VYG:ServiceJourney:2161_443571-R,True,planned,False,,,,,2026-09-07T20:27:16.249662+02:00
NSR:StopPlace:58852,Høn stasjon,2026-09-07T21:06:00+02:00,2026-09-07T21:06:00+02:00,,0.0,0,Lillestrøm,VYG:Line:L1,Spikkestad-Oslo S-Lillestrøm,L1,rail,VYG:ServiceJourney:2268_445367-R,True,planned,False,,,,,2026-09-07T20:27:16.249662+02:00
NSR:StopPlace:58852,Høn stasjon,2026-09-07T21:13:00+02:00,2026-09-07T21:13:00+02:00,,0.0,0,Spikkestad,VYG:Line:L1,Spikkestad-Oslo S-Lillestrøm,L1,rail,VYG:ServiceJourney:2263_443691-R,True,planned,False,,,,,2026-09-07T20:27:16.249662+02:00
NSR:StopPlace:58854,Langhus stasjon,2026-09-07T18:16:00+02:00,2026-09-07T18:16:00+02:00,,0.0,0,Ski,VYG:Line:L2,Stabekk-Oslo S-Ski,L2,rail,VYG:ServiceJourney:2751-HVK_443962-R,True,planned,False,Færre vogner,Denne avgangen kjører dessverre med 3 vogner i stedet for 6 vogner. Dette skyldes at vi mangler et togsett.,general,normal,2026-09-07T20:27:16.249662+02:00
NSR:StopPlace:58855,Leirsund stasjon,2026-09-07T20:55:00+02:00,2026-09-07T20:55:00+02:00,,0.0,0,Drammen,VYG:Line:R13,Drammen-Oslo S-Dal,R13,rail,VYG:ServiceJourney:1664_481175-R,True,planned,False,,,,,2026-09-07T20:27:16.249662+02:00
NSR:StopPlace:58855,Leirsund stasjon,2026-09-07T21:00:00+02:00,2026-09-07T21:00:00+02:00,,0.0,0,Dal,VYG:Line:R13,Drammen-Oslo S-Dal,R13,rail,VYG:ServiceJourney:1663_443349-R,True,planned,False,,,,,2026-09-07T20:27:16.249662+02:00
NSR:StopPlace:58856,Lysaker stasjon,2026-09-07T16:42:00+02:00,2026-09-07T16:42:00+02:00,,0.0,0,Kristiansand,FLI:Line:c9fe23e3-b373-426e-bed3-5d34f281e94f,Oslo - Kristiansand,FX651,coach,FLI:ServiceJourney:bcb045a0-f3fe-436e-99f1-cb608c2a9d5f,True,planned,False,,,,,2026-09-07T20:27:16.249662+02:00
NSR:StopPlace:58858,Nittedal stasjon,2026-09-07T18:04:00+02:00,2026-09-07T18:04:00+02:00,,0.0,0,Roa,VYG:Line:R31,Skøyen-Jaren-Gjøvik,R31,rail,VYG:ServiceJourney:BUS-227_655355-R,True,planned,False,,,,,2026-09-07T20:27:16.249662+02:00
NSR:StopPlace:58858,Nittedal stasjon,2026-09-07T18:14:00+02:00,2026-09-07T18:14:00+02:00,,0.0,0,Jaren,VYG:Line:R31,Skøyen-Jaren-Gjøvik,R31,rail,VYG:ServiceJourney:BUS-247_655582-R,True,planned,False,,,,,2026-09-07T20:27:16.249662+02:00
NSR:StopPlace:58858,Nittedal stasjon,2026-09-07T20:50:00+02:00,2026-09-07T20:50:00+02:00,,0.0,0,Lørenskog sentrum,RUT:Line:385,Nittedal stasjon - Olavsgaard - Ahus,385,bus,RUT:ServiceJourney:f623a5976f267b0e8f01eb9d9fa76352,True,planned,False,,,,,2026-09-07T20:27:16.249662+02:00
NSR:StopPlace:58859,Nordby stasjon,2026-09-07T20:53:00+02:00,2026-09-07T20:53:00+02:00,,0.0,0,Dal,VYG:Line:R13,Drammen-Oslo S-Dal,R13,rail,VYG:ServiceJourney:1661_443345-R,True,planned,False,,,,,2026-09-07T20:27:16.249662+02:00
NSR:StopPlace:58859,Nordby stasjon,2026-09-07T21:23:00+02:00,2026-09-07T21:23:00+02:00,,0.0,0,Dal,VYG:Line:R13,Drammen-Oslo S-Dal,R13,rail,VYG:ServiceJourney:1663_443349-R,True,planned,False,,,,,2026-09-07T20:27:16.249662+02:00
NSR:StopPlace:58850,Hauerseter stasjon,2026-09-07T21:00:00+02:00,2026-09-07T21:00:00+02:00,,0.0,0,Dal,VYG:Line:R13,Drammen-Oslo S-Dal,R13,rail,VYG:ServiceJourney:1661_443345-R,True,planned,False,,,,,2026-09-07T20:27:16.249662+02:00
NSR:StopPlace:58851,Heggedal stasjon,2026-09-07T20:29:00+02:00,2026-09-07T20:29:00+02:00,,0.0,0,Asker,RUT:Line:280,Asker - Dikemark - Heggedal,280,bus,RUT:ServiceJourney:ddaa087d2980d0f396dbcb5567f390cd,True,planned,False,,,,,2026-09-07T20:27:16.249662+02:00
NSR:StopPlace:58851,Heggedal stasjon,2026-09-07T20:29:00+02:00,2026-09-07T20:29:00+02:00,,0.0,0,Rustadgrenda,RUT:Line:286,Rustadgrenda-Heggedal,286,bus,RUT:ServiceJourney:0cf5fb2af65368468224b1ed8c3cc08e,True,planned,False,,,,,2026-09-07T20:27:16.249662+02:00
NSR:StopPlace:58851,Heggedal stasjon,2026-09-07T20:54:00+02:00,2026-09-07T20:54:00+02:00,,0.0,0,Lillestrøm,VYG:Line:L1,Spikkestad-Oslo S-Lillestrøm,L1,rail,VYG:ServiceJourney:2268_445367-R,True,planned,False,,,,,2026-09-07T20:27:16.249662+02:00
NSR:StopPlace:58851,Heggedal stasjon,2026-09-07T21:25:00+02:00,2026-09-07T21:25:00+02:00,,0.0,0,Spikkestad,VYG:Line:L1,Spikkestad-Oslo S-Lillestrøm,L1,rail,VYG:ServiceJourney:2263_443691-R,True,planned,False,,,,,2026-09-07T20:27:16.249662+02:00
NSR:StopPlace:58864,Sørumsand stasjon,2026-09-07T20:31:00+02:00,2026-09-07T20:31:00+02:00,,0.0,0,Kongsvinger,VYG:Line:R14,Asker-Oslo S-Kongsvinger,R14,rail,VYG:ServiceJourney:1031_442942-R,True,planned,False,,,,,2026-09-07T20:27:16.249662+02:00
NSR:StopPlace:58864,Sørumsand stasjon,2026-09-07T20:39:00+02:00,2026-09-07T20:39:00+02:00,,0.0,0,Orredalen,RUT:Line:366,Orredalen - Sørumsand,366,bus,RUT:ServiceJourney:97d65012b77e64c30759ea960c5b62c6,True,planned,False,,,,,2026-09-07T20:27:16.249662+02:00
NSR:StopPlace:58864,Sørumsand stasjon,2026-09-07T20:51:00+02:00,2026-09-07T20:51:00+02:00,,0.0,0,Skedsmokorset,RUT:Line:365,Sørumsand - Frogner - Skedsmokorset,365,bus,RUT:ServiceJourney:8ac7e98257df65a3342c390e2a2480fa,True,planned,False,,,,,2026-09-07T20:27:16.249662+02:00
NSR:StopPlace:58865,Vestby stasjon,2026-09-07T20:40:00+02:00,2026-09-07T20:40:00+02:00,,0.0,0,Stabekk,VYG:Line:R21,Stabekk-Oslo S-Moss,R21,rail,VYG:ServiceJourney:1166-MOS_443058-R,True,planned,False,,,,,2026-09-07T20:27:16.249662+02:00
NSR:StopPlace:58865,Vestby stasjon,2026-09-07T20:45:00+02:00,2026-09-07T20:45:00+02:00,,0.0,0,Moss,VYG:Line:R21,Stabekk-Oslo S-Moss,R21,rail,VYG:ServiceJourney:1161-HVK_443050-R,True,planned,False,,,,,2026-09-07T20:27:16.249662+02:00
NSR:StopPlace:58865,Vestby stasjon,2026-09-07T20:50:00+02:00,2026-09-07T20:50:00+02:00,,0.0,0,Randem,RUT:Line:533,Randem - Vestby stasjon,533,bus,RUT:ServiceJourney:8a7c9fb7bb7f0869ec1c17fa10c9c8bc,True,planned,False,,,,,2026-09-07T20:27:16.249662+02:00
NSR:StopPlace:58866,Vevelstad stasjon,2026-09-07T18:14:00+02:00,2026-09-07T18:14:00+02:00,,0.0,0,Ski,VYG:Line:L2,Stabekk-Oslo S-Ski,L2,rail,VYG:ServiceJourney:2751-HVK_443962-R,True,planned,False,Færre vogner,Denne avgangen kjører dessverre med 3 vogner i stedet for 6 vogner. Dette skyldes at vi mangler et togsett.,general,normal,2026-09-07T20:27:16.249662+02:00
NSR:StopPlace:58866,Vevelstad stasjon,2026-09-07T18:59:00+02:00,2026-09-07T18:59:00+02:00,,0.0,0,Ski,VYG:Line:L2,Stabekk-Oslo S-Ski,L2,rail,VYG:ServiceJourney:2853_444090-R,True,planned,False,,,,,2026-09-07T20:27:16.249662+02:00
NSR:StopPlace:58866,Vevelstad stasjon,2026-09-07T19:14:00+02:00,2026-09-07T19:14:00+02:00,,0.0,0,Ski,VYG:Line:L2,Stabekk-Oslo S-Ski,L2,rail,VYG:ServiceJourney:2755-HVK_443966-R,True,planned,False,,,,,2026-09-07T20:27:16.249662+02:00
NSR:StopPlace:58868,Årnes stasjon,2026-09-07T20:34:00+02:00,2026-09-07T20:34:00+02:00,,0.0,0,Oslo lufthavn,RUT:Line:450,Årnes - Oslo lufthavn,450,bus,RUT:ServiceJourney:1848af60e7b76784aad0a3710599dbf7,True,planned,False,,,,,2026-09-07T20:27:16.249662+02:00
NSR:StopPlace:58868,Årnes stasjon,2026-09-07T20:52:00+02:00,2026-09-07T20:52:00+02:00,,0.0,0,Kongsvinger,VYG:Line:R14,Asker-Oslo S-Kongsvinger,R14,rail,VYG:ServiceJourney:1031_442942-R,True,planned,False,,,,,2026-09-07T20:27:16.249662+02:00
NSR:StopPlace:58869,Ås stasjon,2026-09-07T20:40:00+02:00,2026-09-07T20:40:00+02:00,,0.0,0,Moss,VYG:Line:R21,Stabekk-Oslo S-Moss,R21,rail,VYG:ServiceJourney:1161-HVK_443050-R,True,planned,False,,,,,2026-09-07T20:27:16.249662+02:00
NSR:StopPlace:58869,Ås stasjon,2026-09-07T20:45:00+02:00,2026-09-07T20:45:00+02:00,,0.0,0,Stabekk,VYG:Line:R21,Stabekk-Oslo S-Moss,R21,rail,VYG:ServiceJourney:1166-MOS_443058-R,True,planned,False,,,,,2026-09-07T20:27:16.249662+02:00
NSR:StopPlace:58869,Ås stasjon,2026-09-07T21:10:00+02:00,2026-09-07T21:10:00+02:00,,0.0,0,Moss,VYG:Line:R21,Stabekk-Oslo S-Moss,R21,rail,VYG:ServiceJourney:1163-HVK_443054-R,True,planned,False,,,,,2026-09-07T20:27:16.249662+02:00
NSR:StopPlace:58869,Ås stasjon,2026-09-07T21:15:00+02:00,2026-09-07T21:15:00+02:00,,0.0,0,Stabekk,VYG:Line:R21,Stabekk-Oslo S-Moss,R21,rail,VYG:ServiceJourney:1168-MOS_443061-R,True,planned,False,,,,,2026-09-07T20:27:16.249662+02:00
NSR:StopPlace:58860,Oppegård stasjon,2026-09-07T18:12:00+02:00,2026-09-07T18:12:00+02:00,,0.0,0,Ski,VYG:Line:L2,Stabekk-Oslo S-Ski,L2,rail,VYG:ServiceJourney:2751-HVK_443962-R,True,planned,False,Færre vogner,Denne avgangen kjører dessverre med 3 vogner i stedet for 6 vogner. Dette skyldes at vi mangler et togsett.,general,normal,2026-09-07T20:27:16.249662+02:00
NSR:StopPlace:58860,Oppegård stasjon,2026-09-07T18:57:00+02:00,2026-09-07T18:57:00+02:00,,0.0,0,Ski,VYG:Line:L2,Stabekk-Oslo S-Ski,L2,rail,VYG:ServiceJourney:2853_444090-R,True,planned,False,,,,,2026-09-07T20:27:16.249662+02:00
NSR:StopPlace:58860,Oppegård stasjon,2026-09-07T19:12:00+02:00,2026-09-07T19:12:00+02:00,,0.0,0,Ski,VYG:Line:L2,Stabekk-Oslo S-Ski,L2,rail,VYG:ServiceJourney:2755-HVK_443966-R,True,planned,False,,,,,2026-09-07T20:27:16.249662+02:00
NSR:StopPlace:58860,Oppegård stasjon,2026-09-07T19:42:00+02:00,2026-09-07T19:42:00+02:00,,0.0,0,Ski,VYG:Line:L2,Stabekk-Oslo S-Ski,L2,rail,VYG:ServiceJourney:2757-HVK_443968-R,True,planned,False,,,,,2026-09-07T20:27:16.249662+02:00
NSR:StopPlace:58860,Oppegård stasjon,2026-09-07T19:57:00+02:00,2026-09-07T19:57:00+02:00,,0.0,0,Ski,VYG:Line:L2,Stabekk-Oslo S-Ski,L2,rail,VYG:ServiceJourney:2857_444097-R,True,planned,False,,,,,2026-09-07T20:27:16.249662+02:00
NSR:StopPlace:58860,Oppegård stasjon,2026-09-07T20:12:00+02:00,2026-09-07T20:12:00+02:00,,0.0,0,Ski,VYG:Line:L2,Stabekk-Oslo S-Ski,L2,rail,VYG:ServiceJourney:2759-HVK_443972-R,True,planned,False,,,,,2026-09-07T20:27:16.249662+02:00
NSR:StopPlace:58861,Solbråtan stasjon,2026-09-07T19:05:00+02:00,2026-09-07T19:05:00+02:00,,0.0,0,Ski,VYG:Line:L2,Stabekk-Oslo S-Ski,L2,rail,VYG:ServiceJourney:2755-HVK_443966-R,True,planned,False,,,,,2026-09-07T20:27:16.249662+02:00
NSR:StopPlace:58874,Stokke stasjon,2026-09-07T21:07:00+02:00,2026-09-07T21:07:00+02:00,,0.0,0,Skien,VYG:Line:RE11,Eidsvoll-Oslo S-Skien,RE11,rail,VYG:ServiceJourney:831_444411-R,True,planned,False,,,,,2026-09-07T20:27:16.249662+02:00
NSR:StopPlace:58875,Torp stasjon,2026-09-07T20:12:00+02:00,2026-09-07T20:12:00+02:00,,0.0,0,Skien,VYG:Line:RE11,Eidsvoll-Oslo S-Skien,RE11,rail,VYG:ServiceJourney:829_444409-R,True,planned,False,,,,,2026-09-07T20:27:16.249662+02:00
NSR:StopPlace:58875,Torp stasjon,2026-09-07T21:12:00+02:00,2026-09-07T21:12:00+02:00,,0.0,0,Skien,VYG:Line:RE11,Eidsvoll-Oslo S-Skien,RE11,rail,VYG:ServiceJourney:831_444411-R,True,planned,False,,,,,2026-09-07T20:27:16.249662+02:00
NSR:StopPlace:58876,Tønsberg stasjon,2026-09-07T17:11:00+02:00,2026-09-07T17:11:00+02:00,,0.0,0,Ekspress Larvik,VKT:Line:6,Ekspress Larvik-Tønsberg,6,bus,VKT:ServiceJourney:17778,True,planned,False,,,,,2026-09-07T20:27:16.249662+02:00
NSR:StopPlace:58876,Tønsberg stasjon,2026-09-07T17:57:00+02:00,2026-09-07T17:57:00+02:00,,0.0,0,Tønsberg-Åsgårdstrand,VKT:Line:1,Horten-Tønsberg-Sandefjord,1,bus,VKT:ServiceJourney:15651,True,planned,False,,,,,2026-09-07T20:27:16.249662+02:00
NSR:StopPlace:58876,Tønsberg stasjon,2026-09-07T19:06:00+02:00,2026-09-07T19:06:00+02:00,,0.0,0,Sandefjord-Framnes,VKT:Line:1,Horten-Tønsberg-Sandefjord,1,bus,VKT:ServiceJourney:15587,True,planned,False,,,,,2026-09-07T20:27:16.249662+02:00
NSR:StopPlace:58877,Bø stasjon,2026-09-07T19:12:00+02:00,2026-09-07T19:12:00+02:00,,0.0,0,Seljord,TEL:Line:8181,Seljord-Bø-Skien,R1,bus,TEL:ServiceJourney:127100,True,planned,False,,,,,2026-09-07T20:27:16.249662+02:00
NSR:StopPlace:58877,Bø stasjon,2026-09-07T19:32:00+02:00,2026-09-07T19:32:00+02:00,,0.0,0,Skien stasjon,TEL:Line:8181,Seljord-Bø-Skien,R1,bus,TEL:ServiceJourney:127064,True,planned,False,,,,,2026-09-07T20:27:16.249662+02:00
NSR:StopPlace:58877,Bø stasjon,2026-09-07T20:42:00+02:00,2026-09-07T20:42:00+02:00,,0.0,0,Skien stasjon,TEL:Line:8181,Seljord-Bø-Skien,R1,bus,TEL:ServiceJourney:127065,True,planned,False,,,,,2026-09-07T20:27:16.249662+02:00
NSR:StopPlace:58871,Sande stasjon,2026-09-07T18:22:00+02:00,2026-09-07T18:22:00+02:00,,0.0,0,Skoger-Drammen,VKT:Line:10,Drammen-Skoger-Sande,10,bus,VKT:ServiceJourney:104215,True,planned,False,,,,,2026-09-07T20:27:16.249662+02:00
NSR:StopPlace:58871,Sande stasjon,2026-09-07T19:22:00+02:00,2026-09-07T19:22:00+02:00,,0.0,0,Skoger-Drammen,VKT:Line:10,Drammen-Skoger-Sande,10,bus,VKT:ServiceJourney:104216,True,planned,False,,,,,2026-09-07T20:27:16.249662+02:00
NSR:StopPlace:58871,Sande stasjon,2026-09-07T20:22:00+02:00,2026-09-07T20:22:00+02:00,,0.0,0,Skoger-Drammen,VKT:Line:10,Drammen-Skoger-Sande,10,bus,VKT:ServiceJourney:104217,True,planned,False,,,,,2026-09-07T20:27:16.249662+02:00
NSR:StopPlace:58871,Sande stasjon,2026-09-07T20:40:00+02:00,2026-09-07T20:40:00+02:00,,0.0,0,Skafjell-Selvik skole,VKT:Line:10,Drammen-Skoger-Sande,10,bus,VKT:ServiceJourney:104166,True,planned,False,,,,,2026-09-07T20:27:16.249662+02:00
NSR:StopPlace:58872,Sandefjord stasjon,2026-09-07T21:18:00+02:00,2026-09-07T21:18:00+02:00,,0.0,0,Skien,VYG:Line:RE11,Eidsvoll-Oslo S-Skien,RE11,rail,VYG:ServiceJourney:831_444411-R,True,planned,False,,,,,2026-09-07T20:27:16.249662+02:00
NSR:StopPlace:58885,Trykkerud stasjon,2026-09-07T20:16:00+02:00,2026-09-07T20:16:00+02:00,,0.0,0,Skien,VYG:Line:R55,Porsgrunn-Notodden,R55,rail,VYG:ServiceJourney:2489_443758-R,True,planned,False,,,,,2026-09-07T20:27:16.249662+02:00
NSR:StopPlace:58886,Arendal stasjon,2026-09-07T19:47:00+02:00,2026-09-07T19:47:00+02:00,,0.0,0,Tromøy Vest,AKT:Line:103,Tromøy Vest-Arendal-Hisøy,103,bus,AKT:ServiceJourney:83644_222_29_142200_143520_3911034,True,planned,False,,,,,2026-09-07T20:27:16.249662+02:00
NSR:StopPlace:58886,Arendal stasjon,2026-09-07T20:17:00+02:00,2026-09-07T20:17:00+02:00,,0.0,0,Eydehavn,AKT:Line:101,Eydehavn-Arendal-Grimstad N/S,101,bus,AKT:ServiceJourney:71894_472_87_139560_144060_40001426,True,planned,False,,,,,2026-09-07T20:27:16.249662+02:00
NSR:StopPlace:58886,Arendal stasjon,2026-09-07T20:27:00+02:00,2026-09-07T20:27:00+02:00,,0.0,0,Solåsen,AKT:Line:111,Sykehuset-Arendal-Solåsen,111,bus,AKT:ServiceJourney:73609_291_23_147000_148200_40001009,True,planned,False,,,,,2026-09-07T20:27:16.249662+02:00
NSR:StopPlace:58886,Arendal stasjon,2026-09-07T20:37:00+02:00,2026-09-07T20:37:00+02:00,,0.0,0,Arendal sentrum,AKT:Line:103,Tromøy Vest-Arendal-Hisøy,103,bus,AKT:ServiceJourney:72214_201_27_146640_147900_40001471,True,planned,False,,,,,2026-09-07T20:27:16.249662+02:00
NSR:StopPlace:58886,Arendal stasjon,2026-09-07T20:40:00+02:00,2026-09-07T20:40:00+02:00,,0.0,0,Arendal sentrum,AKT:Line:111,Sykehuset-Arendal-Solåsen,111,bus,AKT:ServiceJourney:73609_291_23_147000_148200_40001009,True,planned,False,,,,,2026-09-07T20:27:16.249662+02:00
NSR:StopPlace:58886,Arendal stasjon,2026-09-07T20:47:00+02:00,2026-09-07T20:47:00+02:00,,0.0,0,Tromøy Øst via Tromøy kirkevei,AKT:Line:102,Tromøy Øst-Arendal-Rykene,102,bus,AKT:ServiceJourney:72083_212_66_146160_149220_40000975,True,planned,False,,,,,2026-09-07T20:27:16.249662+02:00
NSR:StopPlace:58886,Arendal stasjon,2026-09-07T20:57:00+02:00,2026-09-07T20:57:00+02:00,,0.0,0,Solåsen,AKT:Line:111,Sykehuset-Arendal-Solåsen,111,bus,AKT:ServiceJourney:73610_301_23_150600_151800_40001009,True,planned,False,,,,,2026-09-07T20:27:16.249662+02:00
NSR:StopPlace:58884,Skien stasjon,2026-09-07T18:00:00+02:00,2026-09-07T18:00:00+02:00,,0.0,0,Seljord,TEL:Line:8181,Seljord-Bø-Skien,R1,bus,TEL:ServiceJourney:127100,True,planned,False,,,,,2026-09-07T20:27:16.249662+02:00
NSR:StopPlace:58884,Skien stasjon,2026-09-07T20:16:00+02:00,2026-09-07T20:16:00+02:00,,0.0,0,Skjelsvik via Klyve-Kongerød,TEL:Line:8043,Skien-Klyve-Skjelsvik,M3,bus,TEL:ServiceJourney:127203,True,planned,False,,,,,2026-09-07T20:27:16.249662+02:00
NSR:StopPlace:58884,Skien stasjon,2026-09-07T20:58:00+02:00,2026-09-07T20:58:00+02:00,,0.0,0,Åfoss via Skien sentrum,TEL:Line:8047,Siljan-Skien-Åfoss,P7,bus,TEL:ServiceJourney:127397,True,planned,False,,,,,2026-09-07T20:27:16.249662+02:00
NSR:StopPlace:58893,Grovane stasjon,2026-09-07T19:37:00+02:00,2026-09-07T19:37:00+02:00,,0.0,0,Kristiansand,AKT:Line:31,Kvadraturen - Sødal - Vennesla,31,bus,AKT:ServiceJourney:79696_262_44_141240_143460_3950001,True,planned,False,,,,,2026-09-07T20:27:16.249662+02:00
NSR:StopPlace:58893,Grovane stasjon,2026-09-07T20:11:00+02:00,2026-09-07T20:11:00+02:00,,0.0,0,Kristiansand via Moseidmoen - Mosby,AKT:Line:30,Kvadraturen - Mosby - Vennesl,30,bus,AKT:ServiceJourney:79464_252_48_145320_147780_40001545,True,planned,False,,,,,2026-09-07T20:27:16.249662+02:00
NSR:StopPlace:58893,Grovane stasjon,2026-09-07T20:41:00+02:00,2026-09-07T20:41:00+02:00,,0.0,0,Kristiansand,AKT:Line:31,Kvadraturen - Sødal - Vennesla,31,bus,AKT:ServiceJourney:79697_272_44_148920_151020_3950001,True,planned,False,,,,,2026-09-07T20:27:16.249662+02:00
NSR:StopPlace:58893,Grovane stasjon,2026-09-07T21:11:00+02:00,2026-09-07T21:11:00+02:00,,0.0,0,Kristiansand via Moseidmoen - Mosby,AKT:Line:30,Kvadraturen - Mosby - Vennesl,30,bus,AKT:ServiceJourney:79465_262_48_152520_154980_40001545,True,planned,False,,,,,2026-09-07T20:27:16.249662+02:00
NSR:StopPlace:58800,Råde stasjon,2026-09-07T20:58:00+02:00,2026-09-07T20:58:00+02:00,,0.0,0,Oslo S,VYG:Line:RE20,Oslo S-Halden-Göteborg (X-Border),RE20,rail,VYG:ServiceJourney:394-134_463487-R,True,planned,False,,,,,2026-09-07T20:27:16.249662+02:00
NSR:StopPlace:58800,Råde stasjon,2026-09-07T20:59:00+02:00,2026-09-07T20:59:00+02:00,,0.0,0,Halden,VYG:Line:RE20,Oslo S-Halden-Göteborg (X-Border),RE20,rail,VYG:ServiceJourney:131_443132-R,True,planned,False,,,,,2026-09-07T20:27:16.249662+02:00
NSR:StopPlace:58801,Sarpsborg stasjon,2026-09-07T20:31:00+02:00,2026-09-07T20:31:00+02:00,,0.0,0,Oslo S,VYG:Line:RE20,Oslo S-Halden-Göteborg (X-Border),RE20,rail,VYG:ServiceJourney:394-134_463487-R,True,planned,False,,,,,2026-09-07T20:27:16.249662+02:00
NSR:StopPlace:58801,Sarpsborg stasjon,2026-09-07T20:34:00+02:00,2026-09-07T20:34:00+02:00,,0.0,0,Opsund,OST:Line:1_134,Sarpsborg - Opsund,134,bus,OST:ServiceJourney:134_260325121470889_10,True,planned,False,,,,,2026-09-07T20:27:16.249662+02:00
NSR:StopPlace:58801,Sarpsborg stasjon,2026-09-07T20:43:00+02:00,2026-09-07T20:43:00+02:00,,0.0,0,Opsund,OST:Line:1_134,Sarpsborg - Opsund,134,bus,OST:ServiceJourney:134_260325121470889_10,True,planned,False,,,,,2026-09-07T20:27:16.249662+02:00
NSR:StopPlace:58801,Sarpsborg stasjon,2026-09-07T21:27:00+02:00,2026-09-07T21:27:00+02:00,,0.0,0,Halden,VYG:Line:RE20,Oslo S-Halden-Göteborg (X-Border),RE20,rail,VYG:ServiceJourney:131_443132-R,True,planned,False,,,,,2026-09-07T20:27:16.249662+02:00
NSR:StopPlace:58802,Spydeberg stasjon,2026-09-07T20:36:00+02:00,2026-09-07T20:36:00+02:00,,0.0,0,Rakkestad,VYG:Line:R22,Skøyen-Oslo S-Mysen-Rakkestad,R22,rail,VYG:ServiceJourney:1931_443485-R,True,planned,False,,,,,2026-09-07T20:27:16.249662+02:00
NSR:StopPlace:58802,Spydeberg stasjon,2026-09-07T21:20:00+02:00,2026-09-07T21:20:00+02:00,,0.0,0,Oslo S,VYG:Line:R22,Skøyen-Oslo S-Mysen-Rakkestad,R22,rail,VYG:ServiceJourney:1936_443490-R,True,planned,False,,,,,2026-09-07T20:27:16.249662+02:00
NSR:StopPlace:58803,Tomter stasjon,2026-09-07T20:28:00+02:00,2026-09-07T20:28:00+02:00,,0.0,0,Oslo S,VYG:Line:R22,Skøyen-Oslo S-Mysen-Rakkestad,R22,rail,VYG:ServiceJourney:1934_443488-R,True,planned,False,,,,,2026-09-07T20:27:16.249662+02:00
NSR:StopPlace:58804,Alvdal stasjon,2026-09-07T20:45:00+02:00,2026-09-07T20:45:00+02:00,,0.0,0,Røros,SJN:Line:25,Rørosbanen,R60,rail,SJN:ServiceJourney:2391_54213-R,True,planned,False,,,,,2026-09-07T20:27:16.249662+02:00
NSR:StopPlace:58806,Evenstad stasjon,2026-09-07T17:24:00+02:00,2026-09-07T17:24:00+02:00,,0.0,0,Trondheim S,SJN:Line:25,Rørosbanen,R60,rail,SJN:ServiceJourney:2389_47883-R,True,planned,False,,,,,2026-09-07T20:27:16.249662+02:00
NSR:StopPlace:58806,Evenstad stasjon,2026-09-07T19:30:00+02:00,2026-09-07T19:30:00+02:00,,0.0,0,Røros,SJN:Line:25,Rørosbanen,R60,rail,SJN:ServiceJourney:2391_54213-R,True,planned,False,,,,,2026-09-07T20:27:16.249662+02:00
NSR:StopPlace:58808,Kongsvinger stasjon,2026-09-07T20:28:00+02:00,2026-09-07T20:28:00+02:00,,0.0,0,Sykehuset - Bogeråsen,INN:Line:81,Bogeråsen - Rasta,B81,bus,INN:ServiceJourney:54326,True,planned,False,,,,,2026-09-07T20:27:16.249662+02:00
NSR:StopPlace:58808,Kongsvinger stasjon,2026-09-07T20:29:00+02:00,2026-09-07T20:29:00+02:00,,0.0,0,Marikollen,INN:Line:82,Skriverskogen - Marikollen,B82,bus,INN:ServiceJourney:54358,True,planned,False,,,,,2026-09-07T20:27:16.249662+02:00
NSR:StopPlace:58808,Kongsvinger stasjon,2026-09-07T20:35:00+02:00,2026-09-07T20:35:00+02:00,,0.0,0,Magnor,INN:Line:120,Kongsvinger - Charlottenberg,120,bus,INN:ServiceJourney:54591,True,planned,False,,,,,2026-09-07T20:27:16.249662+02:00
NSR:StopPlace:58808,Kongsvinger stasjon,2026-09-07T20:39:00+02:00,2026-09-07T20:39:00+02:00,,0.0,0,Flisa,INN:Line:105,Kongsvinger - Elverum - Hamar,105,bus,INN:ServiceJourney:83665,True,planned,False,,,,,2026-09-07T20:27:16.249662+02:00
NSR:StopPlace:58808,Kongsvinger stasjon,2026-09-07T20:58:00+02:00,2026-09-07T20:58:00+02:00,,0.0,0,Skriverskogen,INN:Line:82,Skriverskogen - Marikollen,B82,bus,INN:ServiceJourney:54358,True,planned,False,,,,,2026-09-07T20:27:16.249662+02:00
NSR:StopPlace:58808,Kongsvinger stasjon,2026-09-07T20:58:00+02:00,2026-09-07T20:58:00+02:00,,0.0,0,Sykehuset - Bogeråsen,INN:Line:81,Bogeråsen - Rasta,B81,bus,INN:ServiceJourney:54327,True,planned,False,,,,,2026-09-07T20:27:16.249662+02:00
NSR:StopPlace:58811,Moelv stasjon,2026-09-07T20:32:00+02:00,2026-09-07T20:32:00+02:00,,0.0,0,Gjøvik,INN:Line:100,Hamar - Gjøvik,100,bus,INN:ServiceJourney:83468,True,planned,False,,,,,2026-09-07T20:27:16.249662+02:00
NSR:StopPlace:58813,Skarnes stasjon,2026-09-07T21:08:00+02:00,2026-09-07T21:08:00+02:00,,0.0,0,Kongsvinger,VYG:Line:R14,Asker-Oslo S-Kongsvinger,R14,rail,VYG:ServiceJourney:1031_442942-R,True,planned,False,Heis på Skarnes ute av drift,Heisen på Skarnes til spor 2 er ute av drift.,general,normal,2026-09-07T20:27:16.249662+02:00
NSR:StopPlace:58814,Tolga stasjon,2026-09-07T21:20:00+02:00,2026-09-07T21:20:00+02:00,,0.0,0,Røros,SJN:Line:25,Rørosbanen,R60,rail,SJN:ServiceJourney:2391_54213-R,True,planned,False,,,,,2026-09-07T20:27:16.249662+02:00
NSR:StopPlace:58815,Bleiken stasjon,2026-09-07T21:11:00+02:00,2026-09-07T21:11:00+02:00,,0.0,0,Roa,VYG:Line:R31,Skøyen-Jaren-Gjøvik,R31,rail,VYG:ServiceJourney:234-GJOe_648918-R,True,planned,False,,,,,2026-09-07T20:27:16.249662+02:00
NSR:StopPlace:58817,Eina stasjon,2026-09-07T20:56:00+02:00,2026-09-07T20:56:00+02:00,,0.0,0,Roa,VYG:Line:R31,Skøyen-Jaren-Gjøvik,R31,rail,VYG:ServiceJourney:234-GJOe_648918-R,True,planned,False,,,,,2026-09-07T20:27:16.249662+02:00
NSR:StopPlace:58818,Gran stasjon,2026-09-07T21:15:00+02:00,2026-09-07T21:15:00+02:00,,0.0,0,Gjøvik,VYG:Line:R31,Skøyen-Jaren-Gjøvik,R31,rail,VYG:ServiceJourney:231-ROA_589356-R,True,planned,False,,,,,2026-09-07T20:27:16.249662+02:00
NSR:StopPlace:58818,Gran stasjon,2026-09-07T21:25:00+02:00,2026-09-07T21:25:00+02:00,,0.0,0,Roa,VYG:Line:R31,Skøyen-Jaren-Gjøvik,R31,rail,VYG:ServiceJourney:234-GJOe_648918-R,True,planned,False,,,,,2026-09-07T20:27:16.249662+02:00
NSR:StopPlace:58823,Jaren stasjon,2026-09-07T21:20:00+02:00,2026-09-07T21:20:00+02:00,,0.0,0,Roa,VYG:Line:R31,Skøyen-Jaren-Gjøvik,R31,rail,VYG:ServiceJourney:234-GJOe_648918-R,True,planned,False,,,,,2026-09-07T20:27:16.249662+02:00
NSR:StopPlace:58823,Jaren stasjon,2026-09-07T21:21:00+02:00,2026-09-07T21:21:00+02:00,,0.0,0,Gjøvik,VYG:Line:R31,Skøyen-Jaren-Gjøvik,R31,rail,VYG:ServiceJourney:231-ROA_589356-R,True,planned,False,,,,,2026-09-07T20:27:16.249662+02:00
NSR:StopPlace:58824,Lunner stasjon,2026-09-07T21:09:00+02:00,2026-09-07T21:09:00+02:00,,0.0,0,Gjøvik,VYG:Line:R31,Skøyen-Jaren-Gjøvik,R31,rail,VYG:ServiceJourney:231-ROA_589356-R,True,planned,False,,,,,2026-09-07T20:27:16.249662+02:00
NSR:StopPlace:58825,Raufoss stasjon,2026-09-07T20:45:00+02:00,2026-09-07T20:45:00+02:00,,0.0,0,Roa,VYG:Line:R31,Skøyen-Jaren-Gjøvik,R31,rail,VYG:ServiceJourney:234-GJOe_648918-R,True,planned,False,,,,,2026-09-07T20:27:16.249662+02:00
NSR:StopPlace:58826,Reinsvoll stasjon,2026-09-07T20:50:00+02:00,2026-09-07T20:50:00+02:00,,0.0,0,Roa,VYG:Line:R31,Skøyen-Jaren-Gjøvik,R31,rail,VYG:ServiceJourney:234-GJOe_648918-R,True,planned,False,,,,,2026-09-07T20:27:16.249662+02:00
NSR:StopPlace:58827,Stai stasjon,2026-09-07T17:32:00+02:00,2026-09-07T17:32:00+02:00,,0.0,0,Trondheim S,SJN:Line:25,Rørosbanen,R60,rail,SJN:ServiceJourney:2389_47883-R,True,planned,False,,,,,2026-09-07T20:27:16.249662+02:00
NSR:StopPlace:58827,Stai stasjon,2026-09-07T19:38:00+02:00,2026-09-07T19:38:00+02:00,,0.0,0,Røros,SJN:Line:25,Rørosbanen,R60,rail,SJN:ServiceJourney:2391_54213-R,True,planned,False,,,,,2026-09-07T20:27:16.249662+02:00
NSR:StopPlace:58828,Roa stasjon,2026-09-07T21:05:00+02:00,2026-09-07T21:05:00+02:00,,0.0,0,Gjøvik,VYG:Line:R31,Skøyen-Jaren-Gjøvik,R31,rail,VYG:ServiceJourney:231-ROA_589356-R,True,planned,False,,,,,2026-09-07T20:27:16.249662+02:00
NSR:StopPlace:63079,Skeiane stasjon,2026-09-07T20:42:00+02:00,2026-09-07T20:42:00+02:00,,0.0,0,Nærbø,GOA:Line:59,Jærbanen,L5,rail,GOA:ServiceJourney:3066_63125-R,True,planned,False,,,,,2026-09-07T20:27:16.249662+02:00
NSR:StopPlace:58211,Oslo lufthavn,2026-09-07T16:40:00+02:00,2026-09-07T16:36:48+02:00,,0.0,0,Oslo,AVI:Line:WF_OSL-OSL,Oslo-Oslo,,air,AVI:ServiceJourney:WF148-01-93389567,True,expected,False,,,,,2026-09-07T20:27:16.249662+02:00
NSR:StopPlace:101,Sagdalen stasjon,2026-09-07T20:43:00+02:00,2026-09-07T20:43:00+02:00,,0.0,0,Spikkestad,VYG:Line:L1,Spikkestad-Oslo S-Lillestrøm,L1,rail,VYG:ServiceJourney:2265_443694-R,True,planned,False,,,,,2026-09-07T20:27:16.249662+02:00
NSR:StopPlace:101,Sagdalen stasjon,2026-09-07T20:52:00+02:00,2026-09-07T20:52:00+02:00,,0.0,0,Lillestrøm,VYG:Line:L1,Spikkestad-Oslo S-Lillestrøm,L1,rail,VYG:ServiceJourney:2162_443572-R,True,planned,False,,,,,2026-09-07T20:27:16.249662+02:00
NSR:StopPlace:101,Sagdalen stasjon,2026-09-07T20:58:00+02:00,2026-09-07T20:58:00+02:00,,0.0,0,Asker,VYG:Line:L1,Spikkestad-Oslo S-Lillestrøm,L1,rail,VYG:ServiceJourney:2165_443575-R,True,planned,False,,,,,2026-09-07T20:27:16.249662+02:00
NSR:StopPlace:101,Sagdalen stasjon,2026-09-07T21:07:00+02:00,2026-09-07T21:07:00+02:00,,0.0,0,Lillestrøm,VYG:Line:L1,Spikkestad-Oslo S-Lillestrøm,L1,rail,VYG:ServiceJourney:2264_445363-R,True,planned,False,,,,,2026-09-07T20:27:16.249662+02:00
NSR:StopPlace:101,Sagdalen stasjon,2026-09-07T21:22:00+02:00,2026-09-07T21:22:00+02:00,,0.0,0,Lillestrøm,VYG:Line:L1,Spikkestad-Oslo S-Lillestrøm,L1,rail,VYG:ServiceJourney:2164_443574-R,True,planned,False,,,,,2026-09-07T20:27:16.249662+02:00
NSR:StopPlace:144,Skansen stasjon,2026-09-07T20:48:00+02:00,2026-09-07T20:48:00+02:00,,0.0,0,Lundamo,SJN:Line:26,Trønderbanen,R70,rail,SJN:ServiceJourney:448_56077-R,True,planned,False,,,,,2026-09-07T20:27:16.249662+02:00
NSR:StopPlace:393,Leangen stasjon,2026-09-07T20:37:00+02:00,2026-09-07T20:37:00+02:00,,0.0,0,Lundamo,SJN:Line:26,Trønderbanen,R70,rail,SJN:ServiceJourney:448_56077-R,True,planned,False,,,,,2026-09-07T20:27:16.249662+02:00
NSR:StopPlace:398,Arna stasjon,2026-09-07T20:42:00+02:00,2026-09-07T20:42:00+02:00,,0.0,0,Bergen,VYG:Line:L4,Bergen-Arna,L4,rail,VYG:ServiceJourney:2663_443878-R,True,planned,False,,,,,2026-09-07T20:27:16.249662+02:00
NSR:StopPlace:398,Arna stasjon,2026-09-07T20:47:00+02:00,2026-09-07T20:47:00+02:00,,0.0,0,Voss,VYG:Line:R40,Bergen-Voss-Myrdal-Ål,R40,rail,VYG:ServiceJourney:1832_445145-R,True,planned,False,,,,,2026-09-07T20:27:16.249662+02:00
NSR:StopPlace:398,Arna stasjon,2026-09-07T21:07:00+02:00,2026-09-07T21:07:00+02:00,,0.0,0,Bergen,VYG:Line:R40,Bergen-Voss-Myrdal-Ål,R40,rail,VYG:ServiceJourney:1835_477934-R,True,planned,False,,,,,2026-09-07T20:27:16.249662+02:00
NSR:StopPlace:398,Arna stasjon,2026-09-07T21:12:00+02:00,2026-09-07T21:12:00+02:00,,0.0,0,Bergen,VYG:Line:L4,Bergen-Arna,L4,rail,VYG:ServiceJourney:2665_443880-R,True,planned,False,,,,,2026-09-07T20:27:16.249662+02:00
NSR:StopPlace:311,Gjerdåker stasjon,2026-09-07T16:47:00+02:00,2026-09-07T16:47:00+02:00,,0.0,0,Bergen,VYG:Line:R40,Bergen-Voss-Myrdal-Ål,R40,rail,VYG:ServiceJourney:1829_445142-R,True,planned,False,Forsinket,Toget kjørte 3 minutter forsinket fra Myrdal. Dette skyldes at andre tog på strekningen er forsinket.,incident,normal,2026-09-07T20:27:16.249662+02:00
NSR:StopPlace:311,Gjerdåker stasjon,2026-09-07T19:40:00+02:00,2026-09-07T19:40:00+02:00,,0.0,0,Bergen,VYG:Line:R40,Bergen-Voss-Myrdal-Ål,R40,rail,VYG:ServiceJourney:1835_477934-R,True,planned,False,,,,,2026-09-07T20:27:16.249662+02:00
NSR:StopPlace:313,Høybråten stasjon,2026-09-07T20:38:00+02:00,2026-09-07T20:38:00+02:00,,0.0,0,Asker,VYG:Line:L1,Spikkestad-Oslo S-Lillestrøm,L1,rail,VYG:ServiceJourney:2163_443573-R,True,planned,False,,,,,2026-09-07T20:27:16.249662+02:00
NSR:StopPlace:313,Høybråten stasjon,2026-09-07T20:42:00+02:00,2026-09-07T20:42:00+02:00,,0.0,0,Lillestrøm,VYG:Line:L1,Spikkestad-Oslo S-Lillestrøm,L1,rail,VYG:ServiceJourney:2162_443572-R,True,planned,False,,,,,2026-09-07T20:27:16.249662+02:00
NSR:StopPlace:313,Høybråten stasjon,2026-09-07T20:53:00+02:00,2026-09-07T20:53:00+02:00,,0.0,0,Spikkestad,VYG:Line:L1,Spikkestad-Oslo S-Lillestrøm,L1,rail,VYG:ServiceJourney:2265_443694-R,True,planned,False,,,,,2026-09-07T20:27:16.249662+02:00
NSR:StopPlace:313,Høybråten stasjon,2026-09-07T20:57:00+02:00,2026-09-07T20:57:00+02:00,,0.0,0,Lillestrøm,VYG:Line:L1,Spikkestad-Oslo S-Lillestrøm,L1,rail,VYG:ServiceJourney:2264_445363-R,True,planned,False,,,,,2026-09-07T20:27:16.249662+02:00
NSR:StopPlace:313,Høybråten stasjon,2026-09-07T21:08:00+02:00,2026-09-07T21:08:00+02:00,,0.0,0,Asker,VYG:Line:L1,Spikkestad-Oslo S-Lillestrøm,L1,rail,VYG:ServiceJourney:2165_443575-R,True,planned,False,,,,,2026-09-07T20:27:16.249662+02:00
NSR:StopPlace:313,Høybråten stasjon,2026-09-07T21:12:00+02:00,2026-09-07T21:12:00+02:00,,0.0,0,Lillestrøm,VYG:Line:L1,Spikkestad-Oslo S-Lillestrøm,L1,rail,VYG:ServiceJourney:2164_443574-R,True,planned,False,,,,,2026-09-07T20:27:16.249662+02:00
NSR:StopPlace:313,Høybråten stasjon,2026-09-07T21:27:00+02:00,2026-09-07T21:27:00+02:00,,0.0,0,Lillestrøm,VYG:Line:L1,Spikkestad-Oslo S-Lillestrøm,L1,rail,VYG:ServiceJourney:2266_443696-R,True,planned,False,,,,,2026-09-07T20:27:16.249662+02:00
NSR:StopPlace:331,Glåmos stasjon,2026-09-07T18:51:00+02:00,2026-09-07T18:51:00+02:00,,0.0,0,Røros,SJN:Line:25,Rørosbanen,R60,rail,SJN:ServiceJourney:416_50919-R,True,planned,False,,,,,2026-09-07T20:27:16.249662+02:00
NSR:StopPlace:331,Glåmos stasjon,2026-09-07T19:55:00+02:00,2026-09-07T19:55:00+02:00,,0.0,0,Trondheim S,SJN:Line:25,Rørosbanen,R60,rail,SJN:ServiceJourney:2389_47883-R,True,planned,False,,,,,2026-09-07T20:27:16.249662+02:00
NSR:StopPlace:362,Jåttåvågen stasjon,2026-09-07T20:32:00+02:00,2026-09-07T20:32:00+02:00,,0.0,0,Nærbø,GOA:Line:59,Jærbanen,L5,rail,GOA:ServiceJourney:3066_63125-R,True,planned,False,,,,,2026-09-07T20:27:16.249662+02:00
NSR:StopPlace:362,Jåttåvågen stasjon,2026-09-07T20:36:00+02:00,2026-09-07T20:36:00+02:00,,0.0,0,Stavanger,GOA:Line:59,Jærbanen,L5,rail,GOA:ServiceJourney:3163_63207-R,True,planned,False,,,,,2026-09-07T20:27:16.249662+02:00
NSR:StopPlace:364,Vaksdal stasjon,2026-09-07T20:45:00+02:00,2026-09-07T20:45:00+02:00,,0.0,0,Bergen,VYG:Line:R40,Bergen-Voss-Myrdal-Ål,R40,rail,VYG:ServiceJourney:1835_477934-R,True,planned,False,,,,,2026-09-07T20:27:16.249662+02:00
NSR:StopPlace:364,Vaksdal stasjon,2026-09-07T21:07:00+02:00,2026-09-07T21:07:00+02:00,,0.0,0,Voss,VYG:Line:R40,Bergen-Voss-Myrdal-Ål,R40,rail,VYG:ServiceJourney:1832_445145-R,True,planned,False,,,,,2026-09-07T20:27:16.249662+02:00
NSR:StopPlace:369,Kvål stasjon,2026-09-07T18:19:00+02:00,2026-09-07T18:19:00+02:00,,0.0,0,Ler,SJN:Line:26,Trønderbanen,R70,rail,SJN:ServiceJourney:442_56071-R,True,planned,False,,,,,2026-09-07T20:27:16.249662+02:00
NSR:StopPlace:369,Kvål stasjon,2026-09-07T21:14:00+02:00,2026-09-07T21:14:00+02:00,,0.0,0,Lundamo,SJN:Line:26,Trønderbanen,R70,rail,SJN:ServiceJourney:448_56077-R,True,planned,False,,,,,2026-09-07T20:27:16.249662+02:00
NSR:StopPlace:372,Valnesfjord stasjon,2026-09-07T18:17:00+02:00,2026-09-07T18:17:00+02:00,,0.0,0,Mosjøen,SJN:Line:71,Nordlandsbanen,F7,rail,SJN:ServiceJourney:474_30411-R,True,planned,False,,,,,2026-09-07T20:27:16.249662+02:00
NSR:StopPlace:372,Valnesfjord stasjon,2026-09-07T18:38:00+02:00,2026-09-07T18:38:00+02:00,,0.0,0,Bodø,SJN:Line:79,Saltenpendelen,R75,rail,SJN:ServiceJourney:1791_42901-R,True,planned,False,,,,,2026-09-07T20:27:16.249662+02:00
NSR:StopPlace:372,Valnesfjord stasjon,2026-09-07T20:08:00+02:00,2026-09-07T20:08:00+02:00,,0.0,0,Rognan,SJN:Line:79,Saltenpendelen,R75,rail,SJN:ServiceJourney:1792_34511-R,True,planned,False,,,,,2026-09-07T20:27:16.249662+02:00
NSR:StopPlace:372,Valnesfjord stasjon,2026-09-07T20:30:00+02:00,2026-09-07T20:30:00+02:00,,0.0,0,Bodø,SJN:Line:71,Nordlandsbanen,F7,rail,SJN:ServiceJourney:479_41164-R,True,planned,False,,,,,2026-09-07T20:27:16.249662+02:00
NSR:StopPlace:372,Valnesfjord stasjon,2026-09-07T21:23:00+02:00,2026-09-07T21:23:00+02:00,,0.0,0,Bodø,SJN:Line:79,Saltenpendelen,R75,rail,SJN:ServiceJourney:1793_48218-R,True,planned,False,,,,,2026-09-07T20:27:16.249662+02:00
NSR:StopPlace:302,Gjøvik stasjon,2026-09-07T20:34:00+02:00,2026-09-07T20:34:00+02:00,,0.0,0,Roa,VYG:Line:R31,Skøyen-Jaren-Gjøvik,R31,rail,VYG:ServiceJourney:234-GJOe_648918-R,True,planned,False,,,,,2026-09-07T20:27:16.249662+02:00
NSR:StopPlace:271,Lademoen stasjon,2026-09-07T17:39:00+02:00,2026-09-07T17:39:00+02:00,,0.0,0,Ler,SJN:Line:26,Trønderbanen,R70,rail,SJN:ServiceJourney:442_56071-R,True,planned,False,,,,,2026-09-07T20:27:16.249662+02:00
NSR:StopPlace:271,Lademoen stasjon,2026-09-07T18:18:00+02:00,2026-09-07T18:18:00+02:00,,0.0,0,Steinkjer,SJN:Line:26,Trønderbanen,R70,rail,SJN:ServiceJourney:447_56076-R,True,planned,False,,,,,2026-09-07T20:27:16.249662+02:00
NSR:StopPlace:271,Lademoen stasjon,2026-09-07T18:39:00+02:00,2026-09-07T18:39:00+02:00,,0.0,0,Lundamo,SJN:Line:26,Trønderbanen,R70,rail,SJN:ServiceJourney:444_56073-R,True,planned,False,,,,,2026-09-07T20:27:16.249662+02:00
NSR:StopPlace:271,Lademoen stasjon,2026-09-07T19:18:00+02:00,2026-09-07T19:18:00+02:00,,0.0,0,Steinkjer,SJN:Line:26,Trønderbanen,R70,rail,SJN:ServiceJourney:449_56078-R,True,planned,False,,,,,2026-09-07T20:27:16.249662+02:00
NSR:StopPlace:271,Lademoen stasjon,2026-09-07T19:39:00+02:00,2026-09-07T19:39:00+02:00,,0.0,0,Ler,SJN:Line:26,Trønderbanen,R70,rail,SJN:ServiceJourney:446_56075-R,True,planned,False,,,,,2026-09-07T20:27:16.249662+02:00
NSR:StopPlace:271,Lademoen stasjon,2026-09-07T20:18:00+02:00,2026-09-07T20:18:00+02:00,,0.0,0,Steinkjer,SJN:Line:26,Trønderbanen,R70,rail,SJN:ServiceJourney:451_56080-R,True,planned,False,,,,,2026-09-07T20:27:16.249662+02:00
NSR:StopPlace:271,Lademoen stasjon,2026-09-07T20:41:00+02:00,2026-09-07T20:41:00+02:00,,0.0,0,Lundamo,SJN:Line:26,Trønderbanen,R70,rail,SJN:ServiceJourney:448_56077-R,True,planned,False,,,,,2026-09-07T20:27:16.249662+02:00
NSR:StopPlace:274,Hunderfossen stasjon,2026-09-07T17:39:00+02:00,2026-09-07T17:39:00+02:00,,0.0,0,Oslo S,SJN:Line:21,Dovrebanen,F6,rail,SJN:ServiceJourney:46-TND_48003-R,True,planned,False,,,,,2026-09-07T20:27:16.249662+02:00
NSR:StopPlace:274,Hunderfossen stasjon,2026-09-07T18:19:00+02:00,2026-09-07T18:19:00+02:00,,0.0,0,Trondheim S,SJN:Line:21,Dovrebanen,F6,rail,SJN:ServiceJourney:49-LOD_54215-R,True,planned,False,,,,,2026-09-07T20:27:16.249662+02:00
NSR:StopPlace:274,Hunderfossen stasjon,2026-09-07T19:50:00+02:00,2026-09-07T19:50:00+02:00,,0.0,0,Oslo S,SJN:Line:21,Dovrebanen,F6,rail,SJN:ServiceJourney:48-TND_42795-R,True,planned,False,,,,,2026-09-07T20:27:16.249662+02:00
NSR:StopPlace:274,Hunderfossen stasjon,2026-09-07T20:13:00+02:00,2026-09-07T20:13:00+02:00,,0.0,0,Trondheim S,SJN:Line:21,Dovrebanen,F6,rail,SJN:ServiceJourney:51-LOD_30215-R,True,planned,False,,,,,2026-09-07T20:27:16.249662+02:00
NSR:StopPlace:206,Mariero stasjon,2026-09-07T20:29:00+02:00,2026-09-07T20:29:00+02:00,,0.0,0,Nærbø,GOA:Line:59,Jærbanen,L5,rail,GOA:ServiceJourney:3066_63125-R,True,planned,False,,,,,2026-09-07T20:27:16.249662+02:00
NSR:StopPlace:206,Mariero stasjon,2026-09-07T20:39:00+02:00,2026-09-07T20:39:00+02:00,,0.0,0,Stavanger,GOA:Line:59,Jærbanen,L5,rail,GOA:ServiceJourney:3163_63207-R,True,planned,False,,,,,2026-09-07T20:27:16.249662+02:00
NSR:StopPlace:234,Mørkved stasjon,2026-09-07T17:52:00+02:00,2026-09-07T17:52:00+02:00,,0.0,0,Mosjøen,SJN:Line:71,Nordlandsbanen,F7,rail,SJN:ServiceJourney:474_30411-R,True,planned,False,,,,,2026-09-07T20:27:16.249662+02:00
NSR:StopPlace:234,Mørkved stasjon,2026-09-07T19:03:00+02:00,2026-09-07T19:03:00+02:00,,0.0,0,Bodø,SJN:Line:79,Saltenpendelen,R75,rail,SJN:ServiceJourney:1791_42901-R,True,planned,False,,,,,2026-09-07T20:27:16.249662+02:00
NSR:StopPlace:234,Mørkved stasjon,2026-09-07T19:42:00+02:00,2026-09-07T19:42:00+02:00,,0.0,0,Rognan,SJN:Line:79,Saltenpendelen,R75,rail,SJN:ServiceJourney:1792_34511-R,True,planned,False,,,,,2026-09-07T20:27:16.249662+02:00
NSR:StopPlace:234,Mørkved stasjon,2026-09-07T20:54:00+02:00,2026-09-07T20:54:00+02:00,,0.0,0,Bodø,SJN:Line:71,Nordlandsbanen,F7,rail,SJN:ServiceJourney:479_41164-R,True,planned,False,,,,,2026-09-07T20:27:16.249662+02:00
NSR:StopPlace:261,Ganddal stasjon,2026-09-07T20:45:00+02:00,2026-09-07T20:45:00+02:00,,0.0,0,Nærbø,GOA:Line:59,Jærbanen,L5,rail,GOA:ServiceJourney:3066_63125-R,True,planned,False,,,,,2026-09-07T20:27:16.249662+02:00
NSR:StopPlace:500,Bellingmo stasjon,2026-09-07T17:29:00+02:00,2026-09-07T17:29:00+02:00,,0.0,0,Hamar,SJN:Line:25,Rørosbanen,R60,rail,SJN:ServiceJourney:2390_37668-R,True,planned,False,,,,,2026-09-07T20:27:16.249662+02:00
NSR:StopPlace:500,Bellingmo stasjon,2026-09-07T18:31:00+02:00,2026-09-07T18:31:00+02:00,,0.0,0,Trondheim S,SJN:Line:25,Rørosbanen,R60,rail,SJN:ServiceJourney:2389_47883-R,True,planned,False,,,,,2026-09-07T20:27:16.249662+02:00
NSR:StopPlace:500,Bellingmo stasjon,2026-09-07T20:35:00+02:00,2026-09-07T20:35:00+02:00,,0.0,0,Røros,SJN:Line:25,Rørosbanen,R60,rail,SJN:ServiceJourney:2391_54213-R,True,planned,False,,,,,2026-09-07T20:27:16.249662+02:00
NSR:StopPlace:535,Kjosfossen stasjon,2026-09-07T17:59:00+02:00,2026-09-07T17:59:00+02:00,,0.0,0,Myrdal,VYG:Line:R45,Myrdal-Flåm,R45,rail,VYG:ServiceJourney:1866_465787-R,True,planned,False,,,,,2026-09-07T20:27:16.249662+02:00
NSR:StopPlace:441,Auli stasjon,2026-09-07T20:42:00+02:00,2026-09-07T20:42:00+02:00,,0.0,0,Kongsvinger,VYG:Line:R14,Asker-Oslo S-Kongsvinger,R14,rail,VYG:ServiceJourney:1031_442942-R,True,planned,False,,,,,2026-09-07T20:27:16.249662+02:00
NSR:StopPlace:446,Langlete stasjon,2026-09-07T16:39:00+02:00,2026-09-07T16:39:00+02:00,,0.0,0,Trondheim S,SJN:Line:25,Rørosbanen,R60,rail,SJN:ServiceJourney:2385_30335-R,True,planned,False,,,,,2026-09-07T20:27:16.249662+02:00
NSR:StopPlace:446,Langlete stasjon,2026-09-07T18:06:00+02:00,2026-09-07T18:06:00+02:00,,0.0,0,Røros,SJN:Line:25,Rørosbanen,R60,rail,SJN:ServiceJourney:416_50919-R,True,planned,False,,,,,2026-09-07T20:27:16.249662+02:00
NSR:StopPlace:448,Vatnahalsen stasjon,2026-09-07T18:06:00+02:00,2026-09-07T18:06:00+02:00,,0.0,0,Myrdal,VYG:Line:R45,Myrdal-Flåm,R45,rail,VYG:ServiceJourney:1866_465787-R,True,planned,False,,,,,2026-09-07T20:27:16.249662+02:00
NSR:StopPlace:462,Ygre stasjon,2026-09-07T16:44:00+02:00,2026-09-07T16:44:00+02:00,,0.0,0,Bergen,VYG:Line:R40,Bergen-Voss-Myrdal-Ål,R40,rail,VYG:ServiceJourney:1829_445142-R,True,planned,False,Forsinket,Toget kjørte 3 minutter forsinket fra Myrdal. Dette skyldes at andre tog på strekningen er forsinket.,incident,normal,2026-09-07T20:27:16.249662+02:00
NSR:StopPlace:462,Ygre stasjon,2026-09-07T19:37:00+02:00,2026-09-07T19:37:00+02:00,,0.0,0,Bergen,VYG:Line:R40,Bergen-Voss-Myrdal-Ål,R40,rail,VYG:ServiceJourney:1835_477934-R,True,planned,False,,,,,2026-09-07T20:27:16.249662+02:00
NSR:StopPlace:474,Øyeflaten stasjon,2026-09-07T19:24:00+02:00,2026-09-07T19:24:00+02:00,,0.0,0,Bergen,VYG:Line:R40,Bergen-Voss-Myrdal-Ål,R40,rail,VYG:ServiceJourney:1835_477934-R,True,planned,False,,,,,2026-09-07T20:27:16.249662+02:00
NSR:StopPlace:416,Vikhammer stasjon,2026-09-07T21:21:00+02:00,2026-09-07T21:21:00+02:00,,0.0,0,Melhus skysstasjon,SJN:Line:26,Trønderbanen,R70,rail,SJN:ServiceJourney:450-STK_56079-R,True,planned,False,,,,,2026-09-07T20:27:16.249662+02:00
NSR:StopPlace:702,Sandnes sentrum stasjon,2026-09-07T20:28:00+02:00,2026-09-07T20:28:00+02:00,,0.0,0,Stavanger,GOA:Line:59,Jærbanen,L5,rail,GOA:ServiceJourney:3163_63207-R,True,planned,False,,,,,2026-09-07T20:27:16.249662+02:00
NSR:StopPlace:702,Sandnes sentrum stasjon,2026-09-07T20:40:00+02:00,2026-09-07T20:40:00+02:00,,0.0,0,Nærbø,GOA:Line:59,Jærbanen,L5,rail,GOA:ServiceJourney:3066_63125-R,True,planned,False,,,,,2026-09-07T20:27:16.249662+02:00
NSR:StopPlace:699,Tynset stasjon,2026-09-07T21:04:00+02:00,2026-09-07T21:04:00+02:00,,0.0,0,Røros,SJN:Line:25,Rørosbanen,R60,rail,SJN:ServiceJourney:2391_54213-R,True,planned,False,,,,,2026-09-07T20:27:16.249662+02:00
NSR:StopPlace:628,Darbu stasjon,2026-09-07T21:11:00+02:00,2026-09-07T21:11:00+02:00,,0.0,0,Kongsberg,VYG:Line:R12,Kongsberg-Oslo S-Eidsvoll,R12,rail,VYG:ServiceJourney:531_444339-R,True,planned,False,,,,,2026-09-07T20:27:16.249662+02:00
NSR:StopPlace:62094,Lindeberg stasjon,2026-09-07T20:37:00+02:00,2026-09-07T20:37:00+02:00,,0.0,0,Dal,VYG:Line:R13,Drammen-Oslo S-Dal,R13,rail,VYG:ServiceJourney:1661_443345-R,True,planned,False,,,,,2026-09-07T20:27:16.249662+02:00
NSR:StopPlace:62094,Lindeberg stasjon,2026-09-07T20:48:00+02:00,2026-09-07T20:48:00+02:00,,0.0,0,Drammen,VYG:Line:R13,Drammen-Oslo S-Dal,R13,rail,VYG:ServiceJourney:1664_481175-R,True,planned,False,,,,,2026-09-07T20:27:16.249662+02:00
NSR:StopPlace:62094,Lindeberg stasjon,2026-09-07T21:07:00+02:00,2026-09-07T21:07:00+02:00,,0.0,0,Dal,VYG:Line:R13,Drammen-Oslo S-Dal,R13,rail,VYG:ServiceJourney:1663_443349-R,True,planned,False,,,,,2026-09-07T20:27:16.249662+02:00
NSR:StopPlace:62309,Ljan stasjon,2026-09-07T20:35:00+02:00,2026-09-07T20:35:00+02:00,,0.0,0,Stabekk,VYG:Line:L2,Stabekk-Oslo S-Ski,L2,rail,VYG:ServiceJourney:2766-SKI_443983-R,True,planned,False,,,,,2026-09-07T20:27:16.249662+02:00
NSR:StopPlace:62309,Ljan stasjon,2026-09-07T20:39:00+02:00,2026-09-07T20:39:00+02:00,,0.0,0,Ski,VYG:Line:L2,Stabekk-Oslo S-Ski,L2,rail,VYG:ServiceJourney:2861_444104-R,True,planned,False,,,,,2026-09-07T20:27:16.249662+02:00
NSR:StopPlace:62309,Ljan stasjon,2026-09-07T20:50:00+02:00,2026-09-07T20:50:00+02:00,,0.0,0,Oslo S,VYG:Line:L2,Stabekk-Oslo S-Ski,L2,rail,VYG:ServiceJourney:2866_444109-R,True,planned,False,,,,,2026-09-07T20:27:16.249662+02:00
NSR:StopPlace:62309,Ljan stasjon,2026-09-07T20:54:00+02:00,2026-09-07T20:54:00+02:00,,0.0,0,Ski,VYG:Line:L2,Stabekk-Oslo S-Ski,L2,rail,VYG:ServiceJourney:2763-HVK_443979-R,True,planned,False,,,,,2026-09-07T20:27:16.249662+02:00
NSR:StopPlace:62309,Ljan stasjon,2026-09-07T21:05:00+02:00,2026-09-07T21:05:00+02:00,,0.0,0,Stabekk,VYG:Line:L2,Stabekk-Oslo S-Ski,L2,rail,VYG:ServiceJourney:2768-SKI_443986-R,True,planned,False,,,,,2026-09-07T20:27:16.249662+02:00
NSR:StopPlace:62309,Ljan stasjon,2026-09-07T21:09:00+02:00,2026-09-07T21:09:00+02:00,,0.0,0,Ski,VYG:Line:L2,Stabekk-Oslo S-Ski,L2,rail,VYG:ServiceJourney:2863-BES_488395-R,True,planned,False,,,,,2026-09-07T20:27:16.249662+02:00
NSR:StopPlace:62309,Ljan stasjon,2026-09-07T21:20:00+02:00,2026-09-07T21:20:00+02:00,,0.0,0,Skøyen,VYG:Line:L2,Stabekk-Oslo S-Ski,L2,rail,VYG:ServiceJourney:2868-SKI_488398-R,True,planned,False,,,,,2026-09-07T20:27:16.249662+02:00
NSR:StopPlace:62309,Ljan stasjon,2026-09-07T21:24:00+02:00,2026-09-07T21:24:00+02:00,,0.0,0,Ski,VYG:Line:L2,Stabekk-Oslo S-Ski,L2,rail,VYG:ServiceJourney:2765-HVK_443981-R,True,planned,False,,,,,2026-09-07T20:27:16.249662+02:00
NSR:StopPlace:62308,Alna stasjon,2026-09-07T20:32:00+02:00,2026-09-07T20:32:00+02:00,,0.0,0,Spikkestad,VYG:Line:L1,Spikkestad-Oslo S-Lillestrøm,L1,rail,VYG:ServiceJourney:2263_443691-R,True,planned,False,,,,,2026-09-07T20:27:16.249662+02:00
NSR:StopPlace:62308,Alna stasjon,2026-09-07T20:33:00+02:00,2026-09-07T20:33:00+02:00,,0.0,0,Lillestrøm,VYG:Line:L1,Spikkestad-Oslo S-Lillestrøm,L1,rail,VYG:ServiceJourney:2162_443572-R,True,planned,False,,,,,2026-09-07T20:27:16.249662+02:00
NSR:StopPlace:62308,Alna stasjon,2026-09-07T20:47:00+02:00,2026-09-07T20:47:00+02:00,,0.0,0,Asker,VYG:Line:L1,Spikkestad-Oslo S-Lillestrøm,L1,rail,VYG:ServiceJourney:2163_443573-R,True,planned,False,,,,,2026-09-07T20:27:16.249662+02:00
NSR:StopPlace:62308,Alna stasjon,2026-09-07T20:48:00+02:00,2026-09-07T20:48:00+02:00,,0.0,0,Lillestrøm,VYG:Line:L1,Spikkestad-Oslo S-Lillestrøm,L1,rail,VYG:ServiceJourney:2264_445363-R,True,planned,False,,,,,2026-09-07T20:27:16.249662+02:00
NSR:StopPlace:62308,Alna stasjon,2026-09-07T21:02:00+02:00,2026-09-07T21:02:00+02:00,,0.0,0,Spikkestad,VYG:Line:L1,Spikkestad-Oslo S-Lillestrøm,L1,rail,VYG:ServiceJourney:2265_443694-R,True,planned,False,,,,,2026-09-07T20:27:16.249662+02:00
NSR:StopPlace:62308,Alna stasjon,2026-09-07T21:03:00+02:00,2026-09-07T21:03:00+02:00,,0.0,0,Lillestrøm,VYG:Line:L1,Spikkestad-Oslo S-Lillestrøm,L1,rail,VYG:ServiceJourney:2164_443574-R,True,planned,False,,,,,2026-09-07T20:27:16.249662+02:00
NSR:StopPlace:62308,Alna stasjon,2026-09-07T21:17:00+02:00,2026-09-07T21:17:00+02:00,,0.0,0,Asker,VYG:Line:L1,Spikkestad-Oslo S-Lillestrøm,L1,rail,VYG:ServiceJourney:2165_443575-R,True,planned,False,,,,,2026-09-07T20:27:16.249662+02:00
NSR:StopPlace:62308,Alna stasjon,2026-09-07T21:18:00+02:00,2026-09-07T21:18:00+02:00,,0.0,0,Lillestrøm,VYG:Line:L1,Spikkestad-Oslo S-Lillestrøm,L1,rail,VYG:ServiceJourney:2266_443696-R,True,planned,False,,,,,2026-09-07T20:27:16.249662+02:00
NSR:StopPlace:62336,Knapstad stasjon,2026-09-07T17:27:00+02:00,2026-09-07T17:27:00+02:00,,0.0,0,Oslo S,VYG:Line:R22,Skøyen-Oslo S-Mysen-Rakkestad,R22,rail,VYG:ServiceJourney:1928_443481-R,True,planned,False,,,,,2026-09-07T20:27:16.249662+02:00
NSR:StopPlace:62336,Knapstad stasjon,2026-09-07T18:32:00+02:00,2026-09-07T18:32:00+02:00,,0.0,0,Rakkestad,VYG:Line:R22,Skøyen-Oslo S-Mysen-Rakkestad,R22,rail,VYG:ServiceJourney:1927_443479-R,True,planned,False,,,,,2026-09-07T20:27:16.249662+02:00
NSR:StopPlace:62336,Knapstad stasjon,2026-09-07T19:32:00+02:00,2026-09-07T19:32:00+02:00,,0.0,0,Rakkestad,VYG:Line:R22,Skøyen-Oslo S-Mysen-Rakkestad,R22,rail,VYG:ServiceJourney:1929_443482-R,True,planned,False,,,,,2026-09-07T20:27:16.249662+02:00
NSR:StopPlace:62336,Knapstad stasjon,2026-09-07T20:32:00+02:00,2026-09-07T20:32:00+02:00,,0.0,0,Rakkestad,VYG:Line:R22,Skøyen-Oslo S-Mysen-Rakkestad,R22,rail,VYG:ServiceJourney:1931_443485-R,True,planned,False,,,,,2026-09-07T20:27:16.249662+02:00
NSR:StopPlace:62336,Knapstad stasjon,2026-09-07T21:23:00+02:00,2026-09-07T21:23:00+02:00,,0.0,0,Oslo S,VYG:Line:R22,Skøyen-Oslo S-Mysen-Rakkestad,R22,rail,VYG:ServiceJourney:1936_443490-R,True,planned,False,,,,,2026-09-07T20:27:16.249662+02:00
NSR:StopPlace:62335,Eidsberg stasjon,2026-09-07T18:05:00+02:00,2026-09-07T18:05:00+02:00,,0.0,0,Rakkestad,VYG:Line:R22,Skøyen-Oslo S-Mysen-Rakkestad,R22,rail,VYG:ServiceJourney:1925_443475-R,True,planned,False,,,,,2026-09-07T20:27:16.249662+02:00
NSR:StopPlace:62335,Eidsberg stasjon,2026-09-07T19:03:00+02:00,2026-09-07T19:03:00+02:00,,0.0,0,Rakkestad,VYG:Line:R22,Skøyen-Oslo S-Mysen-Rakkestad,R22,rail,VYG:ServiceJourney:1927_443479-R,True,planned,False,,,,,2026-09-07T20:27:16.249662+02:00
NSR:StopPlace:62335,Eidsberg stasjon,2026-09-07T20:52:00+02:00,2026-09-07T20:52:00+02:00,,0.0,0,Oslo S,VYG:Line:R22,Skøyen-Oslo S-Mysen-Rakkestad,R22,rail,VYG:ServiceJourney:1936_443490-R,True,planned,False,,,,,2026-09-07T20:27:16.249662+02:00
NSR:StopPlace:62335,Eidsberg stasjon,2026-09-07T21:03:00+02:00,2026-09-07T21:03:00+02:00,,0.0,0,Rakkestad,VYG:Line:R22,Skøyen-Oslo S-Mysen-Rakkestad,R22,rail,VYG:ServiceJourney:1931_443485-R,True,planned,False,,,,,2026-09-07T20:27:16.249662+02:00
NSR:StopPlace:62348,Lesjaverk stasjon,2026-09-07T17:27:00+02:00,2026-09-07T17:27:00+02:00,,0.0,0,Dombås,SJN:Line:22,Raumabanen,R65,rail,SJN:ServiceJourney:2348_47878-R,True,planned,False,,,,,2026-09-07T20:27:16.249662+02:00
NSR:StopPlace:62348,Lesjaverk stasjon,2026-09-07T18:50:00+02:00,2026-09-07T18:50:00+02:00,,0.0,0,Åndalsnes,SJN:Line:22,Raumabanen,R65,rail,SJN:ServiceJourney:2347_41158-R,True,planned,False,,,,,2026-09-07T20:27:16.249662+02:00
NSR:StopPlace:62348,Lesjaverk stasjon,2026-09-07T20:41:00+02:00,2026-09-07T20:41:00+02:00,,0.0,0,Åndalsnes,SJN:Line:22,Raumabanen,R65,rail,SJN:ServiceJourney:2349_42986-R,True,planned,False,,,,,2026-09-07T20:27:16.249662+02:00
NSR:StopPlace:62347,Lesja stasjon,2026-09-07T17:41:00+02:00,2026-09-07T17:41:00+02:00,,0.0,0,Dombås,SJN:Line:22,Raumabanen,R65,rail,SJN:ServiceJourney:2348_47878-R,True,planned,False,,,,,2026-09-07T20:27:16.249662+02:00
NSR:StopPlace:62347,Lesja stasjon,2026-09-07T20:27:00+02:00,2026-09-07T20:27:00+02:00,,0.0,0,Åndalsnes,SJN:Line:22,Raumabanen,R65,rail,SJN:ServiceJourney:2349_42986-R,True,planned,False,,,,,2026-09-07T20:27:16.249662+02:00
NSR:StopPlace:62341,Tangen stasjon,2026-09-07T20:34:00+02:00,2026-09-07T20:34:00+02:00,,0.0,0,Drammen,VYG:Line:RE10,Drammen-Oslo S-Lillehammer,RE10,rail,VYG:ServiceJourney:332-LHM_444245-R,True,planned,False,,,,,2026-09-07T20:27:16.249662+02:00
NSR:StopPlace:62340,Ilseng stasjon,2026-09-07T18:22:00+02:00,2026-09-07T18:22:00+02:00,,0.0,0,Røros,SJN:Line:25,Rørosbanen,R60,rail,SJN:ServiceJourney:2391_54213-R,True,planned,False,,,,,2026-09-07T20:27:16.249662+02:00
NSR:StopPlace:62340,Ilseng stasjon,2026-09-07T19:44:00+02:00,2026-09-07T19:44:00+02:00,,0.0,0,Hamar,SJN:Line:25,Rørosbanen,R60,rail,SJN:ServiceJourney:2390_37668-R,True,planned,False,,,,,2026-09-07T20:27:16.249662+02:00
NSR:StopPlace:62340,Ilseng stasjon,2026-09-07T20:18:00+02:00,2026-09-07T20:18:00+02:00,,0.0,0,Røros,SJN:Line:25,Rørosbanen,R60,rail,SJN:ServiceJourney:2393_37671-R,True,planned,False,,,,,2026-09-07T20:27:16.249662+02:00
NSR:StopPlace:62346,Bjorli stasjon,2026-09-07T17:14:00+02:00,2026-09-07T17:14:00+02:00,,0.0,0,Dombås,SJN:Line:22,Raumabanen,R65,rail,SJN:ServiceJourney:2348_47878-R,True,planned,False,,,,,2026-09-07T20:27:16.249662+02:00
NSR:StopPlace:62346,Bjorli stasjon,2026-09-07T19:03:00+02:00,2026-09-07T19:03:00+02:00,,0.0,0,Åndalsnes,SJN:Line:22,Raumabanen,R65,rail,SJN:ServiceJourney:2347_41158-R,True,planned,False,,,,,2026-09-07T20:27:16.249662+02:00
NSR:StopPlace:62346,Bjorli stasjon,2026-09-07T20:54:00+02:00,2026-09-07T20:54:00+02:00,,0.0,0,Åndalsnes,SJN:Line:22,Raumabanen,R65,rail,SJN:ServiceJourney:2349_42986-R,True,planned,False,,,,,2026-09-07T20:27:16.249662+02:00
NSR:StopPlace:62344,Steinvik stasjon,2026-09-07T17:07:00+02:00,2026-09-07T17:07:00+02:00,,0.0,0,Trondheim S,SJN:Line:25,Rørosbanen,R60,rail,SJN:ServiceJourney:2389_47883-R,True,planned,False,,,,,2026-09-07T20:27:16.249662+02:00
NSR:StopPlace:62344,Steinvik stasjon,2026-09-07T18:56:00+02:00,2026-09-07T18:56:00+02:00,,0.0,0,Hamar,SJN:Line:25,Rørosbanen,R60,rail,SJN:ServiceJourney:2390_37668-R,True,planned,False,,,,,2026-09-07T20:27:16.249662+02:00
NSR:StopPlace:62344,Steinvik stasjon,2026-09-07T19:13:00+02:00,2026-09-07T19:13:00+02:00,,0.0,0,Røros,SJN:Line:25,Rørosbanen,R60,rail,SJN:ServiceJourney:2391_54213-R,True,planned,False,,,,,2026-09-07T20:27:16.249662+02:00
NSR:StopPlace:62369,Lilleby stasjon,2026-09-07T17:37:00+02:00,2026-09-07T17:37:00+02:00,,0.0,0,Ler,SJN:Line:26,Trønderbanen,R70,rail,SJN:ServiceJourney:442_56071-R,True,planned,False,,,,,2026-09-07T20:27:16.249662+02:00
NSR:StopPlace:62369,Lilleby stasjon,2026-09-07T18:20:00+02:00,2026-09-07T18:20:00+02:00,,0.0,0,Steinkjer,SJN:Line:26,Trønderbanen,R70,rail,SJN:ServiceJourney:447_56076-R,True,planned,False,,,,,2026-09-07T20:27:16.249662+02:00
NSR:StopPlace:62369,Lilleby stasjon,2026-09-07T18:37:00+02:00,2026-09-07T18:37:00+02:00,,0.0,0,Lundamo,SJN:Line:26,Trønderbanen,R70,rail,SJN:ServiceJourney:444_56073-R,True,planned,False,,,,,2026-09-07T20:27:16.249662+02:00
NSR:StopPlace:62369,Lilleby stasjon,2026-09-07T19:20:00+02:00,2026-09-07T19:20:00+02:00,,0.0,0,Steinkjer,SJN:Line:26,Trønderbanen,R70,rail,SJN:ServiceJourney:449_56078-R,True,planned,False,,,,,2026-09-07T20:27:16.249662+02:00
NSR:StopPlace:62369,Lilleby stasjon,2026-09-07T19:37:00+02:00,2026-09-07T19:37:00+02:00,,0.0,0,Ler,SJN:Line:26,Trønderbanen,R70,rail,SJN:ServiceJourney:446_56075-R,True,planned,False,,,,,2026-09-07T20:27:16.249662+02:00
NSR:StopPlace:62369,Lilleby stasjon,2026-09-07T20:20:00+02:00,2026-09-07T20:20:00+02:00,,0.0,0,Steinkjer,SJN:Line:26,Trønderbanen,R70,rail,SJN:ServiceJourney:451_56080-R,True,planned,False,,,,,2026-09-07T20:27:16.249662+02:00
NSR:StopPlace:62369,Lilleby stasjon,2026-09-07T20:39:00+02:00,2026-09-07T20:39:00+02:00,,0.0,0,Lundamo,SJN:Line:26,Trønderbanen,R70,rail,SJN:ServiceJourney:448_56077-R,True,planned,False,,,,,2026-09-07T20:27:16.249662+02:00
NSR:StopPlace:62360,Kløve stasjon,2026-09-07T16:40:00+02:00,2026-09-07T16:40:00+02:00,,0.0,0,Bergen,VYG:Line:R40,Bergen-Voss-Myrdal-Ål,R40,rail,VYG:ServiceJourney:1829_445142-R,True,planned,False,Forsinket,Toget kjørte 3 minutter forsinket fra Myrdal. Dette skyldes at andre tog på strekningen er forsinket.,incident,normal,2026-09-07T20:27:16.249662+02:00
NSR:StopPlace:62360,Kløve stasjon,2026-09-07T19:33:00+02:00,2026-09-07T19:33:00+02:00,,0.0,0,Bergen,VYG:Line:R40,Bergen-Voss-Myrdal-Ål,R40,rail,VYG:ServiceJourney:1835_477934-R,True,planned,False,,,,,2026-09-07T20:27:16.249662+02:00
NSR:StopPlace:62375,Kotsøy stasjon,2026-09-07T17:04:00+02:00,2026-09-07T17:04:00+02:00,,0.0,0,Trondheim S,SJN:Line:25,Rørosbanen,R60,rail,SJN:ServiceJourney:2385_30335-R,True,planned,False,,,,,2026-09-07T20:27:16.249662+02:00
NSR:StopPlace:62375,Kotsøy stasjon,2026-09-07T17:41:00+02:00,2026-09-07T17:41:00+02:00,,0.0,0,Røros,SJN:Line:25,Rørosbanen,R60,rail,SJN:ServiceJourney:416_50919-R,True,planned,False,,,,,2026-09-07T20:27:16.249662+02:00
NSR:StopPlace:62374,Ålen stasjon,2026-09-07T18:29:00+02:00,2026-09-07T18:29:00+02:00,,0.0,0,Røros,SJN:Line:25,Rørosbanen,R60,rail,SJN:ServiceJourney:416_50919-R,True,planned,False,,,,,2026-09-07T20:27:16.249662+02:00
NSR:StopPlace:62374,Ålen stasjon,2026-09-07T20:17:00+02:00,2026-09-07T20:17:00+02:00,,0.0,0,Trondheim S,SJN:Line:25,Rørosbanen,R60,rail,SJN:ServiceJourney:2389_47883-R,True,planned,False,,,,,2026-09-07T20:27:16.249662+02:00
NSR:StopPlace:62379,Bergsgrav stasjon,2026-09-07T20:53:00+02:00,2026-09-07T20:53:00+02:00,,0.0,0,Steinkjer,SJN:Line:26,Trønderbanen,R70,rail,SJN:ServiceJourney:449_56078-R,True,planned,False,,,,,2026-09-07T20:27:16.249662+02:00
NSR:StopPlace:62378,Røstad stasjon,2026-09-07T17:09:00+02:00,2026-09-07T17:09:00+02:00,,0.0,0,Lundamo,SJN:Line:26,Trønderbanen,R70,rail,SJN:ServiceJourney:444_56073-R,True,planned,False,,,,,2026-09-07T20:27:16.249662+02:00
NSR:StopPlace:62378,Røstad stasjon,2026-09-07T17:44:00+02:00,2026-09-07T17:44:00+02:00,,0.0,0,Steinkjer,SJN:Line:26,Trønderbanen,R70,rail,SJN:ServiceJourney:443-SOeB_56072-R,True,planned,False,,,,,2026-09-07T20:27:16.249662+02:00
NSR:StopPlace:62378,Røstad stasjon,2026-09-07T18:15:00+02:00,2026-09-07T18:15:00+02:00,,0.0,0,Ler,SJN:Line:26,Trønderbanen,R70,rail,SJN:ServiceJourney:446_56075-R,True,planned,False,,,,,2026-09-07T20:27:16.249662+02:00
NSR:StopPlace:62378,Røstad stasjon,2026-09-07T19:09:00+02:00,2026-09-07T19:09:00+02:00,,0.0,0,Lundamo,SJN:Line:26,Trønderbanen,R70,rail,SJN:ServiceJourney:448_56077-R,True,planned,False,,,,,2026-09-07T20:27:16.249662+02:00
NSR:StopPlace:62378,Røstad stasjon,2026-09-07T20:06:00+02:00,2026-09-07T20:06:00+02:00,,0.0,0,Melhus skysstasjon,SJN:Line:26,Trønderbanen,R70,rail,SJN:ServiceJourney:450-STK_56079-R,True,planned,False,,,,,2026-09-07T20:27:16.249662+02:00
NSR:StopPlace:62378,Røstad stasjon,2026-09-07T20:44:00+02:00,2026-09-07T20:44:00+02:00,,0.0,0,Steinkjer,SJN:Line:26,Trønderbanen,R70,rail,SJN:ServiceJourney:449_56078-R,True,planned,False,,,,,2026-09-07T20:27:16.249662+02:00
NSR:StopPlace:62377,Ronglan stasjon,2026-09-07T20:28:00+02:00,2026-09-07T20:28:00+02:00,,0.0,0,Melhus skysstasjon,SJN:Line:26,Trønderbanen,R70,rail,SJN:ServiceJourney:450-STK_56079-R,True,planned,False,,,,,2026-09-07T20:27:16.249662+02:00
NSR:StopPlace:62371,Sparbu stasjon,2026-09-07T16:45:00+02:00,2026-09-07T16:45:00+02:00,,0.0,0,Lundamo,SJN:Line:26,Trønderbanen,R70,rail,SJN:ServiceJourney:444_56073-R,True,planned,False,,,,,2026-09-07T20:27:16.249662+02:00
NSR:StopPlace:62371,Sparbu stasjon,2026-09-07T17:45:00+02:00,2026-09-07T17:45:00+02:00,,0.0,0,Ler,SJN:Line:26,Trønderbanen,R70,rail,SJN:ServiceJourney:446_56075-R,True,planned,False,,,,,2026-09-07T20:27:16.249662+02:00
NSR:StopPlace:62371,Sparbu stasjon,2026-09-07T18:13:00+02:00,2026-09-07T18:13:00+02:00,,0.0,0,Steinkjer,SJN:Line:26,Trønderbanen,R70,rail,SJN:ServiceJourney:443-SOeB_56072-R,True,planned,False,,,,,2026-09-07T20:27:16.249662+02:00
NSR:StopPlace:62371,Sparbu stasjon,2026-09-07T18:45:00+02:00,2026-09-07T18:45:00+02:00,,0.0,0,Lundamo,SJN:Line:26,Trønderbanen,R70,rail,SJN:ServiceJourney:448_56077-R,True,planned,False,,,,,2026-09-07T20:27:16.249662+02:00
NSR:StopPlace:62371,Sparbu stasjon,2026-09-07T19:40:00+02:00,2026-09-07T19:40:00+02:00,,0.0,0,Melhus skysstasjon,SJN:Line:26,Trønderbanen,R70,rail,SJN:ServiceJourney:450-STK_56079-R,True,planned,False,,,,,2026-09-07T20:27:16.249662+02:00
NSR:StopPlace:62371,Sparbu stasjon,2026-09-07T20:14:00+02:00,2026-09-07T20:14:00+02:00,,0.0,0,Steinkjer,SJN:Line:26,Trønderbanen,R70,rail,SJN:ServiceJourney:447_56076-R,True,planned,False,,,,,2026-09-07T20:27:16.249662+02:00
NSR:StopPlace:62371,Sparbu stasjon,2026-09-07T21:13:00+02:00,2026-09-07T21:13:00+02:00,,0.0,0,Steinkjer,SJN:Line:26,Trønderbanen,R70,rail,SJN:ServiceJourney:449_56078-R,True,planned,False,,,,,2026-09-07T20:27:16.249662+02:00
NSR:StopPlace:62380,Røra stasjon,2026-09-07T21:08:00+02:00,2026-09-07T21:08:00+02:00,,0.0,0,Steinkjer,SJN:Line:26,Trønderbanen,R70,rail,SJN:ServiceJourney:449_56078-R,True,planned,False,,,,,2026-09-07T20:27:16.249662+02:00
NSR:StopPlace:62393,Billingstad stasjon,2026-09-07T20:43:00+02:00,2026-09-07T20:43:00+02:00,,0.0,0,Lillestrøm,VYG:Line:L1,Spikkestad-Oslo S-Lillestrøm,L1,rail,VYG:ServiceJourney:2266_443696-R,True,planned,False,,,,,2026-09-07T20:27:16.249662+02:00
NSR:StopPlace:62393,Billingstad stasjon,2026-09-07T20:52:00+02:00,2026-09-07T20:52:00+02:00,,0.0,0,Asker,VYG:Line:L1,Spikkestad-Oslo S-Lillestrøm,L1,rail,VYG:ServiceJourney:2161_443571-R,True,planned,False,,,,,2026-09-07T20:27:16.249662+02:00
NSR:StopPlace:62393,Billingstad stasjon,2026-09-07T20:57:00+02:00,2026-09-07T20:57:00+02:00,,0.0,0,Lillestrøm,VYG:Line:L1,Spikkestad-Oslo S-Lillestrøm,L1,rail,VYG:ServiceJourney:2166_443576-R,True,planned,False,,,,,2026-09-07T20:27:16.249662+02:00
NSR:StopPlace:62393,Billingstad stasjon,2026-09-07T21:06:00+02:00,2026-09-07T21:06:00+02:00,,0.0,0,Spikkestad,VYG:Line:L1,Spikkestad-Oslo S-Lillestrøm,L1,rail,VYG:ServiceJourney:2263_443691-R,True,planned,False,,,,,2026-09-07T20:27:16.249662+02:00
NSR:StopPlace:62393,Billingstad stasjon,2026-09-07T21:13:00+02:00,2026-09-07T21:13:00+02:00,,0.0,0,Lillestrøm,VYG:Line:L1,Spikkestad-Oslo S-Lillestrøm,L1,rail,VYG:ServiceJourney:2268_445367-R,True,planned,False,,,,,2026-09-07T20:27:16.249662+02:00
NSR:StopPlace:62393,Billingstad stasjon,2026-09-07T21:22:00+02:00,2026-09-07T21:22:00+02:00,,0.0,0,Asker,VYG:Line:L1,Spikkestad-Oslo S-Lillestrøm,L1,rail,VYG:ServiceJourney:2163_443573-R,True,planned,False,,,,,2026-09-07T20:27:16.249662+02:00
NSR:StopPlace:62392,Slependen stasjon,2026-09-07T20:45:00+02:00,2026-09-07T20:45:00+02:00,,0.0,0,Lillestrøm,VYG:Line:L1,Spikkestad-Oslo S-Lillestrøm,L1,rail,VYG:ServiceJourney:2266_443696-R,True,planned,False,,,,,2026-09-07T20:27:16.249662+02:00
NSR:StopPlace:62392,Slependen stasjon,2026-09-07T20:49:00+02:00,2026-09-07T20:49:00+02:00,,0.0,0,Asker,VYG:Line:L1,Spikkestad-Oslo S-Lillestrøm,L1,rail,VYG:ServiceJourney:2161_443571-R,True,planned,False,,,,,2026-09-07T20:27:16.249662+02:00
NSR:StopPlace:62392,Slependen stasjon,2026-09-07T20:59:00+02:00,2026-09-07T20:59:00+02:00,,0.0,0,Lillestrøm,VYG:Line:L1,Spikkestad-Oslo S-Lillestrøm,L1,rail,VYG:ServiceJourney:2166_443576-R,True,planned,False,,,,,2026-09-07T20:27:16.249662+02:00
NSR:StopPlace:62392,Slependen stasjon,2026-09-07T21:03:00+02:00,2026-09-07T21:03:00+02:00,,0.0,0,Spikkestad,VYG:Line:L1,Spikkestad-Oslo S-Lillestrøm,L1,rail,VYG:ServiceJourney:2263_443691-R,True,planned,False,,,,,2026-09-07T20:27:16.249662+02:00
NSR:StopPlace:62392,Slependen stasjon,2026-09-07T21:15:00+02:00,2026-09-07T21:15:00+02:00,,0.0,0,Lillestrøm,VYG:Line:L1,Spikkestad-Oslo S-Lillestrøm,L1,rail,VYG:ServiceJourney:2268_445367-R,True,planned,False,,,,,2026-09-07T20:27:16.249662+02:00
NSR:StopPlace:62392,Slependen stasjon,2026-09-07T21:19:00+02:00,2026-09-07T21:19:00+02:00,,0.0,0,Asker,VYG:Line:L1,Spikkestad-Oslo S-Lillestrøm,L1,rail,VYG:ServiceJourney:2163_443573-R,True,planned,False,,,,,2026-09-07T20:27:16.249662+02:00
NSR:StopPlace:62295,Stanghelle stasjon,2026-09-07T20:37:00+02:00,2026-09-07T20:37:00+02:00,,0.0,0,Bergen,VYG:Line:R40,Bergen-Voss-Myrdal-Ål,R40,rail,VYG:ServiceJourney:1835_477934-R,True,planned,False,,,,,2026-09-07T20:27:16.249662+02:00
NSR:StopPlace:62295,Stanghelle stasjon,2026-09-07T21:15:00+02:00,2026-09-07T21:15:00+02:00,,0.0,0,Voss,VYG:Line:R40,Bergen-Voss-Myrdal-Ål,R40,rail,VYG:ServiceJourney:1832_445145-R,True,planned,False,,,,,2026-09-07T20:27:16.249662+02:00
NSR:StopPlace:62456,Kvitfjell stasjon,2026-09-07T16:47:00+02:00,2026-09-07T16:47:00+02:00,,0.0,0,Trondheim S,SJN:Line:21,Dovrebanen,F6,rail,SJN:ServiceJourney:47-LOD_54214-R,True,planned,False,,,,,2026-09-07T20:27:16.249662+02:00
NSR:StopPlace:62456,Kvitfjell stasjon,2026-09-07T18:43:00+02:00,2026-09-07T18:43:00+02:00,,0.0,0,Trondheim S,SJN:Line:21,Dovrebanen,F6,rail,SJN:ServiceJourney:49-LOD_54215-R,True,planned,False,,,,,2026-09-07T20:27:16.249662+02:00
NSR:StopPlace:61295,Haugastøl stasjon,2026-09-07T16:13:00+02:00,2026-09-07T16:13:00+02:00,,0.0,0,Bergen,VYG:Line:F4,Oslo S-Bergen,F4,rail,VYG:ServiceJourney:601-LOD_456939-R,True,planned,False,,,,,2026-09-07T15:44:36.205822+02:00
NSR:StopPlace:61101,Notodden stasjon,2026-09-07T16:08:00+02:00,2026-09-07T16:08:00+02:00,,0.0,0,Porsgrunn,VYG:Line:R55,Porsgrunn-Notodden,R55,rail,VYG:ServiceJourney:2485_443755-R,True,planned,False,,,,,2026-09-07T15:44:36.205822+02:00
NSR:StopPlace:6,Greverud stasjon,2026-09-07T15:48:00+02:00,2026-09-07T15:48:00+02:00,,0.0,0,Stabekk,VYG:Line:L2,Stabekk-Oslo S-Ski,L2,rail,VYG:ServiceJourney:2748-SKI_443958-R,True,planned,False,,,,,2026-09-07T15:44:36.205822+02:00
NSR:StopPlace:6,Greverud stasjon,2026-09-07T16:03:00+02:00,2026-09-07T16:03:00+02:00,,0.0,0,Lysaker,VYG:Line:L2,Stabekk-Oslo S-Ski,L2,rail,VYG:ServiceJourney:2848-SKI_444080-R,True,planned,False,,,,,2026-09-07T15:44:36.205822+02:00
NSR:StopPlace:6,Greverud stasjon,2026-09-07T16:10:00+02:00,2026-09-07T16:10:00+02:00,,0.0,0,Ski,VYG:Line:L2,Stabekk-Oslo S-Ski,L2,rail,VYG:ServiceJourney:2743-HVK_443953-R,True,planned,False,Færre vogner,Denne avgangen kjører dessverre med 3 vogner i stedet for 6 vogner. Dette skyldes at vi mangler et togsett.,general,normal,2026-09-07T15:44:36.205822+02:00
NSR:StopPlace:6,Greverud stasjon,2026-09-07T16:18:00+02:00,2026-09-07T16:18:00+02:00,,0.0,0,Stabekk,VYG:Line:L2,Stabekk-Oslo S-Ski,L2,rail,VYG:ServiceJourney:2750-SKI_443961-R,True,planned,False,Færre vogner,Denne avgangen kjører dessverre med 3 vogner i stedet for 6 vogner. Dette skyldes at vi mangler et togsett.,general,normal,2026-09-07T15:44:36.205822+02:00
NSR:StopPlace:6,Greverud stasjon,2026-09-07T16:25:00+02:00,2026-09-07T16:25:00+02:00,,0.0,0,Ski,VYG:Line:L2,Stabekk-Oslo S-Ski,L2,rail,VYG:ServiceJourney:2843-HVK_444075-R,True,planned,False,,,,,2026-09-07T15:44:36.205822+02:00
NSR:StopPlace:6,Greverud stasjon,2026-09-07T16:33:00+02:00,2026-09-07T16:33:00+02:00,,0.0,0,Oslo S,VYG:Line:L2,Stabekk-Oslo S-Ski,L2,rail,VYG:ServiceJourney:2850_444084-R,True,planned,False,,,,,2026-09-07T15:44:36.205822+02:00
NSR:StopPlace:6,Greverud stasjon,2026-09-07T16:40:00+02:00,2026-09-07T16:40:00+02:00,,0.0,0,Ski,VYG:Line:L2,Stabekk-Oslo S-Ski,L2,rail,VYG:ServiceJourney:2745-HVK_443955-R,True,planned,False,,,,,2026-09-07T15:44:36.205822+02:00
NSR:StopPlace:61134,Tverlandet stasjon,2026-09-07T12:43:00+02:00,2026-09-07T12:43:00+02:00,,0.0,0,Trondheim S,SJN:Line:71,Nordlandsbanen,F7,rail,SJN:ServiceJourney:472_46160-R,True,planned,False,,,,,2026-09-07T15:44:36.205822+02:00
NSR:StopPlace:61134,Tverlandet stasjon,2026-09-07T14:49:00+02:00,2026-09-07T14:49:00+02:00,,0.0,0,Bodø,SJN:Line:79,Saltenpendelen,R75,rail,SJN:ServiceJourney:1787_41146-R,True,planned,False,,,,,2026-09-07T15:44:36.205822+02:00
NSR:StopPlace:61134,Tverlandet stasjon,2026-09-07T15:24:00+02:00,2026-09-07T15:24:00+02:00,,0.0,0,Fauske,SJN:Line:79,Saltenpendelen,R75,rail,SJN:ServiceJourney:1788_41147-R,True,planned,False,,,,,2026-09-07T15:44:36.205822+02:00
NSR:StopPlace:61458,Mjølfjell stasjon,2026-09-07T16:15:00+02:00,2026-09-07T16:15:00+02:00,,0.0,0,Bergen,VYG:Line:R40,Bergen-Voss-Myrdal-Ål,R40,rail,VYG:ServiceJourney:1829_445142-R,True,planned,False,Forsinkelse forventes,Vi forventer at toget blir forsinket fra Myrdal. Dette skyldes at andre tog på strekningen er forsinket.,incident,normal,2026-09-07T15:44:36.205822+02:00
NSR:StopPlace:61459,Reitan stasjon,2026-09-07T16:10:00+02:00,2026-09-07T16:10:00+02:00,,0.0,0,Trondheim S,SJN:Line:25,Rørosbanen,R60,rail,SJN:ServiceJourney:2385_30335-R,True,planned,False,,,,,2026-09-07T15:44:36.205822+02:00
NSR:StopPlace:61466,Vakås stasjon,2026-09-07T15:52:00+02:00,2026-09-07T15:52:00+02:00,,0.0,0,Lillestrøm,VYG:Line:L1,Spikkestad-Oslo S-Lillestrøm,L1,rail,VYG:ServiceJourney:2146_443554-R,True,planned,False,,,,,2026-09-07T15:44:36.205822+02:00
NSR:StopPlace:61466,Vakås stasjon,2026-09-07T16:08:00+02:00,2026-09-07T16:08:00+02:00,,0.0,0,Lillestrøm,VYG:Line:L1,Spikkestad-Oslo S-Lillestrøm,L1,rail,VYG:ServiceJourney:2248_445345-R,True,planned,False,,,,,2026-09-07T15:44:36.205822+02:00
NSR:StopPlace:61466,Vakås stasjon,2026-09-07T16:11:00+02:00,2026-09-07T16:11:00+02:00,,0.0,0,Spikkestad,VYG:Line:L1,Spikkestad-Oslo S-Lillestrøm,L1,rail,VYG:ServiceJourney:2243_443656-R,True,planned,False,,,,,2026-09-07T15:44:36.205822+02:00
NSR:StopPlace:61466,Vakås stasjon,2026-09-07T16:22:00+02:00,2026-09-07T16:22:00+02:00,,0.0,0,Lillestrøm,VYG:Line:L1,Spikkestad-Oslo S-Lillestrøm,L1,rail,VYG:ServiceJourney:2148_443556-R,True,planned,False,,,,,2026-09-07T15:44:36.205822+02:00
NSR:StopPlace:61466,Vakås stasjon,2026-09-07T16:27:00+02:00,2026-09-07T16:27:00+02:00,,0.0,0,Asker,VYG:Line:L1,Spikkestad-Oslo S-Lillestrøm,L1,rail,VYG:ServiceJourney:2143_443551-R,True,planned,False,,,,,2026-09-07T15:44:36.205822+02:00
NSR:StopPlace:61466,Vakås stasjon,2026-09-07T16:38:00+02:00,2026-09-07T16:38:00+02:00,,0.0,0,Lillestrøm,VYG:Line:L1,Spikkestad-Oslo S-Lillestrøm,L1,rail,VYG:ServiceJourney:2250_443669-R,True,planned,False,,,,,2026-09-07T15:44:36.205822+02:00
NSR:StopPlace:61466,Vakås stasjon,2026-09-07T16:41:00+02:00,2026-09-07T16:41:00+02:00,,0.0,0,Spikkestad,VYG:Line:L1,Spikkestad-Oslo S-Lillestrøm,L1,rail,VYG:ServiceJourney:2245_443659-R,True,planned,False,,,,,2026-09-07T15:44:36.205822+02:00
NSR:StopPlace:61463,Nordstrand stasjon,2026-09-07T15:52:00+02:00,2026-09-07T15:52:00+02:00,,0.0,0,Lysaker,VYG:Line:L2,Stabekk-Oslo S-Ski,L2,rail,VYG:ServiceJourney:2846-SKI_444078-R,True,planned,False,,,,,2026-09-07T15:44:36.205822+02:00
NSR:StopPlace:61463,Nordstrand stasjon,2026-09-07T16:07:00+02:00,2026-09-07T16:07:00+02:00,,0.0,0,Ski,VYG:Line:L2,Stabekk-Oslo S-Ski,L2,rail,VYG:ServiceJourney:2843-HVK_444075-R,True,planned,False,,,,,2026-09-07T15:44:36.205822+02:00
NSR:StopPlace:61463,Nordstrand stasjon,2026-09-07T16:07:00+02:00,2026-09-07T16:07:00+02:00,,0.0,0,Stabekk,VYG:Line:L2,Stabekk-Oslo S-Ski,L2,rail,VYG:ServiceJourney:2748-SKI_443958-R,True,planned,False,,,,,2026-09-07T15:44:36.205822+02:00
NSR:StopPlace:61463,Nordstrand stasjon,2026-09-07T16:22:00+02:00,2026-09-07T16:22:00+02:00,,0.0,0,Ski,VYG:Line:L2,Stabekk-Oslo S-Ski,L2,rail,VYG:ServiceJourney:2745-HVK_443955-R,True,planned,False,,,,,2026-09-07T15:44:36.205822+02:00
NSR:StopPlace:61463,Nordstrand stasjon,2026-09-07T16:22:00+02:00,2026-09-07T16:22:00+02:00,,0.0,0,Lysaker,VYG:Line:L2,Stabekk-Oslo S-Ski,L2,rail,VYG:ServiceJourney:2848-SKI_444080-R,True,planned,False,,,,,2026-09-07T15:44:36.205822+02:00
NSR:StopPlace:61463,Nordstrand stasjon,2026-09-07T16:37:00+02:00,2026-09-07T16:37:00+02:00,,0.0,0,Ski,VYG:Line:L2,Stabekk-Oslo S-Ski,L2,rail,VYG:ServiceJourney:2845-HVK_444077-R,True,planned,False,,,,,2026-09-07T15:44:36.205822+02:00
NSR:StopPlace:61463,Nordstrand stasjon,2026-09-07T16:37:00+02:00,2026-09-07T16:37:00+02:00,,0.0,0,Stabekk,VYG:Line:L2,Stabekk-Oslo S-Ski,L2,rail,VYG:ServiceJourney:2750-SKI_443961-R,True,planned,False,Færre vogner,Denne avgangen kjører dessverre med 3 vogner i stedet for 6 vogner. Dette skyldes at vi mangler et togsett.,general,normal,2026-09-07T15:44:36.205822+02:00
NSR:StopPlace:61464,Hvalstad stasjon,2026-09-07T15:54:00+02:00,2026-09-07T15:54:00+02:00,,0.0,0,Lillestrøm,VYG:Line:L1,Spikkestad-Oslo S-Lillestrøm,L1,rail,VYG:ServiceJourney:2146_443554-R,True,planned,False,,,,,2026-09-07T15:44:36.205822+02:00
NSR:StopPlace:61464,Hvalstad stasjon,2026-09-07T16:10:00+02:00,2026-09-07T16:10:00+02:00,,0.0,0,Lillestrøm,VYG:Line:L1,Spikkestad-Oslo S-Lillestrøm,L1,rail,VYG:ServiceJourney:2248_445345-R,True,planned,False,,,,,2026-09-07T15:44:36.205822+02:00
NSR:StopPlace:61464,Hvalstad stasjon,2026-09-07T16:24:00+02:00,2026-09-07T16:24:00+02:00,,0.0,0,Lillestrøm,VYG:Line:L1,Spikkestad-Oslo S-Lillestrøm,L1,rail,VYG:ServiceJourney:2148_443556-R,True,planned,False,,,,,2026-09-07T15:44:36.205822+02:00
NSR:StopPlace:61464,Hvalstad stasjon,2026-09-07T16:25:00+02:00,2026-09-07T16:25:00+02:00,,0.0,0,Asker,VYG:Line:L1,Spikkestad-Oslo S-Lillestrøm,L1,rail,VYG:ServiceJourney:2143_443551-R,True,planned,False,,,,,2026-09-07T15:44:36.205822+02:00
NSR:StopPlace:61464,Hvalstad stasjon,2026-09-07T16:39:00+02:00,2026-09-07T16:39:00+02:00,,0.0,0,Spikkestad,VYG:Line:L1,Spikkestad-Oslo S-Lillestrøm,L1,rail,VYG:ServiceJourney:2245_443659-R,True,planned,False,,,,,2026-09-07T15:44:36.205822+02:00
NSR:StopPlace:61464,Hvalstad stasjon,2026-09-07T16:40:00+02:00,2026-09-07T16:40:00+02:00,,0.0,0,Lillestrøm,VYG:Line:L1,Spikkestad-Oslo S-Lillestrøm,L1,rail,VYG:ServiceJourney:2250_443669-R,True,planned,False,,,,,2026-09-07T15:44:36.205822+02:00
NSR:StopPlace:61413,Heia stasjon,2026-09-07T15:07:00+02:00,2026-09-07T15:07:00+02:00,,0.0,0,Rakkestad,VYG:Line:R22,Skøyen-Oslo S-Mysen-Rakkestad,R22,rail,VYG:ServiceJourney:1919_443464-R,True,planned,False,,,,,2026-09-07T15:44:36.205822+02:00
NSR:StopPlace:61413,Heia stasjon,2026-09-07T15:48:00+02:00,2026-09-07T15:48:00+02:00,,0.0,0,Oslo S,VYG:Line:R22,Skøyen-Oslo S-Mysen-Rakkestad,R22,rail,VYG:ServiceJourney:1926_443477-R,True,planned,False,,,,,2026-09-07T15:44:36.205822+02:00
NSR:StopPlace:61413,Heia stasjon,2026-09-07T16:07:00+02:00,2026-09-07T16:07:00+02:00,,0.0,0,Rakkestad,VYG:Line:R22,Skøyen-Oslo S-Mysen-Rakkestad,R22,rail,VYG:ServiceJourney:1921_443467-R,True,planned,False,,,,,2026-09-07T15:44:36.205822+02:00
NSR:StopPlace:61326,Gulskogen stasjon,2026-09-07T16:12:00+02:00,2026-09-07T16:12:00+02:00,,0.0,0,Eidsvoll,VYG:Line:R12,Kongsberg-Oslo S-Eidsvoll,R12,rail,VYG:ServiceJourney:524_444328-R,True,planned,False,,,,,2026-09-07T15:44:36.205822+02:00
NSR:StopPlace:61326,Gulskogen stasjon,2026-09-07T16:28:00+02:00,2026-09-07T16:28:00+02:00,,0.0,0,Kongsberg,VYG:Line:R13,Drammen-Oslo S-Dal,R13,rail,VYG:ServiceJourney:1642_443303-R,True,planned,False,,,,,2026-09-07T15:44:36.205822+02:00
NSR:StopPlace:61341,Drevvatn stasjon,2026-09-07T16:27:00+02:00,2026-09-07T16:27:00+02:00,,0.0,0,Trondheim S,SJN:Line:71,Nordlandsbanen,F7,rail,SJN:ServiceJourney:472_46160-R,True,planned,False,,,,,2026-09-07T15:44:36.205822+02:00
NSR:StopPlace:61341,Drevvatn stasjon,2026-09-07T16:36:00+02:00,2026-09-07T16:32:55+02:00,,0.0,0,Elsfjord,NOR:Line:12_8253,Mosjøen-Granmoen-Drevvatn-Elsf,253,bus,NOR:ServiceJourney:8253_251012124901180_1012,True,expected,False,,,,,2026-09-07T15:44:36.205822+02:00
NSR:StopPlace:61387,Skogn stasjon,2026-09-07T16:05:00+02:00,2026-09-07T16:05:00+02:00,,0.0,0,Steinkjer,SJN:Line:26,Trønderbanen,R70,rail,SJN:ServiceJourney:1761_56047-R,True,planned,False,,,,,2026-09-07T15:44:36.205822+02:00
NSR:StopPlace:61387,Skogn stasjon,2026-09-07T16:22:00+02:00,2026-09-07T16:22:00+02:00,,0.0,0,Ler,SJN:Line:26,Trønderbanen,R70,rail,SJN:ServiceJourney:442_56071-R,True,planned,False,,,,,2026-09-07T15:44:36.205822+02:00
NSR:StopPlace:61387,Skogn stasjon,2026-09-07T16:36:00+02:00,2026-09-07T16:36:00+02:00,,0.0,0,Steinkjer,SJN:Line:26,Trønderbanen,R70,rail,SJN:ServiceJourney:441-SOeB_56070-R,True,planned,False,,,,,2026-09-07T15:44:36.205822+02:00
NSR:StopPlace:61315,Nerdrum stasjon,2026-09-07T16:20:00+02:00,2026-09-07T16:20:00+02:00,,0.0,0,Kongsvinger,VYG:Line:R14,Asker-Oslo S-Kongsvinger,R14,rail,VYG:ServiceJourney:1023_442932-R,True,planned,False,,,,,2026-09-07T15:44:36.205822+02:00
NSR:StopPlace:61315,Nerdrum stasjon,2026-09-07T16:39:00+02:00,2026-09-07T16:39:00+02:00,,0.0,0,Asker,VYG:Line:R14,Asker-Oslo S-Kongsvinger,R14,rail,VYG:ServiceJourney:1024_442933-R,True,planned,False,,,,,2026-09-07T15:44:36.205822+02:00
NSR:StopPlace:61696,Lunden stasjon,2026-09-07T13:33:00+02:00,2026-09-07T13:33:00+02:00,,0.0,0,Myrdal,VYG:Line:R45,Myrdal-Flåm,R45,rail,VYG:ServiceJourney:1860_465779-R,True,planned,False,,,,,2026-09-07T15:44:36.205822+02:00
NSR:StopPlace:61696,Lunden stasjon,2026-09-07T14:48:00+02:00,2026-09-07T14:48:00+02:00,,0.0,0,Myrdal,VYG:Line:R45,Myrdal-Flåm,R45,rail,VYG:ServiceJourney:1862_465782-R,True,planned,False,,,,,2026-09-07T15:44:36.205822+02:00
NSR:StopPlace:61696,Lunden stasjon,2026-09-07T16:03:00+02:00,2026-09-07T16:03:00+02:00,,0.0,0,Myrdal,VYG:Line:R45,Myrdal-Flåm,R45,rail,VYG:ServiceJourney:1864_465785-R,True,planned,False,,,,,2026-09-07T15:44:36.205822+02:00
NSR:StopPlace:77,Røkland stasjon,2026-09-07T13:45:00+02:00,2026-09-07T13:45:00+02:00,,0.0,0,Trondheim S,SJN:Line:71,Nordlandsbanen,F7,rail,SJN:ServiceJourney:472_46160-R,True,planned,False,,,,,2026-09-07T15:44:36.205822+02:00
NSR:StopPlace:77,Røkland stasjon,2026-09-07T16:13:00+02:00,2026-09-07T16:13:00+02:00,,0.0,0,Bodø,SJN:Line:71,Nordlandsbanen,F7,rail,SJN:ServiceJourney:471_46158-R,True,planned,False,,,,,2026-09-07T15:44:36.205822+02:00
NSR:StopPlace:45,Reinunga stasjon,2026-09-07T14:19:00+02:00,2026-09-07T14:19:00+02:00,,0.0,0,Myrdal,VYG:Line:R45,Myrdal-Flåm,R45,rail,VYG:ServiceJourney:1860_465779-R,True,planned,False,,,,,2026-09-07T15:44:36.205822+02:00
NSR:StopPlace:45,Reinunga stasjon,2026-09-07T15:36:00+02:00,2026-09-07T15:36:00+02:00,,0.0,0,Myrdal,VYG:Line:R45,Myrdal-Flåm,R45,rail,VYG:ServiceJourney:1862_465782-R,True,planned,False,,,,,2026-09-07T15:44:36.205822+02:00
NSR:StopPlace:45,Reinunga stasjon,2026-09-07T16:01:00+02:00,2026-09-07T16:01:00+02:00,,0.0,0,Flåm,VYG:Line:R45,Myrdal-Flåm,R45,rail,VYG:ServiceJourney:1863_465784-R,True,planned,False,,,,,2026-09-07T15:44:36.205822+02:00
NSR:StopPlace:33,Ranheim stasjon,2026-09-07T15:53:00+02:00,2026-09-07T15:53:00+02:00,,0.0,0,Steinkjer,SJN:Line:26,Trønderbanen,R70,rail,SJN:ServiceJourney:1763_56048-R,True,planned,False,,,,,2026-09-07T15:44:36.205822+02:00
NSR:StopPlace:33,Ranheim stasjon,2026-09-07T16:03:00+02:00,2026-09-07T16:03:00+02:00,,0.0,0,Røros,SJN:Line:25,Rørosbanen,R60,rail,SJN:ServiceJourney:416_50919-R,True,planned,False,,,,,2026-09-07T15:44:36.205822+02:00
NSR:StopPlace:33,Ranheim stasjon,2026-09-07T16:29:00+02:00,2026-09-07T16:29:00+02:00,,0.0,0,Ler,SJN:Line:26,Trønderbanen,R70,rail,SJN:ServiceJourney:440_56069-R,True,planned,False,,,,,2026-09-07T15:44:36.205822+02:00
NSR:StopPlace:41,Hanaborg stasjon,2026-09-07T15:49:00+02:00,2026-09-07T15:49:00+02:00,,0.0,0,Spikkestad,VYG:Line:L1,Spikkestad-Oslo S-Lillestrøm,L1,rail,VYG:ServiceJourney:2245_443659-R,True,planned,False,,,,,2026-09-07T15:44:36.205822+02:00
NSR:StopPlace:41,Hanaborg stasjon,2026-09-07T16:04:00+02:00,2026-09-07T16:04:00+02:00,,0.0,0,Asker,VYG:Line:L1,Spikkestad-Oslo S-Lillestrøm,L1,rail,VYG:ServiceJourney:2145_443553-R,True,planned,False,Færre vogner,Denne avgangen kjører dessverre med 4 vogner i stedet for 8 vogner. Dette skyldes at vi mangler et togsett.,general,normal,2026-09-07T15:44:36.205822+02:00
NSR:StopPlace:41,Hanaborg stasjon,2026-09-07T16:19:00+02:00,2026-09-07T16:19:00+02:00,,0.0,0,Spikkestad,VYG:Line:L1,Spikkestad-Oslo S-Lillestrøm,L1,rail,VYG:ServiceJourney:2247_460777-R,True,planned,False,,,,,2026-09-07T15:44:36.205822+02:00
NSR:StopPlace:41,Hanaborg stasjon,2026-09-07T16:31:00+02:00,2026-09-07T16:31:00+02:00,,0.0,0,Lillestrøm,VYG:Line:L1,Spikkestad-Oslo S-Lillestrøm,L1,rail,VYG:ServiceJourney:2246_443661-R,True,planned,False,,,,,2026-09-07T15:44:36.205822+02:00
NSR:StopPlace:41,Hanaborg stasjon,2026-09-07T16:34:00+02:00,2026-09-07T16:34:00+02:00,,0.0,0,Asker,VYG:Line:L1,Spikkestad-Oslo S-Lillestrøm,L1,rail,VYG:ServiceJourney:2147_443555-R,True,planned,False,,,,,2026-09-07T15:44:36.205822+02:00
NSR:StopPlace:61897,Bryn stasjon,2026-09-07T16:05:00+02:00,2026-09-07T16:05:00+02:00,,0.0,0,Spikkestad,VYG:Line:L1,Spikkestad-Oslo S-Lillestrøm,L1,rail,VYG:ServiceJourney:2245_443659-R,True,planned,False,,,,,2026-09-07T15:44:36.205822+02:00
NSR:StopPlace:61897,Bryn stasjon,2026-09-07T16:15:00+02:00,2026-09-07T16:15:00+02:00,,0.0,0,Lillestrøm,VYG:Line:L1,Spikkestad-Oslo S-Lillestrøm,L1,rail,VYG:ServiceJourney:2246_443661-R,True,planned,False,,,,,2026-09-07T15:44:36.205822+02:00
NSR:StopPlace:61897,Bryn stasjon,2026-09-07T16:20:00+02:00,2026-09-07T16:20:00+02:00,,0.0,0,Asker,VYG:Line:L1,Spikkestad-Oslo S-Lillestrøm,L1,rail,VYG:ServiceJourney:2145_443553-R,True,planned,False,Færre vogner,Denne avgangen kjører dessverre med 4 vogner i stedet for 8 vogner. Dette skyldes at vi mangler et togsett.,general,normal,2026-09-07T15:44:36.205822+02:00
NSR:StopPlace:61897,Bryn stasjon,2026-09-07T16:30:00+02:00,2026-09-07T16:30:00+02:00,,0.0,0,Lillestrøm,VYG:Line:L1,Spikkestad-Oslo S-Lillestrøm,L1,rail,VYG:ServiceJourney:2146_443554-R,True,planned,False,,,,,2026-09-07T15:44:36.205822+02:00
NSR:StopPlace:61897,Bryn stasjon,2026-09-07T16:35:00+02:00,2026-09-07T16:35:00+02:00,,0.0,0,Spikkestad,VYG:Line:L1,Spikkestad-Oslo S-Lillestrøm,L1,rail,VYG:ServiceJourney:2247_460777-R,True,planned,False,,,,,2026-09-07T15:44:36.205822+02:00
NSR:StopPlace:61928,Blomheller stasjon,2026-09-07T14:01:00+02:00,2026-09-07T14:01:00+02:00,,0.0,0,Myrdal,VYG:Line:R45,Myrdal-Flåm,R45,rail,VYG:ServiceJourney:1860_465779-R,True,planned,False,,,,,2026-09-07T15:44:36.205822+02:00
NSR:StopPlace:61928,Blomheller stasjon,2026-09-07T15:18:00+02:00,2026-09-07T15:18:00+02:00,,0.0,0,Myrdal,VYG:Line:R45,Myrdal-Flåm,R45,rail,VYG:ServiceJourney:1862_465782-R,True,planned,False,,,,,2026-09-07T15:44:36.205822+02:00
NSR:StopPlace:61928,Blomheller stasjon,2026-09-07T16:22:00+02:00,2026-09-07T16:22:00+02:00,,0.0,0,Flåm,VYG:Line:R45,Myrdal-Flåm,R45,rail,VYG:ServiceJourney:1863_465784-R,True,planned,False,,,,,2026-09-07T15:44:36.205822+02:00
NSR:StopPlace:61928,Blomheller stasjon,2026-09-07T16:32:00+02:00,2026-09-07T16:32:00+02:00,,0.0,0,Myrdal,VYG:Line:R45,Myrdal-Flåm,R45,rail,VYG:ServiceJourney:1864_465785-R,True,planned,False,,,,,2026-09-07T15:44:36.205822+02:00
NSR:StopPlace:61926,Håreina stasjon,2026-09-07T13:36:00+02:00,2026-09-07T13:36:00+02:00,,0.0,0,Myrdal,VYG:Line:R45,Myrdal-Flåm,R45,rail,VYG:ServiceJourney:1860_465779-R,True,planned,False,,,,,2026-09-07T15:44:36.205822+02:00
NSR:StopPlace:61926,Håreina stasjon,2026-09-07T14:51:00+02:00,2026-09-07T14:51:00+02:00,,0.0,0,Myrdal,VYG:Line:R45,Myrdal-Flåm,R45,rail,VYG:ServiceJourney:1862_465782-R,True,planned,False,,,,,2026-09-07T15:44:36.205822+02:00
NSR:StopPlace:61926,Håreina stasjon,2026-09-07T16:06:00+02:00,2026-09-07T16:06:00+02:00,,0.0,0,Myrdal,VYG:Line:R45,Myrdal-Flåm,R45,rail,VYG:ServiceJourney:1864_465785-R,True,planned,False,,,,,2026-09-07T15:44:36.205822+02:00
NSR:StopPlace:61926,Håreina stasjon,2026-09-07T16:43:00+02:00,2026-09-07T16:43:00+02:00,,0.0,0,Flåm,VYG:Line:R45,Myrdal-Flåm,R45,rail,VYG:ServiceJourney:1863_465784-R,True,planned,False,,,,,2026-09-07T15:44:36.205822+02:00
NSR:StopPlace:61927,Berekvam stasjon,2026-09-07T16:29:00+02:00,2026-09-07T16:29:00+02:00,,0.0,0,Flåm,VYG:Line:R45,Myrdal-Flåm,R45,rail,VYG:ServiceJourney:1863_465784-R,True,planned,False,,,,,2026-09-07T15:44:36.205822+02:00
NSR:StopPlace:61735,Hell stasjon,2026-09-07T15:50:00+02:00,2026-09-07T15:50:00+02:00,,0.0,0,Steinkjer,SJN:Line:26,Trønderbanen,R70,rail,SJN:ServiceJourney:441-SOeB_56070-R,True,planned,False,,,,,2026-09-07T15:44:36.205822+02:00
NSR:StopPlace:61735,Hell stasjon,2026-09-07T16:06:00+02:00,2026-09-07T16:06:00+02:00,,0.0,0,Ler,SJN:Line:26,Trønderbanen,R70,rail,SJN:ServiceJourney:440_56069-R,True,planned,False,,,,,2026-09-07T15:44:36.205822+02:00
NSR:StopPlace:61735,Hell stasjon,2026-09-07T16:20:00+02:00,2026-09-07T16:20:00+02:00,,0.0,0,Steinkjer,SJN:Line:26,Trønderbanen,R70,rail,SJN:ServiceJourney:1763_56048-R,True,planned,False,,,,,2026-09-07T15:44:36.205822+02:00
NSR:StopPlace:59789,Skotbu stasjon,2026-09-07T14:32:00+02:00,2026-09-07T14:32:00+02:00,,0.0,0,Oslo S,VYG:Line:R22,Skøyen-Oslo S-Mysen-Rakkestad,R22,rail,VYG:ServiceJourney:1922_673815-R,True,planned,False,,,,,2026-09-07T15:44:36.205822+02:00
NSR:StopPlace:59789,Skotbu stasjon,2026-09-07T16:22:00+02:00,2026-09-07T16:22:00+02:00,,0.0,0,Rakkestad,VYG:Line:R22,Skøyen-Oslo S-Mysen-Rakkestad,R22,rail,VYG:ServiceJourney:1923_443472-R,True,planned,False,,,,,2026-09-07T15:44:36.205822+02:00
NSR:StopPlace:59789,Skotbu stasjon,2026-09-07T16:34:00+02:00,2026-09-07T16:34:00+02:00,,0.0,0,Oslo S,VYG:Line:R22,Skøyen-Oslo S-Mysen-Rakkestad,R22,rail,VYG:ServiceJourney:1926_443477-R,True,planned,False,,,,,2026-09-07T15:44:36.205822+02:00
NSR:StopPlace:59646,Høvik stasjon,2026-09-07T15:55:00+02:00,2026-09-07T15:55:00+02:00,,0.0,0,Asker,RUT:Line:270,Asker - Sandvika (- Fornebu),270,bus,RUT:ServiceJourney:a0d4cccfe97dee565c6bf9f9441ef9ca,True,planned,False,,,,,2026-09-07T15:44:36.205822+02:00
NSR:StopPlace:59646,Høvik stasjon,2026-09-07T16:07:00+02:00,2026-09-07T16:07:00+02:00,,0.0,0,Lillestrøm,VYG:Line:L1,Spikkestad-Oslo S-Lillestrøm,L1,rail,VYG:ServiceJourney:2146_443554-R,True,planned,False,,,,,2026-09-07T15:44:36.205822+02:00
NSR:StopPlace:59646,Høvik stasjon,2026-09-07T16:10:00+02:00,2026-09-07T16:10:00+02:00,,0.0,0,Asker,RUT:Line:270,Asker - Sandvika (- Fornebu),270,bus,RUT:ServiceJourney:66d0f866907992454fd60e9ae042f608,True,planned,False,,,,,2026-09-07T15:44:36.205822+02:00
NSR:StopPlace:59646,Høvik stasjon,2026-09-07T16:12:00+02:00,2026-09-07T16:12:00+02:00,,0.0,0,Asker,VYG:Line:L1,Spikkestad-Oslo S-Lillestrøm,L1,rail,VYG:ServiceJourney:2143_443551-R,True,planned,False,,,,,2026-09-07T15:44:36.205822+02:00
NSR:StopPlace:59646,Høvik stasjon,2026-09-07T16:17:00+02:00,2026-09-07T16:17:00+02:00,,0.0,0,Bødalen,RUT:Line:5260,Bødalen - Slemmestad - Holmen - Sandvika- Ullevål,260E,bus,RUT:ServiceJourney:5c0324a7f96d04230d1890140e34af3c,True,planned,False,,,,,2026-09-07T15:44:36.205822+02:00
NSR:StopPlace:59647,Dal stasjon,2026-09-07T15:54:00+02:00,2026-09-07T15:54:00+02:00,,0.0,0,Kongsberg,VYG:Line:R13,Drammen-Oslo S-Dal,R13,rail,VYG:ServiceJourney:1646_443312-R,True,planned,False,,,,,2026-09-07T15:44:36.205822+02:00
NSR:StopPlace:59647,Dal stasjon,2026-09-07T16:11:00+02:00,2026-09-07T16:11:00+02:00,,0.0,0,Jessheim,RUT:Line:430,Eidsvoll - Jessheim,430,bus,RUT:ServiceJourney:67c9ae5ae52192639533b60ec155d566,True,planned,False,,,,,2026-09-07T15:44:36.205822+02:00
NSR:StopPlace:59647,Dal stasjon,2026-09-07T16:16:00+02:00,2026-09-07T16:16:00+02:00,,0.0,0,Eidsvoll,RUT:Line:430,Eidsvoll - Jessheim,430,bus,RUT:ServiceJourney:ee10a2ef1dce63ccdb5fbe69a5d267d0,True,planned,False,,,,,2026-09-07T15:44:36.205822+02:00
NSR:StopPlace:59647,Dal stasjon,2026-09-07T16:26:00+02:00,2026-09-07T16:26:00+02:00,,0.0,0,Jessheim,RUT:Line:430,Eidsvoll - Jessheim,430,bus,RUT:ServiceJourney:48522975e81a2a90b95f24cec9e82fdf,True,planned,False,,,,,2026-09-07T15:44:36.205822+02:00
NSR:StopPlace:59647,Dal stasjon,2026-09-07T16:31:00+02:00,2026-09-07T16:31:00+02:00,,0.0,0,Eidsvoll,RUT:Line:430,Eidsvoll - Jessheim,430,bus,RUT:ServiceJourney:aed0588bdf5a404250d874ce70a6c215,True,planned,False,,,,,2026-09-07T15:44:36.205822+02:00
NSR:StopPlace:59647,Dal stasjon,2026-09-07T16:41:00+02:00,2026-09-07T16:41:00+02:00,,0.0,0,Jessheim,RUT:Line:430,Eidsvoll - Jessheim,430,bus,RUT:ServiceJourney:cd5e991728f7a5a7f2b6fc16b23d8a94,True,planned,False,,,,,2026-09-07T15:44:36.205822+02:00
NSR:StopPlace:59640,Bodung stasjon,2026-09-07T16:18:00+02:00,2026-09-07T16:18:00+02:00,,0.0,0,Kongsvinger,VYG:Line:R14,Asker-Oslo S-Kongsvinger,R14,rail,VYG:ServiceJourney:1051-HAV_442955-R,True,planned,False,,,,,2026-09-07T15:44:36.205822+02:00
NSR:StopPlace:59642,Rånåsfoss stasjon,2026-09-07T15:48:00+02:00,2026-09-07T15:48:00+02:00,,0.0,0,Årnes,RUT:Line:455,Årnes -Rånåsfoss,455,bus,RUT:ServiceJourney:a04d0f0bf1fd1974face7868f6544dd9,True,planned,False,,,,,2026-09-07T15:44:36.205822+02:00
NSR:StopPlace:59642,Rånåsfoss stasjon,2026-09-07T16:07:00+02:00,2026-09-07T16:07:00+02:00,,0.0,0,Kongsvinger,VYG:Line:R14,Asker-Oslo S-Kongsvinger,R14,rail,VYG:ServiceJourney:1051-HAV_442955-R,True,planned,False,,,,,2026-09-07T15:44:36.205822+02:00
NSR:StopPlace:59642,Rånåsfoss stasjon,2026-09-07T16:13:00+02:00,2026-09-07T16:13:00+02:00,,0.0,0,Haga,RUT:Line:455,Årnes -Rånåsfoss,455,bus,RUT:ServiceJourney:c7f86f72ebd0a1ef94fb8f747f532a5f,True,planned,False,,,,,2026-09-07T15:44:36.205822+02:00
NSR:StopPlace:59642,Rånåsfoss stasjon,2026-09-07T16:19:00+02:00,2026-09-07T16:19:00+02:00,,0.0,0,Asker,VYG:Line:R14,Asker-Oslo S-Kongsvinger,R14,rail,VYG:ServiceJourney:1024_442933-R,True,planned,False,,,,,2026-09-07T15:44:36.205822+02:00
NSR:StopPlace:59642,Rånåsfoss stasjon,2026-09-07T16:39:00+02:00,2026-09-07T16:39:00+02:00,,0.0,0,Kongsvinger,VYG:Line:R14,Asker-Oslo S-Kongsvinger,R14,rail,VYG:ServiceJourney:1023_442932-R,True,planned,False,,,,,2026-09-07T15:44:36.205822+02:00
NSR:StopPlace:59658,Moi stasjon,2026-09-07T16:00:00+02:00,2026-09-07T16:00:00+02:00,,0.0,0,Flekkefjord,AKT:Line:260,Flekkefjord - Sira - Moi,260,bus,AKT:ServiceJourney:57361_122_20_115200_117000_3935551,True,planned,False,,,,,2026-09-07T15:44:36.205822+02:00
NSR:StopPlace:59652,Tøyen stasjon,2026-09-07T16:09:00+02:00,2026-09-07T16:09:00+02:00,,0.0,0,Tonsenhagen,RUT:Line:60,Vippetangen-Tonsenhagen,60,bus,RUT:ServiceJourney:b1544874d16ada7916c13c5e8a1faffa,True,planned,False,,,,,2026-09-07T15:44:36.205822+02:00
NSR:StopPlace:59653,Haugenstua stasjon,2026-09-07T15:55:00+02:00,2026-09-07T15:55:00+02:00,,0.0,0,Spikkestad,VYG:Line:L1,Spikkestad-Oslo S-Lillestrøm,L1,rail,VYG:ServiceJourney:2245_443659-R,True,planned,False,,,,,2026-09-07T15:44:36.205822+02:00
NSR:StopPlace:59653,Haugenstua stasjon,2026-09-07T16:10:00+02:00,2026-09-07T16:10:00+02:00,,0.0,0,Asker,VYG:Line:L1,Spikkestad-Oslo S-Lillestrøm,L1,rail,VYG:ServiceJourney:2145_443553-R,True,planned,False,Færre vogner,Denne avgangen kjører dessverre med 4 vogner i stedet for 8 vogner. Dette skyldes at vi mangler et togsett.,general,normal,2026-09-07T15:44:36.205822+02:00
NSR:StopPlace:59653,Haugenstua stasjon,2026-09-07T16:25:00+02:00,2026-09-07T16:25:00+02:00,,0.0,0,Lillestrøm,VYG:Line:L1,Spikkestad-Oslo S-Lillestrøm,L1,rail,VYG:ServiceJourney:2246_443661-R,True,planned,False,,,,,2026-09-07T15:44:36.205822+02:00
NSR:StopPlace:59653,Haugenstua stasjon,2026-09-07T16:25:00+02:00,2026-09-07T16:25:00+02:00,,0.0,0,Spikkestad,VYG:Line:L1,Spikkestad-Oslo S-Lillestrøm,L1,rail,VYG:ServiceJourney:2247_460777-R,True,planned,False,,,,,2026-09-07T15:44:36.205822+02:00
NSR:StopPlace:59653,Haugenstua stasjon,2026-09-07T16:40:00+02:00,2026-09-07T16:40:00+02:00,,0.0,0,Lillestrøm,VYG:Line:L1,Spikkestad-Oslo S-Lillestrøm,L1,rail,VYG:ServiceJourney:2146_443554-R,True,planned,False,,,,,2026-09-07T15:44:36.205822+02:00
NSR:StopPlace:59653,Haugenstua stasjon,2026-09-07T16:40:00+02:00,2026-09-07T16:40:00+02:00,,0.0,0,Asker,VYG:Line:L1,Spikkestad-Oslo S-Lillestrøm,L1,rail,VYG:ServiceJourney:2147_443555-R,True,planned,False,,,,,2026-09-07T15:44:36.205822+02:00
NSR:StopPlace:59703,Åndalsnes stasjon,2026-09-07T16:37:00+02:00,2026-09-07T16:37:00+02:00,,0.0,0,Åndalsnes,MOR:Line:420,Fram Ekspress Molde-Åndalsnes,420,bus,MOR:ServiceJourney:420_114_9150000047246116,True,planned,False,,,,,2026-09-07T15:44:36.205822+02:00
NSR:StopPlace:60736,Spikkestad stasjon,2026-09-07T15:46:00+02:00,2026-09-07T15:46:00+02:00,,0.0,0,Lillestrøm,VYG:Line:L1,Spikkestad-Oslo S-Lillestrøm,L1,rail,VYG:ServiceJourney:2248_445345-R,True,planned,False,,,,,2026-09-07T15:44:36.205822+02:00
NSR:StopPlace:60736,Spikkestad stasjon,2026-09-07T16:16:00+02:00,2026-09-07T16:16:00+02:00,,0.0,0,Lillestrøm,VYG:Line:L1,Spikkestad-Oslo S-Lillestrøm,L1,rail,VYG:ServiceJourney:2250_443669-R,True,planned,False,,,,,2026-09-07T15:44:36.205822+02:00
NSR:StopPlace:60737,Bondivann stasjon,2026-09-07T13:30:00+02:00,2026-09-07T13:30:00+02:00,,0.0,0,Lillestrøm,VYG:Line:L1,Spikkestad-Oslo S-Lillestrøm,L1,rail,VYG:ServiceJourney:2238_443647-R,True,planned,False,Færre vogner,Denne avgangen kjører dessverre med 4 vogner i stedet for 8 vogner. Dette skyldes at vi mangler et togsett.,general,normal,2026-09-07T15:44:36.205822+02:00
NSR:StopPlace:60737,Bondivann stasjon,2026-09-07T15:30:00+02:00,2026-09-07T15:30:00+02:00,,0.0,0,Lillestrøm,VYG:Line:L1,Spikkestad-Oslo S-Lillestrøm,L1,rail,VYG:ServiceJourney:2246_443661-R,True,planned,False,,,,,2026-09-07T15:44:36.205822+02:00
NSR:StopPlace:60737,Bondivann stasjon,2026-09-07T16:00:00+02:00,2026-09-07T16:00:00+02:00,,0.0,0,Lillestrøm,VYG:Line:L1,Spikkestad-Oslo S-Lillestrøm,L1,rail,VYG:ServiceJourney:2248_445345-R,True,planned,False,,,,,2026-09-07T15:44:36.205822+02:00
NSR:StopPlace:60737,Bondivann stasjon,2026-09-07T16:19:00+02:00,2026-09-07T16:19:00+02:00,,0.0,0,Spikkestad,VYG:Line:L1,Spikkestad-Oslo S-Lillestrøm,L1,rail,VYG:ServiceJourney:2243_443656-R,True,planned,False,,,,,2026-09-07T15:44:36.205822+02:00
NSR:StopPlace:60737,Bondivann stasjon,2026-09-07T16:30:00+02:00,2026-09-07T16:30:00+02:00,,0.0,0,Lillestrøm,VYG:Line:L1,Spikkestad-Oslo S-Lillestrøm,L1,rail,VYG:ServiceJourney:2250_443669-R,True,planned,False,,,,,2026-09-07T15:44:36.205822+02:00
NSR:StopPlace:60735,Gullhella stasjon,2026-09-07T15:58:00+02:00,2026-09-07T15:58:00+02:00,,0.0,0,Lillestrøm,VYG:Line:L1,Spikkestad-Oslo S-Lillestrøm,L1,rail,VYG:ServiceJourney:2248_445345-R,True,planned,False,,,,,2026-09-07T15:44:36.205822+02:00
NSR:StopPlace:60735,Gullhella stasjon,2026-09-07T16:21:00+02:00,2026-09-07T16:21:00+02:00,,0.0,0,Spikkestad,VYG:Line:L1,Spikkestad-Oslo S-Lillestrøm,L1,rail,VYG:ServiceJourney:2243_443656-R,True,planned,False,,,,,2026-09-07T15:44:36.205822+02:00
NSR:StopPlace:60735,Gullhella stasjon,2026-09-07T16:27:00+02:00,2026-09-07T16:27:00+02:00,,0.0,0,Lillestrøm,VYG:Line:L1,Spikkestad-Oslo S-Lillestrøm,L1,rail,VYG:ServiceJourney:2250_443669-R,True,planned,False,,,,,2026-09-07T15:44:36.205822+02:00
NSR:StopPlace:59952,Drammen stasjon,2026-09-07T15:57:00+02:00,2026-09-07T15:57:00+02:00,,0.0,0,Lillehammer,VYG:Line:RE10,Drammen-Oslo S-Lillehammer,RE10,rail,VYG:ServiceJourney:325-SUD_444215-R,True,planned,False,,,,,2026-09-07T15:44:36.205822+02:00
NSR:StopPlace:59952,Drammen stasjon,2026-09-07T16:00:00+02:00,2026-09-07T16:00:00+02:00,,0.0,0,Stavanger,GOA:Line:50,Sørtoget region,F5,rail,GOA:ServiceJourney:715-LOD_63248-R,True,planned,False,,,,,2026-09-07T15:44:36.205822+02:00
NSR:StopPlace:59952,Drammen stasjon,2026-09-07T16:02:00+02:00,2026-09-07T16:02:00+02:00,,0.0,0,Oslo Lufthavn,FLT:Line:FLY1,FLY1,FLY1,rail,FLT:ServiceJourney:1-2614-3773-20260907,True,planned,False,,,,,2026-09-07T15:44:36.205822+02:00
NSR:StopPlace:59952,Drammen stasjon,2026-09-07T16:05:00+02:00,2026-09-07T16:05:00+02:00,,0.0,0,Dal,VYG:Line:R13,Drammen-Oslo S-Dal,R13,rail,VYG:ServiceJourney:1647_443313-R,True,planned,False,,,,,2026-09-07T15:44:36.205822+02:00
NSR:StopPlace:59957,Klepp stasjon,2026-09-07T15:57:00+02:00,2026-09-07T15:57:00+02:00,,0.0,0,Verdalen via Kleppekrossen,KOL:Line:8_2024,59,59,bus,KOL:ServiceJourney:2024_250903083241322_2026,True,planned,False,,,,,2026-09-07T15:44:36.205822+02:00
NSR:StopPlace:59957,Klepp stasjon,2026-09-07T16:38:00+02:00,2026-09-07T16:38:00+02:00,,0.0,0,Boreringen,KOL:Line:8_2024,59,59,bus,KOL:ServiceJourney:2024_250903083241336_2028,True,planned,False,,,,,2026-09-07T15:44:36.205822+02:00
NSR:StopPlace:59958,Voss stasjon,2026-09-07T15:48:00+02:00,2026-09-07T15:48:00+02:00,,0.0,0,Arna terminal,SKY:Line:950,Bergen-Voss-Gudvangen,950,bus,SKY:ServiceJourney:950-205165-21338653,True,planned,False,,,,,2026-09-07T15:44:36.205822+02:00
NSR:StopPlace:59958,Voss stasjon,2026-09-07T15:50:00+02:00,2026-09-07T15:50:00+02:00,,0.0,0,Lemme,SKY:Line:954,Voss - Lemme,954,bus,SKY:ServiceJourney:954-205165-21245355,True,planned,False,,,,,2026-09-07T15:44:36.205822+02:00
NSR:StopPlace:59958,Voss stasjon,2026-09-07T15:50:00+02:00,2026-09-07T15:50:00+02:00,,0.0,0,Gudvangen,SKY:Line:950,Bergen-Voss-Gudvangen,950,bus,SKY:ServiceJourney:950-205165-21338670,True,planned,False,,,,,2026-09-07T15:44:36.205822+02:00
NSR:StopPlace:59958,Voss stasjon,2026-09-07T15:50:00+02:00,2026-09-07T15:50:00+02:00,,0.0,0,Ulvik,SKY:Line:945,Voss - Granvin -(Bu)- Ulvik,945,bus,SKY:ServiceJourney:945-205165-21245447,True,planned,False,,,,,2026-09-07T15:44:36.205822+02:00
NSR:StopPlace:59958,Voss stasjon,2026-09-07T15:55:00+02:00,2026-09-07T15:55:00+02:00,,0.0,0,Sivlevegen,SKY:Line:964,Voss-Skjerpe/Sivlevegen(Ringbuss),964,bus,SKY:ServiceJourney:964-205165-20969020,True,planned,False,,,,,2026-09-07T15:44:36.205822+02:00
NSR:StopPlace:59958,Voss stasjon,2026-09-07T15:57:00+02:00,2026-09-07T15:57:00+02:00,,0.0,0,Bergen,VYG:Line:R40,Bergen-Voss-Myrdal-Ål,R40,rail,VYG:ServiceJourney:1827_443414-R,True,planned,False,,,,,2026-09-07T15:44:36.205822+02:00
NSR:StopPlace:59983,Bergen stasjon,2026-09-07T15:57:00+02:00,2026-09-07T15:57:00+02:00,,0.0,0,Arna,VYG:Line:L4,Bergen-Arna,L4,rail,VYG:ServiceJourney:2644_443859-R,True,planned,False,,,,,2026-09-07T15:44:36.205822+02:00
NSR:StopPlace:59983,Bergen stasjon,2026-09-07T16:12:00+02:00,2026-09-07T16:12:00+02:00,,0.0,0,Arna,VYG:Line:L4,Bergen-Arna,L4,rail,VYG:ServiceJourney:2544_443802-R,True,planned,False,,,,,2026-09-07T15:44:36.205822+02:00
NSR:StopPlace:59983,Bergen stasjon,2026-09-07T16:19:00+02:00,2026-09-07T16:19:00+02:00,,0.0,0,Myrdal,VYG:Line:R40,Bergen-Voss-Myrdal-Ål,R40,rail,VYG:ServiceJourney:1824_554550-R,True,planned,False,,,,,2026-09-07T15:44:36.205822+02:00
NSR:StopPlace:59983,Bergen stasjon,2026-09-07T16:27:00+02:00,2026-09-07T16:27:00+02:00,,0.0,0,Arna,VYG:Line:L4,Bergen-Arna,L4,rail,VYG:ServiceJourney:2646_443861-R,True,planned,False,,,,,2026-09-07T15:44:36.205822+02:00
NSR:StopPlace:59983,Bergen stasjon,2026-09-07T16:42:00+02:00,2026-09-07T16:42:00+02:00,,0.0,0,Arna,VYG:Line:L4,Bergen-Arna,L4,rail,VYG:ServiceJourney:2546_443804-R,True,planned,False,,,,,2026-09-07T15:44:36.205822+02:00
NSR:StopPlace:60017,Slitu stasjon,2026-09-07T14:50:00+02:00,2026-09-07T14:50:00+02:00,,0.0,0,Rakkestad,VYG:Line:R22,Skøyen-Oslo S-Mysen-Rakkestad,R22,rail,VYG:ServiceJourney:1919_443464-R,True,planned,False,,,,,2026-09-07T15:44:36.205822+02:00
NSR:StopPlace:60017,Slitu stasjon,2026-09-07T15:04:00+02:00,2026-09-07T15:04:00+02:00,,0.0,0,Oslo S,VYG:Line:R22,Skøyen-Oslo S-Mysen-Rakkestad,R22,rail,VYG:ServiceJourney:1924_443474-R,True,planned,False,,,,,2026-09-07T15:44:36.205822+02:00
NSR:StopPlace:60017,Slitu stasjon,2026-09-07T16:06:00+02:00,2026-09-07T16:06:00+02:00,,0.0,0,Oslo S,VYG:Line:R22,Skøyen-Oslo S-Mysen-Rakkestad,R22,rail,VYG:ServiceJourney:1926_443477-R,True,planned,False,,,,,2026-09-07T15:44:36.205822+02:00
NSR:StopPlace:60017,Slitu stasjon,2026-09-07T16:19:00+02:00,2026-09-07T16:19:00+02:00,,0.0,0,Mysen,VYG:Line:R22,Skøyen-Oslo S-Mysen-Rakkestad,R22,rail,VYG:ServiceJourney:1951_443497-R,True,planned,False,,,,,2026-09-07T15:44:36.205822+02:00
NSR:StopPlace:60016,Kråkstad stasjon,2026-09-07T16:18:00+02:00,2026-09-07T16:18:00+02:00,,0.0,0,Rakkestad,VYG:Line:R22,Skøyen-Oslo S-Mysen-Rakkestad,R22,rail,VYG:ServiceJourney:1923_443472-R,True,planned,False,,,,,2026-09-07T15:44:36.205822+02:00
NSR:StopPlace:60016,Kråkstad stasjon,2026-09-07T16:38:00+02:00,2026-09-07T16:38:00+02:00,,0.0,0,Oslo S,VYG:Line:R22,Skøyen-Oslo S-Mysen-Rakkestad,R22,rail,VYG:ServiceJourney:1926_443477-R,True,planned,False,,,,,2026-09-07T15:44:36.205822+02:00
NSR:StopPlace:60049,Hønefoss stasjon,2026-09-07T16:00:00+02:00,2026-09-07T16:00:00+02:00,,0.0,0,Bergen,VYG:Line:F4,Oslo S-Bergen,F4,rail,VYG:ServiceJourney:65-LOD_590005-R,True,planned,False,,,,,2026-09-07T15:44:36.205822+02:00
NSR:StopPlace:60042,Trengereid stasjon,2026-09-07T16:37:00+02:00,2026-09-07T16:37:00+02:00,,0.0,0,Bergen,VYG:Line:R40,Bergen-Voss-Myrdal-Ål,R40,rail,VYG:ServiceJourney:1825_465764-R,True,planned,False,,,,,2026-09-07T15:44:36.205822+02:00
NSR:StopPlace:60045,Hamar stasjon,2026-09-07T15:52:00+02:00,2026-09-07T15:52:00+02:00,,0.0,0,Lillehammer,VYG:Line:RE10,Drammen-Oslo S-Lillehammer,RE10,rail,VYG:ServiceJourney:321-SUD_444201-R,True,planned,False,,,,,2026-09-07T15:44:36.205822+02:00
NSR:StopPlace:60045,Hamar stasjon,2026-09-07T16:08:00+02:00,2026-09-07T16:08:00+02:00,,0.0,0,Trondheim S,SJN:Line:25,Rørosbanen,R60,rail,SJN:ServiceJourney:2389_47883-R,True,planned,False,,,,,2026-09-07T15:44:36.205822+02:00
NSR:StopPlace:60045,Hamar stasjon,2026-09-07T16:12:00+02:00,2026-09-07T16:12:00+02:00,,0.0,0,Drammen,VYG:Line:RE10,Drammen-Oslo S-Lillehammer,RE10,rail,VYG:ServiceJourney:324-LHM_444211-R,True,planned,False,,,,,2026-09-07T15:44:36.205822+02:00
NSR:StopPlace:60053,Halden stasjon,2026-09-07T15:51:00+02:00,2026-09-07T15:50:21+02:00,,0.0,0,Halden sentrum,OST:Line:1_631,Halden-Ørje,631,bus,OST:ServiceJourney:631_260325121471417_10,True,expected,False,,,,,2026-09-07T15:44:36.205822+02:00
NSR:StopPlace:60053,Halden stasjon,2026-09-07T16:11:00+02:00,2026-09-07T16:11:00+02:00,,0.0,0,Oslo S,VYG:Line:RE20,Oslo S-Halden-Göteborg (X-Border),RE20,rail,VYG:ServiceJourney:390-126_459684-R,True,planned,False,,,,,2026-09-07T15:44:36.205822+02:00
NSR:StopPlace:60077,Støren stasjon,2026-09-07T16:06:00+02:00,2026-09-07T16:06:00+02:00,,0.0,0,Trondheim S,SJN:Line:21,Dovrebanen,F6,rail,SJN:ServiceJourney:45-LOD_48255-R,True,planned,False,,,,,2026-09-07T15:44:36.205822+02:00
NSR:StopPlace:60077,Støren stasjon,2026-09-07T16:18:00+02:00,2026-09-07T16:18:00+02:00,,0.0,0,Oslo S,SJN:Line:21,Dovrebanen,F6,rail,SJN:ServiceJourney:48-TND_42795-R,True,planned,False,,,,,2026-09-07T15:44:36.205822+02:00
NSR:StopPlace:59261,Trondheim lufthavn,2026-09-07T13:30:00+02:00,2026-09-07T13:21:00+02:00,,0.0,0,Bodø,AVI:Line:WF_BOO-TRD,Bodø-Trondheim,,air,AVI:ServiceJourney:WF768-01-206301640,True,expected,False,,,,,2026-09-07T15:44:36.205822+02:00
NSR:StopPlace:59261,Trondheim lufthavn,2026-09-07T13:35:00+02:00,2026-09-07T13:33:00+02:00,,0.0,0,Stavanger,AVI:Line:WF_SVG-TRD,Stavanger-Trondheim,,air,AVI:ServiceJourney:WF1205-01-126368781,True,expected,False,,,,,2026-09-07T15:44:36.205822+02:00
NSR:StopPlace:59261,Trondheim lufthavn,2026-09-07T13:55:00+02:00,2026-09-07T13:45:00+02:00,,0.0,0,Stavanger,AVI:Line:SK_SVG-TRD,Stavanger-Trondheim,,air,AVI:ServiceJourney:SK4483-01-465085078,True,expected,False,,,,,2026-09-07T15:44:36.205822+02:00
NSR:StopPlace:59261,Trondheim lufthavn,2026-09-07T14:35:00+02:00,2026-09-07T14:27:00+02:00,,0.0,0,Ålesund,AVI:Line:WF_TRD-AES,Trondheim-Ålesund,,air,AVI:ServiceJourney:WF1386-01-126350968,True,expected,False,,,,,2026-09-07T15:44:36.205822+02:00
NSR:StopPlace:59637,Rosenholm stasjon,2026-09-07T15:58:00+02:00,2026-09-07T15:58:00+02:00,,0.0,0,Stabekk,VYG:Line:L2,Stabekk-Oslo S-Ski,L2,rail,VYG:ServiceJourney:2748-SKI_443958-R,True,planned,False,,,,,2026-09-07T15:44:36.205822+02:00
NSR:StopPlace:59637,Rosenholm stasjon,2026-09-07T16:13:00+02:00,2026-09-07T16:13:00+02:00,,0.0,0,Lysaker,VYG:Line:L2,Stabekk-Oslo S-Ski,L2,rail,VYG:ServiceJourney:2848-SKI_444080-R,True,planned,False,,,,,2026-09-07T15:44:36.205822+02:00
NSR:StopPlace:59637,Rosenholm stasjon,2026-09-07T16:16:00+02:00,2026-09-07T16:16:00+02:00,,0.0,0,Ski,VYG:Line:L2,Stabekk-Oslo S-Ski,L2,rail,VYG:ServiceJourney:2843-HVK_444075-R,True,planned,False,,,,,2026-09-07T15:44:36.205822+02:00
NSR:StopPlace:59637,Rosenholm stasjon,2026-09-07T16:28:00+02:00,2026-09-07T16:28:00+02:00,,0.0,0,Stabekk,VYG:Line:L2,Stabekk-Oslo S-Ski,L2,rail,VYG:ServiceJourney:2750-SKI_443961-R,True,planned,False,Færre vogner,Denne avgangen kjører dessverre med 3 vogner i stedet for 6 vogner. Dette skyldes at vi mangler et togsett.,general,normal,2026-09-07T15:44:36.205822+02:00
NSR:StopPlace:59637,Rosenholm stasjon,2026-09-07T16:31:00+02:00,2026-09-07T16:31:00+02:00,,0.0,0,Ski,VYG:Line:L2,Stabekk-Oslo S-Ski,L2,rail,VYG:ServiceJourney:2745-HVK_443955-R,True,planned,False,,,,,2026-09-07T15:44:36.205822+02:00
NSR:StopPlace:59637,Rosenholm stasjon,2026-09-07T16:43:00+02:00,2026-09-07T16:43:00+02:00,,0.0,0,Oslo S,VYG:Line:L2,Stabekk-Oslo S-Ski,L2,rail,VYG:ServiceJourney:2850_444084-R,True,planned,False,,,,,2026-09-07T15:44:36.205822+02:00
NSR:StopPlace:58415,Oteråga stasjon,2026-09-07T15:30:00+02:00,2026-09-07T15:30:00+02:00,,0.0,0,Fauske,SJN:Line:79,Saltenpendelen,R75,rail,SJN:ServiceJourney:1788_41147-R,True,planned,False,,,,,2026-09-07T15:44:36.205822+02:00
NSR:StopPlace:58951,Bjerka stasjon,2026-09-07T16:06:00+02:00,2026-09-07T16:06:00+02:00,,0.0,0,Trondheim S,SJN:Line:71,Nordlandsbanen,F7,rail,SJN:ServiceJourney:472_46160-R,True,planned,False,,,,,2026-09-07T15:44:36.205822+02:00
NSR:StopPlace:58952,Bodø stasjon,2026-09-07T16:02:00+02:00,2026-09-07T16:01:51+02:00,,0.0,0,Tverlandet,NOR:Line:12_8004,Tverlandet - Bodø sentrum - Løpsmarka,4,bus,NOR:ServiceJourney:8004_251012124900575_1028,True,expected,False,,,,,2026-09-07T15:44:36.205822+02:00
NSR:StopPlace:58952,Bodø stasjon,2026-09-07T16:17:00+02:00,2026-09-07T16:16:51+02:00,,0.0,0,Tverlandet,NOR:Line:12_8004,Tverlandet - Bodø sentrum - Løpsmarka,4,bus,NOR:ServiceJourney:8004_251012124900576_1029,True,expected,False,,,,,2026-09-07T15:44:36.205822+02:00
NSR:StopPlace:58952,Bodø stasjon,2026-09-07T16:25:00+02:00,2026-09-07T16:25:00+02:00,,0.0,0,"Festvåg, Kjerringøy",NOR:Line:12_8400,Kjerringøy - Festvåg - Skaug - Bodø,400,bus,NOR:ServiceJourney:8400_251012124900662_2010,True,planned,False,,,,,2026-09-07T15:44:36.205822+02:00
NSR:StopPlace:58952,Bodø stasjon,2026-09-07T16:32:00+02:00,2026-09-07T16:31:51+02:00,,0.0,0,Tverlandet,NOR:Line:12_8004,Tverlandet - Bodø sentrum - Løpsmarka,4,bus,NOR:ServiceJourney:8004_251012124900577_1030,True,expected,False,,,,,2026-09-07T15:44:36.205822+02:00
NSR:StopPlace:58953,Dunderland stasjon,2026-09-07T15:13:00+02:00,2026-09-07T15:07:12+02:00,,0.0,0,Hjartåsen kryss,NOR:Line:12_8365,Mo-Storforsheia-Krokstrand,300,bus,NOR:ServiceJourney:8365_251012124858446_1008,True,expected,False,,,,,2026-09-07T15:44:36.205822+02:00
NSR:StopPlace:58954,Fauske stasjon,2026-09-07T13:40:00+02:00,2026-09-07T13:39:38+02:00,,0.0,0,Bodø lufthavn,NOR:Line:12_8100,Bodø - Fauske - Narvik/Sortland,100,bus,NOR:ServiceJourney:8100_260126119355030_2008,True,expected,False,,,,,2026-09-07T15:44:36.205822+02:00
NSR:StopPlace:58954,Fauske stasjon,2026-09-07T15:55:00+02:00,2026-09-07T15:55:00+02:00,,0.0,0,Bodø lufthavn,NOR:Line:12_8100,Bodø - Fauske - Narvik/Sortland,100,bus,NOR:ServiceJourney:8100_260126119353363_2013,True,planned,False,,,,,2026-09-07T15:44:36.205822+02:00
NSR:StopPlace:58954,Fauske stasjon,2026-09-07T15:57:00+02:00,2026-09-07T15:57:00+02:00,,0.0,0,Saltdal,NOR:Line:12_8472,Fauske-Rognan-Vassbotnfjell-Ev,472,bus,NOR:ServiceJourney:8472_251012124858998_1032,True,planned,False,,,,,2026-09-07T15:44:36.205822+02:00
NSR:StopPlace:58958,Rognan stasjon,2026-09-07T16:33:00+02:00,2026-09-07T16:32:52+02:00,,0.0,0,Saltdal,NOR:Line:12_8472,Fauske-Rognan-Vassbotnfjell-Ev,472,bus,NOR:ServiceJourney:8472_251012124858998_1032,True,expected,False,,,,,2026-09-07T15:44:36.205822+02:00
NSR:StopPlace:58950,Åsen stasjon,2026-09-07T16:22:00+02:00,2026-09-07T16:22:00+02:00,,0.0,0,Steinkjer,SJN:Line:26,Trønderbanen,R70,rail,SJN:ServiceJourney:441-SOeB_56070-R,True,planned,False,,,,,2026-09-07T15:44:36.205822+02:00
NSR:StopPlace:58964,Kløfta stasjon,2026-09-07T15:44:00+02:00,2026-09-07T15:44:00+02:00,,0.0,0,Drammen,VYG:Line:R13,Drammen-Oslo S-Dal,R13,rail,VYG:ServiceJourney:1644-DAL_632370-R,True,planned,False,,,,,2026-09-07T15:44:36.205822+02:00
NSR:StopPlace:58964,Kløfta stasjon,2026-09-07T15:49:00+02:00,2026-09-07T15:49:00+02:00,,0.0,0,Herbergåsen,RUT:Line:460,Herbergåsen - Kløfta,460,bus,RUT:ServiceJourney:053af0384f4ea48a55bcb8aef3d10d54,True,planned,False,,,,,2026-09-07T15:44:36.205822+02:00
NSR:StopPlace:58964,Kløfta stasjon,2026-09-07T15:50:00+02:00,2026-09-07T15:50:00+02:00,,0.0,0,Ask,RUT:Line:405,Kløfta - Ask terminal,405,bus,RUT:ServiceJourney:f03fe3cb117a1242a1e81c6dddbb93de,True,planned,False,,,,,2026-09-07T15:44:36.205822+02:00
NSR:StopPlace:58964,Kløfta stasjon,2026-09-07T15:51:00+02:00,2026-09-07T15:51:00+02:00,,0.0,0,Kløfta,RUT:Line:425,Kløfta – Oslo lufthavn,425,bus,RUT:ServiceJourney:f2d0613cdcbcb73b088639f1fa064d97,True,planned,False,,,,,2026-09-07T15:44:36.205822+02:00
NSR:StopPlace:58964,Kløfta stasjon,2026-09-07T16:03:00+02:00,2026-09-07T16:03:00+02:00,,0.0,0,Oslo lufthavn,RUT:Line:425,Kløfta – Oslo lufthavn,425,bus,RUT:ServiceJourney:3b10d5b90479763ce9ccaa98fe45d68d,True,planned,False,,,,,2026-09-07T15:44:36.205822+02:00
NSR:StopPlace:58964,Kløfta stasjon,2026-09-07T16:12:00+02:00,2026-09-07T16:12:00+02:00,,0.0,0,Skedsmokorset,RUT:Line:3682,Skedsmokorset - Frogner - Kløfta - Hvam vgs,3682,bus,RUT:ServiceJourney:7ab4825c5d738f6a1e54f3d36ab1f578,True,planned,False,,,,,2026-09-07T15:44:36.205822+02:00
NSR:StopPlace:58964,Kløfta stasjon,2026-09-07T16:14:00+02:00,2026-09-07T16:14:00+02:00,,0.0,0,Kongsberg,VYG:Line:R13,Drammen-Oslo S-Dal,R13,rail,VYG:ServiceJourney:1646_443312-R,True,planned,False,,,,,2026-09-07T15:44:36.205822+02:00
NSR:StopPlace:58964,Kløfta stasjon,2026-09-07T16:14:00+02:00,2026-09-07T16:14:00+02:00,,0.0,0,Dal,VYG:Line:R13,Drammen-Oslo S-Dal,R13,rail,VYG:ServiceJourney:1643_443304-R,True,planned,False,,,,,2026-09-07T15:44:36.205822+02:00
NSR:StopPlace:58964,Kløfta stasjon,2026-09-07T16:26:00+02:00,2026-09-07T16:26:00+02:00,,0.0,0,Rønnegrinda,RUT:Line:3571,Veståsen - Ask - Kløfta - Jessheim,3571,bus,RUT:ServiceJourney:631b00649df4eee24e44fe97e3f1e641,True,planned,False,,,,,2026-09-07T15:44:36.205822+02:00
NSR:StopPlace:58964,Kløfta stasjon,2026-09-07T16:27:00+02:00,2026-09-07T16:27:00+02:00,,0.0,0,Skedsmokorset,RUT:Line:3874,Olavsgaard - Skedsmo - Jessheim - Nannestad,3874,bus,RUT:ServiceJourney:3198017dad48c99e8efe04c3fc6c27b5,True,planned,False,,,,,2026-09-07T15:44:36.205822+02:00
NSR:StopPlace:58964,Kløfta stasjon,2026-09-07T16:44:00+02:00,2026-09-07T16:44:00+02:00,,0.0,0,Dal,VYG:Line:R13,Drammen-Oslo S-Dal,R13,rail,VYG:ServiceJourney:1645_443309-R,True,planned,False,,,,,2026-09-07T15:44:36.205822+02:00
NSR:StopPlace:58966,Porsgrunn stasjon,2026-09-07T16:17:00+02:00,2026-09-07T16:17:00+02:00,,0.0,0,Eidsvoll,VYG:Line:RE11,Eidsvoll-Oslo S-Skien,RE11,rail,VYG:ServiceJourney:826_481332-R,True,planned,False,Heis på Porsgrunn ute av drift | Færre vogner,Heisen på Porsgrunn til spor 2 er ute av drift. | Denne avgangen kjører dessverre med 5 vogner i stedet for 10 vogner. Dette skyldes at vi mangler et togsett.,general | general,normal | normal,2026-09-07T15:44:36.205822+02:00
NSR:StopPlace:58966,Porsgrunn stasjon,2026-09-07T16:22:00+02:00,2026-09-07T16:22:00+02:00,,0.0,0,Skien,VYG:Line:RX11,Eidsvoll-Oslo S-Skien,RX11,rail,VYG:ServiceJourney:851-LOD_554643-R,True,planned,False,Heis på Porsgrunn ute av drift,Heisen på Porsgrunn til spor 2 er ute av drift.,general,normal,2026-09-07T15:44:36.205822+02:00
NSR:StopPlace:58960,Trofors stasjon,2026-09-07T14:21:00+02:00,2026-09-07T14:21:00+02:00,,0.0,0,Laksforsmoen,NOR:Line:12_8231,Susendal-Hattfjelldal-Trofors-,231,bus,NOR:ServiceJourney:8231_251111096203289_2018,True,planned,False,,,,,2026-09-07T15:44:36.205822+02:00
NSR:StopPlace:58960,Trofors stasjon,2026-09-07T16:35:00+02:00,2026-09-07T16:34:35+02:00,,0.0,0,Hattfjelldal,NOR:Line:12_8231,Susendal-Hattfjelldal-Trofors-,231,bus,NOR:ServiceJourney:8231_251111096200882_2011,True,expected,False,,,,,2026-09-07T15:44:36.205822+02:00
NSR:StopPlace:58960,Trofors stasjon,2026-09-07T16:37:00+02:00,2026-09-07T16:37:00+02:00,,0.0,0,Mosjøen stasjon,NOR:Line:12_8231,Susendal-Hattfjelldal-Trofors-,231,bus,NOR:ServiceJourney:8231_260219127179027_1017,True,planned,False,,,,,2026-09-07T15:44:36.205822+02:00
NSR:StopPlace:58971,Mosjøen stasjon,2026-09-07T15:45:00+02:00,2026-09-07T15:45:00+02:00,,0.0,0,Hattfjelldal,NOR:Line:12_8231,Susendal-Hattfjelldal-Trofors-,231,bus,NOR:ServiceJourney:8231_251111096200882_2011,True,planned,False,,,,,2026-09-07T15:44:36.205822+02:00
NSR:StopPlace:58972,Lønsdal stasjon,2026-09-07T15:51:00+02:00,2026-09-07T15:51:00+02:00,,0.0,0,Bodø,SJN:Line:71,Nordlandsbanen,F7,rail,SJN:ServiceJourney:471_46158-R,True,planned,False,,,,,2026-09-07T15:44:36.205822+02:00
NSR:StopPlace:58921,Vennesla stasjon,2026-09-07T16:31:00+02:00,2026-09-07T16:31:00+02:00,,0.0,0,Vennesla - Grovane st. via Moseidmoen,AKT:Line:30,Kvadraturen - Mosby - Vennesl,30,bus,AKT:ServiceJourney:79397_201_49_115200_118140_40001566,True,planned,False,,,,,2026-09-07T15:44:36.205822+02:00
NSR:StopPlace:58926,Dale stasjon,2026-09-07T16:01:00+02:00,2026-09-07T16:01:00+02:00,,0.0,0,Voss,VYG:Line:R40,Bergen-Voss-Myrdal-Ål,R40,rail,VYG:ServiceJourney:1822_481192-R,True,planned,False,,,,,2026-09-07T15:44:36.205822+02:00
NSR:StopPlace:58926,Dale stasjon,2026-09-07T16:14:00+02:00,2026-09-07T16:14:00+02:00,,0.0,0,Mo,SKY:Line:923,Modalen - Dale,923,bus,SKY:ServiceJourney:923-208760-21965693,True,planned,False,,,,,2026-09-07T15:44:36.205822+02:00
NSR:StopPlace:58926,Dale stasjon,2026-09-07T16:37:00+02:00,2026-09-07T16:37:00+02:00,,0.0,0,Bergen,VYG:Line:R40,Bergen-Voss-Myrdal-Ål,R40,rail,VYG:ServiceJourney:1827_443414-R,True,planned,False,,,,,2026-09-07T15:44:36.205822+02:00
NSR:StopPlace:58927,Flåm stasjon,2026-09-07T16:00:00+02:00,2026-09-07T16:00:00+02:00,,0.0,0,Myrdal,VYG:Line:R45,Myrdal-Flåm,R45,rail,VYG:ServiceJourney:1864_465785-R,True,planned,False,,,,,2026-09-07T15:44:36.205822+02:00
NSR:StopPlace:58930,Larvik stasjon,2026-09-07T14:10:00+02:00,2026-09-07T14:10:00+02:00,,0.0,0,Kvelde-Svarstad,VKT:Line:800,Larvik-Kvelde-Svarstad,800,bus,VKT:ServiceJourney:18325,True,planned,False,,,,,2026-09-07T15:44:36.205822+02:00
NSR:StopPlace:58931,Fannrem stasjon,2026-09-07T16:00:00+02:00,2026-09-07T16:00:00+02:00,,0.0,0,Trondheim S via Orkanger skysst.,ATB:Line:2_310,Trondheim - Orkanger - Fannrem,310,bus,ATB:ServiceJourney:310_260106098639831_57,True,planned,False,,,,,2026-09-07T15:44:36.205822+02:00
NSR:StopPlace:58931,Fannrem stasjon,2026-09-07T16:15:00+02:00,2026-09-07T16:15:00+02:00,,0.0,0,Trondheim S via Orkanger skysst.,ATB:Line:2_310,Trondheim - Orkanger - Fannrem,310,bus,ATB:ServiceJourney:310_260106098640186_89,True,planned,False,,,,,2026-09-07T15:44:36.205822+02:00
NSR:StopPlace:58931,Fannrem stasjon,2026-09-07T16:30:00+02:00,2026-09-07T16:30:00+02:00,,0.0,0,Trondheim S via Orkanger skysst.,ATB:Line:2_310,Trondheim - Orkanger - Fannrem,310,bus,ATB:ServiceJourney:310_260106098639832_59,True,planned,False,,,,,2026-09-07T15:44:36.205822+02:00
NSR:StopPlace:58932,Hommelvik stasjon,2026-09-07T15:44:00+02:00,2026-09-07T15:44:00+02:00,,0.0,0,Steinkjer,SJN:Line:26,Trønderbanen,R70,rail,SJN:ServiceJourney:441-SOeB_56070-R,True,planned,False,,,,,2026-09-07T15:44:36.205822+02:00
NSR:StopPlace:58932,Hommelvik stasjon,2026-09-07T15:45:00+02:00,2026-09-07T15:45:00+02:00,,0.0,0,Røros,SJN:Line:25,Rørosbanen,R60,rail,SJN:ServiceJourney:416_50919-R,True,planned,False,,,,,2026-09-07T15:44:36.205822+02:00
NSR:StopPlace:58932,Hommelvik stasjon,2026-09-07T16:12:00+02:00,2026-09-07T16:12:00+02:00,,0.0,0,Steinkjer,SJN:Line:26,Trønderbanen,R70,rail,SJN:ServiceJourney:1763_56048-R,True,planned,False,,,,,2026-09-07T15:44:36.205822+02:00
NSR:StopPlace:58932,Hommelvik stasjon,2026-09-07T16:12:00+02:00,2026-09-07T16:12:00+02:00,,0.0,0,Ler,SJN:Line:26,Trønderbanen,R70,rail,SJN:ServiceJourney:440_56069-R,True,planned,False,,,,,2026-09-07T15:44:36.205822+02:00
NSR:StopPlace:58935,Levanger stasjon,2026-09-07T16:04:00+02:00,2026-09-07T16:04:00+02:00,,0.0,0,Skogn,ATB:Line:2_741,Levanger - Holåsen vest,741,bus,ATB:ServiceJourney:741_260106098640521_2,True,planned,False,,,,,2026-09-07T15:44:36.205822+02:00
NSR:StopPlace:58935,Levanger stasjon,2026-09-07T16:15:00+02:00,2026-09-07T16:15:00+02:00,,0.0,0,Ler,SJN:Line:26,Trønderbanen,R70,rail,SJN:ServiceJourney:442_56071-R,True,planned,False,,,,,2026-09-07T15:44:36.205822+02:00
NSR:StopPlace:58935,Levanger stasjon,2026-09-07T16:15:00+02:00,2026-09-07T16:15:00+02:00,,0.0,0,Steinkjer,SJN:Line:26,Trønderbanen,R70,rail,SJN:ServiceJourney:1761_56047-R,True,planned,False,,,,,2026-09-07T15:44:36.205822+02:00
NSR:StopPlace:58936,Skatval stasjon,2026-09-07T16:06:00+02:00,2026-09-07T16:06:00+02:00,,0.0,0,Steinkjer,SJN:Line:26,Trønderbanen,R70,rail,SJN:ServiceJourney:441-SOeB_56070-R,True,planned,False,,,,,2026-09-07T15:44:36.205822+02:00
NSR:StopPlace:58936,Skatval stasjon,2026-09-07T16:34:00+02:00,2026-09-07T16:34:00+02:00,,0.0,0,Steinkjer,SJN:Line:26,Trønderbanen,R70,rail,SJN:ServiceJourney:1763_56048-R,True,planned,False,,,,,2026-09-07T15:44:36.205822+02:00
NSR:StopPlace:58947,Steinkjer stasjon,2026-09-07T15:45:00+02:00,2026-09-07T15:45:00+02:00,,0.0,0,Mosvik via Kjerknesvågen,ATB:Line:2_723,Mosvik - Inderøy/Steinkjer,723,bus,ATB:ServiceJourney:723_260106098642640_30,True,planned,False,,,,,2026-09-07T15:44:36.205822+02:00
NSR:StopPlace:58947,Steinkjer stasjon,2026-09-07T15:48:00+02:00,2026-09-07T15:48:00+02:00,,0.0,0,Straumen,ATB:Line:2_722,Straumen - Steinkjer,722,bus,ATB:ServiceJourney:722_260106098640630_5,True,planned,False,,,,,2026-09-07T15:44:36.205822+02:00
NSR:StopPlace:58797,Mysen stasjon,2026-09-07T15:45:00+02:00,2026-09-07T15:45:00+02:00,,0.0,0,Ørje,OST:Line:1_418,Ørje-Mysen,418,bus,OST:ServiceJourney:418_260325121472672_6,True,planned,False,,,,,2026-09-07T15:44:36.205822+02:00
NSR:StopPlace:58797,Mysen stasjon,2026-09-07T15:59:00+02:00,2026-09-07T15:59:00+02:00,,0.0,0,Rakkestad,VYG:Line:R22,Skøyen-Oslo S-Mysen-Rakkestad,R22,rail,VYG:ServiceJourney:1921_443467-R,True,planned,False,,,,,2026-09-07T15:44:36.205822+02:00
NSR:StopPlace:58797,Mysen stasjon,2026-09-07T16:00:00+02:00,2026-09-07T16:00:00+02:00,,0.0,0,Kroksund-Ørje,OST:Line:1_412,Kroksund-Ydersbond-Mysen,412,bus,OST:ServiceJourney:412_260325121472692_2,True,planned,False,,,,,2026-09-07T15:44:36.205822+02:00
NSR:StopPlace:58797,Mysen stasjon,2026-09-07T16:00:00+02:00,2026-09-07T16:00:00+02:00,,0.0,0,Trøgstad-Krokedal snuplass,OST:Line:1_401,Mysen-Trøgstad,401,bus,OST:ServiceJourney:401_260325121475356_7,True,planned,False,,,,,2026-09-07T15:44:36.205822+02:00
NSR:StopPlace:58797,Mysen stasjon,2026-09-07T16:02:00+02:00,2026-09-07T16:02:00+02:00,,0.0,0,Oslo S,VYG:Line:R22,Skøyen-Oslo S-Mysen-Rakkestad,R22,rail,VYG:ServiceJourney:1926_443477-R,True,planned,False,,,,,2026-09-07T15:44:36.205822+02:00
NSR:StopPlace:58797,Mysen stasjon,2026-09-07T16:05:00+02:00,2026-09-07T16:05:00+02:00,,0.0,0,Rakkestad-Sarpsborg,OST:Line:1_640,Sarpsborg-Askim-Mysen,640,bus,OST:ServiceJourney:640_260325121473121_19,True,planned,False,,,,,2026-09-07T15:44:36.205822+02:00
NSR:StopPlace:58798,Rakkestad stasjon,2026-09-07T15:45:00+02:00,2026-09-07T15:45:00+02:00,,0.0,0,Oslo S,VYG:Line:R22,Skøyen-Oslo S-Mysen-Rakkestad,R22,rail,VYG:ServiceJourney:1926_443477-R,True,planned,False,,,,,2026-09-07T15:44:36.205822+02:00
NSR:StopPlace:58798,Rakkestad stasjon,2026-09-07T16:17:00+02:00,2026-09-07T16:16:26+02:00,,0.0,0,Mysen stasjon,OST:Line:1_640,Sarpsborg-Askim-Mysen,640,bus,OST:ServiceJourney:640_260325121473134_20,True,expected,False,,,,,2026-09-07T15:44:36.205822+02:00
NSR:StopPlace:58798,Rakkestad stasjon,2026-09-07T16:20:00+02:00,2026-09-07T16:20:00+02:00,,0.0,0,Østbygda-Velund,OST:Line:1_417,Østbygda-Degernes-Mysen,417,bus,OST:ServiceJourney:417_260325121473094_6,True,planned,False,,,,,2026-09-07T15:44:36.205822+02:00
NSR:StopPlace:58798,Rakkestad stasjon,2026-09-07T16:20:00+02:00,2026-09-07T16:20:00+02:00,,0.0,0,Os-Rakkestad,OST:Line:1_416,Rakkestad-Os,416,bus,OST:ServiceJourney:416_260325121471397_4,True,planned,False,,,,,2026-09-07T15:44:36.205822+02:00
NSR:StopPlace:58798,Rakkestad stasjon,2026-09-07T16:25:00+02:00,2026-09-07T16:25:00+02:00,,0.0,0,Sarpsborg-Askim,OST:Line:1_640,Sarpsborg-Askim-Mysen,640,bus,OST:ServiceJourney:640_260325121473121_19,True,planned,False,,,,,2026-09-07T15:44:36.205822+02:00
NSR:StopPlace:58799,Rygge stasjon,2026-09-07T15:55:00+02:00,2026-09-07T15:55:00+02:00,,0.0,0,Halden,VYG:Line:RE20,Oslo S-Halden-Göteborg (X-Border),RE20,rail,VYG:ServiceJourney:121-LOD_673509-R,True,planned,False,,,,,2026-09-07T15:44:36.205822+02:00
NSR:StopPlace:58799,Rygge stasjon,2026-09-07T16:25:00+02:00,2026-09-07T16:25:00+02:00,,0.0,0,Göteborg C,VYG:Line:RE20,Oslo S-Halden-Göteborg (X-Border),RE20,rail,VYG:ServiceJourney:141-393-LOD_459842-R,True,planned,False,,,,,2026-09-07T15:44:36.205822+02:00
NSR:StopPlace:58790,Verdal stasjon,2026-09-07T15:45:00+02:00,2026-09-07T15:45:00+02:00,,0.0,0,Levanger stasjon,ATB:Line:2_640,Levanger - Steinkjer,640,bus,ATB:ServiceJourney:640_260106098642280_15,True,planned,False,,,,,2026-09-07T15:44:36.205822+02:00
NSR:StopPlace:58790,Verdal stasjon,2026-09-07T15:47:00+02:00,2026-09-07T15:47:00+02:00,,0.0,0,Leksdal,ATB:Line:2_7510,Leksdal - Verdalsøra skole,7510,bus,ATB:ServiceJourney:7510_260106098640958_7,True,planned,False,,,,,2026-09-07T15:44:36.205822+02:00
NSR:StopPlace:58790,Verdal stasjon,2026-09-07T15:47:00+02:00,2026-09-07T15:47:00+02:00,,0.0,0,Sjækerfossen,ATB:Line:2_7519,Skjækerfossen - Vuku - Verdal,7519,bus,ATB:ServiceJourney:7519_260106098641939_21,True,planned,False,,,,,2026-09-07T15:44:36.205822+02:00
NSR:StopPlace:58790,Verdal stasjon,2026-09-07T15:48:00+02:00,2026-09-07T15:48:00+02:00,,0.0,0,Akset,ATB:Line:2_7201,Inderøy - Verdal,7201,bus,ATB:ServiceJourney:7201_260106098640979_7,True,planned,False,,,,,2026-09-07T15:44:36.205822+02:00
NSR:StopPlace:58790,Verdal stasjon,2026-09-07T15:50:00+02:00,2026-09-07T15:50:00+02:00,,0.0,0,Inndalen,ATB:Line:2_7509,Sveagjardet - Verdal,7509,bus,ATB:ServiceJourney:7509_260106098641165_40,True,planned,False,,,,,2026-09-07T15:44:36.205822+02:00
NSR:StopPlace:58790,Verdal stasjon,2026-09-07T15:50:00+02:00,2026-09-07T15:50:00+02:00,,0.0,0,Trones,ATB:Line:2_640,Levanger - Steinkjer,640,bus,ATB:ServiceJourney:640_260106098640613_14,True,planned,False,,,,,2026-09-07T15:44:36.205822+02:00
NSR:StopPlace:58790,Verdal stasjon,2026-09-07T16:00:00+02:00,2026-09-07T16:00:00+02:00,,0.0,0,Steinkjer,SJN:Line:26,Trønderbanen,R70,rail,SJN:ServiceJourney:439_56068-R,True,planned,False,,,,,2026-09-07T15:44:36.205822+02:00
NSR:StopPlace:58790,Verdal stasjon,2026-09-07T16:00:00+02:00,2026-09-07T16:00:00+02:00,,0.0,0,Ler,SJN:Line:26,Trønderbanen,R70,rail,SJN:ServiceJourney:442_56071-R,True,planned,False,,,,,2026-09-07T15:44:36.205822+02:00
NSR:StopPlace:58790,Verdal stasjon,2026-09-07T16:27:00+02:00,2026-09-07T16:27:00+02:00,,0.0,0,Steinkjer,SJN:Line:26,Trønderbanen,R70,rail,SJN:ServiceJourney:1761_56047-R,True,planned,False,,,,,2026-09-07T15:44:36.205822+02:00
NSR:StopPlace:58793,Askim stasjon,2026-09-07T16:00:00+02:00,2026-09-07T16:00:00+02:00,,0.0,0,Haugen-Vidnes-Stuputveikrysset,OST:Line:1_405,Aamodt-Askim,405,bus,OST:ServiceJourney:405_260325121476057_3,True,planned,False,,,,,2026-09-07T15:44:36.205822+02:00
NSR:StopPlace:58793,Askim stasjon,2026-09-07T16:00:00+02:00,2026-09-07T16:00:00+02:00,,0.0,0,Solbergfoss,OST:Line:1_403,Askim-Solbergfoss,403,bus,OST:ServiceJourney:403_260327065653153_7,True,planned,False,,,,,2026-09-07T15:44:36.205822+02:00
NSR:StopPlace:58793,Askim stasjon,2026-09-07T16:00:00+02:00,2026-09-07T16:00:00+02:00,,0.0,0,Ihlen-Spydeberg torv,OST:Line:1_406,Lund-Askim,406,bus,OST:ServiceJourney:406_260325121471826_4,True,planned,False,,,,,2026-09-07T15:44:36.205822+02:00
NSR:StopPlace:58794,Fredrikstad stasjon,2026-09-07T16:12:00+02:00,2026-09-07T16:12:00+02:00,,0.0,0,Oslo S,VYG:Line:RX20,Oslo S-Halden-Göteborg,RX20,rail,VYG:ServiceJourney:156_443207-R,True,planned,False,Færre vogner,Denne avgangen kjører dessverre med 5 vogner i stedet for 10 vogner. Dette skyldes at vi mangler et togsett.,general,normal,2026-09-07T15:44:36.205822+02:00
NSR:StopPlace:58794,Fredrikstad stasjon,2026-09-07T16:14:00+02:00,2026-09-07T16:14:00+02:00,,0.0,0,Halden,VYG:Line:RE20,Oslo S-Halden-Göteborg (X-Border),RE20,rail,VYG:ServiceJourney:121-LOD_673509-R,True,planned,False,,,,,2026-09-07T15:44:36.205822+02:00
NSR:StopPlace:58830,Brakerøya stasjon,2026-09-07T16:08:00+02:00,2026-09-07T16:08:00+02:00,,0.0,0,Dal,VYG:Line:R13,Drammen-Oslo S-Dal,R13,rail,VYG:ServiceJourney:1647_443313-R,True,planned,False,,,,,2026-09-07T15:44:36.205822+02:00
NSR:StopPlace:58830,Brakerøya stasjon,2026-09-07T16:21:00+02:00,2026-09-07T16:21:00+02:00,,0.0,0,Kongsberg,VYG:Line:R13,Drammen-Oslo S-Dal,R13,rail,VYG:ServiceJourney:1642_443303-R,True,planned,False,,,,,2026-09-07T15:44:36.205822+02:00
NSR:StopPlace:58832,Geilo stasjon,2026-09-07T15:55:00+02:00,2026-09-07T15:55:00+02:00,,0.0,0,Hagafoss,BRA:Line:4_6332,Flå-Gol-Geilo,332,bus,BRA:ServiceJourney:6332_260415100163893_1020,True,planned,False,,,,,2026-09-07T15:44:36.205822+02:00
NSR:StopPlace:58832,Geilo stasjon,2026-09-07T16:40:00+02:00,2026-09-07T16:40:00+02:00,,0.0,0,Gol skysstasjon,BRA:Line:4_6330,Gol-Geilo,330,bus,BRA:ServiceJourney:6330_260415100163954_1024,True,planned,False,,,,,2026-09-07T15:44:36.205822+02:00
NSR:StopPlace:58833,Gol stasjon,2026-09-07T16:00:00+02:00,2026-09-07T16:00:00+02:00,,0.0,0,Fagernes,INN:Line:139,Fagernes - Gol,139,bus,INN:ServiceJourney:65347,True,planned,False,,,,,2026-09-07T15:44:36.205822+02:00
NSR:StopPlace:58834,Hokksund stasjon,2026-09-07T15:55:00+02:00,2026-09-07T15:55:00+02:00,,0.0,0,Harakollen,BRA:Line:4_6125,Hokksund - Harakollen,125,bus,BRA:ServiceJourney:6125_260415100159538_1020,True,planned,False,,,,,2026-09-07T15:44:36.205822+02:00
NSR:StopPlace:58834,Hokksund stasjon,2026-09-07T15:59:00+02:00,2026-09-07T15:59:00+02:00,,0.0,0,Eidsvoll,VYG:Line:R12,Kongsberg-Oslo S-Eidsvoll,R12,rail,VYG:ServiceJourney:524_444328-R,True,planned,False,,,,,2026-09-07T15:44:36.205822+02:00
NSR:StopPlace:58834,Hokksund stasjon,2026-09-07T16:10:00+02:00,2026-09-07T16:10:00+02:00,,0.0,0,Voldstad - Sundet ,BRA:Line:4_6119,Hokksund - Voldstad - Sundet,119,bus,BRA:ServiceJourney:6119_260415100158651_1011,True,planned,False,,,,,2026-09-07T15:44:36.205822+02:00
NSR:StopPlace:58834,Hokksund stasjon,2026-09-07T16:17:00+02:00,2026-09-07T16:17:00+02:00,,0.0,0,Ormåsen,BRA:Line:4_6117,Hokksund - Ormåsen,117,bus,BRA:ServiceJourney:6117_260622052302553_1021,True,planned,False,,,,,2026-09-07T15:44:36.205822+02:00
NSR:StopPlace:58834,Hokksund stasjon,2026-09-07T16:27:00+02:00,2026-09-07T16:27:00+02:00,,0.0,0,Drammen via Mjøndalen,BRA:Line:4_6101,Drammen-Vikersund/Hønefoss,101,bus,BRA:ServiceJourney:6101_260415100161281_1048,True,planned,False,,,,,2026-09-07T15:44:36.205822+02:00
NSR:StopPlace:58834,Hokksund stasjon,2026-09-07T16:43:00+02:00,2026-09-07T16:43:00+02:00,,0.0,0,Kongsberg,VYG:Line:R13,Drammen-Oslo S-Dal,R13,rail,VYG:ServiceJourney:1642_443303-R,True,planned,False,,,,,2026-09-07T15:44:36.205822+02:00
NSR:StopPlace:58835,Lier stasjon,2026-09-07T16:06:00+02:00,2026-09-07T16:04:50+02:00,,0.0,0,Lierskogen,BRA:Line:4_6073,Drammen - Reistad - Lierskogen,73,bus,BRA:ServiceJourney:6073_260415100160814_1023,True,expected,False,Fra 17/8 går linje 61-63-71-73-251-261 og skolebusser fra holdeplass ved Skutebrygga ut av byen.Les mer på brakar.no/trafikkmeldinger.,,general,normal,2026-09-07T15:44:36.205822+02:00
NSR:StopPlace:58835,Lier stasjon,2026-09-07T16:11:00+02:00,2026-09-07T16:11:00+02:00,,0.0,0,Dal,VYG:Line:R13,Drammen-Oslo S-Dal,R13,rail,VYG:ServiceJourney:1647_443313-R,True,planned,False,,,,,2026-09-07T15:44:36.205822+02:00
NSR:StopPlace:58835,Lier stasjon,2026-09-07T16:17:00+02:00,2026-09-07T16:17:00+02:00,,0.0,0,Kongsberg,VYG:Line:R13,Drammen-Oslo S-Dal,R13,rail,VYG:ServiceJourney:1642_443303-R,True,planned,False,,,,,2026-09-07T15:44:36.205822+02:00
NSR:StopPlace:58835,Lier stasjon,2026-09-07T16:36:00+02:00,2026-09-07T16:34:50+02:00,,0.0,0,Lierskogen,BRA:Line:4_6073,Drammen - Reistad - Lierskogen,73,bus,BRA:ServiceJourney:6073_260415100160815_1025,True,expected,False,Fra 17/8 går linje 61-63-71-73-251-261 og skolebusser fra holdeplass ved Skutebrygga ut av byen.Les mer på brakar.no/trafikkmeldinger.,,general,normal,2026-09-07T15:44:36.205822+02:00
NSR:StopPlace:58838,Røyken stasjon,2026-09-07T14:19:00+02:00,2026-09-07T14:19:00+02:00,,0.0,0,Lillestrøm,VYG:Line:L1,Spikkestad-Oslo S-Lillestrøm,L1,rail,VYG:ServiceJourney:2242_443654-R,True,planned,False,,,,,2026-09-07T15:44:36.205822+02:00
NSR:StopPlace:58838,Røyken stasjon,2026-09-07T14:49:00+02:00,2026-09-07T14:49:00+02:00,,0.0,0,Lillestrøm,VYG:Line:L1,Spikkestad-Oslo S-Lillestrøm,L1,rail,VYG:ServiceJourney:2244_445341-R,True,planned,False,,,,,2026-09-07T15:44:36.205822+02:00
NSR:StopPlace:58838,Røyken stasjon,2026-09-07T15:19:00+02:00,2026-09-07T15:19:00+02:00,,0.0,0,Lillestrøm,VYG:Line:L1,Spikkestad-Oslo S-Lillestrøm,L1,rail,VYG:ServiceJourney:2246_443661-R,True,planned,False,,,,,2026-09-07T15:44:36.205822+02:00
NSR:StopPlace:58838,Røyken stasjon,2026-09-07T15:49:00+02:00,2026-09-07T15:49:00+02:00,,0.0,0,Lillestrøm,VYG:Line:L1,Spikkestad-Oslo S-Lillestrøm,L1,rail,VYG:ServiceJourney:2248_445345-R,True,planned,False,,,,,2026-09-07T15:44:36.205822+02:00
NSR:StopPlace:58838,Røyken stasjon,2026-09-07T15:59:00+02:00,2026-09-07T15:59:00+02:00,,0.0,0,Spikkestad,VYG:Line:L1,Spikkestad-Oslo S-Lillestrøm,L1,rail,VYG:ServiceJourney:2241_443652-R,True,planned,False,,,,,2026-09-07T15:44:36.205822+02:00
NSR:StopPlace:58838,Røyken stasjon,2026-09-07T16:07:00+02:00,2026-09-07T16:07:00+02:00,,0.0,0,Drammen,RUT:Line:261,Drammen - Lahell - Røyken - Sætre,261,bus,RUT:ServiceJourney:78e90d26a75d9cb460733483e91f23fc,True,planned,False,Fra 17/8 går linje 61-63-71-73-251-261 og skolebusser fra holdeplass ved Skutebrygga ut av byen.Les mer på brakar.no/trafikkmeldinger.,,general,normal,2026-09-07T15:44:36.205822+02:00
NSR:StopPlace:58839,Steinberg stasjon,2026-09-07T16:35:00+02:00,2026-09-07T16:35:00+02:00,,0.0,0,Drammen via Mjøndalen,BRA:Line:4_6101,Drammen-Vikersund/Hønefoss,101,bus,BRA:ServiceJourney:6101_260415100161281_1048,True,planned,False,,,,,2026-09-07T15:44:36.205822+02:00
NSR:StopPlace:58839,Steinberg stasjon,2026-09-07T16:38:00+02:00,2026-09-07T16:38:00+02:00,,0.0,0,Kongsberg,VYG:Line:R13,Drammen-Oslo S-Dal,R13,rail,VYG:ServiceJourney:1642_443303-R,True,planned,False,,,,,2026-09-07T15:44:36.205822+02:00
NSR:StopPlace:58842,Blaker stasjon,2026-09-07T16:04:00+02:00,2026-09-07T16:04:00+02:00,,0.0,0,Kongsvinger,VYG:Line:R14,Asker-Oslo S-Kongsvinger,R14,rail,VYG:ServiceJourney:1051-HAV_442955-R,True,planned,False,,,,,2026-09-07T15:44:36.205822+02:00
NSR:StopPlace:58842,Blaker stasjon,2026-09-07T16:22:00+02:00,2026-09-07T16:22:00+02:00,,0.0,0,Asker,VYG:Line:R14,Asker-Oslo S-Kongsvinger,R14,rail,VYG:ServiceJourney:1024_442933-R,True,planned,False,,,,,2026-09-07T15:44:36.205822+02:00
NSR:StopPlace:58842,Blaker stasjon,2026-09-07T16:36:00+02:00,2026-09-07T16:36:00+02:00,,0.0,0,Kongsvinger,VYG:Line:R14,Asker-Oslo S-Kongsvinger,R14,rail,VYG:ServiceJourney:1023_442932-R,True,planned,False,,,,,2026-09-07T15:44:36.205822+02:00
NSR:StopPlace:58843,Blommenholm stasjon,2026-09-07T16:04:00+02:00,2026-09-07T16:04:00+02:00,,0.0,0,Lillestrøm,VYG:Line:L1,Spikkestad-Oslo S-Lillestrøm,L1,rail,VYG:ServiceJourney:2146_443554-R,True,planned,False,,,,,2026-09-07T15:44:36.205822+02:00
NSR:StopPlace:58843,Blommenholm stasjon,2026-09-07T16:14:00+02:00,2026-09-07T16:14:00+02:00,,0.0,0,Asker,VYG:Line:L1,Spikkestad-Oslo S-Lillestrøm,L1,rail,VYG:ServiceJourney:2143_443551-R,True,planned,False,,,,,2026-09-07T15:44:36.205822+02:00
NSR:StopPlace:58843,Blommenholm stasjon,2026-09-07T16:20:00+02:00,2026-09-07T16:20:00+02:00,,0.0,0,Lillestrøm,VYG:Line:L1,Spikkestad-Oslo S-Lillestrøm,L1,rail,VYG:ServiceJourney:2248_445345-R,True,planned,False,,,,,2026-09-07T15:44:36.205822+02:00
NSR:StopPlace:58843,Blommenholm stasjon,2026-09-07T16:28:00+02:00,2026-09-07T16:28:00+02:00,,0.0,0,Spikkestad,VYG:Line:L1,Spikkestad-Oslo S-Lillestrøm,L1,rail,VYG:ServiceJourney:2245_443659-R,True,planned,False,,,,,2026-09-07T15:44:36.205822+02:00
NSR:StopPlace:58843,Blommenholm stasjon,2026-09-07T16:34:00+02:00,2026-09-07T16:34:00+02:00,,0.0,0,Lillestrøm,VYG:Line:L1,Spikkestad-Oslo S-Lillestrøm,L1,rail,VYG:ServiceJourney:2148_443556-R,True,planned,False,,,,,2026-09-07T15:44:36.205822+02:00
NSR:StopPlace:58843,Blommenholm stasjon,2026-09-07T16:44:00+02:00,2026-09-07T16:44:00+02:00,,0.0,0,Asker,VYG:Line:L1,Spikkestad-Oslo S-Lillestrøm,L1,rail,VYG:ServiceJourney:2145_443553-R,True,planned,False,Færre vogner,Denne avgangen kjører dessverre med 4 vogner i stedet for 8 vogner. Dette skyldes at vi mangler et togsett.,general,normal,2026-09-07T15:44:36.205822+02:00
NSR:StopPlace:58846,Fetsund stasjon,2026-09-07T15:58:00+02:00,2026-09-07T15:58:00+02:00,,0.0,0,Garderåsen,RUT:Line:321,Fetsund - Garderåsen,321,bus,RUT:ServiceJourney:15d95fc3ede27f038eda11acd3332667,True,planned,False,,,,,2026-09-07T15:44:36.205822+02:00
NSR:StopPlace:58846,Fetsund stasjon,2026-09-07T16:23:00+02:00,2026-09-07T16:23:00+02:00,,0.0,0,Kongsvinger,VYG:Line:R14,Asker-Oslo S-Kongsvinger,R14,rail,VYG:ServiceJourney:1023_442932-R,True,planned,False,,,,,2026-09-07T15:44:36.205822+02:00
NSR:StopPlace:58846,Fetsund stasjon,2026-09-07T16:29:00+02:00,2026-09-07T16:29:00+02:00,,0.0,0,Garderåsen,RUT:Line:2171,Garderåsen - Bjørkelangen,2171,bus,RUT:ServiceJourney:79ffdfa4ff688aa7e86c601dfec15110,True,planned,False,,,,,2026-09-07T15:44:36.205822+02:00
NSR:StopPlace:58846,Fetsund stasjon,2026-09-07T16:37:00+02:00,2026-09-07T16:37:00+02:00,,0.0,0,Asker,VYG:Line:R14,Asker-Oslo S-Kongsvinger,R14,rail,VYG:ServiceJourney:1024_442933-R,True,planned,False,,,,,2026-09-07T15:44:36.205822+02:00
NSR:StopPlace:58847,Frogner stasjon,2026-09-07T15:51:00+02:00,2026-09-07T15:51:00+02:00,,0.0,0,Drammen,VYG:Line:R13,Drammen-Oslo S-Dal,R13,rail,VYG:ServiceJourney:1644-DAL_632370-R,True,planned,False,,,,,2026-09-07T15:44:36.205822+02:00
NSR:StopPlace:58847,Frogner stasjon,2026-09-07T16:04:00+02:00,2026-09-07T16:04:00+02:00,,0.0,0,Dal,VYG:Line:R13,Drammen-Oslo S-Dal,R13,rail,VYG:ServiceJourney:1643_443304-R,True,planned,False,,,,,2026-09-07T15:44:36.205822+02:00
NSR:StopPlace:58847,Frogner stasjon,2026-09-07T16:10:00+02:00,2026-09-07T16:10:00+02:00,,0.0,0,Sørumsand,RUT:Line:365,Sørumsand - Frogner - Skedsmokorset,365,bus,RUT:ServiceJourney:f712f8f45659fd1709a95b70ffcc6bd2,True,planned,False,,,,,2026-09-07T15:44:36.205822+02:00
NSR:StopPlace:58847,Frogner stasjon,2026-09-07T16:13:00+02:00,2026-09-07T16:13:00+02:00,,0.0,0,Skedsmokorset,RUT:Line:365,Sørumsand - Frogner - Skedsmokorset,365,bus,RUT:ServiceJourney:1934ec3681840bd82f66e3df7f08d054,True,planned,False,,,,,2026-09-07T15:44:36.205822+02:00
NSR:StopPlace:58847,Frogner stasjon,2026-09-07T16:21:00+02:00,2026-09-07T16:21:00+02:00,,0.0,0,Kongsberg,VYG:Line:R13,Drammen-Oslo S-Dal,R13,rail,VYG:ServiceJourney:1646_443312-R,True,planned,False,,,,,2026-09-07T15:44:36.205822+02:00
NSR:StopPlace:58847,Frogner stasjon,2026-09-07T16:34:00+02:00,2026-09-07T16:34:00+02:00,,0.0,0,Dal,VYG:Line:R13,Drammen-Oslo S-Dal,R13,rail,VYG:ServiceJourney:1645_443309-R,True,planned,False,,,,,2026-09-07T15:44:36.205822+02:00
NSR:StopPlace:58848,Haga stasjon,2026-09-07T15:54:00+02:00,2026-09-07T15:54:00+02:00,,0.0,0,Årnes,RUT:Line:455,Årnes -Rånåsfoss,455,bus,RUT:ServiceJourney:a04d0f0bf1fd1974face7868f6544dd9,True,planned,False,,,,,2026-09-07T15:44:36.205822+02:00
NSR:StopPlace:58848,Haga stasjon,2026-09-07T16:14:00+02:00,2026-09-07T16:14:00+02:00,,0.0,0,Asker,VYG:Line:R14,Asker-Oslo S-Kongsvinger,R14,rail,VYG:ServiceJourney:1024_442933-R,True,planned,False,,,,,2026-09-07T15:44:36.205822+02:00
NSR:StopPlace:58848,Haga stasjon,2026-09-07T16:18:00+02:00,2026-09-07T16:18:00+02:00,,0.0,0,Rånåsfoss,RUT:Line:455,Årnes -Rånåsfoss,455,bus,RUT:ServiceJourney:4faa3b3e26ae173da5105cc7f69f3110,True,planned,False,,,,,2026-09-07T15:44:36.205822+02:00
NSR:StopPlace:58848,Haga stasjon,2026-09-07T16:19:00+02:00,2026-09-07T16:19:00+02:00,,0.0,0,Haga,RUT:Line:455,Årnes -Rånåsfoss,455,bus,RUT:ServiceJourney:c7f86f72ebd0a1ef94fb8f747f532a5f,True,planned,False,,,,,2026-09-07T15:44:36.205822+02:00
NSR:StopPlace:58849,Hakadal stasjon,2026-09-07T15:53:00+02:00,2026-09-07T15:53:00+02:00,,0.0,0,Oslo bussterminal,RUT:Line:390,Kongskog/Hellerudhaugen - Oslo bussterminal,390,bus,RUT:ServiceJourney:e9ade63a13ddd623132555caeb00cda9,True,planned,False,,,,,2026-09-07T15:44:36.205822+02:00
NSR:StopPlace:58840,Vestfossen stasjon,2026-09-07T15:53:00+02:00,2026-09-07T15:53:00+02:00,,0.0,0,Eidsvoll,VYG:Line:R12,Kongsberg-Oslo S-Eidsvoll,R12,rail,VYG:ServiceJourney:524_444328-R,True,planned,False,,,,,2026-09-07T15:44:36.205822+02:00
NSR:StopPlace:58840,Vestfossen stasjon,2026-09-07T16:06:00+02:00,2026-09-07T16:06:00+02:00,,0.0,0,Kongsberg,VYG:Line:R12,Kongsberg-Oslo S-Eidsvoll,R12,rail,VYG:ServiceJourney:521_444323-R,True,planned,False,,,,,2026-09-07T15:44:36.205822+02:00
NSR:StopPlace:58852,Høn stasjon,2026-09-07T15:50:00+02:00,2026-09-07T15:50:00+02:00,,0.0,0,Lillestrøm,VYG:Line:L1,Spikkestad-Oslo S-Lillestrøm,L1,rail,VYG:ServiceJourney:2146_443554-R,True,planned,False,,,,,2026-09-07T15:44:36.205822+02:00
NSR:StopPlace:58852,Høn stasjon,2026-09-07T16:06:00+02:00,2026-09-07T16:06:00+02:00,,0.0,0,Lillestrøm,VYG:Line:L1,Spikkestad-Oslo S-Lillestrøm,L1,rail,VYG:ServiceJourney:2248_445345-R,True,planned,False,,,,,2026-09-07T15:44:36.205822+02:00
NSR:StopPlace:58852,Høn stasjon,2026-09-07T16:13:00+02:00,2026-09-07T16:13:00+02:00,,0.0,0,Spikkestad,VYG:Line:L1,Spikkestad-Oslo S-Lillestrøm,L1,rail,VYG:ServiceJourney:2243_443656-R,True,planned,False,,,,,2026-09-07T15:44:36.205822+02:00
NSR:StopPlace:58852,Høn stasjon,2026-09-07T16:20:00+02:00,2026-09-07T16:20:00+02:00,,0.0,0,Lillestrøm,VYG:Line:L1,Spikkestad-Oslo S-Lillestrøm,L1,rail,VYG:ServiceJourney:2148_443556-R,True,planned,False,,,,,2026-09-07T15:44:36.205822+02:00
NSR:StopPlace:58852,Høn stasjon,2026-09-07T16:29:00+02:00,2026-09-07T16:29:00+02:00,,0.0,0,Asker,VYG:Line:L1,Spikkestad-Oslo S-Lillestrøm,L1,rail,VYG:ServiceJourney:2143_443551-R,True,planned,False,,,,,2026-09-07T15:44:36.205822+02:00
NSR:StopPlace:58852,Høn stasjon,2026-09-07T16:36:00+02:00,2026-09-07T16:36:00+02:00,,0.0,0,Lillestrøm,VYG:Line:L1,Spikkestad-Oslo S-Lillestrøm,L1,rail,VYG:ServiceJourney:2250_443669-R,True,planned,False,,,,,2026-09-07T15:44:36.205822+02:00
NSR:StopPlace:58852,Høn stasjon,2026-09-07T16:43:00+02:00,2026-09-07T16:43:00+02:00,,0.0,0,Spikkestad,VYG:Line:L1,Spikkestad-Oslo S-Lillestrøm,L1,rail,VYG:ServiceJourney:2245_443659-R,True,planned,False,,,,,2026-09-07T15:44:36.205822+02:00
NSR:StopPlace:58855,Leirsund stasjon,2026-09-07T15:55:00+02:00,2026-09-07T15:55:00+02:00,,0.0,0,Drammen,VYG:Line:R13,Drammen-Oslo S-Dal,R13,rail,VYG:ServiceJourney:1644-DAL_632370-R,True,planned,False,,,,,2026-09-07T15:44:36.205822+02:00
NSR:StopPlace:58855,Leirsund stasjon,2026-09-07T16:00:00+02:00,2026-09-07T16:00:00+02:00,,0.0,0,Dal,VYG:Line:R13,Drammen-Oslo S-Dal,R13,rail,VYG:ServiceJourney:1643_443304-R,True,planned,False,,,,,2026-09-07T15:44:36.205822+02:00
NSR:StopPlace:58855,Leirsund stasjon,2026-09-07T16:30:00+02:00,2026-09-07T16:30:00+02:00,,0.0,0,Dal,VYG:Line:R13,Drammen-Oslo S-Dal,R13,rail,VYG:ServiceJourney:1645_443309-R,True,planned,False,,,,,2026-09-07T15:44:36.205822+02:00
NSR:StopPlace:58859,Nordby stasjon,2026-09-07T16:03:00+02:00,2026-09-07T16:03:00+02:00,,0.0,0,Kongsberg,VYG:Line:R13,Drammen-Oslo S-Dal,R13,rail,VYG:ServiceJourney:1646_443312-R,True,planned,False,,,,,2026-09-07T15:44:36.205822+02:00
NSR:StopPlace:58859,Nordby stasjon,2026-09-07T16:23:00+02:00,2026-09-07T16:23:00+02:00,,0.0,0,Dal,VYG:Line:R13,Drammen-Oslo S-Dal,R13,rail,VYG:ServiceJourney:1643_443304-R,True,planned,False,,,,,2026-09-07T15:44:36.205822+02:00
NSR:StopPlace:58850,Hauerseter stasjon,2026-09-07T16:00:00+02:00,2026-09-07T16:00:00+02:00,,0.0,0,Kongsberg,VYG:Line:R13,Drammen-Oslo S-Dal,R13,rail,VYG:ServiceJourney:1646_443312-R,True,planned,False,,,,,2026-09-07T15:44:36.205822+02:00
NSR:StopPlace:58850,Hauerseter stasjon,2026-09-07T16:30:00+02:00,2026-09-07T16:30:00+02:00,,0.0,0,Dal,VYG:Line:R13,Drammen-Oslo S-Dal,R13,rail,VYG:ServiceJourney:1643_443304-R,True,planned,False,,,,,2026-09-07T15:44:36.205822+02:00
NSR:StopPlace:58851,Heggedal stasjon,2026-09-07T15:52:00+02:00,2026-09-07T15:52:00+02:00,,0.0,0,Asker,RUT:Line:285,Heggedal - Blakstad - Asker,285,bus,RUT:ServiceJourney:b7c60e79982935c8033615e961c89802,True,planned,False,,,,,2026-09-07T15:44:36.205822+02:00
NSR:StopPlace:58851,Heggedal stasjon,2026-09-07T15:55:00+02:00,2026-09-07T15:55:00+02:00,,0.0,0,Spikkestad,VYG:Line:L1,Spikkestad-Oslo S-Lillestrøm,L1,rail,VYG:ServiceJourney:2241_443652-R,True,planned,False,,,,,2026-09-07T15:44:36.205822+02:00
NSR:StopPlace:58851,Heggedal stasjon,2026-09-07T15:55:00+02:00,2026-09-07T15:55:00+02:00,,0.0,0,Lillestrøm,VYG:Line:L1,Spikkestad-Oslo S-Lillestrøm,L1,rail,VYG:ServiceJourney:2248_445345-R,True,planned,False,,,,,2026-09-07T15:44:36.205822+02:00
NSR:StopPlace:58851,Heggedal stasjon,2026-09-07T15:59:00+02:00,2026-09-07T15:59:00+02:00,,0.0,0,Rustadgrenda,RUT:Line:286,Rustadgrenda-Heggedal,286,bus,RUT:ServiceJourney:7ce4850c86aee0963c84bb232c0a056c,True,planned,False,,,,,2026-09-07T15:44:36.205822+02:00
NSR:StopPlace:58851,Heggedal stasjon,2026-09-07T16:24:00+02:00,2026-09-07T16:24:00+02:00,,0.0,0,Lillestrøm,VYG:Line:L1,Spikkestad-Oslo S-Lillestrøm,L1,rail,VYG:ServiceJourney:2250_443669-R,True,planned,False,,,,,2026-09-07T15:44:36.205822+02:00
NSR:StopPlace:58851,Heggedal stasjon,2026-09-07T16:25:00+02:00,2026-09-07T16:25:00+02:00,,0.0,0,Spikkestad,VYG:Line:L1,Spikkestad-Oslo S-Lillestrøm,L1,rail,VYG:ServiceJourney:2243_443656-R,True,planned,False,,,,,2026-09-07T15:44:36.205822+02:00
NSR:StopPlace:58863,Svingen stasjon,2026-09-07T15:54:00+02:00,2026-09-07T15:54:00+02:00,,0.0,0,Kongsvinger,VYG:Line:R14,Asker-Oslo S-Kongsvinger,R14,rail,VYG:ServiceJourney:1051-HAV_442955-R,True,planned,False,,,,,2026-09-07T15:44:36.205822+02:00
NSR:StopPlace:58864,Sørumsand stasjon,2026-09-07T15:51:00+02:00,2026-09-07T15:51:00+02:00,,0.0,0,Skedsmokorset,RUT:Line:365,Sørumsand - Frogner - Skedsmokorset,365,bus,RUT:ServiceJourney:1934ec3681840bd82f66e3df7f08d054,True,planned,False,,,,,2026-09-07T15:44:36.205822+02:00
NSR:StopPlace:58864,Sørumsand stasjon,2026-09-07T16:00:00+02:00,2026-09-07T16:00:00+02:00,,0.0,0,Kongsvinger,VYG:Line:R14,Asker-Oslo S-Kongsvinger,R14,rail,VYG:ServiceJourney:1051-HAV_442955-R,True,planned,False,,,,,2026-09-07T15:44:36.205822+02:00
NSR:StopPlace:58864,Sørumsand stasjon,2026-09-07T16:09:00+02:00,2026-09-07T16:09:00+02:00,,0.0,0,Orredalen,RUT:Line:366,Orredalen - Sørumsand,366,bus,RUT:ServiceJourney:cf4dd348ea17de8e582b0ca4c51b058f,True,planned,False,,,,,2026-09-07T15:44:36.205822+02:00
NSR:StopPlace:58864,Sørumsand stasjon,2026-09-07T16:30:00+02:00,2026-09-07T16:30:00+02:00,,0.0,0,Asker,VYG:Line:R14,Asker-Oslo S-Kongsvinger,R14,rail,VYG:ServiceJourney:1024_442933-R,True,planned,False,,,,,2026-09-07T15:44:36.205822+02:00
NSR:StopPlace:58864,Sørumsand stasjon,2026-09-07T16:31:00+02:00,2026-09-07T16:31:00+02:00,,0.0,0,Kongsvinger,VYG:Line:R14,Asker-Oslo S-Kongsvinger,R14,rail,VYG:ServiceJourney:1023_442932-R,True,planned,False,,,,,2026-09-07T15:44:36.205822+02:00
NSR:StopPlace:58864,Sørumsand stasjon,2026-09-07T16:33:00+02:00,2026-09-07T16:33:00+02:00,,0.0,0,Lørenfallet,RUT:Line:2673,Bjørkelangen - Sørumsand,2673,bus,RUT:ServiceJourney:8b124674296f22c9f29d6a5082157712,True,planned,False,,,,,2026-09-07T15:44:36.205822+02:00
NSR:StopPlace:58868,Årnes stasjon,2026-09-07T15:49:00+02:00,2026-09-07T15:49:00+02:00,,0.0,0,Aktivitetsvegen,RUT:Line:450,Årnes - Oslo lufthavn,450,bus,RUT:ServiceJourney:bc7444f30ee235dd63e861588d5fbd10,True,planned,False,,,,,2026-09-07T15:44:36.205822+02:00
NSR:StopPlace:58868,Årnes stasjon,2026-09-07T15:55:00+02:00,2026-09-07T15:55:00+02:00,,0.0,0,Fallet,RUT:Line:3674,Fallet - Skogbygda - Vormsund - Årnes,3674,bus,RUT:ServiceJourney:78a5a86395535e5f833efe3d6c92d721,True,planned,False,,,,,2026-09-07T15:44:36.205822+02:00
NSR:StopPlace:58868,Årnes stasjon,2026-09-07T16:00:00+02:00,2026-09-07T16:00:00+02:00,,0.0,0,Rånåsfoss,RUT:Line:455,Årnes -Rånåsfoss,455,bus,RUT:ServiceJourney:4faa3b3e26ae173da5105cc7f69f3110,True,planned,False,,,,,2026-09-07T15:44:36.205822+02:00
NSR:StopPlace:58868,Årnes stasjon,2026-09-07T16:04:00+02:00,2026-09-07T16:04:00+02:00,,0.0,0,Oslo lufthavn,RUT:Line:450,Årnes - Oslo lufthavn,450,bus,RUT:ServiceJourney:b9cd32996f403e707fc47a20b9648136,True,planned,False,,,,,2026-09-07T15:44:36.205822+02:00
NSR:StopPlace:58868,Årnes stasjon,2026-09-07T16:07:00+02:00,2026-09-07T16:07:00+02:00,,0.0,0,Asker,VYG:Line:R14,Asker-Oslo S-Kongsvinger,R14,rail,VYG:ServiceJourney:1024_442933-R,True,planned,False,,,,,2026-09-07T15:44:36.205822+02:00
NSR:StopPlace:58868,Årnes stasjon,2026-09-07T16:14:00+02:00,2026-09-07T16:14:00+02:00,,0.0,0,Eidsvoll,RUT:Line:441,Eidsvoll - Årnes,441,bus,RUT:ServiceJourney:e63651d2662453ed1cf113b6ae911aa3,True,planned,False,,,,,2026-09-07T15:44:36.205822+02:00
NSR:StopPlace:58868,Årnes stasjon,2026-09-07T16:22:00+02:00,2026-09-07T16:22:00+02:00,,0.0,0,Kongsvinger,VYG:Line:R14,Asker-Oslo S-Kongsvinger,R14,rail,VYG:ServiceJourney:1051-HAV_442955-R,True,planned,False,,,,,2026-09-07T15:44:36.205822+02:00
NSR:StopPlace:58869,Ås stasjon,2026-09-07T15:50:00+02:00,2026-09-07T15:50:00+02:00,,0.0,0,Dyster/Eldor,RUT:Line:536,Dyster/Eldor - Ås stasjon,536,bus,RUT:ServiceJourney:e1bd3dd0caf28aeea2ff853244784135,True,planned,False,,,,,2026-09-07T15:44:36.205822+02:00
NSR:StopPlace:58869,Ås stasjon,2026-09-07T15:50:00+02:00,2026-09-07T15:50:00+02:00,,0.0,0,Kroer,RUT:Line:535,Kroer - Ås stasjon,535,bus,RUT:ServiceJourney:0bdf84a3e5b12158d12f6ada5d27d390,True,planned,False,,,,,2026-09-07T15:44:36.205822+02:00
NSR:StopPlace:58869,Ås stasjon,2026-09-07T16:10:00+02:00,2026-09-07T16:10:00+02:00,,0.0,0,Moss,VYG:Line:R21,Stabekk-Oslo S-Moss,R21,rail,VYG:ServiceJourney:1143-HVK_443022-R,True,planned,False,,,,,2026-09-07T15:44:36.205822+02:00
NSR:StopPlace:58869,Ås stasjon,2026-09-07T16:15:00+02:00,2026-09-07T16:15:00+02:00,,0.0,0,Stabekk,VYG:Line:R21,Stabekk-Oslo S-Moss,R21,rail,VYG:ServiceJourney:1148-MOS_443027-R,True,planned,False,,,,,2026-09-07T15:44:36.205822+02:00
NSR:StopPlace:58869,Ås stasjon,2026-09-07T16:24:00+02:00,2026-09-07T16:24:00+02:00,,0.0,0,Moss,VYG:Line:R23x,Stabekk-Oslo S-Moss,R23x,rail,VYG:ServiceJourney:1545-LOD_673612-R,True,planned,False,,,,,2026-09-07T15:44:36.205822+02:00
NSR:StopPlace:58869,Ås stasjon,2026-09-07T16:40:00+02:00,2026-09-07T16:40:00+02:00,,0.0,0,Moss,VYG:Line:R21,Stabekk-Oslo S-Moss,R21,rail,VYG:ServiceJourney:1145-HVK_443024-R,True,planned,False,,,,,2026-09-07T15:44:36.205822+02:00
NSR:StopPlace:58860,Oppegård stasjon,2026-09-07T15:12:00+02:00,2026-09-07T15:12:00+02:00,,0.0,0,Ski,VYG:Line:L2,Stabekk-Oslo S-Ski,L2,rail,VYG:ServiceJourney:2739-HVK_443948-R,True,planned,False,,,,,2026-09-07T15:44:36.205822+02:00
NSR:StopPlace:58860,Oppegård stasjon,2026-09-07T15:46:00+02:00,2026-09-07T15:46:00+02:00,,0.0,0,Stabekk,VYG:Line:L2,Stabekk-Oslo S-Ski,L2,rail,VYG:ServiceJourney:2748-SKI_443958-R,True,planned,False,,,,,2026-09-07T15:44:36.205822+02:00
NSR:StopPlace:58874,Stokke stasjon,2026-09-07T15:37:00+02:00,2026-09-07T15:37:00+02:00,,0.0,0,Sørby,VKT:Line:520,Tønsberg-Stokke,520,bus,VKT:ServiceJourney:17242,True,planned,False,,,,,2026-09-07T15:44:36.205822+02:00
NSR:StopPlace:58874,Stokke stasjon,2026-09-07T15:48:00+02:00,2026-09-07T15:48:00+02:00,,0.0,0,Vestre Skjee,VKT:Line:521,Tønsberg-Stokke-Vestre Skjee,521,bus,VKT:ServiceJourney:17220,True,planned,False,,,,,2026-09-07T15:44:36.205822+02:00
NSR:StopPlace:58874,Stokke stasjon,2026-09-07T15:56:00+02:00,2026-09-07T15:56:00+02:00,,0.0,0,Eidsvoll,VYG:Line:RE11,Eidsvoll-Oslo S-Skien,RE11,rail,VYG:ServiceJourney:824_444404-R,True,planned,False,,,,,2026-09-07T15:44:36.205822+02:00
NSR:StopPlace:58874,Stokke stasjon,2026-09-07T16:07:00+02:00,2026-09-07T16:07:00+02:00,,0.0,0,Skien,VYG:Line:RE11,Eidsvoll-Oslo S-Skien,RE11,rail,VYG:ServiceJourney:821_444401-R,True,planned,False,,,,,2026-09-07T15:44:36.205822+02:00
NSR:StopPlace:58874,Stokke stasjon,2026-09-07T16:34:00+02:00,2026-09-07T16:34:00+02:00,,0.0,0,Skien,VYG:Line:RX11,Eidsvoll-Oslo S-Skien,RX11,rail,VYG:ServiceJourney:853-LOD_554644-R,True,planned,False,,,,,2026-09-07T15:44:36.205822+02:00
NSR:StopPlace:58875,Torp stasjon,2026-09-07T12:51:00+02:00,2026-09-07T12:51:00+02:00,,0.0,0,Eidsvoll,VYG:Line:RE11,Eidsvoll-Oslo S-Skien,RE11,rail,VYG:ServiceJourney:818_444398-R,True,planned,False,,,,,2026-09-07T15:44:36.205822+02:00
NSR:StopPlace:58875,Torp stasjon,2026-09-07T14:12:00+02:00,2026-09-07T14:12:00+02:00,,0.0,0,Skien,VYG:Line:RE11,Eidsvoll-Oslo S-Skien,RE11,rail,VYG:ServiceJourney:817_444397-R,True,planned,False,,,,,2026-09-07T15:44:36.205822+02:00
NSR:StopPlace:58875,Torp stasjon,2026-09-07T14:51:00+02:00,2026-09-07T14:51:00+02:00,,0.0,0,Eidsvoll,VYG:Line:RE11,Eidsvoll-Oslo S-Skien,RE11,rail,VYG:ServiceJourney:822_444402-R,True,planned,False,,,,,2026-09-07T15:44:36.205822+02:00
NSR:StopPlace:58875,Torp stasjon,2026-09-07T15:12:00+02:00,2026-09-07T15:12:00+02:00,,0.0,0,Skien,VYG:Line:RE11,Eidsvoll-Oslo S-Skien,RE11,rail,VYG:ServiceJourney:819_444399-R,True,planned,False,Forsinket,Toget kjørte 4 minutter forsinket fra Oslo S. Dette skyldes en tidligere stans.,incident,normal,2026-09-07T15:44:36.205822+02:00
NSR:StopPlace:58875,Torp stasjon,2026-09-07T15:51:00+02:00,2026-09-07T15:51:00+02:00,,0.0,0,Eidsvoll,VYG:Line:RE11,Eidsvoll-Oslo S-Skien,RE11,rail,VYG:ServiceJourney:824_444404-R,True,planned,False,,,,,2026-09-07T15:44:36.205822+02:00
NSR:StopPlace:58875,Torp stasjon,2026-09-07T16:12:00+02:00,2026-09-07T16:12:00+02:00,,0.0,0,Skien,VYG:Line:RE11,Eidsvoll-Oslo S-Skien,RE11,rail,VYG:ServiceJourney:821_444401-R,True,planned,False,,,,,2026-09-07T15:44:36.205822+02:00
NSR:StopPlace:58877,Bø stasjon,2026-09-07T13:55:00+02:00,2026-09-07T13:55:00+02:00,,0.0,0,Notodden via Nordagutu,TEL:Line:8323,Notodden-Nordagutu-Gvarv-Bø,323,bus,TEL:ServiceJourney:125767,True,planned,False,,,,,2026-09-07T15:44:36.205822+02:00
NSR:StopPlace:58877,Bø stasjon,2026-09-07T14:12:00+02:00,2026-09-07T14:12:00+02:00,,0.0,0,Skien stasjon,TEL:Line:8181,Seljord-Bø-Skien,R1,bus,TEL:ServiceJourney:127055,True,planned,False,,,,,2026-09-07T15:44:36.205822+02:00
NSR:StopPlace:58877,Bø stasjon,2026-09-07T14:32:00+02:00,2026-09-07T14:32:00+02:00,,0.0,0,Skien stasjon,TEL:Line:8181,Seljord-Bø-Skien,R1,bus,TEL:ServiceJourney:127056,True,planned,False,,,,,2026-09-07T15:44:36.205822+02:00
NSR:StopPlace:58877,Bø stasjon,2026-09-07T15:07:00+02:00,2026-09-07T15:07:00+02:00,,0.0,0,Seljord,TEL:Line:8181,Seljord-Bø-Skien,R1,bus,TEL:ServiceJourney:127094,True,planned,False,,,,,2026-09-07T15:44:36.205822+02:00
NSR:StopPlace:58877,Bø stasjon,2026-09-07T15:57:00+02:00,2026-09-07T15:57:00+02:00,,0.0,0,Breisås,TEL:Line:8116,Bø-Folkestad-Nordbø-Breisås,116,bus,TEL:ServiceJourney:125936,True,planned,False,,,,,2026-09-07T15:44:36.205822+02:00
NSR:StopPlace:58877,Bø stasjon,2026-09-07T16:42:00+02:00,2026-09-07T16:42:00+02:00,,0.0,0,Seljord,TEL:Line:8181,Seljord-Bø-Skien,R1,bus,TEL:ServiceJourney:127096,True,planned,False,,,,,2026-09-07T15:44:36.205822+02:00
NSR:StopPlace:58878,Drangedal stasjon,2026-09-07T15:56:00+02:00,2026-09-07T15:56:00+02:00,,0.0,0,Oslo S,GOA:Line:50,Sørtoget region,F5,rail,GOA:ServiceJourney:710-KVB_71575-R,True,planned,False,,,,,2026-09-07T15:44:36.205822+02:00
NSR:StopPlace:58870,Holmestrand stasjon,2026-09-07T15:45:00+02:00,2026-09-07T15:45:00+02:00,,0.0,0,Horten-Tønsberg,VKT:Line:2,Tjøme-Tønsberg-Horten-Holmestr,2,bus,VKT:ServiceJourney:15849,True,planned,False,Forsinkelser Linje 2 og 411 | Kjører ikke Storgata i Horten,Pga. veiarbeid i Horten sentrum vil det kunne oppstå forsinkelser på busser i tidsrommet 3.-11. september.  | 7.-9. september: Bussene vil ikke kjøre Storgata. Benytt holdeplassene Peders gate eller Horten rb.st. Se vkt.no/avvik Det vil oppstå forsinkelser. ,incident | general,normal | normal,2026-09-07T15:44:36.205822+02:00
NSR:StopPlace:58871,Sande stasjon,2026-09-07T15:00:00+02:00,2026-09-07T15:00:00+02:00,,0.0,0,Sjølshagen-Skoger,VKT:Line:221,Sande-Sjølshagen-Skoger,221,bus,VKT:ServiceJourney:15181,True,planned,False,,,,,2026-09-07T15:44:36.205822+02:00
NSR:StopPlace:58871,Sande stasjon,2026-09-07T15:40:00+02:00,2026-09-07T15:40:00+02:00,,0.0,0,Skafjell-Selvik skole,VKT:Line:10,Drammen-Skoger-Sande,10,bus,VKT:ServiceJourney:104159,True,planned,False,,,,,2026-09-07T15:44:36.205822+02:00
NSR:StopPlace:58871,Sande stasjon,2026-09-07T15:52:00+02:00,2026-09-07T15:52:00+02:00,,0.0,0,Skoger-Drammen,VKT:Line:10,Drammen-Skoger-Sande,10,bus,VKT:ServiceJourney:104212,True,planned,False,,,,,2026-09-07T15:44:36.205822+02:00
NSR:StopPlace:58871,Sande stasjon,2026-09-07T16:24:00+02:00,2026-09-07T16:24:00+02:00,,0.0,0,Skien,VYG:Line:RE11,Eidsvoll-Oslo S-Skien,RE11,rail,VYG:ServiceJourney:823_444403-R,True,planned,False,,,,,2026-09-07T15:44:36.205822+02:00
NSR:StopPlace:58872,Sandefjord stasjon,2026-09-07T15:47:00+02:00,2026-09-07T15:47:00+02:00,,0.0,0,Eidsvoll,VYG:Line:RE11,Eidsvoll-Oslo S-Skien,RE11,rail,VYG:ServiceJourney:824_444404-R,True,planned,False,,,,,2026-09-07T15:44:36.205822+02:00
NSR:StopPlace:58872,Sandefjord stasjon,2026-09-07T15:49:00+02:00,2026-09-07T15:49:00+02:00,,0.0,0,Skien,VYG:Line:RX11,Eidsvoll-Oslo S-Skien,RX11,rail,VYG:ServiceJourney:851-LOD_554643-R,True,planned,False,,,,,2026-09-07T15:44:36.205822+02:00
NSR:StopPlace:58872,Sandefjord stasjon,2026-09-07T16:18:00+02:00,2026-09-07T16:18:00+02:00,,0.0,0,Skien,VYG:Line:RE11,Eidsvoll-Oslo S-Skien,RE11,rail,VYG:ServiceJourney:821_444401-R,True,planned,False,,,,,2026-09-07T15:44:36.205822+02:00
NSR:StopPlace:58873,Skoppum stasjon,2026-09-07T16:05:00+02:00,2026-09-07T16:05:00+02:00,,0.0,0,Skien,VYG:Line:RX11,Eidsvoll-Oslo S-Skien,RX11,rail,VYG:ServiceJourney:853-LOD_554644-R,True,planned,False,,,,,2026-09-07T15:44:36.205822+02:00
NSR:StopPlace:58873,Skoppum stasjon,2026-09-07T16:20:00+02:00,2026-09-07T16:20:00+02:00,,0.0,0,Eidsvoll,VYG:Line:RE11,Eidsvoll-Oslo S-Skien,RE11,rail,VYG:ServiceJourney:824_444404-R,True,planned,False,,,,,2026-09-07T15:44:36.205822+02:00
NSR:StopPlace:58885,Trykkerud stasjon,2026-09-07T16:15:00+02:00,2026-09-07T16:15:00+02:00,,0.0,0,Porsgrunn,VYG:Line:R55,Porsgrunn-Notodden,R55,rail,VYG:ServiceJourney:2485_443755-R,True,planned,False,,,,,2026-09-07T15:44:36.205822+02:00
NSR:StopPlace:58882,Nordagutu stasjon,2026-09-07T16:28:00+02:00,2026-09-07T16:28:00+02:00,,0.0,0,Porsgrunn,VYG:Line:R55,Porsgrunn-Notodden,R55,rail,VYG:ServiceJourney:2485_443755-R,True,planned,False,,,,,2026-09-07T15:44:36.205822+02:00
NSR:StopPlace:58884,Skien stasjon,2026-09-07T13:55:00+02:00,2026-09-07T13:55:00+02:00,,0.0,0,Seljord,TEL:Line:8181,Seljord-Bø-Skien,R1,bus,TEL:ServiceJourney:127094,True,planned,False,,,,,2026-09-07T15:44:36.205822+02:00
NSR:StopPlace:58884,Skien stasjon,2026-09-07T14:58:00+02:00,2026-09-07T14:58:00+02:00,,0.0,0,Seljord,TEL:Line:8181,Seljord-Bø-Skien,R1,bus,TEL:ServiceJourney:127095,True,planned,False,,,,,2026-09-07T15:44:36.205822+02:00
NSR:StopPlace:58884,Skien stasjon,2026-09-07T15:16:00+02:00,2026-09-07T15:16:00+02:00,,0.0,0,Skjelsvik via Klyve,TEL:Line:8043,Skien-Klyve-Skjelsvik,M3,bus,TEL:ServiceJourney:127186,True,planned,False,,,,,2026-09-07T15:44:36.205822+02:00
NSR:StopPlace:58884,Skien stasjon,2026-09-07T15:30:00+02:00,2026-09-07T15:30:00+02:00,,0.0,0,Seljord,TEL:Line:8181,Seljord-Bø-Skien,R1,bus,TEL:ServiceJourney:127096,True,planned,False,,,,,2026-09-07T15:44:36.205822+02:00
NSR:StopPlace:58884,Skien stasjon,2026-09-07T15:46:00+02:00,2026-09-07T15:46:00+02:00,,0.0,0,Skjelsvik via Klyve,TEL:Line:8043,Skien-Klyve-Skjelsvik,M3,bus,TEL:ServiceJourney:127189,True,planned,False,,,,,2026-09-07T15:44:36.205822+02:00
NSR:StopPlace:58884,Skien stasjon,2026-09-07T15:58:00+02:00,2026-09-07T15:58:00+02:00,,0.0,0,Siljan,TEL:Line:8047,Siljan-Skien-Åfoss,P7,bus,TEL:ServiceJourney:127435,True,planned,False,,,,,2026-09-07T15:44:36.205822+02:00
NSR:StopPlace:58884,Skien stasjon,2026-09-07T15:58:00+02:00,2026-09-07T15:58:00+02:00,,0.0,0,Åfoss via Skien sentrum,TEL:Line:8047,Siljan-Skien-Åfoss,P7,bus,TEL:ServiceJourney:127391,True,planned,False,,,,,2026-09-07T15:44:36.205822+02:00
NSR:StopPlace:58884,Skien stasjon,2026-09-07T16:08:00+02:00,2026-09-07T16:08:00+02:00,,0.0,0,Eidsvoll,VYG:Line:RE11,Eidsvoll-Oslo S-Skien,RE11,rail,VYG:ServiceJourney:826_481332-R,True,planned,False,Færre vogner,Denne avgangen kjører dessverre med 5 vogner i stedet for 10 vogner. Dette skyldes at vi mangler et togsett.,general,normal,2026-09-07T15:44:36.205822+02:00
NSR:StopPlace:58893,Grovane stasjon,2026-09-07T16:06:00+02:00,2026-09-07T16:06:00+02:00,,0.0,0,Kristiansand,AKT:Line:31,Kvadraturen - Sødal - Vennesla,31,bus,AKT:ServiceJourney:79692_222_50_115560_117960_3950001,True,planned,False,,,,,2026-09-07T15:44:36.205822+02:00
NSR:StopPlace:58893,Grovane stasjon,2026-09-07T16:22:00+02:00,2026-09-07T16:22:00+02:00,,0.0,0,Kristiansand via Moseidmoen - Mosby,AKT:Line:30,Kvadraturen - Mosby - Vennesl,30,bus,AKT:ServiceJourney:79460_212_48_117840_120600_40001545,True,planned,False,,,,,2026-09-07T15:44:36.205822+02:00
NSR:StopPlace:58893,Grovane stasjon,2026-09-07T16:36:00+02:00,2026-09-07T16:36:00+02:00,,0.0,0,Kristiansand,AKT:Line:31,Kvadraturen - Sødal - Vennesla,31,bus,AKT:ServiceJourney:79693_232_50_119160_121560_3950001,True,planned,False,,,,,2026-09-07T15:44:36.205822+02:00
NSR:StopPlace:58800,Råde stasjon,2026-09-07T16:01:00+02:00,2026-09-07T16:01:00+02:00,,0.0,0,Halden,VYG:Line:RE20,Oslo S-Halden-Göteborg (X-Border),RE20,rail,VYG:ServiceJourney:121-LOD_673509-R,True,planned,False,,,,,2026-09-07T15:44:36.205822+02:00
NSR:StopPlace:58801,Sarpsborg stasjon,2026-09-07T16:29:00+02:00,2026-09-07T16:29:00+02:00,,0.0,0,Halden,VYG:Line:RE20,Oslo S-Halden-Göteborg (X-Border),RE20,rail,VYG:ServiceJourney:121-LOD_673509-R,True,planned,False,,,,,2026-09-07T15:44:36.205822+02:00
NSR:StopPlace:58802,Spydeberg stasjon,2026-09-07T16:04:00+02:00,2026-09-07T16:04:00+02:00,,0.0,0,Mysen,VYG:Line:R22,Skøyen-Oslo S-Mysen-Rakkestad,R22,rail,VYG:ServiceJourney:1951_443497-R,True,planned,False,,,,,2026-09-07T15:44:36.205822+02:00
NSR:StopPlace:58802,Spydeberg stasjon,2026-09-07T16:22:00+02:00,2026-09-07T16:22:00+02:00,,0.0,0,Oslo S,VYG:Line:R22,Skøyen-Oslo S-Mysen-Rakkestad,R22,rail,VYG:ServiceJourney:1926_443477-R,True,planned,False,,,,,2026-09-07T15:44:36.205822+02:00
NSR:StopPlace:58802,Spydeberg stasjon,2026-09-07T16:38:00+02:00,2026-09-07T16:38:00+02:00,,0.0,0,Rakkestad,VYG:Line:R22,Skøyen-Oslo S-Mysen-Rakkestad,R22,rail,VYG:ServiceJourney:1923_443472-R,True,planned,False,,,,,2026-09-07T15:44:36.205822+02:00
NSR:StopPlace:58803,Tomter stasjon,2026-09-07T16:22:00+02:00,2026-09-07T16:21:04+02:00,,0.0,0,Svikebøl,OST:Line:1_410,Elvestad-Svikebøl,410,bus,OST:ServiceJourney:410_260327065876942_9,True,expected,False,,,,,2026-09-07T15:44:36.205822+02:00
NSR:StopPlace:58803,Tomter stasjon,2026-09-07T16:30:00+02:00,2026-09-07T16:30:00+02:00,,0.0,0,Oslo S,VYG:Line:R22,Skøyen-Oslo S-Mysen-Rakkestad,R22,rail,VYG:ServiceJourney:1926_443477-R,True,planned,False,,,,,2026-09-07T15:44:36.205822+02:00
NSR:StopPlace:58803,Tomter stasjon,2026-09-07T16:30:00+02:00,2026-09-07T16:30:00+02:00,,0.0,0,Rakkestad,VYG:Line:R22,Skøyen-Oslo S-Mysen-Rakkestad,R22,rail,VYG:ServiceJourney:1923_443472-R,True,planned,False,,,,,2026-09-07T15:44:36.205822+02:00
NSR:StopPlace:58803,Tomter stasjon,2026-09-07T16:41:00+02:00,2026-09-07T16:41:00+02:00,,0.0,0,Elvestad,OST:Line:1_410,Elvestad-Svikebøl,410,bus,OST:ServiceJourney:410_260327065880895_8,True,planned,False,,,,,2026-09-07T15:44:36.205822+02:00
NSR:StopPlace:58804,Alvdal stasjon,2026-09-07T15:45:00+02:00,2026-09-07T15:45:00+02:00,,0.0,0,Tynset,INN:Line:181,Tynset - Alvdal - Folldal,181,bus,INN:ServiceJourney:84469,True,planned,False,,,,,2026-09-07T15:44:36.205822+02:00
NSR:StopPlace:58804,Alvdal stasjon,2026-09-07T15:46:00+02:00,2026-09-07T15:46:00+02:00,,0.0,0,Folldal,INN:Line:181,Tynset - Alvdal - Folldal,181,bus,INN:ServiceJourney:84453,True,planned,False,,,,,2026-09-07T15:44:36.205822+02:00
NSR:StopPlace:58805,Brumunddal stasjon,2026-09-07T15:45:00+02:00,2026-09-07T15:45:00+02:00,,0.0,0,Tingnes - Helgøya,INN:Line:620,Brumunddal - Nes - Helgøya,620,bus,INN:ServiceJourney:83137,True,planned,False,,,,,2026-09-07T15:44:36.205822+02:00
NSR:StopPlace:58805,Brumunddal stasjon,2026-09-07T16:03:00+02:00,2026-09-07T16:03:00+02:00,,0.0,0,Lillehammer,VYG:Line:RE10,Drammen-Oslo S-Lillehammer,RE10,rail,VYG:ServiceJourney:321-SUD_444201-R,True,planned,False,,,,,2026-09-07T15:44:36.205822+02:00
NSR:StopPlace:58806,Evenstad stasjon,2026-09-07T13:24:00+02:00,2026-09-07T13:24:00+02:00,,0.0,0,Trondheim S,SJN:Line:25,Rørosbanen,R60,rail,SJN:ServiceJourney:2385_30335-R,True,planned,False,,,,,2026-09-07T15:44:36.205822+02:00
NSR:StopPlace:58806,Evenstad stasjon,2026-09-07T14:40:00+02:00,2026-09-07T14:40:00+02:00,,0.0,0,Hamar,SJN:Line:25,Rørosbanen,R60,rail,SJN:ServiceJourney:2386_47976-R,True,planned,False,,,,,2026-09-07T15:44:36.205822+02:00
NSR:StopPlace:58808,Kongsvinger stasjon,2026-09-07T14:09:00+02:00,2026-09-07T14:09:00+02:00,,0.0,0,Flisa - Våler,INN:Line:105,Kongsvinger - Elverum - Hamar,105,bus,INN:ServiceJourney:83648,True,planned,False,,,,,2026-09-07T15:44:36.205822+02:00
NSR:StopPlace:58808,Kongsvinger stasjon,2026-09-07T15:39:00+02:00,2026-09-07T15:39:00+02:00,,0.0,0,Flisa - Hamar,INN:Line:105,Kongsvinger - Elverum - Hamar,105,bus,INN:ServiceJourney:83655,True,planned,False,,,,,2026-09-07T15:44:36.205822+02:00
NSR:StopPlace:58808,Kongsvinger stasjon,2026-09-07T15:45:00+02:00,2026-09-07T15:45:00+02:00,,0.0,0,Skarnes - Sand,INN:Line:700,Kongsvinger-Skarnes-Sand,700,bus,INN:ServiceJourney:82361,True,planned,False,,,,,2026-09-07T15:44:36.205822+02:00
NSR:StopPlace:58808,Kongsvinger stasjon,2026-09-07T15:46:00+02:00,2026-09-07T15:46:00+02:00,,0.0,0,Skarnes Korsmo,INN:Line:702,Kongsvinger - Skarnes E16,702,bus,INN:ServiceJourney:82385,True,planned,False,,,,,2026-09-07T15:44:36.205822+02:00
NSR:StopPlace:58810,Løten stasjon,2026-09-07T15:48:00+02:00,2026-09-07T15:48:00+02:00,,0.0,0,Brenneriroa,INN:Line:804,Løten - Elverum - Hernes,804,bus,INN:ServiceJourney:86292,True,planned,False,,,,,2026-09-07T15:44:36.205822+02:00
NSR:StopPlace:58810,Løten stasjon,2026-09-07T16:22:00+02:00,2026-09-07T16:22:00+02:00,,0.0,0,Trondheim S,SJN:Line:25,Rørosbanen,R60,rail,SJN:ServiceJourney:2389_47883-R,True,planned,False,,,,,2026-09-07T15:44:36.205822+02:00
NSR:StopPlace:58811,Moelv stasjon,2026-09-07T15:45:00+02:00,2026-09-07T15:45:00+02:00,,0.0,0,Brumunddal,INN:Line:605,Gjøvik - Moelv - Brumunddal,605,bus,INN:ServiceJourney:82986,True,planned,False,,,,,2026-09-07T15:44:36.205822+02:00
NSR:StopPlace:58811,Moelv stasjon,2026-09-07T16:15:00+02:00,2026-09-07T16:15:00+02:00,,0.0,0,Lillehammer,VYG:Line:RE10,Drammen-Oslo S-Lillehammer,RE10,rail,VYG:ServiceJourney:321-SUD_444201-R,True,planned,False,,,,,2026-09-07T15:44:36.205822+02:00
NSR:StopPlace:58811,Moelv stasjon,2026-09-07T16:32:00+02:00,2026-09-07T16:32:00+02:00,,0.0,0,Gjøvik,INN:Line:100,Hamar - Gjøvik,100,bus,INN:ServiceJourney:83464,True,planned,False,,,,,2026-09-07T15:44:36.205822+02:00
NSR:StopPlace:58811,Moelv stasjon,2026-09-07T16:37:00+02:00,2026-09-07T16:37:00+02:00,,0.0,0,Drammen,VYG:Line:RE10,Drammen-Oslo S-Lillehammer,RE10,rail,VYG:ServiceJourney:326-LHM_444219-R,True,planned,False,,,,,2026-09-07T15:44:36.205822+02:00
NSR:StopPlace:58813,Skarnes stasjon,2026-09-07T15:49:00+02:00,2026-09-07T15:49:00+02:00,,0.0,0,Asker,VYG:Line:R14,Asker-Oslo S-Kongsvinger,R14,rail,VYG:ServiceJourney:1024_442933-R,True,planned,False,Heis på Skarnes ute av drift,Heisen på Skarnes til spor 2 er ute av drift.,general,normal,2026-09-07T15:44:36.205822+02:00
NSR:StopPlace:58813,Skarnes stasjon,2026-09-07T15:50:00+02:00,2026-09-07T15:50:00+02:00,,0.0,0,Galterud - Kongsvinger,INN:Line:716,Galterud-Skarnes-Sand,716,bus,INN:ServiceJourney:82406,True,planned,False,,,,,2026-09-07T15:44:36.205822+02:00
NSR:StopPlace:58813,Skarnes stasjon,2026-09-07T16:08:00+02:00,2026-09-07T16:08:00+02:00,,0.0,0,Kongsvinger,VYG:Line:R14,Asker-Oslo S-Kongsvinger,R14,rail,VYG:ServiceJourney:1021_442929-R,True,planned,False,Heis på Skarnes ute av drift,Heisen på Skarnes til spor 2 er ute av drift.,general,normal,2026-09-07T15:44:36.205822+02:00
NSR:StopPlace:58813,Skarnes stasjon,2026-09-07T16:20:00+02:00,2026-09-07T16:20:00+02:00,,0.0,0,Sand,INN:Line:700,Kongsvinger-Skarnes-Sand,700,bus,INN:ServiceJourney:82361,True,planned,False,,,,,2026-09-07T15:44:36.205822+02:00
NSR:StopPlace:58813,Skarnes stasjon,2026-09-07T16:35:00+02:00,2026-09-07T16:35:00+02:00,,0.0,0,Kongsvinger,VYG:Line:R14,Asker-Oslo S-Kongsvinger,R14,rail,VYG:ServiceJourney:1051-HAV_442955-R,True,planned,False,Heis på Skarnes ute av drift,Heisen på Skarnes til spor 2 er ute av drift.,general,normal,2026-09-07T15:44:36.205822+02:00
NSR:StopPlace:58815,Bleiken stasjon,2026-09-07T14:11:00+02:00,2026-09-07T14:11:00+02:00,,0.0,0,Roa,VYG:Line:RE30,Oslo S-Gjøvik,RE30,rail,VYG:ServiceJourney:1220-GJOe_589159-R,True,planned,False,,,,,2026-09-07T15:44:36.205822+02:00
NSR:StopPlace:58815,Bleiken stasjon,2026-09-07T16:11:00+02:00,2026-09-07T16:11:00+02:00,,0.0,0,Roa,VYG:Line:RE30,Oslo S-Gjøvik,RE30,rail,VYG:ServiceJourney:1224-GJOe_589171-R,True,planned,False,,,,,2026-09-07T15:44:36.205822+02:00
NSR:StopPlace:58815,Bleiken stasjon,2026-09-07T16:28:00+02:00,2026-09-07T16:28:00+02:00,,0.0,0,Gjøvik,VYG:Line:RE30,Oslo S-Gjøvik,RE30,rail,VYG:ServiceJourney:1221-ROA_589163-R,True,planned,False,,,,,2026-09-07T15:44:36.205822+02:00
NSR:StopPlace:58816,Dombås stasjon,2026-09-07T15:52:00+02:00,2026-09-07T15:52:00+02:00,,0.0,0,Oslo S,SJN:Line:21,Dovrebanen,F6,rail,SJN:ServiceJourney:46-TND_48003-R,True,planned,False,,,,,2026-09-07T15:44:36.205822+02:00
NSR:StopPlace:58817,Eina stasjon,2026-09-07T15:56:00+02:00,2026-09-07T15:56:00+02:00,,0.0,0,Roa,VYG:Line:RE30,Oslo S-Gjøvik,RE30,rail,VYG:ServiceJourney:1224-GJOe_589171-R,True,planned,False,,,,,2026-09-07T15:44:36.205822+02:00
NSR:StopPlace:58817,Eina stasjon,2026-09-07T16:44:00+02:00,2026-09-07T16:44:00+02:00,,0.0,0,Gjøvik,VYG:Line:RE30,Oslo S-Gjøvik,RE30,rail,VYG:ServiceJourney:1221-ROA_589163-R,True,planned,False,,,,,2026-09-07T15:44:36.205822+02:00
NSR:StopPlace:58818,Gran stasjon,2026-09-07T15:22:00+02:00,2026-09-07T15:22:00+02:00,,0.0,0,Dokka,INN:Line:126,Dokka-Hov-Brandbu-Oslo,126,bus,INN:ServiceJourney:68057,True,planned,False,,,,,2026-09-07T15:44:36.205822+02:00
NSR:StopPlace:58818,Gran stasjon,2026-09-07T16:15:00+02:00,2026-09-07T16:15:00+02:00,,0.0,0,Gjøvik,VYG:Line:RE30,Oslo S-Gjøvik,RE30,rail,VYG:ServiceJourney:1221-ROA_589163-R,True,planned,False,,,,,2026-09-07T15:44:36.205822+02:00
NSR:StopPlace:58818,Gran stasjon,2026-09-07T16:25:00+02:00,2026-09-07T16:25:00+02:00,,0.0,0,Roa,VYG:Line:RE30,Oslo S-Gjøvik,RE30,rail,VYG:ServiceJourney:1224-GJOe_589171-R,True,planned,False,,,,,2026-09-07T15:44:36.205822+02:00
NSR:StopPlace:58823,Jaren stasjon,2026-09-07T16:20:00+02:00,2026-09-07T16:20:00+02:00,,0.0,0,Roa,VYG:Line:RE30,Oslo S-Gjøvik,RE30,rail,VYG:ServiceJourney:1224-GJOe_589171-R,True,planned,False,,,,,2026-09-07T15:44:36.205822+02:00
NSR:StopPlace:58823,Jaren stasjon,2026-09-07T16:21:00+02:00,2026-09-07T16:21:00+02:00,,0.0,0,Gjøvik,VYG:Line:RE30,Oslo S-Gjøvik,RE30,rail,VYG:ServiceJourney:1221-ROA_589163-R,True,planned,False,,,,,2026-09-07T15:44:36.205822+02:00
NSR:StopPlace:58824,Lunner stasjon,2026-09-07T16:08:00+02:00,2026-09-07T16:08:00+02:00,,0.0,0,Gjøvik,VYG:Line:RE30,Oslo S-Gjøvik,RE30,rail,VYG:ServiceJourney:1221-ROA_589163-R,True,planned,False,,,,,2026-09-07T15:44:36.205822+02:00
NSR:StopPlace:58824,Lunner stasjon,2026-09-07T16:31:00+02:00,2026-09-07T16:31:00+02:00,,0.0,0,Roa,VYG:Line:RE30,Oslo S-Gjøvik,RE30,rail,VYG:ServiceJourney:1224-GJOe_589171-R,True,planned,False,,,,,2026-09-07T15:44:36.205822+02:00
NSR:StopPlace:58825,Raufoss stasjon,2026-09-07T15:50:00+02:00,2026-09-07T15:50:00+02:00,,0.0,0,Kapp o/Landheim,INN:Line:442,Kapp-Landh.-Rauf.-Eriksr.-Lena,442,bus,INN:ServiceJourney:78191,True,planned,False,,,,,2026-09-07T15:44:36.205822+02:00
NSR:StopPlace:58825,Raufoss stasjon,2026-09-07T15:56:00+02:00,2026-09-07T15:56:00+02:00,,0.0,0,Gjøvik,VYG:Line:RE30,Oslo S-Gjøvik,RE30,rail,VYG:ServiceJourney:1219-ROA_589156-R,True,planned,False,,,,,2026-09-07T15:44:36.205822+02:00
NSR:StopPlace:58825,Raufoss stasjon,2026-09-07T16:41:00+02:00,2026-09-07T16:41:00+02:00,,0.0,0,Lena,INN:Line:47,Lena-Kapp-Gjøvik-Raufoss-Lena,B47,bus,INN:ServiceJourney:76600,True,planned,False,,,,,2026-09-07T15:44:36.205822+02:00
NSR:StopPlace:58826,Reinsvoll stasjon,2026-09-07T15:50:00+02:00,2026-09-07T15:50:00+02:00,,0.0,0,Roa,VYG:Line:RE30,Oslo S-Gjøvik,RE30,rail,VYG:ServiceJourney:1224-GJOe_589171-R,True,planned,False,,,,,2026-09-07T15:44:36.205822+02:00
NSR:StopPlace:58827,Stai stasjon,2026-09-07T13:32:00+02:00,2026-09-07T13:32:00+02:00,,0.0,0,Trondheim S,SJN:Line:25,Rørosbanen,R60,rail,SJN:ServiceJourney:2385_30335-R,True,planned,False,,,,,2026-09-07T15:44:36.205822+02:00
NSR:StopPlace:58827,Stai stasjon,2026-09-07T14:31:00+02:00,2026-09-07T14:31:00+02:00,,0.0,0,Hamar,SJN:Line:25,Rørosbanen,R60,rail,SJN:ServiceJourney:2386_47976-R,True,planned,False,,,,,2026-09-07T15:44:36.205822+02:00
NSR:StopPlace:58828,Roa stasjon,2026-09-07T16:04:00+02:00,2026-09-07T16:04:00+02:00,,0.0,0,Gjøvik,VYG:Line:RE30,Oslo S-Gjøvik,RE30,rail,VYG:ServiceJourney:1221-ROA_589163-R,True,planned,False,,,,,2026-09-07T15:44:36.205822+02:00
NSR:StopPlace:151,Evanger stasjon,2026-09-07T16:17:00+02:00,2026-09-07T16:17:00+02:00,,0.0,0,Bergen,VYG:Line:R40,Bergen-Voss-Myrdal-Ål,R40,rail,VYG:ServiceJourney:1827_443414-R,True,planned,False,,,,,2026-09-07T15:44:36.205822+02:00
NSR:StopPlace:151,Evanger stasjon,2026-09-07T16:17:00+02:00,2026-09-07T16:17:00+02:00,,0.0,0,Voss,VYG:Line:R40,Bergen-Voss-Myrdal-Ål,R40,rail,VYG:ServiceJourney:1822_481192-R,True,planned,False,,,,,2026-09-07T15:44:36.205822+02:00
NSR:StopPlace:101,Sagdalen stasjon,2026-09-07T15:58:00+02:00,2026-09-07T15:58:00+02:00,,0.0,0,Asker,VYG:Line:L1,Spikkestad-Oslo S-Lillestrøm,L1,rail,VYG:ServiceJourney:2145_443553-R,True,planned,False,Færre vogner,Denne avgangen kjører dessverre med 4 vogner i stedet for 8 vogner. Dette skyldes at vi mangler et togsett.,general,normal,2026-09-07T15:44:36.205822+02:00
NSR:StopPlace:101,Sagdalen stasjon,2026-09-07T16:07:00+02:00,2026-09-07T16:07:00+02:00,,0.0,0,Lillestrøm,VYG:Line:L1,Spikkestad-Oslo S-Lillestrøm,L1,rail,VYG:ServiceJourney:2244_445341-R,True,planned,False,,,,,2026-09-07T15:44:36.205822+02:00
NSR:StopPlace:101,Sagdalen stasjon,2026-09-07T16:13:00+02:00,2026-09-07T16:13:00+02:00,,0.0,0,Spikkestad,VYG:Line:L1,Spikkestad-Oslo S-Lillestrøm,L1,rail,VYG:ServiceJourney:2247_460777-R,True,planned,False,,,,,2026-09-07T15:44:36.205822+02:00
NSR:StopPlace:101,Sagdalen stasjon,2026-09-07T16:28:00+02:00,2026-09-07T16:28:00+02:00,,0.0,0,Asker,VYG:Line:L1,Spikkestad-Oslo S-Lillestrøm,L1,rail,VYG:ServiceJourney:2147_443555-R,True,planned,False,,,,,2026-09-07T15:44:36.205822+02:00
NSR:StopPlace:101,Sagdalen stasjon,2026-09-07T16:37:00+02:00,2026-09-07T16:37:00+02:00,,0.0,0,Lillestrøm,VYG:Line:L1,Spikkestad-Oslo S-Lillestrøm,L1,rail,VYG:ServiceJourney:2246_443661-R,True,planned,False,,,,,2026-09-07T15:44:36.205822+02:00
NSR:StopPlace:114,Seimsgrend stasjon,2026-09-07T16:24:00+02:00,2026-09-07T16:24:00+02:00,,0.0,0,Voss,VYG:Line:R40,Bergen-Voss-Myrdal-Ål,R40,rail,VYG:ServiceJourney:1822_481192-R,True,planned,False,,,,,2026-09-07T15:44:36.205822+02:00
NSR:StopPlace:144,Skansen stasjon,2026-09-07T15:47:00+02:00,2026-09-07T15:47:00+02:00,,0.0,0,Ler,SJN:Line:26,Trønderbanen,R70,rail,SJN:ServiceJourney:438_56067-R,True,planned,False,,,,,2026-09-07T15:44:36.205822+02:00
NSR:StopPlace:144,Skansen stasjon,2026-09-07T16:11:00+02:00,2026-09-07T16:11:00+02:00,,0.0,0,Steinkjer,SJN:Line:26,Trønderbanen,R70,rail,SJN:ServiceJourney:443-SOeB_56072-R,True,planned,False,,,,,2026-09-07T15:44:36.205822+02:00
NSR:StopPlace:144,Skansen stasjon,2026-09-07T16:18:00+02:00,2026-09-07T16:18:00+02:00,,0.0,0,Storlien,SJN:Line:72,Meråkerbanen,R71,rail,SJN:ServiceJourney:1307_56270-R,True,planned,False,,,,,2026-09-07T15:44:36.205822+02:00
NSR:StopPlace:393,Leangen stasjon,2026-09-07T15:48:00+02:00,2026-09-07T15:48:00+02:00,,0.0,0,Steinkjer,SJN:Line:26,Trønderbanen,R70,rail,SJN:ServiceJourney:1763_56048-R,True,planned,False,,,,,2026-09-07T15:44:36.205822+02:00
NSR:StopPlace:393,Leangen stasjon,2026-09-07T16:08:00+02:00,2026-09-07T16:08:00+02:00,,0.0,0,Røros,SJN:Line:25,Rørosbanen,R60,rail,SJN:ServiceJourney:416_50919-R,True,planned,False,,,,,2026-09-07T15:44:36.205822+02:00
NSR:StopPlace:393,Leangen stasjon,2026-09-07T16:35:00+02:00,2026-09-07T16:35:00+02:00,,0.0,0,Ler,SJN:Line:26,Trønderbanen,R70,rail,SJN:ServiceJourney:440_56069-R,True,planned,False,,,,,2026-09-07T15:44:36.205822+02:00
NSR:StopPlace:398,Arna stasjon,2026-09-07T15:57:00+02:00,2026-09-07T15:57:00+02:00,,0.0,0,Bergen,VYG:Line:L4,Bergen-Arna,L4,rail,VYG:ServiceJourney:2543_443801-R,True,planned,False,,,,,2026-09-07T15:44:36.205822+02:00
NSR:StopPlace:398,Arna stasjon,2026-09-07T16:12:00+02:00,2026-09-07T16:12:00+02:00,,0.0,0,Bergen,VYG:Line:L4,Bergen-Arna,L4,rail,VYG:ServiceJourney:2645_443860-R,True,planned,False,,,,,2026-09-07T15:44:36.205822+02:00
NSR:StopPlace:398,Arna stasjon,2026-09-07T16:27:00+02:00,2026-09-07T16:27:00+02:00,,0.0,0,Bergen,VYG:Line:L4,Bergen-Arna,L4,rail,VYG:ServiceJourney:2545_443803-R,True,planned,False,,,,,2026-09-07T15:44:36.205822+02:00
NSR:StopPlace:398,Arna stasjon,2026-09-07T16:42:00+02:00,2026-09-07T16:42:00+02:00,,0.0,0,Bergen,VYG:Line:L4,Bergen-Arna,L4,rail,VYG:ServiceJourney:2647_443862-R,True,planned,False,,,,,2026-09-07T15:44:36.205822+02:00
NSR:StopPlace:311,Gjerdåker stasjon,2026-09-07T14:17:00+02:00,2026-09-07T14:17:00+02:00,,0.0,0,Myrdal,VYG:Line:R40,Bergen-Voss-Myrdal-Ål,R40,rail,VYG:ServiceJourney:1816_465749-R,True,planned,False,,,,,2026-09-07T15:44:36.205822+02:00
NSR:StopPlace:313,Høybråten stasjon,2026-09-07T15:53:00+02:00,2026-09-07T15:53:00+02:00,,0.0,0,Spikkestad,VYG:Line:L1,Spikkestad-Oslo S-Lillestrøm,L1,rail,VYG:ServiceJourney:2245_443659-R,True,planned,False,,,,,2026-09-07T15:44:36.205822+02:00
NSR:StopPlace:313,Høybråten stasjon,2026-09-07T16:08:00+02:00,2026-09-07T16:08:00+02:00,,0.0,0,Asker,VYG:Line:L1,Spikkestad-Oslo S-Lillestrøm,L1,rail,VYG:ServiceJourney:2145_443553-R,True,planned,False,Færre vogner,Denne avgangen kjører dessverre med 4 vogner i stedet for 8 vogner. Dette skyldes at vi mangler et togsett.,general,normal,2026-09-07T15:44:36.205822+02:00
NSR:StopPlace:313,Høybråten stasjon,2026-09-07T16:23:00+02:00,2026-09-07T16:23:00+02:00,,0.0,0,Spikkestad,VYG:Line:L1,Spikkestad-Oslo S-Lillestrøm,L1,rail,VYG:ServiceJourney:2247_460777-R,True,planned,False,,,,,2026-09-07T15:44:36.205822+02:00
NSR:StopPlace:313,Høybråten stasjon,2026-09-07T16:27:00+02:00,2026-09-07T16:27:00+02:00,,0.0,0,Lillestrøm,VYG:Line:L1,Spikkestad-Oslo S-Lillestrøm,L1,rail,VYG:ServiceJourney:2246_443661-R,True,planned,False,,,,,2026-09-07T15:44:36.205822+02:00
NSR:StopPlace:313,Høybråten stasjon,2026-09-07T16:38:00+02:00,2026-09-07T16:38:00+02:00,,0.0,0,Asker,VYG:Line:L1,Spikkestad-Oslo S-Lillestrøm,L1,rail,VYG:ServiceJourney:2147_443555-R,True,planned,False,,,,,2026-09-07T15:44:36.205822+02:00
NSR:StopPlace:313,Høybråten stasjon,2026-09-07T16:42:00+02:00,2026-09-07T16:42:00+02:00,,0.0,0,Lillestrøm,VYG:Line:L1,Spikkestad-Oslo S-Lillestrøm,L1,rail,VYG:ServiceJourney:2146_443554-R,True,planned,False,,,,,2026-09-07T15:44:36.205822+02:00
NSR:StopPlace:349,Upsete stasjon,2026-09-07T16:01:00+02:00,2026-09-07T16:01:00+02:00,,0.0,0,Bergen,VYG:Line:R40,Bergen-Voss-Myrdal-Ål,R40,rail,VYG:ServiceJourney:1829_445142-R,True,planned,False,Forsinkelse forventes,Vi forventer at toget blir forsinket fra Myrdal. Dette skyldes at andre tog på strekningen er forsinket.,incident,normal,2026-09-07T15:44:36.205822+02:00
NSR:StopPlace:331,Glåmos stasjon,2026-09-07T11:58:00+02:00,2026-09-07T11:58:00+02:00,,0.0,0,Hamar,SJN:Line:25,Rørosbanen,R60,rail,SJN:ServiceJourney:2386_47976-R,True,planned,False,,,,,2026-09-07T15:44:36.205822+02:00
NSR:StopPlace:331,Glåmos stasjon,2026-09-07T15:54:00+02:00,2026-09-07T15:54:00+02:00,,0.0,0,Trondheim S,SJN:Line:25,Rørosbanen,R60,rail,SJN:ServiceJourney:2385_30335-R,True,planned,False,,,,,2026-09-07T15:44:36.205822+02:00
NSR:StopPlace:364,Vaksdal stasjon,2026-09-07T16:22:00+02:00,2026-09-07T16:22:00+02:00,,0.0,0,Bergen,VYG:Line:R40,Bergen-Voss-Myrdal-Ål,R40,rail,VYG:ServiceJourney:1825_465764-R,True,planned,False,,,,,2026-09-07T15:44:36.205822+02:00
NSR:StopPlace:369,Kvål stasjon,2026-09-07T16:13:00+02:00,2026-09-07T16:13:00+02:00,,0.0,0,Ler,SJN:Line:26,Trønderbanen,R70,rail,SJN:ServiceJourney:438_56067-R,True,planned,False,,,,,2026-09-07T15:44:36.205822+02:00
NSR:StopPlace:358,Ustaoset stasjon,2026-09-07T16:02:00+02:00,2026-09-07T16:02:00+02:00,,0.0,0,Bergen,VYG:Line:F4,Oslo S-Bergen,F4,rail,VYG:ServiceJourney:601-LOD_456939-R,True,planned,False,,,,,2026-09-07T15:44:36.205822+02:00
NSR:StopPlace:372,Valnesfjord stasjon,2026-09-07T13:03:00+02:00,2026-09-07T13:03:00+02:00,,0.0,0,Trondheim S,SJN:Line:71,Nordlandsbanen,F7,rail,SJN:ServiceJourney:472_46160-R,True,planned,False,,,,,2026-09-07T15:44:36.205822+02:00
NSR:StopPlace:372,Valnesfjord stasjon,2026-09-07T14:31:00+02:00,2026-09-07T14:31:00+02:00,,0.0,0,Bodø,SJN:Line:79,Saltenpendelen,R75,rail,SJN:ServiceJourney:1787_41146-R,True,planned,False,,,,,2026-09-07T15:44:36.205822+02:00
NSR:StopPlace:372,Valnesfjord stasjon,2026-09-07T15:42:00+02:00,2026-09-07T15:42:00+02:00,,0.0,0,Fauske,SJN:Line:79,Saltenpendelen,R75,rail,SJN:ServiceJourney:1788_41147-R,True,planned,False,,,,,2026-09-07T15:44:36.205822+02:00
NSR:StopPlace:374,Göteborg Centralstation,2026-09-07T16:10:00+02:00,2026-09-07T16:10:00+02:00,,0.0,0,Oslo S,VYG:Line:RE20,Oslo S-Halden-Göteborg (X-Border),RE20,rail,VYG:ServiceJourney:392-130_465603-R,True,planned,False,,,,,2026-09-07T15:44:36.205822+02:00
NSR:StopPlace:302,Gjøvik stasjon,2026-09-07T16:34:00+02:00,2026-09-07T16:34:00+02:00,,0.0,0,Roa,VYG:Line:R31,Skøyen-Jaren-Gjøvik,R31,rail,VYG:ServiceJourney:226-GJOe_648873-R,True,planned,False,,,,,2026-09-07T15:44:36.205822+02:00
NSR:StopPlace:271,Lademoen stasjon,2026-09-07T13:18:00+02:00,2026-09-07T13:18:00+02:00,,0.0,0,Steinkjer,SJN:Line:26,Trønderbanen,R70,rail,SJN:ServiceJourney:437_56066-R,True,planned,False,,,,,2026-09-07T15:44:36.205822+02:00
NSR:StopPlace:271,Lademoen stasjon,2026-09-07T14:18:00+02:00,2026-09-07T14:18:00+02:00,,0.0,0,Steinkjer,SJN:Line:26,Trønderbanen,R70,rail,SJN:ServiceJourney:439_56068-R,True,planned,False,,,,,2026-09-07T15:44:36.205822+02:00
NSR:StopPlace:271,Lademoen stasjon,2026-09-07T14:39:00+02:00,2026-09-07T14:39:00+02:00,,0.0,0,Melhus skysstasjon,SJN:Line:26,Trønderbanen,R70,rail,SJN:ServiceJourney:436-STK_56065-R,True,planned,False,,,,,2026-09-07T15:44:36.205822+02:00
NSR:StopPlace:271,Lademoen stasjon,2026-09-07T14:43:00+02:00,2026-09-07T14:43:00+02:00,,0.0,0,Steinkjer,SJN:Line:26,Trønderbanen,R70,rail,SJN:ServiceJourney:1761_56047-R,True,planned,False,,,,,2026-09-07T15:44:36.205822+02:00
NSR:StopPlace:271,Lademoen stasjon,2026-09-07T15:04:00+02:00,2026-09-07T15:04:00+02:00,,0.0,0,Melhus skysstasjon,SJN:Line:26,Trønderbanen,R70,rail,SJN:ServiceJourney:1722-STJ_55556-R,True,planned,False,,,,,2026-09-07T15:44:36.205822+02:00
NSR:StopPlace:271,Lademoen stasjon,2026-09-07T15:18:00+02:00,2026-09-07T15:18:00+02:00,,0.0,0,Steinkjer,SJN:Line:26,Trønderbanen,R70,rail,SJN:ServiceJourney:441-SOeB_56070-R,True,planned,False,,,,,2026-09-07T15:44:36.205822+02:00
NSR:StopPlace:271,Lademoen stasjon,2026-09-07T15:39:00+02:00,2026-09-07T15:39:00+02:00,,0.0,0,Ler,SJN:Line:26,Trønderbanen,R70,rail,SJN:ServiceJourney:438_56067-R,True,planned,False,,,,,2026-09-07T15:44:36.205822+02:00
NSR:StopPlace:271,Lademoen stasjon,2026-09-07T16:13:00+02:00,2026-09-07T16:13:00+02:00,,0.0,0,Røros,SJN:Line:25,Rørosbanen,R60,rail,SJN:ServiceJourney:416_50919-R,True,planned,False,,,,,2026-09-07T15:44:36.205822+02:00
NSR:StopPlace:271,Lademoen stasjon,2026-09-07T16:18:00+02:00,2026-09-07T16:18:00+02:00,,0.0,0,Steinkjer,SJN:Line:26,Trønderbanen,R70,rail,SJN:ServiceJourney:443-SOeB_56072-R,True,planned,False,,,,,2026-09-07T15:44:36.205822+02:00
NSR:StopPlace:271,Lademoen stasjon,2026-09-07T16:39:00+02:00,2026-09-07T16:39:00+02:00,,0.0,0,Ler,SJN:Line:26,Trønderbanen,R70,rail,SJN:ServiceJourney:440_56069-R,True,planned,False,,,,,2026-09-07T15:44:36.205822+02:00
NSR:StopPlace:274,Hunderfossen stasjon,2026-09-07T12:10:00+02:00,2026-09-07T12:10:00+02:00,,0.0,0,Trondheim S,SJN:Line:21,Dovrebanen,F6,rail,SJN:ServiceJourney:45-LOD_48255-R,True,planned,False,,,,,2026-09-07T15:44:36.205822+02:00
NSR:StopPlace:274,Hunderfossen stasjon,2026-09-07T12:35:00+02:00,2026-09-07T12:35:00+02:00,,0.0,0,Oslo S,SJN:Line:21,Dovrebanen,F6,rail,SJN:ServiceJourney:42-TND_47981-R,True,planned,False,,,,,2026-09-07T15:44:36.205822+02:00
NSR:StopPlace:274,Hunderfossen stasjon,2026-09-07T14:27:00+02:00,2026-09-07T14:27:00+02:00,,0.0,0,Oslo S,SJN:Line:21,Dovrebanen,F6,rail,SJN:ServiceJourney:44-TND_47992-R,True,planned,False,,,,,2026-09-07T15:44:36.205822+02:00
NSR:StopPlace:200,Finse stasjon,2026-09-07T15:51:00+02:00,2026-09-07T15:51:00+02:00,,0.0,0,Oslo S,VYG:Line:F4,Oslo S-Bergen,F4,rail,VYG:ServiceJourney:90608_661661-R,True,planned,False,,,,,2026-09-07T15:44:36.205822+02:00
NSR:StopPlace:222,Myrdal stasjon,2026-09-07T15:55:00+02:00,2026-09-07T15:55:00+02:00,,0.0,0,Flåm,VYG:Line:R45,Myrdal-Flåm,R45,rail,VYG:ServiceJourney:1863_465784-R,True,planned,False,,,,,2026-09-07T15:44:36.205822+02:00
NSR:StopPlace:222,Myrdal stasjon,2026-09-07T15:56:00+02:00,2026-09-07T15:56:00+02:00,,0.0,0,Bergen,VYG:Line:R40,Bergen-Voss-Myrdal-Ål,R40,rail,VYG:ServiceJourney:1829_445142-R,True,planned,False,Forsinkelse forventes,Vi forventer at toget blir forsinket fra Myrdal. Dette skyldes at andre tog på strekningen er forsinket.,incident,normal,2026-09-07T15:44:36.205822+02:00
NSR:StopPlace:234,Mørkved stasjon,2026-09-07T12:34:00+02:00,2026-09-07T12:34:00+02:00,,0.0,0,Trondheim S,SJN:Line:71,Nordlandsbanen,F7,rail,SJN:ServiceJourney:472_46160-R,True,planned,False,,,,,2026-09-07T15:44:36.205822+02:00
NSR:StopPlace:234,Mørkved stasjon,2026-09-07T14:56:00+02:00,2026-09-07T14:56:00+02:00,,0.0,0,Bodø,SJN:Line:79,Saltenpendelen,R75,rail,SJN:ServiceJourney:1787_41146-R,True,planned,False,,,,,2026-09-07T15:44:36.205822+02:00
NSR:StopPlace:234,Mørkved stasjon,2026-09-07T15:16:00+02:00,2026-09-07T15:16:00+02:00,,0.0,0,Fauske,SJN:Line:79,Saltenpendelen,R75,rail,SJN:ServiceJourney:1788_41147-R,True,planned,False,,,,,2026-09-07T15:44:36.205822+02:00
NSR:StopPlace:584,Bulken stasjon,2026-09-07T16:04:00+02:00,2026-09-07T16:04:00+02:00,,0.0,0,Bergen,VYG:Line:R40,Bergen-Voss-Myrdal-Ål,R40,rail,VYG:ServiceJourney:1827_443414-R,True,planned,False,,,,,2026-09-07T15:44:36.205822+02:00
NSR:StopPlace:584,Bulken stasjon,2026-09-07T16:28:00+02:00,2026-09-07T16:28:00+02:00,,0.0,0,Voss,VYG:Line:R40,Bergen-Voss-Myrdal-Ål,R40,rail,VYG:ServiceJourney:1822_481192-R,True,planned,False,,,,,2026-09-07T15:44:36.205822+02:00
NSR:StopPlace:500,Bellingmo stasjon,2026-09-07T13:29:00+02:00,2026-09-07T13:29:00+02:00,,0.0,0,Hamar,SJN:Line:25,Rørosbanen,R60,rail,SJN:ServiceJourney:2386_47976-R,True,planned,False,,,,,2026-09-07T15:44:36.205822+02:00
NSR:StopPlace:500,Bellingmo stasjon,2026-09-07T14:31:00+02:00,2026-09-07T14:31:00+02:00,,0.0,0,Trondheim S,SJN:Line:25,Rørosbanen,R60,rail,SJN:ServiceJourney:2385_30335-R,True,planned,False,,,,,2026-09-07T15:44:36.205822+02:00
NSR:StopPlace:500,Bellingmo stasjon,2026-09-07T15:25:00+02:00,2026-09-07T15:25:00+02:00,,0.0,0,Hamar,SJN:Line:25,Rørosbanen,R60,rail,SJN:ServiceJourney:2388_37666-R,True,planned,False,,,,,2026-09-07T15:44:36.205822+02:00
NSR:StopPlace:518,Bolstadøyri stasjon,2026-09-07T16:08:00+02:00,2026-09-07T16:08:00+02:00,,0.0,0,Voss,VYG:Line:R40,Bergen-Voss-Myrdal-Ål,R40,rail,VYG:ServiceJourney:1822_481192-R,True,planned,False,,,,,2026-09-07T15:44:36.205822+02:00
NSR:StopPlace:518,Bolstadøyri stasjon,2026-09-07T16:27:00+02:00,2026-09-07T16:27:00+02:00,,0.0,0,Bergen,VYG:Line:R40,Bergen-Voss-Myrdal-Ål,R40,rail,VYG:ServiceJourney:1827_443414-R,True,planned,False,,,,,2026-09-07T15:44:36.205822+02:00
NSR:StopPlace:535,Kjosfossen stasjon,2026-09-07T14:15:00+02:00,2026-09-07T14:15:00+02:00,,0.0,0,Myrdal,VYG:Line:R45,Myrdal-Flåm,R45,rail,VYG:ServiceJourney:1860_465779-R,True,planned,False,,,,,2026-09-07T15:44:36.205822+02:00
NSR:StopPlace:535,Kjosfossen stasjon,2026-09-07T15:32:00+02:00,2026-09-07T15:32:00+02:00,,0.0,0,Myrdal,VYG:Line:R45,Myrdal-Flåm,R45,rail,VYG:ServiceJourney:1862_465782-R,True,planned,False,,,,,2026-09-07T15:44:36.205822+02:00
NSR:StopPlace:535,Kjosfossen stasjon,2026-09-07T16:13:00+02:00,2026-09-07T16:13:00+02:00,,0.0,0,Flåm,VYG:Line:R45,Myrdal-Flåm,R45,rail,VYG:ServiceJourney:1863_465784-R,True,planned,False,,,,,2026-09-07T15:44:36.205822+02:00
NSR:StopPlace:441,Auli stasjon,2026-09-07T16:09:00+02:00,2026-09-07T16:09:00+02:00,,0.0,0,Kongsvinger,VYG:Line:R14,Asker-Oslo S-Kongsvinger,R14,rail,VYG:ServiceJourney:1051-HAV_442955-R,True,planned,False,,,,,2026-09-07T15:44:36.205822+02:00
NSR:StopPlace:441,Auli stasjon,2026-09-07T16:16:00+02:00,2026-09-07T16:16:00+02:00,,0.0,0,Asker,VYG:Line:R14,Asker-Oslo S-Kongsvinger,R14,rail,VYG:ServiceJourney:1024_442933-R,True,planned,False,,,,,2026-09-07T15:44:36.205822+02:00
NSR:StopPlace:441,Auli stasjon,2026-09-07T16:42:00+02:00,2026-09-07T16:42:00+02:00,,0.0,0,Kongsvinger,VYG:Line:R14,Asker-Oslo S-Kongsvinger,R14,rail,VYG:ServiceJourney:1023_442932-R,True,planned,False,,,,,2026-09-07T15:44:36.205822+02:00
NSR:StopPlace:445,Vieren stasjon,2026-09-07T16:04:00+02:00,2026-09-07T16:04:00+02:00,,0.0,0,Bergen,VYG:Line:R40,Bergen-Voss-Myrdal-Ål,R40,rail,VYG:ServiceJourney:1829_445142-R,True,planned,False,Forsinkelse forventes,Vi forventer at toget blir forsinket fra Myrdal. Dette skyldes at andre tog på strekningen er forsinket.,incident,normal,2026-09-07T15:44:36.205822+02:00
NSR:StopPlace:448,Vatnahalsen stasjon,2026-09-07T15:39:00+02:00,2026-09-07T15:39:00+02:00,,0.0,0,Myrdal,VYG:Line:R45,Myrdal-Flåm,R45,rail,VYG:ServiceJourney:1862_465782-R,True,planned,False,,,,,2026-09-07T15:44:36.205822+02:00
NSR:StopPlace:448,Vatnahalsen stasjon,2026-09-07T15:58:00+02:00,2026-09-07T15:58:00+02:00,,0.0,0,Flåm,VYG:Line:R45,Myrdal-Flåm,R45,rail,VYG:ServiceJourney:1863_465784-R,True,planned,False,,,,,2026-09-07T15:44:36.205822+02:00
NSR:StopPlace:439,Ljosanbotn stasjon,2026-09-07T16:10:00+02:00,2026-09-07T16:10:00+02:00,,0.0,0,Bergen,VYG:Line:R40,Bergen-Voss-Myrdal-Ål,R40,rail,VYG:ServiceJourney:1829_445142-R,True,planned,False,Forsinkelse forventes,Vi forventer at toget blir forsinket fra Myrdal. Dette skyldes at andre tog på strekningen er forsinket.,incident,normal,2026-09-07T15:44:36.205822+02:00
NSR:StopPlace:462,Ygre stasjon,2026-09-07T14:20:00+02:00,2026-09-07T14:20:00+02:00,,0.0,0,Myrdal,VYG:Line:R40,Bergen-Voss-Myrdal-Ål,R40,rail,VYG:ServiceJourney:1816_465749-R,True,planned,False,,,,,2026-09-07T15:44:36.205822+02:00
NSR:StopPlace:468,Ørneberget stasjon,2026-09-07T16:07:00+02:00,2026-09-07T16:07:00+02:00,,0.0,0,Bergen,VYG:Line:R40,Bergen-Voss-Myrdal-Ål,R40,rail,VYG:ServiceJourney:1829_445142-R,True,planned,False,Forsinkelse forventes,Vi forventer at toget blir forsinket fra Myrdal. Dette skyldes at andre tog på strekningen er forsinket.,incident,normal,2026-09-07T15:44:36.205822+02:00
NSR:StopPlace:420,Lillehammer stasjon,2026-09-07T16:15:00+02:00,2026-09-07T16:15:00+02:00,,0.0,0,Drammen,VYG:Line:RE10,Drammen-Oslo S-Lillehammer,RE10,rail,VYG:ServiceJourney:326-LHM_444219-R,True,planned,False,,,,,2026-09-07T15:44:36.205822+02:00
NSR:StopPlace:416,Vikhammer stasjon,2026-09-07T15:58:00+02:00,2026-09-07T15:58:00+02:00,,0.0,0,Steinkjer,SJN:Line:26,Trønderbanen,R70,rail,SJN:ServiceJourney:1763_56048-R,True,planned,False,,,,,2026-09-07T15:44:36.205822+02:00
NSR:StopPlace:416,Vikhammer stasjon,2026-09-07T15:58:00+02:00,2026-09-07T15:58:00+02:00,,0.0,0,Røros,SJN:Line:25,Rørosbanen,R60,rail,SJN:ServiceJourney:416_50919-R,True,planned,False,,,,,2026-09-07T15:44:36.205822+02:00
NSR:StopPlace:416,Vikhammer stasjon,2026-09-07T16:21:00+02:00,2026-09-07T16:21:00+02:00,,0.0,0,Ler,SJN:Line:26,Trønderbanen,R70,rail,SJN:ServiceJourney:440_56069-R,True,planned,False,,,,,2026-09-07T15:44:36.205822+02:00
NSR:StopPlace:708,Stange stasjon,2026-09-07T16:02:00+02:00,2026-09-07T16:02:00+02:00,,0.0,0,Hamar,VYG:Line:RE10,Drammen-Oslo S-Lillehammer,RE10,rail,VYG:ServiceJourney:351-HAV_444273-R,True,planned,False,,,,,2026-09-07T15:44:36.205822+02:00
NSR:StopPlace:708,Stange stasjon,2026-09-07T16:21:00+02:00,2026-09-07T16:21:00+02:00,,0.0,0,Drammen,VYG:Line:RE10,Drammen-Oslo S-Lillehammer,RE10,rail,VYG:ServiceJourney:324-LHM_444211-R,True,planned,False,,,,,2026-09-07T15:44:36.205822+02:00
NSR:StopPlace:698,Skiple stasjon,2026-09-07T14:36:00+02:00,2026-09-07T14:36:00+02:00,,0.0,0,Myrdal,VYG:Line:R40,Bergen-Voss-Myrdal-Ål,R40,rail,VYG:ServiceJourney:1816_465749-R,True,planned,False,,,,,2026-09-07T15:44:36.205822+02:00
NSR:StopPlace:628,Darbu stasjon,2026-09-07T16:11:00+02:00,2026-09-07T16:11:00+02:00,,0.0,0,Kongsberg,VYG:Line:R12,Kongsberg-Oslo S-Eidsvoll,R12,rail,VYG:ServiceJourney:521_444323-R,True,planned,False,,,,,2026-09-07T15:44:36.205822+02:00
NSR:StopPlace:62094,Lindeberg stasjon,2026-09-07T15:48:00+02:00,2026-09-07T15:48:00+02:00,,0.0,0,Drammen,VYG:Line:R13,Drammen-Oslo S-Dal,R13,rail,VYG:ServiceJourney:1644-DAL_632370-R,True,planned,False,,,,,2026-09-07T15:44:36.205822+02:00
NSR:StopPlace:62094,Lindeberg stasjon,2026-09-07T16:07:00+02:00,2026-09-07T16:07:00+02:00,,0.0,0,Dal,VYG:Line:R13,Drammen-Oslo S-Dal,R13,rail,VYG:ServiceJourney:1643_443304-R,True,planned,False,,,,,2026-09-07T15:44:36.205822+02:00
NSR:StopPlace:62094,Lindeberg stasjon,2026-09-07T16:18:00+02:00,2026-09-07T16:18:00+02:00,,0.0,0,Kongsberg,VYG:Line:R13,Drammen-Oslo S-Dal,R13,rail,VYG:ServiceJourney:1646_443312-R,True,planned,False,,,,,2026-09-07T15:44:36.205822+02:00
NSR:StopPlace:62094,Lindeberg stasjon,2026-09-07T16:37:00+02:00,2026-09-07T16:37:00+02:00,,0.0,0,Dal,VYG:Line:R13,Drammen-Oslo S-Dal,R13,rail,VYG:ServiceJourney:1645_443309-R,True,planned,False,,,,,2026-09-07T15:44:36.205822+02:00
NSR:StopPlace:62309,Ljan stasjon,2026-09-07T15:50:00+02:00,2026-09-07T15:50:00+02:00,,0.0,0,Lysaker,VYG:Line:L2,Stabekk-Oslo S-Ski,L2,rail,VYG:ServiceJourney:2846-SKI_444078-R,True,planned,False,,,,,2026-09-07T15:44:36.205822+02:00
NSR:StopPlace:62309,Ljan stasjon,2026-09-07T16:05:00+02:00,2026-09-07T16:05:00+02:00,,0.0,0,Stabekk,VYG:Line:L2,Stabekk-Oslo S-Ski,L2,rail,VYG:ServiceJourney:2748-SKI_443958-R,True,planned,False,,,,,2026-09-07T15:44:36.205822+02:00
NSR:StopPlace:62309,Ljan stasjon,2026-09-07T16:09:00+02:00,2026-09-07T16:09:00+02:00,,0.0,0,Ski,VYG:Line:L2,Stabekk-Oslo S-Ski,L2,rail,VYG:ServiceJourney:2843-HVK_444075-R,True,planned,False,,,,,2026-09-07T15:44:36.205822+02:00
NSR:StopPlace:62309,Ljan stasjon,2026-09-07T16:20:00+02:00,2026-09-07T16:20:00+02:00,,0.0,0,Lysaker,VYG:Line:L2,Stabekk-Oslo S-Ski,L2,rail,VYG:ServiceJourney:2848-SKI_444080-R,True,planned,False,,,,,2026-09-07T15:44:36.205822+02:00
NSR:StopPlace:62309,Ljan stasjon,2026-09-07T16:24:00+02:00,2026-09-07T16:24:00+02:00,,0.0,0,Ski,VYG:Line:L2,Stabekk-Oslo S-Ski,L2,rail,VYG:ServiceJourney:2745-HVK_443955-R,True,planned,False,,,,,2026-09-07T15:44:36.205822+02:00
NSR:StopPlace:62309,Ljan stasjon,2026-09-07T16:35:00+02:00,2026-09-07T16:35:00+02:00,,0.0,0,Stabekk,VYG:Line:L2,Stabekk-Oslo S-Ski,L2,rail,VYG:ServiceJourney:2750-SKI_443961-R,True,planned,False,Færre vogner,Denne avgangen kjører dessverre med 3 vogner i stedet for 6 vogner. Dette skyldes at vi mangler et togsett.,general,normal,2026-09-07T15:44:36.205822+02:00
NSR:StopPlace:62309,Ljan stasjon,2026-09-07T16:39:00+02:00,2026-09-07T16:39:00+02:00,,0.0,0,Ski,VYG:Line:L2,Stabekk-Oslo S-Ski,L2,rail,VYG:ServiceJourney:2845-HVK_444077-R,True,planned,False,,,,,2026-09-07T15:44:36.205822+02:00
NSR:StopPlace:62308,Alna stasjon,2026-09-07T16:02:00+02:00,2026-09-07T16:02:00+02:00,,0.0,0,Spikkestad,VYG:Line:L1,Spikkestad-Oslo S-Lillestrøm,L1,rail,VYG:ServiceJourney:2245_443659-R,True,planned,False,,,,,2026-09-07T15:44:36.205822+02:00
NSR:StopPlace:62308,Alna stasjon,2026-09-07T16:17:00+02:00,2026-09-07T16:17:00+02:00,,0.0,0,Asker,VYG:Line:L1,Spikkestad-Oslo S-Lillestrøm,L1,rail,VYG:ServiceJourney:2145_443553-R,True,planned,False,Færre vogner,Denne avgangen kjører dessverre med 4 vogner i stedet for 8 vogner. Dette skyldes at vi mangler et togsett.,general,normal,2026-09-07T15:44:36.205822+02:00
NSR:StopPlace:62308,Alna stasjon,2026-09-07T16:18:00+02:00,2026-09-07T16:18:00+02:00,,0.0,0,Lillestrøm,VYG:Line:L1,Spikkestad-Oslo S-Lillestrøm,L1,rail,VYG:ServiceJourney:2246_443661-R,True,planned,False,,,,,2026-09-07T15:44:36.205822+02:00
NSR:StopPlace:62308,Alna stasjon,2026-09-07T16:32:00+02:00,2026-09-07T16:32:00+02:00,,0.0,0,Spikkestad,VYG:Line:L1,Spikkestad-Oslo S-Lillestrøm,L1,rail,VYG:ServiceJourney:2247_460777-R,True,planned,False,,,,,2026-09-07T15:44:36.205822+02:00
NSR:StopPlace:62308,Alna stasjon,2026-09-07T16:33:00+02:00,2026-09-07T16:33:00+02:00,,0.0,0,Lillestrøm,VYG:Line:L1,Spikkestad-Oslo S-Lillestrøm,L1,rail,VYG:ServiceJourney:2146_443554-R,True,planned,False,,,,,2026-09-07T15:44:36.205822+02:00
NSR:StopPlace:62338,Fossum stasjon,2026-09-07T16:28:00+02:00,2026-09-07T16:28:00+02:00,,0.0,0,Lørenfallet,RUT:Line:2673,Bjørkelangen - Sørumsand,2673,bus,RUT:ServiceJourney:8b124674296f22c9f29d6a5082157712,True,planned,False,,,,,2026-09-07T15:44:36.205822+02:00
NSR:StopPlace:62336,Knapstad stasjon,2026-09-07T14:23:00+02:00,2026-09-07T14:23:00+02:00,,0.0,0,Oslo S,VYG:Line:R22,Skøyen-Oslo S-Mysen-Rakkestad,R22,rail,VYG:ServiceJourney:1922_673815-R,True,planned,False,,,,,2026-09-07T15:44:36.205822+02:00
NSR:StopPlace:62336,Knapstad stasjon,2026-09-07T14:32:00+02:00,2026-09-07T14:32:00+02:00,,0.0,0,Rakkestad,VYG:Line:R22,Skøyen-Oslo S-Mysen-Rakkestad,R22,rail,VYG:ServiceJourney:1919_443464-R,True,planned,False,,,,,2026-09-07T15:44:36.205822+02:00
NSR:StopPlace:62336,Knapstad stasjon,2026-09-07T16:25:00+02:00,2026-09-07T16:25:00+02:00,,0.0,0,Oslo S,VYG:Line:R22,Skøyen-Oslo S-Mysen-Rakkestad,R22,rail,VYG:ServiceJourney:1926_443477-R,True,planned,False,,,,,2026-09-07T15:44:36.205822+02:00
NSR:StopPlace:62336,Knapstad stasjon,2026-09-07T16:34:00+02:00,2026-09-07T16:34:00+02:00,,0.0,0,Rakkestad,VYG:Line:R22,Skøyen-Oslo S-Mysen-Rakkestad,R22,rail,VYG:ServiceJourney:1923_443472-R,True,planned,False,,,,,2026-09-07T15:44:36.205822+02:00
NSR:StopPlace:62335,Eidsberg stasjon,2026-09-07T15:03:00+02:00,2026-09-07T15:03:00+02:00,,0.0,0,Rakkestad,VYG:Line:R22,Skøyen-Oslo S-Mysen-Rakkestad,R22,rail,VYG:ServiceJourney:1919_443464-R,True,planned,False,,,,,2026-09-07T15:44:36.205822+02:00
NSR:StopPlace:62335,Eidsberg stasjon,2026-09-07T15:52:00+02:00,2026-09-07T15:52:00+02:00,,0.0,0,Oslo S,VYG:Line:R22,Skøyen-Oslo S-Mysen-Rakkestad,R22,rail,VYG:ServiceJourney:1926_443477-R,True,planned,False,,,,,2026-09-07T15:44:36.205822+02:00
NSR:StopPlace:62335,Eidsberg stasjon,2026-09-07T16:03:00+02:00,2026-09-07T16:03:00+02:00,,0.0,0,Rakkestad,VYG:Line:R22,Skøyen-Oslo S-Mysen-Rakkestad,R22,rail,VYG:ServiceJourney:1921_443467-R,True,planned,False,,,,,2026-09-07T15:44:36.205822+02:00
NSR:StopPlace:62348,Lesjaverk stasjon,2026-09-07T14:48:00+02:00,2026-09-07T14:48:00+02:00,,0.0,0,Åndalsnes,SJN:Line:22,Raumabanen,R65,rail,SJN:ServiceJourney:2345_48220-R,True,planned,False,,,,,2026-09-07T15:44:36.205822+02:00
NSR:StopPlace:62348,Lesjaverk stasjon,2026-09-07T15:21:00+02:00,2026-09-07T15:21:00+02:00,,0.0,0,Dombås,SJN:Line:22,Raumabanen,R65,rail,SJN:ServiceJourney:2346_42983-R,True,planned,False,,,,,2026-09-07T15:44:36.205822+02:00
NSR:StopPlace:62347,Lesja stasjon,2026-09-07T14:34:00+02:00,2026-09-07T14:34:00+02:00,,0.0,0,Åndalsnes,SJN:Line:22,Raumabanen,R65,rail,SJN:ServiceJourney:2345_48220-R,True,planned,False,,,,,2026-09-07T15:44:36.205822+02:00
NSR:StopPlace:62347,Lesja stasjon,2026-09-07T15:35:00+02:00,2026-09-07T15:35:00+02:00,,0.0,0,Dombås,SJN:Line:22,Raumabanen,R65,rail,SJN:ServiceJourney:2346_42983-R,True,planned,False,,,,,2026-09-07T15:44:36.205822+02:00
NSR:StopPlace:62340,Ilseng stasjon,2026-09-07T12:18:00+02:00,2026-09-07T12:18:00+02:00,,0.0,0,Trondheim S,SJN:Line:25,Rørosbanen,R60,rail,SJN:ServiceJourney:2385_30335-R,True,planned,False,,,,,2026-09-07T15:44:36.205822+02:00
NSR:StopPlace:62340,Ilseng stasjon,2026-09-07T16:15:00+02:00,2026-09-07T16:15:00+02:00,,0.0,0,Trondheim S,SJN:Line:25,Rørosbanen,R60,rail,SJN:ServiceJourney:2389_47883-R,True,planned,False,,,,,2026-09-07T15:44:36.205822+02:00
NSR:StopPlace:62346,Bjorli stasjon,2026-09-07T15:11:00+02:00,2026-09-07T15:11:00+02:00,,0.0,0,Åndalsnes,SJN:Line:22,Raumabanen,R65,rail,SJN:ServiceJourney:2345_48220-R,True,planned,False,,,,,2026-09-07T15:44:36.205822+02:00
NSR:StopPlace:62344,Steinvik stasjon,2026-09-07T13:07:00+02:00,2026-09-07T13:07:00+02:00,,0.0,0,Trondheim S,SJN:Line:25,Rørosbanen,R60,rail,SJN:ServiceJourney:2385_30335-R,True,planned,False,,,,,2026-09-07T15:44:36.205822+02:00
NSR:StopPlace:62344,Steinvik stasjon,2026-09-07T14:56:00+02:00,2026-09-07T14:56:00+02:00,,0.0,0,Hamar,SJN:Line:25,Rørosbanen,R60,rail,SJN:ServiceJourney:2386_47976-R,True,planned,False,,,,,2026-09-07T15:44:36.205822+02:00
NSR:StopPlace:62369,Lilleby stasjon,2026-09-07T13:20:00+02:00,2026-09-07T13:20:00+02:00,,0.0,0,Steinkjer,SJN:Line:26,Trønderbanen,R70,rail,SJN:ServiceJourney:437_56066-R,True,planned,False,,,,,2026-09-07T15:44:36.205822+02:00
NSR:StopPlace:62369,Lilleby stasjon,2026-09-07T14:20:00+02:00,2026-09-07T14:20:00+02:00,,0.0,0,Steinkjer,SJN:Line:26,Trønderbanen,R70,rail,SJN:ServiceJourney:439_56068-R,True,planned,False,,,,,2026-09-07T15:44:36.205822+02:00
NSR:StopPlace:62369,Lilleby stasjon,2026-09-07T14:37:00+02:00,2026-09-07T14:37:00+02:00,,0.0,0,Melhus skysstasjon,SJN:Line:26,Trønderbanen,R70,rail,SJN:ServiceJourney:436-STK_56065-R,True,planned,False,,,,,2026-09-07T15:44:36.205822+02:00
NSR:StopPlace:62369,Lilleby stasjon,2026-09-07T14:45:00+02:00,2026-09-07T14:45:00+02:00,,0.0,0,Steinkjer,SJN:Line:26,Trønderbanen,R70,rail,SJN:ServiceJourney:1761_56047-R,True,planned,False,,,,,2026-09-07T15:44:36.205822+02:00
NSR:StopPlace:62369,Lilleby stasjon,2026-09-07T15:02:00+02:00,2026-09-07T15:02:00+02:00,,0.0,0,Melhus skysstasjon,SJN:Line:26,Trønderbanen,R70,rail,SJN:ServiceJourney:1722-STJ_55556-R,True,planned,False,,,,,2026-09-07T15:44:36.205822+02:00
NSR:StopPlace:62369,Lilleby stasjon,2026-09-07T15:20:00+02:00,2026-09-07T15:20:00+02:00,,0.0,0,Steinkjer,SJN:Line:26,Trønderbanen,R70,rail,SJN:ServiceJourney:441-SOeB_56070-R,True,planned,False,,,,,2026-09-07T15:44:36.205822+02:00
NSR:StopPlace:62369,Lilleby stasjon,2026-09-07T15:37:00+02:00,2026-09-07T15:37:00+02:00,,0.0,0,Ler,SJN:Line:26,Trønderbanen,R70,rail,SJN:ServiceJourney:438_56067-R,True,planned,False,,,,,2026-09-07T15:44:36.205822+02:00
NSR:StopPlace:62369,Lilleby stasjon,2026-09-07T15:45:00+02:00,2026-09-07T15:45:00+02:00,,0.0,0,Steinkjer,SJN:Line:26,Trønderbanen,R70,rail,SJN:ServiceJourney:1763_56048-R,True,planned,False,,,,,2026-09-07T15:44:36.205822+02:00
NSR:StopPlace:62369,Lilleby stasjon,2026-09-07T16:11:00+02:00,2026-09-07T16:11:00+02:00,,0.0,0,Røros,SJN:Line:25,Rørosbanen,R60,rail,SJN:ServiceJourney:416_50919-R,True,planned,False,,,,,2026-09-07T15:44:36.205822+02:00
NSR:StopPlace:62369,Lilleby stasjon,2026-09-07T16:20:00+02:00,2026-09-07T16:20:00+02:00,,0.0,0,Steinkjer,SJN:Line:26,Trønderbanen,R70,rail,SJN:ServiceJourney:443-SOeB_56072-R,True,planned,False,,,,,2026-09-07T15:44:36.205822+02:00
NSR:StopPlace:62369,Lilleby stasjon,2026-09-07T16:37:00+02:00,2026-09-07T16:37:00+02:00,,0.0,0,Ler,SJN:Line:26,Trønderbanen,R70,rail,SJN:ServiceJourney:440_56069-R,True,planned,False,,,,,2026-09-07T15:44:36.205822+02:00
NSR:StopPlace:62361,Reimegrend stasjon,2026-09-07T16:23:00+02:00,2026-09-07T16:23:00+02:00,,0.0,0,Bergen,VYG:Line:R40,Bergen-Voss-Myrdal-Ål,R40,rail,VYG:ServiceJourney:1829_445142-R,True,planned,False,Forsinkelse forventes,Vi forventer at toget blir forsinket fra Myrdal. Dette skyldes at andre tog på strekningen er forsinket.,incident,normal,2026-09-07T15:44:36.205822+02:00
NSR:StopPlace:62360,Kløve stasjon,2026-09-07T14:24:00+02:00,2026-09-07T14:24:00+02:00,,0.0,0,Myrdal,VYG:Line:R40,Bergen-Voss-Myrdal-Ål,R40,rail,VYG:ServiceJourney:1816_465749-R,True,planned,False,,,,,2026-09-07T15:44:36.205822+02:00
NSR:StopPlace:62374,Ålen stasjon,2026-09-07T16:16:00+02:00,2026-09-07T16:16:00+02:00,,0.0,0,Trondheim S,SJN:Line:25,Rørosbanen,R60,rail,SJN:ServiceJourney:2385_30335-R,True,planned,False,,,,,2026-09-07T15:44:36.205822+02:00
NSR:StopPlace:62379,Bergsgrav stasjon,2026-09-07T15:53:00+02:00,2026-09-07T15:53:00+02:00,,0.0,0,Steinkjer,SJN:Line:26,Trønderbanen,R70,rail,SJN:ServiceJourney:439_56068-R,True,planned,False,,,,,2026-09-07T15:44:36.205822+02:00
NSR:StopPlace:62379,Bergsgrav stasjon,2026-09-07T16:03:00+02:00,2026-09-07T16:03:00+02:00,,0.0,0,Ler,SJN:Line:26,Trønderbanen,R70,rail,SJN:ServiceJourney:442_56071-R,True,planned,False,,,,,2026-09-07T15:44:36.205822+02:00
NSR:StopPlace:62378,Røstad stasjon,2026-09-07T13:10:00+02:00,2026-09-07T13:10:00+02:00,,0.0,0,Melhus skysstasjon,SJN:Line:26,Trønderbanen,R70,rail,SJN:ServiceJourney:436-STK_56065-R,True,planned,False,,,,,2026-09-07T15:44:36.205822+02:00
NSR:StopPlace:62378,Røstad stasjon,2026-09-07T14:09:00+02:00,2026-09-07T14:09:00+02:00,,0.0,0,Ler,SJN:Line:26,Trønderbanen,R70,rail,SJN:ServiceJourney:438_56067-R,True,planned,False,,,,,2026-09-07T15:44:36.205822+02:00
NSR:StopPlace:62378,Røstad stasjon,2026-09-07T14:44:00+02:00,2026-09-07T14:44:00+02:00,,0.0,0,Steinkjer,SJN:Line:26,Trønderbanen,R70,rail,SJN:ServiceJourney:437_56066-R,True,planned,False,,,,,2026-09-07T15:44:36.205822+02:00
NSR:StopPlace:62378,Røstad stasjon,2026-09-07T15:09:00+02:00,2026-09-07T15:09:00+02:00,,0.0,0,Ler,SJN:Line:26,Trønderbanen,R70,rail,SJN:ServiceJourney:440_56069-R,True,planned,False,,,,,2026-09-07T15:44:36.205822+02:00
NSR:StopPlace:62378,Røstad stasjon,2026-09-07T16:09:00+02:00,2026-09-07T16:09:00+02:00,,0.0,0,Ler,SJN:Line:26,Trønderbanen,R70,rail,SJN:ServiceJourney:442_56071-R,True,planned,False,,,,,2026-09-07T15:44:36.205822+02:00
NSR:StopPlace:62378,Røstad stasjon,2026-09-07T16:16:00+02:00,2026-09-07T16:16:00+02:00,,0.0,0,Steinkjer,SJN:Line:26,Trønderbanen,R70,rail,SJN:ServiceJourney:1761_56047-R,True,planned,False,,,,,2026-09-07T15:44:36.205822+02:00
NSR:StopPlace:62378,Røstad stasjon,2026-09-07T16:44:00+02:00,2026-09-07T16:44:00+02:00,,0.0,0,Steinkjer,SJN:Line:26,Trønderbanen,R70,rail,SJN:ServiceJourney:441-SOeB_56070-R,True,planned,False,,,,,2026-09-07T15:44:36.205822+02:00
NSR:StopPlace:62371,Sparbu stasjon,2026-09-07T12:46:00+02:00,2026-09-07T12:46:00+02:00,,0.0,0,Melhus skysstasjon,SJN:Line:26,Trønderbanen,R70,rail,SJN:ServiceJourney:436-STK_56065-R,True,planned,False,,,,,2026-09-07T15:44:36.205822+02:00
NSR:StopPlace:62371,Sparbu stasjon,2026-09-07T13:45:00+02:00,2026-09-07T13:45:00+02:00,,0.0,0,Ler,SJN:Line:26,Trønderbanen,R70,rail,SJN:ServiceJourney:438_56067-R,True,planned,False,,,,,2026-09-07T15:44:36.205822+02:00
NSR:StopPlace:62371,Sparbu stasjon,2026-09-07T14:45:00+02:00,2026-09-07T14:45:00+02:00,,0.0,0,Ler,SJN:Line:26,Trønderbanen,R70,rail,SJN:ServiceJourney:440_56069-R,True,planned,False,,,,,2026-09-07T15:44:36.205822+02:00
NSR:StopPlace:62371,Sparbu stasjon,2026-09-07T15:13:00+02:00,2026-09-07T15:13:00+02:00,,0.0,0,Steinkjer,SJN:Line:26,Trønderbanen,R70,rail,SJN:ServiceJourney:437_56066-R,True,planned,False,,,,,2026-09-07T15:44:36.205822+02:00
NSR:StopPlace:62371,Sparbu stasjon,2026-09-07T15:45:00+02:00,2026-09-07T15:45:00+02:00,,0.0,0,Ler,SJN:Line:26,Trønderbanen,R70,rail,SJN:ServiceJourney:442_56071-R,True,planned,False,,,,,2026-09-07T15:44:36.205822+02:00
NSR:StopPlace:62371,Sparbu stasjon,2026-09-07T16:40:00+02:00,2026-09-07T16:40:00+02:00,,0.0,0,Steinkjer,SJN:Line:26,Trønderbanen,R70,rail,SJN:ServiceJourney:1761_56047-R,True,planned,False,,,,,2026-09-07T15:44:36.205822+02:00
NSR:StopPlace:62380,Røra stasjon,2026-09-07T15:52:00+02:00,2026-09-07T15:52:00+02:00,,0.0,0,Ler,SJN:Line:26,Trønderbanen,R70,rail,SJN:ServiceJourney:442_56071-R,True,planned,False,,,,,2026-09-07T15:44:36.205822+02:00
NSR:StopPlace:62380,Røra stasjon,2026-09-07T16:08:00+02:00,2026-09-07T16:08:00+02:00,,0.0,0,Steinkjer,SJN:Line:26,Trønderbanen,R70,rail,SJN:ServiceJourney:439_56068-R,True,planned,False,,,,,2026-09-07T15:44:36.205822+02:00
NSR:StopPlace:62380,Røra stasjon,2026-09-07T16:35:00+02:00,2026-09-07T16:35:00+02:00,,0.0,0,Steinkjer,SJN:Line:26,Trønderbanen,R70,rail,SJN:ServiceJourney:1761_56047-R,True,planned,False,,,,,2026-09-07T15:44:36.205822+02:00
NSR:StopPlace:62393,Billingstad stasjon,2026-09-07T15:57:00+02:00,2026-09-07T15:57:00+02:00,,0.0,0,Lillestrøm,VYG:Line:L1,Spikkestad-Oslo S-Lillestrøm,L1,rail,VYG:ServiceJourney:2146_443554-R,True,planned,False,,,,,2026-09-07T15:44:36.205822+02:00
NSR:StopPlace:62393,Billingstad stasjon,2026-09-07T16:13:00+02:00,2026-09-07T16:13:00+02:00,,0.0,0,Lillestrøm,VYG:Line:L1,Spikkestad-Oslo S-Lillestrøm,L1,rail,VYG:ServiceJourney:2248_445345-R,True,planned,False,,,,,2026-09-07T15:44:36.205822+02:00
NSR:StopPlace:62393,Billingstad stasjon,2026-09-07T16:22:00+02:00,2026-09-07T16:22:00+02:00,,0.0,0,Asker,VYG:Line:L1,Spikkestad-Oslo S-Lillestrøm,L1,rail,VYG:ServiceJourney:2143_443551-R,True,planned,False,,,,,2026-09-07T15:44:36.205822+02:00
NSR:StopPlace:62393,Billingstad stasjon,2026-09-07T16:27:00+02:00,2026-09-07T16:27:00+02:00,,0.0,0,Lillestrøm,VYG:Line:L1,Spikkestad-Oslo S-Lillestrøm,L1,rail,VYG:ServiceJourney:2148_443556-R,True,planned,False,,,,,2026-09-07T15:44:36.205822+02:00
NSR:StopPlace:62393,Billingstad stasjon,2026-09-07T16:36:00+02:00,2026-09-07T16:36:00+02:00,,0.0,0,Spikkestad,VYG:Line:L1,Spikkestad-Oslo S-Lillestrøm,L1,rail,VYG:ServiceJourney:2245_443659-R,True,planned,False,,,,,2026-09-07T15:44:36.205822+02:00
NSR:StopPlace:62393,Billingstad stasjon,2026-09-07T16:43:00+02:00,2026-09-07T16:43:00+02:00,,0.0,0,Lillestrøm,VYG:Line:L1,Spikkestad-Oslo S-Lillestrøm,L1,rail,VYG:ServiceJourney:2250_443669-R,True,planned,False,,,,,2026-09-07T15:44:36.205822+02:00
NSR:StopPlace:62392,Slependen stasjon,2026-09-07T15:59:00+02:00,2026-09-07T15:59:00+02:00,,0.0,0,Lillestrøm,VYG:Line:L1,Spikkestad-Oslo S-Lillestrøm,L1,rail,VYG:ServiceJourney:2146_443554-R,True,planned,False,,,,,2026-09-07T15:44:36.205822+02:00
NSR:StopPlace:62392,Slependen stasjon,2026-09-07T16:15:00+02:00,2026-09-07T16:15:00+02:00,,0.0,0,Lillestrøm,VYG:Line:L1,Spikkestad-Oslo S-Lillestrøm,L1,rail,VYG:ServiceJourney:2248_445345-R,True,planned,False,,,,,2026-09-07T15:44:36.205822+02:00
NSR:StopPlace:62392,Slependen stasjon,2026-09-07T16:19:00+02:00,2026-09-07T16:19:00+02:00,,0.0,0,Asker,VYG:Line:L1,Spikkestad-Oslo S-Lillestrøm,L1,rail,VYG:ServiceJourney:2143_443551-R,True,planned,False,,,,,2026-09-07T15:44:36.205822+02:00
NSR:StopPlace:62392,Slependen stasjon,2026-09-07T16:29:00+02:00,2026-09-07T16:29:00+02:00,,0.0,0,Lillestrøm,VYG:Line:L1,Spikkestad-Oslo S-Lillestrøm,L1,rail,VYG:ServiceJourney:2148_443556-R,True,planned,False,,,,,2026-09-07T15:44:36.205822+02:00
NSR:StopPlace:62392,Slependen stasjon,2026-09-07T16:33:00+02:00,2026-09-07T16:33:00+02:00,,0.0,0,Spikkestad,VYG:Line:L1,Spikkestad-Oslo S-Lillestrøm,L1,rail,VYG:ServiceJourney:2245_443659-R,True,planned,False,,,,,2026-09-07T15:44:36.205822+02:00
NSR:StopPlace:62295,Stanghelle stasjon,2026-09-07T16:11:00+02:00,2026-09-07T16:11:00+02:00,,0.0,0,Bergen,VYG:Line:R40,Bergen-Voss-Myrdal-Ål,R40,rail,VYG:ServiceJourney:1825_465764-R,True,planned,False,,,,,2026-09-07T15:44:36.205822+02:00
NSR:StopPlace:62295,Stanghelle stasjon,2026-09-07T16:44:00+02:00,2026-09-07T16:44:00+02:00,,0.0,0,Bergen,VYG:Line:R40,Bergen-Voss-Myrdal-Ål,R40,rail,VYG:ServiceJourney:1827_443414-R,True,planned,False,,,,,2026-09-07T15:44:36.205822+02:00
NSR:StopPlace:62456,Kvitfjell stasjon,2026-09-07T12:38:00+02:00,2026-09-07T12:38:00+02:00,,0.0,0,Trondheim S,SJN:Line:21,Dovrebanen,F6,rail,SJN:ServiceJourney:45-LOD_48255-R,True,planned,False,,,,,2026-09-07T15:44:36.205822+02:00
NSR:StopPlace:62456,Kvitfjell stasjon,2026-09-07T14:02:00+02:00,2026-09-07T14:02:00+02:00,,0.0,0,Oslo S,SJN:Line:21,Dovrebanen,F6,rail,SJN:ServiceJourney:44-TND_47992-R,True,planned,False,,,,,2026-09-07T15:44:36.205822+02:00
NSR:StopPlace:61251,Øksnavadporten stasjon,2026-09-07T08:49:00+02:00,2026-09-07T08:49:00+02:00,,0.0,0,Nærbø,GOA:Line:59,Jærbanen,L5,rail,GOA:ServiceJourney:3018_63050-R,True,planned,False,,,,,2026-09-07T08:42:24.659182+02:00
NSR:StopPlace:61101,Notodden stasjon,2026-09-07T09:10:00+02:00,2026-09-07T09:10:00+02:00,,0.0,0,Porsgrunn,VYG:Line:R55,Porsgrunn-Notodden,R55,rail,VYG:ServiceJourney:2477_443748-R,True,planned,False,,,,,2026-09-07T08:42:24.659182+02:00
NSR:StopPlace:4,Otta stasjon,2026-09-07T09:18:00+02:00,2026-09-07T09:18:00+02:00,,0.0,0,Oslo S,SJN:Line:21,Dovrebanen,F6,rail,SJN:ServiceJourney:40-TND_48233-R,True,planned,False,,,,,2026-09-07T08:42:24.659182+02:00
NSR:StopPlace:6,Greverud stasjon,2026-09-07T06:25:00+02:00,2026-09-07T06:25:00+02:00,,0.0,0,Ski,VYG:Line:L2,Stabekk-Oslo S-Ski,L2,rail,VYG:ServiceJourney:2803_444016-R,True,planned,False,,,,,2026-09-07T08:42:24.659182+02:00
NSR:StopPlace:6,Greverud stasjon,2026-09-07T06:40:00+02:00,2026-09-07T06:40:00+02:00,,0.0,0,Ski,VYG:Line:L2,Stabekk-Oslo S-Ski,L2,rail,VYG:ServiceJourney:2705-HVK_443911-R,True,planned,False,,,,,2026-09-07T08:42:24.659182+02:00
NSR:StopPlace:6,Greverud stasjon,2026-09-07T07:25:00+02:00,2026-09-07T07:25:00+02:00,,0.0,0,Ski,VYG:Line:L2,Stabekk-Oslo S-Ski,L2,rail,VYG:ServiceJourney:2807-BES_488363-R,True,planned,False,Færre vogner,Denne avgangen kjører dessverre med 3 vogner i stedet for 6 vogner. Dette skyldes at vi mangler et togsett.,general,normal,2026-09-07T08:42:24.659182+02:00
NSR:StopPlace:6,Greverud stasjon,2026-09-07T07:55:00+02:00,2026-09-07T07:55:00+02:00,,0.0,0,Ski,VYG:Line:L2,Stabekk-Oslo S-Ski,L2,rail,VYG:ServiceJourney:2809-HVK_444020-R,True,planned,False,Færre vogner,Denne avgangen kjører dessverre med 3 vogner i stedet for 6 vogner. Dette skyldes at vi mangler et togsett.,general,normal,2026-09-07T08:42:24.659182+02:00
NSR:StopPlace:6,Greverud stasjon,2026-09-07T08:10:00+02:00,2026-09-07T08:10:00+02:00,,0.0,0,Ski,VYG:Line:L2,Stabekk-Oslo S-Ski,L2,rail,VYG:ServiceJourney:2711-HVK_443917-R,True,planned,False,Færre vogner,Denne avgangen kjører dessverre med 3 vogner i stedet for 6 vogner. Dette skyldes at vi mangler et togsett.,general,normal,2026-09-07T08:42:24.659182+02:00
NSR:StopPlace:6,Greverud stasjon,2026-09-07T08:48:00+02:00,2026-09-07T08:48:00+02:00,,0.0,0,Stabekk,VYG:Line:L2,Stabekk-Oslo S-Ski,L2,rail,VYG:ServiceJourney:2720-SKI_443927-R,True,planned,False,Færre vogner,Denne avgangen kjører dessverre med 3 vogner i stedet for 6 vogner. Dette skyldes at vi mangler et togsett.,general,normal,2026-09-07T08:42:24.659182+02:00
NSR:StopPlace:6,Greverud stasjon,2026-09-07T09:03:00+02:00,2026-09-07T09:03:00+02:00,,0.0,0,Skøyen,VYG:Line:L2,Stabekk-Oslo S-Ski,L2,rail,VYG:ServiceJourney:2820-SKI_488365-R,True,planned,False,,,,,2026-09-07T08:42:24.659182+02:00
NSR:StopPlace:6,Greverud stasjon,2026-09-07T09:10:00+02:00,2026-09-07T09:10:00+02:00,,0.0,0,Ski,VYG:Line:L2,Stabekk-Oslo S-Ski,L2,rail,VYG:ServiceJourney:2715-HVK_443921-R,True,planned,False,,,,,2026-09-07T08:42:24.659182+02:00
NSR:StopPlace:6,Greverud stasjon,2026-09-07T09:18:00+02:00,2026-09-07T09:18:00+02:00,,0.0,0,Stabekk,VYG:Line:L2,Stabekk-Oslo S-Ski,L2,rail,VYG:ServiceJourney:2722-SKI_443929-R,True,planned,False,,,,,2026-09-07T08:42:24.659182+02:00
NSR:StopPlace:6,Greverud stasjon,2026-09-07T09:25:00+02:00,2026-09-07T09:25:00+02:00,,0.0,0,Ski,VYG:Line:L2,Stabekk-Oslo S-Ski,L2,rail,VYG:ServiceJourney:2815-HVK_444027-R,True,planned,False,,,,,2026-09-07T08:42:24.659182+02:00
NSR:StopPlace:6,Greverud stasjon,2026-09-07T09:33:00+02:00,2026-09-07T09:33:00+02:00,,0.0,0,Oslo S,VYG:Line:L2,Stabekk-Oslo S-Ski,L2,rail,VYG:ServiceJourney:2822_444036-R,True,planned,False,,,,,2026-09-07T08:42:24.659182+02:00
NSR:StopPlace:6,Greverud stasjon,2026-09-07T09:40:00+02:00,2026-09-07T09:40:00+02:00,,0.0,0,Ski,VYG:Line:L2,Stabekk-Oslo S-Ski,L2,rail,VYG:ServiceJourney:2717-HVK_443923-R,True,planned,False,Færre vogner,Denne avgangen kjører dessverre med 3 vogner i stedet for 6 vogner. Dette skyldes at vi mangler et togsett.,general,normal,2026-09-07T08:42:24.659182+02:00
NSR:StopPlace:61134,Tverlandet stasjon,2026-09-07T06:21:00+02:00,2026-09-07T06:21:00+02:00,,0.0,0,Bodø,SJN:Line:79,Saltenpendelen,R75,rail,SJN:ServiceJourney:1781_48207-R,True,planned,False,,,,,2026-09-07T08:42:24.659182+02:00
NSR:StopPlace:61134,Tverlandet stasjon,2026-09-07T07:19:00+02:00,2026-09-07T07:19:00+02:00,,0.0,0,Bodø,SJN:Line:79,Saltenpendelen,R75,rail,SJN:ServiceJourney:1783_48208-R,True,planned,False,,,,,2026-09-07T08:42:24.659182+02:00
NSR:StopPlace:61134,Tverlandet stasjon,2026-09-07T07:50:00+02:00,2026-09-07T07:50:00+02:00,,0.0,0,Mosjøen,SJN:Line:71,Nordlandsbanen,F7,rail,SJN:ServiceJourney:470_48259-R,True,planned,False,,,,,2026-09-07T08:42:24.659182+02:00
NSR:StopPlace:61459,Reitan stasjon,2026-09-07T05:25:00+02:00,2026-09-07T05:25:00+02:00,,0.0,0,Trondheim S,SJN:Line:25,Rørosbanen,R60,rail,SJN:ServiceJourney:411_37676-R,True,planned,False,,,,,2026-09-07T08:42:24.659182+02:00
NSR:StopPlace:61459,Reitan stasjon,2026-09-07T07:51:00+02:00,2026-09-07T07:51:00+02:00,,0.0,0,Hamar,SJN:Line:25,Rørosbanen,R60,rail,SJN:ServiceJourney:2382_48224-R,True,planned,False,,,,,2026-09-07T08:42:24.659182+02:00
NSR:StopPlace:61457,Meråker stasjon,2026-09-07T08:33:00+02:00,2026-09-07T08:33:00+02:00,,0.0,0,Storlien,SJN:Line:72,Meråkerbanen,R71,rail,SJN:ServiceJourney:1303_53533-R,True,planned,False,,,,,2026-09-07T08:42:24.659182+02:00
NSR:StopPlace:61466,Vakås stasjon,2026-09-07T08:52:00+02:00,2026-09-07T08:52:00+02:00,,0.0,0,Lillestrøm,VYG:Line:L1,Spikkestad-Oslo S-Lillestrøm,L1,rail,VYG:ServiceJourney:2118_728240-R,True,planned,False,Færre vogner,Denne avgangen kjører dessverre med 4 vogner i stedet for 8 vogner. Dette skyldes at vi mangler et togsett.,general,normal,2026-09-07T08:42:24.659182+02:00
NSR:StopPlace:61466,Vakås stasjon,2026-09-07T09:08:00+02:00,2026-09-07T09:08:00+02:00,,0.0,0,Lillestrøm,VYG:Line:L1,Spikkestad-Oslo S-Lillestrøm,L1,rail,VYG:ServiceJourney:2220_445315-R,True,planned,False,,,,,2026-09-07T08:42:24.659182+02:00
NSR:StopPlace:61466,Vakås stasjon,2026-09-07T09:11:00+02:00,2026-09-07T09:11:00+02:00,,0.0,0,Spikkestad,VYG:Line:L1,Spikkestad-Oslo S-Lillestrøm,L1,rail,VYG:ServiceJourney:2215_443608-R,True,planned,False,,,,,2026-09-07T08:42:24.659182+02:00
NSR:StopPlace:61466,Vakås stasjon,2026-09-07T09:22:00+02:00,2026-09-07T09:22:00+02:00,,0.0,0,Lillestrøm,VYG:Line:L1,Spikkestad-Oslo S-Lillestrøm,L1,rail,VYG:ServiceJourney:2120_443526-R,True,planned,False,Færre vogner,Denne avgangen kjører dessverre med 4 vogner i stedet for 8 vogner. Dette skyldes at vi mangler et togsett.,general,normal,2026-09-07T08:42:24.659182+02:00
NSR:StopPlace:61466,Vakås stasjon,2026-09-07T09:27:00+02:00,2026-09-07T09:27:00+02:00,,0.0,0,Asker,VYG:Line:L1,Spikkestad-Oslo S-Lillestrøm,L1,rail,VYG:ServiceJourney:2115_443520-R,True,planned,False,,,,,2026-09-07T08:42:24.659182+02:00
NSR:StopPlace:61466,Vakås stasjon,2026-09-07T09:38:00+02:00,2026-09-07T09:38:00+02:00,,0.0,0,Lillestrøm,VYG:Line:L1,Spikkestad-Oslo S-Lillestrøm,L1,rail,VYG:ServiceJourney:2222_443620-R,True,planned,False,,,,,2026-09-07T08:42:24.659182+02:00
NSR:StopPlace:61466,Vakås stasjon,2026-09-07T09:41:00+02:00,2026-09-07T09:41:00+02:00,,0.0,0,Spikkestad,VYG:Line:L1,Spikkestad-Oslo S-Lillestrøm,L1,rail,VYG:ServiceJourney:2217_443611-R,True,planned,False,,,,,2026-09-07T08:42:24.659182+02:00
NSR:StopPlace:61463,Nordstrand stasjon,2026-09-07T08:52:00+02:00,2026-09-07T08:52:00+02:00,,0.0,0,Lysaker,VYG:Line:L2,Stabekk-Oslo S-Ski,L2,rail,VYG:ServiceJourney:2818-SKI_444030-R,True,planned,False,Færre vogner,Denne avgangen kjører dessverre med 3 vogner i stedet for 6 vogner. Dette skyldes at vi mangler et togsett.,general,normal,2026-09-07T08:42:24.659182+02:00
NSR:StopPlace:61463,Nordstrand stasjon,2026-09-07T09:07:00+02:00,2026-09-07T09:07:00+02:00,,0.0,0,Ski,VYG:Line:L2,Stabekk-Oslo S-Ski,L2,rail,VYG:ServiceJourney:2815-HVK_444027-R,True,planned,False,,,,,2026-09-07T08:42:24.659182+02:00
NSR:StopPlace:61463,Nordstrand stasjon,2026-09-07T09:07:00+02:00,2026-09-07T09:07:00+02:00,,0.0,0,Stabekk,VYG:Line:L2,Stabekk-Oslo S-Ski,L2,rail,VYG:ServiceJourney:2720-SKI_443927-R,True,planned,False,Færre vogner,Denne avgangen kjører dessverre med 3 vogner i stedet for 6 vogner. Dette skyldes at vi mangler et togsett.,general,normal,2026-09-07T08:42:24.659182+02:00
NSR:StopPlace:61463,Nordstrand stasjon,2026-09-07T09:22:00+02:00,2026-09-07T09:22:00+02:00,,0.0,0,Ski,VYG:Line:L2,Stabekk-Oslo S-Ski,L2,rail,VYG:ServiceJourney:2717-HVK_443923-R,True,planned,False,Færre vogner,Denne avgangen kjører dessverre med 3 vogner i stedet for 6 vogner. Dette skyldes at vi mangler et togsett.,general,normal,2026-09-07T08:42:24.659182+02:00
NSR:StopPlace:61463,Nordstrand stasjon,2026-09-07T09:22:00+02:00,2026-09-07T09:22:00+02:00,,0.0,0,Skøyen,VYG:Line:L2,Stabekk-Oslo S-Ski,L2,rail,VYG:ServiceJourney:2820-SKI_488365-R,True,planned,False,,,,,2026-09-07T08:42:24.659182+02:00
NSR:StopPlace:61463,Nordstrand stasjon,2026-09-07T09:37:00+02:00,2026-09-07T09:37:00+02:00,,0.0,0,Ski,VYG:Line:L2,Stabekk-Oslo S-Ski,L2,rail,VYG:ServiceJourney:2817-HVK_444029-R,True,planned,False,,,,,2026-09-07T08:42:24.659182+02:00
NSR:StopPlace:61463,Nordstrand stasjon,2026-09-07T09:37:00+02:00,2026-09-07T09:37:00+02:00,,0.0,0,Stabekk,VYG:Line:L2,Stabekk-Oslo S-Ski,L2,rail,VYG:ServiceJourney:2722-SKI_443929-R,True,planned,False,,,,,2026-09-07T08:42:24.659182+02:00
NSR:StopPlace:61464,Hvalstad stasjon,2026-09-07T08:54:00+02:00,2026-09-07T08:54:00+02:00,,0.0,0,Lillestrøm,VYG:Line:L1,Spikkestad-Oslo S-Lillestrøm,L1,rail,VYG:ServiceJourney:2118_728240-R,True,planned,False,Færre vogner,Denne avgangen kjører dessverre med 4 vogner i stedet for 8 vogner. Dette skyldes at vi mangler et togsett.,general,normal,2026-09-07T08:42:24.659182+02:00
NSR:StopPlace:61464,Hvalstad stasjon,2026-09-07T09:09:00+02:00,2026-09-07T09:09:00+02:00,,0.0,0,Spikkestad,VYG:Line:L1,Spikkestad-Oslo S-Lillestrøm,L1,rail,VYG:ServiceJourney:2215_443608-R,True,planned,False,,,,,2026-09-07T08:42:24.659182+02:00
NSR:StopPlace:61464,Hvalstad stasjon,2026-09-07T09:10:00+02:00,2026-09-07T09:10:00+02:00,,0.0,0,Lillestrøm,VYG:Line:L1,Spikkestad-Oslo S-Lillestrøm,L1,rail,VYG:ServiceJourney:2220_445315-R,True,planned,False,,,,,2026-09-07T08:42:24.659182+02:00
NSR:StopPlace:61464,Hvalstad stasjon,2026-09-07T09:24:00+02:00,2026-09-07T09:24:00+02:00,,0.0,0,Lillestrøm,VYG:Line:L1,Spikkestad-Oslo S-Lillestrøm,L1,rail,VYG:ServiceJourney:2120_443526-R,True,planned,False,Færre vogner,Denne avgangen kjører dessverre med 4 vogner i stedet for 8 vogner. Dette skyldes at vi mangler et togsett.,general,normal,2026-09-07T08:42:24.659182+02:00
NSR:StopPlace:61464,Hvalstad stasjon,2026-09-07T09:25:00+02:00,2026-09-07T09:25:00+02:00,,0.0,0,Asker,VYG:Line:L1,Spikkestad-Oslo S-Lillestrøm,L1,rail,VYG:ServiceJourney:2115_443520-R,True,planned,False,,,,,2026-09-07T08:42:24.659182+02:00
NSR:StopPlace:61464,Hvalstad stasjon,2026-09-07T09:39:00+02:00,2026-09-07T09:39:00+02:00,,0.0,0,Spikkestad,VYG:Line:L1,Spikkestad-Oslo S-Lillestrøm,L1,rail,VYG:ServiceJourney:2217_443611-R,True,planned,False,,,,,2026-09-07T08:42:24.659182+02:00
NSR:StopPlace:61464,Hvalstad stasjon,2026-09-07T09:40:00+02:00,2026-09-07T09:40:00+02:00,,0.0,0,Lillestrøm,VYG:Line:L1,Spikkestad-Oslo S-Lillestrøm,L1,rail,VYG:ServiceJourney:2222_443620-R,True,planned,False,,,,,2026-09-07T08:42:24.659182+02:00
NSR:StopPlace:61413,Heia stasjon,2026-09-07T08:07:00+02:00,2026-09-07T08:07:00+02:00,,0.0,0,Rakkestad,VYG:Line:R22,Skøyen-Oslo S-Mysen-Rakkestad,R22,rail,VYG:ServiceJourney:1905_443439-R,True,planned,False,,,,,2026-09-07T08:42:24.659182+02:00
NSR:StopPlace:61413,Heia stasjon,2026-09-07T08:48:00+02:00,2026-09-07T08:48:00+02:00,,0.0,0,Oslo S,VYG:Line:R22,Skøyen-Oslo S-Mysen-Rakkestad,R22,rail,VYG:ServiceJourney:1912_443451-R,True,planned,False,,,,,2026-09-07T08:42:24.659182+02:00
NSR:StopPlace:61413,Heia stasjon,2026-09-07T09:07:00+02:00,2026-09-07T09:07:00+02:00,,0.0,0,Rakkestad,VYG:Line:R22,Skøyen-Oslo S-Mysen-Rakkestad,R22,rail,VYG:ServiceJourney:1907_443443-R,True,planned,False,,,,,2026-09-07T08:42:24.659182+02:00
NSR:StopPlace:61326,Gulskogen stasjon,2026-09-07T09:12:00+02:00,2026-09-07T09:12:00+02:00,,0.0,0,Eidsvoll,VYG:Line:R12,Kongsberg-Oslo S-Eidsvoll,R12,rail,VYG:ServiceJourney:510_444304-R,True,planned,False,,,,,2026-09-07T08:42:24.659182+02:00
NSR:StopPlace:61336,Trollhättan Centralstation,2026-09-07T09:12:00+02:00,2026-09-07T09:12:00+02:00,,0.0,0,Göteborg C,VYG:Line:RE20,Oslo S-Halden-Göteborg (X-Border),RE20,rail,VYG:ServiceJourney:103-383_464567-R,True,planned,False,,,,,2026-09-07T08:42:24.659182+02:00
NSR:StopPlace:61341,Drevvatn stasjon,2026-09-07T07:05:00+02:00,2026-09-07T07:05:00+02:00,,0.0,0,Mo i Rana,SJN:Line:71,Nordlandsbanen,F7,rail,SJN:ServiceJourney:483_48266-R,True,planned,False,,,,,2026-09-07T08:42:24.659182+02:00
NSR:StopPlace:61341,Drevvatn stasjon,2026-09-07T08:51:00+02:00,2026-09-07T08:51:00+02:00,,0.0,0,Trondheim S,SJN:Line:71,Nordlandsbanen,F7,rail,SJN:ServiceJourney:478_42792-R,True,planned,False,,,,,2026-09-07T08:42:24.659182+02:00
NSR:StopPlace:61342,Rognes stasjon,2026-09-07T06:23:00+02:00,2026-09-07T06:23:00+02:00,,0.0,0,Trondheim S,SJN:Line:25,Rørosbanen,R60,rail,SJN:ServiceJourney:411_37676-R,True,planned,False,,,,,2026-09-07T08:42:24.659182+02:00
NSR:StopPlace:61342,Rognes stasjon,2026-09-07T06:50:00+02:00,2026-09-07T06:50:00+02:00,,0.0,0,Hamar,SJN:Line:25,Rørosbanen,R60,rail,SJN:ServiceJourney:2382_48224-R,True,planned,False,,,,,2026-09-07T08:42:24.659182+02:00
NSR:StopPlace:61388,Haltdalen stasjon,2026-09-07T05:44:00+02:00,2026-09-07T05:44:00+02:00,,0.0,0,Trondheim S,SJN:Line:25,Rørosbanen,R60,rail,SJN:ServiceJourney:411_37676-R,True,planned,False,,,,,2026-09-07T08:42:24.659182+02:00
NSR:StopPlace:61388,Haltdalen stasjon,2026-09-07T07:31:00+02:00,2026-09-07T07:31:00+02:00,,0.0,0,Hamar,SJN:Line:25,Rørosbanen,R60,rail,SJN:ServiceJourney:2382_48224-R,True,planned,False,,,,,2026-09-07T08:42:24.659182+02:00
NSR:StopPlace:61387,Skogn stasjon,2026-09-07T09:26:00+02:00,2026-09-07T09:26:00+02:00,,0.0,0,Melhus skysstasjon,SJN:Line:26,Trønderbanen,R70,rail,SJN:ServiceJourney:428-STK_56057-R,True,planned,False,,,,,2026-09-07T08:42:24.659182+02:00
NSR:StopPlace:61387,Skogn stasjon,2026-09-07T09:36:00+02:00,2026-09-07T09:36:00+02:00,,0.0,0,Steinkjer,SJN:Line:26,Trønderbanen,R70,rail,SJN:ServiceJourney:427_56056-R,True,planned,False,,,,,2026-09-07T08:42:24.659182+02:00
NSR:StopPlace:61381,Singsås stasjon,2026-09-07T06:08:00+02:00,2026-09-07T06:08:00+02:00,,0.0,0,Trondheim S,SJN:Line:25,Rørosbanen,R60,rail,SJN:ServiceJourney:411_37676-R,True,planned,False,,,,,2026-09-07T08:42:24.659182+02:00
NSR:StopPlace:61381,Singsås stasjon,2026-09-07T07:07:00+02:00,2026-09-07T07:07:00+02:00,,0.0,0,Hamar,SJN:Line:25,Rørosbanen,R60,rail,SJN:ServiceJourney:2382_48224-R,True,planned,False,,,,,2026-09-07T08:42:24.659182+02:00
NSR:StopPlace:61301,Movatn stasjon,2026-09-07T07:27:00+02:00,2026-09-07T07:27:00+02:00,,0.0,0,Nydalen,VYG:Line:R31,Skøyen-Jaren-Gjøvik,R31,rail,VYG:ServiceJourney:BUS-270_655592-R,True,planned,False,,,,,2026-09-07T08:42:24.659182+02:00
NSR:StopPlace:61315,Nerdrum stasjon,2026-09-07T09:20:00+02:00,2026-09-07T09:20:00+02:00,,0.0,0,Kongsvinger,VYG:Line:R14,Asker-Oslo S-Kongsvinger,R14,rail,VYG:ServiceJourney:1009_442914-R,True,planned,False,,,,,2026-09-07T08:42:24.659182+02:00
NSR:StopPlace:61315,Nerdrum stasjon,2026-09-07T09:38:00+02:00,2026-09-07T09:38:00+02:00,,0.0,0,Asker,VYG:Line:R14,Asker-Oslo S-Kongsvinger,R14,rail,VYG:ServiceJourney:1010_442915-R,True,planned,False,,,,,2026-09-07T08:42:24.659182+02:00
NSR:StopPlace:61696,Lunden stasjon,2026-09-07T08:23:00+02:00,2026-09-07T08:23:00+02:00,,0.0,0,Myrdal,VYG:Line:R45,Myrdal-Flåm,R45,rail,VYG:ServiceJourney:1852_465771-R,True,planned,False,,,,,2026-09-07T08:42:24.659182+02:00
NSR:StopPlace:61696,Lunden stasjon,2026-09-07T09:38:00+02:00,2026-09-07T09:38:00+02:00,,0.0,0,Myrdal,VYG:Line:R45,Myrdal-Flåm,R45,rail,VYG:ServiceJourney:1854_465773-R,True,planned,False,,,,,2026-09-07T08:42:24.659182+02:00
NSR:StopPlace:61707,Jevnaker stasjon,2026-09-07T08:27:00+02:00,2026-09-07T08:27:00+02:00,,0.0,0,Jevnaker,INN:Line:103,Lillehammer-Gjøvik-Hønefoss,103,bus,INN:ServiceJourney:70733,True,planned,False,,,,,2026-09-07T08:42:24.659182+02:00
NSR:StopPlace:77,Røkland stasjon,2026-09-07T08:48:00+02:00,2026-09-07T08:48:00+02:00,,0.0,0,Mosjøen,SJN:Line:71,Nordlandsbanen,F7,rail,SJN:ServiceJourney:470_48259-R,True,planned,False,,,,,2026-09-07T08:42:24.659182+02:00
NSR:StopPlace:77,Røkland stasjon,2026-09-07T09:37:00+02:00,2026-09-07T09:37:00+02:00,,0.0,0,Bodø,SJN:Line:71,Nordlandsbanen,F7,rail,SJN:ServiceJourney:473_48262-R,True,planned,False,,,,,2026-09-07T08:42:24.659182+02:00
NSR:StopPlace:45,Reinunga stasjon,2026-09-07T09:10:00+02:00,2026-09-07T09:10:00+02:00,,0.0,0,Myrdal,VYG:Line:R45,Myrdal-Flåm,R45,rail,VYG:ServiceJourney:1852_465771-R,True,planned,False,,,,,2026-09-07T08:42:24.659182+02:00
NSR:StopPlace:45,Reinunga stasjon,2026-09-07T09:36:00+02:00,2026-09-07T09:36:00+02:00,,0.0,0,Flåm,VYG:Line:R45,Myrdal-Flåm,R45,rail,VYG:ServiceJourney:1853_465772-R,True,planned,False,,,,,2026-09-07T08:42:24.659182+02:00
NSR:StopPlace:23,Rena stasjon,2026-09-07T08:57:00+02:00,2026-09-07T08:57:00+02:00,,0.0,0,Hamar,SJN:Line:25,Rørosbanen,R60,rail,SJN:ServiceJourney:2380_37659-R,True,planned,False,,,,,2026-09-07T08:42:24.659182+02:00
NSR:StopPlace:33,Ranheim stasjon,2026-09-07T09:29:00+02:00,2026-09-07T09:29:00+02:00,,0.0,0,Lundamo,SJN:Line:26,Trønderbanen,R70,rail,SJN:ServiceJourney:426_56055-R,True,planned,False,,,,,2026-09-07T08:42:24.659182+02:00
NSR:StopPlace:41,Hanaborg stasjon,2026-09-07T08:49:00+02:00,2026-09-07T08:49:00+02:00,,0.0,0,Spikkestad,VYG:Line:L1,Spikkestad-Oslo S-Lillestrøm,L1,rail,VYG:ServiceJourney:2217_443611-R,True,planned,False,,,,,2026-09-07T08:42:24.659182+02:00
NSR:StopPlace:41,Hanaborg stasjon,2026-09-07T09:01:00+02:00,2026-09-07T09:01:00+02:00,,0.0,0,Lillestrøm,VYG:Line:L1,Spikkestad-Oslo S-Lillestrøm,L1,rail,VYG:ServiceJourney:2216_445310-R,True,planned,False,Færre vogner,Denne avgangen kjører dessverre med 4 vogner i stedet for 8 vogner. Dette skyldes at vi mangler et togsett.,general,normal,2026-09-07T08:42:24.659182+02:00
NSR:StopPlace:41,Hanaborg stasjon,2026-09-07T09:04:00+02:00,2026-09-07T09:04:00+02:00,,0.0,0,Asker,VYG:Line:L1,Spikkestad-Oslo S-Lillestrøm,L1,rail,VYG:ServiceJourney:2117_443522-R,True,planned,False,,,,,2026-09-07T08:42:24.659182+02:00
NSR:StopPlace:41,Hanaborg stasjon,2026-09-07T09:16:00+02:00,2026-09-07T09:16:00+02:00,,0.0,0,Lillestrøm,VYG:Line:L1,Spikkestad-Oslo S-Lillestrøm,L1,rail,VYG:ServiceJourney:2116_443521-R,True,planned,False,,,,,2026-09-07T08:42:24.659182+02:00
NSR:StopPlace:41,Hanaborg stasjon,2026-09-07T09:19:00+02:00,2026-09-07T09:19:00+02:00,,0.0,0,Spikkestad,VYG:Line:L1,Spikkestad-Oslo S-Lillestrøm,L1,rail,VYG:ServiceJourney:2219_443614-R,True,planned,False,,,,,2026-09-07T08:42:24.659182+02:00
NSR:StopPlace:41,Hanaborg stasjon,2026-09-07T09:31:00+02:00,2026-09-07T09:31:00+02:00,,0.0,0,Lillestrøm,VYG:Line:L1,Spikkestad-Oslo S-Lillestrøm,L1,rail,VYG:ServiceJourney:2218_443613-R,True,planned,False,,,,,2026-09-07T08:42:24.659182+02:00
NSR:StopPlace:41,Hanaborg stasjon,2026-09-07T09:34:00+02:00,2026-09-07T09:34:00+02:00,,0.0,0,Asker,VYG:Line:L1,Spikkestad-Oslo S-Lillestrøm,L1,rail,VYG:ServiceJourney:2119_443524-R,True,planned,False,,,,,2026-09-07T08:42:24.659182+02:00
NSR:StopPlace:61897,Bryn stasjon,2026-09-07T08:50:00+02:00,2026-09-07T08:50:00+02:00,,0.0,0,Asker,VYG:Line:L1,Spikkestad-Oslo S-Lillestrøm,L1,rail,VYG:ServiceJourney:2115_443520-R,True,planned,False,,,,,2026-09-07T08:42:24.659182+02:00
NSR:StopPlace:61897,Bryn stasjon,2026-09-07T09:00:00+02:00,2026-09-07T09:00:00+02:00,,0.0,0,Lillestrøm,VYG:Line:L1,Spikkestad-Oslo S-Lillestrøm,L1,rail,VYG:ServiceJourney:2116_443521-R,True,planned,False,,,,,2026-09-07T08:42:24.659182+02:00
NSR:StopPlace:61897,Bryn stasjon,2026-09-07T09:05:00+02:00,2026-09-07T09:05:00+02:00,,0.0,0,Spikkestad,VYG:Line:L1,Spikkestad-Oslo S-Lillestrøm,L1,rail,VYG:ServiceJourney:2217_443611-R,True,planned,False,,,,,2026-09-07T08:42:24.659182+02:00
NSR:StopPlace:61897,Bryn stasjon,2026-09-07T09:15:00+02:00,2026-09-07T09:15:00+02:00,,0.0,0,Lillestrøm,VYG:Line:L1,Spikkestad-Oslo S-Lillestrøm,L1,rail,VYG:ServiceJourney:2218_443613-R,True,planned,False,,,,,2026-09-07T08:42:24.659182+02:00
NSR:StopPlace:61897,Bryn stasjon,2026-09-07T09:20:00+02:00,2026-09-07T09:20:00+02:00,,0.0,0,Asker,VYG:Line:L1,Spikkestad-Oslo S-Lillestrøm,L1,rail,VYG:ServiceJourney:2117_443522-R,True,planned,False,,,,,2026-09-07T08:42:24.659182+02:00
NSR:StopPlace:61897,Bryn stasjon,2026-09-07T09:30:00+02:00,2026-09-07T09:30:00+02:00,,0.0,0,Lillestrøm,VYG:Line:L1,Spikkestad-Oslo S-Lillestrøm,L1,rail,VYG:ServiceJourney:2118_728240-R,True,planned,False,Færre vogner,Denne avgangen kjører dessverre med 4 vogner i stedet for 8 vogner. Dette skyldes at vi mangler et togsett.,general,normal,2026-09-07T08:42:24.659182+02:00
NSR:StopPlace:61897,Bryn stasjon,2026-09-07T09:35:00+02:00,2026-09-07T09:35:00+02:00,,0.0,0,Spikkestad,VYG:Line:L1,Spikkestad-Oslo S-Lillestrøm,L1,rail,VYG:ServiceJourney:2219_443614-R,True,planned,False,,,,,2026-09-07T08:42:24.659182+02:00
NSR:StopPlace:61928,Blomheller stasjon,2026-09-07T08:52:00+02:00,2026-09-07T08:52:00+02:00,,0.0,0,Myrdal,VYG:Line:R45,Myrdal-Flåm,R45,rail,VYG:ServiceJourney:1852_465771-R,True,planned,False,,,,,2026-09-07T08:42:24.659182+02:00
NSR:StopPlace:61926,Håreina stasjon,2026-09-07T08:26:00+02:00,2026-09-07T08:26:00+02:00,,0.0,0,Myrdal,VYG:Line:R45,Myrdal-Flåm,R45,rail,VYG:ServiceJourney:1852_465771-R,True,planned,False,,,,,2026-09-07T08:42:24.659182+02:00
NSR:StopPlace:61926,Håreina stasjon,2026-09-07T09:41:00+02:00,2026-09-07T09:41:00+02:00,,0.0,0,Myrdal,VYG:Line:R45,Myrdal-Flåm,R45,rail,VYG:ServiceJourney:1854_465773-R,True,planned,False,,,,,2026-09-07T08:42:24.659182+02:00
NSR:StopPlace:61927,Berekvam stasjon,2026-09-07T07:36:00+02:00,2026-09-07T07:36:00+02:00,,0.0,0,Myrdal,VYG:Line:R45,Myrdal-Flåm,R45,rail,VYG:ServiceJourney:1850_465768-R,True,planned,False,,,,,2026-09-07T08:42:24.659182+02:00
NSR:StopPlace:61927,Berekvam stasjon,2026-09-07T08:49:00+02:00,2026-09-07T08:49:00+02:00,,0.0,0,Flåm,VYG:Line:R45,Myrdal-Flåm,R45,rail,VYG:ServiceJourney:1851_465769-R,True,planned,False,,,,,2026-09-07T08:42:24.659182+02:00
NSR:StopPlace:61735,Hell stasjon,2026-09-07T08:50:00+02:00,2026-09-07T08:50:00+02:00,,0.0,0,Steinkjer,SJN:Line:26,Trønderbanen,R70,rail,SJN:ServiceJourney:427_56056-R,True,planned,False,,,,,2026-09-07T08:42:24.659182+02:00
NSR:StopPlace:61787,Gudå stasjon,2026-09-07T08:24:00+02:00,2026-09-07T08:24:00+02:00,,0.0,0,Storlien,SJN:Line:72,Meråkerbanen,R71,rail,SJN:ServiceJourney:1303_53533-R,True,planned,False,,,,,2026-09-07T08:42:24.659182+02:00
NSR:StopPlace:59789,Skotbu stasjon,2026-09-07T06:58:00+02:00,2026-09-07T06:58:00+02:00,,0.0,0,Oslo S,VYG:Line:R22,Skøyen-Oslo S-Mysen-Rakkestad,R22,rail,VYG:ServiceJourney:1952_443498-R,True,planned,False,,,,,2026-09-07T08:42:24.659182+02:00
NSR:StopPlace:59789,Skotbu stasjon,2026-09-07T07:29:00+02:00,2026-09-07T07:29:00+02:00,,0.0,0,Oslo S,VYG:Line:R22,Skøyen-Oslo S-Mysen-Rakkestad,R22,rail,VYG:ServiceJourney:1908_443445-R,True,planned,False,,,,,2026-09-07T08:42:24.659182+02:00
NSR:StopPlace:59789,Skotbu stasjon,2026-09-07T08:02:00+02:00,2026-09-07T08:02:00+02:00,,0.0,0,Oslo S,VYG:Line:R22,Skøyen-Oslo S-Mysen-Rakkestad,R22,rail,VYG:ServiceJourney:1954_443500-R,True,planned,False,,,,,2026-09-07T08:42:24.659182+02:00
NSR:StopPlace:59789,Skotbu stasjon,2026-09-07T09:22:00+02:00,2026-09-07T09:22:00+02:00,,0.0,0,Rakkestad,VYG:Line:R22,Skøyen-Oslo S-Mysen-Rakkestad,R22,rail,VYG:ServiceJourney:1909_443446-R,True,planned,False,,,,,2026-09-07T08:42:24.659182+02:00
NSR:StopPlace:59789,Skotbu stasjon,2026-09-07T09:32:00+02:00,2026-09-07T09:32:00+02:00,,0.0,0,Oslo S,VYG:Line:R22,Skøyen-Oslo S-Mysen-Rakkestad,R22,rail,VYG:ServiceJourney:1912_443451-R,True,planned,False,,,,,2026-09-07T08:42:24.659182+02:00
NSR:StopPlace:59646,Høvik stasjon,2026-09-07T08:53:00+02:00,2026-09-07T08:53:00+02:00,,0.0,0,Lillestrøm,VYG:Line:L1,Spikkestad-Oslo S-Lillestrøm,L1,rail,VYG:ServiceJourney:2218_443613-R,True,planned,False,,,,,2026-09-07T08:42:24.659182+02:00
NSR:StopPlace:59646,Høvik stasjon,2026-09-07T08:55:00+02:00,2026-09-07T08:55:00+02:00,,0.0,0,Asker,RUT:Line:270,Asker - Sandvika (- Fornebu),270,bus,RUT:ServiceJourney:cfa38b984e7cb1b193ab22efe15a0d61,True,planned,False,,,,,2026-09-07T08:42:24.659182+02:00
NSR:StopPlace:59646,Høvik stasjon,2026-09-07T08:56:00+02:00,2026-09-07T08:56:00+02:00,,0.0,0,Spikkestad,VYG:Line:L1,Spikkestad-Oslo S-Lillestrøm,L1,rail,VYG:ServiceJourney:2215_443608-R,True,planned,False,,,,,2026-09-07T08:42:24.659182+02:00
NSR:StopPlace:59646,Høvik stasjon,2026-09-07T09:07:00+02:00,2026-09-07T09:07:00+02:00,,0.0,0,Lillestrøm,VYG:Line:L1,Spikkestad-Oslo S-Lillestrøm,L1,rail,VYG:ServiceJourney:2118_728240-R,True,planned,False,Færre vogner,Denne avgangen kjører dessverre med 4 vogner i stedet for 8 vogner. Dette skyldes at vi mangler et togsett.,general,normal,2026-09-07T08:42:24.659182+02:00
NSR:StopPlace:59646,Høvik stasjon,2026-09-07T09:10:00+02:00,2026-09-07T09:10:00+02:00,,0.0,0,Asker,RUT:Line:270,Asker - Sandvika (- Fornebu),270,bus,RUT:ServiceJourney:8aa8a1ec9fefa999ef280c3f9f286264,True,planned,False,,,,,2026-09-07T08:42:24.659182+02:00
NSR:StopPlace:59646,Høvik stasjon,2026-09-07T09:12:00+02:00,2026-09-07T09:12:00+02:00,,0.0,0,Asker,VYG:Line:L1,Spikkestad-Oslo S-Lillestrøm,L1,rail,VYG:ServiceJourney:2115_443520-R,True,planned,False,,,,,2026-09-07T08:42:24.659182+02:00
NSR:StopPlace:59646,Høvik stasjon,2026-09-07T09:23:00+02:00,2026-09-07T09:23:00+02:00,,0.0,0,Lillestrøm,VYG:Line:L1,Spikkestad-Oslo S-Lillestrøm,L1,rail,VYG:ServiceJourney:2220_445315-R,True,planned,False,,,,,2026-09-07T08:42:24.659182+02:00
NSR:StopPlace:59646,Høvik stasjon,2026-09-07T09:26:00+02:00,2026-09-07T09:26:00+02:00,,0.0,0,Spikkestad,VYG:Line:L1,Spikkestad-Oslo S-Lillestrøm,L1,rail,VYG:ServiceJourney:2217_443611-R,True,planned,False,,,,,2026-09-07T08:42:24.659182+02:00
NSR:StopPlace:59646,Høvik stasjon,2026-09-07T09:37:00+02:00,2026-09-07T09:37:00+02:00,,0.0,0,Lillestrøm,VYG:Line:L1,Spikkestad-Oslo S-Lillestrøm,L1,rail,VYG:ServiceJourney:2120_443526-R,True,planned,False,Færre vogner,Denne avgangen kjører dessverre med 4 vogner i stedet for 8 vogner. Dette skyldes at vi mangler et togsett.,general,normal,2026-09-07T08:42:24.659182+02:00
NSR:StopPlace:59646,Høvik stasjon,2026-09-07T09:42:00+02:00,2026-09-07T09:42:00+02:00,,0.0,0,Asker,VYG:Line:L1,Spikkestad-Oslo S-Lillestrøm,L1,rail,VYG:ServiceJourney:2117_443522-R,True,planned,False,,,,,2026-09-07T08:42:24.659182+02:00
NSR:StopPlace:59647,Dal stasjon,2026-09-07T08:46:00+02:00,2026-09-07T08:46:00+02:00,,0.0,0,Eidsvoll,RUT:Line:430,Eidsvoll - Jessheim,430,bus,RUT:ServiceJourney:7a5efe6422d6680724d767b901d403c2,True,planned,False,,,,,2026-09-07T08:42:24.659182+02:00
NSR:StopPlace:59647,Dal stasjon,2026-09-07T08:54:00+02:00,2026-09-07T08:54:00+02:00,,0.0,0,Drammen,VYG:Line:R13,Drammen-Oslo S-Dal,R13,rail,VYG:ServiceJourney:1618_443252-R,True,planned,False,,,,,2026-09-07T08:42:24.659182+02:00
NSR:StopPlace:59647,Dal stasjon,2026-09-07T08:56:00+02:00,2026-09-07T08:56:00+02:00,,0.0,0,Jessheim,RUT:Line:430,Eidsvoll - Jessheim,430,bus,RUT:ServiceJourney:fa2946648bfe742c6978cabcd403db6c,True,planned,False,,,,,2026-09-07T08:42:24.659182+02:00
NSR:StopPlace:59647,Dal stasjon,2026-09-07T09:11:00+02:00,2026-09-07T09:11:00+02:00,,0.0,0,Jessheim,RUT:Line:430,Eidsvoll - Jessheim,430,bus,RUT:ServiceJourney:0bf5ba9216f9e1dde814a273aae69956,True,planned,False,,,,,2026-09-07T08:42:24.659182+02:00
NSR:StopPlace:59647,Dal stasjon,2026-09-07T09:16:00+02:00,2026-09-07T09:16:00+02:00,,0.0,0,Eidsvoll,RUT:Line:430,Eidsvoll - Jessheim,430,bus,RUT:ServiceJourney:99e060dc9ae9990af6e70d3fc77bb027,True,planned,False,,,,,2026-09-07T08:42:24.659182+02:00
NSR:StopPlace:59647,Dal stasjon,2026-09-07T09:24:00+02:00,2026-09-07T09:24:00+02:00,,0.0,0,Drammen,VYG:Line:R13,Drammen-Oslo S-Dal,R13,rail,VYG:ServiceJourney:1620_443256-R,True,planned,False,,,,,2026-09-07T08:42:24.659182+02:00
NSR:StopPlace:59647,Dal stasjon,2026-09-07T09:26:00+02:00,2026-09-07T09:26:00+02:00,,0.0,0,Jessheim,RUT:Line:430,Eidsvoll - Jessheim,430,bus,RUT:ServiceJourney:0d5178f7ce08a89f318158aa27301958,True,planned,False,,,,,2026-09-07T08:42:24.659182+02:00
NSR:StopPlace:59647,Dal stasjon,2026-09-07T09:31:00+02:00,2026-09-07T09:31:00+02:00,,0.0,0,Eidsvoll,RUT:Line:430,Eidsvoll - Jessheim,430,bus,RUT:ServiceJourney:30fabc5fffabee74784c35d738c95fe7,True,planned,False,,,,,2026-09-07T08:42:24.659182+02:00
NSR:StopPlace:59647,Dal stasjon,2026-09-07T09:41:00+02:00,2026-09-07T09:41:00+02:00,,0.0,0,Jessheim,RUT:Line:430,Eidsvoll - Jessheim,430,bus,RUT:ServiceJourney:64255e8a685523cac8c63b679af8f448,True,planned,False,,,,,2026-09-07T08:42:24.659182+02:00
NSR:StopPlace:59648,Kjelsås stasjon,2026-09-07T07:50:00+02:00,2026-09-07T07:50:00+02:00,,0.0,0,Nydalen,VYG:Line:R31,Skøyen-Jaren-Gjøvik,R31,rail,VYG:ServiceJourney:BUS-270_655592-R,True,planned,False,,,,,2026-09-07T08:42:24.659182+02:00
NSR:StopPlace:59641,Fjellhamar stasjon,2026-09-07T09:02:00+02:00,2026-09-07T09:02:00+02:00,,0.0,0,Asker,VYG:Line:L1,Spikkestad-Oslo S-Lillestrøm,L1,rail,VYG:ServiceJourney:2117_443522-R,True,planned,False,,,,,2026-09-07T08:42:24.659182+02:00
NSR:StopPlace:59641,Fjellhamar stasjon,2026-09-07T09:03:00+02:00,2026-09-07T09:03:00+02:00,,0.0,0,Lillestrøm,VYG:Line:L1,Spikkestad-Oslo S-Lillestrøm,L1,rail,VYG:ServiceJourney:2216_445310-R,True,planned,False,Færre vogner,Denne avgangen kjører dessverre med 4 vogner i stedet for 8 vogner. Dette skyldes at vi mangler et togsett.,general,normal,2026-09-07T08:42:24.659182+02:00
NSR:StopPlace:59641,Fjellhamar stasjon,2026-09-07T09:17:00+02:00,2026-09-07T09:17:00+02:00,,0.0,0,Spikkestad,VYG:Line:L1,Spikkestad-Oslo S-Lillestrøm,L1,rail,VYG:ServiceJourney:2219_443614-R,True,planned,False,,,,,2026-09-07T08:42:24.659182+02:00
NSR:StopPlace:59641,Fjellhamar stasjon,2026-09-07T09:18:00+02:00,2026-09-07T09:18:00+02:00,,0.0,0,Lillestrøm,VYG:Line:L1,Spikkestad-Oslo S-Lillestrøm,L1,rail,VYG:ServiceJourney:2116_443521-R,True,planned,False,,,,,2026-09-07T08:42:24.659182+02:00
NSR:StopPlace:59641,Fjellhamar stasjon,2026-09-07T09:32:00+02:00,2026-09-07T09:32:00+02:00,,0.0,0,Asker,VYG:Line:L1,Spikkestad-Oslo S-Lillestrøm,L1,rail,VYG:ServiceJourney:2119_443524-R,True,planned,False,,,,,2026-09-07T08:42:24.659182+02:00
NSR:StopPlace:59641,Fjellhamar stasjon,2026-09-07T09:33:00+02:00,2026-09-07T09:33:00+02:00,,0.0,0,Lillestrøm,VYG:Line:L1,Spikkestad-Oslo S-Lillestrøm,L1,rail,VYG:ServiceJourney:2218_443613-R,True,planned,False,,,,,2026-09-07T08:42:24.659182+02:00
NSR:StopPlace:59642,Rånåsfoss stasjon,2026-09-07T09:18:00+02:00,2026-09-07T09:18:00+02:00,,0.0,0,Asker,VYG:Line:R14,Asker-Oslo S-Kongsvinger,R14,rail,VYG:ServiceJourney:1010_442915-R,True,planned,False,,,,,2026-09-07T08:42:24.659182+02:00
NSR:StopPlace:59642,Rånåsfoss stasjon,2026-09-07T09:38:00+02:00,2026-09-07T09:38:00+02:00,,0.0,0,Kongsvinger,VYG:Line:R14,Asker-Oslo S-Kongsvinger,R14,rail,VYG:ServiceJourney:1009_442914-R,True,planned,False,,,,,2026-09-07T08:42:24.659182+02:00
NSR:StopPlace:59658,Moi stasjon,2026-09-07T06:30:00+02:00,2026-09-07T06:30:00+02:00,,0.0,0,Egersund,GOA:Line:50,Sørtoget region,F5,rail,GOA:ServiceJourney:B701-1_20260907-MOI_EGS,True,planned,False,,,,,2026-09-07T08:42:24.659182+02:00
NSR:StopPlace:59652,Tøyen stasjon,2026-09-07T09:09:00+02:00,2026-09-07T09:09:00+02:00,,0.0,0,Tonsenhagen,RUT:Line:60,Vippetangen-Tonsenhagen,60,bus,RUT:ServiceJourney:d412e24f357905d48221853364918a0d,True,planned,False,,,,,2026-09-07T08:42:24.659182+02:00
NSR:StopPlace:59653,Haugenstua stasjon,2026-09-07T08:55:00+02:00,2026-09-07T08:55:00+02:00,,0.0,0,Spikkestad,VYG:Line:L1,Spikkestad-Oslo S-Lillestrøm,L1,rail,VYG:ServiceJourney:2217_443611-R,True,planned,False,,,,,2026-09-07T08:42:24.659182+02:00
NSR:StopPlace:59653,Haugenstua stasjon,2026-09-07T08:55:00+02:00,2026-09-07T08:55:00+02:00,,0.0,0,Lillestrøm,VYG:Line:L1,Spikkestad-Oslo S-Lillestrøm,L1,rail,VYG:ServiceJourney:2216_445310-R,True,planned,False,Færre vogner,Denne avgangen kjører dessverre med 4 vogner i stedet for 8 vogner. Dette skyldes at vi mangler et togsett.,general,normal,2026-09-07T08:42:24.659182+02:00
NSR:StopPlace:59653,Haugenstua stasjon,2026-09-07T09:10:00+02:00,2026-09-07T09:10:00+02:00,,0.0,0,Asker,VYG:Line:L1,Spikkestad-Oslo S-Lillestrøm,L1,rail,VYG:ServiceJourney:2117_443522-R,True,planned,False,,,,,2026-09-07T08:42:24.659182+02:00
NSR:StopPlace:59653,Haugenstua stasjon,2026-09-07T09:10:00+02:00,2026-09-07T09:10:00+02:00,,0.0,0,Lillestrøm,VYG:Line:L1,Spikkestad-Oslo S-Lillestrøm,L1,rail,VYG:ServiceJourney:2116_443521-R,True,planned,False,,,,,2026-09-07T08:42:24.659182+02:00
NSR:StopPlace:59653,Haugenstua stasjon,2026-09-07T09:25:00+02:00,2026-09-07T09:25:00+02:00,,0.0,0,Spikkestad,VYG:Line:L1,Spikkestad-Oslo S-Lillestrøm,L1,rail,VYG:ServiceJourney:2219_443614-R,True,planned,False,,,,,2026-09-07T08:42:24.659182+02:00
NSR:StopPlace:59653,Haugenstua stasjon,2026-09-07T09:25:00+02:00,2026-09-07T09:25:00+02:00,,0.0,0,Lillestrøm,VYG:Line:L1,Spikkestad-Oslo S-Lillestrøm,L1,rail,VYG:ServiceJourney:2218_443613-R,True,planned,False,,,,,2026-09-07T08:42:24.659182+02:00
NSR:StopPlace:59653,Haugenstua stasjon,2026-09-07T09:40:00+02:00,2026-09-07T09:40:00+02:00,,0.0,0,Asker,VYG:Line:L1,Spikkestad-Oslo S-Lillestrøm,L1,rail,VYG:ServiceJourney:2119_443524-R,True,planned,False,,,,,2026-09-07T08:42:24.659182+02:00
NSR:StopPlace:59653,Haugenstua stasjon,2026-09-07T09:40:00+02:00,2026-09-07T09:40:00+02:00,,0.0,0,Lillestrøm,VYG:Line:L1,Spikkestad-Oslo S-Lillestrøm,L1,rail,VYG:ServiceJourney:2118_728240-R,True,planned,False,Færre vogner,Denne avgangen kjører dessverre med 4 vogner i stedet for 8 vogner. Dette skyldes at vi mangler et togsett.,general,normal,2026-09-07T08:42:24.659182+02:00
NSR:StopPlace:59690,Dovre stasjon,2026-09-07T08:55:00+02:00,2026-09-07T08:55:00+02:00,,0.0,0,Oslo S,SJN:Line:21,Dovrebanen,F6,rail,SJN:ServiceJourney:40-TND_48233-R,True,planned,False,,,,,2026-09-07T08:42:24.659182+02:00
NSR:StopPlace:59703,Åndalsnes stasjon,2026-09-07T08:49:00+02:00,2026-09-07T08:49:00+02:00,,0.0,0,Åndalsnes,MOR:Line:423,Åndalsnes-Isfjorden,423,bus,MOR:ServiceJourney:423_102_9150000047259177,True,planned,False,,,,,2026-09-07T08:42:24.659182+02:00
NSR:StopPlace:59703,Åndalsnes stasjon,2026-09-07T09:24:00+02:00,2026-09-07T09:24:00+02:00,,0.0,0,Dombås,SJN:Line:22,Raumabanen,R65,rail,SJN:ServiceJourney:2342_30108-R,True,planned,False,,,,,2026-09-07T08:42:24.659182+02:00
NSR:StopPlace:60736,Spikkestad stasjon,2026-09-07T08:46:00+02:00,2026-09-07T08:46:00+02:00,,0.0,0,Lillestrøm,VYG:Line:L1,Spikkestad-Oslo S-Lillestrøm,L1,rail,VYG:ServiceJourney:2220_445315-R,True,planned,False,,,,,2026-09-07T08:42:24.659182+02:00
NSR:StopPlace:60736,Spikkestad stasjon,2026-09-07T09:16:00+02:00,2026-09-07T09:16:00+02:00,,0.0,0,Lillestrøm,VYG:Line:L1,Spikkestad-Oslo S-Lillestrøm,L1,rail,VYG:ServiceJourney:2222_443620-R,True,planned,False,,,,,2026-09-07T08:42:24.659182+02:00
NSR:StopPlace:60737,Bondivann stasjon,2026-09-07T07:30:00+02:00,2026-09-07T07:30:00+02:00,,0.0,0,Lillestrøm,VYG:Line:L1,Spikkestad-Oslo S-Lillestrøm,L1,rail,VYG:ServiceJourney:2214_443607-R,True,planned,False,Færre vogner,Denne avgangen kjører dessverre med 4 vogner i stedet for 8 vogner. Dette skyldes at vi mangler et togsett.,general,normal,2026-09-07T08:42:24.659182+02:00
NSR:StopPlace:60737,Bondivann stasjon,2026-09-07T09:00:00+02:00,2026-09-07T09:00:00+02:00,,0.0,0,Lillestrøm,VYG:Line:L1,Spikkestad-Oslo S-Lillestrøm,L1,rail,VYG:ServiceJourney:2220_445315-R,True,planned,False,,,,,2026-09-07T08:42:24.659182+02:00
NSR:StopPlace:60737,Bondivann stasjon,2026-09-07T09:19:00+02:00,2026-09-07T09:19:00+02:00,,0.0,0,Spikkestad,VYG:Line:L1,Spikkestad-Oslo S-Lillestrøm,L1,rail,VYG:ServiceJourney:2215_443608-R,True,planned,False,,,,,2026-09-07T08:42:24.659182+02:00
NSR:StopPlace:60737,Bondivann stasjon,2026-09-07T09:30:00+02:00,2026-09-07T09:30:00+02:00,,0.0,0,Lillestrøm,VYG:Line:L1,Spikkestad-Oslo S-Lillestrøm,L1,rail,VYG:ServiceJourney:2222_443620-R,True,planned,False,,,,,2026-09-07T08:42:24.659182+02:00
NSR:StopPlace:60735,Gullhella stasjon,2026-09-07T08:58:00+02:00,2026-09-07T08:58:00+02:00,,0.0,0,Lillestrøm,VYG:Line:L1,Spikkestad-Oslo S-Lillestrøm,L1,rail,VYG:ServiceJourney:2220_445315-R,True,planned,False,,,,,2026-09-07T08:42:24.659182+02:00
NSR:StopPlace:60735,Gullhella stasjon,2026-09-07T09:21:00+02:00,2026-09-07T09:21:00+02:00,,0.0,0,Spikkestad,VYG:Line:L1,Spikkestad-Oslo S-Lillestrøm,L1,rail,VYG:ServiceJourney:2215_443608-R,True,planned,False,,,,,2026-09-07T08:42:24.659182+02:00
NSR:StopPlace:60735,Gullhella stasjon,2026-09-07T09:27:00+02:00,2026-09-07T09:27:00+02:00,,0.0,0,Lillestrøm,VYG:Line:L1,Spikkestad-Oslo S-Lillestrøm,L1,rail,VYG:ServiceJourney:2222_443620-R,True,planned,False,,,,,2026-09-07T08:42:24.659182+02:00
NSR:StopPlace:59952,Drammen stasjon,2026-09-07T08:42:00+02:00,2026-09-07T08:42:00+02:00,,0.0,0,Oslo Lufthavn,FLT:Line:FLY1,FLY1,FLY1,rail,FLT:ServiceJourney:1-2614-3729-20260907,True,planned,False,,,,,2026-09-07T08:42:24.659182+02:00
NSR:StopPlace:59952,Drammen stasjon,2026-09-07T08:57:00+02:00,2026-09-07T08:57:00+02:00,,0.0,0,Lillehammer,VYG:Line:RE10,Drammen-Oslo S-Lillehammer,RE10,rail,VYG:ServiceJourney:311-SUD_465023-R,True,planned,False,,,,,2026-09-07T08:42:24.659182+02:00
NSR:StopPlace:59952,Drammen stasjon,2026-09-07T09:02:00+02:00,2026-09-07T09:02:00+02:00,,0.0,0,Oslo Lufthavn,FLT:Line:FLY1,FLY1,FLY1,rail,FLT:ServiceJourney:1-2614-3731-20260907,True,planned,False,,,,,2026-09-07T08:42:24.659182+02:00
NSR:StopPlace:59952,Drammen stasjon,2026-09-07T09:05:00+02:00,2026-09-07T09:05:00+02:00,,0.0,0,Dal,VYG:Line:R13,Drammen-Oslo S-Dal,R13,rail,VYG:ServiceJourney:1619_443253-R,True,planned,False,,,,,2026-09-07T08:42:24.659182+02:00
NSR:StopPlace:59952,Drammen stasjon,2026-09-07T09:14:00+02:00,2026-09-07T09:14:00+02:00,,0.0,0,Skien,VYG:Line:RE11,Eidsvoll-Oslo S-Skien,RE11,rail,VYG:ServiceJourney:809_444389-R,True,planned,False,,,,,2026-09-07T08:42:24.659182+02:00
NSR:StopPlace:59952,Drammen stasjon,2026-09-07T09:17:00+02:00,2026-09-07T09:17:00+02:00,,0.0,0,Eidsvoll,VYG:Line:R12,Kongsberg-Oslo S-Eidsvoll,R12,rail,VYG:ServiceJourney:510_444304-R,True,planned,False,,,,,2026-09-07T08:42:24.659182+02:00
NSR:StopPlace:59952,Drammen stasjon,2026-09-07T09:22:00+02:00,2026-09-07T09:22:00+02:00,,0.0,0,Oslo Lufthavn,FLT:Line:FLY1,FLY1,FLY1,rail,FLT:ServiceJourney:1-2614-3733-20260907,True,planned,False,,,,,2026-09-07T08:42:24.659182+02:00
NSR:StopPlace:59957,Klepp stasjon,2026-09-07T08:52:00+02:00,2026-09-07T08:52:00+02:00,,0.0,0,Nærbø,GOA:Line:59,Jærbanen,L5,rail,GOA:ServiceJourney:3018_63050-R,True,planned,False,,,,,2026-09-07T08:42:24.659182+02:00
NSR:StopPlace:59957,Klepp stasjon,2026-09-07T08:57:00+02:00,2026-09-07T08:57:00+02:00,,0.0,0,Verdalen via Kleppekrossen,KOL:Line:8_2024,59,59,bus,KOL:ServiceJourney:2024_250903083241308_2009,True,planned,False,,,,,2026-09-07T08:42:24.659182+02:00
NSR:StopPlace:59958,Voss stasjon,2026-09-07T09:00:00+02:00,2026-09-07T09:00:00+02:00,,0.0,0,Sentrumsringen,SKY:Line:965,Sentrumsringen Voss,965,bus,SKY:ServiceJourney:965-205165-18016703,True,planned,False,,,,,2026-09-07T08:42:24.659182+02:00
NSR:StopPlace:59958,Voss stasjon,2026-09-07T09:00:00+02:00,2026-09-07T09:00:00+02:00,,0.0,0,Skjerpe,SKY:Line:964,Voss-Skjerpe/Sivlevegen(Ringbuss),964,bus,SKY:ServiceJourney:964-205165-20969003,True,planned,False,,,,,2026-09-07T08:42:24.659182+02:00
NSR:StopPlace:59958,Voss stasjon,2026-09-07T09:10:00+02:00,2026-09-07T09:10:00+02:00,,0.0,0,Lemme,SKY:Line:954,Voss - Lemme,954,bus,SKY:ServiceJourney:954-205165-21245356,True,planned,False,,,,,2026-09-07T08:42:24.659182+02:00
NSR:StopPlace:59958,Voss stasjon,2026-09-07T09:15:00+02:00,2026-09-07T09:15:00+02:00,,0.0,0,Sentrumsringen,SKY:Line:965,Sentrumsringen Voss,965,bus,SKY:ServiceJourney:965-205165-18016706,True,planned,False,,,,,2026-09-07T08:42:24.659182+02:00
NSR:StopPlace:59958,Voss stasjon,2026-09-07T09:20:00+02:00,2026-09-07T09:20:00+02:00,,0.0,0,Oslo S,VYG:Line:F4,Oslo S-Bergen,F4,rail,VYG:ServiceJourney:62-BRG_444359-R,True,planned,False,,,,,2026-09-07T08:42:24.659182+02:00
NSR:StopPlace:59958,Voss stasjon,2026-09-07T09:26:00+02:00,2026-09-07T09:26:00+02:00,,0.0,0,Bergen,VYG:Line:R40,Bergen-Voss-Myrdal-Ål,R40,rail,VYG:ServiceJourney:1815_457478-R,True,planned,False,,,,,2026-09-07T08:42:24.659182+02:00
NSR:StopPlace:59958,Voss stasjon,2026-09-07T09:35:00+02:00,2026-09-07T09:35:00+02:00,,0.0,0,Sentrumsringen,SKY:Line:965,Sentrumsringen Voss,965,bus,SKY:ServiceJourney:965-205165-18016711,True,planned,False,,,,,2026-09-07T08:42:24.659182+02:00
NSR:StopPlace:59958,Voss stasjon,2026-09-07T09:35:00+02:00,2026-09-07T09:35:00+02:00,,0.0,0,Sivlevegen,SKY:Line:964,Voss-Skjerpe/Sivlevegen(Ringbuss),964,bus,SKY:ServiceJourney:964-205165-20969013,True,planned,False,,,,,2026-09-07T08:42:24.659182+02:00
NSR:StopPlace:59983,Bergen stasjon,2026-09-07T08:57:00+02:00,2026-09-07T08:57:00+02:00,,0.0,0,Arna,VYG:Line:L4,Bergen-Arna,L4,rail,VYG:ServiceJourney:2616_443831-R,True,planned,False,,,,,2026-09-07T08:42:24.659182+02:00
NSR:StopPlace:59983,Bergen stasjon,2026-09-07T09:12:00+02:00,2026-09-07T09:12:00+02:00,,0.0,0,Arna,VYG:Line:L4,Bergen-Arna,L4,rail,VYG:ServiceJourney:2516_443774-R,True,planned,False,,,,,2026-09-07T08:42:24.659182+02:00
NSR:StopPlace:59983,Bergen stasjon,2026-09-07T09:23:00+02:00,2026-09-07T09:23:00+02:00,,0.0,0,Geilo,VYG:Line:R40,Bergen-Voss-Myrdal-Ål,R40,rail,VYG:ServiceJourney:1810_465743-R,True,planned,False,,,,,2026-09-07T08:42:24.659182+02:00
NSR:StopPlace:59983,Bergen stasjon,2026-09-07T09:27:00+02:00,2026-09-07T09:27:00+02:00,,0.0,0,Arna,VYG:Line:L4,Bergen-Arna,L4,rail,VYG:ServiceJourney:2618_443833-R,True,planned,False,,,,,2026-09-07T08:42:24.659182+02:00
NSR:StopPlace:59983,Bergen stasjon,2026-09-07T09:42:00+02:00,2026-09-07T09:42:00+02:00,,0.0,0,Arna,VYG:Line:L4,Bergen-Arna,L4,rail,VYG:ServiceJourney:2518_443776-R,True,planned,False,,,,,2026-09-07T08:42:24.659182+02:00
NSR:StopPlace:60017,Slitu stasjon,2026-09-07T06:41:00+02:00,2026-09-07T06:41:00+02:00,,0.0,0,Rakkestad,VYG:Line:R22,Skøyen-Oslo S-Mysen-Rakkestad,R22,rail,VYG:ServiceJourney:1903_443437-R,True,planned,False,,,,,2026-09-07T08:42:24.659182+02:00
NSR:StopPlace:60017,Slitu stasjon,2026-09-07T07:32:00+02:00,2026-09-07T07:32:00+02:00,,0.0,0,Oslo S,VYG:Line:R22,Skøyen-Oslo S-Mysen-Rakkestad,R22,rail,VYG:ServiceJourney:1954_443500-R,True,planned,False,,,,,2026-09-07T08:42:24.659182+02:00
NSR:StopPlace:60017,Slitu stasjon,2026-09-07T07:46:00+02:00,2026-09-07T07:46:00+02:00,,0.0,0,Rakkestad,VYG:Line:R22,Skøyen-Oslo S-Mysen-Rakkestad,R22,rail,VYG:ServiceJourney:1905_443439-R,True,planned,False,,,,,2026-09-07T08:42:24.659182+02:00
NSR:StopPlace:60017,Slitu stasjon,2026-09-07T08:04:00+02:00,2026-09-07T08:04:00+02:00,,0.0,0,Oslo S,VYG:Line:R22,Skøyen-Oslo S-Mysen-Rakkestad,R22,rail,VYG:ServiceJourney:1910_443448-R,True,planned,False,,,,,2026-09-07T08:42:24.659182+02:00
NSR:StopPlace:60017,Slitu stasjon,2026-09-07T08:50:00+02:00,2026-09-07T08:50:00+02:00,,0.0,0,Rakkestad,VYG:Line:R22,Skøyen-Oslo S-Mysen-Rakkestad,R22,rail,VYG:ServiceJourney:1907_443443-R,True,planned,False,,,,,2026-09-07T08:42:24.659182+02:00
NSR:StopPlace:60017,Slitu stasjon,2026-09-07T09:04:00+02:00,2026-09-07T09:04:00+02:00,,0.0,0,Oslo S,VYG:Line:R22,Skøyen-Oslo S-Mysen-Rakkestad,R22,rail,VYG:ServiceJourney:1912_443451-R,True,planned,False,,,,,2026-09-07T08:42:24.659182+02:00
NSR:StopPlace:60016,Kråkstad stasjon,2026-09-07T09:18:00+02:00,2026-09-07T09:18:00+02:00,,0.0,0,Rakkestad,VYG:Line:R22,Skøyen-Oslo S-Mysen-Rakkestad,R22,rail,VYG:ServiceJourney:1909_443446-R,True,planned,False,,,,,2026-09-07T08:42:24.659182+02:00
NSR:StopPlace:60016,Kråkstad stasjon,2026-09-07T09:36:00+02:00,2026-09-07T09:36:00+02:00,,0.0,0,Oslo S,VYG:Line:R22,Skøyen-Oslo S-Mysen-Rakkestad,R22,rail,VYG:ServiceJourney:1912_443451-R,True,planned,False,,,,,2026-09-07T08:42:24.659182+02:00
NSR:StopPlace:60042,Trengereid stasjon,2026-09-07T09:40:00+02:00,2026-09-07T09:40:00+02:00,,0.0,0,Bergen,VYG:Line:R40,Bergen-Voss-Myrdal-Ål,R40,rail,VYG:ServiceJourney:1813_443399-R,True,planned,False,Forsinket,Toget kjørte 24 minutter forsinket fra Mjølfjell. Dette skyldes at togsettet vi trenger er forsinket.,incident,normal,2026-09-07T08:42:24.659182+02:00
NSR:StopPlace:60042,Trengereid stasjon,2026-09-07T09:41:00+02:00,2026-09-07T09:41:00+02:00,,0.0,0,Geilo,VYG:Line:R40,Bergen-Voss-Myrdal-Ål,R40,rail,VYG:ServiceJourney:1810_465743-R,True,planned,False,,,,,2026-09-07T08:42:24.659182+02:00
NSR:StopPlace:60045,Hamar stasjon,2026-09-07T08:52:00+02:00,2026-09-07T08:52:00+02:00,,0.0,0,Lillehammer,VYG:Line:RE10,Drammen-Oslo S-Lillehammer,RE10,rail,VYG:ServiceJourney:307-SUD_444139-R,True,planned,False,,,,,2026-09-07T08:42:24.659182+02:00
NSR:StopPlace:60045,Hamar stasjon,2026-09-07T09:11:00+02:00,2026-09-07T09:11:00+02:00,,0.0,0,Drammen,VYG:Line:RE10,Drammen-Oslo S-Lillehammer,RE10,rail,VYG:ServiceJourney:310-LHM_444152-R,True,planned,False,,,,,2026-09-07T08:42:24.659182+02:00
NSR:StopPlace:60045,Hamar stasjon,2026-09-07T09:12:00+02:00,2026-09-07T09:12:00+02:00,,0.0,0,Trondheim S,SJN:Line:21,Dovrebanen,F6,rail,SJN:ServiceJourney:43-LOD_47893-R,True,planned,False,,,,,2026-09-07T08:42:24.659182+02:00
NSR:StopPlace:60053,Halden stasjon,2026-09-07T09:03:00+02:00,2026-09-07T09:03:00+02:00,,0.0,0,Oslo S,VYG:Line:RE20,Oslo S-Halden-Göteborg (X-Border),RE20,rail,VYG:ServiceJourney:112_442995-R,True,planned,False,,,,,2026-09-07T08:42:24.659182+02:00
NSR:StopPlace:60077,Støren stasjon,2026-09-07T09:10:00+02:00,2026-09-07T09:10:00+02:00,,0.0,0,Trondheim S,ATB:Line:2_340,Trondheim - Støren,340,bus,ATB:ServiceJourney:340_260106098641968_33,True,planned,False,,,,,2026-09-07T08:42:24.659182+02:00
NSR:StopPlace:59243,Mo i Rana stasjon,2026-09-07T08:53:00+02:00,2026-09-07T08:53:00+02:00,,0.0,0,Grubbåsen,NOR:Line:12_8371,Grubbåsen - Båsmobakken/Skillevollen,1,bus,NOR:ServiceJourney:8371_251012124858561_2009,True,planned,False,,,,,2026-09-07T08:42:24.659182+02:00
NSR:StopPlace:59243,Mo i Rana stasjon,2026-09-07T09:08:00+02:00,2026-09-07T09:08:00+02:00,,0.0,0,Grubbåsen,NOR:Line:12_8371,Grubbåsen - Båsmobakken/Skillevollen,1,bus,NOR:ServiceJourney:8371_251012124858536_2010,True,planned,False,,,,,2026-09-07T08:42:24.659182+02:00
NSR:StopPlace:59243,Mo i Rana stasjon,2026-09-07T09:12:00+02:00,2026-09-07T09:12:00+02:00,,0.0,0,Sykehuset Mo,NOR:Line:12_8372,Kvernkroken - Sykehuset Mo,2,bus,NOR:ServiceJourney:8372_251012124855331_1007,True,planned,False,,,,,2026-09-07T08:42:24.659182+02:00
NSR:StopPlace:59243,Mo i Rana stasjon,2026-09-07T09:12:00+02:00,2026-09-07T09:12:00+02:00,,0.0,0,Kvernkroken,NOR:Line:12_8372,Kvernkroken - Sykehuset Mo,2,bus,NOR:ServiceJourney:8372_251012124855356_2007,True,planned,False,,,,,2026-09-07T08:42:24.659182+02:00
NSR:StopPlace:59243,Mo i Rana stasjon,2026-09-07T09:38:00+02:00,2026-09-07T09:38:00+02:00,,0.0,0,Grubbåsen,NOR:Line:12_8371,Grubbåsen - Båsmobakken/Skillevollen,1,bus,NOR:ServiceJourney:8371_251012124858537_2012,True,planned,False,,,,,2026-09-07T08:42:24.659182+02:00
NSR:StopPlace:59243,Mo i Rana stasjon,2026-09-07T09:42:00+02:00,2026-09-07T09:42:00+02:00,,0.0,0,Sykehuset Mo,NOR:Line:12_8372,Kvernkroken - Sykehuset Mo,2,bus,NOR:ServiceJourney:8372_251012124855332_1008,True,planned,False,,,,,2026-09-07T08:42:24.659182+02:00
NSR:StopPlace:59243,Mo i Rana stasjon,2026-09-07T09:42:00+02:00,2026-09-07T09:42:00+02:00,,0.0,0,Kvernkroken,NOR:Line:12_8372,Kvernkroken - Sykehuset Mo,2,bus,NOR:ServiceJourney:8372_251012124855357_2008,True,planned,False,,,,,2026-09-07T08:42:24.659182+02:00
NSR:StopPlace:59261,Trondheim lufthavn,2026-09-07T06:25:00+02:00,2026-09-07T06:16:00+02:00,,0.0,0,Oslo,AVI:Line:SK_OSL-TRD,Oslo-Trondheim,,air,AVI:ServiceJourney:SK335-02-465081146,True,expected,False,,,,,2026-09-07T08:42:24.659182+02:00
NSR:StopPlace:59261,Trondheim lufthavn,2026-09-07T06:30:00+02:00,2026-09-07T06:25:00+02:00,,0.0,0,Oslo,AVI:Line:DY_OSL-TRD,Oslo-Trondheim,,air,AVI:ServiceJourney:DY741-02-416742281,True,expected,False,,,,,2026-09-07T08:42:24.659182+02:00
NSR:StopPlace:59261,Trondheim lufthavn,2026-09-07T07:00:00+02:00,2026-09-07T06:54:00+02:00,,0.0,0,Stavanger,AVI:Line:SK_SVG-TRD,Stavanger-Trondheim,,air,AVI:ServiceJourney:SK4489-01-465085078,True,expected,False,,,,,2026-09-07T08:42:24.659182+02:00
NSR:StopPlace:59261,Trondheim lufthavn,2026-09-07T07:10:00+02:00,2026-09-07T06:58:00+02:00,,0.0,0,Oslo,AVI:Line:SK_OSL-TRD,Oslo-Trondheim,,air,AVI:ServiceJourney:SK341-02-465081146,True,expected,False,,,,,2026-09-07T08:42:24.659182+02:00
NSR:StopPlace:59261,Trondheim lufthavn,2026-09-07T07:30:00+02:00,2026-09-07T07:20:00+02:00,,0.0,0,Oslo,AVI:Line:DY_OSL-TRD,Oslo-Trondheim,,air,AVI:ServiceJourney:DY745-01-416742281,True,expected,False,,,,,2026-09-07T08:42:24.659182+02:00
NSR:StopPlace:59261,Trondheim lufthavn,2026-09-07T07:55:00+02:00,2026-09-07T07:46:00+02:00,,0.0,0,Oslo,AVI:Line:SK_OSL-TRD,Oslo-Trondheim,,air,AVI:ServiceJourney:SK343-02-465081146,True,expected,False,,,,,2026-09-07T08:42:24.659182+02:00
NSR:StopPlace:59261,Trondheim lufthavn,2026-09-07T08:00:00+02:00,2026-09-07T07:55:00+02:00,,0.0,0,Bergen,AVI:Line:WF_BGO-TRD,Bergen-Trondheim,,air,AVI:ServiceJourney:WF673-01-126351987,True,expected,False,,,,,2026-09-07T08:42:24.659182+02:00
NSR:StopPlace:59261,Trondheim lufthavn,2026-09-07T08:00:00+02:00,2026-09-07T07:56:00+02:00,,0.0,0,Oslo,AVI:Line:DY_OSL-TRD,Oslo-Trondheim,,air,AVI:ServiceJourney:DY747-01-416742281,True,expected,False,,,,,2026-09-07T08:42:24.659182+02:00
NSR:StopPlace:59261,Trondheim lufthavn,2026-09-07T08:00:00+02:00,2026-09-07T07:57:00+02:00,,0.0,0,Bodø,AVI:Line:WF_BOO-TRD,Bodø-Trondheim,,air,AVI:ServiceJourney:WF702-01-1052191712,True,expected,False,,,,,2026-09-07T08:42:24.659182+02:00
NSR:StopPlace:59261,Trondheim lufthavn,2026-09-07T08:05:00+02:00,2026-09-07T08:02:00+02:00,,0.0,0,Tromsø,AVI:Line:WF_TRF-TOS,Sandefjord-Tromsø,,air,AVI:ServiceJourney:WF1343-02-1471637572,True,expected,False,,,,,2026-09-07T08:42:24.659182+02:00
NSR:StopPlace:59261,Trondheim lufthavn,2026-09-07T08:05:00+02:00,2026-09-07T08:04:00+02:00,,0.0,0,Bodø,AVI:Line:WF_BOO-TRD,Bodø-Trondheim,,air,AVI:ServiceJourney:WF762-01-206301640,True,expected,False,,,,,2026-09-07T08:42:24.659182+02:00
NSR:StopPlace:59261,Trondheim lufthavn,2026-09-07T08:10:00+02:00,2026-09-07T08:08:00+02:00,,0.0,0,Bodø,AVI:Line:WF_BOO-TRD,Bodø-Trondheim,,air,AVI:ServiceJourney:WF722-01-1289920648,True,expected,False,,,,,2026-09-07T08:42:24.659182+02:00
NSR:StopPlace:59261,Trondheim lufthavn,2026-09-07T08:10:00+02:00,2026-09-07T08:10:00+02:00,,0.0,0,Sandefjord,AVI:Line:WF_TRD-TRF,Trondheim-Sandefjord,,air,AVI:ServiceJourney:WF481-01-126369617,True,planned,False,,,,,2026-09-07T08:42:24.659182+02:00
NSR:StopPlace:59261,Trondheim lufthavn,2026-09-07T08:25:00+02:00,2026-09-07T08:18:00+02:00,,0.0,0,Bergen,AVI:Line:DY_BGO-TRD,Bergen-Trondheim,,air,AVI:ServiceJourney:DY165-01-416755143,True,expected,False,,,,,2026-09-07T08:42:24.659182+02:00
NSR:StopPlace:59261,Trondheim lufthavn,2026-09-07T08:30:00+02:00,2026-09-07T08:19:00+02:00,,0.0,0,Oslo,AVI:Line:DY_OSL-TRD,Oslo-Trondheim,,air,AVI:ServiceJourney:DY749-02-416742281,True,expected,False,,,,,2026-09-07T08:42:24.659182+02:00
NSR:StopPlace:59261,Trondheim lufthavn,2026-09-07T08:30:00+02:00,2026-09-07T08:27:00+02:00,,0.0,0,Rørvik,AVI:Line:WF_TRD-RVK,Trondheim-Rørvik,,air,AVI:ServiceJourney:WF782-01-126367824,True,expected,False,,,,,2026-09-07T08:42:24.659182+02:00
NSR:StopPlace:60603,Kongsberg stasjon,2026-09-07T09:34:00+02:00,2026-09-07T09:34:00+02:00,,0.0,0,Eidsvoll,VYG:Line:R12,Kongsberg-Oslo S-Eidsvoll,R12,rail,VYG:ServiceJourney:512_541887-R,True,planned,False,,,,,2026-09-07T08:42:24.659182+02:00
NSR:StopPlace:59637,Rosenholm stasjon,2026-09-07T07:16:00+02:00,2026-09-07T07:16:00+02:00,,0.0,0,Ski,VYG:Line:L2,Stabekk-Oslo S-Ski,L2,rail,VYG:ServiceJourney:2807-BES_488363-R,True,planned,False,Færre vogner,Denne avgangen kjører dessverre med 3 vogner i stedet for 6 vogner. Dette skyldes at vi mangler et togsett.,general,normal,2026-09-07T08:42:24.659182+02:00
NSR:StopPlace:59637,Rosenholm stasjon,2026-09-07T08:43:00+02:00,2026-09-07T08:43:00+02:00,,0.0,0,Lysaker,VYG:Line:L2,Stabekk-Oslo S-Ski,L2,rail,VYG:ServiceJourney:2818-SKI_444030-R,True,planned,False,Færre vogner,Denne avgangen kjører dessverre med 3 vogner i stedet for 6 vogner. Dette skyldes at vi mangler et togsett.,general,normal,2026-09-07T08:42:24.659182+02:00
NSR:StopPlace:59637,Rosenholm stasjon,2026-09-07T08:58:00+02:00,2026-09-07T08:58:00+02:00,,0.0,0,Stabekk,VYG:Line:L2,Stabekk-Oslo S-Ski,L2,rail,VYG:ServiceJourney:2720-SKI_443927-R,True,planned,False,Færre vogner,Denne avgangen kjører dessverre med 3 vogner i stedet for 6 vogner. Dette skyldes at vi mangler et togsett.,general,normal,2026-09-07T08:42:24.659182+02:00
NSR:StopPlace:59637,Rosenholm stasjon,2026-09-07T09:13:00+02:00,2026-09-07T09:13:00+02:00,,0.0,0,Skøyen,VYG:Line:L2,Stabekk-Oslo S-Ski,L2,rail,VYG:ServiceJourney:2820-SKI_488365-R,True,planned,False,,,,,2026-09-07T08:42:24.659182+02:00
NSR:StopPlace:59637,Rosenholm stasjon,2026-09-07T09:16:00+02:00,2026-09-07T09:16:00+02:00,,0.0,0,Ski,VYG:Line:L2,Stabekk-Oslo S-Ski,L2,rail,VYG:ServiceJourney:2815-HVK_444027-R,True,planned,False,,,,,2026-09-07T08:42:24.659182+02:00
NSR:StopPlace:59637,Rosenholm stasjon,2026-09-07T09:28:00+02:00,2026-09-07T09:28:00+02:00,,0.0,0,Stabekk,VYG:Line:L2,Stabekk-Oslo S-Ski,L2,rail,VYG:ServiceJourney:2722-SKI_443929-R,True,planned,False,,,,,2026-09-07T08:42:24.659182+02:00
NSR:StopPlace:59637,Rosenholm stasjon,2026-09-07T09:31:00+02:00,2026-09-07T09:31:00+02:00,,0.0,0,Ski,VYG:Line:L2,Stabekk-Oslo S-Ski,L2,rail,VYG:ServiceJourney:2717-HVK_443923-R,True,planned,False,Færre vogner,Denne avgangen kjører dessverre med 3 vogner i stedet for 6 vogner. Dette skyldes at vi mangler et togsett.,general,normal,2026-09-07T08:42:24.659182+02:00
NSR:StopPlace:59638,Myrvoll stasjon,2026-09-07T07:23:00+02:00,2026-09-07T07:23:00+02:00,,0.0,0,Ski,VYG:Line:L2,Stabekk-Oslo S-Ski,L2,rail,VYG:ServiceJourney:2807-BES_488363-R,True,planned,False,Færre vogner,Denne avgangen kjører dessverre med 3 vogner i stedet for 6 vogner. Dette skyldes at vi mangler et togsett.,general,normal,2026-09-07T08:42:24.659182+02:00
NSR:StopPlace:59638,Myrvoll stasjon,2026-09-07T07:53:00+02:00,2026-09-07T07:53:00+02:00,,0.0,0,Ski,VYG:Line:L2,Stabekk-Oslo S-Ski,L2,rail,VYG:ServiceJourney:2809-HVK_444020-R,True,planned,False,Færre vogner,Denne avgangen kjører dessverre med 3 vogner i stedet for 6 vogner. Dette skyldes at vi mangler et togsett.,general,normal,2026-09-07T08:42:24.659182+02:00
NSR:StopPlace:59639,Sonsveien stasjon,2026-09-07T08:55:00+02:00,2026-09-07T08:55:00+02:00,,0.0,0,Deør - Son - Store Brevik,RUT:Line:3545,Son mot klokka,545B,bus,RUT:ServiceJourney:6c5630c297c49f06ee675650eaf81673,True,planned,False,,,,,2026-09-07T08:42:24.659182+02:00
NSR:StopPlace:59639,Sonsveien stasjon,2026-09-07T09:04:00+02:00,2026-09-07T09:04:00+02:00,,0.0,0,Stabekk,VYG:Line:R21,Stabekk-Oslo S-Moss,R21,rail,VYG:ServiceJourney:1120-MOS_442996-R,True,planned,False,,,,,2026-09-07T08:42:24.659182+02:00
NSR:StopPlace:59639,Sonsveien stasjon,2026-09-07T09:09:00+02:00,2026-09-07T09:09:00+02:00,,0.0,0,Moss,RUT:Line:540,Moss - Son - Vestby stasjon,540,bus,RUT:ServiceJourney:99523ca9e318f1242675683fa2261e8d,True,planned,False,,,,,2026-09-07T08:42:24.659182+02:00
NSR:StopPlace:59639,Sonsveien stasjon,2026-09-07T09:12:00+02:00,2026-09-07T09:12:00+02:00,,0.0,0,Vestby stasjon,RUT:Line:540,Moss - Son - Vestby stasjon,540,bus,RUT:ServiceJourney:0dac9382686288c13c25bdcb56a69637,True,planned,False,,,,,2026-09-07T08:42:24.659182+02:00
NSR:StopPlace:59639,Sonsveien stasjon,2026-09-07T09:21:00+02:00,2026-09-07T09:21:00+02:00,,0.0,0,Moss,VYG:Line:R21,Stabekk-Oslo S-Moss,R21,rail,VYG:ServiceJourney:1115-HVK_442990-R,True,planned,False,,,,,2026-09-07T08:42:24.659182+02:00
NSR:StopPlace:59639,Sonsveien stasjon,2026-09-07T09:34:00+02:00,2026-09-07T09:34:00+02:00,,0.0,0,Stabekk,VYG:Line:R21,Stabekk-Oslo S-Moss,R21,rail,VYG:ServiceJourney:1122-MOS_442998-R,True,planned,False,,,,,2026-09-07T08:42:24.659182+02:00
NSR:StopPlace:58415,Oteråga stasjon,2026-09-07T07:14:00+02:00,2026-09-07T07:14:00+02:00,,0.0,0,Bodø,SJN:Line:79,Saltenpendelen,R75,rail,SJN:ServiceJourney:1783_48208-R,True,planned,False,,,,,2026-09-07T08:42:24.659182+02:00
NSR:StopPlace:58415,Oteråga stasjon,2026-09-07T07:55:00+02:00,2026-09-07T07:55:00+02:00,,0.0,0,Mosjøen,SJN:Line:71,Nordlandsbanen,F7,rail,SJN:ServiceJourney:470_48259-R,True,planned,False,,,,,2026-09-07T08:42:24.659182+02:00
NSR:StopPlace:58951,Bjerka stasjon,2026-09-07T07:25:00+02:00,2026-09-07T07:25:00+02:00,,0.0,0,Mo i Rana,SJN:Line:71,Nordlandsbanen,F7,rail,SJN:ServiceJourney:483_48266-R,True,planned,False,,,,,2026-09-07T08:42:24.659182+02:00
NSR:StopPlace:58951,Bjerka stasjon,2026-09-07T08:31:00+02:00,2026-09-07T08:31:00+02:00,,0.0,0,Trondheim S,SJN:Line:71,Nordlandsbanen,F7,rail,SJN:ServiceJourney:478_42792-R,True,planned,False,,,,,2026-09-07T08:42:24.659182+02:00
NSR:StopPlace:58952,Bodø stasjon,2026-09-07T09:02:00+02:00,2026-09-07T09:01:45+02:00,,0.0,0,Tverlandet,NOR:Line:12_8004,Tverlandet - Bodø sentrum - Løpsmarka,4,bus,NOR:ServiceJourney:8004_251012124900558_1011,True,expected,False,,,,,2026-09-07T08:42:24.659182+02:00
NSR:StopPlace:58952,Bodø stasjon,2026-09-07T09:32:00+02:00,2026-09-07T09:31:45+02:00,,0.0,0,Tverlandet,NOR:Line:12_8004,Tverlandet - Bodø sentrum - Løpsmarka,4,bus,NOR:ServiceJourney:8004_251012124900559_1012,True,expected,False,,,,,2026-09-07T08:42:24.659182+02:00
NSR:StopPlace:58953,Dunderland stasjon,2026-09-07T08:29:00+02:00,2026-09-07T08:29:00+02:00,,0.0,0,Bodø,SJN:Line:71,Nordlandsbanen,F7,rail,SJN:ServiceJourney:473_48262-R,True,planned,False,,,,,2026-09-07T08:42:24.659182+02:00
NSR:StopPlace:58954,Fauske stasjon,2026-09-07T06:53:00+02:00,2026-09-07T06:53:00+02:00,,0.0,0,Bodø,SJN:Line:79,Saltenpendelen,R75,rail,SJN:ServiceJourney:1783_48208-R,True,planned,False,,,,,2026-09-07T08:42:24.659182+02:00
NSR:StopPlace:58950,Åsen stasjon,2026-09-07T09:21:00+02:00,2026-09-07T09:21:00+02:00,,0.0,0,Steinkjer,SJN:Line:26,Trønderbanen,R70,rail,SJN:ServiceJourney:427_56056-R,True,planned,False,,,,,2026-09-07T08:42:24.659182+02:00
NSR:StopPlace:58950,Åsen stasjon,2026-09-07T09:38:00+02:00,2026-09-07T09:38:00+02:00,,0.0,0,Melhus skysstasjon,SJN:Line:26,Trønderbanen,R70,rail,SJN:ServiceJourney:428-STK_56057-R,True,planned,False,,,,,2026-09-07T08:42:24.659182+02:00
NSR:StopPlace:58964,Kløfta stasjon,2026-09-07T08:44:00+02:00,2026-09-07T08:44:00+02:00,,0.0,0,Drammen,VYG:Line:R13,Drammen-Oslo S-Dal,R13,rail,VYG:ServiceJourney:1616_443247-R,True,planned,False,,,,,2026-09-07T08:42:24.659182+02:00
NSR:StopPlace:58964,Kløfta stasjon,2026-09-07T08:49:00+02:00,2026-09-07T08:49:00+02:00,,0.0,0,Herbergåsen,RUT:Line:460,Herbergåsen - Kløfta,460,bus,RUT:ServiceJourney:10431fe2829f7cd3cb3fe30112bd7860,True,planned,False,,,,,2026-09-07T08:42:24.659182+02:00
NSR:StopPlace:58964,Kløfta stasjon,2026-09-07T08:51:00+02:00,2026-09-07T08:51:00+02:00,,0.0,0,Kløfta,RUT:Line:425,Kløfta – Oslo lufthavn,425,bus,RUT:ServiceJourney:022147388a2516d45c79a1790f6a002d,True,planned,False,,,,,2026-09-07T08:42:24.659182+02:00
NSR:StopPlace:58964,Kløfta stasjon,2026-09-07T09:03:00+02:00,2026-09-07T09:03:00+02:00,,0.0,0,Oslo lufthavn,RUT:Line:425,Kløfta – Oslo lufthavn,425,bus,RUT:ServiceJourney:6fa00308821345a78d4f66a104f850d1,True,planned,False,,,,,2026-09-07T08:42:24.659182+02:00
NSR:StopPlace:58964,Kløfta stasjon,2026-09-07T09:14:00+02:00,2026-09-07T09:14:00+02:00,,0.0,0,Drammen,VYG:Line:R13,Drammen-Oslo S-Dal,R13,rail,VYG:ServiceJourney:1618_443252-R,True,planned,False,,,,,2026-09-07T08:42:24.659182+02:00
NSR:StopPlace:58964,Kløfta stasjon,2026-09-07T09:14:00+02:00,2026-09-07T09:14:00+02:00,,0.0,0,Dal,VYG:Line:R13,Drammen-Oslo S-Dal,R13,rail,VYG:ServiceJourney:1615_443244-R,True,planned,False,,,,,2026-09-07T08:42:24.659182+02:00
NSR:StopPlace:58966,Porsgrunn stasjon,2026-09-07T09:17:00+02:00,2026-09-07T09:17:00+02:00,,0.0,0,Eidsvoll,VYG:Line:RE11,Eidsvoll-Oslo S-Skien,RE11,rail,VYG:ServiceJourney:812_444392-R,True,planned,False,Heis på Porsgrunn ute av drift,Heisen på Porsgrunn til spor 2 er ute av drift.,general,normal,2026-09-07T08:42:24.659182+02:00
NSR:StopPlace:58960,Trofors stasjon,2026-09-07T08:12:00+02:00,2026-09-07T07:54:03+02:00,,0.0,0,Grane skole snuplass,NOR:Line:12_8231,Susendal-Hattfjelldal-Trofors-,231,bus,NOR:ServiceJourney:8231_251111096203137_1015,True,expected,False,,,,,2026-09-07T08:42:24.659182+02:00
NSR:StopPlace:58960,Trofors stasjon,2026-09-07T09:12:00+02:00,2026-09-07T09:11:52+02:00,,0.0,0,Mosjøen stasjon,NOR:Line:12_8231,Susendal-Hattfjelldal-Trofors-,231,bus,NOR:ServiceJourney:8231_251111096187256_1011,True,expected,False,,,,,2026-09-07T08:42:24.659182+02:00
NSR:StopPlace:58961,Skonseng stasjon,2026-09-07T08:07:00+02:00,2026-09-07T08:07:00+02:00,,0.0,0,Bodø,SJN:Line:71,Nordlandsbanen,F7,rail,SJN:ServiceJourney:473_48262-R,True,planned,False,,,,,2026-09-07T08:42:24.659182+02:00
NSR:StopPlace:58971,Mosjøen stasjon,2026-09-07T09:16:00+02:00,2026-09-07T09:16:00+02:00,,0.0,0,Trondheim S,SJN:Line:71,Nordlandsbanen,F7,rail,SJN:ServiceJourney:478_42792-R,True,planned,False,,,,,2026-09-07T08:42:24.659182+02:00
NSR:StopPlace:58971,Mosjøen stasjon,2026-09-07T09:30:00+02:00,2026-09-07T09:30:00+02:00,,0.0,0,Sandnessjøen bussterminal,NOR:Line:12_3705,Mosjøen-Sandnessjøen,705,bus,NOR:ServiceJourney:3705_260505082630404_2002,True,planned,False,,,,,2026-09-07T08:42:24.659182+02:00
NSR:StopPlace:58972,Lønsdal stasjon,2026-09-07T09:15:00+02:00,2026-09-07T09:15:00+02:00,,0.0,0,Mosjøen,SJN:Line:71,Nordlandsbanen,F7,rail,SJN:ServiceJourney:470_48259-R,True,planned,False,,,,,2026-09-07T08:42:24.659182+02:00
NSR:StopPlace:58917,Marnardal stasjon,2026-09-07T09:13:00+02:00,2026-09-07T09:13:00+02:00,,0.0,0,Oslo S,GOA:Line:50,Sørtoget region,F5,rail,GOA:ServiceJourney:706-KVB_63227-R,True,planned,False,,,,,2026-09-07T08:42:24.659182+02:00
NSR:StopPlace:58918,Nodeland stasjon,2026-09-07T09:32:00+02:00,2026-09-07T09:32:00+02:00,,0.0,0,Oslo S,GOA:Line:50,Sørtoget region,F5,rail,GOA:ServiceJourney:706-KVB_63227-R,True,planned,False,,,,,2026-09-07T08:42:24.659182+02:00
NSR:StopPlace:58924,Bryne stasjon,2026-09-07T08:58:00+02:00,2026-09-07T08:58:00+02:00,,0.0,0,Nærbø,GOA:Line:59,Jærbanen,L5,rail,GOA:ServiceJourney:3018_63050-R,True,planned,False,,,,,2026-09-07T08:42:24.659182+02:00
NSR:StopPlace:58926,Dale stasjon,2026-09-07T09:09:00+02:00,2026-09-07T09:09:00+02:00,,0.0,0,Bergen,VYG:Line:R40,Bergen-Voss-Myrdal-Ål,R40,rail,VYG:ServiceJourney:1813_443399-R,True,planned,False,Forsinket,Toget kjørte 24 minutter forsinket fra Mjølfjell. Dette skyldes at togsettet vi trenger er forsinket.,incident,normal,2026-09-07T08:42:24.659182+02:00
NSR:StopPlace:58926,Dale stasjon,2026-09-07T09:15:00+02:00,2026-09-07T09:15:00+02:00,,0.0,0,Eidslandet,SKY:Line:922,Eksingedalen - Dale,922,bus,SKY:ServiceJourney:922-208760-21965668,True,planned,False,,,,,2026-09-07T08:42:24.659182+02:00
NSR:StopPlace:58926,Dale stasjon,2026-09-07T09:15:00+02:00,2026-09-07T09:15:00+02:00,,0.0,0,Rødland,SKY:Line:921,Dale - Rødland,921,bus,SKY:ServiceJourney:921-208760-18016419,True,planned,False,,,,,2026-09-07T08:42:24.659182+02:00
NSR:StopPlace:58927,Flåm stasjon,2026-09-07T09:35:00+02:00,2026-09-07T09:35:00+02:00,,0.0,0,Myrdal,VYG:Line:R45,Myrdal-Flåm,R45,rail,VYG:ServiceJourney:1854_465773-R,True,planned,False,,,,,2026-09-07T08:42:24.659182+02:00
NSR:StopPlace:58930,Larvik stasjon,2026-09-07T06:39:00+02:00,2026-09-07T06:39:00+02:00,,0.0,0,Veldre,VKT:Line:3,Busk-Sandefjord-Larvik-Veldre,3,bus,VKT:ServiceJourney:17466,True,planned,False,,,,,2026-09-07T08:42:24.659182+02:00
NSR:StopPlace:58930,Larvik stasjon,2026-09-07T08:07:00+02:00,2026-09-07T08:07:00+02:00,,0.0,0,Larvik-Sandefjord,VKT:Line:3,Busk-Sandefjord-Larvik-Veldre,3,bus,VKT:ServiceJourney:17542,True,planned,False,,,,,2026-09-07T08:42:24.659182+02:00
NSR:StopPlace:58931,Fannrem stasjon,2026-09-07T09:20:00+02:00,2026-09-07T09:20:00+02:00,,0.0,0,Trondheim S via Orkanger skysst.,ATB:Line:2_310,Trondheim - Orkanger - Fannrem,310,bus,ATB:ServiceJourney:310_260106098641877_35,True,planned,False,,,,,2026-09-07T08:42:24.659182+02:00
NSR:StopPlace:58932,Hommelvik stasjon,2026-09-07T08:44:00+02:00,2026-09-07T08:44:00+02:00,,0.0,0,Steinkjer,SJN:Line:26,Trønderbanen,R70,rail,SJN:ServiceJourney:427_56056-R,True,planned,False,,,,,2026-09-07T08:42:24.659182+02:00
NSR:StopPlace:58932,Hommelvik stasjon,2026-09-07T09:11:00+02:00,2026-09-07T09:11:00+02:00,,0.0,0,Vikhammer via Sveberg,ATB:Line:2_86,Hommelvik-Sveberg-Vikhammer,86,bus,ATB:ServiceJourney:86_251215112548551_4,True,planned,False,,,,,2026-09-07T08:42:24.659182+02:00
NSR:StopPlace:58932,Hommelvik stasjon,2026-09-07T09:12:00+02:00,2026-09-07T09:12:00+02:00,,0.0,0,Lundamo,SJN:Line:26,Trønderbanen,R70,rail,SJN:ServiceJourney:426_56055-R,True,planned,False,,,,,2026-09-07T08:42:24.659182+02:00
NSR:StopPlace:58933,Hegra stasjon,2026-09-07T07:51:00+02:00,2026-09-07T07:51:00+02:00,,0.0,0,Storlien,SJN:Line:72,Meråkerbanen,R71,rail,SJN:ServiceJourney:1303_53533-R,True,planned,False,,,,,2026-09-07T08:42:24.659182+02:00
NSR:StopPlace:58935,Levanger stasjon,2026-09-07T08:07:00+02:00,2026-09-07T08:07:00+02:00,,0.0,0,Levanger stasjon,ATB:Line:2_7401,Levanger - Nesset - Gjemble,7401,bus,ATB:ServiceJourney:7401_260106098643078_8,True,planned,False,,,,,2026-09-07T08:42:24.659182+02:00
NSR:StopPlace:58935,Levanger stasjon,2026-09-07T08:44:00+02:00,2026-09-07T08:44:00+02:00,,0.0,0,Steinkjer,SJN:Line:26,Trønderbanen,R70,rail,SJN:ServiceJourney:425_56054-R,True,planned,False,,,,,2026-09-07T08:42:24.659182+02:00
NSR:StopPlace:58935,Levanger stasjon,2026-09-07T09:15:00+02:00,2026-09-07T09:15:00+02:00,,0.0,0,Bodø,SJN:Line:71,Nordlandsbanen,F7,rail,SJN:ServiceJourney:471_46158-R,True,planned,False,,,,,2026-09-07T08:42:24.659182+02:00
NSR:StopPlace:58935,Levanger stasjon,2026-09-07T09:15:00+02:00,2026-09-07T09:15:00+02:00,,0.0,0,Melhus skysstasjon,SJN:Line:26,Trønderbanen,R70,rail,SJN:ServiceJourney:428-STK_56057-R,True,planned,False,,,,,2026-09-07T08:42:24.659182+02:00
NSR:StopPlace:58936,Skatval stasjon,2026-09-07T09:06:00+02:00,2026-09-07T09:06:00+02:00,,0.0,0,Steinkjer,SJN:Line:26,Trønderbanen,R70,rail,SJN:ServiceJourney:427_56056-R,True,planned,False,,,,,2026-09-07T08:42:24.659182+02:00
NSR:StopPlace:58946,Snåsa stasjon,2026-09-07T08:30:00+02:00,2026-09-07T08:30:00+02:00,,0.0,0,Snåsa skole,ATB:Line:2_7906,Snåsa - Hammer,7906,bus,ATB:ServiceJourney:7906_260106098642390_3,True,planned,False,,,,,2026-09-07T08:42:24.659182+02:00
NSR:StopPlace:58797,Mysen stasjon,2026-09-07T08:59:00+02:00,2026-09-07T08:59:00+02:00,,0.0,0,Rakkestad,VYG:Line:R22,Skøyen-Oslo S-Mysen-Rakkestad,R22,rail,VYG:ServiceJourney:1907_443443-R,True,planned,False,,,,,2026-09-07T08:42:24.659182+02:00
NSR:StopPlace:58797,Mysen stasjon,2026-09-07T09:00:00+02:00,2026-09-07T09:00:00+02:00,,0.0,0,Oslo S,VYG:Line:R22,Skøyen-Oslo S-Mysen-Rakkestad,R22,rail,VYG:ServiceJourney:1912_443451-R,True,planned,False,,,,,2026-09-07T08:42:24.659182+02:00
NSR:StopPlace:58797,Mysen stasjon,2026-09-07T09:00:00+02:00,2026-09-07T09:00:00+02:00,,0.0,0,Rakkestad-Sarpsborg,OST:Line:1_640,Sarpsborg-Askim-Mysen,640,bus,OST:ServiceJourney:640_260325121473116_11,True,planned,False,,,,,2026-09-07T08:42:24.659182+02:00
NSR:StopPlace:58797,Mysen stasjon,2026-09-07T09:05:00+02:00,2026-09-07T09:05:00+02:00,,0.0,0,Askim-Sarpsborg,OST:Line:1_640,Sarpsborg-Askim-Mysen,640,bus,OST:ServiceJourney:640_260325121473125_12,True,planned,False,,,,,2026-09-07T08:42:24.659182+02:00
NSR:StopPlace:58797,Mysen stasjon,2026-09-07T09:25:00+02:00,2026-09-07T09:25:00+02:00,,0.0,0,Rakkestad stasjon,OST:Line:1_414,Rakkestad-Mysen,414,bus,OST:ServiceJourney:414_260325121473098_2,True,planned,False,,,,,2026-09-07T08:42:24.659182+02:00
NSR:StopPlace:58798,Rakkestad stasjon,2026-09-07T08:45:00+02:00,2026-09-07T08:45:00+02:00,,0.0,0,Oslo S,VYG:Line:R22,Skøyen-Oslo S-Mysen-Rakkestad,R22,rail,VYG:ServiceJourney:1912_443451-R,True,planned,False,,,,,2026-09-07T08:42:24.659182+02:00
NSR:StopPlace:58799,Rygge stasjon,2026-09-07T08:54:00+02:00,2026-09-07T08:54:00+02:00,,0.0,0,Göteborg C,VYG:Line:RE20,Oslo S-Halden-Göteborg (X-Border),RE20,rail,VYG:ServiceJourney:107-385_465652-R,True,planned,False,,,,,2026-09-07T08:42:24.659182+02:00
NSR:StopPlace:58799,Rygge stasjon,2026-09-07T09:05:00+02:00,2026-09-07T09:05:00+02:00,,0.0,0,Oslo S,VYG:Line:RE20,Oslo S-Halden-Göteborg (X-Border),RE20,rail,VYG:ServiceJourney:382-110_482787-R,True,planned,False,,,,,2026-09-07T08:42:24.659182+02:00
NSR:StopPlace:58790,Verdal stasjon,2026-09-07T08:58:00+02:00,2026-09-07T08:58:00+02:00,,0.0,0,Steinkjer,SJN:Line:26,Trønderbanen,R70,rail,SJN:ServiceJourney:425_56054-R,True,planned,False,,,,,2026-09-07T08:42:24.659182+02:00
NSR:StopPlace:58790,Verdal stasjon,2026-09-07T08:58:00+02:00,2026-09-07T08:58:00+02:00,,0.0,0,Melhus skysstasjon,SJN:Line:26,Trønderbanen,R70,rail,SJN:ServiceJourney:428-STK_56057-R,True,planned,False,,,,,2026-09-07T08:42:24.659182+02:00
NSR:StopPlace:58790,Verdal stasjon,2026-09-07T09:27:00+02:00,2026-09-07T09:27:00+02:00,,0.0,0,Bodø,SJN:Line:71,Nordlandsbanen,F7,rail,SJN:ServiceJourney:471_46158-R,True,planned,False,,,,,2026-09-07T08:42:24.659182+02:00
NSR:StopPlace:58793,Askim stasjon,2026-09-07T08:45:00+02:00,2026-09-07T08:45:00+02:00,,0.0,0,Rakkestad,VYG:Line:R22,Skøyen-Oslo S-Mysen-Rakkestad,R22,rail,VYG:ServiceJourney:1907_443443-R,True,planned,False,,,,,2026-09-07T08:42:24.659182+02:00
NSR:StopPlace:58793,Askim stasjon,2026-09-07T08:55:00+02:00,2026-09-07T08:55:00+02:00,,0.0,0,Skoglia-Sørlia-Askim stasjon,OST:Line:1_41,Bybuss Askim sentrum nord,41,bus,OST:ServiceJourney:41_260430063899870_4,True,planned,False,,,,,2026-09-07T08:42:24.659182+02:00
NSR:StopPlace:58793,Askim stasjon,2026-09-07T09:10:00+02:00,2026-09-07T09:10:00+02:00,,0.0,0,Oslo S,VYG:Line:R22,Skøyen-Oslo S-Mysen-Rakkestad,R22,rail,VYG:ServiceJourney:1912_443451-R,True,planned,False,,,,,2026-09-07T08:42:24.659182+02:00
NSR:StopPlace:58793,Askim stasjon,2026-09-07T09:25:00+02:00,2026-09-07T09:25:00+02:00,,0.0,0,Sørlia-Skoglia-Askim stasjon,OST:Line:1_40,Askim sentrum nord,40,bus,OST:ServiceJourney:40_260430062289898_2,True,planned,False,,,,,2026-09-07T08:42:24.659182+02:00
NSR:StopPlace:58794,Fredrikstad stasjon,2026-09-07T09:14:00+02:00,2026-09-07T09:14:00+02:00,,0.0,0,Göteborg C,VYG:Line:RE20,Oslo S-Halden-Göteborg (X-Border),RE20,rail,VYG:ServiceJourney:107-385_465652-R,True,planned,False,,,,,2026-09-07T08:42:24.659182+02:00
NSR:StopPlace:58794,Fredrikstad stasjon,2026-09-07T09:39:00+02:00,2026-09-07T09:39:00+02:00,,0.0,0,Oslo S,VYG:Line:RE20,Oslo S-Halden-Göteborg (X-Border),RE20,rail,VYG:ServiceJourney:112_442995-R,True,planned,False,,,,,2026-09-07T08:42:24.659182+02:00
NSR:StopPlace:58795,Kambo stasjon,2026-09-07T08:54:00+02:00,2026-09-07T08:54:00+02:00,,0.0,0,Vestby stasjon,RUT:Line:540,Moss - Son - Vestby stasjon,540,bus,RUT:ServiceJourney:0dac9382686288c13c25bdcb56a69637,True,planned,False,,,,,2026-09-07T08:42:24.659182+02:00
NSR:StopPlace:58830,Brakerøya stasjon,2026-09-07T08:51:00+02:00,2026-09-07T08:51:00+02:00,,0.0,0,Drammen,VYG:Line:R13,Drammen-Oslo S-Dal,R13,rail,VYG:ServiceJourney:1612_443236-R,True,planned,False,,,,,2026-09-07T08:42:24.659182+02:00
NSR:StopPlace:58830,Brakerøya stasjon,2026-09-07T09:08:00+02:00,2026-09-07T09:08:00+02:00,,0.0,0,Dal,VYG:Line:R13,Drammen-Oslo S-Dal,R13,rail,VYG:ServiceJourney:1619_443253-R,True,planned,False,,,,,2026-09-07T08:42:24.659182+02:00
NSR:StopPlace:58830,Brakerøya stasjon,2026-09-07T09:21:00+02:00,2026-09-07T09:21:00+02:00,,0.0,0,Drammen,VYG:Line:R13,Drammen-Oslo S-Dal,R13,rail,VYG:ServiceJourney:1614_481141-R,True,planned,False,,,,,2026-09-07T08:42:24.659182+02:00
NSR:StopPlace:58830,Brakerøya stasjon,2026-09-07T09:38:00+02:00,2026-09-07T09:38:00+02:00,,0.0,0,Dal,VYG:Line:R13,Drammen-Oslo S-Dal,R13,rail,VYG:ServiceJourney:1621_443257-R,True,planned,False,,,,,2026-09-07T08:42:24.659182+02:00
NSR:StopPlace:58832,Geilo stasjon,2026-09-07T09:10:00+02:00,2026-09-07T09:10:00+02:00,,0.0,0,Gol skysstasjon,BRA:Line:4_6330,Gol-Geilo,330,bus,BRA:ServiceJourney:6330_260415100163955_1042,True,planned,False,,,,,2026-09-07T08:42:24.659182+02:00
NSR:StopPlace:58832,Geilo stasjon,2026-09-07T09:16:00+02:00,2026-09-07T09:16:00+02:00,,0.0,0,Oslo S,VYG:Line:F4,Oslo S-Bergen,F4,rail,VYG:ServiceJourney:60-BRG_444351-R,True,planned,False,,,,,2026-09-07T08:42:24.659182+02:00
NSR:StopPlace:58832,Geilo stasjon,2026-09-07T09:30:00+02:00,2026-09-07T09:30:00+02:00,,0.0,0,Haugastøl,BRA:Line:4_6334,Geilo - Ustaoset - Haugastøl,334,bus,BRA:ServiceJourney:6334_260804087389436_1009,True,planned,False,,,,,2026-09-07T08:42:24.659182+02:00
NSR:StopPlace:58833,Gol stasjon,2026-09-07T09:20:00+02:00,2026-09-07T09:20:00+02:00,,0.0,0,Bergen,VYG:Line:F4,Oslo S-Bergen,F4,rail,VYG:ServiceJourney:61-LOD_504304-R,True,planned,False,,,,,2026-09-07T08:42:24.659182+02:00
NSR:StopPlace:58834,Hokksund stasjon,2026-09-07T07:27:00+02:00,2026-09-07T07:24:56+02:00,,0.0,0,Drammen via Mjøndalen,BRA:Line:4_6101,Drammen-Vikersund/Hønefoss,101,bus,BRA:ServiceJourney:6101_260415100161302_1072,True,expected,False,,,,,2026-09-07T08:42:24.659182+02:00
NSR:StopPlace:58834,Hokksund stasjon,2026-09-07T08:50:00+02:00,2026-09-07T08:50:00+02:00,,0.0,0,Røren - Vestfossen - Darbu,BRA:Line:4_6118,Hokksund - Røren - Darbu,118,bus,BRA:ServiceJourney:6118_260415100159030_1003,True,planned,False,,,,,2026-09-07T08:42:24.659182+02:00
NSR:StopPlace:58834,Hokksund stasjon,2026-09-07T08:55:00+02:00,2026-09-07T08:55:00+02:00,,0.0,0,Harakollen,BRA:Line:4_6125,Hokksund - Harakollen,125,bus,BRA:ServiceJourney:6125_260415100159536_1006,True,planned,False,,,,,2026-09-07T08:42:24.659182+02:00
NSR:StopPlace:58834,Hokksund stasjon,2026-09-07T08:57:00+02:00,2026-09-07T08:57:00+02:00,,0.0,0,Drammen via Mjøndalen,BRA:Line:4_6101,Drammen-Vikersund/Hønefoss,101,bus,BRA:ServiceJourney:6101_260415100161331_1014,True,planned,False,,,,,2026-09-07T08:42:24.659182+02:00
NSR:StopPlace:58834,Hokksund stasjon,2026-09-07T08:59:00+02:00,2026-09-07T08:59:00+02:00,,0.0,0,Eidsvoll,VYG:Line:R12,Kongsberg-Oslo S-Eidsvoll,R12,rail,VYG:ServiceJourney:510_444304-R,True,planned,False,,,,,2026-09-07T08:42:24.659182+02:00
NSR:StopPlace:58834,Hokksund stasjon,2026-09-07T09:01:00+02:00,2026-09-07T09:01:00+02:00,,0.0,0,Kongsberg,VYG:Line:R12,Kongsberg-Oslo S-Eidsvoll,R12,rail,VYG:ServiceJourney:507_444300-R,True,planned,False,,,,,2026-09-07T08:42:24.659182+02:00
NSR:StopPlace:58834,Hokksund stasjon,2026-09-07T09:06:00+02:00,2026-09-07T09:06:00+02:00,,0.0,0,Vikersund,BRA:Line:4_6101,Drammen-Vikersund/Hønefoss,101,bus,BRA:ServiceJourney:6101_260415100161242_1007,True,planned,False,,,,,2026-09-07T08:42:24.659182+02:00
NSR:StopPlace:58834,Hokksund stasjon,2026-09-07T09:10:00+02:00,2026-09-07T09:10:00+02:00,,0.0,0,Skotselv kryss,BRA:Line:4_6116,Hokksund-Skotselv,116,bus,BRA:ServiceJourney:6116_260415100158983_1005,True,planned,False,,,,,2026-09-07T08:42:24.659182+02:00
NSR:StopPlace:58834,Hokksund stasjon,2026-09-07T09:17:00+02:00,2026-09-07T09:17:00+02:00,,0.0,0,Ormåsen,BRA:Line:4_6117,Hokksund - Ormåsen,117,bus,BRA:ServiceJourney:6117_260622052303828_1035,True,planned,False,,,,,2026-09-07T08:42:24.659182+02:00
NSR:StopPlace:58834,Hokksund stasjon,2026-09-07T09:27:00+02:00,2026-09-07T09:27:00+02:00,,0.0,0,Drammen via Mjøndalen,BRA:Line:4_6101,Drammen-Vikersund/Hønefoss,101,bus,BRA:ServiceJourney:6101_260415100161274_1020,True,planned,False,,,,,2026-09-07T08:42:24.659182+02:00
NSR:StopPlace:58835,Lier stasjon,2026-09-07T09:11:00+02:00,2026-09-07T09:11:00+02:00,,0.0,0,Dal,VYG:Line:R13,Drammen-Oslo S-Dal,R13,rail,VYG:ServiceJourney:1619_443253-R,True,planned,False,,,,,2026-09-07T08:42:24.659182+02:00
NSR:StopPlace:58835,Lier stasjon,2026-09-07T09:17:00+02:00,2026-09-07T09:17:00+02:00,,0.0,0,Drammen,VYG:Line:R13,Drammen-Oslo S-Dal,R13,rail,VYG:ServiceJourney:1614_481141-R,True,planned,False,,,,,2026-09-07T08:42:24.659182+02:00
NSR:StopPlace:58835,Lier stasjon,2026-09-07T09:36:00+02:00,2026-09-07T09:34:48+02:00,,0.0,0,Lierskogen,BRA:Line:4_6073,Drammen - Reistad - Lierskogen,73,bus,BRA:ServiceJourney:6073_260415100160807_1009,True,expected,False,Fra 17/8 går linje 61-63-71-73-251-261 og skolebusser fra holdeplass ved Skutebrygga ut av byen.Les mer på brakar.no/trafikkmeldinger.,,general,normal,2026-09-07T08:42:24.659182+02:00
NSR:StopPlace:58835,Lier stasjon,2026-09-07T09:41:00+02:00,2026-09-07T09:41:00+02:00,,0.0,0,Dal,VYG:Line:R13,Drammen-Oslo S-Dal,R13,rail,VYG:ServiceJourney:1621_443257-R,True,planned,False,,,,,2026-09-07T08:42:24.659182+02:00
NSR:StopPlace:58837,Nesbyen stasjon,2026-09-07T09:07:00+02:00,2026-09-07T09:07:00+02:00,,0.0,0,Bergen,VYG:Line:F4,Oslo S-Bergen,F4,rail,VYG:ServiceJourney:61-LOD_504304-R,True,planned,False,,,,,2026-09-07T08:42:24.659182+02:00
NSR:StopPlace:58838,Røyken stasjon,2026-09-07T07:19:00+02:00,2026-09-07T07:19:00+02:00,,0.0,0,Lillestrøm,VYG:Line:L1,Spikkestad-Oslo S-Lillestrøm,L1,rail,VYG:ServiceJourney:2214_443607-R,True,planned,False,Færre vogner,Denne avgangen kjører dessverre med 4 vogner i stedet for 8 vogner. Dette skyldes at vi mangler et togsett.,general,normal,2026-09-07T08:42:24.659182+02:00
NSR:StopPlace:58838,Røyken stasjon,2026-09-07T07:49:00+02:00,2026-09-07T07:49:00+02:00,,0.0,0,Lillestrøm,VYG:Line:L1,Spikkestad-Oslo S-Lillestrøm,L1,rail,VYG:ServiceJourney:2216_445310-R,True,planned,False,Færre vogner,Denne avgangen kjører dessverre med 4 vogner i stedet for 8 vogner. Dette skyldes at vi mangler et togsett.,general,normal,2026-09-07T08:42:24.659182+02:00
NSR:StopPlace:58838,Røyken stasjon,2026-09-07T08:49:00+02:00,2026-09-07T08:49:00+02:00,,0.0,0,Lillestrøm,VYG:Line:L1,Spikkestad-Oslo S-Lillestrøm,L1,rail,VYG:ServiceJourney:2220_445315-R,True,planned,False,,,,,2026-09-07T08:42:24.659182+02:00
NSR:StopPlace:58838,Røyken stasjon,2026-09-07T09:03:00+02:00,2026-09-07T09:03:00+02:00,,0.0,0,Bråset,RUT:Line:260,Hyggen - Bråset -Slemmestad (- Asker),260,bus,RUT:ServiceJourney:49d5062ee9d4b2aaebfd4a07aedbe6ed,True,planned,False,,,,,2026-09-07T08:42:24.659182+02:00
NSR:StopPlace:58838,Røyken stasjon,2026-09-07T09:19:00+02:00,2026-09-07T09:19:00+02:00,,0.0,0,Lillestrøm,VYG:Line:L1,Spikkestad-Oslo S-Lillestrøm,L1,rail,VYG:ServiceJourney:2222_443620-R,True,planned,False,,,,,2026-09-07T08:42:24.659182+02:00
NSR:StopPlace:58838,Røyken stasjon,2026-09-07T09:29:00+02:00,2026-09-07T09:29:00+02:00,,0.0,0,Spikkestad,VYG:Line:L1,Spikkestad-Oslo S-Lillestrøm,L1,rail,VYG:ServiceJourney:2215_443608-R,True,planned,False,,,,,2026-09-07T08:42:24.659182+02:00
NSR:StopPlace:58839,Steinberg stasjon,2026-09-07T08:54:00+02:00,2026-09-07T08:53:26+02:00,,0.0,0,Hokksund - Vikersund,BRA:Line:4_6101,Drammen-Vikersund/Hønefoss,101,bus,BRA:ServiceJourney:6101_260415100161242_1007,True,expected,False,,,,,2026-09-07T08:42:24.659182+02:00
NSR:StopPlace:58839,Steinberg stasjon,2026-09-07T09:02:00+02:00,2026-09-07T09:02:00+02:00,,0.0,0,Eidsvoll,VYG:Line:R12,Kongsberg-Oslo S-Eidsvoll,R12,rail,VYG:ServiceJourney:510_444304-R,True,planned,False,,,,,2026-09-07T08:42:24.659182+02:00
NSR:StopPlace:58841,Ål stasjon,2026-09-07T09:39:00+02:00,2026-09-07T09:39:00+02:00,,0.0,0,Oslo S,VYG:Line:F4,Oslo S-Bergen,F4,rail,VYG:ServiceJourney:60-BRG_444351-R,True,planned,False,,,,,2026-09-07T08:42:24.659182+02:00
NSR:StopPlace:58841,Ål stasjon,2026-09-07T09:39:00+02:00,2026-09-07T09:39:00+02:00,,0.0,0,Bergen,VYG:Line:F4,Oslo S-Bergen,F4,rail,VYG:ServiceJourney:61-LOD_504304-R,True,planned,False,,,,,2026-09-07T08:42:24.659182+02:00
NSR:StopPlace:58842,Blaker stasjon,2026-09-07T09:21:00+02:00,2026-09-07T09:21:00+02:00,,0.0,0,Asker,VYG:Line:R14,Asker-Oslo S-Kongsvinger,R14,rail,VYG:ServiceJourney:1010_442915-R,True,planned,False,,,,,2026-09-07T08:42:24.659182+02:00
NSR:StopPlace:58842,Blaker stasjon,2026-09-07T09:34:00+02:00,2026-09-07T09:34:00+02:00,,0.0,0,Kongsvinger,VYG:Line:R14,Asker-Oslo S-Kongsvinger,R14,rail,VYG:ServiceJourney:1009_442914-R,True,planned,False,,,,,2026-09-07T08:42:24.659182+02:00
NSR:StopPlace:58843,Blommenholm stasjon,2026-09-07T08:50:00+02:00,2026-09-07T08:50:00+02:00,,0.0,0,Lillestrøm,VYG:Line:L1,Spikkestad-Oslo S-Lillestrøm,L1,rail,VYG:ServiceJourney:2218_443613-R,True,planned,False,,,,,2026-09-07T08:42:24.659182+02:00
NSR:StopPlace:58843,Blommenholm stasjon,2026-09-07T08:58:00+02:00,2026-09-07T08:58:00+02:00,,0.0,0,Spikkestad,VYG:Line:L1,Spikkestad-Oslo S-Lillestrøm,L1,rail,VYG:ServiceJourney:2215_443608-R,True,planned,False,,,,,2026-09-07T08:42:24.659182+02:00
NSR:StopPlace:58843,Blommenholm stasjon,2026-09-07T09:04:00+02:00,2026-09-07T09:04:00+02:00,,0.0,0,Lillestrøm,VYG:Line:L1,Spikkestad-Oslo S-Lillestrøm,L1,rail,VYG:ServiceJourney:2118_728240-R,True,planned,False,Færre vogner,Denne avgangen kjører dessverre med 4 vogner i stedet for 8 vogner. Dette skyldes at vi mangler et togsett.,general,normal,2026-09-07T08:42:24.659182+02:00
NSR:StopPlace:58843,Blommenholm stasjon,2026-09-07T09:14:00+02:00,2026-09-07T09:14:00+02:00,,0.0,0,Asker,VYG:Line:L1,Spikkestad-Oslo S-Lillestrøm,L1,rail,VYG:ServiceJourney:2115_443520-R,True,planned,False,,,,,2026-09-07T08:42:24.659182+02:00
NSR:StopPlace:58843,Blommenholm stasjon,2026-09-07T09:20:00+02:00,2026-09-07T09:20:00+02:00,,0.0,0,Lillestrøm,VYG:Line:L1,Spikkestad-Oslo S-Lillestrøm,L1,rail,VYG:ServiceJourney:2220_445315-R,True,planned,False,,,,,2026-09-07T08:42:24.659182+02:00
NSR:StopPlace:58843,Blommenholm stasjon,2026-09-07T09:28:00+02:00,2026-09-07T09:28:00+02:00,,0.0,0,Spikkestad,VYG:Line:L1,Spikkestad-Oslo S-Lillestrøm,L1,rail,VYG:ServiceJourney:2217_443611-R,True,planned,False,,,,,2026-09-07T08:42:24.659182+02:00
NSR:StopPlace:58843,Blommenholm stasjon,2026-09-07T09:34:00+02:00,2026-09-07T09:34:00+02:00,,0.0,0,Lillestrøm,VYG:Line:L1,Spikkestad-Oslo S-Lillestrøm,L1,rail,VYG:ServiceJourney:2120_443526-R,True,planned,False,Færre vogner,Denne avgangen kjører dessverre med 4 vogner i stedet for 8 vogner. Dette skyldes at vi mangler et togsett.,general,normal,2026-09-07T08:42:24.659182+02:00
NSR:StopPlace:58845,Eidsvoll verk stasjon,2026-09-07T08:45:00+02:00,2026-09-07T08:45:00+02:00,,0.0,0,Eidsvoll,RUT:Line:430,Eidsvoll - Jessheim,430,bus,RUT:ServiceJourney:a6c6a3c1771fd13f41ea669d11a04acd,True,planned,False,,,,,2026-09-07T08:42:24.659182+02:00
NSR:StopPlace:58845,Eidsvoll verk stasjon,2026-09-07T08:46:00+02:00,2026-09-07T08:46:00+02:00,,0.0,0,Jessheim,RUT:Line:430,Eidsvoll - Jessheim,430,bus,RUT:ServiceJourney:fa2946648bfe742c6978cabcd403db6c,True,planned,False,,,,,2026-09-07T08:42:24.659182+02:00
NSR:StopPlace:58845,Eidsvoll verk stasjon,2026-09-07T08:55:00+02:00,2026-09-07T08:55:00+02:00,,0.0,0,Eidsvoll,VYG:Line:RE11,Eidsvoll-Oslo S-Skien,RE11,rail,VYG:ServiceJourney:806_444386-R,True,planned,False,,,,,2026-09-07T08:42:24.659182+02:00
NSR:StopPlace:58845,Eidsvoll verk stasjon,2026-09-07T09:00:00+02:00,2026-09-07T09:00:00+02:00,,0.0,0,Eidsvoll,RUT:Line:430,Eidsvoll - Jessheim,430,bus,RUT:ServiceJourney:7a5efe6422d6680724d767b901d403c2,True,planned,False,,,,,2026-09-07T08:42:24.659182+02:00
NSR:StopPlace:58845,Eidsvoll verk stasjon,2026-09-07T09:01:00+02:00,2026-09-07T09:01:00+02:00,,0.0,0,Jessheim,RUT:Line:430,Eidsvoll - Jessheim,430,bus,RUT:ServiceJourney:0bf5ba9216f9e1dde814a273aae69956,True,planned,False,,,,,2026-09-07T08:42:24.659182+02:00
NSR:StopPlace:58845,Eidsvoll verk stasjon,2026-09-07T09:05:00+02:00,2026-09-07T09:05:00+02:00,,0.0,0,Skien,VYG:Line:RE11,Eidsvoll-Oslo S-Skien,RE11,rail,VYG:ServiceJourney:811_481329-R,True,planned,False,,,,,2026-09-07T08:42:24.659182+02:00
NSR:StopPlace:58845,Eidsvoll verk stasjon,2026-09-07T09:15:00+02:00,2026-09-07T09:15:00+02:00,,0.0,0,Eidsvoll,RUT:Line:430,Eidsvoll - Jessheim,430,bus,RUT:ServiceJourney:a4622247f08220e77dc6af8bdcb46266,True,planned,False,,,,,2026-09-07T08:42:24.659182+02:00
NSR:StopPlace:58845,Eidsvoll verk stasjon,2026-09-07T09:16:00+02:00,2026-09-07T09:16:00+02:00,,0.0,0,Jessheim,RUT:Line:430,Eidsvoll - Jessheim,430,bus,RUT:ServiceJourney:0d5178f7ce08a89f318158aa27301958,True,planned,False,,,,,2026-09-07T08:42:24.659182+02:00
NSR:StopPlace:58845,Eidsvoll verk stasjon,2026-09-07T09:25:00+02:00,2026-09-07T09:25:00+02:00,,0.0,0,Eidsvoll,VYG:Line:R12,Kongsberg-Oslo S-Eidsvoll,R12,rail,VYG:ServiceJourney:508_481317-R,True,planned,False,,,,,2026-09-07T08:42:24.659182+02:00
NSR:StopPlace:58846,Fetsund stasjon,2026-09-07T09:22:00+02:00,2026-09-07T09:22:00+02:00,,0.0,0,Kongsvinger,VYG:Line:R14,Asker-Oslo S-Kongsvinger,R14,rail,VYG:ServiceJourney:1009_442914-R,True,planned,False,,,,,2026-09-07T08:42:24.659182+02:00
NSR:StopPlace:58846,Fetsund stasjon,2026-09-07T09:36:00+02:00,2026-09-07T09:36:00+02:00,,0.0,0,Asker,VYG:Line:R14,Asker-Oslo S-Kongsvinger,R14,rail,VYG:ServiceJourney:1010_442915-R,True,planned,False,,,,,2026-09-07T08:42:24.659182+02:00
NSR:StopPlace:58847,Frogner stasjon,2026-09-07T08:51:00+02:00,2026-09-07T08:51:00+02:00,,0.0,0,Drammen,VYG:Line:R13,Drammen-Oslo S-Dal,R13,rail,VYG:ServiceJourney:1616_443247-R,True,planned,False,,,,,2026-09-07T08:42:24.659182+02:00
NSR:StopPlace:58847,Frogner stasjon,2026-09-07T09:04:00+02:00,2026-09-07T09:04:00+02:00,,0.0,0,Dal,VYG:Line:R13,Drammen-Oslo S-Dal,R13,rail,VYG:ServiceJourney:1615_443244-R,True,planned,False,,,,,2026-09-07T08:42:24.659182+02:00
NSR:StopPlace:58847,Frogner stasjon,2026-09-07T09:10:00+02:00,2026-09-07T09:10:00+02:00,,0.0,0,Sørumsand,RUT:Line:365,Sørumsand - Frogner - Skedsmokorset,365,bus,RUT:ServiceJourney:58f50a13daa81c5a4a9b1176d0276427,True,planned,False,,,,,2026-09-07T08:42:24.659182+02:00
NSR:StopPlace:58847,Frogner stasjon,2026-09-07T09:13:00+02:00,2026-09-07T09:13:00+02:00,,0.0,0,Skedsmokorset,RUT:Line:365,Sørumsand - Frogner - Skedsmokorset,365,bus,RUT:ServiceJourney:ab492629b811624bf275b53123371845,True,planned,False,,,,,2026-09-07T08:42:24.659182+02:00
NSR:StopPlace:58847,Frogner stasjon,2026-09-07T09:21:00+02:00,2026-09-07T09:21:00+02:00,,0.0,0,Drammen,VYG:Line:R13,Drammen-Oslo S-Dal,R13,rail,VYG:ServiceJourney:1618_443252-R,True,planned,False,,,,,2026-09-07T08:42:24.659182+02:00
NSR:StopPlace:58847,Frogner stasjon,2026-09-07T09:34:00+02:00,2026-09-07T09:34:00+02:00,,0.0,0,Dal,VYG:Line:R13,Drammen-Oslo S-Dal,R13,rail,VYG:ServiceJourney:1617_443249-R,True,planned,False,,,,,2026-09-07T08:42:24.659182+02:00
NSR:StopPlace:58848,Haga stasjon,2026-09-07T08:44:00+02:00,2026-09-07T08:44:00+02:00,,0.0,0,Kongsvinger,VYG:Line:R14,Asker-Oslo S-Kongsvinger,R14,rail,VYG:ServiceJourney:1007_442912-R,True,planned,False,,,,,2026-09-07T08:42:24.659182+02:00
NSR:StopPlace:58848,Haga stasjon,2026-09-07T09:13:00+02:00,2026-09-07T09:13:00+02:00,,0.0,0,Asker,VYG:Line:R14,Asker-Oslo S-Kongsvinger,R14,rail,VYG:ServiceJourney:1010_442915-R,True,planned,False,,,,,2026-09-07T08:42:24.659182+02:00
NSR:StopPlace:58849,Hakadal stasjon,2026-09-07T08:53:00+02:00,2026-09-07T08:53:00+02:00,,0.0,0,Oslo bussterminal,RUT:Line:390,Kongskog/Hellerudhaugen - Oslo bussterminal,390,bus,RUT:ServiceJourney:097d5beac461781cd940ef5de289404b,True,planned,False,,,,,2026-09-07T08:42:24.659182+02:00
NSR:StopPlace:58840,Vestfossen stasjon,2026-09-07T08:06:00+02:00,2026-09-07T08:01:53+02:00,,0.0,0,Vestfossen u.skole,BRA:Line:4_6132,Ormåsen - Vestfossen,132,bus,BRA:ServiceJourney:6132_260427091083336_1001,True,expected,False,,,,,2026-09-07T08:42:24.659182+02:00
NSR:StopPlace:58840,Vestfossen stasjon,2026-09-07T08:06:00+02:00,2026-09-07T08:02:12+02:00,,0.0,0,Vestfossen u.skole,BRA:Line:4_6132,Ormåsen - Vestfossen,132,bus,BRA:ServiceJourney:6132_260427091083533_1003,True,expected,False,,,,,2026-09-07T08:42:24.659182+02:00
NSR:StopPlace:58840,Vestfossen stasjon,2026-09-07T08:53:00+02:00,2026-09-07T08:53:00+02:00,,0.0,0,Eidsvoll,VYG:Line:R12,Kongsberg-Oslo S-Eidsvoll,R12,rail,VYG:ServiceJourney:510_444304-R,True,planned,False,,,,,2026-09-07T08:42:24.659182+02:00
NSR:StopPlace:58840,Vestfossen stasjon,2026-09-07T09:06:00+02:00,2026-09-07T09:06:00+02:00,,0.0,0,Kongsberg,VYG:Line:R12,Kongsberg-Oslo S-Eidsvoll,R12,rail,VYG:ServiceJourney:507_444300-R,True,planned,False,,,,,2026-09-07T08:42:24.659182+02:00
NSR:StopPlace:58852,Høn stasjon,2026-09-07T08:50:00+02:00,2026-09-07T08:50:00+02:00,,0.0,0,Lillestrøm,VYG:Line:L1,Spikkestad-Oslo S-Lillestrøm,L1,rail,VYG:ServiceJourney:2118_728240-R,True,planned,False,Færre vogner,Denne avgangen kjører dessverre med 4 vogner i stedet for 8 vogner. Dette skyldes at vi mangler et togsett.,general,normal,2026-09-07T08:42:24.659182+02:00
NSR:StopPlace:58852,Høn stasjon,2026-09-07T09:06:00+02:00,2026-09-07T09:06:00+02:00,,0.0,0,Lillestrøm,VYG:Line:L1,Spikkestad-Oslo S-Lillestrøm,L1,rail,VYG:ServiceJourney:2220_445315-R,True,planned,False,,,,,2026-09-07T08:42:24.659182+02:00
NSR:StopPlace:58852,Høn stasjon,2026-09-07T09:13:00+02:00,2026-09-07T09:13:00+02:00,,0.0,0,Spikkestad,VYG:Line:L1,Spikkestad-Oslo S-Lillestrøm,L1,rail,VYG:ServiceJourney:2215_443608-R,True,planned,False,,,,,2026-09-07T08:42:24.659182+02:00
NSR:StopPlace:58852,Høn stasjon,2026-09-07T09:20:00+02:00,2026-09-07T09:20:00+02:00,,0.0,0,Lillestrøm,VYG:Line:L1,Spikkestad-Oslo S-Lillestrøm,L1,rail,VYG:ServiceJourney:2120_443526-R,True,planned,False,Færre vogner,Denne avgangen kjører dessverre med 4 vogner i stedet for 8 vogner. Dette skyldes at vi mangler et togsett.,general,normal,2026-09-07T08:42:24.659182+02:00
NSR:StopPlace:58852,Høn stasjon,2026-09-07T09:29:00+02:00,2026-09-07T09:29:00+02:00,,0.0,0,Asker,VYG:Line:L1,Spikkestad-Oslo S-Lillestrøm,L1,rail,VYG:ServiceJourney:2115_443520-R,True,planned,False,,,,,2026-09-07T08:42:24.659182+02:00
NSR:StopPlace:58852,Høn stasjon,2026-09-07T09:36:00+02:00,2026-09-07T09:36:00+02:00,,0.0,0,Lillestrøm,VYG:Line:L1,Spikkestad-Oslo S-Lillestrøm,L1,rail,VYG:ServiceJourney:2222_443620-R,True,planned,False,,,,,2026-09-07T08:42:24.659182+02:00
NSR:StopPlace:58853,Kolbotn stasjon,2026-09-07T07:18:00+02:00,2026-09-07T07:18:00+02:00,,0.0,0,Ski,VYG:Line:L2,Stabekk-Oslo S-Ski,L2,rail,VYG:ServiceJourney:2807-BES_488363-R,True,planned,False,Færre vogner,Denne avgangen kjører dessverre med 3 vogner i stedet for 6 vogner. Dette skyldes at vi mangler et togsett.,general,normal,2026-09-07T08:42:24.659182+02:00
NSR:StopPlace:58854,Langhus stasjon,2026-09-07T07:16:00+02:00,2026-09-07T07:16:00+02:00,,0.0,0,Ski,VYG:Line:L2,Stabekk-Oslo S-Ski,L2,rail,VYG:ServiceJourney:2707-HVK_443913-R,True,planned,False,,,,,2026-09-07T08:42:24.659182+02:00
NSR:StopPlace:58854,Langhus stasjon,2026-09-07T07:31:00+02:00,2026-09-07T07:31:00+02:00,,0.0,0,Ski,VYG:Line:L2,Stabekk-Oslo S-Ski,L2,rail,VYG:ServiceJourney:2807-BES_488363-R,True,planned,False,Færre vogner,Denne avgangen kjører dessverre med 3 vogner i stedet for 6 vogner. Dette skyldes at vi mangler et togsett.,general,normal,2026-09-07T08:42:24.659182+02:00
NSR:StopPlace:58855,Leirsund stasjon,2026-09-07T08:55:00+02:00,2026-09-07T08:55:00+02:00,,0.0,0,Drammen,VYG:Line:R13,Drammen-Oslo S-Dal,R13,rail,VYG:ServiceJourney:1616_443247-R,True,planned,False,,,,,2026-09-07T08:42:24.659182+02:00
NSR:StopPlace:58855,Leirsund stasjon,2026-09-07T09:00:00+02:00,2026-09-07T09:00:00+02:00,,0.0,0,Dal,VYG:Line:R13,Drammen-Oslo S-Dal,R13,rail,VYG:ServiceJourney:1615_443244-R,True,planned,False,,,,,2026-09-07T08:42:24.659182+02:00
NSR:StopPlace:58855,Leirsund stasjon,2026-09-07T09:25:00+02:00,2026-09-07T09:25:00+02:00,,0.0,0,Drammen,VYG:Line:R13,Drammen-Oslo S-Dal,R13,rail,VYG:ServiceJourney:1618_443252-R,True,planned,False,,,,,2026-09-07T08:42:24.659182+02:00
NSR:StopPlace:58855,Leirsund stasjon,2026-09-07T09:30:00+02:00,2026-09-07T09:30:00+02:00,,0.0,0,Dal,VYG:Line:R13,Drammen-Oslo S-Dal,R13,rail,VYG:ServiceJourney:1617_443249-R,True,planned,False,,,,,2026-09-07T08:42:24.659182+02:00
NSR:StopPlace:58858,Nittedal stasjon,2026-09-07T06:35:00+02:00,2026-09-07T06:35:00+02:00,,0.0,0,Oslo S,VYG:Line:R31,Skøyen-Jaren-Gjøvik,R31,rail,VYG:ServiceJourney:BUS-242_655543-R,True,planned,False,,,,,2026-09-07T08:42:24.659182+02:00
NSR:StopPlace:58858,Nittedal stasjon,2026-09-07T08:24:00+02:00,2026-09-07T08:24:00+02:00,,0.0,0,Oslo S,VYG:Line:R31,Skøyen-Jaren-Gjøvik,R31,rail,VYG:ServiceJourney:BUS-272_655594-R,True,planned,False,,,,,2026-09-07T08:42:24.659182+02:00
NSR:StopPlace:58859,Nordby stasjon,2026-09-07T08:53:00+02:00,2026-09-07T08:53:00+02:00,,0.0,0,Dal,VYG:Line:R13,Drammen-Oslo S-Dal,R13,rail,VYG:ServiceJourney:1613_443239-R,True,planned,False,,,,,2026-09-07T08:42:24.659182+02:00
NSR:StopPlace:58859,Nordby stasjon,2026-09-07T09:03:00+02:00,2026-09-07T09:03:00+02:00,,0.0,0,Drammen,VYG:Line:R13,Drammen-Oslo S-Dal,R13,rail,VYG:ServiceJourney:1618_443252-R,True,planned,False,,,,,2026-09-07T08:42:24.659182+02:00
NSR:StopPlace:58859,Nordby stasjon,2026-09-07T09:23:00+02:00,2026-09-07T09:23:00+02:00,,0.0,0,Dal,VYG:Line:R13,Drammen-Oslo S-Dal,R13,rail,VYG:ServiceJourney:1615_443244-R,True,planned,False,,,,,2026-09-07T08:42:24.659182+02:00
NSR:StopPlace:58859,Nordby stasjon,2026-09-07T09:33:00+02:00,2026-09-07T09:33:00+02:00,,0.0,0,Drammen,VYG:Line:R13,Drammen-Oslo S-Dal,R13,rail,VYG:ServiceJourney:1620_443256-R,True,planned,False,,,,,2026-09-07T08:42:24.659182+02:00
NSR:StopPlace:58850,Hauerseter stasjon,2026-09-07T09:00:00+02:00,2026-09-07T09:00:00+02:00,,0.0,0,Drammen,VYG:Line:R13,Drammen-Oslo S-Dal,R13,rail,VYG:ServiceJourney:1618_443252-R,True,planned,False,,,,,2026-09-07T08:42:24.659182+02:00
NSR:StopPlace:58850,Hauerseter stasjon,2026-09-07T09:00:00+02:00,2026-09-07T09:00:00+02:00,,0.0,0,Dal,VYG:Line:R13,Drammen-Oslo S-Dal,R13,rail,VYG:ServiceJourney:1613_443239-R,True,planned,False,,,,,2026-09-07T08:42:24.659182+02:00
NSR:StopPlace:58850,Hauerseter stasjon,2026-09-07T09:30:00+02:00,2026-09-07T09:30:00+02:00,,0.0,0,Drammen,VYG:Line:R13,Drammen-Oslo S-Dal,R13,rail,VYG:ServiceJourney:1620_443256-R,True,planned,False,,,,,2026-09-07T08:42:24.659182+02:00
NSR:StopPlace:58850,Hauerseter stasjon,2026-09-07T09:30:00+02:00,2026-09-07T09:30:00+02:00,,0.0,0,Dal,VYG:Line:R13,Drammen-Oslo S-Dal,R13,rail,VYG:ServiceJourney:1615_443244-R,True,planned,False,,,,,2026-09-07T08:42:24.659182+02:00
NSR:StopPlace:58851,Heggedal stasjon,2026-09-07T08:52:00+02:00,2026-09-07T08:52:00+02:00,,0.0,0,Asker,RUT:Line:285,Heggedal - Blakstad - Asker,285,bus,RUT:ServiceJourney:e626a4ef22dc187d6b92e9d067b00d15,True,planned,False,,,,,2026-09-07T08:42:24.659182+02:00
NSR:StopPlace:58851,Heggedal stasjon,2026-09-07T08:55:00+02:00,2026-09-07T08:55:00+02:00,,0.0,0,Lillestrøm,VYG:Line:L1,Spikkestad-Oslo S-Lillestrøm,L1,rail,VYG:ServiceJourney:2220_445315-R,True,planned,False,,,,,2026-09-07T08:42:24.659182+02:00
NSR:StopPlace:58851,Heggedal stasjon,2026-09-07T08:59:00+02:00,2026-09-07T08:59:00+02:00,,0.0,0,Rustadgrenda,RUT:Line:286,Rustadgrenda-Heggedal,286,bus,RUT:ServiceJourney:b32ccc6a10658f674b41eab9be1d573a,True,planned,False,,,,,2026-09-07T08:42:24.659182+02:00
NSR:StopPlace:58851,Heggedal stasjon,2026-09-07T09:24:00+02:00,2026-09-07T09:24:00+02:00,,0.0,0,Lillestrøm,VYG:Line:L1,Spikkestad-Oslo S-Lillestrøm,L1,rail,VYG:ServiceJourney:2222_443620-R,True,planned,False,,,,,2026-09-07T08:42:24.659182+02:00
NSR:StopPlace:58851,Heggedal stasjon,2026-09-07T09:25:00+02:00,2026-09-07T09:25:00+02:00,,0.0,0,Spikkestad,VYG:Line:L1,Spikkestad-Oslo S-Lillestrøm,L1,rail,VYG:ServiceJourney:2215_443608-R,True,planned,False,,,,,2026-09-07T08:42:24.659182+02:00
NSR:StopPlace:58864,Sørumsand stasjon,2026-09-07T08:51:00+02:00,2026-09-07T08:51:00+02:00,,0.0,0,Skedsmokorset,RUT:Line:365,Sørumsand - Frogner - Skedsmokorset,365,bus,RUT:ServiceJourney:ab492629b811624bf275b53123371845,True,planned,False,,,,,2026-09-07T08:42:24.659182+02:00
NSR:StopPlace:58864,Sørumsand stasjon,2026-09-07T09:03:00+02:00,2026-09-07T09:03:00+02:00,,0.0,0,Orredalen,RUT:Line:366,Orredalen - Sørumsand,366,bus,RUT:ServiceJourney:81cabda5eb05fb25db5663aa2c32602e,True,planned,False,,,,,2026-09-07T08:42:24.659182+02:00
NSR:StopPlace:58864,Sørumsand stasjon,2026-09-07T09:29:00+02:00,2026-09-07T09:29:00+02:00,,0.0,0,Asker,VYG:Line:R14,Asker-Oslo S-Kongsvinger,R14,rail,VYG:ServiceJourney:1010_442915-R,True,planned,False,,,,,2026-09-07T08:42:24.659182+02:00
NSR:StopPlace:58864,Sørumsand stasjon,2026-09-07T09:30:00+02:00,2026-09-07T09:30:00+02:00,,0.0,0,Kongsvinger,VYG:Line:R14,Asker-Oslo S-Kongsvinger,R14,rail,VYG:ServiceJourney:1009_442914-R,True,planned,False,,,,,2026-09-07T08:42:24.659182+02:00
NSR:StopPlace:58865,Vestby stasjon,2026-09-07T08:50:00+02:00,2026-09-07T08:50:00+02:00,,0.0,0,Randem,RUT:Line:533,Randem - Vestby stasjon,533,bus,RUT:ServiceJourney:3f607ac0515be72149c3d8b89e066c0b,True,planned,False,,,,,2026-09-07T08:42:24.659182+02:00
NSR:StopPlace:58865,Vestby stasjon,2026-09-07T08:50:00+02:00,2026-09-07T08:50:00+02:00,,0.0,0,Moss,RUT:Line:540,Moss - Son - Vestby stasjon,540,bus,RUT:ServiceJourney:99523ca9e318f1242675683fa2261e8d,True,planned,False,,,,,2026-09-07T08:42:24.659182+02:00
NSR:StopPlace:58865,Vestby stasjon,2026-09-07T08:50:00+02:00,2026-09-07T08:50:00+02:00,,0.0,0,Grønberg,RUT:Line:530,Pepperstad - Vestby stasjon,530,bus,RUT:ServiceJourney:f15601c9ace80ca8300debbcbea75c73,True,planned,False,,,,,2026-09-07T08:42:24.659182+02:00
NSR:StopPlace:58865,Vestby stasjon,2026-09-07T09:10:00+02:00,2026-09-07T09:10:00+02:00,,0.0,0,Stabekk,VYG:Line:R21,Stabekk-Oslo S-Moss,R21,rail,VYG:ServiceJourney:1120-MOS_442996-R,True,planned,False,,,,,2026-09-07T08:42:24.659182+02:00
NSR:StopPlace:58866,Vevelstad stasjon,2026-09-07T06:29:00+02:00,2026-09-07T06:29:00+02:00,,0.0,0,Ski,VYG:Line:L2,Stabekk-Oslo S-Ski,L2,rail,VYG:ServiceJourney:2803_444016-R,True,planned,False,,,,,2026-09-07T08:42:24.659182+02:00
NSR:StopPlace:58866,Vevelstad stasjon,2026-09-07T06:44:00+02:00,2026-09-07T06:44:00+02:00,,0.0,0,Ski,VYG:Line:L2,Stabekk-Oslo S-Ski,L2,rail,VYG:ServiceJourney:2705-HVK_443911-R,True,planned,False,,,,,2026-09-07T08:42:24.659182+02:00
NSR:StopPlace:58866,Vevelstad stasjon,2026-09-07T07:29:00+02:00,2026-09-07T07:29:00+02:00,,0.0,0,Ski,VYG:Line:L2,Stabekk-Oslo S-Ski,L2,rail,VYG:ServiceJourney:2807-BES_488363-R,True,planned,False,Færre vogner,Denne avgangen kjører dessverre med 3 vogner i stedet for 6 vogner. Dette skyldes at vi mangler et togsett.,general,normal,2026-09-07T08:42:24.659182+02:00
NSR:StopPlace:58866,Vevelstad stasjon,2026-09-07T07:59:00+02:00,2026-09-07T07:59:00+02:00,,0.0,0,Ski,VYG:Line:L2,Stabekk-Oslo S-Ski,L2,rail,VYG:ServiceJourney:2809-HVK_444020-R,True,planned,False,Færre vogner,Denne avgangen kjører dessverre med 3 vogner i stedet for 6 vogner. Dette skyldes at vi mangler et togsett.,general,normal,2026-09-07T08:42:24.659182+02:00
NSR:StopPlace:58868,Årnes stasjon,2026-09-07T08:49:00+02:00,2026-09-07T08:49:00+02:00,,0.0,0,Aktivitetsvegen,RUT:Line:450,Årnes - Oslo lufthavn,450,bus,RUT:ServiceJourney:f406d92b3045516ee7835fdcaf9941e5,True,planned,False,,,,,2026-09-07T08:42:24.659182+02:00
NSR:StopPlace:58868,Årnes stasjon,2026-09-07T09:04:00+02:00,2026-09-07T09:04:00+02:00,,0.0,0,Oslo lufthavn,RUT:Line:450,Årnes - Oslo lufthavn,450,bus,RUT:ServiceJourney:083d1cdd022e3d243922facfd06113c6,True,planned,False,,,,,2026-09-07T08:42:24.659182+02:00
NSR:StopPlace:58868,Årnes stasjon,2026-09-07T09:07:00+02:00,2026-09-07T09:07:00+02:00,,0.0,0,Asker,VYG:Line:R14,Asker-Oslo S-Kongsvinger,R14,rail,VYG:ServiceJourney:1010_442915-R,True,planned,False,,,,,2026-09-07T08:42:24.659182+02:00
NSR:StopPlace:58869,Ås stasjon,2026-09-07T09:10:00+02:00,2026-09-07T09:10:00+02:00,,0.0,0,Moss,VYG:Line:R21,Stabekk-Oslo S-Moss,R21,rail,VYG:ServiceJourney:1115-HVK_442990-R,True,planned,False,,,,,2026-09-07T08:42:24.659182+02:00
NSR:StopPlace:58869,Ås stasjon,2026-09-07T09:15:00+02:00,2026-09-07T09:15:00+02:00,,0.0,0,Stabekk,VYG:Line:R21,Stabekk-Oslo S-Moss,R21,rail,VYG:ServiceJourney:1120-MOS_442996-R,True,planned,False,,,,,2026-09-07T08:42:24.659182+02:00
NSR:StopPlace:58869,Ås stasjon,2026-09-07T09:40:00+02:00,2026-09-07T09:40:00+02:00,,0.0,0,Moss,VYG:Line:R21,Stabekk-Oslo S-Moss,R21,rail,VYG:ServiceJourney:1117-HVK_442992-R,True,planned,False,,,,,2026-09-07T08:42:24.659182+02:00
NSR:StopPlace:58860,Oppegård stasjon,2026-09-07T06:27:00+02:00,2026-09-07T06:27:00+02:00,,0.0,0,Ski,VYG:Line:L2,Stabekk-Oslo S-Ski,L2,rail,VYG:ServiceJourney:2803_444016-R,True,planned,False,,,,,2026-09-07T08:42:24.659182+02:00
NSR:StopPlace:58860,Oppegård stasjon,2026-09-07T06:42:00+02:00,2026-09-07T06:42:00+02:00,,0.0,0,Ski,VYG:Line:L2,Stabekk-Oslo S-Ski,L2,rail,VYG:ServiceJourney:2705-HVK_443911-R,True,planned,False,,,,,2026-09-07T08:42:24.659182+02:00
NSR:StopPlace:58860,Oppegård stasjon,2026-09-07T07:12:00+02:00,2026-09-07T07:12:00+02:00,,0.0,0,Ski,VYG:Line:L2,Stabekk-Oslo S-Ski,L2,rail,VYG:ServiceJourney:2707-HVK_443913-R,True,planned,False,,,,,2026-09-07T08:42:24.659182+02:00
NSR:StopPlace:58860,Oppegård stasjon,2026-09-07T07:27:00+02:00,2026-09-07T07:27:00+02:00,,0.0,0,Ski,VYG:Line:L2,Stabekk-Oslo S-Ski,L2,rail,VYG:ServiceJourney:2807-BES_488363-R,True,planned,False,Færre vogner,Denne avgangen kjører dessverre med 3 vogner i stedet for 6 vogner. Dette skyldes at vi mangler et togsett.,general,normal,2026-09-07T08:42:24.659182+02:00
NSR:StopPlace:58860,Oppegård stasjon,2026-09-07T07:57:00+02:00,2026-09-07T07:57:00+02:00,,0.0,0,Ski,VYG:Line:L2,Stabekk-Oslo S-Ski,L2,rail,VYG:ServiceJourney:2809-HVK_444020-R,True,planned,False,Færre vogner,Denne avgangen kjører dessverre med 3 vogner i stedet for 6 vogner. Dette skyldes at vi mangler et togsett.,general,normal,2026-09-07T08:42:24.659182+02:00
NSR:StopPlace:58860,Oppegård stasjon,2026-09-07T08:12:00+02:00,2026-09-07T08:12:00+02:00,,0.0,0,Ski,VYG:Line:L2,Stabekk-Oslo S-Ski,L2,rail,VYG:ServiceJourney:2711-HVK_443917-R,True,planned,False,Færre vogner,Denne avgangen kjører dessverre med 3 vogner i stedet for 6 vogner. Dette skyldes at vi mangler et togsett.,general,normal,2026-09-07T08:42:24.659182+02:00
NSR:StopPlace:58860,Oppegård stasjon,2026-09-07T08:46:00+02:00,2026-09-07T08:46:00+02:00,,0.0,0,Stabekk,VYG:Line:L2,Stabekk-Oslo S-Ski,L2,rail,VYG:ServiceJourney:2720-SKI_443927-R,True,planned,False,Færre vogner,Denne avgangen kjører dessverre med 3 vogner i stedet for 6 vogner. Dette skyldes at vi mangler et togsett.,general,normal,2026-09-07T08:42:24.659182+02:00
NSR:StopPlace:58861,Solbråtan stasjon,2026-09-07T06:35:00+02:00,2026-09-07T06:35:00+02:00,,0.0,0,Ski,VYG:Line:L2,Stabekk-Oslo S-Ski,L2,rail,VYG:ServiceJourney:2705-HVK_443911-R,True,planned,False,,,,,2026-09-07T08:42:24.659182+02:00
NSR:StopPlace:58861,Solbråtan stasjon,2026-09-07T07:20:00+02:00,2026-09-07T07:20:00+02:00,,0.0,0,Ski,VYG:Line:L2,Stabekk-Oslo S-Ski,L2,rail,VYG:ServiceJourney:2807-BES_488363-R,True,planned,False,Færre vogner,Denne avgangen kjører dessverre med 3 vogner i stedet for 6 vogner. Dette skyldes at vi mangler et togsett.,general,normal,2026-09-07T08:42:24.659182+02:00
NSR:StopPlace:58874,Stokke stasjon,2026-09-07T05:47:00+02:00,2026-09-07T05:47:00+02:00,,0.0,0,Tønsberg,VKT:Line:520,Tønsberg-Stokke,520,bus,VKT:ServiceJourney:17294,True,planned,False,,,,,2026-09-07T08:42:24.659182+02:00
NSR:StopPlace:58874,Stokke stasjon,2026-09-07T06:32:00+02:00,2026-09-07T06:32:00+02:00,,0.0,0,Sørby,VKT:Line:520,Tønsberg-Stokke,520,bus,VKT:ServiceJourney:17224,True,planned,False,,,,,2026-09-07T08:42:24.659182+02:00
NSR:StopPlace:58874,Stokke stasjon,2026-09-07T07:02:00+02:00,2026-09-07T07:02:00+02:00,,0.0,0,Sørby,VKT:Line:520,Tønsberg-Stokke,520,bus,VKT:ServiceJourney:17225,True,planned,False,,,,,2026-09-07T08:42:24.659182+02:00
NSR:StopPlace:58874,Stokke stasjon,2026-09-07T07:17:00+02:00,2026-09-07T07:17:00+02:00,,0.0,0,Tønsberg,VKT:Line:520,Tønsberg-Stokke,520,bus,VKT:ServiceJourney:17300,True,planned,False,,,,,2026-09-07T08:42:24.659182+02:00
NSR:StopPlace:58874,Stokke stasjon,2026-09-07T09:07:00+02:00,2026-09-07T09:07:00+02:00,,0.0,0,Sørby,VKT:Line:520,Tønsberg-Stokke,520,bus,VKT:ServiceJourney:17229,True,planned,False,,,,,2026-09-07T08:42:24.659182+02:00
NSR:StopPlace:58874,Stokke stasjon,2026-09-07T09:07:00+02:00,2026-09-07T09:07:00+02:00,,0.0,0,Skien,VYG:Line:RE11,Eidsvoll-Oslo S-Skien,RE11,rail,VYG:ServiceJourney:807_481326-R,True,planned,False,,,,,2026-09-07T08:42:24.659182+02:00
NSR:StopPlace:58875,Torp stasjon,2026-09-07T05:51:00+02:00,2026-09-07T05:51:00+02:00,,0.0,0,Eidsvoll,VYG:Line:RE11,Eidsvoll-Oslo S-Skien,RE11,rail,VYG:ServiceJourney:804_444384-R,True,planned,False,,,,,2026-09-07T08:42:24.659182+02:00
NSR:StopPlace:58875,Torp stasjon,2026-09-07T06:49:00+02:00,2026-09-07T06:49:00+02:00,,0.0,0,Eidsvoll,VYG:Line:RE11,Eidsvoll-Oslo S-Skien,RE11,rail,VYG:ServiceJourney:806_444386-R,True,planned,False,,,,,2026-09-07T08:42:24.659182+02:00
NSR:StopPlace:58875,Torp stasjon,2026-09-07T07:51:00+02:00,2026-09-07T07:51:00+02:00,,0.0,0,Eidsvoll,VYG:Line:RE11,Eidsvoll-Oslo S-Skien,RE11,rail,VYG:ServiceJourney:808_444388-R,True,planned,False,,,,,2026-09-07T08:42:24.659182+02:00
NSR:StopPlace:58875,Torp stasjon,2026-09-07T09:12:00+02:00,2026-09-07T09:12:00+02:00,,0.0,0,Skien,VYG:Line:RE11,Eidsvoll-Oslo S-Skien,RE11,rail,VYG:ServiceJourney:807_481326-R,True,planned,False,,,,,2026-09-07T08:42:24.659182+02:00
NSR:StopPlace:58876,Tønsberg stasjon,2026-09-07T06:18:00+02:00,2026-09-07T06:18:00+02:00,,0.0,0,Tønsberg,VKT:Line:520,Tønsberg-Stokke,520,bus,VKT:ServiceJourney:17294,True,planned,False,,,,,2026-09-07T08:42:24.659182+02:00
NSR:StopPlace:58876,Tønsberg stasjon,2026-09-07T07:23:00+02:00,2026-09-07T07:23:00+02:00,,0.0,0,Tønsberg,VKT:Line:510,Tønsberg-Andebu,510,bus,VKT:ServiceJourney:17166,True,planned,False,Kan oppstå forsinkelser Andebu,Pga. veiarbeid på Gravdal bru vil det kunne oppstå forsinkelser. Vi beklager ulempene. Se vkt.no/avvik for mer info ,incident,normal,2026-09-07T08:42:24.659182+02:00
NSR:StopPlace:58876,Tønsberg stasjon,2026-09-07T07:31:00+02:00,2026-09-07T07:31:00+02:00,,0.0,0,Barkåker,VKT:Line:59,Barkåker-Tønsberg-Sandeåsen,59,bus,VKT:ServiceJourney:16061,True,planned,False,,,,,2026-09-07T08:42:24.659182+02:00
NSR:StopPlace:58876,Tønsberg stasjon,2026-09-07T07:36:00+02:00,2026-09-07T07:36:00+02:00,,0.0,0,Sandefjord-Framnes,VKT:Line:1,Horten-Tønsberg-Sandefjord,1,bus,VKT:ServiceJourney:15559,True,planned,False,,,,,2026-09-07T08:42:24.659182+02:00
NSR:StopPlace:58877,Bø stasjon,2026-09-07T06:32:00+02:00,2026-09-07T06:32:00+02:00,,0.0,0,Porsgrunn via Kjørbekk,TEL:Line:8181,Seljord-Bø-Skien,R1,bus,TEL:ServiceJourney:127043,True,planned,False,,,,,2026-09-07T08:42:24.659182+02:00
NSR:StopPlace:58877,Bø stasjon,2026-09-07T06:47:00+02:00,2026-09-07T06:47:00+02:00,,0.0,0,Skien stasjon,TEL:Line:8181,Seljord-Bø-Skien,R1,bus,TEL:ServiceJourney:127044,True,planned,False,,,,,2026-09-07T08:42:24.659182+02:00
NSR:StopPlace:58877,Bø stasjon,2026-09-07T07:17:00+02:00,2026-09-07T07:17:00+02:00,,0.0,0,Seljord,TEL:Line:8181,Seljord-Bø-Skien,R1,bus,TEL:ServiceJourney:127082,True,planned,False,,,,,2026-09-07T08:42:24.659182+02:00
NSR:StopPlace:58877,Bø stasjon,2026-09-07T07:42:00+02:00,2026-09-07T07:42:00+02:00,,0.0,0,Skien stasjon,TEL:Line:8181,Seljord-Bø-Skien,R1,bus,TEL:ServiceJourney:127046,True,planned,False,,,,,2026-09-07T08:42:24.659182+02:00
NSR:StopPlace:58877,Bø stasjon,2026-09-07T08:15:00+02:00,2026-09-07T08:15:00+02:00,,0.0,0,Notodden via Nordagutu,TEL:Line:8323,Notodden-Nordagutu-Gvarv-Bø,323,bus,TEL:ServiceJourney:125763,True,planned,False,,,,,2026-09-07T08:42:24.659182+02:00
NSR:StopPlace:58877,Bø stasjon,2026-09-07T08:52:00+02:00,2026-09-07T08:52:00+02:00,,0.0,0,Seljord,TEL:Line:8181,Seljord-Bø-Skien,R1,bus,TEL:ServiceJourney:127084,True,planned,False,,,,,2026-09-07T08:42:24.659182+02:00
NSR:StopPlace:58877,Bø stasjon,2026-09-07T09:12:00+02:00,2026-09-07T09:12:00+02:00,,0.0,0,Skien stasjon,TEL:Line:8181,Seljord-Bø-Skien,R1,bus,TEL:ServiceJourney:127048,True,planned,False,,,,,2026-09-07T08:42:24.659182+02:00
NSR:StopPlace:58877,Bø stasjon,2026-09-07T09:32:00+02:00,2026-09-07T09:32:00+02:00,,0.0,0,Seljord,TEL:Line:8181,Seljord-Bø-Skien,R1,bus,TEL:ServiceJourney:127087,True,planned,False,,,,,2026-09-07T08:42:24.659182+02:00
NSR:StopPlace:58878,Drangedal stasjon,2026-09-07T08:50:00+02:00,2026-09-07T08:50:00+02:00,,0.0,0,Kragerø,TEL:Line:8607,Drangedal-Kragerø,607,bus,TEL:ServiceJourney:126269,True,planned,False,,,,,2026-09-07T08:42:24.659182+02:00
NSR:StopPlace:58879,Lunde stasjon,2026-09-07T09:15:00+02:00,2026-09-07T09:15:00+02:00,,0.0,0,Ulefoss,TEL:Line:8103,Lunde-Ulefoss,103,bus,TEL:ServiceJourney:126329,True,planned,False,,,,,2026-09-07T08:42:24.659182+02:00
NSR:StopPlace:58870,Holmestrand stasjon,2026-09-07T08:40:00+02:00,2026-09-07T08:40:00+02:00,,0.0,0,Hvitstein-Kleiverud,VKT:Line:30,Kleiverud-Holmestrand,30,bus,VKT:ServiceJourney:14852,True,planned,False,,,,,2026-09-07T08:42:24.659182+02:00
NSR:StopPlace:58870,Holmestrand stasjon,2026-09-07T08:45:00+02:00,2026-09-07T08:45:00+02:00,,0.0,0,Horten-Tønsberg,VKT:Line:2,Tjøme-Tønsberg-Horten-Holmestr,2,bus,VKT:ServiceJourney:15821,True,planned,False,Forsinkelser Linje 2 og 411,Pga. veiarbeid i Horten sentrum vil det kunne oppstå forsinkelser på busser i tidsrommet 3.-11. september. ,incident,normal,2026-09-07T08:42:24.659182+02:00
NSR:StopPlace:58870,Holmestrand stasjon,2026-09-07T09:28:00+02:00,2026-09-07T09:28:00+02:00,,0.0,0,Eidsvoll,VYG:Line:RE11,Eidsvoll-Oslo S-Skien,RE11,rail,VYG:ServiceJourney:810_481328-R,True,planned,False,,,,,2026-09-07T08:42:24.659182+02:00
NSR:StopPlace:58870,Holmestrand stasjon,2026-09-07T09:31:00+02:00,2026-09-07T09:31:00+02:00,,0.0,0,Skien,VYG:Line:RE11,Eidsvoll-Oslo S-Skien,RE11,rail,VYG:ServiceJourney:809_444389-R,True,planned,False,,,,,2026-09-07T08:42:24.659182+02:00
NSR:StopPlace:58871,Sande stasjon,2026-09-07T07:22:00+02:00,2026-09-07T07:22:00+02:00,,0.0,0,Skoger-Drammen,VKT:Line:10,Drammen-Skoger-Sande,10,bus,VKT:ServiceJourney:104195,True,planned,False,,,,,2026-09-07T08:42:24.659182+02:00
NSR:StopPlace:58871,Sande stasjon,2026-09-07T07:52:00+02:00,2026-09-07T07:52:00+02:00,,0.0,0,Skoger-Drammen,VKT:Line:10,Drammen-Skoger-Sande,10,bus,VKT:ServiceJourney:104196,True,planned,False,,,,,2026-09-07T08:42:24.659182+02:00
NSR:StopPlace:58871,Sande stasjon,2026-09-07T08:22:00+02:00,2026-09-07T08:22:00+02:00,,0.0,0,Skoger-Drammen,VKT:Line:10,Drammen-Skoger-Sande,10,bus,VKT:ServiceJourney:104197,True,planned,False,,,,,2026-09-07T08:42:24.659182+02:00
NSR:StopPlace:58871,Sande stasjon,2026-09-07T09:10:00+02:00,2026-09-07T09:10:00+02:00,,0.0,0,Skafjell-Selvik skole,VKT:Line:10,Drammen-Skoger-Sande,10,bus,VKT:ServiceJourney:104146,True,planned,False,,,,,2026-09-07T08:42:24.659182+02:00
NSR:StopPlace:58871,Sande stasjon,2026-09-07T09:24:00+02:00,2026-09-07T09:24:00+02:00,,0.0,0,Skien,VYG:Line:RE11,Eidsvoll-Oslo S-Skien,RE11,rail,VYG:ServiceJourney:809_444389-R,True,planned,False,,,,,2026-09-07T08:42:24.659182+02:00
NSR:StopPlace:58871,Sande stasjon,2026-09-07T09:34:00+02:00,2026-09-07T09:34:00+02:00,,0.0,0,Eidsvoll,VYG:Line:RE11,Eidsvoll-Oslo S-Skien,RE11,rail,VYG:ServiceJourney:810_481328-R,True,planned,False,,,,,2026-09-07T08:42:24.659182+02:00
NSR:StopPlace:58872,Sandefjord stasjon,2026-09-07T09:18:00+02:00,2026-09-07T09:18:00+02:00,,0.0,0,Skien,VYG:Line:RE11,Eidsvoll-Oslo S-Skien,RE11,rail,VYG:ServiceJourney:807_481326-R,True,planned,False,,,,,2026-09-07T08:42:24.659182+02:00
NSR:StopPlace:58873,Skoppum stasjon,2026-09-07T07:30:00+02:00,2026-09-07T07:30:00+02:00,,0.0,0,Holtandalen-Horten,VKT:Line:40,Horten-Holtandalen-Skoppum,40,bus,VKT:ServiceJourney:17419,True,planned,False,,,,,2026-09-07T08:42:24.659182+02:00
NSR:StopPlace:58873,Skoppum stasjon,2026-09-07T08:30:00+02:00,2026-09-07T08:30:00+02:00,,0.0,0,Holtandalen-Horten,VKT:Line:40,Horten-Holtandalen-Skoppum,40,bus,VKT:ServiceJourney:17422,True,planned,False,,,,,2026-09-07T08:42:24.659182+02:00
NSR:StopPlace:58873,Skoppum stasjon,2026-09-07T08:43:00+02:00,2026-09-07T08:43:00+02:00,,0.0,0,Bakkenteigen,VKT:Line:410,Skoppum st-Bakkenteigen,410,bus,VKT:ServiceJourney:17128,True,planned,False,,,,,2026-09-07T08:42:24.659182+02:00
NSR:StopPlace:58873,Skoppum stasjon,2026-09-07T09:20:00+02:00,2026-09-07T09:20:00+02:00,,0.0,0,Eidsvoll,VYG:Line:RE11,Eidsvoll-Oslo S-Skien,RE11,rail,VYG:ServiceJourney:810_481328-R,True,planned,False,,,,,2026-09-07T08:42:24.659182+02:00
NSR:StopPlace:58873,Skoppum stasjon,2026-09-07T09:40:00+02:00,2026-09-07T09:40:00+02:00,,0.0,0,Skien,VYG:Line:RE11,Eidsvoll-Oslo S-Skien,RE11,rail,VYG:ServiceJourney:809_444389-R,True,planned,False,,,,,2026-09-07T08:42:24.659182+02:00
NSR:StopPlace:58885,Trykkerud stasjon,2026-09-07T06:43:00+02:00,2026-09-07T06:43:00+02:00,,0.0,0,Porsgrunn,VYG:Line:R55,Porsgrunn-Notodden,R55,rail,VYG:ServiceJourney:2473_443745-R,True,planned,False,,,,,2026-09-07T08:42:24.659182+02:00
NSR:StopPlace:58885,Trykkerud stasjon,2026-09-07T09:17:00+02:00,2026-09-07T09:17:00+02:00,,0.0,0,Porsgrunn,VYG:Line:R55,Porsgrunn-Notodden,R55,rail,VYG:ServiceJourney:2477_443748-R,True,planned,False,,,,,2026-09-07T08:42:24.659182+02:00
NSR:StopPlace:58889,Gjerstad stasjon,2026-09-07T09:12:00+02:00,2026-09-07T09:12:00+02:00,,0.0,0,Vinterkjær - korr. Risør/Arendal,AKT:Line:166,Gjerstad-Vinterkjær,166,bus,AKT:ServiceJourney:73892_61_48_65400_67500_3901663,True,planned,False,,,,,2026-09-07T08:42:24.659182+02:00
NSR:StopPlace:58880,Neslandsvatn stasjon,2026-09-07T09:15:00+02:00,2026-09-07T09:15:00+02:00,,0.0,0,Kragerø,TEL:Line:8607,Drangedal-Kragerø,607,bus,TEL:ServiceJourney:126269,True,planned,False,,,,,2026-09-07T08:42:24.659182+02:00
NSR:StopPlace:58882,Nordagutu stasjon,2026-09-07T09:30:00+02:00,2026-09-07T09:30:00+02:00,,0.0,0,Porsgrunn,VYG:Line:R55,Porsgrunn-Notodden,R55,rail,VYG:ServiceJourney:2477_443748-R,True,planned,False,,,,,2026-09-07T08:42:24.659182+02:00
NSR:StopPlace:58884,Skien stasjon,2026-09-07T06:26:00+02:00,2026-09-07T06:26:00+02:00,,0.0,0,Skjelsvik via Klyve-Kongerød,TEL:Line:8043,Skien-Klyve-Skjelsvik,M3,bus,TEL:ServiceJourney:127148,True,planned,False,,,,,2026-09-07T08:42:24.659182+02:00
NSR:StopPlace:58884,Skien stasjon,2026-09-07T08:58:00+02:00,2026-09-07T08:58:00+02:00,,0.0,0,Åfoss via Skien sentrum,TEL:Line:8047,Siljan-Skien-Åfoss,P7,bus,TEL:ServiceJourney:127382,True,planned,False,,,,,2026-09-07T08:42:24.659182+02:00
NSR:StopPlace:58884,Skien stasjon,2026-09-07T09:09:00+02:00,2026-09-07T09:09:00+02:00,,0.0,0,Eidsvoll,VYG:Line:RE11,Eidsvoll-Oslo S-Skien,RE11,rail,VYG:ServiceJourney:812_444392-R,True,planned,False,,,,,2026-09-07T08:42:24.659182+02:00
NSR:StopPlace:58892,Audnedal stasjon,2026-09-07T09:00:00+02:00,2026-09-07T09:00:00+02:00,,0.0,0,Oslo S,GOA:Line:50,Sørtoget region,F5,rail,GOA:ServiceJourney:706-KVB_63227-R,True,planned,False,,,,,2026-09-07T08:42:24.659182+02:00
NSR:StopPlace:58893,Grovane stasjon,2026-09-07T09:07:00+02:00,2026-09-07T09:07:00+02:00,,0.0,0,Kristiansand via Moseidmoen - Mosby,AKT:Line:30,Kvadraturen - Mosby - Vennesl,30,bus,AKT:ServiceJourney:79450_112_48_65640_68400_40001545,True,planned,False,,,,,2026-09-07T08:42:24.659182+02:00
NSR:StopPlace:58893,Grovane stasjon,2026-09-07T09:37:00+02:00,2026-09-07T09:37:00+02:00,,0.0,0,Kristiansand,AKT:Line:31,Kvadraturen - Sødal - Vennesla,31,bus,AKT:ServiceJourney:79684_142_44_69240_71460_3950001,True,planned,False,,,,,2026-09-07T08:42:24.659182+02:00
NSR:StopPlace:58800,Råde stasjon,2026-09-07T09:00:00+02:00,2026-09-07T09:00:00+02:00,,0.0,0,Göteborg C,VYG:Line:RE20,Oslo S-Halden-Göteborg (X-Border),RE20,rail,VYG:ServiceJourney:107-385_465652-R,True,planned,False,,,,,2026-09-07T08:42:24.659182+02:00
NSR:StopPlace:58801,Sarpsborg stasjon,2026-09-07T09:25:00+02:00,2026-09-07T09:25:00+02:00,,0.0,0,Oslo S,VYG:Line:RE20,Oslo S-Halden-Göteborg (X-Border),RE20,rail,VYG:ServiceJourney:112_442995-R,True,planned,False,,,,,2026-09-07T08:42:24.659182+02:00
NSR:StopPlace:58801,Sarpsborg stasjon,2026-09-07T09:27:00+02:00,2026-09-07T09:27:00+02:00,,0.0,0,Göteborg C,VYG:Line:RE20,Oslo S-Halden-Göteborg (X-Border),RE20,rail,VYG:ServiceJourney:107-385_465652-R,True,planned,False,,,,,2026-09-07T08:42:24.659182+02:00
NSR:StopPlace:58802,Spydeberg stasjon,2026-09-07T09:20:00+02:00,2026-09-07T09:20:00+02:00,,0.0,0,Oslo S,VYG:Line:R22,Skøyen-Oslo S-Mysen-Rakkestad,R22,rail,VYG:ServiceJourney:1912_443451-R,True,planned,False,,,,,2026-09-07T08:42:24.659182+02:00
NSR:StopPlace:58802,Spydeberg stasjon,2026-09-07T09:36:00+02:00,2026-09-07T09:36:00+02:00,,0.0,0,Rakkestad,VYG:Line:R22,Skøyen-Oslo S-Mysen-Rakkestad,R22,rail,VYG:ServiceJourney:1909_443446-R,True,planned,False,,,,,2026-09-07T08:42:24.659182+02:00
NSR:StopPlace:58803,Tomter stasjon,2026-09-07T09:28:00+02:00,2026-09-07T09:28:00+02:00,,0.0,0,Rakkestad,VYG:Line:R22,Skøyen-Oslo S-Mysen-Rakkestad,R22,rail,VYG:ServiceJourney:1909_443446-R,True,planned,False,,,,,2026-09-07T08:42:24.659182+02:00
NSR:StopPlace:58803,Tomter stasjon,2026-09-07T09:28:00+02:00,2026-09-07T09:28:00+02:00,,0.0,0,Oslo S,VYG:Line:R22,Skøyen-Oslo S-Mysen-Rakkestad,R22,rail,VYG:ServiceJourney:1912_443451-R,True,planned,False,,,,,2026-09-07T08:42:24.659182+02:00
NSR:StopPlace:58804,Alvdal stasjon,2026-09-07T08:14:00+02:00,2026-09-07T08:14:00+02:00,,0.0,0,Alvdal,INN:Line:875,Alvdal - Strømmen - Alvdal,875,bus,INN:ServiceJourney:55919,True,planned,False,,,,,2026-09-07T08:42:24.659182+02:00
NSR:StopPlace:58804,Alvdal stasjon,2026-09-07T09:10:00+02:00,2026-09-07T09:10:00+02:00,,0.0,0,Tynset,INN:Line:181,Tynset - Alvdal - Folldal,181,bus,INN:ServiceJourney:84463,True,planned,False,,,,,2026-09-07T08:42:24.659182+02:00
NSR:StopPlace:58805,Brumunddal stasjon,2026-09-07T09:03:00+02:00,2026-09-07T09:03:00+02:00,,0.0,0,Lillehammer,VYG:Line:RE10,Drammen-Oslo S-Lillehammer,RE10,rail,VYG:ServiceJourney:307-SUD_444139-R,True,planned,False,,,,,2026-09-07T08:42:24.659182+02:00
NSR:StopPlace:58806,Evenstad stasjon,2026-09-07T06:29:00+02:00,2026-09-07T06:29:00+02:00,,0.0,0,Hamar,SJN:Line:25,Rørosbanen,R60,rail,SJN:ServiceJourney:2378_30115-R,True,planned,False,,,,,2026-09-07T08:42:24.659182+02:00
NSR:StopPlace:58806,Evenstad stasjon,2026-09-07T08:29:00+02:00,2026-09-07T08:29:00+02:00,,0.0,0,Hamar,SJN:Line:25,Rørosbanen,R60,rail,SJN:ServiceJourney:2380_37659-R,True,planned,False,,,,,2026-09-07T08:42:24.659182+02:00
NSR:StopPlace:58806,Evenstad stasjon,2026-09-07T09:23:00+02:00,2026-09-07T09:23:00+02:00,,0.0,0,Røros,SJN:Line:25,Rørosbanen,R60,rail,SJN:ServiceJourney:2381_30117-R,True,planned,False,,,,,2026-09-07T08:42:24.659182+02:00
NSR:StopPlace:58808,Kongsvinger stasjon,2026-09-07T08:58:00+02:00,2026-09-07T08:58:00+02:00,,0.0,0,Skriverskogen,INN:Line:82,Skriverskogen - Marikollen,B82,bus,INN:ServiceJourney:54346,True,planned,False,,,,,2026-09-07T08:42:24.659182+02:00
NSR:StopPlace:58808,Kongsvinger stasjon,2026-09-07T08:58:00+02:00,2026-09-07T08:58:00+02:00,,0.0,0,Sykehuset - Bogeråsen,INN:Line:81,Bogeråsen - Rasta,B81,bus,INN:ServiceJourney:54303,True,planned,False,,,,,2026-09-07T08:42:24.659182+02:00
NSR:StopPlace:58808,Kongsvinger stasjon,2026-09-07T09:35:00+02:00,2026-09-07T09:35:00+02:00,,0.0,0,Asker,VYG:Line:R14,Asker-Oslo S-Kongsvinger,R14,rail,VYG:ServiceJourney:1012_442917-R,True,planned,False,,,,,2026-09-07T08:42:24.659182+02:00
NSR:StopPlace:58809,Koppang stasjon,2026-09-07T09:41:00+02:00,2026-09-07T09:41:00+02:00,,0.0,0,Røros,SJN:Line:25,Rørosbanen,R60,rail,SJN:ServiceJourney:2381_30117-R,True,planned,False,,,,,2026-09-07T08:42:24.659182+02:00
NSR:StopPlace:58810,Løten stasjon,2026-09-07T09:21:00+02:00,2026-09-07T09:21:00+02:00,,0.0,0,Løten,INN:Line:26,Brumunddal - Hamar - Løten,B26,bus,INN:ServiceJourney:53982,True,planned,False,,,,,2026-09-07T08:42:24.659182+02:00
NSR:StopPlace:58810,Løten stasjon,2026-09-07T09:30:00+02:00,2026-09-07T09:30:00+02:00,,0.0,0,Hamar,SJN:Line:25,Rørosbanen,R60,rail,SJN:ServiceJourney:2380_37659-R,True,planned,False,,,,,2026-09-07T08:42:24.659182+02:00
NSR:StopPlace:58811,Moelv stasjon,2026-09-07T09:15:00+02:00,2026-09-07T09:15:00+02:00,,0.0,0,Lillehammer,VYG:Line:RE10,Drammen-Oslo S-Lillehammer,RE10,rail,VYG:ServiceJourney:307-SUD_444139-R,True,planned,False,,,,,2026-09-07T08:42:24.659182+02:00
NSR:StopPlace:58811,Moelv stasjon,2026-09-07T09:37:00+02:00,2026-09-07T09:37:00+02:00,,0.0,0,Drammen,VYG:Line:RE10,Drammen-Oslo S-Lillehammer,RE10,rail,VYG:ServiceJourney:312-LHM_444159-R,True,planned,False,,,,,2026-09-07T08:42:24.659182+02:00
NSR:StopPlace:58813,Skarnes stasjon,2026-09-07T09:07:00+02:00,2026-09-07T09:07:00+02:00,,0.0,0,Kongsvinger,VYG:Line:R14,Asker-Oslo S-Kongsvinger,R14,rail,VYG:ServiceJourney:1007_442912-R,True,planned,False,,,,,2026-09-07T08:42:24.659182+02:00
NSR:StopPlace:58815,Bleiken stasjon,2026-09-07T06:11:00+02:00,2026-09-07T06:11:00+02:00,,0.0,0,Roa,VYG:Line:RE30,Oslo S-Gjøvik,RE30,rail,VYG:ServiceJourney:1204-GJOe_589110-R,True,planned,False,,,,,2026-09-07T08:42:24.659182+02:00
NSR:StopPlace:58815,Bleiken stasjon,2026-09-07T07:11:00+02:00,2026-09-07T07:11:00+02:00,,0.0,0,Roa,VYG:Line:RE30,Oslo S-Gjøvik,RE30,rail,VYG:ServiceJourney:1206-GJOe_589116-R,True,planned,False,,,,,2026-09-07T08:42:24.659182+02:00
NSR:StopPlace:58815,Bleiken stasjon,2026-09-07T09:11:00+02:00,2026-09-07T09:11:00+02:00,,0.0,0,Roa,VYG:Line:RE30,Oslo S-Gjøvik,RE30,rail,VYG:ServiceJourney:1210-GJOe_589128-R,True,planned,False,,,,,2026-09-07T08:42:24.659182+02:00
NSR:StopPlace:58815,Bleiken stasjon,2026-09-07T09:28:00+02:00,2026-09-07T09:28:00+02:00,,0.0,0,Gjøvik,VYG:Line:RE30,Oslo S-Gjøvik,RE30,rail,VYG:ServiceJourney:1207-ROA_589120-R,True,planned,False,,,,,2026-09-07T08:42:24.659182+02:00
NSR:StopPlace:58816,Dombås stasjon,2026-09-07T08:47:00+02:00,2026-09-07T08:47:00+02:00,,0.0,0,Oslo S,SJN:Line:21,Dovrebanen,F6,rail,SJN:ServiceJourney:40-TND_48233-R,True,planned,False,,,,,2026-09-07T08:42:24.659182+02:00
NSR:StopPlace:58817,Eina stasjon,2026-09-07T07:01:00+02:00,2026-09-07T07:01:00+02:00,,0.0,0,Lillehammer - Storhove,INN:Line:103,Lillehammer-Gjøvik-Hønefoss,103,bus,INN:ServiceJourney:70741,True,planned,False,,,,,2026-09-07T08:42:24.659182+02:00
NSR:StopPlace:58817,Eina stasjon,2026-09-07T08:56:00+02:00,2026-09-07T08:56:00+02:00,,0.0,0,Roa,VYG:Line:RE30,Oslo S-Gjøvik,RE30,rail,VYG:ServiceJourney:1210-GJOe_589128-R,True,planned,False,,,,,2026-09-07T08:42:24.659182+02:00
NSR:StopPlace:58818,Gran stasjon,2026-09-07T06:40:00+02:00,2026-09-07T06:40:00+02:00,,0.0,0,Roa,VYG:Line:R31,Skøyen-Jaren-Gjøvik,R31,rail,VYG:ServiceJourney:BUS-246_655573-R,True,planned,False,,,,,2026-09-07T08:42:24.659182+02:00
NSR:StopPlace:58818,Gran stasjon,2026-09-07T07:15:00+02:00,2026-09-07T07:15:00+02:00,,0.0,0,Gjøvik,VYG:Line:RE30,Oslo S-Gjøvik,RE30,rail,VYG:ServiceJourney:1203-ROA_589108-R,True,planned,False,,,,,2026-09-07T08:42:24.659182+02:00
NSR:StopPlace:58818,Gran stasjon,2026-09-07T09:15:00+02:00,2026-09-07T09:15:00+02:00,,0.0,0,Gjøvik,VYG:Line:RE30,Oslo S-Gjøvik,RE30,rail,VYG:ServiceJourney:1207-ROA_589120-R,True,planned,False,,,,,2026-09-07T08:42:24.659182+02:00
NSR:StopPlace:58818,Gran stasjon,2026-09-07T09:25:00+02:00,2026-09-07T09:25:00+02:00,,0.0,0,Roa,VYG:Line:RE30,Oslo S-Gjøvik,RE30,rail,VYG:ServiceJourney:1210-GJOe_589128-R,True,planned,False,,,,,2026-09-07T08:42:24.659182+02:00
NSR:StopPlace:58820,Harestua stasjon,2026-09-07T06:05:00+02:00,2026-09-07T06:05:00+02:00,,0.0,0,Oslo S,VYG:Line:R31,Skøyen-Jaren-Gjøvik,R31,rail,VYG:ServiceJourney:BUS-242_655543-R,True,planned,False,,,,,2026-09-07T08:42:24.659182+02:00
NSR:StopPlace:58820,Harestua stasjon,2026-09-07T06:58:00+02:00,2026-09-07T06:58:00+02:00,,0.0,0,Oslo S,VYG:Line:R31,Skøyen-Jaren-Gjøvik,R31,rail,VYG:ServiceJourney:BUS-270_655591-R,True,planned,False,,,,,2026-09-07T08:42:24.659182+02:00
NSR:StopPlace:58822,Opphus stasjon,2026-09-07T09:13:00+02:00,2026-09-07T09:13:00+02:00,,0.0,0,Røros,SJN:Line:25,Rørosbanen,R60,rail,SJN:ServiceJourney:2381_30117-R,True,planned,False,,,,,2026-09-07T08:42:24.659182+02:00
NSR:StopPlace:58823,Jaren stasjon,2026-09-07T09:20:00+02:00,2026-09-07T09:20:00+02:00,,0.0,0,Roa,VYG:Line:RE30,Oslo S-Gjøvik,RE30,rail,VYG:ServiceJourney:1210-GJOe_589128-R,True,planned,False,,,,,2026-09-07T08:42:24.659182+02:00
NSR:StopPlace:58823,Jaren stasjon,2026-09-07T09:21:00+02:00,2026-09-07T09:21:00+02:00,,0.0,0,Gjøvik,VYG:Line:RE30,Oslo S-Gjøvik,RE30,rail,VYG:ServiceJourney:1207-ROA_589120-R,True,planned,False,,,,,2026-09-07T08:42:24.659182+02:00
NSR:StopPlace:58824,Lunner stasjon,2026-09-07T06:30:00+02:00,2026-09-07T06:30:00+02:00,,0.0,0,Roa,VYG:Line:R31,Skøyen-Jaren-Gjøvik,R31,rail,VYG:ServiceJourney:BUS-270_655587-R,True,planned,False,,,,,2026-09-07T08:42:24.659182+02:00
NSR:StopPlace:58824,Lunner stasjon,2026-09-07T07:08:00+02:00,2026-09-07T07:08:00+02:00,,0.0,0,Gjøvik,VYG:Line:RE30,Oslo S-Gjøvik,RE30,rail,VYG:ServiceJourney:1203-ROA_589108-R,True,planned,False,,,,,2026-09-07T08:42:24.659182+02:00
NSR:StopPlace:58824,Lunner stasjon,2026-09-07T08:08:00+02:00,2026-09-07T08:08:00+02:00,,0.0,0,Gjøvik,VYG:Line:RE30,Oslo S-Gjøvik,RE30,rail,VYG:ServiceJourney:1205-ROA_589114-R,True,planned,False,,,,,2026-09-07T08:42:24.659182+02:00
NSR:StopPlace:58824,Lunner stasjon,2026-09-07T09:08:00+02:00,2026-09-07T09:08:00+02:00,,0.0,0,Gjøvik,VYG:Line:RE30,Oslo S-Gjøvik,RE30,rail,VYG:ServiceJourney:1207-ROA_589120-R,True,planned,False,,,,,2026-09-07T08:42:24.659182+02:00
NSR:StopPlace:58824,Lunner stasjon,2026-09-07T09:31:00+02:00,2026-09-07T09:31:00+02:00,,0.0,0,Roa,VYG:Line:RE30,Oslo S-Gjøvik,RE30,rail,VYG:ServiceJourney:1210-GJOe_589128-R,True,planned,False,,,,,2026-09-07T08:42:24.659182+02:00
NSR:StopPlace:58825,Raufoss stasjon,2026-09-07T07:14:00+02:00,2026-09-07T07:14:00+02:00,,0.0,0,Lillehammer - Storhove,INN:Line:103,Lillehammer-Gjøvik-Hønefoss,103,bus,INN:ServiceJourney:70741,True,planned,False,,,,,2026-09-07T08:42:24.659182+02:00
NSR:StopPlace:58825,Raufoss stasjon,2026-09-07T08:56:00+02:00,2026-09-07T08:56:00+02:00,,0.0,0,Gjøvik,VYG:Line:RE30,Oslo S-Gjøvik,RE30,rail,VYG:ServiceJourney:1205-ROA_589114-R,True,planned,False,,,,,2026-09-07T08:42:24.659182+02:00
NSR:StopPlace:58825,Raufoss stasjon,2026-09-07T09:41:00+02:00,2026-09-07T09:41:00+02:00,,0.0,0,Lena,INN:Line:47,Lena-Kapp-Gjøvik-Raufoss-Lena,B47,bus,INN:ServiceJourney:76584,True,planned,False,,,,,2026-09-07T08:42:24.659182+02:00
NSR:StopPlace:58826,Reinsvoll stasjon,2026-09-07T08:50:00+02:00,2026-09-07T08:50:00+02:00,,0.0,0,Roa,VYG:Line:RE30,Oslo S-Gjøvik,RE30,rail,VYG:ServiceJourney:1210-GJOe_589128-R,True,planned,False,Heis på Reinsvoll ute av drift,Heisen på Reinsvoll til spor 1 og 2 er ute av drift.,general,normal,2026-09-07T08:42:24.659182+02:00
NSR:StopPlace:58826,Reinsvoll stasjon,2026-09-07T08:51:00+02:00,2026-09-07T08:51:00+02:00,,0.0,0,Gjøvik,VYG:Line:RE30,Oslo S-Gjøvik,RE30,rail,VYG:ServiceJourney:1205-ROA_589114-R,True,planned,False,Heis på Reinsvoll ute av drift,Heisen på Reinsvoll til spor 1 og 2 er ute av drift.,general,normal,2026-09-07T08:42:24.659182+02:00
NSR:StopPlace:58827,Stai stasjon,2026-09-07T06:20:00+02:00,2026-09-07T06:20:00+02:00,,0.0,0,Hamar,SJN:Line:25,Rørosbanen,R60,rail,SJN:ServiceJourney:2378_30115-R,True,planned,False,,,,,2026-09-07T08:42:24.659182+02:00
NSR:StopPlace:58827,Stai stasjon,2026-09-07T08:20:00+02:00,2026-09-07T08:20:00+02:00,,0.0,0,Hamar,SJN:Line:25,Rørosbanen,R60,rail,SJN:ServiceJourney:2380_37659-R,True,planned,False,,,,,2026-09-07T08:42:24.659182+02:00
NSR:StopPlace:58827,Stai stasjon,2026-09-07T09:31:00+02:00,2026-09-07T09:31:00+02:00,,0.0,0,Røros,SJN:Line:25,Rørosbanen,R60,rail,SJN:ServiceJourney:2381_30117-R,True,planned,False,,,,,2026-09-07T08:42:24.659182+02:00
NSR:StopPlace:58828,Roa stasjon,2026-09-07T06:59:00+02:00,2026-09-07T06:59:00+02:00,,0.0,0,Oslo S,VYG:Line:R31,Skøyen-Jaren-Gjøvik,R31,rail,VYG:ServiceJourney:BUS-246_655575-R,True,planned,False,,,,,2026-09-07T08:42:24.659182+02:00
NSR:StopPlace:58828,Roa stasjon,2026-09-07T09:04:00+02:00,2026-09-07T09:04:00+02:00,,0.0,0,Gjøvik,VYG:Line:RE30,Oslo S-Gjøvik,RE30,rail,VYG:ServiceJourney:1207-ROA_589120-R,True,planned,False,,,,,2026-09-07T08:42:24.659182+02:00
NSR:StopPlace:58211,Oslo lufthavn,2026-09-07T06:00:00+02:00,2026-09-07T06:00:00+02:00,,0.0,0,Jessheim,RUT:Line:420,Maura -  Jessheim,420,bus,RUT:ServiceJourney:9f8dac1cd9eb7cfcd0ac17d6acd75806,True,planned,False,,,,,2026-09-07T08:42:24.659182+02:00
NSR:StopPlace:101,Sagdalen stasjon,2026-09-07T08:58:00+02:00,2026-09-07T08:58:00+02:00,,0.0,0,Asker,VYG:Line:L1,Spikkestad-Oslo S-Lillestrøm,L1,rail,VYG:ServiceJourney:2117_443522-R,True,planned,False,,,,,2026-09-07T08:42:24.659182+02:00
NSR:StopPlace:101,Sagdalen stasjon,2026-09-07T09:07:00+02:00,2026-09-07T09:07:00+02:00,,0.0,0,Lillestrøm,VYG:Line:L1,Spikkestad-Oslo S-Lillestrøm,L1,rail,VYG:ServiceJourney:2216_445310-R,True,planned,False,Færre vogner,Denne avgangen kjører dessverre med 4 vogner i stedet for 8 vogner. Dette skyldes at vi mangler et togsett.,general,normal,2026-09-07T08:42:24.659182+02:00
NSR:StopPlace:101,Sagdalen stasjon,2026-09-07T09:13:00+02:00,2026-09-07T09:13:00+02:00,,0.0,0,Spikkestad,VYG:Line:L1,Spikkestad-Oslo S-Lillestrøm,L1,rail,VYG:ServiceJourney:2219_443614-R,True,planned,False,,,,,2026-09-07T08:42:24.659182+02:00
NSR:StopPlace:101,Sagdalen stasjon,2026-09-07T09:22:00+02:00,2026-09-07T09:22:00+02:00,,0.0,0,Lillestrøm,VYG:Line:L1,Spikkestad-Oslo S-Lillestrøm,L1,rail,VYG:ServiceJourney:2116_443521-R,True,planned,False,,,,,2026-09-07T08:42:24.659182+02:00
NSR:StopPlace:101,Sagdalen stasjon,2026-09-07T09:28:00+02:00,2026-09-07T09:28:00+02:00,,0.0,0,Asker,VYG:Line:L1,Spikkestad-Oslo S-Lillestrøm,L1,rail,VYG:ServiceJourney:2119_443524-R,True,planned,False,,,,,2026-09-07T08:42:24.659182+02:00
NSR:StopPlace:101,Sagdalen stasjon,2026-09-07T09:37:00+02:00,2026-09-07T09:37:00+02:00,,0.0,0,Lillestrøm,VYG:Line:L1,Spikkestad-Oslo S-Lillestrøm,L1,rail,VYG:ServiceJourney:2218_443613-R,True,planned,False,,,,,2026-09-07T08:42:24.659182+02:00
NSR:StopPlace:117,Elverum stasjon,2026-09-07T09:20:00+02:00,2026-09-07T09:20:00+02:00,,0.0,0,Hamar,SJN:Line:25,Rørosbanen,R60,rail,SJN:ServiceJourney:2380_37659-R,True,planned,False,,,,,2026-09-07T08:42:24.659182+02:00
NSR:StopPlace:393,Leangen stasjon,2026-09-07T09:35:00+02:00,2026-09-07T09:35:00+02:00,,0.0,0,Lundamo,SJN:Line:26,Trønderbanen,R70,rail,SJN:ServiceJourney:426_56055-R,True,planned,False,,,,,2026-09-07T08:42:24.659182+02:00
NSR:StopPlace:398,Arna stasjon,2026-09-07T08:42:00+02:00,2026-09-07T08:42:00+02:00,,0.0,0,Bergen,VYG:Line:L4,Bergen-Arna,L4,rail,VYG:ServiceJourney:2615_443830-R,True,planned,False,,,,,2026-09-07T08:42:24.659182+02:00
NSR:StopPlace:398,Arna stasjon,2026-09-07T08:57:00+02:00,2026-09-07T08:57:00+02:00,,0.0,0,Bergen,VYG:Line:L4,Bergen-Arna,L4,rail,VYG:ServiceJourney:2515_443773-R,True,planned,False,,,,,2026-09-07T08:42:24.659182+02:00
NSR:StopPlace:398,Arna stasjon,2026-09-07T09:12:00+02:00,2026-09-07T09:12:00+02:00,,0.0,0,Bergen,VYG:Line:L4,Bergen-Arna,L4,rail,VYG:ServiceJourney:2617_443832-R,True,planned,False,,,,,2026-09-07T08:42:24.659182+02:00
NSR:StopPlace:398,Arna stasjon,2026-09-07T09:27:00+02:00,2026-09-07T09:27:00+02:00,,0.0,0,Bergen,VYG:Line:L4,Bergen-Arna,L4,rail,VYG:ServiceJourney:2517_443775-R,True,planned,False,,,,,2026-09-07T08:42:24.659182+02:00
NSR:StopPlace:398,Arna stasjon,2026-09-07T09:31:00+02:00,2026-09-07T09:31:00+02:00,,0.0,0,Geilo,VYG:Line:R40,Bergen-Voss-Myrdal-Ål,R40,rail,VYG:ServiceJourney:1810_465743-R,True,planned,False,,,,,2026-09-07T08:42:24.659182+02:00
NSR:StopPlace:398,Arna stasjon,2026-09-07T09:42:00+02:00,2026-09-07T09:42:00+02:00,,0.0,0,Bergen,VYG:Line:L4,Bergen-Arna,L4,rail,VYG:ServiceJourney:2619_443834-R,True,planned,False,,,,,2026-09-07T08:42:24.659182+02:00
NSR:StopPlace:313,Høybråten stasjon,2026-09-07T08:53:00+02:00,2026-09-07T08:53:00+02:00,,0.0,0,Spikkestad,VYG:Line:L1,Spikkestad-Oslo S-Lillestrøm,L1,rail,VYG:ServiceJourney:2217_443611-R,True,planned,False,,,,,2026-09-07T08:42:24.659182+02:00
NSR:StopPlace:313,Høybråten stasjon,2026-09-07T08:57:00+02:00,2026-09-07T08:57:00+02:00,,0.0,0,Lillestrøm,VYG:Line:L1,Spikkestad-Oslo S-Lillestrøm,L1,rail,VYG:ServiceJourney:2216_445310-R,True,planned,False,Færre vogner,Denne avgangen kjører dessverre med 4 vogner i stedet for 8 vogner. Dette skyldes at vi mangler et togsett.,general,normal,2026-09-07T08:42:24.659182+02:00
NSR:StopPlace:313,Høybråten stasjon,2026-09-07T09:08:00+02:00,2026-09-07T09:08:00+02:00,,0.0,0,Asker,VYG:Line:L1,Spikkestad-Oslo S-Lillestrøm,L1,rail,VYG:ServiceJourney:2117_443522-R,True,planned,False,,,,,2026-09-07T08:42:24.659182+02:00
NSR:StopPlace:313,Høybråten stasjon,2026-09-07T09:12:00+02:00,2026-09-07T09:12:00+02:00,,0.0,0,Lillestrøm,VYG:Line:L1,Spikkestad-Oslo S-Lillestrøm,L1,rail,VYG:ServiceJourney:2116_443521-R,True,planned,False,,,,,2026-09-07T08:42:24.659182+02:00
NSR:StopPlace:313,Høybråten stasjon,2026-09-07T09:23:00+02:00,2026-09-07T09:23:00+02:00,,0.0,0,Spikkestad,VYG:Line:L1,Spikkestad-Oslo S-Lillestrøm,L1,rail,VYG:ServiceJourney:2219_443614-R,True,planned,False,,,,,2026-09-07T08:42:24.659182+02:00
NSR:StopPlace:313,Høybråten stasjon,2026-09-07T09:27:00+02:00,2026-09-07T09:27:00+02:00,,0.0,0,Lillestrøm,VYG:Line:L1,Spikkestad-Oslo S-Lillestrøm,L1,rail,VYG:ServiceJourney:2218_443613-R,True,planned,False,,,,,2026-09-07T08:42:24.659182+02:00
NSR:StopPlace:313,Høybråten stasjon,2026-09-07T09:38:00+02:00,2026-09-07T09:38:00+02:00,,0.0,0,Asker,VYG:Line:L1,Spikkestad-Oslo S-Lillestrøm,L1,rail,VYG:ServiceJourney:2119_443524-R,True,planned,False,,,,,2026-09-07T08:42:24.659182+02:00
NSR:StopPlace:313,Høybråten stasjon,2026-09-07T09:42:00+02:00,2026-09-07T09:42:00+02:00,,0.0,0,Lillestrøm,VYG:Line:L1,Spikkestad-Oslo S-Lillestrøm,L1,rail,VYG:ServiceJourney:2118_728240-R,True,planned,False,Færre vogner,Denne avgangen kjører dessverre med 4 vogner i stedet for 8 vogner. Dette skyldes at vi mangler et togsett.,general,normal,2026-09-07T08:42:24.659182+02:00
NSR:StopPlace:349,Upsete stasjon,2026-09-07T09:12:00+02:00,2026-09-07T09:12:00+02:00,,0.0,0,Myrdal,VYG:Line:R40,Bergen-Voss-Myrdal-Ål,R40,rail,VYG:ServiceJourney:1804_465739-R,True,planned,False,,,,,2026-09-07T08:42:24.659182+02:00
NSR:StopPlace:331,Glåmos stasjon,2026-09-07T05:10:00+02:00,2026-09-07T05:10:00+02:00,,0.0,0,Trondheim S,SJN:Line:25,Rørosbanen,R60,rail,SJN:ServiceJourney:411_37676-R,True,planned,False,,,,,2026-09-07T08:42:24.659182+02:00
NSR:StopPlace:331,Glåmos stasjon,2026-09-07T08:07:00+02:00,2026-09-07T08:07:00+02:00,,0.0,0,Hamar,SJN:Line:25,Rørosbanen,R60,rail,SJN:ServiceJourney:2382_48224-R,True,planned,False,,,,,2026-09-07T08:42:24.659182+02:00
NSR:StopPlace:362,Jåttåvågen stasjon,2026-09-07T08:47:00+02:00,2026-09-07T08:47:00+02:00,,0.0,0,Skeiane,GOA:Line:59,Jærbanen,L5,rail,GOA:ServiceJourney:3116_63161-R,True,planned,False,,,,,2026-09-07T08:42:24.659182+02:00
NSR:StopPlace:364,Vaksdal stasjon,2026-09-07T09:28:00+02:00,2026-09-07T09:28:00+02:00,,0.0,0,Bergen,VYG:Line:R40,Bergen-Voss-Myrdal-Ål,R40,rail,VYG:ServiceJourney:1813_443399-R,True,planned,False,Forsinket,Toget kjørte 24 minutter forsinket fra Mjølfjell. Dette skyldes at togsettet vi trenger er forsinket.,incident,normal,2026-09-07T08:42:24.659182+02:00
NSR:StopPlace:369,Kvål stasjon,2026-09-07T09:13:00+02:00,2026-09-07T09:13:00+02:00,,0.0,0,Ler,SJN:Line:26,Trønderbanen,R70,rail,SJN:ServiceJourney:424_56053-R,True,planned,False,,,,,2026-09-07T08:42:24.659182+02:00
NSR:StopPlace:372,Valnesfjord stasjon,2026-09-07T06:03:00+02:00,2026-09-07T06:03:00+02:00,,0.0,0,Bodø,SJN:Line:79,Saltenpendelen,R75,rail,SJN:ServiceJourney:1781_48207-R,True,planned,False,,,,,2026-09-07T08:42:24.659182+02:00
NSR:StopPlace:372,Valnesfjord stasjon,2026-09-07T07:01:00+02:00,2026-09-07T07:01:00+02:00,,0.0,0,Bodø,SJN:Line:79,Saltenpendelen,R75,rail,SJN:ServiceJourney:1783_48208-R,True,planned,False,,,,,2026-09-07T08:42:24.659182+02:00
NSR:StopPlace:372,Valnesfjord stasjon,2026-09-07T08:07:00+02:00,2026-09-07T08:07:00+02:00,,0.0,0,Mosjøen,SJN:Line:71,Nordlandsbanen,F7,rail,SJN:ServiceJourney:470_48259-R,True,planned,False,,,,,2026-09-07T08:42:24.659182+02:00
NSR:StopPlace:302,Gjøvik stasjon,2026-09-07T09:34:00+02:00,2026-09-07T09:34:00+02:00,,0.0,0,Roa,VYG:Line:RE30,Oslo S-Gjøvik,RE30,rail,VYG:ServiceJourney:1212-GJOe_589134-R,True,planned,False,,,,,2026-09-07T08:42:24.659182+02:00
NSR:StopPlace:271,Lademoen stasjon,2026-09-07T05:12:00+02:00,2026-09-07T05:12:00+02:00,,0.0,0,Steinkjer,SJN:Line:26,Trønderbanen,R70,rail,SJN:ServiceJourney:421_56050-R,True,planned,False,,,,,2026-09-07T08:42:24.659182+02:00
NSR:StopPlace:271,Lademoen stasjon,2026-09-07T06:17:00+02:00,2026-09-07T06:17:00+02:00,,0.0,0,Steinkjer,SJN:Line:26,Trønderbanen,R70,rail,SJN:ServiceJourney:423_56052-R,True,planned,False,,,,,2026-09-07T08:42:24.659182+02:00
NSR:StopPlace:271,Lademoen stasjon,2026-09-07T06:27:00+02:00,2026-09-07T06:27:00+02:00,,0.0,0,Støren,SJN:Line:26,Trønderbanen,R70,rail,SJN:ServiceJourney:420_56049-R,True,planned,False,,,,,2026-09-07T08:42:24.659182+02:00
NSR:StopPlace:271,Lademoen stasjon,2026-09-07T07:01:00+02:00,2026-09-07T07:01:00+02:00,,0.0,0,Lerkendal,SJN:Line:26,Trønderbanen,R70,rail,SJN:ServiceJourney:1760_56046-R,True,planned,False,,,,,2026-09-07T08:42:24.659182+02:00
NSR:StopPlace:271,Lademoen stasjon,2026-09-07T07:16:00+02:00,2026-09-07T07:16:00+02:00,,0.0,0,Steinkjer,SJN:Line:26,Trønderbanen,R70,rail,SJN:ServiceJourney:425_56054-R,True,planned,False,,,,,2026-09-07T08:42:24.659182+02:00
NSR:StopPlace:271,Lademoen stasjon,2026-09-07T07:39:00+02:00,2026-09-07T07:39:00+02:00,,0.0,0,Melhus skysstasjon,SJN:Line:26,Trønderbanen,R70,rail,SJN:ServiceJourney:422-STK_56051-R,True,planned,False,,,,,2026-09-07T08:42:24.659182+02:00
NSR:StopPlace:271,Lademoen stasjon,2026-09-07T08:18:00+02:00,2026-09-07T08:18:00+02:00,,0.0,0,Steinkjer,SJN:Line:26,Trønderbanen,R70,rail,SJN:ServiceJourney:427_56056-R,True,planned,False,,,,,2026-09-07T08:42:24.659182+02:00
NSR:StopPlace:271,Lademoen stasjon,2026-09-07T09:39:00+02:00,2026-09-07T09:39:00+02:00,,0.0,0,Lundamo,SJN:Line:26,Trønderbanen,R70,rail,SJN:ServiceJourney:426_56055-R,True,planned,False,,,,,2026-09-07T08:42:24.659182+02:00
NSR:StopPlace:291,Nisterud stasjon,2026-09-07T07:20:00+02:00,2026-09-07T07:20:00+02:00,,0.0,0,Porsgrunn,VYG:Line:R55,Porsgrunn-Notodden,R55,rail,VYG:ServiceJourney:2473_443745-R,True,planned,False,,,,,2026-09-07T08:42:24.659182+02:00
NSR:StopPlace:206,Mariero stasjon,2026-09-07T08:44:00+02:00,2026-09-07T08:44:00+02:00,,0.0,0,Skeiane,GOA:Line:59,Jærbanen,L5,rail,GOA:ServiceJourney:3116_63161-R,True,planned,False,,,,,2026-09-07T08:42:24.659182+02:00
NSR:StopPlace:222,Myrdal stasjon,2026-09-07T09:28:00+02:00,2026-09-07T09:28:00+02:00,,0.0,0,Bergen,VYG:Line:R40,Bergen-Voss-Myrdal-Ål,R40,rail,VYG:ServiceJourney:1817_465752-R,True,planned,False,,,,,2026-09-07T08:42:24.659182+02:00
NSR:StopPlace:222,Myrdal stasjon,2026-09-07T09:30:00+02:00,2026-09-07T09:30:00+02:00,,0.0,0,Flåm,VYG:Line:R45,Myrdal-Flåm,R45,rail,VYG:ServiceJourney:1853_465772-R,True,planned,False,,,,,2026-09-07T08:42:24.659182+02:00
NSR:StopPlace:234,Mørkved stasjon,2026-09-07T06:28:00+02:00,2026-09-07T06:28:00+02:00,,0.0,0,Bodø,SJN:Line:79,Saltenpendelen,R75,rail,SJN:ServiceJourney:1781_48207-R,True,planned,False,,,,,2026-09-07T08:42:24.659182+02:00
NSR:StopPlace:234,Mørkved stasjon,2026-09-07T07:26:00+02:00,2026-09-07T07:26:00+02:00,,0.0,0,Bodø,SJN:Line:79,Saltenpendelen,R75,rail,SJN:ServiceJourney:1783_48208-R,True,planned,False,,,,,2026-09-07T08:42:24.659182+02:00
NSR:StopPlace:234,Mørkved stasjon,2026-09-07T07:42:00+02:00,2026-09-07T07:42:00+02:00,,0.0,0,Mosjøen,SJN:Line:71,Nordlandsbanen,F7,rail,SJN:ServiceJourney:470_48259-R,True,planned,False,,,,,2026-09-07T08:42:24.659182+02:00
NSR:StopPlace:261,Ganddal stasjon,2026-09-07T08:45:00+02:00,2026-09-07T08:45:00+02:00,,0.0,0,Nærbø,GOA:Line:59,Jærbanen,L5,rail,GOA:ServiceJourney:3018_63050-R,True,planned,False,,,,,2026-09-07T08:42:24.659182+02:00
NSR:StopPlace:500,Bellingmo stasjon,2026-09-07T05:24:00+02:00,2026-09-07T05:24:00+02:00,,0.0,0,Hamar,SJN:Line:25,Rørosbanen,R60,rail,SJN:ServiceJourney:2378_30115-R,True,planned,False,,,,,2026-09-07T08:42:24.659182+02:00
NSR:StopPlace:500,Bellingmo stasjon,2026-09-07T07:24:00+02:00,2026-09-07T07:24:00+02:00,,0.0,0,Hamar,SJN:Line:25,Rørosbanen,R60,rail,SJN:ServiceJourney:2380_37659-R,True,planned,False,,,,,2026-09-07T08:42:24.659182+02:00
NSR:StopPlace:535,Kjosfossen stasjon,2026-09-07T07:52:00+02:00,2026-09-07T07:52:00+02:00,,0.0,0,Myrdal,VYG:Line:R45,Myrdal-Flåm,R45,rail,VYG:ServiceJourney:1850_465768-R,True,planned,False,,,,,2026-09-07T08:42:24.659182+02:00
NSR:StopPlace:535,Kjosfossen stasjon,2026-09-07T09:06:00+02:00,2026-09-07T09:06:00+02:00,,0.0,0,Myrdal,VYG:Line:R45,Myrdal-Flåm,R45,rail,VYG:ServiceJourney:1852_465771-R,True,planned,False,,,,,2026-09-07T08:42:24.659182+02:00
NSR:StopPlace:441,Auli stasjon,2026-09-07T09:15:00+02:00,2026-09-07T09:15:00+02:00,,0.0,0,Asker,VYG:Line:R14,Asker-Oslo S-Kongsvinger,R14,rail,VYG:ServiceJourney:1010_442915-R,True,planned,False,,,,,2026-09-07T08:42:24.659182+02:00
NSR:StopPlace:441,Auli stasjon,2026-09-07T09:41:00+02:00,2026-09-07T09:41:00+02:00,,0.0,0,Kongsvinger,VYG:Line:R14,Asker-Oslo S-Kongsvinger,R14,rail,VYG:ServiceJourney:1009_442914-R,True,planned,False,,,,,2026-09-07T08:42:24.659182+02:00
NSR:StopPlace:445,Vieren stasjon,2026-09-07T09:09:00+02:00,2026-09-07T09:09:00+02:00,,0.0,0,Myrdal,VYG:Line:R40,Bergen-Voss-Myrdal-Ål,R40,rail,VYG:ServiceJourney:1804_465739-R,True,planned,False,,,,,2026-09-07T08:42:24.659182+02:00
NSR:StopPlace:446,Langlete stasjon,2026-09-07T05:52:00+02:00,2026-09-07T05:52:00+02:00,,0.0,0,Trondheim S,SJN:Line:25,Rørosbanen,R60,rail,SJN:ServiceJourney:411_37676-R,True,planned,False,,,,,2026-09-07T08:42:24.659182+02:00
NSR:StopPlace:446,Langlete stasjon,2026-09-07T07:22:00+02:00,2026-09-07T07:22:00+02:00,,0.0,0,Hamar,SJN:Line:25,Rørosbanen,R60,rail,SJN:ServiceJourney:2382_48224-R,True,planned,False,,,,,2026-09-07T08:42:24.659182+02:00
NSR:StopPlace:448,Vatnahalsen stasjon,2026-09-07T07:59:00+02:00,2026-09-07T07:59:00+02:00,,0.0,0,Myrdal,VYG:Line:R45,Myrdal-Flåm,R45,rail,VYG:ServiceJourney:1850_465768-R,True,planned,False,,,,,2026-09-07T08:42:24.659182+02:00
NSR:StopPlace:448,Vatnahalsen stasjon,2026-09-07T09:13:00+02:00,2026-09-07T09:13:00+02:00,,0.0,0,Myrdal,VYG:Line:R45,Myrdal-Flåm,R45,rail,VYG:ServiceJourney:1852_465771-R,True,planned,False,,,,,2026-09-07T08:42:24.659182+02:00
NSR:StopPlace:448,Vatnahalsen stasjon,2026-09-07T09:33:00+02:00,2026-09-07T09:33:00+02:00,,0.0,0,Flåm,VYG:Line:R45,Myrdal-Flåm,R45,rail,VYG:ServiceJourney:1853_465772-R,True,planned,False,,,,,2026-09-07T08:42:24.659182+02:00
NSR:StopPlace:468,Ørneberget stasjon,2026-09-07T09:06:00+02:00,2026-09-07T09:06:00+02:00,,0.0,0,Myrdal,VYG:Line:R40,Bergen-Voss-Myrdal-Ål,R40,rail,VYG:ServiceJourney:1804_465739-R,True,planned,False,,,,,2026-09-07T08:42:24.659182+02:00
NSR:StopPlace:420,Lillehammer stasjon,2026-09-07T09:15:00+02:00,2026-09-07T09:15:00+02:00,,0.0,0,Drammen,VYG:Line:RE10,Drammen-Oslo S-Lillehammer,RE10,rail,VYG:ServiceJourney:312-LHM_444159-R,True,planned,False,,,,,2026-09-07T08:42:24.659182+02:00
NSR:StopPlace:425,Vinstra stasjon,2026-09-07T09:42:00+02:00,2026-09-07T09:42:00+02:00,,0.0,0,Oslo S,SJN:Line:21,Dovrebanen,F6,rail,SJN:ServiceJourney:40-TND_48233-R,True,planned,False,,,,,2026-09-07T08:42:24.659182+02:00
NSR:StopPlace:416,Vikhammer stasjon,2026-09-07T09:21:00+02:00,2026-09-07T09:21:00+02:00,,0.0,0,Lundamo,SJN:Line:26,Trønderbanen,R70,rail,SJN:ServiceJourney:426_56055-R,True,planned,False,,,,,2026-09-07T08:42:24.659182+02:00
NSR:StopPlace:702,Sandnes sentrum stasjon,2026-09-07T08:55:00+02:00,2026-09-07T08:55:00+02:00,,0.0,0,Skeiane,GOA:Line:59,Jærbanen,L5,rail,GOA:ServiceJourney:3116_63161-R,True,planned,False,,,,,2026-09-07T08:42:24.659182+02:00
NSR:StopPlace:708,Stange stasjon,2026-09-07T09:20:00+02:00,2026-09-07T09:20:00+02:00,,0.0,0,Drammen,VYG:Line:RE10,Drammen-Oslo S-Lillehammer,RE10,rail,VYG:ServiceJourney:310-LHM_444152-R,True,planned,False,,,,,2026-09-07T08:42:24.659182+02:00
NSR:StopPlace:708,Stange stasjon,2026-09-07T09:34:00+02:00,2026-09-07T09:34:00+02:00,,0.0,0,Lillehammer,VYG:Line:RE10,Drammen-Oslo S-Lillehammer,RE10,rail,VYG:ServiceJourney:309-SUD_465121-R,True,planned,False,Forsinket,Toget kjørte 3 minutter forsinket fra Drammen. Dette skyldes en tidligere stans.,incident,normal,2026-09-07T08:42:24.659182+02:00
NSR:StopPlace:628,Darbu stasjon,2026-09-07T08:48:00+02:00,2026-09-07T08:48:00+02:00,,0.0,0,Eidsvoll,VYG:Line:R12,Kongsberg-Oslo S-Eidsvoll,R12,rail,VYG:ServiceJourney:510_444304-R,True,planned,False,,,,,2026-09-07T08:42:24.659182+02:00
NSR:StopPlace:628,Darbu stasjon,2026-09-07T09:11:00+02:00,2026-09-07T09:11:00+02:00,,0.0,0,Kongsberg,VYG:Line:R12,Kongsberg-Oslo S-Eidsvoll,R12,rail,VYG:ServiceJourney:507_444300-R,True,planned,False,,,,,2026-09-07T08:42:24.659182+02:00
NSR:StopPlace:62094,Lindeberg stasjon,2026-09-07T08:48:00+02:00,2026-09-07T08:48:00+02:00,,0.0,0,Drammen,VYG:Line:R13,Drammen-Oslo S-Dal,R13,rail,VYG:ServiceJourney:1616_443247-R,True,planned,False,,,,,2026-09-07T08:42:24.659182+02:00
NSR:StopPlace:62094,Lindeberg stasjon,2026-09-07T09:07:00+02:00,2026-09-07T09:07:00+02:00,,0.0,0,Dal,VYG:Line:R13,Drammen-Oslo S-Dal,R13,rail,VYG:ServiceJourney:1615_443244-R,True,planned,False,,,,,2026-09-07T08:42:24.659182+02:00
NSR:StopPlace:62094,Lindeberg stasjon,2026-09-07T09:18:00+02:00,2026-09-07T09:18:00+02:00,,0.0,0,Drammen,VYG:Line:R13,Drammen-Oslo S-Dal,R13,rail,VYG:ServiceJourney:1618_443252-R,True,planned,False,,,,,2026-09-07T08:42:24.659182+02:00
NSR:StopPlace:62094,Lindeberg stasjon,2026-09-07T09:37:00+02:00,2026-09-07T09:37:00+02:00,,0.0,0,Dal,VYG:Line:R13,Drammen-Oslo S-Dal,R13,rail,VYG:ServiceJourney:1617_443249-R,True,planned,False,,,,,2026-09-07T08:42:24.659182+02:00
NSR:StopPlace:62309,Ljan stasjon,2026-09-07T08:50:00+02:00,2026-09-07T08:50:00+02:00,,0.0,0,Lysaker,VYG:Line:L2,Stabekk-Oslo S-Ski,L2,rail,VYG:ServiceJourney:2818-SKI_444030-R,True,planned,False,Færre vogner,Denne avgangen kjører dessverre med 3 vogner i stedet for 6 vogner. Dette skyldes at vi mangler et togsett.,general,normal,2026-09-07T08:42:24.659182+02:00
NSR:StopPlace:62309,Ljan stasjon,2026-09-07T09:05:00+02:00,2026-09-07T09:05:00+02:00,,0.0,0,Stabekk,VYG:Line:L2,Stabekk-Oslo S-Ski,L2,rail,VYG:ServiceJourney:2720-SKI_443927-R,True,planned,False,Færre vogner,Denne avgangen kjører dessverre med 3 vogner i stedet for 6 vogner. Dette skyldes at vi mangler et togsett.,general,normal,2026-09-07T08:42:24.659182+02:00
NSR:StopPlace:62309,Ljan stasjon,2026-09-07T09:09:00+02:00,2026-09-07T09:09:00+02:00,,0.0,0,Ski,VYG:Line:L2,Stabekk-Oslo S-Ski,L2,rail,VYG:ServiceJourney:2815-HVK_444027-R,True,planned,False,,,,,2026-09-07T08:42:24.659182+02:00
NSR:StopPlace:62309,Ljan stasjon,2026-09-07T09:20:00+02:00,2026-09-07T09:20:00+02:00,,0.0,0,Skøyen,VYG:Line:L2,Stabekk-Oslo S-Ski,L2,rail,VYG:ServiceJourney:2820-SKI_488365-R,True,planned,False,,,,,2026-09-07T08:42:24.659182+02:00
NSR:StopPlace:62309,Ljan stasjon,2026-09-07T09:24:00+02:00,2026-09-07T09:24:00+02:00,,0.0,0,Ski,VYG:Line:L2,Stabekk-Oslo S-Ski,L2,rail,VYG:ServiceJourney:2717-HVK_443923-R,True,planned,False,Færre vogner,Denne avgangen kjører dessverre med 3 vogner i stedet for 6 vogner. Dette skyldes at vi mangler et togsett.,general,normal,2026-09-07T08:42:24.659182+02:00
NSR:StopPlace:62309,Ljan stasjon,2026-09-07T09:35:00+02:00,2026-09-07T09:35:00+02:00,,0.0,0,Stabekk,VYG:Line:L2,Stabekk-Oslo S-Ski,L2,rail,VYG:ServiceJourney:2722-SKI_443929-R,True,planned,False,,,,,2026-09-07T08:42:24.659182+02:00
NSR:StopPlace:62309,Ljan stasjon,2026-09-07T09:39:00+02:00,2026-09-07T09:39:00+02:00,,0.0,0,Ski,VYG:Line:L2,Stabekk-Oslo S-Ski,L2,rail,VYG:ServiceJourney:2817-HVK_444029-R,True,planned,False,,,,,2026-09-07T08:42:24.659182+02:00
NSR:StopPlace:62308,Alna stasjon,2026-09-07T09:02:00+02:00,2026-09-07T09:02:00+02:00,,0.0,0,Spikkestad,VYG:Line:L1,Spikkestad-Oslo S-Lillestrøm,L1,rail,VYG:ServiceJourney:2217_443611-R,True,planned,False,,,,,2026-09-07T08:42:24.659182+02:00
NSR:StopPlace:62308,Alna stasjon,2026-09-07T09:03:00+02:00,2026-09-07T09:03:00+02:00,,0.0,0,Lillestrøm,VYG:Line:L1,Spikkestad-Oslo S-Lillestrøm,L1,rail,VYG:ServiceJourney:2116_443521-R,True,planned,False,,,,,2026-09-07T08:42:24.659182+02:00
NSR:StopPlace:62308,Alna stasjon,2026-09-07T09:17:00+02:00,2026-09-07T09:17:00+02:00,,0.0,0,Asker,VYG:Line:L1,Spikkestad-Oslo S-Lillestrøm,L1,rail,VYG:ServiceJourney:2117_443522-R,True,planned,False,,,,,2026-09-07T08:42:24.659182+02:00
NSR:StopPlace:62308,Alna stasjon,2026-09-07T09:18:00+02:00,2026-09-07T09:18:00+02:00,,0.0,0,Lillestrøm,VYG:Line:L1,Spikkestad-Oslo S-Lillestrøm,L1,rail,VYG:ServiceJourney:2218_443613-R,True,planned,False,,,,,2026-09-07T08:42:24.659182+02:00
NSR:StopPlace:62308,Alna stasjon,2026-09-07T09:32:00+02:00,2026-09-07T09:32:00+02:00,,0.0,0,Spikkestad,VYG:Line:L1,Spikkestad-Oslo S-Lillestrøm,L1,rail,VYG:ServiceJourney:2219_443614-R,True,planned,False,,,,,2026-09-07T08:42:24.659182+02:00
NSR:StopPlace:62308,Alna stasjon,2026-09-07T09:33:00+02:00,2026-09-07T09:33:00+02:00,,0.0,0,Lillestrøm,VYG:Line:L1,Spikkestad-Oslo S-Lillestrøm,L1,rail,VYG:ServiceJourney:2118_728240-R,True,planned,False,Færre vogner,Denne avgangen kjører dessverre med 4 vogner i stedet for 8 vogner. Dette skyldes at vi mangler et togsett.,general,normal,2026-09-07T08:42:24.659182+02:00
NSR:StopPlace:62336,Knapstad stasjon,2026-09-07T06:50:00+02:00,2026-09-07T06:50:00+02:00,,0.0,0,Oslo S,VYG:Line:R22,Skøyen-Oslo S-Mysen-Rakkestad,R22,rail,VYG:ServiceJourney:1952_443498-R,True,planned,False,,,,,2026-09-07T08:42:24.659182+02:00
NSR:StopPlace:62336,Knapstad stasjon,2026-09-07T07:53:00+02:00,2026-09-07T07:53:00+02:00,,0.0,0,Oslo S,VYG:Line:R22,Skøyen-Oslo S-Mysen-Rakkestad,R22,rail,VYG:ServiceJourney:1954_443500-R,True,planned,False,,,,,2026-09-07T08:42:24.659182+02:00
NSR:StopPlace:62336,Knapstad stasjon,2026-09-07T08:24:00+02:00,2026-09-07T08:24:00+02:00,,0.0,0,Oslo S,VYG:Line:R22,Skøyen-Oslo S-Mysen-Rakkestad,R22,rail,VYG:ServiceJourney:1910_443448-R,True,planned,False,,,,,2026-09-07T08:42:24.659182+02:00
NSR:StopPlace:62336,Knapstad stasjon,2026-09-07T09:23:00+02:00,2026-09-07T09:23:00+02:00,,0.0,0,Oslo S,VYG:Line:R22,Skøyen-Oslo S-Mysen-Rakkestad,R22,rail,VYG:ServiceJourney:1912_443451-R,True,planned,False,,,,,2026-09-07T08:42:24.659182+02:00
NSR:StopPlace:62336,Knapstad stasjon,2026-09-07T09:32:00+02:00,2026-09-07T09:32:00+02:00,,0.0,0,Rakkestad,VYG:Line:R22,Skøyen-Oslo S-Mysen-Rakkestad,R22,rail,VYG:ServiceJourney:1909_443446-R,True,planned,False,,,,,2026-09-07T08:42:24.659182+02:00
NSR:StopPlace:62335,Eidsberg stasjon,2026-09-07T08:03:00+02:00,2026-09-07T08:03:00+02:00,,0.0,0,Rakkestad,VYG:Line:R22,Skøyen-Oslo S-Mysen-Rakkestad,R22,rail,VYG:ServiceJourney:1905_443439-R,True,planned,False,,,,,2026-09-07T08:42:24.659182+02:00
NSR:StopPlace:62335,Eidsberg stasjon,2026-09-07T08:52:00+02:00,2026-09-07T08:52:00+02:00,,0.0,0,Oslo S,VYG:Line:R22,Skøyen-Oslo S-Mysen-Rakkestad,R22,rail,VYG:ServiceJourney:1912_443451-R,True,planned,False,,,,,2026-09-07T08:42:24.659182+02:00
NSR:StopPlace:62335,Eidsberg stasjon,2026-09-07T09:03:00+02:00,2026-09-07T09:03:00+02:00,,0.0,0,Rakkestad,VYG:Line:R22,Skøyen-Oslo S-Mysen-Rakkestad,R22,rail,VYG:ServiceJourney:1907_443443-R,True,planned,False,,,,,2026-09-07T08:42:24.659182+02:00
NSR:StopPlace:62349,Kvam stasjon,2026-09-07T09:31:00+02:00,2026-09-07T09:31:00+02:00,,0.0,0,Oslo S,SJN:Line:21,Dovrebanen,F6,rail,SJN:ServiceJourney:40-TND_48233-R,True,planned,False,,,,,2026-09-07T08:42:24.659182+02:00
NSR:StopPlace:62348,Lesjaverk stasjon,2026-09-07T08:16:00+02:00,2026-09-07T08:16:00+02:00,,0.0,0,Dombås,SJN:Line:22,Raumabanen,R65,rail,SJN:ServiceJourney:2340_48219-R,True,planned,False,,,,,2026-09-07T08:42:24.659182+02:00
NSR:StopPlace:62347,Lesja stasjon,2026-09-07T08:30:00+02:00,2026-09-07T08:30:00+02:00,,0.0,0,Dombås,SJN:Line:22,Raumabanen,R65,rail,SJN:ServiceJourney:2340_48219-R,True,planned,False,,,,,2026-09-07T08:42:24.659182+02:00
NSR:StopPlace:62341,Tangen stasjon,2026-09-07T09:25:00+02:00,2026-09-07T09:25:00+02:00,,0.0,0,Lillehammer,VYG:Line:RE10,Drammen-Oslo S-Lillehammer,RE10,rail,VYG:ServiceJourney:309-SUD_465121-R,True,planned,False,Forsinket,Toget kjørte 3 minutter forsinket fra Drammen. Dette skyldes en tidligere stans.,incident,normal,2026-09-07T08:42:24.659182+02:00
NSR:StopPlace:62341,Tangen stasjon,2026-09-07T09:34:00+02:00,2026-09-07T09:34:00+02:00,,0.0,0,Drammen,VYG:Line:RE10,Drammen-Oslo S-Lillehammer,RE10,rail,VYG:ServiceJourney:310-LHM_444152-R,True,planned,False,,,,,2026-09-07T08:42:24.659182+02:00
NSR:StopPlace:62340,Ilseng stasjon,2026-09-07T07:34:00+02:00,2026-09-07T07:34:00+02:00,,0.0,0,Hamar,SJN:Line:25,Rørosbanen,R60,rail,SJN:ServiceJourney:2378_30115-R,True,planned,False,,,,,2026-09-07T08:42:24.659182+02:00
NSR:StopPlace:62340,Ilseng stasjon,2026-09-07T08:18:00+02:00,2026-09-07T08:18:00+02:00,,0.0,0,Røros,SJN:Line:25,Rørosbanen,R60,rail,SJN:ServiceJourney:2381_30117-R,True,planned,False,,,,,2026-09-07T08:42:24.659182+02:00
NSR:StopPlace:62340,Ilseng stasjon,2026-09-07T09:36:00+02:00,2026-09-07T09:36:00+02:00,,0.0,0,Hamar,SJN:Line:25,Rørosbanen,R60,rail,SJN:ServiceJourney:2380_37659-R,True,planned,False,,,,,2026-09-07T08:42:24.659182+02:00
NSR:StopPlace:62344,Steinvik stasjon,2026-09-07T06:45:00+02:00,2026-09-07T06:45:00+02:00,,0.0,0,Hamar,SJN:Line:25,Rørosbanen,R60,rail,SJN:ServiceJourney:2378_30115-R,True,planned,False,,,,,2026-09-07T08:42:24.659182+02:00
NSR:StopPlace:62369,Lilleby stasjon,2026-09-07T05:14:00+02:00,2026-09-07T05:14:00+02:00,,0.0,0,Steinkjer,SJN:Line:26,Trønderbanen,R70,rail,SJN:ServiceJourney:421_56050-R,True,planned,False,,,,,2026-09-07T08:42:24.659182+02:00
NSR:StopPlace:62369,Lilleby stasjon,2026-09-07T06:19:00+02:00,2026-09-07T06:19:00+02:00,,0.0,0,Steinkjer,SJN:Line:26,Trønderbanen,R70,rail,SJN:ServiceJourney:423_56052-R,True,planned,False,,,,,2026-09-07T08:42:24.659182+02:00
NSR:StopPlace:62369,Lilleby stasjon,2026-09-07T06:25:00+02:00,2026-09-07T06:25:00+02:00,,0.0,0,Støren,SJN:Line:26,Trønderbanen,R70,rail,SJN:ServiceJourney:420_56049-R,True,planned,False,,,,,2026-09-07T08:42:24.659182+02:00
NSR:StopPlace:62369,Lilleby stasjon,2026-09-07T06:59:00+02:00,2026-09-07T06:59:00+02:00,,0.0,0,Lerkendal,SJN:Line:26,Trønderbanen,R70,rail,SJN:ServiceJourney:1760_56046-R,True,planned,False,,,,,2026-09-07T08:42:24.659182+02:00
NSR:StopPlace:62369,Lilleby stasjon,2026-09-07T07:18:00+02:00,2026-09-07T07:18:00+02:00,,0.0,0,Steinkjer,SJN:Line:26,Trønderbanen,R70,rail,SJN:ServiceJourney:425_56054-R,True,planned,False,,,,,2026-09-07T08:42:24.659182+02:00
NSR:StopPlace:62369,Lilleby stasjon,2026-09-07T07:37:00+02:00,2026-09-07T07:37:00+02:00,,0.0,0,Melhus skysstasjon,SJN:Line:26,Trønderbanen,R70,rail,SJN:ServiceJourney:422-STK_56051-R,True,planned,False,,,,,2026-09-07T08:42:24.659182+02:00
NSR:StopPlace:62369,Lilleby stasjon,2026-09-07T08:20:00+02:00,2026-09-07T08:20:00+02:00,,0.0,0,Steinkjer,SJN:Line:26,Trønderbanen,R70,rail,SJN:ServiceJourney:427_56056-R,True,planned,False,,,,,2026-09-07T08:42:24.659182+02:00
NSR:StopPlace:62369,Lilleby stasjon,2026-09-07T09:37:00+02:00,2026-09-07T09:37:00+02:00,,0.0,0,Lundamo,SJN:Line:26,Trønderbanen,R70,rail,SJN:ServiceJourney:426_56055-R,True,planned,False,,,,,2026-09-07T08:42:24.659182+02:00
NSR:StopPlace:62375,Kotsøy stasjon,2026-09-07T06:17:00+02:00,2026-09-07T06:17:00+02:00,,0.0,0,Trondheim S,SJN:Line:25,Rørosbanen,R60,rail,SJN:ServiceJourney:411_37676-R,True,planned,False,,,,,2026-09-07T08:42:24.659182+02:00
NSR:StopPlace:62375,Kotsøy stasjon,2026-09-07T06:57:00+02:00,2026-09-07T06:57:00+02:00,,0.0,0,Hamar,SJN:Line:25,Rørosbanen,R60,rail,SJN:ServiceJourney:2382_48224-R,True,planned,False,,,,,2026-09-07T08:42:24.659182+02:00
NSR:StopPlace:62374,Ålen stasjon,2026-09-07T05:31:00+02:00,2026-09-07T05:31:00+02:00,,0.0,0,Trondheim S,SJN:Line:25,Rørosbanen,R60,rail,SJN:ServiceJourney:411_37676-R,True,planned,False,,,,,2026-09-07T08:42:24.659182+02:00
NSR:StopPlace:62374,Ålen stasjon,2026-09-07T07:45:00+02:00,2026-09-07T07:45:00+02:00,,0.0,0,Hamar,SJN:Line:25,Rørosbanen,R60,rail,SJN:ServiceJourney:2382_48224-R,True,planned,False,,,,,2026-09-07T08:42:24.659182+02:00
NSR:StopPlace:62373,Berkåk stasjon,2026-09-07T09:27:00+02:00,2026-09-07T09:27:00+02:00,,0.0,0,Oslo S,SJN:Line:21,Dovrebanen,F6,rail,SJN:ServiceJourney:42-TND_47981-R,True,planned,False,,,,,2026-09-07T08:42:24.659182+02:00
NSR:StopPlace:62379,Bergsgrav stasjon,2026-09-07T08:54:00+02:00,2026-09-07T08:54:00+02:00,,0.0,0,Steinkjer,SJN:Line:26,Trønderbanen,R70,rail,SJN:ServiceJourney:425_56054-R,True,planned,False,,,,,2026-09-07T08:42:24.659182+02:00
NSR:StopPlace:62379,Bergsgrav stasjon,2026-09-07T09:01:00+02:00,2026-09-07T09:01:00+02:00,,0.0,0,Melhus skysstasjon,SJN:Line:26,Trønderbanen,R70,rail,SJN:ServiceJourney:428-STK_56057-R,True,planned,False,,,,,2026-09-07T08:42:24.659182+02:00
NSR:StopPlace:62378,Røstad stasjon,2026-09-07T05:06:00+02:00,2026-09-07T05:06:00+02:00,,0.0,0,Støren,SJN:Line:26,Trønderbanen,R70,rail,SJN:ServiceJourney:420_56049-R,True,planned,False,,,,,2026-09-07T08:42:24.659182+02:00
NSR:StopPlace:62378,Røstad stasjon,2026-09-07T05:38:00+02:00,2026-09-07T05:38:00+02:00,,0.0,0,Lerkendal,SJN:Line:26,Trønderbanen,R70,rail,SJN:ServiceJourney:1760_56046-R,True,planned,False,,,,,2026-09-07T08:42:24.659182+02:00
NSR:StopPlace:62378,Røstad stasjon,2026-09-07T06:06:00+02:00,2026-09-07T06:06:00+02:00,,0.0,0,Melhus skysstasjon,SJN:Line:26,Trønderbanen,R70,rail,SJN:ServiceJourney:422-STK_56051-R,True,planned,False,,,,,2026-09-07T08:42:24.659182+02:00
NSR:StopPlace:62378,Røstad stasjon,2026-09-07T06:37:00+02:00,2026-09-07T06:37:00+02:00,,0.0,0,Lerkendal,SJN:Line:26,Trønderbanen,R70,rail,SJN:ServiceJourney:1762_55816-R,True,planned,False,,,,,2026-09-07T08:42:24.659182+02:00
NSR:StopPlace:62378,Røstad stasjon,2026-09-07T06:44:00+02:00,2026-09-07T06:44:00+02:00,,0.0,0,Steinkjer,SJN:Line:26,Trønderbanen,R70,rail,SJN:ServiceJourney:421_56050-R,True,planned,False,,,,,2026-09-07T08:42:24.659182+02:00
NSR:StopPlace:62378,Røstad stasjon,2026-09-07T07:07:00+02:00,2026-09-07T07:07:00+02:00,,0.0,0,Ler,SJN:Line:26,Trønderbanen,R70,rail,SJN:ServiceJourney:424_56053-R,True,planned,False,,,,,2026-09-07T08:42:24.659182+02:00
NSR:StopPlace:62378,Røstad stasjon,2026-09-07T08:06:00+02:00,2026-09-07T08:06:00+02:00,,0.0,0,Lundamo,SJN:Line:26,Trønderbanen,R70,rail,SJN:ServiceJourney:426_56055-R,True,planned,False,,,,,2026-09-07T08:42:24.659182+02:00
NSR:StopPlace:62378,Røstad stasjon,2026-09-07T08:45:00+02:00,2026-09-07T08:45:00+02:00,,0.0,0,Steinkjer,SJN:Line:26,Trønderbanen,R70,rail,SJN:ServiceJourney:425_56054-R,True,planned,False,,,,,2026-09-07T08:42:24.659182+02:00
NSR:StopPlace:62378,Røstad stasjon,2026-09-07T09:07:00+02:00,2026-09-07T09:07:00+02:00,,0.0,0,Melhus skysstasjon,SJN:Line:26,Trønderbanen,R70,rail,SJN:ServiceJourney:428-STK_56057-R,True,planned,False,,,,,2026-09-07T08:42:24.659182+02:00
NSR:StopPlace:62377,Ronglan stasjon,2026-09-07T09:31:00+02:00,2026-09-07T09:31:00+02:00,,0.0,0,Steinkjer,SJN:Line:26,Trønderbanen,R70,rail,SJN:ServiceJourney:427_56056-R,True,planned,False,,,,,2026-09-07T08:42:24.659182+02:00
NSR:StopPlace:62376,Kopperå stasjon,2026-09-07T07:45:00+02:00,2026-09-07T07:45:00+02:00,,0.0,0,Meråker videregående,ATB:Line:2_7721,Kluksdal/Kopperå - Meråker,7721,bus,ATB:ServiceJourney:7721_260106098641037_4,True,planned,False,,,,,2026-09-07T08:42:24.659182+02:00
NSR:StopPlace:62376,Kopperå stasjon,2026-09-07T08:40:00+02:00,2026-09-07T08:40:00+02:00,,0.0,0,Storlien,SJN:Line:72,Meråkerbanen,R71,rail,SJN:ServiceJourney:1303_53533-R,True,planned,False,,,,,2026-09-07T08:42:24.659182+02:00
NSR:StopPlace:62371,Sparbu stasjon,2026-09-07T05:14:00+02:00,2026-09-07T05:14:00+02:00,,0.0,0,Lerkendal,SJN:Line:26,Trønderbanen,R70,rail,SJN:ServiceJourney:1760_56046-R,True,planned,False,,,,,2026-09-07T08:42:24.659182+02:00
NSR:StopPlace:62371,Sparbu stasjon,2026-09-07T05:42:00+02:00,2026-09-07T05:42:00+02:00,,0.0,0,Melhus skysstasjon,SJN:Line:26,Trønderbanen,R70,rail,SJN:ServiceJourney:422-STK_56051-R,True,planned,False,,,,,2026-09-07T08:42:24.659182+02:00
NSR:StopPlace:62371,Sparbu stasjon,2026-09-07T06:13:00+02:00,2026-09-07T06:13:00+02:00,,0.0,0,Lerkendal,SJN:Line:26,Trønderbanen,R70,rail,SJN:ServiceJourney:1762_55816-R,True,planned,False,,,,,2026-09-07T08:42:24.659182+02:00
NSR:StopPlace:62371,Sparbu stasjon,2026-09-07T06:43:00+02:00,2026-09-07T06:43:00+02:00,,0.0,0,Ler,SJN:Line:26,Trønderbanen,R70,rail,SJN:ServiceJourney:424_56053-R,True,planned,False,,,,,2026-09-07T08:42:24.659182+02:00
NSR:StopPlace:62371,Sparbu stasjon,2026-09-07T07:11:00+02:00,2026-09-07T07:11:00+02:00,,0.0,0,Steinkjer,SJN:Line:26,Trønderbanen,R70,rail,SJN:ServiceJourney:421_56050-R,True,planned,False,,,,,2026-09-07T08:42:24.659182+02:00
NSR:StopPlace:62371,Sparbu stasjon,2026-09-07T07:42:00+02:00,2026-09-07T07:42:00+02:00,,0.0,0,Lundamo,SJN:Line:26,Trønderbanen,R70,rail,SJN:ServiceJourney:426_56055-R,True,planned,False,,,,,2026-09-07T08:42:24.659182+02:00
NSR:StopPlace:62371,Sparbu stasjon,2026-09-07T08:10:00+02:00,2026-09-07T08:10:00+02:00,,0.0,0,Steinkjer,SJN:Line:26,Trønderbanen,R70,rail,SJN:ServiceJourney:423_56052-R,True,planned,False,,,,,2026-09-07T08:42:24.659182+02:00
NSR:StopPlace:62380,Røra stasjon,2026-09-07T08:48:00+02:00,2026-09-07T08:48:00+02:00,,0.0,0,Melhus skysstasjon,SJN:Line:26,Trønderbanen,R70,rail,SJN:ServiceJourney:428-STK_56057-R,True,planned,False,,,,,2026-09-07T08:42:24.659182+02:00
NSR:StopPlace:62380,Røra stasjon,2026-09-07T09:06:00+02:00,2026-09-07T09:06:00+02:00,,0.0,0,Steinkjer,SJN:Line:26,Trønderbanen,R70,rail,SJN:ServiceJourney:425_56054-R,True,planned,False,,,,,2026-09-07T08:42:24.659182+02:00
NSR:StopPlace:62393,Billingstad stasjon,2026-09-07T08:57:00+02:00,2026-09-07T08:57:00+02:00,,0.0,0,Lillestrøm,VYG:Line:L1,Spikkestad-Oslo S-Lillestrøm,L1,rail,VYG:ServiceJourney:2118_728240-R,True,planned,False,Færre vogner,Denne avgangen kjører dessverre med 4 vogner i stedet for 8 vogner. Dette skyldes at vi mangler et togsett.,general,normal,2026-09-07T08:42:24.659182+02:00
NSR:StopPlace:62393,Billingstad stasjon,2026-09-07T09:06:00+02:00,2026-09-07T09:06:00+02:00,,0.0,0,Spikkestad,VYG:Line:L1,Spikkestad-Oslo S-Lillestrøm,L1,rail,VYG:ServiceJourney:2215_443608-R,True,planned,False,,,,,2026-09-07T08:42:24.659182+02:00
NSR:StopPlace:62393,Billingstad stasjon,2026-09-07T09:13:00+02:00,2026-09-07T09:13:00+02:00,,0.0,0,Lillestrøm,VYG:Line:L1,Spikkestad-Oslo S-Lillestrøm,L1,rail,VYG:ServiceJourney:2220_445315-R,True,planned,False,,,,,2026-09-07T08:42:24.659182+02:00
NSR:StopPlace:62393,Billingstad stasjon,2026-09-07T09:22:00+02:00,2026-09-07T09:22:00+02:00,,0.0,0,Asker,VYG:Line:L1,Spikkestad-Oslo S-Lillestrøm,L1,rail,VYG:ServiceJourney:2115_443520-R,True,planned,False,,,,,2026-09-07T08:42:24.659182+02:00
NSR:StopPlace:62393,Billingstad stasjon,2026-09-07T09:27:00+02:00,2026-09-07T09:27:00+02:00,,0.0,0,Lillestrøm,VYG:Line:L1,Spikkestad-Oslo S-Lillestrøm,L1,rail,VYG:ServiceJourney:2120_443526-R,True,planned,False,Færre vogner,Denne avgangen kjører dessverre med 4 vogner i stedet for 8 vogner. Dette skyldes at vi mangler et togsett.,general,normal,2026-09-07T08:42:24.659182+02:00
NSR:StopPlace:62393,Billingstad stasjon,2026-09-07T09:36:00+02:00,2026-09-07T09:36:00+02:00,,0.0,0,Spikkestad,VYG:Line:L1,Spikkestad-Oslo S-Lillestrøm,L1,rail,VYG:ServiceJourney:2217_443611-R,True,planned,False,,,,,2026-09-07T08:42:24.659182+02:00
NSR:StopPlace:62392,Slependen stasjon,2026-09-07T08:59:00+02:00,2026-09-07T08:59:00+02:00,,0.0,0,Lillestrøm,VYG:Line:L1,Spikkestad-Oslo S-Lillestrøm,L1,rail,VYG:ServiceJourney:2118_728240-R,True,planned,False,Færre vogner,Denne avgangen kjører dessverre med 4 vogner i stedet for 8 vogner. Dette skyldes at vi mangler et togsett.,general,normal,2026-09-07T08:42:24.659182+02:00
NSR:StopPlace:62392,Slependen stasjon,2026-09-07T09:03:00+02:00,2026-09-07T09:03:00+02:00,,0.0,0,Spikkestad,VYG:Line:L1,Spikkestad-Oslo S-Lillestrøm,L1,rail,VYG:ServiceJourney:2215_443608-R,True,planned,False,,,,,2026-09-07T08:42:24.659182+02:00
NSR:StopPlace:62392,Slependen stasjon,2026-09-07T09:15:00+02:00,2026-09-07T09:15:00+02:00,,0.0,0,Lillestrøm,VYG:Line:L1,Spikkestad-Oslo S-Lillestrøm,L1,rail,VYG:ServiceJourney:2220_445315-R,True,planned,False,,,,,2026-09-07T08:42:24.659182+02:00
NSR:StopPlace:62392,Slependen stasjon,2026-09-07T09:19:00+02:00,2026-09-07T09:19:00+02:00,,0.0,0,Asker,VYG:Line:L1,Spikkestad-Oslo S-Lillestrøm,L1,rail,VYG:ServiceJourney:2115_443520-R,True,planned,False,,,,,2026-09-07T08:42:24.659182+02:00
NSR:StopPlace:62392,Slependen stasjon,2026-09-07T09:29:00+02:00,2026-09-07T09:29:00+02:00,,0.0,0,Lillestrøm,VYG:Line:L1,Spikkestad-Oslo S-Lillestrøm,L1,rail,VYG:ServiceJourney:2120_443526-R,True,planned,False,Færre vogner,Denne avgangen kjører dessverre med 4 vogner i stedet for 8 vogner. Dette skyldes at vi mangler et togsett.,general,normal,2026-09-07T08:42:24.659182+02:00
NSR:StopPlace:62392,Slependen stasjon,2026-09-07T09:33:00+02:00,2026-09-07T09:33:00+02:00,,0.0,0,Spikkestad,VYG:Line:L1,Spikkestad-Oslo S-Lillestrøm,L1,rail,VYG:ServiceJourney:2217_443611-R,True,planned,False,,,,,2026-09-07T08:42:24.659182+02:00
NSR:StopPlace:62295,Stanghelle stasjon,2026-09-07T09:20:00+02:00,2026-09-07T09:20:00+02:00,,0.0,0,Bergen,VYG:Line:R40,Bergen-Voss-Myrdal-Ål,R40,rail,VYG:ServiceJourney:1813_443399-R,True,planned,False,Forsinket,Toget kjørte 24 minutter forsinket fra Mjølfjell. Dette skyldes at togsettet vi trenger er forsinket.,incident,normal,2026-09-07T08:42:24.659182+02:00
NSR:StopPlace:61326,Gulskogen stasjon,2026-09-07T04:12:00+02:00,2026-09-07T04:12:00+02:00,,0.0,0,Eidsvoll,VYG:Line:R12,Kongsberg-Oslo S-Eidsvoll,R12,rail,VYG:ServiceJourney:500_444292-R,True,planned,False,,,,,2026-09-07T03:30:22.110925+02:00
NSR:StopPlace:61314,Hovin stasjon,2026-09-07T04:20:00+02:00,2026-09-07T04:20:00+02:00,,0.0,0,Steinkjer,SJN:Line:26,Trønderbanen,R70,rail,SJN:ServiceJourney:421_56050-R,True,planned,False,,,,,2026-09-07T03:30:22.110925+02:00
NSR:StopPlace:61608,Kristiansand stasjon,2026-09-07T03:45:00+02:00,2026-09-07T03:45:00+02:00,,0.0,0,Stavanger,GOA:Line:50,Sørtoget region,F5,rail,GOA:ServiceJourney:725-LOD_67061-R,True,planned,False,,,,,2026-09-07T03:30:22.110925+02:00
NSR:StopPlace:53,Røros stasjon,2026-09-07T04:18:00+02:00,2026-09-07T04:18:00+02:00,,0.0,0,Hamar,SJN:Line:25,Rørosbanen,R60,rail,SJN:ServiceJourney:2378_30115-R,True,planned,False,,,,,2026-09-07T03:30:22.110925+02:00
NSR:StopPlace:17,Ringebu stasjon,2026-09-07T03:53:00+02:00,2026-09-07T03:53:00+02:00,,0.0,0,Oslo S,SJN:Line:21,Dovrebanen,F6,rail,SJN:ServiceJourney:406-TND_30133-R,True,planned,False,,,,,2026-09-07T03:30:22.110925+02:00
NSR:StopPlace:59647,Dal stasjon,2026-09-07T04:05:00+02:00,2026-09-07T04:05:00+02:00,,0.0,0,Oslo lufthavn,RUT:Line:430,Eidsvoll - Jessheim,430,bus,RUT:ServiceJourney:3ead495017de5c0bc4df850c64fd6287,True,planned,False,,,,,2026-09-07T03:30:22.110925+02:00
NSR:StopPlace:59648,Kjelsås stasjon,2026-09-07T03:40:00+02:00,2026-09-07T03:40:00+02:00,,0.0,0,Jernbanetorget,RUT:Line:54,Kværnerbyen - Kjelsås stasjon,54,bus,RUT:ServiceJourney:b0b52a555347e54f872b4d9dc5e427fe,True,planned,False,,,,,2026-09-07T03:30:22.110925+02:00
NSR:StopPlace:59649,Nydalen stasjon,2026-09-07T04:03:00+02:00,2026-09-07T04:03:00+02:00,,0.0,0,Oslo lufthavn,NBU:Line:cb7b555c-f96e-42d5-84bf-a5e08c0145c2,Radiumhospitalet via Økern-Storo-Tåsen,FB3,bus,NBU:ServiceJourney:140f97bd-3ebd-470f-b17f-80ea94bc611f,True,planned,False,,,,,2026-09-07T03:30:22.110925+02:00
NSR:StopPlace:59643,Grefsen stasjon,2026-09-07T03:38:00+02:00,2026-09-07T03:38:00+02:00,,0.0,0,Oslo lufthavn,NBU:Line:cb7b555c-f96e-42d5-84bf-a5e08c0145c2,Radiumhospitalet via Økern-Storo-Tåsen,FB3,bus,NBU:ServiceJourney:2a1f9e25-a384-4773-a648-91bce13fb380,True,planned,False,,,,,2026-09-07T03:30:22.110925+02:00
NSR:StopPlace:59643,Grefsen stasjon,2026-09-07T04:08:00+02:00,2026-09-07T04:08:00+02:00,,0.0,0,Oslo lufthavn,NBU:Line:cb7b555c-f96e-42d5-84bf-a5e08c0145c2,Radiumhospitalet via Økern-Storo-Tåsen,FB3,bus,NBU:ServiceJourney:140f97bd-3ebd-470f-b17f-80ea94bc611f,True,planned,False,,,,,2026-09-07T03:30:22.110925+02:00
NSR:StopPlace:59650,Nyland stasjon,2026-09-07T03:52:00+02:00,2026-09-07T03:52:00+02:00,,0.0,0,Oslo lufthavn,NBU:Line:cb7b555c-f96e-42d5-84bf-a5e08c0145c2,Radiumhospitalet via Økern-Storo-Tåsen,FB3,bus,NBU:ServiceJourney:2a1f9e25-a384-4773-a648-91bce13fb380,True,planned,False,,,,,2026-09-07T03:30:22.110925+02:00
NSR:StopPlace:59650,Nyland stasjon,2026-09-07T04:22:00+02:00,2026-09-07T04:22:00+02:00,,0.0,0,Oslo lufthavn,NBU:Line:cb7b555c-f96e-42d5-84bf-a5e08c0145c2,Radiumhospitalet via Økern-Storo-Tåsen,FB3,bus,NBU:ServiceJourney:140f97bd-3ebd-470f-b17f-80ea94bc611f,True,planned,False,,,,,2026-09-07T03:30:22.110925+02:00
NSR:StopPlace:59651,Skøyen stasjon,2026-09-07T03:47:00+02:00,2026-09-07T03:47:00+02:00,,0.0,0,Helsfyr T,RUT:Line:20,Skøyen - Galgeberg,20,bus,RUT:ServiceJourney:494bc65e874ecfab2fcf3d2dbda30be5,True,planned,False,,,,,2026-09-07T03:30:22.110925+02:00
NSR:StopPlace:59651,Skøyen stasjon,2026-09-07T04:29:00+02:00,2026-09-07T04:29:00+02:00,,0.0,0,Oslo Lufthavn,FLT:Line:FLY1,FLY1,FLY1,rail,FLT:ServiceJourney:1-2614-3701-20260907,True,planned,False,,,,,2026-09-07T03:30:22.110925+02:00
NSR:StopPlace:59952,Drammen stasjon,2026-09-07T04:02:00+02:00,2026-09-07T04:02:00+02:00,,0.0,0,Oslo Lufthavn,FLT:Line:FLY1,FLY1,FLY1,rail,FLT:ServiceJourney:1-2614-3701-20260907,True,planned,False,,,,,2026-09-07T03:30:22.110925+02:00
NSR:StopPlace:59952,Drammen stasjon,2026-09-07T04:17:00+02:00,2026-09-07T04:17:00+02:00,,0.0,0,Eidsvoll,VYG:Line:R12,Kongsberg-Oslo S-Eidsvoll,R12,rail,VYG:ServiceJourney:500_444292-R,True,planned,False,,,,,2026-09-07T03:30:22.110925+02:00
NSR:StopPlace:59952,Drammen stasjon,2026-09-07T04:22:00+02:00,2026-09-07T04:22:00+02:00,,0.0,0,Oslo Lufthavn,FLT:Line:FLY1,FLY1,FLY1,rail,FLT:ServiceJourney:1-2614-3703-20260907,True,planned,False,,,,,2026-09-07T03:30:22.110925+02:00
NSR:StopPlace:59952,Drammen stasjon,2026-09-07T04:28:00+02:00,2026-09-07T04:28:00+02:00,,0.0,0,Sandefjord,VYG:Line:RE11,Eidsvoll-Oslo S-Skien,RE11,rail,VYG:ServiceJourney:871-SUD_444431-R,True,planned,False,,,,,2026-09-07T03:30:22.110925+02:00
NSR:StopPlace:60045,Hamar stasjon,2026-09-07T04:24:00+02:00,2026-09-07T04:24:00+02:00,,0.0,0,Skien,VYG:Line:RE11,Eidsvoll-Oslo S-Skien,RE11,rail,VYG:ServiceJourney:300-803-HHS_658721-R,True,planned,False,,,,,2026-09-07T03:30:22.110925+02:00
NSR:StopPlace:60053,Halden stasjon,2026-09-07T04:05:00+02:00,2026-09-07T04:05:00+02:00,,0.0,0,Oslo S,VYG:Line:RE20,Oslo S-Halden-Göteborg (X-Border),RE20,rail,VYG:ServiceJourney:102_508938-R,True,planned,False,,,,,2026-09-07T03:30:22.110925+02:00
NSR:StopPlace:60077,Støren stasjon,2026-09-07T04:14:00+02:00,2026-09-07T04:14:00+02:00,,0.0,0,Steinkjer,SJN:Line:26,Trønderbanen,R70,rail,SJN:ServiceJourney:421_56050-R,True,planned,False,,,,,2026-09-07T03:30:22.110925+02:00
NSR:StopPlace:60078,Kongsvoll stasjon,2026-09-07T04:10:00+02:00,2026-09-07T04:10:00+02:00,,0.0,0,Trondheim S,SJN:Line:21,Dovrebanen,F6,rail,SJN:ServiceJourney:405-LOD_30131-R,True,planned,False,,,,,2026-09-07T03:30:22.110925+02:00
NSR:StopPlace:59616,Asker stasjon,2026-09-07T04:14:00+02:00,2026-09-07T04:14:00+02:00,,0.0,0,Oslo Lufthavn,FLT:Line:FLY1,FLY1,FLY1,rail,FLT:ServiceJourney:1-2614-3701-20260907,True,planned,False,,,,,2026-09-07T03:30:22.110925+02:00
NSR:StopPlace:59616,Asker stasjon,2026-09-07T04:29:00+02:00,2026-09-07T04:29:00+02:00,,0.0,0,Eidsvoll,VYG:Line:R12,Kongsberg-Oslo S-Eidsvoll,R12,rail,VYG:ServiceJourney:500_444292-R,True,planned,False,,,,,2026-09-07T03:30:22.110925+02:00
NSR:StopPlace:60603,Kongsberg stasjon,2026-09-07T03:34:00+02:00,2026-09-07T03:34:00+02:00,,0.0,0,Eidsvoll,VYG:Line:R12,Kongsberg-Oslo S-Eidsvoll,R12,rail,VYG:ServiceJourney:500_444292-R,True,planned,False,,,,,2026-09-07T03:30:22.110925+02:00
NSR:StopPlace:59620,Grorud stasjon,2026-09-07T03:54:00+02:00,2026-09-07T03:54:00+02:00,,0.0,0,Oslo lufthavn,NBU:Line:cb7b555c-f96e-42d5-84bf-a5e08c0145c2,Radiumhospitalet via Økern-Storo-Tåsen,FB3,bus,NBU:ServiceJourney:2a1f9e25-a384-4773-a648-91bce13fb380,True,planned,False,,,,,2026-09-07T03:30:22.110925+02:00
NSR:StopPlace:59620,Grorud stasjon,2026-09-07T04:24:00+02:00,2026-09-07T04:24:00+02:00,,0.0,0,Oslo lufthavn,NBU:Line:cb7b555c-f96e-42d5-84bf-a5e08c0145c2,Radiumhospitalet via Økern-Storo-Tåsen,FB3,bus,NBU:ServiceJourney:140f97bd-3ebd-470f-b17f-80ea94bc611f,True,planned,False,,,,,2026-09-07T03:30:22.110925+02:00
NSR:StopPlace:59635,Hauketo stasjon,2026-09-07T03:49:00+02:00,2026-09-07T03:49:00+02:00,,0.0,0,Jernbanetorget,RUT:Line:3919,Kringsjå - Åsbråten,19N,bus,RUT:ServiceJourney:2c31060d540c32ab95c41af9edd77985,True,planned,False,,,,,2026-09-07T03:30:22.110925+02:00
NSR:StopPlace:59636,Holmlia stasjon,2026-09-07T03:45:00+02:00,2026-09-07T03:45:00+02:00,,0.0,0,Jernbanetorget,RUT:Line:3919,Kringsjå - Åsbråten,19N,bus,RUT:ServiceJourney:2c31060d540c32ab95c41af9edd77985,True,planned,False,,,,,2026-09-07T03:30:22.110925+02:00
NSR:StopPlace:58404,Nationaltheatret,2026-09-07T04:04:00+02:00,2026-09-07T04:04:00+02:00,,0.0,0,Helsfyr,RUT:Line:37,Nydalen T - Helsfyr,37,bus,RUT:ServiceJourney:4dace811fd14b434f3c73ca73d67192a,True,planned,False,,,,,2026-09-07T03:30:22.110925+02:00
NSR:StopPlace:58966,Porsgrunn stasjon,2026-09-07T04:18:00+02:00,2026-09-07T04:18:00+02:00,,0.0,0,Eidsvoll,VYG:Line:RE11,Eidsvoll-Oslo S-Skien,RE11,rail,VYG:ServiceJourney:802_444382-R,True,planned,False,Heis på Porsgrunn ute av drift,Heisen på Porsgrunn til spor 2 er ute av drift.,general,normal,2026-09-07T03:30:22.110925+02:00
NSR:StopPlace:58917,Marnardal stasjon,2026-09-07T04:16:00+02:00,2026-09-07T04:16:00+02:00,,0.0,0,Stavanger,GOA:Line:50,Sørtoget region,F5,rail,GOA:ServiceJourney:725-LOD_67061-R,True,planned,False,,,,,2026-09-07T03:30:22.110925+02:00
NSR:StopPlace:58918,Nodeland stasjon,2026-09-07T03:56:00+02:00,2026-09-07T03:56:00+02:00,,0.0,0,Stavanger,GOA:Line:50,Sørtoget region,F5,rail,GOA:ServiceJourney:725-LOD_67061-R,True,planned,False,,,,,2026-09-07T03:30:22.110925+02:00
NSR:StopPlace:58798,Rakkestad stasjon,2026-09-07T04:29:00+02:00,2026-09-07T04:29:00+02:00,,0.0,0,Oslo S,VYG:Line:R22,Skøyen-Oslo S-Mysen-Rakkestad,R22,rail,VYG:ServiceJourney:1904_443438-R,True,planned,False,,,,,2026-09-07T03:30:22.110925+02:00
NSR:StopPlace:58834,Hokksund stasjon,2026-09-07T03:59:00+02:00,2026-09-07T03:59:00+02:00,,0.0,0,Eidsvoll,VYG:Line:R12,Kongsberg-Oslo S-Eidsvoll,R12,rail,VYG:ServiceJourney:500_444292-R,True,planned,False,,,,,2026-09-07T03:30:22.110925+02:00
NSR:StopPlace:58836,Mjøndalen stasjon,2026-09-07T04:05:00+02:00,2026-09-07T04:05:00+02:00,,0.0,0,Eidsvoll,VYG:Line:R12,Kongsberg-Oslo S-Eidsvoll,R12,rail,VYG:ServiceJourney:500_444292-R,True,planned,False,,,,,2026-09-07T03:30:22.110925+02:00
NSR:StopPlace:58839,Steinberg stasjon,2026-09-07T04:02:00+02:00,2026-09-07T04:02:00+02:00,,0.0,0,Eidsvoll,VYG:Line:R12,Kongsberg-Oslo S-Eidsvoll,R12,rail,VYG:ServiceJourney:500_444292-R,True,planned,False,,,,,2026-09-07T03:30:22.110925+02:00
NSR:StopPlace:58844,Eidsvoll stasjon,2026-09-07T03:41:00+02:00,2026-09-07T03:41:00+02:00,,0.0,0,Oslo lufthavn,RUT:Line:430,Eidsvoll - Jessheim,430,bus,RUT:ServiceJourney:3ead495017de5c0bc4df850c64fd6287,True,planned,False,,,,,2026-09-07T03:30:22.110925+02:00
NSR:StopPlace:58845,Eidsvoll verk stasjon,2026-09-07T03:55:00+02:00,2026-09-07T03:55:00+02:00,,0.0,0,Oslo lufthavn,RUT:Line:430,Eidsvoll - Jessheim,430,bus,RUT:ServiceJourney:3ead495017de5c0bc4df850c64fd6287,True,planned,False,,,,,2026-09-07T03:30:22.110925+02:00
NSR:StopPlace:58840,Vestfossen stasjon,2026-09-07T03:53:00+02:00,2026-09-07T03:53:00+02:00,,0.0,0,Eidsvoll,VYG:Line:R12,Kongsberg-Oslo S-Eidsvoll,R12,rail,VYG:ServiceJourney:500_444292-R,True,planned,False,,,,,2026-09-07T03:30:22.110925+02:00
NSR:StopPlace:58856,Lysaker stasjon,2026-09-07T04:26:00+02:00,2026-09-07T04:26:00+02:00,,0.0,0,Oslo Lufthavn,FLT:Line:FLY1,FLY1,FLY1,rail,FLT:ServiceJourney:1-2614-3701-20260907,True,planned,False,,,,,2026-09-07T03:30:22.110925+02:00
NSR:StopPlace:58868,Årnes stasjon,2026-09-07T03:40:00+02:00,2026-09-07T03:40:00+02:00,,0.0,0,Oslo lufthavn,RUT:Line:450,Årnes - Oslo lufthavn,450,bus,RUT:ServiceJourney:2608dc61bf59701367a900ab7d82e792,True,planned,False,,,,,2026-09-07T03:30:22.110925+02:00
NSR:StopPlace:58889,Gjerstad stasjon,2026-09-07T04:08:00+02:00,2026-09-07T04:08:00+02:00,,0.0,0,Oslo S,GOA:Line:50,Sørtoget region,F5,rail,GOA:ServiceJourney:726-KVB_63257-R,True,planned,False,,,,,2026-09-07T03:30:22.110925+02:00
NSR:StopPlace:58880,Neslandsvatn stasjon,2026-09-07T04:23:00+02:00,2026-09-07T04:23:00+02:00,,0.0,0,Oslo S,GOA:Line:50,Sørtoget region,F5,rail,GOA:ServiceJourney:726-KVB_63257-R,True,planned,False,,,,,2026-09-07T03:30:22.110925+02:00
NSR:StopPlace:58884,Skien stasjon,2026-09-07T04:10:00+02:00,2026-09-07T04:10:00+02:00,,0.0,0,Eidsvoll,VYG:Line:RE11,Eidsvoll-Oslo S-Skien,RE11,rail,VYG:ServiceJourney:802_444382-R,True,planned,False,,,,,2026-09-07T03:30:22.110925+02:00
NSR:StopPlace:58884,Skien stasjon,2026-09-07T04:29:00+02:00,2026-09-07T04:29:00+02:00,,0.0,0,Oslo lufthavn,VYG:Line:RX11,Eidsvoll-Oslo S-Skien,RX11,rail,VYG:ServiceJourney:852_444422-R,True,planned,False,,,,,2026-09-07T03:30:22.110925+02:00
NSR:StopPlace:58890,Nelaug stasjon,2026-09-07T03:32:00+02:00,2026-09-07T03:32:00+02:00,,0.0,0,Oslo S,GOA:Line:50,Sørtoget region,F5,rail,GOA:ServiceJourney:726-KVB_63257-R,True,planned,False,,,,,2026-09-07T03:30:22.110925+02:00
NSR:StopPlace:58891,Vegårshei stasjon,2026-09-07T03:48:00+02:00,2026-09-07T03:48:00+02:00,,0.0,0,Oslo S,GOA:Line:50,Sørtoget region,F5,rail,GOA:ServiceJourney:726-KVB_63257-R,True,planned,False,,,,,2026-09-07T03:30:22.110925+02:00
NSR:StopPlace:58801,Sarpsborg stasjon,2026-09-07T04:26:00+02:00,2026-09-07T04:26:00+02:00,,0.0,0,Oslo S,VYG:Line:RE20,Oslo S-Halden-Göteborg (X-Border),RE20,rail,VYG:ServiceJourney:102_508938-R,True,planned,False,,,,,2026-09-07T03:30:22.110925+02:00
NSR:StopPlace:58805,Brumunddal stasjon,2026-09-07T04:11:00+02:00,2026-09-07T04:11:00+02:00,,0.0,0,Skien,VYG:Line:RE11,Eidsvoll-Oslo S-Skien,RE11,rail,VYG:ServiceJourney:300-803-HHS_658721-R,True,planned,False,,,,,2026-09-07T03:30:22.110925+02:00
NSR:StopPlace:58811,Moelv stasjon,2026-09-07T03:59:00+02:00,2026-09-07T03:59:00+02:00,,0.0,0,Skien,VYG:Line:RE11,Eidsvoll-Oslo S-Skien,RE11,rail,VYG:ServiceJourney:300-803-HHS_658721-R,True,planned,False,,,,,2026-09-07T03:30:22.110925+02:00
NSR:StopPlace:58812,Os stasjon,2026-09-07T04:28:00+02:00,2026-09-07T04:28:00+02:00,,0.0,0,Hamar,SJN:Line:25,Rørosbanen,R60,rail,SJN:ServiceJourney:2378_30115-R,True,planned,False,,,,,2026-09-07T03:30:22.110925+02:00
NSR:StopPlace:58816,Dombås stasjon,2026-09-07T03:36:00+02:00,2026-09-07T03:36:00+02:00,,0.0,0,Trondheim S,SJN:Line:21,Dovrebanen,F6,rail,SJN:ServiceJourney:405-LOD_30131-R,True,planned,False,,,,,2026-09-07T03:30:22.110925+02:00
NSR:StopPlace:58821,Hjerkinn stasjon,2026-09-07T04:01:00+02:00,2026-09-07T04:01:00+02:00,,0.0,0,Trondheim S,SJN:Line:21,Dovrebanen,F6,rail,SJN:ServiceJourney:405-LOD_30131-R,True,planned,False,,,,,2026-09-07T03:30:22.110925+02:00
NSR:StopPlace:274,Hunderfossen stasjon,2026-09-07T04:24:00+02:00,2026-09-07T04:24:00+02:00,,0.0,0,Oslo S,SJN:Line:21,Dovrebanen,F6,rail,SJN:ServiceJourney:406-TND_30133-R,True,planned,False,,,,,2026-09-07T03:30:22.110925+02:00
NSR:StopPlace:461,Lundamo stasjon,2026-09-07T04:26:00+02:00,2026-09-07T04:26:00+02:00,,0.0,0,Steinkjer,SJN:Line:26,Trønderbanen,R70,rail,SJN:ServiceJourney:421_56050-R,True,planned,False,,,,,2026-09-07T03:30:22.110925+02:00
NSR:StopPlace:420,Lillehammer stasjon,2026-09-07T03:36:00+02:00,2026-09-07T03:36:00+02:00,,0.0,0,Skien,VYG:Line:RE11,Eidsvoll-Oslo S-Skien,RE11,rail,VYG:ServiceJourney:300-803-HHS_658721-R,True,planned,False,,,,,2026-09-07T03:30:22.110925+02:00
NSR:StopPlace:420,Lillehammer stasjon,2026-09-07T04:19:00+02:00,2026-09-07T04:19:00+02:00,,0.0,0,Drammen,VYG:Line:RE10,Drammen-Oslo S-Lillehammer,RE10,rail,VYG:ServiceJourney:302-HHS_486370-R,True,planned,False,,,,,2026-09-07T03:30:22.110925+02:00
NSR:StopPlace:425,Vinstra stasjon,2026-09-07T03:35:00+02:00,2026-09-07T03:35:00+02:00,,0.0,0,Oslo S,SJN:Line:21,Dovrebanen,F6,rail,SJN:ServiceJourney:406-TND_30133-R,True,planned,False,,,,,2026-09-07T03:30:22.110925+02:00
NSR:StopPlace:628,Darbu stasjon,2026-09-07T03:47:00+02:00,2026-09-07T03:47:00+02:00,,0.0,0,Eidsvoll,VYG:Line:R12,Kongsberg-Oslo S-Eidsvoll,R12,rail,VYG:ServiceJourney:500_444292-R,True,planned,False,,,,,2026-09-07T03:30:22.110925+02:00
NSR:StopPlace:610,Sandvika stasjon,2026-09-07T04:20:00+02:00,2026-09-07T04:20:00+02:00,,0.0,0,Oslo Lufthavn,FLT:Line:FLY1,FLY1,FLY1,rail,FLT:ServiceJourney:1-2614-3701-20260907,True,planned,False,,,,,2026-09-07T03:30:22.110925+02:00
NSR:StopPlace:62456,Kvitfjell stasjon,2026-09-07T02:01:00+02:00,2026-09-07T02:01:00+02:00,,0.0,0,Trondheim S,SJN:Line:21,Dovrebanen,F6,rail,SJN:ServiceJourney:405-LOD_30131-R,True,planned,False,,,,,2026-09-07T03:30:22.110925+02:00
NSR:StopPlace:62456,Kvitfjell stasjon,2026-09-07T03:58:00+02:00,2026-09-07T03:58:00+02:00,,0.0,0,Oslo S,SJN:Line:21,Dovrebanen,F6,rail,SJN:ServiceJourney:406-TND_30133-R,True,planned,False,,,,,2026-09-07T03:30:22.110925+02:00
NSR:StopPlace:6,Greverud stasjon,2026-09-08T01:40:00+02:00,2026-09-08T01:40:00+02:00,,0.0,0,Ski,VYG:Line:L2,Stabekk-Oslo S-Ski,L2,rail,VYG:ServiceJourney:2781-HVK_444007-R,False,planned,False,,,,,2026-09-08T03:39:50.209703+02:00
NSR:StopPlace:61169,Marienborg stasjon,2026-09-08T00:06:00+02:00,2026-09-08T00:06:00+02:00,,0.0,0,Østmarka via Lerkendal-Strindh.,ATB:Line:2_13,Østmarka - Strindheim - Lerkendal - Havstad,13,bus,ATB:ServiceJourney:13_251215112552853_159,False,planned,False,,,,,2026-09-08T03:39:50.209703+02:00
NSR:StopPlace:61169,Marienborg stasjon,2026-09-08T00:06:00+02:00,2026-09-08T00:06:00+02:00,,0.0,0,Grillstad via St. Olavs h- Ladeham.,ATB:Line:2_20,Grillstad - Strindheim - Ladehammeren- Sentrum - Romolslia,20,bus,ATB:ServiceJourney:20_251215112548249_107,False,planned,False,,,,,2026-09-08T03:39:50.209703+02:00
NSR:StopPlace:61169,Marienborg stasjon,2026-09-08T00:08:00+02:00,2026-09-08T00:08:00+02:00,,0.0,0,Pirbadet via St. Olavs hospital,ATB:Line:2_23,Brattøra - St. Olavs - Hallset - Flatåsen - Sandmoen,23,bus,ATB:ServiceJourney:23_251215112545604_139,False,planned,False,,,,,2026-09-08T03:39:50.209703+02:00
NSR:StopPlace:61169,Marienborg stasjon,2026-09-08T00:22:00+02:00,2026-09-08T00:22:00+02:00,,0.0,0,Havstad,ATB:Line:2_13,Østmarka - Strindheim - Lerkendal - Havstad,13,bus,ATB:ServiceJourney:13_251215112552737_158,False,planned,False,,,,,2026-09-08T03:39:50.209703+02:00
NSR:StopPlace:61169,Marienborg stasjon,2026-09-08T00:28:00+02:00,2026-09-08T00:28:00+02:00,,0.0,0,Pirbadet via St. Olavs hospital,ATB:Line:2_23,Brattøra - St. Olavs - Hallset - Flatåsen - Sandmoen,23,bus,ATB:ServiceJourney:23_251215112546879_141,False,planned,False,,,,,2026-09-08T03:39:50.209703+02:00
NSR:StopPlace:61463,Nordstrand stasjon,2026-09-08T01:22:00+02:00,2026-09-08T01:22:00+02:00,,0.0,0,Ski,VYG:Line:L2,Stabekk-Oslo S-Ski,L2,rail,VYG:ServiceJourney:2781-HVK_444007-R,False,planned,False,,,,,2026-09-08T03:39:50.209703+02:00
NSR:StopPlace:59872,Oslo S,2026-09-08T00:07:00+02:00,2026-09-08T00:07:00+02:00,,0.0,0,Stabekk,VYG:Line:R21,Stabekk-Oslo S-Moss,R21,rail,VYG:ServiceJourney:1178-MOS_443076-R,False,planned,False,,,,,2026-09-08T03:39:50.209703+02:00
NSR:StopPlace:59872,Oslo S,2026-09-08T00:09:00+02:00,2026-09-08T00:09:00+02:00,,0.0,0,Kongsberg,VYG:Line:R12,Kongsberg-Oslo S-Eidsvoll,R12,rail,VYG:ServiceJourney:539_444349-R,False,planned,False,,,,,2026-09-08T03:39:50.209703+02:00
NSR:StopPlace:59872,Oslo S,2026-09-08T00:11:00+02:00,2026-09-08T00:11:00+02:00,,0.0,0,Lillestrøm,VYG:Line:L1,Spikkestad-Oslo S-Lillestrøm,L1,rail,VYG:ServiceJourney:2278_445378-R,False,planned,False,,,,,2026-09-08T03:39:50.209703+02:00
NSR:StopPlace:59872,Oslo S,2026-09-08T00:11:00+02:00,2026-09-08T00:11:00+02:00,,0.0,0,Spikkestad,VYG:Line:L1,Spikkestad-Oslo S-Lillestrøm,L1,rail,VYG:ServiceJourney:2277_443713-R,False,planned,False,,,,,2026-09-08T03:39:50.209703+02:00
NSR:StopPlace:59872,Oslo S,2026-09-08T00:14:00+02:00,2026-09-08T00:14:00+02:00,,0.0,0,Dal,VYG:Line:R13,Drammen-Oslo S-Dal,R13,rail,VYG:ServiceJourney:1677_443379-R,False,planned,False,,,,,2026-09-08T03:39:50.209703+02:00
NSR:StopPlace:59872,Oslo S,2026-09-08T00:16:00+02:00,2026-09-08T00:16:00+02:00,,0.0,0,Ski,VYG:Line:L2,Stabekk-Oslo S-Ski,L2,rail,VYG:ServiceJourney:2777-HVK_444000-R,False,planned,False,,,,,2026-09-08T03:39:50.209703+02:00
NSR:StopPlace:59872,Oslo S,2026-09-08T00:17:00+02:00,2026-09-08T00:17:00+02:00,,0.0,0,Stabekk,VYG:Line:L2,Stabekk-Oslo S-Ski,L2,rail,VYG:ServiceJourney:2780-SKI_444006-R,False,planned,False,,,,,2026-09-08T03:39:50.209703+02:00
NSR:StopPlace:59872,Oslo S,2026-09-08T00:19:00+02:00,2026-09-08T00:19:00+02:00,,0.0,0,Drammen,VYG:Line:R13,Drammen-Oslo S-Dal,R13,rail,VYG:ServiceJourney:1676_443378-R,False,planned,False,,,,,2026-09-08T03:39:50.209703+02:00
NSR:StopPlace:59872,Oslo S,2026-09-08T00:30:00+02:00,2026-09-08T00:30:00+02:00,,0.0,0,Mysen,VYG:Line:R22,Skøyen-Oslo S-Mysen-Rakkestad,R22,rail,VYG:ServiceJourney:1939_443494-R,False,planned,False,,,,,2026-09-08T03:39:50.209703+02:00
NSR:StopPlace:59872,Oslo S,2026-09-08T00:41:00+02:00,2026-09-08T00:41:00+02:00,,0.0,0,Lillestrøm,VYG:Line:L1,Spikkestad-Oslo S-Lillestrøm,L1,rail,VYG:ServiceJourney:2280_443718-R,False,planned,False,,,,,2026-09-08T03:39:50.209703+02:00
NSR:StopPlace:59872,Oslo S,2026-09-08T00:41:00+02:00,2026-09-08T00:41:00+02:00,,0.0,0,Spikkestad,VYG:Line:L1,Spikkestad-Oslo S-Lillestrøm,L1,rail,VYG:ServiceJourney:2279_443715-R,False,planned,False,,,,,2026-09-08T03:39:50.209703+02:00
NSR:StopPlace:59872,Oslo S,2026-09-08T00:46:00+02:00,2026-09-08T00:46:00+02:00,,0.0,0,Ski,VYG:Line:L2,Stabekk-Oslo S-Ski,L2,rail,VYG:ServiceJourney:2779-HVK_444003-R,False,planned,False,,,,,2026-09-08T03:39:50.209703+02:00
NSR:StopPlace:59872,Oslo S,2026-09-08T00:47:00+02:00,2026-09-08T00:47:00+02:00,,0.0,0,Stabekk,VYG:Line:L2,Stabekk-Oslo S-Ski,L2,rail,VYG:ServiceJourney:2782-SKI_444011-R,False,planned,False,,,,,2026-09-08T03:39:50.209703+02:00
NSR:StopPlace:59872,Oslo S,2026-09-08T00:49:00+02:00,2026-09-08T00:49:00+02:00,,0.0,0,Drammen,VYG:Line:R13,Drammen-Oslo S-Dal,R13,rail,VYG:ServiceJourney:1678_443382-R,False,planned,False,,,,,2026-09-08T03:39:50.209703+02:00
NSR:StopPlace:59872,Oslo S,2026-09-08T00:52:00+02:00,2026-09-08T00:52:00+02:00,,0.0,0,Moss,VYG:Line:R21,Stabekk-Oslo S-Moss,R21,rail,VYG:ServiceJourney:1179-HVK_443078-R,False,planned,False,,,,,2026-09-08T03:39:50.209703+02:00
NSR:StopPlace:59872,Oslo S,2026-09-08T01:16:00+02:00,2026-09-08T01:16:00+02:00,,0.0,0,Ski,VYG:Line:L2,Stabekk-Oslo S-Ski,L2,rail,VYG:ServiceJourney:2781-HVK_444007-R,False,planned,False,,,,,2026-09-08T03:39:50.209703+02:00
NSR:StopPlace:59648,Kjelsås stasjon,2026-09-08T00:10:00+02:00,2026-09-08T00:10:00+02:00,,0.0,0,Kværnerbyen,RUT:Line:54,Kværnerbyen - Kjelsås stasjon,54,bus,RUT:ServiceJourney:3a87dd81184fdc892807c8bea85c335f,False,planned,False,,,,,2026-09-08T03:39:50.209703+02:00
NSR:StopPlace:59648,Kjelsås stasjon,2026-09-08T00:10:00+02:00,2026-09-08T00:10:00+02:00,,0.0,0,Majorstuen,RUT:Line:25,Majorstuen-Haugerud,25,bus,RUT:ServiceJourney:e38d84a5222882322b2ed426af4abc25,False,planned,False,,,,,2026-09-08T03:39:50.209703+02:00
NSR:StopPlace:59648,Kjelsås stasjon,2026-09-08T00:11:00+02:00,2026-09-08T00:11:00+02:00,,0.0,0,Haugerud,RUT:Line:25,Majorstuen-Haugerud,25,bus,RUT:ServiceJourney:8af701124e0c21e0d8e8193849d40b78,False,planned,False,,,,,2026-09-08T03:39:50.209703+02:00
NSR:StopPlace:59648,Kjelsås stasjon,2026-09-08T00:23:00+02:00,2026-09-08T00:23:00+02:00,,0.0,0,Movatn,VYG:Line:R31,Skøyen-Jaren-Gjøvik,R31,rail,VYG:ServiceJourney:BUS-239_655512-R,False,planned,False,,,,,2026-09-08T03:39:50.209703+02:00
NSR:StopPlace:59648,Kjelsås stasjon,2026-09-08T00:25:00+02:00,2026-09-08T00:25:00+02:00,,0.0,0,Majorstuen,RUT:Line:25,Majorstuen-Haugerud,25,bus,RUT:ServiceJourney:fb4a8f65c0821031b4b3adde3b17fa12,False,planned,False,,,,,2026-09-08T03:39:50.209703+02:00
NSR:StopPlace:59648,Kjelsås stasjon,2026-09-08T00:26:00+02:00,2026-09-08T00:26:00+02:00,,0.0,0,Haugerud,RUT:Line:25,Majorstuen-Haugerud,25,bus,RUT:ServiceJourney:cf961f9cf2f2fb5df83fcc2d2ce1e4cf,False,planned,False,,,,,2026-09-08T03:39:50.209703+02:00
NSR:StopPlace:59648,Kjelsås stasjon,2026-09-08T00:40:00+02:00,2026-09-08T00:40:00+02:00,,0.0,0,Majorstuen,RUT:Line:25,Majorstuen-Haugerud,25,bus,RUT:ServiceJourney:4e72e860a5b5f3161c0040c83b3156c8,False,planned,False,,,,,2026-09-08T03:39:50.209703+02:00
NSR:StopPlace:59648,Kjelsås stasjon,2026-09-08T00:41:00+02:00,2026-09-08T00:41:00+02:00,,0.0,0,Haugerud,RUT:Line:25,Majorstuen-Haugerud,25,bus,RUT:ServiceJourney:e8ccc2e37e416bef55fbd0b833e094ed,False,planned,False,,,,,2026-09-08T03:39:50.209703+02:00
NSR:StopPlace:59648,Kjelsås stasjon,2026-09-08T01:18:00+02:00,2026-09-08T01:18:00+02:00,,0.0,0,Jernbanetorget,RUT:Line:3911,Majorstuen - Kjelsås,11N,bus,RUT:ServiceJourney:f8b184e4124cab131da7331afa3a428c,False,planned,False,,,,,2026-09-08T03:39:50.209703+02:00
NSR:StopPlace:59643,Grefsen stasjon,2026-09-08T00:11:00+02:00,2026-09-08T00:11:00+02:00,,0.0,0,Lysaker,RUT:Line:23,Lysaker - Simensbråten,23,bus,RUT:ServiceJourney:ec8faf1a3e108de20068c44a8c6e4ca0,False,planned,False,,,,,2026-09-08T03:39:50.209703+02:00
NSR:StopPlace:59643,Grefsen stasjon,2026-09-08T00:11:00+02:00,2026-09-08T00:11:00+02:00,,0.0,0,Gaustadalléen,RUT:Line:18,Grefsen st [4311] - Rikshospitalet,18,tram,RUT:ServiceJourney:0d44c5410f20b835830336634962d499,False,planned,False,,,,,2026-09-08T03:39:50.209703+02:00
NSR:StopPlace:59643,Grefsen stasjon,2026-09-08T00:19:00+02:00,2026-09-08T00:19:00+02:00,,0.0,0,Simensbråten,RUT:Line:23,Lysaker - Simensbråten,23,bus,RUT:ServiceJourney:c72d1fa700c53cfc9e790c5129b760ab,False,planned,False,,,,,2026-09-08T03:39:50.209703+02:00
NSR:StopPlace:59643,Grefsen stasjon,2026-09-08T00:23:00+02:00,2026-09-08T00:23:00+02:00,,0.0,0,Gaustadalléen,RUT:Line:17,Rikshospitalet - Sinsen o/ Carl Berner,17,tram,RUT:ServiceJourney:719e0d843348bf1dfe00d93cdce30f14,False,planned,False,,,,,2026-09-08T03:39:50.209703+02:00
NSR:StopPlace:59643,Grefsen stasjon,2026-09-08T00:31:00+02:00,2026-09-08T00:31:00+02:00,,0.0,0,Gaustadalléen,RUT:Line:18,Grefsen st [4311] - Rikshospitalet,18,tram,RUT:ServiceJourney:8bde3c957a5114c6034b5acf1375490f,False,planned,False,,,,,2026-09-08T03:39:50.209703+02:00
NSR:StopPlace:59643,Grefsen stasjon,2026-09-08T00:34:00+02:00,2026-09-08T00:34:00+02:00,,0.0,0,Simensbråten,RUT:Line:23,Lysaker - Simensbråten,23,bus,RUT:ServiceJourney:34b9426a78fee4240c00d9db88d35592,False,planned,False,,,,,2026-09-08T03:39:50.209703+02:00
NSR:StopPlace:59643,Grefsen stasjon,2026-09-08T00:43:00+02:00,2026-09-08T00:43:00+02:00,,0.0,0,Gaustadalléen,RUT:Line:17,Rikshospitalet - Sinsen o/ Carl Berner,17,tram,RUT:ServiceJourney:0d9319039d911cca0c1b20b91fa3749d,False,planned,False,,,,,2026-09-08T03:39:50.209703+02:00
NSR:StopPlace:59643,Grefsen stasjon,2026-09-08T00:49:00+02:00,2026-09-08T00:49:00+02:00,,0.0,0,Simensbråten,RUT:Line:23,Lysaker - Simensbråten,23,bus,RUT:ServiceJourney:be2da448ef95e9ecbb94b6bcf73da5d1,False,planned,False,,,,,2026-09-08T03:39:50.209703+02:00
NSR:StopPlace:59643,Grefsen stasjon,2026-09-08T00:51:00+02:00,2026-09-08T00:51:00+02:00,,0.0,0,Gaustadalléen,RUT:Line:18,Grefsen st [4311] - Rikshospitalet,18,tram,RUT:ServiceJourney:c6852ce698525bd2a8fb0e46b19f0d16,False,planned,False,,,,,2026-09-08T03:39:50.209703+02:00
NSR:StopPlace:60640,Heimdal stasjon,2026-09-08T00:12:00+02:00,2026-09-08T00:12:00+02:00,,0.0,0,Lund,ATB:Line:2_2,Strindheim- Lade- sentrum- Sau,2,bus,ATB:ServiceJourney:2_251215112550136_230,False,planned,False,,,,,2026-09-08T03:39:50.209703+02:00
NSR:StopPlace:60640,Heimdal stasjon,2026-09-08T00:21:00+02:00,2026-09-08T00:21:00+02:00,,0.0,0,Kattem,ATB:Line:2_1,Ranheim - Strindheim - sentrum - Tiller - Heimdal - Kattem,1,bus,ATB:ServiceJourney:1_251215112546307_246,False,planned,False,,,,,2026-09-08T03:39:50.209703+02:00
NSR:StopPlace:60640,Heimdal stasjon,2026-09-08T00:32:00+02:00,2026-09-08T00:32:00+02:00,,0.0,0,Lund,ATB:Line:2_2,Strindheim- Lade- sentrum- Sau,2,bus,ATB:ServiceJourney:2_251215112550137_232,False,planned,False,,,,,2026-09-08T03:39:50.209703+02:00
NSR:StopPlace:60640,Heimdal stasjon,2026-09-08T00:41:00+02:00,2026-09-08T00:41:00+02:00,,0.0,0,Kattem,ATB:Line:2_1,Ranheim - Strindheim - sentrum - Tiller - Heimdal - Kattem,1,bus,ATB:ServiceJourney:1_251215112546308_248,False,planned,False,,,,,2026-09-08T03:39:50.209703+02:00
NSR:StopPlace:60640,Heimdal stasjon,2026-09-08T00:52:00+02:00,2026-09-08T00:52:00+02:00,,0.0,0,Lund,ATB:Line:2_2,Strindheim- Lade- sentrum- Sau,2,bus,ATB:ServiceJourney:2_251215112550138_234,False,planned,False,,,,,2026-09-08T03:39:50.209703+02:00
NSR:StopPlace:59651,Skøyen stasjon,2026-09-08T00:06:00+02:00,2026-09-08T00:06:00+02:00,,0.0,0,Ski,VYG:Line:L2,Stabekk-Oslo S-Ski,L2,rail,VYG:ServiceJourney:2777-HVK_444000-R,False,planned,False,,,,,2026-09-08T03:39:50.209703+02:00
NSR:StopPlace:59651,Skøyen stasjon,2026-09-08T00:06:00+02:00,2026-09-08T00:06:00+02:00,,0.0,0,Fornebu,RUT:Line:31,Snarøya - Fornebu - Tonsenhagen - Grorud,31,bus,RUT:ServiceJourney:a58f7f65265c9889aa0ff5c060a0717c,False,planned,False,,,,,2026-09-08T03:39:50.209703+02:00
NSR:StopPlace:59651,Skøyen stasjon,2026-09-08T00:08:00+02:00,2026-09-08T00:08:00+02:00,,0.0,0,Grorud T,RUT:Line:31,Snarøya - Fornebu - Tonsenhagen - Grorud,31,bus,RUT:ServiceJourney:78bc0e14e4a81ed42748b1f9421aa76b,False,planned,False,,,,,2026-09-08T03:39:50.209703+02:00
NSR:StopPlace:59651,Skøyen stasjon,2026-09-08T00:09:00+02:00,2026-09-08T00:09:00+02:00,,0.0,0,Galgeberg,RUT:Line:20,Skøyen - Galgeberg,20,bus,RUT:ServiceJourney:e6b0cd2f2598e9272bd3533eb70ee61b,False,planned,False,,,,,2026-09-08T03:39:50.209703+02:00
NSR:StopPlace:59651,Skøyen stasjon,2026-09-08T00:10:00+02:00,2026-09-08T00:10:00+02:00,,0.0,0,Lilleaker,RUT:Line:3013,Buss for linje 13,13B,bus,RUT:ServiceJourney:82799707c2ed49c9f4582a8a70106eca,False,planned,False,Linje 13: Buss for trikk mellom Thune og Lilleaker ,Vi kjører buss for trikk (linje 13B) mellom Thune og Lilleaker. Bussen stopper ikke på Sollerud. 13B betjener Thune fra midlertidig holdeplass i Drammensveien,incident,normal,2026-09-08T03:39:50.209703+02:00
NSR:StopPlace:59651,Skøyen stasjon,2026-09-08T00:10:00+02:00,2026-09-08T00:10:00+02:00,,0.0,0,Bekkestua via Østerås,RUT:Line:140,Bekkestua - Østerås - Skøyen,140,bus,RUT:ServiceJourney:19db57fc19f313e4bc0427eca9025586,False,planned,False,,,,,2026-09-08T03:39:50.209703+02:00
NSR:StopPlace:59651,Skøyen stasjon,2026-09-08T00:11:00+02:00,2026-09-08T00:11:00+02:00,,0.0,0,Skøyen,RUT:Line:3013,Buss for linje 13,13B,bus,RUT:ServiceJourney:433b56c75e701c660d0c51cdb667699d,False,planned,False,Linje 13: Buss for trikk mellom Thune og Lilleaker ,Vi kjører buss for trikk (linje 13B) mellom Thune og Lilleaker. Bussen stopper ikke på Sollerud. 13B betjener Thune fra midlertidig holdeplass i Drammensveien,incident,normal,2026-09-08T03:39:50.209703+02:00
NSR:StopPlace:59651,Skøyen stasjon,2026-09-08T00:13:00+02:00,2026-09-08T00:13:00+02:00,,0.0,0,Stabekk,VYG:Line:R21,Stabekk-Oslo S-Moss,R21,rail,VYG:ServiceJourney:1178-MOS_443076-R,False,planned,False,,,,,2026-09-08T03:39:50.209703+02:00
NSR:StopPlace:59651,Skøyen stasjon,2026-09-08T00:15:00+02:00,2026-09-08T00:15:00+02:00,,0.0,0,Kongsberg,VYG:Line:R12,Kongsberg-Oslo S-Eidsvoll,R12,rail,VYG:ServiceJourney:539_444349-R,False,planned,False,,,,,2026-09-08T03:39:50.209703+02:00
NSR:StopPlace:59651,Skøyen stasjon,2026-09-08T00:16:00+02:00,2026-09-08T00:16:00+02:00,,0.0,0,Snarøya,RUT:Line:31,Snarøya - Fornebu - Tonsenhagen - Grorud,31,bus,RUT:ServiceJourney:1b3c5b46802de2e2dbe981e2897e2323,False,planned,False,,,,,2026-09-08T03:39:50.209703+02:00
NSR:StopPlace:59651,Skøyen stasjon,2026-09-08T00:17:00+02:00,2026-09-08T00:17:00+02:00,,0.0,0,Spikkestad,VYG:Line:L1,Spikkestad-Oslo S-Lillestrøm,L1,rail,VYG:ServiceJourney:2277_443713-R,False,planned,False,,,,,2026-09-08T03:39:50.209703+02:00
NSR:StopPlace:59651,Skøyen stasjon,2026-09-08T00:18:00+02:00,2026-09-08T00:18:00+02:00,,0.0,0,Tonsenhagen,RUT:Line:31,Snarøya - Fornebu - Tonsenhagen - Grorud,31,bus,RUT:ServiceJourney:6ecf080fd0e925147edd1c76f41400be,False,planned,False,,,,,2026-09-08T03:39:50.209703+02:00
NSR:StopPlace:59651,Skøyen stasjon,2026-09-08T00:19:00+02:00,2026-09-08T00:19:00+02:00,,0.0,0,Galgeberg,RUT:Line:20,Skøyen - Galgeberg,20,bus,RUT:ServiceJourney:d6a805b1ed94c74464136a03d606e248,False,planned,False,,,,,2026-09-08T03:39:50.209703+02:00
NSR:StopPlace:59651,Skøyen stasjon,2026-09-08T00:21:00+02:00,2026-09-08T00:21:00+02:00,,0.0,0,Skøyen,RUT:Line:140,Bekkestua - Østerås - Skøyen,140,bus,RUT:ServiceJourney:4d6f78865d3f907c4734ce262c7f8204,False,planned,False,,,,,2026-09-08T03:39:50.209703+02:00
NSR:StopPlace:59651,Skøyen stasjon,2026-09-08T00:23:00+02:00,2026-09-08T00:23:00+02:00,,0.0,0,Stabekk,VYG:Line:L2,Stabekk-Oslo S-Ski,L2,rail,VYG:ServiceJourney:2780-SKI_444006-R,False,planned,False,,,,,2026-09-08T03:39:50.209703+02:00
NSR:StopPlace:59651,Skøyen stasjon,2026-09-08T00:25:00+02:00,2026-09-08T00:25:00+02:00,,0.0,0,Lilleaker,RUT:Line:3013,Buss for linje 13,13B,bus,RUT:ServiceJourney:9eb1c66dd7e5021469c33e9ba0ed3464,False,planned,False,Linje 13: Buss for trikk mellom Thune og Lilleaker ,Vi kjører buss for trikk (linje 13B) mellom Thune og Lilleaker. Bussen stopper ikke på Sollerud. 13B betjener Thune fra midlertidig holdeplass i Drammensveien,incident,normal,2026-09-08T03:39:50.209703+02:00
NSR:StopPlace:59651,Skøyen stasjon,2026-09-08T00:25:00+02:00,2026-09-08T00:25:00+02:00,,0.0,0,Drammen,VYG:Line:R13,Drammen-Oslo S-Dal,R13,rail,VYG:ServiceJourney:1676_443378-R,False,planned,False,,,,,2026-09-08T03:39:50.209703+02:00
NSR:StopPlace:59651,Skøyen stasjon,2026-09-08T00:26:00+02:00,2026-09-08T00:26:00+02:00,,0.0,0,Fornebu,RUT:Line:31,Snarøya - Fornebu - Tonsenhagen - Grorud,31,bus,RUT:ServiceJourney:2cd63b316723f281d498bb02e7d54b85,False,planned,False,,,,,2026-09-08T03:39:50.209703+02:00
NSR:StopPlace:59651,Skøyen stasjon,2026-09-08T00:26:00+02:00,2026-09-08T00:26:00+02:00,,0.0,0,Skøyen,RUT:Line:3013,Buss for linje 13,13B,bus,RUT:ServiceJourney:bd975d6f3a82dca3f872cba9d62c0dd4,False,planned,False,Linje 13: Buss for trikk mellom Thune og Lilleaker ,Vi kjører buss for trikk (linje 13B) mellom Thune og Lilleaker. Bussen stopper ikke på Sollerud. 13B betjener Thune fra midlertidig holdeplass i Drammensveien,incident,normal,2026-09-08T03:39:50.209703+02:00
NSR:StopPlace:59651,Skøyen stasjon,2026-09-08T00:28:00+02:00,2026-09-08T00:28:00+02:00,,0.0,0,Grorud T,RUT:Line:31,Snarøya - Fornebu - Tonsenhagen - Grorud,31,bus,RUT:ServiceJourney:66c5f6e8bde5458eafba07bf719c26a2,False,planned,False,,,,,2026-09-08T03:39:50.209703+02:00
NSR:StopPlace:59651,Skøyen stasjon,2026-09-08T00:29:00+02:00,2026-09-08T00:29:00+02:00,,0.0,0,Skøyen,RUT:Line:130,Sandvika -Skøyen,130,bus,RUT:ServiceJourney:9ae1f68b1cd4a8be7021a52ccbd0237d,False,planned,False,,,,,2026-09-08T03:39:50.209703+02:00
NSR:StopPlace:59651,Skøyen stasjon,2026-09-08T00:29:00+02:00,2026-09-08T00:29:00+02:00,,0.0,0,Galgeberg,RUT:Line:20,Skøyen - Galgeberg,20,bus,RUT:ServiceJourney:8c15c91630f776a36a419d40c4d2f276,False,planned,False,,,,,2026-09-08T03:39:50.209703+02:00
NSR:StopPlace:59651,Skøyen stasjon,2026-09-08T00:32:00+02:00,2026-09-08T00:32:00+02:00,,0.0,0,Lillestrøm,VYG:Line:L1,Spikkestad-Oslo S-Lillestrøm,L1,rail,VYG:ServiceJourney:2280_443718-R,False,planned,False,,,,,2026-09-08T03:39:50.209703+02:00
NSR:StopPlace:59651,Skøyen stasjon,2026-09-08T00:33:00+02:00,2026-09-08T00:33:00+02:00,,0.0,0,Sandvika,RUT:Line:130,Sandvika -Skøyen,130,bus,RUT:ServiceJourney:969a323352311684a45e4c29ec0ebb27,False,planned,False,,,,,2026-09-08T03:39:50.209703+02:00
NSR:StopPlace:59651,Skøyen stasjon,2026-09-08T00:36:00+02:00,2026-09-08T00:36:00+02:00,,0.0,0,Ski,VYG:Line:L2,Stabekk-Oslo S-Ski,L2,rail,VYG:ServiceJourney:2779-HVK_444003-R,False,planned,False,,,,,2026-09-08T03:39:50.209703+02:00
NSR:StopPlace:59651,Skøyen stasjon,2026-09-08T00:36:00+02:00,2026-09-08T00:36:00+02:00,,0.0,0,Snarøya,RUT:Line:31,Snarøya - Fornebu - Tonsenhagen - Grorud,31,bus,RUT:ServiceJourney:10579b99e29353e3e5b6578dae291d4d,False,planned,False,,,,,2026-09-08T03:39:50.209703+02:00
NSR:StopPlace:59651,Skøyen stasjon,2026-09-08T00:39:00+02:00,2026-09-08T00:39:00+02:00,,0.0,0,Galgeberg,RUT:Line:20,Skøyen - Galgeberg,20,bus,RUT:ServiceJourney:f92c700524e034a8b1db78457023205c,False,planned,False,,,,,2026-09-08T03:39:50.209703+02:00
NSR:StopPlace:59651,Skøyen stasjon,2026-09-08T00:40:00+02:00,2026-09-08T00:40:00+02:00,,0.0,0,Lilleaker,RUT:Line:3013,Buss for linje 13,13B,bus,RUT:ServiceJourney:a60f092585e2fc20767c55f9b4cf5843,False,planned,False,Linje 13: Buss for trikk mellom Thune og Lilleaker ,Vi kjører buss for trikk (linje 13B) mellom Thune og Lilleaker. Bussen stopper ikke på Sollerud. 13B betjener Thune fra midlertidig holdeplass i Drammensveien,incident,normal,2026-09-08T03:39:50.209703+02:00
NSR:StopPlace:59651,Skøyen stasjon,2026-09-08T00:40:00+02:00,2026-09-08T00:40:00+02:00,,0.0,0,Bekkestua via Østerås,RUT:Line:140,Bekkestua - Østerås - Skøyen,140,bus,RUT:ServiceJourney:98fcb5c1bd9c0930a7f513dbb5c9eb1f,False,planned,False,,,,,2026-09-08T03:39:50.209703+02:00
NSR:StopPlace:59651,Skøyen stasjon,2026-09-08T00:41:00+02:00,2026-09-08T00:41:00+02:00,,0.0,0,Skøyen,RUT:Line:3013,Buss for linje 13,13B,bus,RUT:ServiceJourney:7cdea16eb960e3d03455822e5caf38b7,False,planned,False,Linje 13: Buss for trikk mellom Thune og Lilleaker ,Vi kjører buss for trikk (linje 13B) mellom Thune og Lilleaker. Bussen stopper ikke på Sollerud. 13B betjener Thune fra midlertidig holdeplass i Drammensveien,incident,normal,2026-09-08T03:39:50.209703+02:00
NSR:StopPlace:59651,Skøyen stasjon,2026-09-08T00:42:00+02:00,2026-09-08T00:42:00+02:00,,0.0,0,Moss,VYG:Line:R21,Stabekk-Oslo S-Moss,R21,rail,VYG:ServiceJourney:1179-HVK_443078-R,False,planned,False,,,,,2026-09-08T03:39:50.209703+02:00
NSR:StopPlace:59651,Skøyen stasjon,2026-09-08T00:46:00+02:00,2026-09-08T00:46:00+02:00,,0.0,0,Fornebu,RUT:Line:31,Snarøya - Fornebu - Tonsenhagen - Grorud,31,bus,RUT:ServiceJourney:61d37bd9b8e802dba5a9a72e40210611,False,planned,False,,,,,2026-09-08T03:39:50.209703+02:00
NSR:StopPlace:59651,Skøyen stasjon,2026-09-08T00:47:00+02:00,2026-09-08T00:47:00+02:00,,0.0,0,Spikkestad,VYG:Line:L1,Spikkestad-Oslo S-Lillestrøm,L1,rail,VYG:ServiceJourney:2279_443715-R,False,planned,False,,,,,2026-09-08T03:39:50.209703+02:00
NSR:StopPlace:59651,Skøyen stasjon,2026-09-08T00:49:00+02:00,2026-09-08T00:49:00+02:00,,0.0,0,Galgeberg,RUT:Line:20,Skøyen - Galgeberg,20,bus,RUT:ServiceJourney:414e06a68cf1dc0c5b7c96ade24936f6,False,planned,False,,,,,2026-09-08T03:39:50.209703+02:00
NSR:StopPlace:59651,Skøyen stasjon,2026-09-08T00:53:00+02:00,2026-09-08T00:53:00+02:00,,0.0,0,Stabekk,VYG:Line:L2,Stabekk-Oslo S-Ski,L2,rail,VYG:ServiceJourney:2782-SKI_444011-R,False,planned,False,,,,,2026-09-08T03:39:50.209703+02:00
NSR:StopPlace:59651,Skøyen stasjon,2026-09-08T00:55:00+02:00,2026-09-08T00:55:00+02:00,,0.0,0,Lilleaker,RUT:Line:3013,Buss for linje 13,13B,bus,RUT:ServiceJourney:c891624ff560e3d696b6e25113a60811,False,planned,False,Linje 13: Buss for trikk mellom Thune og Lilleaker ,Vi kjører buss for trikk (linje 13B) mellom Thune og Lilleaker. Bussen stopper ikke på Sollerud. 13B betjener Thune fra midlertidig holdeplass i Drammensveien,incident,normal,2026-09-08T03:39:50.209703+02:00
NSR:StopPlace:59651,Skøyen stasjon,2026-09-08T00:55:00+02:00,2026-09-08T00:55:00+02:00,,0.0,0,Drammen,VYG:Line:R13,Drammen-Oslo S-Dal,R13,rail,VYG:ServiceJourney:1678_443382-R,False,planned,False,,,,,2026-09-08T03:39:50.209703+02:00
NSR:StopPlace:59651,Skøyen stasjon,2026-09-08T00:56:00+02:00,2026-09-08T00:56:00+02:00,,0.0,0,Snarøya,RUT:Line:31,Snarøya - Fornebu - Tonsenhagen - Grorud,31,bus,RUT:ServiceJourney:fb5cc586e99c6ee5632bd3845bbded9d,False,planned,False,,,,,2026-09-08T03:39:50.209703+02:00
NSR:StopPlace:59651,Skøyen stasjon,2026-09-08T00:56:00+02:00,2026-09-08T00:56:00+02:00,,0.0,0,Skøyen,RUT:Line:3013,Buss for linje 13,13B,bus,RUT:ServiceJourney:6c674c6b1fb83d5ec82585fb9f4bb670,False,planned,False,Linje 13: Buss for trikk mellom Thune og Lilleaker ,Vi kjører buss for trikk (linje 13B) mellom Thune og Lilleaker. Bussen stopper ikke på Sollerud. 13B betjener Thune fra midlertidig holdeplass i Drammensveien,incident,normal,2026-09-08T03:39:50.209703+02:00
NSR:StopPlace:59651,Skøyen stasjon,2026-09-08T01:03:00+02:00,2026-09-08T01:03:00+02:00,,0.0,0,Sandvika,RUT:Line:130,Sandvika -Skøyen,130,bus,RUT:ServiceJourney:c936d124d55b2f450eaada4621de4aa1,False,planned,False,,,,,2026-09-08T03:39:50.209703+02:00
NSR:StopPlace:59651,Skøyen stasjon,2026-09-08T01:06:00+02:00,2026-09-08T01:06:00+02:00,,0.0,0,Ski,VYG:Line:L2,Stabekk-Oslo S-Ski,L2,rail,VYG:ServiceJourney:2781-HVK_444007-R,False,planned,False,,,,,2026-09-08T03:39:50.209703+02:00
NSR:StopPlace:59651,Skøyen stasjon,2026-09-08T01:10:00+02:00,2026-09-08T01:10:00+02:00,,0.0,0,Lilleaker,RUT:Line:3013,Buss for linje 13,13B,bus,RUT:ServiceJourney:eb0821c67cabf2f427bc920d61c0e7b5,False,planned,False,Linje 13: Buss for trikk mellom Thune og Lilleaker ,Vi kjører buss for trikk (linje 13B) mellom Thune og Lilleaker. Bussen stopper ikke på Sollerud. 13B betjener Thune fra midlertidig holdeplass i Drammensveien,incident,normal,2026-09-08T03:39:50.209703+02:00
NSR:StopPlace:59651,Skøyen stasjon,2026-09-08T01:11:00+02:00,2026-09-08T01:11:00+02:00,,0.0,0,Skøyen,RUT:Line:3013,Buss for linje 13,13B,bus,RUT:ServiceJourney:825f43265c016c63abbdbc91ff648485,False,planned,False,Linje 13: Buss for trikk mellom Thune og Lilleaker ,Vi kjører buss for trikk (linje 13B) mellom Thune og Lilleaker. Bussen stopper ikke på Sollerud. 13B betjener Thune fra midlertidig holdeplass i Drammensveien,incident,normal,2026-09-08T03:39:50.209703+02:00
NSR:StopPlace:59651,Skøyen stasjon,2026-09-08T01:36:00+02:00,2026-09-08T01:36:00+02:00,,0.0,0,Fornebu,RUT:Line:31,Snarøya - Fornebu - Tonsenhagen - Grorud,31,bus,RUT:ServiceJourney:ad5256cc580f60dccd78ce9c5b448338,False,planned,False,,,,,2026-09-08T03:39:50.209703+02:00
NSR:StopPlace:59654,Stabekk stasjon,2026-09-08T00:09:00+02:00,2026-09-08T00:09:00+02:00,,0.0,0,Gullhaug,RUT:Line:150,Gullhaug - Nationaltheatret,150,bus,RUT:ServiceJourney:cf5beb5122868e4e0b50f0cd9c75ca63,False,planned,False,Holdeplass Stabekk stasjon i retning mot Bekkestua er flyttet ca. 50 meter bakover.,Dette skyldes anleggsarbeid i området.,incident,normal,2026-09-08T03:39:50.209703+02:00
NSR:StopPlace:59654,Stabekk stasjon,2026-09-08T00:10:00+02:00,2026-09-08T00:10:00+02:00,,0.0,0,Asker,VYG:Line:L1,Spikkestad-Oslo S-Lillestrøm,L1,rail,VYG:ServiceJourney:2175_443586-R,False,planned,False,,,,,2026-09-08T03:39:50.209703+02:00
NSR:StopPlace:59654,Stabekk stasjon,2026-09-08T00:22:00+02:00,2026-09-08T00:22:00+02:00,,0.0,0,Nationaltheatret,RUT:Line:150,Gullhaug - Nationaltheatret,150,bus,RUT:ServiceJourney:0f657f28f3cd72955409c32dce2ac816,False,planned,False,,,,,2026-09-08T03:39:50.209703+02:00
NSR:StopPlace:59654,Stabekk stasjon,2026-09-08T00:24:00+02:00,2026-09-08T00:24:00+02:00,,0.0,0,Spikkestad,VYG:Line:L1,Spikkestad-Oslo S-Lillestrøm,L1,rail,VYG:ServiceJourney:2277_443713-R,False,planned,False,,,,,2026-09-08T03:39:50.209703+02:00
NSR:StopPlace:59654,Stabekk stasjon,2026-09-08T00:26:00+02:00,2026-09-08T00:26:00+02:00,,0.0,0,Lillestrøm,VYG:Line:L1,Spikkestad-Oslo S-Lillestrøm,L1,rail,VYG:ServiceJourney:2280_443718-R,False,planned,False,,,,,2026-09-08T03:39:50.209703+02:00
NSR:StopPlace:59654,Stabekk stasjon,2026-09-08T00:30:00+02:00,2026-09-08T00:30:00+02:00,,0.0,0,Ski,VYG:Line:L2,Stabekk-Oslo S-Ski,L2,rail,VYG:ServiceJourney:2779-HVK_444003-R,False,planned,False,,,,,2026-09-08T03:39:50.209703+02:00
NSR:StopPlace:59654,Stabekk stasjon,2026-09-08T00:36:00+02:00,2026-09-08T00:36:00+02:00,,0.0,0,Moss,VYG:Line:R21,Stabekk-Oslo S-Moss,R21,rail,VYG:ServiceJourney:1179-HVK_443078-R,False,planned,False,,,,,2026-09-08T03:39:50.209703+02:00
NSR:StopPlace:59654,Stabekk stasjon,2026-09-08T00:39:00+02:00,2026-09-08T00:39:00+02:00,,0.0,0,Gullhaug,RUT:Line:150,Gullhaug - Nationaltheatret,150,bus,RUT:ServiceJourney:e955ae2662b98c510d43c30a10d8941c,False,planned,False,Holdeplass Stabekk stasjon i retning mot Bekkestua er flyttet ca. 50 meter bakover.,Dette skyldes anleggsarbeid i området.,incident,normal,2026-09-08T03:39:50.209703+02:00
NSR:StopPlace:59654,Stabekk stasjon,2026-09-08T00:52:00+02:00,2026-09-08T00:52:00+02:00,,0.0,0,Lysaker,RUT:Line:150,Gullhaug - Nationaltheatret,150,bus,RUT:ServiceJourney:fd35e361c4197d36d5534775be6364f8,False,planned,False,,,,,2026-09-08T03:39:50.209703+02:00
NSR:StopPlace:59654,Stabekk stasjon,2026-09-08T00:54:00+02:00,2026-09-08T00:54:00+02:00,,0.0,0,Spikkestad,VYG:Line:L1,Spikkestad-Oslo S-Lillestrøm,L1,rail,VYG:ServiceJourney:2279_443715-R,False,planned,False,,,,,2026-09-08T03:39:50.209703+02:00
NSR:StopPlace:59654,Stabekk stasjon,2026-09-08T01:00:00+02:00,2026-09-08T01:00:00+02:00,,0.0,0,Ski,VYG:Line:L2,Stabekk-Oslo S-Ski,L2,rail,VYG:ServiceJourney:2781-HVK_444007-R,False,planned,False,,,,,2026-09-08T03:39:50.209703+02:00
NSR:StopPlace:59654,Stabekk stasjon,2026-09-08T01:09:00+02:00,2026-09-08T01:09:00+02:00,,0.0,0,Gullhaug,RUT:Line:150,Gullhaug - Nationaltheatret,150,bus,RUT:ServiceJourney:1bb2ad2c27e4cbd42df5d527c9c23471,False,planned,False,Holdeplass Stabekk stasjon i retning mot Bekkestua er flyttet ca. 50 meter bakover.,Dette skyldes anleggsarbeid i området.,incident,normal,2026-09-08T03:39:50.209703+02:00
NSR:StopPlace:59703,Åndalsnes stasjon,2026-09-08T00:10:00+02:00,2026-09-08T00:10:00+02:00,,0.0,0,Oslo,VYX:Line:162,VY148 Ålesund-Oslo,VY148,coach,VYX:ServiceJourney:bac9c7577f5decaaa7ee55244d8e6f537b29293f,False,planned,False,Forhåndsbestilling Vy,Billett må kjøpes på nett eller app senest 15 minutter før påstigning for at bussen skal kjøre innom holdeplassen.,general,normal,2026-09-08T03:39:50.209703+02:00
NSR:StopPlace:60735,Gullhella stasjon,2026-09-08T01:21:30+02:00,2026-09-08T01:21:30+02:00,,0.0,0,Spikkestad,VYG:Line:L1,Spikkestad-Oslo S-Lillestrøm,L1,rail,VYG:ServiceJourney:2279_443715-R,False,planned,False,,,,,2026-09-08T03:39:50.209703+02:00
NSR:StopPlace:59957,Klepp stasjon,2026-09-08T00:27:00+02:00,2026-09-08T00:27:00+02:00,,0.0,0,Boreringen,KOL:Line:8_2024,59,59,bus,KOL:ServiceJourney:2024_260409073115717_2041,False,planned,False,,,,,2026-09-08T03:39:50.209703+02:00
NSR:StopPlace:60944,Ski stasjon,2026-09-08T00:08:00+02:00,2026-09-08T00:08:00+02:00,,0.0,0,Oslo S,VYG:Line:R23,Stabekk-Oslo S-Moss,R23,rail,VYG:ServiceJourney:1576-SKI_443217-R,False,planned,False,,,,,2026-09-08T03:39:50.209703+02:00
NSR:StopPlace:60944,Ski stasjon,2026-09-08T00:09:00+02:00,2026-09-08T00:09:00+02:00,,0.0,0,Kråkstad,RUT:Line:525,Kråkstad - Ski - Kråkstad,525,bus,RUT:ServiceJourney:efd8116201c7f54863d579caa1e4fd60,False,planned,False,,,,,2026-09-08T03:39:50.209703+02:00
NSR:StopPlace:60944,Ski stasjon,2026-09-08T00:09:00+02:00,2026-09-08T00:09:00+02:00,,0.0,0,Bøleråsen,RUT:Line:510,Bøleråsen - Ski - Ås - Drøbak,510,bus,RUT:ServiceJourney:3c32015029c79340751323774c5e9ddd,False,planned,False,,,,,2026-09-08T03:39:50.209703+02:00
NSR:StopPlace:60944,Ski stasjon,2026-09-08T00:09:00+02:00,2026-09-08T00:09:00+02:00,,0.0,0,Stabekk,VYG:Line:L2,Stabekk-Oslo S-Ski,L2,rail,VYG:ServiceJourney:2782-SKI_444011-R,False,planned,False,,,,,2026-09-08T03:39:50.209703+02:00
NSR:StopPlace:60944,Ski stasjon,2026-09-08T00:12:00+02:00,2026-09-08T00:12:00+02:00,,0.0,0,Vinterbro,RUT:Line:520,Vinterbro - Ski stasjon,520,bus,RUT:ServiceJourney:b78900891411c6a19954f7628b00b71f,False,planned,False,,,,,2026-09-08T03:39:50.209703+02:00
NSR:StopPlace:60944,Ski stasjon,2026-09-08T00:14:00+02:00,2026-09-08T00:14:00+02:00,,0.0,0,Ski næringspark,RUT:Line:520,Vinterbro - Ski stasjon,520,bus,RUT:ServiceJourney:2e47cb14c7876f388002c854a7ed741a,False,planned,False,,,,,2026-09-08T03:39:50.209703+02:00
NSR:StopPlace:60944,Ski stasjon,2026-09-08T00:16:00+02:00,2026-09-08T00:16:00+02:00,,0.0,0,Hebekk / Finstad,RUT:Line:525,Kråkstad - Ski - Kråkstad,525,bus,RUT:ServiceJourney:d6975186338ee8395a36d40449893f23,False,planned,False,,,,,2026-09-08T03:39:50.209703+02:00
NSR:StopPlace:60944,Ski stasjon,2026-09-08T00:17:00+02:00,2026-09-08T00:17:00+02:00,,0.0,0,Korsegården,RUT:Line:510,Bøleråsen - Ski - Ås - Drøbak,510,bus,RUT:ServiceJourney:4ab8d7c874fae3c92da5ce984324cce6,False,planned,False,,,,,2026-09-08T03:39:50.209703+02:00
NSR:StopPlace:60944,Ski stasjon,2026-09-08T00:21:00+02:00,2026-09-08T00:21:00+02:00,,0.0,0,Kolbotn torg,RUT:Line:580,Kolbotn - Ski,580,bus,RUT:ServiceJourney:12a840e01e68d85ae92f1e68b3015dfe,False,planned,False,,,,,2026-09-08T03:39:50.209703+02:00
NSR:StopPlace:60944,Ski stasjon,2026-09-08T00:24:00+02:00,2026-09-08T00:24:00+02:00,,0.0,0,Bøleråsen,RUT:Line:510,Bøleråsen - Ski - Ås - Drøbak,510,bus,RUT:ServiceJourney:eb7a16b7a2f81d57d7c204d13f421983,False,planned,False,,,,,2026-09-08T03:39:50.209703+02:00
NSR:StopPlace:60944,Ski stasjon,2026-09-08T00:34:00+02:00,2026-09-08T00:34:00+02:00,,0.0,0,Kråkstad,RUT:Line:525,Kråkstad - Ski - Kråkstad,525,bus,RUT:ServiceJourney:d6975186338ee8395a36d40449893f23,False,planned,False,,,,,2026-09-08T03:39:50.209703+02:00
NSR:StopPlace:60944,Ski stasjon,2026-09-08T00:39:00+02:00,2026-09-08T00:39:00+02:00,,0.0,0,Kråkstad,RUT:Line:525,Kråkstad - Ski - Kråkstad,525,bus,RUT:ServiceJourney:d6975186338ee8395a36d40449893f23,False,planned,False,,,,,2026-09-08T03:39:50.209703+02:00
NSR:StopPlace:60944,Ski stasjon,2026-09-08T00:39:00+02:00,2026-09-08T00:39:00+02:00,,0.0,0,Bøleråsen,RUT:Line:510,Bøleråsen - Ski - Ås - Drøbak,510,bus,RUT:ServiceJourney:2ff07644c9a1fdf1f42d5d01dae20fac,False,planned,False,,,,,2026-09-08T03:39:50.209703+02:00
NSR:StopPlace:60944,Ski stasjon,2026-09-08T00:42:00+02:00,2026-09-08T00:42:00+02:00,,0.0,0,Vinterbro,RUT:Line:520,Vinterbro - Ski stasjon,520,bus,RUT:ServiceJourney:eac432f191fba56ee966de60a63d0345,False,planned,False,,,,,2026-09-08T03:39:50.209703+02:00
NSR:StopPlace:60944,Ski stasjon,2026-09-08T00:43:00+02:00,2026-09-08T00:43:00+02:00,,0.0,0,Mysen,VYG:Line:R22,Skøyen-Oslo S-Mysen-Rakkestad,R22,rail,VYG:ServiceJourney:1939_443494-R,False,planned,False,,,,,2026-09-08T03:39:50.209703+02:00
NSR:StopPlace:60944,Ski stasjon,2026-09-08T00:54:00+02:00,2026-09-08T00:54:00+02:00,,0.0,0,Bøleråsen,RUT:Line:510,Bøleråsen - Ski - Ås - Drøbak,510,bus,RUT:ServiceJourney:33f135737e4f784c8cf7b7e246459bc0,False,planned,False,,,,,2026-09-08T03:39:50.209703+02:00
NSR:StopPlace:60944,Ski stasjon,2026-09-08T01:05:00+02:00,2026-09-08T01:05:00+02:00,,0.0,0,Moss,VYG:Line:R21,Stabekk-Oslo S-Moss,R21,rail,VYG:ServiceJourney:1179-HVK_443078-R,False,planned,False,,,,,2026-09-08T03:39:50.209703+02:00
NSR:StopPlace:60944,Ski stasjon,2026-09-08T01:09:00+02:00,2026-09-08T01:09:00+02:00,,0.0,0,Bøleråsen,RUT:Line:510,Bøleråsen - Ski - Ås - Drøbak,510,bus,RUT:ServiceJourney:e6831bb0912a62661a3e13c7757523f2,False,planned,False,,,,,2026-09-08T03:39:50.209703+02:00
NSR:StopPlace:60944,Ski stasjon,2026-09-08T01:12:00+02:00,2026-09-08T01:12:00+02:00,,0.0,0,Vinterbro,RUT:Line:520,Vinterbro - Ski stasjon,520,bus,RUT:ServiceJourney:e8a4ce6c5f5f0b453cbc5d5d20dcd29f,False,planned,False,,,,,2026-09-08T03:39:50.209703+02:00
NSR:StopPlace:59977,Trondheim S,2026-09-08T00:10:00+02:00,2026-09-08T00:10:00+02:00,,0.0,0,Marienborg,ATB:Line:2_70,Stjørdal/Hommelvik- Trondheim,70,bus,ATB:ServiceJourney:70_251215112546931_114,False,planned,False,,,,,2026-09-08T03:39:50.209703+02:00
NSR:StopPlace:59977,Trondheim S,2026-09-08T00:11:00+02:00,2026-09-08T00:11:00+02:00,,0.0,0,Trolla via sentrum,ATB:Line:2_21,Brattøra- Sentrum- Trolla,21,bus,ATB:ServiceJourney:21_251215112549265_68,False,planned,False,,,,,2026-09-08T03:39:50.209703+02:00
NSR:StopPlace:59977,Trondheim S,2026-09-08T00:14:00+02:00,2026-09-08T00:14:00+02:00,,0.0,0,Okstad ø. via Kroppanmarka,ATB:Line:2_10,Sæterbakken- Strindheim- Sentrum- Ratesvingen,10,bus,ATB:ServiceJourney:10_260311106206135_180,False,planned,False,,,,,2026-09-08T03:39:50.209703+02:00
NSR:StopPlace:59977,Trondheim S,2026-09-08T00:17:00+02:00,2026-09-08T00:17:00+02:00,,0.0,0,Stjørdal via Brattøra-Hommelvik,ATB:Line:2_70,Stjørdal/Hommelvik- Trondheim,70,bus,ATB:ServiceJourney:70_251215112547136_121,False,planned,False,,,,,2026-09-08T03:39:50.209703+02:00
NSR:StopPlace:59977,Trondheim S,2026-09-08T00:17:00+02:00,2026-09-08T00:17:00+02:00,,0.0,0,Grillstad via Ladeham.-Strindh.,ATB:Line:2_20,Grillstad - Strindheim - Ladehammeren- Sentrum - Romolslia,20,bus,ATB:ServiceJourney:20_251215112548249_107,False,planned,False,,,,,2026-09-08T03:39:50.209703+02:00
NSR:StopPlace:59977,Trondheim S,2026-09-08T00:17:00+02:00,2026-09-08T00:17:00+02:00,,0.0,0,Strindheim via Lade,ATB:Line:2_2,Strindheim- Lade- sentrum- Sau,2,bus,ATB:ServiceJourney:2_251215112549992_239,False,planned,False,,,,,2026-09-08T03:39:50.209703+02:00
NSR:StopPlace:59977,Trondheim S,2026-09-08T00:19:00+02:00,2026-09-08T00:19:00+02:00,,0.0,0,Romolslia via Tempevegen,ATB:Line:2_20,Grillstad - Strindheim - Ladehammeren- Sentrum - Romolslia,20,bus,ATB:ServiceJourney:20_251215112548216_104,False,planned,False,,,,,2026-09-08T03:39:50.209703+02:00
NSR:StopPlace:59977,Trondheim S,2026-09-08T00:19:00+02:00,2026-09-08T00:19:00+02:00,,0.0,0,Pirbadet,ATB:Line:2_23,Brattøra - St. Olavs - Hallset - Flatåsen - Sandmoen,23,bus,ATB:ServiceJourney:23_251215112545604_139,False,planned,False,,,,,2026-09-08T03:39:50.209703+02:00
NSR:StopPlace:59977,Trondheim S,2026-09-08T00:22:00+02:00,2026-09-08T00:22:00+02:00,,0.0,0,Lund via Kolstad-Heimdal,ATB:Line:2_2,Strindheim- Lade- sentrum- Sau,2,bus,ATB:ServiceJourney:2_251215112550138_234,False,planned,False,,,,,2026-09-08T03:39:50.209703+02:00
NSR:StopPlace:59977,Trondheim S,2026-09-08T00:23:00+02:00,2026-09-08T00:23:00+02:00,,0.0,0,Pirbadet,ATB:Line:2_21,Brattøra- Sentrum- Trolla,21,bus,ATB:ServiceJourney:21_251215112549298_77,False,planned,False,,,,,2026-09-08T03:39:50.209703+02:00
NSR:StopPlace:59977,Trondheim S,2026-09-08T00:23:00+02:00,2026-09-08T00:23:00+02:00,,0.0,0,Fortuna/Sæterb. via Strindheim,ATB:Line:2_10,Sæterbakken- Strindheim- Sentrum- Ratesvingen,10,bus,ATB:ServiceJourney:10_260311106206442_179,False,planned,False,,,,,2026-09-08T03:39:50.209703+02:00
NSR:StopPlace:59977,Trondheim S,2026-09-08T00:23:00+02:00,2026-09-08T00:23:00+02:00,,0.0,0,Hurtigbåtterminalen,ATB:Line:2_25,Vikåsen- Strindheim- Singsaker,25,bus,ATB:ServiceJourney:25_251215112543277_194,False,planned,False,,,,,2026-09-08T03:39:50.209703+02:00
NSR:StopPlace:59977,Trondheim S,2026-09-08T00:39:00+02:00,2026-09-08T00:39:00+02:00,,0.0,0,Pirbadet,ATB:Line:2_23,Brattøra - St. Olavs - Hallset - Flatåsen - Sandmoen,23,bus,ATB:ServiceJourney:23_251215112546879_141,False,planned,False,,,,,2026-09-08T03:39:50.209703+02:00
NSR:StopPlace:60968,Nordmaling station,2026-09-08T01:03:00+02:00,2026-09-08T01:03:00+02:00,,0.0,0,Luleå,SJV:Line:0ff9f2b9-fbe5-4761-8a29-8813be35efaa,Stockholm-Narvik (-Luleå),,rail,SJV:ServiceJourney:0eabfad4-c61e-4fc3-8a75-7ebd11c5a873,False,planned,False,,,,,2026-09-08T03:39:50.209703+02:00
NSR:StopPlace:60968,Nordmaling station,2026-09-08T01:45:00+02:00,2026-09-08T01:45:00+02:00,,0.0,0,"Sundsvall, Stockholm",SJV:Line:8ca80b34-505a-4d76-b047-58b01590d0e1,Luleå-Stockholm ,Luleå-Stockholm ,rail,SJV:ServiceJourney:a5d49afa-0d54-4c88-aed3-161717bb597d,False,planned,False,,,,,2026-09-08T03:39:50.209703+02:00
NSR:StopPlace:59181,Kristinehamn station,2026-09-08T00:15:00+02:00,2026-09-08T00:15:00+02:00,,0.0,0,Arlanda,VYB:Line:26,850 Oslo - Arlanda - Stockholm,850,coach,VYB:ServiceJourney:b54ed62a64c9c2483c413e61158c2700b4c8964b,False,planned,False,,,,,2026-09-08T03:39:50.209703+02:00
NSR:StopPlace:59181,Kristinehamn station,2026-09-08T01:40:00+02:00,2026-09-08T01:40:00+02:00,,0.0,0,Arlanda,VYB:Line:26,850 Oslo - Arlanda - Stockholm,850,coach,VYB:ServiceJourney:10b2e4758894544f8ace957a0d24c160fccd39fb,False,planned,False,,,,,2026-09-08T03:39:50.209703+02:00
NSR:StopPlace:59182,Örebro Centralstation,2026-09-08T01:10:00+02:00,2026-09-08T01:10:00+02:00,,0.0,0,Karlstad,VYB:Line:26,850 Oslo - Arlanda - Stockholm,850,coach,VYB:ServiceJourney:7cef6f9d06b3084c5cd648a392b78e79f86a9bc4,False,planned,False,Örebro läge X,,general,normal,2026-09-08T03:39:50.209703+02:00
NSR:StopPlace:59182,Örebro Centralstation,2026-09-08T01:25:00+02:00,2026-09-08T01:25:00+02:00,,0.0,0,Arlanda,VYB:Line:26,850 Oslo - Arlanda - Stockholm,850,coach,VYB:ServiceJourney:b54ed62a64c9c2483c413e61158c2700b4c8964b,False,planned,False,Örebro läge X,,general,normal,2026-09-08T03:39:50.209703+02:00
NSR:StopPlace:60047,Melhus skysstasjon,2026-09-08T00:23:00+02:00,2026-09-08T00:23:00+02:00,,0.0,0,Hesttrøa via Melhus skysstasjon,ATB:Line:2_82,Hesttrøa-Brekkåsen,82,bus,ATB:ServiceJourney:82_251215112550751_134,False,planned,False,Linje 82 og 504,Avvikende kjøring for linje 82 og 504 pga Hølondvegen er stengt. ,general,normal,2026-09-08T03:39:50.209703+02:00
NSR:StopPlace:60047,Melhus skysstasjon,2026-09-08T00:53:00+02:00,2026-09-08T00:53:00+02:00,,0.0,0,Brekkåsen,ATB:Line:2_82,Hesttrøa-Brekkåsen,82,bus,ATB:ServiceJourney:82_251215112550884_135,False,planned,False,Linje 82 og 504,Avvikende kjøring for linje 82 og 504 pga Hølondvegen er stengt. ,general,normal,2026-09-08T03:39:50.209703+02:00
NSR:StopPlace:60047,Melhus skysstasjon,2026-09-08T00:53:00+02:00,2026-09-08T00:53:00+02:00,,0.0,0,Hesttrøa via Melhus skysstasjon,ATB:Line:2_82,Hesttrøa-Brekkåsen,82,bus,ATB:ServiceJourney:82_251215112550752_136,False,planned,False,Linje 82 og 504,Avvikende kjøring for linje 82 og 504 pga Hølondvegen er stengt. ,general,normal,2026-09-08T03:39:50.209703+02:00
NSR:StopPlace:59393,Västerås Centralstation,2026-09-08T01:50:00+02:00,2026-09-08T01:50:00+02:00,,0.0,0,Karlstad,VYB:Line:26,850 Oslo - Arlanda - Stockholm,850,coach,VYB:ServiceJourney:8470c5d763172480e86b1b6f8357e883e035865b,False,planned,False,Västerås,"Nytt holdeplassområde ved Västerås Resecentrum fra 16. mars. Den nye holdeplassen ligger på stasjonens vestside, rett ved jernbanespor 1B. Du finner den ved å følge parkeringsplassen til den bortre enden. ",general,normal,2026-09-08T03:39:50.209703+02:00
NSR:StopPlace:59248,Stockholm-Arlanda flygplats,2026-09-08T00:15:00+02:00,2026-09-08T00:15:00+02:00,,0.0,0,Karlstad,VYB:Line:26,850 Oslo - Arlanda - Stockholm,850,coach,VYB:ServiceJourney:8470c5d763172480e86b1b6f8357e883e035865b,False,planned,False,,,,,2026-09-08T03:39:50.209703+02:00
NSR:StopPlace:59261,Trondheim lufthavn,2026-09-08T01:15:00+02:00,2026-09-08T01:15:00+02:00,,0.0,0,Flybuss Ekspress Trondheim,UNI:Line:FB73,Nidarvoll - Moholt - Trondheim sentrum - Værnes,FB73,bus,UNI:ServiceJourney:FB73-168023-46431314,False,planned,False,,,,,2026-09-08T03:39:50.209703+02:00
NSR:StopPlace:59616,Asker stasjon,2026-09-08T00:10:00+02:00,2026-09-08T00:10:00+02:00,,0.0,0,Sandvika,RUT:Line:270,Asker - Sandvika (- Fornebu),270,bus,RUT:ServiceJourney:d3560bc035e0d9f41267ece34a0c8991,False,planned,False,,,,,2026-09-08T03:39:50.209703+02:00
NSR:StopPlace:59616,Asker stasjon,2026-09-08T00:10:00+02:00,2026-09-08T00:10:00+02:00,,0.0,0,Drammen,VYG:Line:R13,Drammen-Oslo S-Dal,R13,rail,VYG:ServiceJourney:1674_481183-R,False,planned,False,,,,,2026-09-08T03:39:50.209703+02:00
NSR:StopPlace:59616,Asker stasjon,2026-09-08T00:15:00+02:00,2026-09-08T00:15:00+02:00,,0.0,0,Borgen,RUT:Line:281,Borgen - Asker,281,bus,RUT:ServiceJourney:fd4438ae22df32078b9a7ce4bcd4abcc,False,planned,False,,,,,2026-09-08T03:39:50.209703+02:00
NSR:StopPlace:59616,Asker stasjon,2026-09-08T00:16:00+02:00,2026-09-08T00:16:00+02:00,,0.0,0,Spikkestad,VYG:Line:L1,Spikkestad-Oslo S-Lillestrøm,L1,rail,VYG:ServiceJourney:2275_443710-R,False,planned,False,,,,,2026-09-08T03:39:50.209703+02:00
NSR:StopPlace:59616,Asker stasjon,2026-09-08T00:17:00+02:00,2026-09-08T00:17:00+02:00,,0.0,0,Dikemark,RUT:Line:280,Asker - Dikemark - Heggedal,280,bus,RUT:ServiceJourney:cde7ff0722609b2476f2e2d55e795500,False,planned,False,,,,,2026-09-08T03:39:50.209703+02:00
NSR:StopPlace:59616,Asker stasjon,2026-09-08T00:17:00+02:00,2026-09-08T00:17:00+02:00,,0.0,0,Vøyen,RUT:Line:275,Asker - Vøyen,275,bus,RUT:ServiceJourney:d1bd3755266ee154070223f16a7a5d5a,False,planned,False,,,,,2026-09-08T03:39:50.209703+02:00
NSR:StopPlace:59616,Asker stasjon,2026-09-08T00:20:00+02:00,2026-09-08T00:20:00+02:00,,0.0,0,Bødalen,RUT:Line:260,Hyggen - Bråset -Slemmestad (- Asker),260,bus,RUT:ServiceJourney:8ad952da02b643b94b7f7e118fc41b45,False,planned,False,,,,,2026-09-08T03:39:50.209703+02:00
NSR:StopPlace:59616,Asker stasjon,2026-09-08T00:30:00+02:00,2026-09-08T00:30:00+02:00,,0.0,0,Kongsberg,VYG:Line:R12,Kongsberg-Oslo S-Eidsvoll,R12,rail,VYG:ServiceJourney:539_444349-R,False,planned,False,,,,,2026-09-08T03:39:50.209703+02:00
NSR:StopPlace:59616,Asker stasjon,2026-09-08T00:35:00+02:00,2026-09-08T00:35:00+02:00,,0.0,0,Blakstad,RUT:Line:290,Asker - Blakstad,290,bus,RUT:ServiceJourney:5a67dd3eae4e130ad11cc7552829e789,False,planned,False,,,,,2026-09-08T03:39:50.209703+02:00
NSR:StopPlace:59616,Asker stasjon,2026-09-08T00:37:00+02:00,2026-09-08T00:37:00+02:00,,0.0,0,Dikemark,RUT:Line:280,Asker - Dikemark - Heggedal,280,bus,RUT:ServiceJourney:f487dc37c642782757579c0e2796d76d,False,planned,False,,,,,2026-09-08T03:39:50.209703+02:00
NSR:StopPlace:59616,Asker stasjon,2026-09-08T00:40:00+02:00,2026-09-08T00:40:00+02:00,,0.0,0,Drammen,VYG:Line:R13,Drammen-Oslo S-Dal,R13,rail,VYG:ServiceJourney:1676_443378-R,False,planned,False,,,,,2026-09-08T03:39:50.209703+02:00
NSR:StopPlace:59616,Asker stasjon,2026-09-08T00:45:00+02:00,2026-09-08T00:45:00+02:00,,0.0,0,Borgen,RUT:Line:281,Borgen - Asker,281,bus,RUT:ServiceJourney:dfa8a40efb4a4275495b62fa85b13277,False,planned,False,,,,,2026-09-08T03:39:50.209703+02:00
NSR:StopPlace:59616,Asker stasjon,2026-09-08T00:46:00+02:00,2026-09-08T00:46:00+02:00,,0.0,0,Spikkestad,VYG:Line:L1,Spikkestad-Oslo S-Lillestrøm,L1,rail,VYG:ServiceJourney:2277_443713-R,False,planned,False,,,,,2026-09-08T03:39:50.209703+02:00
NSR:StopPlace:59616,Asker stasjon,2026-09-08T00:57:00+02:00,2026-09-08T00:57:00+02:00,,0.0,0,Heggedal,RUT:Line:280,Asker - Dikemark - Heggedal,280,bus,RUT:ServiceJourney:a8d40252b9fca46a4587f74023bdbc69,False,planned,False,,,,,2026-09-08T03:39:50.209703+02:00
NSR:StopPlace:59616,Asker stasjon,2026-09-08T01:10:00+02:00,2026-09-08T01:10:00+02:00,,0.0,0,Drammen,VYG:Line:R13,Drammen-Oslo S-Dal,R13,rail,VYG:ServiceJourney:1678_443382-R,False,planned,False,,,,,2026-09-08T03:39:50.209703+02:00
NSR:StopPlace:59616,Asker stasjon,2026-09-08T01:16:00+02:00,2026-09-08T01:16:00+02:00,,0.0,0,Spikkestad,VYG:Line:L1,Spikkestad-Oslo S-Lillestrøm,L1,rail,VYG:ServiceJourney:2279_443715-R,False,planned,False,,,,,2026-09-08T03:39:50.209703+02:00
NSR:StopPlace:59620,Grorud stasjon,2026-09-08T00:08:00+02:00,2026-09-08T00:08:00+02:00,,0.0,0,Lillestrøm,VYG:Line:L1,Spikkestad-Oslo S-Lillestrøm,L1,rail,VYG:ServiceJourney:2176_443587-R,False,planned,False,,,,,2026-09-08T03:39:50.209703+02:00
NSR:StopPlace:59620,Grorud stasjon,2026-09-08T00:09:00+02:00,2026-09-08T00:09:00+02:00,,0.0,0,Grorud T,RUT:Line:79,Grorud T - Åsbråten,79,bus,RUT:ServiceJourney:9a7f2c394b8ae0f75fade65cb2348c34,False,planned,False,,,,,2026-09-08T03:39:50.209703+02:00
NSR:StopPlace:59620,Grorud stasjon,2026-09-08T00:15:00+02:00,2026-09-08T00:15:00+02:00,,0.0,0,Furuset,RUT:Line:65,Furuset T - Stovner T via Smedstua,65,bus,RUT:ServiceJourney:b1db67c768dab64bb3f0e54565480663,False,planned,False,,,,,2026-09-08T03:39:50.209703+02:00
NSR:StopPlace:59620,Grorud stasjon,2026-09-08T00:17:00+02:00,2026-09-08T00:17:00+02:00,,0.0,0,Grorud T,RUT:Line:66,Helsfyr T - Grorud T,66,bus,RUT:ServiceJourney:afdc8c5713a08c55349a08bc2f078ab9,False,planned,False,,,,,2026-09-08T03:39:50.209703+02:00
NSR:StopPlace:59620,Grorud stasjon,2026-09-08T00:19:00+02:00,2026-09-08T00:19:00+02:00,,0.0,0,Åsbråten,RUT:Line:79,Grorud T - Åsbråten,79,bus,RUT:ServiceJourney:1e271646016b460a80779c667804dc92,False,planned,False,,,,,2026-09-08T03:39:50.209703+02:00
NSR:StopPlace:59620,Grorud stasjon,2026-09-08T00:23:00+02:00,2026-09-08T00:23:00+02:00,,0.0,0,Lillestrøm,VYG:Line:L1,Spikkestad-Oslo S-Lillestrøm,L1,rail,VYG:ServiceJourney:2278_445378-R,False,planned,False,,,,,2026-09-08T03:39:50.209703+02:00
NSR:StopPlace:59620,Grorud stasjon,2026-09-08T00:24:00+02:00,2026-09-08T00:24:00+02:00,,0.0,0,Grorud T,RUT:Line:79,Grorud T - Åsbråten,79,bus,RUT:ServiceJourney:ea8aa306591829c77f7c9a3ecff97418,False,planned,False,,,,,2026-09-08T03:39:50.209703+02:00
NSR:StopPlace:59620,Grorud stasjon,2026-09-08T00:27:00+02:00,2026-09-08T00:27:00+02:00,,0.0,0,Spikkestad,VYG:Line:L1,Spikkestad-Oslo S-Lillestrøm,L1,rail,VYG:ServiceJourney:2279_443715-R,False,planned,False,,,,,2026-09-08T03:39:50.209703+02:00
NSR:StopPlace:59620,Grorud stasjon,2026-09-08T00:27:00+02:00,2026-09-08T00:27:00+02:00,,0.0,0,Stovner,RUT:Line:65,Furuset T - Stovner T via Smedstua,65,bus,RUT:ServiceJourney:73e6e24f95f002ed46df87167ab2fc05,False,planned,False,,,,,2026-09-08T03:39:50.209703+02:00
NSR:StopPlace:59620,Grorud stasjon,2026-09-08T00:39:00+02:00,2026-09-08T00:39:00+02:00,,0.0,0,Grorud T,RUT:Line:79,Grorud T - Åsbråten,79,bus,RUT:ServiceJourney:b01bfd87feca1bf4779f4ec2802e673d,False,planned,False,,,,,2026-09-08T03:39:50.209703+02:00
NSR:StopPlace:59620,Grorud stasjon,2026-09-08T00:45:00+02:00,2026-09-08T00:45:00+02:00,,0.0,0,Furuset,RUT:Line:65,Furuset T - Stovner T via Smedstua,65,bus,RUT:ServiceJourney:7b1428f58437cc09e31dc8e1bcd24e81,False,planned,False,,,,,2026-09-08T03:39:50.209703+02:00
NSR:StopPlace:59620,Grorud stasjon,2026-09-08T00:53:00+02:00,2026-09-08T00:53:00+02:00,,0.0,0,Lillestrøm,VYG:Line:L1,Spikkestad-Oslo S-Lillestrøm,L1,rail,VYG:ServiceJourney:2280_443718-R,False,planned,False,,,,,2026-09-08T03:39:50.209703+02:00
NSR:StopPlace:59620,Grorud stasjon,2026-09-08T00:57:00+02:00,2026-09-08T00:57:00+02:00,,0.0,0,Stovner,RUT:Line:65,Furuset T - Stovner T via Smedstua,65,bus,RUT:ServiceJourney:538b3777e644aedf191e90f84d9ec9ca,False,planned,False,,,,,2026-09-08T03:39:50.209703+02:00
NSR:StopPlace:59620,Grorud stasjon,2026-09-08T01:15:00+02:00,2026-09-08T01:15:00+02:00,,0.0,0,Furuset,RUT:Line:65,Furuset T - Stovner T via Smedstua,65,bus,RUT:ServiceJourney:2967c31ac281b99cee61e7f1387dda83,False,planned,False,,,,,2026-09-08T03:39:50.209703+02:00
NSR:StopPlace:59635,Hauketo stasjon,2026-09-08T00:07:00+02:00,2026-09-08T00:07:00+02:00,,0.0,0,Kolbotn,RUT:Line:87,Hauketo stasjon - Kolbotn,87,bus,RUT:ServiceJourney:205045c32e22b9c50508535235ccab73,False,planned,False,,,,,2026-09-08T03:39:50.209703+02:00
NSR:StopPlace:59635,Hauketo stasjon,2026-09-08T00:09:00+02:00,2026-09-08T00:09:00+02:00,,0.0,0,Holmlia stasjon,RUT:Line:73,Holmlia stasjon - Brenna,73,bus,RUT:ServiceJourney:eb745523cf29472136880f54042f7222,False,planned,False,,,,,2026-09-08T03:39:50.209703+02:00
NSR:StopPlace:59635,Hauketo stasjon,2026-09-08T00:12:00+02:00,2026-09-08T00:12:00+02:00,,0.0,0,Åsbråten,RUT:Line:79,Grorud T - Åsbråten,79,bus,RUT:ServiceJourney:e29c32bc5e7baf5779bfc441e7a64592,False,planned,False,,,,,2026-09-08T03:39:50.209703+02:00
NSR:StopPlace:59635,Hauketo stasjon,2026-09-08T00:12:00+02:00,2026-09-08T00:12:00+02:00,,0.0,0,Ski,VYG:Line:L2,Stabekk-Oslo S-Ski,L2,rail,VYG:ServiceJourney:2875-BES_488401-R,False,planned,False,,,,,2026-09-08T03:39:50.209703+02:00
NSR:StopPlace:59635,Hauketo stasjon,2026-09-08T00:13:00+02:00,2026-09-08T00:13:00+02:00,,0.0,0,Ski stasjon,RUT:Line:515,Ski - Oslo,515,bus,RUT:ServiceJourney:899e0e14f52c296c8b1197e6e931066f,False,planned,False,,,,,2026-09-08T03:39:50.209703+02:00
NSR:StopPlace:59635,Hauketo stasjon,2026-09-08T00:13:00+02:00,2026-09-08T00:13:00+02:00,,0.0,0,Filipstad,RUT:Line:81,Fornebu - Myrvoll stasjon,81,bus,RUT:ServiceJourney:07d8d00bc83f26d70be91487301d9d04,False,planned,False,,,,,2026-09-08T03:39:50.209703+02:00
NSR:StopPlace:59635,Hauketo stasjon,2026-09-08T00:18:00+02:00,2026-09-08T00:18:00+02:00,,0.0,0,Mortensrud,RUT:Line:73,Holmlia stasjon - Brenna,73,bus,RUT:ServiceJourney:26ccf95a3177704c3d2bdcc9ee544306,False,planned,False,,,,,2026-09-08T03:39:50.209703+02:00
NSR:StopPlace:59635,Hauketo stasjon,2026-09-08T00:18:00+02:00,2026-09-08T00:18:00+02:00,,0.0,0,Skullerud,RUT:Line:79,Grorud T - Åsbråten,79,bus,RUT:ServiceJourney:62b75307bc20674df359346536717402,False,planned,False,,,,,2026-09-08T03:39:50.209703+02:00
NSR:StopPlace:59635,Hauketo stasjon,2026-09-08T00:18:00+02:00,2026-09-08T00:18:00+02:00,,0.0,0,Myrvoll stasjon,RUT:Line:81,Fornebu - Myrvoll stasjon,81,bus,RUT:ServiceJourney:01256349856cc87d5e909f251ee4c3fc,False,planned,False,,,,,2026-09-08T03:39:50.209703+02:00
NSR:StopPlace:59635,Hauketo stasjon,2026-09-08T00:24:00+02:00,2026-09-08T00:24:00+02:00,,0.0,0,Holmlia stasjon,RUT:Line:73,Holmlia stasjon - Brenna,73,bus,RUT:ServiceJourney:675316f32273cabc8ff9aa9e53c52459,False,planned,False,,,,,2026-09-08T03:39:50.209703+02:00
NSR:StopPlace:59635,Hauketo stasjon,2026-09-08T00:25:00+02:00,2026-09-08T00:25:00+02:00,,0.0,0,Holmlia stasjon,RUT:Line:77,Holmlia stasjon - Bjørndal,77,bus,RUT:ServiceJourney:86ace2a5ce08c3eb0e01d4dc63da5261,False,planned,False,,,,,2026-09-08T03:39:50.209703+02:00
NSR:StopPlace:59635,Hauketo stasjon,2026-09-08T00:27:00+02:00,2026-09-08T00:27:00+02:00,,0.0,0,Åsbråten,RUT:Line:79,Grorud T - Åsbråten,79,bus,RUT:ServiceJourney:53c1b92462b48764b75f0610f8e382b7,False,planned,False,,,,,2026-09-08T03:39:50.209703+02:00
NSR:StopPlace:59635,Hauketo stasjon,2026-09-08T00:27:00+02:00,2026-09-08T00:27:00+02:00,,0.0,0,Ski,VYG:Line:L2,Stabekk-Oslo S-Ski,L2,rail,VYG:ServiceJourney:2777-HVK_444000-R,False,planned,False,,,,,2026-09-08T03:39:50.209703+02:00
NSR:StopPlace:59635,Hauketo stasjon,2026-09-08T00:32:00+02:00,2026-09-08T00:32:00+02:00,,0.0,0,Stabekk,VYG:Line:L2,Stabekk-Oslo S-Ski,L2,rail,VYG:ServiceJourney:2782-SKI_444011-R,False,planned,False,,,,,2026-09-08T03:39:50.209703+02:00
NSR:StopPlace:59635,Hauketo stasjon,2026-09-08T00:33:00+02:00,2026-09-08T00:33:00+02:00,,0.0,0,Brenna,RUT:Line:73,Holmlia stasjon - Brenna,73,bus,RUT:ServiceJourney:9873fdfbd623b4fc58a7859eafb86a83,False,planned,False,,,,,2026-09-08T03:39:50.209703+02:00
NSR:StopPlace:59635,Hauketo stasjon,2026-09-08T00:33:00+02:00,2026-09-08T00:33:00+02:00,,0.0,0,Skullerud,RUT:Line:79,Grorud T - Åsbråten,79,bus,RUT:ServiceJourney:6de588a0aa51fc987ccb503503217ea3,False,planned,False,,,,,2026-09-08T03:39:50.209703+02:00
NSR:StopPlace:59635,Hauketo stasjon,2026-09-08T00:33:00+02:00,2026-09-08T00:33:00+02:00,,0.0,0,Myrvoll stasjon,RUT:Line:81,Fornebu - Myrvoll stasjon,81,bus,RUT:ServiceJourney:97bea603403e5b4ed7f6c8df166a2517,False,planned,False,,,,,2026-09-08T03:39:50.209703+02:00
NSR:StopPlace:59635,Hauketo stasjon,2026-09-08T00:35:00+02:00,2026-09-08T00:35:00+02:00,,0.0,0,Bjørndal,RUT:Line:77,Holmlia stasjon - Bjørndal,77,bus,RUT:ServiceJourney:af08207ab0ce13f84eff8e8ec663b4ea,False,planned,False,,,,,2026-09-08T03:39:50.209703+02:00
NSR:StopPlace:59635,Hauketo stasjon,2026-09-08T00:37:00+02:00,2026-09-08T00:37:00+02:00,,0.0,0,Kolbotn,RUT:Line:87,Hauketo stasjon - Kolbotn,87,bus,RUT:ServiceJourney:59b3b89a32ac57fbacce5bf690be36f5,False,planned,False,,,,,2026-09-08T03:39:50.209703+02:00
NSR:StopPlace:59635,Hauketo stasjon,2026-09-08T00:39:00+02:00,2026-09-08T00:39:00+02:00,,0.0,0,Holmlia stasjon,RUT:Line:73,Holmlia stasjon - Brenna,73,bus,RUT:ServiceJourney:408989e850858874d771730532d08692,False,planned,False,,,,,2026-09-08T03:39:50.209703+02:00
NSR:StopPlace:59635,Hauketo stasjon,2026-09-08T00:42:00+02:00,2026-09-08T00:42:00+02:00,,0.0,0,Åsbråten,RUT:Line:79,Grorud T - Åsbråten,79,bus,RUT:ServiceJourney:48ed771b50f05b494c0cd83ccc04c0fd,False,planned,False,,,,,2026-09-08T03:39:50.209703+02:00
NSR:StopPlace:59635,Hauketo stasjon,2026-09-08T00:43:00+02:00,2026-09-08T00:43:00+02:00,,0.0,0,Enebakk kirke,RUT:Line:550,Enebakk - Oslo,550,bus,RUT:ServiceJourney:368de114b729f1a3f6178e627b4eb886,False,planned,False,,,,,2026-09-08T03:39:50.209703+02:00
NSR:StopPlace:59635,Hauketo stasjon,2026-09-08T00:48:00+02:00,2026-09-08T00:48:00+02:00,,0.0,0,Mortensrud,RUT:Line:73,Holmlia stasjon - Brenna,73,bus,RUT:ServiceJourney:aebb50e5a8f807114faa6fad72688d35,False,planned,False,,,,,2026-09-08T03:39:50.209703+02:00
NSR:StopPlace:59635,Hauketo stasjon,2026-09-08T00:48:00+02:00,2026-09-08T00:48:00+02:00,,0.0,0,Myrvoll stasjon,RUT:Line:81,Fornebu - Myrvoll stasjon,81,bus,RUT:ServiceJourney:146f0c64216e9c93329b699526157730,False,planned,False,,,,,2026-09-08T03:39:50.209703+02:00
NSR:StopPlace:59635,Hauketo stasjon,2026-09-08T00:54:00+02:00,2026-09-08T00:54:00+02:00,,0.0,0,Holmlia stasjon,RUT:Line:73,Holmlia stasjon - Brenna,73,bus,RUT:ServiceJourney:8e2a8eda84561e83153ce03837c9f8f3,False,planned,False,,,,,2026-09-08T03:39:50.209703+02:00
NSR:StopPlace:59635,Hauketo stasjon,2026-09-08T00:57:00+02:00,2026-09-08T00:57:00+02:00,,0.0,0,Åsbråten,RUT:Line:79,Grorud T - Åsbråten,79,bus,RUT:ServiceJourney:ed7bea75fb68ee46a7d2ba8a0c5e7987,False,planned,False,,,,,2026-09-08T03:39:50.209703+02:00
NSR:StopPlace:59635,Hauketo stasjon,2026-09-08T00:57:00+02:00,2026-09-08T00:57:00+02:00,,0.0,0,Ski,VYG:Line:L2,Stabekk-Oslo S-Ski,L2,rail,VYG:ServiceJourney:2779-HVK_444003-R,False,planned,False,,,,,2026-09-08T03:39:50.209703+02:00
NSR:StopPlace:59635,Hauketo stasjon,2026-09-08T01:03:00+02:00,2026-09-08T01:03:00+02:00,,0.0,0,Brenna,RUT:Line:73,Holmlia stasjon - Brenna,73,bus,RUT:ServiceJourney:1495916fcbb09836c948370ea7e839c5,False,planned,False,,,,,2026-09-08T03:39:50.209703+02:00
NSR:StopPlace:59635,Hauketo stasjon,2026-09-08T01:03:00+02:00,2026-09-08T01:03:00+02:00,,0.0,0,Myrvoll stasjon,RUT:Line:81,Fornebu - Myrvoll stasjon,81,bus,RUT:ServiceJourney:7e0d84f23e2973d1ebbb48f7c8f4fd10,False,planned,False,,,,,2026-09-08T03:39:50.209703+02:00
NSR:StopPlace:59635,Hauketo stasjon,2026-09-08T01:05:00+02:00,2026-09-08T01:05:00+02:00,,0.0,0,Bjørndal,RUT:Line:77,Holmlia stasjon - Bjørndal,77,bus,RUT:ServiceJourney:ac4897723188c855a05b2f0021cbe0c9,False,planned,False,,,,,2026-09-08T03:39:50.209703+02:00
NSR:StopPlace:59635,Hauketo stasjon,2026-09-08T01:12:00+02:00,2026-09-08T01:12:00+02:00,,0.0,0,Åsbråten,RUT:Line:79,Grorud T - Åsbråten,79,bus,RUT:ServiceJourney:1e271646016b460a80779c667804dc92,False,planned,False,,,,,2026-09-08T03:39:50.209703+02:00
NSR:StopPlace:59635,Hauketo stasjon,2026-09-08T01:18:00+02:00,2026-09-08T01:18:00+02:00,,0.0,0,Myrvoll stasjon,RUT:Line:81,Fornebu - Myrvoll stasjon,81,bus,RUT:ServiceJourney:bb9482c62bcfa3fe471fc0472e5547ae,False,planned,False,,,,,2026-09-08T03:39:50.209703+02:00
NSR:StopPlace:59635,Hauketo stasjon,2026-09-08T01:27:00+02:00,2026-09-08T01:27:00+02:00,,0.0,0,Ski,VYG:Line:L2,Stabekk-Oslo S-Ski,L2,rail,VYG:ServiceJourney:2781-HVK_444007-R,False,planned,False,,,,,2026-09-08T03:39:50.209703+02:00
NSR:StopPlace:59636,Holmlia stasjon,2026-09-08T00:06:00+02:00,2026-09-08T00:06:00+02:00,,0.0,0,Krummedike,RUT:Line:2077,Holmlia stasjon - Asperudåsen,77B,bus,RUT:ServiceJourney:23c9973d21139fa7fb5146c8c66373e1,False,planned,False,,,,,2026-09-08T03:39:50.209703+02:00
NSR:StopPlace:59636,Holmlia stasjon,2026-09-08T00:10:00+02:00,2026-09-08T00:10:00+02:00,,0.0,0,Skullerud,RUT:Line:79,Grorud T - Åsbråten,79,bus,RUT:ServiceJourney:62b75307bc20674df359346536717402,False,planned,False,,,,,2026-09-08T03:39:50.209703+02:00
NSR:StopPlace:59636,Holmlia stasjon,2026-09-08T00:12:00+02:00,2026-09-08T00:12:00+02:00,,0.0,0,Krummedike,RUT:Line:2077,Holmlia stasjon - Asperudåsen,77B,bus,RUT:ServiceJourney:23c9973d21139fa7fb5146c8c66373e1,False,planned,False,,,,,2026-09-08T03:39:50.209703+02:00
NSR:StopPlace:59636,Holmlia stasjon,2026-09-08T00:14:00+02:00,2026-09-08T00:14:00+02:00,,0.0,0,Ski,VYG:Line:L2,Stabekk-Oslo S-Ski,L2,rail,VYG:ServiceJourney:2875-BES_488401-R,False,planned,False,,,,,2026-09-08T03:39:50.209703+02:00
NSR:StopPlace:59636,Holmlia stasjon,2026-09-08T00:14:00+02:00,2026-09-08T00:14:00+02:00,,0.0,0,Mortensrud,RUT:Line:73,Holmlia stasjon - Brenna,73,bus,RUT:ServiceJourney:26ccf95a3177704c3d2bdcc9ee544306,False,planned,False,,,,,2026-09-08T03:39:50.209703+02:00
NSR:StopPlace:59636,Holmlia stasjon,2026-09-08T00:19:00+02:00,2026-09-08T00:19:00+02:00,,0.0,0,Åsbråten,RUT:Line:79,Grorud T - Åsbråten,79,bus,RUT:ServiceJourney:e29c32bc5e7baf5779bfc441e7a64592,False,planned,False,,,,,2026-09-08T03:39:50.209703+02:00
NSR:StopPlace:59636,Holmlia stasjon,2026-09-08T00:23:00+02:00,2026-09-08T00:23:00+02:00,,0.0,0,Åsbråten,RUT:Line:80,Jernbanetorget - Åsbråten,80E,bus,RUT:ServiceJourney:48367c32f3da7d9a57c3d1fa8accf3bd,False,planned,False,Linje 80E og 83 får Hausmanns bru som ny endeholdeplass fra 29. juni,"Bussene stopper ikke på Jernbanetorget etter 29. juni, men starter og stopper på Hausmanns bru i Nylandsveien.",incident,normal,2026-09-08T03:39:50.209703+02:00
NSR:StopPlace:59636,Holmlia stasjon,2026-09-08T00:25:00+02:00,2026-09-08T00:25:00+02:00,,0.0,0,Skullerud,RUT:Line:79,Grorud T - Åsbråten,79,bus,RUT:ServiceJourney:6de588a0aa51fc987ccb503503217ea3,False,planned,False,,,,,2026-09-08T03:39:50.209703+02:00
NSR:StopPlace:59636,Holmlia stasjon,2026-09-08T00:27:00+02:00,2026-09-08T00:27:00+02:00,,0.0,0,Bjørndal,RUT:Line:77,Holmlia stasjon - Bjørndal,77,bus,RUT:ServiceJourney:af08207ab0ce13f84eff8e8ec663b4ea,False,planned,False,,,,,2026-09-08T03:39:50.209703+02:00
NSR:StopPlace:59636,Holmlia stasjon,2026-09-08T00:29:00+02:00,2026-09-08T00:29:00+02:00,,0.0,0,Ski,VYG:Line:L2,Stabekk-Oslo S-Ski,L2,rail,VYG:ServiceJourney:2777-HVK_444000-R,False,planned,False,,,,,2026-09-08T03:39:50.209703+02:00
NSR:StopPlace:59636,Holmlia stasjon,2026-09-08T00:29:00+02:00,2026-09-08T00:29:00+02:00,,0.0,0,Brenna,RUT:Line:73,Holmlia stasjon - Brenna,73,bus,RUT:ServiceJourney:9873fdfbd623b4fc58a7859eafb86a83,False,planned,False,,,,,2026-09-08T03:39:50.209703+02:00
NSR:StopPlace:59636,Holmlia stasjon,2026-09-08T00:30:00+02:00,2026-09-08T00:30:00+02:00,,0.0,0,Stabekk,VYG:Line:L2,Stabekk-Oslo S-Ski,L2,rail,VYG:ServiceJourney:2782-SKI_444011-R,False,planned,False,,,,,2026-09-08T03:39:50.209703+02:00
NSR:StopPlace:59636,Holmlia stasjon,2026-09-08T00:34:00+02:00,2026-09-08T00:34:00+02:00,,0.0,0,Åsbråten,RUT:Line:79,Grorud T - Åsbråten,79,bus,RUT:ServiceJourney:53c1b92462b48764b75f0610f8e382b7,False,planned,False,,,,,2026-09-08T03:39:50.209703+02:00
NSR:StopPlace:59636,Holmlia stasjon,2026-09-08T00:36:00+02:00,2026-09-08T00:36:00+02:00,,0.0,0,Krummedike,RUT:Line:2077,Holmlia stasjon - Asperudåsen,77B,bus,RUT:ServiceJourney:bc5927ae09b965290a2a9785f069b882,False,planned,False,,,,,2026-09-08T03:39:50.209703+02:00
NSR:StopPlace:59636,Holmlia stasjon,2026-09-08T00:42:00+02:00,2026-09-08T00:42:00+02:00,,0.0,0,Krummedike,RUT:Line:2077,Holmlia stasjon - Asperudåsen,77B,bus,RUT:ServiceJourney:bc5927ae09b965290a2a9785f069b882,False,planned,False,,,,,2026-09-08T03:39:50.209703+02:00
NSR:StopPlace:59636,Holmlia stasjon,2026-09-08T00:44:00+02:00,2026-09-08T00:44:00+02:00,,0.0,0,Mortensrud,RUT:Line:73,Holmlia stasjon - Brenna,73,bus,RUT:ServiceJourney:aebb50e5a8f807114faa6fad72688d35,False,planned,False,,,,,2026-09-08T03:39:50.209703+02:00
NSR:StopPlace:59636,Holmlia stasjon,2026-09-08T00:49:00+02:00,2026-09-08T00:49:00+02:00,,0.0,0,Åsbråten,RUT:Line:79,Grorud T - Åsbråten,79,bus,RUT:ServiceJourney:48ed771b50f05b494c0cd83ccc04c0fd,False,planned,False,,,,,2026-09-08T03:39:50.209703+02:00
NSR:StopPlace:59636,Holmlia stasjon,2026-09-08T00:53:00+02:00,2026-09-08T00:53:00+02:00,,0.0,0,Åsbråten,RUT:Line:80,Jernbanetorget - Åsbråten,80E,bus,RUT:ServiceJourney:1745736b0bf68943d87fb2e95bc426cb,False,planned,False,Linje 80E og 83 får Hausmanns bru som ny endeholdeplass fra 29. juni,"Bussene stopper ikke på Jernbanetorget etter 29. juni, men starter og stopper på Hausmanns bru i Nylandsveien.",incident,normal,2026-09-08T03:39:50.209703+02:00
NSR:StopPlace:59636,Holmlia stasjon,2026-09-08T00:57:00+02:00,2026-09-08T00:57:00+02:00,,0.0,0,Bjørndal,RUT:Line:77,Holmlia stasjon - Bjørndal,77,bus,RUT:ServiceJourney:ac4897723188c855a05b2f0021cbe0c9,False,planned,False,,,,,2026-09-08T03:39:50.209703+02:00
NSR:StopPlace:59636,Holmlia stasjon,2026-09-08T00:59:00+02:00,2026-09-08T00:59:00+02:00,,0.0,0,Ski,VYG:Line:L2,Stabekk-Oslo S-Ski,L2,rail,VYG:ServiceJourney:2779-HVK_444003-R,False,planned,False,,,,,2026-09-08T03:39:50.209703+02:00
NSR:StopPlace:59636,Holmlia stasjon,2026-09-08T00:59:00+02:00,2026-09-08T00:59:00+02:00,,0.0,0,Brenna,RUT:Line:73,Holmlia stasjon - Brenna,73,bus,RUT:ServiceJourney:1495916fcbb09836c948370ea7e839c5,False,planned,False,,,,,2026-09-08T03:39:50.209703+02:00
NSR:StopPlace:59636,Holmlia stasjon,2026-09-08T01:04:00+02:00,2026-09-08T01:04:00+02:00,,0.0,0,Åsbråten,RUT:Line:79,Grorud T - Åsbråten,79,bus,RUT:ServiceJourney:ed7bea75fb68ee46a7d2ba8a0c5e7987,False,planned,False,,,,,2026-09-08T03:39:50.209703+02:00
NSR:StopPlace:59636,Holmlia stasjon,2026-09-08T01:06:00+02:00,2026-09-08T01:06:00+02:00,,0.0,0,Krummedike,RUT:Line:2077,Holmlia stasjon - Asperudåsen,77B,bus,RUT:ServiceJourney:b5db266458546d645849e8b04c61bdcc,False,planned,False,,,,,2026-09-08T03:39:50.209703+02:00
NSR:StopPlace:59636,Holmlia stasjon,2026-09-08T01:12:00+02:00,2026-09-08T01:12:00+02:00,,0.0,0,Krummedike,RUT:Line:2077,Holmlia stasjon - Asperudåsen,77B,bus,RUT:ServiceJourney:b5db266458546d645849e8b04c61bdcc,False,planned,False,,,,,2026-09-08T03:39:50.209703+02:00
NSR:StopPlace:59636,Holmlia stasjon,2026-09-08T01:19:00+02:00,2026-09-08T01:19:00+02:00,,0.0,0,Åsbråten,RUT:Line:79,Grorud T - Åsbråten,79,bus,RUT:ServiceJourney:1e271646016b460a80779c667804dc92,False,planned,False,,,,,2026-09-08T03:39:50.209703+02:00
NSR:StopPlace:59636,Holmlia stasjon,2026-09-08T01:29:00+02:00,2026-09-08T01:29:00+02:00,,0.0,0,Ski,VYG:Line:L2,Stabekk-Oslo S-Ski,L2,rail,VYG:ServiceJourney:2781-HVK_444007-R,False,planned,False,,,,,2026-09-08T03:39:50.209703+02:00
NSR:StopPlace:59636,Holmlia stasjon,2026-09-08T01:34:00+02:00,2026-09-08T01:34:00+02:00,,0.0,0,Åsbråten,RUT:Line:79,Grorud T - Åsbråten,79,bus,RUT:ServiceJourney:8ff2cdf4af446b5490421a63071d743e,False,planned,False,,,,,2026-09-08T03:39:50.209703+02:00
NSR:StopPlace:59637,Rosenholm stasjon,2026-09-08T01:31:00+02:00,2026-09-08T01:31:00+02:00,,0.0,0,Ski,VYG:Line:L2,Stabekk-Oslo S-Ski,L2,rail,VYG:ServiceJourney:2781-HVK_444007-R,False,planned,False,,,,,2026-09-08T03:39:50.209703+02:00
NSR:StopPlace:59638,Myrvoll stasjon,2026-09-08T00:07:00+02:00,2026-09-08T00:07:00+02:00,,0.0,0,Kolbotn torg,RUT:Line:580,Kolbotn - Ski,580,bus,RUT:ServiceJourney:cae6a3f3b1b788094e7300ff51f84ef1,False,planned,False,,,,,2026-09-08T03:39:50.209703+02:00
NSR:StopPlace:59638,Myrvoll stasjon,2026-09-08T00:08:00+02:00,2026-09-08T00:08:00+02:00,,0.0,0,Ski,VYG:Line:L2,Stabekk-Oslo S-Ski,L2,rail,VYG:ServiceJourney:2775-HVK_443998-R,False,planned,False,,,,,2026-09-08T03:39:50.209703+02:00
NSR:StopPlace:59638,Myrvoll stasjon,2026-09-08T00:21:00+02:00,2026-09-08T00:21:00+02:00,,0.0,0,Stabekk,VYG:Line:L2,Stabekk-Oslo S-Ski,L2,rail,VYG:ServiceJourney:2782-SKI_444011-R,False,planned,False,,,,,2026-09-08T03:39:50.209703+02:00
NSR:StopPlace:59638,Myrvoll stasjon,2026-09-08T00:23:00+02:00,2026-09-08T00:23:00+02:00,,0.0,0,Ski,VYG:Line:L2,Stabekk-Oslo S-Ski,L2,rail,VYG:ServiceJourney:2875-BES_488401-R,False,planned,False,,,,,2026-09-08T03:39:50.209703+02:00
NSR:StopPlace:59638,Myrvoll stasjon,2026-09-08T00:26:00+02:00,2026-09-08T00:26:00+02:00,,0.0,0,Ski stasjon,RUT:Line:580,Kolbotn - Ski,580,bus,RUT:ServiceJourney:c0465129e68a9cafd06d466ed2ccef47,False,planned,False,,,,,2026-09-08T03:39:50.209703+02:00
NSR:StopPlace:59638,Myrvoll stasjon,2026-09-08T00:37:00+02:00,2026-09-08T00:37:00+02:00,,0.0,0,Kolbotn torg,RUT:Line:580,Kolbotn - Ski,580,bus,RUT:ServiceJourney:12a840e01e68d85ae92f1e68b3015dfe,False,planned,False,,,,,2026-09-08T03:39:50.209703+02:00
NSR:StopPlace:59638,Myrvoll stasjon,2026-09-08T00:38:00+02:00,2026-09-08T00:38:00+02:00,,0.0,0,Ski,VYG:Line:L2,Stabekk-Oslo S-Ski,L2,rail,VYG:ServiceJourney:2777-HVK_444000-R,False,planned,False,,,,,2026-09-08T03:39:50.209703+02:00
NSR:StopPlace:59638,Myrvoll stasjon,2026-09-08T00:56:00+02:00,2026-09-08T00:56:00+02:00,,0.0,0,Ski stasjon,RUT:Line:580,Kolbotn - Ski,580,bus,RUT:ServiceJourney:64e57f26a942a0f1f334509feb449421,False,planned,False,,,,,2026-09-08T03:39:50.209703+02:00
NSR:StopPlace:59638,Myrvoll stasjon,2026-09-08T01:08:00+02:00,2026-09-08T01:08:00+02:00,,0.0,0,Ski,VYG:Line:L2,Stabekk-Oslo S-Ski,L2,rail,VYG:ServiceJourney:2779-HVK_444003-R,False,planned,False,,,,,2026-09-08T03:39:50.209703+02:00
NSR:StopPlace:59638,Myrvoll stasjon,2026-09-08T01:38:00+02:00,2026-09-08T01:38:00+02:00,,0.0,0,Ski,VYG:Line:L2,Stabekk-Oslo S-Ski,L2,rail,VYG:ServiceJourney:2781-HVK_444007-R,False,planned,False,,,,,2026-09-08T03:39:50.209703+02:00
NSR:StopPlace:59639,Sonsveien stasjon,2026-09-08T00:55:00+02:00,2026-09-08T00:55:00+02:00,,0.0,0,Deør - Son - Store Brevik,RUT:Line:3545,Son mot klokka,545B,bus,RUT:ServiceJourney:7056e12c930a5d01768123459ea7984d,False,planned,False,,,,,2026-09-08T03:39:50.209703+02:00
NSR:StopPlace:59639,Sonsveien stasjon,2026-09-08T01:21:00+02:00,2026-09-08T01:21:00+02:00,,0.0,0,Moss,VYG:Line:R21,Stabekk-Oslo S-Moss,R21,rail,VYG:ServiceJourney:1179-HVK_443078-R,False,planned,False,,,,,2026-09-08T03:39:50.209703+02:00
NSR:StopPlace:59639,Sonsveien stasjon,2026-09-08T01:25:00+02:00,2026-09-08T01:25:00+02:00,,0.0,0,Store Brevik - Son - Deør,RUT:Line:2545,Son med klokka,545A,bus,RUT:ServiceJourney:eb472545f474a002e404c5b5c638d849,False,planned,False,,,,,2026-09-08T03:39:50.209703+02:00
NSR:StopPlace:58404,Nationaltheatret,2026-09-08T00:06:00+02:00,2026-09-08T00:06:00+02:00,,0.0,0,Lillestrøm,VYG:Line:L1,Spikkestad-Oslo S-Lillestrøm,L1,rail,VYG:ServiceJourney:2278_445378-R,False,planned,False,,,,,2026-09-08T03:39:50.209703+02:00
NSR:StopPlace:58404,Nationaltheatret,2026-09-08T00:06:00+02:00,2026-09-08T00:06:00+02:00,,0.0,0,Østerås,RUT:Line:2,Østerås - Ellingsrudåsen,2,metro,RUT:ServiceJourney:b6e2b3dfc7d10e29f398e2f20cdab9b3,False,planned,False,,,,,2026-09-08T03:39:50.209703+02:00
NSR:StopPlace:58404,Nationaltheatret,2026-09-08T00:06:00+02:00,2026-09-08T00:06:00+02:00,,0.0,0,Filipstad,RUT:Line:81,Fornebu - Myrvoll stasjon,81,bus,RUT:ServiceJourney:1f10d82079e5422c4f2b1cabfe363218,False,planned,False,,,,,2026-09-08T03:39:50.209703+02:00
NSR:StopPlace:58404,Nationaltheatret,2026-09-08T00:06:00+02:00,2026-09-08T00:06:00+02:00,,0.0,0,Nydalen T,RUT:Line:37,Nydalen T - Helsfyr,37,bus,RUT:ServiceJourney:b45041af0a11cb78a2246529d938e7ab,False,planned,False,,,,,2026-09-08T03:39:50.209703+02:00
NSR:StopPlace:58404,Nationaltheatret,2026-09-08T00:06:00+02:00,2026-09-08T00:06:00+02:00,,0.0,0,Helsfyr,RUT:Line:37,Nydalen T - Helsfyr,37,bus,RUT:ServiceJourney:c4593a372930ac69b11a097ee961af63,False,planned,False,,,,,2026-09-08T03:39:50.209703+02:00
NSR:StopPlace:58404,Nationaltheatret,2026-09-08T00:06:00+02:00,2026-09-08T00:06:00+02:00,,0.0,0,Myrvoll stasjon,RUT:Line:81,Fornebu - Myrvoll stasjon,81,bus,RUT:ServiceJourney:97bea603403e5b4ed7f6c8df166a2517,False,planned,False,,,,,2026-09-08T03:39:50.209703+02:00
NSR:StopPlace:58404,Nationaltheatret,2026-09-08T00:08:00+02:00,2026-09-08T00:08:00+02:00,,0.0,0,Dal,VYG:Line:R13,Drammen-Oslo S-Dal,R13,rail,VYG:ServiceJourney:1677_443379-R,False,planned,False,,,,,2026-09-08T03:39:50.209703+02:00
NSR:StopPlace:58404,Nationaltheatret,2026-09-08T00:08:00+02:00,2026-09-08T00:08:00+02:00,,0.0,0,Bergkrystallen,RUT:Line:4,Vestli - Bergkrystallen,4,metro,RUT:ServiceJourney:22e8a2a6fb89523cc25b7a0704ac2292,False,planned,False,,,,,2026-09-08T03:39:50.209703+02:00
NSR:StopPlace:58404,Nationaltheatret,2026-09-08T00:08:00+02:00,2026-09-08T00:08:00+02:00,,0.0,0,Sognsvann,RUT:Line:5,Sognsvann - Vestli,5,metro,RUT:ServiceJourney:debf6d4533e8d789f60375b5e7bcfec6,False,planned,False,,,,,2026-09-08T03:39:50.209703+02:00
NSR:StopPlace:58404,Nationaltheatret,2026-09-08T00:09:00+02:00,2026-09-08T00:09:00+02:00,,0.0,0,Stabekk,VYG:Line:R21,Stabekk-Oslo S-Moss,R21,rail,VYG:ServiceJourney:1178-MOS_443076-R,False,planned,False,,,,,2026-09-08T03:39:50.209703+02:00
NSR:StopPlace:58404,Nationaltheatret,2026-09-08T00:09:00+02:00,2026-09-08T00:09:00+02:00,,0.0,0,Bygdøy,RUT:Line:30,Bygdøy - Nydalen,30,bus,RUT:ServiceJourney:5fe690a52fb9a1312a5514dd96b33026,False,planned,False,,,,,2026-09-08T03:39:50.209703+02:00
NSR:StopPlace:58404,Nationaltheatret,2026-09-08T00:09:00+02:00,2026-09-08T00:09:00+02:00,,0.0,0,Rykkinn,RUT:Line:160,Rykkinn -Nationaltheatret,160,bus,RUT:ServiceJourney:866b52f82978ea1d31ba46a186ffdcc8,False,planned,False,,,,,2026-09-08T03:39:50.209703+02:00
NSR:StopPlace:58404,Nationaltheatret,2026-09-08T00:09:00+02:00,2026-09-08T00:09:00+02:00,,0.0,0,Tonsenhagen,RUT:Line:31,Snarøya - Fornebu - Tonsenhagen - Grorud,31,bus,RUT:ServiceJourney:ec9d6452d2ed09fb8889cd92112ab8a6,False,planned,False,,,,,2026-09-08T03:39:50.209703+02:00
NSR:StopPlace:58404,Nationaltheatret,2026-09-08T00:10:00+02:00,2026-09-08T00:10:00+02:00,,0.0,0,Ski,VYG:Line:L2,Stabekk-Oslo S-Ski,L2,rail,VYG:ServiceJourney:2777-HVK_444000-R,False,planned,False,,,,,2026-09-08T03:39:50.209703+02:00
NSR:StopPlace:58404,Nationaltheatret,2026-09-08T00:10:00+02:00,2026-09-08T00:10:00+02:00,,0.0,0,Frognerseteren,RUT:Line:1,Frognerseteren - Bergkrystallen,1,metro,RUT:ServiceJourney:6f1fc01a98f4017447a1a9fa2f0aa17d,False,planned,False,,,,,2026-09-08T03:39:50.209703+02:00
NSR:StopPlace:58404,Nationaltheatret,2026-09-08T00:11:00+02:00,2026-09-08T00:11:00+02:00,,0.0,0,Nationaltheatret,RUT:Line:160,Rykkinn -Nationaltheatret,160,bus,RUT:ServiceJourney:bc30f15c4acf3e6dd6efdd35d11c575f,False,planned,False,,,,,2026-09-08T03:39:50.209703+02:00
NSR:StopPlace:58404,Nationaltheatret,2026-09-08T00:11:00+02:00,2026-09-08T00:11:00+02:00,,0.0,0,Kongsberg,VYG:Line:R12,Kongsberg-Oslo S-Eidsvoll,R12,rail,VYG:ServiceJourney:539_444349-R,False,planned,False,,,,,2026-09-08T03:39:50.209703+02:00
NSR:StopPlace:58404,Nationaltheatret,2026-09-08T00:11:00+02:00,2026-09-08T00:11:00+02:00,,0.0,0,Skullerud,RUT:Line:70,Nationaltheatret - Skullerud,70,bus,RUT:ServiceJourney:f9465085647ff67d82c98130aec5a851,False,planned,False,,,,,2026-09-08T03:39:50.209703+02:00
NSR:StopPlace:58404,Nationaltheatret,2026-09-08T00:12:00+02:00,2026-09-08T00:12:00+02:00,,0.0,0,Mortensrud,RUT:Line:3,Kolsås - Mortensrud,3,metro,RUT:ServiceJourney:f358167f5f6eaea25a573d18fb1d38fc,False,planned,False,,,,,2026-09-08T03:39:50.209703+02:00
NSR:StopPlace:58404,Nationaltheatret,2026-09-08T00:12:00+02:00,2026-09-08T00:12:00+02:00,,0.0,0,Ringen via Majorstuen,RUT:Line:5,Sognsvann - Vestli,5,metro,RUT:ServiceJourney:870f8f203bd6e33d71a5500cca4e89c1,False,planned,False,,,,,2026-09-08T03:39:50.209703+02:00
NSR:StopPlace:58404,Nationaltheatret,2026-09-08T00:13:00+02:00,2026-09-08T00:13:00+02:00,,0.0,0,Spikkestad,VYG:Line:L1,Spikkestad-Oslo S-Lillestrøm,L1,rail,VYG:ServiceJourney:2277_443713-R,False,planned,False,,,,,2026-09-08T03:39:50.209703+02:00
NSR:StopPlace:58404,Nationaltheatret,2026-09-08T00:13:00+02:00,2026-09-08T00:13:00+02:00,,0.0,0,Lilleaker,RUT:Line:13,Bekkestua - Ljabru,13,tram,RUT:ServiceJourney:7b9533de92698142263868798379fa62,False,planned,False,Linje 13: Buss for trikk direkte mellom Thune og Furulund - Lilleaker ,Vi kjører buss for trikk (linje 13B) direkte mellom Thune og Furulund - Lilleaker. Bussen stopper ikke på Sollerud. 13B betjener Thune fra midlertidig holdeplass i Drammensveien,incident,normal,2026-09-08T03:39:50.209703+02:00
NSR:StopPlace:58404,Nationaltheatret,2026-09-08T00:14:00+02:00,2026-09-08T00:14:00+02:00,,0.0,0,Vestli,RUT:Line:5,Sognsvann - Vestli,5,metro,RUT:ServiceJourney:d65e9ee19416e61ce3f828b10a6e8374,False,planned,False,,,,,2026-09-08T03:39:50.209703+02:00
NSR:StopPlace:58404,Nationaltheatret,2026-09-08T00:15:00+02:00,2026-09-08T00:15:00+02:00,,0.0,0,Fornebu,RUT:Line:31,Snarøya - Fornebu - Tonsenhagen - Grorud,31,bus,RUT:ServiceJourney:2cd63b316723f281d498bb02e7d54b85,False,planned,False,,,,,2026-09-08T03:39:50.209703+02:00
NSR:StopPlace:58404,Nationaltheatret,2026-09-08T00:16:00+02:00,2026-09-08T00:16:00+02:00,,0.0,0,Ryen,RUT:Line:1,Frognerseteren - Bergkrystallen,1,metro,RUT:ServiceJourney:7c9458ed8f11549280429c748c5f736f,False,planned,False,,,,,2026-09-08T03:39:50.209703+02:00
NSR:StopPlace:58404,Nationaltheatret,2026-09-08T00:16:00+02:00,2026-09-08T00:16:00+02:00,,0.0,0,Kolsås,RUT:Line:3,Kolsås - Mortensrud,3,metro,RUT:ServiceJourney:05f76af856a55f78bbf95be5398f41de,False,planned,False,,,,,2026-09-08T03:39:50.209703+02:00
NSR:StopPlace:58404,Nationaltheatret,2026-09-08T00:16:00+02:00,2026-09-08T00:16:00+02:00,,0.0,0,Nydalen T,RUT:Line:37,Nydalen T - Helsfyr,37,bus,RUT:ServiceJourney:14bdc36c367fea7dd5dd651d436f741a,False,planned,False,,,,,2026-09-08T03:39:50.209703+02:00
NSR:StopPlace:58404,Nationaltheatret,2026-09-08T00:16:00+02:00,2026-09-08T00:16:00+02:00,,0.0,0,Helsfyr,RUT:Line:37,Nydalen T - Helsfyr,37,bus,RUT:ServiceJourney:b8abe7e5a5ad9672bc5f37bd8a9e9b20,False,planned,False,,,,,2026-09-08T03:39:50.209703+02:00
NSR:StopPlace:58404,Nationaltheatret,2026-09-08T00:17:00+02:00,2026-09-08T00:17:00+02:00,,0.0,0,Nydalen,RUT:Line:30,Bygdøy - Nydalen,30,bus,RUT:ServiceJourney:87cc10e6e06985e5270977b26be3c35c,False,planned,False,,,,,2026-09-08T03:39:50.209703+02:00
NSR:StopPlace:58404,Nationaltheatret,2026-09-08T00:18:00+02:00,2026-09-08T00:18:00+02:00,,0.0,0,Ringen via Tøyen,RUT:Line:5,Sognsvann - Vestli,5,metro,RUT:ServiceJourney:b675f3e42ff22019b8a3198de76e4523,False,planned,False,,,,,2026-09-08T03:39:50.209703+02:00
NSR:StopPlace:58404,Nationaltheatret,2026-09-08T00:18:00+02:00,2026-09-08T00:18:00+02:00,,0.0,0,Vestli via Majorstuen,RUT:Line:4,Vestli - Bergkrystallen,4,metro,RUT:ServiceJourney:32c5d3a1337bfc6adb4797f1452c83c8,False,planned,False,,,,,2026-09-08T03:39:50.209703+02:00
NSR:StopPlace:58404,Nationaltheatret,2026-09-08T00:19:00+02:00,2026-09-08T00:19:00+02:00,,0.0,0,Stabekk,VYG:Line:L2,Stabekk-Oslo S-Ski,L2,rail,VYG:ServiceJourney:2780-SKI_444006-R,False,planned,False,,,,,2026-09-08T03:39:50.209703+02:00
NSR:StopPlace:58404,Nationaltheatret,2026-09-08T00:19:00+02:00,2026-09-08T00:19:00+02:00,,0.0,0,Ellingsrudåsen,RUT:Line:2,Østerås - Ellingsrudåsen,2,metro,RUT:ServiceJourney:19cc2708359c6faed4b12e8987249214,False,planned,False,,,,,2026-09-08T03:39:50.209703+02:00
NSR:StopPlace:58404,Nationaltheatret,2026-09-08T00:19:00+02:00,2026-09-08T00:19:00+02:00,,0.0,0,Grorud T,RUT:Line:31,Snarøya - Fornebu - Tonsenhagen - Grorud,31,bus,RUT:ServiceJourney:78bc0e14e4a81ed42748b1f9421aa76b,False,planned,False,,,,,2026-09-08T03:39:50.209703+02:00
NSR:StopPlace:58404,Nationaltheatret,2026-09-08T00:20:00+02:00,2026-09-08T00:20:00+02:00,,0.0,0,Kjelsås,RUT:Line:15,Jernbanetorget - Majorstuen via Nat,15,tram,RUT:ServiceJourney:5dc5b24995ac015c0ac78ea35f07d025,False,planned,False,,,,,2026-09-08T03:39:50.209703+02:00
NSR:StopPlace:58404,Nationaltheatret,2026-09-08T00:20:00+02:00,2026-09-08T00:20:00+02:00,,0.0,0,Majorstuen,RUT:Line:15,Jernbanetorget - Majorstuen via Nat,15,tram,RUT:ServiceJourney:2e56fcab6d712e6e34390940e1791913,False,planned,False,,,,,2026-09-08T03:39:50.209703+02:00
NSR:StopPlace:58404,Nationaltheatret,2026-09-08T00:21:00+02:00,2026-09-08T00:21:00+02:00,,0.0,0,Drammen,VYG:Line:R13,Drammen-Oslo S-Dal,R13,rail,VYG:ServiceJourney:1676_443378-R,False,planned,False,,,,,2026-09-08T03:39:50.209703+02:00
NSR:StopPlace:58404,Nationaltheatret,2026-09-08T00:21:00+02:00,2026-09-08T00:21:00+02:00,,0.0,0,Østerås,RUT:Line:2,Østerås - Ellingsrudåsen,2,metro,RUT:ServiceJourney:bfd764fbef134f1a3b2471a24c5f9512,False,planned,False,,,,,2026-09-08T03:39:50.209703+02:00
NSR:StopPlace:58404,Nationaltheatret,2026-09-08T00:21:00+02:00,2026-09-08T00:21:00+02:00,,0.0,0,Filipstad,RUT:Line:81,Fornebu - Myrvoll stasjon,81,bus,RUT:ServiceJourney:0e2ea61db8420aa96d8cc8d2a6716ea9,False,planned,False,,,,,2026-09-08T03:39:50.209703+02:00
NSR:StopPlace:58404,Nationaltheatret,2026-09-08T00:21:00+02:00,2026-09-08T00:21:00+02:00,,0.0,0,Myrvoll stasjon,RUT:Line:81,Fornebu - Myrvoll stasjon,81,bus,RUT:ServiceJourney:146f0c64216e9c93329b699526157730,False,planned,False,,,,,2026-09-08T03:39:50.209703+02:00
NSR:StopPlace:58404,Nationaltheatret,2026-09-08T00:23:00+02:00,2026-09-08T00:23:00+02:00,,0.0,0,Bergkrystallen,RUT:Line:4,Vestli - Bergkrystallen,4,metro,RUT:ServiceJourney:bea1869fd24f84f64d183ace15a84928,False,planned,False,,,,,2026-09-08T03:39:50.209703+02:00
NSR:StopPlace:58404,Nationaltheatret,2026-09-08T00:23:00+02:00,2026-09-08T00:23:00+02:00,,0.0,0,Sognsvann,RUT:Line:5,Sognsvann - Vestli,5,metro,RUT:ServiceJourney:3e0554de99ac130680731a03c9ee497d,False,planned,False,,,,,2026-09-08T03:39:50.209703+02:00
NSR:StopPlace:58404,Nationaltheatret,2026-09-08T00:25:00+02:00,2026-09-08T00:25:00+02:00,,0.0,0,Ljabru,RUT:Line:13,Bekkestua - Ljabru,13,tram,RUT:ServiceJourney:f4a26e3c61c7b118c65fce07d9ba8ce9,False,planned,False,,,,,2026-09-08T03:39:50.209703+02:00
NSR:StopPlace:58404,Nationaltheatret,2026-09-08T00:25:00+02:00,2026-09-08T00:25:00+02:00,,0.0,0,Snarøya,RUT:Line:31,Snarøya - Fornebu - Tonsenhagen - Grorud,31,bus,RUT:ServiceJourney:10579b99e29353e3e5b6578dae291d4d,False,planned,False,,,,,2026-09-08T03:39:50.209703+02:00
NSR:StopPlace:58404,Nationaltheatret,2026-09-08T00:25:00+02:00,2026-09-08T00:25:00+02:00,,0.0,0,Gullhaug,RUT:Line:150,Gullhaug - Nationaltheatret,150,bus,RUT:ServiceJourney:e955ae2662b98c510d43c30a10d8941c,False,planned,False,,,,,2026-09-08T03:39:50.209703+02:00
NSR:StopPlace:58404,Nationaltheatret,2026-09-08T00:26:00+02:00,2026-09-08T00:26:00+02:00,,0.0,0,Sætre,RUT:Line:250,Sætre - Slemmestad - Nationaltheatret,250,bus,RUT:ServiceJourney:af9bdfd9ad9e247203648dcd5baf7958,False,planned,False,,,,,2026-09-08T03:39:50.209703+02:00
NSR:StopPlace:58404,Nationaltheatret,2026-09-08T00:26:00+02:00,2026-09-08T00:26:00+02:00,,0.0,0,Nydalen T,RUT:Line:37,Nydalen T - Helsfyr,37,bus,RUT:ServiceJourney:1d6ccbc1e9e0e15eaafa3df6c7dcfb8f,False,planned,False,,,,,2026-09-08T03:39:50.209703+02:00
NSR:StopPlace:58404,Nationaltheatret,2026-09-08T00:26:00+02:00,2026-09-08T00:26:00+02:00,,0.0,0,Helsfyr,RUT:Line:37,Nydalen T - Helsfyr,37,bus,RUT:ServiceJourney:5ea0bfac86cee05a42614a94b5dc32c7,False,planned,False,,,,,2026-09-08T03:39:50.209703+02:00
NSR:StopPlace:58404,Nationaltheatret,2026-09-08T00:26:00+02:00,2026-09-08T00:26:00+02:00,,0.0,0,Skullerud,RUT:Line:70,Nationaltheatret - Skullerud,70,bus,RUT:ServiceJourney:91f40a6db8a0966509ba62d16a92d2e2,False,planned,False,,,,,2026-09-08T03:39:50.209703+02:00
NSR:StopPlace:58624,Umeå Centralstation,2026-09-08T01:44:00+02:00,2026-09-08T01:44:00+02:00,,0.0,0,"Sundsvall, Stockholm",SJV:Line:8ca80b34-505a-4d76-b047-58b01590d0e1,Luleå-Stockholm ,Luleå-Stockholm ,rail,SJV:ServiceJourney:a5d49afa-0d54-4c88-aed3-161717bb597d,False,planned,False,,,,,2026-09-08T03:39:50.209703+02:00
NSR:StopPlace:58626,Kramfors station,2026-09-08T00:12:00+02:00,2026-09-08T00:12:00+02:00,,0.0,0,Luleå,SJV:Line:0ff9f2b9-fbe5-4761-8a29-8813be35efaa,Stockholm-Narvik (-Luleå),,rail,SJV:ServiceJourney:0eabfad4-c61e-4fc3-8a75-7ebd11c5a873,False,planned,False,,,,,2026-09-08T03:39:50.209703+02:00
NSR:StopPlace:58963,Jessheim stasjon,2026-09-08T00:06:00+02:00,2026-09-08T00:06:00+02:00,,0.0,0,Oslo lufthavn,RUT:Line:450,Årnes - Oslo lufthavn,450,bus,RUT:ServiceJourney:e0920022c8c3aac4dbcbfe05ea823ccf,False,planned,False,,,,,2026-09-08T03:39:50.209703+02:00
NSR:StopPlace:58963,Jessheim stasjon,2026-09-08T00:07:00+02:00,2026-09-08T00:07:00+02:00,,0.0,0,Drammen,VYG:Line:R13,Drammen-Oslo S-Dal,R13,rail,VYG:ServiceJourney:1678_443382-R,False,planned,False,,,,,2026-09-08T03:39:50.209703+02:00
NSR:StopPlace:58963,Jessheim stasjon,2026-09-08T00:21:00+02:00,2026-09-08T00:21:00+02:00,,0.0,0,Dal,VYG:Line:R13,Drammen-Oslo S-Dal,R13,rail,VYG:ServiceJourney:1675_443375-R,False,planned,False,,,,,2026-09-08T03:39:50.209703+02:00
NSR:StopPlace:58963,Jessheim stasjon,2026-09-08T00:25:00+02:00,2026-09-08T00:25:00+02:00,,0.0,0,Eidsvoll st.,RUT:Line:430,Eidsvoll - Jessheim,430,bus,RUT:ServiceJourney:a4b2a8f628b8de050fb45c9589244dcb,False,planned,False,,,,,2026-09-08T03:39:50.209703+02:00
NSR:StopPlace:58963,Jessheim stasjon,2026-09-08T00:28:00+02:00,2026-09-08T00:28:00+02:00,,0.0,0,Fenstad,RUT:Line:440,Fenstad/Nordkisa - Oslo lufthavn,440,bus,RUT:ServiceJourney:9abd7ade641d95220d65596cc0583565,False,planned,False,,,,,2026-09-08T03:39:50.209703+02:00
NSR:StopPlace:58963,Jessheim stasjon,2026-09-08T00:31:00+02:00,2026-09-08T00:31:00+02:00,,0.0,0,Oslo lufthavn,RUT:Line:440,Fenstad/Nordkisa - Oslo lufthavn,440,bus,RUT:ServiceJourney:e75cf907eb0470bc972845189e269987,False,planned,False,,,,,2026-09-08T03:39:50.209703+02:00
NSR:StopPlace:58963,Jessheim stasjon,2026-09-08T00:33:00+02:00,2026-09-08T00:33:00+02:00,,0.0,0,Kopperud,RUT:Line:420,Maura -  Jessheim,420,bus,RUT:ServiceJourney:b624dca3fbfe82de9f5234f7453598b1,False,planned,False,,,,,2026-09-08T03:39:50.209703+02:00
NSR:StopPlace:58963,Jessheim stasjon,2026-09-08T00:48:00+02:00,2026-09-08T00:48:00+02:00,,0.0,0,Dal,VYG:Line:R13,Drammen-Oslo S-Dal,R13,rail,VYG:ServiceJourney:1677_443379-R,False,planned,False,,,,,2026-09-08T03:39:50.209703+02:00
NSR:StopPlace:58963,Jessheim stasjon,2026-09-08T00:52:00+02:00,2026-09-08T00:52:00+02:00,,0.0,0,Årnes,RUT:Line:450,Årnes - Oslo lufthavn,450,bus,RUT:ServiceJourney:f089585653200604ac11a536bd812a49,False,planned,False,,,,,2026-09-08T03:39:50.209703+02:00
NSR:StopPlace:58966,Porsgrunn stasjon,2026-09-08T01:37:00+02:00,2026-09-08T01:37:00+02:00,,0.0,0,Skien,VYG:Line:RE11,Eidsvoll-Oslo S-Skien,RE11,rail,VYG:ServiceJourney:839_541229-R,False,planned,False,Heis på Porsgrunn ute av drift,Heisen på Porsgrunn til spor 2 er ute av drift.,general,normal,2026-09-08T03:39:50.209703+02:00
NSR:StopPlace:58924,Bryne stasjon,2026-09-08T00:10:00+02:00,2026-09-08T00:10:00+02:00,,0.0,0,Lyefjell,KOL:Line:8_2017,50,50,bus,KOL:ServiceJourney:2017_260407061541236_2036,False,planned,False,,,,,2026-09-08T03:39:50.209703+02:00
NSR:StopPlace:58924,Bryne stasjon,2026-09-08T00:40:00+02:00,2026-09-08T00:40:00+02:00,,0.0,0,Lyefjell,KOL:Line:8_2017,50,50,bus,KOL:ServiceJourney:2017_260407061541417_2037,False,planned,False,,,,,2026-09-08T03:39:50.209703+02:00
NSR:StopPlace:58925,Gausel stasjon,2026-09-08T00:06:00+02:00,2026-09-08T00:06:00+02:00,,0.0,0,Sandnes,KOL:Line:8_1007,6,6,bus,KOL:ServiceJourney:1007_260729080906347_1091,False,planned,False,,,,,2026-09-08T03:39:50.209703+02:00
NSR:StopPlace:58925,Gausel stasjon,2026-09-08T00:10:00+02:00,2026-09-08T00:10:00+02:00,,0.0,0,Stavanger,KOL:Line:8_1003,2,2,bus,KOL:ServiceJourney:1003_251215119013095_2149,False,planned,False,,,,,2026-09-08T03:39:50.209703+02:00
NSR:StopPlace:58925,Gausel stasjon,2026-09-08T00:10:00+02:00,2026-09-08T00:10:00+02:00,,0.0,0,Sandnes,KOL:Line:8_1001,1,1,bus,KOL:ServiceJourney:1001_251008118354095_1123,False,planned,False,,,,,2026-09-08T03:39:50.209703+02:00
NSR:StopPlace:58925,Gausel stasjon,2026-09-08T00:15:00+02:00,2026-09-08T00:15:00+02:00,,0.0,0,Vardenes via UiS-Stavanger,KOL:Line:8_1007,6,6,bus,KOL:ServiceJourney:1007_260729080907238_2092,False,planned,False,,,,,2026-09-08T03:39:50.209703+02:00
NSR:StopPlace:58925,Gausel stasjon,2026-09-08T00:17:00+02:00,2026-09-08T00:17:00+02:00,,0.0,0,Stavanger,KOL:Line:8_1001,1,1,bus,KOL:ServiceJourney:1001_251008118382414_2125,False,planned,False,,,,,2026-09-08T03:39:50.209703+02:00
NSR:StopPlace:58925,Gausel stasjon,2026-09-08T00:17:00+02:00,2026-09-08T00:17:00+02:00,,0.0,0,Forus,KOL:Line:8_1003,2,2,bus,KOL:ServiceJourney:1003_251215117515008_1148,False,planned,False,,,,,2026-09-08T03:39:50.209703+02:00
NSR:StopPlace:58925,Gausel stasjon,2026-09-08T00:19:00+02:00,2026-09-08T00:19:00+02:00,,0.0,0,Stavanger,GOA:Line:59,Jærbanen,L5,rail,GOA:ServiceJourney:3077_63141-R,False,planned,False,,,,,2026-09-08T03:39:50.209703+02:00
NSR:StopPlace:58925,Gausel stasjon,2026-09-08T00:25:00+02:00,2026-09-08T00:25:00+02:00,,0.0,0,Stavanger,KOL:Line:8_1003,2,2,bus,KOL:ServiceJourney:1003_251215119013101_2150,False,planned,False,,,,,2026-09-08T03:39:50.209703+02:00
NSR:StopPlace:58925,Gausel stasjon,2026-09-08T00:25:00+02:00,2026-09-08T00:25:00+02:00,,0.0,0,Sandnes,KOL:Line:8_1001,1,1,bus,KOL:ServiceJourney:1001_251211091741917_1124,False,planned,False,,,,,2026-09-08T03:39:50.209703+02:00
NSR:StopPlace:58925,Gausel stasjon,2026-09-08T00:32:00+02:00,2026-09-08T00:32:00+02:00,,0.0,0,Forus,KOL:Line:8_1003,2,2,bus,KOL:ServiceJourney:1003_251215117515013_1149,False,planned,False,,,,,2026-09-08T03:39:50.209703+02:00
NSR:StopPlace:58925,Gausel stasjon,2026-09-08T00:36:00+02:00,2026-09-08T00:36:00+02:00,,0.0,0,Sandnes,KOL:Line:8_1007,6,6,bus,KOL:ServiceJourney:1007_260729080906350_1092,False,planned,False,,,,,2026-09-08T03:39:50.209703+02:00
NSR:StopPlace:58925,Gausel stasjon,2026-09-08T00:40:00+02:00,2026-09-08T00:40:00+02:00,,0.0,0,Sandnes,KOL:Line:8_1001,1,1,bus,KOL:ServiceJourney:1001_251008118354320_1125,False,planned,False,,,,,2026-09-08T03:39:50.209703+02:00
NSR:StopPlace:58925,Gausel stasjon,2026-09-08T00:47:00+02:00,2026-09-08T00:47:00+02:00,,0.0,0,Stavanger,KOL:Line:8_1001,1,1,bus,KOL:ServiceJourney:1001_251008118382530_2126,False,planned,False,,,,,2026-09-08T03:39:50.209703+02:00
NSR:StopPlace:58925,Gausel stasjon,2026-09-08T00:47:00+02:00,2026-09-08T00:47:00+02:00,,0.0,0,Forus,KOL:Line:8_1003,2,2,bus,KOL:ServiceJourney:1003_251215117515026_1150,False,planned,False,,,,,2026-09-08T03:39:50.209703+02:00
NSR:StopPlace:58925,Gausel stasjon,2026-09-08T00:55:00+02:00,2026-09-08T00:55:00+02:00,,0.0,0,Sandnes,KOL:Line:8_1001,1,1,bus,KOL:ServiceJourney:1001_251211091767262_1126,False,planned,False,,,,,2026-09-08T03:39:50.209703+02:00
NSR:StopPlace:58925,Gausel stasjon,2026-09-08T01:02:00+02:00,2026-09-08T01:02:00+02:00,,0.0,0,Forus,KOL:Line:8_1003,2,2,bus,KOL:ServiceJourney:1003_251215117623290_1151,False,planned,False,,,,,2026-09-08T03:39:50.209703+02:00
NSR:StopPlace:58925,Gausel stasjon,2026-09-08T01:06:00+02:00,2026-09-08T01:06:00+02:00,,0.0,0,Sandnes,KOL:Line:8_1007,6,6,bus,KOL:ServiceJourney:1007_260729080906353_1093,False,planned,False,,,,,2026-09-08T03:39:50.209703+02:00
NSR:StopPlace:58925,Gausel stasjon,2026-09-08T01:10:00+02:00,2026-09-08T01:10:00+02:00,,0.0,0,Sandnes,KOL:Line:8_1001,1,1,bus,KOL:ServiceJourney:1001_251008118354536_1127,False,planned,False,,,,,2026-09-08T03:39:50.209703+02:00
NSR:StopPlace:58925,Gausel stasjon,2026-09-08T01:47:00+02:00,2026-09-08T01:47:00+02:00,,0.0,0,Stavanger,KOL:Line:8_1001,1,1,bus,KOL:ServiceJourney:1001_251008118382652_2128,False,planned,False,,,,,2026-09-08T03:39:50.209703+02:00
NSR:StopPlace:58930,Larvik stasjon,2026-09-08T01:25:00+02:00,2026-09-08T01:25:00+02:00,,0.0,0,Skien,VYG:Line:RE11,Eidsvoll-Oslo S-Skien,RE11,rail,VYG:ServiceJourney:839_541229-R,False,planned,False,,,,,2026-09-08T03:39:50.209703+02:00
NSR:StopPlace:58795,Kambo stasjon,2026-09-08T01:25:00+02:00,2026-09-08T01:25:00+02:00,,0.0,0,Moss,VYG:Line:R21,Stabekk-Oslo S-Moss,R21,rail,VYG:ServiceJourney:1179-HVK_443078-R,False,planned,False,,,,,2026-09-08T03:39:50.209703+02:00
NSR:StopPlace:58830,Brakerøya stasjon,2026-09-08T01:21:00+02:00,2026-09-08T01:21:00+02:00,,0.0,0,Drammen,VYG:Line:R13,Drammen-Oslo S-Dal,R13,rail,VYG:ServiceJourney:1678_443382-R,False,planned,False,,,,,2026-09-08T03:39:50.209703+02:00
NSR:StopPlace:58838,Røyken stasjon,2026-09-08T01:29:30+02:00,2026-09-08T01:29:30+02:00,,0.0,0,Spikkestad,VYG:Line:L1,Spikkestad-Oslo S-Lillestrøm,L1,rail,VYG:ServiceJourney:2279_443715-R,False,planned,False,,,,,2026-09-08T03:39:50.209703+02:00
NSR:StopPlace:58847,Frogner stasjon,2026-09-08T01:10:00+02:00,2026-09-08T01:10:00+02:00,,0.0,0,Sørumsand,RUT:Line:365,Sørumsand - Frogner - Skedsmokorset,365,bus,RUT:ServiceJourney:ad8a464d9abe655c9e7985ff54250a20,False,planned,False,,,,,2026-09-08T03:39:50.209703+02:00
NSR:StopPlace:58853,Kolbotn stasjon,2026-09-08T00:07:00+02:00,2026-09-08T00:07:00+02:00,,0.0,0,Tårnåsen,RUT:Line:83,Jernbanetorget - Tårnåsen,83,bus,RUT:ServiceJourney:b3fbadd64baa893813179bcf2338ce7a,False,planned,False,Linje 80E og 83 får Hausmanns bru som ny endeholdeplass fra 29. juni,"Bussene stopper ikke på Jernbanetorget etter 29. juni, men starter og stopper på Hausmanns bru i Nylandsveien.",incident,normal,2026-09-08T03:39:50.209703+02:00
NSR:StopPlace:58853,Kolbotn stasjon,2026-09-08T00:11:00+02:00,2026-09-08T00:11:00+02:00,,0.0,0,Hauketo stasjon,RUT:Line:87,Hauketo stasjon - Kolbotn,87,bus,RUT:ServiceJourney:57e8a122921888c068ed6c1d8d98ee23,False,planned,False,,,,,2026-09-08T03:39:50.209703+02:00
NSR:StopPlace:58853,Kolbotn stasjon,2026-09-08T00:13:00+02:00,2026-09-08T00:13:00+02:00,,0.0,0,Ski stasjon,RUT:Line:580,Kolbotn - Ski,580,bus,RUT:ServiceJourney:c0465129e68a9cafd06d466ed2ccef47,False,planned,False,,,,,2026-09-08T03:39:50.209703+02:00
NSR:StopPlace:58853,Kolbotn stasjon,2026-09-08T00:18:00+02:00,2026-09-08T00:18:00+02:00,,0.0,0,Ski,VYG:Line:L2,Stabekk-Oslo S-Ski,L2,rail,VYG:ServiceJourney:2875-BES_488401-R,False,planned,False,,,,,2026-09-08T03:39:50.209703+02:00
NSR:StopPlace:58853,Kolbotn stasjon,2026-09-08T00:19:00+02:00,2026-09-08T00:19:00+02:00,,0.0,0,Mastemyr,RUT:Line:83,Jernbanetorget - Tårnåsen,83,bus,RUT:ServiceJourney:5e2b1e59750443ff4bf1c20c3c13b499,False,planned,False,Linje 80E og 83 får Hausmanns bru som ny endeholdeplass fra 29. juni,"Bussene stopper ikke på Jernbanetorget etter 29. juni, men starter og stopper på Hausmanns bru i Nylandsveien.",incident,normal,2026-09-08T03:39:50.209703+02:00
NSR:StopPlace:58853,Kolbotn stasjon,2026-09-08T00:19:00+02:00,2026-09-08T00:19:00+02:00,,0.0,0,Kolbotn torg,RUT:Line:580,Kolbotn - Ski,580,bus,RUT:ServiceJourney:cae6a3f3b1b788094e7300ff51f84ef1,False,planned,False,,,,,2026-09-08T03:39:50.209703+02:00
NSR:StopPlace:58853,Kolbotn stasjon,2026-09-08T00:20:00+02:00,2026-09-08T00:20:00+02:00,,0.0,0,Kolbotn,RUT:Line:87,Hauketo stasjon - Kolbotn,87,bus,RUT:ServiceJourney:205045c32e22b9c50508535235ccab73,False,planned,False,,,,,2026-09-08T03:39:50.209703+02:00
NSR:StopPlace:58853,Kolbotn stasjon,2026-09-08T00:25:00+02:00,2026-09-08T00:25:00+02:00,,0.0,0,Stabekk,VYG:Line:L2,Stabekk-Oslo S-Ski,L2,rail,VYG:ServiceJourney:2782-SKI_444011-R,False,planned,False,,,,,2026-09-08T03:39:50.209703+02:00
NSR:StopPlace:58853,Kolbotn stasjon,2026-09-08T00:33:00+02:00,2026-09-08T00:33:00+02:00,,0.0,0,Ski,VYG:Line:L2,Stabekk-Oslo S-Ski,L2,rail,VYG:ServiceJourney:2777-HVK_444000-R,False,planned,False,,,,,2026-09-08T03:39:50.209703+02:00
NSR:StopPlace:58853,Kolbotn stasjon,2026-09-08T00:37:00+02:00,2026-09-08T00:37:00+02:00,,0.0,0,Tårnåsen,RUT:Line:83,Jernbanetorget - Tårnåsen,83,bus,RUT:ServiceJourney:c31b39d7296eda2fce23ca6a35e3eca3,False,planned,False,Linje 80E og 83 får Hausmanns bru som ny endeholdeplass fra 29. juni,"Bussene stopper ikke på Jernbanetorget etter 29. juni, men starter og stopper på Hausmanns bru i Nylandsveien.",incident,normal,2026-09-08T03:39:50.209703+02:00
NSR:StopPlace:58853,Kolbotn stasjon,2026-09-08T00:43:00+02:00,2026-09-08T00:43:00+02:00,,0.0,0,Ski stasjon,RUT:Line:580,Kolbotn - Ski,580,bus,RUT:ServiceJourney:64e57f26a942a0f1f334509feb449421,False,planned,False,,,,,2026-09-08T03:39:50.209703+02:00
NSR:StopPlace:58853,Kolbotn stasjon,2026-09-08T00:49:00+02:00,2026-09-08T00:49:00+02:00,,0.0,0,Kolbotn torg,RUT:Line:580,Kolbotn - Ski,580,bus,RUT:ServiceJourney:12a840e01e68d85ae92f1e68b3015dfe,False,planned,False,,,,,2026-09-08T03:39:50.209703+02:00
NSR:StopPlace:58853,Kolbotn stasjon,2026-09-08T00:50:00+02:00,2026-09-08T00:50:00+02:00,,0.0,0,Kolbotn,RUT:Line:87,Hauketo stasjon - Kolbotn,87,bus,RUT:ServiceJourney:59b3b89a32ac57fbacce5bf690be36f5,False,planned,False,,,,,2026-09-08T03:39:50.209703+02:00
NSR:StopPlace:58853,Kolbotn stasjon,2026-09-08T01:03:00+02:00,2026-09-08T01:03:00+02:00,,0.0,0,Ski,VYG:Line:L2,Stabekk-Oslo S-Ski,L2,rail,VYG:ServiceJourney:2779-HVK_444003-R,False,planned,False,,,,,2026-09-08T03:39:50.209703+02:00
NSR:StopPlace:58853,Kolbotn stasjon,2026-09-08T01:07:00+02:00,2026-09-08T01:07:00+02:00,,0.0,0,Tårnåsen,RUT:Line:83,Jernbanetorget - Tårnåsen,83,bus,RUT:ServiceJourney:7275412b7a5c11603784325da579c31c,False,planned,False,Linje 80E og 83 får Hausmanns bru som ny endeholdeplass fra 29. juni,"Bussene stopper ikke på Jernbanetorget etter 29. juni, men starter og stopper på Hausmanns bru i Nylandsveien.",incident,normal,2026-09-08T03:39:50.209703+02:00
NSR:StopPlace:58853,Kolbotn stasjon,2026-09-08T01:33:00+02:00,2026-09-08T01:33:00+02:00,,0.0,0,Ski,VYG:Line:L2,Stabekk-Oslo S-Ski,L2,rail,VYG:ServiceJourney:2781-HVK_444007-R,False,planned,False,,,,,2026-09-08T03:39:50.209703+02:00
NSR:StopPlace:58854,Langhus stasjon,2026-09-08T00:09:00+02:00,2026-09-08T00:09:00+02:00,,0.0,0,Korsegården,RUT:Line:510,Bøleråsen - Ski - Ås - Drøbak,510,bus,RUT:ServiceJourney:4ab8d7c874fae3c92da5ce984324cce6,False,planned,False,,,,,2026-09-08T03:39:50.209703+02:00
NSR:StopPlace:58854,Langhus stasjon,2026-09-08T00:12:00+02:00,2026-09-08T00:12:00+02:00,,0.0,0,Stabekk,VYG:Line:L2,Stabekk-Oslo S-Ski,L2,rail,VYG:ServiceJourney:2782-SKI_444011-R,False,planned,False,,,,,2026-09-08T03:39:50.209703+02:00
NSR:StopPlace:58854,Langhus stasjon,2026-09-08T00:14:00+02:00,2026-09-08T00:14:00+02:00,,0.0,0,Bøleråsen,RUT:Line:510,Bøleråsen - Ski - Ås - Drøbak,510,bus,RUT:ServiceJourney:3c32015029c79340751323774c5e9ddd,False,planned,False,,,,,2026-09-08T03:39:50.209703+02:00
NSR:StopPlace:58854,Langhus stasjon,2026-09-08T00:16:00+02:00,2026-09-08T00:16:00+02:00,,0.0,0,Ski,VYG:Line:L2,Stabekk-Oslo S-Ski,L2,rail,VYG:ServiceJourney:2775-HVK_443998-R,False,planned,False,,,,,2026-09-08T03:39:50.209703+02:00
NSR:StopPlace:58854,Langhus stasjon,2026-09-08T00:29:00+02:00,2026-09-08T00:29:00+02:00,,0.0,0,Bøleråsen,RUT:Line:510,Bøleråsen - Ski - Ås - Drøbak,510,bus,RUT:ServiceJourney:eb7a16b7a2f81d57d7c204d13f421983,False,planned,False,,,,,2026-09-08T03:39:50.209703+02:00
NSR:StopPlace:58854,Langhus stasjon,2026-09-08T00:31:00+02:00,2026-09-08T00:31:00+02:00,,0.0,0,Ski,VYG:Line:L2,Stabekk-Oslo S-Ski,L2,rail,VYG:ServiceJourney:2875-BES_488401-R,False,planned,False,,,,,2026-09-08T03:39:50.209703+02:00
NSR:StopPlace:58854,Langhus stasjon,2026-09-08T00:44:00+02:00,2026-09-08T00:44:00+02:00,,0.0,0,Bøleråsen,RUT:Line:510,Bøleråsen - Ski - Ås - Drøbak,510,bus,RUT:ServiceJourney:2ff07644c9a1fdf1f42d5d01dae20fac,False,planned,False,,,,,2026-09-08T03:39:50.209703+02:00
NSR:StopPlace:58854,Langhus stasjon,2026-09-08T00:46:00+02:00,2026-09-08T00:46:00+02:00,,0.0,0,Ski,VYG:Line:L2,Stabekk-Oslo S-Ski,L2,rail,VYG:ServiceJourney:2777-HVK_444000-R,False,planned,False,,,,,2026-09-08T03:39:50.209703+02:00
NSR:StopPlace:58854,Langhus stasjon,2026-09-08T00:59:00+02:00,2026-09-08T00:59:00+02:00,,0.0,0,Bøleråsen,RUT:Line:510,Bøleråsen - Ski - Ås - Drøbak,510,bus,RUT:ServiceJourney:33f135737e4f784c8cf7b7e246459bc0,False,planned,False,,,,,2026-09-08T03:39:50.209703+02:00
NSR:StopPlace:58854,Langhus stasjon,2026-09-08T01:14:00+02:00,2026-09-08T01:14:00+02:00,,0.0,0,Bøleråsen,RUT:Line:510,Bøleråsen - Ski - Ås - Drøbak,510,bus,RUT:ServiceJourney:e6831bb0912a62661a3e13c7757523f2,False,planned,False,,,,,2026-09-08T03:39:50.209703+02:00
NSR:StopPlace:58854,Langhus stasjon,2026-09-08T01:16:00+02:00,2026-09-08T01:16:00+02:00,,0.0,0,Ski,VYG:Line:L2,Stabekk-Oslo S-Ski,L2,rail,VYG:ServiceJourney:2779-HVK_444003-R,False,planned,False,,,,,2026-09-08T03:39:50.209703+02:00
NSR:StopPlace:58854,Langhus stasjon,2026-09-08T01:46:00+02:00,2026-09-08T01:46:00+02:00,,0.0,0,Ski,VYG:Line:L2,Stabekk-Oslo S-Ski,L2,rail,VYG:ServiceJourney:2781-HVK_444007-R,False,planned,False,,,,,2026-09-08T03:39:50.209703+02:00
NSR:StopPlace:58856,Lysaker stasjon,2026-09-08T00:06:00+02:00,2026-09-08T00:06:00+02:00,,0.0,0,Sandvika,RUT:Line:130,Sandvika -Skøyen,130,bus,RUT:ServiceJourney:74c2e0dab397b8b5faffdbe88c21be6d,False,planned,False,,,,,2026-09-08T03:39:50.209703+02:00
NSR:StopPlace:58856,Lysaker stasjon,2026-09-08T00:07:00+02:00,2026-09-08T00:07:00+02:00,,0.0,0,Asker,VYG:Line:L1,Spikkestad-Oslo S-Lillestrøm,L1,rail,VYG:ServiceJourney:2175_443586-R,False,planned,False,,,,,2026-09-08T03:39:50.209703+02:00
NSR:StopPlace:58856,Lysaker stasjon,2026-09-08T00:09:00+02:00,2026-09-08T00:09:00+02:00,,0.0,0,Asker,VYG:Line:R14,Asker-Oslo S-Kongsvinger,R14,rail,VYG:ServiceJourney:1038_442950-R,False,planned,False,,,,,2026-09-08T03:39:50.209703+02:00
NSR:StopPlace:58856,Lysaker stasjon,2026-09-08T00:11:00+02:00,2026-09-08T00:11:00+02:00,,0.0,0,Fornebu,RUT:Line:31,Snarøya - Fornebu - Tonsenhagen - Grorud,31,bus,RUT:ServiceJourney:a58f7f65265c9889aa0ff5c060a0717c,False,planned,False,,,,,2026-09-08T03:39:50.209703+02:00
NSR:StopPlace:58856,Lysaker stasjon,2026-09-08T00:13:00+02:00,2026-09-08T00:13:00+02:00,,0.0,0,Bekkestua via Østerås,RUT:Line:140,Bekkestua - Østerås - Skøyen,140,bus,RUT:ServiceJourney:19db57fc19f313e4bc0427eca9025586,False,planned,False,,,,,2026-09-08T03:39:50.209703+02:00
NSR:StopPlace:58856,Lysaker stasjon,2026-09-08T00:13:00+02:00,2026-09-08T00:13:00+02:00,,0.0,0,Tonsenhagen,RUT:Line:31,Snarøya - Fornebu - Tonsenhagen - Grorud,31,bus,RUT:ServiceJourney:6ecf080fd0e925147edd1c76f41400be,False,planned,False,,,,,2026-09-08T03:39:50.209703+02:00
NSR:StopPlace:58856,Lysaker stasjon,2026-09-08T00:13:00+02:00,2026-09-08T00:13:00+02:00,,0.0,0,Nationaltheatret,RUT:Line:250,Sætre - Slemmestad - Nationaltheatret,250,bus,RUT:ServiceJourney:3b611a1906b918040c9e9bacec9da26f,False,planned,False,,,,,2026-09-08T03:39:50.209703+02:00
NSR:StopPlace:58856,Lysaker stasjon,2026-09-08T00:15:00+02:00,2026-09-08T00:15:00+02:00,,0.0,0,Tjuvholmen,RUT:Line:42,Voksen skog - Tjuvholmen,42,bus,RUT:ServiceJourney:9322ab196e1d99e8fc7d71875ccbcfd8,False,planned,False,,,,,2026-09-08T03:39:50.209703+02:00
NSR:StopPlace:58856,Lysaker stasjon,2026-09-08T00:17:00+02:00,2026-09-08T00:17:00+02:00,,0.0,0,Stabekk,VYG:Line:R21,Stabekk-Oslo S-Moss,R21,rail,VYG:ServiceJourney:1178-MOS_443076-R,False,planned,False,,,,,2026-09-08T03:39:50.209703+02:00
NSR:StopPlace:58856,Lysaker stasjon,2026-09-08T00:18:00+02:00,2026-09-08T00:18:00+02:00,,0.0,0,Skøyen,RUT:Line:140,Bekkestua - Østerås - Skøyen,140,bus,RUT:ServiceJourney:4d6f78865d3f907c4734ce262c7f8204,False,planned,False,,,,,2026-09-08T03:39:50.209703+02:00
NSR:StopPlace:58856,Lysaker stasjon,2026-09-08T00:19:00+02:00,2026-09-08T00:19:00+02:00,,0.0,0,Kongsberg,VYG:Line:R12,Kongsberg-Oslo S-Eidsvoll,R12,rail,VYG:ServiceJourney:539_444349-R,False,planned,False,,,,,2026-09-08T03:39:50.209703+02:00
NSR:StopPlace:58856,Lysaker stasjon,2026-09-08T00:19:00+02:00,2026-09-08T00:19:00+02:00,,0.0,0,Rykkinn,RUT:Line:160,Rykkinn -Nationaltheatret,160,bus,RUT:ServiceJourney:866b52f82978ea1d31ba46a186ffdcc8,False,planned,False,,,,,2026-09-08T03:39:50.209703+02:00
NSR:StopPlace:58856,Lysaker stasjon,2026-09-08T00:21:00+02:00,2026-09-08T00:21:00+02:00,,0.0,0,Snarøya,RUT:Line:31,Snarøya - Fornebu - Tonsenhagen - Grorud,31,bus,RUT:ServiceJourney:1b3c5b46802de2e2dbe981e2897e2323,False,planned,False,,,,,2026-09-08T03:39:50.209703+02:00
NSR:StopPlace:58856,Lysaker stasjon,2026-09-08T00:21:00+02:00,2026-09-08T00:21:00+02:00,,0.0,0,Spikkestad,VYG:Line:L1,Spikkestad-Oslo S-Lillestrøm,L1,rail,VYG:ServiceJourney:2277_443713-R,False,planned,False,,,,,2026-09-08T03:39:50.209703+02:00
NSR:StopPlace:58856,Lysaker stasjon,2026-09-08T00:23:00+02:00,2026-09-08T00:23:00+02:00,,0.0,0,Grorud T,RUT:Line:31,Snarøya - Fornebu - Tonsenhagen - Grorud,31,bus,RUT:ServiceJourney:66c5f6e8bde5458eafba07bf719c26a2,False,planned,False,,,,,2026-09-08T03:39:50.209703+02:00
NSR:StopPlace:58856,Lysaker stasjon,2026-09-08T00:26:00+02:00,2026-09-08T00:26:00+02:00,,0.0,0,Nationaltheatret,RUT:Line:150,Gullhaug - Nationaltheatret,150,bus,RUT:ServiceJourney:0f657f28f3cd72955409c32dce2ac816,False,planned,False,,,,,2026-09-08T03:39:50.209703+02:00
NSR:StopPlace:58856,Lysaker stasjon,2026-09-08T00:26:00+02:00,2026-09-08T00:26:00+02:00,,0.0,0,Skøyen,RUT:Line:130,Sandvika -Skøyen,130,bus,RUT:ServiceJourney:9ae1f68b1cd4a8be7021a52ccbd0237d,False,planned,False,,,,,2026-09-08T03:39:50.209703+02:00
NSR:StopPlace:58856,Lysaker stasjon,2026-09-08T00:27:00+02:00,2026-09-08T00:27:00+02:00,,0.0,0,Stabekk,VYG:Line:L2,Stabekk-Oslo S-Ski,L2,rail,VYG:ServiceJourney:2780-SKI_444006-R,False,planned,False,,,,,2026-09-08T03:39:50.209703+02:00
NSR:StopPlace:58856,Lysaker stasjon,2026-09-08T00:29:00+02:00,2026-09-08T00:29:00+02:00,,0.0,0,Drammen,VYG:Line:R13,Drammen-Oslo S-Dal,R13,rail,VYG:ServiceJourney:1676_443378-R,False,planned,False,,,,,2026-09-08T03:39:50.209703+02:00
NSR:StopPlace:58856,Lysaker stasjon,2026-09-08T00:29:00+02:00,2026-09-08T00:29:00+02:00,,0.0,0,Lillestrøm,VYG:Line:L1,Spikkestad-Oslo S-Lillestrøm,L1,rail,VYG:ServiceJourney:2280_443718-R,False,planned,False,,,,,2026-09-08T03:39:50.209703+02:00
NSR:StopPlace:58856,Lysaker stasjon,2026-09-08T00:30:00+02:00,2026-09-08T00:30:00+02:00,,0.0,0,Tjuvholmen,RUT:Line:42,Voksen skog - Tjuvholmen,42,bus,RUT:ServiceJourney:659d0c9af390b0d4dd9dec847def45cf,False,planned,False,,,,,2026-09-08T03:39:50.209703+02:00
NSR:StopPlace:58856,Lysaker stasjon,2026-09-08T00:31:00+02:00,2026-09-08T00:31:00+02:00,,0.0,0,Fornebu,RUT:Line:31,Snarøya - Fornebu - Tonsenhagen - Grorud,31,bus,RUT:ServiceJourney:2cd63b316723f281d498bb02e7d54b85,False,planned,False,,,,,2026-09-08T03:39:50.209703+02:00
NSR:StopPlace:58856,Lysaker stasjon,2026-09-08T00:33:00+02:00,2026-09-08T00:33:00+02:00,,0.0,0,Nationaltheatret,RUT:Line:160,Rykkinn -Nationaltheatret,160,bus,RUT:ServiceJourney:ecc939e1ceb048a0559bad6e4b0c51a3,False,planned,False,,,,,2026-09-08T03:39:50.209703+02:00
NSR:StopPlace:58856,Lysaker stasjon,2026-09-08T00:33:00+02:00,2026-09-08T00:33:00+02:00,,0.0,0,Ski,VYG:Line:L2,Stabekk-Oslo S-Ski,L2,rail,VYG:ServiceJourney:2779-HVK_444003-R,False,planned,False,,,,,2026-09-08T03:39:50.209703+02:00
NSR:StopPlace:58856,Lysaker stasjon,2026-09-08T00:35:00+02:00,2026-09-08T00:35:00+02:00,,0.0,0,Sætre,RUT:Line:250,Sætre - Slemmestad - Nationaltheatret,250,bus,RUT:ServiceJourney:af9bdfd9ad9e247203648dcd5baf7958,False,planned,False,,,,,2026-09-08T03:39:50.209703+02:00
NSR:StopPlace:58856,Lysaker stasjon,2026-09-08T00:35:00+02:00,2026-09-08T00:35:00+02:00,,0.0,0,Gullhaug,RUT:Line:150,Gullhaug - Nationaltheatret,150,bus,RUT:ServiceJourney:e955ae2662b98c510d43c30a10d8941c,False,planned,False,,,,,2026-09-08T03:39:50.209703+02:00
NSR:StopPlace:58856,Lysaker stasjon,2026-09-08T00:36:00+02:00,2026-09-08T00:36:00+02:00,,0.0,0,Sandvika,RUT:Line:130,Sandvika -Skøyen,130,bus,RUT:ServiceJourney:969a323352311684a45e4c29ec0ebb27,False,planned,False,,,,,2026-09-08T03:39:50.209703+02:00
NSR:StopPlace:58856,Lysaker stasjon,2026-09-08T00:39:00+02:00,2026-09-08T00:39:00+02:00,,0.0,0,Moss,VYG:Line:R21,Stabekk-Oslo S-Moss,R21,rail,VYG:ServiceJourney:1179-HVK_443078-R,False,planned,False,,,,,2026-09-08T03:39:50.209703+02:00
NSR:StopPlace:58856,Lysaker stasjon,2026-09-08T00:41:00+02:00,2026-09-08T00:41:00+02:00,,0.0,0,Snarøya,RUT:Line:31,Snarøya - Fornebu - Tonsenhagen - Grorud,31,bus,RUT:ServiceJourney:10579b99e29353e3e5b6578dae291d4d,False,planned,False,,,,,2026-09-08T03:39:50.209703+02:00
NSR:StopPlace:58856,Lysaker stasjon,2026-09-08T00:43:00+02:00,2026-09-08T00:43:00+02:00,,0.0,0,Bekkestua via Østerås,RUT:Line:140,Bekkestua - Østerås - Skøyen,140,bus,RUT:ServiceJourney:98fcb5c1bd9c0930a7f513dbb5c9eb1f,False,planned,False,,,,,2026-09-08T03:39:50.209703+02:00
NSR:StopPlace:58856,Lysaker stasjon,2026-09-08T00:45:00+02:00,2026-09-08T00:45:00+02:00,,0.0,0,Tjuvholmen,RUT:Line:42,Voksen skog - Tjuvholmen,42,bus,RUT:ServiceJourney:78700dd3cbcc9ace2d3899a2916e320c,False,planned,False,,,,,2026-09-08T03:39:50.209703+02:00
NSR:StopPlace:58856,Lysaker stasjon,2026-09-08T00:49:00+02:00,2026-09-08T00:49:00+02:00,,0.0,0,Rykkinn,RUT:Line:160,Rykkinn -Nationaltheatret,160,bus,RUT:ServiceJourney:dd0f490442c1aa07281f288f8db9b23d,False,planned,False,,,,,2026-09-08T03:39:50.209703+02:00
NSR:StopPlace:58856,Lysaker stasjon,2026-09-08T00:51:00+02:00,2026-09-08T00:51:00+02:00,,0.0,0,Fornebu,RUT:Line:31,Snarøya - Fornebu - Tonsenhagen - Grorud,31,bus,RUT:ServiceJourney:61d37bd9b8e802dba5a9a72e40210611,False,planned,False,,,,,2026-09-08T03:39:50.209703+02:00
NSR:StopPlace:58856,Lysaker stasjon,2026-09-08T00:51:00+02:00,2026-09-08T00:51:00+02:00,,0.0,0,Spikkestad,VYG:Line:L1,Spikkestad-Oslo S-Lillestrøm,L1,rail,VYG:ServiceJourney:2279_443715-R,False,planned,False,,,,,2026-09-08T03:39:50.209703+02:00
NSR:StopPlace:58856,Lysaker stasjon,2026-09-08T00:57:00+02:00,2026-09-08T00:57:00+02:00,,0.0,0,Stabekk,VYG:Line:L2,Stabekk-Oslo S-Ski,L2,rail,VYG:ServiceJourney:2782-SKI_444011-R,False,planned,False,,,,,2026-09-08T03:39:50.209703+02:00
NSR:StopPlace:58856,Lysaker stasjon,2026-09-08T00:59:00+02:00,2026-09-08T00:59:00+02:00,,0.0,0,Drammen,VYG:Line:R13,Drammen-Oslo S-Dal,R13,rail,VYG:ServiceJourney:1678_443382-R,False,planned,False,,,,,2026-09-08T03:39:50.209703+02:00
NSR:StopPlace:58856,Lysaker stasjon,2026-09-08T01:00:00+02:00,2026-09-08T01:00:00+02:00,,0.0,0,Tjuvholmen,RUT:Line:42,Voksen skog - Tjuvholmen,42,bus,RUT:ServiceJourney:caa3f97a982d013e1a9c61b33dad9223,False,planned,False,,,,,2026-09-08T03:39:50.209703+02:00
NSR:StopPlace:58856,Lysaker stasjon,2026-09-08T01:01:00+02:00,2026-09-08T01:01:00+02:00,,0.0,0,Snarøya,RUT:Line:31,Snarøya - Fornebu - Tonsenhagen - Grorud,31,bus,RUT:ServiceJourney:fb5cc586e99c6ee5632bd3845bbded9d,False,planned,False,,,,,2026-09-08T03:39:50.209703+02:00
NSR:StopPlace:58856,Lysaker stasjon,2026-09-08T01:03:00+02:00,2026-09-08T01:03:00+02:00,,0.0,0,Ski,VYG:Line:L2,Stabekk-Oslo S-Ski,L2,rail,VYG:ServiceJourney:2781-HVK_444007-R,False,planned,False,,,,,2026-09-08T03:39:50.209703+02:00
NSR:StopPlace:58856,Lysaker stasjon,2026-09-08T01:05:00+02:00,2026-09-08T01:05:00+02:00,,0.0,0,Slemmestad,RUT:Line:250,Sætre - Slemmestad - Nationaltheatret,250,bus,RUT:ServiceJourney:47842f174a6857c809d710d30828a080,False,planned,False,,,,,2026-09-08T03:39:50.209703+02:00
NSR:StopPlace:58856,Lysaker stasjon,2026-09-08T01:05:00+02:00,2026-09-08T01:05:00+02:00,,0.0,0,Gullhaug,RUT:Line:150,Gullhaug - Nationaltheatret,150,bus,RUT:ServiceJourney:1bb2ad2c27e4cbd42df5d527c9c23471,False,planned,False,,,,,2026-09-08T03:39:50.209703+02:00
NSR:StopPlace:58856,Lysaker stasjon,2026-09-08T01:06:00+02:00,2026-09-08T01:06:00+02:00,,0.0,0,Sandvika,RUT:Line:130,Sandvika -Skøyen,130,bus,RUT:ServiceJourney:c936d124d55b2f450eaada4621de4aa1,False,planned,False,,,,,2026-09-08T03:39:50.209703+02:00
NSR:StopPlace:58856,Lysaker stasjon,2026-09-08T01:15:00+02:00,2026-09-08T01:15:00+02:00,,0.0,0,Tjuvholmen,RUT:Line:42,Voksen skog - Tjuvholmen,42,bus,RUT:ServiceJourney:2f712d312c2cbebba06d59bfdd65241c,False,planned,False,,,,,2026-09-08T03:39:50.209703+02:00
NSR:StopPlace:58857,Lørenskog stasjon,2026-09-08T00:43:00+02:00,2026-09-08T00:43:00+02:00,,0.0,0,Stovner,RUT:Line:120,Nesåsen - Stovner,120,bus,RUT:ServiceJourney:815ba049f2f55fa960bac2affdf2e962,False,planned,False,,,,,2026-09-08T03:39:50.209703+02:00
NSR:StopPlace:58857,Lørenskog stasjon,2026-09-08T00:59:00+02:00,2026-09-08T00:59:00+02:00,,0.0,0,Lillestrøm,VYG:Line:L1,Spikkestad-Oslo S-Lillestrøm,L1,rail,VYG:ServiceJourney:2280_443718-R,False,planned,False,,,,,2026-09-08T03:39:50.209703+02:00
NSR:StopPlace:58857,Lørenskog stasjon,2026-09-08T01:07:00+02:00,2026-09-08T01:07:00+02:00,,0.0,0,Nesåsen,RUT:Line:120,Nesåsen - Stovner,120,bus,RUT:ServiceJourney:71a7afb7667ada59fa8cf35e52bd27be,False,planned,False,,,,,2026-09-08T03:39:50.209703+02:00
NSR:StopPlace:58851,Heggedal stasjon,2026-09-08T01:25:00+02:00,2026-09-08T01:25:00+02:00,,0.0,0,Spikkestad,VYG:Line:L1,Spikkestad-Oslo S-Lillestrøm,L1,rail,VYG:ServiceJourney:2279_443715-R,False,planned,False,,,,,2026-09-08T03:39:50.209703+02:00
NSR:StopPlace:58864,Sørumsand stasjon,2026-09-08T00:51:00+02:00,2026-09-08T00:51:00+02:00,,0.0,0,Lørenfallet,RUT:Line:365,Sørumsand - Frogner - Skedsmokorset,365,bus,RUT:ServiceJourney:a63cdf92faf7ada58431b5bd36d27558,False,planned,False,,,,,2026-09-08T03:39:50.209703+02:00
NSR:StopPlace:58865,Vestby stasjon,2026-09-08T00:50:00+02:00,2026-09-08T00:50:00+02:00,,0.0,0,Pepperstadmarka,RUT:Line:530,Pepperstad - Vestby stasjon,530,bus,RUT:ServiceJourney:d491e418c92ad8da289a4c3116f2e8fe,False,planned,False,,,,,2026-09-08T03:39:50.209703+02:00
NSR:StopPlace:58865,Vestby stasjon,2026-09-08T01:20:00+02:00,2026-09-08T01:20:00+02:00,,0.0,0,Randem,RUT:Line:533,Randem - Vestby stasjon,533,bus,RUT:ServiceJourney:6e94355ee18e3f864ca0d9d8dbd21f78,False,planned,False,,,,,2026-09-08T03:39:50.209703+02:00
NSR:StopPlace:58866,Vevelstad stasjon,2026-09-08T00:06:00+02:00,2026-09-08T00:06:00+02:00,,0.0,0,Korsegården,RUT:Line:510,Bøleråsen - Ski - Ås - Drøbak,510,bus,RUT:ServiceJourney:4ab8d7c874fae3c92da5ce984324cce6,False,planned,False,,,,,2026-09-08T03:39:50.209703+02:00
NSR:StopPlace:58866,Vevelstad stasjon,2026-09-08T00:14:00+02:00,2026-09-08T00:14:00+02:00,,0.0,0,Stabekk,VYG:Line:L2,Stabekk-Oslo S-Ski,L2,rail,VYG:ServiceJourney:2782-SKI_444011-R,False,planned,False,,,,,2026-09-08T03:39:50.209703+02:00
NSR:StopPlace:58866,Vevelstad stasjon,2026-09-08T00:14:00+02:00,2026-09-08T00:14:00+02:00,,0.0,0,Ski,VYG:Line:L2,Stabekk-Oslo S-Ski,L2,rail,VYG:ServiceJourney:2775-HVK_443998-R,False,planned,False,,,,,2026-09-08T03:39:50.209703+02:00
NSR:StopPlace:58866,Vevelstad stasjon,2026-09-08T00:19:00+02:00,2026-09-08T00:19:00+02:00,,0.0,0,Bøleråsen,RUT:Line:510,Bøleråsen - Ski - Ås - Drøbak,510,bus,RUT:ServiceJourney:3c32015029c79340751323774c5e9ddd,False,planned,False,,,,,2026-09-08T03:39:50.209703+02:00
NSR:StopPlace:58866,Vevelstad stasjon,2026-09-08T00:29:00+02:00,2026-09-08T00:29:00+02:00,,0.0,0,Ski,VYG:Line:L2,Stabekk-Oslo S-Ski,L2,rail,VYG:ServiceJourney:2875-BES_488401-R,False,planned,False,,,,,2026-09-08T03:39:50.209703+02:00
NSR:StopPlace:58866,Vevelstad stasjon,2026-09-08T00:34:00+02:00,2026-09-08T00:34:00+02:00,,0.0,0,Bøleråsen,RUT:Line:510,Bøleråsen - Ski - Ås - Drøbak,510,bus,RUT:ServiceJourney:eb7a16b7a2f81d57d7c204d13f421983,False,planned,False,,,,,2026-09-08T03:39:50.209703+02:00
NSR:StopPlace:58866,Vevelstad stasjon,2026-09-08T00:44:00+02:00,2026-09-08T00:44:00+02:00,,0.0,0,Ski,VYG:Line:L2,Stabekk-Oslo S-Ski,L2,rail,VYG:ServiceJourney:2777-HVK_444000-R,False,planned,False,,,,,2026-09-08T03:39:50.209703+02:00
NSR:StopPlace:58866,Vevelstad stasjon,2026-09-08T00:49:00+02:00,2026-09-08T00:49:00+02:00,,0.0,0,Bøleråsen,RUT:Line:510,Bøleråsen - Ski - Ås - Drøbak,510,bus,RUT:ServiceJourney:2ff07644c9a1fdf1f42d5d01dae20fac,False,planned,False,,,,,2026-09-08T03:39:50.209703+02:00
NSR:StopPlace:58866,Vevelstad stasjon,2026-09-08T01:04:00+02:00,2026-09-08T01:04:00+02:00,,0.0,0,Bøleråsen,RUT:Line:510,Bøleråsen - Ski - Ås - Drøbak,510,bus,RUT:ServiceJourney:33f135737e4f784c8cf7b7e246459bc0,False,planned,False,,,,,2026-09-08T03:39:50.209703+02:00
NSR:StopPlace:58866,Vevelstad stasjon,2026-09-08T01:14:00+02:00,2026-09-08T01:14:00+02:00,,0.0,0,Ski,VYG:Line:L2,Stabekk-Oslo S-Ski,L2,rail,VYG:ServiceJourney:2779-HVK_444003-R,False,planned,False,,,,,2026-09-08T03:39:50.209703+02:00
NSR:StopPlace:58866,Vevelstad stasjon,2026-09-08T01:19:00+02:00,2026-09-08T01:19:00+02:00,,0.0,0,Bøleråsen,RUT:Line:510,Bøleråsen - Ski - Ås - Drøbak,510,bus,RUT:ServiceJourney:e6831bb0912a62661a3e13c7757523f2,False,planned,False,,,,,2026-09-08T03:39:50.209703+02:00
NSR:StopPlace:58866,Vevelstad stasjon,2026-09-08T01:44:00+02:00,2026-09-08T01:44:00+02:00,,0.0,0,Ski,VYG:Line:L2,Stabekk-Oslo S-Ski,L2,rail,VYG:ServiceJourney:2781-HVK_444007-R,False,planned,False,,,,,2026-09-08T03:39:50.209703+02:00
NSR:StopPlace:58860,Oppegård stasjon,2026-09-08T00:42:00+02:00,2026-09-08T00:42:00+02:00,,0.0,0,Ski,VYG:Line:L2,Stabekk-Oslo S-Ski,L2,rail,VYG:ServiceJourney:2777-HVK_444000-R,False,planned,False,,,,,2026-09-08T03:39:50.209703+02:00
NSR:StopPlace:58860,Oppegård stasjon,2026-09-08T01:01:00+02:00,2026-09-08T01:01:00+02:00,,0.0,0,Ski stasjon,RUT:Line:580,Kolbotn - Ski,580,bus,RUT:ServiceJourney:64e57f26a942a0f1f334509feb449421,False,planned,False,,,,,2026-09-08T03:39:50.209703+02:00
NSR:StopPlace:58860,Oppegård stasjon,2026-09-08T01:12:00+02:00,2026-09-08T01:12:00+02:00,,0.0,0,Ski,VYG:Line:L2,Stabekk-Oslo S-Ski,L2,rail,VYG:ServiceJourney:2779-HVK_444003-R,False,planned,False,,,,,2026-09-08T03:39:50.209703+02:00
NSR:StopPlace:58860,Oppegård stasjon,2026-09-08T01:42:00+02:00,2026-09-08T01:42:00+02:00,,0.0,0,Ski,VYG:Line:L2,Stabekk-Oslo S-Ski,L2,rail,VYG:ServiceJourney:2781-HVK_444007-R,False,planned,False,,,,,2026-09-08T03:39:50.209703+02:00
NSR:StopPlace:58861,Solbråtan stasjon,2026-09-08T01:05:00+02:00,2026-09-08T01:05:00+02:00,,0.0,0,Ski,VYG:Line:L2,Stabekk-Oslo S-Ski,L2,rail,VYG:ServiceJourney:2779-HVK_444003-R,False,planned,False,,,,,2026-09-08T03:39:50.209703+02:00
NSR:StopPlace:58861,Solbråtan stasjon,2026-09-08T01:11:00+02:00,2026-09-08T01:11:00+02:00,,0.0,0,Tårnåsen,RUT:Line:83,Jernbanetorget - Tårnåsen,83,bus,RUT:ServiceJourney:7275412b7a5c11603784325da579c31c,False,planned,False,Linje 80E og 83 får Hausmanns bru som ny endeholdeplass fra 29. juni,"Bussene stopper ikke på Jernbanetorget etter 29. juni, men starter og stopper på Hausmanns bru i Nylandsveien.",incident,normal,2026-09-08T03:39:50.209703+02:00
NSR:StopPlace:58861,Solbråtan stasjon,2026-09-08T01:35:00+02:00,2026-09-08T01:35:00+02:00,,0.0,0,Ski,VYG:Line:L2,Stabekk-Oslo S-Ski,L2,rail,VYG:ServiceJourney:2781-HVK_444007-R,False,planned,False,,,,,2026-09-08T03:39:50.209703+02:00
NSR:StopPlace:58862,Strømmen stasjon,2026-09-08T00:35:00+02:00,2026-09-08T00:35:00+02:00,,0.0,0,Lillestrøm,VYG:Line:L1,Spikkestad-Oslo S-Lillestrøm,L1,rail,VYG:ServiceJourney:2278_445378-R,False,planned,False,,,,,2026-09-08T03:39:50.209703+02:00
NSR:StopPlace:58862,Strømmen stasjon,2026-09-08T00:36:00+02:00,2026-09-08T00:36:00+02:00,,0.0,0,Nittedal,RUT:Line:385,Nittedal stasjon - Olavsgaard - Ahus,385,bus,RUT:ServiceJourney:7bc23df9176e600fcd00250b231649b9,False,planned,False,,,,,2026-09-08T03:39:50.209703+02:00
NSR:StopPlace:58862,Strømmen stasjon,2026-09-08T01:05:00+02:00,2026-09-08T01:05:00+02:00,,0.0,0,Lillestrøm,VYG:Line:L1,Spikkestad-Oslo S-Lillestrøm,L1,rail,VYG:ServiceJourney:2280_443718-R,False,planned,False,,,,,2026-09-08T03:39:50.209703+02:00
NSR:StopPlace:58875,Torp stasjon,2026-09-08T00:15:00+02:00,2026-09-08T00:15:00+02:00,,0.0,0,Torp,VYX:Line:164,S174 Shuttle Sandefjord Lufthavn Torp,S174,bus,VYX:ServiceJourney:040d1aeeac1e8e86c63438c3383d640696e4e881,False,planned,False,Info S174,I retning Sandefjord lufthavn Torp vil S174 vente på tog som ankommer Torp stasjon.,general,normal,2026-09-08T03:39:50.209703+02:00
NSR:StopPlace:58875,Torp stasjon,2026-09-08T01:11:00+02:00,2026-09-08T01:11:00+02:00,,0.0,0,Torp,VYX:Line:164,S174 Shuttle Sandefjord Lufthavn Torp,S174,bus,VYX:ServiceJourney:9f288bd3bcd606ebcaf23a6ccbe4ac9ded368fb9,False,planned,False,Info S174,I retning Sandefjord lufthavn Torp vil S174 vente på tog som ankommer Torp stasjon.,general,normal,2026-09-08T03:39:50.209703+02:00
NSR:StopPlace:58816,Dombås stasjon,2026-09-08T01:43:00+02:00,2026-09-08T01:43:00+02:00,,0.0,0,Oslo,VYX:Line:162,VY148 Ålesund-Oslo,VY148,coach,VYX:ServiceJourney:bac9c7577f5decaaa7ee55244d8e6f537b29293f,False,planned,False,Forhåndsbestilling Vy,Billett må kjøpes på nett eller app senest 15 minutter før påstigning for at bussen skal kjøre innom holdeplassen.,general,normal,2026-09-08T03:39:50.209703+02:00
NSR:StopPlace:58818,Gran stasjon,2026-09-08T00:26:00+02:00,2026-09-08T00:26:00+02:00,,0.0,0,Jaren,VYG:Line:R31,Skøyen-Jaren-Gjøvik,R31,rail,VYG:ServiceJourney:BUS-237_655492-R,False,planned,False,,,,,2026-09-08T03:39:50.209703+02:00
NSR:StopPlace:58818,Gran stasjon,2026-09-08T00:44:00+02:00,2026-09-08T00:44:00+02:00,,0.0,0,Jaren,VYG:Line:R31,Skøyen-Jaren-Gjøvik,R31,rail,VYG:ServiceJourney:BUS-237_655496-R,False,planned,False,,,,,2026-09-08T03:39:50.209703+02:00
NSR:StopPlace:58819,Grua stasjon,2026-09-08T00:09:00+02:00,2026-09-08T00:09:00+02:00,,0.0,0,Jaren,VYG:Line:R31,Skøyen-Jaren-Gjøvik,R31,rail,VYG:ServiceJourney:BUS-237_655492-R,False,planned,False,,,,,2026-09-08T03:39:50.209703+02:00
NSR:StopPlace:58819,Grua stasjon,2026-09-08T00:40:00+02:00,2026-09-08T00:40:00+02:00,,0.0,0,Roa,VYG:Line:R31,Skøyen-Jaren-Gjøvik,R31,rail,VYG:ServiceJourney:BUS-239_655510-R,False,planned,False,,,,,2026-09-08T03:39:50.209703+02:00
NSR:StopPlace:58820,Harestua stasjon,2026-09-08T00:30:00+02:00,2026-09-08T00:30:00+02:00,,0.0,0,Roa,VYG:Line:R31,Skøyen-Jaren-Gjøvik,R31,rail,VYG:ServiceJourney:BUS-239_655510-R,False,planned,False,,,,,2026-09-08T03:39:50.209703+02:00
NSR:StopPlace:58824,Lunner stasjon,2026-09-08T00:35:00+02:00,2026-09-08T00:35:00+02:00,,0.0,0,Jaren,VYG:Line:R31,Skøyen-Jaren-Gjøvik,R31,rail,VYG:ServiceJourney:BUS-237_655496-R,False,planned,False,,,,,2026-09-08T03:39:50.209703+02:00
NSR:StopPlace:58828,Roa stasjon,2026-09-08T00:15:00+02:00,2026-09-08T00:15:00+02:00,,0.0,0,Jaren,VYG:Line:R31,Skøyen-Jaren-Gjøvik,R31,rail,VYG:ServiceJourney:BUS-237_655492-R,False,planned,False,,,,,2026-09-08T03:39:50.209703+02:00
NSR:StopPlace:58828,Roa stasjon,2026-09-08T00:23:00+02:00,2026-09-08T00:23:00+02:00,,0.0,0,Jaren,VYG:Line:R31,Skøyen-Jaren-Gjøvik,R31,rail,VYG:ServiceJourney:BUS-237_655493-R,False,planned,False,,,,,2026-09-08T03:39:50.209703+02:00
NSR:StopPlace:58828,Roa stasjon,2026-09-08T00:28:00+02:00,2026-09-08T00:28:00+02:00,,0.0,0,Jaren,VYG:Line:R31,Skøyen-Jaren-Gjøvik,R31,rail,VYG:ServiceJourney:BUS-237_655496-R,False,planned,False,,,,,2026-09-08T03:39:50.209703+02:00
NSR:StopPlace:58828,Roa stasjon,2026-09-08T00:41:00+02:00,2026-09-08T00:41:00+02:00,,0.0,0,Lunner,VYG:Line:R31,Skøyen-Jaren-Gjøvik,R31,rail,VYG:ServiceJourney:BUS-237_655497-R,False,planned,False,,,,,2026-09-08T03:39:50.209703+02:00
NSR:StopPlace:63381,Örnsköldsvik Centralstation,2026-09-08T01:02:00+02:00,2026-09-08T01:02:00+02:00,,0.0,0,Luleå,SJV:Line:0ff9f2b9-fbe5-4761-8a29-8813be35efaa,Stockholm-Narvik (-Luleå),,rail,SJV:ServiceJourney:0eabfad4-c61e-4fc3-8a75-7ebd11c5a873,False,planned,False,,,,,2026-09-08T03:39:50.209703+02:00
NSR:StopPlace:63620,Bastuträsk station,2026-09-08T01:10:00+02:00,2026-09-08T01:10:00+02:00,,0.0,0,"Umeå, Sundsvall, Stockholm",SJV:Line:8ca80b34-505a-4d76-b047-58b01590d0e1,Luleå-Stockholm ,Luleå-Stockholm ,rail,SJV:ServiceJourney:a5d49afa-0d54-4c88-aed3-161717bb597d,False,planned,False,,,,,2026-09-08T03:39:50.209703+02:00
NSR:StopPlace:63695,Umeå Östra station,2026-09-08T01:04:00+02:00,2026-09-08T01:04:00+02:00,,0.0,0,Luleå,SJV:Line:0ff9f2b9-fbe5-4761-8a29-8813be35efaa,Stockholm-Narvik (-Luleå),,rail,SJV:ServiceJourney:0eabfad4-c61e-4fc3-8a75-7ebd11c5a873,False,planned,False,,,,,2026-09-08T03:39:50.209703+02:00
NSR:StopPlace:63691,Vindeln station,2026-09-08T01:20:00+02:00,2026-09-08T01:20:00+02:00,,0.0,0,"Umeå, Sundsvall, Stockholm",SJV:Line:8ca80b34-505a-4d76-b047-58b01590d0e1,Luleå-Stockholm ,Luleå-Stockholm ,rail,SJV:ServiceJourney:a5d49afa-0d54-4c88-aed3-161717bb597d,False,planned,False,,,,,2026-09-08T03:39:50.209703+02:00
NSR:StopPlace:63705,Enköping station,2026-09-08T00:20:00+02:00,2026-09-08T00:20:00+02:00,,0.0,0,Västerås,VYB:Line:26,850 Oslo - Arlanda - Stockholm,850,coach,VYB:ServiceJourney:bf630e676fe8d8467a79feb0097bf8bf3a5272da,False,planned,False,Enköping,Enköping stasjon.Bussen stopper ved pendlerparkeringen på Østra Järnvägsgatan.,general,normal,2026-09-08T03:39:50.209703+02:00
NSR:StopPlace:63705,Enköping station,2026-09-08T01:20:00+02:00,2026-09-08T01:20:00+02:00,,0.0,0,Karlstad,VYB:Line:26,850 Oslo - Arlanda - Stockholm,850,coach,VYB:ServiceJourney:8470c5d763172480e86b1b6f8357e883e035865b,False,planned,False,Enköping,Enköping stasjon.Bussen stopper ved pendlerparkeringen på Østra Järnvägsgatan.,general,normal,2026-09-08T03:39:50.209703+02:00
NSR:StopPlace:58211,Oslo lufthavn,2026-09-08T00:10:00+02:00,2026-09-08T00:10:00+02:00,,0.0,0,Drammen,FLT:Line:FLY1,FLY1,FLY1,rail,FLT:ServiceJourney:1-2614-3814-20260907,False,planned,False,,,,,2026-09-08T03:39:50.209703+02:00
NSR:StopPlace:58211,Oslo lufthavn,2026-09-08T00:10:00+02:00,2026-09-08T00:10:00+02:00,,0.0,0,Fredrikstad,VYX:Line:56,FB11 Fredrikstad-Oslo Lufthavn (OSL),FB11,bus,VYX:ServiceJourney:c6c5bf57a55432d6deb9190afbdfc4c7c5c58d6f,False,planned,False,Forhåndsbestilling FB11,Billett må kjøpes på nett eller app senest 15 minutter før påstigning for at bussen skal kjøre innom holdeplassen. Ruter-billett er ikke gyldig. ,general,normal,2026-09-08T03:39:50.209703+02:00
NSR:StopPlace:58211,Oslo lufthavn,2026-09-08T00:10:00+02:00,2026-09-08T00:10:00+02:00,,0.0,0,Fenstad,RUT:Line:440,Fenstad/Nordkisa - Oslo lufthavn,440,bus,RUT:ServiceJourney:9abd7ade641d95220d65596cc0583565,False,planned,False,,,,,2026-09-08T03:39:50.209703+02:00
NSR:StopPlace:58211,Oslo lufthavn,2026-09-08T00:15:00+02:00,2026-09-08T00:15:00+02:00,,0.0,0,Majorstuen via Torshov-Sagene,NBU:Line:a7cafc59-feaf-4e61-9fa1-b7dce4ffe970,Majorstuen via Torshov-Sagene,FB1,bus,NBU:ServiceJourney:ca78bbed-8aa1-40fe-be3b-c23dde7f213d,False,planned,False,,,,,2026-09-08T03:39:50.209703+02:00
NSR:StopPlace:58211,Oslo lufthavn,2026-09-08T00:19:00+02:00,2026-09-08T00:19:00+02:00,,0.0,0,Eidsvoll,VYG:Line:R12,Kongsberg-Oslo S-Eidsvoll,R12,rail,VYG:ServiceJourney:538_444348-R,False,planned,False,,,,,2026-09-08T03:39:50.209703+02:00
NSR:StopPlace:58211,Oslo lufthavn,2026-09-08T00:24:00+02:00,2026-09-08T00:24:00+02:00,,0.0,0,Kopperud,RUT:Line:420,Maura -  Jessheim,420,bus,RUT:ServiceJourney:4a00a702cf2d3e4c20c52ffbfab13f1e,False,planned,False,,,,,2026-09-08T03:39:50.209703+02:00
NSR:StopPlace:58211,Oslo lufthavn,2026-09-08T00:25:00+02:00,2026-09-08T00:25:00+02:00,,0.0,0,Oslo lufthavn,VYX:Line:51,S22 Shuttle Oslo lufthavn,S22,bus,VYX:ServiceJourney:b05754e7fc5ecc25abe542abc0d22635869520ab,False,planned,False,,,,,2026-09-08T03:39:50.209703+02:00
NSR:StopPlace:58211,Oslo lufthavn,2026-09-08T00:30:00+02:00,2026-09-08T00:30:00+02:00,,0.0,0,Drammen,FLT:Line:FLY1,FLY1,FLY1,rail,FLT:ServiceJourney:1-2614-3816-20260907,False,planned,False,,,,,2026-09-08T03:39:50.209703+02:00
NSR:StopPlace:58211,Oslo lufthavn,2026-09-08T00:30:00+02:00,2026-09-08T00:30:00+02:00,,0.0,0,Oslo lufthavn,VYX:Line:98,S44 Shuttle Oslo lufthavn,S44,bus,VYX:ServiceJourney:b12e0ef4fe0c9da223e122c6aa175a2f8efbea0c,False,planned,False,,,,,2026-09-08T03:39:50.209703+02:00
NSR:StopPlace:58211,Oslo lufthavn,2026-09-08T00:30:00+02:00,2026-09-08T00:30:00+02:00,,0.0,0,Røa - Huseby via Storo-Tåsen-Smestad,NBU:Line:cb7b555c-f96e-42d5-84bf-a5e08c0145c2,Radiumhospitalet via Økern-Storo-Tåsen,FB3,bus,NBU:ServiceJourney:10f3326a-b787-4319-880d-eeff232e6719,False,planned,False,,,,,2026-09-08T03:39:50.209703+02:00
NSR:StopPlace:58211,Oslo lufthavn,2026-09-08T00:35:00+02:00,2026-09-08T00:35:00+02:00,,0.0,0,Oslo lufthavn,VYX:Line:99,S55 Shuttle Oslo lufthavn,S55,bus,VYX:ServiceJourney:80b5e38e00e68db1e287a912d867b22e01c93cf2,False,planned,False,,,,,2026-09-08T03:39:50.209703+02:00
NSR:StopPlace:58211,Oslo lufthavn,2026-09-08T00:35:00+02:00,2026-09-08T00:35:00+02:00,,0.0,0,Årnes,RUT:Line:450,Årnes - Oslo lufthavn,450,bus,RUT:ServiceJourney:f089585653200604ac11a536bd812a49,False,planned,False,,,,,2026-09-08T03:39:50.209703+02:00
NSR:StopPlace:58211,Oslo lufthavn,2026-09-08T00:45:00+02:00,2026-09-08T00:45:00+02:00,,0.0,0,Oslo sentrum via Helsfyr-Hasle-Bislett,NBU:Line:a7c15243-8873-4aee-a8b4-8d22e8ad31dc,Oslo sentrum via Helsfyr-Hasle-Bislett,FB5,bus,NBU:ServiceJourney:419df19c-4742-477f-af10-faae3973d9b4,False,planned,False,,,,,2026-09-08T03:39:50.209703+02:00
NSR:StopPlace:58211,Oslo lufthavn,2026-09-08T00:50:00+02:00,2026-09-08T00:50:00+02:00,,0.0,0,Drammen,FLT:Line:FLY1,FLY1,FLY1,rail,FLT:ServiceJourney:1-2614-3818-20260907,False,planned,False,,,,,2026-09-08T03:39:50.209703+02:00
NSR:StopPlace:58211,Oslo lufthavn,2026-09-08T00:50:00+02:00,2026-09-08T00:50:00+02:00,,0.0,0,OSL-ekspressen - Mortensrud,UNI:Line:UE1,Mortensrud - Oslo lufthavn Gardermoen,FB10,bus,UNI:ServiceJourney:UE1-169968-47995518,False,planned,False,,,,,2026-09-08T03:39:50.209703+02:00
NSR:StopPlace:58211,Oslo lufthavn,2026-09-08T00:51:00+02:00,2026-09-08T00:51:00+02:00,,0.0,0,Ask,RUT:Line:400,Oslo lufthavn - Veståsen - Olavsgaard - Oslo,400,bus,RUT:ServiceJourney:7e314f92c0061a14cb2ed51762f0489a,False,planned,False,,,,,2026-09-08T03:39:50.209703+02:00
NSR:StopPlace:58211,Oslo lufthavn,2026-09-08T00:54:00+02:00,2026-09-08T00:54:00+02:00,,0.0,0,Kopperud,RUT:Line:420,Maura -  Jessheim,420,bus,RUT:ServiceJourney:b624dca3fbfe82de9f5234f7453598b1,False,planned,False,,,,,2026-09-08T03:39:50.209703+02:00
NSR:StopPlace:58211,Oslo lufthavn,2026-09-08T00:55:00+02:00,2026-09-08T00:55:00+02:00,,0.0,0,Oslo lufthavn,VYX:Line:51,S22 Shuttle Oslo lufthavn,S22,bus,VYX:ServiceJourney:44ba137f93091ce8fa846d2dd63c91c3126560f7,False,planned,False,,,,,2026-09-08T03:39:50.209703+02:00
NSR:StopPlace:58211,Oslo lufthavn,2026-09-08T01:00:00+02:00,2026-09-08T01:00:00+02:00,,0.0,0,Oslo lufthavn,VYX:Line:98,S44 Shuttle Oslo lufthavn,S44,bus,VYX:ServiceJourney:bbed678fade2c65a4652de8b712792fbfcb16277,False,planned,False,,,,,2026-09-08T03:39:50.209703+02:00
NSR:StopPlace:58211,Oslo lufthavn,2026-09-08T01:05:00+02:00,2026-09-08T01:05:00+02:00,,0.0,0,Oslo lufthavn,VYX:Line:99,S55 Shuttle Oslo lufthavn,S55,bus,VYX:ServiceJourney:b8103010fc00c0658b13d443a19832143d666167,False,planned,False,,,,,2026-09-08T03:39:50.209703+02:00
NSR:StopPlace:58211,Oslo lufthavn,2026-09-08T01:15:00+02:00,2026-09-08T01:15:00+02:00,,0.0,0,Oslo (Lysaker),VYX:Line:125,VY710 Trondheim-Lillehammer(-Oslo),VY710,coach,VYX:ServiceJourney:458feffe83f1bb4a431b63ff3d63cb792416d438,False,planned,False,Forhåndsbestilling Vy,Billett må kjøpes på nett eller app senest 15 minutter før påstigning for at bussen skal kjøre innom holdeplassen.,general,normal,2026-09-08T03:39:50.209703+02:00
NSR:StopPlace:58211,Oslo lufthavn,2026-09-08T01:40:00+02:00,2026-09-08T01:40:00+02:00,,0.0,0,Fredrikstad,VYX:Line:56,FB11 Fredrikstad-Oslo Lufthavn (OSL),FB11,bus,VYX:ServiceJourney:2bf113af02c5c7f69408ada117c649279fefb8cd,False,planned,False,Forhåndsbestilling FB11,Billett må kjøpes på nett eller app senest 15 minutter før påstigning for at bussen skal kjøre innom holdeplassen. Ruter-billett er ikke gyldig. ,general,normal,2026-09-08T03:39:50.209703+02:00
NSR:StopPlace:610,Sandvika stasjon,2026-09-08T00:14:00+02:00,2026-09-08T00:14:00+02:00,,0.0,0,Asker,VYG:Line:R14,Asker-Oslo S-Kongsvinger,R14,rail,VYG:ServiceJourney:1038_442950-R,False,planned,False,,,,,2026-09-08T03:39:50.209703+02:00
NSR:StopPlace:610,Sandvika stasjon,2026-09-08T00:17:00+02:00,2026-09-08T00:17:00+02:00,,0.0,0,Asker,VYG:Line:L1,Spikkestad-Oslo S-Lillestrøm,L1,rail,VYG:ServiceJourney:2175_443586-R,False,planned,False,,,,,2026-09-08T03:39:50.209703+02:00
NSR:StopPlace:610,Sandvika stasjon,2026-09-08T00:18:00+02:00,2026-09-08T00:18:00+02:00,,0.0,0,Lillestrøm,VYG:Line:L1,Spikkestad-Oslo S-Lillestrøm,L1,rail,VYG:ServiceJourney:2280_443718-R,False,planned,False,,,,,2026-09-08T03:39:50.209703+02:00
NSR:StopPlace:610,Sandvika stasjon,2026-09-08T00:24:00+02:00,2026-09-08T00:24:00+02:00,,0.0,0,Kongsberg,VYG:Line:R12,Kongsberg-Oslo S-Eidsvoll,R12,rail,VYG:ServiceJourney:539_444349-R,False,planned,False,,,,,2026-09-08T03:39:50.209703+02:00
NSR:StopPlace:610,Sandvika stasjon,2026-09-08T00:31:00+02:00,2026-09-08T00:31:00+02:00,,0.0,0,Spikkestad,VYG:Line:L1,Spikkestad-Oslo S-Lillestrøm,L1,rail,VYG:ServiceJourney:2277_443713-R,False,planned,False,,,,,2026-09-08T03:39:50.209703+02:00
NSR:StopPlace:610,Sandvika stasjon,2026-09-08T00:34:00+02:00,2026-09-08T00:34:00+02:00,,0.0,0,Drammen,VYG:Line:R13,Drammen-Oslo S-Dal,R13,rail,VYG:ServiceJourney:1676_443378-R,False,planned,False,,,,,2026-09-08T03:39:50.209703+02:00
NSR:StopPlace:610,Sandvika stasjon,2026-09-08T01:01:00+02:00,2026-09-08T01:01:00+02:00,,0.0,0,Spikkestad,VYG:Line:L1,Spikkestad-Oslo S-Lillestrøm,L1,rail,VYG:ServiceJourney:2279_443715-R,False,planned,False,,,,,2026-09-08T03:39:50.209703+02:00
NSR:StopPlace:610,Sandvika stasjon,2026-09-08T01:04:00+02:00,2026-09-08T01:04:00+02:00,,0.0,0,Drammen,VYG:Line:R13,Drammen-Oslo S-Dal,R13,rail,VYG:ServiceJourney:1678_443382-R,False,planned,False,,,,,2026-09-08T03:39:50.209703+02:00
NSR:StopPlace:62309,Ljan stasjon,2026-09-08T01:24:00+02:00,2026-09-08T01:24:00+02:00,,0.0,0,Ski,VYG:Line:L2,Stabekk-Oslo S-Ski,L2,rail,VYG:ServiceJourney:2781-HVK_444007-R,False,planned,False,,,,,2026-09-08T03:39:50.209703+02:00
NSR:StopPlace:62339,Lillestrøm stasjon,2026-09-08T00:06:00+02:00,2026-09-08T00:06:00+02:00,,0.0,0,Drammen,VYG:Line:R13,Drammen-Oslo S-Dal,R13,rail,VYG:ServiceJourney:1676_443378-R,False,planned,False,Heis i spor 1 og 2 er ute av bruk på grunn av vedlikehold.,Heis i spor 1 og 2 er ute av bruk på grunn av vedlikehold.,general,normal,2026-09-08T03:39:50.209703+02:00
NSR:StopPlace:62339,Lillestrøm stasjon,2026-09-08T00:10:00+02:00,2026-09-08T00:10:00+02:00,,0.0,0,Spikkestad,VYG:Line:L1,Spikkestad-Oslo S-Lillestrøm,L1,rail,VYG:ServiceJourney:2279_443715-R,False,planned,False,Heis i spor 1 og 2 er ute av bruk på grunn av vedlikehold.,Heis i spor 1 og 2 er ute av bruk på grunn av vedlikehold.,general,normal,2026-09-08T03:39:50.209703+02:00
NSR:StopPlace:62339,Lillestrøm stasjon,2026-09-08T00:10:00+02:00,2026-09-08T00:10:00+02:00,,0.0,0,Oslo Lufthavn,FLT:Line:FLY1,FLY1,FLY1,rail,FLT:ServiceJourney:1-2614-3817-20260907,False,planned,False,Heis i spor 1 og 2 er ute av bruk på grunn av vedlikehold.,Heis i spor 1 og 2 er ute av bruk på grunn av vedlikehold.,general,normal,2026-09-08T03:39:50.209703+02:00
NSR:StopPlace:62339,Lillestrøm stasjon,2026-09-08T00:15:00+02:00,2026-09-08T00:15:00+02:00,,0.0,0,Kongsvinger,VYG:Line:R14,Asker-Oslo S-Kongsvinger,R14,rail,VYG:ServiceJourney:1039_442951-R,False,planned,False,Heis i spor 1 og 2 er ute av bruk på grunn av vedlikehold.,Heis i spor 1 og 2 er ute av bruk på grunn av vedlikehold.,general,normal,2026-09-08T03:39:50.209703+02:00
NSR:StopPlace:62339,Lillestrøm stasjon,2026-09-08T00:25:00+02:00,2026-09-08T00:25:00+02:00,,0.0,0,Dal,VYG:Line:R13,Drammen-Oslo S-Dal,R13,rail,VYG:ServiceJourney:1677_443379-R,False,planned,False,Heis i spor 1 og 2 er ute av bruk på grunn av vedlikehold.,Heis i spor 1 og 2 er ute av bruk på grunn av vedlikehold.,general,normal,2026-09-08T03:39:50.209703+02:00
NSR:StopPlace:62339,Lillestrøm stasjon,2026-09-08T00:36:00+02:00,2026-09-08T00:36:00+02:00,,0.0,0,Drammen,VYG:Line:R13,Drammen-Oslo S-Dal,R13,rail,VYG:ServiceJourney:1678_443382-R,False,planned,False,Heis i spor 1 og 2 er ute av bruk på grunn av vedlikehold.,Heis i spor 1 og 2 er ute av bruk på grunn av vedlikehold.,general,normal,2026-09-08T03:39:50.209703+02:00
NSR:StopPlace:61251,Øksnavadporten stasjon,2026-09-07T20:33:00+02:00,2026-09-07T20:33:00+02:00,,0.0,0,Stavanger,GOA:Line:59,Jærbanen,L5,rail,GOA:ServiceJourney:3063_63120-R,False,planned,False,,,,,2026-09-08T00:20:52.129880+02:00
NSR:StopPlace:61251,Øksnavadporten stasjon,2026-09-07T21:05:00+02:00,2026-09-07T21:05:00+02:00,,0.0,0,Stavanger,GOA:Line:59,Jærbanen,L5,rail,GOA:ServiceJourney:3065_63123-R,False,planned,False,,,,,2026-09-08T00:20:52.129880+02:00
NSR:StopPlace:61251,Øksnavadporten stasjon,2026-09-07T21:19:00+02:00,2026-09-07T21:19:00+02:00,,0.0,0,Egersund,GOA:Line:59,Jærbanen,L5,rail,GOA:ServiceJourney:3068_63129-R,False,planned,False,,,,,2026-09-08T00:20:52.129880+02:00
NSR:StopPlace:61251,Øksnavadporten stasjon,2026-09-07T21:35:00+02:00,2026-09-07T21:35:00+02:00,,0.0,0,Stavanger,GOA:Line:59,Jærbanen,L5,rail,GOA:ServiceJourney:3067_63127-R,False,planned,False,,,,,2026-09-08T00:20:52.129880+02:00
NSR:StopPlace:61251,Øksnavadporten stasjon,2026-09-07T21:49:00+02:00,2026-09-07T21:49:00+02:00,,0.0,0,Nærbø,GOA:Line:59,Jærbanen,L5,rail,GOA:ServiceJourney:3070_63131-R,False,planned,False,,,,,2026-09-08T00:20:52.129880+02:00
NSR:StopPlace:61291,Stavanger stasjon,2026-09-07T20:53:00+02:00,2026-09-07T20:53:00+02:00,,0.0,0,Egersund,GOA:Line:59,Jærbanen,L5,rail,GOA:ServiceJourney:3068_63129-R,False,planned,False,,,,,2026-09-08T00:20:52.129880+02:00
NSR:StopPlace:61291,Stavanger stasjon,2026-09-07T21:23:00+02:00,2026-09-07T21:23:00+02:00,,0.0,0,Nærbø,GOA:Line:59,Jærbanen,L5,rail,GOA:ServiceJourney:3070_63131-R,False,planned,False,,,,,2026-09-08T00:20:52.129880+02:00
NSR:StopPlace:8,Paradis stasjon,2026-09-07T20:56:00+02:00,2026-09-07T20:56:00+02:00,,0.0,0,Egersund,GOA:Line:59,Jærbanen,L5,rail,GOA:ServiceJourney:3068_63129-R,False,planned,False,,,,,2026-09-08T00:20:52.129880+02:00
NSR:StopPlace:8,Paradis stasjon,2026-09-07T20:58:00+02:00,2026-09-07T20:58:00+02:00,,0.0,0,Stavanger,GOA:Line:59,Jærbanen,L5,rail,GOA:ServiceJourney:3063_63120-R,False,planned,False,,,,,2026-09-08T00:20:52.129880+02:00
NSR:StopPlace:8,Paradis stasjon,2026-09-07T21:26:00+02:00,2026-09-07T21:26:00+02:00,,0.0,0,Nærbø,GOA:Line:59,Jærbanen,L5,rail,GOA:ServiceJourney:3070_63131-R,False,planned,False,,,,,2026-09-08T00:20:52.129880+02:00
NSR:StopPlace:8,Paradis stasjon,2026-09-07T21:28:00+02:00,2026-09-07T21:28:00+02:00,,0.0,0,Stavanger,GOA:Line:59,Jærbanen,L5,rail,GOA:ServiceJourney:3065_63123-R,False,planned,False,,,,,2026-09-08T00:20:52.129880+02:00
NSR:StopPlace:8,Paradis stasjon,2026-09-07T21:58:00+02:00,2026-09-07T21:58:00+02:00,,0.0,0,Stavanger,GOA:Line:59,Jærbanen,L5,rail,GOA:ServiceJourney:3067_63127-R,False,planned,False,,,,,2026-09-08T00:20:52.129880+02:00
NSR:StopPlace:6,Greverud stasjon,2026-09-07T21:33:00+02:00,2026-09-07T21:33:00+02:00,,0.0,0,Oslo S,VYG:Line:L2,Stabekk-Oslo S-Ski,L2,rail,VYG:ServiceJourney:2870_444114-R,False,planned,False,,,,,2026-09-08T00:20:52.129880+02:00
NSR:StopPlace:6,Greverud stasjon,2026-09-07T21:40:00+02:00,2026-09-07T21:40:00+02:00,,0.0,0,Ski,VYG:Line:L2,Stabekk-Oslo S-Ski,L2,rail,VYG:ServiceJourney:2765-HVK_443981-R,False,planned,False,,,,,2026-09-08T00:20:52.129880+02:00
NSR:StopPlace:6,Greverud stasjon,2026-09-07T21:55:00+02:00,2026-09-07T21:55:00+02:00,,0.0,0,Ski,VYG:Line:L2,Stabekk-Oslo S-Ski,L2,rail,VYG:ServiceJourney:2865_444108-R,False,planned,False,,,,,2026-09-08T00:20:52.129880+02:00
NSR:StopPlace:6,Greverud stasjon,2026-09-07T22:10:00+02:00,2026-09-07T22:10:00+02:00,,0.0,0,Ski,VYG:Line:L2,Stabekk-Oslo S-Ski,L2,rail,VYG:ServiceJourney:2767-HVK_443985-R,False,planned,False,,,,,2026-09-08T00:20:52.129880+02:00
NSR:StopPlace:6,Greverud stasjon,2026-09-07T22:25:00+02:00,2026-09-07T22:25:00+02:00,,0.0,0,Ski,VYG:Line:L2,Stabekk-Oslo S-Ski,L2,rail,VYG:ServiceJourney:2867-BES_488397-R,False,planned,False,,,,,2026-09-08T00:20:52.129880+02:00
NSR:StopPlace:61134,Tverlandet stasjon,2026-09-07T21:41:00+02:00,2026-09-07T21:41:00+02:00,,0.0,0,Bodø,SJN:Line:79,Saltenpendelen,R75,rail,SJN:ServiceJourney:1793_48218-R,False,planned,False,,,,,2026-09-08T00:20:52.129880+02:00
NSR:StopPlace:61169,Marienborg stasjon,2026-09-07T20:26:00+02:00,2026-09-07T20:26:00+02:00,,0.0,0,Romolslia,ATB:Line:2_20,Grillstad - Strindheim - Ladehammeren- Sentrum - Romolslia,20,bus,ATB:ServiceJourney:20_251215112548177_86,False,planned,False,,,,,2026-09-08T00:20:52.129880+02:00
NSR:StopPlace:61169,Marienborg stasjon,2026-09-07T20:26:00+02:00,2026-09-07T20:26:00+02:00,,0.0,0,Sandmoen via Flatåsen,ATB:Line:2_23,Brattøra - St. Olavs - Hallset - Flatåsen - Sandmoen,23,bus,ATB:ServiceJourney:23_251215112545566_116,False,planned,False,,,,,2026-09-08T00:20:52.129880+02:00
NSR:StopPlace:61169,Marienborg stasjon,2026-09-07T20:30:00+02:00,2026-09-07T20:30:00+02:00,,0.0,0,Pirbadet via St. Olavs hospital,ATB:Line:2_23,Brattøra - St. Olavs - Hallset - Flatåsen - Sandmoen,23,bus,ATB:ServiceJourney:23_251215112546598_117,False,planned,False,,,,,2026-09-08T00:20:52.129880+02:00
NSR:StopPlace:61169,Marienborg stasjon,2026-09-07T20:34:00+02:00,2026-09-07T20:34:00+02:00,,0.0,0,Havstad,ATB:Line:2_13,Østmarka - Strindheim - Lerkendal - Havstad,13,bus,ATB:ServiceJourney:13_251215112552585_136,False,planned,False,,,,,2026-09-08T00:20:52.129880+02:00
NSR:StopPlace:61169,Marienborg stasjon,2026-09-07T20:36:00+02:00,2026-09-07T20:36:00+02:00,,0.0,0,Grillstad via St. Olavs h- Ladeham.,ATB:Line:2_20,Grillstad - Strindheim - Ladehammeren- Sentrum - Romolslia,20,bus,ATB:ServiceJourney:20_251215112548218_91,False,planned,False,,,,,2026-09-08T00:20:52.129880+02:00
NSR:StopPlace:61169,Marienborg stasjon,2026-09-07T20:39:00+02:00,2026-09-07T20:39:00+02:00,,0.0,0,Østmarka via Lerkendal-Strindh.,ATB:Line:2_13,Østmarka - Strindheim - Lerkendal - Havstad,13,bus,ATB:ServiceJourney:13_251215112552668_139,False,planned,False,,,,,2026-09-08T00:20:52.129880+02:00
NSR:StopPlace:61169,Marienborg stasjon,2026-09-07T20:46:00+02:00,2026-09-07T20:46:00+02:00,,0.0,0,Sandmoen via Flatåsen,ATB:Line:2_23,Brattøra - St. Olavs - Hallset - Flatåsen - Sandmoen,23,bus,ATB:ServiceJourney:23_251215112545567_118,False,planned,False,,,,,2026-09-08T00:20:52.129880+02:00
NSR:StopPlace:61169,Marienborg stasjon,2026-09-07T20:50:00+02:00,2026-09-07T20:50:00+02:00,,0.0,0,Pirbadet via St. Olavs hospital,ATB:Line:2_23,Brattøra - St. Olavs - Hallset - Flatåsen - Sandmoen,23,bus,ATB:ServiceJourney:23_251215112546599_119,False,planned,False,,,,,2026-09-08T00:20:52.129880+02:00
NSR:StopPlace:61169,Marienborg stasjon,2026-09-07T20:51:00+02:00,2026-09-07T20:51:00+02:00,,0.0,0,Lundamo,SJN:Line:26,Trønderbanen,R70,rail,SJN:ServiceJourney:448_56077-R,False,planned,False,,,,,2026-09-08T00:20:52.129880+02:00
NSR:StopPlace:61169,Marienborg stasjon,2026-09-07T20:54:00+02:00,2026-09-07T20:54:00+02:00,,0.0,0,Havstad,ATB:Line:2_13,Østmarka - Strindheim - Lerkendal - Havstad,13,bus,ATB:ServiceJourney:13_251215112552586_138,False,planned,False,,,,,2026-09-08T00:20:52.129880+02:00
NSR:StopPlace:61169,Marienborg stasjon,2026-09-07T20:56:00+02:00,2026-09-07T20:56:00+02:00,,0.0,0,Østmarka via Lerkendal-Strindh.,ATB:Line:2_13,Østmarka - Strindheim - Lerkendal - Havstad,13,bus,ATB:ServiceJourney:13_251215112552821_141,False,planned,False,,,,,2026-09-08T00:20:52.129880+02:00
NSR:StopPlace:61169,Marienborg stasjon,2026-09-07T21:04:00+02:00,2026-09-07T21:04:00+02:00,,0.0,0,Romolslia,ATB:Line:2_20,Grillstad - Strindheim - Ladehammeren- Sentrum - Romolslia,20,bus,ATB:ServiceJourney:20_251215112548169_90,False,planned,False,,,,,2026-09-08T00:20:52.129880+02:00
NSR:StopPlace:61169,Marienborg stasjon,2026-09-07T21:06:00+02:00,2026-09-07T21:06:00+02:00,,0.0,0,Sandmoen via Flatåsen,ATB:Line:2_23,Brattøra - St. Olavs - Hallset - Flatåsen - Sandmoen,23,bus,ATB:ServiceJourney:23_251215112545568_120,False,planned,False,,,,,2026-09-08T00:20:52.129880+02:00
NSR:StopPlace:61169,Marienborg stasjon,2026-09-07T21:08:00+02:00,2026-09-07T21:08:00+02:00,,0.0,0,Pirbadet via St. Olavs hospital,ATB:Line:2_23,Brattøra - St. Olavs - Hallset - Flatåsen - Sandmoen,23,bus,ATB:ServiceJourney:23_251215112546600_121,False,planned,False,,,,,2026-09-08T00:20:52.129880+02:00
NSR:StopPlace:61169,Marienborg stasjon,2026-09-07T21:14:00+02:00,2026-09-07T21:14:00+02:00,,0.0,0,Havstad,ATB:Line:2_13,Østmarka - Strindheim - Lerkendal - Havstad,13,bus,ATB:ServiceJourney:13_251215112552728_140,False,planned,False,,,,,2026-09-08T00:20:52.129880+02:00
NSR:StopPlace:61169,Marienborg stasjon,2026-09-07T21:16:00+02:00,2026-09-07T21:16:00+02:00,,0.0,0,Østmarka via Lerkendal-Strindh.,ATB:Line:2_13,Østmarka - Strindheim - Lerkendal - Havstad,13,bus,ATB:ServiceJourney:13_251215112552822_143,False,planned,False,,,,,2026-09-08T00:20:52.129880+02:00
NSR:StopPlace:61169,Marienborg stasjon,2026-09-07T21:16:00+02:00,2026-09-07T21:16:00+02:00,,0.0,0,Grillstad via St. Olavs h- Ladeham.,ATB:Line:2_20,Grillstad - Strindheim - Ladehammeren- Sentrum - Romolslia,20,bus,ATB:ServiceJourney:20_251215112548246_95,False,planned,False,,,,,2026-09-08T00:20:52.129880+02:00
NSR:StopPlace:61169,Marienborg stasjon,2026-09-07T21:25:00+02:00,2026-09-07T21:25:00+02:00,,0.0,0,Sandmoen via Flatåsen,ATB:Line:2_23,Brattøra - St. Olavs - Hallset - Flatåsen - Sandmoen,23,bus,ATB:ServiceJourney:23_251215112545473_122,False,planned,False,,,,,2026-09-08T00:20:52.129880+02:00
NSR:StopPlace:61169,Marienborg stasjon,2026-09-07T21:28:00+02:00,2026-09-07T21:28:00+02:00,,0.0,0,Pirbadet via St. Olavs hospital,ATB:Line:2_23,Brattøra - St. Olavs - Hallset - Flatåsen - Sandmoen,23,bus,ATB:ServiceJourney:23_251215112545598_123,False,planned,False,,,,,2026-09-08T00:20:52.129880+02:00
NSR:StopPlace:61169,Marienborg stasjon,2026-09-07T21:32:00+02:00,2026-09-07T21:32:00+02:00,,0.0,0,Havstad,ATB:Line:2_13,Østmarka - Strindheim - Lerkendal - Havstad,13,bus,ATB:ServiceJourney:13_251215112552729_142,False,planned,False,,,,,2026-09-08T00:20:52.129880+02:00
NSR:StopPlace:61169,Marienborg stasjon,2026-09-07T21:36:00+02:00,2026-09-07T21:36:00+02:00,,0.0,0,Østmarka via Lerkendal-Strindh.,ATB:Line:2_13,Østmarka - Strindheim - Lerkendal - Havstad,13,bus,ATB:ServiceJourney:13_251215112552823_145,False,planned,False,,,,,2026-09-08T00:20:52.129880+02:00
NSR:StopPlace:61169,Marienborg stasjon,2026-09-07T21:48:00+02:00,2026-09-07T21:48:00+02:00,,0.0,0,Pirbadet via St. Olavs hospital,ATB:Line:2_23,Brattøra - St. Olavs - Hallset - Flatåsen - Sandmoen,23,bus,ATB:ServiceJourney:23_251215112545583_125,False,planned,False,,,,,2026-09-08T00:20:52.129880+02:00
NSR:StopPlace:61169,Marienborg stasjon,2026-09-07T21:51:00+02:00,2026-09-07T21:51:00+02:00,,0.0,0,Melhus skysstasjon,SJN:Line:26,Trønderbanen,R70,rail,SJN:ServiceJourney:450-STK_56079-R,False,planned,False,,,,,2026-09-08T00:20:52.129880+02:00
NSR:StopPlace:61169,Marienborg stasjon,2026-09-07T21:52:00+02:00,2026-09-07T21:52:00+02:00,,0.0,0,Havstad,ATB:Line:2_13,Østmarka - Strindheim - Lerkendal - Havstad,13,bus,ATB:ServiceJourney:13_251215112552730_144,False,planned,False,,,,,2026-09-08T00:20:52.129880+02:00
NSR:StopPlace:61169,Marienborg stasjon,2026-09-07T21:59:00+02:00,2026-09-07T21:59:00+02:00,,0.0,0,Romolslia,ATB:Line:2_20,Grillstad - Strindheim - Ladehammeren- Sentrum - Romolslia,20,bus,ATB:ServiceJourney:20_251215112548170_94,False,planned,False,,,,,2026-09-08T00:20:52.129880+02:00
NSR:StopPlace:61460,Flaten stasjon,2026-09-07T21:34:00+02:00,2026-09-07T21:34:00+02:00,,0.0,0,Arendal,GOA:Line:53,Sørtoget lokal,R50,rail,GOA:ServiceJourney:2079_63032-R,False,planned,False,,,,,2026-09-08T00:20:52.129880+02:00
NSR:StopPlace:61465,Rise stasjon,2026-09-07T21:55:00+02:00,2026-09-07T21:55:00+02:00,,0.0,0,Arendal,GOA:Line:53,Sørtoget lokal,R50,rail,GOA:ServiceJourney:2079_63032-R,False,planned,False,,,,,2026-09-08T00:20:52.129880+02:00
NSR:StopPlace:61466,Vakås stasjon,2026-09-07T21:41:00+02:00,2026-09-07T21:41:00+02:00,,0.0,0,Spikkestad,VYG:Line:L1,Spikkestad-Oslo S-Lillestrøm,L1,rail,VYG:ServiceJourney:2265_443694-R,False,planned,False,,,,,2026-09-08T00:20:52.129880+02:00
NSR:StopPlace:61466,Vakås stasjon,2026-09-07T21:57:00+02:00,2026-09-07T21:57:00+02:00,,0.0,0,Asker,VYG:Line:L1,Spikkestad-Oslo S-Lillestrøm,L1,rail,VYG:ServiceJourney:2165_443575-R,False,planned,False,,,,,2026-09-08T00:20:52.129880+02:00
NSR:StopPlace:61463,Nordstrand stasjon,2026-09-07T21:37:00+02:00,2026-09-07T21:37:00+02:00,,0.0,0,Ski,VYG:Line:L2,Stabekk-Oslo S-Ski,L2,rail,VYG:ServiceJourney:2865_444108-R,False,planned,False,,,,,2026-09-08T00:20:52.129880+02:00
NSR:StopPlace:61463,Nordstrand stasjon,2026-09-07T21:37:00+02:00,2026-09-07T21:37:00+02:00,,0.0,0,Stabekk,VYG:Line:L2,Stabekk-Oslo S-Ski,L2,rail,VYG:ServiceJourney:2770-SKI_443990-R,False,planned,False,,,,,2026-09-08T00:20:52.129880+02:00
NSR:StopPlace:61463,Nordstrand stasjon,2026-09-07T21:52:00+02:00,2026-09-07T21:52:00+02:00,,0.0,0,Ski,VYG:Line:L2,Stabekk-Oslo S-Ski,L2,rail,VYG:ServiceJourney:2767-HVK_443985-R,False,planned,False,,,,,2026-09-08T00:20:52.129880+02:00
NSR:StopPlace:61463,Nordstrand stasjon,2026-09-07T21:52:00+02:00,2026-09-07T21:52:00+02:00,,0.0,0,Oslo S,VYG:Line:L2,Stabekk-Oslo S-Ski,L2,rail,VYG:ServiceJourney:2870_444114-R,False,planned,False,,,,,2026-09-08T00:20:52.129880+02:00
NSR:StopPlace:61463,Nordstrand stasjon,2026-09-07T22:07:00+02:00,2026-09-07T22:07:00+02:00,,0.0,0,Ski,VYG:Line:L2,Stabekk-Oslo S-Ski,L2,rail,VYG:ServiceJourney:2867-BES_488397-R,False,planned,False,,,,,2026-09-08T00:20:52.129880+02:00
NSR:StopPlace:61464,Hvalstad stasjon,2026-09-07T21:39:00+02:00,2026-09-07T21:39:00+02:00,,0.0,0,Spikkestad,VYG:Line:L1,Spikkestad-Oslo S-Lillestrøm,L1,rail,VYG:ServiceJourney:2265_443694-R,False,planned,False,,,,,2026-09-08T00:20:52.129880+02:00
NSR:StopPlace:61464,Hvalstad stasjon,2026-09-07T21:55:00+02:00,2026-09-07T21:55:00+02:00,,0.0,0,Asker,VYG:Line:L1,Spikkestad-Oslo S-Lillestrøm,L1,rail,VYG:ServiceJourney:2165_443575-R,False,planned,False,,,,,2026-09-08T00:20:52.129880+02:00
NSR:StopPlace:61413,Heia stasjon,2026-09-07T22:07:00+02:00,2026-09-07T22:07:00+02:00,,0.0,0,Rakkestad,VYG:Line:R22,Skøyen-Oslo S-Mysen-Rakkestad,R22,rail,VYG:ServiceJourney:1933_443487-R,False,planned,False,,,,,2026-09-08T00:20:52.129880+02:00
NSR:StopPlace:61334,Ogna stasjon,2026-09-07T20:36:00+02:00,2026-09-07T20:36:00+02:00,,0.0,0,Stavanger,GOA:Line:59,Jærbanen,L5,rail,GOA:ServiceJourney:3065_63123-R,False,planned,False,,,,,2026-09-08T00:20:52.129880+02:00
NSR:StopPlace:61334,Ogna stasjon,2026-09-07T21:51:00+02:00,2026-09-07T21:51:00+02:00,,0.0,0,Egersund,GOA:Line:59,Jærbanen,L5,rail,GOA:ServiceJourney:3068_63129-R,False,planned,False,,,,,2026-09-08T00:20:52.129880+02:00
NSR:StopPlace:61305,Degerfors station,2026-09-07T20:29:00+02:00,2026-09-07T20:29:00+02:00,,0.0,0,Karlstad-Oslo,SJV:Line:cfac9102-49ef-476c-8663-a6d468ee4f36,Stockholm-Hallsberg-Karlstad-Oslo,70,rail,SJV:ServiceJourney:8d37b914-864d-4b1d-b75d-bfe9698aac87,False,planned,False,,,,,2026-09-08T00:20:52.129880+02:00
NSR:StopPlace:61301,Movatn stasjon,2026-09-07T22:21:00+02:00,2026-09-07T22:21:00+02:00,,0.0,0,Nydalen,VYG:Line:R31,Skøyen-Jaren-Gjøvik,R31,rail,VYG:ServiceJourney:BUS-234_655457-R,False,planned,False,,,,,2026-09-08T00:20:52.129880+02:00
NSR:StopPlace:33,Ranheim stasjon,2026-09-07T21:29:00+02:00,2026-09-07T21:29:00+02:00,,0.0,0,Melhus skysstasjon,SJN:Line:26,Trønderbanen,R70,rail,SJN:ServiceJourney:450-STK_56079-R,False,planned,False,,,,,2026-09-08T00:20:52.129880+02:00
NSR:StopPlace:41,Hanaborg stasjon,2026-09-07T21:31:00+02:00,2026-09-07T21:31:00+02:00,,0.0,0,Lillestrøm,VYG:Line:L1,Spikkestad-Oslo S-Lillestrøm,L1,rail,VYG:ServiceJourney:2266_443696-R,False,planned,False,,,,,2026-09-08T00:20:52.129880+02:00
NSR:StopPlace:41,Hanaborg stasjon,2026-09-07T21:46:00+02:00,2026-09-07T21:46:00+02:00,,0.0,0,Lillestrøm,VYG:Line:L1,Spikkestad-Oslo S-Lillestrøm,L1,rail,VYG:ServiceJourney:2166_443576-R,False,planned,False,,,,,2026-09-08T00:20:52.129880+02:00
NSR:StopPlace:41,Hanaborg stasjon,2026-09-07T22:01:00+02:00,2026-09-07T22:01:00+02:00,,0.0,0,Lillestrøm,VYG:Line:L1,Spikkestad-Oslo S-Lillestrøm,L1,rail,VYG:ServiceJourney:2268_445367-R,False,planned,False,,,,,2026-09-08T00:20:52.129880+02:00
NSR:StopPlace:61842,Boden Centralstation,2026-09-07T22:18:00+02:00,2026-09-07T22:18:00+02:00,,0.0,0,"Umeå, Sundsvall, Stockholm",SJV:Line:8ca80b34-505a-4d76-b047-58b01590d0e1,Luleå-Stockholm ,Luleå-Stockholm ,rail,SJV:ServiceJourney:a5d49afa-0d54-4c88-aed3-161717bb597d,False,planned,False,,,,,2026-09-08T00:20:52.129880+02:00
NSR:StopPlace:61848,Söderhamn station,2026-09-07T20:54:00+02:00,2026-09-07T20:54:00+02:00,,0.0,0,Luleå,SJV:Line:0ff9f2b9-fbe5-4761-8a29-8813be35efaa,Stockholm-Narvik (-Luleå),,rail,SJV:ServiceJourney:0eabfad4-c61e-4fc3-8a75-7ebd11c5a873,False,planned,False,,,,,2026-09-08T00:20:52.129880+02:00
NSR:StopPlace:61846,Hudiksvall station,2026-09-07T21:34:00+02:00,2026-09-07T21:34:00+02:00,,0.0,0,Luleå,SJV:Line:0ff9f2b9-fbe5-4761-8a29-8813be35efaa,Stockholm-Narvik (-Luleå),,rail,SJV:ServiceJourney:0eabfad4-c61e-4fc3-8a75-7ebd11c5a873,False,planned,False,,,,,2026-09-08T00:20:52.129880+02:00
NSR:StopPlace:61872,Nærbø stasjon,2026-09-07T20:52:00+02:00,2026-09-07T20:52:00+02:00,,0.0,0,Stavanger,GOA:Line:59,Jærbanen,L5,rail,GOA:ServiceJourney:3065_63123-R,False,planned,False,,,,,2026-09-08T00:20:52.129880+02:00
NSR:StopPlace:61872,Nærbø stasjon,2026-09-07T21:22:00+02:00,2026-09-07T21:22:00+02:00,,0.0,0,Stavanger,GOA:Line:59,Jærbanen,L5,rail,GOA:ServiceJourney:3067_63127-R,False,planned,False,,,,,2026-09-08T00:20:52.129880+02:00
NSR:StopPlace:61872,Nærbø stasjon,2026-09-07T21:34:00+02:00,2026-09-07T21:34:00+02:00,,0.0,0,Egersund,GOA:Line:59,Jærbanen,L5,rail,GOA:ServiceJourney:3068_63129-R,False,planned,False,,,,,2026-09-08T00:20:52.129880+02:00
NSR:StopPlace:61897,Bryn stasjon,2026-09-07T21:30:00+02:00,2026-09-07T21:30:00+02:00,,0.0,0,Lillestrøm,VYG:Line:L1,Spikkestad-Oslo S-Lillestrøm,L1,rail,VYG:ServiceJourney:2166_443576-R,False,planned,False,,,,,2026-09-08T00:20:52.129880+02:00
NSR:StopPlace:61897,Bryn stasjon,2026-09-07T21:45:00+02:00,2026-09-07T21:45:00+02:00,,0.0,0,Lillestrøm,VYG:Line:L1,Spikkestad-Oslo S-Lillestrøm,L1,rail,VYG:ServiceJourney:2268_445367-R,False,planned,False,,,,,2026-09-08T00:20:52.129880+02:00
NSR:StopPlace:59789,Skotbu stasjon,2026-09-07T21:32:00+02:00,2026-09-07T21:32:00+02:00,,0.0,0,Oslo S,VYG:Line:R22,Skøyen-Oslo S-Mysen-Rakkestad,R22,rail,VYG:ServiceJourney:1936_443490-R,False,planned,False,,,,,2026-09-08T00:20:52.129880+02:00
NSR:StopPlace:59872,Oslo S,2026-09-07T20:22:00+02:00,2026-09-07T20:22:00+02:00,,0.0,0,Moss,VYG:Line:R21,Stabekk-Oslo S-Moss,R21,rail,VYG:ServiceJourney:1161-HVK_443050-R,False,planned,False,,,,,2026-09-08T00:20:52.129880+02:00
NSR:StopPlace:59872,Oslo S,2026-09-07T20:24:00+02:00,2026-09-07T20:24:00+02:00,,0.0,0,Eidsvoll,VYG:Line:RE11,Eidsvoll-Oslo S-Skien,RE11,rail,VYG:ServiceJourney:830_444410-R,False,planned,False,,,,,2026-09-08T00:20:52.129880+02:00
NSR:StopPlace:59872,Oslo S,2026-09-07T20:26:00+02:00,2026-09-07T20:26:00+02:00,,0.0,0,Lillestrøm,VYG:Line:L1,Spikkestad-Oslo S-Lillestrøm,L1,rail,VYG:ServiceJourney:2162_443572-R,False,planned,False,,,,,2026-09-08T00:20:52.129880+02:00
NSR:StopPlace:59872,Oslo S,2026-09-07T20:27:00+02:00,2026-09-07T20:27:00+02:00,,0.0,0,Asker,VYG:Line:L1,Spikkestad-Oslo S-Lillestrøm,L1,rail,VYG:ServiceJourney:2161_443571-R,False,planned,False,,,,,2026-09-08T00:20:52.129880+02:00
NSR:StopPlace:59872,Oslo S,2026-09-07T20:29:00+02:00,2026-09-07T20:29:00+02:00,,0.0,0,Drammen,VYG:Line:RE10,Drammen-Oslo S-Lillehammer,RE10,rail,VYG:ServiceJourney:330-LHM_444236-R,False,planned,False,,,,,2026-09-08T00:20:52.129880+02:00
NSR:StopPlace:59872,Oslo S,2026-09-07T20:30:00+02:00,2026-09-07T20:30:00+02:00,,0.0,0,Oslo Lufthavn,FLT:Line:FLY2,FLY2,FLY2,rail,FLT:ServiceJourney:1-2614-3971-20260907,False,planned,False,,,,,2026-09-08T00:20:52.129880+02:00
NSR:StopPlace:59872,Oslo S,2026-09-07T20:31:00+02:00,2026-09-07T20:31:00+02:00,,0.0,0,Skøyen,VYG:Line:L2,Stabekk-Oslo S-Ski,L2,rail,VYG:ServiceJourney:2864-SKI_488396-R,False,planned,False,,,,,2026-09-08T00:20:52.129880+02:00
NSR:StopPlace:59872,Oslo S,2026-09-07T20:31:00+02:00,2026-09-07T20:31:00+02:00,,0.0,0,Ski,VYG:Line:L2,Stabekk-Oslo S-Ski,L2,rail,VYG:ServiceJourney:2861_444104-R,False,planned,False,,,,,2026-09-08T00:20:52.129880+02:00
NSR:StopPlace:59872,Oslo S,2026-09-07T20:34:00+02:00,2026-09-07T20:34:00+02:00,,0.0,0,Roa,VYG:Line:R31,Skøyen-Jaren-Gjøvik,R31,rail,VYG:ServiceJourney:BUS-233_655442-R,False,planned,False,,,,,2026-09-08T00:20:52.129880+02:00
NSR:StopPlace:59872,Oslo S,2026-09-07T20:34:00+02:00,2026-09-07T20:34:00+02:00,,0.0,0,Roa,VYG:Line:R31,Skøyen-Jaren-Gjøvik,R31,rail,VYG:ServiceJourney:BUS-233_655441-R,False,planned,False,,,,,2026-09-08T00:20:52.129880+02:00
NSR:StopPlace:59872,Oslo S,2026-09-07T20:34:00+02:00,2026-09-07T20:34:00+02:00,,0.0,0,Roa,VYG:Line:R31,Skøyen-Jaren-Gjøvik,R31,rail,VYG:ServiceJourney:BUS-233_655440-R,False,planned,False,,,,,2026-09-08T00:20:52.129880+02:00
NSR:StopPlace:59872,Oslo S,2026-09-07T20:36:00+02:00,2026-09-07T20:36:00+02:00,,0.0,0,Ski,VYG:Line:R23,Stabekk-Oslo S-Moss,R23,rail,VYG:ServiceJourney:1563_443210-R,False,planned,False,,,,,2026-09-08T00:20:52.129880+02:00
NSR:StopPlace:59872,Oslo S,2026-09-07T20:37:00+02:00,2026-09-07T20:37:00+02:00,,0.0,0,Stabekk,VYG:Line:R21,Stabekk-Oslo S-Moss,R21,rail,VYG:ServiceJourney:1164-MOS_443055-R,False,planned,False,,,,,2026-09-08T00:20:52.129880+02:00
NSR:StopPlace:59872,Oslo S,2026-09-07T20:40:00+02:00,2026-09-07T20:40:00+02:00,,0.0,0,Oslo Lufthavn,FLT:Line:FLY1,FLY1,FLY1,rail,FLT:ServiceJourney:1-2614-3797-20260907,False,planned,False,,,,,2026-09-08T00:20:52.129880+02:00
NSR:StopPlace:59872,Oslo S,2026-09-07T20:41:00+02:00,2026-09-07T20:41:00+02:00,,0.0,0,Spikkestad,VYG:Line:L1,Spikkestad-Oslo S-Lillestrøm,L1,rail,VYG:ServiceJourney:2263_443691-R,False,planned,False,,,,,2026-09-08T00:20:52.129880+02:00
NSR:StopPlace:59872,Oslo S,2026-09-07T20:41:00+02:00,2026-09-07T20:41:00+02:00,,0.0,0,Lillestrøm,VYG:Line:L1,Spikkestad-Oslo S-Lillestrøm,L1,rail,VYG:ServiceJourney:2264_445363-R,False,planned,False,,,,,2026-09-08T00:20:52.129880+02:00
NSR:StopPlace:59872,Oslo S,2026-09-07T20:44:00+02:00,2026-09-07T20:44:00+02:00,,0.0,0,Dal,VYG:Line:R13,Drammen-Oslo S-Dal,R13,rail,VYG:ServiceJourney:1663_443349-R,False,planned,False,,,,,2026-09-08T00:20:52.129880+02:00
NSR:StopPlace:59872,Oslo S,2026-09-07T20:46:00+02:00,2026-09-07T20:46:00+02:00,,0.0,0,Ski,VYG:Line:L2,Stabekk-Oslo S-Ski,L2,rail,VYG:ServiceJourney:2763-HVK_443979-R,False,planned,False,,,,,2026-09-08T00:20:52.129880+02:00
NSR:StopPlace:59872,Oslo S,2026-09-07T20:47:00+02:00,2026-09-07T20:47:00+02:00,,0.0,0,Stabekk,VYG:Line:L2,Stabekk-Oslo S-Ski,L2,rail,VYG:ServiceJourney:2766-SKI_443983-R,False,planned,False,,,,,2026-09-08T00:20:52.129880+02:00
NSR:StopPlace:59872,Oslo S,2026-09-07T20:49:00+02:00,2026-09-07T20:49:00+02:00,,0.0,0,Drammen,VYG:Line:R13,Drammen-Oslo S-Dal,R13,rail,VYG:ServiceJourney:1662_443348-R,False,planned,False,,,,,2026-09-08T00:20:52.129880+02:00
NSR:StopPlace:59872,Oslo S,2026-09-07T20:50:00+02:00,2026-09-07T20:50:00+02:00,,0.0,0,Oslo Lufthavn,FLT:Line:FLY2,FLY2,FLY2,rail,FLT:ServiceJourney:1-2614-3595-20260907,False,planned,False,,,,,2026-09-08T00:20:52.129880+02:00
NSR:StopPlace:59872,Oslo S,2026-09-07T20:52:00+02:00,2026-09-07T20:52:00+02:00,,0.0,0,Moss,VYG:Line:R21,Stabekk-Oslo S-Moss,R21,rail,VYG:ServiceJourney:1163-HVK_443054-R,False,planned,False,,,,,2026-09-08T00:20:52.129880+02:00
NSR:StopPlace:59872,Oslo S,2026-09-07T20:54:00+02:00,2026-09-07T20:54:00+02:00,,0.0,0,Eidsvoll,VYG:Line:R12,Kongsberg-Oslo S-Eidsvoll,R12,rail,VYG:ServiceJourney:532_444341-R,False,planned,False,,,,,2026-09-08T00:20:52.129880+02:00
NSR:StopPlace:59872,Oslo S,2026-09-07T20:56:00+02:00,2026-09-07T20:56:00+02:00,,0.0,0,Lillestrøm,VYG:Line:L1,Spikkestad-Oslo S-Lillestrøm,L1,rail,VYG:ServiceJourney:2164_443574-R,False,planned,False,,,,,2026-09-08T00:20:52.129880+02:00
NSR:StopPlace:59872,Oslo S,2026-09-07T20:57:00+02:00,2026-09-07T20:57:00+02:00,,0.0,0,Asker,VYG:Line:L1,Spikkestad-Oslo S-Lillestrøm,L1,rail,VYG:ServiceJourney:2163_443573-R,False,planned,False,,,,,2026-09-08T00:20:52.129880+02:00
NSR:StopPlace:59872,Oslo S,2026-09-07T20:59:00+02:00,2026-09-07T20:59:00+02:00,,0.0,0,Asker,VYG:Line:R14,Asker-Oslo S-Kongsvinger,R14,rail,VYG:ServiceJourney:1032_442943-R,False,planned,False,,,,,2026-09-08T00:20:52.129880+02:00
NSR:StopPlace:59872,Oslo S,2026-09-07T21:00:00+02:00,2026-09-07T21:00:00+02:00,,0.0,0,Rakkestad,VYG:Line:R22,Skøyen-Oslo S-Mysen-Rakkestad,R22,rail,VYG:ServiceJourney:1933_443487-R,False,planned,False,,,,,2026-09-08T00:20:52.129880+02:00
NSR:StopPlace:59872,Oslo S,2026-09-07T21:00:00+02:00,2026-09-07T21:00:00+02:00,,0.0,0,Oslo Lufthavn,FLT:Line:FLY1,FLY1,FLY1,rail,FLT:ServiceJourney:1-2614-3799-20260907,False,planned,False,,,,,2026-09-08T00:20:52.129880+02:00
NSR:StopPlace:59872,Oslo S,2026-09-07T21:01:00+02:00,2026-09-07T21:01:00+02:00,,0.0,0,Ski,VYG:Line:L2,Stabekk-Oslo S-Ski,L2,rail,VYG:ServiceJourney:2863-BES_488395-R,False,planned,False,,,,,2026-09-08T00:20:52.129880+02:00
NSR:StopPlace:59872,Oslo S,2026-09-07T21:07:00+02:00,2026-09-07T21:07:00+02:00,,0.0,0,Stabekk,VYG:Line:R21,Stabekk-Oslo S-Moss,R21,rail,VYG:ServiceJourney:1166-MOS_443058-R,False,planned,False,,,,,2026-09-08T00:20:52.129880+02:00
NSR:StopPlace:59872,Oslo S,2026-09-07T21:10:00+02:00,2026-09-07T21:10:00+02:00,,0.0,0,Oslo Lufthavn,FLT:Line:FLY2,FLY2,FLY2,rail,FLT:ServiceJourney:1-2614-3597-20260907,False,planned,False,,,,,2026-09-08T00:20:52.129880+02:00
NSR:StopPlace:59872,Oslo S,2026-09-07T21:11:00+02:00,2026-09-07T21:11:00+02:00,,0.0,0,Spikkestad,VYG:Line:L1,Spikkestad-Oslo S-Lillestrøm,L1,rail,VYG:ServiceJourney:2265_443694-R,False,planned,False,,,,,2026-09-08T00:20:52.129880+02:00
NSR:StopPlace:59872,Oslo S,2026-09-07T21:11:00+02:00,2026-09-07T21:11:00+02:00,,0.0,0,Lillestrøm,VYG:Line:L1,Spikkestad-Oslo S-Lillestrøm,L1,rail,VYG:ServiceJourney:2266_443696-R,False,planned,False,,,,,2026-09-08T00:20:52.129880+02:00
NSR:StopPlace:59872,Oslo S,2026-09-07T21:14:00+02:00,2026-09-07T21:14:00+02:00,,0.0,0,Dal,VYG:Line:R13,Drammen-Oslo S-Dal,R13,rail,VYG:ServiceJourney:1665_443353-R,False,planned,False,,,,,2026-09-08T00:20:52.129880+02:00
NSR:StopPlace:59872,Oslo S,2026-09-07T21:16:00+02:00,2026-09-07T21:16:00+02:00,,0.0,0,Ski,VYG:Line:L2,Stabekk-Oslo S-Ski,L2,rail,VYG:ServiceJourney:2765-HVK_443981-R,False,planned,False,,,,,2026-09-08T00:20:52.129880+02:00
NSR:StopPlace:59872,Oslo S,2026-09-07T21:17:00+02:00,2026-09-07T21:17:00+02:00,,0.0,0,Stabekk,VYG:Line:L2,Stabekk-Oslo S-Ski,L2,rail,VYG:ServiceJourney:2768-SKI_443986-R,False,planned,False,,,,,2026-09-08T00:20:52.129880+02:00
NSR:StopPlace:59872,Oslo S,2026-09-07T21:19:00+02:00,2026-09-07T21:19:00+02:00,,0.0,0,Drammen,VYG:Line:R13,Drammen-Oslo S-Dal,R13,rail,VYG:ServiceJourney:1664_481175-R,False,planned,False,,,,,2026-09-08T00:20:52.129880+02:00
NSR:StopPlace:59872,Oslo S,2026-09-07T21:20:00+02:00,2026-09-07T21:20:00+02:00,,0.0,0,Oslo Lufthavn,FLT:Line:FLY1,FLY1,FLY1,rail,FLT:ServiceJourney:1-2614-3801-20260907,False,planned,False,,,,,2026-09-08T00:20:52.129880+02:00
NSR:StopPlace:59872,Oslo S,2026-09-07T21:22:00+02:00,2026-09-07T21:22:00+02:00,,0.0,0,Moss,VYG:Line:R21,Stabekk-Oslo S-Moss,R21,rail,VYG:ServiceJourney:1165-HVK_443056-R,False,planned,False,,,,,2026-09-08T00:20:52.129880+02:00
NSR:StopPlace:59872,Oslo S,2026-09-07T21:24:00+02:00,2026-09-07T21:24:00+02:00,,0.0,0,Eidsvoll,VYG:Line:RE11,Eidsvoll-Oslo S-Skien,RE11,rail,VYG:ServiceJourney:832_481337-R,False,planned,False,,,,,2026-09-08T00:20:52.129880+02:00
NSR:StopPlace:59872,Oslo S,2026-09-07T21:26:00+02:00,2026-09-07T21:26:00+02:00,,0.0,0,Lillestrøm,VYG:Line:L1,Spikkestad-Oslo S-Lillestrøm,L1,rail,VYG:ServiceJourney:2166_443576-R,False,planned,False,,,,,2026-09-08T00:20:52.129880+02:00
NSR:StopPlace:59872,Oslo S,2026-09-07T21:27:00+02:00,2026-09-07T21:27:00+02:00,,0.0,0,Asker,VYG:Line:L1,Spikkestad-Oslo S-Lillestrøm,L1,rail,VYG:ServiceJourney:2165_443575-R,False,planned,False,,,,,2026-09-08T00:20:52.129880+02:00
NSR:StopPlace:59872,Oslo S,2026-09-07T21:29:00+02:00,2026-09-07T21:29:00+02:00,,0.0,0,Drammen,VYG:Line:RE10,Drammen-Oslo S-Lillehammer,RE10,rail,VYG:ServiceJourney:332-LHM_444245-R,False,planned,False,,,,,2026-09-08T00:20:52.129880+02:00
NSR:StopPlace:59872,Oslo S,2026-09-07T21:30:00+02:00,2026-09-07T21:30:00+02:00,,0.0,0,Oslo Lufthavn,FLT:Line:FLY2,FLY2,FLY2,rail,FLT:ServiceJourney:1-2614-3977-20260907,False,planned,False,,,,,2026-09-08T00:20:52.129880+02:00
NSR:StopPlace:59872,Oslo S,2026-09-07T21:31:00+02:00,2026-09-07T21:31:00+02:00,,0.0,0,Skøyen,VYG:Line:L2,Stabekk-Oslo S-Ski,L2,rail,VYG:ServiceJourney:2868-SKI_488398-R,False,planned,False,,,,,2026-09-08T00:20:52.129880+02:00
NSR:StopPlace:59646,Høvik stasjon,2026-09-07T20:56:00+02:00,2026-09-07T20:56:00+02:00,,0.0,0,Spikkestad,VYG:Line:L1,Spikkestad-Oslo S-Lillestrøm,L1,rail,VYG:ServiceJourney:2263_443691-R,False,planned,False,,,,,2026-09-08T00:20:52.129880+02:00
NSR:StopPlace:59646,Høvik stasjon,2026-09-07T21:07:00+02:00,2026-09-07T21:07:00+02:00,,0.0,0,Lillestrøm,VYG:Line:L1,Spikkestad-Oslo S-Lillestrøm,L1,rail,VYG:ServiceJourney:2166_443576-R,False,planned,False,,,,,2026-09-08T00:20:52.129880+02:00
NSR:StopPlace:59646,Høvik stasjon,2026-09-07T21:10:00+02:00,2026-09-07T21:10:00+02:00,,0.0,0,Asker,RUT:Line:270,Asker - Sandvika (- Fornebu),270,bus,RUT:ServiceJourney:e63a8cf6034fd1a583924351add6ece5,False,planned,False,,,,,2026-09-08T00:20:52.129880+02:00
NSR:StopPlace:59646,Høvik stasjon,2026-09-07T21:12:00+02:00,2026-09-07T21:12:00+02:00,,0.0,0,Asker,VYG:Line:L1,Spikkestad-Oslo S-Lillestrøm,L1,rail,VYG:ServiceJourney:2163_443573-R,False,planned,False,,,,,2026-09-08T00:20:52.129880+02:00
NSR:StopPlace:59646,Høvik stasjon,2026-09-07T21:23:00+02:00,2026-09-07T21:23:00+02:00,,0.0,0,Lillestrøm,VYG:Line:L1,Spikkestad-Oslo S-Lillestrøm,L1,rail,VYG:ServiceJourney:2268_445367-R,False,planned,False,,,,,2026-09-08T00:20:52.129880+02:00
NSR:StopPlace:59646,Høvik stasjon,2026-09-07T21:26:00+02:00,2026-09-07T21:26:00+02:00,,0.0,0,Spikkestad,VYG:Line:L1,Spikkestad-Oslo S-Lillestrøm,L1,rail,VYG:ServiceJourney:2265_443694-R,False,planned,False,,,,,2026-09-08T00:20:52.129880+02:00
NSR:StopPlace:59646,Høvik stasjon,2026-09-07T21:40:00+02:00,2026-09-07T21:40:00+02:00,,0.0,0,Asker,RUT:Line:270,Asker - Sandvika (- Fornebu),270,bus,RUT:ServiceJourney:b843ffbde60b1d03785ecc82003562fd,False,planned,False,,,,,2026-09-08T00:20:52.129880+02:00
NSR:StopPlace:59646,Høvik stasjon,2026-09-07T21:42:00+02:00,2026-09-07T21:42:00+02:00,,0.0,0,Asker,VYG:Line:L1,Spikkestad-Oslo S-Lillestrøm,L1,rail,VYG:ServiceJourney:2165_443575-R,False,planned,False,,,,,2026-09-08T00:20:52.129880+02:00
NSR:StopPlace:59647,Dal stasjon,2026-09-07T21:11:00+02:00,2026-09-07T21:11:00+02:00,,0.0,0,Jessheim,RUT:Line:430,Eidsvoll - Jessheim,430,bus,RUT:ServiceJourney:1b7ed33410d26bb11ecda367e7bb820d,False,planned,False,,,,,2026-09-08T00:20:52.129880+02:00
NSR:StopPlace:59647,Dal stasjon,2026-09-07T21:41:00+02:00,2026-09-07T21:41:00+02:00,,0.0,0,Jessheim,RUT:Line:430,Eidsvoll - Jessheim,430,bus,RUT:ServiceJourney:cc81a41c77744df2b6e99f65bd0345f1,False,planned,False,,,,,2026-09-08T00:20:52.129880+02:00
NSR:StopPlace:59647,Dal stasjon,2026-09-07T21:46:00+02:00,2026-09-07T21:46:00+02:00,,0.0,0,Eidsvoll st.,RUT:Line:430,Eidsvoll - Jessheim,430,bus,RUT:ServiceJourney:551325c237f8338adb272045fba6ae31,False,planned,False,,,,,2026-09-08T00:20:52.129880+02:00
NSR:StopPlace:59648,Kjelsås stasjon,2026-09-07T20:23:00+02:00,2026-09-07T20:23:00+02:00,,0.0,0,Movatn,VYG:Line:R31,Skøyen-Jaren-Gjøvik,R31,rail,VYG:ServiceJourney:BUS-231_655416-R,False,planned,False,,,,,2026-09-08T00:20:52.129880+02:00
NSR:StopPlace:59648,Kjelsås stasjon,2026-09-07T20:24:00+02:00,2026-09-07T20:24:00+02:00,,0.0,0,Kværnerbyen,RUT:Line:54,Kværnerbyen - Kjelsås stasjon,54,bus,RUT:ServiceJourney:18bdbb928c50ccdbace6e181a441e1ee,False,planned,False,,,,,2026-09-08T00:20:52.129880+02:00
NSR:StopPlace:59648,Kjelsås stasjon,2026-09-07T20:25:00+02:00,2026-09-07T20:25:00+02:00,,0.0,0,Majorstuen,RUT:Line:25,Majorstuen-Haugerud,25,bus,RUT:ServiceJourney:3142fc1ab602f3c0360d557344fcbb55,False,planned,False,,,,,2026-09-08T00:20:52.129880+02:00
NSR:StopPlace:59648,Kjelsås stasjon,2026-09-07T20:29:00+02:00,2026-09-07T20:29:00+02:00,,0.0,0,Haugerud,RUT:Line:25,Majorstuen-Haugerud,25,bus,RUT:ServiceJourney:9b9ab85c5408828fdcef1d3406abbb0b,False,planned,False,,,,,2026-09-08T00:20:52.129880+02:00
NSR:StopPlace:59648,Kjelsås stasjon,2026-09-07T20:34:00+02:00,2026-09-07T20:34:00+02:00,,0.0,0,Nydalen,VYG:Line:R31,Skøyen-Jaren-Gjøvik,R31,rail,VYG:ServiceJourney:BUS-230_655403-R,False,planned,False,,,,,2026-09-08T00:20:52.129880+02:00
NSR:StopPlace:59648,Kjelsås stasjon,2026-09-07T20:39:00+02:00,2026-09-07T20:39:00+02:00,,0.0,0,Kværnerbyen,RUT:Line:54,Kværnerbyen - Kjelsås stasjon,54,bus,RUT:ServiceJourney:b756929a91e57b2cbec5e5ad4ef43bda,False,planned,False,,,,,2026-09-08T00:20:52.129880+02:00
NSR:StopPlace:59648,Kjelsås stasjon,2026-09-07T20:40:00+02:00,2026-09-07T20:40:00+02:00,,0.0,0,Roa,VYG:Line:R31,Skøyen-Jaren-Gjøvik,R31,rail,VYG:ServiceJourney:BUS-233_655443-R,False,planned,False,,,,,2026-09-08T00:20:52.129880+02:00
NSR:StopPlace:59648,Kjelsås stasjon,2026-09-07T20:40:00+02:00,2026-09-07T20:40:00+02:00,,0.0,0,Majorstuen,RUT:Line:25,Majorstuen-Haugerud,25,bus,RUT:ServiceJourney:50846760021de8b1941f18221476e508,False,planned,False,,,,,2026-09-08T00:20:52.129880+02:00
NSR:StopPlace:59648,Kjelsås stasjon,2026-09-07T20:44:00+02:00,2026-09-07T20:44:00+02:00,,0.0,0,Haugerud,RUT:Line:25,Majorstuen-Haugerud,25,bus,RUT:ServiceJourney:c4d18612d4cbd43f3b50b5843a70e77f,False,planned,False,,,,,2026-09-08T00:20:52.129880+02:00
NSR:StopPlace:59648,Kjelsås stasjon,2026-09-07T20:54:00+02:00,2026-09-07T20:54:00+02:00,,0.0,0,Kværnerbyen,RUT:Line:54,Kværnerbyen - Kjelsås stasjon,54,bus,RUT:ServiceJourney:5b4541f9d736ff9bf7115da104f7ec2e,False,planned,False,,,,,2026-09-08T00:20:52.129880+02:00
NSR:StopPlace:59648,Kjelsås stasjon,2026-09-07T20:55:00+02:00,2026-09-07T20:55:00+02:00,,0.0,0,Majorstuen,RUT:Line:25,Majorstuen-Haugerud,25,bus,RUT:ServiceJourney:21b562f85548f32557ddd405bb5f7587,False,planned,False,,,,,2026-09-08T00:20:52.129880+02:00
NSR:StopPlace:59648,Kjelsås stasjon,2026-09-07T20:59:00+02:00,2026-09-07T20:59:00+02:00,,0.0,0,Haugerud,RUT:Line:25,Majorstuen-Haugerud,25,bus,RUT:ServiceJourney:db2009fcf1ae815129ec3e5e964aa432,False,planned,False,,,,,2026-09-08T00:20:52.129880+02:00
NSR:StopPlace:59648,Kjelsås stasjon,2026-09-07T21:09:00+02:00,2026-09-07T21:09:00+02:00,,0.0,0,Kværnerbyen,RUT:Line:54,Kværnerbyen - Kjelsås stasjon,54,bus,RUT:ServiceJourney:ef9e98f0170544145fe4a8c02a364d67,False,planned,False,,,,,2026-09-08T00:20:52.129880+02:00
NSR:StopPlace:59648,Kjelsås stasjon,2026-09-07T21:10:00+02:00,2026-09-07T21:10:00+02:00,,0.0,0,Majorstuen,RUT:Line:25,Majorstuen-Haugerud,25,bus,RUT:ServiceJourney:29a06d1707e8159a4cd82804b7d7e001,False,planned,False,,,,,2026-09-08T00:20:52.129880+02:00
NSR:StopPlace:59648,Kjelsås stasjon,2026-09-07T21:14:00+02:00,2026-09-07T21:14:00+02:00,,0.0,0,Haugerud,RUT:Line:25,Majorstuen-Haugerud,25,bus,RUT:ServiceJourney:8ffa117e8cd14595f695c1a061bc3e4a,False,planned,False,,,,,2026-09-08T00:20:52.129880+02:00
NSR:StopPlace:59648,Kjelsås stasjon,2026-09-07T21:23:00+02:00,2026-09-07T21:23:00+02:00,,0.0,0,Snippen,VYG:Line:R31,Skøyen-Jaren-Gjøvik,R31,rail,VYG:ServiceJourney:BUS-233_655444-R,False,planned,False,,,,,2026-09-08T00:20:52.129880+02:00
NSR:StopPlace:59648,Kjelsås stasjon,2026-09-07T21:24:00+02:00,2026-09-07T21:24:00+02:00,,0.0,0,Kværnerbyen,RUT:Line:54,Kværnerbyen - Kjelsås stasjon,54,bus,RUT:ServiceJourney:41be539dc030dd6530eecb711b52e764,False,planned,False,,,,,2026-09-08T00:20:52.129880+02:00
NSR:StopPlace:59648,Kjelsås stasjon,2026-09-07T21:25:00+02:00,2026-09-07T21:25:00+02:00,,0.0,0,Majorstuen,RUT:Line:25,Majorstuen-Haugerud,25,bus,RUT:ServiceJourney:50811462a08aa2b8f5920128f442f933,False,planned,False,,,,,2026-09-08T00:20:52.129880+02:00
NSR:StopPlace:59648,Kjelsås stasjon,2026-09-07T21:29:00+02:00,2026-09-07T21:29:00+02:00,,0.0,0,Haugerud,RUT:Line:25,Majorstuen-Haugerud,25,bus,RUT:ServiceJourney:7e8c1817b9d1b779849fae13f9da3546,False,planned,False,,,,,2026-09-08T00:20:52.129880+02:00
NSR:StopPlace:59648,Kjelsås stasjon,2026-09-07T21:39:00+02:00,2026-09-07T21:39:00+02:00,,0.0,0,Nydalen,VYG:Line:R31,Skøyen-Jaren-Gjøvik,R31,rail,VYG:ServiceJourney:BUS-232_655431-R,False,planned,False,,,,,2026-09-08T00:20:52.129880+02:00
NSR:StopPlace:59648,Kjelsås stasjon,2026-09-07T21:40:00+02:00,2026-09-07T21:40:00+02:00,,0.0,0,Majorstuen,RUT:Line:25,Majorstuen-Haugerud,25,bus,RUT:ServiceJourney:ceef8ac6fa1fda7e46a84de511ff66f8,False,planned,False,,,,,2026-09-08T00:20:52.129880+02:00
NSR:StopPlace:59648,Kjelsås stasjon,2026-09-07T21:44:00+02:00,2026-09-07T21:44:00+02:00,,0.0,0,Haugerud,RUT:Line:25,Majorstuen-Haugerud,25,bus,RUT:ServiceJourney:9a29c9d685b99d2f146e94b4fe0d1a0e,False,planned,False,,,,,2026-09-08T00:20:52.129880+02:00
NSR:StopPlace:59648,Kjelsås stasjon,2026-09-07T22:39:00+02:00,2026-09-07T22:39:00+02:00,,0.0,0,Nydalen,VYG:Line:R31,Skøyen-Jaren-Gjøvik,R31,rail,VYG:ServiceJourney:BUS-234_655457-R,False,planned,False,,,,,2026-09-08T00:20:52.129880+02:00
NSR:StopPlace:59649,Nydalen stasjon,2026-09-07T20:31:00+02:00,2026-09-07T20:31:00+02:00,,0.0,0,Simensbråten,RUT:Line:23,Lysaker - Simensbråten,23,bus,RUT:ServiceJourney:77fae29521fd512115df289c62c15d87,False,planned,False,,,,,2026-09-08T00:20:52.129880+02:00
NSR:StopPlace:59649,Nydalen stasjon,2026-09-07T20:31:00+02:00,2026-09-07T20:31:00+02:00,,0.0,0,Lysaker,RUT:Line:23,Lysaker - Simensbråten,23,bus,RUT:ServiceJourney:2d114157b9ed80d2c818cb00a5bbdeca,False,planned,False,,,,,2026-09-08T00:20:52.129880+02:00
NSR:StopPlace:59649,Nydalen stasjon,2026-09-07T20:33:00+02:00,2026-09-07T20:33:00+02:00,,0.0,0,Oslo lufthavn,NBU:Line:cb7b555c-f96e-42d5-84bf-a5e08c0145c2,Radiumhospitalet via Økern-Storo-Tåsen,FB3,bus,NBU:ServiceJourney:3b15e1c2-9706-40f9-8c19-c69cc72656cd,False,planned,False,,,,,2026-09-08T00:20:52.129880+02:00
NSR:StopPlace:59649,Nydalen stasjon,2026-09-07T20:46:00+02:00,2026-09-07T20:46:00+02:00,,0.0,0,Simensbråten,RUT:Line:23,Lysaker - Simensbråten,23,bus,RUT:ServiceJourney:fc05b50f0c359221d61b8b43c395e072,False,planned,False,,,,,2026-09-08T00:20:52.129880+02:00
NSR:StopPlace:59649,Nydalen stasjon,2026-09-07T20:46:00+02:00,2026-09-07T20:46:00+02:00,,0.0,0,Lysaker,RUT:Line:23,Lysaker - Simensbråten,23,bus,RUT:ServiceJourney:33149488b4c9d4bf59aac8a85cef8da7,False,planned,False,,,,,2026-09-08T00:20:52.129880+02:00
NSR:StopPlace:59649,Nydalen stasjon,2026-09-07T20:47:00+02:00,2026-09-07T20:47:00+02:00,,0.0,0,Roa,VYG:Line:R31,Skøyen-Jaren-Gjøvik,R31,rail,VYG:ServiceJourney:BUS-233_655443-R,False,planned,False,,,,,2026-09-08T00:20:52.129880+02:00
NSR:StopPlace:59649,Nydalen stasjon,2026-09-07T21:01:00+02:00,2026-09-07T21:01:00+02:00,,0.0,0,Simensbråten,RUT:Line:23,Lysaker - Simensbråten,23,bus,RUT:ServiceJourney:219dc9957a6b6f26ed84a1b2ec70262b,False,planned,False,,,,,2026-09-08T00:20:52.129880+02:00
NSR:StopPlace:59649,Nydalen stasjon,2026-09-07T21:01:00+02:00,2026-09-07T21:01:00+02:00,,0.0,0,Lysaker,RUT:Line:23,Lysaker - Simensbråten,23,bus,RUT:ServiceJourney:631bfc7c53af0666d7f07c4fa0b07e9b,False,planned,False,,,,,2026-09-08T00:20:52.129880+02:00
NSR:StopPlace:59649,Nydalen stasjon,2026-09-07T21:03:00+02:00,2026-09-07T21:03:00+02:00,,0.0,0,Oslo lufthavn,NBU:Line:cb7b555c-f96e-42d5-84bf-a5e08c0145c2,Radiumhospitalet via Økern-Storo-Tåsen,FB3,bus,NBU:ServiceJourney:a78622de-dbf1-4a47-935f-47e6232c274c,False,planned,False,,,,,2026-09-08T00:20:52.129880+02:00
NSR:StopPlace:59649,Nydalen stasjon,2026-09-07T21:16:00+02:00,2026-09-07T21:16:00+02:00,,0.0,0,Simensbråten,RUT:Line:23,Lysaker - Simensbråten,23,bus,RUT:ServiceJourney:e3c0b0284cc4a4fb648fdf17dcf28bd8,False,planned,False,,,,,2026-09-08T00:20:52.129880+02:00
NSR:StopPlace:59649,Nydalen stasjon,2026-09-07T21:16:00+02:00,2026-09-07T21:16:00+02:00,,0.0,0,Lysaker,RUT:Line:23,Lysaker - Simensbråten,23,bus,RUT:ServiceJourney:8b3331a0cd98e26371e5ea1210eaefb8,False,planned,False,,,,,2026-09-08T00:20:52.129880+02:00
NSR:StopPlace:59649,Nydalen stasjon,2026-09-07T21:31:00+02:00,2026-09-07T21:31:00+02:00,,0.0,0,Simensbråten,RUT:Line:23,Lysaker - Simensbråten,23,bus,RUT:ServiceJourney:a119b2a606878b171916e76064325e5f,False,planned,False,,,,,2026-09-08T00:20:52.129880+02:00
NSR:StopPlace:59649,Nydalen stasjon,2026-09-07T21:31:00+02:00,2026-09-07T21:31:00+02:00,,0.0,0,Lysaker,RUT:Line:23,Lysaker - Simensbråten,23,bus,RUT:ServiceJourney:ab13850ffb2000034507a55263621a48,False,planned,False,,,,,2026-09-08T00:20:52.129880+02:00
NSR:StopPlace:59649,Nydalen stasjon,2026-09-07T21:46:00+02:00,2026-09-07T21:46:00+02:00,,0.0,0,Simensbråten,RUT:Line:23,Lysaker - Simensbråten,23,bus,RUT:ServiceJourney:d57f5c50f0baf4d748fe8399873b5f1e,False,planned,False,,,,,2026-09-08T00:20:52.129880+02:00
NSR:StopPlace:59649,Nydalen stasjon,2026-09-07T21:46:00+02:00,2026-09-07T21:46:00+02:00,,0.0,0,Lysaker,RUT:Line:23,Lysaker - Simensbråten,23,bus,RUT:ServiceJourney:81ba3d595bf0de2f13c68898833e2201,False,planned,False,,,,,2026-09-08T00:20:52.129880+02:00
NSR:StopPlace:59641,Fjellhamar stasjon,2026-09-07T20:41:00+02:00,2026-09-07T20:41:00+02:00,,0.0,0,Ahus,RUT:Line:315,Vallerudtoppen - Ahus,315,bus,RUT:ServiceJourney:a88292b05174f7835653d03517c68a75,False,planned,False,,,,,2026-09-08T00:20:52.129880+02:00
NSR:StopPlace:59641,Fjellhamar stasjon,2026-09-07T20:47:00+02:00,2026-09-07T20:47:00+02:00,,0.0,0,Spikkestad,VYG:Line:L1,Spikkestad-Oslo S-Lillestrøm,L1,rail,VYG:ServiceJourney:2265_443694-R,False,planned,False,,,,,2026-09-08T00:20:52.129880+02:00
NSR:StopPlace:59641,Fjellhamar stasjon,2026-09-07T20:48:00+02:00,2026-09-07T20:48:00+02:00,,0.0,0,Lillestrøm,VYG:Line:L1,Spikkestad-Oslo S-Lillestrøm,L1,rail,VYG:ServiceJourney:2162_443572-R,False,planned,False,,,,,2026-09-08T00:20:52.129880+02:00
NSR:StopPlace:59641,Fjellhamar stasjon,2026-09-07T20:55:00+02:00,2026-09-07T20:55:00+02:00,,0.0,0,Vallerudtoppen,RUT:Line:315,Vallerudtoppen - Ahus,315,bus,RUT:ServiceJourney:6159089105cc425daee80105ad96fbb8,False,planned,False,,,,,2026-09-08T00:20:52.129880+02:00
NSR:StopPlace:59641,Fjellhamar stasjon,2026-09-07T21:02:00+02:00,2026-09-07T21:02:00+02:00,,0.0,0,Asker,VYG:Line:L1,Spikkestad-Oslo S-Lillestrøm,L1,rail,VYG:ServiceJourney:2165_443575-R,False,planned,False,,,,,2026-09-08T00:20:52.129880+02:00
NSR:StopPlace:59641,Fjellhamar stasjon,2026-09-07T21:03:00+02:00,2026-09-07T21:03:00+02:00,,0.0,0,Lillestrøm,VYG:Line:L1,Spikkestad-Oslo S-Lillestrøm,L1,rail,VYG:ServiceJourney:2264_445363-R,False,planned,False,,,,,2026-09-08T00:20:52.129880+02:00
NSR:StopPlace:59641,Fjellhamar stasjon,2026-09-07T21:11:00+02:00,2026-09-07T21:11:00+02:00,,0.0,0,Ahus,RUT:Line:315,Vallerudtoppen - Ahus,315,bus,RUT:ServiceJourney:da23a25d8e53365c9c0829f3c49a3274,False,planned,False,,,,,2026-09-08T00:20:52.129880+02:00
NSR:StopPlace:59641,Fjellhamar stasjon,2026-09-07T21:18:00+02:00,2026-09-07T21:18:00+02:00,,0.0,0,Lillestrøm,VYG:Line:L1,Spikkestad-Oslo S-Lillestrøm,L1,rail,VYG:ServiceJourney:2164_443574-R,False,planned,False,,,,,2026-09-08T00:20:52.129880+02:00
NSR:StopPlace:59641,Fjellhamar stasjon,2026-09-07T21:25:00+02:00,2026-09-07T21:25:00+02:00,,0.0,0,Vallerudtoppen,RUT:Line:315,Vallerudtoppen - Ahus,315,bus,RUT:ServiceJourney:4b9968f7a96d868fd63a864c8cdee8b1,False,planned,False,,,,,2026-09-08T00:20:52.129880+02:00
NSR:StopPlace:59641,Fjellhamar stasjon,2026-09-07T21:33:00+02:00,2026-09-07T21:33:00+02:00,,0.0,0,Lillestrøm,VYG:Line:L1,Spikkestad-Oslo S-Lillestrøm,L1,rail,VYG:ServiceJourney:2266_443696-R,False,planned,False,,,,,2026-09-08T00:20:52.129880+02:00
NSR:StopPlace:59641,Fjellhamar stasjon,2026-09-07T21:41:00+02:00,2026-09-07T21:41:00+02:00,,0.0,0,Ahus,RUT:Line:315,Vallerudtoppen - Ahus,315,bus,RUT:ServiceJourney:a472cabab87685ba1f556a3656fe59ef,False,planned,False,,,,,2026-09-08T00:20:52.129880+02:00
NSR:StopPlace:59641,Fjellhamar stasjon,2026-09-07T21:48:00+02:00,2026-09-07T21:48:00+02:00,,0.0,0,Lillestrøm,VYG:Line:L1,Spikkestad-Oslo S-Lillestrøm,L1,rail,VYG:ServiceJourney:2166_443576-R,False,planned,False,,,,,2026-09-08T00:20:52.129880+02:00
NSR:StopPlace:59641,Fjellhamar stasjon,2026-09-07T22:03:00+02:00,2026-09-07T22:03:00+02:00,,0.0,0,Lillestrøm,VYG:Line:L1,Spikkestad-Oslo S-Lillestrøm,L1,rail,VYG:ServiceJourney:2268_445367-R,False,planned,False,,,,,2026-09-08T00:20:52.129880+02:00
NSR:StopPlace:59641,Fjellhamar stasjon,2026-09-07T22:11:00+02:00,2026-09-07T22:11:00+02:00,,0.0,0,Ahus,RUT:Line:315,Vallerudtoppen - Ahus,315,bus,RUT:ServiceJourney:51c085fb33a26373bc7855599d691eee,False,planned,False,,,,,2026-09-08T00:20:52.129880+02:00
NSR:StopPlace:59643,Grefsen stasjon,2026-09-07T20:24:00+02:00,2026-09-07T20:24:00+02:00,,0.0,0,Gaustadalléen,RUT:Line:17,Rikshospitalet - Sinsen o/ Carl Berner,17,tram,RUT:ServiceJourney:ebcd26f774837dddc07dec7b512c04f0,False,planned,False,,,,,2026-09-08T00:20:52.129880+02:00
NSR:StopPlace:59643,Grefsen stasjon,2026-09-07T20:26:00+02:00,2026-09-07T20:26:00+02:00,,0.0,0,Lysaker,RUT:Line:23,Lysaker - Simensbråten,23,bus,RUT:ServiceJourney:2d114157b9ed80d2c818cb00a5bbdeca,False,planned,False,,,,,2026-09-08T00:20:52.129880+02:00
NSR:StopPlace:59643,Grefsen stasjon,2026-09-07T20:31:00+02:00,2026-09-07T20:31:00+02:00,,0.0,0,Gaustadalléen,RUT:Line:18,Grefsen st [4311] - Rikshospitalet,18,tram,RUT:ServiceJourney:1a912bbde90e65e44c571165b89501e1,False,planned,False,,,,,2026-09-08T00:20:52.129880+02:00
NSR:StopPlace:59643,Grefsen stasjon,2026-09-07T20:34:00+02:00,2026-09-07T20:34:00+02:00,,0.0,0,Simensbråten,RUT:Line:23,Lysaker - Simensbråten,23,bus,RUT:ServiceJourney:77fae29521fd512115df289c62c15d87,False,planned,False,,,,,2026-09-08T00:20:52.129880+02:00
NSR:StopPlace:59643,Grefsen stasjon,2026-09-07T20:38:00+02:00,2026-09-07T20:38:00+02:00,,0.0,0,Oslo lufthavn,NBU:Line:cb7b555c-f96e-42d5-84bf-a5e08c0145c2,Radiumhospitalet via Økern-Storo-Tåsen,FB3,bus,NBU:ServiceJourney:3b15e1c2-9706-40f9-8c19-c69cc72656cd,False,planned,False,,,,,2026-09-08T00:20:52.129880+02:00
NSR:StopPlace:59643,Grefsen stasjon,2026-09-07T20:39:00+02:00,2026-09-07T20:39:00+02:00,,0.0,0,Gaustadalléen,RUT:Line:17,Rikshospitalet - Sinsen o/ Carl Berner,17,tram,RUT:ServiceJourney:7760410b364dbf5d6774bf3fedfaf928,False,planned,False,,,,,2026-09-08T00:20:52.129880+02:00
NSR:StopPlace:59643,Grefsen stasjon,2026-09-07T20:41:00+02:00,2026-09-07T20:41:00+02:00,,0.0,0,Lysaker,RUT:Line:23,Lysaker - Simensbråten,23,bus,RUT:ServiceJourney:33149488b4c9d4bf59aac8a85cef8da7,False,planned,False,,,,,2026-09-08T00:20:52.129880+02:00
NSR:StopPlace:59643,Grefsen stasjon,2026-09-07T20:46:00+02:00,2026-09-07T20:46:00+02:00,,0.0,0,Gaustadalléen,RUT:Line:18,Grefsen st [4311] - Rikshospitalet,18,tram,RUT:ServiceJourney:aeed34064d521666a8862607cb4d3770,False,planned,False,,,,,2026-09-08T00:20:52.129880+02:00
NSR:StopPlace:59643,Grefsen stasjon,2026-09-07T20:49:00+02:00,2026-09-07T20:49:00+02:00,,0.0,0,Simensbråten,RUT:Line:23,Lysaker - Simensbråten,23,bus,RUT:ServiceJourney:fc05b50f0c359221d61b8b43c395e072,False,planned,False,,,,,2026-09-08T00:20:52.129880+02:00
NSR:StopPlace:59643,Grefsen stasjon,2026-09-07T20:50:00+02:00,2026-09-07T20:50:00+02:00,,0.0,0,Roa,VYG:Line:R31,Skøyen-Jaren-Gjøvik,R31,rail,VYG:ServiceJourney:BUS-233_655443-R,False,planned,False,,,,,2026-09-08T00:20:52.129880+02:00
NSR:StopPlace:59643,Grefsen stasjon,2026-09-07T20:54:00+02:00,2026-09-07T20:54:00+02:00,,0.0,0,Gaustadalléen,RUT:Line:17,Rikshospitalet - Sinsen o/ Carl Berner,17,tram,RUT:ServiceJourney:b279f72981e69183febdd1dac60db5da,False,planned,False,,,,,2026-09-08T00:20:52.129880+02:00
NSR:StopPlace:59643,Grefsen stasjon,2026-09-07T20:56:00+02:00,2026-09-07T20:56:00+02:00,,0.0,0,Lysaker,RUT:Line:23,Lysaker - Simensbråten,23,bus,RUT:ServiceJourney:631bfc7c53af0666d7f07c4fa0b07e9b,False,planned,False,,,,,2026-09-08T00:20:52.129880+02:00
NSR:StopPlace:59643,Grefsen stasjon,2026-09-07T21:01:00+02:00,2026-09-07T21:01:00+02:00,,0.0,0,Gaustadalléen,RUT:Line:18,Grefsen st [4311] - Rikshospitalet,18,tram,RUT:ServiceJourney:b2bc027b6de4e690e69f1926bfe0d864,False,planned,False,,,,,2026-09-08T00:20:52.129880+02:00
NSR:StopPlace:59643,Grefsen stasjon,2026-09-07T21:04:00+02:00,2026-09-07T21:04:00+02:00,,0.0,0,Simensbråten,RUT:Line:23,Lysaker - Simensbråten,23,bus,RUT:ServiceJourney:219dc9957a6b6f26ed84a1b2ec70262b,False,planned,False,,,,,2026-09-08T00:20:52.129880+02:00
NSR:StopPlace:59643,Grefsen stasjon,2026-09-07T21:08:00+02:00,2026-09-07T21:08:00+02:00,,0.0,0,Oslo lufthavn,NBU:Line:cb7b555c-f96e-42d5-84bf-a5e08c0145c2,Radiumhospitalet via Økern-Storo-Tåsen,FB3,bus,NBU:ServiceJourney:a78622de-dbf1-4a47-935f-47e6232c274c,False,planned,False,,,,,2026-09-08T00:20:52.129880+02:00
NSR:StopPlace:59643,Grefsen stasjon,2026-09-07T21:09:00+02:00,2026-09-07T21:09:00+02:00,,0.0,0,Gaustadalléen,RUT:Line:17,Rikshospitalet - Sinsen o/ Carl Berner,17,tram,RUT:ServiceJourney:be73c5c51c6357da4a411af8e1bd401f,False,planned,False,,,,,2026-09-08T00:20:52.129880+02:00
NSR:StopPlace:59643,Grefsen stasjon,2026-09-07T21:11:00+02:00,2026-09-07T21:11:00+02:00,,0.0,0,Lysaker,RUT:Line:23,Lysaker - Simensbråten,23,bus,RUT:ServiceJourney:8b3331a0cd98e26371e5ea1210eaefb8,False,planned,False,,,,,2026-09-08T00:20:52.129880+02:00
NSR:StopPlace:59643,Grefsen stasjon,2026-09-07T21:16:00+02:00,2026-09-07T21:16:00+02:00,,0.0,0,Gaustadalléen,RUT:Line:18,Grefsen st [4311] - Rikshospitalet,18,tram,RUT:ServiceJourney:f853e7a4a704fb8cad97f54ad4954ba9,False,planned,False,,,,,2026-09-08T00:20:52.129880+02:00
NSR:StopPlace:59643,Grefsen stasjon,2026-09-07T21:19:00+02:00,2026-09-07T21:19:00+02:00,,0.0,0,Simensbråten,RUT:Line:23,Lysaker - Simensbråten,23,bus,RUT:ServiceJourney:e3c0b0284cc4a4fb648fdf17dcf28bd8,False,planned,False,,,,,2026-09-08T00:20:52.129880+02:00
NSR:StopPlace:59643,Grefsen stasjon,2026-09-07T21:24:00+02:00,2026-09-07T21:24:00+02:00,,0.0,0,Gaustadalléen,RUT:Line:17,Rikshospitalet - Sinsen o/ Carl Berner,17,tram,RUT:ServiceJourney:224a2d4590feafc93fec549a2853df73,False,planned,False,,,,,2026-09-08T00:20:52.129880+02:00
NSR:StopPlace:59643,Grefsen stasjon,2026-09-07T21:26:00+02:00,2026-09-07T21:26:00+02:00,,0.0,0,Lysaker,RUT:Line:23,Lysaker - Simensbråten,23,bus,RUT:ServiceJourney:ab13850ffb2000034507a55263621a48,False,planned,False,,,,,2026-09-08T00:20:52.129880+02:00
NSR:StopPlace:59643,Grefsen stasjon,2026-09-07T21:31:00+02:00,2026-09-07T21:31:00+02:00,,0.0,0,Gaustadalléen,RUT:Line:18,Grefsen st [4311] - Rikshospitalet,18,tram,RUT:ServiceJourney:01976f3c643d5500c44a6bf818544964,False,planned,False,,,,,2026-09-08T00:20:52.129880+02:00
NSR:StopPlace:59643,Grefsen stasjon,2026-09-07T21:34:00+02:00,2026-09-07T21:34:00+02:00,,0.0,0,Simensbråten,RUT:Line:23,Lysaker - Simensbråten,23,bus,RUT:ServiceJourney:a119b2a606878b171916e76064325e5f,False,planned,False,,,,,2026-09-08T00:20:52.129880+02:00
NSR:StopPlace:59643,Grefsen stasjon,2026-09-07T21:41:00+02:00,2026-09-07T21:41:00+02:00,,0.0,0,Lysaker,RUT:Line:23,Lysaker - Simensbråten,23,bus,RUT:ServiceJourney:81ba3d595bf0de2f13c68898833e2201,False,planned,False,,,,,2026-09-08T00:20:52.129880+02:00
NSR:StopPlace:59643,Grefsen stasjon,2026-09-07T21:49:00+02:00,2026-09-07T21:49:00+02:00,,0.0,0,Simensbråten,RUT:Line:23,Lysaker - Simensbråten,23,bus,RUT:ServiceJourney:d57f5c50f0baf4d748fe8399873b5f1e,False,planned,False,,,,,2026-09-08T00:20:52.129880+02:00
NSR:StopPlace:60640,Heimdal stasjon,2026-09-07T20:21:00+02:00,2026-09-07T20:21:00+02:00,,0.0,0,Kattem,ATB:Line:2_1,Ranheim - Strindheim - sentrum - Tiller - Heimdal - Kattem,1,bus,ATB:ServiceJourney:1_251215112546238_220,False,planned,False,,,,,2026-09-08T00:20:52.129880+02:00
NSR:StopPlace:60640,Heimdal stasjon,2026-09-07T20:27:00+02:00,2026-09-07T20:27:00+02:00,,0.0,0,Strindheim via Kolstad-sentrum,ATB:Line:2_2,Strindheim- Lade- sentrum- Sau,2,bus,ATB:ServiceJourney:2_251215112549908_219,False,planned,False,,,,,2026-09-08T00:20:52.129880+02:00
NSR:StopPlace:60640,Heimdal stasjon,2026-09-07T20:28:00+02:00,2026-09-07T20:28:00+02:00,,0.0,0,Lund,ATB:Line:2_2,Strindheim- Lade- sentrum- Sau,2,bus,ATB:ServiceJourney:2_251215112550290_206,False,planned,False,,,,,2026-09-08T00:20:52.129880+02:00
NSR:StopPlace:60640,Heimdal stasjon,2026-09-07T20:31:00+02:00,2026-09-07T20:31:00+02:00,,0.0,0,Torgård via Tillerringen,ATB:Line:2_16,Flatåsen- Heimdal- Torgård,16,bus,ATB:ServiceJourney:16_251215112550469_72,False,planned,False,,,,,2026-09-08T00:20:52.129880+02:00
NSR:StopPlace:60640,Heimdal stasjon,2026-09-07T20:31:00+02:00,2026-09-07T20:31:00+02:00,,0.0,0,Kattem,ATB:Line:2_1,Ranheim - Strindheim - sentrum - Tiller - Heimdal - Kattem,1,bus,ATB:ServiceJourney:1_251215112546239_222,False,planned,False,,,,,2026-09-08T00:20:52.129880+02:00
NSR:StopPlace:60640,Heimdal stasjon,2026-09-07T20:37:00+02:00,2026-09-07T20:37:00+02:00,,0.0,0,Torgård,ATB:Line:2_46,Torgård- Lundåsen,46,bus,ATB:ServiceJourney:46_251215112544198_93,False,planned,False,,,,,2026-09-08T00:20:52.129880+02:00
NSR:StopPlace:60640,Heimdal stasjon,2026-09-07T20:38:00+02:00,2026-09-07T20:38:00+02:00,,0.0,0,Lund,ATB:Line:2_2,Strindheim- Lade- sentrum- Sau,2,bus,ATB:ServiceJourney:2_251215112550235_208,False,planned,False,,,,,2026-09-08T00:20:52.129880+02:00
NSR:StopPlace:60640,Heimdal stasjon,2026-09-07T20:41:00+02:00,2026-09-07T20:41:00+02:00,,0.0,0,Ranheim via Tiller-sentrum,ATB:Line:2_1,Ranheim - Strindheim - sentrum - Tiller - Heimdal - Kattem,1,bus,ATB:ServiceJourney:1_251215112545869_229,False,planned,False,,,,,2026-09-08T00:20:52.129880+02:00
NSR:StopPlace:60640,Heimdal stasjon,2026-09-07T20:41:00+02:00,2026-09-07T20:41:00+02:00,,0.0,0,Kattem,ATB:Line:2_1,Ranheim - Strindheim - sentrum - Tiller - Heimdal - Kattem,1,bus,ATB:ServiceJourney:1_251215112546296_224,False,planned,False,,,,,2026-09-08T00:20:52.129880+02:00
NSR:StopPlace:60640,Heimdal stasjon,2026-09-07T20:46:00+02:00,2026-09-07T20:46:00+02:00,,0.0,0,Lundåsen,ATB:Line:2_46,Torgård- Lundåsen,46,bus,ATB:ServiceJourney:46_251215112548539_88,False,planned,False,,,,,2026-09-08T00:20:52.129880+02:00
NSR:StopPlace:60640,Heimdal stasjon,2026-09-07T20:47:00+02:00,2026-09-07T20:47:00+02:00,,0.0,0,Strindheim via Kolstad-sentrum,ATB:Line:2_2,Strindheim- Lade- sentrum- Sau,2,bus,ATB:ServiceJourney:2_251215112549983_221,False,planned,False,,,,,2026-09-08T00:20:52.129880+02:00
NSR:StopPlace:60640,Heimdal stasjon,2026-09-07T20:53:00+02:00,2026-09-07T20:53:00+02:00,,0.0,0,Flatåsen/N. Flatåsen via Kolstad k.,ATB:Line:2_16,Flatåsen- Heimdal- Torgård,16,bus,ATB:ServiceJourney:16_251215112550505_69,False,planned,False,,,,,2026-09-08T00:20:52.129880+02:00
NSR:StopPlace:60640,Heimdal stasjon,2026-09-07T20:53:00+02:00,2026-09-07T20:53:00+02:00,,0.0,0,Lund,ATB:Line:2_2,Strindheim- Lade- sentrum- Sau,2,bus,ATB:ServiceJourney:2_251215112550236_210,False,planned,False,,,,,2026-09-08T00:20:52.129880+02:00
NSR:StopPlace:60640,Heimdal stasjon,2026-09-07T21:00:00+02:00,2026-09-07T21:00:00+02:00,,0.0,0,Lundamo,SJN:Line:26,Trønderbanen,R70,rail,SJN:ServiceJourney:448_56077-R,False,planned,False,,,,,2026-09-08T00:20:52.129880+02:00
NSR:StopPlace:60640,Heimdal stasjon,2026-09-07T21:01:00+02:00,2026-09-07T21:01:00+02:00,,0.0,0,Ranheim via Tiller-sentrum,ATB:Line:2_1,Ranheim - Strindheim - sentrum - Tiller - Heimdal - Kattem,1,bus,ATB:ServiceJourney:1_251215112545870_231,False,planned,False,,,,,2026-09-08T00:20:52.129880+02:00
NSR:StopPlace:60640,Heimdal stasjon,2026-09-07T21:01:00+02:00,2026-09-07T21:01:00+02:00,,0.0,0,Kattem,ATB:Line:2_1,Ranheim - Strindheim - sentrum - Tiller - Heimdal - Kattem,1,bus,ATB:ServiceJourney:1_251215112546297_226,False,planned,False,,,,,2026-09-08T00:20:52.129880+02:00
NSR:StopPlace:60640,Heimdal stasjon,2026-09-07T21:06:00+02:00,2026-09-07T21:06:00+02:00,,0.0,0,Lundåsen,ATB:Line:2_46,Torgård- Lundåsen,46,bus,ATB:ServiceJourney:46_251215112544115_90,False,planned,False,,,,,2026-09-08T00:20:52.129880+02:00
NSR:StopPlace:60640,Heimdal stasjon,2026-09-07T21:07:00+02:00,2026-09-07T21:07:00+02:00,,0.0,0,Strindheim via Kolstad-sentrum,ATB:Line:2_2,Strindheim- Lade- sentrum- Sau,2,bus,ATB:ServiceJourney:2_251215112549984_223,False,planned,False,,,,,2026-09-08T00:20:52.129880+02:00
NSR:StopPlace:60640,Heimdal stasjon,2026-09-07T21:13:00+02:00,2026-09-07T21:13:00+02:00,,0.0,0,Lund,ATB:Line:2_2,Strindheim- Lade- sentrum- Sau,2,bus,ATB:ServiceJourney:2_251215112550237_212,False,planned,False,,,,,2026-09-08T00:20:52.129880+02:00
NSR:StopPlace:60640,Heimdal stasjon,2026-09-07T21:17:00+02:00,2026-09-07T21:17:00+02:00,,0.0,0,Torgård,ATB:Line:2_46,Torgård- Lundåsen,46,bus,ATB:ServiceJourney:46_251215112548537_95,False,planned,False,,,,,2026-09-08T00:20:52.129880+02:00
NSR:StopPlace:60640,Heimdal stasjon,2026-09-07T21:21:00+02:00,2026-09-07T21:21:00+02:00,,0.0,0,Ranheim via Tiller-sentrum,ATB:Line:2_1,Ranheim - Strindheim - sentrum - Tiller - Heimdal - Kattem,1,bus,ATB:ServiceJourney:1_251215112545871_233,False,planned,False,,,,,2026-09-08T00:20:52.129880+02:00
NSR:StopPlace:60640,Heimdal stasjon,2026-09-07T21:21:00+02:00,2026-09-07T21:21:00+02:00,,0.0,0,Kattem,ATB:Line:2_1,Ranheim - Strindheim - sentrum - Tiller - Heimdal - Kattem,1,bus,ATB:ServiceJourney:1_251215112546298_228,False,planned,False,,,,,2026-09-08T00:20:52.129880+02:00
NSR:StopPlace:60640,Heimdal stasjon,2026-09-07T21:27:00+02:00,2026-09-07T21:27:00+02:00,,0.0,0,Strindheim via Kolstad-sentrum,ATB:Line:2_2,Strindheim- Lade- sentrum- Sau,2,bus,ATB:ServiceJourney:2_251215112549985_225,False,planned,False,,,,,2026-09-08T00:20:52.129880+02:00
NSR:StopPlace:60640,Heimdal stasjon,2026-09-07T21:31:00+02:00,2026-09-07T21:31:00+02:00,,0.0,0,Torgård via Tillerringen,ATB:Line:2_16,Flatåsen- Heimdal- Torgård,16,bus,ATB:ServiceJourney:16_251215112550470_74,False,planned,False,,,,,2026-09-08T00:20:52.129880+02:00
NSR:StopPlace:60640,Heimdal stasjon,2026-09-07T21:33:00+02:00,2026-09-07T21:33:00+02:00,,0.0,0,Flatåsen/N. Flatåsen via Kolstad k.,ATB:Line:2_16,Flatåsen- Heimdal- Torgård,16,bus,ATB:ServiceJourney:16_251215112550506_71,False,planned,False,,,,,2026-09-08T00:20:52.129880+02:00
NSR:StopPlace:60640,Heimdal stasjon,2026-09-07T21:33:00+02:00,2026-09-07T21:33:00+02:00,,0.0,0,Lund,ATB:Line:2_2,Strindheim- Lade- sentrum- Sau,2,bus,ATB:ServiceJourney:2_251215112550238_214,False,planned,False,,,,,2026-09-08T00:20:52.129880+02:00
NSR:StopPlace:60640,Heimdal stasjon,2026-09-07T21:37:00+02:00,2026-09-07T21:37:00+02:00,,0.0,0,Torgård,ATB:Line:2_46,Torgård- Lundåsen,46,bus,ATB:ServiceJourney:46_251215112544199_97,False,planned,False,,,,,2026-09-08T00:20:52.129880+02:00
NSR:StopPlace:60640,Heimdal stasjon,2026-09-07T21:41:00+02:00,2026-09-07T21:41:00+02:00,,0.0,0,Kattem,ATB:Line:2_1,Ranheim - Strindheim - sentrum - Tiller - Heimdal - Kattem,1,bus,ATB:ServiceJourney:1_251215112546299_230,False,planned,False,,,,,2026-09-08T00:20:52.129880+02:00
NSR:StopPlace:60640,Heimdal stasjon,2026-09-07T21:45:00+02:00,2026-09-07T21:45:00+02:00,,0.0,0,Lundåsen,ATB:Line:2_46,Torgård- Lundåsen,46,bus,ATB:ServiceJourney:46_251215112548540_92,False,planned,False,,,,,2026-09-08T00:20:52.129880+02:00
NSR:StopPlace:60640,Heimdal stasjon,2026-09-07T21:46:00+02:00,2026-09-07T21:46:00+02:00,,0.0,0,Ringvål,ATB:Line:2_78,Heimdal- Ringvål (-Spongdal),78,bus,ATB:ServiceJourney:78_251215112544264_36,False,planned,False,,,,,2026-09-08T00:20:52.129880+02:00
NSR:StopPlace:60640,Heimdal stasjon,2026-09-07T21:46:00+02:00,2026-09-07T21:46:00+02:00,,0.0,0,Spongdal via Klettkrysset,ATB:Line:2_77,Heimdal- Klett- Spongdal,77,bus,ATB:ServiceJourney:77_251215112550988_38,False,planned,False,,,,,2026-09-08T00:20:52.129880+02:00
NSR:StopPlace:60640,Heimdal stasjon,2026-09-07T21:52:00+02:00,2026-09-07T21:52:00+02:00,,0.0,0,Lund,ATB:Line:2_2,Strindheim- Lade- sentrum- Sau,2,bus,ATB:ServiceJourney:2_251215112550129_216,False,planned,False,,,,,2026-09-08T00:20:52.129880+02:00
NSR:StopPlace:60640,Heimdal stasjon,2026-09-07T22:00:00+02:00,2026-09-07T22:00:00+02:00,,0.0,0,Melhus skysstasjon,SJN:Line:26,Trønderbanen,R70,rail,SJN:ServiceJourney:450-STK_56079-R,False,planned,False,,,,,2026-09-08T00:20:52.129880+02:00
NSR:StopPlace:60640,Heimdal stasjon,2026-09-07T22:01:00+02:00,2026-09-07T22:01:00+02:00,,0.0,0,Kattem,ATB:Line:2_1,Ranheim - Strindheim - sentrum - Tiller - Heimdal - Kattem,1,bus,ATB:ServiceJourney:1_251215112546300_232,False,planned,False,,,,,2026-09-08T00:20:52.129880+02:00
NSR:StopPlace:60640,Heimdal stasjon,2026-09-07T22:05:00+02:00,2026-09-07T22:05:00+02:00,,0.0,0,Lundåsen,ATB:Line:2_46,Torgård- Lundåsen,46,bus,ATB:ServiceJourney:46_251215112544116_94,False,planned,False,,,,,2026-09-08T00:20:52.129880+02:00
NSR:StopPlace:59650,Nyland stasjon,2026-09-07T20:21:00+02:00,2026-09-07T20:21:00+02:00,,0.0,0,Lillestrøm,VYG:Line:L1,Spikkestad-Oslo S-Lillestrøm,L1,rail,VYG:ServiceJourney:2262_443690-R,False,planned,False,,,,,2026-09-08T00:20:52.129880+02:00
NSR:StopPlace:59650,Nyland stasjon,2026-09-07T20:22:00+02:00,2026-09-07T20:22:00+02:00,,0.0,0,Oslo lufthavn,NBU:Line:cb7b555c-f96e-42d5-84bf-a5e08c0145c2,Radiumhospitalet via Økern-Storo-Tåsen,FB3,bus,NBU:ServiceJourney:995b4142-ade4-4aff-aac2-b2af761bcfca,False,planned,False,,,,,2026-09-08T00:20:52.129880+02:00
NSR:StopPlace:59650,Nyland stasjon,2026-09-07T20:29:00+02:00,2026-09-07T20:29:00+02:00,,0.0,0,Spikkestad,VYG:Line:L1,Spikkestad-Oslo S-Lillestrøm,L1,rail,VYG:ServiceJourney:2263_443691-R,False,planned,False,,,,,2026-09-08T00:20:52.129880+02:00
NSR:StopPlace:59650,Nyland stasjon,2026-09-07T20:36:00+02:00,2026-09-07T20:36:00+02:00,,0.0,0,Lillestrøm,VYG:Line:L1,Spikkestad-Oslo S-Lillestrøm,L1,rail,VYG:ServiceJourney:2162_443572-R,False,planned,False,,,,,2026-09-08T00:20:52.129880+02:00
NSR:StopPlace:59650,Nyland stasjon,2026-09-07T20:44:00+02:00,2026-09-07T20:44:00+02:00,,0.0,0,Asker,VYG:Line:L1,Spikkestad-Oslo S-Lillestrøm,L1,rail,VYG:ServiceJourney:2163_443573-R,False,planned,False,,,,,2026-09-08T00:20:52.129880+02:00
NSR:StopPlace:59650,Nyland stasjon,2026-09-07T20:51:00+02:00,2026-09-07T20:51:00+02:00,,0.0,0,Lillestrøm,VYG:Line:L1,Spikkestad-Oslo S-Lillestrøm,L1,rail,VYG:ServiceJourney:2264_445363-R,False,planned,False,,,,,2026-09-08T00:20:52.129880+02:00
NSR:StopPlace:59650,Nyland stasjon,2026-09-07T20:52:00+02:00,2026-09-07T20:52:00+02:00,,0.0,0,Oslo lufthavn,NBU:Line:cb7b555c-f96e-42d5-84bf-a5e08c0145c2,Radiumhospitalet via Økern-Storo-Tåsen,FB3,bus,NBU:ServiceJourney:3b15e1c2-9706-40f9-8c19-c69cc72656cd,False,planned,False,,,,,2026-09-08T00:20:52.129880+02:00
NSR:StopPlace:59650,Nyland stasjon,2026-09-07T20:59:00+02:00,2026-09-07T20:59:00+02:00,,0.0,0,Spikkestad,VYG:Line:L1,Spikkestad-Oslo S-Lillestrøm,L1,rail,VYG:ServiceJourney:2265_443694-R,False,planned,False,,,,,2026-09-08T00:20:52.129880+02:00
NSR:StopPlace:59650,Nyland stasjon,2026-09-07T21:06:00+02:00,2026-09-07T21:06:00+02:00,,0.0,0,Lillestrøm,VYG:Line:L1,Spikkestad-Oslo S-Lillestrøm,L1,rail,VYG:ServiceJourney:2164_443574-R,False,planned,False,,,,,2026-09-08T00:20:52.129880+02:00
NSR:StopPlace:59650,Nyland stasjon,2026-09-07T21:14:00+02:00,2026-09-07T21:14:00+02:00,,0.0,0,Asker,VYG:Line:L1,Spikkestad-Oslo S-Lillestrøm,L1,rail,VYG:ServiceJourney:2165_443575-R,False,planned,False,,,,,2026-09-08T00:20:52.129880+02:00
NSR:StopPlace:59650,Nyland stasjon,2026-09-07T21:21:00+02:00,2026-09-07T21:21:00+02:00,,0.0,0,Lillestrøm,VYG:Line:L1,Spikkestad-Oslo S-Lillestrøm,L1,rail,VYG:ServiceJourney:2266_443696-R,False,planned,False,,,,,2026-09-08T00:20:52.129880+02:00
NSR:StopPlace:59650,Nyland stasjon,2026-09-07T21:22:00+02:00,2026-09-07T21:22:00+02:00,,0.0,0,Oslo lufthavn,NBU:Line:cb7b555c-f96e-42d5-84bf-a5e08c0145c2,Radiumhospitalet via Økern-Storo-Tåsen,FB3,bus,NBU:ServiceJourney:a78622de-dbf1-4a47-935f-47e6232c274c,False,planned,False,,,,,2026-09-08T00:20:52.129880+02:00
NSR:StopPlace:59650,Nyland stasjon,2026-09-07T21:36:00+02:00,2026-09-07T21:36:00+02:00,,0.0,0,Lillestrøm,VYG:Line:L1,Spikkestad-Oslo S-Lillestrøm,L1,rail,VYG:ServiceJourney:2166_443576-R,False,planned,False,,,,,2026-09-08T00:20:52.129880+02:00
NSR:StopPlace:59650,Nyland stasjon,2026-09-07T21:51:00+02:00,2026-09-07T21:51:00+02:00,,0.0,0,Lillestrøm,VYG:Line:L1,Spikkestad-Oslo S-Lillestrøm,L1,rail,VYG:ServiceJourney:2268_445367-R,False,planned,False,,,,,2026-09-08T00:20:52.129880+02:00
NSR:StopPlace:59651,Skøyen stasjon,2026-09-07T20:21:00+02:00,2026-09-07T20:21:00+02:00,,0.0,0,Snarøya,RUT:Line:31,Snarøya - Fornebu - Tonsenhagen - Grorud,31,bus,RUT:ServiceJourney:a3c3ed70abce36f8c31f4e136881bb3a,False,planned,False,,,,,2026-09-08T00:20:52.129880+02:00
NSR:StopPlace:59651,Skøyen stasjon,2026-09-07T20:21:00+02:00,2026-09-07T20:21:00+02:00,,0.0,0,Skøyen,RUT:Line:140,Bekkestua - Østerås - Skøyen,140,bus,RUT:ServiceJourney:3ca1dd10bba41c4c0c68072f2c04cfd0,False,planned,False,,,,,2026-09-08T00:20:52.129880+02:00
NSR:StopPlace:59651,Skøyen stasjon,2026-09-07T20:23:00+02:00,2026-09-07T20:23:00+02:00,,0.0,0,Stabekk,VYG:Line:L2,Stabekk-Oslo S-Ski,L2,rail,VYG:ServiceJourney:2764-SKI_443980-R,False,planned,False,,,,,2026-09-08T00:20:52.129880+02:00
NSR:StopPlace:59651,Skøyen stasjon,2026-09-07T20:23:00+02:00,2026-09-07T20:23:00+02:00,,0.0,0,Galgeberg,RUT:Line:20,Skøyen - Galgeberg,20,bus,RUT:ServiceJourney:07e7879a58a015f6e0680ab8435ef0fd,False,planned,False,,,,,2026-09-08T00:20:52.129880+02:00
NSR:StopPlace:59651,Skøyen stasjon,2026-09-07T20:24:00+02:00,2026-09-07T20:24:00+02:00,,0.0,0,Grorud T,RUT:Line:31,Snarøya - Fornebu - Tonsenhagen - Grorud,31,bus,RUT:ServiceJourney:7256ab8372e413ddd79e51cdea81d27b,False,planned,False,,,,,2026-09-08T00:20:52.129880+02:00
NSR:StopPlace:59651,Skøyen stasjon,2026-09-07T20:25:00+02:00,2026-09-07T20:25:00+02:00,,0.0,0,Lilleaker,RUT:Line:3013,Buss for linje 13,13B,bus,RUT:ServiceJourney:7a082743a3cd8d73c00ee9982306fee2,False,planned,False,Linje 13: Buss for trikk mellom Thune og Lilleaker ,Vi kjører buss for trikk (linje 13B) mellom Thune og Lilleaker. Bussen stopper ikke på Sollerud. 13B betjener Thune fra midlertidig holdeplass i Drammensveien,incident,normal,2026-09-08T00:20:52.129880+02:00
NSR:StopPlace:59651,Skøyen stasjon,2026-09-07T20:25:00+02:00,2026-09-07T20:25:00+02:00,,0.0,0,Drammen,VYG:Line:R13,Drammen-Oslo S-Dal,R13,rail,VYG:ServiceJourney:1660_443344-R,False,planned,False,,,,,2026-09-08T00:20:52.129880+02:00
NSR:StopPlace:59651,Skøyen stasjon,2026-09-07T20:26:00+02:00,2026-09-07T20:26:00+02:00,,0.0,0,Skøyen,RUT:Line:3013,Buss for linje 13,13B,bus,RUT:ServiceJourney:b51a395a585e3f860b7d1ba641f51ebf,False,planned,False,Linje 13: Buss for trikk mellom Thune og Lilleaker ,Vi kjører buss for trikk (linje 13B) mellom Thune og Lilleaker. Bussen stopper ikke på Sollerud. 13B betjener Thune fra midlertidig holdeplass i Drammensveien,incident,normal,2026-09-08T00:20:52.129880+02:00
NSR:StopPlace:59651,Skøyen stasjon,2026-09-07T20:28:00+02:00,2026-09-07T20:28:00+02:00,,0.0,0,Fornebu,RUT:Line:31,Snarøya - Fornebu - Tonsenhagen - Grorud,31,bus,RUT:ServiceJourney:d8e387d7ea3e840a4e5dac54e0e34ba2,False,planned,False,,,,,2026-09-08T00:20:52.129880+02:00
NSR:StopPlace:59651,Skøyen stasjon,2026-09-07T20:29:00+02:00,2026-09-07T20:29:00+02:00,,0.0,0,Oslo Lufthavn,FLT:Line:FLY1,FLY1,FLY1,rail,FLT:ServiceJourney:1-2614-3797-20260907,False,planned,False,,,,,2026-09-08T00:20:52.129880+02:00
NSR:StopPlace:59651,Skøyen stasjon,2026-09-07T20:29:00+02:00,2026-09-07T20:29:00+02:00,,0.0,0,Skøyen,RUT:Line:130,Sandvika -Skøyen,130,bus,RUT:ServiceJourney:bd612a00cf2b563912ffc2032e7cb36e,False,planned,False,,,,,2026-09-08T00:20:52.129880+02:00
NSR:StopPlace:59651,Skøyen stasjon,2026-09-07T20:31:00+02:00,2026-09-07T20:31:00+02:00,,0.0,0,Galgeberg,RUT:Line:20,Skøyen - Galgeberg,20,bus,RUT:ServiceJourney:572f58eaf63bde62a280c538f60a0bc8,False,planned,False,,,,,2026-09-08T00:20:52.129880+02:00
NSR:StopPlace:59651,Skøyen stasjon,2026-09-07T20:32:00+02:00,2026-09-07T20:32:00+02:00,,0.0,0,Lillestrøm,VYG:Line:L1,Spikkestad-Oslo S-Lillestrøm,L1,rail,VYG:ServiceJourney:2264_445363-R,False,planned,False,,,,,2026-09-08T00:20:52.129880+02:00
NSR:StopPlace:59651,Skøyen stasjon,2026-09-07T20:32:00+02:00,2026-09-07T20:32:00+02:00,,0.0,0,Tonsenhagen,RUT:Line:31,Snarøya - Fornebu - Tonsenhagen - Grorud,31,bus,RUT:ServiceJourney:75b9e2659d05958b33c21fcc2967e9bf,False,planned,False,,,,,2026-09-08T00:20:52.129880+02:00
NSR:StopPlace:59651,Skøyen stasjon,2026-09-07T20:33:00+02:00,2026-09-07T20:33:00+02:00,,0.0,0,Asker,VYG:Line:L1,Spikkestad-Oslo S-Lillestrøm,L1,rail,VYG:ServiceJourney:2161_443571-R,False,planned,False,,,,,2026-09-08T00:20:52.129880+02:00
NSR:StopPlace:59651,Skøyen stasjon,2026-09-07T20:33:00+02:00,2026-09-07T20:33:00+02:00,,0.0,0,Sandvika,RUT:Line:130,Sandvika -Skøyen,130,bus,RUT:ServiceJourney:c750f6df04e138849edd48b4af84c335,False,planned,False,,,,,2026-09-08T00:20:52.129880+02:00
NSR:StopPlace:59651,Skøyen stasjon,2026-09-07T20:34:00+02:00,2026-09-07T20:34:00+02:00,,0.0,0,Dal,VYG:Line:R13,Drammen-Oslo S-Dal,R13,rail,VYG:ServiceJourney:1663_443349-R,False,planned,False,,,,,2026-09-08T00:20:52.129880+02:00
NSR:StopPlace:59651,Skøyen stasjon,2026-09-07T20:35:00+02:00,2026-09-07T20:35:00+02:00,,0.0,0,Drammen,VYG:Line:RE10,Drammen-Oslo S-Lillehammer,RE10,rail,VYG:ServiceJourney:330-LHM_444236-R,False,planned,False,,,,,2026-09-08T00:20:52.129880+02:00
NSR:StopPlace:59651,Skøyen stasjon,2026-09-07T20:36:00+02:00,2026-09-07T20:36:00+02:00,,0.0,0,Ski,VYG:Line:L2,Stabekk-Oslo S-Ski,L2,rail,VYG:ServiceJourney:2763-HVK_443979-R,False,planned,False,,,,,2026-09-08T00:20:52.129880+02:00
NSR:StopPlace:59651,Skøyen stasjon,2026-09-07T20:36:00+02:00,2026-09-07T20:36:00+02:00,,0.0,0,Snarøya,RUT:Line:31,Snarøya - Fornebu - Tonsenhagen - Grorud,31,bus,RUT:ServiceJourney:91462a600ed953db2aa16fb4511d74db,False,planned,False,,,,,2026-09-08T00:20:52.129880+02:00
NSR:StopPlace:59651,Skøyen stasjon,2026-09-07T20:38:00+02:00,2026-09-07T20:38:00+02:00,,0.0,0,Galgeberg,RUT:Line:20,Skøyen - Galgeberg,20,bus,RUT:ServiceJourney:fc86673f2df3be32d089ec06fa550a96,False,planned,False,,,,,2026-09-08T00:20:52.129880+02:00
NSR:StopPlace:59651,Skøyen stasjon,2026-09-07T20:39:00+02:00,2026-09-07T20:39:00+02:00,,0.0,0,Grorud T,RUT:Line:31,Snarøya - Fornebu - Tonsenhagen - Grorud,31,bus,RUT:ServiceJourney:0bcd842ea82a6af49d7ac1056f52e218,False,planned,False,,,,,2026-09-08T00:20:52.129880+02:00
NSR:StopPlace:59651,Skøyen stasjon,2026-09-07T20:40:00+02:00,2026-09-07T20:40:00+02:00,,0.0,0,Lilleaker,RUT:Line:3013,Buss for linje 13,13B,bus,RUT:ServiceJourney:957da12a2ec50a73876c056237fd7e73,False,planned,False,Linje 13: Buss for trikk mellom Thune og Lilleaker ,Vi kjører buss for trikk (linje 13B) mellom Thune og Lilleaker. Bussen stopper ikke på Sollerud. 13B betjener Thune fra midlertidig holdeplass i Drammensveien,incident,normal,2026-09-08T00:20:52.129880+02:00
NSR:StopPlace:59651,Skøyen stasjon,2026-09-07T20:40:00+02:00,2026-09-07T20:40:00+02:00,,0.0,0,Oslo Lufthavn,FLT:Line:FLY2,FLY2,FLY2,rail,FLT:ServiceJourney:1-2614-3595-20260907,False,planned,False,,,,,2026-09-08T00:20:52.129880+02:00
NSR:StopPlace:59651,Skøyen stasjon,2026-09-07T20:40:00+02:00,2026-09-07T20:40:00+02:00,,0.0,0,Bekkestua via Østerås,RUT:Line:140,Bekkestua - Østerås - Skøyen,140,bus,RUT:ServiceJourney:9196783ed25000e3e0a1bb0dda48db4e,False,planned,False,,,,,2026-09-08T00:20:52.129880+02:00
NSR:StopPlace:59651,Skøyen stasjon,2026-09-07T20:41:00+02:00,2026-09-07T20:41:00+02:00,,0.0,0,Skøyen,RUT:Line:3013,Buss for linje 13,13B,bus,RUT:ServiceJourney:658eb76768c976a2176a388a71ab1511,False,planned,False,Linje 13: Buss for trikk mellom Thune og Lilleaker ,Vi kjører buss for trikk (linje 13B) mellom Thune og Lilleaker. Bussen stopper ikke på Sollerud. 13B betjener Thune fra midlertidig holdeplass i Drammensveien,incident,normal,2026-09-08T00:20:52.129880+02:00
NSR:StopPlace:59651,Skøyen stasjon,2026-09-07T20:42:00+02:00,2026-09-07T20:42:00+02:00,,0.0,0,Moss,VYG:Line:R21,Stabekk-Oslo S-Moss,R21,rail,VYG:ServiceJourney:1163-HVK_443054-R,False,planned,False,,,,,2026-09-08T00:20:52.129880+02:00
NSR:StopPlace:59651,Skøyen stasjon,2026-09-07T20:43:00+02:00,2026-09-07T20:43:00+02:00,,0.0,0,Stabekk,VYG:Line:R21,Stabekk-Oslo S-Moss,R21,rail,VYG:ServiceJourney:1164-MOS_443055-R,False,planned,False,,,,,2026-09-08T00:20:52.129880+02:00
NSR:StopPlace:59651,Skøyen stasjon,2026-09-07T20:43:00+02:00,2026-09-07T20:43:00+02:00,,0.0,0,Fornebu,RUT:Line:31,Snarøya - Fornebu - Tonsenhagen - Grorud,31,bus,RUT:ServiceJourney:361c1369c613b2e29b76508a635f6844,False,planned,False,,,,,2026-09-08T00:20:52.129880+02:00
NSR:StopPlace:59651,Skøyen stasjon,2026-09-07T20:44:00+02:00,2026-09-07T20:44:00+02:00,,0.0,0,Eidsvoll,VYG:Line:R12,Kongsberg-Oslo S-Eidsvoll,R12,rail,VYG:ServiceJourney:532_444341-R,False,planned,False,,,,,2026-09-08T00:20:52.129880+02:00
NSR:StopPlace:59651,Skøyen stasjon,2026-09-07T20:46:00+02:00,2026-09-07T20:46:00+02:00,,0.0,0,Lillestrøm,VYG:Line:L1,Spikkestad-Oslo S-Lillestrøm,L1,rail,VYG:ServiceJourney:2164_443574-R,False,planned,False,,,,,2026-09-08T00:20:52.129880+02:00
NSR:StopPlace:59651,Skøyen stasjon,2026-09-07T20:46:00+02:00,2026-09-07T20:46:00+02:00,,0.0,0,Galgeberg,RUT:Line:20,Skøyen - Galgeberg,20,bus,RUT:ServiceJourney:926d62532a62aa82d126e8e4e17a88d8,False,planned,False,,,,,2026-09-08T00:20:52.129880+02:00
NSR:StopPlace:59651,Skøyen stasjon,2026-09-07T20:47:00+02:00,2026-09-07T20:47:00+02:00,,0.0,0,Spikkestad,VYG:Line:L1,Spikkestad-Oslo S-Lillestrøm,L1,rail,VYG:ServiceJourney:2263_443691-R,False,planned,False,,,,,2026-09-08T00:20:52.129880+02:00
NSR:StopPlace:59651,Skøyen stasjon,2026-09-07T20:47:00+02:00,2026-09-07T20:47:00+02:00,,0.0,0,Tonsenhagen,RUT:Line:31,Snarøya - Fornebu - Tonsenhagen - Grorud,31,bus,RUT:ServiceJourney:b890082c8f7dc42cddadc7835442b200,False,planned,False,,,,,2026-09-08T00:20:52.129880+02:00
NSR:StopPlace:59651,Skøyen stasjon,2026-09-07T20:49:00+02:00,2026-09-07T20:49:00+02:00,,0.0,0,Oslo Lufthavn,FLT:Line:FLY1,FLY1,FLY1,rail,FLT:ServiceJourney:1-2614-3799-20260907,False,planned,False,,,,,2026-09-08T00:20:52.129880+02:00
NSR:StopPlace:59651,Skøyen stasjon,2026-09-07T20:51:00+02:00,2026-09-07T20:51:00+02:00,,0.0,0,Snarøya,RUT:Line:31,Snarøya - Fornebu - Tonsenhagen - Grorud,31,bus,RUT:ServiceJourney:43fd1cdf0976fe6b54e7607d94d07bd1,False,planned,False,,,,,2026-09-08T00:20:52.129880+02:00
NSR:StopPlace:59651,Skøyen stasjon,2026-09-07T20:51:00+02:00,2026-09-07T20:51:00+02:00,,0.0,0,Skøyen,RUT:Line:140,Bekkestua - Østerås - Skøyen,140,bus,RUT:ServiceJourney:f4941920e7ee99f38fe2f38fe58da5c0,False,planned,False,,,,,2026-09-08T00:20:52.129880+02:00
NSR:StopPlace:59651,Skøyen stasjon,2026-09-07T20:52:00+02:00,2026-09-07T20:52:00+02:00,,0.0,0,Ski,VYG:Line:L2,Stabekk-Oslo S-Ski,L2,rail,VYG:ServiceJourney:2863-BES_488395-R,False,planned,False,,,,,2026-09-08T00:20:52.129880+02:00
NSR:StopPlace:59651,Skøyen stasjon,2026-09-07T20:53:00+02:00,2026-09-07T20:53:00+02:00,,0.0,0,Stabekk,VYG:Line:L2,Stabekk-Oslo S-Ski,L2,rail,VYG:ServiceJourney:2766-SKI_443983-R,False,planned,False,,,,,2026-09-08T00:20:52.129880+02:00
NSR:StopPlace:59651,Skøyen stasjon,2026-09-07T20:53:00+02:00,2026-09-07T20:53:00+02:00,,0.0,0,Galgeberg,RUT:Line:20,Skøyen - Galgeberg,20,bus,RUT:ServiceJourney:d3ad459066270f5cbc60ceb6176e9394,False,planned,False,,,,,2026-09-08T00:20:52.129880+02:00
NSR:StopPlace:59651,Skøyen stasjon,2026-09-07T20:54:00+02:00,2026-09-07T20:54:00+02:00,,0.0,0,Grorud T,RUT:Line:31,Snarøya - Fornebu - Tonsenhagen - Grorud,31,bus,RUT:ServiceJourney:0fb96f729195dd1d315ab17103c515e9,False,planned,False,,,,,2026-09-08T00:20:52.129880+02:00
NSR:StopPlace:59651,Skøyen stasjon,2026-09-07T20:55:00+02:00,2026-09-07T20:55:00+02:00,,0.0,0,Lilleaker,RUT:Line:3013,Buss for linje 13,13B,bus,RUT:ServiceJourney:97dcb49888806345ff061213e5eec1ae,False,planned,False,Linje 13: Buss for trikk mellom Thune og Lilleaker ,Vi kjører buss for trikk (linje 13B) mellom Thune og Lilleaker. Bussen stopper ikke på Sollerud. 13B betjener Thune fra midlertidig holdeplass i Drammensveien,incident,normal,2026-09-08T00:20:52.129880+02:00
NSR:StopPlace:59651,Skøyen stasjon,2026-09-07T20:55:00+02:00,2026-09-07T20:55:00+02:00,,0.0,0,Drammen,VYG:Line:R13,Drammen-Oslo S-Dal,R13,rail,VYG:ServiceJourney:1662_443348-R,False,planned,False,,,,,2026-09-08T00:20:52.129880+02:00
NSR:StopPlace:59651,Skøyen stasjon,2026-09-07T20:56:00+02:00,2026-09-07T20:56:00+02:00,,0.0,0,Skøyen,RUT:Line:3013,Buss for linje 13,13B,bus,RUT:ServiceJourney:9b0f414117ec68334d370efe419fb82f,False,planned,False,Linje 13: Buss for trikk mellom Thune og Lilleaker ,Vi kjører buss for trikk (linje 13B) mellom Thune og Lilleaker. Bussen stopper ikke på Sollerud. 13B betjener Thune fra midlertidig holdeplass i Drammensveien,incident,normal,2026-09-08T00:20:52.129880+02:00
NSR:StopPlace:59651,Skøyen stasjon,2026-09-07T20:58:00+02:00,2026-09-07T20:58:00+02:00,,0.0,0,Fornebu,RUT:Line:31,Snarøya - Fornebu - Tonsenhagen - Grorud,31,bus,RUT:ServiceJourney:849e5e32f6d9d5a081610edbeb752cc6,False,planned,False,,,,,2026-09-08T00:20:52.129880+02:00
NSR:StopPlace:59651,Skøyen stasjon,2026-09-07T20:59:00+02:00,2026-09-07T20:59:00+02:00,,0.0,0,Skøyen,RUT:Line:130,Sandvika -Skøyen,130,bus,RUT:ServiceJourney:4aef316a2d004603e6cbe664f0caae12,False,planned,False,,,,,2026-09-08T00:20:52.129880+02:00
NSR:StopPlace:59651,Skøyen stasjon,2026-09-07T21:00:00+02:00,2026-09-07T21:00:00+02:00,,0.0,0,Oslo Lufthavn,FLT:Line:FLY2,FLY2,FLY2,rail,FLT:ServiceJourney:1-2614-3597-20260907,False,planned,False,,,,,2026-09-08T00:20:52.129880+02:00
NSR:StopPlace:59652,Tøyen stasjon,2026-09-07T21:14:00+02:00,2026-09-07T21:14:00+02:00,,0.0,0,Vippetangen,RUT:Line:60,Vippetangen-Tonsenhagen,60,bus,RUT:ServiceJourney:e01c7fbc414ce4f8fcadb03fc387d159,False,planned,False,,,,,2026-09-08T00:20:52.129880+02:00
NSR:StopPlace:59652,Tøyen stasjon,2026-09-07T21:27:00+02:00,2026-09-07T21:27:00+02:00,,0.0,0,Tonsenhagen,RUT:Line:60,Vippetangen-Tonsenhagen,60,bus,RUT:ServiceJourney:ad6a1b21054680865163cfbac6b77338,False,planned,False,,,,,2026-09-08T00:20:52.129880+02:00
NSR:StopPlace:59652,Tøyen stasjon,2026-09-07T21:44:00+02:00,2026-09-07T21:44:00+02:00,,0.0,0,Vippetangen,RUT:Line:60,Vippetangen-Tonsenhagen,60,bus,RUT:ServiceJourney:b607fb9c0046800c387eba3acb09ecdd,False,planned,False,,,,,2026-09-08T00:20:52.129880+02:00
NSR:StopPlace:59652,Tøyen stasjon,2026-09-07T21:57:00+02:00,2026-09-07T21:57:00+02:00,,0.0,0,Tonsenhagen,RUT:Line:60,Vippetangen-Tonsenhagen,60,bus,RUT:ServiceJourney:7e33ffc77e8fa42dea9731809ad335ae,False,planned,False,,,,,2026-09-08T00:20:52.129880+02:00
NSR:StopPlace:59653,Haugenstua stasjon,2026-09-07T21:40:00+02:00,2026-09-07T21:40:00+02:00,,0.0,0,Lillestrøm,VYG:Line:L1,Spikkestad-Oslo S-Lillestrøm,L1,rail,VYG:ServiceJourney:2166_443576-R,False,planned,False,,,,,2026-09-08T00:20:52.129880+02:00
NSR:StopPlace:59653,Haugenstua stasjon,2026-09-07T21:55:00+02:00,2026-09-07T21:55:00+02:00,,0.0,0,Lillestrøm,VYG:Line:L1,Spikkestad-Oslo S-Lillestrøm,L1,rail,VYG:ServiceJourney:2268_445367-R,False,planned,False,,,,,2026-09-08T00:20:52.129880+02:00
NSR:StopPlace:59654,Stabekk stasjon,2026-09-07T20:22:00+02:00,2026-09-07T20:22:00+02:00,,0.0,0,Nationaltheatret,RUT:Line:150,Gullhaug - Nationaltheatret,150,bus,RUT:ServiceJourney:99d5308f65de03aa1d470720d053663e,False,planned,False,,,,,2026-09-08T00:20:52.129880+02:00
NSR:StopPlace:59654,Stabekk stasjon,2026-09-07T20:24:00+02:00,2026-09-07T20:24:00+02:00,,0.0,0,Spikkestad,VYG:Line:L1,Spikkestad-Oslo S-Lillestrøm,L1,rail,VYG:ServiceJourney:2261_443688-R,False,planned,False,,,,,2026-09-08T00:20:52.129880+02:00
NSR:StopPlace:59654,Stabekk stasjon,2026-09-07T20:24:00+02:00,2026-09-07T20:24:00+02:00,,0.0,0,Gullhaug,RUT:Line:150,Gullhaug - Nationaltheatret,150,bus,RUT:ServiceJourney:b521ad68be198c9b81f19d4af843beda,False,planned,False,Holdeplass Stabekk stasjon i retning mot Bekkestua er flyttet ca. 50 meter bakover.,Dette skyldes anleggsarbeid i området.,incident,normal,2026-09-08T00:20:52.129880+02:00
NSR:StopPlace:59654,Stabekk stasjon,2026-09-07T20:26:00+02:00,2026-09-07T20:26:00+02:00,,0.0,0,Lillestrøm,VYG:Line:L1,Spikkestad-Oslo S-Lillestrøm,L1,rail,VYG:ServiceJourney:2264_445363-R,False,planned,False,,,,,2026-09-08T00:20:52.129880+02:00
NSR:StopPlace:59654,Stabekk stasjon,2026-09-07T20:30:00+02:00,2026-09-07T20:30:00+02:00,,0.0,0,Ski,VYG:Line:L2,Stabekk-Oslo S-Ski,L2,rail,VYG:ServiceJourney:2763-HVK_443979-R,False,planned,False,,,,,2026-09-08T00:20:52.129880+02:00
NSR:StopPlace:59654,Stabekk stasjon,2026-09-07T20:33:00+02:00,2026-09-07T20:33:00+02:00,,0.0,0,Oslo Lufthavn,FLT:Line:FLY2,FLY2,FLY2,rail,FLT:ServiceJourney:1-2614-3595-20260907,False,planned,False,,,,,2026-09-08T00:20:52.129880+02:00
NSR:StopPlace:59654,Stabekk stasjon,2026-09-07T20:36:00+02:00,2026-09-07T20:36:00+02:00,,0.0,0,Moss,VYG:Line:R21,Stabekk-Oslo S-Moss,R21,rail,VYG:ServiceJourney:1163-HVK_443054-R,False,planned,False,,,,,2026-09-08T00:20:52.129880+02:00
NSR:StopPlace:59654,Stabekk stasjon,2026-09-07T20:37:00+02:00,2026-09-07T20:37:00+02:00,,0.0,0,Nationaltheatret,RUT:Line:150,Gullhaug - Nationaltheatret,150,bus,RUT:ServiceJourney:65b8737ca40eb366d76a2b89de13df3d,False,planned,False,,,,,2026-09-08T00:20:52.129880+02:00
NSR:StopPlace:59654,Stabekk stasjon,2026-09-07T20:39:00+02:00,2026-09-07T20:39:00+02:00,,0.0,0,Gullhaug,RUT:Line:150,Gullhaug - Nationaltheatret,150,bus,RUT:ServiceJourney:d3b404a5552418f4329551046dbb8570,False,planned,False,Holdeplass Stabekk stasjon i retning mot Bekkestua er flyttet ca. 50 meter bakover.,Dette skyldes anleggsarbeid i området.,incident,normal,2026-09-08T00:20:52.129880+02:00
NSR:StopPlace:59654,Stabekk stasjon,2026-09-07T20:40:00+02:00,2026-09-07T20:40:00+02:00,,0.0,0,Lillestrøm,VYG:Line:L1,Spikkestad-Oslo S-Lillestrøm,L1,rail,VYG:ServiceJourney:2164_443574-R,False,planned,False,,,,,2026-09-08T00:20:52.129880+02:00
NSR:StopPlace:59654,Stabekk stasjon,2026-09-07T20:40:00+02:00,2026-09-07T20:40:00+02:00,,0.0,0,Asker,VYG:Line:L1,Spikkestad-Oslo S-Lillestrøm,L1,rail,VYG:ServiceJourney:2161_443571-R,False,planned,False,,,,,2026-09-08T00:20:52.129880+02:00
NSR:StopPlace:59654,Stabekk stasjon,2026-09-07T20:52:00+02:00,2026-09-07T20:52:00+02:00,,0.0,0,Nationaltheatret,RUT:Line:150,Gullhaug - Nationaltheatret,150,bus,RUT:ServiceJourney:c4cc27b3a61e29976f18344886be8046,False,planned,False,,,,,2026-09-08T00:20:52.129880+02:00
NSR:StopPlace:59654,Stabekk stasjon,2026-09-07T20:53:00+02:00,2026-09-07T20:53:00+02:00,,0.0,0,Oslo Lufthavn,FLT:Line:FLY2,FLY2,FLY2,rail,FLT:ServiceJourney:1-2614-3597-20260907,False,planned,False,,,,,2026-09-08T00:20:52.129880+02:00
NSR:StopPlace:59654,Stabekk stasjon,2026-09-07T20:54:00+02:00,2026-09-07T20:54:00+02:00,,0.0,0,Spikkestad,VYG:Line:L1,Spikkestad-Oslo S-Lillestrøm,L1,rail,VYG:ServiceJourney:2263_443691-R,False,planned,False,,,,,2026-09-08T00:20:52.129880+02:00
NSR:StopPlace:59654,Stabekk stasjon,2026-09-07T20:54:00+02:00,2026-09-07T20:54:00+02:00,,0.0,0,Gullhaug,RUT:Line:150,Gullhaug - Nationaltheatret,150,bus,RUT:ServiceJourney:26cd319af07383a6d49866f428b12174,False,planned,False,Holdeplass Stabekk stasjon i retning mot Bekkestua er flyttet ca. 50 meter bakover.,Dette skyldes anleggsarbeid i området.,incident,normal,2026-09-08T00:20:52.129880+02:00
NSR:StopPlace:59654,Stabekk stasjon,2026-09-07T20:56:00+02:00,2026-09-07T20:56:00+02:00,,0.0,0,Lillestrøm,VYG:Line:L1,Spikkestad-Oslo S-Lillestrøm,L1,rail,VYG:ServiceJourney:2266_443696-R,False,planned,False,,,,,2026-09-08T00:20:52.129880+02:00
NSR:StopPlace:59654,Stabekk stasjon,2026-09-07T21:00:00+02:00,2026-09-07T21:00:00+02:00,,0.0,0,Ski,VYG:Line:L2,Stabekk-Oslo S-Ski,L2,rail,VYG:ServiceJourney:2765-HVK_443981-R,False,planned,False,,,,,2026-09-08T00:20:52.129880+02:00
NSR:StopPlace:59654,Stabekk stasjon,2026-09-07T21:06:00+02:00,2026-09-07T21:06:00+02:00,,0.0,0,Moss,VYG:Line:R21,Stabekk-Oslo S-Moss,R21,rail,VYG:ServiceJourney:1165-HVK_443056-R,False,planned,False,,,,,2026-09-08T00:20:52.129880+02:00
NSR:StopPlace:59654,Stabekk stasjon,2026-09-07T21:09:00+02:00,2026-09-07T21:09:00+02:00,,0.0,0,Gullhaug,RUT:Line:150,Gullhaug - Nationaltheatret,150,bus,RUT:ServiceJourney:bb91abb022ea46fca09b1a217b1b4882,False,planned,False,Holdeplass Stabekk stasjon i retning mot Bekkestua er flyttet ca. 50 meter bakover.,Dette skyldes anleggsarbeid i området.,incident,normal,2026-09-08T00:20:52.129880+02:00
NSR:StopPlace:59654,Stabekk stasjon,2026-09-07T21:10:00+02:00,2026-09-07T21:10:00+02:00,,0.0,0,Lillestrøm,VYG:Line:L1,Spikkestad-Oslo S-Lillestrøm,L1,rail,VYG:ServiceJourney:2166_443576-R,False,planned,False,,,,,2026-09-08T00:20:52.129880+02:00
NSR:StopPlace:59654,Stabekk stasjon,2026-09-07T21:10:00+02:00,2026-09-07T21:10:00+02:00,,0.0,0,Asker,VYG:Line:L1,Spikkestad-Oslo S-Lillestrøm,L1,rail,VYG:ServiceJourney:2163_443573-R,False,planned,False,,,,,2026-09-08T00:20:52.129880+02:00
NSR:StopPlace:59654,Stabekk stasjon,2026-09-07T21:22:00+02:00,2026-09-07T21:22:00+02:00,,0.0,0,Nationaltheatret,RUT:Line:150,Gullhaug - Nationaltheatret,150,bus,RUT:ServiceJourney:4834f9f2ad200925f77c62e7c9a007fc,False,planned,False,,,,,2026-09-08T00:20:52.129880+02:00
NSR:StopPlace:59654,Stabekk stasjon,2026-09-07T21:24:00+02:00,2026-09-07T21:24:00+02:00,,0.0,0,Spikkestad,VYG:Line:L1,Spikkestad-Oslo S-Lillestrøm,L1,rail,VYG:ServiceJourney:2265_443694-R,False,planned,False,,,,,2026-09-08T00:20:52.129880+02:00
NSR:StopPlace:59654,Stabekk stasjon,2026-09-07T21:24:00+02:00,2026-09-07T21:24:00+02:00,,0.0,0,Gullhaug,RUT:Line:150,Gullhaug - Nationaltheatret,150,bus,RUT:ServiceJourney:e204dedd112302586e2662d1d860eb68,False,planned,False,Holdeplass Stabekk stasjon i retning mot Bekkestua er flyttet ca. 50 meter bakover.,Dette skyldes anleggsarbeid i området.,incident,normal,2026-09-08T00:20:52.129880+02:00
NSR:StopPlace:59654,Stabekk stasjon,2026-09-07T21:26:00+02:00,2026-09-07T21:26:00+02:00,,0.0,0,Lillestrøm,VYG:Line:L1,Spikkestad-Oslo S-Lillestrøm,L1,rail,VYG:ServiceJourney:2268_445367-R,False,planned,False,,,,,2026-09-08T00:20:52.129880+02:00
NSR:StopPlace:59654,Stabekk stasjon,2026-09-07T21:30:00+02:00,2026-09-07T21:30:00+02:00,,0.0,0,Ski,VYG:Line:L2,Stabekk-Oslo S-Ski,L2,rail,VYG:ServiceJourney:2767-HVK_443985-R,False,planned,False,,,,,2026-09-08T00:20:52.129880+02:00
NSR:StopPlace:59654,Stabekk stasjon,2026-09-07T21:33:00+02:00,2026-09-07T21:33:00+02:00,,0.0,0,Oslo Lufthavn,FLT:Line:FLY2,FLY2,FLY2,rail,FLT:ServiceJourney:1-2614-3601-20260907,False,planned,False,,,,,2026-09-08T00:20:52.129880+02:00
NSR:StopPlace:59654,Stabekk stasjon,2026-09-07T21:39:00+02:00,2026-09-07T21:39:00+02:00,,0.0,0,Gullhaug,RUT:Line:150,Gullhaug - Nationaltheatret,150,bus,RUT:ServiceJourney:8ee05bf0ddadccef07d8edb42e230fe3,False,planned,False,Holdeplass Stabekk stasjon i retning mot Bekkestua er flyttet ca. 50 meter bakover.,Dette skyldes anleggsarbeid i området.,incident,normal,2026-09-08T00:20:52.129880+02:00
NSR:StopPlace:59654,Stabekk stasjon,2026-09-07T21:40:00+02:00,2026-09-07T21:40:00+02:00,,0.0,0,Asker,VYG:Line:L1,Spikkestad-Oslo S-Lillestrøm,L1,rail,VYG:ServiceJourney:2165_443575-R,False,planned,False,,,,,2026-09-08T00:20:52.129880+02:00
NSR:StopPlace:59654,Stabekk stasjon,2026-09-07T21:52:00+02:00,2026-09-07T21:52:00+02:00,,0.0,0,Nationaltheatret,RUT:Line:150,Gullhaug - Nationaltheatret,150,bus,RUT:ServiceJourney:485830e6943c9c6727004e53502dc289,False,planned,False,,,,,2026-09-08T00:20:52.129880+02:00
NSR:StopPlace:59703,Åndalsnes stasjon,2026-09-07T21:40:00+02:00,2026-09-07T21:40:00+02:00,,0.0,0,Vestnes,MOR:Line:482,Åndalsnes - Vestnes,482,bus,MOR:ServiceJourney:482_116_9150000045100691,False,planned,False,,,,,2026-09-08T00:20:52.129880+02:00
NSR:StopPlace:60737,Bondivann stasjon,2026-09-07T21:49:00+02:00,2026-09-07T21:49:00+02:00,,0.0,0,Spikkestad,VYG:Line:L1,Spikkestad-Oslo S-Lillestrøm,L1,rail,VYG:ServiceJourney:2265_443694-R,False,planned,False,,,,,2026-09-08T00:20:52.129880+02:00
NSR:StopPlace:60735,Gullhella stasjon,2026-09-07T21:51:00+02:00,2026-09-07T21:51:00+02:00,,0.0,0,Spikkestad,VYG:Line:L1,Spikkestad-Oslo S-Lillestrøm,L1,rail,VYG:ServiceJourney:2265_443694-R,False,planned,False,,,,,2026-09-08T00:20:52.129880+02:00
NSR:StopPlace:59952,Drammen stasjon,2026-09-07T21:02:00+02:00,2026-09-07T21:02:00+02:00,,0.0,0,Oslo Lufthavn,FLT:Line:FLY1,FLY1,FLY1,rail,FLT:ServiceJourney:1-2614-3803-20260907,False,planned,False,,,,,2026-09-08T00:20:52.129880+02:00
NSR:StopPlace:59957,Klepp stasjon,2026-09-07T20:30:00+02:00,2026-09-07T20:30:00+02:00,,0.0,0,Stavanger,GOA:Line:59,Jærbanen,L5,rail,GOA:ServiceJourney:3063_63120-R,False,planned,False,,,,,2026-09-08T00:20:52.129880+02:00
NSR:StopPlace:59957,Klepp stasjon,2026-09-07T21:03:00+02:00,2026-09-07T21:03:00+02:00,,0.0,0,Stavanger,GOA:Line:59,Jærbanen,L5,rail,GOA:ServiceJourney:3065_63123-R,False,planned,False,,,,,2026-09-08T00:20:52.129880+02:00
NSR:StopPlace:59957,Klepp stasjon,2026-09-07T21:22:00+02:00,2026-09-07T21:22:00+02:00,,0.0,0,Egersund,GOA:Line:59,Jærbanen,L5,rail,GOA:ServiceJourney:3068_63129-R,False,planned,False,,,,,2026-09-08T00:20:52.129880+02:00
NSR:StopPlace:59957,Klepp stasjon,2026-09-07T21:27:00+02:00,2026-09-07T21:27:00+02:00,,0.0,0,Verdalen via Kleppekrossen,KOL:Line:8_2024,59,59,bus,KOL:ServiceJourney:2024_250903083241267_2038,False,planned,False,,,,,2026-09-08T00:20:52.129880+02:00
NSR:StopPlace:59957,Klepp stasjon,2026-09-07T21:32:00+02:00,2026-09-07T21:32:00+02:00,,0.0,0,Stavanger,GOA:Line:59,Jærbanen,L5,rail,GOA:ServiceJourney:3067_63127-R,False,planned,False,,,,,2026-09-08T00:20:52.129880+02:00
NSR:StopPlace:59957,Klepp stasjon,2026-09-07T21:52:00+02:00,2026-09-07T21:52:00+02:00,,0.0,0,Nærbø,GOA:Line:59,Jærbanen,L5,rail,GOA:ServiceJourney:3070_63131-R,False,planned,False,,,,,2026-09-08T00:20:52.129880+02:00
NSR:StopPlace:60944,Ski stasjon,2026-09-07T20:21:00+02:00,2026-09-07T20:21:00+02:00,,0.0,0,Kolbotn torg,RUT:Line:580,Kolbotn - Ski,580,bus,RUT:ServiceJourney:496ea797bb9c0ca97dd8d1bbddf80a37,False,planned,False,,,,,2026-09-08T00:20:52.129880+02:00
NSR:StopPlace:60944,Ski stasjon,2026-09-07T20:22:00+02:00,2026-09-07T20:22:00+02:00,,0.0,0,Stabekk,VYG:Line:R21,Stabekk-Oslo S-Moss,R21,rail,VYG:ServiceJourney:1164-MOS_443055-R,False,planned,False,,,,,2026-09-08T00:20:52.129880+02:00
NSR:StopPlace:60944,Ski stasjon,2026-09-07T20:24:00+02:00,2026-09-07T20:24:00+02:00,,0.0,0,Oslo S,VYG:Line:L2,Stabekk-Oslo S-Ski,L2,rail,VYG:ServiceJourney:2866_444109-R,False,planned,False,,,,,2026-09-08T00:20:52.129880+02:00
NSR:StopPlace:60944,Ski stasjon,2026-09-07T20:24:00+02:00,2026-09-07T20:24:00+02:00,,0.0,0,Bøleråsen,RUT:Line:510,Bøleråsen - Ski - Ås - Drøbak,510,bus,RUT:ServiceJourney:44906d10e1aefd035d1a758fa87edb6d,False,planned,False,,,,,2026-09-08T00:20:52.129880+02:00
NSR:StopPlace:60944,Ski stasjon,2026-09-07T20:26:00+02:00,2026-09-07T20:26:00+02:00,,0.0,0,Halden,VYG:Line:RE20,Oslo S-Halden-Göteborg (X-Border),RE20,rail,VYG:ServiceJourney:131_443132-R,False,planned,False,,,,,2026-09-08T00:20:52.129880+02:00
NSR:StopPlace:60944,Ski stasjon,2026-09-07T20:28:00+02:00,2026-09-07T20:28:00+02:00,,0.0,0,Oslo S,VYG:Line:RE20,Oslo S-Halden-Göteborg (X-Border),RE20,rail,VYG:ServiceJourney:132_443133-R,False,planned,False,,,,,2026-09-08T00:20:52.129880+02:00
NSR:StopPlace:60944,Ski stasjon,2026-09-07T20:29:00+02:00,2026-09-07T20:29:00+02:00,,0.0,0,Ski næringspark,RUT:Line:520,Vinterbro - Ski stasjon,520,bus,RUT:ServiceJourney:5a006809862509d304607bd049c044fd,False,planned,False,,,,,2026-09-08T00:20:52.129880+02:00
NSR:StopPlace:60944,Ski stasjon,2026-09-07T20:32:00+02:00,2026-09-07T20:32:00+02:00,,0.0,0,Drøbak - Seiersten,RUT:Line:510,Bøleråsen - Ski - Ås - Drøbak,510,bus,RUT:ServiceJourney:2a8450c475b374b8a805393ef20de345,False,planned,False,,,,,2026-09-08T00:20:52.129880+02:00
NSR:StopPlace:60944,Ski stasjon,2026-09-07T20:32:00+02:00,2026-09-07T20:32:00+02:00,,0.0,0,Oslo bussterminal,RUT:Line:515,Ski - Oslo,515,bus,RUT:ServiceJourney:e28aaa0454f4df3ddc7bb9b890129636,False,planned,False,,,,,2026-09-08T00:20:52.129880+02:00
NSR:StopPlace:60944,Ski stasjon,2026-09-07T20:34:00+02:00,2026-09-07T20:34:00+02:00,,0.0,0,Kråkstad,RUT:Line:525,Kråkstad - Ski - Kråkstad,525,bus,RUT:ServiceJourney:0381698b8bee61a10c704411feacd3cf,False,planned,False,,,,,2026-09-08T00:20:52.129880+02:00
NSR:StopPlace:60944,Ski stasjon,2026-09-07T20:35:00+02:00,2026-09-07T20:35:00+02:00,,0.0,0,Moss,VYG:Line:R21,Stabekk-Oslo S-Moss,R21,rail,VYG:ServiceJourney:1161-HVK_443050-R,False,planned,False,,,,,2026-09-08T00:20:52.129880+02:00
NSR:StopPlace:60944,Ski stasjon,2026-09-07T20:39:00+02:00,2026-09-07T20:39:00+02:00,,0.0,0,Kråkstad,RUT:Line:525,Kråkstad - Ski - Kråkstad,525,bus,RUT:ServiceJourney:0381698b8bee61a10c704411feacd3cf,False,planned,False,,,,,2026-09-08T00:20:52.129880+02:00
NSR:StopPlace:60944,Ski stasjon,2026-09-07T20:39:00+02:00,2026-09-07T20:39:00+02:00,,0.0,0,Stabekk,VYG:Line:L2,Stabekk-Oslo S-Ski,L2,rail,VYG:ServiceJourney:2768-SKI_443986-R,False,planned,False,,,,,2026-09-08T00:20:52.129880+02:00
NSR:StopPlace:60944,Ski stasjon,2026-09-07T20:39:00+02:00,2026-09-07T20:39:00+02:00,,0.0,0,Bøleråsen,RUT:Line:510,Bøleråsen - Ski - Ås - Drøbak,510,bus,RUT:ServiceJourney:68ac37cd5da02424cce74b4fae21ac26,False,planned,False,,,,,2026-09-08T00:20:52.129880+02:00
NSR:StopPlace:60944,Ski stasjon,2026-09-07T20:42:00+02:00,2026-09-07T20:42:00+02:00,,0.0,0,Vinterbro,RUT:Line:520,Vinterbro - Ski stasjon,520,bus,RUT:ServiceJourney:7adde293258ec3288697541afe0d7004,False,planned,False,,,,,2026-09-08T00:20:52.129880+02:00
NSR:StopPlace:60944,Ski stasjon,2026-09-07T20:44:00+02:00,2026-09-07T20:44:00+02:00,,0.0,0,Ski næringspark,RUT:Line:520,Vinterbro - Ski stasjon,520,bus,RUT:ServiceJourney:01624b8ea0f594200e148211aa3f0550,False,planned,False,,,,,2026-09-08T00:20:52.129880+02:00
NSR:StopPlace:60944,Ski stasjon,2026-09-07T20:44:00+02:00,2026-09-07T20:44:00+02:00,,0.0,0,Oslo S,VYG:Line:R22,Skøyen-Oslo S-Mysen-Rakkestad,R22,rail,VYG:ServiceJourney:1934_443488-R,False,planned,False,,,,,2026-09-08T00:20:52.129880+02:00
NSR:StopPlace:60944,Ski stasjon,2026-09-07T20:46:00+02:00,2026-09-07T20:46:00+02:00,,0.0,0,Hebekk / Finstad,RUT:Line:525,Kråkstad - Ski - Kråkstad,525,bus,RUT:ServiceJourney:d4c652bb32bbc98b51ad8081c1d82ca2,False,planned,False,,,,,2026-09-08T00:20:52.129880+02:00
NSR:StopPlace:60944,Ski stasjon,2026-09-07T20:47:00+02:00,2026-09-07T20:47:00+02:00,,0.0,0,Drøbak - Frogn vgs.,RUT:Line:510,Bøleråsen - Ski - Ås - Drøbak,510,bus,RUT:ServiceJourney:5a5b590da2fcef88fb09636a33ca6129,False,planned,False,,,,,2026-09-08T00:20:52.129880+02:00
NSR:StopPlace:60944,Ski stasjon,2026-09-07T20:51:00+02:00,2026-09-07T20:51:00+02:00,,0.0,0,Kolbotn torg,RUT:Line:580,Kolbotn - Ski,580,bus,RUT:ServiceJourney:2df4b2f9833aa53f8610c09f2071c039,False,planned,False,,,,,2026-09-08T00:20:52.129880+02:00
NSR:StopPlace:60944,Ski stasjon,2026-09-07T20:52:00+02:00,2026-09-07T20:52:00+02:00,,0.0,0,Stabekk,VYG:Line:R21,Stabekk-Oslo S-Moss,R21,rail,VYG:ServiceJourney:1166-MOS_443058-R,False,planned,False,,,,,2026-09-08T00:20:52.129880+02:00
NSR:StopPlace:60944,Ski stasjon,2026-09-07T20:54:00+02:00,2026-09-07T20:54:00+02:00,,0.0,0,Skøyen,VYG:Line:L2,Stabekk-Oslo S-Ski,L2,rail,VYG:ServiceJourney:2868-SKI_488398-R,False,planned,False,,,,,2026-09-08T00:20:52.129880+02:00
NSR:StopPlace:60944,Ski stasjon,2026-09-07T20:54:00+02:00,2026-09-07T20:54:00+02:00,,0.0,0,Bøleråsen,RUT:Line:510,Bøleråsen - Ski - Ås - Drøbak,510,bus,RUT:ServiceJourney:ea4d93a8749daba837d4b7a803004245,False,planned,False,,,,,2026-09-08T00:20:52.129880+02:00
NSR:StopPlace:60944,Ski stasjon,2026-09-07T20:59:00+02:00,2026-09-07T20:59:00+02:00,,0.0,0,Ski næringspark,RUT:Line:520,Vinterbro - Ski stasjon,520,bus,RUT:ServiceJourney:606ede9696d3a37e48dbc0c30fb28984,False,planned,False,,,,,2026-09-08T00:20:52.129880+02:00
NSR:StopPlace:60944,Ski stasjon,2026-09-07T21:02:00+02:00,2026-09-07T21:02:00+02:00,,0.0,0,Drøbak - Seiersten,RUT:Line:510,Bøleråsen - Ski - Ås - Drøbak,510,bus,RUT:ServiceJourney:84cf632e05fca7ffa043a093f9cf9723,False,planned,False,,,,,2026-09-08T00:20:52.129880+02:00
NSR:StopPlace:60944,Ski stasjon,2026-09-07T21:04:00+02:00,2026-09-07T21:04:00+02:00,,0.0,0,Kråkstad,RUT:Line:525,Kråkstad - Ski - Kråkstad,525,bus,RUT:ServiceJourney:d4c652bb32bbc98b51ad8081c1d82ca2,False,planned,False,,,,,2026-09-08T00:20:52.129880+02:00
NSR:StopPlace:60944,Ski stasjon,2026-09-07T21:05:00+02:00,2026-09-07T21:05:00+02:00,,0.0,0,Moss,VYG:Line:R21,Stabekk-Oslo S-Moss,R21,rail,VYG:ServiceJourney:1163-HVK_443054-R,False,planned,False,,,,,2026-09-08T00:20:52.129880+02:00
NSR:StopPlace:60944,Ski stasjon,2026-09-07T21:08:00+02:00,2026-09-07T21:08:00+02:00,,0.0,0,Oslo S,VYG:Line:R23,Stabekk-Oslo S-Moss,R23,rail,VYG:ServiceJourney:1564_443211-R,False,planned,False,,,,,2026-09-08T00:20:52.129880+02:00
NSR:StopPlace:60944,Ski stasjon,2026-09-07T21:09:00+02:00,2026-09-07T21:09:00+02:00,,0.0,0,Kråkstad,RUT:Line:525,Kråkstad - Ski - Kråkstad,525,bus,RUT:ServiceJourney:d4c652bb32bbc98b51ad8081c1d82ca2,False,planned,False,,,,,2026-09-08T00:20:52.129880+02:00
NSR:StopPlace:60944,Ski stasjon,2026-09-07T21:09:00+02:00,2026-09-07T21:09:00+02:00,,0.0,0,Stabekk,VYG:Line:L2,Stabekk-Oslo S-Ski,L2,rail,VYG:ServiceJourney:2770-SKI_443990-R,False,planned,False,,,,,2026-09-08T00:20:52.129880+02:00
NSR:StopPlace:60944,Ski stasjon,2026-09-07T21:09:00+02:00,2026-09-07T21:09:00+02:00,,0.0,0,Bøleråsen,RUT:Line:510,Bøleråsen - Ski - Ås - Drøbak,510,bus,RUT:ServiceJourney:b4cbc9fe442839e33c64163f2be3859f,False,planned,False,,,,,2026-09-08T00:20:52.129880+02:00
NSR:StopPlace:60944,Ski stasjon,2026-09-07T21:12:00+02:00,2026-09-07T21:12:00+02:00,,0.0,0,Vinterbro,RUT:Line:520,Vinterbro - Ski stasjon,520,bus,RUT:ServiceJourney:178ab3d6cc21026db13ac3143ca78117,False,planned,False,,,,,2026-09-08T00:20:52.129880+02:00
NSR:StopPlace:60944,Ski stasjon,2026-09-07T21:13:00+02:00,2026-09-07T21:13:00+02:00,,0.0,0,Rakkestad,VYG:Line:R22,Skøyen-Oslo S-Mysen-Rakkestad,R22,rail,VYG:ServiceJourney:1933_443487-R,False,planned,False,,,,,2026-09-08T00:20:52.129880+02:00
NSR:StopPlace:60944,Ski stasjon,2026-09-07T21:14:00+02:00,2026-09-07T21:14:00+02:00,,0.0,0,Ski næringspark,RUT:Line:520,Vinterbro - Ski stasjon,520,bus,RUT:ServiceJourney:f8ededc7152543edf9e5babe48c2ebd5,False,planned,False,,,,,2026-09-08T00:20:52.129880+02:00
NSR:StopPlace:60944,Ski stasjon,2026-09-07T21:16:00+02:00,2026-09-07T21:16:00+02:00,,0.0,0,Hebekk / Finstad,RUT:Line:525,Kråkstad - Ski - Kråkstad,525,bus,RUT:ServiceJourney:bb84a61c9afca550846dc49452a8197e,False,planned,False,,,,,2026-09-08T00:20:52.129880+02:00
NSR:StopPlace:60944,Ski stasjon,2026-09-07T21:17:00+02:00,2026-09-07T21:17:00+02:00,,0.0,0,Drøbak - Frogn vgs.,RUT:Line:510,Bøleråsen - Ski - Ås - Drøbak,510,bus,RUT:ServiceJourney:e62454aca09c8757840460d21b80ffa9,False,planned,False,,,,,2026-09-08T00:20:52.129880+02:00
NSR:StopPlace:60944,Ski stasjon,2026-09-07T21:21:00+02:00,2026-09-07T21:21:00+02:00,,0.0,0,Kolbotn torg,RUT:Line:580,Kolbotn - Ski,580,bus,RUT:ServiceJourney:55bc5a36945725441459be90da27e782,False,planned,False,,,,,2026-09-08T00:20:52.129880+02:00
NSR:StopPlace:60944,Ski stasjon,2026-09-07T21:22:00+02:00,2026-09-07T21:22:00+02:00,,0.0,0,Stabekk,VYG:Line:R21,Stabekk-Oslo S-Moss,R21,rail,VYG:ServiceJourney:1168-MOS_443061-R,False,planned,False,,,,,2026-09-08T00:20:52.129880+02:00
NSR:StopPlace:60944,Ski stasjon,2026-09-07T21:24:00+02:00,2026-09-07T21:24:00+02:00,,0.0,0,Oslo S,VYG:Line:L2,Stabekk-Oslo S-Ski,L2,rail,VYG:ServiceJourney:2870_444114-R,False,planned,False,,,,,2026-09-08T00:20:52.129880+02:00
NSR:StopPlace:60944,Ski stasjon,2026-09-07T21:24:00+02:00,2026-09-07T21:24:00+02:00,,0.0,0,Bøleråsen,RUT:Line:510,Bøleråsen - Ski - Ås - Drøbak,510,bus,RUT:ServiceJourney:26e267a61e1df22a5baeefa8e7d75910,False,planned,False,,,,,2026-09-08T00:20:52.129880+02:00
NSR:StopPlace:60944,Ski stasjon,2026-09-07T21:32:00+02:00,2026-09-07T21:32:00+02:00,,0.0,0,Oslo S,VYG:Line:RE20,Oslo S-Halden-Göteborg (X-Border),RE20,rail,VYG:ServiceJourney:394-134_463487-R,False,planned,False,,,,,2026-09-08T00:20:52.129880+02:00
NSR:StopPlace:60944,Ski stasjon,2026-09-07T21:32:00+02:00,2026-09-07T21:32:00+02:00,,0.0,0,Drøbak - Seiersten,RUT:Line:510,Bøleråsen - Ski - Ås - Drøbak,510,bus,RUT:ServiceJourney:d600c27e2379aa7dc058d1a6a6b9dc3b,False,planned,False,,,,,2026-09-08T00:20:52.129880+02:00
NSR:StopPlace:60944,Ski stasjon,2026-09-07T21:34:00+02:00,2026-09-07T21:34:00+02:00,,0.0,0,Kråkstad,RUT:Line:525,Kråkstad - Ski - Kråkstad,525,bus,RUT:ServiceJourney:bb84a61c9afca550846dc49452a8197e,False,planned,False,,,,,2026-09-08T00:20:52.129880+02:00
NSR:StopPlace:60944,Ski stasjon,2026-09-07T21:35:00+02:00,2026-09-07T21:35:00+02:00,,0.0,0,Moss,VYG:Line:R21,Stabekk-Oslo S-Moss,R21,rail,VYG:ServiceJourney:1165-HVK_443056-R,False,planned,False,,,,,2026-09-08T00:20:52.129880+02:00
NSR:StopPlace:60944,Ski stasjon,2026-09-07T21:39:00+02:00,2026-09-07T21:39:00+02:00,,0.0,0,Kråkstad,RUT:Line:525,Kråkstad - Ski - Kråkstad,525,bus,RUT:ServiceJourney:bb84a61c9afca550846dc49452a8197e,False,planned,False,,,,,2026-09-08T00:20:52.129880+02:00
NSR:StopPlace:60944,Ski stasjon,2026-09-07T21:39:00+02:00,2026-09-07T21:39:00+02:00,,0.0,0,Bøleråsen,RUT:Line:510,Bøleråsen - Ski - Ås - Drøbak,510,bus,RUT:ServiceJourney:9b5a73e1cc74d59ee36cff8fc8c4e4e2,False,planned,False,,,,,2026-09-08T00:20:52.129880+02:00
NSR:StopPlace:59977,Trondheim S,2026-09-07T20:21:00+02:00,2026-09-07T20:21:00+02:00,,0.0,0,Pirbadet,ATB:Line:2_23,Brattøra - St. Olavs - Hallset - Flatåsen - Sandmoen,23,bus,ATB:ServiceJourney:23_251215112546597_115,False,planned,False,,,,,2026-09-08T00:20:52.129880+02:00
NSR:StopPlace:59977,Trondheim S,2026-09-07T20:21:00+02:00,2026-09-07T20:21:00+02:00,,0.0,0,Strindheim via Lade,ATB:Line:2_2,Strindheim- Lade- sentrum- Sau,2,bus,ATB:ServiceJourney:2_251215112549905_213,False,planned,False,,,,,2026-09-08T00:20:52.129880+02:00
NSR:StopPlace:59977,Trondheim S,2026-09-07T20:22:00+02:00,2026-09-07T20:22:00+02:00,,0.0,0,Lund via Kolstad-Heimdal,ATB:Line:2_2,Strindheim- Lade- sentrum- Sau,2,bus,ATB:ServiceJourney:2_251215112550236_210,False,planned,False,,,,,2026-09-08T00:20:52.129880+02:00
NSR:StopPlace:59977,Trondheim S,2026-09-07T20:23:00+02:00,2026-09-07T20:23:00+02:00,,0.0,0,Pirbadet,ATB:Line:2_21,Brattøra- Sentrum- Trolla,21,bus,ATB:ServiceJourney:21_251215112549294_61,False,planned,False,,,,,2026-09-08T00:20:52.129880+02:00
NSR:StopPlace:59977,Trondheim S,2026-09-07T20:24:00+02:00,2026-09-07T20:24:00+02:00,,0.0,0,Vikåsen via Singsaker,ATB:Line:2_25,Vikåsen- Strindheim- Singsaker,25,bus,ATB:ServiceJourney:25_251215112543418_167,False,planned,False,,,,,2026-09-08T00:20:52.129880+02:00
NSR:StopPlace:59977,Trondheim S,2026-09-07T20:26:00+02:00,2026-09-07T20:26:00+02:00,,0.0,0,Hurtigbåtterminalen,ATB:Line:2_25,Vikåsen- Strindheim- Singsaker,25,bus,ATB:ServiceJourney:25_251215112543265_170,False,planned,False,,,,,2026-09-08T00:20:52.129880+02:00
NSR:StopPlace:59977,Trondheim S,2026-09-07T20:26:00+02:00,2026-09-07T20:26:00+02:00,,0.0,0,Grillstad via Ladeham.-Strindh.,ATB:Line:2_20,Grillstad - Strindheim - Ladehammeren- Sentrum - Romolslia,20,bus,ATB:ServiceJourney:20_251215112548080_89,False,planned,False,,,,,2026-09-08T00:20:52.129880+02:00
NSR:StopPlace:59977,Trondheim S,2026-09-07T20:30:00+02:00,2026-09-07T20:30:00+02:00,,0.0,0,Marienborg,ATB:Line:2_70,Stjørdal/Hommelvik- Trondheim,70,bus,ATB:ServiceJourney:70_251215112546947_92,False,planned,False,,,,,2026-09-08T00:20:52.129880+02:00
NSR:StopPlace:59977,Trondheim S,2026-09-07T20:31:00+02:00,2026-09-07T20:31:00+02:00,,0.0,0,Sjetnmarka via Klæbuveien,ATB:Line:2_10,Sæterbakken- Strindheim- Sentrum- Ratesvingen,10,bus,ATB:ServiceJourney:10_260311106207414_158,False,planned,False,,,,,2026-09-08T00:20:52.129880+02:00
NSR:StopPlace:59977,Trondheim S,2026-09-07T20:31:00+02:00,2026-09-07T20:31:00+02:00,,0.0,0,Strindheim via Lade,ATB:Line:2_2,Strindheim- Lade- sentrum- Sau,2,bus,ATB:ServiceJourney:2_251215112549906_215,False,planned,False,,,,,2026-09-08T00:20:52.129880+02:00
NSR:StopPlace:59977,Trondheim S,2026-09-07T20:35:00+02:00,2026-09-07T20:35:00+02:00,,0.0,0,Romolslia via Tempevegen,ATB:Line:2_20,Grillstad - Strindheim - Ladehammeren- Sentrum - Romolslia,20,bus,ATB:ServiceJourney:20_251215112548217_88,False,planned,False,,,,,2026-09-08T00:20:52.129880+02:00
NSR:StopPlace:59977,Trondheim S,2026-09-07T20:36:00+02:00,2026-09-07T20:36:00+02:00,,0.0,0,Sandmoen via St. Olavs h.-Byåsen,ATB:Line:2_23,Brattøra - St. Olavs - Hallset - Flatåsen - Sandmoen,23,bus,ATB:ServiceJourney:23_251215112545567_118,False,planned,False,,,,,2026-09-08T00:20:52.129880+02:00
NSR:StopPlace:59977,Trondheim S,2026-09-07T20:37:00+02:00,2026-09-07T20:37:00+02:00,,0.0,0,Muruvik via Brattøra,ATB:Line:2_70,Stjørdal/Hommelvik- Trondheim,70,bus,ATB:ServiceJourney:70_251215112547062_99,False,planned,False,,,,,2026-09-08T00:20:52.129880+02:00
NSR:StopPlace:59977,Trondheim S,2026-09-07T20:41:00+02:00,2026-09-07T20:41:00+02:00,,0.0,0,Ilsvika via sentrum,ATB:Line:2_21,Brattøra- Sentrum- Trolla,21,bus,ATB:ServiceJourney:21_251215112549261_54,False,planned,False,,,,,2026-09-08T00:20:52.129880+02:00
NSR:StopPlace:59977,Trondheim S,2026-09-07T20:41:00+02:00,2026-09-07T20:41:00+02:00,,0.0,0,Pirbadet,ATB:Line:2_23,Brattøra - St. Olavs - Hallset - Flatåsen - Sandmoen,23,bus,ATB:ServiceJourney:23_251215112546598_117,False,planned,False,,,,,2026-09-08T00:20:52.129880+02:00
NSR:StopPlace:59977,Trondheim S,2026-09-07T20:41:00+02:00,2026-09-07T20:41:00+02:00,,0.0,0,Fortuna/Sæterb. via Strindheim,ATB:Line:2_10,Sæterbakken- Strindheim- Sentrum- Ratesvingen,10,bus,ATB:ServiceJourney:10_260311106203579_157,False,planned,False,,,,,2026-09-08T00:20:52.129880+02:00
NSR:StopPlace:59977,Trondheim S,2026-09-07T20:41:00+02:00,2026-09-07T20:41:00+02:00,,0.0,0,Strindheim via Lade,ATB:Line:2_2,Strindheim- Lade- sentrum- Sau,2,bus,ATB:ServiceJourney:2_251215112549907_217,False,planned,False,,,,,2026-09-08T00:20:52.129880+02:00
NSR:StopPlace:59977,Trondheim S,2026-09-07T20:42:00+02:00,2026-09-07T20:42:00+02:00,,0.0,0,Lund via Kolstad-Heimdal,ATB:Line:2_2,Strindheim- Lade- sentrum- Sau,2,bus,ATB:ServiceJourney:2_251215112550237_212,False,planned,False,,,,,2026-09-08T00:20:52.129880+02:00
NSR:StopPlace:59977,Trondheim S,2026-09-07T20:44:00+02:00,2026-09-07T20:44:00+02:00,,0.0,0,Vikåsen via Singsaker,ATB:Line:2_25,Vikåsen- Strindheim- Singsaker,25,bus,ATB:ServiceJourney:25_251215112543419_169,False,planned,False,,,,,2026-09-08T00:20:52.129880+02:00
NSR:StopPlace:59977,Trondheim S,2026-09-07T20:45:00+02:00,2026-09-07T20:45:00+02:00,,0.0,0,Lundamo,SJN:Line:26,Trønderbanen,R70,rail,SJN:ServiceJourney:448_56077-R,False,planned,False,,,,,2026-09-08T00:20:52.129880+02:00
NSR:StopPlace:59977,Trondheim S,2026-09-07T20:46:00+02:00,2026-09-07T20:46:00+02:00,,0.0,0,Hurtigbåtterminalen,ATB:Line:2_25,Vikåsen- Strindheim- Singsaker,25,bus,ATB:ServiceJourney:25_251215112543266_172,False,planned,False,,,,,2026-09-08T00:20:52.129880+02:00
NSR:StopPlace:59977,Trondheim S,2026-09-07T20:47:00+02:00,2026-09-07T20:47:00+02:00,,0.0,0,Grillstad via Ladeham.-Strindh.,ATB:Line:2_20,Grillstad - Strindheim - Ladehammeren- Sentrum - Romolslia,20,bus,ATB:ServiceJourney:20_251215112548218_91,False,planned,False,,,,,2026-09-08T00:20:52.129880+02:00
NSR:StopPlace:59977,Trondheim S,2026-09-07T20:52:00+02:00,2026-09-07T20:52:00+02:00,,0.0,0,Marienborg,ATB:Line:2_70,Stjørdal/Hommelvik- Trondheim,70,bus,ATB:ServiceJourney:70_251215112547005_94,False,planned,False,,,,,2026-09-08T00:20:52.129880+02:00
NSR:StopPlace:59977,Trondheim S,2026-09-07T20:52:00+02:00,2026-09-07T20:52:00+02:00,,0.0,0,Sjetnmarka via Klæbuveien,ATB:Line:2_10,Sæterbakken- Strindheim- Sentrum- Ratesvingen,10,bus,ATB:ServiceJourney:10_260311106207164_160,False,planned,False,,,,,2026-09-08T00:20:52.129880+02:00
NSR:StopPlace:59977,Trondheim S,2026-09-07T20:54:00+02:00,2026-09-07T20:54:00+02:00,,0.0,0,Romolslia via St. Olavs hospital,ATB:Line:2_20,Grillstad - Strindheim - Ladehammeren- Sentrum - Romolslia,20,bus,ATB:ServiceJourney:20_251215112548169_90,False,planned,False,,,,,2026-09-08T00:20:52.129880+02:00
NSR:StopPlace:59977,Trondheim S,2026-09-07T20:55:00+02:00,2026-09-07T20:55:00+02:00,,0.0,0,Pirbadet,ATB:Line:2_21,Brattøra- Sentrum- Trolla,21,bus,ATB:ServiceJourney:21_251215112549343_63,False,planned,False,,,,,2026-09-08T00:20:52.129880+02:00
NSR:StopPlace:59977,Trondheim S,2026-09-07T20:56:00+02:00,2026-09-07T20:56:00+02:00,,0.0,0,Sandmoen via St. Olavs h.-Byåsen,ATB:Line:2_23,Brattøra - St. Olavs - Hallset - Flatåsen - Sandmoen,23,bus,ATB:ServiceJourney:23_251215112545568_120,False,planned,False,,,,,2026-09-08T00:20:52.129880+02:00
NSR:StopPlace:59977,Trondheim S,2026-09-07T20:57:00+02:00,2026-09-07T20:57:00+02:00,,0.0,0,Strindheim via Lade,ATB:Line:2_2,Strindheim- Lade- sentrum- Sau,2,bus,ATB:ServiceJourney:2_251215112549908_219,False,planned,False,,,,,2026-09-08T00:20:52.129880+02:00
NSR:StopPlace:59977,Trondheim S,2026-09-07T20:57:00+02:00,2026-09-07T20:57:00+02:00,,0.0,0,Stjørdal via Brattøra-Hommelvik,ATB:Line:2_70,Stjørdal/Hommelvik- Trondheim,70,bus,ATB:ServiceJourney:70_251215112547106_101,False,planned,False,,,,,2026-09-08T00:20:52.129880+02:00
NSR:StopPlace:59977,Trondheim S,2026-09-07T21:01:00+02:00,2026-09-07T21:01:00+02:00,,0.0,0,Pirbadet,ATB:Line:2_23,Brattøra - St. Olavs - Hallset - Flatåsen - Sandmoen,23,bus,ATB:ServiceJourney:23_251215112546599_119,False,planned,False,,,,,2026-09-08T00:20:52.129880+02:00
NSR:StopPlace:59977,Trondheim S,2026-09-07T21:01:00+02:00,2026-09-07T21:01:00+02:00,,0.0,0,Fortuna/Sæterb. via Strindheim,ATB:Line:2_10,Sæterbakken- Strindheim- Sentrum- Ratesvingen,10,bus,ATB:ServiceJourney:10_260311106203594_159,False,planned,False,,,,,2026-09-08T00:20:52.129880+02:00
NSR:StopPlace:59977,Trondheim S,2026-09-07T21:02:00+02:00,2026-09-07T21:02:00+02:00,,0.0,0,Lund via Kolstad-Heimdal,ATB:Line:2_2,Strindheim- Lade- sentrum- Sau,2,bus,ATB:ServiceJourney:2_251215112550238_214,False,planned,False,,,,,2026-09-08T00:20:52.129880+02:00
NSR:StopPlace:59977,Trondheim S,2026-09-07T21:04:00+02:00,2026-09-07T21:04:00+02:00,,0.0,0,Vikåsen via Singsaker,ATB:Line:2_25,Vikåsen- Strindheim- Singsaker,25,bus,ATB:ServiceJourney:25_251215112543420_171,False,planned,False,,,,,2026-09-08T00:20:52.129880+02:00
NSR:StopPlace:59977,Trondheim S,2026-09-07T21:05:00+02:00,2026-09-07T21:05:00+02:00,,0.0,0,Valøyvegen,ATB:Line:2_311,Stjørdal - Trondheim,311,bus,ATB:ServiceJourney:311_260330055055736_80,False,planned,False,Endret tilbud ved Vikelvvegen,Sydgående avkjøringsrampe fra E6 ved Reppe er stengt frem til 21. september. Vikelvvegen og Ranheim fabrikker til sentrum blir ikke betjent av linje 311 i perioden. ,general,normal,2026-09-08T00:20:52.129880+02:00
NSR:StopPlace:59977,Trondheim S,2026-09-07T21:06:00+02:00,2026-09-07T21:06:00+02:00,,0.0,0,Hurtigbåtterminalen,ATB:Line:2_25,Vikåsen- Strindheim- Singsaker,25,bus,ATB:ServiceJourney:25_251215112543267_174,False,planned,False,,,,,2026-09-08T00:20:52.129880+02:00
NSR:StopPlace:59977,Trondheim S,2026-09-07T21:06:00+02:00,2026-09-07T21:06:00+02:00,,0.0,0,Grillstad via Ladeham.-Strindh.,ATB:Line:2_20,Grillstad - Strindheim - Ladehammeren- Sentrum - Romolslia,20,bus,ATB:ServiceJourney:20_251215112548081_93,False,planned,False,,,,,2026-09-08T00:20:52.129880+02:00
NSR:StopPlace:59977,Trondheim S,2026-09-07T21:08:00+02:00,2026-09-07T21:08:00+02:00,,0.0,0,Marienborg,ATB:Line:2_70,Stjørdal/Hommelvik- Trondheim,70,bus,ATB:ServiceJourney:70_251215112546928_96,False,planned,False,,,,,2026-09-08T00:20:52.129880+02:00
NSR:StopPlace:59977,Trondheim S,2026-09-07T21:11:00+02:00,2026-09-07T21:11:00+02:00,,0.0,0,Trolla via sentrum,ATB:Line:2_21,Brattøra- Sentrum- Trolla,21,bus,ATB:ServiceJourney:21_251215112549186_56,False,planned,False,,,,,2026-09-08T00:20:52.129880+02:00
NSR:StopPlace:59977,Trondheim S,2026-09-07T21:14:00+02:00,2026-09-07T21:14:00+02:00,,0.0,0,Okstad ø. via Kroppanmarka,ATB:Line:2_10,Sæterbakken- Strindheim- Sentrum- Ratesvingen,10,bus,ATB:ServiceJourney:10_260311106206118_162,False,planned,False,,,,,2026-09-08T00:20:52.129880+02:00
NSR:StopPlace:59977,Trondheim S,2026-09-07T21:15:00+02:00,2026-09-07T21:15:00+02:00,,0.0,0,Sandmoen via St. Olavs h.-Byåsen,ATB:Line:2_23,Brattøra - St. Olavs - Hallset - Flatåsen - Sandmoen,23,bus,ATB:ServiceJourney:23_251215112545473_122,False,planned,False,,,,,2026-09-08T00:20:52.129880+02:00
NSR:StopPlace:59977,Trondheim S,2026-09-07T21:17:00+02:00,2026-09-07T21:17:00+02:00,,0.0,0,Muruvik via Brattøra,ATB:Line:2_70,Stjørdal/Hommelvik- Trondheim,70,bus,ATB:ServiceJourney:70_251215112547079_103,False,planned,False,,,,,2026-09-08T00:20:52.129880+02:00
NSR:StopPlace:59977,Trondheim S,2026-09-07T21:17:00+02:00,2026-09-07T21:17:00+02:00,,0.0,0,Strindheim via Lade,ATB:Line:2_2,Strindheim- Lade- sentrum- Sau,2,bus,ATB:ServiceJourney:2_251215112549983_221,False,planned,False,,,,,2026-09-08T00:20:52.129880+02:00
NSR:StopPlace:59977,Trondheim S,2026-09-07T21:19:00+02:00,2026-09-07T21:19:00+02:00,,0.0,0,Spongdal via Klefstadhaugen,ATB:Line:2_75,Trondheim S- Sentrum- Spongdal,75,bus,ATB:ServiceJourney:75_251215112550908_30,False,planned,False,,,,,2026-09-08T00:20:52.129880+02:00
NSR:StopPlace:59977,Trondheim S,2026-09-07T21:19:00+02:00,2026-09-07T21:19:00+02:00,,0.0,0,Romolslia via Tempevegen,ATB:Line:2_20,Grillstad - Strindheim - Ladehammeren- Sentrum - Romolslia,20,bus,ATB:ServiceJourney:20_251215112548213_92,False,planned,False,,,,,2026-09-08T00:20:52.129880+02:00
NSR:StopPlace:59977,Trondheim S,2026-09-07T21:19:00+02:00,2026-09-07T21:19:00+02:00,,0.0,0,Pirbadet,ATB:Line:2_23,Brattøra - St. Olavs - Hallset - Flatåsen - Sandmoen,23,bus,ATB:ServiceJourney:23_251215112546600_121,False,planned,False,,,,,2026-09-08T00:20:52.129880+02:00
NSR:StopPlace:59977,Trondheim S,2026-09-07T21:22:00+02:00,2026-09-07T21:22:00+02:00,,0.0,0,Lund via Kolstad-Heimdal,ATB:Line:2_2,Strindheim- Lade- sentrum- Sau,2,bus,ATB:ServiceJourney:2_251215112550129_216,False,planned,False,,,,,2026-09-08T00:20:52.129880+02:00
NSR:StopPlace:59977,Trondheim S,2026-09-07T21:22:00+02:00,2026-09-07T21:22:00+02:00,,0.0,0,Fortuna/Sæterb. via Strindheim,ATB:Line:2_10,Sæterbakken- Strindheim- Sentrum- Ratesvingen,10,bus,ATB:ServiceJourney:10_260311106205183_161,False,planned,False,,,,,2026-09-08T00:20:52.129880+02:00
NSR:StopPlace:59977,Trondheim S,2026-09-07T21:23:00+02:00,2026-09-07T21:23:00+02:00,,0.0,0,Pirbadet,ATB:Line:2_21,Brattøra- Sentrum- Trolla,21,bus,ATB:ServiceJourney:21_251215112549295_65,False,planned,False,,,,,2026-09-08T00:20:52.129880+02:00
NSR:StopPlace:59983,Bergen stasjon,2026-09-07T21:57:00+02:00,2026-09-07T21:57:00+02:00,,0.0,0,Arna,VYG:Line:L4,Bergen-Arna,L4,rail,VYG:ServiceJourney:2668_443883-R,False,planned,False,,,,,2026-09-08T00:20:52.129880+02:00
NSR:StopPlace:59180,Karlstad Centralstation,2026-09-07T21:09:00+02:00,2026-09-07T21:09:00+02:00,,0.0,0,Oslo,SJV:Line:cfac9102-49ef-476c-8663-a6d468ee4f36,Stockholm-Hallsberg-Karlstad-Oslo,70,rail,SJV:ServiceJourney:8d37b914-864d-4b1d-b75d-bfe9698aac87,False,planned,False,,,,,2026-09-08T00:20:52.129880+02:00
NSR:StopPlace:59181,Kristinehamn station,2026-09-07T20:30:00+02:00,2026-09-07T20:30:00+02:00,,0.0,0,Karlstad,VYB:Line:26,850 Oslo - Arlanda - Stockholm,850,coach,VYB:ServiceJourney:38d3ea42e3c6baba32b2e58f9cbfd7bcaa01efa8,False,planned,False,,,,,2026-09-08T00:20:52.129880+02:00
NSR:StopPlace:59181,Kristinehamn station,2026-09-07T20:44:00+02:00,2026-09-07T20:44:00+02:00,,0.0,0,Karlstad-Oslo,SJV:Line:cfac9102-49ef-476c-8663-a6d468ee4f36,Stockholm-Hallsberg-Karlstad-Oslo,70,rail,SJV:ServiceJourney:8d37b914-864d-4b1d-b75d-bfe9698aac87,False,planned,False,,,,,2026-09-08T00:20:52.129880+02:00
NSR:StopPlace:59181,Kristinehamn station,2026-09-07T22:35:00+02:00,2026-09-07T22:35:00+02:00,,0.0,0,Karlstad,VYB:Line:26,850 Oslo - Arlanda - Stockholm,850,coach,VYB:ServiceJourney:f436806116ac029607e0c96496cd6aa829e64f88,False,planned,False,,,,,2026-09-08T00:20:52.129880+02:00
NSR:StopPlace:59181,Kristinehamn station,2026-09-07T23:30:00+02:00,2026-09-07T23:30:00+02:00,,0.0,0,Karlstad,VYB:Line:26,850 Oslo - Arlanda - Stockholm,850,coach,VYB:ServiceJourney:a9ab4cb5ea9a0e2a791a55b44b7993bcb8fd9234,False,planned,False,,,,,2026-09-08T00:20:52.129880+02:00
NSR:StopPlace:59182,Örebro Centralstation,2026-09-07T21:30:00+02:00,2026-09-07T21:30:00+02:00,,0.0,0,Karlstad,VYB:Line:26,850 Oslo - Arlanda - Stockholm,850,coach,VYB:ServiceJourney:f436806116ac029607e0c96496cd6aa829e64f88,False,planned,False,Örebro läge X,,general,normal,2026-09-08T00:20:52.129880+02:00
NSR:StopPlace:59182,Örebro Centralstation,2026-09-07T22:25:00+02:00,2026-09-07T22:25:00+02:00,,0.0,0,Karlstad,VYB:Line:26,850 Oslo - Arlanda - Stockholm,850,coach,VYB:ServiceJourney:a9ab4cb5ea9a0e2a791a55b44b7993bcb8fd9234,False,planned,False,Örebro läge X,,general,normal,2026-09-08T00:20:52.129880+02:00
NSR:StopPlace:59182,Örebro Centralstation,2026-09-08T00:05:00+02:00,2026-09-08T00:05:00+02:00,,0.0,0,Västerås,VYB:Line:26,850 Oslo - Arlanda - Stockholm,850,coach,VYB:ServiceJourney:a2ae5690821c84acf35ac43ea21393b32efaf9e7,False,planned,False,Örebro läge X,,general,normal,2026-09-08T00:20:52.129880+02:00
NSR:StopPlace:59185,Arvika station,2026-09-07T21:49:00+02:00,2026-09-07T21:49:00+02:00,,0.0,0,Oslo,SJV:Line:cfac9102-49ef-476c-8663-a6d468ee4f36,Stockholm-Hallsberg-Karlstad-Oslo,70,rail,SJV:ServiceJourney:8d37b914-864d-4b1d-b75d-bfe9698aac87,False,planned,False,,,,,2026-09-08T00:20:52.129880+02:00
NSR:StopPlace:60017,Slitu stasjon,2026-09-07T21:50:00+02:00,2026-09-07T21:50:00+02:00,,0.0,0,Rakkestad,VYG:Line:R22,Skøyen-Oslo S-Mysen-Rakkestad,R22,rail,VYG:ServiceJourney:1933_443487-R,False,planned,False,,,,,2026-09-08T00:20:52.129880+02:00
NSR:StopPlace:60016,Kråkstad stasjon,2026-09-07T21:36:00+02:00,2026-09-07T21:36:00+02:00,,0.0,0,Oslo S,VYG:Line:R22,Skøyen-Oslo S-Mysen-Rakkestad,R22,rail,VYG:ServiceJourney:1936_443490-R,False,planned,False,,,,,2026-09-08T00:20:52.129880+02:00
NSR:StopPlace:60047,Melhus skysstasjon,2026-09-07T20:23:00+02:00,2026-09-07T20:23:00+02:00,,0.0,0,Brekkåsen,ATB:Line:2_82,Hesttrøa-Brekkåsen,82,bus,ATB:ServiceJourney:82_251215112550772_117,False,planned,False,Linje 82 og 504,Avvikende kjøring for linje 82 og 504 pga Hølondvegen er stengt. ,general,normal,2026-09-08T00:20:52.129880+02:00
NSR:StopPlace:60047,Melhus skysstasjon,2026-09-07T20:23:00+02:00,2026-09-07T20:23:00+02:00,,0.0,0,Hesttrøa via Melhus skysstasjon,ATB:Line:2_82,Hesttrøa-Brekkåsen,82,bus,ATB:ServiceJourney:82_251215112550677_118,False,planned,False,Linje 82 og 504,Avvikende kjøring for linje 82 og 504 pga Hølondvegen er stengt. ,general,normal,2026-09-08T00:20:52.129880+02:00
NSR:StopPlace:60047,Melhus skysstasjon,2026-09-07T20:26:00+02:00,2026-09-07T20:26:00+02:00,,0.0,0,Dora via E6 - City Syd E6,ATB:Line:2_71,MelhusSkyss-Trondheim,71,bus,ATB:ServiceJourney:71_251215112545853_104,False,planned,False,,,,,2026-09-08T00:20:52.129880+02:00
NSR:StopPlace:60047,Melhus skysstasjon,2026-09-07T20:48:00+02:00,2026-09-07T20:48:00+02:00,,0.0,0,Støren Rådhus,ATB:Line:2_340,Trondheim - Støren,340,bus,ATB:ServiceJourney:340_260106098639863_26,False,planned,False,,,,,2026-09-08T00:20:52.129880+02:00
NSR:StopPlace:60047,Melhus skysstasjon,2026-09-07T20:53:00+02:00,2026-09-07T20:53:00+02:00,,0.0,0,Brekkåsen,ATB:Line:2_82,Hesttrøa-Brekkåsen,82,bus,ATB:ServiceJourney:82_251215112550789_119,False,planned,False,Linje 82 og 504,Avvikende kjøring for linje 82 og 504 pga Hølondvegen er stengt. ,general,normal,2026-09-08T00:20:52.129880+02:00
NSR:StopPlace:60047,Melhus skysstasjon,2026-09-07T20:53:00+02:00,2026-09-07T20:53:00+02:00,,0.0,0,Hesttrøa via Melhus skysstasjon,ATB:Line:2_82,Hesttrøa-Brekkåsen,82,bus,ATB:ServiceJourney:82_251215112550650_120,False,planned,False,Linje 82 og 504,Avvikende kjøring for linje 82 og 504 pga Hølondvegen er stengt. ,general,normal,2026-09-08T00:20:52.129880+02:00
NSR:StopPlace:60047,Melhus skysstasjon,2026-09-07T20:56:00+02:00,2026-09-07T20:56:00+02:00,,0.0,0,Dora via E6 - City Syd E6,ATB:Line:2_71,MelhusSkyss-Trondheim,71,bus,ATB:ServiceJourney:71_251215112545749_106,False,planned,False,,,,,2026-09-08T00:20:52.129880+02:00
NSR:StopPlace:60047,Melhus skysstasjon,2026-09-07T21:09:00+02:00,2026-09-07T21:09:00+02:00,,0.0,0,Lundamo,SJN:Line:26,Trønderbanen,R70,rail,SJN:ServiceJourney:448_56077-R,False,planned,False,,,,,2026-09-08T00:20:52.129880+02:00
NSR:StopPlace:60047,Melhus skysstasjon,2026-09-07T21:16:00+02:00,2026-09-07T21:16:00+02:00,,0.0,0,Trondheim S,ATB:Line:2_340,Trondheim - Støren,340,bus,ATB:ServiceJourney:340_260106098639885_35,False,planned,False,,,,,2026-09-08T00:20:52.129880+02:00
NSR:StopPlace:60047,Melhus skysstasjon,2026-09-07T21:23:00+02:00,2026-09-07T21:23:00+02:00,,0.0,0,Brekkåsen,ATB:Line:2_82,Hesttrøa-Brekkåsen,82,bus,ATB:ServiceJourney:82_251215112550773_121,False,planned,False,Linje 82 og 504,Avvikende kjøring for linje 82 og 504 pga Hølondvegen er stengt. ,general,normal,2026-09-08T00:20:52.129880+02:00
NSR:StopPlace:60047,Melhus skysstasjon,2026-09-07T21:23:00+02:00,2026-09-07T21:23:00+02:00,,0.0,0,Hesttrøa via Melhus skysstasjon,ATB:Line:2_82,Hesttrøa-Brekkåsen,82,bus,ATB:ServiceJourney:82_251215112550678_122,False,planned,False,Linje 82 og 504,Avvikende kjøring for linje 82 og 504 pga Hølondvegen er stengt. ,general,normal,2026-09-08T00:20:52.129880+02:00
NSR:StopPlace:60047,Melhus skysstasjon,2026-09-07T21:26:00+02:00,2026-09-07T21:26:00+02:00,,0.0,0,B Dora via Ekra-Tillerterminalen,ATB:Line:2_71,MelhusSkyss-Trondheim,71,bus,ATB:ServiceJourney:71_251215112545862_108,False,planned,False,,,,,2026-09-08T00:20:52.129880+02:00
NSR:StopPlace:60047,Melhus skysstasjon,2026-09-07T21:53:00+02:00,2026-09-07T21:53:00+02:00,,0.0,0,Brekkåsen,ATB:Line:2_82,Hesttrøa-Brekkåsen,82,bus,ATB:ServiceJourney:82_251215112550790_123,False,planned,False,Linje 82 og 504,Avvikende kjøring for linje 82 og 504 pga Hølondvegen er stengt. ,general,normal,2026-09-08T00:20:52.129880+02:00
NSR:StopPlace:60047,Melhus skysstasjon,2026-09-07T21:53:00+02:00,2026-09-07T21:53:00+02:00,,0.0,0,Hesttrøa via Melhus skysstasjon,ATB:Line:2_82,Hesttrøa-Brekkåsen,82,bus,ATB:ServiceJourney:82_251215112550651_124,False,planned,False,Linje 82 og 504,Avvikende kjøring for linje 82 og 504 pga Hølondvegen er stengt. ,general,normal,2026-09-08T00:20:52.129880+02:00
NSR:StopPlace:60047,Melhus skysstasjon,2026-09-07T22:23:00+02:00,2026-09-07T22:23:00+02:00,,0.0,0,Hesttrøa via Melhus skysstasjon,ATB:Line:2_82,Hesttrøa-Brekkåsen,82,bus,ATB:ServiceJourney:82_251215112550679_126,False,planned,False,Linje 82 og 504,Avvikende kjøring for linje 82 og 504 pga Hølondvegen er stengt. ,general,normal,2026-09-08T00:20:52.129880+02:00
NSR:StopPlace:60047,Melhus skysstasjon,2026-09-07T22:53:00+02:00,2026-09-07T22:53:00+02:00,,0.0,0,Brekkåsen,ATB:Line:2_82,Hesttrøa-Brekkåsen,82,bus,ATB:ServiceJourney:82_251215112550791_127,False,planned,False,Linje 82 og 504,Avvikende kjøring for linje 82 og 504 pga Hølondvegen er stengt. ,general,normal,2026-09-08T00:20:52.129880+02:00
NSR:StopPlace:60047,Melhus skysstasjon,2026-09-07T23:23:00+02:00,2026-09-07T23:23:00+02:00,,0.0,0,Hesttrøa via Melhus skysstasjon,ATB:Line:2_82,Hesttrøa-Brekkåsen,82,bus,ATB:ServiceJourney:82_251215112550683_130,False,planned,False,Linje 82 og 504,Avvikende kjøring for linje 82 og 504 pga Hølondvegen er stengt. ,general,normal,2026-09-08T00:20:52.129880+02:00
NSR:StopPlace:60047,Melhus skysstasjon,2026-09-07T23:53:00+02:00,2026-09-07T23:53:00+02:00,,0.0,0,Brekkåsen,ATB:Line:2_82,Hesttrøa-Brekkåsen,82,bus,ATB:ServiceJourney:82_251215112550882_131,False,planned,False,Linje 82 og 504,Avvikende kjøring for linje 82 og 504 pga Hølondvegen er stengt. ,general,normal,2026-09-08T00:20:52.129880+02:00
NSR:StopPlace:60053,Halden stasjon,2026-09-07T21:38:00+02:00,2026-09-07T21:38:00+02:00,,0.0,0,Halden sentrum,OST:Line:1_35,Næridsrød - Tistedal,35,bus,OST:ServiceJourney:35_260325121472361_32,False,planned,False,,,,,2026-09-08T00:20:52.129880+02:00
NSR:StopPlace:60053,Halden stasjon,2026-09-07T21:46:00+02:00,2026-09-07T21:46:00+02:00,,0.0,0,Halden sentrum,OST:Line:1_34,Remmen-Sykehuset,34,bus,OST:ServiceJourney:34_260325121472307_34,False,planned,False,,,,,2026-09-08T00:20:52.129880+02:00
NSR:StopPlace:60053,Halden stasjon,2026-09-07T22:03:00+02:00,2026-09-07T22:03:00+02:00,,0.0,0,Halden sentrum,OST:Line:1_33,Tistedal-Vold skog,33,bus,OST:ServiceJourney:33_260325121472229_31,False,planned,False,,,,,2026-09-08T00:20:52.129880+02:00
NSR:StopPlace:60077,Støren stasjon,2026-09-07T21:25:00+02:00,2026-09-07T21:25:00+02:00,,0.0,0,Støren Rådhus,ATB:Line:2_340,Trondheim - Støren,340,bus,ATB:ServiceJourney:340_260106098639863_26,False,planned,False,,,,,2026-09-08T00:20:52.129880+02:00
NSR:StopPlace:59375,Jörn station,2026-09-07T23:47:00+02:00,2026-09-07T23:47:00+02:00,,0.0,0,"Umeå, Sundsvall, Stockholm",SJV:Line:8ca80b34-505a-4d76-b047-58b01590d0e1,Luleå-Stockholm ,Luleå-Stockholm ,rail,SJV:ServiceJourney:a5d49afa-0d54-4c88-aed3-161717bb597d,False,planned,False,,,,,2026-09-08T00:20:52.129880+02:00
NSR:StopPlace:59393,Västerås Centralstation,2026-09-07T20:40:00+02:00,2026-09-07T20:40:00+02:00,,0.0,0,Arlanda,VYB:Line:26,850 Oslo - Arlanda - Stockholm,850,coach,VYB:ServiceJourney:ff1059e0ed9e2bc99908720975219c075b09ea05,False,planned,False,Västerås,"Nytt holdeplassområde ved Västerås Resecentrum fra 16. mars. Den nye holdeplassen ligger på stasjonens vestside, rett ved jernbanespor 1B. Du finner den ved å følge parkeringsplassen til den bortre enden. ",general,normal,2026-09-08T00:20:52.129880+02:00
NSR:StopPlace:59393,Västerås Centralstation,2026-09-07T21:05:00+02:00,2026-09-07T21:05:00+02:00,,0.0,0,Karlstad,VYB:Line:26,850 Oslo - Arlanda - Stockholm,850,coach,VYB:ServiceJourney:a9ab4cb5ea9a0e2a791a55b44b7993bcb8fd9234,False,planned,False,Västerås,"Nytt holdeplassområde ved Västerås Resecentrum fra 16. mars. Den nye holdeplassen ligger på stasjonens vestside, rett ved jernbanespor 1B. Du finner den ved å følge parkeringsplassen til den bortre enden. ",general,normal,2026-09-08T00:20:52.129880+02:00
NSR:StopPlace:59393,Västerås Centralstation,2026-09-07T21:35:00+02:00,2026-09-07T21:35:00+02:00,,0.0,0,Arlanda,VYB:Line:26,850 Oslo - Arlanda - Stockholm,850,coach,VYB:ServiceJourney:b459297e39c475e83cabacd015f32c1f05ae36e3,False,planned,False,Västerås,"Nytt holdeplassområde ved Västerås Resecentrum fra 16. mars. Den nye holdeplassen ligger på stasjonens vestside, rett ved jernbanespor 1B. Du finner den ved å følge parkeringsplassen til den bortre enden. ",general,normal,2026-09-08T00:20:52.129880+02:00
NSR:StopPlace:59393,Västerås Centralstation,2026-09-07T22:35:00+02:00,2026-09-07T22:35:00+02:00,,0.0,0,Örebro,VYB:Line:26,850 Oslo - Arlanda - Stockholm,850,coach,VYB:ServiceJourney:b6ee605c13e2015697ba5b595f3b30d62ce311f4,False,planned,False,Västerås,"Nytt holdeplassområde ved Västerås Resecentrum fra 16. mars. Den nye holdeplassen ligger på stasjonens vestside, rett ved jernbanespor 1B. Du finner den ved å følge parkeringsplassen til den bortre enden. ",general,normal,2026-09-08T00:20:52.129880+02:00
NSR:StopPlace:59393,Västerås Centralstation,2026-09-07T23:50:00+02:00,2026-09-07T23:50:00+02:00,,0.0,0,Karlstad,VYB:Line:26,850 Oslo - Arlanda - Stockholm,850,coach,VYB:ServiceJourney:7cef6f9d06b3084c5cd648a392b78e79f86a9bc4,False,planned,False,Västerås,"Nytt holdeplassområde ved Västerås Resecentrum fra 16. mars. Den nye holdeplassen ligger på stasjonens vestside, rett ved jernbanespor 1B. Du finner den ved å følge parkeringsplassen til den bortre enden. ",general,normal,2026-09-08T00:20:52.129880+02:00
NSR:StopPlace:59248,Stockholm-Arlanda flygplats,2026-09-07T21:00:00+02:00,2026-09-07T21:00:00+02:00,,0.0,0,Örebro,VYB:Line:26,850 Oslo - Arlanda - Stockholm,850,coach,VYB:ServiceJourney:b6ee605c13e2015697ba5b595f3b30d62ce311f4,False,planned,False,,,,,2026-09-08T00:20:52.129880+02:00
NSR:StopPlace:59248,Stockholm-Arlanda flygplats,2026-09-07T22:15:00+02:00,2026-09-07T22:15:00+02:00,,0.0,0,Karlstad,VYB:Line:26,850 Oslo - Arlanda - Stockholm,850,coach,VYB:ServiceJourney:7cef6f9d06b3084c5cd648a392b78e79f86a9bc4,False,planned,False,,,,,2026-09-08T00:20:52.129880+02:00
NSR:StopPlace:59248,Stockholm-Arlanda flygplats,2026-09-07T22:15:00+02:00,2026-09-07T22:15:00+02:00,,0.0,0,Linköping,VYB:Line:23,400 Stockholm - Göteborg,400,coach,VYB:ServiceJourney:8786ccae051eafacba14b2a71f4a89ef14d437d6,False,planned,False,,,,,2026-09-08T00:20:52.129880+02:00
NSR:StopPlace:59248,Stockholm-Arlanda flygplats,2026-09-07T23:15:00+02:00,2026-09-07T23:15:00+02:00,,0.0,0,Västerås,VYB:Line:26,850 Oslo - Arlanda - Stockholm,850,coach,VYB:ServiceJourney:bf630e676fe8d8467a79feb0097bf8bf3a5272da,False,planned,False,,,,,2026-09-08T00:20:52.129880+02:00
NSR:StopPlace:59243,Mo i Rana stasjon,2026-09-07T21:38:00+02:00,2026-09-07T21:38:00+02:00,,0.0,0,Grubbåsen,NOR:Line:12_8371,Grubbåsen - Båsmobakken/Skillevollen,1,bus,NOR:ServiceJourney:8371_251012124858550_2038,False,planned,False,,,,,2026-09-08T00:20:52.129880+02:00
NSR:StopPlace:59261,Trondheim lufthavn,2026-09-07T20:30:00+02:00,2026-09-07T20:30:00+02:00,,0.0,0,Flybuss Ekspress Trondheim,UNI:Line:FB73,Nidarvoll - Moholt - Trondheim sentrum - Værnes,FB73,bus,UNI:ServiceJourney:FB73-168023-46431312,False,planned,False,,,,,2026-09-08T00:20:52.129880+02:00
NSR:StopPlace:59261,Trondheim lufthavn,2026-09-07T20:45:00+02:00,2026-09-07T20:45:00+02:00,,0.0,0,Flybuss Ekspress Trondheim,UNI:Line:FB73,Nidarvoll - Moholt - Trondheim sentrum - Værnes,FB73,bus,UNI:ServiceJourney:FB73-168023-46431292,False,planned,False,,,,,2026-09-08T00:20:52.129880+02:00
NSR:StopPlace:59261,Trondheim lufthavn,2026-09-07T20:47:00+02:00,2026-09-07T20:47:00+02:00,,0.0,0,Stjørdal stasjon,ATB:Line:2_70,Stjørdal/Hommelvik- Trondheim,70,bus,ATB:ServiceJourney:70_251215112547105_95,False,planned,False,,,,,2026-09-08T00:20:52.129880+02:00
NSR:StopPlace:59261,Trondheim lufthavn,2026-09-07T21:00:00+02:00,2026-09-07T21:00:00+02:00,,0.0,0,Flybuss Ekspress Trondheim,UNI:Line:FB73,Nidarvoll - Moholt - Trondheim sentrum - Værnes,FB73,bus,UNI:ServiceJourney:FB73-168023-46431293,False,planned,False,,,,,2026-09-08T00:20:52.129880+02:00
NSR:StopPlace:59261,Trondheim lufthavn,2026-09-07T21:00:00+02:00,2026-09-07T21:00:00+02:00,,0.0,0,Marienborg via Brattøra,ATB:Line:2_70,Stjørdal/Hommelvik- Trondheim,70,bus,ATB:ServiceJourney:70_251215112547006_100,False,planned,False,,,,,2026-09-08T00:20:52.129880+02:00
NSR:StopPlace:59261,Trondheim lufthavn,2026-09-07T21:04:00+02:00,2026-09-07T21:04:00+02:00,,0.0,0,Melhus skysstasjon,SJN:Line:26,Trønderbanen,R70,rail,SJN:ServiceJourney:450-STK_56079-R,False,planned,False,,,,,2026-09-08T00:20:52.129880+02:00
NSR:StopPlace:59261,Trondheim lufthavn,2026-09-07T21:15:00+02:00,2026-09-07T21:15:00+02:00,,0.0,0,Flybuss Ekspress Trondheim,UNI:Line:FB73,Nidarvoll - Moholt - Trondheim sentrum - Værnes,FB73,bus,UNI:ServiceJourney:FB73-168023-46431295,False,planned,False,,,,,2026-09-08T00:20:52.129880+02:00
NSR:StopPlace:59261,Trondheim lufthavn,2026-09-07T21:30:00+02:00,2026-09-07T21:30:00+02:00,,0.0,0,Flybuss Ekspress Trondheim,UNI:Line:FB73,Nidarvoll - Moholt - Trondheim sentrum - Værnes,FB73,bus,UNI:ServiceJourney:FB73-168023-46431294,False,planned,False,,,,,2026-09-08T00:20:52.129880+02:00
NSR:StopPlace:59261,Trondheim lufthavn,2026-09-07T21:45:00+02:00,2026-09-07T21:45:00+02:00,,0.0,0,Flybuss Ekspress Trondheim,UNI:Line:FB73,Nidarvoll - Moholt - Trondheim sentrum - Værnes,FB73,bus,UNI:ServiceJourney:FB73-168023-46431304,False,planned,False,,,,,2026-09-08T00:20:52.129880+02:00
NSR:StopPlace:59261,Trondheim lufthavn,2026-09-07T21:47:00+02:00,2026-09-07T21:47:00+02:00,,0.0,0,Stjørdal stasjon,ATB:Line:2_70,Stjørdal/Hommelvik- Trondheim,70,bus,ATB:ServiceJourney:70_251215112547106_101,False,planned,False,,,,,2026-09-08T00:20:52.129880+02:00
NSR:StopPlace:59261,Trondheim lufthavn,2026-09-07T21:48:00+02:00,2026-09-07T21:48:00+02:00,,0.0,0,Trondheim S,SJN:Line:71,Nordlandsbanen,F7,rail,SJN:ServiceJourney:472_46160-R,False,planned,False,,,,,2026-09-08T00:20:52.129880+02:00
NSR:StopPlace:59261,Trondheim lufthavn,2026-09-07T22:00:00+02:00,2026-09-07T22:00:00+02:00,,0.0,0,Flybuss Ekspress Trondheim,UNI:Line:FB73,Nidarvoll - Moholt - Trondheim sentrum - Værnes,FB73,bus,UNI:ServiceJourney:FB73-168023-46431308,False,planned,False,,,,,2026-09-08T00:20:52.129880+02:00
NSR:StopPlace:59261,Trondheim lufthavn,2026-09-07T22:15:00+02:00,2026-09-07T22:15:00+02:00,,0.0,0,Flybuss Ekspress Trondheim,UNI:Line:FB73,Nidarvoll - Moholt - Trondheim sentrum - Værnes,FB73,bus,UNI:ServiceJourney:FB73-168023-46431303,False,planned,False,,,,,2026-09-08T00:20:52.129880+02:00
NSR:StopPlace:59261,Trondheim lufthavn,2026-09-07T22:30:00+02:00,2026-09-07T22:30:00+02:00,,0.0,0,Flybuss Ekspress Trondheim,UNI:Line:FB73,Nidarvoll - Moholt - Trondheim sentrum - Værnes,FB73,bus,UNI:ServiceJourney:FB73-168023-46431313,False,planned,False,,,,,2026-09-08T00:20:52.129880+02:00
NSR:StopPlace:59261,Trondheim lufthavn,2026-09-07T22:45:00+02:00,2026-09-07T22:45:00+02:00,,0.0,0,Flybuss Ekspress Trondheim,UNI:Line:FB73,Nidarvoll - Moholt - Trondheim sentrum - Værnes,FB73,bus,UNI:ServiceJourney:FB73-168023-46431296,False,planned,False,,,,,2026-09-08T00:20:52.129880+02:00
NSR:StopPlace:59261,Trondheim lufthavn,2026-09-07T23:00:00+02:00,2026-09-07T23:00:00+02:00,,0.0,0,Flybuss Ekspress Trondheim,UNI:Line:FB73,Nidarvoll - Moholt - Trondheim sentrum - Værnes,FB73,bus,UNI:ServiceJourney:FB73-168023-46431297,False,planned,False,,,,,2026-09-08T00:20:52.129880+02:00
NSR:StopPlace:59261,Trondheim lufthavn,2026-09-07T23:15:00+02:00,2026-09-07T23:15:00+02:00,,0.0,0,Flybuss Ekspress Trondheim,UNI:Line:FB73,Nidarvoll - Moholt - Trondheim sentrum - Værnes,FB73,bus,UNI:ServiceJourney:FB73-168023-46431299,False,planned,False,,,,,2026-09-08T00:20:52.129880+02:00
NSR:StopPlace:59261,Trondheim lufthavn,2026-09-07T23:30:00+02:00,2026-09-07T23:30:00+02:00,,0.0,0,Flybuss Ekspress Trondheim,UNI:Line:FB73,Nidarvoll - Moholt - Trondheim sentrum - Værnes,FB73,bus,UNI:ServiceJourney:FB73-168023-46431298,False,planned,False,,,,,2026-09-08T00:20:52.129880+02:00
NSR:StopPlace:60271,Varhaug stasjon,2026-09-07T20:48:00+02:00,2026-09-07T20:48:00+02:00,,0.0,0,Stavanger,GOA:Line:59,Jærbanen,L5,rail,GOA:ServiceJourney:3065_63123-R,False,planned,False,,,,,2026-09-08T00:20:52.129880+02:00
NSR:StopPlace:60271,Varhaug stasjon,2026-09-07T21:38:00+02:00,2026-09-07T21:38:00+02:00,,0.0,0,Egersund,GOA:Line:59,Jærbanen,L5,rail,GOA:ServiceJourney:3068_63129-R,False,planned,False,,,,,2026-09-08T00:20:52.129880+02:00
NSR:StopPlace:60569,Sirevåg stasjon,2026-09-07T20:33:00+02:00,2026-09-07T20:33:00+02:00,,0.0,0,Stavanger,GOA:Line:59,Jærbanen,L5,rail,GOA:ServiceJourney:3065_63123-R,False,planned,False,,,,,2026-09-08T00:20:52.129880+02:00
NSR:StopPlace:60569,Sirevåg stasjon,2026-09-07T21:54:00+02:00,2026-09-07T21:54:00+02:00,,0.0,0,Egersund,GOA:Line:59,Jærbanen,L5,rail,GOA:ServiceJourney:3068_63129-R,False,planned,False,,,,,2026-09-08T00:20:52.129880+02:00
NSR:StopPlace:59616,Asker stasjon,2026-09-07T20:25:00+02:00,2026-09-07T20:25:00+02:00,,0.0,0,Sandvika,RUT:Line:270,Asker - Sandvika (- Fornebu),270,bus,RUT:ServiceJourney:57a3b4a39e5e02eb48c2d84426be47d5,False,planned,False,,,,,2026-09-08T00:20:52.129880+02:00
NSR:StopPlace:59616,Asker stasjon,2026-09-07T20:29:00+02:00,2026-09-07T20:29:00+02:00,,0.0,0,Eidsvoll,VYG:Line:R12,Kongsberg-Oslo S-Eidsvoll,R12,rail,VYG:ServiceJourney:532_444341-R,False,planned,False,,,,,2026-09-08T00:20:52.129880+02:00
NSR:StopPlace:59616,Asker stasjon,2026-09-07T20:30:00+02:00,2026-09-07T20:30:00+02:00,,0.0,0,Kongsberg,VYG:Line:R12,Kongsberg-Oslo S-Eidsvoll,R12,rail,VYG:ServiceJourney:531_444339-R,False,planned,False,,,,,2026-09-08T00:20:52.129880+02:00
NSR:StopPlace:59616,Asker stasjon,2026-09-07T20:34:00+02:00,2026-09-07T20:34:00+02:00,,0.0,0,Oslo Lufthavn,FLT:Line:FLY1,FLY1,FLY1,rail,FLT:ServiceJourney:1-2614-3799-20260907,False,planned,False,,,,,2026-09-08T00:20:52.129880+02:00
NSR:StopPlace:59616,Asker stasjon,2026-09-07T20:34:00+02:00,2026-09-07T20:34:00+02:00,,0.0,0,Lillestrøm,VYG:Line:L1,Spikkestad-Oslo S-Lillestrøm,L1,rail,VYG:ServiceJourney:2266_443696-R,False,planned,False,,,,,2026-09-08T00:20:52.129880+02:00
NSR:StopPlace:59616,Asker stasjon,2026-09-07T20:35:00+02:00,2026-09-07T20:35:00+02:00,,0.0,0,Blakstad,RUT:Line:290,Asker - Blakstad,290,bus,RUT:ServiceJourney:e9039bd217df1cbc5f95134327c34a38,False,planned,False,,,,,2026-09-08T00:20:52.129880+02:00
NSR:StopPlace:59616,Asker stasjon,2026-09-07T20:37:00+02:00,2026-09-07T20:37:00+02:00,,0.0,0,Dikemark,RUT:Line:280,Asker - Dikemark - Heggedal,280,bus,RUT:ServiceJourney:f7dff56b33bae834de7f4cdb42e44bb5,False,planned,False,,,,,2026-09-08T00:20:52.129880+02:00
NSR:StopPlace:59616,Asker stasjon,2026-09-07T20:40:00+02:00,2026-09-07T20:40:00+02:00,,0.0,0,Drammen,VYG:Line:R13,Drammen-Oslo S-Dal,R13,rail,VYG:ServiceJourney:1660_443344-R,False,planned,False,,,,,2026-09-08T00:20:52.129880+02:00
NSR:StopPlace:59616,Asker stasjon,2026-09-07T20:40:00+02:00,2026-09-07T20:40:00+02:00,,0.0,0,Fornebu,RUT:Line:270,Asker - Sandvika (- Fornebu),270,bus,RUT:ServiceJourney:7a59c32af146db092c62f1a080958ef7,False,planned,False,,,,,2026-09-08T00:20:52.129880+02:00
NSR:StopPlace:59616,Asker stasjon,2026-09-07T20:45:00+02:00,2026-09-07T20:45:00+02:00,,0.0,0,Borgen,RUT:Line:281,Borgen - Asker,281,bus,RUT:ServiceJourney:60fefa0ab6d82636f5472e9b4a8398ac,False,planned,False,,,,,2026-09-08T00:20:52.129880+02:00
NSR:StopPlace:59616,Asker stasjon,2026-09-07T20:46:00+02:00,2026-09-07T20:46:00+02:00,,0.0,0,Spikkestad,VYG:Line:L1,Spikkestad-Oslo S-Lillestrøm,L1,rail,VYG:ServiceJourney:2261_443688-R,False,planned,False,,,,,2026-09-08T00:20:52.129880+02:00
NSR:StopPlace:59616,Asker stasjon,2026-09-07T20:48:00+02:00,2026-09-07T20:48:00+02:00,,0.0,0,Lillestrøm,VYG:Line:L1,Spikkestad-Oslo S-Lillestrøm,L1,rail,VYG:ServiceJourney:2166_443576-R,False,planned,False,,,,,2026-09-08T00:20:52.129880+02:00
NSR:StopPlace:59616,Asker stasjon,2026-09-07T20:49:00+02:00,2026-09-07T20:49:00+02:00,,0.0,0,Dal,VYG:Line:R13,Drammen-Oslo S-Dal,R13,rail,VYG:ServiceJourney:1665_443353-R,False,planned,False,,,,,2026-09-08T00:20:52.129880+02:00
NSR:StopPlace:59616,Asker stasjon,2026-09-07T20:49:00+02:00,2026-09-07T20:49:00+02:00,,0.0,0,Lierbyen - Drammen,BRA:Line:4_6071,Drammen - Stoppen - Lierbyen - Asker,71,bus,BRA:ServiceJourney:6071_260415100160747_1090,False,planned,False,Fra 17/8 går linje 61-63-71-73-251-261 og skolebusser fra holdeplass ved Skutebrygga ut av byen.Les mer på brakar.no/trafikkmeldinger.,,general,normal,2026-09-08T00:20:52.129880+02:00
NSR:StopPlace:59616,Asker stasjon,2026-09-07T20:50:00+02:00,2026-09-07T20:50:00+02:00,,0.0,0,Drammen,VYG:Line:RE10,Drammen-Oslo S-Lillehammer,RE10,rail,VYG:ServiceJourney:330-LHM_444236-R,False,planned,False,,,,,2026-09-08T00:20:52.129880+02:00
NSR:StopPlace:59616,Asker stasjon,2026-09-07T20:50:00+02:00,2026-09-07T20:50:00+02:00,,0.0,0,Blakstad,RUT:Line:290,Asker - Blakstad,290,bus,RUT:ServiceJourney:3865247fd9ece436b7b8f1df6a78066a,False,planned,False,,,,,2026-09-08T00:20:52.129880+02:00
NSR:StopPlace:59616,Asker stasjon,2026-09-07T20:54:00+02:00,2026-09-07T20:54:00+02:00,,0.0,0,Oslo Lufthavn,FLT:Line:FLY1,FLY1,FLY1,rail,FLT:ServiceJourney:1-2614-3801-20260907,False,planned,False,,,,,2026-09-08T00:20:52.129880+02:00
NSR:StopPlace:59616,Asker stasjon,2026-09-07T20:57:00+02:00,2026-09-07T20:57:00+02:00,,0.0,0,Heggedal,RUT:Line:280,Asker - Dikemark - Heggedal,280,bus,RUT:ServiceJourney:d88905f2ca62de5052ca91a1a786ac08,False,planned,False,,,,,2026-09-08T00:20:52.129880+02:00
NSR:StopPlace:59616,Asker stasjon,2026-09-07T20:59:00+02:00,2026-09-07T20:59:00+02:00,,0.0,0,Eidsvoll,VYG:Line:RE11,Eidsvoll-Oslo S-Skien,RE11,rail,VYG:ServiceJourney:832_481337-R,False,planned,False,,,,,2026-09-08T00:20:52.129880+02:00
NSR:StopPlace:59616,Asker stasjon,2026-09-07T21:04:00+02:00,2026-09-07T21:04:00+02:00,,0.0,0,Lillestrøm,VYG:Line:L1,Spikkestad-Oslo S-Lillestrøm,L1,rail,VYG:ServiceJourney:2268_445367-R,False,planned,False,,,,,2026-09-08T00:20:52.129880+02:00
NSR:StopPlace:59616,Asker stasjon,2026-09-07T21:05:00+02:00,2026-09-07T21:05:00+02:00,,0.0,0,Blakstad,RUT:Line:290,Asker - Blakstad,290,bus,RUT:ServiceJourney:6b467f796df2948e42902d578909f928,False,planned,False,,,,,2026-09-08T00:20:52.129880+02:00
NSR:StopPlace:59616,Asker stasjon,2026-09-07T21:10:00+02:00,2026-09-07T21:10:00+02:00,,0.0,0,Drammen,VYG:Line:R13,Drammen-Oslo S-Dal,R13,rail,VYG:ServiceJourney:1662_443348-R,False,planned,False,,,,,2026-09-08T00:20:52.129880+02:00
NSR:StopPlace:59616,Asker stasjon,2026-09-07T21:10:00+02:00,2026-09-07T21:10:00+02:00,,0.0,0,Sandvika,RUT:Line:270,Asker - Sandvika (- Fornebu),270,bus,RUT:ServiceJourney:c579334cae9e4fa8e303022176a57686,False,planned,False,,,,,2026-09-08T00:20:52.129880+02:00
NSR:StopPlace:59616,Asker stasjon,2026-09-07T21:14:00+02:00,2026-09-07T21:14:00+02:00,,0.0,0,Oslo Lufthavn,FLT:Line:FLY1,FLY1,FLY1,rail,FLT:ServiceJourney:1-2614-3803-20260907,False,planned,False,,,,,2026-09-08T00:20:52.129880+02:00
NSR:StopPlace:59616,Asker stasjon,2026-09-07T21:15:00+02:00,2026-09-07T21:15:00+02:00,,0.0,0,Borgen,RUT:Line:281,Borgen - Asker,281,bus,RUT:ServiceJourney:43860204bb938bfbbe591a2a3aff1adc,False,planned,False,,,,,2026-09-08T00:20:52.129880+02:00
NSR:StopPlace:59616,Asker stasjon,2026-09-07T21:16:00+02:00,2026-09-07T21:16:00+02:00,,0.0,0,Spikkestad,VYG:Line:L1,Spikkestad-Oslo S-Lillestrøm,L1,rail,VYG:ServiceJourney:2263_443691-R,False,planned,False,,,,,2026-09-08T00:20:52.129880+02:00
NSR:StopPlace:59616,Asker stasjon,2026-09-07T21:17:00+02:00,2026-09-07T21:17:00+02:00,,0.0,0,Dikemark,RUT:Line:280,Asker - Dikemark - Heggedal,280,bus,RUT:ServiceJourney:a40a8c0fb1dbdc144491471bc63de0c3,False,planned,False,,,,,2026-09-08T00:20:52.129880+02:00
NSR:StopPlace:59616,Asker stasjon,2026-09-07T21:17:00+02:00,2026-09-07T21:17:00+02:00,,0.0,0,Vøyen,RUT:Line:275,Asker - Vøyen,275,bus,RUT:ServiceJourney:df87ef3fa4294446e9a28b99b293dac5,False,planned,False,,,,,2026-09-08T00:20:52.129880+02:00
NSR:StopPlace:59616,Asker stasjon,2026-09-07T21:35:00+02:00,2026-09-07T21:35:00+02:00,,0.0,0,Blakstad,RUT:Line:290,Asker - Blakstad,290,bus,RUT:ServiceJourney:2acc0edd7d65535daa2c153616fd5973,False,planned,False,,,,,2026-09-08T00:20:52.129880+02:00
NSR:StopPlace:59616,Asker stasjon,2026-09-07T21:37:00+02:00,2026-09-07T21:37:00+02:00,,0.0,0,Dikemark,RUT:Line:280,Asker - Dikemark - Heggedal,280,bus,RUT:ServiceJourney:6212f4d31acf65694e799d1abbd2bc44,False,planned,False,,,,,2026-09-08T00:20:52.129880+02:00
NSR:StopPlace:59616,Asker stasjon,2026-09-07T21:40:00+02:00,2026-09-07T21:40:00+02:00,,0.0,0,Drammen,VYG:Line:R13,Drammen-Oslo S-Dal,R13,rail,VYG:ServiceJourney:1664_481175-R,False,planned,False,,,,,2026-09-08T00:20:52.129880+02:00
NSR:StopPlace:59616,Asker stasjon,2026-09-07T21:40:00+02:00,2026-09-07T21:40:00+02:00,,0.0,0,Sandvika,RUT:Line:270,Asker - Sandvika (- Fornebu),270,bus,RUT:ServiceJourney:fdca8790e7fbfbc1e9d9796fd592f2df,False,planned,False,,,,,2026-09-08T00:20:52.129880+02:00
NSR:StopPlace:59616,Asker stasjon,2026-09-07T21:45:00+02:00,2026-09-07T21:45:00+02:00,,0.0,0,Borgen,RUT:Line:281,Borgen - Asker,281,bus,RUT:ServiceJourney:2dae1332f55751b2d357657c6ef8e2c8,False,planned,False,,,,,2026-09-08T00:20:52.129880+02:00
NSR:StopPlace:59616,Asker stasjon,2026-09-07T21:46:00+02:00,2026-09-07T21:46:00+02:00,,0.0,0,Spikkestad,VYG:Line:L1,Spikkestad-Oslo S-Lillestrøm,L1,rail,VYG:ServiceJourney:2265_443694-R,False,planned,False,,,,,2026-09-08T00:20:52.129880+02:00
NSR:StopPlace:59616,Asker stasjon,2026-09-07T21:50:00+02:00,2026-09-07T21:50:00+02:00,,0.0,0,Drammen,VYG:Line:RE10,Drammen-Oslo S-Lillehammer,RE10,rail,VYG:ServiceJourney:332-LHM_444245-R,False,planned,False,,,,,2026-09-08T00:20:52.129880+02:00
NSR:StopPlace:59620,Grorud stasjon,2026-09-07T20:23:00+02:00,2026-09-07T20:23:00+02:00,,0.0,0,Lillestrøm,VYG:Line:L1,Spikkestad-Oslo S-Lillestrøm,L1,rail,VYG:ServiceJourney:2262_443690-R,False,planned,False,,,,,2026-09-08T00:20:52.129880+02:00
NSR:StopPlace:59620,Grorud stasjon,2026-09-07T20:24:00+02:00,2026-09-07T20:24:00+02:00,,0.0,0,Oslo lufthavn,NBU:Line:cb7b555c-f96e-42d5-84bf-a5e08c0145c2,Radiumhospitalet via Økern-Storo-Tåsen,FB3,bus,NBU:ServiceJourney:995b4142-ade4-4aff-aac2-b2af761bcfca,False,planned,False,,,,,2026-09-08T00:20:52.129880+02:00
NSR:StopPlace:59620,Grorud stasjon,2026-09-07T20:24:00+02:00,2026-09-07T20:24:00+02:00,,0.0,0,Grorud T,RUT:Line:79,Grorud T - Åsbråten,79,bus,RUT:ServiceJourney:b85e49fbecd02e4fe33f69800d6eecb1,False,planned,False,,,,,2026-09-08T00:20:52.129880+02:00
NSR:StopPlace:59620,Grorud stasjon,2026-09-07T20:27:00+02:00,2026-09-07T20:27:00+02:00,,0.0,0,Stovner,RUT:Line:65,Furuset T - Stovner T via Smedstua,65,bus,RUT:ServiceJourney:3d8c7235b518aa5a2ea74d374568f451,False,planned,False,,,,,2026-09-08T00:20:52.129880+02:00
NSR:StopPlace:59620,Grorud stasjon,2026-09-07T20:27:00+02:00,2026-09-07T20:27:00+02:00,,0.0,0,Spikkestad,VYG:Line:L1,Spikkestad-Oslo S-Lillestrøm,L1,rail,VYG:ServiceJourney:2263_443691-R,False,planned,False,,,,,2026-09-08T00:20:52.129880+02:00
NSR:StopPlace:59620,Grorud stasjon,2026-09-07T20:30:00+02:00,2026-09-07T20:30:00+02:00,,0.0,0,Furuset,RUT:Line:65,Furuset T - Stovner T via Smedstua,65,bus,RUT:ServiceJourney:c645acf1eec769122ec75f3a98fc16d8,False,planned,False,,,,,2026-09-08T00:20:52.129880+02:00
NSR:StopPlace:59620,Grorud stasjon,2026-09-07T20:32:00+02:00,2026-09-07T20:32:00+02:00,,0.0,0,Grorud T,RUT:Line:66,Helsfyr T - Grorud T,66,bus,RUT:ServiceJourney:b22a553289b004c73f62f84f0a9cb9be,False,planned,False,,,,,2026-09-08T00:20:52.129880+02:00
NSR:StopPlace:59620,Grorud stasjon,2026-09-07T20:34:00+02:00,2026-09-07T20:34:00+02:00,,0.0,0,Åsbråten,RUT:Line:79,Grorud T - Åsbråten,79,bus,RUT:ServiceJourney:64b465065457dd44717664c65bfcef89,False,planned,False,,,,,2026-09-08T00:20:52.129880+02:00
NSR:StopPlace:59620,Grorud stasjon,2026-09-07T20:35:00+02:00,2026-09-07T20:35:00+02:00,,0.0,0,Helsfyr,RUT:Line:66,Helsfyr T - Grorud T,66,bus,RUT:ServiceJourney:1fc9f245cdc3d7a10d1b15258c38d145,False,planned,False,,,,,2026-09-08T00:20:52.129880+02:00
NSR:StopPlace:59620,Grorud stasjon,2026-09-07T20:38:00+02:00,2026-09-07T20:38:00+02:00,,0.0,0,Lillestrøm,VYG:Line:L1,Spikkestad-Oslo S-Lillestrøm,L1,rail,VYG:ServiceJourney:2162_443572-R,False,planned,False,,,,,2026-09-08T00:20:52.129880+02:00
NSR:StopPlace:59620,Grorud stasjon,2026-09-07T20:39:00+02:00,2026-09-07T20:39:00+02:00,,0.0,0,Grorud T,RUT:Line:79,Grorud T - Åsbråten,79,bus,RUT:ServiceJourney:d4794ef1145b232a7661c2c9c5819e47,False,planned,False,,,,,2026-09-08T00:20:52.129880+02:00
NSR:StopPlace:59620,Grorud stasjon,2026-09-07T20:42:00+02:00,2026-09-07T20:42:00+02:00,,0.0,0,Stovner,RUT:Line:65,Furuset T - Stovner T via Smedstua,65,bus,RUT:ServiceJourney:b4084218e16f66bf1ccb2001a342c38e,False,planned,False,,,,,2026-09-08T00:20:52.129880+02:00
NSR:StopPlace:59620,Grorud stasjon,2026-09-07T20:42:00+02:00,2026-09-07T20:42:00+02:00,,0.0,0,Asker,VYG:Line:L1,Spikkestad-Oslo S-Lillestrøm,L1,rail,VYG:ServiceJourney:2163_443573-R,False,planned,False,,,,,2026-09-08T00:20:52.129880+02:00
NSR:StopPlace:59620,Grorud stasjon,2026-09-07T20:45:00+02:00,2026-09-07T20:45:00+02:00,,0.0,0,Furuset,RUT:Line:65,Furuset T - Stovner T via Smedstua,65,bus,RUT:ServiceJourney:06c1ee7f9650ab8d2ec3e6f23b538e27,False,planned,False,,,,,2026-09-08T00:20:52.129880+02:00
NSR:StopPlace:59620,Grorud stasjon,2026-09-07T20:47:00+02:00,2026-09-07T20:47:00+02:00,,0.0,0,Grorud T,RUT:Line:66,Helsfyr T - Grorud T,66,bus,RUT:ServiceJourney:c7580d002164ac6ccf8debd31f029b15,False,planned,False,,,,,2026-09-08T00:20:52.129880+02:00
NSR:StopPlace:59620,Grorud stasjon,2026-09-07T20:49:00+02:00,2026-09-07T20:49:00+02:00,,0.0,0,Åsbråten,RUT:Line:79,Grorud T - Åsbråten,79,bus,RUT:ServiceJourney:a86a0967ff854f96a26cebeadc6cde3e,False,planned,False,,,,,2026-09-08T00:20:52.129880+02:00
NSR:StopPlace:59620,Grorud stasjon,2026-09-07T20:50:00+02:00,2026-09-07T20:50:00+02:00,,0.0,0,Helsfyr,RUT:Line:66,Helsfyr T - Grorud T,66,bus,RUT:ServiceJourney:353834ed9c00ebecd271e88d52cb1d0f,False,planned,False,,,,,2026-09-08T00:20:52.129880+02:00
NSR:StopPlace:59620,Grorud stasjon,2026-09-07T20:53:00+02:00,2026-09-07T20:53:00+02:00,,0.0,0,Lillestrøm,VYG:Line:L1,Spikkestad-Oslo S-Lillestrøm,L1,rail,VYG:ServiceJourney:2264_445363-R,False,planned,False,,,,,2026-09-08T00:20:52.129880+02:00
NSR:StopPlace:59620,Grorud stasjon,2026-09-07T20:54:00+02:00,2026-09-07T20:54:00+02:00,,0.0,0,Oslo lufthavn,NBU:Line:cb7b555c-f96e-42d5-84bf-a5e08c0145c2,Radiumhospitalet via Økern-Storo-Tåsen,FB3,bus,NBU:ServiceJourney:3b15e1c2-9706-40f9-8c19-c69cc72656cd,False,planned,False,,,,,2026-09-08T00:20:52.129880+02:00
NSR:StopPlace:59620,Grorud stasjon,2026-09-07T20:54:00+02:00,2026-09-07T20:54:00+02:00,,0.0,0,Grorud T,RUT:Line:79,Grorud T - Åsbråten,79,bus,RUT:ServiceJourney:f40c90951130420d0439039630e171d0,False,planned,False,,,,,2026-09-08T00:20:52.129880+02:00
NSR:StopPlace:59620,Grorud stasjon,2026-09-07T20:57:00+02:00,2026-09-07T20:57:00+02:00,,0.0,0,Stovner,RUT:Line:65,Furuset T - Stovner T via Smedstua,65,bus,RUT:ServiceJourney:64ecf253c1a3f1159d0071a9fcaf3432,False,planned,False,,,,,2026-09-08T00:20:52.129880+02:00
NSR:StopPlace:59620,Grorud stasjon,2026-09-07T20:57:00+02:00,2026-09-07T20:57:00+02:00,,0.0,0,Spikkestad,VYG:Line:L1,Spikkestad-Oslo S-Lillestrøm,L1,rail,VYG:ServiceJourney:2265_443694-R,False,planned,False,,,,,2026-09-08T00:20:52.129880+02:00
NSR:StopPlace:59620,Grorud stasjon,2026-09-07T21:00:00+02:00,2026-09-07T21:00:00+02:00,,0.0,0,Furuset,RUT:Line:65,Furuset T - Stovner T via Smedstua,65,bus,RUT:ServiceJourney:133a389615d3a08e4b77dbbce1ef7e58,False,planned,False,,,,,2026-09-08T00:20:52.129880+02:00
NSR:StopPlace:59620,Grorud stasjon,2026-09-07T21:02:00+02:00,2026-09-07T21:02:00+02:00,,0.0,0,Grorud T,RUT:Line:66,Helsfyr T - Grorud T,66,bus,RUT:ServiceJourney:43e03d56aba4174972b89867a5125848,False,planned,False,,,,,2026-09-08T00:20:52.129880+02:00
NSR:StopPlace:59620,Grorud stasjon,2026-09-07T21:04:00+02:00,2026-09-07T21:04:00+02:00,,0.0,0,Åsbråten,RUT:Line:79,Grorud T - Åsbråten,79,bus,RUT:ServiceJourney:8000ea5ec331637990df7b64895f7ef0,False,planned,False,,,,,2026-09-08T00:20:52.129880+02:00
NSR:StopPlace:59620,Grorud stasjon,2026-09-07T21:05:00+02:00,2026-09-07T21:05:00+02:00,,0.0,0,Helsfyr,RUT:Line:66,Helsfyr T - Grorud T,66,bus,RUT:ServiceJourney:831840fa545b9d89ce067bdb6f44d30a,False,planned,False,,,,,2026-09-08T00:20:52.129880+02:00
NSR:StopPlace:59620,Grorud stasjon,2026-09-07T21:08:00+02:00,2026-09-07T21:08:00+02:00,,0.0,0,Lillestrøm,VYG:Line:L1,Spikkestad-Oslo S-Lillestrøm,L1,rail,VYG:ServiceJourney:2164_443574-R,False,planned,False,,,,,2026-09-08T00:20:52.129880+02:00
NSR:StopPlace:59620,Grorud stasjon,2026-09-07T21:09:00+02:00,2026-09-07T21:09:00+02:00,,0.0,0,Grorud T,RUT:Line:79,Grorud T - Åsbråten,79,bus,RUT:ServiceJourney:8ace8efe6f2a338b6cbfa90e11bd3433,False,planned,False,,,,,2026-09-08T00:20:52.129880+02:00
NSR:StopPlace:59620,Grorud stasjon,2026-09-07T21:12:00+02:00,2026-09-07T21:12:00+02:00,,0.0,0,Stovner,RUT:Line:65,Furuset T - Stovner T via Smedstua,65,bus,RUT:ServiceJourney:c9b0026275072c43a8e6bf851ed38211,False,planned,False,,,,,2026-09-08T00:20:52.129880+02:00
NSR:StopPlace:59620,Grorud stasjon,2026-09-07T21:12:00+02:00,2026-09-07T21:12:00+02:00,,0.0,0,Asker,VYG:Line:L1,Spikkestad-Oslo S-Lillestrøm,L1,rail,VYG:ServiceJourney:2165_443575-R,False,planned,False,,,,,2026-09-08T00:20:52.129880+02:00
NSR:StopPlace:59620,Grorud stasjon,2026-09-07T21:15:00+02:00,2026-09-07T21:15:00+02:00,,0.0,0,Furuset,RUT:Line:65,Furuset T - Stovner T via Smedstua,65,bus,RUT:ServiceJourney:dc8811d0982b1bc23521e7735b83f065,False,planned,False,,,,,2026-09-08T00:20:52.129880+02:00
NSR:StopPlace:59620,Grorud stasjon,2026-09-07T21:17:00+02:00,2026-09-07T21:17:00+02:00,,0.0,0,Grorud T,RUT:Line:66,Helsfyr T - Grorud T,66,bus,RUT:ServiceJourney:464ca3e3f6d6d38a30fef4fcb760845d,False,planned,False,,,,,2026-09-08T00:20:52.129880+02:00
NSR:StopPlace:59620,Grorud stasjon,2026-09-07T21:20:00+02:00,2026-09-07T21:20:00+02:00,,0.0,0,Helsfyr,RUT:Line:66,Helsfyr T - Grorud T,66,bus,RUT:ServiceJourney:954db2bc56098092c5ca7f0c36db4149,False,planned,False,,,,,2026-09-08T00:20:52.129880+02:00
NSR:StopPlace:59620,Grorud stasjon,2026-09-07T21:23:00+02:00,2026-09-07T21:23:00+02:00,,0.0,0,Lillestrøm,VYG:Line:L1,Spikkestad-Oslo S-Lillestrøm,L1,rail,VYG:ServiceJourney:2266_443696-R,False,planned,False,,,,,2026-09-08T00:20:52.129880+02:00
NSR:StopPlace:59620,Grorud stasjon,2026-09-07T21:24:00+02:00,2026-09-07T21:24:00+02:00,,0.0,0,Oslo lufthavn,NBU:Line:cb7b555c-f96e-42d5-84bf-a5e08c0145c2,Radiumhospitalet via Økern-Storo-Tåsen,FB3,bus,NBU:ServiceJourney:a78622de-dbf1-4a47-935f-47e6232c274c,False,planned,False,,,,,2026-09-08T00:20:52.129880+02:00
NSR:StopPlace:59620,Grorud stasjon,2026-09-07T21:24:00+02:00,2026-09-07T21:24:00+02:00,,0.0,0,Grorud T,RUT:Line:79,Grorud T - Åsbråten,79,bus,RUT:ServiceJourney:a697b8b4141d3d434c01ade3f8afc8e1,False,planned,False,,,,,2026-09-08T00:20:52.129880+02:00
NSR:StopPlace:59620,Grorud stasjon,2026-09-07T21:27:00+02:00,2026-09-07T21:27:00+02:00,,0.0,0,Stovner,RUT:Line:65,Furuset T - Stovner T via Smedstua,65,bus,RUT:ServiceJourney:1c7b071da8f18888df1edfc7d957e1ee,False,planned,False,,,,,2026-09-08T00:20:52.129880+02:00
NSR:StopPlace:59620,Grorud stasjon,2026-09-07T21:30:00+02:00,2026-09-07T21:30:00+02:00,,0.0,0,Furuset,RUT:Line:65,Furuset T - Stovner T via Smedstua,65,bus,RUT:ServiceJourney:1902763ec886352874ea6c1d0d07182b,False,planned,False,,,,,2026-09-08T00:20:52.129880+02:00
NSR:StopPlace:59620,Grorud stasjon,2026-09-07T21:32:00+02:00,2026-09-07T21:32:00+02:00,,0.0,0,Grorud T,RUT:Line:66,Helsfyr T - Grorud T,66,bus,RUT:ServiceJourney:953af2ec1ab33581b86cce30b8392830,False,planned,False,,,,,2026-09-08T00:20:52.129880+02:00
NSR:StopPlace:59620,Grorud stasjon,2026-09-07T21:35:00+02:00,2026-09-07T21:35:00+02:00,,0.0,0,Helsfyr,RUT:Line:66,Helsfyr T - Grorud T,66,bus,RUT:ServiceJourney:2a4e24abd252d4974320021bc979fd86,False,planned,False,,,,,2026-09-08T00:20:52.129880+02:00
NSR:StopPlace:59620,Grorud stasjon,2026-09-07T21:38:00+02:00,2026-09-07T21:38:00+02:00,,0.0,0,Lillestrøm,VYG:Line:L1,Spikkestad-Oslo S-Lillestrøm,L1,rail,VYG:ServiceJourney:2166_443576-R,False,planned,False,,,,,2026-09-08T00:20:52.129880+02:00
NSR:StopPlace:59620,Grorud stasjon,2026-09-07T21:39:00+02:00,2026-09-07T21:39:00+02:00,,0.0,0,Grorud T,RUT:Line:79,Grorud T - Åsbråten,79,bus,RUT:ServiceJourney:d2c6c3afc584022ebedbf74c51c583d4,False,planned,False,,,,,2026-09-08T00:20:52.129880+02:00
NSR:StopPlace:59620,Grorud stasjon,2026-09-07T21:42:00+02:00,2026-09-07T21:42:00+02:00,,0.0,0,Stovner,RUT:Line:65,Furuset T - Stovner T via Smedstua,65,bus,RUT:ServiceJourney:d3bbce58130d74529e4b9f904b947e61,False,planned,False,,,,,2026-09-08T00:20:52.129880+02:00
NSR:StopPlace:59620,Grorud stasjon,2026-09-07T21:45:00+02:00,2026-09-07T21:45:00+02:00,,0.0,0,Furuset,RUT:Line:65,Furuset T - Stovner T via Smedstua,65,bus,RUT:ServiceJourney:9811ec9cca59da67d5b04288321cb0bc,False,planned,False,,,,,2026-09-08T00:20:52.129880+02:00
NSR:StopPlace:59620,Grorud stasjon,2026-09-07T21:47:00+02:00,2026-09-07T21:47:00+02:00,,0.0,0,Grorud T,RUT:Line:66,Helsfyr T - Grorud T,66,bus,RUT:ServiceJourney:dad9237acaa17681b9577dcc3f56712c,False,planned,False,,,,,2026-09-08T00:20:52.129880+02:00
NSR:StopPlace:59620,Grorud stasjon,2026-09-07T21:50:00+02:00,2026-09-07T21:50:00+02:00,,0.0,0,Helsfyr,RUT:Line:66,Helsfyr T - Grorud T,66,bus,RUT:ServiceJourney:c122fc2561671a25fc5c85c7309f909f,False,planned,False,,,,,2026-09-08T00:20:52.129880+02:00
NSR:StopPlace:59635,Hauketo stasjon,2026-09-07T20:24:00+02:00,2026-09-07T20:24:00+02:00,,0.0,0,Holmlia stasjon,RUT:Line:73,Holmlia stasjon - Brenna,73,bus,RUT:ServiceJourney:6c609307a5700916a772249830ca3ef1,False,planned,False,,,,,2026-09-08T00:20:52.129880+02:00
NSR:StopPlace:59635,Hauketo stasjon,2026-09-07T20:25:00+02:00,2026-09-07T20:25:00+02:00,,0.0,0,Holmlia stasjon,RUT:Line:77,Holmlia stasjon - Bjørndal,77,bus,RUT:ServiceJourney:e460a87f336ee49c1d408174f41f146b,False,planned,False,,,,,2026-09-08T00:20:52.129880+02:00
NSR:StopPlace:59635,Hauketo stasjon,2026-09-07T20:27:00+02:00,2026-09-07T20:27:00+02:00,,0.0,0,Ski,VYG:Line:L2,Stabekk-Oslo S-Ski,L2,rail,VYG:ServiceJourney:2761-HVK_443975-R,False,planned,False,,,,,2026-09-08T00:20:52.129880+02:00
NSR:StopPlace:59635,Hauketo stasjon,2026-09-07T20:27:00+02:00,2026-09-07T20:27:00+02:00,,0.0,0,Åsbråten,RUT:Line:79,Grorud T - Åsbråten,79,bus,RUT:ServiceJourney:3553a779d96ce7b180148be076648a08,False,planned,False,,,,,2026-09-08T00:20:52.129880+02:00
NSR:StopPlace:59635,Hauketo stasjon,2026-09-07T20:28:00+02:00,2026-09-07T20:28:00+02:00,,0.0,0,Filipstad,RUT:Line:81,Fornebu - Myrvoll stasjon,81,bus,RUT:ServiceJourney:b3d27b88760e1cf5fb94383112f74838,False,planned,False,,,,,2026-09-08T00:20:52.129880+02:00
NSR:StopPlace:59635,Hauketo stasjon,2026-09-07T20:32:00+02:00,2026-09-07T20:32:00+02:00,,0.0,0,Stabekk,VYG:Line:L2,Stabekk-Oslo S-Ski,L2,rail,VYG:ServiceJourney:2766-SKI_443983-R,False,planned,False,,,,,2026-09-08T00:20:52.129880+02:00
NSR:StopPlace:59635,Hauketo stasjon,2026-09-07T20:33:00+02:00,2026-09-07T20:33:00+02:00,,0.0,0,Brenna,RUT:Line:73,Holmlia stasjon - Brenna,73,bus,RUT:ServiceJourney:f1f8b3397609cfbbe5e1b3db053a5cca,False,planned,False,,,,,2026-09-08T00:20:52.129880+02:00
NSR:StopPlace:59635,Hauketo stasjon,2026-09-07T20:33:00+02:00,2026-09-07T20:33:00+02:00,,0.0,0,Grorud T,RUT:Line:79,Grorud T - Åsbråten,79,bus,RUT:ServiceJourney:a697b8b4141d3d434c01ade3f8afc8e1,False,planned,False,,,,,2026-09-08T00:20:52.129880+02:00
NSR:StopPlace:59635,Hauketo stasjon,2026-09-07T20:33:00+02:00,2026-09-07T20:33:00+02:00,,0.0,0,Myrvoll stasjon,RUT:Line:81,Fornebu - Myrvoll stasjon,81,bus,RUT:ServiceJourney:fb88876246677e6fc0a1f30f5b2f2d85,False,planned,False,,,,,2026-09-08T00:20:52.129880+02:00
NSR:StopPlace:59635,Hauketo stasjon,2026-09-07T20:35:00+02:00,2026-09-07T20:35:00+02:00,,0.0,0,Bjørndal,RUT:Line:77,Holmlia stasjon - Bjørndal,77,bus,RUT:ServiceJourney:589261b38352de8613a867bada650766,False,planned,False,,,,,2026-09-08T00:20:52.129880+02:00
NSR:StopPlace:59635,Hauketo stasjon,2026-09-07T20:37:00+02:00,2026-09-07T20:37:00+02:00,,0.0,0,Kolbotn,RUT:Line:87,Hauketo stasjon - Kolbotn,87,bus,RUT:ServiceJourney:8affde3dd3b086a92f82074453eb0bf7,False,planned,False,,,,,2026-09-08T00:20:52.129880+02:00
NSR:StopPlace:59635,Hauketo stasjon,2026-09-07T20:39:00+02:00,2026-09-07T20:39:00+02:00,,0.0,0,Holmlia stasjon,RUT:Line:73,Holmlia stasjon - Brenna,73,bus,RUT:ServiceJourney:84747f7d42edae831cfd8616608b5e77,False,planned,False,,,,,2026-09-08T00:20:52.129880+02:00
NSR:StopPlace:59635,Hauketo stasjon,2026-09-07T20:40:00+02:00,2026-09-07T20:40:00+02:00,,0.0,0,Holmlia stasjon,RUT:Line:77,Holmlia stasjon - Bjørndal,77,bus,RUT:ServiceJourney:44c8efb43ba7a8d1e2e179dbd7b78f5f,False,planned,False,,,,,2026-09-08T00:20:52.129880+02:00
NSR:StopPlace:59635,Hauketo stasjon,2026-09-07T20:42:00+02:00,2026-09-07T20:42:00+02:00,,0.0,0,Ski,VYG:Line:L2,Stabekk-Oslo S-Ski,L2,rail,VYG:ServiceJourney:2861_444104-R,False,planned,False,,,,,2026-09-08T00:20:52.129880+02:00
NSR:StopPlace:59635,Hauketo stasjon,2026-09-07T20:42:00+02:00,2026-09-07T20:42:00+02:00,,0.0,0,Åsbråten,RUT:Line:79,Grorud T - Åsbråten,79,bus,RUT:ServiceJourney:1b1d571a6350b032f693d0720bfaf50d,False,planned,False,,,,,2026-09-08T00:20:52.129880+02:00
NSR:StopPlace:59635,Hauketo stasjon,2026-09-07T20:43:00+02:00,2026-09-07T20:43:00+02:00,,0.0,0,Enebakk kirke,RUT:Line:550,Enebakk - Oslo,550,bus,RUT:ServiceJourney:7aa010159637431bc3d8d73bcfc3055e,False,planned,False,,,,,2026-09-08T00:20:52.129880+02:00
NSR:StopPlace:59635,Hauketo stasjon,2026-09-07T20:43:00+02:00,2026-09-07T20:43:00+02:00,,0.0,0,Filipstad,RUT:Line:81,Fornebu - Myrvoll stasjon,81,bus,RUT:ServiceJourney:b12b1c745dcec1ccfc010de97ee057bd,False,planned,False,,,,,2026-09-08T00:20:52.129880+02:00
NSR:StopPlace:59635,Hauketo stasjon,2026-09-07T20:47:00+02:00,2026-09-07T20:47:00+02:00,,0.0,0,Oslo S,VYG:Line:L2,Stabekk-Oslo S-Ski,L2,rail,VYG:ServiceJourney:2866_444109-R,False,planned,False,,,,,2026-09-08T00:20:52.129880+02:00
NSR:StopPlace:59635,Hauketo stasjon,2026-09-07T20:48:00+02:00,2026-09-07T20:48:00+02:00,,0.0,0,Brenna,RUT:Line:73,Holmlia stasjon - Brenna,73,bus,RUT:ServiceJourney:fe26d1b3a3bfcdb39c5371f3ea877dab,False,planned,False,,,,,2026-09-08T00:20:52.129880+02:00
NSR:StopPlace:59635,Hauketo stasjon,2026-09-07T20:48:00+02:00,2026-09-07T20:48:00+02:00,,0.0,0,Grorud T,RUT:Line:79,Grorud T - Åsbråten,79,bus,RUT:ServiceJourney:d2c6c3afc584022ebedbf74c51c583d4,False,planned,False,,,,,2026-09-08T00:20:52.129880+02:00
NSR:StopPlace:59635,Hauketo stasjon,2026-09-07T20:48:00+02:00,2026-09-07T20:48:00+02:00,,0.0,0,Myrvoll stasjon,RUT:Line:81,Fornebu - Myrvoll stasjon,81,bus,RUT:ServiceJourney:fc6b46858855b472c260cec325e6198e,False,planned,False,,,,,2026-09-08T00:20:52.129880+02:00
NSR:StopPlace:59635,Hauketo stasjon,2026-09-07T20:50:00+02:00,2026-09-07T20:50:00+02:00,,0.0,0,Bjørndal,RUT:Line:77,Holmlia stasjon - Bjørndal,77,bus,RUT:ServiceJourney:114a7dd417d287c00a7a022b7d324fb0,False,planned,False,,,,,2026-09-08T00:20:52.129880+02:00
NSR:StopPlace:59635,Hauketo stasjon,2026-09-07T20:54:00+02:00,2026-09-07T20:54:00+02:00,,0.0,0,Holmlia stasjon,RUT:Line:73,Holmlia stasjon - Brenna,73,bus,RUT:ServiceJourney:e2f6806b5afc8638206ce042fc4d1ff1,False,planned,False,,,,,2026-09-08T00:20:52.129880+02:00
NSR:StopPlace:59635,Hauketo stasjon,2026-09-07T20:55:00+02:00,2026-09-07T20:55:00+02:00,,0.0,0,Holmlia stasjon,RUT:Line:77,Holmlia stasjon - Bjørndal,77,bus,RUT:ServiceJourney:f248a2bf806456f19a913a94d73685e7,False,planned,False,,,,,2026-09-08T00:20:52.129880+02:00
NSR:StopPlace:59635,Hauketo stasjon,2026-09-07T20:57:00+02:00,2026-09-07T20:57:00+02:00,,0.0,0,Ski,VYG:Line:L2,Stabekk-Oslo S-Ski,L2,rail,VYG:ServiceJourney:2763-HVK_443979-R,False,planned,False,,,,,2026-09-08T00:20:52.129880+02:00
NSR:StopPlace:59635,Hauketo stasjon,2026-09-07T20:57:00+02:00,2026-09-07T20:57:00+02:00,,0.0,0,Åsbråten,RUT:Line:79,Grorud T - Åsbråten,79,bus,RUT:ServiceJourney:201e5feb7862681e363242fb58fc96ab,False,planned,False,,,,,2026-09-08T00:20:52.129880+02:00
NSR:StopPlace:59635,Hauketo stasjon,2026-09-07T20:58:00+02:00,2026-09-07T20:58:00+02:00,,0.0,0,Filipstad,RUT:Line:81,Fornebu - Myrvoll stasjon,81,bus,RUT:ServiceJourney:66bca72246d976abe460e5591e5ff669,False,planned,False,,,,,2026-09-08T00:20:52.129880+02:00
NSR:StopPlace:59635,Hauketo stasjon,2026-09-07T21:02:00+02:00,2026-09-07T21:02:00+02:00,,0.0,0,Stabekk,VYG:Line:L2,Stabekk-Oslo S-Ski,L2,rail,VYG:ServiceJourney:2768-SKI_443986-R,False,planned,False,,,,,2026-09-08T00:20:52.129880+02:00
NSR:StopPlace:59635,Hauketo stasjon,2026-09-07T21:03:00+02:00,2026-09-07T21:03:00+02:00,,0.0,0,Brenna,RUT:Line:73,Holmlia stasjon - Brenna,73,bus,RUT:ServiceJourney:27069c36f34562f4a7f1ba73694bb136,False,planned,False,,,,,2026-09-08T00:20:52.129880+02:00
NSR:StopPlace:59635,Hauketo stasjon,2026-09-07T21:03:00+02:00,2026-09-07T21:03:00+02:00,,0.0,0,Grorud T,RUT:Line:79,Grorud T - Åsbråten,79,bus,RUT:ServiceJourney:c8ddc25496442b42ec6e906b644790fb,False,planned,False,,,,,2026-09-08T00:20:52.129880+02:00
NSR:StopPlace:59635,Hauketo stasjon,2026-09-07T21:03:00+02:00,2026-09-07T21:03:00+02:00,,0.0,0,Myrvoll stasjon,RUT:Line:81,Fornebu - Myrvoll stasjon,81,bus,RUT:ServiceJourney:ac85168289acccbff54894d329b3fb3a,False,planned,False,,,,,2026-09-08T00:20:52.129880+02:00
NSR:StopPlace:59635,Hauketo stasjon,2026-09-07T21:05:00+02:00,2026-09-07T21:05:00+02:00,,0.0,0,Bjørndal,RUT:Line:77,Holmlia stasjon - Bjørndal,77,bus,RUT:ServiceJourney:a2b64fc2b50e6e06bf12ce1a7feca4fb,False,planned,False,,,,,2026-09-08T00:20:52.129880+02:00
NSR:StopPlace:59635,Hauketo stasjon,2026-09-07T21:07:00+02:00,2026-09-07T21:07:00+02:00,,0.0,0,Kolbotn,RUT:Line:87,Hauketo stasjon - Kolbotn,87,bus,RUT:ServiceJourney:1065248c780d10ab3db2e6f9dab2b6b0,False,planned,False,,,,,2026-09-08T00:20:52.129880+02:00
NSR:StopPlace:59635,Hauketo stasjon,2026-09-07T21:09:00+02:00,2026-09-07T21:09:00+02:00,,0.0,0,Holmlia stasjon,RUT:Line:73,Holmlia stasjon - Brenna,73,bus,RUT:ServiceJourney:3db0f9353a8892f5c5810818561db7c6,False,planned,False,,,,,2026-09-08T00:20:52.129880+02:00
NSR:StopPlace:59635,Hauketo stasjon,2026-09-07T21:10:00+02:00,2026-09-07T21:10:00+02:00,,0.0,0,Holmlia stasjon,RUT:Line:77,Holmlia stasjon - Bjørndal,77,bus,RUT:ServiceJourney:fd58f14244b09433a983182a72f8fd1c,False,planned,False,,,,,2026-09-08T00:20:52.129880+02:00
NSR:StopPlace:59635,Hauketo stasjon,2026-09-07T21:12:00+02:00,2026-09-07T21:12:00+02:00,,0.0,0,Ski,VYG:Line:L2,Stabekk-Oslo S-Ski,L2,rail,VYG:ServiceJourney:2863-BES_488395-R,False,planned,False,,,,,2026-09-08T00:20:52.129880+02:00
NSR:StopPlace:59635,Hauketo stasjon,2026-09-07T21:12:00+02:00,2026-09-07T21:12:00+02:00,,0.0,0,Åsbråten,RUT:Line:79,Grorud T - Åsbråten,79,bus,RUT:ServiceJourney:f4d8c153776823dd1cdfc0d954295e3d,False,planned,False,,,,,2026-09-08T00:20:52.129880+02:00
NSR:StopPlace:59635,Hauketo stasjon,2026-09-07T21:13:00+02:00,2026-09-07T21:13:00+02:00,,0.0,0,Ski stasjon,RUT:Line:515,Ski - Oslo,515,bus,RUT:ServiceJourney:976bd3a58ec911995ada6610393e8e8b,False,planned,False,,,,,2026-09-08T00:20:52.129880+02:00
NSR:StopPlace:59635,Hauketo stasjon,2026-09-07T21:13:00+02:00,2026-09-07T21:13:00+02:00,,0.0,0,Filipstad,RUT:Line:81,Fornebu - Myrvoll stasjon,81,bus,RUT:ServiceJourney:e8906c6015a29859050ead81613d1489,False,planned,False,,,,,2026-09-08T00:20:52.129880+02:00
NSR:StopPlace:59635,Hauketo stasjon,2026-09-07T21:17:00+02:00,2026-09-07T21:17:00+02:00,,0.0,0,Skøyen,VYG:Line:L2,Stabekk-Oslo S-Ski,L2,rail,VYG:ServiceJourney:2868-SKI_488398-R,False,planned,False,,,,,2026-09-08T00:20:52.129880+02:00
NSR:StopPlace:59635,Hauketo stasjon,2026-09-07T21:18:00+02:00,2026-09-07T21:18:00+02:00,,0.0,0,Brenna,RUT:Line:73,Holmlia stasjon - Brenna,73,bus,RUT:ServiceJourney:99cb823039b9c36ac6bbde38809b1dd9,False,planned,False,,,,,2026-09-08T00:20:52.129880+02:00
NSR:StopPlace:59635,Hauketo stasjon,2026-09-07T21:18:00+02:00,2026-09-07T21:18:00+02:00,,0.0,0,Grorud T,RUT:Line:79,Grorud T - Åsbråten,79,bus,RUT:ServiceJourney:38c391217f989e661f80ea34f494e69f,False,planned,False,,,,,2026-09-08T00:20:52.129880+02:00
NSR:StopPlace:59635,Hauketo stasjon,2026-09-07T21:18:00+02:00,2026-09-07T21:18:00+02:00,,0.0,0,Myrvoll stasjon,RUT:Line:81,Fornebu - Myrvoll stasjon,81,bus,RUT:ServiceJourney:ec717abcc73a0e1833d7d853bb57f1c4,False,planned,False,,,,,2026-09-08T00:20:52.129880+02:00
NSR:StopPlace:59635,Hauketo stasjon,2026-09-07T21:24:00+02:00,2026-09-07T21:24:00+02:00,,0.0,0,Holmlia stasjon,RUT:Line:73,Holmlia stasjon - Brenna,73,bus,RUT:ServiceJourney:ec0f340c9a61bc364307ab4f092b96f2,False,planned,False,,,,,2026-09-08T00:20:52.129880+02:00
NSR:StopPlace:59635,Hauketo stasjon,2026-09-07T21:25:00+02:00,2026-09-07T21:25:00+02:00,,0.0,0,Holmlia stasjon,RUT:Line:77,Holmlia stasjon - Bjørndal,77,bus,RUT:ServiceJourney:e2d0de45aed519d729bd697ce924acc9,False,planned,False,,,,,2026-09-08T00:20:52.129880+02:00
NSR:StopPlace:59635,Hauketo stasjon,2026-09-07T21:27:00+02:00,2026-09-07T21:27:00+02:00,,0.0,0,Ski,VYG:Line:L2,Stabekk-Oslo S-Ski,L2,rail,VYG:ServiceJourney:2765-HVK_443981-R,False,planned,False,,,,,2026-09-08T00:20:52.129880+02:00
NSR:StopPlace:59635,Hauketo stasjon,2026-09-07T21:27:00+02:00,2026-09-07T21:27:00+02:00,,0.0,0,Åsbråten,RUT:Line:79,Grorud T - Åsbråten,79,bus,RUT:ServiceJourney:64b465065457dd44717664c65bfcef89,False,planned,False,,,,,2026-09-08T00:20:52.129880+02:00
NSR:StopPlace:59635,Hauketo stasjon,2026-09-07T21:28:00+02:00,2026-09-07T21:28:00+02:00,,0.0,0,Filipstad,RUT:Line:81,Fornebu - Myrvoll stasjon,81,bus,RUT:ServiceJourney:72577f635ea6bb6342be00623a174228,False,planned,False,,,,,2026-09-08T00:20:52.129880+02:00
NSR:StopPlace:59635,Hauketo stasjon,2026-09-07T21:32:00+02:00,2026-09-07T21:32:00+02:00,,0.0,0,Stabekk,VYG:Line:L2,Stabekk-Oslo S-Ski,L2,rail,VYG:ServiceJourney:2770-SKI_443990-R,False,planned,False,,,,,2026-09-08T00:20:52.129880+02:00
NSR:StopPlace:59635,Hauketo stasjon,2026-09-07T21:33:00+02:00,2026-09-07T21:33:00+02:00,,0.0,0,Brenna,RUT:Line:73,Holmlia stasjon - Brenna,73,bus,RUT:ServiceJourney:50f5a22c6dce26832ee390c31dbc5347,False,planned,False,,,,,2026-09-08T00:20:52.129880+02:00
NSR:StopPlace:59636,Holmlia stasjon,2026-09-07T20:21:00+02:00,2026-09-07T20:21:00+02:00,,0.0,0,Krummedike,RUT:Line:2077,Holmlia stasjon - Asperudåsen,77B,bus,RUT:ServiceJourney:ee11dc39cc847faf3ea4010a1a2aeee4,False,planned,False,,,,,2026-09-08T00:20:52.129880+02:00
NSR:StopPlace:59636,Holmlia stasjon,2026-09-07T20:23:00+02:00,2026-09-07T20:23:00+02:00,,0.0,0,Åsbråten,RUT:Line:80,Jernbanetorget - Åsbråten,80E,bus,RUT:ServiceJourney:ae93346a1f2fcb768e1edab3fdbb4c9c,False,planned,False,Linje 80E og 83 får Hausmanns bru som ny endeholdeplass fra 29. juni,"Bussene stopper ikke på Jernbanetorget etter 29. juni, men starter og stopper på Hausmanns bru i Nylandsveien.",incident,normal,2026-09-08T00:20:52.129880+02:00
NSR:StopPlace:59636,Holmlia stasjon,2026-09-07T20:25:00+02:00,2026-09-07T20:25:00+02:00,,0.0,0,Grorud T,RUT:Line:79,Grorud T - Åsbråten,79,bus,RUT:ServiceJourney:a697b8b4141d3d434c01ade3f8afc8e1,False,planned,False,,,,,2026-09-08T00:20:52.129880+02:00
NSR:StopPlace:59636,Holmlia stasjon,2026-09-07T20:27:00+02:00,2026-09-07T20:27:00+02:00,,0.0,0,Bjørndal,RUT:Line:77,Holmlia stasjon - Bjørndal,77,bus,RUT:ServiceJourney:589261b38352de8613a867bada650766,False,planned,False,,,,,2026-09-08T00:20:52.129880+02:00
NSR:StopPlace:59636,Holmlia stasjon,2026-09-07T20:27:00+02:00,2026-09-07T20:27:00+02:00,,0.0,0,Krummedike,RUT:Line:2077,Holmlia stasjon - Asperudåsen,77B,bus,RUT:ServiceJourney:ee11dc39cc847faf3ea4010a1a2aeee4,False,planned,False,,,,,2026-09-08T00:20:52.129880+02:00
NSR:StopPlace:59636,Holmlia stasjon,2026-09-07T20:29:00+02:00,2026-09-07T20:29:00+02:00,,0.0,0,Ski,VYG:Line:L2,Stabekk-Oslo S-Ski,L2,rail,VYG:ServiceJourney:2761-HVK_443975-R,False,planned,False,,,,,2026-09-08T00:20:52.129880+02:00
NSR:StopPlace:59636,Holmlia stasjon,2026-09-07T20:29:00+02:00,2026-09-07T20:29:00+02:00,,0.0,0,Brenna,RUT:Line:73,Holmlia stasjon - Brenna,73,bus,RUT:ServiceJourney:f1f8b3397609cfbbe5e1b3db053a5cca,False,planned,False,,,,,2026-09-08T00:20:52.129880+02:00
NSR:StopPlace:59636,Holmlia stasjon,2026-09-07T20:30:00+02:00,2026-09-07T20:30:00+02:00,,0.0,0,Stabekk,VYG:Line:L2,Stabekk-Oslo S-Ski,L2,rail,VYG:ServiceJourney:2766-SKI_443983-R,False,planned,False,,,,,2026-09-08T00:20:52.129880+02:00
NSR:StopPlace:59636,Holmlia stasjon,2026-09-07T20:34:00+02:00,2026-09-07T20:34:00+02:00,,0.0,0,Åsbråten,RUT:Line:79,Grorud T - Åsbråten,79,bus,RUT:ServiceJourney:3553a779d96ce7b180148be076648a08,False,planned,False,,,,,2026-09-08T00:20:52.129880+02:00
NSR:StopPlace:59636,Holmlia stasjon,2026-09-07T20:36:00+02:00,2026-09-07T20:36:00+02:00,,0.0,0,Krummedike,RUT:Line:2077,Holmlia stasjon - Asperudåsen,77B,bus,RUT:ServiceJourney:08df745d3a6b72b6a46383966e7fb203,False,planned,False,,,,,2026-09-08T00:20:52.129880+02:00
NSR:StopPlace:59636,Holmlia stasjon,2026-09-07T20:40:00+02:00,2026-09-07T20:40:00+02:00,,0.0,0,Grorud T,RUT:Line:79,Grorud T - Åsbråten,79,bus,RUT:ServiceJourney:d2c6c3afc584022ebedbf74c51c583d4,False,planned,False,,,,,2026-09-08T00:20:52.129880+02:00
NSR:StopPlace:59636,Holmlia stasjon,2026-09-07T20:42:00+02:00,2026-09-07T20:42:00+02:00,,0.0,0,Bjørndal,RUT:Line:77,Holmlia stasjon - Bjørndal,77,bus,RUT:ServiceJourney:114a7dd417d287c00a7a022b7d324fb0,False,planned,False,,,,,2026-09-08T00:20:52.129880+02:00
NSR:StopPlace:59636,Holmlia stasjon,2026-09-07T20:42:00+02:00,2026-09-07T20:42:00+02:00,,0.0,0,Krummedike,RUT:Line:2077,Holmlia stasjon - Asperudåsen,77B,bus,RUT:ServiceJourney:08df745d3a6b72b6a46383966e7fb203,False,planned,False,,,,,2026-09-08T00:20:52.129880+02:00
NSR:StopPlace:59636,Holmlia stasjon,2026-09-07T20:44:00+02:00,2026-09-07T20:44:00+02:00,,0.0,0,Ski,VYG:Line:L2,Stabekk-Oslo S-Ski,L2,rail,VYG:ServiceJourney:2861_444104-R,False,planned,False,,,,,2026-09-08T00:20:52.129880+02:00
NSR:StopPlace:59636,Holmlia stasjon,2026-09-07T20:44:00+02:00,2026-09-07T20:44:00+02:00,,0.0,0,Brenna,RUT:Line:73,Holmlia stasjon - Brenna,73,bus,RUT:ServiceJourney:fe26d1b3a3bfcdb39c5371f3ea877dab,False,planned,False,,,,,2026-09-08T00:20:52.129880+02:00
NSR:StopPlace:59636,Holmlia stasjon,2026-09-07T20:45:00+02:00,2026-09-07T20:45:00+02:00,,0.0,0,Oslo S,VYG:Line:L2,Stabekk-Oslo S-Ski,L2,rail,VYG:ServiceJourney:2866_444109-R,False,planned,False,,,,,2026-09-08T00:20:52.129880+02:00
NSR:StopPlace:59636,Holmlia stasjon,2026-09-07T20:46:00+02:00,2026-09-07T20:46:00+02:00,,0.0,0,Bjørvika,RUT:Line:80,Jernbanetorget - Åsbråten,80E,bus,RUT:ServiceJourney:fecb118a12cf770a4b00951e4f2bcedd,False,planned,False,Linje 80E og 83 får Hausmanns bru som ny endeholdeplass fra 29. juni,"Bussene stopper ikke på Jernbanetorget etter 29. juni, men starter og stopper på Hausmanns bru i Nylandsveien.",incident,normal,2026-09-08T00:20:52.129880+02:00
NSR:StopPlace:59636,Holmlia stasjon,2026-09-07T20:49:00+02:00,2026-09-07T20:49:00+02:00,,0.0,0,Åsbråten,RUT:Line:79,Grorud T - Åsbråten,79,bus,RUT:ServiceJourney:1b1d571a6350b032f693d0720bfaf50d,False,planned,False,,,,,2026-09-08T00:20:52.129880+02:00
NSR:StopPlace:59636,Holmlia stasjon,2026-09-07T20:51:00+02:00,2026-09-07T20:51:00+02:00,,0.0,0,Krummedike,RUT:Line:2077,Holmlia stasjon - Asperudåsen,77B,bus,RUT:ServiceJourney:4050eaa2ac6361ce52e344bffab0892c,False,planned,False,,,,,2026-09-08T00:20:52.129880+02:00
NSR:StopPlace:59636,Holmlia stasjon,2026-09-07T20:53:00+02:00,2026-09-07T20:53:00+02:00,,0.0,0,Åsbråten,RUT:Line:80,Jernbanetorget - Åsbråten,80E,bus,RUT:ServiceJourney:b77b2dc6e713d9abe907995acbacc937,False,planned,False,Linje 80E og 83 får Hausmanns bru som ny endeholdeplass fra 29. juni,"Bussene stopper ikke på Jernbanetorget etter 29. juni, men starter og stopper på Hausmanns bru i Nylandsveien.",incident,normal,2026-09-08T00:20:52.129880+02:00
NSR:StopPlace:59636,Holmlia stasjon,2026-09-07T20:55:00+02:00,2026-09-07T20:55:00+02:00,,0.0,0,Grorud T,RUT:Line:79,Grorud T - Åsbråten,79,bus,RUT:ServiceJourney:c8ddc25496442b42ec6e906b644790fb,False,planned,False,,,,,2026-09-08T00:20:52.129880+02:00
NSR:StopPlace:59636,Holmlia stasjon,2026-09-07T20:57:00+02:00,2026-09-07T20:57:00+02:00,,0.0,0,Bjørndal,RUT:Line:77,Holmlia stasjon - Bjørndal,77,bus,RUT:ServiceJourney:a2b64fc2b50e6e06bf12ce1a7feca4fb,False,planned,False,,,,,2026-09-08T00:20:52.129880+02:00
NSR:StopPlace:59636,Holmlia stasjon,2026-09-07T20:57:00+02:00,2026-09-07T20:57:00+02:00,,0.0,0,Krummedike,RUT:Line:2077,Holmlia stasjon - Asperudåsen,77B,bus,RUT:ServiceJourney:4050eaa2ac6361ce52e344bffab0892c,False,planned,False,,,,,2026-09-08T00:20:52.129880+02:00
NSR:StopPlace:59636,Holmlia stasjon,2026-09-07T20:59:00+02:00,2026-09-07T20:59:00+02:00,,0.0,0,Ski,VYG:Line:L2,Stabekk-Oslo S-Ski,L2,rail,VYG:ServiceJourney:2763-HVK_443979-R,False,planned,False,,,,,2026-09-08T00:20:52.129880+02:00
NSR:StopPlace:59636,Holmlia stasjon,2026-09-07T20:59:00+02:00,2026-09-07T20:59:00+02:00,,0.0,0,Brenna,RUT:Line:73,Holmlia stasjon - Brenna,73,bus,RUT:ServiceJourney:27069c36f34562f4a7f1ba73694bb136,False,planned,False,,,,,2026-09-08T00:20:52.129880+02:00
NSR:StopPlace:59636,Holmlia stasjon,2026-09-07T21:00:00+02:00,2026-09-07T21:00:00+02:00,,0.0,0,Stabekk,VYG:Line:L2,Stabekk-Oslo S-Ski,L2,rail,VYG:ServiceJourney:2768-SKI_443986-R,False,planned,False,,,,,2026-09-08T00:20:52.129880+02:00
NSR:StopPlace:59636,Holmlia stasjon,2026-09-07T21:04:00+02:00,2026-09-07T21:04:00+02:00,,0.0,0,Åsbråten,RUT:Line:79,Grorud T - Åsbråten,79,bus,RUT:ServiceJourney:201e5feb7862681e363242fb58fc96ab,False,planned,False,,,,,2026-09-08T00:20:52.129880+02:00
NSR:StopPlace:59636,Holmlia stasjon,2026-09-07T21:06:00+02:00,2026-09-07T21:06:00+02:00,,0.0,0,Krummedike,RUT:Line:2077,Holmlia stasjon - Asperudåsen,77B,bus,RUT:ServiceJourney:15decde49a7e039fcdfdba340e4ab1a4,False,planned,False,,,,,2026-09-08T00:20:52.129880+02:00
NSR:StopPlace:59636,Holmlia stasjon,2026-09-07T21:10:00+02:00,2026-09-07T21:10:00+02:00,,0.0,0,Grorud T,RUT:Line:79,Grorud T - Åsbråten,79,bus,RUT:ServiceJourney:38c391217f989e661f80ea34f494e69f,False,planned,False,,,,,2026-09-08T00:20:52.129880+02:00
NSR:StopPlace:59636,Holmlia stasjon,2026-09-07T21:12:00+02:00,2026-09-07T21:12:00+02:00,,0.0,0,Krummedike,RUT:Line:2077,Holmlia stasjon - Asperudåsen,77B,bus,RUT:ServiceJourney:15decde49a7e039fcdfdba340e4ab1a4,False,planned,False,,,,,2026-09-08T00:20:52.129880+02:00
NSR:StopPlace:59636,Holmlia stasjon,2026-09-07T21:14:00+02:00,2026-09-07T21:14:00+02:00,,0.0,0,Ski,VYG:Line:L2,Stabekk-Oslo S-Ski,L2,rail,VYG:ServiceJourney:2863-BES_488395-R,False,planned,False,,,,,2026-09-08T00:20:52.129880+02:00
NSR:StopPlace:59636,Holmlia stasjon,2026-09-07T21:14:00+02:00,2026-09-07T21:14:00+02:00,,0.0,0,Brenna,RUT:Line:73,Holmlia stasjon - Brenna,73,bus,RUT:ServiceJourney:99cb823039b9c36ac6bbde38809b1dd9,False,planned,False,,,,,2026-09-08T00:20:52.129880+02:00
NSR:StopPlace:59636,Holmlia stasjon,2026-09-07T21:15:00+02:00,2026-09-07T21:15:00+02:00,,0.0,0,Skøyen,VYG:Line:L2,Stabekk-Oslo S-Ski,L2,rail,VYG:ServiceJourney:2868-SKI_488398-R,False,planned,False,,,,,2026-09-08T00:20:52.129880+02:00
NSR:StopPlace:59636,Holmlia stasjon,2026-09-07T21:16:00+02:00,2026-09-07T21:16:00+02:00,,0.0,0,Bjørvika,RUT:Line:80,Jernbanetorget - Åsbråten,80E,bus,RUT:ServiceJourney:4bcdf50ba86a4d4b68f10c1042b83c06,False,planned,False,Linje 80E og 83 får Hausmanns bru som ny endeholdeplass fra 29. juni,"Bussene stopper ikke på Jernbanetorget etter 29. juni, men starter og stopper på Hausmanns bru i Nylandsveien.",incident,normal,2026-09-08T00:20:52.129880+02:00
NSR:StopPlace:59636,Holmlia stasjon,2026-09-07T21:19:00+02:00,2026-09-07T21:19:00+02:00,,0.0,0,Åsbråten,RUT:Line:79,Grorud T - Åsbråten,79,bus,RUT:ServiceJourney:f4d8c153776823dd1cdfc0d954295e3d,False,planned,False,,,,,2026-09-08T00:20:52.129880+02:00
NSR:StopPlace:59636,Holmlia stasjon,2026-09-07T21:21:00+02:00,2026-09-07T21:21:00+02:00,,0.0,0,Krummedike,RUT:Line:2077,Holmlia stasjon - Asperudåsen,77B,bus,RUT:ServiceJourney:51add20b9430f31c1dfa8ee0daa77c3f,False,planned,False,,,,,2026-09-08T00:20:52.129880+02:00
NSR:StopPlace:59636,Holmlia stasjon,2026-09-07T21:23:00+02:00,2026-09-07T21:23:00+02:00,,0.0,0,Åsbråten,RUT:Line:80,Jernbanetorget - Åsbråten,80E,bus,RUT:ServiceJourney:5c7a51b5bf5fdd9a01d1b52ea1c591b4,False,planned,False,Linje 80E og 83 får Hausmanns bru som ny endeholdeplass fra 29. juni,"Bussene stopper ikke på Jernbanetorget etter 29. juni, men starter og stopper på Hausmanns bru i Nylandsveien.",incident,normal,2026-09-08T00:20:52.129880+02:00
NSR:StopPlace:59636,Holmlia stasjon,2026-09-07T21:27:00+02:00,2026-09-07T21:27:00+02:00,,0.0,0,Bjørndal,RUT:Line:77,Holmlia stasjon - Bjørndal,77,bus,RUT:ServiceJourney:8763f696c5cb9a2a6e90ad0d174e6126,False,planned,False,,,,,2026-09-08T00:20:52.129880+02:00
NSR:StopPlace:59636,Holmlia stasjon,2026-09-07T21:27:00+02:00,2026-09-07T21:27:00+02:00,,0.0,0,Krummedike,RUT:Line:2077,Holmlia stasjon - Asperudåsen,77B,bus,RUT:ServiceJourney:51add20b9430f31c1dfa8ee0daa77c3f,False,planned,False,,,,,2026-09-08T00:20:52.129880+02:00
NSR:StopPlace:59636,Holmlia stasjon,2026-09-07T21:29:00+02:00,2026-09-07T21:29:00+02:00,,0.0,0,Ski,VYG:Line:L2,Stabekk-Oslo S-Ski,L2,rail,VYG:ServiceJourney:2765-HVK_443981-R,False,planned,False,,,,,2026-09-08T00:20:52.129880+02:00
NSR:StopPlace:59636,Holmlia stasjon,2026-09-07T21:29:00+02:00,2026-09-07T21:29:00+02:00,,0.0,0,Brenna,RUT:Line:73,Holmlia stasjon - Brenna,73,bus,RUT:ServiceJourney:50f5a22c6dce26832ee390c31dbc5347,False,planned,False,,,,,2026-09-08T00:20:52.129880+02:00
NSR:StopPlace:59636,Holmlia stasjon,2026-09-07T21:30:00+02:00,2026-09-07T21:30:00+02:00,,0.0,0,Stabekk,VYG:Line:L2,Stabekk-Oslo S-Ski,L2,rail,VYG:ServiceJourney:2770-SKI_443990-R,False,planned,False,,,,,2026-09-08T00:20:52.129880+02:00
NSR:StopPlace:59636,Holmlia stasjon,2026-09-07T21:34:00+02:00,2026-09-07T21:34:00+02:00,,0.0,0,Åsbråten,RUT:Line:79,Grorud T - Åsbråten,79,bus,RUT:ServiceJourney:64b465065457dd44717664c65bfcef89,False,planned,False,,,,,2026-09-08T00:20:52.129880+02:00
NSR:StopPlace:59636,Holmlia stasjon,2026-09-07T21:36:00+02:00,2026-09-07T21:36:00+02:00,,0.0,0,Krummedike,RUT:Line:2077,Holmlia stasjon - Asperudåsen,77B,bus,RUT:ServiceJourney:8af3b0db47980336e96448ff300c43f8,False,planned,False,,,,,2026-09-08T00:20:52.129880+02:00
NSR:StopPlace:59636,Holmlia stasjon,2026-09-07T21:42:00+02:00,2026-09-07T21:42:00+02:00,,0.0,0,Krummedike,RUT:Line:2077,Holmlia stasjon - Asperudåsen,77B,bus,RUT:ServiceJourney:8af3b0db47980336e96448ff300c43f8,False,planned,False,,,,,2026-09-08T00:20:52.129880+02:00
NSR:StopPlace:59636,Holmlia stasjon,2026-09-07T21:44:00+02:00,2026-09-07T21:44:00+02:00,,0.0,0,Ski,VYG:Line:L2,Stabekk-Oslo S-Ski,L2,rail,VYG:ServiceJourney:2865_444108-R,False,planned,False,,,,,2026-09-08T00:20:52.129880+02:00
NSR:StopPlace:59636,Holmlia stasjon,2026-09-07T21:44:00+02:00,2026-09-07T21:44:00+02:00,,0.0,0,Brenna,RUT:Line:73,Holmlia stasjon - Brenna,73,bus,RUT:ServiceJourney:1e4b88d1d7e717e6a10642e7de0b6d08,False,planned,False,,,,,2026-09-08T00:20:52.129880+02:00
NSR:StopPlace:59636,Holmlia stasjon,2026-09-07T21:45:00+02:00,2026-09-07T21:45:00+02:00,,0.0,0,Oslo S,VYG:Line:L2,Stabekk-Oslo S-Ski,L2,rail,VYG:ServiceJourney:2870_444114-R,False,planned,False,,,,,2026-09-08T00:20:52.129880+02:00
NSR:StopPlace:59637,Rosenholm stasjon,2026-09-07T21:28:00+02:00,2026-09-07T21:28:00+02:00,,0.0,0,Stabekk,VYG:Line:L2,Stabekk-Oslo S-Ski,L2,rail,VYG:ServiceJourney:2770-SKI_443990-R,False,planned,False,,,,,2026-09-08T00:20:52.129880+02:00
NSR:StopPlace:59637,Rosenholm stasjon,2026-09-07T21:31:00+02:00,2026-09-07T21:31:00+02:00,,0.0,0,Ski,VYG:Line:L2,Stabekk-Oslo S-Ski,L2,rail,VYG:ServiceJourney:2765-HVK_443981-R,False,planned,False,,,,,2026-09-08T00:20:52.129880+02:00
NSR:StopPlace:59637,Rosenholm stasjon,2026-09-07T21:43:00+02:00,2026-09-07T21:43:00+02:00,,0.0,0,Oslo S,VYG:Line:L2,Stabekk-Oslo S-Ski,L2,rail,VYG:ServiceJourney:2870_444114-R,False,planned,False,,,,,2026-09-08T00:20:52.129880+02:00
NSR:StopPlace:59637,Rosenholm stasjon,2026-09-07T21:46:00+02:00,2026-09-07T21:46:00+02:00,,0.0,0,Ski,VYG:Line:L2,Stabekk-Oslo S-Ski,L2,rail,VYG:ServiceJourney:2865_444108-R,False,planned,False,,,,,2026-09-08T00:20:52.129880+02:00
NSR:StopPlace:59637,Rosenholm stasjon,2026-09-07T22:01:00+02:00,2026-09-07T22:01:00+02:00,,0.0,0,Ski,VYG:Line:L2,Stabekk-Oslo S-Ski,L2,rail,VYG:ServiceJourney:2767-HVK_443985-R,False,planned,False,,,,,2026-09-08T00:20:52.129880+02:00
NSR:StopPlace:59637,Rosenholm stasjon,2026-09-07T22:16:00+02:00,2026-09-07T22:16:00+02:00,,0.0,0,Ski,VYG:Line:L2,Stabekk-Oslo S-Ski,L2,rail,VYG:ServiceJourney:2867-BES_488397-R,False,planned,False,,,,,2026-09-08T00:20:52.129880+02:00
NSR:StopPlace:59638,Myrvoll stasjon,2026-09-07T20:21:00+02:00,2026-09-07T20:21:00+02:00,,0.0,0,Stabekk,VYG:Line:L2,Stabekk-Oslo S-Ski,L2,rail,VYG:ServiceJourney:2766-SKI_443983-R,False,planned,False,,,,,2026-09-08T00:20:52.129880+02:00
NSR:StopPlace:59638,Myrvoll stasjon,2026-09-07T20:23:00+02:00,2026-09-07T20:23:00+02:00,,0.0,0,Ski,VYG:Line:L2,Stabekk-Oslo S-Ski,L2,rail,VYG:ServiceJourney:2859-BES_488392-R,False,planned,False,,,,,2026-09-08T00:20:52.129880+02:00
NSR:StopPlace:59638,Myrvoll stasjon,2026-09-07T20:26:00+02:00,2026-09-07T20:26:00+02:00,,0.0,0,Ski stasjon,RUT:Line:580,Kolbotn - Ski,580,bus,RUT:ServiceJourney:45e99b7efcd7580ac899a9f55aab0946,False,planned,False,,,,,2026-09-08T00:20:52.129880+02:00
NSR:StopPlace:59638,Myrvoll stasjon,2026-09-07T20:35:00+02:00,2026-09-07T20:35:00+02:00,,0.0,0,Filipstad,RUT:Line:81,Fornebu - Myrvoll stasjon,81,bus,RUT:ServiceJourney:66bca72246d976abe460e5591e5ff669,False,planned,False,,,,,2026-09-08T00:20:52.129880+02:00
NSR:StopPlace:59638,Myrvoll stasjon,2026-09-07T20:36:00+02:00,2026-09-07T20:36:00+02:00,,0.0,0,Oslo S,VYG:Line:L2,Stabekk-Oslo S-Ski,L2,rail,VYG:ServiceJourney:2866_444109-R,False,planned,False,,,,,2026-09-08T00:20:52.129880+02:00
NSR:StopPlace:59638,Myrvoll stasjon,2026-09-07T20:37:00+02:00,2026-09-07T20:37:00+02:00,,0.0,0,Kolbotn torg,RUT:Line:580,Kolbotn - Ski,580,bus,RUT:ServiceJourney:496ea797bb9c0ca97dd8d1bbddf80a37,False,planned,False,,,,,2026-09-08T00:20:52.129880+02:00
NSR:StopPlace:59638,Myrvoll stasjon,2026-09-07T20:38:00+02:00,2026-09-07T20:38:00+02:00,,0.0,0,Ski,VYG:Line:L2,Stabekk-Oslo S-Ski,L2,rail,VYG:ServiceJourney:2761-HVK_443975-R,False,planned,False,,,,,2026-09-08T00:20:52.129880+02:00
NSR:StopPlace:59638,Myrvoll stasjon,2026-09-07T20:50:00+02:00,2026-09-07T20:50:00+02:00,,0.0,0,Filipstad,RUT:Line:81,Fornebu - Myrvoll stasjon,81,bus,RUT:ServiceJourney:e8906c6015a29859050ead81613d1489,False,planned,False,,,,,2026-09-08T00:20:52.129880+02:00
NSR:StopPlace:59638,Myrvoll stasjon,2026-09-07T20:51:00+02:00,2026-09-07T20:51:00+02:00,,0.0,0,Stabekk,VYG:Line:L2,Stabekk-Oslo S-Ski,L2,rail,VYG:ServiceJourney:2768-SKI_443986-R,False,planned,False,,,,,2026-09-08T00:20:52.129880+02:00
NSR:StopPlace:59638,Myrvoll stasjon,2026-09-07T20:53:00+02:00,2026-09-07T20:53:00+02:00,,0.0,0,Ski,VYG:Line:L2,Stabekk-Oslo S-Ski,L2,rail,VYG:ServiceJourney:2861_444104-R,False,planned,False,,,,,2026-09-08T00:20:52.129880+02:00
NSR:StopPlace:59638,Myrvoll stasjon,2026-09-07T20:56:00+02:00,2026-09-07T20:56:00+02:00,,0.0,0,Ski stasjon,RUT:Line:580,Kolbotn - Ski,580,bus,RUT:ServiceJourney:d5bae92c929c55ce5171d9915b07893e,False,planned,False,,,,,2026-09-08T00:20:52.129880+02:00
NSR:StopPlace:59638,Myrvoll stasjon,2026-09-07T21:05:00+02:00,2026-09-07T21:05:00+02:00,,0.0,0,Filipstad,RUT:Line:81,Fornebu - Myrvoll stasjon,81,bus,RUT:ServiceJourney:72577f635ea6bb6342be00623a174228,False,planned,False,,,,,2026-09-08T00:20:52.129880+02:00
NSR:StopPlace:59638,Myrvoll stasjon,2026-09-07T21:06:00+02:00,2026-09-07T21:06:00+02:00,,0.0,0,Skøyen,VYG:Line:L2,Stabekk-Oslo S-Ski,L2,rail,VYG:ServiceJourney:2868-SKI_488398-R,False,planned,False,,,,,2026-09-08T00:20:52.129880+02:00
NSR:StopPlace:59638,Myrvoll stasjon,2026-09-07T21:07:00+02:00,2026-09-07T21:07:00+02:00,,0.0,0,Kolbotn torg,RUT:Line:580,Kolbotn - Ski,580,bus,RUT:ServiceJourney:2df4b2f9833aa53f8610c09f2071c039,False,planned,False,,,,,2026-09-08T00:20:52.129880+02:00
NSR:StopPlace:59638,Myrvoll stasjon,2026-09-07T21:08:00+02:00,2026-09-07T21:08:00+02:00,,0.0,0,Ski,VYG:Line:L2,Stabekk-Oslo S-Ski,L2,rail,VYG:ServiceJourney:2763-HVK_443979-R,False,planned,False,,,,,2026-09-08T00:20:52.129880+02:00
NSR:StopPlace:59638,Myrvoll stasjon,2026-09-07T21:20:00+02:00,2026-09-07T21:20:00+02:00,,0.0,0,Filipstad,RUT:Line:81,Fornebu - Myrvoll stasjon,81,bus,RUT:ServiceJourney:ca40b47e331fd87f8fffaef5d6f1316e,False,planned,False,,,,,2026-09-08T00:20:52.129880+02:00
NSR:StopPlace:59638,Myrvoll stasjon,2026-09-07T21:21:00+02:00,2026-09-07T21:21:00+02:00,,0.0,0,Stabekk,VYG:Line:L2,Stabekk-Oslo S-Ski,L2,rail,VYG:ServiceJourney:2770-SKI_443990-R,False,planned,False,,,,,2026-09-08T00:20:52.129880+02:00
NSR:StopPlace:59638,Myrvoll stasjon,2026-09-07T21:23:00+02:00,2026-09-07T21:23:00+02:00,,0.0,0,Ski,VYG:Line:L2,Stabekk-Oslo S-Ski,L2,rail,VYG:ServiceJourney:2863-BES_488395-R,False,planned,False,,,,,2026-09-08T00:20:52.129880+02:00
NSR:StopPlace:59638,Myrvoll stasjon,2026-09-07T21:26:00+02:00,2026-09-07T21:26:00+02:00,,0.0,0,Ski stasjon,RUT:Line:580,Kolbotn - Ski,580,bus,RUT:ServiceJourney:0e410a42856afeaa2b962eb3a580c2c0,False,planned,False,,,,,2026-09-08T00:20:52.129880+02:00
NSR:StopPlace:59638,Myrvoll stasjon,2026-09-07T21:36:00+02:00,2026-09-07T21:36:00+02:00,,0.0,0,Oslo S,VYG:Line:L2,Stabekk-Oslo S-Ski,L2,rail,VYG:ServiceJourney:2870_444114-R,False,planned,False,,,,,2026-09-08T00:20:52.129880+02:00
NSR:StopPlace:59638,Myrvoll stasjon,2026-09-07T21:37:00+02:00,2026-09-07T21:37:00+02:00,,0.0,0,Kolbotn torg,RUT:Line:580,Kolbotn - Ski,580,bus,RUT:ServiceJourney:55bc5a36945725441459be90da27e782,False,planned,False,,,,,2026-09-08T00:20:52.129880+02:00
NSR:StopPlace:59638,Myrvoll stasjon,2026-09-07T21:38:00+02:00,2026-09-07T21:38:00+02:00,,0.0,0,Ski,VYG:Line:L2,Stabekk-Oslo S-Ski,L2,rail,VYG:ServiceJourney:2765-HVK_443981-R,False,planned,False,,,,,2026-09-08T00:20:52.129880+02:00
NSR:StopPlace:59638,Myrvoll stasjon,2026-09-07T21:53:00+02:00,2026-09-07T21:53:00+02:00,,0.0,0,Ski,VYG:Line:L2,Stabekk-Oslo S-Ski,L2,rail,VYG:ServiceJourney:2865_444108-R,False,planned,False,,,,,2026-09-08T00:20:52.129880+02:00
NSR:StopPlace:59638,Myrvoll stasjon,2026-09-07T22:08:00+02:00,2026-09-07T22:08:00+02:00,,0.0,0,Ski,VYG:Line:L2,Stabekk-Oslo S-Ski,L2,rail,VYG:ServiceJourney:2767-HVK_443985-R,False,planned,False,,,,,2026-09-08T00:20:52.129880+02:00
NSR:StopPlace:59638,Myrvoll stasjon,2026-09-07T22:23:00+02:00,2026-09-07T22:23:00+02:00,,0.0,0,Ski,VYG:Line:L2,Stabekk-Oslo S-Ski,L2,rail,VYG:ServiceJourney:2867-BES_488397-R,False,planned,False,,,,,2026-09-08T00:20:52.129880+02:00
NSR:StopPlace:59639,Sonsveien stasjon,2026-09-07T21:20:00+02:00,2026-09-07T21:20:00+02:00,,0.0,0,Oslo lufthavn,VYX:Line:56,FB11 Fredrikstad-Oslo Lufthavn (OSL),FB11,bus,VYX:ServiceJourney:dffff091b685140680e9dc6c858f2d2293f948cb,False,planned,False,Forhåndsbestilling FB11,Billett må kjøpes på nett eller app senest 15 minutter før påstigning for at bussen skal kjøre innom holdeplassen. Ruter-billett er ikke gyldig. ,general,normal,2026-09-08T00:20:52.129880+02:00
NSR:StopPlace:59639,Sonsveien stasjon,2026-09-07T21:21:00+02:00,2026-09-07T21:21:00+02:00,,0.0,0,Moss,VYG:Line:R21,Stabekk-Oslo S-Moss,R21,rail,VYG:ServiceJourney:1163-HVK_443054-R,False,planned,False,,,,,2026-09-08T00:20:52.129880+02:00
NSR:StopPlace:59639,Sonsveien stasjon,2026-09-07T21:25:00+02:00,2026-09-07T21:25:00+02:00,,0.0,0,Store Brevik - Son - Deør,RUT:Line:2545,Son med klokka,545A,bus,RUT:ServiceJourney:d970e0b035a3d498fce5118d5f03daa5,False,planned,False,,,,,2026-09-08T00:20:52.129880+02:00
NSR:StopPlace:59639,Sonsveien stasjon,2026-09-07T21:51:00+02:00,2026-09-07T21:51:00+02:00,,0.0,0,Moss,VYG:Line:R21,Stabekk-Oslo S-Moss,R21,rail,VYG:ServiceJourney:1165-HVK_443056-R,False,planned,False,,,,,2026-09-08T00:20:52.129880+02:00
NSR:StopPlace:59639,Sonsveien stasjon,2026-09-07T22:20:00+02:00,2026-09-07T22:20:00+02:00,,0.0,0,Oslo lufthavn,VYX:Line:56,FB11 Fredrikstad-Oslo Lufthavn (OSL),FB11,bus,VYX:ServiceJourney:d98cd60772629f0a3895519e37a99a75dac707a1,False,planned,False,Forhåndsbestilling FB11,Billett må kjøpes på nett eller app senest 15 minutter før påstigning for at bussen skal kjøre innom holdeplassen. Ruter-billett er ikke gyldig. ,general,normal,2026-09-08T00:20:52.129880+02:00
NSR:StopPlace:59639,Sonsveien stasjon,2026-09-07T23:20:00+02:00,2026-09-07T23:20:00+02:00,,0.0,0,Oslo lufthavn,VYX:Line:56,FB11 Fredrikstad-Oslo Lufthavn (OSL),FB11,bus,VYX:ServiceJourney:fe32ed3d77600837577d3e189571ce11f0c921ca,False,planned,False,Forhåndsbestilling FB11,Billett må kjøpes på nett eller app senest 15 minutter før påstigning for at bussen skal kjøre innom holdeplassen. Ruter-billett er ikke gyldig. ,general,normal,2026-09-08T00:20:52.129880+02:00
NSR:StopPlace:58404,Nationaltheatret,2026-09-07T20:21:00+02:00,2026-09-07T20:21:00+02:00,,0.0,0,Myrvoll stasjon,RUT:Line:81,Fornebu - Myrvoll stasjon,81,bus,RUT:ServiceJourney:fc6b46858855b472c260cec325e6198e,False,planned,False,,,,,2026-09-08T00:20:52.129880+02:00
NSR:StopPlace:58404,Nationaltheatret,2026-09-07T20:21:00+02:00,2026-09-07T20:21:00+02:00,,0.0,0,Drammen,VYG:Line:R13,Drammen-Oslo S-Dal,R13,rail,VYG:ServiceJourney:1660_443344-R,False,planned,False,,,,,2026-09-08T00:20:52.129880+02:00
NSR:StopPlace:58404,Nationaltheatret,2026-09-07T20:21:00+02:00,2026-09-07T20:21:00+02:00,,0.0,0,Østerås,RUT:Line:2,Østerås - Ellingsrudåsen,2,metro,RUT:ServiceJourney:20534ab5c32e349e44536f6442d22a08,False,planned,False,,,,,2026-09-08T00:20:52.129880+02:00
NSR:StopPlace:58404,Nationaltheatret,2026-09-07T20:21:00+02:00,2026-09-07T20:21:00+02:00,,0.0,0,Filipstad,RUT:Line:81,Fornebu - Myrvoll stasjon,81,bus,RUT:ServiceJourney:a22bae02e1d1e050c8443e5a704fd451,False,planned,False,,,,,2026-09-08T00:20:52.129880+02:00
NSR:StopPlace:58404,Nationaltheatret,2026-09-07T20:22:00+02:00,2026-09-07T20:22:00+02:00,,0.0,0,Nydalen,RUT:Line:30,Bygdøy - Nydalen,30,bus,RUT:ServiceJourney:19d3534f821ae86c82cff472cd395a12,False,planned,False,,,,,2026-09-08T00:20:52.129880+02:00
NSR:StopPlace:58404,Nationaltheatret,2026-09-07T20:22:00+02:00,2026-09-07T20:22:00+02:00,,0.0,0,Avløs,RUT:Line:3,Kolsås - Mortensrud,3,metro,RUT:ServiceJourney:f364abef9b7c5408256caa9d143e33bf,False,planned,False,,,,,2026-09-08T00:20:52.129880+02:00
NSR:StopPlace:58404,Nationaltheatret,2026-09-07T20:23:00+02:00,2026-09-07T20:23:00+02:00,,0.0,0,Bergkrystallen,RUT:Line:4,Vestli - Bergkrystallen,4,metro,RUT:ServiceJourney:e9ad135a322b1b654fd77dd66601b349,False,planned,False,,,,,2026-09-08T00:20:52.129880+02:00
NSR:StopPlace:58404,Nationaltheatret,2026-09-07T20:23:00+02:00,2026-09-07T20:23:00+02:00,,0.0,0,Sognsvann,RUT:Line:5,Sognsvann - Vestli,5,metro,RUT:ServiceJourney:a6eafa6a50626fe4c7d29bcb998eb34f,False,planned,False,,,,,2026-09-08T00:20:52.129880+02:00
NSR:StopPlace:58404,Nationaltheatret,2026-09-07T20:24:00+02:00,2026-09-07T20:24:00+02:00,,0.0,0,Lilleaker,RUT:Line:13,Bekkestua - Ljabru,13,tram,RUT:ServiceJourney:a793fd2aebbde0260a552ede21b63b5b,False,planned,False,Linje 13: Buss for trikk direkte mellom Thune og Furulund - Lilleaker ,Vi kjører buss for trikk (linje 13B) direkte mellom Thune og Furulund - Lilleaker. Bussen stopper ikke på Sollerud. 13B betjener Thune fra midlertidig holdeplass i Drammensveien,incident,normal,2026-09-08T00:20:52.129880+02:00
NSR:StopPlace:58404,Nationaltheatret,2026-09-07T20:24:00+02:00,2026-09-07T20:24:00+02:00,,0.0,0,Bygdøy,RUT:Line:30,Bygdøy - Nydalen,30,bus,RUT:ServiceJourney:821d89879c98bd0bdba8a9e63a2b738a,False,planned,False,,,,,2026-09-08T00:20:52.129880+02:00
NSR:StopPlace:58404,Nationaltheatret,2026-09-07T20:24:00+02:00,2026-09-07T20:24:00+02:00,,0.0,0,Rykkinn,RUT:Line:160,Rykkinn -Nationaltheatret,160,bus,RUT:ServiceJourney:222f5281944d6d8c627b6bb4b41c80c8,False,planned,False,,,,,2026-09-08T00:20:52.129880+02:00
NSR:StopPlace:58404,Nationaltheatret,2026-09-07T20:25:00+02:00,2026-09-07T20:25:00+02:00,,0.0,0,Helsfyr,RUT:Line:37,Nydalen T - Helsfyr,37,bus,RUT:ServiceJourney:6de8155ca09eaf1a7a4feefcf85223eb,False,planned,False,,,,,2026-09-08T00:20:52.129880+02:00
NSR:StopPlace:58404,Nationaltheatret,2026-09-07T20:25:00+02:00,2026-09-07T20:25:00+02:00,,0.0,0,Frognerseteren,RUT:Line:1,Frognerseteren - Bergkrystallen,1,metro,RUT:ServiceJourney:034170f9f7faa85c9d5ffe21bb802664,False,planned,False,,,,,2026-09-08T00:20:52.129880+02:00
NSR:StopPlace:58404,Nationaltheatret,2026-09-07T20:25:00+02:00,2026-09-07T20:25:00+02:00,,0.0,0,Snarøya,RUT:Line:31,Snarøya - Fornebu - Tonsenhagen - Grorud,31,bus,RUT:ServiceJourney:91462a600ed953db2aa16fb4511d74db,False,planned,False,,,,,2026-09-08T00:20:52.129880+02:00
NSR:StopPlace:58404,Nationaltheatret,2026-09-07T20:25:00+02:00,2026-09-07T20:25:00+02:00,,0.0,0,Gullhaug,RUT:Line:150,Gullhaug - Nationaltheatret,150,bus,RUT:ServiceJourney:d3b404a5552418f4329551046dbb8570,False,planned,False,,,,,2026-09-08T00:20:52.129880+02:00
NSR:StopPlace:58404,Nationaltheatret,2026-09-07T20:26:00+02:00,2026-09-07T20:26:00+02:00,,0.0,0,Skullerud,RUT:Line:70,Nationaltheatret - Skullerud,70,bus,RUT:ServiceJourney:56e4ae40d6b56dd50b18177b891f32af,False,planned,False,,,,,2026-09-08T00:20:52.129880+02:00
NSR:StopPlace:58404,Nationaltheatret,2026-09-07T20:26:00+02:00,2026-09-07T20:26:00+02:00,,0.0,0,Nationaltheatret,RUT:Line:160,Rykkinn -Nationaltheatret,160,bus,RUT:ServiceJourney:7c205fff8a1058786111e439a6c9db79,False,planned,False,,,,,2026-09-08T00:20:52.129880+02:00
NSR:StopPlace:58404,Nationaltheatret,2026-09-07T20:26:00+02:00,2026-09-07T20:26:00+02:00,,0.0,0,Sætre,RUT:Line:250,Sætre - Slemmestad - Nationaltheatret,250,bus,RUT:ServiceJourney:f337d2bbab9c66ff356870cc898bb1cd,False,planned,False,,,,,2026-09-08T00:20:52.129880+02:00
NSR:StopPlace:58404,Nationaltheatret,2026-09-07T20:26:00+02:00,2026-09-07T20:26:00+02:00,,0.0,0,Nydalen T,RUT:Line:37,Nydalen T - Helsfyr,37,bus,RUT:ServiceJourney:f6abac5d38c4ee399af3ab71fb2c9064,False,planned,False,,,,,2026-09-08T00:20:52.129880+02:00
NSR:StopPlace:58404,Nationaltheatret,2026-09-07T20:27:00+02:00,2026-09-07T20:27:00+02:00,,0.0,0,Mortensrud,RUT:Line:3,Kolsås - Mortensrud,3,metro,RUT:ServiceJourney:2a76376596538ef994e53f6ba9ba14e0,False,planned,False,,,,,2026-09-08T00:20:52.129880+02:00
NSR:StopPlace:58404,Nationaltheatret,2026-09-07T20:27:00+02:00,2026-09-07T20:27:00+02:00,,0.0,0,Ringen via Majorstuen,RUT:Line:5,Sognsvann - Vestli,5,metro,RUT:ServiceJourney:30fa80b1284cbd6972b086b840e072f3,False,planned,False,,,,,2026-09-08T00:20:52.129880+02:00
NSR:StopPlace:58404,Nationaltheatret,2026-09-07T20:28:00+02:00,2026-09-07T20:28:00+02:00,,0.0,0,Tonsenhagen,RUT:Line:31,Snarøya - Fornebu - Tonsenhagen - Grorud,31,bus,RUT:ServiceJourney:b6a1acf50b986656224c1bec53647d6f,False,planned,False,,,,,2026-09-08T00:20:52.129880+02:00
NSR:StopPlace:58404,Nationaltheatret,2026-09-07T20:29:00+02:00,2026-09-07T20:29:00+02:00,,0.0,0,Asker,VYG:Line:L1,Spikkestad-Oslo S-Lillestrøm,L1,rail,VYG:ServiceJourney:2161_443571-R,False,planned,False,,,,,2026-09-08T00:20:52.129880+02:00
NSR:StopPlace:58404,Nationaltheatret,2026-09-07T20:29:00+02:00,2026-09-07T20:29:00+02:00,,0.0,0,Vestli,RUT:Line:5,Sognsvann - Vestli,5,metro,RUT:ServiceJourney:208f92c7820f73c7fef68a349bd6a572,False,planned,False,,,,,2026-09-08T00:20:52.129880+02:00
NSR:StopPlace:58404,Nationaltheatret,2026-09-07T20:30:00+02:00,2026-09-07T20:30:00+02:00,,0.0,0,Majorstuen,RUT:Line:15,Jernbanetorget - Majorstuen via Nat,15,tram,RUT:ServiceJourney:d5c5aacfa2e7e34598691030ceec6981,False,planned,False,,,,,2026-09-08T00:20:52.129880+02:00
NSR:StopPlace:58404,Nationaltheatret,2026-09-07T20:30:00+02:00,2026-09-07T20:30:00+02:00,,0.0,0,Ljabru,RUT:Line:13,Bekkestua - Ljabru,13,tram,RUT:ServiceJourney:2cc273e139b56a38a210246ac19221e8,False,planned,False,,,,,2026-09-08T00:20:52.129880+02:00
NSR:StopPlace:58404,Nationaltheatret,2026-09-07T20:31:00+02:00,2026-09-07T20:31:00+02:00,,0.0,0,Kjelsås,RUT:Line:15,Jernbanetorget - Majorstuen via Nat,15,tram,RUT:ServiceJourney:e75ddf784a4f75ca264d9bf4e99c0f47,False,planned,False,,,,,2026-09-08T00:20:52.129880+02:00
NSR:StopPlace:58404,Nationaltheatret,2026-09-07T20:31:00+02:00,2026-09-07T20:31:00+02:00,,0.0,0,Drammen,VYG:Line:RE10,Drammen-Oslo S-Lillehammer,RE10,rail,VYG:ServiceJourney:330-LHM_444236-R,False,planned,False,,,,,2026-09-08T00:20:52.129880+02:00
NSR:StopPlace:58404,Nationaltheatret,2026-09-07T20:31:00+02:00,2026-09-07T20:31:00+02:00,,0.0,0,Helsfyr,RUT:Line:1,Frognerseteren - Bergkrystallen,1,metro,RUT:ServiceJourney:a3030f11cc5a0eacd39253cb2ed33d10,False,planned,False,,,,,2026-09-08T00:20:52.129880+02:00
NSR:StopPlace:58404,Nationaltheatret,2026-09-07T20:31:00+02:00,2026-09-07T20:31:00+02:00,,0.0,0,Kolsås,RUT:Line:3,Kolsås - Mortensrud,3,metro,RUT:ServiceJourney:dd109c2ffd719fc42c91147a46ce6714,False,planned,False,,,,,2026-09-08T00:20:52.129880+02:00
NSR:StopPlace:58404,Nationaltheatret,2026-09-07T20:32:00+02:00,2026-09-07T20:32:00+02:00,,0.0,0,Helsfyr,RUT:Line:37,Nydalen T - Helsfyr,37,bus,RUT:ServiceJourney:9a3d67588e3e74f512eae4588e2c6a40,False,planned,False,,,,,2026-09-08T00:20:52.129880+02:00
NSR:StopPlace:58404,Nationaltheatret,2026-09-07T20:32:00+02:00,2026-09-07T20:32:00+02:00,,0.0,0,Fornebu,RUT:Line:31,Snarøya - Fornebu - Tonsenhagen - Grorud,31,bus,RUT:ServiceJourney:361c1369c613b2e29b76508a635f6844,False,planned,False,,,,,2026-09-08T00:20:52.129880+02:00
NSR:StopPlace:58404,Nationaltheatret,2026-09-07T20:33:00+02:00,2026-09-07T20:33:00+02:00,,0.0,0,Oslo Lufthavn,FLT:Line:FLY1,FLY1,FLY1,rail,FLT:ServiceJourney:1-2614-3797-20260907,False,planned,False,,,,,2026-09-08T00:20:52.129880+02:00
NSR:StopPlace:58404,Nationaltheatret,2026-09-07T20:33:00+02:00,2026-09-07T20:33:00+02:00,,0.0,0,Skøyen,VYG:Line:L2,Stabekk-Oslo S-Ski,L2,rail,VYG:ServiceJourney:2864-SKI_488396-R,False,planned,False,,,,,2026-09-08T00:20:52.129880+02:00
NSR:StopPlace:58404,Nationaltheatret,2026-09-07T20:33:00+02:00,2026-09-07T20:33:00+02:00,,0.0,0,Ringen via Tøyen,RUT:Line:5,Sognsvann - Vestli,5,metro,RUT:ServiceJourney:f2f35fd31e9ec0303a193bd040f6d1e2,False,planned,False,,,,,2026-09-08T00:20:52.129880+02:00
NSR:StopPlace:58404,Nationaltheatret,2026-09-07T20:33:00+02:00,2026-09-07T20:33:00+02:00,,0.0,0,Vestli via Majorstuen,RUT:Line:4,Vestli - Bergkrystallen,4,metro,RUT:ServiceJourney:661a12646c9e5ff727a01873e2d2b771,False,planned,False,,,,,2026-09-08T00:20:52.129880+02:00
NSR:StopPlace:58404,Nationaltheatret,2026-09-07T20:33:00+02:00,2026-09-07T20:33:00+02:00,,0.0,0,Nydalen T,RUT:Line:37,Nydalen T - Helsfyr,37,bus,RUT:ServiceJourney:abeff30befe976801f552062d6f49495,False,planned,False,,,,,2026-09-08T00:20:52.129880+02:00
NSR:StopPlace:58404,Nationaltheatret,2026-09-07T20:34:00+02:00,2026-09-07T20:34:00+02:00,,0.0,0,Nationaltheatret,RUT:Line:150,Gullhaug - Nationaltheatret,150,bus,RUT:ServiceJourney:99d5308f65de03aa1d470720d053663e,False,planned,False,,,,,2026-09-08T00:20:52.129880+02:00
NSR:StopPlace:58404,Nationaltheatret,2026-09-07T20:34:00+02:00,2026-09-07T20:34:00+02:00,,0.0,0,Ellingsrudåsen,RUT:Line:2,Østerås - Ellingsrudåsen,2,metro,RUT:ServiceJourney:428c28370de72e0cfa56051cab72ee7f,False,planned,False,,,,,2026-09-08T00:20:52.129880+02:00
NSR:StopPlace:58404,Nationaltheatret,2026-09-07T20:35:00+02:00,2026-09-07T20:35:00+02:00,,0.0,0,Grorud T,RUT:Line:31,Snarøya - Fornebu - Tonsenhagen - Grorud,31,bus,RUT:ServiceJourney:7256ab8372e413ddd79e51cdea81d27b,False,planned,False,,,,,2026-09-08T00:20:52.129880+02:00
NSR:StopPlace:58404,Nationaltheatret,2026-09-07T20:36:00+02:00,2026-09-07T20:36:00+02:00,,0.0,0,Myrvoll stasjon,RUT:Line:81,Fornebu - Myrvoll stasjon,81,bus,RUT:ServiceJourney:ac85168289acccbff54894d329b3fb3a,False,planned,False,,,,,2026-09-08T00:20:52.129880+02:00
NSR:StopPlace:58404,Nationaltheatret,2026-09-07T20:36:00+02:00,2026-09-07T20:36:00+02:00,,0.0,0,Lillestrøm,VYG:Line:L1,Spikkestad-Oslo S-Lillestrøm,L1,rail,VYG:ServiceJourney:2264_445363-R,False,planned,False,,,,,2026-09-08T00:20:52.129880+02:00
NSR:StopPlace:58404,Nationaltheatret,2026-09-07T20:36:00+02:00,2026-09-07T20:36:00+02:00,,0.0,0,Østerås,RUT:Line:2,Østerås - Ellingsrudåsen,2,metro,RUT:ServiceJourney:e6603e075b59b10bf8f231a3bf861b70,False,planned,False,,,,,2026-09-08T00:20:52.129880+02:00
NSR:StopPlace:58404,Nationaltheatret,2026-09-07T20:36:00+02:00,2026-09-07T20:36:00+02:00,,0.0,0,Filipstad,RUT:Line:81,Fornebu - Myrvoll stasjon,81,bus,RUT:ServiceJourney:7a1d9776cb111e98fba380a3b13d9b71,False,planned,False,,,,,2026-09-08T00:20:52.129880+02:00
NSR:StopPlace:58404,Nationaltheatret,2026-09-07T20:37:00+02:00,2026-09-07T20:37:00+02:00,,0.0,0,Nydalen,RUT:Line:30,Bygdøy - Nydalen,30,bus,RUT:ServiceJourney:232ea04ddb7c078dcc606a5dec1c001c,False,planned,False,,,,,2026-09-08T00:20:52.129880+02:00
NSR:StopPlace:58404,Nationaltheatret,2026-09-07T20:37:00+02:00,2026-09-07T20:37:00+02:00,,0.0,0,Avløs,RUT:Line:3,Kolsås - Mortensrud,3,metro,RUT:ServiceJourney:4cc44cfd7c5ab2280fad8824bf023784,False,planned,False,,,,,2026-09-08T00:20:52.129880+02:00
NSR:StopPlace:58404,Nationaltheatret,2026-09-07T20:38:00+02:00,2026-09-07T20:38:00+02:00,,0.0,0,Dal,VYG:Line:R13,Drammen-Oslo S-Dal,R13,rail,VYG:ServiceJourney:1663_443349-R,False,planned,False,,,,,2026-09-08T00:20:52.129880+02:00
NSR:StopPlace:58404,Nationaltheatret,2026-09-07T20:38:00+02:00,2026-09-07T20:38:00+02:00,,0.0,0,Bergkrystallen,RUT:Line:4,Vestli - Bergkrystallen,4,metro,RUT:ServiceJourney:fd2067f5fae82443775a943a63cf36f2,False,planned,False,,,,,2026-09-08T00:20:52.129880+02:00
NSR:StopPlace:58404,Nationaltheatret,2026-09-07T20:38:00+02:00,2026-09-07T20:38:00+02:00,,0.0,0,Sognsvann,RUT:Line:5,Sognsvann - Vestli,5,metro,RUT:ServiceJourney:5a58b371dd26b65f4969290a6b85be2a,False,planned,False,,,,,2026-09-08T00:20:52.129880+02:00
NSR:StopPlace:58415,Oteråga stasjon,2026-09-07T21:36:00+02:00,2026-09-07T21:36:00+02:00,,0.0,0,Bodø,SJN:Line:79,Saltenpendelen,R75,rail,SJN:ServiceJourney:1793_48218-R,False,planned,False,,,,,2026-09-08T00:20:52.129880+02:00
NSR:StopPlace:58623,Katrineholm Centralstation,2026-09-07T21:21:00+02:00,2026-09-07T21:21:00+02:00,,0.0,0,Stockholm,SJV:Line:cfac9102-49ef-476c-8663-a6d468ee4f36,Stockholm-Hallsberg-Karlstad-Oslo,70,rail,SJV:ServiceJourney:6e4dcfd0-8b9a-415b-a449-46574a457867,False,planned,False,,,,,2026-09-08T00:20:52.129880+02:00
NSR:StopPlace:58952,Bodø stasjon,2026-09-07T21:32:00+02:00,2026-09-07T21:32:00+02:00,,0.0,0,Tverlandet,NOR:Line:12_8004,Tverlandet - Bodø sentrum - Løpsmarka,4,bus,NOR:ServiceJourney:8004_251012124900585_1038,False,planned,False,,,,,2026-09-08T00:20:52.129880+02:00
NSR:StopPlace:58963,Jessheim stasjon,2026-09-07T20:21:00+02:00,2026-09-07T20:21:00+02:00,,0.0,0,Dal,VYG:Line:R13,Drammen-Oslo S-Dal,R13,rail,VYG:ServiceJourney:1659_443341-R,False,planned,False,,,,,2026-09-08T00:20:52.129880+02:00
NSR:StopPlace:58963,Jessheim stasjon,2026-09-07T20:22:00+02:00,2026-09-07T20:22:00+02:00,,0.0,0,Årnes,RUT:Line:450,Årnes - Oslo lufthavn,450,bus,RUT:ServiceJourney:4a042adee6ce0e8c1ea73a068d0b0a32,False,planned,False,,,,,2026-09-08T00:20:52.129880+02:00
NSR:StopPlace:58963,Jessheim stasjon,2026-09-07T20:25:00+02:00,2026-09-07T20:25:00+02:00,,0.0,0,Eidsvoll st.,RUT:Line:430,Eidsvoll - Jessheim,430,bus,RUT:ServiceJourney:b34c82059aa0999ce7b472266717c3af,False,planned,False,,,,,2026-09-08T00:20:52.129880+02:00
NSR:StopPlace:58963,Jessheim stasjon,2026-09-07T20:28:00+02:00,2026-09-07T20:28:00+02:00,,0.0,0,Nordkisa,RUT:Line:440,Fenstad/Nordkisa - Oslo lufthavn,440,bus,RUT:ServiceJourney:5b5f32b34075020035bcb29d7b01891a,False,planned,False,,,,,2026-09-08T00:20:52.129880+02:00
NSR:StopPlace:58963,Jessheim stasjon,2026-09-07T20:31:00+02:00,2026-09-07T20:31:00+02:00,,0.0,0,Oslo lufthavn,RUT:Line:440,Fenstad/Nordkisa - Oslo lufthavn,440,bus,RUT:ServiceJourney:c0945fc250a104673deaf729b1ebb796,False,planned,False,,,,,2026-09-08T00:20:52.129880+02:00
NSR:StopPlace:58963,Jessheim stasjon,2026-09-07T20:33:00+02:00,2026-09-07T20:33:00+02:00,,0.0,0,Kopperud,RUT:Line:420,Maura -  Jessheim,420,bus,RUT:ServiceJourney:75601a707d2eb4131ea45afb948ecf53,False,planned,False,,,,,2026-09-08T00:20:52.129880+02:00
NSR:StopPlace:58963,Jessheim stasjon,2026-09-07T20:36:00+02:00,2026-09-07T20:36:00+02:00,,0.0,0,Oslo lufthavn,RUT:Line:450,Årnes - Oslo lufthavn,450,bus,RUT:ServiceJourney:a89892b5aa053db638325d98961e4bc0,False,planned,False,,,,,2026-09-08T00:20:52.129880+02:00
NSR:StopPlace:58963,Jessheim stasjon,2026-09-07T20:37:00+02:00,2026-09-07T20:37:00+02:00,,0.0,0,Drammen,VYG:Line:R13,Drammen-Oslo S-Dal,R13,rail,VYG:ServiceJourney:1664_481175-R,False,planned,False,,,,,2026-09-08T00:20:52.129880+02:00
NSR:StopPlace:58963,Jessheim stasjon,2026-09-07T20:51:00+02:00,2026-09-07T20:51:00+02:00,,0.0,0,Dal,VYG:Line:R13,Drammen-Oslo S-Dal,R13,rail,VYG:ServiceJourney:1661_443345-R,False,planned,False,,,,,2026-09-08T00:20:52.129880+02:00
NSR:StopPlace:58963,Jessheim stasjon,2026-09-07T20:52:00+02:00,2026-09-07T20:52:00+02:00,,0.0,0,Årnes,RUT:Line:450,Årnes - Oslo lufthavn,450,bus,RUT:ServiceJourney:f677ac47c1632b31ca5b104e94e986c6,False,planned,False,,,,,2026-09-08T00:20:52.129880+02:00
NSR:StopPlace:58963,Jessheim stasjon,2026-09-07T20:55:00+02:00,2026-09-07T20:55:00+02:00,,0.0,0,Eidsvoll st.,RUT:Line:430,Eidsvoll - Jessheim,430,bus,RUT:ServiceJourney:96823c62716aa0abe7c6db1947b8f2a4,False,planned,False,,,,,2026-09-08T00:20:52.129880+02:00
NSR:StopPlace:58963,Jessheim stasjon,2026-09-07T20:58:00+02:00,2026-09-07T20:58:00+02:00,,0.0,0,Nordkisa,RUT:Line:440,Fenstad/Nordkisa - Oslo lufthavn,440,bus,RUT:ServiceJourney:8a4a1ae5772447eb9db892090c324d10,False,planned,False,,,,,2026-09-08T00:20:52.129880+02:00
NSR:StopPlace:58963,Jessheim stasjon,2026-09-07T21:01:00+02:00,2026-09-07T21:01:00+02:00,,0.0,0,Oslo lufthavn,RUT:Line:440,Fenstad/Nordkisa - Oslo lufthavn,440,bus,RUT:ServiceJourney:daf9c3ef78f1a459cc05fa6c07c74227,False,planned,False,,,,,2026-09-08T00:20:52.129880+02:00
NSR:StopPlace:58963,Jessheim stasjon,2026-09-07T21:06:00+02:00,2026-09-07T21:06:00+02:00,,0.0,0,Oslo lufthavn,RUT:Line:450,Årnes - Oslo lufthavn,450,bus,RUT:ServiceJourney:1848af60e7b76784aad0a3710599dbf7,False,planned,False,,,,,2026-09-08T00:20:52.129880+02:00
NSR:StopPlace:58963,Jessheim stasjon,2026-09-07T21:21:00+02:00,2026-09-07T21:21:00+02:00,,0.0,0,Dal,VYG:Line:R13,Drammen-Oslo S-Dal,R13,rail,VYG:ServiceJourney:1663_443349-R,False,planned,False,,,,,2026-09-08T00:20:52.129880+02:00
NSR:StopPlace:58963,Jessheim stasjon,2026-09-07T21:22:00+02:00,2026-09-07T21:22:00+02:00,,0.0,0,Årnes,RUT:Line:450,Årnes - Oslo lufthavn,450,bus,RUT:ServiceJourney:b85fa5558e307f5d448635b52b0391d6,False,planned,False,,,,,2026-09-08T00:20:52.129880+02:00
NSR:StopPlace:58963,Jessheim stasjon,2026-09-07T21:25:00+02:00,2026-09-07T21:25:00+02:00,,0.0,0,Eidsvoll st.,RUT:Line:430,Eidsvoll - Jessheim,430,bus,RUT:ServiceJourney:551325c237f8338adb272045fba6ae31,False,planned,False,,,,,2026-09-08T00:20:52.129880+02:00
NSR:StopPlace:58963,Jessheim stasjon,2026-09-07T21:28:00+02:00,2026-09-07T21:28:00+02:00,,0.0,0,Nordkisa,RUT:Line:440,Fenstad/Nordkisa - Oslo lufthavn,440,bus,RUT:ServiceJourney:653e9b00bf6c16ea782858710fb1390f,False,planned,False,,,,,2026-09-08T00:20:52.129880+02:00
NSR:StopPlace:58963,Jessheim stasjon,2026-09-07T21:31:00+02:00,2026-09-07T21:31:00+02:00,,0.0,0,Oslo lufthavn,RUT:Line:440,Fenstad/Nordkisa - Oslo lufthavn,440,bus,RUT:ServiceJourney:01fc943ca1ae94f3fad75527da30ee9d,False,planned,False,,,,,2026-09-08T00:20:52.129880+02:00
NSR:StopPlace:58963,Jessheim stasjon,2026-09-07T21:36:00+02:00,2026-09-07T21:36:00+02:00,,0.0,0,Oslo lufthavn,RUT:Line:450,Årnes - Oslo lufthavn,450,bus,RUT:ServiceJourney:6f2a5cabaf6a5fd900a7049849dc0b99,False,planned,False,,,,,2026-09-08T00:20:52.129880+02:00
NSR:StopPlace:58963,Jessheim stasjon,2026-09-07T21:51:00+02:00,2026-09-07T21:51:00+02:00,,0.0,0,Dal,VYG:Line:R13,Drammen-Oslo S-Dal,R13,rail,VYG:ServiceJourney:1665_443353-R,False,planned,False,,,,,2026-09-08T00:20:52.129880+02:00
NSR:StopPlace:58964,Kløfta stasjon,2026-09-07T21:03:00+02:00,2026-09-07T21:03:00+02:00,,0.0,0,Oslo lufthavn,RUT:Line:425,Kløfta – Oslo lufthavn,425,bus,RUT:ServiceJourney:eb9b42adf40bfa094c2acc619db5df5a,False,planned,False,,,,,2026-09-08T00:20:52.129880+02:00
NSR:StopPlace:58964,Kløfta stasjon,2026-09-07T21:44:00+02:00,2026-09-07T21:44:00+02:00,,0.0,0,Dal,VYG:Line:R13,Drammen-Oslo S-Dal,R13,rail,VYG:ServiceJourney:1665_443353-R,False,planned,False,,,,,2026-09-08T00:20:52.129880+02:00
NSR:StopPlace:58964,Kløfta stasjon,2026-09-07T21:51:00+02:00,2026-09-07T21:51:00+02:00,,0.0,0,Kløfta,RUT:Line:425,Kløfta – Oslo lufthavn,425,bus,RUT:ServiceJourney:94c66e6547cae739a34463880e098db7,False,planned,False,,,,,2026-09-08T00:20:52.129880+02:00
NSR:StopPlace:58966,Porsgrunn stasjon,2026-09-07T21:45:00+02:00,2026-09-07T21:45:00+02:00,,0.0,0,Skien,VYG:Line:RE11,Eidsvoll-Oslo S-Skien,RE11,rail,VYG:ServiceJourney:831_444411-R,False,planned,False,Heis på Porsgrunn ute av drift,Heisen på Porsgrunn til spor 2 er ute av drift.,general,normal,2026-09-08T00:20:52.129880+02:00
NSR:StopPlace:58918,Nodeland stasjon,2026-09-07T21:38:00+02:00,2026-09-07T21:38:00+02:00,,0.0,0,Hortemo,AKT:Line:1048,Høllen - Nodelandsheia,48,bus,AKT:ServiceJourney:76961_231_21_153840_155100_3957751,False,planned,False,,,,,2026-09-08T00:20:52.129880+02:00
NSR:StopPlace:58921,Vennesla stasjon,2026-09-07T21:36:00+02:00,2026-09-07T21:36:00+02:00,,0.0,0,Vennesla - Grovane st.,AKT:Line:31,Kvadraturen - Sødal - Vennesla,31,bus,AKT:ServiceJourney:79663_281_42_153000_154860_3950310,False,planned,False,,,,,2026-09-08T00:20:52.129880+02:00
NSR:StopPlace:58921,Vennesla stasjon,2026-09-07T21:51:00+02:00,2026-09-07T21:51:00+02:00,,0.0,0,Kristiansand,AKT:Line:31,Kvadraturen - Sødal - Vennesla,31,bus,AKT:ServiceJourney:79698_282_44_156120_158220_3950001,False,planned,False,,,,,2026-09-08T00:20:52.129880+02:00
NSR:StopPlace:58924,Bryne stasjon,2026-09-07T20:26:00+02:00,2026-09-07T20:26:00+02:00,,0.0,0,Stavanger,GOA:Line:59,Jærbanen,L5,rail,GOA:ServiceJourney:3063_63120-R,False,planned,False,,,,,2026-09-08T00:20:52.129880+02:00
NSR:StopPlace:58924,Bryne stasjon,2026-09-07T20:59:00+02:00,2026-09-07T20:59:00+02:00,,0.0,0,Stavanger,GOA:Line:59,Jærbanen,L5,rail,GOA:ServiceJourney:3065_63123-R,False,planned,False,,,,,2026-09-08T00:20:52.129880+02:00
NSR:StopPlace:58924,Bryne stasjon,2026-09-07T21:20:00+02:00,2026-09-07T21:20:00+02:00,,0.0,0,Sandnes via Kleppekrossen,KOL:Line:8_2019,52,52,bus,KOL:ServiceJourney:2019_260728141810013_1025,False,planned,False,,,,,2026-09-08T00:20:52.129880+02:00
NSR:StopPlace:58924,Bryne stasjon,2026-09-07T21:28:00+02:00,2026-09-07T21:28:00+02:00,,0.0,0,Egersund,GOA:Line:59,Jærbanen,L5,rail,GOA:ServiceJourney:3068_63129-R,False,planned,False,,,,,2026-09-08T00:20:52.129880+02:00
NSR:StopPlace:58924,Bryne stasjon,2026-09-07T21:28:00+02:00,2026-09-07T21:28:00+02:00,,0.0,0,Stavanger,GOA:Line:59,Jærbanen,L5,rail,GOA:ServiceJourney:3067_63127-R,False,planned,False,,,,,2026-09-08T00:20:52.129880+02:00
NSR:StopPlace:58924,Bryne stasjon,2026-09-07T21:58:00+02:00,2026-09-07T21:58:00+02:00,,0.0,0,Nærbø,GOA:Line:59,Jærbanen,L5,rail,GOA:ServiceJourney:3070_63131-R,False,planned,False,,,,,2026-09-08T00:20:52.129880+02:00
NSR:StopPlace:58924,Bryne stasjon,2026-09-07T22:10:00+02:00,2026-09-07T22:10:00+02:00,,0.0,0,Lyefjell,KOL:Line:8_2017,50,50,bus,KOL:ServiceJourney:2017_260407061540513_2032,False,planned,False,,,,,2026-09-08T00:20:52.129880+02:00
NSR:StopPlace:58925,Gausel stasjon,2026-09-07T20:25:00+02:00,2026-09-07T20:25:00+02:00,,0.0,0,Stavanger,KOL:Line:8_1003,2,2,bus,KOL:ServiceJourney:1003_251008123101017_2134,False,planned,False,,,,,2026-09-08T00:20:52.129880+02:00
NSR:StopPlace:58925,Gausel stasjon,2026-09-07T20:25:00+02:00,2026-09-07T20:25:00+02:00,,0.0,0,Sandnes,KOL:Line:8_1001,1,1,bus,KOL:ServiceJourney:1001_251008118352426_1108,False,planned,False,,,,,2026-09-08T00:20:52.129880+02:00
NSR:StopPlace:58925,Gausel stasjon,2026-09-07T20:32:00+02:00,2026-09-07T20:32:00+02:00,,0.0,0,Stavanger,KOL:Line:8_1001,1,1,bus,KOL:ServiceJourney:1001_251211092852821_2110,False,planned,False,,,,,2026-09-08T00:20:52.129880+02:00
NSR:StopPlace:58925,Gausel stasjon,2026-09-07T20:32:00+02:00,2026-09-07T20:32:00+02:00,,0.0,0,Forus,KOL:Line:8_1003,2,2,bus,KOL:ServiceJourney:1003_251008123075503_1133,False,planned,False,,,,,2026-09-08T00:20:52.129880+02:00
NSR:StopPlace:58925,Gausel stasjon,2026-09-07T20:33:00+02:00,2026-09-07T20:33:00+02:00,,0.0,0,Stavanger,GOA:Line:59,Jærbanen,L5,rail,GOA:ServiceJourney:3163_63207-R,False,planned,False,,,,,2026-09-08T00:20:52.129880+02:00
NSR:StopPlace:58925,Gausel stasjon,2026-09-07T20:35:00+02:00,2026-09-07T20:35:00+02:00,,0.0,0,Nærbø,GOA:Line:59,Jærbanen,L5,rail,GOA:ServiceJourney:3066_63125-R,False,planned,False,,,,,2026-09-08T00:20:52.129880+02:00
NSR:StopPlace:58925,Gausel stasjon,2026-09-07T20:36:00+02:00,2026-09-07T20:36:00+02:00,,0.0,0,Sandnes,KOL:Line:8_1007,6,6,bus,KOL:ServiceJourney:1007_260729080905535_1084,False,planned,False,,,,,2026-09-08T00:20:52.129880+02:00
NSR:StopPlace:58925,Gausel stasjon,2026-09-07T20:40:00+02:00,2026-09-07T20:40:00+02:00,,0.0,0,Stavanger,KOL:Line:8_1003,2,2,bus,KOL:ServiceJourney:1003_251014071766160_2135,False,planned,False,,,,,2026-09-08T00:20:52.129880+02:00
NSR:StopPlace:58925,Gausel stasjon,2026-09-07T20:40:00+02:00,2026-09-07T20:40:00+02:00,,0.0,0,Sandnes,KOL:Line:8_1001,1,1,bus,KOL:ServiceJourney:1001_251008118352537_1109,False,planned,False,,,,,2026-09-08T00:20:52.129880+02:00
NSR:StopPlace:58925,Gausel stasjon,2026-09-07T20:45:00+02:00,2026-09-07T20:45:00+02:00,,0.0,0,Vardenes via UiS-Stavanger,KOL:Line:8_1007,6,6,bus,KOL:ServiceJourney:1007_260729080906919_2085,False,planned,False,,,,,2026-09-08T00:20:52.129880+02:00
NSR:StopPlace:58925,Gausel stasjon,2026-09-07T20:47:00+02:00,2026-09-07T20:47:00+02:00,,0.0,0,Stavanger,KOL:Line:8_1001,1,1,bus,KOL:ServiceJourney:1001_251008118380803_2111,False,planned,False,,,,,2026-09-08T00:20:52.129880+02:00
NSR:StopPlace:58925,Gausel stasjon,2026-09-07T20:47:00+02:00,2026-09-07T20:47:00+02:00,,0.0,0,Forus,KOL:Line:8_1003,2,2,bus,KOL:ServiceJourney:1003_251014071397732_1134,False,planned,False,,,,,2026-09-08T00:20:52.129880+02:00
NSR:StopPlace:58925,Gausel stasjon,2026-09-07T20:48:00+02:00,2026-09-07T20:48:00+02:00,,0.0,0,Stavanger,GOA:Line:59,Jærbanen,L5,rail,GOA:ServiceJourney:3063_63120-R,False,planned,False,,,,,2026-09-08T00:20:52.129880+02:00
NSR:StopPlace:58925,Gausel stasjon,2026-09-07T20:55:00+02:00,2026-09-07T20:55:00+02:00,,0.0,0,Stavanger,KOL:Line:8_1003,2,2,bus,KOL:ServiceJourney:1003_251014071766178_2136,False,planned,False,,,,,2026-09-08T00:20:52.129880+02:00
NSR:StopPlace:58925,Gausel stasjon,2026-09-07T20:55:00+02:00,2026-09-07T20:55:00+02:00,,0.0,0,Sandnes,KOL:Line:8_1001,1,1,bus,KOL:ServiceJourney:1001_251008118352761_1110,False,planned,False,,,,,2026-09-08T00:20:52.129880+02:00
NSR:StopPlace:58925,Gausel stasjon,2026-09-07T21:02:00+02:00,2026-09-07T21:02:00+02:00,,0.0,0,Stavanger,KOL:Line:8_1001,1,1,bus,KOL:ServiceJourney:1001_251211092919916_2112,False,planned,False,,,,,2026-09-08T00:20:52.129880+02:00
NSR:StopPlace:58925,Gausel stasjon,2026-09-07T21:02:00+02:00,2026-09-07T21:02:00+02:00,,0.0,0,Forus,KOL:Line:8_1003,2,2,bus,KOL:ServiceJourney:1003_251014071397892_1135,False,planned,False,,,,,2026-09-08T00:20:52.129880+02:00
NSR:StopPlace:58925,Gausel stasjon,2026-09-07T21:05:00+02:00,2026-09-07T21:05:00+02:00,,0.0,0,Egersund,GOA:Line:59,Jærbanen,L5,rail,GOA:ServiceJourney:3068_63129-R,False,planned,False,,,,,2026-09-08T00:20:52.129880+02:00
NSR:StopPlace:58925,Gausel stasjon,2026-09-07T21:06:00+02:00,2026-09-07T21:06:00+02:00,,0.0,0,Sandnes,KOL:Line:8_1007,6,6,bus,KOL:ServiceJourney:1007_260729080906045_1085,False,planned,False,,,,,2026-09-08T00:20:52.129880+02:00
NSR:StopPlace:58925,Gausel stasjon,2026-09-07T21:10:00+02:00,2026-09-07T21:10:00+02:00,,0.0,0,Stavanger,KOL:Line:8_1003,2,2,bus,KOL:ServiceJourney:1003_251014071766186_2137,False,planned,False,,,,,2026-09-08T00:20:52.129880+02:00
NSR:StopPlace:58925,Gausel stasjon,2026-09-07T21:10:00+02:00,2026-09-07T21:10:00+02:00,,0.0,0,Sandnes,KOL:Line:8_1001,1,1,bus,KOL:ServiceJourney:1001_251211091265107_1111,False,planned,False,,,,,2026-09-08T00:20:52.129880+02:00
NSR:StopPlace:58925,Gausel stasjon,2026-09-07T21:15:00+02:00,2026-09-07T21:15:00+02:00,,0.0,0,Vardenes via UiS-Stavanger,KOL:Line:8_1007,6,6,bus,KOL:ServiceJourney:1007_260729080906923_2086,False,planned,False,,,,,2026-09-08T00:20:52.129880+02:00
NSR:StopPlace:58925,Gausel stasjon,2026-09-07T21:17:00+02:00,2026-09-07T21:17:00+02:00,,0.0,0,Stavanger,KOL:Line:8_1001,1,1,bus,KOL:ServiceJourney:1001_251008118381028_2113,False,planned,False,,,,,2026-09-08T00:20:52.129880+02:00
NSR:StopPlace:58925,Gausel stasjon,2026-09-07T21:17:00+02:00,2026-09-07T21:17:00+02:00,,0.0,0,Forus,KOL:Line:8_1003,2,2,bus,KOL:ServiceJourney:1003_251014071397901_1136,False,planned,False,,,,,2026-09-08T00:20:52.129880+02:00
NSR:StopPlace:58925,Gausel stasjon,2026-09-07T21:19:00+02:00,2026-09-07T21:19:00+02:00,,0.0,0,Stavanger,GOA:Line:59,Jærbanen,L5,rail,GOA:ServiceJourney:3065_63123-R,False,planned,False,,,,,2026-09-08T00:20:52.129880+02:00
NSR:StopPlace:58925,Gausel stasjon,2026-09-07T21:25:00+02:00,2026-09-07T21:25:00+02:00,,0.0,0,Stavanger,KOL:Line:8_1003,2,2,bus,KOL:ServiceJourney:1003_251014071766200_2138,False,planned,False,,,,,2026-09-08T00:20:52.129880+02:00
NSR:StopPlace:58925,Gausel stasjon,2026-09-07T21:25:00+02:00,2026-09-07T21:25:00+02:00,,0.0,0,Sandnes,KOL:Line:8_1001,1,1,bus,KOL:ServiceJourney:1001_251211091360995_1112,False,planned,False,,,,,2026-09-08T00:20:52.129880+02:00
NSR:StopPlace:58925,Gausel stasjon,2026-09-07T21:32:00+02:00,2026-09-07T21:32:00+02:00,,0.0,0,Stavanger,KOL:Line:8_1001,1,1,bus,KOL:ServiceJourney:1001_251211092945540_2114,False,planned,False,,,,,2026-09-08T00:20:52.129880+02:00
NSR:StopPlace:58925,Gausel stasjon,2026-09-07T21:32:00+02:00,2026-09-07T21:32:00+02:00,,0.0,0,Forus,KOL:Line:8_1003,2,2,bus,KOL:ServiceJourney:1003_251014071397918_1137,False,planned,False,,,,,2026-09-08T00:20:52.129880+02:00
NSR:StopPlace:58925,Gausel stasjon,2026-09-07T21:35:00+02:00,2026-09-07T21:35:00+02:00,,0.0,0,Nærbø,GOA:Line:59,Jærbanen,L5,rail,GOA:ServiceJourney:3070_63131-R,False,planned,False,,,,,2026-09-08T00:20:52.129880+02:00
NSR:StopPlace:58925,Gausel stasjon,2026-09-07T21:36:00+02:00,2026-09-07T21:36:00+02:00,,0.0,0,Sandnes,KOL:Line:8_1007,6,6,bus,KOL:ServiceJourney:1007_260729080906048_1086,False,planned,False,,,,,2026-09-08T00:20:52.129880+02:00
NSR:StopPlace:58925,Gausel stasjon,2026-09-07T21:40:00+02:00,2026-09-07T21:40:00+02:00,,0.0,0,Stavanger,KOL:Line:8_1003,2,2,bus,KOL:ServiceJourney:1003_251014071766206_2139,False,planned,False,,,,,2026-09-08T00:20:52.129880+02:00
NSR:StopPlace:58925,Gausel stasjon,2026-09-07T21:40:00+02:00,2026-09-07T21:40:00+02:00,,0.0,0,Sandnes,KOL:Line:8_1001,1,1,bus,KOL:ServiceJourney:1001_251008118352982_1113,False,planned,False,,,,,2026-09-08T00:20:52.129880+02:00
NSR:StopPlace:58925,Gausel stasjon,2026-09-07T21:47:00+02:00,2026-09-07T21:47:00+02:00,,0.0,0,Stavanger,KOL:Line:8_1001,1,1,bus,KOL:ServiceJourney:1001_251008118381253_2115,False,planned,False,,,,,2026-09-08T00:20:52.129880+02:00
NSR:StopPlace:58925,Gausel stasjon,2026-09-07T21:47:00+02:00,2026-09-07T21:47:00+02:00,,0.0,0,Forus,KOL:Line:8_1003,2,2,bus,KOL:ServiceJourney:1003_251014071397934_1138,False,planned,False,,,,,2026-09-08T00:20:52.129880+02:00
NSR:StopPlace:58925,Gausel stasjon,2026-09-07T21:49:00+02:00,2026-09-07T21:49:00+02:00,,0.0,0,Stavanger,GOA:Line:59,Jærbanen,L5,rail,GOA:ServiceJourney:3067_63127-R,False,planned,False,,,,,2026-09-08T00:20:52.129880+02:00
NSR:StopPlace:58925,Gausel stasjon,2026-09-07T21:55:00+02:00,2026-09-07T21:55:00+02:00,,0.0,0,Stavanger,KOL:Line:8_1003,2,2,bus,KOL:ServiceJourney:1003_251014071766212_2140,False,planned,False,,,,,2026-09-08T00:20:52.129880+02:00
NSR:StopPlace:58925,Gausel stasjon,2026-09-07T21:55:00+02:00,2026-09-07T21:55:00+02:00,,0.0,0,Sandnes,KOL:Line:8_1001,1,1,bus,KOL:ServiceJourney:1001_251211091410057_1114,False,planned,False,,,,,2026-09-08T00:20:52.129880+02:00
NSR:StopPlace:58925,Gausel stasjon,2026-09-07T22:02:00+02:00,2026-09-07T22:02:00+02:00,,0.0,0,Forus,KOL:Line:8_1003,2,2,bus,KOL:ServiceJourney:1003_251014071397955_1139,False,planned,False,,,,,2026-09-08T00:20:52.129880+02:00
NSR:StopPlace:58925,Gausel stasjon,2026-09-07T22:06:00+02:00,2026-09-07T22:06:00+02:00,,0.0,0,Sandnes,KOL:Line:8_1007,6,6,bus,KOL:ServiceJourney:1007_260729080906051_1087,False,planned,False,,,,,2026-09-08T00:20:52.129880+02:00
NSR:StopPlace:58930,Larvik stasjon,2026-09-07T20:45:00+02:00,2026-09-07T20:45:00+02:00,,0.0,0,Larvik-Sandefjord,VKT:Line:4,Torp-Sandefjord-Larvik-Stavern,4,bus,VKT:ServiceJourney:17714,False,planned,False,,,,,2026-09-08T00:20:52.129880+02:00
NSR:StopPlace:58930,Larvik stasjon,2026-09-07T20:50:00+02:00,2026-09-07T20:50:00+02:00,,0.0,0,Larvik-Nordbyen,VKT:Line:81,Nordbyen-Nevlunghavn,81,bus,VKT:ServiceJourney:18145,False,planned,False,,,,,2026-09-08T00:20:52.129880+02:00
NSR:StopPlace:58930,Larvik stasjon,2026-09-07T20:59:00+02:00,2026-09-07T20:59:00+02:00,,0.0,0,Veldre,VKT:Line:3,Busk-Sandefjord-Larvik-Veldre,3,bus,VKT:ServiceJourney:17496,False,planned,False,,,,,2026-09-08T00:20:52.129880+02:00
NSR:StopPlace:58930,Larvik stasjon,2026-09-07T21:10:00+02:00,2026-09-07T21:10:00+02:00,,0.0,0,Stavern-Kysthospitalet,VKT:Line:4,Torp-Sandefjord-Larvik-Stavern,4,bus,VKT:ServiceJourney:17635,False,planned,False,,,,,2026-09-08T00:20:52.129880+02:00
NSR:StopPlace:58930,Larvik stasjon,2026-09-07T21:17:00+02:00,2026-09-07T21:17:00+02:00,,0.0,0,Larvik-Sandefjord,VKT:Line:3,Busk-Sandefjord-Larvik-Veldre,3,bus,VKT:ServiceJourney:17566,False,planned,False,,,,,2026-09-08T00:20:52.129880+02:00
NSR:StopPlace:58930,Larvik stasjon,2026-09-07T21:33:00+02:00,2026-09-07T21:33:00+02:00,,0.0,0,Skien,VYG:Line:RE11,Eidsvoll-Oslo S-Skien,RE11,rail,VYG:ServiceJourney:831_444411-R,False,planned,False,,,,,2026-09-08T00:20:52.129880+02:00
NSR:StopPlace:58930,Larvik stasjon,2026-09-07T21:34:00+02:00,2026-09-07T21:34:00+02:00,,0.0,0,Nevlunghavn,VKT:Line:81,Nordbyen-Nevlunghavn,81,bus,VKT:ServiceJourney:18082,False,planned,False,,,,,2026-09-08T00:20:52.129880+02:00
NSR:StopPlace:58930,Larvik stasjon,2026-09-07T21:50:00+02:00,2026-09-07T21:50:00+02:00,,0.0,0,Larvik-Nordbyen,VKT:Line:81,Nordbyen-Nevlunghavn,81,bus,VKT:ServiceJourney:18146,False,planned,False,,,,,2026-09-08T00:20:52.129880+02:00
NSR:StopPlace:58930,Larvik stasjon,2026-09-07T21:59:00+02:00,2026-09-07T21:59:00+02:00,,0.0,0,Veldre,VKT:Line:3,Busk-Sandefjord-Larvik-Veldre,3,bus,VKT:ServiceJourney:17497,False,planned,False,,,,,2026-09-08T00:20:52.129880+02:00
NSR:StopPlace:58932,Hommelvik stasjon,2026-09-07T20:32:00+02:00,2026-09-07T20:32:00+02:00,,0.0,0,Marienborg via Brattøra,ATB:Line:2_70,Stjørdal/Hommelvik- Trondheim,70,bus,ATB:ServiceJourney:70_251215112546928_96,False,planned,False,,,,,2026-09-08T00:20:52.129880+02:00
NSR:StopPlace:58932,Hommelvik stasjon,2026-09-07T21:32:00+02:00,2026-09-07T21:32:00+02:00,,0.0,0,Marienborg via Brattøra,ATB:Line:2_70,Stjørdal/Hommelvik- Trondheim,70,bus,ATB:ServiceJourney:70_251215112546929_102,False,planned,False,,,,,2026-09-08T00:20:52.129880+02:00
NSR:StopPlace:58932,Hommelvik stasjon,2026-09-07T21:35:00+02:00,2026-09-07T21:35:00+02:00,,0.0,0,Stjørdal stasjon,ATB:Line:2_70,Stjørdal/Hommelvik- Trondheim,70,bus,ATB:ServiceJourney:70_251215112547106_101,False,planned,False,,,,,2026-09-08T00:20:52.129880+02:00
NSR:StopPlace:58932,Hommelvik stasjon,2026-09-07T21:51:00+02:00,2026-09-07T21:51:00+02:00,,0.0,0,Muruvik,ATB:Line:2_70,Stjørdal/Hommelvik- Trondheim,70,bus,ATB:ServiceJourney:70_251215112547079_103,False,planned,False,,,,,2026-09-08T00:20:52.129880+02:00
NSR:StopPlace:58932,Hommelvik stasjon,2026-09-07T22:11:00+02:00,2026-09-07T22:11:00+02:00,,0.0,0,Muruvik,ATB:Line:2_70,Stjørdal/Hommelvik- Trondheim,70,bus,ATB:ServiceJourney:70_251215112547063_105,False,planned,False,,,,,2026-09-08T00:20:52.129880+02:00
NSR:StopPlace:58948,Stjørdal stasjon,2026-09-07T20:56:00+02:00,2026-09-07T20:56:00+02:00,,0.0,0,Marienborg via Brattøra,ATB:Line:2_70,Stjørdal/Hommelvik- Trondheim,70,bus,ATB:ServiceJourney:70_251215112547006_100,False,planned,False,,,,,2026-09-08T00:20:52.129880+02:00
NSR:StopPlace:58948,Stjørdal stasjon,2026-09-07T21:01:00+02:00,2026-09-07T21:01:00+02:00,,0.0,0,Melhus skysstasjon,SJN:Line:26,Trønderbanen,R70,rail,SJN:ServiceJourney:450-STK_56079-R,False,planned,False,,,,,2026-09-08T00:20:52.129880+02:00
NSR:StopPlace:58948,Stjørdal stasjon,2026-09-07T21:04:00+02:00,2026-09-07T21:04:00+02:00,,0.0,0,Husbyåsen via Terrassehusene,ATB:Line:2_92,92 StjørdalSt-HusbySnu.,92,bus,ATB:ServiceJourney:92_260219106441852_76,False,planned,False,,,,,2026-09-08T00:20:52.129880+02:00
NSR:StopPlace:58948,Stjørdal stasjon,2026-09-07T21:05:00+02:00,2026-09-07T21:05:00+02:00,,0.0,0,Remyra via Stokkanvegen,ATB:Line:2_91,91 StjørdalSt-Remyrv.,91,bus,ATB:ServiceJourney:91_260220075616685_74,False,planned,False,,,,,2026-09-08T00:20:52.129880+02:00
NSR:StopPlace:58948,Stjørdal stasjon,2026-09-07T21:27:00+02:00,2026-09-07T21:27:00+02:00,,0.0,0,Remyra via Stokkanvegen,ATB:Line:2_91,91 StjørdalSt-Remyrv.,91,bus,ATB:ServiceJourney:91_260220075616138_76,False,planned,False,,,,,2026-09-08T00:20:52.129880+02:00
NSR:StopPlace:58948,Stjørdal stasjon,2026-09-07T21:32:00+02:00,2026-09-07T21:32:00+02:00,,0.0,0,Husbyåsen via Terrassehusene,ATB:Line:2_92,92 StjørdalSt-HusbySnu.,92,bus,ATB:ServiceJourney:92_260219106441110_78,False,planned,False,,,,,2026-09-08T00:20:52.129880+02:00
NSR:StopPlace:58948,Stjørdal stasjon,2026-09-07T21:45:00+02:00,2026-09-07T21:45:00+02:00,,0.0,0,Trondheim S,SJN:Line:71,Nordlandsbanen,F7,rail,SJN:ServiceJourney:472_46160-R,False,planned,False,,,,,2026-09-08T00:20:52.129880+02:00
NSR:StopPlace:58948,Stjørdal stasjon,2026-09-07T22:04:00+02:00,2026-09-07T22:04:00+02:00,,0.0,0,Husbyåsen via Terrassehusene,ATB:Line:2_92,92 StjørdalSt-HusbySnu.,92,bus,ATB:ServiceJourney:92_260219106440240_80,False,planned,False,,,,,2026-09-08T00:20:52.129880+02:00
NSR:StopPlace:58797,Mysen stasjon,2026-09-07T21:59:00+02:00,2026-09-07T21:59:00+02:00,,0.0,0,Rakkestad,VYG:Line:R22,Skøyen-Oslo S-Mysen-Rakkestad,R22,rail,VYG:ServiceJourney:1933_443487-R,False,planned,False,,,,,2026-09-08T00:20:52.129880+02:00
NSR:StopPlace:58793,Askim stasjon,2026-09-07T21:45:00+02:00,2026-09-07T21:45:00+02:00,,0.0,0,Rakkestad,VYG:Line:R22,Skøyen-Oslo S-Mysen-Rakkestad,R22,rail,VYG:ServiceJourney:1933_443487-R,False,planned,False,,,,,2026-09-08T00:20:52.129880+02:00
NSR:StopPlace:58795,Kambo stasjon,2026-09-07T20:59:00+02:00,2026-09-07T20:59:00+02:00,,0.0,0,Kambo,OST:Line:1_22,Skredderåsen-Kambo,22,bus,OST:ServiceJourney:22_260821062876608_85,False,planned,False,,,,,2026-09-08T00:20:52.129880+02:00
NSR:StopPlace:58795,Kambo stasjon,2026-09-07T21:06:00+02:00,2026-09-07T21:06:00+02:00,,0.0,0,Skredderåsen-Moss sentrum,OST:Line:1_22,Skredderåsen-Kambo,22,bus,OST:ServiceJourney:22_260821062929691_88,False,planned,False,,,,,2026-09-08T00:20:52.129880+02:00
NSR:StopPlace:58795,Kambo stasjon,2026-09-07T21:55:00+02:00,2026-09-07T21:55:00+02:00,,0.0,0,Moss,VYG:Line:R21,Stabekk-Oslo S-Moss,R21,rail,VYG:ServiceJourney:1165-HVK_443056-R,False,planned,False,,,,,2026-09-08T00:20:52.129880+02:00
NSR:StopPlace:58795,Kambo stasjon,2026-09-07T21:59:00+02:00,2026-09-07T21:59:00+02:00,,0.0,0,Kambo,OST:Line:1_22,Skredderåsen-Kambo,22,bus,OST:ServiceJourney:22_260821062877296_87,False,planned,False,,,,,2026-09-08T00:20:52.129880+02:00
NSR:StopPlace:58796,Moss stasjon,2026-09-07T20:24:00+02:00,2026-09-07T20:24:00+02:00,,0.0,0,Stabekk,VYG:Line:R21,Stabekk-Oslo S-Moss,R21,rail,VYG:ServiceJourney:1166-MOS_443058-R,False,planned,False,,,,,2026-09-08T00:20:52.129880+02:00
NSR:StopPlace:58796,Moss stasjon,2026-09-07T20:30:00+02:00,2026-09-07T20:30:00+02:00,,0.0,0,Moss sentrum,OST:Line:1_20,Refsnes,20,bus,OST:ServiceJourney:20_260622091591825_88,False,planned,False,,,,,2026-09-08T00:20:52.129880+02:00
NSR:StopPlace:58796,Moss stasjon,2026-09-07T20:36:00+02:00,2026-09-07T20:36:00+02:00,,0.0,0,Moss sentrum,OST:Line:1_24,Varnaveien-Øreåsen,24,bus,OST:ServiceJourney:24_260622092163123_821,False,planned,False,,,,,2026-09-08T00:20:52.129880+02:00
NSR:StopPlace:58796,Moss stasjon,2026-09-07T20:45:00+02:00,2026-09-07T20:45:00+02:00,,0.0,0,Halden,VYG:Line:RE20,Oslo S-Halden-Göteborg (X-Border),RE20,rail,VYG:ServiceJourney:131_443132-R,False,planned,False,,,,,2026-09-08T00:20:52.129880+02:00
NSR:StopPlace:58796,Moss stasjon,2026-09-07T20:54:00+02:00,2026-09-07T20:54:00+02:00,,0.0,0,Stabekk,VYG:Line:R21,Stabekk-Oslo S-Moss,R21,rail,VYG:ServiceJourney:1168-MOS_443061-R,False,planned,False,,,,,2026-09-08T00:20:52.129880+02:00
NSR:StopPlace:58796,Moss stasjon,2026-09-07T21:07:00+02:00,2026-09-07T21:07:00+02:00,,0.0,0,Ryggeveien-Øreåsen,OST:Line:1_21,Ryggeveien-Øreåsen,21,bus,OST:ServiceJourney:21_260622091706070_45,False,planned,False,,,,,2026-09-08T00:20:52.129880+02:00
NSR:StopPlace:58796,Moss stasjon,2026-09-07T21:08:00+02:00,2026-09-07T21:08:00+02:00,,0.0,0,Refsnes,OST:Line:1_20,Refsnes,20,bus,OST:ServiceJourney:20_260622091533037_87,False,planned,False,,,,,2026-09-08T00:20:52.129880+02:00
NSR:StopPlace:58796,Moss stasjon,2026-09-07T21:12:00+02:00,2026-09-07T21:12:00+02:00,,0.0,0,Oslo S,VYG:Line:RE20,Oslo S-Halden-Göteborg (X-Border),RE20,rail,VYG:ServiceJourney:394-134_463487-R,False,planned,False,,,,,2026-09-08T00:20:52.129880+02:00
NSR:StopPlace:58796,Moss stasjon,2026-09-07T21:12:00+02:00,2026-09-07T21:12:00+02:00,,0.0,0,Sarpsborg,OST:Line:1_633,Moss-Sarpsborg-Halden,633,bus,OST:ServiceJourney:633_260325121472066_210,False,planned,False,,,,,2026-09-08T00:20:52.129880+02:00
NSR:StopPlace:58796,Moss stasjon,2026-09-07T21:30:00+02:00,2026-09-07T21:30:00+02:00,,0.0,0,Moss sentrum,OST:Line:1_20,Refsnes,20,bus,OST:ServiceJourney:20_260622091589695_90,False,planned,False,,,,,2026-09-08T00:20:52.129880+02:00
NSR:StopPlace:58796,Moss stasjon,2026-09-07T21:36:00+02:00,2026-09-07T21:36:00+02:00,,0.0,0,Moss sentrum,OST:Line:1_21,Ryggeveien-Øreåsen,21,bus,OST:ServiceJourney:21_260622091730810_46,False,planned,False,,,,,2026-09-08T00:20:52.129880+02:00
NSR:StopPlace:58796,Moss stasjon,2026-09-07T22:07:00+02:00,2026-09-07T22:07:00+02:00,,0.0,0,Varnaveien-Øreåsen,OST:Line:1_24,Varnaveien-Øreåsen,24,bus,OST:ServiceJourney:24_260622092139811_45,False,planned,False,,,,,2026-09-08T00:20:52.129880+02:00
NSR:StopPlace:58796,Moss stasjon,2026-09-07T22:08:00+02:00,2026-09-07T22:08:00+02:00,,0.0,0,Refsnes,OST:Line:1_20,Refsnes,20,bus,OST:ServiceJourney:20_260622091532357_89,False,planned,False,,,,,2026-09-08T00:20:52.129880+02:00
NSR:StopPlace:58830,Brakerøya stasjon,2026-09-07T21:51:00+02:00,2026-09-07T21:51:00+02:00,,0.0,0,Drammen,VYG:Line:R13,Drammen-Oslo S-Dal,R13,rail,VYG:ServiceJourney:1664_481175-R,False,planned,False,,,,,2026-09-08T00:20:52.129880+02:00
NSR:StopPlace:58835,Lier stasjon,2026-09-07T21:47:00+02:00,2026-09-07T21:47:00+02:00,,0.0,0,Drammen,VYG:Line:R13,Drammen-Oslo S-Dal,R13,rail,VYG:ServiceJourney:1664_481175-R,False,planned,False,,,,,2026-09-08T00:20:52.129880+02:00
NSR:StopPlace:58836,Mjøndalen stasjon,2026-09-07T20:24:00+02:00,2026-09-07T20:24:00+02:00,,0.0,0,Drammen via Gulskogen,BRA:Line:4_6052,Drammen - Mjøndalen,52,bus,BRA:ServiceJourney:6052_260415100161116_1048,False,planned,False,,,,,2026-09-08T00:20:52.129880+02:00
NSR:StopPlace:58836,Mjøndalen stasjon,2026-09-07T20:27:00+02:00,2026-09-07T20:27:00+02:00,,0.0,0,Åsen,BRA:Line:4_6053,Mjøndalen - Åsen,53,bus,BRA:ServiceJourney:6053_260415100160451_1039,False,planned,False,,,,,2026-09-08T00:20:52.129880+02:00
NSR:StopPlace:58836,Mjøndalen stasjon,2026-09-07T20:36:00+02:00,2026-09-07T20:36:00+02:00,,0.0,0,Drammen sykehus,BRA:Line:4_6001,Drammen sykehus Brakerøya - Sørensvingen / Mjøndalen,1,bus,BRA:ServiceJourney:6001_260415100161841_1218,False,planned,False,,,,,2026-09-08T00:20:52.129880+02:00
NSR:StopPlace:58836,Mjøndalen stasjon,2026-09-07T20:37:00+02:00,2026-09-07T20:37:00+02:00,,0.0,0,Hovjordet,BRA:Line:4_6054,Mjøndalen - Hovjordet,54,bus,BRA:ServiceJourney:6054_260415100162428_1037,False,planned,False,,,,,2026-09-08T00:20:52.129880+02:00
NSR:StopPlace:58836,Mjøndalen stasjon,2026-09-07T20:42:00+02:00,2026-09-07T20:42:00+02:00,,0.0,0,Drammen,BRA:Line:4_6101,Drammen-Vikersund/Hønefoss,101,bus,BRA:ServiceJourney:6101_260415100161285_1064,False,planned,False,,,,,2026-09-08T00:20:52.129880+02:00
NSR:StopPlace:58836,Mjøndalen stasjon,2026-09-07T20:49:00+02:00,2026-09-07T20:49:00+02:00,,0.0,0,Hokksund - Vikersund,BRA:Line:4_6101,Drammen-Vikersund/Hønefoss,101,bus,BRA:ServiceJourney:6101_260415100161254_1055,False,planned,False,,,,,2026-09-08T00:20:52.129880+02:00
NSR:StopPlace:58836,Mjøndalen stasjon,2026-09-07T20:53:00+02:00,2026-09-07T20:53:00+02:00,,0.0,0,Kongsberg,VYG:Line:R12,Kongsberg-Oslo S-Eidsvoll,R12,rail,VYG:ServiceJourney:531_444339-R,False,planned,False,,,,,2026-09-08T00:20:52.129880+02:00
NSR:StopPlace:58836,Mjøndalen stasjon,2026-09-07T21:06:00+02:00,2026-09-07T21:06:00+02:00,,0.0,0,Drammen sykehus,BRA:Line:4_6001,Drammen sykehus Brakerøya - Sørensvingen / Mjøndalen,1,bus,BRA:ServiceJourney:6001_260415100161842_1222,False,planned,False,,,,,2026-09-08T00:20:52.129880+02:00
NSR:StopPlace:58836,Mjøndalen stasjon,2026-09-07T21:12:00+02:00,2026-09-07T21:12:00+02:00,,0.0,0,Drammen,BRA:Line:4_6101,Drammen-Vikersund/Hønefoss,101,bus,BRA:ServiceJourney:6101_260415100161317_1062,False,planned,False,,,,,2026-09-08T00:20:52.129880+02:00
NSR:StopPlace:58836,Mjøndalen stasjon,2026-09-07T21:19:00+02:00,2026-09-07T21:19:00+02:00,,0.0,0,Hokksund,BRA:Line:4_6101,Drammen-Vikersund/Hønefoss,101,bus,BRA:ServiceJourney:6101_260415100161222_1057,False,planned,False,,,,,2026-09-08T00:20:52.129880+02:00
NSR:StopPlace:58836,Mjøndalen stasjon,2026-09-07T21:24:00+02:00,2026-09-07T21:24:00+02:00,,0.0,0,Drammen via Gulskogen,BRA:Line:4_6052,Drammen - Mjøndalen,52,bus,BRA:ServiceJourney:6052_260415100161117_1050,False,planned,False,,,,,2026-09-08T00:20:52.129880+02:00
NSR:StopPlace:58836,Mjøndalen stasjon,2026-09-07T21:36:00+02:00,2026-09-07T21:36:00+02:00,,0.0,0,Drammen sykehus,BRA:Line:4_6001,Drammen sykehus Brakerøya - Sørensvingen / Mjøndalen,1,bus,BRA:ServiceJourney:6001_260415100161843_1226,False,planned,False,,,,,2026-09-08T00:20:52.129880+02:00
NSR:StopPlace:58836,Mjøndalen stasjon,2026-09-07T21:37:00+02:00,2026-09-07T21:37:00+02:00,,0.0,0,Hovjordet,BRA:Line:4_6054,Mjøndalen - Hovjordet,54,bus,BRA:ServiceJourney:6054_260415100162429_1039,False,planned,False,,,,,2026-09-08T00:20:52.129880+02:00
NSR:StopPlace:58836,Mjøndalen stasjon,2026-09-07T21:42:00+02:00,2026-09-07T21:42:00+02:00,,0.0,0,Drammen,BRA:Line:4_6101,Drammen-Vikersund/Hønefoss,101,bus,BRA:ServiceJourney:6101_260415100161286_1068,False,planned,False,,,,,2026-09-08T00:20:52.129880+02:00
NSR:StopPlace:58838,Røyken stasjon,2026-09-07T21:29:00+02:00,2026-09-07T21:29:00+02:00,,0.0,0,Spikkestad,VYG:Line:L1,Spikkestad-Oslo S-Lillestrøm,L1,rail,VYG:ServiceJourney:2263_443691-R,False,planned,False,,,,,2026-09-08T00:20:52.129880+02:00
NSR:StopPlace:58838,Røyken stasjon,2026-09-07T21:37:00+02:00,2026-09-07T21:37:00+02:00,,0.0,0,Drammen,RUT:Line:261,Drammen - Lahell - Røyken - Sætre,261,bus,RUT:ServiceJourney:6d65ddb538cc05ae9a8a6db34fce16f7,False,planned,False,Fra 17/8 går linje 61-63-71-73-251-261 og skolebusser fra holdeplass ved Skutebrygga ut av byen.Les mer på brakar.no/trafikkmeldinger.,,general,normal,2026-09-08T00:20:52.129880+02:00
NSR:StopPlace:58838,Røyken stasjon,2026-09-07T21:59:00+02:00,2026-09-07T21:59:00+02:00,,0.0,0,Spikkestad,VYG:Line:L1,Spikkestad-Oslo S-Lillestrøm,L1,rail,VYG:ServiceJourney:2265_443694-R,False,planned,False,,,,,2026-09-08T00:20:52.129880+02:00
NSR:StopPlace:58839,Steinberg stasjon,2026-09-07T21:35:00+02:00,2026-09-07T21:35:00+02:00,,0.0,0,Drammen via Mjøndalen,BRA:Line:4_6101,Drammen-Vikersund/Hønefoss,101,bus,BRA:ServiceJourney:6101_260415100161286_1068,False,planned,False,,,,,2026-09-08T00:20:52.129880+02:00
NSR:StopPlace:58843,Blommenholm stasjon,2026-09-07T21:28:00+02:00,2026-09-07T21:28:00+02:00,,0.0,0,Spikkestad,VYG:Line:L1,Spikkestad-Oslo S-Lillestrøm,L1,rail,VYG:ServiceJourney:2265_443694-R,False,planned,False,,,,,2026-09-08T00:20:52.129880+02:00
NSR:StopPlace:58843,Blommenholm stasjon,2026-09-07T21:44:00+02:00,2026-09-07T21:44:00+02:00,,0.0,0,Asker,VYG:Line:L1,Spikkestad-Oslo S-Lillestrøm,L1,rail,VYG:ServiceJourney:2165_443575-R,False,planned,False,,,,,2026-09-08T00:20:52.129880+02:00
NSR:StopPlace:58844,Eidsvoll stasjon,2026-09-07T20:45:00+02:00,2026-09-07T20:45:00+02:00,,0.0,0,Jessheim,RUT:Line:430,Eidsvoll - Jessheim,430,bus,RUT:ServiceJourney:1b7ed33410d26bb11ecda367e7bb820d,False,planned,False,,,,,2026-09-08T00:20:52.129880+02:00
NSR:StopPlace:58844,Eidsvoll stasjon,2026-09-07T20:53:00+02:00,2026-09-07T20:53:00+02:00,,0.0,0,Drammen,VYG:Line:RE10,Drammen-Oslo S-Lillehammer,RE10,rail,VYG:ServiceJourney:332-LHM_444245-R,False,planned,False,,,,,2026-09-08T00:20:52.129880+02:00
NSR:StopPlace:58844,Eidsvoll stasjon,2026-09-07T21:15:00+02:00,2026-09-07T21:15:00+02:00,,0.0,0,Jessheim,RUT:Line:430,Eidsvoll - Jessheim,430,bus,RUT:ServiceJourney:cc81a41c77744df2b6e99f65bd0345f1,False,planned,False,,,,,2026-09-08T00:20:52.129880+02:00
NSR:StopPlace:58845,Eidsvoll verk stasjon,2026-09-07T21:01:00+02:00,2026-09-07T21:01:00+02:00,,0.0,0,Jessheim,RUT:Line:430,Eidsvoll - Jessheim,430,bus,RUT:ServiceJourney:1b7ed33410d26bb11ecda367e7bb820d,False,planned,False,,,,,2026-09-08T00:20:52.129880+02:00
NSR:StopPlace:58845,Eidsvoll verk stasjon,2026-09-07T21:25:00+02:00,2026-09-07T21:25:00+02:00,,0.0,0,Eidsvoll,VYG:Line:R12,Kongsberg-Oslo S-Eidsvoll,R12,rail,VYG:ServiceJourney:532_444341-R,False,planned,False,,,,,2026-09-08T00:20:52.129880+02:00
NSR:StopPlace:58845,Eidsvoll verk stasjon,2026-09-07T21:30:00+02:00,2026-09-07T21:30:00+02:00,,0.0,0,Eidsvoll st.,RUT:Line:430,Eidsvoll - Jessheim,430,bus,RUT:ServiceJourney:96823c62716aa0abe7c6db1947b8f2a4,False,planned,False,,,,,2026-09-08T00:20:52.129880+02:00
NSR:StopPlace:58845,Eidsvoll verk stasjon,2026-09-07T21:31:00+02:00,2026-09-07T21:31:00+02:00,,0.0,0,Jessheim,RUT:Line:430,Eidsvoll - Jessheim,430,bus,RUT:ServiceJourney:cc81a41c77744df2b6e99f65bd0345f1,False,planned,False,,,,,2026-09-08T00:20:52.129880+02:00
NSR:StopPlace:58845,Eidsvoll verk stasjon,2026-09-07T21:55:00+02:00,2026-09-07T21:55:00+02:00,,0.0,0,Eidsvoll,VYG:Line:RE11,Eidsvoll-Oslo S-Skien,RE11,rail,VYG:ServiceJourney:832_481337-R,False,planned,False,,,,,2026-09-08T00:20:52.129880+02:00
NSR:StopPlace:58845,Eidsvoll verk stasjon,2026-09-07T22:00:00+02:00,2026-09-07T22:00:00+02:00,,0.0,0,Eidsvoll st.,RUT:Line:430,Eidsvoll - Jessheim,430,bus,RUT:ServiceJourney:551325c237f8338adb272045fba6ae31,False,planned,False,,,,,2026-09-08T00:20:52.129880+02:00
NSR:StopPlace:58847,Frogner stasjon,2026-09-07T21:10:00+02:00,2026-09-07T21:10:00+02:00,,0.0,0,Sørumsand,RUT:Line:365,Sørumsand - Frogner - Skedsmokorset,365,bus,RUT:ServiceJourney:ae4676c5cfd44088d32b5c87be56a277,False,planned,False,,,,,2026-09-08T00:20:52.129880+02:00
NSR:StopPlace:58847,Frogner stasjon,2026-09-07T21:34:00+02:00,2026-09-07T21:34:00+02:00,,0.0,0,Dal,VYG:Line:R13,Drammen-Oslo S-Dal,R13,rail,VYG:ServiceJourney:1665_443353-R,False,planned,False,,,,,2026-09-08T00:20:52.129880+02:00
NSR:StopPlace:58849,Hakadal stasjon,2026-09-07T20:53:00+02:00,2026-09-07T20:53:00+02:00,,0.0,0,Oslo bussterminal,RUT:Line:390,Kongskog/Hellerudhaugen - Oslo bussterminal,390,bus,RUT:ServiceJourney:b4a6ab6485ed299ead083872763afd7f,False,planned,False,,,,,2026-09-08T00:20:52.129880+02:00
NSR:StopPlace:58849,Hakadal stasjon,2026-09-07T21:23:00+02:00,2026-09-07T21:23:00+02:00,,0.0,0,Oslo bussterminal,RUT:Line:390,Kongskog/Hellerudhaugen - Oslo bussterminal,390,bus,RUT:ServiceJourney:62c38518f48193755d62d5190d734999,False,planned,False,,,,,2026-09-08T00:20:52.129880+02:00
NSR:StopPlace:58849,Hakadal stasjon,2026-09-07T21:35:00+02:00,2026-09-07T21:35:00+02:00,,0.0,0,Kongskog,RUT:Line:390,Kongskog/Hellerudhaugen - Oslo bussterminal,390,bus,RUT:ServiceJourney:8a9ba168dd7ffbbb1ab34a147e5a63a4,False,planned,False,,,,,2026-09-08T00:20:52.129880+02:00
NSR:StopPlace:58849,Hakadal stasjon,2026-09-07T22:05:00+02:00,2026-09-07T22:05:00+02:00,,0.0,0,Kongskog,RUT:Line:390,Kongskog/Hellerudhaugen - Oslo bussterminal,390,bus,RUT:ServiceJourney:812827e060df9309100bbf2a0dc7bf22,False,planned,False,,,,,2026-09-08T00:20:52.129880+02:00
NSR:StopPlace:58852,Høn stasjon,2026-09-07T21:29:00+02:00,2026-09-07T21:29:00+02:00,,0.0,0,Asker,VYG:Line:L1,Spikkestad-Oslo S-Lillestrøm,L1,rail,VYG:ServiceJourney:2163_443573-R,False,planned,False,,,,,2026-09-08T00:20:52.129880+02:00
NSR:StopPlace:58852,Høn stasjon,2026-09-07T21:43:00+02:00,2026-09-07T21:43:00+02:00,,0.0,0,Spikkestad,VYG:Line:L1,Spikkestad-Oslo S-Lillestrøm,L1,rail,VYG:ServiceJourney:2265_443694-R,False,planned,False,,,,,2026-09-08T00:20:52.129880+02:00
NSR:StopPlace:58852,Høn stasjon,2026-09-07T21:59:00+02:00,2026-09-07T21:59:00+02:00,,0.0,0,Asker,VYG:Line:L1,Spikkestad-Oslo S-Lillestrøm,L1,rail,VYG:ServiceJourney:2165_443575-R,False,planned,False,,,,,2026-09-08T00:20:52.129880+02:00
NSR:StopPlace:58853,Kolbotn stasjon,2026-09-07T20:25:00+02:00,2026-09-07T20:25:00+02:00,,0.0,0,Stabekk,VYG:Line:L2,Stabekk-Oslo S-Ski,L2,rail,VYG:ServiceJourney:2766-SKI_443983-R,False,planned,False,,,,,2026-09-08T00:20:52.129880+02:00
NSR:StopPlace:58853,Kolbotn stasjon,2026-09-07T20:33:00+02:00,2026-09-07T20:33:00+02:00,,0.0,0,Ski,VYG:Line:L2,Stabekk-Oslo S-Ski,L2,rail,VYG:ServiceJourney:2761-HVK_443975-R,False,planned,False,,,,,2026-09-08T00:20:52.129880+02:00
NSR:StopPlace:58853,Kolbotn stasjon,2026-09-07T20:37:00+02:00,2026-09-07T20:37:00+02:00,,0.0,0,Tårnåsen,RUT:Line:83,Jernbanetorget - Tårnåsen,83,bus,RUT:ServiceJourney:ddc2137902cde55796ad6ab6cbc6a6b6,False,planned,False,Linje 80E og 83 får Hausmanns bru som ny endeholdeplass fra 29. juni,"Bussene stopper ikke på Jernbanetorget etter 29. juni, men starter og stopper på Hausmanns bru i Nylandsveien.",incident,normal,2026-09-08T00:20:52.129880+02:00
NSR:StopPlace:58853,Kolbotn stasjon,2026-09-07T20:40:00+02:00,2026-09-07T20:40:00+02:00,,0.0,0,Oslo S,VYG:Line:L2,Stabekk-Oslo S-Ski,L2,rail,VYG:ServiceJourney:2866_444109-R,False,planned,False,,,,,2026-09-08T00:20:52.129880+02:00
NSR:StopPlace:58853,Kolbotn stasjon,2026-09-07T20:41:00+02:00,2026-09-07T20:41:00+02:00,,0.0,0,Hauketo stasjon,RUT:Line:87,Hauketo stasjon - Kolbotn,87,bus,RUT:ServiceJourney:332c00cebfb4226fb13b498f661bd282,False,planned,False,,,,,2026-09-08T00:20:52.129880+02:00
NSR:StopPlace:58853,Kolbotn stasjon,2026-09-07T20:43:00+02:00,2026-09-07T20:43:00+02:00,,0.0,0,Ski stasjon,RUT:Line:580,Kolbotn - Ski,580,bus,RUT:ServiceJourney:d5bae92c929c55ce5171d9915b07893e,False,planned,False,,,,,2026-09-08T00:20:52.129880+02:00
NSR:StopPlace:58853,Kolbotn stasjon,2026-09-07T20:48:00+02:00,2026-09-07T20:48:00+02:00,,0.0,0,Ski,VYG:Line:L2,Stabekk-Oslo S-Ski,L2,rail,VYG:ServiceJourney:2861_444104-R,False,planned,False,,,,,2026-09-08T00:20:52.129880+02:00
NSR:StopPlace:58853,Kolbotn stasjon,2026-09-07T20:49:00+02:00,2026-09-07T20:49:00+02:00,,0.0,0,Kolbotn torg,RUT:Line:580,Kolbotn - Ski,580,bus,RUT:ServiceJourney:496ea797bb9c0ca97dd8d1bbddf80a37,False,planned,False,,,,,2026-09-08T00:20:52.129880+02:00
NSR:StopPlace:58853,Kolbotn stasjon,2026-09-07T20:49:00+02:00,2026-09-07T20:49:00+02:00,,0.0,0,Bjørvika,RUT:Line:83,Jernbanetorget - Tårnåsen,83,bus,RUT:ServiceJourney:5d41ec0e76be1c430a9acd6d43d17a55,False,planned,False,Linje 80E og 83 får Hausmanns bru som ny endeholdeplass fra 29. juni,"Bussene stopper ikke på Jernbanetorget etter 29. juni, men starter og stopper på Hausmanns bru i Nylandsveien.",incident,normal,2026-09-08T00:20:52.129880+02:00
NSR:StopPlace:58853,Kolbotn stasjon,2026-09-07T20:50:00+02:00,2026-09-07T20:50:00+02:00,,0.0,0,Kolbotn,RUT:Line:87,Hauketo stasjon - Kolbotn,87,bus,RUT:ServiceJourney:8affde3dd3b086a92f82074453eb0bf7,False,planned,False,,,,,2026-09-08T00:20:52.129880+02:00
NSR:StopPlace:58853,Kolbotn stasjon,2026-09-07T20:55:00+02:00,2026-09-07T20:55:00+02:00,,0.0,0,Stabekk,VYG:Line:L2,Stabekk-Oslo S-Ski,L2,rail,VYG:ServiceJourney:2768-SKI_443986-R,False,planned,False,,,,,2026-09-08T00:20:52.129880+02:00
NSR:StopPlace:58853,Kolbotn stasjon,2026-09-07T21:03:00+02:00,2026-09-07T21:03:00+02:00,,0.0,0,Ski,VYG:Line:L2,Stabekk-Oslo S-Ski,L2,rail,VYG:ServiceJourney:2763-HVK_443979-R,False,planned,False,,,,,2026-09-08T00:20:52.129880+02:00
NSR:StopPlace:58853,Kolbotn stasjon,2026-09-07T21:07:00+02:00,2026-09-07T21:07:00+02:00,,0.0,0,Tårnåsen,RUT:Line:83,Jernbanetorget - Tårnåsen,83,bus,RUT:ServiceJourney:8c68ff32c5e404a7479544da188f8909,False,planned,False,Linje 80E og 83 får Hausmanns bru som ny endeholdeplass fra 29. juni,"Bussene stopper ikke på Jernbanetorget etter 29. juni, men starter og stopper på Hausmanns bru i Nylandsveien.",incident,normal,2026-09-08T00:20:52.129880+02:00
NSR:StopPlace:58853,Kolbotn stasjon,2026-09-07T21:10:00+02:00,2026-09-07T21:10:00+02:00,,0.0,0,Skøyen,VYG:Line:L2,Stabekk-Oslo S-Ski,L2,rail,VYG:ServiceJourney:2868-SKI_488398-R,False,planned,False,,,,,2026-09-08T00:20:52.129880+02:00
NSR:StopPlace:58853,Kolbotn stasjon,2026-09-07T21:11:00+02:00,2026-09-07T21:11:00+02:00,,0.0,0,Hauketo stasjon,RUT:Line:87,Hauketo stasjon - Kolbotn,87,bus,RUT:ServiceJourney:d8e2262faa7f2544d844e73467076272,False,planned,False,,,,,2026-09-08T00:20:52.129880+02:00
NSR:StopPlace:58853,Kolbotn stasjon,2026-09-07T21:13:00+02:00,2026-09-07T21:13:00+02:00,,0.0,0,Ski stasjon,RUT:Line:580,Kolbotn - Ski,580,bus,RUT:ServiceJourney:0e410a42856afeaa2b962eb3a580c2c0,False,planned,False,,,,,2026-09-08T00:20:52.129880+02:00
NSR:StopPlace:58853,Kolbotn stasjon,2026-09-07T21:18:00+02:00,2026-09-07T21:18:00+02:00,,0.0,0,Ski,VYG:Line:L2,Stabekk-Oslo S-Ski,L2,rail,VYG:ServiceJourney:2863-BES_488395-R,False,planned,False,,,,,2026-09-08T00:20:52.129880+02:00
NSR:StopPlace:58853,Kolbotn stasjon,2026-09-07T21:19:00+02:00,2026-09-07T21:19:00+02:00,,0.0,0,Kolbotn torg,RUT:Line:580,Kolbotn - Ski,580,bus,RUT:ServiceJourney:2df4b2f9833aa53f8610c09f2071c039,False,planned,False,,,,,2026-09-08T00:20:52.129880+02:00
NSR:StopPlace:58853,Kolbotn stasjon,2026-09-07T21:19:00+02:00,2026-09-07T21:19:00+02:00,,0.0,0,Bjørvika,RUT:Line:83,Jernbanetorget - Tårnåsen,83,bus,RUT:ServiceJourney:ac57837d79b213499a5d625c45663dda,False,planned,False,Linje 80E og 83 får Hausmanns bru som ny endeholdeplass fra 29. juni,"Bussene stopper ikke på Jernbanetorget etter 29. juni, men starter og stopper på Hausmanns bru i Nylandsveien.",incident,normal,2026-09-08T00:20:52.129880+02:00
NSR:StopPlace:58853,Kolbotn stasjon,2026-09-07T21:20:00+02:00,2026-09-07T21:20:00+02:00,,0.0,0,Kolbotn,RUT:Line:87,Hauketo stasjon - Kolbotn,87,bus,RUT:ServiceJourney:1065248c780d10ab3db2e6f9dab2b6b0,False,planned,False,,,,,2026-09-08T00:20:52.129880+02:00
NSR:StopPlace:58853,Kolbotn stasjon,2026-09-07T21:25:00+02:00,2026-09-07T21:25:00+02:00,,0.0,0,Stabekk,VYG:Line:L2,Stabekk-Oslo S-Ski,L2,rail,VYG:ServiceJourney:2770-SKI_443990-R,False,planned,False,,,,,2026-09-08T00:20:52.129880+02:00
NSR:StopPlace:58853,Kolbotn stasjon,2026-09-07T21:33:00+02:00,2026-09-07T21:33:00+02:00,,0.0,0,Ski,VYG:Line:L2,Stabekk-Oslo S-Ski,L2,rail,VYG:ServiceJourney:2765-HVK_443981-R,False,planned,False,,,,,2026-09-08T00:20:52.129880+02:00
NSR:StopPlace:58853,Kolbotn stasjon,2026-09-07T21:37:00+02:00,2026-09-07T21:37:00+02:00,,0.0,0,Tårnåsen,RUT:Line:83,Jernbanetorget - Tårnåsen,83,bus,RUT:ServiceJourney:1f5b64c7b3c4d807313c4112081eaed4,False,planned,False,Linje 80E og 83 får Hausmanns bru som ny endeholdeplass fra 29. juni,"Bussene stopper ikke på Jernbanetorget etter 29. juni, men starter og stopper på Hausmanns bru i Nylandsveien.",incident,normal,2026-09-08T00:20:52.129880+02:00
NSR:StopPlace:58853,Kolbotn stasjon,2026-09-07T21:40:00+02:00,2026-09-07T21:40:00+02:00,,0.0,0,Oslo S,VYG:Line:L2,Stabekk-Oslo S-Ski,L2,rail,VYG:ServiceJourney:2870_444114-R,False,planned,False,,,,,2026-09-08T00:20:52.129880+02:00
NSR:StopPlace:58853,Kolbotn stasjon,2026-09-07T21:41:00+02:00,2026-09-07T21:41:00+02:00,,0.0,0,Hauketo stasjon,RUT:Line:87,Hauketo stasjon - Kolbotn,87,bus,RUT:ServiceJourney:e110fca4c2998fe1c6dce8b32123c9ba,False,planned,False,,,,,2026-09-08T00:20:52.129880+02:00
NSR:StopPlace:58853,Kolbotn stasjon,2026-09-07T21:48:00+02:00,2026-09-07T21:48:00+02:00,,0.0,0,Ski,VYG:Line:L2,Stabekk-Oslo S-Ski,L2,rail,VYG:ServiceJourney:2865_444108-R,False,planned,False,,,,,2026-09-08T00:20:52.129880+02:00
NSR:StopPlace:58853,Kolbotn stasjon,2026-09-07T21:49:00+02:00,2026-09-07T21:49:00+02:00,,0.0,0,Kolbotn torg,RUT:Line:580,Kolbotn - Ski,580,bus,RUT:ServiceJourney:55bc5a36945725441459be90da27e782,False,planned,False,,,,,2026-09-08T00:20:52.129880+02:00
NSR:StopPlace:58853,Kolbotn stasjon,2026-09-07T21:50:00+02:00,2026-09-07T21:50:00+02:00,,0.0,0,Kolbotn,RUT:Line:87,Hauketo stasjon - Kolbotn,87,bus,RUT:ServiceJourney:033f2c196b75bcd654bcfe016858b20c,False,planned,False,,,,,2026-09-08T00:20:52.129880+02:00
NSR:StopPlace:58853,Kolbotn stasjon,2026-09-07T22:03:00+02:00,2026-09-07T22:03:00+02:00,,0.0,0,Ski,VYG:Line:L2,Stabekk-Oslo S-Ski,L2,rail,VYG:ServiceJourney:2767-HVK_443985-R,False,planned,False,,,,,2026-09-08T00:20:52.129880+02:00
NSR:StopPlace:58853,Kolbotn stasjon,2026-09-07T22:18:00+02:00,2026-09-07T22:18:00+02:00,,0.0,0,Ski,VYG:Line:L2,Stabekk-Oslo S-Ski,L2,rail,VYG:ServiceJourney:2867-BES_488397-R,False,planned,False,,,,,2026-09-08T00:20:52.129880+02:00
NSR:StopPlace:58854,Langhus stasjon,2026-09-07T20:24:00+02:00,2026-09-07T20:24:00+02:00,,0.0,0,Drøbak - Seiersten,RUT:Line:510,Bøleråsen - Ski - Ås - Drøbak,510,bus,RUT:ServiceJourney:2a8450c475b374b8a805393ef20de345,False,planned,False,,,,,2026-09-08T00:20:52.129880+02:00
NSR:StopPlace:58854,Langhus stasjon,2026-09-07T20:27:00+02:00,2026-09-07T20:27:00+02:00,,0.0,0,Oslo S,VYG:Line:L2,Stabekk-Oslo S-Ski,L2,rail,VYG:ServiceJourney:2866_444109-R,False,planned,False,,,,,2026-09-08T00:20:52.129880+02:00
NSR:StopPlace:58854,Langhus stasjon,2026-09-07T20:29:00+02:00,2026-09-07T20:29:00+02:00,,0.0,0,Bøleråsen,RUT:Line:510,Bøleråsen - Ski - Ås - Drøbak,510,bus,RUT:ServiceJourney:44906d10e1aefd035d1a758fa87edb6d,False,planned,False,,,,,2026-09-08T00:20:52.129880+02:00
NSR:StopPlace:58854,Langhus stasjon,2026-09-07T20:31:00+02:00,2026-09-07T20:31:00+02:00,,0.0,0,Ski,VYG:Line:L2,Stabekk-Oslo S-Ski,L2,rail,VYG:ServiceJourney:2859-BES_488392-R,False,planned,False,,,,,2026-09-08T00:20:52.129880+02:00
NSR:StopPlace:58854,Langhus stasjon,2026-09-07T20:39:00+02:00,2026-09-07T20:39:00+02:00,,0.0,0,Drøbak - Frogn vgs.,RUT:Line:510,Bøleråsen - Ski - Ås - Drøbak,510,bus,RUT:ServiceJourney:5a5b590da2fcef88fb09636a33ca6129,False,planned,False,,,,,2026-09-08T00:20:52.129880+02:00
NSR:StopPlace:58854,Langhus stasjon,2026-09-07T20:42:00+02:00,2026-09-07T20:42:00+02:00,,0.0,0,Stabekk,VYG:Line:L2,Stabekk-Oslo S-Ski,L2,rail,VYG:ServiceJourney:2768-SKI_443986-R,False,planned,False,,,,,2026-09-08T00:20:52.129880+02:00
NSR:StopPlace:58854,Langhus stasjon,2026-09-07T20:44:00+02:00,2026-09-07T20:44:00+02:00,,0.0,0,Bøleråsen,RUT:Line:510,Bøleråsen - Ski - Ås - Drøbak,510,bus,RUT:ServiceJourney:68ac37cd5da02424cce74b4fae21ac26,False,planned,False,,,,,2026-09-08T00:20:52.129880+02:00
NSR:StopPlace:58854,Langhus stasjon,2026-09-07T20:46:00+02:00,2026-09-07T20:46:00+02:00,,0.0,0,Ski,VYG:Line:L2,Stabekk-Oslo S-Ski,L2,rail,VYG:ServiceJourney:2761-HVK_443975-R,False,planned,False,,,,,2026-09-08T00:20:52.129880+02:00
NSR:StopPlace:58854,Langhus stasjon,2026-09-07T20:54:00+02:00,2026-09-07T20:54:00+02:00,,0.0,0,Drøbak - Seiersten,RUT:Line:510,Bøleråsen - Ski - Ås - Drøbak,510,bus,RUT:ServiceJourney:84cf632e05fca7ffa043a093f9cf9723,False,planned,False,,,,,2026-09-08T00:20:52.129880+02:00
NSR:StopPlace:58854,Langhus stasjon,2026-09-07T20:57:00+02:00,2026-09-07T20:57:00+02:00,,0.0,0,Skøyen,VYG:Line:L2,Stabekk-Oslo S-Ski,L2,rail,VYG:ServiceJourney:2868-SKI_488398-R,False,planned,False,,,,,2026-09-08T00:20:52.129880+02:00
NSR:StopPlace:58854,Langhus stasjon,2026-09-07T20:59:00+02:00,2026-09-07T20:59:00+02:00,,0.0,0,Bøleråsen,RUT:Line:510,Bøleråsen - Ski - Ås - Drøbak,510,bus,RUT:ServiceJourney:ea4d93a8749daba837d4b7a803004245,False,planned,False,,,,,2026-09-08T00:20:52.129880+02:00
NSR:StopPlace:58854,Langhus stasjon,2026-09-07T21:01:00+02:00,2026-09-07T21:01:00+02:00,,0.0,0,Ski,VYG:Line:L2,Stabekk-Oslo S-Ski,L2,rail,VYG:ServiceJourney:2861_444104-R,False,planned,False,,,,,2026-09-08T00:20:52.129880+02:00
NSR:StopPlace:58854,Langhus stasjon,2026-09-07T21:09:00+02:00,2026-09-07T21:09:00+02:00,,0.0,0,Drøbak - Frogn vgs.,RUT:Line:510,Bøleråsen - Ski - Ås - Drøbak,510,bus,RUT:ServiceJourney:e62454aca09c8757840460d21b80ffa9,False,planned,False,,,,,2026-09-08T00:20:52.129880+02:00
NSR:StopPlace:58854,Langhus stasjon,2026-09-07T21:12:00+02:00,2026-09-07T21:12:00+02:00,,0.0,0,Stabekk,VYG:Line:L2,Stabekk-Oslo S-Ski,L2,rail,VYG:ServiceJourney:2770-SKI_443990-R,False,planned,False,,,,,2026-09-08T00:20:52.129880+02:00
NSR:StopPlace:58854,Langhus stasjon,2026-09-07T21:14:00+02:00,2026-09-07T21:14:00+02:00,,0.0,0,Bøleråsen,RUT:Line:510,Bøleråsen - Ski - Ås - Drøbak,510,bus,RUT:ServiceJourney:b4cbc9fe442839e33c64163f2be3859f,False,planned,False,,,,,2026-09-08T00:20:52.129880+02:00
NSR:StopPlace:58854,Langhus stasjon,2026-09-07T21:16:00+02:00,2026-09-07T21:16:00+02:00,,0.0,0,Ski,VYG:Line:L2,Stabekk-Oslo S-Ski,L2,rail,VYG:ServiceJourney:2763-HVK_443979-R,False,planned,False,,,,,2026-09-08T00:20:52.129880+02:00
NSR:StopPlace:58854,Langhus stasjon,2026-09-07T21:24:00+02:00,2026-09-07T21:24:00+02:00,,0.0,0,Drøbak - Seiersten,RUT:Line:510,Bøleråsen - Ski - Ås - Drøbak,510,bus,RUT:ServiceJourney:d600c27e2379aa7dc058d1a6a6b9dc3b,False,planned,False,,,,,2026-09-08T00:20:52.129880+02:00
NSR:StopPlace:58854,Langhus stasjon,2026-09-07T21:27:00+02:00,2026-09-07T21:27:00+02:00,,0.0,0,Oslo S,VYG:Line:L2,Stabekk-Oslo S-Ski,L2,rail,VYG:ServiceJourney:2870_444114-R,False,planned,False,,,,,2026-09-08T00:20:52.129880+02:00
NSR:StopPlace:58854,Langhus stasjon,2026-09-07T21:29:00+02:00,2026-09-07T21:29:00+02:00,,0.0,0,Bøleråsen,RUT:Line:510,Bøleråsen - Ski - Ås - Drøbak,510,bus,RUT:ServiceJourney:26e267a61e1df22a5baeefa8e7d75910,False,planned,False,,,,,2026-09-08T00:20:52.129880+02:00
NSR:StopPlace:58854,Langhus stasjon,2026-09-07T21:31:00+02:00,2026-09-07T21:31:00+02:00,,0.0,0,Ski,VYG:Line:L2,Stabekk-Oslo S-Ski,L2,rail,VYG:ServiceJourney:2863-BES_488395-R,False,planned,False,,,,,2026-09-08T00:20:52.129880+02:00
NSR:StopPlace:58854,Langhus stasjon,2026-09-07T21:44:00+02:00,2026-09-07T21:44:00+02:00,,0.0,0,Bøleråsen,RUT:Line:510,Bøleråsen - Ski - Ås - Drøbak,510,bus,RUT:ServiceJourney:9b5a73e1cc74d59ee36cff8fc8c4e4e2,False,planned,False,,,,,2026-09-08T00:20:52.129880+02:00
NSR:StopPlace:58854,Langhus stasjon,2026-09-07T21:46:00+02:00,2026-09-07T21:46:00+02:00,,0.0,0,Ski,VYG:Line:L2,Stabekk-Oslo S-Ski,L2,rail,VYG:ServiceJourney:2765-HVK_443981-R,False,planned,False,,,,,2026-09-08T00:20:52.129880+02:00
NSR:StopPlace:58854,Langhus stasjon,2026-09-07T21:59:00+02:00,2026-09-07T21:59:00+02:00,,0.0,0,Bøleråsen,RUT:Line:510,Bøleråsen - Ski - Ås - Drøbak,510,bus,RUT:ServiceJourney:cfbcfc5c44d6e186157b708d663b909a,False,planned,False,,,,,2026-09-08T00:20:52.129880+02:00
NSR:StopPlace:58854,Langhus stasjon,2026-09-07T22:01:00+02:00,2026-09-07T22:01:00+02:00,,0.0,0,Ski,VYG:Line:L2,Stabekk-Oslo S-Ski,L2,rail,VYG:ServiceJourney:2865_444108-R,False,planned,False,,,,,2026-09-08T00:20:52.129880+02:00
NSR:StopPlace:58854,Langhus stasjon,2026-09-07T22:16:00+02:00,2026-09-07T22:16:00+02:00,,0.0,0,Ski,VYG:Line:L2,Stabekk-Oslo S-Ski,L2,rail,VYG:ServiceJourney:2767-HVK_443985-R,False,planned,False,,,,,2026-09-08T00:20:52.129880+02:00
NSR:StopPlace:58854,Langhus stasjon,2026-09-07T22:31:00+02:00,2026-09-07T22:31:00+02:00,,0.0,0,Ski,VYG:Line:L2,Stabekk-Oslo S-Ski,L2,rail,VYG:ServiceJourney:2867-BES_488397-R,False,planned,False,,,,,2026-09-08T00:20:52.129880+02:00
NSR:StopPlace:58855,Leirsund stasjon,2026-09-07T21:30:00+02:00,2026-09-07T21:30:00+02:00,,0.0,0,Dal,VYG:Line:R13,Drammen-Oslo S-Dal,R13,rail,VYG:ServiceJourney:1665_443353-R,False,planned,False,,,,,2026-09-08T00:20:52.129880+02:00
NSR:StopPlace:58856,Lysaker stasjon,2026-09-07T20:21:00+02:00,2026-09-07T20:21:00+02:00,,0.0,0,Spikkestad,VYG:Line:L1,Spikkestad-Oslo S-Lillestrøm,L1,rail,VYG:ServiceJourney:2261_443688-R,False,planned,False,,,,,2026-09-08T00:20:52.129880+02:00
NSR:StopPlace:58856,Lysaker stasjon,2026-09-07T20:26:00+02:00,2026-09-07T20:26:00+02:00,,0.0,0,Nationaltheatret,RUT:Line:150,Gullhaug - Nationaltheatret,150,bus,RUT:ServiceJourney:99d5308f65de03aa1d470720d053663e,False,planned,False,,,,,2026-09-08T00:20:52.129880+02:00
NSR:StopPlace:58856,Lysaker stasjon,2026-09-07T20:26:00+02:00,2026-09-07T20:26:00+02:00,,0.0,0,Skøyen,RUT:Line:130,Sandvika -Skøyen,130,bus,RUT:ServiceJourney:bd612a00cf2b563912ffc2032e7cb36e,False,planned,False,,,,,2026-09-08T00:20:52.129880+02:00
NSR:StopPlace:58856,Lysaker stasjon,2026-09-07T20:26:00+02:00,2026-09-07T20:26:00+02:00,,0.0,0,Oslo Lufthavn,FLT:Line:FLY1,FLY1,FLY1,rail,FLT:ServiceJourney:1-2614-3797-20260907,False,planned,False,,,,,2026-09-08T00:20:52.129880+02:00
NSR:StopPlace:58856,Lysaker stasjon,2026-09-07T20:26:00+02:00,2026-09-07T20:26:00+02:00,,0.0,0,Snarøya,RUT:Line:31,Snarøya - Fornebu - Tonsenhagen - Grorud,31,bus,RUT:ServiceJourney:a3c3ed70abce36f8c31f4e136881bb3a,False,planned,False,,,,,2026-09-08T00:20:52.129880+02:00
NSR:StopPlace:58856,Lysaker stasjon,2026-09-07T20:27:00+02:00,2026-09-07T20:27:00+02:00,,0.0,0,Tonsenhagen,RUT:Line:31,Snarøya - Fornebu - Tonsenhagen - Grorud,31,bus,RUT:ServiceJourney:75b9e2659d05958b33c21fcc2967e9bf,False,planned,False,,,,,2026-09-08T00:20:52.129880+02:00
NSR:StopPlace:58856,Lysaker stasjon,2026-09-07T20:27:00+02:00,2026-09-07T20:27:00+02:00,,0.0,0,Notodden,VYX:Line:20,VY1 Notodden-Oslo,VY1,coach,VYX:ServiceJourney:f76b1db78ccb462e35e8ca518b4b99736fb37217,False,planned,False,Forhåndsbestilling Vy,Billett må kjøpes på nett eller app senest 15 minutter før påstigning for at bussen skal kjøre innom holdeplassen.,general,normal,2026-09-08T00:20:52.129880+02:00
NSR:StopPlace:58856,Lysaker stasjon,2026-09-07T20:27:00+02:00,2026-09-07T20:27:00+02:00,,0.0,0,Stabekk,VYG:Line:L2,Stabekk-Oslo S-Ski,L2,rail,VYG:ServiceJourney:2764-SKI_443980-R,False,planned,False,,,,,2026-09-08T00:20:52.129880+02:00
NSR:StopPlace:58856,Lysaker stasjon,2026-09-07T20:28:00+02:00,2026-09-07T20:28:00+02:00,,0.0,0,Nationaltheatret,RUT:Line:250,Sætre - Slemmestad - Nationaltheatret,250,bus,RUT:ServiceJourney:d68c9396d70a07318ca114bcd6406542,False,planned,False,,,,,2026-09-08T00:20:52.129880+02:00
NSR:StopPlace:58856,Lysaker stasjon,2026-09-07T20:29:00+02:00,2026-09-07T20:29:00+02:00,,0.0,0,Drammen,VYG:Line:R13,Drammen-Oslo S-Dal,R13,rail,VYG:ServiceJourney:1660_443344-R,False,planned,False,,,,,2026-09-08T00:20:52.129880+02:00
NSR:StopPlace:58856,Lysaker stasjon,2026-09-07T20:29:00+02:00,2026-09-07T20:29:00+02:00,,0.0,0,Lillestrøm,VYG:Line:L1,Spikkestad-Oslo S-Lillestrøm,L1,rail,VYG:ServiceJourney:2264_445363-R,False,planned,False,,,,,2026-09-08T00:20:52.129880+02:00
NSR:StopPlace:58856,Lysaker stasjon,2026-09-07T20:30:00+02:00,2026-09-07T20:30:00+02:00,,0.0,0,Tjuvholmen,RUT:Line:42,Voksen skog - Tjuvholmen,42,bus,RUT:ServiceJourney:e1fc09f12b807623a9366de37b7669c0,False,planned,False,,,,,2026-09-08T00:20:52.129880+02:00
NSR:StopPlace:58856,Lysaker stasjon,2026-09-07T20:31:00+02:00,2026-09-07T20:31:00+02:00,,0.0,0,Dal,VYG:Line:R13,Drammen-Oslo S-Dal,R13,rail,VYG:ServiceJourney:1663_443349-R,False,planned,False,,,,,2026-09-08T00:20:52.129880+02:00
NSR:StopPlace:58856,Lysaker stasjon,2026-09-07T20:33:00+02:00,2026-09-07T20:33:00+02:00,,0.0,0,Nationaltheatret,RUT:Line:160,Rykkinn -Nationaltheatret,160,bus,RUT:ServiceJourney:24bf2f7f444b3cd99798210ce0a16ae9,False,planned,False,,,,,2026-09-08T00:20:52.129880+02:00
NSR:StopPlace:58856,Lysaker stasjon,2026-09-07T20:33:00+02:00,2026-09-07T20:33:00+02:00,,0.0,0,Ski,VYG:Line:L2,Stabekk-Oslo S-Ski,L2,rail,VYG:ServiceJourney:2763-HVK_443979-R,False,planned,False,,,,,2026-09-08T00:20:52.129880+02:00
NSR:StopPlace:58856,Lysaker stasjon,2026-09-07T20:33:00+02:00,2026-09-07T20:33:00+02:00,,0.0,0,Fornebu,RUT:Line:31,Snarøya - Fornebu - Tonsenhagen - Grorud,31,bus,RUT:ServiceJourney:d8e387d7ea3e840a4e5dac54e0e34ba2,False,planned,False,,,,,2026-09-08T00:20:52.129880+02:00
NSR:StopPlace:58856,Lysaker stasjon,2026-09-07T20:34:00+02:00,2026-09-07T20:34:00+02:00,,0.0,0,Rykkinn,RUT:Line:160,Rykkinn -Nationaltheatret,160,bus,RUT:ServiceJourney:222f5281944d6d8c627b6bb4b41c80c8,False,planned,False,,,,,2026-09-08T00:20:52.129880+02:00
NSR:StopPlace:58856,Lysaker stasjon,2026-09-07T20:34:00+02:00,2026-09-07T20:34:00+02:00,,0.0,0,Grorud T,RUT:Line:31,Snarøya - Fornebu - Tonsenhagen - Grorud,31,bus,RUT:ServiceJourney:0bcd842ea82a6af49d7ac1056f52e218,False,planned,False,,,,,2026-09-08T00:20:52.129880+02:00
NSR:StopPlace:58856,Lysaker stasjon,2026-09-07T20:35:00+02:00,2026-09-07T20:35:00+02:00,,0.0,0,Sætre,RUT:Line:250,Sætre - Slemmestad - Nationaltheatret,250,bus,RUT:ServiceJourney:f337d2bbab9c66ff356870cc898bb1cd,False,planned,False,,,,,2026-09-08T00:20:52.129880+02:00
NSR:StopPlace:58856,Lysaker stasjon,2026-09-07T20:35:00+02:00,2026-09-07T20:35:00+02:00,,0.0,0,Gullhaug,RUT:Line:150,Gullhaug - Nationaltheatret,150,bus,RUT:ServiceJourney:d3b404a5552418f4329551046dbb8570,False,planned,False,,,,,2026-09-08T00:20:52.129880+02:00
NSR:StopPlace:58856,Lysaker stasjon,2026-09-07T20:36:00+02:00,2026-09-07T20:36:00+02:00,,0.0,0,Sandvika,RUT:Line:130,Sandvika -Skøyen,130,bus,RUT:ServiceJourney:c750f6df04e138849edd48b4af84c335,False,planned,False,,,,,2026-09-08T00:20:52.129880+02:00
NSR:StopPlace:58856,Lysaker stasjon,2026-09-07T20:37:00+02:00,2026-09-07T20:37:00+02:00,,0.0,0,Oslo Lufthavn,FLT:Line:FLY2,FLY2,FLY2,rail,FLT:ServiceJourney:1-2614-3595-20260907,False,planned,False,,,,,2026-09-08T00:20:52.129880+02:00
NSR:StopPlace:58856,Lysaker stasjon,2026-09-07T20:37:00+02:00,2026-09-07T20:37:00+02:00,,0.0,0,Asker,VYG:Line:L1,Spikkestad-Oslo S-Lillestrøm,L1,rail,VYG:ServiceJourney:2161_443571-R,False,planned,False,,,,,2026-09-08T00:20:52.129880+02:00
NSR:StopPlace:58856,Lysaker stasjon,2026-09-07T20:39:00+02:00,2026-09-07T20:39:00+02:00,,0.0,0,Drammen,VYG:Line:RE10,Drammen-Oslo S-Lillehammer,RE10,rail,VYG:ServiceJourney:330-LHM_444236-R,False,planned,False,,,,,2026-09-08T00:20:52.129880+02:00
NSR:StopPlace:58856,Lysaker stasjon,2026-09-07T20:39:00+02:00,2026-09-07T20:39:00+02:00,,0.0,0,Moss,VYG:Line:R21,Stabekk-Oslo S-Moss,R21,rail,VYG:ServiceJourney:1163-HVK_443054-R,False,planned,False,,,,,2026-09-08T00:20:52.129880+02:00
NSR:StopPlace:58856,Lysaker stasjon,2026-09-07T20:41:00+02:00,2026-09-07T20:41:00+02:00,,0.0,0,Nationaltheatret,RUT:Line:150,Gullhaug - Nationaltheatret,150,bus,RUT:ServiceJourney:65b8737ca40eb366d76a2b89de13df3d,False,planned,False,,,,,2026-09-08T00:20:52.129880+02:00
NSR:StopPlace:58856,Lysaker stasjon,2026-09-07T20:41:00+02:00,2026-09-07T20:41:00+02:00,,0.0,0,Eidsvoll,VYG:Line:R12,Kongsberg-Oslo S-Eidsvoll,R12,rail,VYG:ServiceJourney:532_444341-R,False,planned,False,,,,,2026-09-08T00:20:52.129880+02:00
NSR:StopPlace:58856,Lysaker stasjon,2026-09-07T20:41:00+02:00,2026-09-07T20:41:00+02:00,,0.0,0,Snarøya,RUT:Line:31,Snarøya - Fornebu - Tonsenhagen - Grorud,31,bus,RUT:ServiceJourney:91462a600ed953db2aa16fb4511d74db,False,planned,False,,,,,2026-09-08T00:20:52.129880+02:00
NSR:StopPlace:58856,Lysaker stasjon,2026-09-07T20:42:00+02:00,2026-09-07T20:42:00+02:00,,0.0,0,Tonsenhagen,RUT:Line:31,Snarøya - Fornebu - Tonsenhagen - Grorud,31,bus,RUT:ServiceJourney:b890082c8f7dc42cddadc7835442b200,False,planned,False,,,,,2026-09-08T00:20:52.129880+02:00
NSR:StopPlace:58856,Lysaker stasjon,2026-09-07T20:43:00+02:00,2026-09-07T20:43:00+02:00,,0.0,0,Bekkestua via Østerås,RUT:Line:140,Bekkestua - Østerås - Skøyen,140,bus,RUT:ServiceJourney:9196783ed25000e3e0a1bb0dda48db4e,False,planned,False,,,,,2026-09-08T00:20:52.129880+02:00
NSR:StopPlace:58856,Lysaker stasjon,2026-09-07T20:43:00+02:00,2026-09-07T20:43:00+02:00,,0.0,0,Nationaltheatret,RUT:Line:250,Sætre - Slemmestad - Nationaltheatret,250,bus,RUT:ServiceJourney:1d59741759875c904388ba95097efdb1,False,planned,False,,,,,2026-09-08T00:20:52.129880+02:00
NSR:StopPlace:58856,Lysaker stasjon,2026-09-07T20:43:00+02:00,2026-09-07T20:43:00+02:00,,0.0,0,Lillestrøm,VYG:Line:L1,Spikkestad-Oslo S-Lillestrøm,L1,rail,VYG:ServiceJourney:2164_443574-R,False,planned,False,,,,,2026-09-08T00:20:52.129880+02:00
NSR:StopPlace:58856,Lysaker stasjon,2026-09-07T20:45:00+02:00,2026-09-07T20:45:00+02:00,,0.0,0,Tjuvholmen,RUT:Line:42,Voksen skog - Tjuvholmen,42,bus,RUT:ServiceJourney:04f9756e29c93fbfe131cd9f7a1edc89,False,planned,False,,,,,2026-09-08T00:20:52.129880+02:00
NSR:StopPlace:58856,Lysaker stasjon,2026-09-07T20:46:00+02:00,2026-09-07T20:46:00+02:00,,0.0,0,Oslo Lufthavn,FLT:Line:FLY1,FLY1,FLY1,rail,FLT:ServiceJourney:1-2614-3799-20260907,False,planned,False,,,,,2026-09-08T00:20:52.129880+02:00
NSR:StopPlace:58856,Lysaker stasjon,2026-09-07T20:47:00+02:00,2026-09-07T20:47:00+02:00,,0.0,0,Stabekk,VYG:Line:R21,Stabekk-Oslo S-Moss,R21,rail,VYG:ServiceJourney:1164-MOS_443055-R,False,planned,False,,,,,2026-09-08T00:20:52.129880+02:00
NSR:StopPlace:58856,Lysaker stasjon,2026-09-07T20:48:00+02:00,2026-09-07T20:48:00+02:00,,0.0,0,Skøyen,RUT:Line:140,Bekkestua - Østerås - Skøyen,140,bus,RUT:ServiceJourney:f4941920e7ee99f38fe2f38fe58da5c0,False,planned,False,,,,,2026-09-08T00:20:52.129880+02:00
NSR:StopPlace:58856,Lysaker stasjon,2026-09-07T20:48:00+02:00,2026-09-07T20:48:00+02:00,,0.0,0,Nationaltheatret,RUT:Line:160,Rykkinn -Nationaltheatret,160,bus,RUT:ServiceJourney:3016f45e3aa69a59d81804a3dba0d4b9,False,planned,False,,,,,2026-09-08T00:20:52.129880+02:00
NSR:StopPlace:58856,Lysaker stasjon,2026-09-07T20:48:00+02:00,2026-09-07T20:48:00+02:00,,0.0,0,Oslo,FLI:Line:0a73c829-ebbd-40e3-923e-393c512bf1e9,Oslo - Stavanger - Bergen,FX650,coach,FLI:ServiceJourney:971df447-bcff-4c9b-a241-ecc926bb0f2f,False,planned,False,,,,,2026-09-08T00:20:52.129880+02:00
NSR:StopPlace:58856,Lysaker stasjon,2026-09-07T20:48:00+02:00,2026-09-07T20:48:00+02:00,,0.0,0,Fornebu,RUT:Line:31,Snarøya - Fornebu - Tonsenhagen - Grorud,31,bus,RUT:ServiceJourney:361c1369c613b2e29b76508a635f6844,False,planned,False,,,,,2026-09-08T00:20:52.129880+02:00
NSR:StopPlace:58856,Lysaker stasjon,2026-09-07T20:49:00+02:00,2026-09-07T20:49:00+02:00,,0.0,0,Rykkinn,RUT:Line:160,Rykkinn -Nationaltheatret,160,bus,RUT:ServiceJourney:f74fb22c141c8e8052585c64524b9858,False,planned,False,,,,,2026-09-08T00:20:52.129880+02:00
NSR:StopPlace:58856,Lysaker stasjon,2026-09-07T20:49:00+02:00,2026-09-07T20:49:00+02:00,,0.0,0,Grorud T,RUT:Line:31,Snarøya - Fornebu - Tonsenhagen - Grorud,31,bus,RUT:ServiceJourney:0fb96f729195dd1d315ab17103c515e9,False,planned,False,,,,,2026-09-08T00:20:52.129880+02:00
NSR:StopPlace:58856,Lysaker stasjon,2026-09-07T20:50:00+02:00,2026-09-07T20:50:00+02:00,,0.0,0,Slemmestad,RUT:Line:250,Sætre - Slemmestad - Nationaltheatret,250,bus,RUT:ServiceJourney:48662ca159ec6ad5f367cf65f487b380,False,planned,False,,,,,2026-09-08T00:20:52.129880+02:00
NSR:StopPlace:58856,Lysaker stasjon,2026-09-07T20:50:00+02:00,2026-09-07T20:50:00+02:00,,0.0,0,Gullhaug,RUT:Line:150,Gullhaug - Nationaltheatret,150,bus,RUT:ServiceJourney:26cd319af07383a6d49866f428b12174,False,planned,False,,,,,2026-09-08T00:20:52.129880+02:00
NSR:StopPlace:58856,Lysaker stasjon,2026-09-07T20:51:00+02:00,2026-09-07T20:51:00+02:00,,0.0,0,Spikkestad,VYG:Line:L1,Spikkestad-Oslo S-Lillestrøm,L1,rail,VYG:ServiceJourney:2263_443691-R,False,planned,False,,,,,2026-09-08T00:20:52.129880+02:00
NSR:StopPlace:58856,Lysaker stasjon,2026-09-07T20:56:00+02:00,2026-09-07T20:56:00+02:00,,0.0,0,Nationaltheatret,RUT:Line:150,Gullhaug - Nationaltheatret,150,bus,RUT:ServiceJourney:c4cc27b3a61e29976f18344886be8046,False,planned,False,,,,,2026-09-08T00:20:52.129880+02:00
NSR:StopPlace:58856,Lysaker stasjon,2026-09-07T20:56:00+02:00,2026-09-07T20:56:00+02:00,,0.0,0,Skøyen,RUT:Line:130,Sandvika -Skøyen,130,bus,RUT:ServiceJourney:4aef316a2d004603e6cbe664f0caae12,False,planned,False,,,,,2026-09-08T00:20:52.129880+02:00
NSR:StopPlace:58856,Lysaker stasjon,2026-09-07T20:56:00+02:00,2026-09-07T20:56:00+02:00,,0.0,0,Snarøya,RUT:Line:31,Snarøya - Fornebu - Tonsenhagen - Grorud,31,bus,RUT:ServiceJourney:43fd1cdf0976fe6b54e7607d94d07bd1,False,planned,False,,,,,2026-09-08T00:20:52.129880+02:00
NSR:StopPlace:58857,Lørenskog stasjon,2026-09-07T20:21:00+02:00,2026-09-07T20:21:00+02:00,,0.0,0,Spikkestad,VYG:Line:L1,Spikkestad-Oslo S-Lillestrøm,L1,rail,VYG:ServiceJourney:2263_443691-R,False,planned,False,,,,,2026-09-08T00:20:52.129880+02:00
NSR:StopPlace:58857,Lørenskog stasjon,2026-09-07T20:29:00+02:00,2026-09-07T20:29:00+02:00,,0.0,0,Lillestrøm,VYG:Line:L1,Spikkestad-Oslo S-Lillestrøm,L1,rail,VYG:ServiceJourney:2262_443690-R,False,planned,False,,,,,2026-09-08T00:20:52.129880+02:00
NSR:StopPlace:58857,Lørenskog stasjon,2026-09-07T20:36:00+02:00,2026-09-07T20:36:00+02:00,,0.0,0,Asker,VYG:Line:L1,Spikkestad-Oslo S-Lillestrøm,L1,rail,VYG:ServiceJourney:2163_443573-R,False,planned,False,,,,,2026-09-08T00:20:52.129880+02:00
NSR:StopPlace:58857,Lørenskog stasjon,2026-09-07T20:37:00+02:00,2026-09-07T20:37:00+02:00,,0.0,0,Nesåsen,RUT:Line:120,Nesåsen - Stovner,120,bus,RUT:ServiceJourney:c60b6a10c200cdbdb3118a206ff8f53d,False,planned,False,,,,,2026-09-08T00:20:52.129880+02:00
NSR:StopPlace:58857,Lørenskog stasjon,2026-09-07T20:43:00+02:00,2026-09-07T20:43:00+02:00,,0.0,0,Stovner,RUT:Line:120,Nesåsen - Stovner,120,bus,RUT:ServiceJourney:9d112fad781b87480ae816fe08409399,False,planned,False,,,,,2026-09-08T00:20:52.129880+02:00
NSR:StopPlace:58857,Lørenskog stasjon,2026-09-07T20:44:00+02:00,2026-09-07T20:44:00+02:00,,0.0,0,Lillestrøm,VYG:Line:L1,Spikkestad-Oslo S-Lillestrøm,L1,rail,VYG:ServiceJourney:2162_443572-R,False,planned,False,,,,,2026-09-08T00:20:52.129880+02:00
NSR:StopPlace:58857,Lørenskog stasjon,2026-09-07T20:51:00+02:00,2026-09-07T20:51:00+02:00,,0.0,0,Spikkestad,VYG:Line:L1,Spikkestad-Oslo S-Lillestrøm,L1,rail,VYG:ServiceJourney:2265_443694-R,False,planned,False,,,,,2026-09-08T00:20:52.129880+02:00
NSR:StopPlace:58857,Lørenskog stasjon,2026-09-07T20:59:00+02:00,2026-09-07T20:59:00+02:00,,0.0,0,Lillestrøm,VYG:Line:L1,Spikkestad-Oslo S-Lillestrøm,L1,rail,VYG:ServiceJourney:2264_445363-R,False,planned,False,,,,,2026-09-08T00:20:52.129880+02:00
NSR:StopPlace:58857,Lørenskog stasjon,2026-09-07T21:06:00+02:00,2026-09-07T21:06:00+02:00,,0.0,0,Asker,VYG:Line:L1,Spikkestad-Oslo S-Lillestrøm,L1,rail,VYG:ServiceJourney:2165_443575-R,False,planned,False,,,,,2026-09-08T00:20:52.129880+02:00
NSR:StopPlace:58857,Lørenskog stasjon,2026-09-07T21:07:00+02:00,2026-09-07T21:07:00+02:00,,0.0,0,Nesåsen,RUT:Line:120,Nesåsen - Stovner,120,bus,RUT:ServiceJourney:7662125a991e7875d0463d7492745019,False,planned,False,,,,,2026-09-08T00:20:52.129880+02:00
NSR:StopPlace:58857,Lørenskog stasjon,2026-09-07T21:13:00+02:00,2026-09-07T21:13:00+02:00,,0.0,0,Stovner,RUT:Line:120,Nesåsen - Stovner,120,bus,RUT:ServiceJourney:48ccc7852f3a86f82e4706e40dab8c43,False,planned,False,,,,,2026-09-08T00:20:52.129880+02:00
NSR:StopPlace:58857,Lørenskog stasjon,2026-09-07T21:14:00+02:00,2026-09-07T21:14:00+02:00,,0.0,0,Lillestrøm,VYG:Line:L1,Spikkestad-Oslo S-Lillestrøm,L1,rail,VYG:ServiceJourney:2164_443574-R,False,planned,False,,,,,2026-09-08T00:20:52.129880+02:00
NSR:StopPlace:58857,Lørenskog stasjon,2026-09-07T21:29:00+02:00,2026-09-07T21:29:00+02:00,,0.0,0,Lillestrøm,VYG:Line:L1,Spikkestad-Oslo S-Lillestrøm,L1,rail,VYG:ServiceJourney:2266_443696-R,False,planned,False,,,,,2026-09-08T00:20:52.129880+02:00
NSR:StopPlace:58857,Lørenskog stasjon,2026-09-07T21:37:00+02:00,2026-09-07T21:37:00+02:00,,0.0,0,Nesåsen,RUT:Line:120,Nesåsen - Stovner,120,bus,RUT:ServiceJourney:a238efd870de8e90eecf8df2d3608ec7,False,planned,False,,,,,2026-09-08T00:20:52.129880+02:00
NSR:StopPlace:58857,Lørenskog stasjon,2026-09-07T21:43:00+02:00,2026-09-07T21:43:00+02:00,,0.0,0,Stovner,RUT:Line:120,Nesåsen - Stovner,120,bus,RUT:ServiceJourney:20c46012e2897b9e3114ba45faee67aa,False,planned,False,,,,,2026-09-08T00:20:52.129880+02:00
NSR:StopPlace:58857,Lørenskog stasjon,2026-09-07T21:44:00+02:00,2026-09-07T21:44:00+02:00,,0.0,0,Lillestrøm,VYG:Line:L1,Spikkestad-Oslo S-Lillestrøm,L1,rail,VYG:ServiceJourney:2166_443576-R,False,planned,False,,,,,2026-09-08T00:20:52.129880+02:00
NSR:StopPlace:58857,Lørenskog stasjon,2026-09-07T21:59:00+02:00,2026-09-07T21:59:00+02:00,,0.0,0,Lillestrøm,VYG:Line:L1,Spikkestad-Oslo S-Lillestrøm,L1,rail,VYG:ServiceJourney:2268_445367-R,False,planned,False,,,,,2026-09-08T00:20:52.129880+02:00
NSR:StopPlace:58858,Nittedal stasjon,2026-09-07T21:04:00+02:00,2026-09-07T21:04:00+02:00,,0.0,0,Roa,VYG:Line:R31,Skøyen-Jaren-Gjøvik,R31,rail,VYG:ServiceJourney:BUS-233_655442-R,False,planned,False,,,,,2026-09-08T00:20:52.129880+02:00
NSR:StopPlace:58858,Nittedal stasjon,2026-09-07T21:04:00+02:00,2026-09-07T21:04:00+02:00,,0.0,0,Roa,VYG:Line:R31,Skøyen-Jaren-Gjøvik,R31,rail,VYG:ServiceJourney:BUS-233_655441-R,False,planned,False,,,,,2026-09-08T00:20:52.129880+02:00
NSR:StopPlace:58858,Nittedal stasjon,2026-09-07T21:04:00+02:00,2026-09-07T21:04:00+02:00,,0.0,0,Roa,VYG:Line:R31,Skøyen-Jaren-Gjøvik,R31,rail,VYG:ServiceJourney:BUS-233_655440-R,False,planned,False,,,,,2026-09-08T00:20:52.129880+02:00
NSR:StopPlace:58858,Nittedal stasjon,2026-09-07T21:11:00+02:00,2026-09-07T21:11:00+02:00,,0.0,0,Oslo S,VYG:Line:R31,Skøyen-Jaren-Gjøvik,R31,rail,VYG:ServiceJourney:BUS-232_656075-R,False,planned,False,,,,,2026-09-08T00:20:52.129880+02:00
NSR:StopPlace:58858,Nittedal stasjon,2026-09-07T21:20:00+02:00,2026-09-07T21:20:00+02:00,,0.0,0,Lørenskog sentrum,RUT:Line:385,Nittedal stasjon - Olavsgaard - Ahus,385,bus,RUT:ServiceJourney:7dfb065ccd46300241acc4c1ec62e3cc,False,planned,False,,,,,2026-09-08T00:20:52.129880+02:00
NSR:StopPlace:58858,Nittedal stasjon,2026-09-07T21:30:00+02:00,2026-09-07T21:30:00+02:00,,0.0,0,Oslo S,VYG:Line:R31,Skøyen-Jaren-Gjøvik,R31,rail,VYG:ServiceJourney:BUS-232_655428-R,False,planned,False,,,,,2026-09-08T00:20:52.129880+02:00
NSR:StopPlace:58858,Nittedal stasjon,2026-09-07T22:04:00+02:00,2026-09-07T22:04:00+02:00,,0.0,0,Roa,VYG:Line:R31,Skøyen-Jaren-Gjøvik,R31,rail,VYG:ServiceJourney:BUS-235_655466-R,False,planned,False,,,,,2026-09-08T00:20:52.129880+02:00
NSR:StopPlace:58858,Nittedal stasjon,2026-09-07T23:30:00+02:00,2026-09-07T23:30:00+02:00,,0.0,0,Oslo S,VYG:Line:R31,Skøyen-Jaren-Gjøvik,R31,rail,VYG:ServiceJourney:BUS-236_655481-R,False,planned,False,,,,,2026-09-08T00:20:52.129880+02:00
NSR:StopPlace:58858,Nittedal stasjon,2026-09-07T23:34:00+02:00,2026-09-07T23:34:00+02:00,,0.0,0,Jaren,VYG:Line:R31,Skøyen-Jaren-Gjøvik,R31,rail,VYG:ServiceJourney:BUS-237_655492-R,False,planned,False,,,,,2026-09-08T00:20:52.129880+02:00
NSR:StopPlace:58858,Nittedal stasjon,2026-09-08T00:04:00+02:00,2026-09-08T00:04:00+02:00,,0.0,0,Roa,VYG:Line:R31,Skøyen-Jaren-Gjøvik,R31,rail,VYG:ServiceJourney:BUS-239_655510-R,False,planned,False,,,,,2026-09-08T00:20:52.129880+02:00
NSR:StopPlace:58859,Nordby stasjon,2026-09-07T21:53:00+02:00,2026-09-07T21:53:00+02:00,,0.0,0,Dal,VYG:Line:R13,Drammen-Oslo S-Dal,R13,rail,VYG:ServiceJourney:1665_443353-R,False,planned,False,,,,,2026-09-08T00:20:52.129880+02:00
NSR:StopPlace:58850,Hauerseter stasjon,2026-09-07T21:30:00+02:00,2026-09-07T21:30:00+02:00,,0.0,0,Dal,VYG:Line:R13,Drammen-Oslo S-Dal,R13,rail,VYG:ServiceJourney:1663_443349-R,False,planned,False,,,,,2026-09-08T00:20:52.129880+02:00
NSR:StopPlace:58850,Hauerseter stasjon,2026-09-07T22:00:00+02:00,2026-09-07T22:00:00+02:00,,0.0,0,Dal,VYG:Line:R13,Drammen-Oslo S-Dal,R13,rail,VYG:ServiceJourney:1665_443353-R,False,planned,False,,,,,2026-09-08T00:20:52.129880+02:00
NSR:StopPlace:58851,Heggedal stasjon,2026-09-07T20:59:00+02:00,2026-09-07T20:59:00+02:00,,0.0,0,Rustadgrenda,RUT:Line:286,Rustadgrenda-Heggedal,286,bus,RUT:ServiceJourney:6e2521d25ba8be215bf5fd70f1ef7343,False,planned,False,,,,,2026-09-08T00:20:52.129880+02:00
NSR:StopPlace:58851,Heggedal stasjon,2026-09-07T21:29:00+02:00,2026-09-07T21:29:00+02:00,,0.0,0,Rustadgrenda,RUT:Line:286,Rustadgrenda-Heggedal,286,bus,RUT:ServiceJourney:0c4d1ca4171e9519e5f79425d6d076d4,False,planned,False,,,,,2026-09-08T00:20:52.129880+02:00
NSR:StopPlace:58851,Heggedal stasjon,2026-09-07T21:29:00+02:00,2026-09-07T21:29:00+02:00,,0.0,0,Asker,RUT:Line:280,Asker - Dikemark - Heggedal,280,bus,RUT:ServiceJourney:be32984f80e31e755404d9c78e28a5a2,False,planned,False,,,,,2026-09-08T00:20:52.129880+02:00
NSR:StopPlace:58851,Heggedal stasjon,2026-09-07T21:55:00+02:00,2026-09-07T21:55:00+02:00,,0.0,0,Spikkestad,VYG:Line:L1,Spikkestad-Oslo S-Lillestrøm,L1,rail,VYG:ServiceJourney:2265_443694-R,False,planned,False,,,,,2026-09-08T00:20:52.129880+02:00
NSR:StopPlace:58851,Heggedal stasjon,2026-09-07T21:59:00+02:00,2026-09-07T21:59:00+02:00,,0.0,0,Rustadgrenda,RUT:Line:286,Rustadgrenda-Heggedal,286,bus,RUT:ServiceJourney:bb858e3d71340dc21ba48a4d873666ac,False,planned,False,,,,,2026-09-08T00:20:52.129880+02:00
NSR:StopPlace:58864,Sørumsand stasjon,2026-09-07T20:37:00+02:00,2026-09-07T20:37:00+02:00,,0.0,0,Blaker ring,RUT:Line:2370,Sørumsand - Blaker - Sørumsand,370B,bus,RUT:ServiceJourney:b4404c6faed0e23e0ff97bdd9a8955dd,False,planned,False,,,,,2026-09-08T00:20:52.129880+02:00
NSR:StopPlace:58864,Sørumsand stasjon,2026-09-07T21:39:00+02:00,2026-09-07T21:39:00+02:00,,0.0,0,Orredalen,RUT:Line:366,Orredalen - Sørumsand,366,bus,RUT:ServiceJourney:e9457fb0cfe4561a7d406f0e3afc1508,False,planned,False,,,,,2026-09-08T00:20:52.129880+02:00
NSR:StopPlace:58865,Vestby stasjon,2026-09-07T20:50:00+02:00,2026-09-07T20:50:00+02:00,,0.0,0,Moss,RUT:Line:540,Moss - Son - Vestby stasjon,540,bus,RUT:ServiceJourney:54a360c6e395bf869e7c0364926c4730,False,planned,False,,,,,2026-09-08T00:20:52.129880+02:00
NSR:StopPlace:58865,Vestby stasjon,2026-09-07T20:50:00+02:00,2026-09-07T20:50:00+02:00,,0.0,0,Grønberg,RUT:Line:530,Pepperstad - Vestby stasjon,530,bus,RUT:ServiceJourney:ce85bd4b7e7225f536d8737b20d5bb12,False,planned,False,,,,,2026-09-08T00:20:52.129880+02:00
NSR:StopPlace:58865,Vestby stasjon,2026-09-07T21:10:00+02:00,2026-09-07T21:10:00+02:00,,0.0,0,Stabekk,VYG:Line:R21,Stabekk-Oslo S-Moss,R21,rail,VYG:ServiceJourney:1168-MOS_443061-R,False,planned,False,,,,,2026-09-08T00:20:52.129880+02:00
NSR:StopPlace:58865,Vestby stasjon,2026-09-07T21:15:00+02:00,2026-09-07T21:15:00+02:00,,0.0,0,Moss,VYG:Line:R21,Stabekk-Oslo S-Moss,R21,rail,VYG:ServiceJourney:1163-HVK_443054-R,False,planned,False,,,,,2026-09-08T00:20:52.129880+02:00
NSR:StopPlace:58865,Vestby stasjon,2026-09-07T21:20:00+02:00,2026-09-07T21:20:00+02:00,,0.0,0,Randem,RUT:Line:533,Randem - Vestby stasjon,533,bus,RUT:ServiceJourney:45b32f5d4163684960333e65666f3039,False,planned,False,,,,,2026-09-08T00:20:52.129880+02:00
NSR:StopPlace:58865,Vestby stasjon,2026-09-07T21:20:00+02:00,2026-09-07T21:20:00+02:00,,0.0,0,Grønberg,RUT:Line:530,Pepperstad - Vestby stasjon,530,bus,RUT:ServiceJourney:1751883a575f87e51dff089bbf8128f2,False,planned,False,,,,,2026-09-08T00:20:52.129880+02:00
NSR:StopPlace:58865,Vestby stasjon,2026-09-07T21:45:00+02:00,2026-09-07T21:45:00+02:00,,0.0,0,Moss,VYG:Line:R21,Stabekk-Oslo S-Moss,R21,rail,VYG:ServiceJourney:1165-HVK_443056-R,False,planned,False,,,,,2026-09-08T00:20:52.129880+02:00
NSR:StopPlace:58865,Vestby stasjon,2026-09-07T21:50:00+02:00,2026-09-07T21:50:00+02:00,,0.0,0,Randem,RUT:Line:533,Randem - Vestby stasjon,533,bus,RUT:ServiceJourney:c076bcea5250afbc96ba2407ff695ff4,False,planned,False,,,,,2026-09-08T00:20:52.129880+02:00
NSR:StopPlace:58865,Vestby stasjon,2026-09-07T21:50:00+02:00,2026-09-07T21:50:00+02:00,,0.0,0,Grønberg,RUT:Line:530,Pepperstad - Vestby stasjon,530,bus,RUT:ServiceJourney:0004321163811f32a45d76d7339aeaf0,False,planned,False,,,,,2026-09-08T00:20:52.129880+02:00
NSR:StopPlace:58866,Vevelstad stasjon,2026-09-07T20:21:00+02:00,2026-09-07T20:21:00+02:00,,0.0,0,Drøbak - Seiersten,RUT:Line:510,Bøleråsen - Ski - Ås - Drøbak,510,bus,RUT:ServiceJourney:2a8450c475b374b8a805393ef20de345,False,planned,False,,,,,2026-09-08T00:20:52.129880+02:00
NSR:StopPlace:58866,Vevelstad stasjon,2026-09-07T20:29:00+02:00,2026-09-07T20:29:00+02:00,,0.0,0,Ski,VYG:Line:L2,Stabekk-Oslo S-Ski,L2,rail,VYG:ServiceJourney:2859-BES_488392-R,False,planned,False,,,,,2026-09-08T00:20:52.129880+02:00
NSR:StopPlace:58866,Vevelstad stasjon,2026-09-07T20:29:00+02:00,2026-09-07T20:29:00+02:00,,0.0,0,Oslo S,VYG:Line:L2,Stabekk-Oslo S-Ski,L2,rail,VYG:ServiceJourney:2866_444109-R,False,planned,False,,,,,2026-09-08T00:20:52.129880+02:00
NSR:StopPlace:58866,Vevelstad stasjon,2026-09-07T20:34:00+02:00,2026-09-07T20:34:00+02:00,,0.0,0,Bøleråsen,RUT:Line:510,Bøleråsen - Ski - Ås - Drøbak,510,bus,RUT:ServiceJourney:44906d10e1aefd035d1a758fa87edb6d,False,planned,False,,,,,2026-09-08T00:20:52.129880+02:00
NSR:StopPlace:58866,Vevelstad stasjon,2026-09-07T20:36:00+02:00,2026-09-07T20:36:00+02:00,,0.0,0,Drøbak - Frogn vgs.,RUT:Line:510,Bøleråsen - Ski - Ås - Drøbak,510,bus,RUT:ServiceJourney:5a5b590da2fcef88fb09636a33ca6129,False,planned,False,,,,,2026-09-08T00:20:52.129880+02:00
NSR:StopPlace:58866,Vevelstad stasjon,2026-09-07T20:44:00+02:00,2026-09-07T20:44:00+02:00,,0.0,0,Ski,VYG:Line:L2,Stabekk-Oslo S-Ski,L2,rail,VYG:ServiceJourney:2761-HVK_443975-R,False,planned,False,,,,,2026-09-08T00:20:52.129880+02:00
NSR:StopPlace:58866,Vevelstad stasjon,2026-09-07T20:44:00+02:00,2026-09-07T20:44:00+02:00,,0.0,0,Stabekk,VYG:Line:L2,Stabekk-Oslo S-Ski,L2,rail,VYG:ServiceJourney:2768-SKI_443986-R,False,planned,False,,,,,2026-09-08T00:20:52.129880+02:00
NSR:StopPlace:58866,Vevelstad stasjon,2026-09-07T20:49:00+02:00,2026-09-07T20:49:00+02:00,,0.0,0,Bøleråsen,RUT:Line:510,Bøleråsen - Ski - Ås - Drøbak,510,bus,RUT:ServiceJourney:68ac37cd5da02424cce74b4fae21ac26,False,planned,False,,,,,2026-09-08T00:20:52.129880+02:00
NSR:StopPlace:58866,Vevelstad stasjon,2026-09-07T20:51:00+02:00,2026-09-07T20:51:00+02:00,,0.0,0,Drøbak - Seiersten,RUT:Line:510,Bøleråsen - Ski - Ås - Drøbak,510,bus,RUT:ServiceJourney:84cf632e05fca7ffa043a093f9cf9723,False,planned,False,,,,,2026-09-08T00:20:52.129880+02:00
NSR:StopPlace:58866,Vevelstad stasjon,2026-09-07T20:59:00+02:00,2026-09-07T20:59:00+02:00,,0.0,0,Ski,VYG:Line:L2,Stabekk-Oslo S-Ski,L2,rail,VYG:ServiceJourney:2861_444104-R,False,planned,False,,,,,2026-09-08T00:20:52.129880+02:00
NSR:StopPlace:58866,Vevelstad stasjon,2026-09-07T20:59:00+02:00,2026-09-07T20:59:00+02:00,,0.0,0,Skøyen,VYG:Line:L2,Stabekk-Oslo S-Ski,L2,rail,VYG:ServiceJourney:2868-SKI_488398-R,False,planned,False,,,,,2026-09-08T00:20:52.129880+02:00
NSR:StopPlace:58866,Vevelstad stasjon,2026-09-07T21:04:00+02:00,2026-09-07T21:04:00+02:00,,0.0,0,Bøleråsen,RUT:Line:510,Bøleråsen - Ski - Ås - Drøbak,510,bus,RUT:ServiceJourney:ea4d93a8749daba837d4b7a803004245,False,planned,False,,,,,2026-09-08T00:20:52.129880+02:00
NSR:StopPlace:58866,Vevelstad stasjon,2026-09-07T21:06:00+02:00,2026-09-07T21:06:00+02:00,,0.0,0,Drøbak - Frogn vgs.,RUT:Line:510,Bøleråsen - Ski - Ås - Drøbak,510,bus,RUT:ServiceJourney:e62454aca09c8757840460d21b80ffa9,False,planned,False,,,,,2026-09-08T00:20:52.129880+02:00
NSR:StopPlace:58866,Vevelstad stasjon,2026-09-07T21:14:00+02:00,2026-09-07T21:14:00+02:00,,0.0,0,Ski,VYG:Line:L2,Stabekk-Oslo S-Ski,L2,rail,VYG:ServiceJourney:2763-HVK_443979-R,False,planned,False,,,,,2026-09-08T00:20:52.129880+02:00
NSR:StopPlace:58866,Vevelstad stasjon,2026-09-07T21:14:00+02:00,2026-09-07T21:14:00+02:00,,0.0,0,Stabekk,VYG:Line:L2,Stabekk-Oslo S-Ski,L2,rail,VYG:ServiceJourney:2770-SKI_443990-R,False,planned,False,,,,,2026-09-08T00:20:52.129880+02:00
NSR:StopPlace:58866,Vevelstad stasjon,2026-09-07T21:19:00+02:00,2026-09-07T21:19:00+02:00,,0.0,0,Bøleråsen,RUT:Line:510,Bøleråsen - Ski - Ås - Drøbak,510,bus,RUT:ServiceJourney:b4cbc9fe442839e33c64163f2be3859f,False,planned,False,,,,,2026-09-08T00:20:52.129880+02:00
NSR:StopPlace:58866,Vevelstad stasjon,2026-09-07T21:21:00+02:00,2026-09-07T21:21:00+02:00,,0.0,0,Drøbak - Seiersten,RUT:Line:510,Bøleråsen - Ski - Ås - Drøbak,510,bus,RUT:ServiceJourney:d600c27e2379aa7dc058d1a6a6b9dc3b,False,planned,False,,,,,2026-09-08T00:20:52.129880+02:00
NSR:StopPlace:58866,Vevelstad stasjon,2026-09-07T21:29:00+02:00,2026-09-07T21:29:00+02:00,,0.0,0,Ski,VYG:Line:L2,Stabekk-Oslo S-Ski,L2,rail,VYG:ServiceJourney:2863-BES_488395-R,False,planned,False,,,,,2026-09-08T00:20:52.129880+02:00
NSR:StopPlace:58866,Vevelstad stasjon,2026-09-07T21:29:00+02:00,2026-09-07T21:29:00+02:00,,0.0,0,Oslo S,VYG:Line:L2,Stabekk-Oslo S-Ski,L2,rail,VYG:ServiceJourney:2870_444114-R,False,planned,False,,,,,2026-09-08T00:20:52.129880+02:00
NSR:StopPlace:58866,Vevelstad stasjon,2026-09-07T21:34:00+02:00,2026-09-07T21:34:00+02:00,,0.0,0,Bøleråsen,RUT:Line:510,Bøleråsen - Ski - Ås - Drøbak,510,bus,RUT:ServiceJourney:26e267a61e1df22a5baeefa8e7d75910,False,planned,False,,,,,2026-09-08T00:20:52.129880+02:00
NSR:StopPlace:58866,Vevelstad stasjon,2026-09-07T21:44:00+02:00,2026-09-07T21:44:00+02:00,,0.0,0,Ski,VYG:Line:L2,Stabekk-Oslo S-Ski,L2,rail,VYG:ServiceJourney:2765-HVK_443981-R,False,planned,False,,,,,2026-09-08T00:20:52.129880+02:00
NSR:StopPlace:58866,Vevelstad stasjon,2026-09-07T21:49:00+02:00,2026-09-07T21:49:00+02:00,,0.0,0,Bøleråsen,RUT:Line:510,Bøleråsen - Ski - Ås - Drøbak,510,bus,RUT:ServiceJourney:9b5a73e1cc74d59ee36cff8fc8c4e4e2,False,planned,False,,,,,2026-09-08T00:20:52.129880+02:00
NSR:StopPlace:58866,Vevelstad stasjon,2026-09-07T21:59:00+02:00,2026-09-07T21:59:00+02:00,,0.0,0,Ski,VYG:Line:L2,Stabekk-Oslo S-Ski,L2,rail,VYG:ServiceJourney:2865_444108-R,False,planned,False,,,,,2026-09-08T00:20:52.129880+02:00
NSR:StopPlace:58866,Vevelstad stasjon,2026-09-07T22:04:00+02:00,2026-09-07T22:04:00+02:00,,0.0,0,Bøleråsen,RUT:Line:510,Bøleråsen - Ski - Ås - Drøbak,510,bus,RUT:ServiceJourney:cfbcfc5c44d6e186157b708d663b909a,False,planned,False,,,,,2026-09-08T00:20:52.129880+02:00
NSR:StopPlace:58866,Vevelstad stasjon,2026-09-07T22:14:00+02:00,2026-09-07T22:14:00+02:00,,0.0,0,Ski,VYG:Line:L2,Stabekk-Oslo S-Ski,L2,rail,VYG:ServiceJourney:2767-HVK_443985-R,False,planned,False,,,,,2026-09-08T00:20:52.129880+02:00
NSR:StopPlace:58866,Vevelstad stasjon,2026-09-07T22:29:00+02:00,2026-09-07T22:29:00+02:00,,0.0,0,Ski,VYG:Line:L2,Stabekk-Oslo S-Ski,L2,rail,VYG:ServiceJourney:2867-BES_488397-R,False,planned,False,,,,,2026-09-08T00:20:52.129880+02:00
NSR:StopPlace:58868,Årnes stasjon,2026-09-07T21:04:00+02:00,2026-09-07T21:04:00+02:00,,0.0,0,Oslo lufthavn,RUT:Line:450,Årnes - Oslo lufthavn,450,bus,RUT:ServiceJourney:6f2a5cabaf6a5fd900a7049849dc0b99,False,planned,False,,,,,2026-09-08T00:20:52.129880+02:00
NSR:StopPlace:58869,Ås stasjon,2026-09-07T21:40:00+02:00,2026-09-07T21:40:00+02:00,,0.0,0,Moss,VYG:Line:R21,Stabekk-Oslo S-Moss,R21,rail,VYG:ServiceJourney:1165-HVK_443056-R,False,planned,False,,,,,2026-09-08T00:20:52.129880+02:00
NSR:StopPlace:58860,Oppegård stasjon,2026-09-07T20:31:00+02:00,2026-09-07T20:31:00+02:00,,0.0,0,Kolbotn torg,RUT:Line:580,Kolbotn - Ski,580,bus,RUT:ServiceJourney:496ea797bb9c0ca97dd8d1bbddf80a37,False,planned,False,,,,,2026-09-08T00:20:52.129880+02:00
NSR:StopPlace:58860,Oppegård stasjon,2026-09-07T20:42:00+02:00,2026-09-07T20:42:00+02:00,,0.0,0,Ski,VYG:Line:L2,Stabekk-Oslo S-Ski,L2,rail,VYG:ServiceJourney:2761-HVK_443975-R,False,planned,False,,,,,2026-09-08T00:20:52.129880+02:00
NSR:StopPlace:58860,Oppegård stasjon,2026-09-07T20:46:00+02:00,2026-09-07T20:46:00+02:00,,0.0,0,Stabekk,VYG:Line:L2,Stabekk-Oslo S-Ski,L2,rail,VYG:ServiceJourney:2768-SKI_443986-R,False,planned,False,,,,,2026-09-08T00:20:52.129880+02:00
NSR:StopPlace:58860,Oppegård stasjon,2026-09-07T20:57:00+02:00,2026-09-07T20:57:00+02:00,,0.0,0,Ski,VYG:Line:L2,Stabekk-Oslo S-Ski,L2,rail,VYG:ServiceJourney:2861_444104-R,False,planned,False,,,,,2026-09-08T00:20:52.129880+02:00
NSR:StopPlace:58860,Oppegård stasjon,2026-09-07T21:01:00+02:00,2026-09-07T21:01:00+02:00,,0.0,0,Skøyen,VYG:Line:L2,Stabekk-Oslo S-Ski,L2,rail,VYG:ServiceJourney:2868-SKI_488398-R,False,planned,False,,,,,2026-09-08T00:20:52.129880+02:00
NSR:StopPlace:58860,Oppegård stasjon,2026-09-07T21:01:00+02:00,2026-09-07T21:01:00+02:00,,0.0,0,Ski stasjon,RUT:Line:580,Kolbotn - Ski,580,bus,RUT:ServiceJourney:d5bae92c929c55ce5171d9915b07893e,False,planned,False,,,,,2026-09-08T00:20:52.129880+02:00
NSR:StopPlace:58860,Oppegård stasjon,2026-09-07T21:01:00+02:00,2026-09-07T21:01:00+02:00,,0.0,0,Kolbotn torg,RUT:Line:580,Kolbotn - Ski,580,bus,RUT:ServiceJourney:2df4b2f9833aa53f8610c09f2071c039,False,planned,False,,,,,2026-09-08T00:20:52.129880+02:00
NSR:StopPlace:58860,Oppegård stasjon,2026-09-07T21:12:00+02:00,2026-09-07T21:12:00+02:00,,0.0,0,Ski,VYG:Line:L2,Stabekk-Oslo S-Ski,L2,rail,VYG:ServiceJourney:2763-HVK_443979-R,False,planned,False,,,,,2026-09-08T00:20:52.129880+02:00
NSR:StopPlace:58860,Oppegård stasjon,2026-09-07T21:16:00+02:00,2026-09-07T21:16:00+02:00,,0.0,0,Stabekk,VYG:Line:L2,Stabekk-Oslo S-Ski,L2,rail,VYG:ServiceJourney:2770-SKI_443990-R,False,planned,False,,,,,2026-09-08T00:20:52.129880+02:00
NSR:StopPlace:58860,Oppegård stasjon,2026-09-07T21:27:00+02:00,2026-09-07T21:27:00+02:00,,0.0,0,Ski,VYG:Line:L2,Stabekk-Oslo S-Ski,L2,rail,VYG:ServiceJourney:2863-BES_488395-R,False,planned,False,,,,,2026-09-08T00:20:52.129880+02:00
NSR:StopPlace:58860,Oppegård stasjon,2026-09-07T21:31:00+02:00,2026-09-07T21:31:00+02:00,,0.0,0,Oslo S,VYG:Line:L2,Stabekk-Oslo S-Ski,L2,rail,VYG:ServiceJourney:2870_444114-R,False,planned,False,,,,,2026-09-08T00:20:52.129880+02:00
NSR:StopPlace:58860,Oppegård stasjon,2026-09-07T21:31:00+02:00,2026-09-07T21:31:00+02:00,,0.0,0,Ski stasjon,RUT:Line:580,Kolbotn - Ski,580,bus,RUT:ServiceJourney:0e410a42856afeaa2b962eb3a580c2c0,False,planned,False,,,,,2026-09-08T00:20:52.129880+02:00
NSR:StopPlace:58860,Oppegård stasjon,2026-09-07T21:31:00+02:00,2026-09-07T21:31:00+02:00,,0.0,0,Kolbotn torg,RUT:Line:580,Kolbotn - Ski,580,bus,RUT:ServiceJourney:55bc5a36945725441459be90da27e782,False,planned,False,,,,,2026-09-08T00:20:52.129880+02:00
NSR:StopPlace:58860,Oppegård stasjon,2026-09-07T21:42:00+02:00,2026-09-07T21:42:00+02:00,,0.0,0,Ski,VYG:Line:L2,Stabekk-Oslo S-Ski,L2,rail,VYG:ServiceJourney:2765-HVK_443981-R,False,planned,False,,,,,2026-09-08T00:20:52.129880+02:00
NSR:StopPlace:58860,Oppegård stasjon,2026-09-07T21:57:00+02:00,2026-09-07T21:57:00+02:00,,0.0,0,Ski,VYG:Line:L2,Stabekk-Oslo S-Ski,L2,rail,VYG:ServiceJourney:2865_444108-R,False,planned,False,,,,,2026-09-08T00:20:52.129880+02:00
NSR:StopPlace:58860,Oppegård stasjon,2026-09-07T22:12:00+02:00,2026-09-07T22:12:00+02:00,,0.0,0,Ski,VYG:Line:L2,Stabekk-Oslo S-Ski,L2,rail,VYG:ServiceJourney:2767-HVK_443985-R,False,planned,False,,,,,2026-09-08T00:20:52.129880+02:00
NSR:StopPlace:58860,Oppegård stasjon,2026-09-07T22:27:00+02:00,2026-09-07T22:27:00+02:00,,0.0,0,Ski,VYG:Line:L2,Stabekk-Oslo S-Ski,L2,rail,VYG:ServiceJourney:2867-BES_488397-R,False,planned,False,,,,,2026-09-08T00:20:52.129880+02:00
NSR:StopPlace:58861,Solbråtan stasjon,2026-09-07T20:23:00+02:00,2026-09-07T20:23:00+02:00,,0.0,0,Stabekk,VYG:Line:L2,Stabekk-Oslo S-Ski,L2,rail,VYG:ServiceJourney:2766-SKI_443983-R,False,planned,False,,,,,2026-09-08T00:20:52.129880+02:00
NSR:StopPlace:58861,Solbråtan stasjon,2026-09-07T20:35:00+02:00,2026-09-07T20:35:00+02:00,,0.0,0,Ski,VYG:Line:L2,Stabekk-Oslo S-Ski,L2,rail,VYG:ServiceJourney:2761-HVK_443975-R,False,planned,False,,,,,2026-09-08T00:20:52.129880+02:00
NSR:StopPlace:58861,Solbråtan stasjon,2026-09-07T20:38:00+02:00,2026-09-07T20:38:00+02:00,,0.0,0,Oslo S,VYG:Line:L2,Stabekk-Oslo S-Ski,L2,rail,VYG:ServiceJourney:2866_444109-R,False,planned,False,,,,,2026-09-08T00:20:52.129880+02:00
NSR:StopPlace:58861,Solbråtan stasjon,2026-09-07T20:41:00+02:00,2026-09-07T20:41:00+02:00,,0.0,0,Tårnåsen,RUT:Line:83,Jernbanetorget - Tårnåsen,83,bus,RUT:ServiceJourney:ddc2137902cde55796ad6ab6cbc6a6b6,False,planned,False,Linje 80E og 83 får Hausmanns bru som ny endeholdeplass fra 29. juni,"Bussene stopper ikke på Jernbanetorget etter 29. juni, men starter og stopper på Hausmanns bru i Nylandsveien.",incident,normal,2026-09-08T00:20:52.129880+02:00
NSR:StopPlace:58861,Solbråtan stasjon,2026-09-07T20:45:00+02:00,2026-09-07T20:45:00+02:00,,0.0,0,Bjørvika,RUT:Line:83,Jernbanetorget - Tårnåsen,83,bus,RUT:ServiceJourney:5d41ec0e76be1c430a9acd6d43d17a55,False,planned,False,Linje 80E og 83 får Hausmanns bru som ny endeholdeplass fra 29. juni,"Bussene stopper ikke på Jernbanetorget etter 29. juni, men starter og stopper på Hausmanns bru i Nylandsveien.",incident,normal,2026-09-08T00:20:52.129880+02:00
NSR:StopPlace:58861,Solbråtan stasjon,2026-09-07T20:50:00+02:00,2026-09-07T20:50:00+02:00,,0.0,0,Ski,VYG:Line:L2,Stabekk-Oslo S-Ski,L2,rail,VYG:ServiceJourney:2861_444104-R,False,planned,False,,,,,2026-09-08T00:20:52.129880+02:00
NSR:StopPlace:58861,Solbråtan stasjon,2026-09-07T20:53:00+02:00,2026-09-07T20:53:00+02:00,,0.0,0,Stabekk,VYG:Line:L2,Stabekk-Oslo S-Ski,L2,rail,VYG:ServiceJourney:2768-SKI_443986-R,False,planned,False,,,,,2026-09-08T00:20:52.129880+02:00
NSR:StopPlace:58861,Solbråtan stasjon,2026-09-07T21:05:00+02:00,2026-09-07T21:05:00+02:00,,0.0,0,Ski,VYG:Line:L2,Stabekk-Oslo S-Ski,L2,rail,VYG:ServiceJourney:2763-HVK_443979-R,False,planned,False,,,,,2026-09-08T00:20:52.129880+02:00
NSR:StopPlace:58861,Solbråtan stasjon,2026-09-07T21:08:00+02:00,2026-09-07T21:08:00+02:00,,0.0,0,Skøyen,VYG:Line:L2,Stabekk-Oslo S-Ski,L2,rail,VYG:ServiceJourney:2868-SKI_488398-R,False,planned,False,,,,,2026-09-08T00:20:52.129880+02:00
NSR:StopPlace:58861,Solbråtan stasjon,2026-09-07T21:11:00+02:00,2026-09-07T21:11:00+02:00,,0.0,0,Tårnåsen,RUT:Line:83,Jernbanetorget - Tårnåsen,83,bus,RUT:ServiceJourney:8c68ff32c5e404a7479544da188f8909,False,planned,False,Linje 80E og 83 får Hausmanns bru som ny endeholdeplass fra 29. juni,"Bussene stopper ikke på Jernbanetorget etter 29. juni, men starter og stopper på Hausmanns bru i Nylandsveien.",incident,normal,2026-09-08T00:20:52.129880+02:00
NSR:StopPlace:58861,Solbråtan stasjon,2026-09-07T21:15:00+02:00,2026-09-07T21:15:00+02:00,,0.0,0,Bjørvika,RUT:Line:83,Jernbanetorget - Tårnåsen,83,bus,RUT:ServiceJourney:ac57837d79b213499a5d625c45663dda,False,planned,False,Linje 80E og 83 får Hausmanns bru som ny endeholdeplass fra 29. juni,"Bussene stopper ikke på Jernbanetorget etter 29. juni, men starter og stopper på Hausmanns bru i Nylandsveien.",incident,normal,2026-09-08T00:20:52.129880+02:00
NSR:StopPlace:58861,Solbråtan stasjon,2026-09-07T21:20:00+02:00,2026-09-07T21:20:00+02:00,,0.0,0,Ski,VYG:Line:L2,Stabekk-Oslo S-Ski,L2,rail,VYG:ServiceJourney:2863-BES_488395-R,False,planned,False,,,,,2026-09-08T00:20:52.129880+02:00
NSR:StopPlace:58861,Solbråtan stasjon,2026-09-07T21:23:00+02:00,2026-09-07T21:23:00+02:00,,0.0,0,Stabekk,VYG:Line:L2,Stabekk-Oslo S-Ski,L2,rail,VYG:ServiceJourney:2770-SKI_443990-R,False,planned,False,,,,,2026-09-08T00:20:52.129880+02:00
NSR:StopPlace:58861,Solbråtan stasjon,2026-09-07T21:35:00+02:00,2026-09-07T21:35:00+02:00,,0.0,0,Ski,VYG:Line:L2,Stabekk-Oslo S-Ski,L2,rail,VYG:ServiceJourney:2765-HVK_443981-R,False,planned,False,,,,,2026-09-08T00:20:52.129880+02:00
NSR:StopPlace:58861,Solbråtan stasjon,2026-09-07T21:38:00+02:00,2026-09-07T21:38:00+02:00,,0.0,0,Oslo S,VYG:Line:L2,Stabekk-Oslo S-Ski,L2,rail,VYG:ServiceJourney:2870_444114-R,False,planned,False,,,,,2026-09-08T00:20:52.129880+02:00
NSR:StopPlace:58861,Solbråtan stasjon,2026-09-07T21:41:00+02:00,2026-09-07T21:41:00+02:00,,0.0,0,Tårnåsen,RUT:Line:83,Jernbanetorget - Tårnåsen,83,bus,RUT:ServiceJourney:1f5b64c7b3c4d807313c4112081eaed4,False,planned,False,Linje 80E og 83 får Hausmanns bru som ny endeholdeplass fra 29. juni,"Bussene stopper ikke på Jernbanetorget etter 29. juni, men starter og stopper på Hausmanns bru i Nylandsveien.",incident,normal,2026-09-08T00:20:52.129880+02:00
NSR:StopPlace:58861,Solbråtan stasjon,2026-09-07T21:50:00+02:00,2026-09-07T21:50:00+02:00,,0.0,0,Ski,VYG:Line:L2,Stabekk-Oslo S-Ski,L2,rail,VYG:ServiceJourney:2865_444108-R,False,planned,False,,,,,2026-09-08T00:20:52.129880+02:00
NSR:StopPlace:58861,Solbråtan stasjon,2026-09-07T22:05:00+02:00,2026-09-07T22:05:00+02:00,,0.0,0,Ski,VYG:Line:L2,Stabekk-Oslo S-Ski,L2,rail,VYG:ServiceJourney:2767-HVK_443985-R,False,planned,False,,,,,2026-09-08T00:20:52.129880+02:00
NSR:StopPlace:58861,Solbråtan stasjon,2026-09-07T22:20:00+02:00,2026-09-07T22:20:00+02:00,,0.0,0,Ski,VYG:Line:L2,Stabekk-Oslo S-Ski,L2,rail,VYG:ServiceJourney:2867-BES_488397-R,False,planned,False,,,,,2026-09-08T00:20:52.129880+02:00
NSR:StopPlace:58862,Strømmen stasjon,2026-09-07T20:28:00+02:00,2026-09-07T20:28:00+02:00,,0.0,0,Lørenskog sentrum,RUT:Line:385,Nittedal stasjon - Olavsgaard - Ahus,385,bus,RUT:ServiceJourney:b4e52a0983a04b19bfecc8060aabf65c,False,planned,False,,,,,2026-09-08T00:20:52.129880+02:00
NSR:StopPlace:58862,Strømmen stasjon,2026-09-07T20:30:00+02:00,2026-09-07T20:30:00+02:00,,0.0,0,Asker,VYG:Line:L1,Spikkestad-Oslo S-Lillestrøm,L1,rail,VYG:ServiceJourney:2163_443573-R,False,planned,False,,,,,2026-09-08T00:20:52.129880+02:00
NSR:StopPlace:58862,Strømmen stasjon,2026-09-07T20:35:00+02:00,2026-09-07T20:35:00+02:00,,0.0,0,Lillestrøm,VYG:Line:L1,Spikkestad-Oslo S-Lillestrøm,L1,rail,VYG:ServiceJourney:2262_443690-R,False,planned,False,,,,,2026-09-08T00:20:52.129880+02:00
NSR:StopPlace:58862,Strømmen stasjon,2026-09-07T20:36:00+02:00,2026-09-07T20:36:00+02:00,,0.0,0,Nittedal,RUT:Line:385,Nittedal stasjon - Olavsgaard - Ahus,385,bus,RUT:ServiceJourney:cf025db4b2489aa9614744968bb80931,False,planned,False,,,,,2026-09-08T00:20:52.129880+02:00
NSR:StopPlace:58862,Strømmen stasjon,2026-09-07T20:40:00+02:00,2026-09-07T20:40:00+02:00,,0.0,0,Guldhaug-Tømte,RUT:Line:381,Guldhaug-Tømte - Lillestrøm,381,bus,RUT:ServiceJourney:8d98a1b222a8a921d1def781202341ba,False,planned,False,,,,,2026-09-08T00:20:52.129880+02:00
NSR:StopPlace:58862,Strømmen stasjon,2026-09-07T20:45:00+02:00,2026-09-07T20:45:00+02:00,,0.0,0,Spikkestad,VYG:Line:L1,Spikkestad-Oslo S-Lillestrøm,L1,rail,VYG:ServiceJourney:2265_443694-R,False,planned,False,,,,,2026-09-08T00:20:52.129880+02:00
NSR:StopPlace:58862,Strømmen stasjon,2026-09-07T20:50:00+02:00,2026-09-07T20:50:00+02:00,,0.0,0,Lillestrøm,VYG:Line:L1,Spikkestad-Oslo S-Lillestrøm,L1,rail,VYG:ServiceJourney:2162_443572-R,False,planned,False,,,,,2026-09-08T00:20:52.129880+02:00
NSR:StopPlace:58862,Strømmen stasjon,2026-09-07T20:58:00+02:00,2026-09-07T20:58:00+02:00,,0.0,0,Lørenskog sentrum,RUT:Line:385,Nittedal stasjon - Olavsgaard - Ahus,385,bus,RUT:ServiceJourney:ef3e4afe6908f44f6abd1469b1a6eb37,False,planned,False,,,,,2026-09-08T00:20:52.129880+02:00
NSR:StopPlace:58862,Strømmen stasjon,2026-09-07T21:00:00+02:00,2026-09-07T21:00:00+02:00,,0.0,0,Asker,VYG:Line:L1,Spikkestad-Oslo S-Lillestrøm,L1,rail,VYG:ServiceJourney:2165_443575-R,False,planned,False,,,,,2026-09-08T00:20:52.129880+02:00
NSR:StopPlace:58862,Strømmen stasjon,2026-09-07T21:05:00+02:00,2026-09-07T21:05:00+02:00,,0.0,0,Lillestrøm,VYG:Line:L1,Spikkestad-Oslo S-Lillestrøm,L1,rail,VYG:ServiceJourney:2264_445363-R,False,planned,False,,,,,2026-09-08T00:20:52.129880+02:00
NSR:StopPlace:58862,Strømmen stasjon,2026-09-07T21:05:00+02:00,2026-09-07T21:05:00+02:00,,0.0,0,Lillestrøm,RUT:Line:381,Guldhaug-Tømte - Lillestrøm,381,bus,RUT:ServiceJourney:1f0d737b22a9bd754b7ca78cba8590b2,False,planned,False,,,,,2026-09-08T00:20:52.129880+02:00
NSR:StopPlace:58862,Strømmen stasjon,2026-09-07T21:06:00+02:00,2026-09-07T21:06:00+02:00,,0.0,0,Nittedal,RUT:Line:385,Nittedal stasjon - Olavsgaard - Ahus,385,bus,RUT:ServiceJourney:72fd068106f0326a41e5b2a409e60263,False,planned,False,,,,,2026-09-08T00:20:52.129880+02:00
NSR:StopPlace:58862,Strømmen stasjon,2026-09-07T21:20:00+02:00,2026-09-07T21:20:00+02:00,,0.0,0,Lillestrøm,VYG:Line:L1,Spikkestad-Oslo S-Lillestrøm,L1,rail,VYG:ServiceJourney:2164_443574-R,False,planned,False,,,,,2026-09-08T00:20:52.129880+02:00
NSR:StopPlace:58862,Strømmen stasjon,2026-09-07T21:28:00+02:00,2026-09-07T21:28:00+02:00,,0.0,0,Lørenskog sentrum,RUT:Line:385,Nittedal stasjon - Olavsgaard - Ahus,385,bus,RUT:ServiceJourney:f623a5976f267b0e8f01eb9d9fa76352,False,planned,False,,,,,2026-09-08T00:20:52.129880+02:00
NSR:StopPlace:58862,Strømmen stasjon,2026-09-07T21:35:00+02:00,2026-09-07T21:35:00+02:00,,0.0,0,Lillestrøm,VYG:Line:L1,Spikkestad-Oslo S-Lillestrøm,L1,rail,VYG:ServiceJourney:2266_443696-R,False,planned,False,,,,,2026-09-08T00:20:52.129880+02:00
NSR:StopPlace:58862,Strømmen stasjon,2026-09-07T21:36:00+02:00,2026-09-07T21:36:00+02:00,,0.0,0,Nittedal,RUT:Line:385,Nittedal stasjon - Olavsgaard - Ahus,385,bus,RUT:ServiceJourney:41fbf52a8db0401def9b45410e9a9b8a,False,planned,False,,,,,2026-09-08T00:20:52.129880+02:00
NSR:StopPlace:58862,Strømmen stasjon,2026-09-07T21:40:00+02:00,2026-09-07T21:40:00+02:00,,0.0,0,Guldhaug-Tømte,RUT:Line:381,Guldhaug-Tømte - Lillestrøm,381,bus,RUT:ServiceJourney:08d0b0cdecac2a960c41148892f629db,False,planned,False,,,,,2026-09-08T00:20:52.129880+02:00
NSR:StopPlace:58862,Strømmen stasjon,2026-09-07T21:50:00+02:00,2026-09-07T21:50:00+02:00,,0.0,0,Lillestrøm,VYG:Line:L1,Spikkestad-Oslo S-Lillestrøm,L1,rail,VYG:ServiceJourney:2166_443576-R,False,planned,False,,,,,2026-09-08T00:20:52.129880+02:00
NSR:StopPlace:58862,Strømmen stasjon,2026-09-07T21:58:00+02:00,2026-09-07T21:58:00+02:00,,0.0,0,Lørenskog sentrum,RUT:Line:385,Nittedal stasjon - Olavsgaard - Ahus,385,bus,RUT:ServiceJourney:7dfb065ccd46300241acc4c1ec62e3cc,False,planned,False,,,,,2026-09-08T00:20:52.129880+02:00
NSR:StopPlace:58862,Strømmen stasjon,2026-09-07T22:05:00+02:00,2026-09-07T22:05:00+02:00,,0.0,0,Lillestrøm,VYG:Line:L1,Spikkestad-Oslo S-Lillestrøm,L1,rail,VYG:ServiceJourney:2268_445367-R,False,planned,False,,,,,2026-09-08T00:20:52.129880+02:00
NSR:StopPlace:58874,Stokke stasjon,2026-09-07T20:52:00+02:00,2026-09-07T20:52:00+02:00,,0.0,0,Tønsberg,VKT:Line:520,Tønsberg-Stokke,520,bus,VKT:ServiceJourney:17326,False,planned,False,,,,,2026-09-08T00:20:52.129880+02:00
NSR:StopPlace:58874,Stokke stasjon,2026-09-07T21:37:00+02:00,2026-09-07T21:37:00+02:00,,0.0,0,Sørby,VKT:Line:520,Tønsberg-Stokke,520,bus,VKT:ServiceJourney:17254,False,planned,False,,,,,2026-09-08T00:20:52.129880+02:00
NSR:StopPlace:58875,Torp stasjon,2026-09-07T20:55:00+02:00,2026-09-07T20:55:00+02:00,,0.0,0,Torp,VYX:Line:164,S174 Shuttle Sandefjord Lufthavn Torp,S174,bus,VYX:ServiceJourney:60d1857a22bcaff32e192e059ecb5e65af3fba05,False,planned,False,Info S174,I retning Sandefjord lufthavn Torp vil S174 vente på tog som ankommer Torp stasjon.,general,normal,2026-09-08T00:20:52.129880+02:00
NSR:StopPlace:58875,Torp stasjon,2026-09-07T21:16:00+02:00,2026-09-07T21:16:00+02:00,,0.0,0,Torp,VYX:Line:164,S174 Shuttle Sandefjord Lufthavn Torp,S174,bus,VYX:ServiceJourney:b7fc35d3079f8a5d2a74472510f6843bed51a4a6,False,planned,False,Info S174,I retning Sandefjord lufthavn Torp vil S174 vente på tog som ankommer Torp stasjon.,general,normal,2026-09-08T00:20:52.129880+02:00
NSR:StopPlace:58875,Torp stasjon,2026-09-07T21:55:00+02:00,2026-09-07T21:55:00+02:00,,0.0,0,Torp,VYX:Line:164,S174 Shuttle Sandefjord Lufthavn Torp,S174,bus,VYX:ServiceJourney:8f2e5db472bba906a61bf86086e23bc4971dad5d,False,planned,False,Info S174,I retning Sandefjord lufthavn Torp vil S174 vente på tog som ankommer Torp stasjon.,general,normal,2026-09-08T00:20:52.129880+02:00
NSR:StopPlace:58875,Torp stasjon,2026-09-07T22:16:00+02:00,2026-09-07T22:16:00+02:00,,0.0,0,Torp,VYX:Line:164,S174 Shuttle Sandefjord Lufthavn Torp,S174,bus,VYX:ServiceJourney:0925dd42f3a2926d5ae2daad775cf253572eedf2,False,planned,False,Info S174,I retning Sandefjord lufthavn Torp vil S174 vente på tog som ankommer Torp stasjon.,general,normal,2026-09-08T00:20:52.129880+02:00
NSR:StopPlace:58875,Torp stasjon,2026-09-07T22:55:00+02:00,2026-09-07T22:55:00+02:00,,0.0,0,Torp,VYX:Line:164,S174 Shuttle Sandefjord Lufthavn Torp,S174,bus,VYX:ServiceJourney:37a29e9d694a7bb4d5a5a124465d64df4a0ab27c,False,planned,False,Info S174,I retning Sandefjord lufthavn Torp vil S174 vente på tog som ankommer Torp stasjon.,general,normal,2026-09-08T00:20:52.129880+02:00
NSR:StopPlace:58875,Torp stasjon,2026-09-07T23:16:00+02:00,2026-09-07T23:16:00+02:00,,0.0,0,Torp,VYX:Line:164,S174 Shuttle Sandefjord Lufthavn Torp,S174,bus,VYX:ServiceJourney:9412a2d8d1c64e494ccf92d1f9e15aab985e4101,False,planned,False,Info S174,I retning Sandefjord lufthavn Torp vil S174 vente på tog som ankommer Torp stasjon.,general,normal,2026-09-08T00:20:52.129880+02:00
NSR:StopPlace:58875,Torp stasjon,2026-09-07T23:55:00+02:00,2026-09-07T23:55:00+02:00,,0.0,0,Torp,VYX:Line:164,S174 Shuttle Sandefjord Lufthavn Torp,S174,bus,VYX:ServiceJourney:54662b2a41ad5d2d2de023777d7951edd837c809,False,planned,False,Info S174,I retning Sandefjord lufthavn Torp vil S174 vente på tog som ankommer Torp stasjon.,general,normal,2026-09-08T00:20:52.129880+02:00
NSR:StopPlace:58876,Tønsberg stasjon,2026-09-07T20:23:00+02:00,2026-09-07T20:23:00+02:00,,0.0,0,Tønsberg,VKT:Line:520,Tønsberg-Stokke,520,bus,VKT:ServiceJourney:17325,False,planned,False,,,,,2026-09-08T00:20:52.129880+02:00
NSR:StopPlace:58876,Tønsberg stasjon,2026-09-07T20:23:00+02:00,2026-09-07T20:23:00+02:00,,0.0,0,Tønsberg,VKT:Line:500,Tønsberg-Revetal-Bergsåsen,500,bus,VKT:ServiceJourney:17065,False,planned,False,Kan oppstå forsinkelser ,Pga. veiarbeid langs Bispeveien kan det oppstå forsinkelser. Vi beklager dette. ,incident,normal,2026-09-08T00:20:52.129880+02:00
NSR:StopPlace:58876,Tønsberg stasjon,2026-09-07T20:28:00+02:00,2026-09-07T20:28:00+02:00,,0.0,0,Tønsberg,VKT:Line:510,Tønsberg-Andebu,510,bus,VKT:ServiceJourney:17179,False,planned,False,Kan oppstå forsinkelser Andebu,Pga. veiarbeid på Gravdal bru vil det kunne oppstå forsinkelser. Vi beklager ulempene. Se vkt.no/avvik for mer info ,incident,normal,2026-09-08T00:20:52.129880+02:00
NSR:StopPlace:58876,Tønsberg stasjon,2026-09-07T20:31:00+02:00,2026-09-07T20:31:00+02:00,,0.0,0,Revetal-Bergsåsen,VKT:Line:500,Tønsberg-Revetal-Bergsåsen,500,bus,VKT:ServiceJourney:17031,False,planned,False,Kan oppstå forsinkelser ,Pga. veiarbeid langs Bispeveien kan det oppstå forsinkelser. Vi beklager dette. ,incident,normal,2026-09-08T00:20:52.129880+02:00
NSR:StopPlace:58876,Tønsberg stasjon,2026-09-07T20:36:00+02:00,2026-09-07T20:36:00+02:00,,0.0,0,Sem-Andebu,VKT:Line:510,Tønsberg-Andebu,510,bus,VKT:ServiceJourney:17147,False,planned,False,Kan oppstå forsinkelser Andebu,Pga. veiarbeid på Gravdal bru vil det kunne oppstå forsinkelser. Vi beklager ulempene. Se vkt.no/avvik for mer info ,incident,normal,2026-09-08T00:20:52.129880+02:00
NSR:StopPlace:58876,Tønsberg stasjon,2026-09-07T20:52:00+02:00,2026-09-07T20:52:00+02:00,,0.0,0,Skien,VYG:Line:RE11,Eidsvoll-Oslo S-Skien,RE11,rail,VYG:ServiceJourney:831_444411-R,False,planned,False,,,,,2026-09-08T00:20:52.129880+02:00
NSR:StopPlace:58876,Tønsberg stasjon,2026-09-07T21:06:00+02:00,2026-09-07T21:06:00+02:00,,0.0,0,Sandefjord-Framnes,VKT:Line:1,Horten-Tønsberg-Sandefjord,1,bus,VKT:ServiceJourney:15589,False,planned,False,,,,,2026-09-08T00:20:52.129880+02:00
NSR:StopPlace:58876,Tønsberg stasjon,2026-09-07T21:06:00+02:00,2026-09-07T21:06:00+02:00,,0.0,0,Stokke - Sørby,VKT:Line:520,Tønsberg-Stokke,520,bus,VKT:ServiceJourney:17254,False,planned,False,,,,,2026-09-08T00:20:52.129880+02:00
NSR:StopPlace:58876,Tønsberg stasjon,2026-09-07T21:17:00+02:00,2026-09-07T21:17:00+02:00,,0.0,0,Tønsberg-Åsgårdstrand,VKT:Line:1,Horten-Tønsberg-Sandefjord,1,bus,VKT:ServiceJourney:15655,False,planned,False,,,,,2026-09-08T00:20:52.129880+02:00
NSR:StopPlace:58876,Tønsberg stasjon,2026-09-07T21:23:00+02:00,2026-09-07T21:23:00+02:00,,0.0,0,Tønsberg,VKT:Line:520,Tønsberg-Stokke,520,bus,VKT:ServiceJourney:17326,False,planned,False,,,,,2026-09-08T00:20:52.129880+02:00
NSR:StopPlace:58876,Tønsberg stasjon,2026-09-07T21:23:00+02:00,2026-09-07T21:23:00+02:00,,0.0,0,Tønsberg,VKT:Line:500,Tønsberg-Revetal-Bergsåsen,500,bus,VKT:ServiceJourney:17066,False,planned,False,Kan oppstå forsinkelser ,Pga. veiarbeid langs Bispeveien kan det oppstå forsinkelser. Vi beklager dette. ,incident,normal,2026-09-08T00:20:52.129880+02:00
NSR:StopPlace:58876,Tønsberg stasjon,2026-09-07T21:28:00+02:00,2026-09-07T21:28:00+02:00,,0.0,0,Tønsberg,VKT:Line:510,Tønsberg-Andebu,510,bus,VKT:ServiceJourney:17180,False,planned,False,Kan oppstå forsinkelser Andebu,Pga. veiarbeid på Gravdal bru vil det kunne oppstå forsinkelser. Vi beklager ulempene. Se vkt.no/avvik for mer info ,incident,normal,2026-09-08T00:20:52.129880+02:00
NSR:StopPlace:58876,Tønsberg stasjon,2026-09-07T21:31:00+02:00,2026-09-07T21:31:00+02:00,,0.0,0,Revetal-Bergsåsen,VKT:Line:500,Tønsberg-Revetal-Bergsåsen,500,bus,VKT:ServiceJourney:17032,False,planned,False,Kan oppstå forsinkelser ,Pga. veiarbeid langs Bispeveien kan det oppstå forsinkelser. Vi beklager dette. ,incident,normal,2026-09-08T00:20:52.129880+02:00
NSR:StopPlace:58876,Tønsberg stasjon,2026-09-07T21:36:00+02:00,2026-09-07T21:36:00+02:00,,0.0,0,Sem-Andebu,VKT:Line:510,Tønsberg-Andebu,510,bus,VKT:ServiceJourney:17148,False,planned,False,Kan oppstå forsinkelser Andebu,Pga. veiarbeid på Gravdal bru vil det kunne oppstå forsinkelser. Vi beklager ulempene. Se vkt.no/avvik for mer info ,incident,normal,2026-09-08T00:20:52.129880+02:00
NSR:StopPlace:58876,Tønsberg stasjon,2026-09-07T22:06:00+02:00,2026-09-07T22:06:00+02:00,,0.0,0,Sandefjord-Framnes,VKT:Line:1,Horten-Tønsberg-Sandefjord,1,bus,VKT:ServiceJourney:15590,False,planned,False,,,,,2026-09-08T00:20:52.129880+02:00
NSR:StopPlace:58878,Drangedal stasjon,2026-09-07T21:04:00+02:00,2026-09-07T21:04:00+02:00,,0.0,0,Neslandsvatn,GOA:Line:50,Sørtoget region,F5,rail,GOA:ServiceJourney:B717-DT_79526-R,False,planned,False,,,,,2026-09-08T00:20:52.129880+02:00
NSR:StopPlace:58879,Lunde stasjon,2026-09-07T20:27:00+02:00,2026-09-07T20:27:00+02:00,,0.0,0,Neslandsvatn,GOA:Line:50,Sørtoget region,F5,rail,GOA:ServiceJourney:B717-DT_79526-R,False,planned,False,,,,,2026-09-08T00:20:52.129880+02:00
NSR:StopPlace:58879,Lunde stasjon,2026-09-07T21:27:00+02:00,2026-09-07T21:27:00+02:00,,0.0,0,Lunde,TEL:Line:8103,Lunde-Ulefoss,103,bus,TEL:ServiceJourney:126366,False,planned,False,,,,,2026-09-08T00:20:52.129880+02:00
NSR:StopPlace:58870,Holmestrand stasjon,2026-09-07T20:40:00+02:00,2026-09-07T20:40:00+02:00,,0.0,0,Hvitstein-Kleiverud,VKT:Line:30,Kleiverud-Holmestrand,30,bus,VKT:ServiceJourney:14873,False,planned,False,,,,,2026-09-08T00:20:52.129880+02:00
NSR:StopPlace:58870,Holmestrand stasjon,2026-09-07T21:10:00+02:00,2026-09-07T21:10:00+02:00,,0.0,0,Hvitstein-Gullhaug,VKT:Line:31,Gullhaug-Kleiverud-Holmestrand,31,bus,VKT:ServiceJourney:14988,False,planned,False,,,,,2026-09-08T00:20:52.129880+02:00
NSR:StopPlace:58870,Holmestrand stasjon,2026-09-07T21:40:00+02:00,2026-09-07T21:40:00+02:00,,0.0,0,Hvitstein-Kleiverud,VKT:Line:30,Kleiverud-Holmestrand,30,bus,VKT:ServiceJourney:14874,False,planned,False,,,,,2026-09-08T00:20:52.129880+02:00
NSR:StopPlace:58871,Sande stasjon,2026-09-07T20:35:00+02:00,2026-09-07T20:35:00+02:00,,0.0,0,Svelvik,VKT:Line:200,Svelvik-Sande,200,bus,VKT:ServiceJourney:15045,False,planned,False,,,,,2026-09-08T00:20:52.129880+02:00
NSR:StopPlace:58871,Sande stasjon,2026-09-07T21:22:00+02:00,2026-09-07T21:22:00+02:00,,0.0,0,Skoger-Drammen,VKT:Line:10,Drammen-Skoger-Sande,10,bus,VKT:ServiceJourney:104218,False,planned,False,,,,,2026-09-08T00:20:52.129880+02:00
NSR:StopPlace:58871,Sande stasjon,2026-09-07T21:40:00+02:00,2026-09-07T21:40:00+02:00,,0.0,0,Skafjell-Selvik skole,VKT:Line:10,Drammen-Skoger-Sande,10,bus,VKT:ServiceJourney:104167,False,planned,False,,,,,2026-09-08T00:20:52.129880+02:00
NSR:StopPlace:58871,Sande stasjon,2026-09-07T22:22:00+02:00,2026-09-07T22:22:00+02:00,,0.0,0,Skoger-Drammen,VKT:Line:10,Drammen-Skoger-Sande,10,bus,VKT:ServiceJourney:104219,False,planned,False,,,,,2026-09-08T00:20:52.129880+02:00
NSR:StopPlace:58873,Skoppum stasjon,2026-09-07T21:00:00+02:00,2026-09-07T21:00:00+02:00,,0.0,0,Holtandalen-Horten,VKT:Line:40,Horten-Holtandalen-Skoppum,40,bus,VKT:ServiceJourney:17445,False,planned,False,,,,,2026-09-08T00:20:52.129880+02:00
NSR:StopPlace:58886,Arendal stasjon,2026-09-07T21:07:00+02:00,2026-09-07T21:07:00+02:00,,0.0,0,Arendal sentrum,AKT:Line:101,Eydehavn-Arendal-Grimstad N/S,101,bus,AKT:ServiceJourney:71772_481_32_150000_151380_3911100,False,planned,False,,,,,2026-09-08T00:20:52.129880+02:00
NSR:StopPlace:58886,Arendal stasjon,2026-09-07T21:10:00+02:00,2026-09-07T21:10:00+02:00,,0.0,0,Arendal sentrum,AKT:Line:111,Sykehuset-Arendal-Solåsen,111,bus,AKT:ServiceJourney:73610_301_23_150600_151800_40001009,False,planned,False,,,,,2026-09-08T00:20:52.129880+02:00
NSR:StopPlace:58886,Arendal stasjon,2026-09-07T21:17:00+02:00,2026-09-07T21:17:00+02:00,,0.0,0,Eydehavn,AKT:Line:101,Eydehavn-Arendal-Grimstad N/S,101,bus,AKT:ServiceJourney:71896_482_87_146760_151260_40001426,False,planned,False,,,,,2026-09-08T00:20:52.129880+02:00
NSR:StopPlace:58886,Arendal stasjon,2026-09-07T21:37:00+02:00,2026-09-07T21:37:00+02:00,,0.0,0,Rykene via Arendal sentrum,AKT:Line:102,Tromøy Øst-Arendal-Rykene,102,bus,AKT:ServiceJourney:72022_211_67_152880_156120_40001667,False,planned,False,,,,,2026-09-08T00:20:52.129880+02:00
NSR:StopPlace:58886,Arendal stasjon,2026-09-07T21:47:00+02:00,2026-09-07T21:47:00+02:00,,0.0,0,Tromøy Vest,AKT:Line:103,Tromøy Vest-Arendal-Hisøy,103,bus,AKT:ServiceJourney:83645_242_29_156600_157920_3911034,False,planned,False,,,,,2026-09-08T00:20:52.129880+02:00
NSR:StopPlace:58886,Arendal stasjon,2026-09-07T21:57:00+02:00,2026-09-07T21:57:00+02:00,,0.0,0,Solåsen,AKT:Line:111,Sykehuset-Arendal-Solåsen,111,bus,AKT:ServiceJourney:73611_311_23_157800_159000_40001009,False,planned,False,,,,,2026-09-08T00:20:52.129880+02:00
NSR:StopPlace:58886,Arendal stasjon,2026-09-07T22:07:00+02:00,2026-09-07T22:07:00+02:00,,0.0,0,Arendal sentrum,AKT:Line:101,Eydehavn-Arendal-Grimstad N/S,101,bus,AKT:ServiceJourney:71774_491_32_157200_158580_3911100,False,planned,False,,,,,2026-09-08T00:20:52.129880+02:00
NSR:StopPlace:58886,Arendal stasjon,2026-09-07T22:10:00+02:00,2026-09-07T22:10:00+02:00,,0.0,0,Arendal sentrum,AKT:Line:111,Sykehuset-Arendal-Solåsen,111,bus,AKT:ServiceJourney:73611_311_23_157800_159000_40001009,False,planned,False,,,,,2026-09-08T00:20:52.129880+02:00
NSR:StopPlace:58888,Blakstad stasjon,2026-09-07T21:50:00+02:00,2026-09-07T21:50:00+02:00,,0.0,0,Arendal,GOA:Line:53,Sørtoget lokal,R50,rail,GOA:ServiceJourney:2079_63032-R,False,planned,False,,,,,2026-09-08T00:20:52.129880+02:00
NSR:StopPlace:58884,Skien stasjon,2026-09-07T20:46:00+02:00,2026-09-07T20:46:00+02:00,,0.0,0,Skjelsvik via Klyve-Kongerød,TEL:Line:8043,Skien-Klyve-Skjelsvik,M3,bus,TEL:ServiceJourney:127204,False,planned,False,,,,,2026-09-08T00:20:52.129880+02:00
NSR:StopPlace:58884,Skien stasjon,2026-09-07T20:58:00+02:00,2026-09-07T20:58:00+02:00,,0.0,0,Siljan,TEL:Line:8047,Siljan-Skien-Åfoss,P7,bus,TEL:ServiceJourney:127442,False,planned,False,,,,,2026-09-08T00:20:52.129880+02:00
NSR:StopPlace:58884,Skien stasjon,2026-09-07T21:16:00+02:00,2026-09-07T21:16:00+02:00,,0.0,0,Skjelsvik via Klyve-Kongerød,TEL:Line:8043,Skien-Klyve-Skjelsvik,M3,bus,TEL:ServiceJourney:127205,False,planned,False,,,,,2026-09-08T00:20:52.129880+02:00
NSR:StopPlace:58884,Skien stasjon,2026-09-07T21:58:00+02:00,2026-09-07T21:58:00+02:00,,0.0,0,Siljan,TEL:Line:8047,Siljan-Skien-Åfoss,P7,bus,TEL:ServiceJourney:127443,False,planned,False,,,,,2026-09-08T00:20:52.129880+02:00
NSR:StopPlace:58890,Nelaug stasjon,2026-09-07T21:30:00+02:00,2026-09-07T21:30:00+02:00,,0.0,0,Arendal,GOA:Line:53,Sørtoget lokal,R50,rail,GOA:ServiceJourney:2079_63032-R,False,planned,False,,,,,2026-09-08T00:20:52.129880+02:00
NSR:StopPlace:58893,Grovane stasjon,2026-09-07T21:41:00+02:00,2026-09-07T21:41:00+02:00,,0.0,0,Kristiansand,AKT:Line:31,Kvadraturen - Sødal - Vennesla,31,bus,AKT:ServiceJourney:79698_282_44_156120_158220_3950001,False,planned,False,,,,,2026-09-08T00:20:52.129880+02:00
NSR:StopPlace:58801,Sarpsborg stasjon,2026-09-07T21:13:00+02:00,2026-09-07T21:13:00+02:00,,0.0,0,Blessom,OST:Line:1_13,Kalnes - Blessom,13,bus,OST:ServiceJourney:13_260325121470808_40,False,planned,False,,,,,2026-09-08T00:20:52.129880+02:00
NSR:StopPlace:58801,Sarpsborg stasjon,2026-09-07T21:31:00+02:00,2026-09-07T21:31:00+02:00,,0.0,0,Sarpsborg-Kalnes,OST:Line:1_13,Kalnes - Blessom,13,bus,OST:ServiceJourney:13_260325121470813_45,False,planned,False,,,,,2026-09-08T00:20:52.129880+02:00
NSR:StopPlace:58802,Spydeberg stasjon,2026-09-07T21:36:00+02:00,2026-09-07T21:36:00+02:00,,0.0,0,Rakkestad,VYG:Line:R22,Skøyen-Oslo S-Mysen-Rakkestad,R22,rail,VYG:ServiceJourney:1933_443487-R,False,planned,False,,,,,2026-09-08T00:20:52.129880+02:00
NSR:StopPlace:58803,Tomter stasjon,2026-09-07T21:28:00+02:00,2026-09-07T21:28:00+02:00,,0.0,0,Rakkestad,VYG:Line:R22,Skøyen-Oslo S-Mysen-Rakkestad,R22,rail,VYG:ServiceJourney:1933_443487-R,False,planned,False,,,,,2026-09-08T00:20:52.129880+02:00
NSR:StopPlace:58803,Tomter stasjon,2026-09-07T21:28:00+02:00,2026-09-07T21:28:00+02:00,,0.0,0,Oslo S,VYG:Line:R22,Skøyen-Oslo S-Mysen-Rakkestad,R22,rail,VYG:ServiceJourney:1936_443490-R,False,planned,False,,,,,2026-09-08T00:20:52.129880+02:00
NSR:StopPlace:58808,Kongsvinger stasjon,2026-09-07T20:58:00+02:00,2026-09-07T20:58:00+02:00,,0.0,0,Rasta - Vennersberg,INN:Line:81,Bogeråsen - Rasta,B81,bus,INN:ServiceJourney:54328,False,planned,False,,,,,2026-09-08T00:20:52.129880+02:00
NSR:StopPlace:58808,Kongsvinger stasjon,2026-09-07T21:28:00+02:00,2026-09-07T21:28:00+02:00,,0.0,0,Rasta - Vennersberg,INN:Line:81,Bogeråsen - Rasta,B81,bus,INN:ServiceJourney:54329,False,planned,False,,,,,2026-09-08T00:20:52.129880+02:00
NSR:StopPlace:58808,Kongsvinger stasjon,2026-09-07T21:28:00+02:00,2026-09-07T21:28:00+02:00,,0.0,0,Sykehuset - Bogeråsen,INN:Line:81,Bogeråsen - Rasta,B81,bus,INN:ServiceJourney:54328,False,planned,False,,,,,2026-09-08T00:20:52.129880+02:00
NSR:StopPlace:58808,Kongsvinger stasjon,2026-09-07T21:58:00+02:00,2026-09-07T21:58:00+02:00,,0.0,0,Sykehuset - Bogeråsen,INN:Line:81,Bogeråsen - Rasta,B81,bus,INN:ServiceJourney:54329,False,planned,False,,,,,2026-09-08T00:20:52.129880+02:00
NSR:StopPlace:58808,Kongsvinger stasjon,2026-09-07T22:45:00+02:00,2026-09-07T22:45:00+02:00,,0.0,0,Oslo,SJV:Line:cfac9102-49ef-476c-8663-a6d468ee4f36,Stockholm-Hallsberg-Karlstad-Oslo,70,rail,SJV:ServiceJourney:8d37b914-864d-4b1d-b75d-bfe9698aac87,False,planned,False,,,,,2026-09-08T00:20:52.129880+02:00
NSR:StopPlace:58810,Løten stasjon,2026-09-07T20:36:00+02:00,2026-09-07T20:36:00+02:00,,0.0,0,Hamar - Brumunddal,INN:Line:26,Brumunddal - Hamar - Løten,B26,bus,INN:ServiceJourney:54058,False,planned,False,,,,,2026-09-08T00:20:52.129880+02:00
NSR:StopPlace:58810,Løten stasjon,2026-09-07T21:51:00+02:00,2026-09-07T21:51:00+02:00,,0.0,0,Løten,INN:Line:26,Brumunddal - Hamar - Løten,B26,bus,INN:ServiceJourney:54004,False,planned,False,,,,,2026-09-08T00:20:52.129880+02:00
NSR:StopPlace:58811,Moelv stasjon,2026-09-07T21:15:00+02:00,2026-09-07T21:15:00+02:00,,0.0,0,Lillehammer,VYG:Line:RE10,Drammen-Oslo S-Lillehammer,RE10,rail,VYG:ServiceJourney:331-SUD_486409-R,False,planned,False,Forsinket,Toget kjørte 27 minutter forsinket fra Drammen. Dette skyldes at togsettet vi trenger er forsinket.,incident,normal,2026-09-08T00:20:52.129880+02:00
NSR:StopPlace:58811,Moelv stasjon,2026-09-07T21:26:00+02:00,2026-09-07T21:26:00+02:00,,0.0,0,Hamar,INN:Line:100,Hamar - Gjøvik,100,bus,INN:ServiceJourney:83514,False,planned,False,,,,,2026-09-08T00:20:52.129880+02:00
NSR:StopPlace:58811,Moelv stasjon,2026-09-07T21:32:00+02:00,2026-09-07T21:32:00+02:00,,0.0,0,Gjøvik,INN:Line:100,Hamar - Gjøvik,100,bus,INN:ServiceJourney:83469,False,planned,False,,,,,2026-09-08T00:20:52.129880+02:00
NSR:StopPlace:58812,Os stasjon,2026-09-07T21:33:00+02:00,2026-09-07T21:33:00+02:00,,0.0,0,Røros,SJN:Line:25,Rørosbanen,R60,rail,SJN:ServiceJourney:2391_54213-R,False,planned,False,,,,,2026-09-08T00:20:52.129880+02:00
NSR:StopPlace:58815,Bleiken stasjon,2026-09-07T21:28:00+02:00,2026-09-07T21:28:00+02:00,,0.0,0,Gjøvik,VYG:Line:R31,Skøyen-Jaren-Gjøvik,R31,rail,VYG:ServiceJourney:231-ROA_589356-R,False,planned,False,,,,,2026-09-08T00:20:52.129880+02:00
NSR:StopPlace:58817,Eina stasjon,2026-09-07T21:44:00+02:00,2026-09-07T21:44:00+02:00,,0.0,0,Gjøvik,VYG:Line:R31,Skøyen-Jaren-Gjøvik,R31,rail,VYG:ServiceJourney:231-ROA_589356-R,False,planned,False,,,,,2026-09-08T00:20:52.129880+02:00
NSR:StopPlace:58819,Grua stasjon,2026-09-07T20:40:00+02:00,2026-09-07T20:40:00+02:00,,0.0,0,Roa,VYG:Line:R31,Skøyen-Jaren-Gjøvik,R31,rail,VYG:ServiceJourney:BUS-231_655414-R,False,planned,False,,,,,2026-09-08T00:20:52.129880+02:00
NSR:StopPlace:58819,Grua stasjon,2026-09-07T20:47:00+02:00,2026-09-07T20:47:00+02:00,,0.0,0,Oslo S,VYG:Line:R31,Skøyen-Jaren-Gjøvik,R31,rail,VYG:ServiceJourney:BUS-232_655428-R,False,planned,False,,,,,2026-09-08T00:20:52.129880+02:00
NSR:StopPlace:58819,Grua stasjon,2026-09-07T21:11:00+02:00,2026-09-07T21:11:00+02:00,,0.0,0,Brandbu via Mohagen,INN:Line:112,Brandbu-Gran-Harestua,112,bus,INN:ServiceJourney:70847,False,planned,False,,,,,2026-09-08T00:20:52.129880+02:00
NSR:StopPlace:58819,Grua stasjon,2026-09-07T21:35:00+02:00,2026-09-07T21:35:00+02:00,,0.0,0,Harestua,INN:Line:112,Brandbu-Gran-Harestua,112,bus,INN:ServiceJourney:70809,False,planned,False,,,,,2026-09-08T00:20:52.129880+02:00
NSR:StopPlace:58819,Grua stasjon,2026-09-07T21:40:00+02:00,2026-09-07T21:40:00+02:00,,0.0,0,Roa,VYG:Line:R31,Skøyen-Jaren-Gjøvik,R31,rail,VYG:ServiceJourney:BUS-233_655442-R,False,planned,False,,,,,2026-09-08T00:20:52.129880+02:00
NSR:StopPlace:58819,Grua stasjon,2026-09-07T21:40:00+02:00,2026-09-07T21:40:00+02:00,,0.0,0,Roa,VYG:Line:R31,Skøyen-Jaren-Gjøvik,R31,rail,VYG:ServiceJourney:BUS-233_655441-R,False,planned,False,,,,,2026-09-08T00:20:52.129880+02:00
NSR:StopPlace:58819,Grua stasjon,2026-09-07T22:47:00+02:00,2026-09-07T22:47:00+02:00,,0.0,0,Oslo S,VYG:Line:R31,Skøyen-Jaren-Gjøvik,R31,rail,VYG:ServiceJourney:BUS-236_655481-R,False,planned,False,,,,,2026-09-08T00:20:52.129880+02:00
NSR:StopPlace:58820,Harestua stasjon,2026-09-07T20:30:00+02:00,2026-09-07T20:30:00+02:00,,0.0,0,Roa,VYG:Line:R31,Skøyen-Jaren-Gjøvik,R31,rail,VYG:ServiceJourney:BUS-231_655414-R,False,planned,False,,,,,2026-09-08T00:20:52.129880+02:00
NSR:StopPlace:58820,Harestua stasjon,2026-09-07T20:57:00+02:00,2026-09-07T20:57:00+02:00,,0.0,0,Oslo S,VYG:Line:R31,Skøyen-Jaren-Gjøvik,R31,rail,VYG:ServiceJourney:BUS-232_655429-R,False,planned,False,,,,,2026-09-08T00:20:52.129880+02:00
NSR:StopPlace:58820,Harestua stasjon,2026-09-07T21:00:00+02:00,2026-09-07T21:00:00+02:00,,0.0,0,Oslo S,VYG:Line:R31,Skøyen-Jaren-Gjøvik,R31,rail,VYG:ServiceJourney:BUS-232_655428-R,False,planned,False,,,,,2026-09-08T00:20:52.129880+02:00
NSR:StopPlace:58820,Harestua stasjon,2026-09-07T21:30:00+02:00,2026-09-07T21:30:00+02:00,,0.0,0,Roa,VYG:Line:R31,Skøyen-Jaren-Gjøvik,R31,rail,VYG:ServiceJourney:BUS-233_655442-R,False,planned,False,,,,,2026-09-08T00:20:52.129880+02:00
NSR:StopPlace:58820,Harestua stasjon,2026-09-07T21:30:00+02:00,2026-09-07T21:30:00+02:00,,0.0,0,Roa,VYG:Line:R31,Skøyen-Jaren-Gjøvik,R31,rail,VYG:ServiceJourney:BUS-233_655441-R,False,planned,False,,,,,2026-09-08T00:20:52.129880+02:00
NSR:StopPlace:58820,Harestua stasjon,2026-09-07T21:57:00+02:00,2026-09-07T21:57:00+02:00,,0.0,0,Oslo S,VYG:Line:R31,Skøyen-Jaren-Gjøvik,R31,rail,VYG:ServiceJourney:BUS-234_655456-R,False,planned,False,,,,,2026-09-08T00:20:52.129880+02:00
NSR:StopPlace:58820,Harestua stasjon,2026-09-07T23:00:00+02:00,2026-09-07T23:00:00+02:00,,0.0,0,Oslo S,VYG:Line:R31,Skøyen-Jaren-Gjøvik,R31,rail,VYG:ServiceJourney:BUS-236_655481-R,False,planned,False,,,,,2026-09-08T00:20:52.129880+02:00
NSR:StopPlace:58820,Harestua stasjon,2026-09-07T23:59:00+02:00,2026-09-07T23:59:00+02:00,,0.0,0,Jaren,VYG:Line:R31,Skøyen-Jaren-Gjøvik,R31,rail,VYG:ServiceJourney:BUS-237_655492-R,False,planned,False,,,,,2026-09-08T00:20:52.129880+02:00
NSR:StopPlace:58821,Hjerkinn stasjon,2026-09-07T20:40:00+02:00,2026-09-07T20:40:00+02:00,,0.0,0,Bestillingsrute - on demand only,INN:FlexibleLine:8290,Folldal - Hjerkinn,8290,taxi,INN:ServiceJourney:56327,False,planned,False,,,,,2026-09-08T00:20:52.129880+02:00
NSR:StopPlace:58824,Lunner stasjon,2026-09-07T21:31:00+02:00,2026-09-07T21:31:00+02:00,,0.0,0,Roa,VYG:Line:R31,Skøyen-Jaren-Gjøvik,R31,rail,VYG:ServiceJourney:234-GJOe_648918-R,False,planned,False,,,,,2026-09-08T00:20:52.129880+02:00
NSR:StopPlace:58825,Raufoss stasjon,2026-09-07T21:41:00+02:00,2026-09-07T21:41:00+02:00,,0.0,0,Lena,INN:Line:47,Lena-Kapp-Gjøvik-Raufoss-Lena,B47,bus,INN:ServiceJourney:76609,False,planned,False,,,,,2026-09-08T00:20:52.129880+02:00
NSR:StopPlace:58825,Raufoss stasjon,2026-09-07T21:56:00+02:00,2026-09-07T21:56:00+02:00,,0.0,0,Gjøvik,VYG:Line:R31,Skøyen-Jaren-Gjøvik,R31,rail,VYG:ServiceJourney:231-ROA_589356-R,False,planned,False,,,,,2026-09-08T00:20:52.129880+02:00
NSR:StopPlace:58826,Reinsvoll stasjon,2026-09-07T21:50:00+02:00,2026-09-07T21:50:00+02:00,,0.0,0,Lena,INN:Line:47,Lena-Kapp-Gjøvik-Raufoss-Lena,B47,bus,INN:ServiceJourney:76609,False,planned,False,,,,,2026-09-08T00:20:52.129880+02:00
NSR:StopPlace:58826,Reinsvoll stasjon,2026-09-07T21:51:00+02:00,2026-09-07T21:51:00+02:00,,0.0,0,Gjøvik,VYG:Line:R31,Skøyen-Jaren-Gjøvik,R31,rail,VYG:ServiceJourney:231-ROA_589356-R,False,planned,False,,,,,2026-09-08T00:20:52.129880+02:00
NSR:StopPlace:58828,Roa stasjon,2026-09-07T20:40:00+02:00,2026-09-07T20:40:00+02:00,,0.0,0,Oslo S,VYG:Line:R31,Skøyen-Jaren-Gjøvik,R31,rail,VYG:ServiceJourney:BUS-232_655428-R,False,planned,False,,,,,2026-09-08T00:20:52.129880+02:00
NSR:StopPlace:58828,Roa stasjon,2026-09-07T20:40:00+02:00,2026-09-07T20:40:00+02:00,,0.0,0,Oslo S,VYG:Line:R31,Skøyen-Jaren-Gjøvik,R31,rail,VYG:ServiceJourney:BUS-232_655429-R,False,planned,False,,,,,2026-09-08T00:20:52.129880+02:00
NSR:StopPlace:58828,Roa stasjon,2026-09-07T21:40:00+02:00,2026-09-07T21:40:00+02:00,,0.0,0,Oslo S,VYG:Line:R31,Skøyen-Jaren-Gjøvik,R31,rail,VYG:ServiceJourney:BUS-234_655456-R,False,planned,False,,,,,2026-09-08T00:20:52.129880+02:00
NSR:StopPlace:58828,Roa stasjon,2026-09-07T22:40:00+02:00,2026-09-07T22:40:00+02:00,,0.0,0,Oslo S,VYG:Line:R31,Skøyen-Jaren-Gjøvik,R31,rail,VYG:ServiceJourney:BUS-236_655481-R,False,planned,False,,,,,2026-09-08T00:20:52.129880+02:00
NSR:StopPlace:63079,Skeiane stasjon,2026-09-07T20:41:00+02:00,2026-09-07T20:41:00+02:00,,0.0,0,Stavanger,GOA:Line:59,Jærbanen,L5,rail,GOA:ServiceJourney:3063_63120-R,False,planned,False,,,,,2026-09-08T00:20:52.129880+02:00
NSR:StopPlace:63079,Skeiane stasjon,2026-09-07T21:12:00+02:00,2026-09-07T21:12:00+02:00,,0.0,0,Egersund,GOA:Line:59,Jærbanen,L5,rail,GOA:ServiceJourney:3068_63129-R,False,planned,False,,,,,2026-09-08T00:20:52.129880+02:00
NSR:StopPlace:63079,Skeiane stasjon,2026-09-07T21:12:00+02:00,2026-09-07T21:12:00+02:00,,0.0,0,Stavanger,GOA:Line:59,Jærbanen,L5,rail,GOA:ServiceJourney:3065_63123-R,False,planned,False,,,,,2026-09-08T00:20:52.129880+02:00
NSR:StopPlace:63079,Skeiane stasjon,2026-09-07T21:42:00+02:00,2026-09-07T21:42:00+02:00,,0.0,0,Nærbø,GOA:Line:59,Jærbanen,L5,rail,GOA:ServiceJourney:3070_63131-R,False,planned,False,,,,,2026-09-08T00:20:52.129880+02:00
NSR:StopPlace:63079,Skeiane stasjon,2026-09-07T21:42:00+02:00,2026-09-07T21:42:00+02:00,,0.0,0,Stavanger,GOA:Line:59,Jærbanen,L5,rail,GOA:ServiceJourney:3067_63127-R,False,planned,False,,,,,2026-09-08T00:20:52.129880+02:00
NSR:StopPlace:63194,Mölndal station,2026-09-07T20:57:00+02:00,2026-09-07T20:57:00+02:00,,0.0,0,Göteborg C,SAM:Line:9011012080400000,Ø Göteborg-Halmstad-Helsingborg-Malmö-Købe,,rail,SAM:ServiceJourney:121120000389704438,False,planned,False,,,,,2026-09-08T00:20:52.129880+02:00
NSR:StopPlace:63194,Mölndal station,2026-09-07T21:02:00+02:00,2026-09-07T21:02:00+02:00,,0.0,0,Malmö Hyllie,SAM:Line:9011012080400000,Ø Göteborg-Halmstad-Helsingborg-Malmö-Købe,,rail,SAM:ServiceJourney:121120000389250636,False,planned,False,,,,,2026-09-08T00:20:52.129880+02:00
NSR:StopPlace:63194,Mölndal station,2026-09-07T21:57:00+02:00,2026-09-07T21:57:00+02:00,,0.0,0,Göteborg C,SAM:Line:9011012080400000,Ø Göteborg-Halmstad-Helsingborg-Malmö-Købe,,rail,SAM:ServiceJourney:121120000389704496,False,planned,False,,,,,2026-09-08T00:20:52.129880+02:00
NSR:StopPlace:63194,Mölndal station,2026-09-07T22:02:00+02:00,2026-09-07T22:02:00+02:00,,0.0,0,Helsingborg C,SAM:Line:9011012080400000,Ø Göteborg-Halmstad-Helsingborg-Malmö-Købe,,rail,SAM:ServiceJourney:121120000389251124,False,planned,False,,,,,2026-09-08T00:20:52.129880+02:00
NSR:StopPlace:63194,Mölndal station,2026-09-07T22:57:00+02:00,2026-09-07T22:57:00+02:00,,0.0,0,Göteborg C,SAM:Line:9011012080400000,Ø Göteborg-Halmstad-Helsingborg-Malmö-Købe,,rail,SAM:ServiceJourney:121120000389704554,False,planned,False,,,,,2026-09-08T00:20:52.129880+02:00
NSR:StopPlace:63194,Mölndal station,2026-09-07T23:02:00+02:00,2026-09-07T23:02:00+02:00,,0.0,0,Halmstad C,SAM:Line:9011012080800000,Ø Insatståg Göteborg - Halmstad,,rail,SAM:ServiceJourney:121120000389253924,False,planned,False,,,,,2026-09-08T00:20:52.129880+02:00
NSR:StopPlace:63194,Mölndal station,2026-09-07T23:57:00+02:00,2026-09-07T23:57:00+02:00,,0.0,0,Göteborg C,SAM:Line:9011012080400000,Ø Göteborg-Halmstad-Helsingborg-Malmö-Købe,,rail,SAM:ServiceJourney:121120000389705151,False,planned,False,,,,,2026-09-08T00:20:52.129880+02:00
NSR:StopPlace:63194,Mölndal station,2026-09-08T00:02:00+02:00,2026-09-08T00:02:00+02:00,,0.0,0,Halmstad C,SAM:Line:9011012080800000,Ø Insatståg Göteborg - Halmstad,,rail,SAM:ServiceJourney:121120000389253939,False,planned,False,,,,,2026-09-08T00:20:52.129880+02:00
NSR:StopPlace:63636,Härnösand Centralstation,2026-09-07T23:42:00+02:00,2026-09-07T23:42:00+02:00,,0.0,0,Luleå,SJV:Line:0ff9f2b9-fbe5-4761-8a29-8813be35efaa,Stockholm-Narvik (-Luleå),,rail,SJV:ServiceJourney:0eabfad4-c61e-4fc3-8a75-7ebd11c5a873,False,planned,False,,,,,2026-09-08T00:20:52.129880+02:00
NSR:StopPlace:63667,Luleå Centralstation,2026-09-07T21:09:00+02:00,2026-09-07T21:09:00+02:00,,0.0,0,"Umeå, Sundsvall, Stockholm",SJV:Line:8ca80b34-505a-4d76-b047-58b01590d0e1,Luleå-Stockholm ,Luleå-Stockholm ,rail,SJV:ServiceJourney:a5d49afa-0d54-4c88-aed3-161717bb597d,False,planned,False,,,,,2026-09-08T00:20:52.129880+02:00
NSR:StopPlace:63676,Sundsvall Centralstation,2026-09-07T22:49:00+02:00,2026-09-07T22:49:00+02:00,,0.0,0,Luleå,SJV:Line:0ff9f2b9-fbe5-4761-8a29-8813be35efaa,Stockholm-Narvik (-Luleå),,rail,SJV:ServiceJourney:0eabfad4-c61e-4fc3-8a75-7ebd11c5a873,False,planned,False,,,,,2026-09-08T00:20:52.129880+02:00
NSR:StopPlace:63689,Sunderby sjukhus station,2026-09-07T21:21:00+02:00,2026-09-07T21:21:00+02:00,,0.0,0,"Umeå, Sundsvall, Stockholm",SJV:Line:8ca80b34-505a-4d76-b047-58b01590d0e1,Luleå-Stockholm ,Luleå-Stockholm ,rail,SJV:ServiceJourney:a5d49afa-0d54-4c88-aed3-161717bb597d,False,planned,False,,,,,2026-09-08T00:20:52.129880+02:00
NSR:StopPlace:63618,Älvsbyn station,2026-09-07T22:47:00+02:00,2026-09-07T22:47:00+02:00,,0.0,0,"Umeå, Sundsvall, Stockholm",SJV:Line:8ca80b34-505a-4d76-b047-58b01590d0e1,Luleå-Stockholm ,Luleå-Stockholm ,rail,SJV:ServiceJourney:a5d49afa-0d54-4c88-aed3-161717bb597d,False,planned,False,,,,,2026-09-08T00:20:52.129880+02:00
NSR:StopPlace:63705,Enköping station,2026-09-07T20:35:00+02:00,2026-09-07T20:35:00+02:00,,0.0,0,Karlstad,VYB:Line:26,850 Oslo - Arlanda - Stockholm,850,coach,VYB:ServiceJourney:a9ab4cb5ea9a0e2a791a55b44b7993bcb8fd9234,False,planned,False,Enköping,Enköping stasjon.Bussen stopper ved pendlerparkeringen på Østra Järnvägsgatan.,general,normal,2026-09-08T00:20:52.129880+02:00
NSR:StopPlace:63705,Enköping station,2026-09-07T21:15:00+02:00,2026-09-07T21:15:00+02:00,,0.0,0,Arlanda,VYB:Line:26,850 Oslo - Arlanda - Stockholm,850,coach,VYB:ServiceJourney:ff1059e0ed9e2bc99908720975219c075b09ea05,False,planned,False,Enköping,Enköping stasjon.Bussen stopper ved pendlerparkeringen på Østra Järnvägsgatan.,general,normal,2026-09-08T00:20:52.129880+02:00
NSR:StopPlace:63705,Enköping station,2026-09-07T22:05:00+02:00,2026-09-07T22:05:00+02:00,,0.0,0,Örebro,VYB:Line:26,850 Oslo - Arlanda - Stockholm,850,coach,VYB:ServiceJourney:b6ee605c13e2015697ba5b595f3b30d62ce311f4,False,planned,False,Enköping,Enköping stasjon.Bussen stopper ved pendlerparkeringen på Østra Järnvägsgatan.,general,normal,2026-09-08T00:20:52.129880+02:00
NSR:StopPlace:63705,Enköping station,2026-09-07T22:10:00+02:00,2026-09-07T22:10:00+02:00,,0.0,0,Arlanda,VYB:Line:26,850 Oslo - Arlanda - Stockholm,850,coach,VYB:ServiceJourney:b459297e39c475e83cabacd015f32c1f05ae36e3,False,planned,False,Enköping,Enköping stasjon.Bussen stopper ved pendlerparkeringen på Østra Järnvägsgatan.,general,normal,2026-09-08T00:20:52.129880+02:00
NSR:StopPlace:63705,Enköping station,2026-09-07T23:20:00+02:00,2026-09-07T23:20:00+02:00,,0.0,0,Karlstad,VYB:Line:26,850 Oslo - Arlanda - Stockholm,850,coach,VYB:ServiceJourney:7cef6f9d06b3084c5cd648a392b78e79f86a9bc4,False,planned,False,Enköping,Enköping stasjon.Bussen stopper ved pendlerparkeringen på Østra Järnvägsgatan.,general,normal,2026-09-08T00:20:52.129880+02:00
NSR:StopPlace:58211,Oslo lufthavn,2026-09-07T20:24:00+02:00,2026-09-07T20:24:00+02:00,,0.0,0,Kopperud,RUT:Line:420,Maura -  Jessheim,420,bus,RUT:ServiceJourney:e318f1940d8e75bd11598bf421c143e3,False,planned,False,,,,,2026-09-08T00:20:52.129880+02:00
NSR:StopPlace:58211,Oslo lufthavn,2026-09-07T20:25:00+02:00,2026-09-07T20:25:00+02:00,,0.0,0,Trondheim,AVI:Line:DY_OSL-TRD,Oslo-Trondheim,,air,AVI:ServiceJourney:DY770-01-523271305,False,planned,False,,,,,2026-09-08T00:20:52.129880+02:00
NSR:StopPlace:58211,Oslo lufthavn,2026-09-07T20:25:00+02:00,2026-09-07T20:25:00+02:00,,0.0,0,Oslo lufthavn,VYX:Line:51,S22 Shuttle Oslo lufthavn,S22,bus,VYX:ServiceJourney:106d70f5ba06a59187b4d9f338e340fa80e7a590,False,planned,False,,,,,2026-09-08T00:20:52.129880+02:00
NSR:StopPlace:58211,Oslo lufthavn,2026-09-07T20:25:00+02:00,2026-09-07T20:25:00+02:00,,0.0,0,Kløfta,RUT:Line:425,Kløfta – Oslo lufthavn,425,bus,RUT:ServiceJourney:944805605d64668639cf61578704698d,False,planned,False,,,,,2026-09-08T00:20:52.129880+02:00
NSR:StopPlace:58211,Oslo lufthavn,2026-09-07T20:30:00+02:00,2026-09-07T20:30:00+02:00,,0.0,0,Oslo lufthavn,VYX:Line:98,S44 Shuttle Oslo lufthavn,S44,bus,VYX:ServiceJourney:cd91c9dd0e78c7afdb9f38ad966f01e3b2bbcc85,False,planned,False,,,,,2026-09-08T00:20:52.129880+02:00
NSR:StopPlace:58211,Oslo lufthavn,2026-09-07T20:30:00+02:00,2026-09-07T20:30:00+02:00,,0.0,0,Drammen,FLT:Line:FLY1,FLY1,FLY1,rail,FLT:ServiceJourney:1-2614-3792-20260907,False,planned,False,,,,,2026-09-08T00:20:52.129880+02:00
NSR:StopPlace:58211,Oslo lufthavn,2026-09-07T20:30:00+02:00,2026-09-07T20:30:00+02:00,,0.0,0,Elverum,VYX:Line:2,VY123 Elverum-Oslo,VY123,coach,VYX:ServiceJourney:418d2c8173259cb8d3adeba9ed0c27988f8576ff,False,planned,False,Forhåndsbestilling Vy,Billett må kjøpes på nett eller app senest 15 minutter før påstigning for at bussen skal kjøre innom holdeplassen.,general,normal,2026-09-08T00:20:52.129880+02:00
NSR:StopPlace:58211,Oslo lufthavn,2026-09-07T20:30:00+02:00,2026-09-07T20:30:00+02:00,,0.0,0,Røa - Huseby via Storo-Tåsen-Smestad,NBU:Line:cb7b555c-f96e-42d5-84bf-a5e08c0145c2,Radiumhospitalet via Økern-Storo-Tåsen,FB3,bus,NBU:ServiceJourney:65875590-2407-4ac5-a890-211da087f033,False,planned,False,,,,,2026-09-08T00:20:52.129880+02:00
NSR:StopPlace:58211,Oslo lufthavn,2026-09-07T20:30:00+02:00,2026-09-07T20:30:00+02:00,,0.0,0,Jessheim,RUT:Line:420,Maura -  Jessheim,420,bus,RUT:ServiceJourney:830187c9e33ec3b0b5d5256c37a75127,False,planned,False,,,,,2026-09-08T00:20:52.129880+02:00
NSR:StopPlace:58211,Oslo lufthavn,2026-09-07T20:35:00+02:00,2026-09-07T20:35:00+02:00,,0.0,0,Bergen,AVI:Line:SK_OSL-BGO,Oslo-Bergen,,air,AVI:ServiceJourney:SK291-07-358534494,False,planned,False,,,,,2026-09-08T00:20:52.129880+02:00
NSR:StopPlace:58211,Oslo lufthavn,2026-09-07T20:35:00+02:00,2026-09-07T20:35:00+02:00,,0.0,0,Stavanger,AVI:Line:SK_OSL-SVG,Oslo-Stavanger,,air,AVI:ServiceJourney:SK4055-06-358551288,False,planned,False,,,,,2026-09-08T00:20:52.129880+02:00
NSR:StopPlace:58211,Oslo lufthavn,2026-09-07T20:35:00+02:00,2026-09-07T20:35:00+02:00,,0.0,0,Oslo lufthavn,VYX:Line:99,S55 Shuttle Oslo lufthavn,S55,bus,VYX:ServiceJourney:75bf244921ceb34cfc809d9a877d6a3b2c0c3a93,False,planned,False,,,,,2026-09-08T00:20:52.129880+02:00
NSR:StopPlace:58211,Oslo lufthavn,2026-09-07T20:35:00+02:00,2026-09-07T20:35:00+02:00,,0.0,0,Årnes,RUT:Line:450,Årnes - Oslo lufthavn,450,bus,RUT:ServiceJourney:f677ac47c1632b31ca5b104e94e986c6,False,planned,False,,,,,2026-09-08T00:20:52.129880+02:00
NSR:StopPlace:58211,Oslo lufthavn,2026-09-07T20:40:00+02:00,2026-09-07T20:40:00+02:00,,0.0,0,Tromsø,AVI:Line:SK_OSL-TOS,Oslo-Tromsø,,air,AVI:ServiceJourney:SK4432-04-358552044,False,planned,False,,,,,2026-09-08T00:20:52.129880+02:00
NSR:StopPlace:58211,Oslo lufthavn,2026-09-07T20:40:00+02:00,2026-09-07T20:40:00+02:00,,0.0,0,Bodø,AVI:Line:SK_OSL-BOO,Oslo-Bodø,,air,AVI:ServiceJourney:SK4124-05-358534742,False,planned,False,,,,,2026-09-08T00:20:52.129880+02:00
NSR:StopPlace:58211,Oslo lufthavn,2026-09-07T20:40:00+02:00,2026-09-07T20:40:00+02:00,,0.0,0,Trondheim,AVI:Line:SK_OSL-TRD,Oslo-Trondheim,,air,AVI:ServiceJourney:SK380-01-358552122,False,planned,False,,,,,2026-09-08T00:20:52.129880+02:00
NSR:StopPlace:58211,Oslo lufthavn,2026-09-07T20:40:00+02:00,2026-09-07T20:40:00+02:00,,0.0,0,Bardufoss,AVI:Line:DY_OSL-BDU,Oslo-Bardufoss,,air,AVI:ServiceJourney:DY336-02-523289020,False,planned,False,,,,,2026-09-08T00:20:52.129880+02:00
NSR:StopPlace:58211,Oslo lufthavn,2026-09-07T20:40:00+02:00,2026-09-07T20:40:00+02:00,,0.0,0,Stabekk,FLT:Line:FLY2,FLY2,FLY2,rail,FLT:ServiceJourney:1-2614-3592-20260907,False,planned,False,,,,,2026-09-08T00:20:52.129880+02:00
NSR:StopPlace:58211,Oslo lufthavn,2026-09-07T20:40:00+02:00,2026-09-07T20:40:00+02:00,,0.0,0,Nordkisa,RUT:Line:440,Fenstad/Nordkisa - Oslo lufthavn,440,bus,RUT:ServiceJourney:8a4a1ae5772447eb9db892090c324d10,False,planned,False,,,,,2026-09-08T00:20:52.129880+02:00
NSR:StopPlace:58211,Oslo lufthavn,2026-09-07T20:45:00+02:00,2026-09-07T20:45:00+02:00,,0.0,0,Oslo sentrum via Helsfyr-Hasle-Bislett,NBU:Line:a7c15243-8873-4aee-a8b4-8d22e8ad31dc,Oslo sentrum via Helsfyr-Hasle-Bislett,FB5,bus,NBU:ServiceJourney:47d933b3-9368-42a2-9d48-e54f2776124b,False,planned,False,,,,,2026-09-08T00:20:52.129880+02:00
NSR:StopPlace:58211,Oslo lufthavn,2026-09-07T20:45:00+02:00,2026-09-07T20:45:00+02:00,,0.0,0,Kristiansand,AVI:Line:SK_OSL-KRS,Oslo-Kristiansand,,air,AVI:ServiceJourney:SK223-01-358543488,False,planned,False,,,,,2026-09-08T00:20:52.129880+02:00
NSR:StopPlace:58211,Oslo lufthavn,2026-09-07T20:49:00+02:00,2026-09-07T20:49:00+02:00,,0.0,0,Eidsvoll,VYG:Line:RE11,Eidsvoll-Oslo S-Skien,RE11,rail,VYG:ServiceJourney:830_444410-R,False,planned,False,,,,,2026-09-08T00:20:52.129880+02:00
NSR:StopPlace:58211,Oslo lufthavn,2026-09-07T20:50:00+02:00,2026-09-07T20:50:00+02:00,,0.0,0,Drammen,FLT:Line:FLY1,FLY1,FLY1,rail,FLT:ServiceJourney:1-2614-3794-20260907,False,planned,False,,,,,2026-09-08T00:20:52.129880+02:00
NSR:StopPlace:58211,Oslo lufthavn,2026-09-07T20:50:00+02:00,2026-09-07T20:50:00+02:00,,0.0,0,OSL-ekspressen - Mortensrud,UNI:Line:UE1,Mortensrud - Oslo lufthavn Gardermoen,FB10,bus,UNI:ServiceJourney:UE1-169968-47995500,False,planned,False,,,,,2026-09-08T00:20:52.129880+02:00
NSR:StopPlace:58211,Oslo lufthavn,2026-09-07T20:51:00+02:00,2026-09-07T20:51:00+02:00,,0.0,0,Oslo bussterminal,RUT:Line:400,Oslo lufthavn - Veståsen - Olavsgaard - Oslo,400,bus,RUT:ServiceJourney:99ab9e41932a26a314cab342354ddf80,False,planned,False,,,,,2026-09-08T00:20:52.129880+02:00
NSR:StopPlace:58211,Oslo lufthavn,2026-09-07T20:54:00+02:00,2026-09-07T20:54:00+02:00,,0.0,0,Kopperud,RUT:Line:420,Maura -  Jessheim,420,bus,RUT:ServiceJourney:75601a707d2eb4131ea45afb948ecf53,False,planned,False,,,,,2026-09-08T00:20:52.129880+02:00
NSR:StopPlace:58211,Oslo lufthavn,2026-09-07T20:55:00+02:00,2026-09-07T20:55:00+02:00,,0.0,0,Ålesund,AVI:Line:SK_OSL-AES,Oslo-Ålesund,,air,AVI:ServiceJourney:SK1330-02-358533475,False,planned,False,,,,,2026-09-08T00:20:52.129880+02:00
NSR:StopPlace:58211,Oslo lufthavn,2026-09-07T20:55:00+02:00,2026-09-07T20:55:00+02:00,,0.0,0,Oslo lufthavn,VYX:Line:51,S22 Shuttle Oslo lufthavn,S22,bus,VYX:ServiceJourney:adad1893c9e9a2d95a6556a013832cfaeb2a8e21,False,planned,False,,,,,2026-09-08T00:20:52.129880+02:00
NSR:StopPlace:58211,Oslo lufthavn,2026-09-07T21:00:00+02:00,2026-09-07T21:00:00+02:00,,0.0,0,Haugesund,AVI:Line:DY_OSL-HAU,Oslo-Haugesund,,air,AVI:ServiceJourney:DY196-01-523283347,False,planned,False,,,,,2026-09-08T00:20:52.129880+02:00
NSR:StopPlace:58211,Oslo lufthavn,2026-09-07T21:00:00+02:00,2026-09-07T21:00:00+02:00,,0.0,0,Oslo lufthavn,VYX:Line:98,S44 Shuttle Oslo lufthavn,S44,bus,VYX:ServiceJourney:23011db0602e089e2196b87b813107f2af943614,False,planned,False,,,,,2026-09-08T00:20:52.129880+02:00
NSR:StopPlace:58211,Oslo lufthavn,2026-09-07T21:00:00+02:00,2026-09-07T21:00:00+02:00,,0.0,0,Stabekk,FLT:Line:FLY2,FLY2,FLY2,rail,FLT:ServiceJourney:1-2614-3594-20260907,False,planned,False,,,,,2026-09-08T00:20:52.129880+02:00
NSR:StopPlace:58211,Oslo lufthavn,2026-09-07T21:00:00+02:00,2026-09-07T21:00:00+02:00,,0.0,0,Røa - Huseby via Storo-Tåsen-Smestad,NBU:Line:cb7b555c-f96e-42d5-84bf-a5e08c0145c2,Radiumhospitalet via Økern-Storo-Tåsen,FB3,bus,NBU:ServiceJourney:afe4b207-210e-4587-a77a-c221e79dc01d,False,planned,False,,,,,2026-09-08T00:20:52.129880+02:00
NSR:StopPlace:58211,Oslo lufthavn,2026-09-07T21:03:00+02:00,2026-09-07T21:03:00+02:00,,0.0,0,Drammen,VYG:Line:RE10,Drammen-Oslo S-Lillehammer,RE10,rail,VYG:ServiceJourney:332-LHM_444245-R,False,planned,False,,,,,2026-09-08T00:20:52.129880+02:00
NSR:StopPlace:58211,Oslo lufthavn,2026-09-07T21:05:00+02:00,2026-09-07T21:05:00+02:00,,0.0,0,Haugesund,AVI:Line:SK_OSL-HAU,Oslo-Haugesund,,air,AVI:ServiceJourney:SK320-04-358540080,False,planned,False,,,,,2026-09-08T00:20:52.129880+02:00
NSR:StopPlace:58211,Oslo lufthavn,2026-09-07T21:05:00+02:00,2026-09-07T21:05:00+02:00,,0.0,0,Oslo lufthavn,VYX:Line:99,S55 Shuttle Oslo lufthavn,S55,bus,VYX:ServiceJourney:ba4de57ba7b8ec83ea52101743b8cfe1b58dd69d,False,planned,False,,,,,2026-09-08T00:20:52.129880+02:00
NSR:StopPlace:58211,Oslo lufthavn,2026-09-07T21:05:00+02:00,2026-09-07T21:05:00+02:00,,0.0,0,Årnes,RUT:Line:450,Årnes - Oslo lufthavn,450,bus,RUT:ServiceJourney:b85fa5558e307f5d448635b52b0391d6,False,planned,False,,,,,2026-09-08T00:20:52.129880+02:00
NSR:StopPlace:58211,Oslo lufthavn,2026-09-07T21:10:00+02:00,2026-09-07T21:10:00+02:00,,0.0,0,Fredrikstad,VYX:Line:56,FB11 Fredrikstad-Oslo Lufthavn (OSL),FB11,bus,VYX:ServiceJourney:65895f9e43707529655cf8b3e3ee35c3fc4e40fa,False,planned,False,Forhåndsbestilling FB11,Billett må kjøpes på nett eller app senest 15 minutter før påstigning for at bussen skal kjøre innom holdeplassen. Ruter-billett er ikke gyldig. ,general,normal,2026-09-08T00:20:52.129880+02:00
NSR:StopPlace:58211,Oslo lufthavn,2026-09-07T21:10:00+02:00,2026-09-07T21:10:00+02:00,,0.0,0,Drammen,FLT:Line:FLY1,FLY1,FLY1,rail,FLT:ServiceJourney:1-2614-3796-20260907,False,planned,False,,,,,2026-09-08T00:20:52.129880+02:00
NSR:StopPlace:58211,Oslo lufthavn,2026-09-07T21:10:00+02:00,2026-09-07T21:10:00+02:00,,0.0,0,Nordkisa,RUT:Line:440,Fenstad/Nordkisa - Oslo lufthavn,440,bus,RUT:ServiceJourney:653e9b00bf6c16ea782858710fb1390f,False,planned,False,,,,,2026-09-08T00:20:52.129880+02:00
NSR:StopPlace:58211,Oslo lufthavn,2026-09-07T21:19:00+02:00,2026-09-07T21:19:00+02:00,,0.0,0,Eidsvoll,VYG:Line:R12,Kongsberg-Oslo S-Eidsvoll,R12,rail,VYG:ServiceJourney:532_444341-R,False,planned,False,,,,,2026-09-08T00:20:52.129880+02:00
NSR:StopPlace:58211,Oslo lufthavn,2026-09-07T21:20:00+02:00,2026-09-07T21:20:00+02:00,,0.0,0,Kristiansund,AVI:Line:SK_OSL-KSU,Oslo-Kristiansund,,air,AVI:ServiceJourney:SK2309-05-358543521,False,planned,False,,,,,2026-09-08T00:20:52.129880+02:00
NSR:StopPlace:151,Evanger stasjon,2026-09-07T21:40:00+02:00,2026-09-07T21:40:00+02:00,,0.0,0,Voss,VYG:Line:R40,Bergen-Voss-Myrdal-Ål,R40,rail,VYG:ServiceJourney:1832_445145-R,False,planned,False,,,,,2026-09-08T00:20:52.129880+02:00
NSR:StopPlace:184,Hallsberg station,2026-09-07T20:49:00+02:00,2026-09-07T20:49:00+02:00,,0.0,0,Stockholm,SJV:Line:cfac9102-49ef-476c-8663-a6d468ee4f36,Stockholm-Hallsberg-Karlstad-Oslo,70,rail,SJV:ServiceJourney:6e4dcfd0-8b9a-415b-a449-46574a457867,False,planned,False,,,,,2026-09-08T00:20:52.129880+02:00
NSR:StopPlace:101,Sagdalen stasjon,2026-09-07T21:37:00+02:00,2026-09-07T21:37:00+02:00,,0.0,0,Lillestrøm,VYG:Line:L1,Spikkestad-Oslo S-Lillestrøm,L1,rail,VYG:ServiceJourney:2266_443696-R,False,planned,False,,,,,2026-09-08T00:20:52.129880+02:00
NSR:StopPlace:101,Sagdalen stasjon,2026-09-07T21:52:00+02:00,2026-09-07T21:52:00+02:00,,0.0,0,Lillestrøm,VYG:Line:L1,Spikkestad-Oslo S-Lillestrøm,L1,rail,VYG:ServiceJourney:2166_443576-R,False,planned,False,,,,,2026-09-08T00:20:52.129880+02:00
NSR:StopPlace:101,Sagdalen stasjon,2026-09-07T22:07:00+02:00,2026-09-07T22:07:00+02:00,,0.0,0,Lillestrøm,VYG:Line:L1,Spikkestad-Oslo S-Lillestrøm,L1,rail,VYG:ServiceJourney:2268_445367-R,False,planned,False,,,,,2026-09-08T00:20:52.129880+02:00
NSR:StopPlace:144,Skansen stasjon,2026-09-07T21:48:00+02:00,2026-09-07T21:48:00+02:00,,0.0,0,Melhus skysstasjon,SJN:Line:26,Trønderbanen,R70,rail,SJN:ServiceJourney:450-STK_56079-R,False,planned,False,,,,,2026-09-08T00:20:52.129880+02:00
NSR:StopPlace:393,Leangen stasjon,2026-09-07T21:35:00+02:00,2026-09-07T21:35:00+02:00,,0.0,0,Melhus skysstasjon,SJN:Line:26,Trønderbanen,R70,rail,SJN:ServiceJourney:450-STK_56079-R,False,planned,False,,,,,2026-09-08T00:20:52.129880+02:00
NSR:StopPlace:398,Arna stasjon,2026-09-07T21:42:00+02:00,2026-09-07T21:42:00+02:00,,0.0,0,Bergen,VYG:Line:L4,Bergen-Arna,L4,rail,VYG:ServiceJourney:2667_443882-R,False,planned,False,,,,,2026-09-08T00:20:52.129880+02:00
NSR:StopPlace:313,Høybråten stasjon,2026-09-07T21:42:00+02:00,2026-09-07T21:42:00+02:00,,0.0,0,Lillestrøm,VYG:Line:L1,Spikkestad-Oslo S-Lillestrøm,L1,rail,VYG:ServiceJourney:2166_443576-R,False,planned,False,,,,,2026-09-08T00:20:52.129880+02:00
NSR:StopPlace:313,Høybråten stasjon,2026-09-07T21:57:00+02:00,2026-09-07T21:57:00+02:00,,0.0,0,Lillestrøm,VYG:Line:L1,Spikkestad-Oslo S-Lillestrøm,L1,rail,VYG:ServiceJourney:2268_445367-R,False,planned,False,,,,,2026-09-08T00:20:52.129880+02:00
NSR:StopPlace:362,Jåttåvågen stasjon,2026-09-07T20:51:00+02:00,2026-09-07T20:51:00+02:00,,0.0,0,Stavanger,GOA:Line:59,Jærbanen,L5,rail,GOA:ServiceJourney:3063_63120-R,False,planned,False,,,,,2026-09-08T00:20:52.129880+02:00
NSR:StopPlace:362,Jåttåvågen stasjon,2026-09-07T21:02:00+02:00,2026-09-07T21:02:00+02:00,,0.0,0,Egersund,GOA:Line:59,Jærbanen,L5,rail,GOA:ServiceJourney:3068_63129-R,False,planned,False,,,,,2026-09-08T00:20:52.129880+02:00
NSR:StopPlace:362,Jåttåvågen stasjon,2026-09-07T21:22:00+02:00,2026-09-07T21:22:00+02:00,,0.0,0,Stavanger,GOA:Line:59,Jærbanen,L5,rail,GOA:ServiceJourney:3065_63123-R,False,planned,False,,,,,2026-09-08T00:20:52.129880+02:00
NSR:StopPlace:362,Jåttåvågen stasjon,2026-09-07T21:32:00+02:00,2026-09-07T21:32:00+02:00,,0.0,0,Nærbø,GOA:Line:59,Jærbanen,L5,rail,GOA:ServiceJourney:3070_63131-R,False,planned,False,,,,,2026-09-08T00:20:52.129880+02:00
NSR:StopPlace:362,Jåttåvågen stasjon,2026-09-07T21:52:00+02:00,2026-09-07T21:52:00+02:00,,0.0,0,Stavanger,GOA:Line:59,Jærbanen,L5,rail,GOA:ServiceJourney:3067_63127-R,False,planned,False,,,,,2026-09-08T00:20:52.129880+02:00
NSR:StopPlace:374,Göteborg Centralstation,2026-09-07T20:55:00+02:00,2026-09-07T20:55:00+02:00,,0.0,0,Malmö Hyllie,SAM:Line:9011012080400000,Ø Göteborg-Halmstad-Helsingborg-Malmö-Købe,,rail,SAM:ServiceJourney:121120000389250636,False,planned,False,,,,,2026-09-08T00:20:52.129880+02:00
NSR:StopPlace:374,Göteborg Centralstation,2026-09-07T21:55:00+02:00,2026-09-07T21:55:00+02:00,,0.0,0,Helsingborg C,SAM:Line:9011012080400000,Ø Göteborg-Halmstad-Helsingborg-Malmö-Købe,,rail,SAM:ServiceJourney:121120000389251124,False,planned,False,,,,,2026-09-08T00:20:52.129880+02:00
NSR:StopPlace:374,Göteborg Centralstation,2026-09-07T22:55:00+02:00,2026-09-07T22:55:00+02:00,,0.0,0,Halmstad C,SAM:Line:9011012080800000,Ø Insatståg Göteborg - Halmstad,,rail,SAM:ServiceJourney:121120000389253924,False,planned,False,,,,,2026-09-08T00:20:52.129880+02:00
NSR:StopPlace:374,Göteborg Centralstation,2026-09-07T23:55:00+02:00,2026-09-07T23:55:00+02:00,,0.0,0,Halmstad C,SAM:Line:9011012080800000,Ø Insatståg Göteborg - Halmstad,,rail,SAM:ServiceJourney:121120000389253939,False,planned,False,,,,,2026-09-08T00:20:52.129880+02:00
NSR:StopPlace:271,Lademoen stasjon,2026-09-07T21:39:00+02:00,2026-09-07T21:39:00+02:00,,0.0,0,Melhus skysstasjon,SJN:Line:26,Trønderbanen,R70,rail,SJN:ServiceJourney:450-STK_56079-R,False,planned,False,,,,,2026-09-08T00:20:52.129880+02:00
NSR:StopPlace:206,Mariero stasjon,2026-09-07T20:55:00+02:00,2026-09-07T20:55:00+02:00,,0.0,0,Stavanger,GOA:Line:59,Jærbanen,L5,rail,GOA:ServiceJourney:3063_63120-R,False,planned,False,,,,,2026-09-08T00:20:52.129880+02:00
NSR:StopPlace:206,Mariero stasjon,2026-09-07T20:59:00+02:00,2026-09-07T20:59:00+02:00,,0.0,0,Egersund,GOA:Line:59,Jærbanen,L5,rail,GOA:ServiceJourney:3068_63129-R,False,planned,False,,,,,2026-09-08T00:20:52.129880+02:00
NSR:StopPlace:206,Mariero stasjon,2026-09-07T21:25:00+02:00,2026-09-07T21:25:00+02:00,,0.0,0,Stavanger,GOA:Line:59,Jærbanen,L5,rail,GOA:ServiceJourney:3065_63123-R,False,planned,False,,,,,2026-09-08T00:20:52.129880+02:00
NSR:StopPlace:206,Mariero stasjon,2026-09-07T21:29:00+02:00,2026-09-07T21:29:00+02:00,,0.0,0,Nærbø,GOA:Line:59,Jærbanen,L5,rail,GOA:ServiceJourney:3070_63131-R,False,planned,False,,,,,2026-09-08T00:20:52.129880+02:00
NSR:StopPlace:206,Mariero stasjon,2026-09-07T21:55:00+02:00,2026-09-07T21:55:00+02:00,,0.0,0,Stavanger,GOA:Line:59,Jærbanen,L5,rail,GOA:ServiceJourney:3067_63127-R,False,planned,False,,,,,2026-09-08T00:20:52.129880+02:00
NSR:StopPlace:234,Mørkved stasjon,2026-09-07T21:48:00+02:00,2026-09-07T21:48:00+02:00,,0.0,0,Bodø,SJN:Line:79,Saltenpendelen,R75,rail,SJN:ServiceJourney:1793_48218-R,False,planned,False,,,,,2026-09-08T00:20:52.129880+02:00
NSR:StopPlace:261,Ganddal stasjon,2026-09-07T20:38:00+02:00,2026-09-07T20:38:00+02:00,,0.0,0,Stavanger,GOA:Line:59,Jærbanen,L5,rail,GOA:ServiceJourney:3063_63120-R,False,planned,False,,,,,2026-09-08T00:20:52.129880+02:00
NSR:StopPlace:261,Ganddal stasjon,2026-09-07T21:09:00+02:00,2026-09-07T21:09:00+02:00,,0.0,0,Stavanger,GOA:Line:59,Jærbanen,L5,rail,GOA:ServiceJourney:3065_63123-R,False,planned,False,,,,,2026-09-08T00:20:52.129880+02:00
NSR:StopPlace:261,Ganddal stasjon,2026-09-07T21:15:00+02:00,2026-09-07T21:15:00+02:00,,0.0,0,Egersund,GOA:Line:59,Jærbanen,L5,rail,GOA:ServiceJourney:3068_63129-R,False,planned,False,,,,,2026-09-08T00:20:52.129880+02:00
NSR:StopPlace:261,Ganddal stasjon,2026-09-07T21:39:00+02:00,2026-09-07T21:39:00+02:00,,0.0,0,Stavanger,GOA:Line:59,Jærbanen,L5,rail,GOA:ServiceJourney:3067_63127-R,False,planned,False,,,,,2026-09-08T00:20:52.129880+02:00
NSR:StopPlace:261,Ganddal stasjon,2026-09-07T21:45:00+02:00,2026-09-07T21:45:00+02:00,,0.0,0,Nærbø,GOA:Line:59,Jærbanen,L5,rail,GOA:ServiceJourney:3070_63131-R,False,planned,False,,,,,2026-09-08T00:20:52.129880+02:00
NSR:StopPlace:584,Bulken stasjon,2026-09-07T21:50:00+02:00,2026-09-07T21:50:00+02:00,,0.0,0,Voss,VYG:Line:R40,Bergen-Voss-Myrdal-Ål,R40,rail,VYG:ServiceJourney:1832_445145-R,False,planned,False,,,,,2026-09-08T00:20:52.129880+02:00
NSR:StopPlace:518,Bolstadøyri stasjon,2026-09-07T21:32:00+02:00,2026-09-07T21:32:00+02:00,,0.0,0,Voss,VYG:Line:R40,Bergen-Voss-Myrdal-Ål,R40,rail,VYG:ServiceJourney:1832_445145-R,False,planned,False,,,,,2026-09-08T00:20:52.129880+02:00
NSR:StopPlace:702,Sandnes sentrum stasjon,2026-09-07T20:43:00+02:00,2026-09-07T20:43:00+02:00,,0.0,0,Stavanger,GOA:Line:59,Jærbanen,L5,rail,GOA:ServiceJourney:3063_63120-R,False,planned,False,,,,,2026-09-08T00:20:52.129880+02:00
NSR:StopPlace:702,Sandnes sentrum stasjon,2026-09-07T21:10:00+02:00,2026-09-07T21:10:00+02:00,,0.0,0,Egersund,GOA:Line:59,Jærbanen,L5,rail,GOA:ServiceJourney:3068_63129-R,False,planned,False,,,,,2026-09-08T00:20:52.129880+02:00
NSR:StopPlace:702,Sandnes sentrum stasjon,2026-09-07T21:14:00+02:00,2026-09-07T21:14:00+02:00,,0.0,0,Stavanger,GOA:Line:59,Jærbanen,L5,rail,GOA:ServiceJourney:3065_63123-R,False,planned,False,,,,,2026-09-08T00:20:52.129880+02:00
NSR:StopPlace:702,Sandnes sentrum stasjon,2026-09-07T21:40:00+02:00,2026-09-07T21:40:00+02:00,,0.0,0,Nærbø,GOA:Line:59,Jærbanen,L5,rail,GOA:ServiceJourney:3070_63131-R,False,planned,False,,,,,2026-09-08T00:20:52.129880+02:00
NSR:StopPlace:702,Sandnes sentrum stasjon,2026-09-07T21:44:00+02:00,2026-09-07T21:44:00+02:00,,0.0,0,Stavanger,GOA:Line:59,Jærbanen,L5,rail,GOA:ServiceJourney:3067_63127-R,False,planned,False,,,,,2026-09-08T00:20:52.129880+02:00
NSR:StopPlace:610,Sandvika stasjon,2026-09-07T20:24:00+02:00,2026-09-07T20:24:00+02:00,,0.0,0,Kongsberg,VYG:Line:R12,Kongsberg-Oslo S-Eidsvoll,R12,rail,VYG:ServiceJourney:531_444339-R,False,planned,False,,,,,2026-09-08T00:20:52.129880+02:00
NSR:StopPlace:610,Sandvika stasjon,2026-09-07T20:25:00+02:00,2026-09-07T20:25:00+02:00,,0.0,0,Dal,VYG:Line:R13,Drammen-Oslo S-Dal,R13,rail,VYG:ServiceJourney:1663_443349-R,False,planned,False,,,,,2026-09-08T00:20:52.129880+02:00
NSR:StopPlace:610,Sandvika stasjon,2026-09-07T20:31:00+02:00,2026-09-07T20:31:00+02:00,,0.0,0,Spikkestad,VYG:Line:L1,Spikkestad-Oslo S-Lillestrøm,L1,rail,VYG:ServiceJourney:2261_443688-R,False,planned,False,,,,,2026-09-08T00:20:52.129880+02:00
NSR:StopPlace:610,Sandvika stasjon,2026-09-07T20:32:00+02:00,2026-09-07T20:32:00+02:00,,0.0,0,Lillestrøm,VYG:Line:L1,Spikkestad-Oslo S-Lillestrøm,L1,rail,VYG:ServiceJourney:2164_443574-R,False,planned,False,,,,,2026-09-08T00:20:52.129880+02:00
NSR:StopPlace:610,Sandvika stasjon,2026-09-07T20:34:00+02:00,2026-09-07T20:34:00+02:00,,0.0,0,Drammen,VYG:Line:R13,Drammen-Oslo S-Dal,R13,rail,VYG:ServiceJourney:1660_443344-R,False,planned,False,,,,,2026-09-08T00:20:52.129880+02:00
NSR:StopPlace:610,Sandvika stasjon,2026-09-07T20:35:00+02:00,2026-09-07T20:35:00+02:00,,0.0,0,Eidsvoll,VYG:Line:R12,Kongsberg-Oslo S-Eidsvoll,R12,rail,VYG:ServiceJourney:532_444341-R,False,planned,False,,,,,2026-09-08T00:20:52.129880+02:00
NSR:StopPlace:610,Sandvika stasjon,2026-09-07T20:40:00+02:00,2026-09-07T20:40:00+02:00,,0.0,0,Oslo Lufthavn,FLT:Line:FLY1,FLY1,FLY1,rail,FLT:ServiceJourney:1-2614-3799-20260907,False,planned,False,,,,,2026-09-08T00:20:52.129880+02:00
NSR:StopPlace:610,Sandvika stasjon,2026-09-07T20:44:00+02:00,2026-09-07T20:44:00+02:00,,0.0,0,Drammen,VYG:Line:RE10,Drammen-Oslo S-Lillehammer,RE10,rail,VYG:ServiceJourney:330-LHM_444236-R,False,planned,False,,,,,2026-09-08T00:20:52.129880+02:00
NSR:StopPlace:610,Sandvika stasjon,2026-09-07T20:47:00+02:00,2026-09-07T20:47:00+02:00,,0.0,0,Asker,VYG:Line:L1,Spikkestad-Oslo S-Lillestrøm,L1,rail,VYG:ServiceJourney:2161_443571-R,False,planned,False,,,,,2026-09-08T00:20:52.129880+02:00
NSR:StopPlace:610,Sandvika stasjon,2026-09-07T20:48:00+02:00,2026-09-07T20:48:00+02:00,,0.0,0,Lillestrøm,VYG:Line:L1,Spikkestad-Oslo S-Lillestrøm,L1,rail,VYG:ServiceJourney:2266_443696-R,False,planned,False,,,,,2026-09-08T00:20:52.129880+02:00
NSR:StopPlace:610,Sandvika stasjon,2026-09-07T20:55:00+02:00,2026-09-07T20:55:00+02:00,,0.0,0,Dal,VYG:Line:R13,Drammen-Oslo S-Dal,R13,rail,VYG:ServiceJourney:1665_443353-R,False,planned,False,,,,,2026-09-08T00:20:52.129880+02:00
NSR:StopPlace:610,Sandvika stasjon,2026-09-07T21:00:00+02:00,2026-09-07T21:00:00+02:00,,0.0,0,Oslo Lufthavn,FLT:Line:FLY1,FLY1,FLY1,rail,FLT:ServiceJourney:1-2614-3801-20260907,False,planned,False,,,,,2026-09-08T00:20:52.129880+02:00
NSR:StopPlace:610,Sandvika stasjon,2026-09-07T21:01:00+02:00,2026-09-07T21:01:00+02:00,,0.0,0,Spikkestad,VYG:Line:L1,Spikkestad-Oslo S-Lillestrøm,L1,rail,VYG:ServiceJourney:2263_443691-R,False,planned,False,,,,,2026-09-08T00:20:52.129880+02:00
NSR:StopPlace:610,Sandvika stasjon,2026-09-07T21:02:00+02:00,2026-09-07T21:02:00+02:00,,0.0,0,Lillestrøm,VYG:Line:L1,Spikkestad-Oslo S-Lillestrøm,L1,rail,VYG:ServiceJourney:2166_443576-R,False,planned,False,,,,,2026-09-08T00:20:52.129880+02:00
NSR:StopPlace:610,Sandvika stasjon,2026-09-07T21:04:00+02:00,2026-09-07T21:04:00+02:00,,0.0,0,Drammen,VYG:Line:R13,Drammen-Oslo S-Dal,R13,rail,VYG:ServiceJourney:1662_443348-R,False,planned,False,,,,,2026-09-08T00:20:52.129880+02:00
NSR:StopPlace:610,Sandvika stasjon,2026-09-07T21:05:00+02:00,2026-09-07T21:05:00+02:00,,0.0,0,Eidsvoll,VYG:Line:RE11,Eidsvoll-Oslo S-Skien,RE11,rail,VYG:ServiceJourney:832_481337-R,False,planned,False,,,,,2026-09-08T00:20:52.129880+02:00
NSR:StopPlace:610,Sandvika stasjon,2026-09-07T21:14:00+02:00,2026-09-07T21:14:00+02:00,,0.0,0,Asker,VYG:Line:R14,Asker-Oslo S-Kongsvinger,R14,rail,VYG:ServiceJourney:1032_442943-R,False,planned,False,,,,,2026-09-08T00:20:52.129880+02:00
NSR:StopPlace:610,Sandvika stasjon,2026-09-07T21:17:00+02:00,2026-09-07T21:17:00+02:00,,0.0,0,Asker,VYG:Line:L1,Spikkestad-Oslo S-Lillestrøm,L1,rail,VYG:ServiceJourney:2163_443573-R,False,planned,False,,,,,2026-09-08T00:20:52.129880+02:00
NSR:StopPlace:610,Sandvika stasjon,2026-09-07T21:18:00+02:00,2026-09-07T21:18:00+02:00,,0.0,0,Lillestrøm,VYG:Line:L1,Spikkestad-Oslo S-Lillestrøm,L1,rail,VYG:ServiceJourney:2268_445367-R,False,planned,False,,,,,2026-09-08T00:20:52.129880+02:00
NSR:StopPlace:610,Sandvika stasjon,2026-09-07T21:20:00+02:00,2026-09-07T21:20:00+02:00,,0.0,0,Oslo Lufthavn,FLT:Line:FLY1,FLY1,FLY1,rail,FLT:ServiceJourney:1-2614-3803-20260907,False,planned,False,,,,,2026-09-08T00:20:52.129880+02:00
NSR:StopPlace:610,Sandvika stasjon,2026-09-07T21:31:00+02:00,2026-09-07T21:31:00+02:00,,0.0,0,Spikkestad,VYG:Line:L1,Spikkestad-Oslo S-Lillestrøm,L1,rail,VYG:ServiceJourney:2265_443694-R,False,planned,False,,,,,2026-09-08T00:20:52.129880+02:00
NSR:StopPlace:610,Sandvika stasjon,2026-09-07T21:34:00+02:00,2026-09-07T21:34:00+02:00,,0.0,0,Drammen,VYG:Line:R13,Drammen-Oslo S-Dal,R13,rail,VYG:ServiceJourney:1664_481175-R,False,planned,False,,,,,2026-09-08T00:20:52.129880+02:00
NSR:StopPlace:610,Sandvika stasjon,2026-09-07T21:44:00+02:00,2026-09-07T21:44:00+02:00,,0.0,0,Drammen,VYG:Line:RE10,Drammen-Oslo S-Lillehammer,RE10,rail,VYG:ServiceJourney:332-LHM_444245-R,False,planned,False,,,,,2026-09-08T00:20:52.129880+02:00
NSR:StopPlace:610,Sandvika stasjon,2026-09-07T21:47:00+02:00,2026-09-07T21:47:00+02:00,,0.0,0,Asker,VYG:Line:L1,Spikkestad-Oslo S-Lillestrøm,L1,rail,VYG:ServiceJourney:2165_443575-R,False,planned,False,,,,,2026-09-08T00:20:52.129880+02:00
NSR:StopPlace:62094,Lindeberg stasjon,2026-09-07T21:37:00+02:00,2026-09-07T21:37:00+02:00,,0.0,0,Dal,VYG:Line:R13,Drammen-Oslo S-Dal,R13,rail,VYG:ServiceJourney:1665_443353-R,False,planned,False,,,,,2026-09-08T00:20:52.129880+02:00
NSR:StopPlace:62309,Ljan stasjon,2026-09-07T21:35:00+02:00,2026-09-07T21:35:00+02:00,,0.0,0,Stabekk,VYG:Line:L2,Stabekk-Oslo S-Ski,L2,rail,VYG:ServiceJourney:2770-SKI_443990-R,False,planned,False,,,,,2026-09-08T00:20:52.129880+02:00
NSR:StopPlace:62309,Ljan stasjon,2026-09-07T21:39:00+02:00,2026-09-07T21:39:00+02:00,,0.0,0,Ski,VYG:Line:L2,Stabekk-Oslo S-Ski,L2,rail,VYG:ServiceJourney:2865_444108-R,False,planned,False,,,,,2026-09-08T00:20:52.129880+02:00
NSR:StopPlace:62309,Ljan stasjon,2026-09-07T21:50:00+02:00,2026-09-07T21:50:00+02:00,,0.0,0,Oslo S,VYG:Line:L2,Stabekk-Oslo S-Ski,L2,rail,VYG:ServiceJourney:2870_444114-R,False,planned,False,,,,,2026-09-08T00:20:52.129880+02:00
NSR:StopPlace:62309,Ljan stasjon,2026-09-07T21:54:00+02:00,2026-09-07T21:54:00+02:00,,0.0,0,Ski,VYG:Line:L2,Stabekk-Oslo S-Ski,L2,rail,VYG:ServiceJourney:2767-HVK_443985-R,False,planned,False,,,,,2026-09-08T00:20:52.129880+02:00
NSR:StopPlace:62309,Ljan stasjon,2026-09-07T22:09:00+02:00,2026-09-07T22:09:00+02:00,,0.0,0,Ski,VYG:Line:L2,Stabekk-Oslo S-Ski,L2,rail,VYG:ServiceJourney:2867-BES_488397-R,False,planned,False,,,,,2026-09-08T00:20:52.129880+02:00
NSR:StopPlace:62308,Alna stasjon,2026-09-07T21:33:00+02:00,2026-09-07T21:33:00+02:00,,0.0,0,Lillestrøm,VYG:Line:L1,Spikkestad-Oslo S-Lillestrøm,L1,rail,VYG:ServiceJourney:2166_443576-R,False,planned,False,,,,,2026-09-08T00:20:52.129880+02:00
NSR:StopPlace:62308,Alna stasjon,2026-09-07T21:48:00+02:00,2026-09-07T21:48:00+02:00,,0.0,0,Lillestrøm,VYG:Line:L1,Spikkestad-Oslo S-Lillestrøm,L1,rail,VYG:ServiceJourney:2268_445367-R,False,planned,False,,,,,2026-09-08T00:20:52.129880+02:00
NSR:StopPlace:62311,Vigrestad stasjon,2026-09-07T20:44:00+02:00,2026-09-07T20:44:00+02:00,,0.0,0,Stavanger,GOA:Line:59,Jærbanen,L5,rail,GOA:ServiceJourney:3065_63123-R,False,planned,False,,,,,2026-09-08T00:20:52.129880+02:00
NSR:StopPlace:62311,Vigrestad stasjon,2026-09-07T21:44:00+02:00,2026-09-07T21:44:00+02:00,,0.0,0,Egersund,GOA:Line:59,Jærbanen,L5,rail,GOA:ServiceJourney:3068_63129-R,False,planned,False,,,,,2026-09-08T00:20:52.129880+02:00
NSR:StopPlace:62310,Brusand stasjon,2026-09-07T20:40:00+02:00,2026-09-07T20:40:00+02:00,,0.0,0,Stavanger,GOA:Line:59,Jærbanen,L5,rail,GOA:ServiceJourney:3065_63123-R,False,planned,False,,,,,2026-09-08T00:20:52.129880+02:00
NSR:StopPlace:62310,Brusand stasjon,2026-09-07T21:48:00+02:00,2026-09-07T21:48:00+02:00,,0.0,0,Egersund,GOA:Line:59,Jærbanen,L5,rail,GOA:ServiceJourney:3068_63129-R,False,planned,False,,,,,2026-09-08T00:20:52.129880+02:00
NSR:StopPlace:62339,Lillestrøm stasjon,2026-09-07T20:25:00+02:00,2026-09-07T20:25:00+02:00,,0.0,0,Dal,VYG:Line:R13,Drammen-Oslo S-Dal,R13,rail,VYG:ServiceJourney:1661_443345-R,False,planned,False,Heis i spor 1 og 2 er ute av bruk på grunn av vedlikehold.,Heis i spor 1 og 2 er ute av bruk på grunn av vedlikehold.,general,normal,2026-09-08T00:20:52.129880+02:00
NSR:StopPlace:62339,Lillestrøm stasjon,2026-09-07T20:25:00+02:00,2026-09-07T20:25:00+02:00,,0.0,0,Asker,VYG:Line:L1,Spikkestad-Oslo S-Lillestrøm,L1,rail,VYG:ServiceJourney:2163_443573-R,False,planned,False,Heis i spor 1 og 2 er ute av bruk på grunn av vedlikehold.,Heis i spor 1 og 2 er ute av bruk på grunn av vedlikehold.,general,normal,2026-09-08T00:20:52.129880+02:00
NSR:StopPlace:62339,Lillestrøm stasjon,2026-09-07T20:30:00+02:00,2026-09-07T20:30:00+02:00,,0.0,0,Oslo Lufthavn,FLT:Line:FLY1,FLY1,FLY1,rail,FLT:ServiceJourney:1-2614-3795-20260907,False,planned,False,Heis i spor 1 og 2 er ute av bruk på grunn av vedlikehold.,Heis i spor 1 og 2 er ute av bruk på grunn av vedlikehold.,general,normal,2026-09-08T00:20:52.129880+02:00
NSR:StopPlace:62339,Lillestrøm stasjon,2026-09-07T20:35:00+02:00,2026-09-07T20:35:00+02:00,,0.0,0,Eidsvoll,VYG:Line:RE11,Eidsvoll-Oslo S-Skien,RE11,rail,VYG:ServiceJourney:830_444410-R,False,planned,False,Heis i spor 1 og 2 er ute av bruk på grunn av vedlikehold.,Heis i spor 1 og 2 er ute av bruk på grunn av vedlikehold.,general,normal,2026-09-08T00:20:52.129880+02:00
NSR:StopPlace:62339,Lillestrøm stasjon,2026-09-07T20:36:00+02:00,2026-09-07T20:36:00+02:00,,0.0,0,Drammen,VYG:Line:R13,Drammen-Oslo S-Dal,R13,rail,VYG:ServiceJourney:1662_443348-R,False,planned,False,Heis i spor 1 og 2 er ute av bruk på grunn av vedlikehold.,Heis i spor 1 og 2 er ute av bruk på grunn av vedlikehold.,general,normal,2026-09-08T00:20:52.129880+02:00
NSR:StopPlace:62339,Lillestrøm stasjon,2026-09-07T20:40:00+02:00,2026-09-07T20:40:00+02:00,,0.0,0,Spikkestad,VYG:Line:L1,Spikkestad-Oslo S-Lillestrøm,L1,rail,VYG:ServiceJourney:2265_443694-R,False,planned,False,Heis i spor 1 og 2 er ute av bruk på grunn av vedlikehold.,Heis i spor 1 og 2 er ute av bruk på grunn av vedlikehold.,general,normal,2026-09-08T00:20:52.129880+02:00
NSR:StopPlace:62339,Lillestrøm stasjon,2026-09-07T20:46:00+02:00,2026-09-07T20:46:00+02:00,,0.0,0,Asker,VYG:Line:R14,Asker-Oslo S-Kongsvinger,R14,rail,VYG:ServiceJourney:1032_442943-R,False,planned,False,Heis i spor 1 og 2 er ute av bruk på grunn av vedlikehold.,Heis i spor 1 og 2 er ute av bruk på grunn av vedlikehold.,general,normal,2026-09-08T00:20:52.129880+02:00
NSR:StopPlace:62339,Lillestrøm stasjon,2026-09-07T20:50:00+02:00,2026-09-07T20:50:00+02:00,,0.0,0,Oslo Lufthavn,FLT:Line:FLY1,FLY1,FLY1,rail,FLT:ServiceJourney:1-2614-3797-20260907,False,planned,False,Heis i spor 1 og 2 er ute av bruk på grunn av vedlikehold.,Heis i spor 1 og 2 er ute av bruk på grunn av vedlikehold.,general,normal,2026-09-08T00:20:52.129880+02:00
NSR:StopPlace:62339,Lillestrøm stasjon,2026-09-07T20:55:00+02:00,2026-09-07T20:55:00+02:00,,0.0,0,Dal,VYG:Line:R13,Drammen-Oslo S-Dal,R13,rail,VYG:ServiceJourney:1663_443349-R,False,planned,False,Heis i spor 1 og 2 er ute av bruk på grunn av vedlikehold.,Heis i spor 1 og 2 er ute av bruk på grunn av vedlikehold.,general,normal,2026-09-08T00:20:52.129880+02:00
NSR:StopPlace:62339,Lillestrøm stasjon,2026-09-07T20:55:00+02:00,2026-09-07T20:55:00+02:00,,0.0,0,Asker,VYG:Line:L1,Spikkestad-Oslo S-Lillestrøm,L1,rail,VYG:ServiceJourney:2165_443575-R,False,planned,False,Heis i spor 1 og 2 er ute av bruk på grunn av vedlikehold.,Heis i spor 1 og 2 er ute av bruk på grunn av vedlikehold.,general,normal,2026-09-08T00:20:52.129880+02:00
NSR:StopPlace:62339,Lillestrøm stasjon,2026-09-07T21:05:00+02:00,2026-09-07T21:05:00+02:00,,0.0,0,Eidsvoll,VYG:Line:R12,Kongsberg-Oslo S-Eidsvoll,R12,rail,VYG:ServiceJourney:532_444341-R,False,planned,False,Heis i spor 1 og 2 er ute av bruk på grunn av vedlikehold.,Heis i spor 1 og 2 er ute av bruk på grunn av vedlikehold.,general,normal,2026-09-08T00:20:52.129880+02:00
NSR:StopPlace:62339,Lillestrøm stasjon,2026-09-07T21:06:00+02:00,2026-09-07T21:06:00+02:00,,0.0,0,Drammen,VYG:Line:R13,Drammen-Oslo S-Dal,R13,rail,VYG:ServiceJourney:1664_481175-R,False,planned,False,Heis i spor 1 og 2 er ute av bruk på grunn av vedlikehold.,Heis i spor 1 og 2 er ute av bruk på grunn av vedlikehold.,general,normal,2026-09-08T00:20:52.129880+02:00
NSR:StopPlace:62339,Lillestrøm stasjon,2026-09-07T21:10:00+02:00,2026-09-07T21:10:00+02:00,,0.0,0,Oslo Lufthavn,FLT:Line:FLY1,FLY1,FLY1,rail,FLT:ServiceJourney:1-2614-3799-20260907,False,planned,False,Heis i spor 1 og 2 er ute av bruk på grunn av vedlikehold.,Heis i spor 1 og 2 er ute av bruk på grunn av vedlikehold.,general,normal,2026-09-08T00:20:52.129880+02:00
NSR:StopPlace:62339,Lillestrøm stasjon,2026-09-07T21:16:00+02:00,2026-09-07T21:16:00+02:00,,0.0,0,Drammen,VYG:Line:RE10,Drammen-Oslo S-Lillehammer,RE10,rail,VYG:ServiceJourney:332-LHM_444245-R,False,planned,False,Heis i spor 1 og 2 er ute av bruk på grunn av vedlikehold.,Heis i spor 1 og 2 er ute av bruk på grunn av vedlikehold.,general,normal,2026-09-08T00:20:52.129880+02:00
NSR:StopPlace:62339,Lillestrøm stasjon,2026-09-07T21:25:00+02:00,2026-09-07T21:25:00+02:00,,0.0,0,Dal,VYG:Line:R13,Drammen-Oslo S-Dal,R13,rail,VYG:ServiceJourney:1665_443353-R,False,planned,False,Heis i spor 1 og 2 er ute av bruk på grunn av vedlikehold.,Heis i spor 1 og 2 er ute av bruk på grunn av vedlikehold.,general,normal,2026-09-08T00:20:52.129880+02:00
NSR:StopPlace:62339,Lillestrøm stasjon,2026-09-07T21:30:00+02:00,2026-09-07T21:30:00+02:00,,0.0,0,Oslo Lufthavn,FLT:Line:FLY1,FLY1,FLY1,rail,FLT:ServiceJourney:1-2614-3801-20260907,False,planned,False,Heis i spor 1 og 2 er ute av bruk på grunn av vedlikehold.,Heis i spor 1 og 2 er ute av bruk på grunn av vedlikehold.,general,normal,2026-09-08T00:20:52.129880+02:00
NSR:StopPlace:62339,Lillestrøm stasjon,2026-09-07T21:35:00+02:00,2026-09-07T21:35:00+02:00,,0.0,0,Eidsvoll,VYG:Line:RE11,Eidsvoll-Oslo S-Skien,RE11,rail,VYG:ServiceJourney:832_481337-R,False,planned,False,Heis i spor 1 og 2 er ute av bruk på grunn av vedlikehold.,Heis i spor 1 og 2 er ute av bruk på grunn av vedlikehold.,general,normal,2026-09-08T00:20:52.129880+02:00
NSR:StopPlace:62339,Lillestrøm stasjon,2026-09-07T21:50:00+02:00,2026-09-07T21:50:00+02:00,,0.0,0,Oslo Lufthavn,FLT:Line:FLY1,FLY1,FLY1,rail,FLT:ServiceJourney:1-2614-3803-20260907,False,planned,False,Heis i spor 1 og 2 er ute av bruk på grunn av vedlikehold.,Heis i spor 1 og 2 er ute av bruk på grunn av vedlikehold.,general,normal,2026-09-08T00:20:52.129880+02:00
NSR:StopPlace:62338,Fossum stasjon,2026-09-07T20:42:00+02:00,2026-09-07T20:42:00+02:00,,0.0,0,Blaker ring,RUT:Line:2370,Sørumsand - Blaker - Sørumsand,370B,bus,RUT:ServiceJourney:b4404c6faed0e23e0ff97bdd9a8955dd,False,planned,False,,,,,2026-09-08T00:20:52.129880+02:00
NSR:StopPlace:62338,Fossum stasjon,2026-09-07T21:02:00+02:00,2026-09-07T21:02:00+02:00,,0.0,0,Blaker ring,RUT:Line:2370,Sørumsand - Blaker - Sørumsand,370B,bus,RUT:ServiceJourney:b4404c6faed0e23e0ff97bdd9a8955dd,False,planned,False,,,,,2026-09-08T00:20:52.129880+02:00
NSR:StopPlace:62336,Knapstad stasjon,2026-09-07T21:32:00+02:00,2026-09-07T21:32:00+02:00,,0.0,0,Rakkestad,VYG:Line:R22,Skøyen-Oslo S-Mysen-Rakkestad,R22,rail,VYG:ServiceJourney:1933_443487-R,False,planned,False,,,,,2026-09-08T00:20:52.129880+02:00
NSR:StopPlace:62335,Eidsberg stasjon,2026-09-07T22:03:00+02:00,2026-09-07T22:03:00+02:00,,0.0,0,Rakkestad,VYG:Line:R22,Skøyen-Oslo S-Mysen-Rakkestad,R22,rail,VYG:ServiceJourney:1933_443487-R,False,planned,False,,,,,2026-09-08T00:20:52.129880+02:00
NSR:StopPlace:62352,Stoa stasjon,2026-09-07T22:01:00+02:00,2026-09-07T22:01:00+02:00,,0.0,0,Arendal,GOA:Line:53,Sørtoget lokal,R50,rail,GOA:ServiceJourney:2079_63032-R,False,planned,False,,,,,2026-09-08T00:20:52.129880+02:00
NSR:StopPlace:62351,Bråstad stasjon,2026-09-07T22:00:00+02:00,2026-09-07T22:00:00+02:00,,0.0,0,Arendal,GOA:Line:53,Sørtoget lokal,R50,rail,GOA:ServiceJourney:2079_63032-R,False,planned,False,,,,,2026-09-08T00:20:52.129880+02:00
NSR:StopPlace:62355,Froland stasjon,2026-09-07T21:47:00+02:00,2026-09-07T21:47:00+02:00,,0.0,0,Arendal,GOA:Line:53,Sørtoget lokal,R50,rail,GOA:ServiceJourney:2079_63032-R,False,planned,False,,,,,2026-09-08T00:20:52.129880+02:00
NSR:StopPlace:62354,Bøylestad stasjon,2026-09-07T21:41:00+02:00,2026-09-07T21:41:00+02:00,,0.0,0,Arendal,GOA:Line:53,Sørtoget lokal,R50,rail,GOA:ServiceJourney:2079_63032-R,False,planned,False,,,,,2026-09-08T00:20:52.129880+02:00
NSR:StopPlace:62369,Lilleby stasjon,2026-09-07T21:37:00+02:00,2026-09-07T21:37:00+02:00,,0.0,0,Melhus skysstasjon,SJN:Line:26,Trønderbanen,R70,rail,SJN:ServiceJourney:450-STK_56079-R,False,planned,False,,,,,2026-09-08T00:20:52.129880+02:00
NSR:StopPlace:62393,Billingstad stasjon,2026-09-07T21:36:00+02:00,2026-09-07T21:36:00+02:00,,0.0,0,Spikkestad,VYG:Line:L1,Spikkestad-Oslo S-Lillestrøm,L1,rail,VYG:ServiceJourney:2265_443694-R,False,planned,False,,,,,2026-09-08T00:20:52.129880+02:00
NSR:StopPlace:62393,Billingstad stasjon,2026-09-07T21:52:00+02:00,2026-09-07T21:52:00+02:00,,0.0,0,Asker,VYG:Line:L1,Spikkestad-Oslo S-Lillestrøm,L1,rail,VYG:ServiceJourney:2165_443575-R,False,planned,False,,,,,2026-09-08T00:20:52.129880+02:00
NSR:StopPlace:62392,Slependen stasjon,2026-09-07T21:33:00+02:00,2026-09-07T21:33:00+02:00,,0.0,0,Spikkestad,VYG:Line:L1,Spikkestad-Oslo S-Lillestrøm,L1,rail,VYG:ServiceJourney:2265_443694-R,False,planned,False,,,,,2026-09-08T00:20:52.129880+02:00
NSR:StopPlace:62392,Slependen stasjon,2026-09-07T21:49:00+02:00,2026-09-07T21:49:00+02:00,,0.0,0,Asker,VYG:Line:L1,Spikkestad-Oslo S-Lillestrøm,L1,rail,VYG:ServiceJourney:2165_443575-R,False,planned,False,,,,,2026-09-08T00:20:52.129880+02:00
NSR:StopPlace:61979,Hellvik stasjon,2026-09-07T20:28:00+02:00,2026-09-07T20:28:00+02:00,,0.0,0,Stavanger,GOA:Line:59,Jærbanen,L5,rail,GOA:ServiceJourney:3065_63123-R,False,planned,False,,,,,2026-09-08T00:20:52.129880+02:00
NSR:StopPlace:61979,Hellvik stasjon,2026-09-07T21:59:00+02:00,2026-09-07T21:59:00+02:00,,0.0,0,Egersund,GOA:Line:59,Jærbanen,L5,rail,GOA:ServiceJourney:3068_63129-R,False,planned,False,,,,,2026-09-08T00:20:52.129880+02:00
NSR:StopPlace:61251,Øksnavadporten stasjon,2026-09-07T16:35:00+02:00,2026-09-07T16:35:00+02:00,,0.0,0,Stavanger,GOA:Line:59,Jærbanen,L5,rail,GOA:ServiceJourney:3047_63092-R,False,planned,False,,,,,2026-09-07T20:27:16.249662+02:00
NSR:StopPlace:61251,Øksnavadporten stasjon,2026-09-07T17:05:00+02:00,2026-09-07T17:05:00+02:00,,0.0,0,Stavanger,GOA:Line:59,Jærbanen,L5,rail,GOA:ServiceJourney:3049_63095-R,False,planned,False,,,,,2026-09-07T20:27:16.249662+02:00
NSR:StopPlace:61291,Stavanger stasjon,2026-09-07T16:39:00+02:00,2026-09-07T16:39:00+02:00,,0.0,0,Skeiane,GOA:Line:59,Jærbanen,L5,rail,GOA:ServiceJourney:3148_63193-R,False,planned,False,,,,,2026-09-07T20:27:16.249662+02:00
NSR:StopPlace:61291,Stavanger stasjon,2026-09-07T17:09:00+02:00,2026-09-07T17:09:00+02:00,,0.0,0,Skeiane,GOA:Line:59,Jærbanen,L5,rail,GOA:ServiceJourney:3150_63195-R,False,planned,False,,,,,2026-09-07T20:27:16.249662+02:00
NSR:StopPlace:8,Paradis stasjon,2026-09-07T16:41:00+02:00,2026-09-07T16:41:00+02:00,,0.0,0,Skeiane,GOA:Line:59,Jærbanen,L5,rail,GOA:ServiceJourney:3148_63193-R,False,planned,False,,,,,2026-09-07T20:27:16.249662+02:00
NSR:StopPlace:8,Paradis stasjon,2026-09-07T16:42:00+02:00,2026-09-07T16:42:00+02:00,,0.0,0,Stavanger,GOA:Line:59,Jærbanen,L5,rail,GOA:ServiceJourney:3147_63192-R,False,planned,False,,,,,2026-09-07T20:27:16.249662+02:00
NSR:StopPlace:8,Paradis stasjon,2026-09-07T16:58:00+02:00,2026-09-07T16:58:00+02:00,,0.0,0,Stavanger,GOA:Line:59,Jærbanen,L5,rail,GOA:ServiceJourney:3047_63092-R,False,planned,False,,,,,2026-09-07T20:27:16.249662+02:00
NSR:StopPlace:8,Paradis stasjon,2026-09-07T17:11:00+02:00,2026-09-07T17:11:00+02:00,,0.0,0,Skeiane,GOA:Line:59,Jærbanen,L5,rail,GOA:ServiceJourney:3150_63195-R,False,planned,False,,,,,2026-09-07T20:27:16.249662+02:00
NSR:StopPlace:8,Paradis stasjon,2026-09-07T17:12:00+02:00,2026-09-07T17:12:00+02:00,,0.0,0,Stavanger,GOA:Line:59,Jærbanen,L5,rail,GOA:ServiceJourney:3149_63194-R,False,planned,False,,,,,2026-09-07T20:27:16.249662+02:00
NSR:StopPlace:8,Paradis stasjon,2026-09-07T17:28:00+02:00,2026-09-07T17:28:00+02:00,,0.0,0,Stavanger,GOA:Line:59,Jærbanen,L5,rail,GOA:ServiceJourney:3049_63095-R,False,planned,False,,,,,2026-09-07T20:27:16.249662+02:00
NSR:StopPlace:8,Paradis stasjon,2026-09-07T17:42:00+02:00,2026-09-07T17:42:00+02:00,,0.0,0,Stavanger,GOA:Line:59,Jærbanen,L5,rail,GOA:ServiceJourney:3151_63196-R,False,planned,False,,,,,2026-09-07T20:27:16.249662+02:00
NSR:StopPlace:6,Greverud stasjon,2026-09-07T16:48:00+02:00,2026-09-07T16:48:00+02:00,,0.0,0,Stabekk,VYG:Line:L2,Stabekk-Oslo S-Ski,L2,rail,VYG:ServiceJourney:2752-SKI_443963-R,False,planned,False,Færre vogner,Denne avgangen kjører dessverre med 3 vogner i stedet for 6 vogner. Dette skyldes at vi mangler et togsett.,general,normal,2026-09-07T20:27:16.249662+02:00
NSR:StopPlace:6,Greverud stasjon,2026-09-07T16:55:00+02:00,2026-09-07T16:55:00+02:00,,0.0,0,Ski,VYG:Line:L2,Stabekk-Oslo S-Ski,L2,rail,VYG:ServiceJourney:2845-HVK_444077-R,False,planned,False,,,,,2026-09-07T20:27:16.249662+02:00
NSR:StopPlace:6,Greverud stasjon,2026-09-07T17:03:00+02:00,2026-09-07T17:03:00+02:00,,0.0,0,Skøyen,VYG:Line:L2,Stabekk-Oslo S-Ski,L2,rail,VYG:ServiceJourney:2852-SKI_488387-R,False,planned,False,,,,,2026-09-07T20:27:16.249662+02:00
NSR:StopPlace:6,Greverud stasjon,2026-09-07T17:10:00+02:00,2026-09-07T17:10:00+02:00,,0.0,0,Ski,VYG:Line:L2,Stabekk-Oslo S-Ski,L2,rail,VYG:ServiceJourney:2747-HVK_443957-R,False,planned,False,,,,,2026-09-07T20:27:16.249662+02:00
NSR:StopPlace:6,Greverud stasjon,2026-09-07T17:25:00+02:00,2026-09-07T17:25:00+02:00,,0.0,0,Ski,VYG:Line:L2,Stabekk-Oslo S-Ski,L2,rail,VYG:ServiceJourney:2847-HVK_444079-R,False,planned,False,,,,,2026-09-07T20:27:16.249662+02:00
NSR:StopPlace:6,Greverud stasjon,2026-09-07T17:40:00+02:00,2026-09-07T17:40:00+02:00,,0.0,0,Ski,VYG:Line:L2,Stabekk-Oslo S-Ski,L2,rail,VYG:ServiceJourney:2749-HVK_443959-R,False,planned,False,,,,,2026-09-07T20:27:16.249662+02:00
NSR:StopPlace:6,Greverud stasjon,2026-09-07T17:55:00+02:00,2026-09-07T17:55:00+02:00,,0.0,0,Ski,VYG:Line:L2,Stabekk-Oslo S-Ski,L2,rail,VYG:ServiceJourney:2849_444081-R,False,planned,False,,,,,2026-09-07T20:27:16.249662+02:00
NSR:StopPlace:61134,Tverlandet stasjon,2026-09-07T16:37:00+02:00,2026-09-07T16:37:00+02:00,,0.0,0,Bodø,SJN:Line:79,Saltenpendelen,R75,rail,SJN:ServiceJourney:1789_41148-R,False,planned,False,,,,,2026-09-07T20:27:16.249662+02:00
NSR:StopPlace:61134,Tverlandet stasjon,2026-09-07T17:22:00+02:00,2026-09-07T17:22:00+02:00,,0.0,0,Bodø,SJN:Line:71,Nordlandsbanen,F7,rail,SJN:ServiceJourney:471_46158-R,False,planned,False,,,,,2026-09-07T20:27:16.249662+02:00
NSR:StopPlace:61169,Marienborg stasjon,2026-09-07T16:28:00+02:00,2026-09-07T16:28:00+02:00,,0.0,0,Sandmoen via Flatåsen,ATB:Line:2_23,Brattøra - St. Olavs - Hallset - Flatåsen - Sandmoen,23,bus,ATB:ServiceJourney:23_251215112545521_88,False,planned,False,,,,,2026-09-07T20:27:16.249662+02:00
NSR:StopPlace:61169,Marienborg stasjon,2026-09-07T16:32:00+02:00,2026-09-07T16:32:00+02:00,,0.0,0,Havstad,ATB:Line:2_13,Østmarka - Strindheim - Lerkendal - Havstad,13,bus,ATB:ServiceJourney:13_251215112552710_102,False,planned,False,,,,,2026-09-07T20:27:16.249662+02:00
NSR:StopPlace:61169,Marienborg stasjon,2026-09-07T16:33:00+02:00,2026-09-07T16:33:00+02:00,,0.0,0,Østmarka via Lerkendal-Strindh.,ATB:Line:2_13,Østmarka - Strindheim - Lerkendal - Havstad,13,bus,ATB:ServiceJourney:13_251215112552694_103,False,planned,False,,,,,2026-09-07T20:27:16.249662+02:00
NSR:StopPlace:61169,Marienborg stasjon,2026-09-07T16:33:00+02:00,2026-09-07T16:33:00+02:00,,0.0,0,Pirbadet via St. Olavs hospital,ATB:Line:2_23,Brattøra - St. Olavs - Hallset - Flatåsen - Sandmoen,23,bus,ATB:ServiceJourney:23_251215112545547_87,False,planned,False,,,,,2026-09-07T20:27:16.249662+02:00
NSR:StopPlace:61169,Marienborg stasjon,2026-09-07T16:38:00+02:00,2026-09-07T16:38:00+02:00,,0.0,0,Sandmoen via Flatåsen,ATB:Line:2_23,Brattøra - St. Olavs - Hallset - Flatåsen - Sandmoen,23,bus,ATB:ServiceJourney:23_251215112545522_90,False,planned,False,,,,,2026-09-07T20:27:16.249662+02:00
NSR:StopPlace:61169,Marienborg stasjon,2026-09-07T16:42:00+02:00,2026-09-07T16:42:00+02:00,,0.0,0,Havstad,ATB:Line:2_13,Østmarka - Strindheim - Lerkendal - Havstad,13,bus,ATB:ServiceJourney:13_251215112552711_104,False,planned,False,,,,,2026-09-07T20:27:16.249662+02:00
NSR:StopPlace:61169,Marienborg stasjon,2026-09-07T16:43:00+02:00,2026-09-07T16:43:00+02:00,,0.0,0,Østmarka via Lerkendal-Strindh.,ATB:Line:2_13,Østmarka - Strindheim - Lerkendal - Havstad,13,bus,ATB:ServiceJourney:13_251215112552695_105,False,planned,False,,,,,2026-09-07T20:27:16.249662+02:00
NSR:StopPlace:61169,Marienborg stasjon,2026-09-07T16:43:00+02:00,2026-09-07T16:43:00+02:00,,0.0,0,Pirbadet via St. Olavs hospital,ATB:Line:2_23,Brattøra - St. Olavs - Hallset - Flatåsen - Sandmoen,23,bus,ATB:ServiceJourney:23_251215112545548_89,False,planned,False,,,,,2026-09-07T20:27:16.249662+02:00
NSR:StopPlace:61169,Marienborg stasjon,2026-09-07T16:44:00+02:00,2026-09-07T16:44:00+02:00,,0.0,0,Grillstad via St. Olavs h- Ladeham.,ATB:Line:2_20,Grillstad - Strindheim - Ladehammeren- Sentrum - Romolslia,20,bus,ATB:ServiceJourney:20_251215112548257_67,False,planned,False,,,,,2026-09-07T20:27:16.249662+02:00
NSR:StopPlace:61169,Marienborg stasjon,2026-09-07T16:48:00+02:00,2026-09-07T16:48:00+02:00,,0.0,0,Sandmoen via Flatåsen,ATB:Line:2_23,Brattøra - St. Olavs - Hallset - Flatåsen - Sandmoen,23,bus,ATB:ServiceJourney:23_251215112545558_92,False,planned,False,,,,,2026-09-07T20:27:16.249662+02:00
NSR:StopPlace:61169,Marienborg stasjon,2026-09-07T16:51:00+02:00,2026-09-07T16:51:00+02:00,,0.0,0,Ler,SJN:Line:26,Trønderbanen,R70,rail,SJN:ServiceJourney:440_56069-R,False,planned,False,,,,,2026-09-07T20:27:16.249662+02:00
NSR:StopPlace:61169,Marienborg stasjon,2026-09-07T16:51:00+02:00,2026-09-07T16:51:00+02:00,,0.0,0,Romolslia,ATB:Line:2_20,Grillstad - Strindheim - Ladehammeren- Sentrum - Romolslia,20,bus,ATB:ServiceJourney:20_251215112548120_62,False,planned,False,,,,,2026-09-07T20:27:16.249662+02:00
NSR:StopPlace:61169,Marienborg stasjon,2026-09-07T16:52:00+02:00,2026-09-07T16:52:00+02:00,,0.0,0,Havstad,ATB:Line:2_13,Østmarka - Strindheim - Lerkendal - Havstad,13,bus,ATB:ServiceJourney:13_251215112552712_106,False,planned,False,,,,,2026-09-07T20:27:16.249662+02:00
NSR:StopPlace:61169,Marienborg stasjon,2026-09-07T16:53:00+02:00,2026-09-07T16:53:00+02:00,,0.0,0,Østmarka via Lerkendal-Strindh.,ATB:Line:2_13,Østmarka - Strindheim - Lerkendal - Havstad,13,bus,ATB:ServiceJourney:13_251215112552679_107,False,planned,False,,,,,2026-09-07T20:27:16.249662+02:00
NSR:StopPlace:61169,Marienborg stasjon,2026-09-07T16:53:00+02:00,2026-09-07T16:53:00+02:00,,0.0,0,Pirbadet via St. Olavs hospital,ATB:Line:2_23,Brattøra - St. Olavs - Hallset - Flatåsen - Sandmoen,23,bus,ATB:ServiceJourney:23_251215112545549_91,False,planned,False,,,,,2026-09-07T20:27:16.249662+02:00
NSR:StopPlace:61169,Marienborg stasjon,2026-09-07T16:58:00+02:00,2026-09-07T16:58:00+02:00,,0.0,0,Sandmoen via Flatåsen,ATB:Line:2_23,Brattøra - St. Olavs - Hallset - Flatåsen - Sandmoen,23,bus,ATB:ServiceJourney:23_251215112545559_94,False,planned,False,,,,,2026-09-07T20:27:16.249662+02:00
NSR:StopPlace:61169,Marienborg stasjon,2026-09-07T17:02:00+02:00,2026-09-07T17:02:00+02:00,,0.0,0,Havstad,ATB:Line:2_13,Østmarka - Strindheim - Lerkendal - Havstad,13,bus,ATB:ServiceJourney:13_251215112552713_108,False,planned,False,,,,,2026-09-07T20:27:16.249662+02:00
NSR:StopPlace:61169,Marienborg stasjon,2026-09-07T17:03:00+02:00,2026-09-07T17:03:00+02:00,,0.0,0,Østmarka via Lerkendal-Strindh.,ATB:Line:2_13,Østmarka - Strindheim - Lerkendal - Havstad,13,bus,ATB:ServiceJourney:13_251215112552680_109,False,planned,False,,,,,2026-09-07T20:27:16.249662+02:00
NSR:StopPlace:61169,Marienborg stasjon,2026-09-07T17:03:00+02:00,2026-09-07T17:03:00+02:00,,0.0,0,Pirbadet via St. Olavs hospital,ATB:Line:2_23,Brattøra - St. Olavs - Hallset - Flatåsen - Sandmoen,23,bus,ATB:ServiceJourney:23_251215112545595_93,False,planned,False,,,,,2026-09-07T20:27:16.249662+02:00
NSR:StopPlace:61169,Marienborg stasjon,2026-09-07T17:08:00+02:00,2026-09-07T17:08:00+02:00,,0.0,0,Steinkjer,SJN:Line:26,Trønderbanen,R70,rail,SJN:ServiceJourney:445_56074-R,False,planned,False,,,,,2026-09-07T20:27:16.249662+02:00
NSR:StopPlace:61169,Marienborg stasjon,2026-09-07T17:08:00+02:00,2026-09-07T17:08:00+02:00,,0.0,0,Sandmoen via Flatåsen,ATB:Line:2_23,Brattøra - St. Olavs - Hallset - Flatåsen - Sandmoen,23,bus,ATB:ServiceJourney:23_251215112545560_96,False,planned,False,,,,,2026-09-07T20:27:16.249662+02:00
NSR:StopPlace:61169,Marienborg stasjon,2026-09-07T17:12:00+02:00,2026-09-07T17:12:00+02:00,,0.0,0,Havstad,ATB:Line:2_13,Østmarka - Strindheim - Lerkendal - Havstad,13,bus,ATB:ServiceJourney:13_251215112552696_110,False,planned,False,,,,,2026-09-07T20:27:16.249662+02:00
NSR:StopPlace:61169,Marienborg stasjon,2026-09-07T17:13:00+02:00,2026-09-07T17:13:00+02:00,,0.0,0,Østmarka via Lerkendal-Strindh.,ATB:Line:2_13,Østmarka - Strindheim - Lerkendal - Havstad,13,bus,ATB:ServiceJourney:13_251215112552681_111,False,planned,False,,,,,2026-09-07T20:27:16.249662+02:00
NSR:StopPlace:61169,Marienborg stasjon,2026-09-07T17:13:00+02:00,2026-09-07T17:13:00+02:00,,0.0,0,Pirbadet via St. Olavs hospital,ATB:Line:2_23,Brattøra - St. Olavs - Hallset - Flatåsen - Sandmoen,23,bus,ATB:ServiceJourney:23_251215112545596_95,False,planned,False,,,,,2026-09-07T20:27:16.249662+02:00
NSR:StopPlace:61169,Marienborg stasjon,2026-09-07T17:20:00+02:00,2026-09-07T17:20:00+02:00,,0.0,0,Pirbadet via St. Olavs hospital,ATB:Line:2_23,Brattøra - St. Olavs - Hallset - Flatåsen - Sandmoen,23,bus,ATB:ServiceJourney:23_251215112545597_97,False,planned,False,,,,,2026-09-07T20:27:16.249662+02:00
NSR:StopPlace:61169,Marienborg stasjon,2026-09-07T17:21:00+02:00,2026-09-07T17:21:00+02:00,,0.0,0,Romolslia,ATB:Line:2_20,Grillstad - Strindheim - Ladehammeren- Sentrum - Romolslia,20,bus,ATB:ServiceJourney:20_251215112548118_66,False,planned,False,,,,,2026-09-07T20:27:16.249662+02:00
NSR:StopPlace:61169,Marienborg stasjon,2026-09-07T17:22:00+02:00,2026-09-07T17:22:00+02:00,,0.0,0,Havstad,ATB:Line:2_13,Østmarka - Strindheim - Lerkendal - Havstad,13,bus,ATB:ServiceJourney:13_251215112552697_112,False,planned,False,,,,,2026-09-07T20:27:16.249662+02:00
NSR:StopPlace:61169,Marienborg stasjon,2026-09-07T17:23:00+02:00,2026-09-07T17:23:00+02:00,,0.0,0,Østmarka via Lerkendal-Strindh.,ATB:Line:2_13,Østmarka - Strindheim - Lerkendal - Havstad,13,bus,ATB:ServiceJourney:13_251215112552660_113,False,planned,False,,,,,2026-09-07T20:27:16.249662+02:00
NSR:StopPlace:61169,Marienborg stasjon,2026-09-07T18:05:00+02:00,2026-09-07T18:05:00+02:00,,0.0,0,Havstad,ATB:Line:2_13,Østmarka - Strindheim - Lerkendal - Havstad,13,bus,ATB:ServiceJourney:13_251215112552579_118,False,planned,False,,,,,2026-09-07T20:27:16.249662+02:00
NSR:StopPlace:61460,Flaten stasjon,2026-09-07T16:41:00+02:00,2026-09-07T16:41:00+02:00,,0.0,0,Nelaug,GOA:Line:53,Sørtoget lokal,R50,rail,GOA:ServiceJourney:2072_63025-R,False,planned,False,,,,,2026-09-07T20:27:16.249662+02:00
NSR:StopPlace:61460,Flaten stasjon,2026-09-07T17:04:00+02:00,2026-09-07T17:04:00+02:00,,0.0,0,Arendal,GOA:Line:53,Sørtoget lokal,R50,rail,GOA:ServiceJourney:2073_63026-R,False,planned,False,,,,,2026-09-07T20:27:16.249662+02:00
NSR:StopPlace:61465,Rise stasjon,2026-09-07T17:25:00+02:00,2026-09-07T17:25:00+02:00,,0.0,0,Arendal,GOA:Line:53,Sørtoget lokal,R50,rail,GOA:ServiceJourney:2073_63026-R,False,planned,False,,,,,2026-09-07T20:27:16.249662+02:00
NSR:StopPlace:61466,Vakås stasjon,2026-09-07T16:57:00+02:00,2026-09-07T16:57:00+02:00,,0.0,0,Asker,VYG:Line:L1,Spikkestad-Oslo S-Lillestrøm,L1,rail,VYG:ServiceJourney:2145_443553-R,False,planned,False,Færre vogner,Denne avgangen kjører dessverre med 4 vogner i stedet for 8 vogner. Dette skyldes at vi mangler et togsett.,general,normal,2026-09-07T20:27:16.249662+02:00
NSR:StopPlace:61466,Vakås stasjon,2026-09-07T17:11:00+02:00,2026-09-07T17:11:00+02:00,,0.0,0,Spikkestad,VYG:Line:L1,Spikkestad-Oslo S-Lillestrøm,L1,rail,VYG:ServiceJourney:2247_460777-R,False,planned,False,,,,,2026-09-07T20:27:16.249662+02:00
NSR:StopPlace:61466,Vakås stasjon,2026-09-07T17:27:00+02:00,2026-09-07T17:27:00+02:00,,0.0,0,Asker,VYG:Line:L1,Spikkestad-Oslo S-Lillestrøm,L1,rail,VYG:ServiceJourney:2147_443555-R,False,planned,False,,,,,2026-09-07T20:27:16.249662+02:00
NSR:StopPlace:61463,Nordstrand stasjon,2026-09-07T16:52:00+02:00,2026-09-07T16:52:00+02:00,,0.0,0,Ski,VYG:Line:L2,Stabekk-Oslo S-Ski,L2,rail,VYG:ServiceJourney:2747-HVK_443957-R,False,planned,False,,,,,2026-09-07T20:27:16.249662+02:00
NSR:StopPlace:61463,Nordstrand stasjon,2026-09-07T16:52:00+02:00,2026-09-07T16:52:00+02:00,,0.0,0,Oslo S,VYG:Line:L2,Stabekk-Oslo S-Ski,L2,rail,VYG:ServiceJourney:2850_444084-R,False,planned,False,,,,,2026-09-07T20:27:16.249662+02:00
NSR:StopPlace:61463,Nordstrand stasjon,2026-09-07T17:07:00+02:00,2026-09-07T17:07:00+02:00,,0.0,0,Ski,VYG:Line:L2,Stabekk-Oslo S-Ski,L2,rail,VYG:ServiceJourney:2847-HVK_444079-R,False,planned,False,,,,,2026-09-07T20:27:16.249662+02:00
NSR:StopPlace:61463,Nordstrand stasjon,2026-09-07T17:07:00+02:00,2026-09-07T17:07:00+02:00,,0.0,0,Stabekk,VYG:Line:L2,Stabekk-Oslo S-Ski,L2,rail,VYG:ServiceJourney:2752-SKI_443963-R,False,planned,False,Færre vogner,Denne avgangen kjører dessverre med 3 vogner i stedet for 6 vogner. Dette skyldes at vi mangler et togsett.,general,normal,2026-09-07T20:27:16.249662+02:00
NSR:StopPlace:61463,Nordstrand stasjon,2026-09-07T17:22:00+02:00,2026-09-07T17:22:00+02:00,,0.0,0,Ski,VYG:Line:L2,Stabekk-Oslo S-Ski,L2,rail,VYG:ServiceJourney:2749-HVK_443959-R,False,planned,False,,,,,2026-09-07T20:27:16.249662+02:00
NSR:StopPlace:61463,Nordstrand stasjon,2026-09-07T17:22:00+02:00,2026-09-07T17:22:00+02:00,,0.0,0,Skøyen,VYG:Line:L2,Stabekk-Oslo S-Ski,L2,rail,VYG:ServiceJourney:2852-SKI_488387-R,False,planned,False,,,,,2026-09-07T20:27:16.249662+02:00
NSR:StopPlace:61463,Nordstrand stasjon,2026-09-07T17:37:00+02:00,2026-09-07T17:37:00+02:00,,0.0,0,Ski,VYG:Line:L2,Stabekk-Oslo S-Ski,L2,rail,VYG:ServiceJourney:2849_444081-R,False,planned,False,,,,,2026-09-07T20:27:16.249662+02:00
NSR:StopPlace:61464,Hvalstad stasjon,2026-09-07T16:55:00+02:00,2026-09-07T16:55:00+02:00,,0.0,0,Asker,VYG:Line:L1,Spikkestad-Oslo S-Lillestrøm,L1,rail,VYG:ServiceJourney:2145_443553-R,False,planned,False,Færre vogner,Denne avgangen kjører dessverre med 4 vogner i stedet for 8 vogner. Dette skyldes at vi mangler et togsett.,general,normal,2026-09-07T20:27:16.249662+02:00
NSR:StopPlace:61464,Hvalstad stasjon,2026-09-07T17:09:00+02:00,2026-09-07T17:09:00+02:00,,0.0,0,Spikkestad,VYG:Line:L1,Spikkestad-Oslo S-Lillestrøm,L1,rail,VYG:ServiceJourney:2247_460777-R,False,planned,False,,,,,2026-09-07T20:27:16.249662+02:00
NSR:StopPlace:61464,Hvalstad stasjon,2026-09-07T17:25:00+02:00,2026-09-07T17:25:00+02:00,,0.0,0,Asker,VYG:Line:L1,Spikkestad-Oslo S-Lillestrøm,L1,rail,VYG:ServiceJourney:2147_443555-R,False,planned,False,,,,,2026-09-07T20:27:16.249662+02:00
NSR:StopPlace:61413,Heia stasjon,2026-09-07T17:09:00+02:00,2026-09-07T17:09:00+02:00,,0.0,0,Rakkestad,VYG:Line:R22,Skøyen-Oslo S-Mysen-Rakkestad,R22,rail,VYG:ServiceJourney:1923_443472-R,False,planned,False,,,,,2026-09-07T20:27:16.249662+02:00
NSR:StopPlace:61326,Gulskogen stasjon,2026-09-07T16:47:00+02:00,2026-09-07T16:47:00+02:00,,0.0,0,Kongsberg,VYG:Line:R12,Kongsberg-Oslo S-Eidsvoll,R12,rail,VYG:ServiceJourney:523_444326-R,False,planned,False,Normal hastighet: Gulskogen–Mjøndalen,"Gulskogen–Mjøndalen: Togene kjører med normal fart igjen. Togene kjører, men det kan ta litt tid før de er i rute. Du må derfor regne med forsinkelser.",general,normal,2026-09-07T20:27:16.249662+02:00
NSR:StopPlace:61336,Trollhättan Centralstation,2026-09-07T18:14:00+02:00,2026-09-07T18:14:00+02:00,,0.0,0,Malmö C,SNT:Line:15931205-7b69-51de-bac7-18d4acc5c6f5,Malmö C,IC,rail,SNT:ServiceJourney:52efc068-8869-5645-b60f-cf6c2e6a10d8_b5ac3e58-b062-5656-bc9b-17920ae7ca9b,False,planned,False,,,,,2026-09-07T20:27:16.249662+02:00
NSR:StopPlace:61334,Ogna stasjon,2026-09-07T16:36:00+02:00,2026-09-07T16:36:00+02:00,,0.0,0,Stavanger,GOA:Line:59,Jærbanen,L5,rail,GOA:ServiceJourney:3049_63095-R,False,planned,False,,,,,2026-09-07T20:27:16.249662+02:00
NSR:StopPlace:61334,Ogna stasjon,2026-09-07T16:50:00+02:00,2026-09-07T16:50:00+02:00,,0.0,0,Egersund,GOA:Line:59,Jærbanen,L5,rail,GOA:ServiceJourney:3048_63093-R,False,planned,False,,,,,2026-09-07T20:27:16.249662+02:00
NSR:StopPlace:61383,Urdland stasjon,2026-09-07T17:09:00+02:00,2026-09-07T17:09:00+02:00,,0.0,0,Voss,SKY:Line:958,Voss - Raundalen,958,bus,SKY:ServiceJourney:958-205165-20043242,False,planned,False,,,,,2026-09-07T20:27:16.249662+02:00
NSR:StopPlace:61387,Skogn stasjon,2026-09-07T18:36:00+02:00,2026-09-07T18:36:00+02:00,,0.0,0,Steinkjer,SJN:Line:26,Trønderbanen,R70,rail,SJN:ServiceJourney:445_56074-R,False,planned,False,,,,,2026-09-07T20:27:16.249662+02:00
NSR:StopPlace:61305,Degerfors station,2026-09-07T17:36:00+02:00,2026-09-07T17:36:00+02:00,,0.0,0,Karlstad-Oslo,SJV:Line:cfac9102-49ef-476c-8663-a6d468ee4f36,Stockholm-Hallsberg-Karlstad-Oslo,70,rail,SJV:ServiceJourney:f59f3584-31a7-4ab0-bd01-0245b6e36da4,False,planned,False,,,,,2026-09-07T20:27:16.249662+02:00
NSR:StopPlace:61305,Degerfors station,2026-09-07T18:07:00+02:00,2026-09-07T18:07:00+02:00,,0.0,0,Stockholm,SJV:Line:cfac9102-49ef-476c-8663-a6d468ee4f36,Stockholm-Hallsberg-Karlstad-Oslo,70,rail,SJV:ServiceJourney:93878a0f-ed9e-44b6-b2de-9fffb37a762b,False,planned,False,,,,,2026-09-07T20:27:16.249662+02:00
NSR:StopPlace:61305,Degerfors station,2026-09-07T20:14:00+02:00,2026-09-07T20:14:00+02:00,,0.0,0,Stockholm,SJV:Line:cfac9102-49ef-476c-8663-a6d468ee4f36,Stockholm-Hallsberg-Karlstad-Oslo,70,rail,SJV:ServiceJourney:6e4dcfd0-8b9a-415b-a449-46574a457867,False,planned,False,,,,,2026-09-07T20:27:16.249662+02:00
NSR:StopPlace:61301,Movatn stasjon,2026-09-07T20:16:00+02:00,2026-09-07T20:16:00+02:00,,0.0,0,Nydalen,VYG:Line:R31,Skøyen-Jaren-Gjøvik,R31,rail,VYG:ServiceJourney:BUS-230_655403-R,False,planned,False,,,,,2026-09-07T20:27:16.249662+02:00
NSR:StopPlace:61696,Lunden stasjon,2026-09-07T16:47:00+02:00,2026-09-07T16:47:00+02:00,,0.0,0,Flåm,VYG:Line:R45,Myrdal-Flåm,R45,rail,VYG:ServiceJourney:1863_465784-R,False,planned,False,,,,,2026-09-07T20:27:16.249662+02:00
NSR:StopPlace:61707,Jevnaker stasjon,2026-09-07T16:32:00+02:00,2026-09-07T16:32:00+02:00,,0.0,0,Hønefoss over Eggemoen,INN:Line:113,Toso-Jevnaker-Hønefoss,113,bus,INN:ServiceJourney:70987,False,planned,False,,,,,2026-09-07T20:27:16.249662+02:00
NSR:StopPlace:61707,Jevnaker stasjon,2026-09-07T17:33:00+02:00,2026-09-07T17:33:00+02:00,,0.0,0,Bergermoen,INN:Line:452,Gran-Lunner-Olimb-Jevnaker,452,bus,INN:ServiceJourney:71426,False,planned,False,,,,,2026-09-07T20:27:16.249662+02:00
NSR:StopPlace:45,Reinunga stasjon,2026-09-07T16:50:00+02:00,2026-09-07T16:50:00+02:00,,0.0,0,Myrdal,VYG:Line:R45,Myrdal-Flåm,R45,rail,VYG:ServiceJourney:1864_465785-R,False,planned,False,,,,,2026-09-07T20:27:16.249662+02:00
NSR:StopPlace:23,Rena stasjon,2026-09-07T16:58:00+02:00,2026-09-07T16:58:00+02:00,,0.0,0,Hamar,SJN:Line:25,Rørosbanen,R60,rail,SJN:ServiceJourney:2388_37666-R,False,planned,False,,,,,2026-09-07T20:27:16.249662+02:00
NSR:StopPlace:33,Ranheim stasjon,2026-09-07T17:29:00+02:00,2026-09-07T17:29:00+02:00,,0.0,0,Steinkjer,SJN:Line:26,Trønderbanen,R70,rail,SJN:ServiceJourney:445_56074-R,False,planned,False,,,,,2026-09-07T20:27:16.249662+02:00
NSR:StopPlace:41,Hanaborg stasjon,2026-09-07T16:46:00+02:00,2026-09-07T16:46:00+02:00,,0.0,0,Lillestrøm,VYG:Line:L1,Spikkestad-Oslo S-Lillestrøm,L1,rail,VYG:ServiceJourney:2146_443554-R,False,planned,False,,,,,2026-09-07T20:27:16.249662+02:00
NSR:StopPlace:41,Hanaborg stasjon,2026-09-07T17:01:00+02:00,2026-09-07T17:01:00+02:00,,0.0,0,Lillestrøm,VYG:Line:L1,Spikkestad-Oslo S-Lillestrøm,L1,rail,VYG:ServiceJourney:2248_445345-R,False,planned,False,,,,,2026-09-07T20:27:16.249662+02:00
NSR:StopPlace:41,Hanaborg stasjon,2026-09-07T17:16:00+02:00,2026-09-07T17:16:00+02:00,,0.0,0,Lillestrøm,VYG:Line:L1,Spikkestad-Oslo S-Lillestrøm,L1,rail,VYG:ServiceJourney:2148_443556-R,False,planned,False,,,,,2026-09-07T20:27:16.249662+02:00
NSR:StopPlace:41,Hanaborg stasjon,2026-09-07T17:31:00+02:00,2026-09-07T17:31:00+02:00,,0.0,0,Lillestrøm,VYG:Line:L1,Spikkestad-Oslo S-Lillestrøm,L1,rail,VYG:ServiceJourney:2250_443669-R,False,planned,False,,,,,2026-09-07T20:27:16.249662+02:00
NSR:StopPlace:61850,Gävle Centralstation,2026-09-07T19:58:00+02:00,2026-09-07T19:58:00+02:00,,0.0,0,Luleå,SJV:Line:0ff9f2b9-fbe5-4761-8a29-8813be35efaa,Stockholm-Narvik (-Luleå),,rail,SJV:ServiceJourney:0eabfad4-c61e-4fc3-8a75-7ebd11c5a873,False,planned,False,,,,,2026-09-07T20:27:16.249662+02:00
NSR:StopPlace:61872,Nærbø stasjon,2026-09-07T16:33:00+02:00,2026-09-07T16:33:00+02:00,,0.0,0,Egersund,GOA:Line:59,Jærbanen,L5,rail,GOA:ServiceJourney:3048_63093-R,False,planned,False,,,,,2026-09-07T20:27:16.249662+02:00
NSR:StopPlace:61872,Nærbø stasjon,2026-09-07T16:52:00+02:00,2026-09-07T16:52:00+02:00,,0.0,0,Stavanger,GOA:Line:59,Jærbanen,L5,rail,GOA:ServiceJourney:3049_63095-R,False,planned,False,,,,,2026-09-07T20:27:16.249662+02:00
NSR:StopPlace:61872,Nærbø stasjon,2026-09-07T20:17:00+02:00,2026-09-07T20:17:00+02:00,,0.0,0,Stavanger,GOA:Line:59,Jærbanen,L5,rail,GOA:ServiceJourney:3063_63120-R,False,planned,False,,,,,2026-09-07T20:27:16.249662+02:00
NSR:StopPlace:61897,Bryn stasjon,2026-09-07T16:45:00+02:00,2026-09-07T16:45:00+02:00,,0.0,0,Lillestrøm,VYG:Line:L1,Spikkestad-Oslo S-Lillestrøm,L1,rail,VYG:ServiceJourney:2248_445345-R,False,planned,False,,,,,2026-09-07T20:27:16.249662+02:00
NSR:StopPlace:61897,Bryn stasjon,2026-09-07T16:50:00+02:00,2026-09-07T16:50:00+02:00,,0.0,0,Asker,VYG:Line:L1,Spikkestad-Oslo S-Lillestrøm,L1,rail,VYG:ServiceJourney:2147_443555-R,False,planned,False,,,,,2026-09-07T20:27:16.249662+02:00
NSR:StopPlace:61897,Bryn stasjon,2026-09-07T17:00:00+02:00,2026-09-07T17:00:00+02:00,,0.0,0,Lillestrøm,VYG:Line:L1,Spikkestad-Oslo S-Lillestrøm,L1,rail,VYG:ServiceJourney:2148_443556-R,False,planned,False,,,,,2026-09-07T20:27:16.249662+02:00
NSR:StopPlace:61897,Bryn stasjon,2026-09-07T17:15:00+02:00,2026-09-07T17:15:00+02:00,,0.0,0,Lillestrøm,VYG:Line:L1,Spikkestad-Oslo S-Lillestrøm,L1,rail,VYG:ServiceJourney:2250_443669-R,False,planned,False,,,,,2026-09-07T20:27:16.249662+02:00
NSR:StopPlace:61735,Hell stasjon,2026-09-07T17:50:00+02:00,2026-09-07T17:50:00+02:00,,0.0,0,Steinkjer,SJN:Line:26,Trønderbanen,R70,rail,SJN:ServiceJourney:445_56074-R,False,planned,False,,,,,2026-09-07T20:27:16.249662+02:00
NSR:StopPlace:59789,Skotbu stasjon,2026-09-07T16:53:00+02:00,2026-09-07T16:53:00+02:00,,0.0,0,Mysen,VYG:Line:R22,Skøyen-Oslo S-Mysen-Rakkestad,R22,rail,VYG:ServiceJourney:1953_443499-R,False,planned,False,,,,,2026-09-07T20:27:16.249662+02:00
NSR:StopPlace:59872,Oslo S,2026-09-07T16:29:00+02:00,2026-09-07T16:29:00+02:00,,0.0,0,Drammen,VYG:Line:RE10,Drammen-Oslo S-Lillehammer,RE10,rail,VYG:ServiceJourney:322-LHM_444203-R,False,planned,False,,,,,2026-09-07T20:27:16.249662+02:00
NSR:StopPlace:59872,Oslo S,2026-09-07T16:29:00+02:00,2026-09-07T16:29:00+02:00,,0.0,0,Mysen,VYG:Line:R22,Skøyen-Oslo S-Mysen-Rakkestad,R22,rail,VYG:ServiceJourney:1953_443499-R,False,planned,False,,,,,2026-09-07T20:27:16.249662+02:00
NSR:StopPlace:59872,Oslo S,2026-09-07T16:30:00+02:00,2026-09-07T16:30:00+02:00,,0.0,0,Oslo Lufthavn,FLT:Line:FLY2,FLY2,FLY2,rail,FLT:ServiceJourney:1-2614-3947-20260907,False,planned,False,,,,,2026-09-07T20:27:16.249662+02:00
NSR:StopPlace:59872,Oslo S,2026-09-07T16:31:00+02:00,2026-09-07T16:31:00+02:00,,0.0,0,Lysaker,VYG:Line:L2,Stabekk-Oslo S-Ski,L2,rail,VYG:ServiceJourney:2848-SKI_444080-R,False,planned,False,,,,,2026-09-07T20:27:16.249662+02:00
NSR:StopPlace:59872,Oslo S,2026-09-07T16:31:00+02:00,2026-09-07T16:31:00+02:00,,0.0,0,Ski,VYG:Line:L2,Stabekk-Oslo S-Ski,L2,rail,VYG:ServiceJourney:2845-HVK_444077-R,False,planned,False,,,,,2026-09-07T20:27:16.249662+02:00
NSR:StopPlace:59872,Oslo S,2026-09-07T16:34:00+02:00,2026-09-07T16:34:00+02:00,,0.0,0,Roa,VYG:Line:RE30,Oslo S-Gjøvik,RE30,rail,VYG:ServiceJourney:BUS-1225_655074-R,False,planned,False,,,,,2026-09-07T20:27:16.249662+02:00
NSR:StopPlace:59872,Oslo S,2026-09-07T16:34:00+02:00,2026-09-07T16:34:00+02:00,,0.0,0,Nittedal,VYG:Line:RE30,Oslo S-Gjøvik,RE30,rail,VYG:ServiceJourney:BUS-1225_655073-R,False,planned,False,,,,,2026-09-07T20:27:16.249662+02:00
NSR:StopPlace:59872,Oslo S,2026-09-07T16:36:00+02:00,2026-09-07T16:36:00+02:00,,0.0,0,Ski,VYG:Line:R23,Stabekk-Oslo S-Moss,R23,rail,VYG:ServiceJourney:1547_443194-R,False,planned,False,,,,,2026-09-07T20:27:16.249662+02:00
NSR:StopPlace:59872,Oslo S,2026-09-07T16:37:00+02:00,2026-09-07T16:37:00+02:00,,0.0,0,Stabekk,VYG:Line:R21,Stabekk-Oslo S-Moss,R21,rail,VYG:ServiceJourney:1148-MOS_443027-R,False,planned,False,,,,,2026-09-07T20:27:16.249662+02:00
NSR:StopPlace:59872,Oslo S,2026-09-07T16:40:00+02:00,2026-09-07T16:40:00+02:00,,0.0,0,Oslo Lufthavn,FLT:Line:FLY1,FLY1,FLY1,rail,FLT:ServiceJourney:1-2614-3773-20260907,False,planned,False,,,,,2026-09-07T20:27:16.249662+02:00
NSR:StopPlace:59872,Oslo S,2026-09-07T16:41:00+02:00,2026-09-07T16:41:00+02:00,,0.0,0,Lillestrøm,VYG:Line:L1,Spikkestad-Oslo S-Lillestrøm,L1,rail,VYG:ServiceJourney:2248_445345-R,False,planned,False,,,,,2026-09-07T20:27:16.249662+02:00
NSR:StopPlace:59872,Oslo S,2026-09-07T16:41:00+02:00,2026-09-07T16:41:00+02:00,,0.0,0,Spikkestad,VYG:Line:L1,Spikkestad-Oslo S-Lillestrøm,L1,rail,VYG:ServiceJourney:2247_460777-R,False,planned,False,,,,,2026-09-07T20:27:16.249662+02:00
NSR:StopPlace:59872,Oslo S,2026-09-07T16:44:00+02:00,2026-09-07T16:44:00+02:00,,0.0,0,Dal,VYG:Line:R13,Drammen-Oslo S-Dal,R13,rail,VYG:ServiceJourney:1647_443313-R,False,planned,False,,,,,2026-09-07T20:27:16.249662+02:00
NSR:StopPlace:59872,Oslo S,2026-09-07T16:44:00+02:00,2026-09-07T16:44:00+02:00,,0.0,0,Jaren,VYG:Line:R31,Skøyen-Jaren-Gjøvik,R31,rail,VYG:ServiceJourney:BUS-245_655567-R,False,planned,False,,,,,2026-09-07T20:27:16.249662+02:00
NSR:StopPlace:59872,Oslo S,2026-09-07T16:44:00+02:00,2026-09-07T16:44:00+02:00,,0.0,0,Hakadal,VYG:Line:R31,Skøyen-Jaren-Gjøvik,R31,rail,VYG:ServiceJourney:BUS-245_655565-R,False,planned,False,,,,,2026-09-07T20:27:16.249662+02:00
NSR:StopPlace:59872,Oslo S,2026-09-07T16:44:00+02:00,2026-09-07T16:44:00+02:00,,0.0,0,Nittedal,VYG:Line:R31,Skøyen-Jaren-Gjøvik,R31,rail,VYG:ServiceJourney:BUS-245_655564-R,False,planned,False,,,,,2026-09-07T20:27:16.249662+02:00
NSR:StopPlace:59872,Oslo S,2026-09-07T16:46:00+02:00,2026-09-07T16:46:00+02:00,,0.0,0,Ski,VYG:Line:L2,Stabekk-Oslo S-Ski,L2,rail,VYG:ServiceJourney:2747-HVK_443957-R,False,planned,False,,,,,2026-09-07T20:27:16.249662+02:00
NSR:StopPlace:59872,Oslo S,2026-09-07T16:47:00+02:00,2026-09-07T16:47:00+02:00,,0.0,0,Stabekk,VYG:Line:L2,Stabekk-Oslo S-Ski,L2,rail,VYG:ServiceJourney:2750-SKI_443961-R,False,planned,False,Færre vogner,Denne avgangen kjører dessverre med 3 vogner i stedet for 6 vogner. Dette skyldes at vi mangler et togsett.,general,normal,2026-09-07T20:27:16.249662+02:00
NSR:StopPlace:59872,Oslo S,2026-09-07T16:50:00+02:00,2026-09-07T16:50:00+02:00,,0.0,0,Oslo Lufthavn,FLT:Line:FLY2,FLY2,FLY2,rail,FLT:ServiceJourney:1-2614-3949-20260907,False,planned,False,,,,,2026-09-07T20:27:16.249662+02:00
NSR:StopPlace:59872,Oslo S,2026-09-07T16:52:00+02:00,2026-09-07T16:52:00+02:00,,0.0,0,Karlstad-Stockholm,SJV:Line:cfac9102-49ef-476c-8663-a6d468ee4f36,Stockholm-Hallsberg-Karlstad-Oslo,70,rail,SJV:ServiceJourney:6e4dcfd0-8b9a-415b-a449-46574a457867,False,planned,False,,,,,2026-09-07T20:27:16.249662+02:00
NSR:StopPlace:59872,Oslo S,2026-09-07T16:52:00+02:00,2026-09-07T16:52:00+02:00,,0.0,0,Moss,VYG:Line:R21,Stabekk-Oslo S-Moss,R21,rail,VYG:ServiceJourney:1147-HVK_443026-R,False,planned,False,,,,,2026-09-07T20:27:16.249662+02:00
NSR:StopPlace:59872,Oslo S,2026-09-07T16:54:00+02:00,2026-09-07T16:54:00+02:00,,0.0,0,Eidsvoll,VYG:Line:R12,Kongsberg-Oslo S-Eidsvoll,R12,rail,VYG:ServiceJourney:524_444328-R,False,planned,False,,,,,2026-09-07T20:27:16.249662+02:00
NSR:StopPlace:59872,Oslo S,2026-09-07T16:56:00+02:00,2026-09-07T16:56:00+02:00,,0.0,0,Lillestrøm,VYG:Line:L1,Spikkestad-Oslo S-Lillestrøm,L1,rail,VYG:ServiceJourney:2148_443556-R,False,planned,False,,,,,2026-09-07T20:27:16.249662+02:00
NSR:StopPlace:59872,Oslo S,2026-09-07T16:57:00+02:00,2026-09-07T16:57:00+02:00,,0.0,0,Asker,VYG:Line:L1,Spikkestad-Oslo S-Lillestrøm,L1,rail,VYG:ServiceJourney:2147_443555-R,False,planned,False,,,,,2026-09-07T20:27:16.249662+02:00
NSR:StopPlace:59872,Oslo S,2026-09-07T16:59:00+02:00,2026-09-07T16:59:00+02:00,,0.0,0,Asker,VYG:Line:R14,Asker-Oslo S-Kongsvinger,R14,rail,VYG:ServiceJourney:1024_442933-R,False,planned,False,,,,,2026-09-07T20:27:16.249662+02:00
NSR:StopPlace:59872,Oslo S,2026-09-07T17:00:00+02:00,2026-09-07T17:00:00+02:00,,0.0,0,Oslo Lufthavn,FLT:Line:FLY1,FLY1,FLY1,rail,FLT:ServiceJourney:1-2614-3775-20260907,False,planned,False,,,,,2026-09-07T20:27:16.249662+02:00
NSR:StopPlace:59872,Oslo S,2026-09-07T17:01:00+02:00,2026-09-07T17:01:00+02:00,,0.0,0,Ski,VYG:Line:L2,Stabekk-Oslo S-Ski,L2,rail,VYG:ServiceJourney:2847-HVK_444079-R,False,planned,False,,,,,2026-09-07T20:27:16.249662+02:00
NSR:StopPlace:59872,Oslo S,2026-09-07T17:06:00+02:00,2026-09-07T17:06:00+02:00,,0.0,0,Ski,VYG:Line:R23,Stabekk-Oslo S-Moss,R23,rail,VYG:ServiceJourney:1549_443197-R,False,planned,False,,,,,2026-09-07T20:27:16.249662+02:00
NSR:StopPlace:59872,Oslo S,2026-09-07T17:07:00+02:00,2026-09-07T17:07:00+02:00,,0.0,0,Stabekk,VYG:Line:R21,Stabekk-Oslo S-Moss,R21,rail,VYG:ServiceJourney:1150-MOS_443033-R,False,planned,False,,,,,2026-09-07T20:27:16.249662+02:00
NSR:StopPlace:59872,Oslo S,2026-09-07T17:10:00+02:00,2026-09-07T17:10:00+02:00,,0.0,0,Oslo Lufthavn,FLT:Line:FLY2,FLY2,FLY2,rail,FLT:ServiceJourney:1-2614-3573-20260907,False,planned,False,,,,,2026-09-07T20:27:16.249662+02:00
NSR:StopPlace:59872,Oslo S,2026-09-07T17:11:00+02:00,2026-09-07T17:11:00+02:00,,0.0,0,Lillestrøm,VYG:Line:L1,Spikkestad-Oslo S-Lillestrøm,L1,rail,VYG:ServiceJourney:2250_443669-R,False,planned,False,,,,,2026-09-07T20:27:16.249662+02:00
NSR:StopPlace:59872,Oslo S,2026-09-07T17:16:00+02:00,2026-09-07T17:16:00+02:00,,0.0,0,Ski,VYG:Line:L2,Stabekk-Oslo S-Ski,L2,rail,VYG:ServiceJourney:2749-HVK_443959-R,False,planned,False,,,,,2026-09-07T20:27:16.249662+02:00
NSR:StopPlace:59872,Oslo S,2026-09-07T17:17:00+02:00,2026-09-07T17:17:00+02:00,,0.0,0,Stabekk,VYG:Line:L2,Stabekk-Oslo S-Ski,L2,rail,VYG:ServiceJourney:2752-SKI_443963-R,False,planned,False,Færre vogner,Denne avgangen kjører dessverre med 3 vogner i stedet for 6 vogner. Dette skyldes at vi mangler et togsett.,general,normal,2026-09-07T20:27:16.249662+02:00
NSR:StopPlace:59872,Oslo S,2026-09-07T17:20:00+02:00,2026-09-07T17:20:00+02:00,,0.0,0,Oslo Lufthavn,FLT:Line:FLY1,FLY1,FLY1,rail,FLT:ServiceJourney:1-2614-3777-20260907,False,planned,False,,,,,2026-09-07T20:27:16.249662+02:00
NSR:StopPlace:59646,Høvik stasjon,2026-09-07T16:37:00+02:00,2026-09-07T16:37:00+02:00,,0.0,0,Lillestrøm,VYG:Line:L1,Spikkestad-Oslo S-Lillestrøm,L1,rail,VYG:ServiceJourney:2148_443556-R,False,planned,False,,,,,2026-09-07T20:27:16.249662+02:00
NSR:StopPlace:59646,Høvik stasjon,2026-09-07T16:40:00+02:00,2026-09-07T16:40:00+02:00,,0.0,0,Asker,RUT:Line:270,Asker - Sandvika (- Fornebu),270,bus,RUT:ServiceJourney:837f6f8ed80f27fa45728bfcd1fd82de,False,planned,False,,,,,2026-09-07T20:27:16.249662+02:00
NSR:StopPlace:59646,Høvik stasjon,2026-09-07T16:42:00+02:00,2026-09-07T16:42:00+02:00,,0.0,0,Asker,VYG:Line:L1,Spikkestad-Oslo S-Lillestrøm,L1,rail,VYG:ServiceJourney:2145_443553-R,False,planned,False,Færre vogner,Denne avgangen kjører dessverre med 4 vogner i stedet for 8 vogner. Dette skyldes at vi mangler et togsett.,general,normal,2026-09-07T20:27:16.249662+02:00
NSR:StopPlace:59646,Høvik stasjon,2026-09-07T16:47:00+02:00,2026-09-07T16:47:00+02:00,,0.0,0,Bødalen,RUT:Line:5260,Bødalen - Slemmestad - Holmen - Sandvika- Ullevål,260E,bus,RUT:ServiceJourney:f88070dcbdfa3f10d72cd3ebf3827ebe,False,planned,False,,,,,2026-09-07T20:27:16.249662+02:00
NSR:StopPlace:59646,Høvik stasjon,2026-09-07T16:53:00+02:00,2026-09-07T16:53:00+02:00,,0.0,0,Lillestrøm,VYG:Line:L1,Spikkestad-Oslo S-Lillestrøm,L1,rail,VYG:ServiceJourney:2250_443669-R,False,planned,False,,,,,2026-09-07T20:27:16.249662+02:00
NSR:StopPlace:59646,Høvik stasjon,2026-09-07T16:55:00+02:00,2026-09-07T16:55:00+02:00,,0.0,0,Asker,RUT:Line:270,Asker - Sandvika (- Fornebu),270,bus,RUT:ServiceJourney:ec62ece35164f6efe66794d098af9e27,False,planned,False,,,,,2026-09-07T20:27:16.249662+02:00
NSR:StopPlace:59646,Høvik stasjon,2026-09-07T16:56:00+02:00,2026-09-07T16:56:00+02:00,,0.0,0,Spikkestad,VYG:Line:L1,Spikkestad-Oslo S-Lillestrøm,L1,rail,VYG:ServiceJourney:2247_460777-R,False,planned,False,,,,,2026-09-07T20:27:16.249662+02:00
NSR:StopPlace:59646,Høvik stasjon,2026-09-07T17:10:00+02:00,2026-09-07T17:10:00+02:00,,0.0,0,Asker,RUT:Line:270,Asker - Sandvika (- Fornebu),270,bus,RUT:ServiceJourney:23684a45ba8d6ca4b94705a8cf10f28d,False,planned,False,,,,,2026-09-07T20:27:16.249662+02:00
NSR:StopPlace:59646,Høvik stasjon,2026-09-07T17:12:00+02:00,2026-09-07T17:12:00+02:00,,0.0,0,Asker,VYG:Line:L1,Spikkestad-Oslo S-Lillestrøm,L1,rail,VYG:ServiceJourney:2147_443555-R,False,planned,False,,,,,2026-09-07T20:27:16.249662+02:00
NSR:StopPlace:59646,Høvik stasjon,2026-09-07T17:40:00+02:00,2026-09-07T17:40:00+02:00,,0.0,0,Torpekspressen - Torp airport,UNI:Line:UE2,Oslo Bussterminal - Torp Lufhavn,FB25,bus,UNI:ServiceJourney:UE2-169968-47995550,False,planned,False,,,,,2026-09-07T20:27:16.249662+02:00
NSR:StopPlace:59646,Høvik stasjon,2026-09-07T18:25:00+02:00,2026-09-07T18:25:00+02:00,,0.0,0,Torpekspressen - Torp airport,UNI:Line:UE2,Oslo Bussterminal - Torp Lufhavn,FB25,bus,UNI:ServiceJourney:UE2-169968-47995432,False,planned,False,,,,,2026-09-07T20:27:16.249662+02:00
NSR:StopPlace:59647,Dal stasjon,2026-09-07T16:46:00+02:00,2026-09-07T16:46:00+02:00,,0.0,0,Eidsvoll,RUT:Line:430,Eidsvoll - Jessheim,430,bus,RUT:ServiceJourney:8a860d75c40de6b047ce0ad07c446d6d,False,planned,False,,,,,2026-09-07T20:27:16.249662+02:00
NSR:StopPlace:59647,Dal stasjon,2026-09-07T16:56:00+02:00,2026-09-07T16:56:00+02:00,,0.0,0,Jessheim,RUT:Line:430,Eidsvoll - Jessheim,430,bus,RUT:ServiceJourney:1c018c42f54921e4f3f960f976cad107,False,planned,False,,,,,2026-09-07T20:27:16.249662+02:00
NSR:StopPlace:59647,Dal stasjon,2026-09-07T17:01:00+02:00,2026-09-07T17:01:00+02:00,,0.0,0,Eidsvoll,RUT:Line:430,Eidsvoll - Jessheim,430,bus,RUT:ServiceJourney:2cc806566c2d78099c5913c95569a758,False,planned,False,,,,,2026-09-07T20:27:16.249662+02:00
NSR:StopPlace:59647,Dal stasjon,2026-09-07T17:11:00+02:00,2026-09-07T17:11:00+02:00,,0.0,0,Jessheim,RUT:Line:430,Eidsvoll - Jessheim,430,bus,RUT:ServiceJourney:a8c1ed7394f11fb3d1f0d4801cfbf40a,False,planned,False,,,,,2026-09-07T20:27:16.249662+02:00
NSR:StopPlace:59647,Dal stasjon,2026-09-07T17:26:00+02:00,2026-09-07T17:26:00+02:00,,0.0,0,Jessheim,RUT:Line:430,Eidsvoll - Jessheim,430,bus,RUT:ServiceJourney:86154535fdac96b00870284325092df3,False,planned,False,,,,,2026-09-07T20:27:16.249662+02:00
NSR:StopPlace:59648,Kjelsås stasjon,2026-09-07T16:30:00+02:00,2026-09-07T16:30:00+02:00,,0.0,0,Haugerud,RUT:Line:25,Majorstuen-Haugerud,25,bus,RUT:ServiceJourney:f55cd999757bade0fef6d39bc2956b98,False,planned,False,,,,,2026-09-07T20:27:16.249662+02:00
NSR:StopPlace:59648,Kjelsås stasjon,2026-09-07T16:31:00+02:00,2026-09-07T16:31:00+02:00,,0.0,0,Kværnerbyen,RUT:Line:54,Kværnerbyen - Kjelsås stasjon,54,bus,RUT:ServiceJourney:09acd50eb3e093c49b7bc0f064c72d66,False,planned,False,,,,,2026-09-07T20:27:16.249662+02:00
NSR:StopPlace:59648,Kjelsås stasjon,2026-09-07T16:34:00+02:00,2026-09-07T16:34:00+02:00,,0.0,0,Majorstuen,RUT:Line:25,Majorstuen-Haugerud,25,bus,RUT:ServiceJourney:82db3ab85e0d36422ccaf7e596bd9be2,False,planned,False,,,,,2026-09-07T20:27:16.249662+02:00
NSR:StopPlace:59648,Kjelsås stasjon,2026-09-07T16:37:00+02:00,2026-09-07T16:37:00+02:00,,0.0,0,Harestua,VYG:Line:R31,Skøyen-Jaren-Gjøvik,R31,rail,VYG:ServiceJourney:BUS-243_655553-R,False,planned,False,,,,,2026-09-07T20:27:16.249662+02:00
NSR:StopPlace:59648,Kjelsås stasjon,2026-09-07T16:39:00+02:00,2026-09-07T16:39:00+02:00,,0.0,0,Kværnerbyen,RUT:Line:54,Kværnerbyen - Kjelsås stasjon,54,bus,RUT:ServiceJourney:d374c6e3469e6db8f70c839198e8d1a8,False,planned,False,,,,,2026-09-07T20:27:16.249662+02:00
NSR:StopPlace:59648,Kjelsås stasjon,2026-09-07T16:40:00+02:00,2026-09-07T16:40:00+02:00,,0.0,0,Movatn,VYG:Line:R31,Skøyen-Jaren-Gjøvik,R31,rail,VYG:ServiceJourney:BUS-243_655552-R,False,planned,False,,,,,2026-09-07T20:27:16.249662+02:00
NSR:StopPlace:59648,Kjelsås stasjon,2026-09-07T16:40:00+02:00,2026-09-07T16:40:00+02:00,,0.0,0,Majorstuen,RUT:Line:25,Majorstuen-Haugerud,25,bus,RUT:ServiceJourney:48e0ce7650279dd95ce82d70e27f7832,False,planned,False,,,,,2026-09-07T20:27:16.249662+02:00
NSR:StopPlace:59648,Kjelsås stasjon,2026-09-07T16:45:00+02:00,2026-09-07T16:45:00+02:00,,0.0,0,Kværnerbyen,RUT:Line:54,Kværnerbyen - Kjelsås stasjon,54,bus,RUT:ServiceJourney:7e19efd8664803a68eba091f9b1f9114,False,planned,False,,,,,2026-09-07T20:27:16.249662+02:00
NSR:StopPlace:59648,Kjelsås stasjon,2026-09-07T16:45:00+02:00,2026-09-07T16:45:00+02:00,,0.0,0,Haugerud,RUT:Line:25,Majorstuen-Haugerud,25,bus,RUT:ServiceJourney:35e529ea3d265553ac8e26cbc679b7fc,False,planned,False,,,,,2026-09-07T20:27:16.249662+02:00
NSR:StopPlace:59648,Kjelsås stasjon,2026-09-07T16:49:00+02:00,2026-09-07T16:49:00+02:00,,0.0,0,Majorstuen,RUT:Line:25,Majorstuen-Haugerud,25,bus,RUT:ServiceJourney:da83affced7f9ca1045ae70702c259c4,False,planned,False,,,,,2026-09-07T20:27:16.249662+02:00
NSR:StopPlace:59648,Kjelsås stasjon,2026-09-07T16:50:00+02:00,2026-09-07T16:50:00+02:00,,0.0,0,Nydalen,VYG:Line:R31,Skøyen-Jaren-Gjøvik,R31,rail,VYG:ServiceJourney:BUS-288_655644-R,False,planned,False,,,,,2026-09-07T20:27:16.249662+02:00
NSR:StopPlace:59648,Kjelsås stasjon,2026-09-07T16:51:00+02:00,2026-09-07T16:51:00+02:00,,0.0,0,Kværnerbyen,RUT:Line:54,Kværnerbyen - Kjelsås stasjon,54,bus,RUT:ServiceJourney:70ddaca762acb71ae7aff6e33c54967d,False,planned,False,,,,,2026-09-07T20:27:16.249662+02:00
NSR:StopPlace:59648,Kjelsås stasjon,2026-09-07T16:55:00+02:00,2026-09-07T16:55:00+02:00,,0.0,0,Majorstuen,RUT:Line:25,Majorstuen-Haugerud,25,bus,RUT:ServiceJourney:385e19916b5df516e00de3dc2b22e545,False,planned,False,,,,,2026-09-07T20:27:16.249662+02:00
NSR:StopPlace:59648,Kjelsås stasjon,2026-09-07T16:57:00+02:00,2026-09-07T16:57:00+02:00,,0.0,0,Kværnerbyen,RUT:Line:54,Kværnerbyen - Kjelsås stasjon,54,bus,RUT:ServiceJourney:7424d6efab6ec82443bb9df167071dad,False,planned,False,,,,,2026-09-07T20:27:16.249662+02:00
NSR:StopPlace:59648,Kjelsås stasjon,2026-09-07T16:58:00+02:00,2026-09-07T16:58:00+02:00,,0.0,0,Harestua,VYG:Line:R31,Skøyen-Jaren-Gjøvik,R31,rail,VYG:ServiceJourney:BUS-245_655569-R,False,planned,False,,,,,2026-09-07T20:27:16.249662+02:00
NSR:StopPlace:59648,Kjelsås stasjon,2026-09-07T17:00:00+02:00,2026-09-07T17:00:00+02:00,,0.0,0,Haugerud,RUT:Line:25,Majorstuen-Haugerud,25,bus,RUT:ServiceJourney:72a6b85f97f067761e45b67252b9b930,False,planned,False,,,,,2026-09-07T20:27:16.249662+02:00
NSR:StopPlace:59648,Kjelsås stasjon,2026-09-07T17:03:00+02:00,2026-09-07T17:03:00+02:00,,0.0,0,Kværnerbyen,RUT:Line:54,Kværnerbyen - Kjelsås stasjon,54,bus,RUT:ServiceJourney:fa9bbc283b27ceb48d4ef76b3834dacb,False,planned,False,,,,,2026-09-07T20:27:16.249662+02:00
NSR:StopPlace:59648,Kjelsås stasjon,2026-09-07T17:03:00+02:00,2026-09-07T17:03:00+02:00,,0.0,0,Movatn,VYG:Line:R31,Skøyen-Jaren-Gjøvik,R31,rail,VYG:ServiceJourney:BUS-245_655568-R,False,planned,False,,,,,2026-09-07T20:27:16.249662+02:00
NSR:StopPlace:59648,Kjelsås stasjon,2026-09-07T17:04:00+02:00,2026-09-07T17:04:00+02:00,,0.0,0,Majorstuen,RUT:Line:25,Majorstuen-Haugerud,25,bus,RUT:ServiceJourney:6a2fec8c8553a7828c0aa676907385a5,False,planned,False,,,,,2026-09-07T20:27:16.249662+02:00
NSR:StopPlace:59648,Kjelsås stasjon,2026-09-07T17:10:00+02:00,2026-09-07T17:10:00+02:00,,0.0,0,Majorstuen,RUT:Line:25,Majorstuen-Haugerud,25,bus,RUT:ServiceJourney:e2ca41967b13f33234eacb81b597c62a,False,planned,False,,,,,2026-09-07T20:27:16.249662+02:00
NSR:StopPlace:59648,Kjelsås stasjon,2026-09-07T17:15:00+02:00,2026-09-07T17:15:00+02:00,,0.0,0,Haugerud,RUT:Line:25,Majorstuen-Haugerud,25,bus,RUT:ServiceJourney:1297145a869eb7650dad2981287eb67b,False,planned,False,,,,,2026-09-07T20:27:16.249662+02:00
NSR:StopPlace:59648,Kjelsås stasjon,2026-09-07T17:19:00+02:00,2026-09-07T17:19:00+02:00,,0.0,0,Majorstuen,RUT:Line:25,Majorstuen-Haugerud,25,bus,RUT:ServiceJourney:19a5584183461f28d592b09caff8d00d,False,planned,False,,,,,2026-09-07T20:27:16.249662+02:00
NSR:StopPlace:59649,Nydalen stasjon,2026-09-07T16:28:00+02:00,2026-09-07T16:28:00+02:00,,0.0,0,Lysaker,RUT:Line:23,Lysaker - Simensbråten,23,bus,RUT:ServiceJourney:b51ef94811dc1bac4f0d78b335501b13,False,planned,False,,,,,2026-09-07T20:27:16.249662+02:00
NSR:StopPlace:59649,Nydalen stasjon,2026-09-07T16:31:00+02:00,2026-09-07T16:31:00+02:00,,0.0,0,Brynseng,RUT:Line:24,Fornebu vest - Brynseng T,24,bus,RUT:ServiceJourney:2b438392200a046fd688e5249f528689,False,planned,False,,,,,2026-09-07T20:27:16.249662+02:00
NSR:StopPlace:59649,Nydalen stasjon,2026-09-07T16:33:00+02:00,2026-09-07T16:33:00+02:00,,0.0,0,Fornebu,RUT:Line:24,Fornebu vest - Brynseng T,24,bus,RUT:ServiceJourney:38626da0cda9b06421d57830c046a0da,False,planned,False,,,,,2026-09-07T20:27:16.249662+02:00
NSR:StopPlace:59649,Nydalen stasjon,2026-09-07T16:34:00+02:00,2026-09-07T16:34:00+02:00,,0.0,0,Oslo lufthavn,NBU:Line:cb7b555c-f96e-42d5-84bf-a5e08c0145c2,Radiumhospitalet via Økern-Storo-Tåsen,FB3,bus,NBU:ServiceJourney:0eb844c9-625e-4092-baac-49197dbf665d,False,planned,False,,,,,2026-09-07T20:27:16.249662+02:00
NSR:StopPlace:59649,Nydalen stasjon,2026-09-07T16:36:00+02:00,2026-09-07T16:36:00+02:00,,0.0,0,Simensbråten,RUT:Line:23,Lysaker - Simensbråten,23,bus,RUT:ServiceJourney:95ee159e8cc6eed0d3fc0eb249db825d,False,planned,False,,,,,2026-09-07T20:27:16.249662+02:00
NSR:StopPlace:59649,Nydalen stasjon,2026-09-07T16:38:00+02:00,2026-09-07T16:38:00+02:00,,0.0,0,Lysaker,RUT:Line:23,Lysaker - Simensbråten,23,bus,RUT:ServiceJourney:9d7167b7172cc5ccbedeb99db1e15fb5,False,planned,False,,,,,2026-09-07T20:27:16.249662+02:00
NSR:StopPlace:59649,Nydalen stasjon,2026-09-07T16:41:00+02:00,2026-09-07T16:41:00+02:00,,0.0,0,Brynseng,RUT:Line:24,Fornebu vest - Brynseng T,24,bus,RUT:ServiceJourney:1b04b885447015010f4be1c08652b07f,False,planned,False,,,,,2026-09-07T20:27:16.249662+02:00
NSR:StopPlace:59649,Nydalen stasjon,2026-09-07T16:43:00+02:00,2026-09-07T16:43:00+02:00,,0.0,0,Fornebu,RUT:Line:24,Fornebu vest - Brynseng T,24,bus,RUT:ServiceJourney:b2220d9571f28ddcddd23026f184409d,False,planned,False,,,,,2026-09-07T20:27:16.249662+02:00
NSR:StopPlace:59649,Nydalen stasjon,2026-09-07T16:44:00+02:00,2026-09-07T16:44:00+02:00,,0.0,0,Harestua,VYG:Line:R31,Skøyen-Jaren-Gjøvik,R31,rail,VYG:ServiceJourney:BUS-243_655553-R,False,planned,False,,,,,2026-09-07T20:27:16.249662+02:00
NSR:StopPlace:59649,Nydalen stasjon,2026-09-07T16:46:00+02:00,2026-09-07T16:46:00+02:00,,0.0,0,Simensbråten,RUT:Line:23,Lysaker - Simensbråten,23,bus,RUT:ServiceJourney:a1c72acd2360d6aa07b3efed4c6b0652,False,planned,False,,,,,2026-09-07T20:27:16.249662+02:00
NSR:StopPlace:59649,Nydalen stasjon,2026-09-07T16:48:00+02:00,2026-09-07T16:48:00+02:00,,0.0,0,Lysaker,RUT:Line:23,Lysaker - Simensbråten,23,bus,RUT:ServiceJourney:d095324c6d021f64e9061ef9e13c6fd5,False,planned,False,,,,,2026-09-07T20:27:16.249662+02:00
NSR:StopPlace:59649,Nydalen stasjon,2026-09-07T16:51:00+02:00,2026-09-07T16:51:00+02:00,,0.0,0,Brynseng,RUT:Line:24,Fornebu vest - Brynseng T,24,bus,RUT:ServiceJourney:7cbb8c15de62b6ab910dcdc6c8a231ef,False,planned,False,,,,,2026-09-07T20:27:16.249662+02:00
NSR:StopPlace:59649,Nydalen stasjon,2026-09-07T16:53:00+02:00,2026-09-07T16:53:00+02:00,,0.0,0,Fornebu,RUT:Line:24,Fornebu vest - Brynseng T,24,bus,RUT:ServiceJourney:0837cba1b260ec0dcef4d0575472cca8,False,planned,False,,,,,2026-09-07T20:27:16.249662+02:00
NSR:StopPlace:59649,Nydalen stasjon,2026-09-07T16:56:00+02:00,2026-09-07T16:56:00+02:00,,0.0,0,Simensbråten,RUT:Line:23,Lysaker - Simensbråten,23,bus,RUT:ServiceJourney:8bd915fd79d5676cbb0ddd262ba77498,False,planned,False,,,,,2026-09-07T20:27:16.249662+02:00
NSR:StopPlace:59649,Nydalen stasjon,2026-09-07T16:58:00+02:00,2026-09-07T16:58:00+02:00,,0.0,0,Lysaker,RUT:Line:23,Lysaker - Simensbråten,23,bus,RUT:ServiceJourney:b1cbaddefe31fe8a352bc6245fae2b4f,False,planned,False,,,,,2026-09-07T20:27:16.249662+02:00
NSR:StopPlace:59649,Nydalen stasjon,2026-09-07T17:01:00+02:00,2026-09-07T17:01:00+02:00,,0.0,0,Brynseng,RUT:Line:24,Fornebu vest - Brynseng T,24,bus,RUT:ServiceJourney:bcd3f2694a66e64631cbe60673f394e4,False,planned,False,,,,,2026-09-07T20:27:16.249662+02:00
NSR:StopPlace:59649,Nydalen stasjon,2026-09-07T17:04:00+02:00,2026-09-07T17:04:00+02:00,,0.0,0,Oslo lufthavn,NBU:Line:cb7b555c-f96e-42d5-84bf-a5e08c0145c2,Radiumhospitalet via Økern-Storo-Tåsen,FB3,bus,NBU:ServiceJourney:153976b2-ce9a-42ec-a437-f0fa940ef171,False,planned,False,,,,,2026-09-07T20:27:16.249662+02:00
NSR:StopPlace:59649,Nydalen stasjon,2026-09-07T17:05:00+02:00,2026-09-07T17:05:00+02:00,,0.0,0,Harestua,VYG:Line:R31,Skøyen-Jaren-Gjøvik,R31,rail,VYG:ServiceJourney:BUS-245_655569-R,False,planned,False,,,,,2026-09-07T20:27:16.249662+02:00
NSR:StopPlace:59649,Nydalen stasjon,2026-09-07T17:06:00+02:00,2026-09-07T17:06:00+02:00,,0.0,0,Simensbråten,RUT:Line:23,Lysaker - Simensbråten,23,bus,RUT:ServiceJourney:f7a9a195267ca94bac0b263edddfe650,False,planned,False,,,,,2026-09-07T20:27:16.249662+02:00
NSR:StopPlace:59649,Nydalen stasjon,2026-09-07T17:08:00+02:00,2026-09-07T17:08:00+02:00,,0.0,0,Lysaker,RUT:Line:23,Lysaker - Simensbråten,23,bus,RUT:ServiceJourney:9e7b465658a10e711ced9940af356d11,False,planned,False,,,,,2026-09-07T20:27:16.249662+02:00
NSR:StopPlace:59649,Nydalen stasjon,2026-09-07T17:11:00+02:00,2026-09-07T17:11:00+02:00,,0.0,0,Brynseng,RUT:Line:24,Fornebu vest - Brynseng T,24,bus,RUT:ServiceJourney:f4e0ffff3972f50cc52d2d9b7a7fe77d,False,planned,False,,,,,2026-09-07T20:27:16.249662+02:00
NSR:StopPlace:59649,Nydalen stasjon,2026-09-07T17:21:00+02:00,2026-09-07T17:21:00+02:00,,0.0,0,Brynseng,RUT:Line:24,Fornebu vest - Brynseng T,24,bus,RUT:ServiceJourney:8e96864eff726ac7f6c2ac200783a79a,False,planned,False,,,,,2026-09-07T20:27:16.249662+02:00
NSR:StopPlace:59649,Nydalen stasjon,2026-09-07T18:47:00+02:00,2026-09-07T18:47:00+02:00,,0.0,0,Roa,VYG:Line:R31,Skøyen-Jaren-Gjøvik,R31,rail,VYG:ServiceJourney:BUS-229_655387-R,False,planned,False,,,,,2026-09-07T20:27:16.249662+02:00
NSR:StopPlace:59640,Bodung stasjon,2026-09-07T17:18:00+02:00,2026-09-07T17:18:00+02:00,,0.0,0,Kongsvinger,VYG:Line:R14,Asker-Oslo S-Kongsvinger,R14,rail,VYG:ServiceJourney:1053-HAV_442957-R,False,planned,False,,,,,2026-09-07T20:27:16.249662+02:00
NSR:StopPlace:59641,Fjellhamar stasjon,2026-09-07T16:32:00+02:00,2026-09-07T16:32:00+02:00,,0.0,0,Asker,VYG:Line:L1,Spikkestad-Oslo S-Lillestrøm,L1,rail,VYG:ServiceJourney:2147_443555-R,False,planned,False,,,,,2026-09-07T20:27:16.249662+02:00
NSR:StopPlace:59641,Fjellhamar stasjon,2026-09-07T16:33:00+02:00,2026-09-07T16:33:00+02:00,,0.0,0,Lillestrøm,VYG:Line:L1,Spikkestad-Oslo S-Lillestrøm,L1,rail,VYG:ServiceJourney:2246_443661-R,False,planned,False,,,,,2026-09-07T20:27:16.249662+02:00
NSR:StopPlace:59641,Fjellhamar stasjon,2026-09-07T16:41:00+02:00,2026-09-07T16:41:00+02:00,,0.0,0,Ahus,RUT:Line:315,Vallerudtoppen - Ahus,315,bus,RUT:ServiceJourney:f78cf3c65c227fdebdbba950b5fc64c2,False,planned,False,,,,,2026-09-07T20:27:16.249662+02:00
NSR:StopPlace:59641,Fjellhamar stasjon,2026-09-07T16:48:00+02:00,2026-09-07T16:48:00+02:00,,0.0,0,Lillestrøm,VYG:Line:L1,Spikkestad-Oslo S-Lillestrøm,L1,rail,VYG:ServiceJourney:2146_443554-R,False,planned,False,,,,,2026-09-07T20:27:16.249662+02:00
NSR:StopPlace:59641,Fjellhamar stasjon,2026-09-07T16:55:00+02:00,2026-09-07T16:55:00+02:00,,0.0,0,Vallerudtoppen,RUT:Line:315,Vallerudtoppen - Ahus,315,bus,RUT:ServiceJourney:76226f4e062bacaa5539e35b8b62be46,False,planned,False,,,,,2026-09-07T20:27:16.249662+02:00
NSR:StopPlace:59641,Fjellhamar stasjon,2026-09-07T17:03:00+02:00,2026-09-07T17:03:00+02:00,,0.0,0,Lillestrøm,VYG:Line:L1,Spikkestad-Oslo S-Lillestrøm,L1,rail,VYG:ServiceJourney:2248_445345-R,False,planned,False,,,,,2026-09-07T20:27:16.249662+02:00
NSR:StopPlace:59641,Fjellhamar stasjon,2026-09-07T17:11:00+02:00,2026-09-07T17:11:00+02:00,,0.0,0,Ahus,RUT:Line:315,Vallerudtoppen - Ahus,315,bus,RUT:ServiceJourney:f8f1580cfbdcd2f9fe2dfdf58e81d211,False,planned,False,,,,,2026-09-07T20:27:16.249662+02:00
NSR:StopPlace:59641,Fjellhamar stasjon,2026-09-07T17:18:00+02:00,2026-09-07T17:18:00+02:00,,0.0,0,Lillestrøm,VYG:Line:L1,Spikkestad-Oslo S-Lillestrøm,L1,rail,VYG:ServiceJourney:2148_443556-R,False,planned,False,,,,,2026-09-07T20:27:16.249662+02:00
NSR:StopPlace:59641,Fjellhamar stasjon,2026-09-07T17:33:00+02:00,2026-09-07T17:33:00+02:00,,0.0,0,Lillestrøm,VYG:Line:L1,Spikkestad-Oslo S-Lillestrøm,L1,rail,VYG:ServiceJourney:2250_443669-R,False,planned,False,,,,,2026-09-07T20:27:16.249662+02:00
NSR:StopPlace:59641,Fjellhamar stasjon,2026-09-07T17:41:00+02:00,2026-09-07T17:41:00+02:00,,0.0,0,Ahus,RUT:Line:315,Vallerudtoppen - Ahus,315,bus,RUT:ServiceJourney:ec043856774e945c29199c5f1e7a3514,False,planned,False,,,,,2026-09-07T20:27:16.249662+02:00
NSR:StopPlace:59642,Rånåsfoss stasjon,2026-09-07T16:47:00+02:00,2026-09-07T16:47:00+02:00,,0.0,0,Årnes,RUT:Line:453,Rånåsfoss - Årnes,453,bus,RUT:ServiceJourney:40dfebf83bf6f0fe3b1efff544990494,False,planned,False,,,,,2026-09-07T20:27:16.249662+02:00
NSR:StopPlace:59642,Rånåsfoss stasjon,2026-09-07T16:48:00+02:00,2026-09-07T16:48:00+02:00,,0.0,0,Årnes,RUT:Line:455,Årnes -Rånåsfoss,455,bus,RUT:ServiceJourney:bdc49d9925c491d17f7821ef52fa669d,False,planned,False,,,,,2026-09-07T20:27:16.249662+02:00
NSR:StopPlace:59642,Rånåsfoss stasjon,2026-09-07T17:07:00+02:00,2026-09-07T17:07:00+02:00,,0.0,0,Kongsvinger,VYG:Line:R14,Asker-Oslo S-Kongsvinger,R14,rail,VYG:ServiceJourney:1053-HAV_442957-R,False,planned,False,,,,,2026-09-07T20:27:16.249662+02:00
NSR:StopPlace:59642,Rånåsfoss stasjon,2026-09-07T17:13:00+02:00,2026-09-07T17:13:00+02:00,,0.0,0,Haga,RUT:Line:455,Årnes -Rånåsfoss,455,bus,RUT:ServiceJourney:1d004d3a8cba3e665b139c5cfd559adb,False,planned,False,,,,,2026-09-07T20:27:16.249662+02:00
NSR:StopPlace:59643,Grefsen stasjon,2026-09-07T16:28:00+02:00,2026-09-07T16:28:00+02:00,,0.0,0,Fornebu,RUT:Line:24,Fornebu vest - Brynseng T,24,bus,RUT:ServiceJourney:38626da0cda9b06421d57830c046a0da,False,planned,False,,,,,2026-09-07T20:27:16.249662+02:00
NSR:StopPlace:59643,Grefsen stasjon,2026-09-07T16:31:00+02:00,2026-09-07T16:31:00+02:00,,0.0,0,Simensbråten,RUT:Line:23,Lysaker - Simensbråten,23,bus,RUT:ServiceJourney:1569713b48545ae952645d0bf81388be,False,planned,False,,,,,2026-09-07T20:27:16.249662+02:00
NSR:StopPlace:59643,Grefsen stasjon,2026-09-07T16:32:00+02:00,2026-09-07T16:32:00+02:00,,0.0,0,Gaustadalléen,RUT:Line:17,Rikshospitalet - Sinsen o/ Carl Berner,17,tram,RUT:ServiceJourney:1f185f264ac322063bea945e9fb8428b,False,planned,False,,,,,2026-09-07T20:27:16.249662+02:00
NSR:StopPlace:59643,Grefsen stasjon,2026-09-07T16:33:00+02:00,2026-09-07T16:33:00+02:00,,0.0,0,Lysaker,RUT:Line:23,Lysaker - Simensbråten,23,bus,RUT:ServiceJourney:9d7167b7172cc5ccbedeb99db1e15fb5,False,planned,False,,,,,2026-09-07T20:27:16.249662+02:00
NSR:StopPlace:59643,Grefsen stasjon,2026-09-07T16:36:00+02:00,2026-09-07T16:36:00+02:00,,0.0,0,Brynseng,RUT:Line:24,Fornebu vest - Brynseng T,24,bus,RUT:ServiceJourney:2b438392200a046fd688e5249f528689,False,planned,False,,,,,2026-09-07T20:27:16.249662+02:00
NSR:StopPlace:59643,Grefsen stasjon,2026-09-07T16:36:00+02:00,2026-09-07T16:36:00+02:00,,0.0,0,Gaustadalléen,RUT:Line:18,Grefsen st [4311] - Rikshospitalet,18,tram,RUT:ServiceJourney:3aa8efcce87f32dc82bf084d3f159b4f,False,planned,False,,,,,2026-09-07T20:27:16.249662+02:00
NSR:StopPlace:59643,Grefsen stasjon,2026-09-07T16:38:00+02:00,2026-09-07T16:38:00+02:00,,0.0,0,Fornebu,RUT:Line:24,Fornebu vest - Brynseng T,24,bus,RUT:ServiceJourney:b2220d9571f28ddcddd23026f184409d,False,planned,False,,,,,2026-09-07T20:27:16.249662+02:00
NSR:StopPlace:59643,Grefsen stasjon,2026-09-07T16:40:00+02:00,2026-09-07T16:40:00+02:00,,0.0,0,Oslo lufthavn,NBU:Line:cb7b555c-f96e-42d5-84bf-a5e08c0145c2,Radiumhospitalet via Økern-Storo-Tåsen,FB3,bus,NBU:ServiceJourney:0eb844c9-625e-4092-baac-49197dbf665d,False,planned,False,,,,,2026-09-07T20:27:16.249662+02:00
NSR:StopPlace:59643,Grefsen stasjon,2026-09-07T16:41:00+02:00,2026-09-07T16:41:00+02:00,,0.0,0,Simensbråten,RUT:Line:23,Lysaker - Simensbråten,23,bus,RUT:ServiceJourney:95ee159e8cc6eed0d3fc0eb249db825d,False,planned,False,,,,,2026-09-07T20:27:16.249662+02:00
NSR:StopPlace:59643,Grefsen stasjon,2026-09-07T16:42:00+02:00,2026-09-07T16:42:00+02:00,,0.0,0,Gaustadalléen,RUT:Line:17,Rikshospitalet - Sinsen o/ Carl Berner,17,tram,RUT:ServiceJourney:688a854823ba1ae27868a46a44788972,False,planned,False,,,,,2026-09-07T20:27:16.249662+02:00
NSR:StopPlace:59643,Grefsen stasjon,2026-09-07T16:43:00+02:00,2026-09-07T16:43:00+02:00,,0.0,0,Lysaker,RUT:Line:23,Lysaker - Simensbråten,23,bus,RUT:ServiceJourney:d095324c6d021f64e9061ef9e13c6fd5,False,planned,False,,,,,2026-09-07T20:27:16.249662+02:00
NSR:StopPlace:59643,Grefsen stasjon,2026-09-07T16:46:00+02:00,2026-09-07T16:46:00+02:00,,0.0,0,Brynseng,RUT:Line:24,Fornebu vest - Brynseng T,24,bus,RUT:ServiceJourney:1b04b885447015010f4be1c08652b07f,False,planned,False,,,,,2026-09-07T20:27:16.249662+02:00
NSR:StopPlace:59643,Grefsen stasjon,2026-09-07T16:46:00+02:00,2026-09-07T16:46:00+02:00,,0.0,0,Gaustadalléen,RUT:Line:18,Grefsen st [4311] - Rikshospitalet,18,tram,RUT:ServiceJourney:0e1cec341b42014d152a10548a2ed86a,False,planned,False,,,,,2026-09-07T20:27:16.249662+02:00
NSR:StopPlace:59643,Grefsen stasjon,2026-09-07T16:47:00+02:00,2026-09-07T16:47:00+02:00,,0.0,0,Harestua,VYG:Line:R31,Skøyen-Jaren-Gjøvik,R31,rail,VYG:ServiceJourney:BUS-243_655553-R,False,planned,False,,,,,2026-09-07T20:27:16.249662+02:00
NSR:StopPlace:59643,Grefsen stasjon,2026-09-07T16:48:00+02:00,2026-09-07T16:48:00+02:00,,0.0,0,Fornebu,RUT:Line:24,Fornebu vest - Brynseng T,24,bus,RUT:ServiceJourney:0837cba1b260ec0dcef4d0575472cca8,False,planned,False,,,,,2026-09-07T20:27:16.249662+02:00
NSR:StopPlace:59643,Grefsen stasjon,2026-09-07T16:51:00+02:00,2026-09-07T16:51:00+02:00,,0.0,0,Simensbråten,RUT:Line:23,Lysaker - Simensbråten,23,bus,RUT:ServiceJourney:a1c72acd2360d6aa07b3efed4c6b0652,False,planned,False,,,,,2026-09-07T20:27:16.249662+02:00
NSR:StopPlace:59643,Grefsen stasjon,2026-09-07T16:52:00+02:00,2026-09-07T16:52:00+02:00,,0.0,0,Gaustadalléen,RUT:Line:17,Rikshospitalet - Sinsen o/ Carl Berner,17,tram,RUT:ServiceJourney:b8eae4bf88314c0eada8bf9af2ce9621,False,planned,False,,,,,2026-09-07T20:27:16.249662+02:00
NSR:StopPlace:59643,Grefsen stasjon,2026-09-07T16:53:00+02:00,2026-09-07T16:53:00+02:00,,0.0,0,Lysaker,RUT:Line:23,Lysaker - Simensbråten,23,bus,RUT:ServiceJourney:b1cbaddefe31fe8a352bc6245fae2b4f,False,planned,False,,,,,2026-09-07T20:27:16.249662+02:00
NSR:StopPlace:59643,Grefsen stasjon,2026-09-07T16:56:00+02:00,2026-09-07T16:56:00+02:00,,0.0,0,Brynseng,RUT:Line:24,Fornebu vest - Brynseng T,24,bus,RUT:ServiceJourney:7cbb8c15de62b6ab910dcdc6c8a231ef,False,planned,False,,,,,2026-09-07T20:27:16.249662+02:00
NSR:StopPlace:59643,Grefsen stasjon,2026-09-07T16:56:00+02:00,2026-09-07T16:56:00+02:00,,0.0,0,Gaustadalléen,RUT:Line:18,Grefsen st [4311] - Rikshospitalet,18,tram,RUT:ServiceJourney:199592ce8ebbcae7ffbc9845223b3d2b,False,planned,False,,,,,2026-09-07T20:27:16.249662+02:00
NSR:StopPlace:59643,Grefsen stasjon,2026-09-07T17:01:00+02:00,2026-09-07T17:01:00+02:00,,0.0,0,Simensbråten,RUT:Line:23,Lysaker - Simensbråten,23,bus,RUT:ServiceJourney:8bd915fd79d5676cbb0ddd262ba77498,False,planned,False,,,,,2026-09-07T20:27:16.249662+02:00
NSR:StopPlace:59643,Grefsen stasjon,2026-09-07T17:02:00+02:00,2026-09-07T17:02:00+02:00,,0.0,0,Gaustadalléen,RUT:Line:17,Rikshospitalet - Sinsen o/ Carl Berner,17,tram,RUT:ServiceJourney:43b9df25c20f6d3ee26bb92adc55c64b,False,planned,False,,,,,2026-09-07T20:27:16.249662+02:00
NSR:StopPlace:59643,Grefsen stasjon,2026-09-07T17:03:00+02:00,2026-09-07T17:03:00+02:00,,0.0,0,Lysaker,RUT:Line:23,Lysaker - Simensbråten,23,bus,RUT:ServiceJourney:9e7b465658a10e711ced9940af356d11,False,planned,False,,,,,2026-09-07T20:27:16.249662+02:00
NSR:StopPlace:59643,Grefsen stasjon,2026-09-07T17:06:00+02:00,2026-09-07T17:06:00+02:00,,0.0,0,Brynseng,RUT:Line:24,Fornebu vest - Brynseng T,24,bus,RUT:ServiceJourney:bcd3f2694a66e64631cbe60673f394e4,False,planned,False,,,,,2026-09-07T20:27:16.249662+02:00
NSR:StopPlace:59643,Grefsen stasjon,2026-09-07T17:06:00+02:00,2026-09-07T17:06:00+02:00,,0.0,0,Gaustadalléen,RUT:Line:18,Grefsen st [4311] - Rikshospitalet,18,tram,RUT:ServiceJourney:4411a3ad5988f805d488ea7737ab5455,False,planned,False,,,,,2026-09-07T20:27:16.249662+02:00
NSR:StopPlace:59643,Grefsen stasjon,2026-09-07T17:08:00+02:00,2026-09-07T17:08:00+02:00,,0.0,0,Harestua,VYG:Line:R31,Skøyen-Jaren-Gjøvik,R31,rail,VYG:ServiceJourney:BUS-245_655569-R,False,planned,False,,,,,2026-09-07T20:27:16.249662+02:00
NSR:StopPlace:59643,Grefsen stasjon,2026-09-07T17:10:00+02:00,2026-09-07T17:10:00+02:00,,0.0,0,Oslo lufthavn,NBU:Line:cb7b555c-f96e-42d5-84bf-a5e08c0145c2,Radiumhospitalet via Økern-Storo-Tåsen,FB3,bus,NBU:ServiceJourney:153976b2-ce9a-42ec-a437-f0fa940ef171,False,planned,False,,,,,2026-09-07T20:27:16.249662+02:00
NSR:StopPlace:59643,Grefsen stasjon,2026-09-07T17:11:00+02:00,2026-09-07T17:11:00+02:00,,0.0,0,Simensbråten,RUT:Line:23,Lysaker - Simensbråten,23,bus,RUT:ServiceJourney:f7a9a195267ca94bac0b263edddfe650,False,planned,False,,,,,2026-09-07T20:27:16.249662+02:00
NSR:StopPlace:59643,Grefsen stasjon,2026-09-07T17:12:00+02:00,2026-09-07T17:12:00+02:00,,0.0,0,Gaustadalléen,RUT:Line:17,Rikshospitalet - Sinsen o/ Carl Berner,17,tram,RUT:ServiceJourney:08922ad58f43aa3d3e3fd74297bb19fe,False,planned,False,,,,,2026-09-07T20:27:16.249662+02:00
NSR:StopPlace:59643,Grefsen stasjon,2026-09-07T17:16:00+02:00,2026-09-07T17:16:00+02:00,,0.0,0,Brynseng,RUT:Line:24,Fornebu vest - Brynseng T,24,bus,RUT:ServiceJourney:f4e0ffff3972f50cc52d2d9b7a7fe77d,False,planned,False,,,,,2026-09-07T20:27:16.249662+02:00
NSR:StopPlace:59643,Grefsen stasjon,2026-09-07T17:26:00+02:00,2026-09-07T17:26:00+02:00,,0.0,0,Brynseng,RUT:Line:24,Fornebu vest - Brynseng T,24,bus,RUT:ServiceJourney:8e96864eff726ac7f6c2ac200783a79a,False,planned,False,,,,,2026-09-07T20:27:16.249662+02:00
NSR:StopPlace:60640,Heimdal stasjon,2026-09-07T16:28:00+02:00,2026-09-07T16:28:00+02:00,,0.0,0,Lund,ATB:Line:2_2,Strindheim- Lade- sentrum- Sau,2,bus,ATB:ServiceJourney:2_251215112550327_152,False,planned,False,,,,,2026-09-07T20:27:16.249662+02:00
NSR:StopPlace:60640,Heimdal stasjon,2026-09-07T16:28:00+02:00,2026-09-07T16:28:00+02:00,,0.0,0,Torgård via Tillerringen,ATB:Line:2_16,Flatåsen- Heimdal- Torgård,16,bus,ATB:ServiceJourney:16_251215112550546_54,False,planned,False,,,,,2026-09-07T20:27:16.249662+02:00
NSR:StopPlace:60640,Heimdal stasjon,2026-09-07T16:30:00+02:00,2026-09-07T16:30:00+02:00,,0.0,0,Ranheim via Tiller-sentrum,ATB:Line:2_1,Ranheim - Strindheim - sentrum - Tiller - Heimdal - Kattem,1,bus,ATB:ServiceJourney:1_251215112546001_177,False,planned,False,,,,,2026-09-07T20:27:16.249662+02:00
NSR:StopPlace:60640,Heimdal stasjon,2026-09-07T16:31:00+02:00,2026-09-07T16:31:00+02:00,,0.0,0,Kattem,ATB:Line:2_1,Ranheim - Strindheim - sentrum - Tiller - Heimdal - Kattem,1,bus,ATB:ServiceJourney:1_251215112546179_160,False,planned,False,,,,,2026-09-07T20:27:16.249662+02:00
NSR:StopPlace:60640,Heimdal stasjon,2026-09-07T16:33:00+02:00,2026-09-07T16:33:00+02:00,,0.0,0,Flatåstoppen via Kolstad k.,ATB:Line:2_16,Flatåsen- Heimdal- Torgård,16,bus,ATB:ServiceJourney:16_251215112550558_53,False,planned,False,,,,,2026-09-07T20:27:16.249662+02:00
NSR:StopPlace:60640,Heimdal stasjon,2026-09-07T16:33:00+02:00,2026-09-07T16:33:00+02:00,,0.0,0,Strindheim via Kolstad-sentrum,ATB:Line:2_2,Strindheim- Lade- sentrum- Sau,2,bus,ATB:ServiceJourney:2_251215112549889_173,False,planned,False,,,,,2026-09-07T20:27:16.249662+02:00
NSR:StopPlace:60640,Heimdal stasjon,2026-09-07T16:36:00+02:00,2026-09-07T16:36:00+02:00,,0.0,0,Lundåsen,ATB:Line:2_46,Torgård- Lundåsen,46,bus,ATB:ServiceJourney:46_251215112544105_66,False,planned,False,,,,,2026-09-07T20:27:16.249662+02:00
NSR:StopPlace:60640,Heimdal stasjon,2026-09-07T16:36:00+02:00,2026-09-07T16:36:00+02:00,,0.0,0,Spongdal via Klettkrysset,ATB:Line:2_77,Heimdal- Klett- Spongdal,77,bus,ATB:ServiceJourney:77_251215112550986_30,False,planned,False,,,,,2026-09-07T20:27:16.249662+02:00
NSR:StopPlace:60640,Heimdal stasjon,2026-09-07T16:37:00+02:00,2026-09-07T16:37:00+02:00,,0.0,0,Torgård,ATB:Line:2_46,Torgård- Lundåsen,46,bus,ATB:ServiceJourney:46_251215112544191_73,False,planned,False,,,,,2026-09-07T20:27:16.249662+02:00
NSR:StopPlace:60640,Heimdal stasjon,2026-09-07T16:38:00+02:00,2026-09-07T16:38:00+02:00,,0.0,0,Lund,ATB:Line:2_2,Strindheim- Lade- sentrum- Sau,2,bus,ATB:ServiceJourney:2_251215112550328_156,False,planned,False,,,,,2026-09-07T20:27:16.249662+02:00
NSR:StopPlace:60640,Heimdal stasjon,2026-09-07T16:40:00+02:00,2026-09-07T16:40:00+02:00,,0.0,0,Ranheim via Tiller-sentrum,ATB:Line:2_1,Ranheim - Strindheim - sentrum - Tiller - Heimdal - Kattem,1,bus,ATB:ServiceJourney:1_251215112546002_181,False,planned,False,,,,,2026-09-07T20:27:16.249662+02:00
NSR:StopPlace:60640,Heimdal stasjon,2026-09-07T16:41:00+02:00,2026-09-07T16:41:00+02:00,,0.0,0,Kattem,ATB:Line:2_1,Ranheim - Strindheim - sentrum - Tiller - Heimdal - Kattem,1,bus,ATB:ServiceJourney:1_251215112546180_164,False,planned,False,,,,,2026-09-07T20:27:16.249662+02:00
NSR:StopPlace:60640,Heimdal stasjon,2026-09-07T16:43:00+02:00,2026-09-07T16:43:00+02:00,,0.0,0,Strindheim via Kolstad-sentrum,ATB:Line:2_2,Strindheim- Lade- sentrum- Sau,2,bus,ATB:ServiceJourney:2_251215112549890_175,False,planned,False,,,,,2026-09-07T20:27:16.249662+02:00
NSR:StopPlace:60640,Heimdal stasjon,2026-09-07T16:45:00+02:00,2026-09-07T16:45:00+02:00,,0.0,0,Sverresborg via Flatåsen-Byåsen,ATB:Line:2_50,Ila - Sverresborg - Byåsen - Flatåsen - Saupstadringen - Heimdal - Sandmoen,50,bus,ATB:ServiceJourney:50_251215112543862_5,False,planned,False,,,,,2026-09-07T20:27:16.249662+02:00
NSR:StopPlace:60640,Heimdal stasjon,2026-09-07T16:46:00+02:00,2026-09-07T16:46:00+02:00,,0.0,0,Lundåsen,ATB:Line:2_46,Torgård- Lundåsen,46,bus,ATB:ServiceJourney:46_251215112544159_68,False,planned,False,,,,,2026-09-07T20:27:16.249662+02:00
NSR:StopPlace:60640,Heimdal stasjon,2026-09-07T16:47:00+02:00,2026-09-07T16:47:00+02:00,,0.0,0,Torgård,ATB:Line:2_46,Torgård- Lundåsen,46,bus,ATB:ServiceJourney:46_251215112544242_75,False,planned,False,,,,,2026-09-07T20:27:16.249662+02:00
NSR:StopPlace:60640,Heimdal stasjon,2026-09-07T16:48:00+02:00,2026-09-07T16:48:00+02:00,,0.0,0,Lund,ATB:Line:2_2,Strindheim- Lade- sentrum- Sau,2,bus,ATB:ServiceJourney:2_251215112550329_160,False,planned,False,,,,,2026-09-07T20:27:16.249662+02:00
NSR:StopPlace:60640,Heimdal stasjon,2026-09-07T16:50:00+02:00,2026-09-07T16:50:00+02:00,,0.0,0,Ranheim via Tiller-sentrum,ATB:Line:2_1,Ranheim - Strindheim - sentrum - Tiller - Heimdal - Kattem,1,bus,ATB:ServiceJourney:1_251215112546003_185,False,planned,False,,,,,2026-09-07T20:27:16.249662+02:00
NSR:StopPlace:60640,Heimdal stasjon,2026-09-07T16:51:00+02:00,2026-09-07T16:51:00+02:00,,0.0,0,Kattem,ATB:Line:2_1,Ranheim - Strindheim - sentrum - Tiller - Heimdal - Kattem,1,bus,ATB:ServiceJourney:1_251215112546181_168,False,planned,False,,,,,2026-09-07T20:27:16.249662+02:00
NSR:StopPlace:60640,Heimdal stasjon,2026-09-07T16:52:00+02:00,2026-09-07T16:52:00+02:00,,0.0,0,Torgård via Tillerringen,ATB:Line:2_16,Flatåsen- Heimdal- Torgård,16,bus,ATB:ServiceJourney:16_251215112550607_56,False,planned,False,,,,,2026-09-07T20:27:16.249662+02:00
NSR:StopPlace:60640,Heimdal stasjon,2026-09-07T16:53:00+02:00,2026-09-07T16:53:00+02:00,,0.0,0,Strindheim via Kolstad-sentrum,ATB:Line:2_2,Strindheim- Lade- sentrum- Sau,2,bus,ATB:ServiceJourney:2_251215112549891_177,False,planned,False,,,,,2026-09-07T20:27:16.249662+02:00
NSR:StopPlace:60640,Heimdal stasjon,2026-09-07T16:54:00+02:00,2026-09-07T16:54:00+02:00,,0.0,0,Flatåsen/N. Flatåsen via Saupst.,ATB:Line:2_16,Flatåsen- Heimdal- Torgård,16,bus,ATB:ServiceJourney:16_251215112550536_55,False,planned,False,,,,,2026-09-07T20:27:16.249662+02:00
NSR:StopPlace:60640,Heimdal stasjon,2026-09-07T16:56:00+02:00,2026-09-07T16:56:00+02:00,,0.0,0,Lundåsen,ATB:Line:2_46,Torgård- Lundåsen,46,bus,ATB:ServiceJourney:46_251215112544106_70,False,planned,False,,,,,2026-09-07T20:27:16.249662+02:00
NSR:StopPlace:60640,Heimdal stasjon,2026-09-07T16:56:00+02:00,2026-09-07T16:56:00+02:00,,0.0,0,Ringvål,ATB:Line:2_78,Heimdal- Ringvål (-Spongdal),78,bus,ATB:ServiceJourney:78_251215112544260_28,False,planned,False,,,,,2026-09-07T20:27:16.249662+02:00
NSR:StopPlace:60640,Heimdal stasjon,2026-09-07T16:57:00+02:00,2026-09-07T16:57:00+02:00,,0.0,0,Torgård,ATB:Line:2_46,Torgård- Lundåsen,46,bus,ATB:ServiceJourney:46_251215112544192_77,False,planned,False,,,,,2026-09-07T20:27:16.249662+02:00
NSR:StopPlace:60640,Heimdal stasjon,2026-09-07T16:58:00+02:00,2026-09-07T16:58:00+02:00,,0.0,0,Lund,ATB:Line:2_2,Strindheim- Lade- sentrum- Sau,2,bus,ATB:ServiceJourney:2_251215112550330_164,False,planned,False,,,,,2026-09-07T20:27:16.249662+02:00
NSR:StopPlace:60640,Heimdal stasjon,2026-09-07T16:59:00+02:00,2026-09-07T16:59:00+02:00,,0.0,0,Ler,SJN:Line:26,Trønderbanen,R70,rail,SJN:ServiceJourney:440_56069-R,False,planned,False,,,,,2026-09-07T20:27:16.249662+02:00
NSR:StopPlace:60640,Heimdal stasjon,2026-09-07T16:59:00+02:00,2026-09-07T16:59:00+02:00,,0.0,0,Steinkjer,SJN:Line:26,Trønderbanen,R70,rail,SJN:ServiceJourney:445_56074-R,False,planned,False,,,,,2026-09-07T20:27:16.249662+02:00
NSR:StopPlace:60640,Heimdal stasjon,2026-09-07T17:00:00+02:00,2026-09-07T17:00:00+02:00,,0.0,0,Ranheim via Tiller-sentrum,ATB:Line:2_1,Ranheim - Strindheim - sentrum - Tiller - Heimdal - Kattem,1,bus,ATB:ServiceJourney:1_251215112546004_189,False,planned,False,,,,,2026-09-07T20:27:16.249662+02:00
NSR:StopPlace:60640,Heimdal stasjon,2026-09-07T17:01:00+02:00,2026-09-07T17:01:00+02:00,,0.0,0,Kattem,ATB:Line:2_1,Ranheim - Strindheim - sentrum - Tiller - Heimdal - Kattem,1,bus,ATB:ServiceJourney:1_251215112546182_172,False,planned,False,,,,,2026-09-07T20:27:16.249662+02:00
NSR:StopPlace:60640,Heimdal stasjon,2026-09-07T17:03:00+02:00,2026-09-07T17:03:00+02:00,,0.0,0,Strindheim via Kolstad-sentrum,ATB:Line:2_2,Strindheim- Lade- sentrum- Sau,2,bus,ATB:ServiceJourney:2_251215112549892_179,False,planned,False,,,,,2026-09-07T20:27:16.249662+02:00
NSR:StopPlace:60640,Heimdal stasjon,2026-09-07T17:04:00+02:00,2026-09-07T17:04:00+02:00,,0.0,0,Torgård via Tillerringen,ATB:Line:2_16,Flatåsen- Heimdal- Torgård,16,bus,ATB:ServiceJourney:16_251215112550547_58,False,planned,False,,,,,2026-09-07T20:27:16.249662+02:00
NSR:StopPlace:60640,Heimdal stasjon,2026-09-07T17:06:00+02:00,2026-09-07T17:06:00+02:00,,0.0,0,Spongdal via Klettkrysset,ATB:Line:2_77,Heimdal- Klett- Spongdal,77,bus,ATB:ServiceJourney:77_251215112551002_32,False,planned,False,,,,,2026-09-07T20:27:16.249662+02:00
NSR:StopPlace:60640,Heimdal stasjon,2026-09-07T17:08:00+02:00,2026-09-07T17:08:00+02:00,,0.0,0,Lund,ATB:Line:2_2,Strindheim- Lade- sentrum- Sau,2,bus,ATB:ServiceJourney:2_251215112550331_166,False,planned,False,,,,,2026-09-07T20:27:16.249662+02:00
NSR:StopPlace:60640,Heimdal stasjon,2026-09-07T17:11:00+02:00,2026-09-07T17:11:00+02:00,,0.0,0,Kattem,ATB:Line:2_1,Ranheim - Strindheim - sentrum - Tiller - Heimdal - Kattem,1,bus,ATB:ServiceJourney:1_251215112546183_176,False,planned,False,,,,,2026-09-07T20:27:16.249662+02:00
NSR:StopPlace:60640,Heimdal stasjon,2026-09-07T17:16:00+02:00,2026-09-07T17:16:00+02:00,,0.0,0,Lundåsen,ATB:Line:2_46,Torgård- Lundåsen,46,bus,ATB:ServiceJourney:46_251215112544107_72,False,planned,False,,,,,2026-09-07T20:27:16.249662+02:00
NSR:StopPlace:60640,Heimdal stasjon,2026-09-07T17:17:00+02:00,2026-09-07T17:17:00+02:00,,0.0,0,Torgård,ATB:Line:2_46,Torgård- Lundåsen,46,bus,ATB:ServiceJourney:46_251215112544193_79,False,planned,False,,,,,2026-09-07T20:27:16.249662+02:00
NSR:StopPlace:60640,Heimdal stasjon,2026-09-07T17:18:00+02:00,2026-09-07T17:18:00+02:00,,0.0,0,Lund,ATB:Line:2_2,Strindheim- Lade- sentrum- Sau,2,bus,ATB:ServiceJourney:2_251215112550332_168,False,planned,False,,,,,2026-09-07T20:27:16.249662+02:00
NSR:StopPlace:60640,Heimdal stasjon,2026-09-07T17:21:00+02:00,2026-09-07T17:21:00+02:00,,0.0,0,Kattem,ATB:Line:2_1,Ranheim - Strindheim - sentrum - Tiller - Heimdal - Kattem,1,bus,ATB:ServiceJourney:1_251215112546184_180,False,planned,False,,,,,2026-09-07T20:27:16.249662+02:00
NSR:StopPlace:60640,Heimdal stasjon,2026-09-07T17:23:00+02:00,2026-09-07T17:23:00+02:00,,0.0,0,Flatåstoppen via Kolstad k.,ATB:Line:2_16,Flatåsen- Heimdal- Torgård,16,bus,ATB:ServiceJourney:16_251215112550559_57,False,planned,False,,,,,2026-09-07T20:27:16.249662+02:00
NSR:StopPlace:60640,Heimdal stasjon,2026-09-07T17:28:00+02:00,2026-09-07T17:28:00+02:00,,0.0,0,Lund,ATB:Line:2_2,Strindheim- Lade- sentrum- Sau,2,bus,ATB:ServiceJourney:2_251215112550333_170,False,planned,False,,,,,2026-09-07T20:27:16.249662+02:00
NSR:StopPlace:60640,Heimdal stasjon,2026-09-07T17:31:00+02:00,2026-09-07T17:31:00+02:00,,0.0,0,Kattem,ATB:Line:2_1,Ranheim - Strindheim - sentrum - Tiller - Heimdal - Kattem,1,bus,ATB:ServiceJourney:1_251215112546185_184,False,planned,False,,,,,2026-09-07T20:27:16.249662+02:00
NSR:StopPlace:59650,Nyland stasjon,2026-09-07T16:29:00+02:00,2026-09-07T16:29:00+02:00,,0.0,0,Spikkestad,VYG:Line:L1,Spikkestad-Oslo S-Lillestrøm,L1,rail,VYG:ServiceJourney:2247_460777-R,False,planned,False,,,,,2026-09-07T20:27:16.249662+02:00
NSR:StopPlace:59650,Nyland stasjon,2026-09-07T16:30:00+02:00,2026-09-07T16:30:00+02:00,,0.0,0,Lørenskog sentrum,RUT:Line:67,Økern-Lørenskog sentrum,67,bus,RUT:ServiceJourney:cd3d01fec14247b4536bb6c68b5c8171,False,planned,False,,,,,2026-09-07T20:27:16.249662+02:00
NSR:StopPlace:59650,Nyland stasjon,2026-09-07T16:31:00+02:00,2026-09-07T16:31:00+02:00,,0.0,0,Økern,RUT:Line:345,Vestvollen - Økern,345,bus,RUT:ServiceJourney:abe875fdb4f500027b659f0c3c4dc315,False,planned,False,,,,,2026-09-07T20:27:16.249662+02:00
NSR:StopPlace:59650,Nyland stasjon,2026-09-07T16:34:00+02:00,2026-09-07T16:34:00+02:00,,0.0,0,Vestvollen,RUT:Line:345,Vestvollen - Økern,345,bus,RUT:ServiceJourney:28aa520dd692e2218806df60bc7c9b49,False,planned,False,,,,,2026-09-07T20:27:16.249662+02:00
NSR:StopPlace:59650,Nyland stasjon,2026-09-07T16:36:00+02:00,2026-09-07T16:36:00+02:00,,0.0,0,Lillestrøm,VYG:Line:L1,Spikkestad-Oslo S-Lillestrøm,L1,rail,VYG:ServiceJourney:2146_443554-R,False,planned,False,,,,,2026-09-07T20:27:16.249662+02:00
NSR:StopPlace:59650,Nyland stasjon,2026-09-07T16:38:00+02:00,2026-09-07T16:38:00+02:00,,0.0,0,Økern,RUT:Line:67,Økern-Lørenskog sentrum,67,bus,RUT:ServiceJourney:af6ddcc3f6c3e2bab876006f469b45c1,False,planned,False,,,,,2026-09-07T20:27:16.249662+02:00
NSR:StopPlace:59650,Nyland stasjon,2026-09-07T16:40:00+02:00,2026-09-07T16:40:00+02:00,,0.0,0,Økern,RUT:Line:345,Vestvollen - Økern,345,bus,RUT:ServiceJourney:720b0a51e494d210f8988f19dc37cc3c,False,planned,False,,,,,2026-09-07T20:27:16.249662+02:00
NSR:StopPlace:59650,Nyland stasjon,2026-09-07T16:44:00+02:00,2026-09-07T16:44:00+02:00,,0.0,0,Asker,VYG:Line:L1,Spikkestad-Oslo S-Lillestrøm,L1,rail,VYG:ServiceJourney:2147_443555-R,False,planned,False,,,,,2026-09-07T20:27:16.249662+02:00
NSR:StopPlace:59650,Nyland stasjon,2026-09-07T16:44:00+02:00,2026-09-07T16:44:00+02:00,,0.0,0,Vestvollen,RUT:Line:345,Vestvollen - Økern,345,bus,RUT:ServiceJourney:9ca38bd2ed7e624149b9d004252ca727,False,planned,False,,,,,2026-09-07T20:27:16.249662+02:00
NSR:StopPlace:59650,Nyland stasjon,2026-09-07T16:45:00+02:00,2026-09-07T16:45:00+02:00,,0.0,0,Lørenskog sentrum,RUT:Line:67,Økern-Lørenskog sentrum,67,bus,RUT:ServiceJourney:4f19306e76336fdba7a0d019ee678572,False,planned,False,,,,,2026-09-07T20:27:16.249662+02:00
NSR:StopPlace:59650,Nyland stasjon,2026-09-07T16:50:00+02:00,2026-09-07T16:50:00+02:00,,0.0,0,Økern,RUT:Line:345,Vestvollen - Økern,345,bus,RUT:ServiceJourney:1415d07b70974537ebba037429816fd5,False,planned,False,,,,,2026-09-07T20:27:16.249662+02:00
NSR:StopPlace:59650,Nyland stasjon,2026-09-07T16:51:00+02:00,2026-09-07T16:51:00+02:00,,0.0,0,Lillestrøm,VYG:Line:L1,Spikkestad-Oslo S-Lillestrøm,L1,rail,VYG:ServiceJourney:2248_445345-R,False,planned,False,,,,,2026-09-07T20:27:16.249662+02:00
NSR:StopPlace:59650,Nyland stasjon,2026-09-07T16:53:00+02:00,2026-09-07T16:53:00+02:00,,0.0,0,Økern,RUT:Line:67,Økern-Lørenskog sentrum,67,bus,RUT:ServiceJourney:d85e4b1149ea94c4f432b6356987e747,False,planned,False,,,,,2026-09-07T20:27:16.249662+02:00
NSR:StopPlace:59650,Nyland stasjon,2026-09-07T16:54:00+02:00,2026-09-07T16:54:00+02:00,,0.0,0,Vestvollen,RUT:Line:345,Vestvollen - Økern,345,bus,RUT:ServiceJourney:dba40db65a616e4e40b0e34cde104f0e,False,planned,False,,,,,2026-09-07T20:27:16.249662+02:00
NSR:StopPlace:59650,Nyland stasjon,2026-09-07T16:55:00+02:00,2026-09-07T16:55:00+02:00,,0.0,0,Oslo lufthavn,NBU:Line:cb7b555c-f96e-42d5-84bf-a5e08c0145c2,Radiumhospitalet via Økern-Storo-Tåsen,FB3,bus,NBU:ServiceJourney:0eb844c9-625e-4092-baac-49197dbf665d,False,planned,False,,,,,2026-09-07T20:27:16.249662+02:00
NSR:StopPlace:59650,Nyland stasjon,2026-09-07T17:00:00+02:00,2026-09-07T17:00:00+02:00,,0.0,0,Lørenskog sentrum,RUT:Line:67,Økern-Lørenskog sentrum,67,bus,RUT:ServiceJourney:16e6892ccf41632ce5b8288c26c65b77,False,planned,False,,,,,2026-09-07T20:27:16.249662+02:00
NSR:StopPlace:59650,Nyland stasjon,2026-09-07T17:00:00+02:00,2026-09-07T17:00:00+02:00,,0.0,0,Økern,RUT:Line:345,Vestvollen - Økern,345,bus,RUT:ServiceJourney:839ae6f8cdb89a47d30ad4cda702116e,False,planned,False,,,,,2026-09-07T20:27:16.249662+02:00
NSR:StopPlace:59650,Nyland stasjon,2026-09-07T17:04:00+02:00,2026-09-07T17:04:00+02:00,,0.0,0,Vestvollen,RUT:Line:345,Vestvollen - Økern,345,bus,RUT:ServiceJourney:082eec812c4832572f4cf33e146d86fb,False,planned,False,,,,,2026-09-07T20:27:16.249662+02:00
NSR:StopPlace:59650,Nyland stasjon,2026-09-07T17:06:00+02:00,2026-09-07T17:06:00+02:00,,0.0,0,Lillestrøm,VYG:Line:L1,Spikkestad-Oslo S-Lillestrøm,L1,rail,VYG:ServiceJourney:2148_443556-R,False,planned,False,,,,,2026-09-07T20:27:16.249662+02:00
NSR:StopPlace:59650,Nyland stasjon,2026-09-07T17:08:00+02:00,2026-09-07T17:08:00+02:00,,0.0,0,Økern,RUT:Line:67,Økern-Lørenskog sentrum,67,bus,RUT:ServiceJourney:561f1a8add62dd451338c8e02b068cfc,False,planned,False,,,,,2026-09-07T20:27:16.249662+02:00
NSR:StopPlace:59650,Nyland stasjon,2026-09-07T17:10:00+02:00,2026-09-07T17:10:00+02:00,,0.0,0,Økern,RUT:Line:345,Vestvollen - Økern,345,bus,RUT:ServiceJourney:e8498a3a9d581d2b4eedb653552c4446,False,planned,False,,,,,2026-09-07T20:27:16.249662+02:00
NSR:StopPlace:59650,Nyland stasjon,2026-09-07T17:15:00+02:00,2026-09-07T17:15:00+02:00,,0.0,0,Vestvollen,RUT:Line:345,Vestvollen - Økern,345,bus,RUT:ServiceJourney:a45c46d048ef06124bb21aa9d880f7d1,False,planned,False,,,,,2026-09-07T20:27:16.249662+02:00
NSR:StopPlace:59650,Nyland stasjon,2026-09-07T17:15:00+02:00,2026-09-07T17:15:00+02:00,,0.0,0,Lørenskog sentrum,RUT:Line:67,Økern-Lørenskog sentrum,67,bus,RUT:ServiceJourney:90b228f700532e00418058dea4aeafdc,False,planned,False,,,,,2026-09-07T20:27:16.249662+02:00
NSR:StopPlace:59650,Nyland stasjon,2026-09-07T17:20:00+02:00,2026-09-07T17:20:00+02:00,,0.0,0,Økern,RUT:Line:345,Vestvollen - Økern,345,bus,RUT:ServiceJourney:d2966820e0f5dc5f606d38bec3786560,False,planned,False,,,,,2026-09-07T20:27:16.249662+02:00
NSR:StopPlace:59650,Nyland stasjon,2026-09-07T17:21:00+02:00,2026-09-07T17:21:00+02:00,,0.0,0,Lillestrøm,VYG:Line:L1,Spikkestad-Oslo S-Lillestrøm,L1,rail,VYG:ServiceJourney:2250_443669-R,False,planned,False,,,,,2026-09-07T20:27:16.249662+02:00
NSR:StopPlace:59650,Nyland stasjon,2026-09-07T17:23:00+02:00,2026-09-07T17:23:00+02:00,,0.0,0,Økern,RUT:Line:67,Økern-Lørenskog sentrum,67,bus,RUT:ServiceJourney:80afcb2f4dd8c61be17783030ac4b95e,False,planned,False,,,,,2026-09-07T20:27:16.249662+02:00
NSR:StopPlace:59650,Nyland stasjon,2026-09-07T17:25:00+02:00,2026-09-07T17:25:00+02:00,,0.0,0,Vestvollen,RUT:Line:345,Vestvollen - Økern,345,bus,RUT:ServiceJourney:bccfccda2d8e0d737e0c07ae14f323a3,False,planned,False,,,,,2026-09-07T20:27:16.249662+02:00
NSR:StopPlace:59650,Nyland stasjon,2026-09-07T17:25:00+02:00,2026-09-07T17:25:00+02:00,,0.0,0,Oslo lufthavn,NBU:Line:cb7b555c-f96e-42d5-84bf-a5e08c0145c2,Radiumhospitalet via Økern-Storo-Tåsen,FB3,bus,NBU:ServiceJourney:153976b2-ce9a-42ec-a437-f0fa940ef171,False,planned,False,,,,,2026-09-07T20:27:16.249662+02:00
NSR:StopPlace:59650,Nyland stasjon,2026-09-07T17:30:00+02:00,2026-09-07T17:30:00+02:00,,0.0,0,Lørenskog sentrum,RUT:Line:67,Økern-Lørenskog sentrum,67,bus,RUT:ServiceJourney:a4bcf8ede5f6e3d657fc567c347966fa,False,planned,False,,,,,2026-09-07T20:27:16.249662+02:00
NSR:StopPlace:59650,Nyland stasjon,2026-09-07T17:30:00+02:00,2026-09-07T17:30:00+02:00,,0.0,0,Økern,RUT:Line:345,Vestvollen - Økern,345,bus,RUT:ServiceJourney:fe762068a4f0e27e73e0dc802b7ec32a,False,planned,False,,,,,2026-09-07T20:27:16.249662+02:00
NSR:StopPlace:59650,Nyland stasjon,2026-09-07T17:38:00+02:00,2026-09-07T17:38:00+02:00,,0.0,0,Økern,RUT:Line:67,Økern-Lørenskog sentrum,67,bus,RUT:ServiceJourney:ae688694df21a58a865bec316be44321,False,planned,False,,,,,2026-09-07T20:27:16.249662+02:00
NSR:StopPlace:59650,Nyland stasjon,2026-09-07T17:40:00+02:00,2026-09-07T17:40:00+02:00,,0.0,0,Økern,RUT:Line:345,Vestvollen - Økern,345,bus,RUT:ServiceJourney:a2f4a92500fa8f4de593bf9166b2e889,False,planned,False,,,,,2026-09-07T20:27:16.249662+02:00
NSR:StopPlace:59651,Skøyen stasjon,2026-09-07T16:28:00+02:00,2026-09-07T16:28:00+02:00,,0.0,0,Fornebu,RUT:Line:31,Snarøya - Fornebu - Tonsenhagen - Grorud,31,bus,RUT:ServiceJourney:39a2c2e1f79cb63e2087af1a270ae4f4,False,planned,False,,,,,2026-09-07T20:27:16.249662+02:00
NSR:StopPlace:59651,Skøyen stasjon,2026-09-07T16:29:00+02:00,2026-09-07T16:29:00+02:00,,0.0,0,Galgeberg,RUT:Line:20,Skøyen - Galgeberg,20,bus,RUT:ServiceJourney:485cafa311feafb4e56c73dd3660c536,False,planned,False,,,,,2026-09-07T20:27:16.249662+02:00
NSR:StopPlace:59651,Skøyen stasjon,2026-09-07T16:29:00+02:00,2026-09-07T16:29:00+02:00,,0.0,0,Skøyen,RUT:Line:130,Sandvika -Skøyen,130,bus,RUT:ServiceJourney:0c38b3d26bcf151c35be090113d541a3,False,planned,False,,,,,2026-09-07T20:27:16.249662+02:00
NSR:StopPlace:59651,Skøyen stasjon,2026-09-07T16:29:00+02:00,2026-09-07T16:29:00+02:00,,0.0,0,Oslo Lufthavn,FLT:Line:FLY1,FLY1,FLY1,rail,FLT:ServiceJourney:1-2614-3773-20260907,False,planned,False,,,,,2026-09-07T20:27:16.249662+02:00
NSR:StopPlace:59651,Skøyen stasjon,2026-09-07T16:31:00+02:00,2026-09-07T16:31:00+02:00,,0.0,0,Lilleaker,RUT:Line:4013,Ekspressbuss for linje 13,13E,bus,RUT:ServiceJourney:b97e45938aa790798a4134069912f002,False,planned,False,,,,,2026-09-07T20:27:16.249662+02:00
NSR:StopPlace:59651,Skøyen stasjon,2026-09-07T16:31:00+02:00,2026-09-07T16:31:00+02:00,,0.0,0,Øvre Sogn,RUT:Line:40,Øvre Sogn - Skøyen,40,bus,RUT:ServiceJourney:606ac937716937a18d5f721e5f87daea,False,planned,False,,,,,2026-09-07T20:27:16.249662+02:00
NSR:StopPlace:59651,Skøyen stasjon,2026-09-07T16:32:00+02:00,2026-09-07T16:32:00+02:00,,0.0,0,Lillestrøm,VYG:Line:L1,Spikkestad-Oslo S-Lillestrøm,L1,rail,VYG:ServiceJourney:2248_445345-R,False,planned,False,,,,,2026-09-07T20:27:16.249662+02:00
NSR:StopPlace:59651,Skøyen stasjon,2026-09-07T16:32:00+02:00,2026-09-07T16:32:00+02:00,,0.0,0,Asker,VYG:Line:L1,Spikkestad-Oslo S-Lillestrøm,L1,rail,VYG:ServiceJourney:2145_443553-R,False,planned,False,Færre vogner,Denne avgangen kjører dessverre med 4 vogner i stedet for 8 vogner. Dette skyldes at vi mangler et togsett.,general,normal,2026-09-07T20:27:16.249662+02:00
NSR:StopPlace:59651,Skøyen stasjon,2026-09-07T16:33:00+02:00,2026-09-07T16:33:00+02:00,,0.0,0,Grorud T,RUT:Line:31,Snarøya - Fornebu - Tonsenhagen - Grorud,31,bus,RUT:ServiceJourney:1d1f996b4c6516f33f113f2bc11e04c4,False,planned,False,,,,,2026-09-07T20:27:16.249662+02:00
NSR:StopPlace:59651,Skøyen stasjon,2026-09-07T16:33:00+02:00,2026-09-07T16:33:00+02:00,,0.0,0,Sandvika,RUT:Line:130,Sandvika -Skøyen,130,bus,RUT:ServiceJourney:a4d25e0ee1402203db2e14ad2838d35c,False,planned,False,,,,,2026-09-07T20:27:16.249662+02:00
NSR:StopPlace:59651,Skøyen stasjon,2026-09-07T16:34:00+02:00,2026-09-07T16:34:00+02:00,,0.0,0,Galgeberg,RUT:Line:20,Skøyen - Galgeberg,20,bus,RUT:ServiceJourney:bc3726bc22a0631752205ecb50b7fd4f,False,planned,False,,,,,2026-09-07T20:27:16.249662+02:00
NSR:StopPlace:59651,Skøyen stasjon,2026-09-07T16:34:00+02:00,2026-09-07T16:34:00+02:00,,0.0,0,Snarøya,RUT:Line:31,Snarøya - Fornebu - Tonsenhagen - Grorud,31,bus,RUT:ServiceJourney:a4daada87588289946e24fca20da0bba,False,planned,False,,,,,2026-09-07T20:27:16.249662+02:00
NSR:StopPlace:59651,Skøyen stasjon,2026-09-07T16:34:00+02:00,2026-09-07T16:34:00+02:00,,0.0,0,Dal,VYG:Line:R13,Drammen-Oslo S-Dal,R13,rail,VYG:ServiceJourney:1647_443313-R,False,planned,False,,,,,2026-09-07T20:27:16.249662+02:00
NSR:StopPlace:59651,Skøyen stasjon,2026-09-07T16:35:00+02:00,2026-09-07T16:35:00+02:00,,0.0,0,Drammen,VYG:Line:RE10,Drammen-Oslo S-Lillehammer,RE10,rail,VYG:ServiceJourney:322-LHM_444203-R,False,planned,False,,,,,2026-09-07T20:27:16.249662+02:00
NSR:StopPlace:59651,Skøyen stasjon,2026-09-07T16:36:00+02:00,2026-09-07T16:36:00+02:00,,0.0,0,Skøyen,RUT:Line:140,Bekkestua - Østerås - Skøyen,140,bus,RUT:ServiceJourney:2a13d064f13718db05ab88c281d99f0d,False,planned,False,,,,,2026-09-07T20:27:16.249662+02:00
NSR:StopPlace:59651,Skøyen stasjon,2026-09-07T16:36:00+02:00,2026-09-07T16:36:00+02:00,,0.0,0,Ski,VYG:Line:L2,Stabekk-Oslo S-Ski,L2,rail,VYG:ServiceJourney:2747-HVK_443957-R,False,planned,False,,,,,2026-09-07T20:27:16.249662+02:00
NSR:StopPlace:59651,Skøyen stasjon,2026-09-07T16:37:00+02:00,2026-09-07T16:37:00+02:00,,0.0,0,Lysaker,VYG:Line:L2,Stabekk-Oslo S-Ski,L2,rail,VYG:ServiceJourney:2848-SKI_444080-R,False,planned,False,,,,,2026-09-07T20:27:16.249662+02:00
NSR:StopPlace:59651,Skøyen stasjon,2026-09-07T16:39:00+02:00,2026-09-07T16:39:00+02:00,,0.0,0,Tonsenhagen,RUT:Line:31,Snarøya - Fornebu - Tonsenhagen - Grorud,31,bus,RUT:ServiceJourney:28622790df1ccce8bd1f93cff28ae155,False,planned,False,,,,,2026-09-07T20:27:16.249662+02:00
NSR:StopPlace:59651,Skøyen stasjon,2026-09-07T16:39:00+02:00,2026-09-07T16:39:00+02:00,,0.0,0,Galgeberg,RUT:Line:20,Skøyen - Galgeberg,20,bus,RUT:ServiceJourney:7246dfcf90e56903d4d00728a7c99fad,False,planned,False,,,,,2026-09-07T20:27:16.249662+02:00
NSR:StopPlace:59651,Skøyen stasjon,2026-09-07T16:40:00+02:00,2026-09-07T16:40:00+02:00,,0.0,0,Bekkestua via Østerås,RUT:Line:140,Bekkestua - Østerås - Skøyen,140,bus,RUT:ServiceJourney:2e9dd12fedcacd2c469dde0363bd9165,False,planned,False,,,,,2026-09-07T20:27:16.249662+02:00
NSR:StopPlace:59651,Skøyen stasjon,2026-09-07T16:40:00+02:00,2026-09-07T16:40:00+02:00,,0.0,0,Fornebu,RUT:Line:31,Snarøya - Fornebu - Tonsenhagen - Grorud,31,bus,RUT:ServiceJourney:be31ce1d32aeb56d21b6595af4cef15b,False,planned,False,,,,,2026-09-07T20:27:16.249662+02:00
NSR:StopPlace:59651,Skøyen stasjon,2026-09-07T16:40:00+02:00,2026-09-07T16:40:00+02:00,,0.0,0,Lilleaker,RUT:Line:3013,Buss for linje 13,13B,bus,RUT:ServiceJourney:e832e3f7781bdf8aa1526268f8484116,False,planned,False,Linje 13: Buss for trikk mellom Thune og Lilleaker ,Vi kjører buss for trikk (linje 13B) mellom Thune og Lilleaker. Bussen stopper ikke på Sollerud. 13B betjener Thune fra midlertidig holdeplass i Drammensveien,incident,normal,2026-09-07T20:27:16.249662+02:00
NSR:StopPlace:59651,Skøyen stasjon,2026-09-07T16:41:00+02:00,2026-09-07T16:41:00+02:00,,0.0,0,Skøyen,RUT:Line:3013,Buss for linje 13,13B,bus,RUT:ServiceJourney:8ec401700925934d6c4b96a648fd5768,False,planned,False,Linje 13: Buss for trikk mellom Thune og Lilleaker ,Vi kjører buss for trikk (linje 13B) mellom Thune og Lilleaker. Bussen stopper ikke på Sollerud. 13B betjener Thune fra midlertidig holdeplass i Drammensveien,incident,normal,2026-09-07T20:27:16.249662+02:00
NSR:StopPlace:59651,Skøyen stasjon,2026-09-07T16:42:00+02:00,2026-09-07T16:42:00+02:00,,0.0,0,Moss,VYG:Line:R21,Stabekk-Oslo S-Moss,R21,rail,VYG:ServiceJourney:1147-HVK_443026-R,False,planned,False,,,,,2026-09-07T20:27:16.249662+02:00
NSR:StopPlace:59651,Skøyen stasjon,2026-09-07T16:43:00+02:00,2026-09-07T16:43:00+02:00,,0.0,0,Stabekk,VYG:Line:R21,Stabekk-Oslo S-Moss,R21,rail,VYG:ServiceJourney:1148-MOS_443027-R,False,planned,False,,,,,2026-09-07T20:27:16.249662+02:00
NSR:StopPlace:59651,Skøyen stasjon,2026-09-07T16:44:00+02:00,2026-09-07T16:44:00+02:00,,0.0,0,Galgeberg,RUT:Line:20,Skøyen - Galgeberg,20,bus,RUT:ServiceJourney:12b353a810c362cdecd7384bab7afe4c,False,planned,False,,,,,2026-09-07T20:27:16.249662+02:00
NSR:StopPlace:59651,Skøyen stasjon,2026-09-07T16:44:00+02:00,2026-09-07T16:44:00+02:00,,0.0,0,Skøyen,RUT:Line:130,Sandvika -Skøyen,130,bus,RUT:ServiceJourney:05d1e79c55da033510ba69e5d3b8ff4a,False,planned,False,,,,,2026-09-07T20:27:16.249662+02:00
NSR:StopPlace:59651,Skøyen stasjon,2026-09-07T16:44:00+02:00,2026-09-07T16:44:00+02:00,,0.0,0,Eidsvoll,VYG:Line:R12,Kongsberg-Oslo S-Eidsvoll,R12,rail,VYG:ServiceJourney:524_444328-R,False,planned,False,,,,,2026-09-07T20:27:16.249662+02:00
NSR:StopPlace:59651,Skøyen stasjon,2026-09-07T16:45:00+02:00,2026-09-07T16:45:00+02:00,,0.0,0,Grorud T,RUT:Line:31,Snarøya - Fornebu - Tonsenhagen - Grorud,31,bus,RUT:ServiceJourney:21ddbeb2a44a9c7943afef8a7eecef75,False,planned,False,,,,,2026-09-07T20:27:16.249662+02:00
NSR:StopPlace:59651,Skøyen stasjon,2026-09-07T16:46:00+02:00,2026-09-07T16:46:00+02:00,,0.0,0,Snarøya,RUT:Line:31,Snarøya - Fornebu - Tonsenhagen - Grorud,31,bus,RUT:ServiceJourney:b8906e906fb2949366fb03249e1be654,False,planned,False,,,,,2026-09-07T20:27:16.249662+02:00
NSR:StopPlace:59651,Skøyen stasjon,2026-09-07T16:46:00+02:00,2026-09-07T16:46:00+02:00,,0.0,0,Lilleaker,RUT:Line:4013,Ekspressbuss for linje 13,13E,bus,RUT:ServiceJourney:e9187959acb29ca1b96f0ed3c7bb0764,False,planned,False,,,,,2026-09-07T20:27:16.249662+02:00
NSR:StopPlace:59651,Skøyen stasjon,2026-09-07T16:46:00+02:00,2026-09-07T16:46:00+02:00,,0.0,0,Lillestrøm,VYG:Line:L1,Spikkestad-Oslo S-Lillestrøm,L1,rail,VYG:ServiceJourney:2148_443556-R,False,planned,False,,,,,2026-09-07T20:27:16.249662+02:00
NSR:StopPlace:59651,Skøyen stasjon,2026-09-07T16:46:00+02:00,2026-09-07T16:46:00+02:00,,0.0,0,Øvre Sogn,RUT:Line:40,Øvre Sogn - Skøyen,40,bus,RUT:ServiceJourney:8914a23c551b87755b8442db6bc4e464,False,planned,False,,,,,2026-09-07T20:27:16.249662+02:00
NSR:StopPlace:59651,Skøyen stasjon,2026-09-07T16:47:00+02:00,2026-09-07T16:47:00+02:00,,0.0,0,Spikkestad,VYG:Line:L1,Spikkestad-Oslo S-Lillestrøm,L1,rail,VYG:ServiceJourney:2247_460777-R,False,planned,False,,,,,2026-09-07T20:27:16.249662+02:00
NSR:StopPlace:59651,Skøyen stasjon,2026-09-07T16:48:00+02:00,2026-09-07T16:48:00+02:00,,0.0,0,Sandvika,RUT:Line:130,Sandvika -Skøyen,130,bus,RUT:ServiceJourney:730ac13758b9dd5ecd71a16c8be1a993,False,planned,False,,,,,2026-09-07T20:27:16.249662+02:00
NSR:StopPlace:59651,Skøyen stasjon,2026-09-07T16:49:00+02:00,2026-09-07T16:49:00+02:00,,0.0,0,Galgeberg,RUT:Line:20,Skøyen - Galgeberg,20,bus,RUT:ServiceJourney:b4c319e7744ac7e511c439dca62fa3af,False,planned,False,,,,,2026-09-07T20:27:16.249662+02:00
NSR:StopPlace:59651,Skøyen stasjon,2026-09-07T16:49:00+02:00,2026-09-07T16:49:00+02:00,,0.0,0,Oslo Lufthavn,FLT:Line:FLY1,FLY1,FLY1,rail,FLT:ServiceJourney:1-2614-3775-20260907,False,planned,False,,,,,2026-09-07T20:27:16.249662+02:00
NSR:StopPlace:59651,Skøyen stasjon,2026-09-07T16:51:00+02:00,2026-09-07T16:51:00+02:00,,0.0,0,Tonsenhagen,RUT:Line:31,Snarøya - Fornebu - Tonsenhagen - Grorud,31,bus,RUT:ServiceJourney:e17094f7d58d37ea3fd5c1aac66fc749,False,planned,False,,,,,2026-09-07T20:27:16.249662+02:00
NSR:StopPlace:59651,Skøyen stasjon,2026-09-07T16:51:00+02:00,2026-09-07T16:51:00+02:00,,0.0,0,Skøyen,RUT:Line:140,Bekkestua - Østerås - Skøyen,140,bus,RUT:ServiceJourney:b66ba6a1be33a69f97db3eedada55714,False,planned,False,,,,,2026-09-07T20:27:16.249662+02:00
NSR:StopPlace:59651,Skøyen stasjon,2026-09-07T16:52:00+02:00,2026-09-07T16:52:00+02:00,,0.0,0,Fornebu,RUT:Line:31,Snarøya - Fornebu - Tonsenhagen - Grorud,31,bus,RUT:ServiceJourney:8fea989facf8e1e40ed92ec6d5d7c205,False,planned,False,,,,,2026-09-07T20:27:16.249662+02:00
NSR:StopPlace:59651,Skøyen stasjon,2026-09-07T16:52:00+02:00,2026-09-07T16:52:00+02:00,,0.0,0,Ski,VYG:Line:L2,Stabekk-Oslo S-Ski,L2,rail,VYG:ServiceJourney:2847-HVK_444079-R,False,planned,False,,,,,2026-09-07T20:27:16.249662+02:00
NSR:StopPlace:59651,Skøyen stasjon,2026-09-07T16:53:00+02:00,2026-09-07T16:53:00+02:00,,0.0,0,Stabekk,VYG:Line:L2,Stabekk-Oslo S-Ski,L2,rail,VYG:ServiceJourney:2750-SKI_443961-R,False,planned,False,Færre vogner,Denne avgangen kjører dessverre med 3 vogner i stedet for 6 vogner. Dette skyldes at vi mangler et togsett.,general,normal,2026-09-07T20:27:16.249662+02:00
NSR:StopPlace:59651,Skøyen stasjon,2026-09-07T16:54:00+02:00,2026-09-07T16:54:00+02:00,,0.0,0,Galgeberg,RUT:Line:20,Skøyen - Galgeberg,20,bus,RUT:ServiceJourney:9024e22e8a76ae50ffe7648d015da732,False,planned,False,,,,,2026-09-07T20:27:16.249662+02:00
NSR:StopPlace:59651,Skøyen stasjon,2026-09-07T16:55:00+02:00,2026-09-07T16:55:00+02:00,,0.0,0,Bekkestua via Østerås,RUT:Line:140,Bekkestua - Østerås - Skøyen,140,bus,RUT:ServiceJourney:bd649b932e8de2e8da623071016d21eb,False,planned,False,,,,,2026-09-07T20:27:16.249662+02:00
NSR:StopPlace:59651,Skøyen stasjon,2026-09-07T16:55:00+02:00,2026-09-07T16:55:00+02:00,,0.0,0,Lilleaker,RUT:Line:3013,Buss for linje 13,13B,bus,RUT:ServiceJourney:c56ada5731c900c9e558a28e8afa21ac,False,planned,False,Linje 13: Buss for trikk mellom Thune og Lilleaker ,Vi kjører buss for trikk (linje 13B) mellom Thune og Lilleaker. Bussen stopper ikke på Sollerud. 13B betjener Thune fra midlertidig holdeplass i Drammensveien,incident,normal,2026-09-07T20:27:16.249662+02:00
NSR:StopPlace:59651,Skøyen stasjon,2026-09-07T16:56:00+02:00,2026-09-07T16:56:00+02:00,,0.0,0,Skøyen,RUT:Line:3013,Buss for linje 13,13B,bus,RUT:ServiceJourney:9f8954c0feb3b8a1db3a06b11917ab6c,False,planned,False,Linje 13: Buss for trikk mellom Thune og Lilleaker ,Vi kjører buss for trikk (linje 13B) mellom Thune og Lilleaker. Bussen stopper ikke på Sollerud. 13B betjener Thune fra midlertidig holdeplass i Drammensveien,incident,normal,2026-09-07T20:27:16.249662+02:00
NSR:StopPlace:59651,Skøyen stasjon,2026-09-07T16:57:00+02:00,2026-09-07T16:57:00+02:00,,0.0,0,Grorud T,RUT:Line:31,Snarøya - Fornebu - Tonsenhagen - Grorud,31,bus,RUT:ServiceJourney:68ee70d16b3f463207eb179f687c4b0a,False,planned,False,,,,,2026-09-07T20:27:16.249662+02:00
NSR:StopPlace:59651,Skøyen stasjon,2026-09-07T16:58:00+02:00,2026-09-07T16:58:00+02:00,,0.0,0,Snarøya,RUT:Line:31,Snarøya - Fornebu - Tonsenhagen - Grorud,31,bus,RUT:ServiceJourney:ef538bf907132da4f7bcad2cdd9fca6e,False,planned,False,,,,,2026-09-07T20:27:16.249662+02:00
NSR:StopPlace:59652,Tøyen stasjon,2026-09-07T16:39:00+02:00,2026-09-07T16:39:00+02:00,,0.0,0,Tonsenhagen,RUT:Line:60,Vippetangen-Tonsenhagen,60,bus,RUT:ServiceJourney:8a49fc56357a5fb4f3480adc470e678e,False,planned,False,,,,,2026-09-07T20:27:16.249662+02:00
NSR:StopPlace:59652,Tøyen stasjon,2026-09-07T16:45:00+02:00,2026-09-07T16:45:00+02:00,,0.0,0,Vippetangen,RUT:Line:60,Vippetangen-Tonsenhagen,60,bus,RUT:ServiceJourney:31e2d0d6f06fa622aec21c250063f985,False,planned,False,,,,,2026-09-07T20:27:16.249662+02:00
NSR:StopPlace:59652,Tøyen stasjon,2026-09-07T16:54:00+02:00,2026-09-07T16:54:00+02:00,,0.0,0,Tonsenhagen,RUT:Line:60,Vippetangen-Tonsenhagen,60,bus,RUT:ServiceJourney:68b3982e115bc18a10cb1aa4512a0d2f,False,planned,False,,,,,2026-09-07T20:27:16.249662+02:00
NSR:StopPlace:59652,Tøyen stasjon,2026-09-07T17:00:00+02:00,2026-09-07T17:00:00+02:00,,0.0,0,Vippetangen,RUT:Line:60,Vippetangen-Tonsenhagen,60,bus,RUT:ServiceJourney:9e71b9fef8b04b33ade714e8a5b81035,False,planned,False,,,,,2026-09-07T20:27:16.249662+02:00
NSR:StopPlace:59652,Tøyen stasjon,2026-09-07T17:09:00+02:00,2026-09-07T17:09:00+02:00,,0.0,0,Tonsenhagen,RUT:Line:60,Vippetangen-Tonsenhagen,60,bus,RUT:ServiceJourney:6588dbc46ad66a0c22522c3ac6234a3d,False,planned,False,,,,,2026-09-07T20:27:16.249662+02:00
NSR:StopPlace:59652,Tøyen stasjon,2026-09-07T17:15:00+02:00,2026-09-07T17:15:00+02:00,,0.0,0,Vippetangen,RUT:Line:60,Vippetangen-Tonsenhagen,60,bus,RUT:ServiceJourney:5345f2728d782e2f756d288382596140,False,planned,False,,,,,2026-09-07T20:27:16.249662+02:00
NSR:StopPlace:59652,Tøyen stasjon,2026-09-07T17:24:00+02:00,2026-09-07T17:24:00+02:00,,0.0,0,Tonsenhagen,RUT:Line:60,Vippetangen-Tonsenhagen,60,bus,RUT:ServiceJourney:367821fed8c18354f4590699d21cf17f,False,planned,False,,,,,2026-09-07T20:27:16.249662+02:00
NSR:StopPlace:59652,Tøyen stasjon,2026-09-07T17:30:00+02:00,2026-09-07T17:30:00+02:00,,0.0,0,Vippetangen,RUT:Line:60,Vippetangen-Tonsenhagen,60,bus,RUT:ServiceJourney:1eee64c5b6fd53da2564cb617042e3c0,False,planned,False,,,,,2026-09-07T20:27:16.249662+02:00
NSR:StopPlace:59653,Haugenstua stasjon,2026-09-07T16:55:00+02:00,2026-09-07T16:55:00+02:00,,0.0,0,Lillestrøm,VYG:Line:L1,Spikkestad-Oslo S-Lillestrøm,L1,rail,VYG:ServiceJourney:2248_445345-R,False,planned,False,,,,,2026-09-07T20:27:16.249662+02:00
NSR:StopPlace:59653,Haugenstua stasjon,2026-09-07T17:10:00+02:00,2026-09-07T17:10:00+02:00,,0.0,0,Lillestrøm,VYG:Line:L1,Spikkestad-Oslo S-Lillestrøm,L1,rail,VYG:ServiceJourney:2148_443556-R,False,planned,False,,,,,2026-09-07T20:27:16.249662+02:00
NSR:StopPlace:59653,Haugenstua stasjon,2026-09-07T17:25:00+02:00,2026-09-07T17:25:00+02:00,,0.0,0,Lillestrøm,VYG:Line:L1,Spikkestad-Oslo S-Lillestrøm,L1,rail,VYG:ServiceJourney:2250_443669-R,False,planned,False,,,,,2026-09-07T20:27:16.249662+02:00
NSR:StopPlace:59654,Stabekk stasjon,2026-09-07T16:30:00+02:00,2026-09-07T16:30:00+02:00,,0.0,0,Ski,VYG:Line:L2,Stabekk-Oslo S-Ski,L2,rail,VYG:ServiceJourney:2747-HVK_443957-R,False,planned,False,,,,,2026-09-07T20:27:16.249662+02:00
NSR:StopPlace:59654,Stabekk stasjon,2026-09-07T16:32:00+02:00,2026-09-07T16:32:00+02:00,,0.0,0,Nationaltheatret,RUT:Line:150,Gullhaug - Nationaltheatret,150,bus,RUT:ServiceJourney:464d7205ede2b84dbc3f0e71ca983c39,False,planned,False,,,,,2026-09-07T20:27:16.249662+02:00
NSR:StopPlace:59654,Stabekk stasjon,2026-09-07T16:36:00+02:00,2026-09-07T16:36:00+02:00,,0.0,0,Moss,VYG:Line:R21,Stabekk-Oslo S-Moss,R21,rail,VYG:ServiceJourney:1147-HVK_443026-R,False,planned,False,,,,,2026-09-07T20:27:16.249662+02:00
NSR:StopPlace:59654,Stabekk stasjon,2026-09-07T16:37:00+02:00,2026-09-07T16:37:00+02:00,,0.0,0,Fornebu,RUT:Line:145,Bekkestua - Fornebu,145,bus,RUT:ServiceJourney:271b2095120a4017b877049f290e86e9,False,planned,False,,,,,2026-09-07T20:27:16.249662+02:00
NSR:StopPlace:59654,Stabekk stasjon,2026-09-07T16:37:00+02:00,2026-09-07T16:37:00+02:00,,0.0,0,Bekkestua,RUT:Line:145,Bekkestua - Fornebu,145,bus,RUT:ServiceJourney:fa523c03b37a631fdcac79bba7ab99ef,False,planned,False,Holdeplass Stabekk stasjon i retning mot Bekkestua er flyttet ca. 50 meter bakover.,Dette skyldes anleggsarbeid i området.,incident,normal,2026-09-07T20:27:16.249662+02:00
NSR:StopPlace:59654,Stabekk stasjon,2026-09-07T16:37:00+02:00,2026-09-07T16:37:00+02:00,,0.0,0,Gullhaug,RUT:Line:150,Gullhaug - Nationaltheatret,150,bus,RUT:ServiceJourney:36a48c3cf1849bb29b68af2f9041e815,False,planned,False,Holdeplass Stabekk stasjon i retning mot Bekkestua er flyttet ca. 50 meter bakover.,Dette skyldes anleggsarbeid i området.,incident,normal,2026-09-07T20:27:16.249662+02:00
NSR:StopPlace:59654,Stabekk stasjon,2026-09-07T16:40:00+02:00,2026-09-07T16:40:00+02:00,,0.0,0,Asker,VYG:Line:L1,Spikkestad-Oslo S-Lillestrøm,L1,rail,VYG:ServiceJourney:2145_443553-R,False,planned,False,Færre vogner,Denne avgangen kjører dessverre med 4 vogner i stedet for 8 vogner. Dette skyldes at vi mangler et togsett.,general,normal,2026-09-07T20:27:16.249662+02:00
NSR:StopPlace:59654,Stabekk stasjon,2026-09-07T16:40:00+02:00,2026-09-07T16:40:00+02:00,,0.0,0,Lillestrøm,VYG:Line:L1,Spikkestad-Oslo S-Lillestrøm,L1,rail,VYG:ServiceJourney:2148_443556-R,False,planned,False,,,,,2026-09-07T20:27:16.249662+02:00
NSR:StopPlace:59654,Stabekk stasjon,2026-09-07T16:42:00+02:00,2026-09-07T16:42:00+02:00,,0.0,0,Nationaltheatret,RUT:Line:150,Gullhaug - Nationaltheatret,150,bus,RUT:ServiceJourney:54aa549282135244abaaed5adfd11059,False,planned,False,,,,,2026-09-07T20:27:16.249662+02:00
NSR:StopPlace:59654,Stabekk stasjon,2026-09-07T16:47:00+02:00,2026-09-07T16:47:00+02:00,,0.0,0,Gullhaug,RUT:Line:150,Gullhaug - Nationaltheatret,150,bus,RUT:ServiceJourney:7145fee9260255250f33d717d4289d45,False,planned,False,Holdeplass Stabekk stasjon i retning mot Bekkestua er flyttet ca. 50 meter bakover.,Dette skyldes anleggsarbeid i området.,incident,normal,2026-09-07T20:27:16.249662+02:00
NSR:StopPlace:59654,Stabekk stasjon,2026-09-07T16:52:00+02:00,2026-09-07T16:52:00+02:00,,0.0,0,Fornebu,RUT:Line:145,Bekkestua - Fornebu,145,bus,RUT:ServiceJourney:1f58ead9af3820a53f31fb82e9824b4d,False,planned,False,,,,,2026-09-07T20:27:16.249662+02:00
NSR:StopPlace:59654,Stabekk stasjon,2026-09-07T16:52:00+02:00,2026-09-07T16:52:00+02:00,,0.0,0,Nationaltheatret,RUT:Line:150,Gullhaug - Nationaltheatret,150,bus,RUT:ServiceJourney:fa11c70d78ade474d9326114df5fda33,False,planned,False,,,,,2026-09-07T20:27:16.249662+02:00
NSR:StopPlace:59654,Stabekk stasjon,2026-09-07T16:52:00+02:00,2026-09-07T16:52:00+02:00,,0.0,0,Bekkestua,RUT:Line:145,Bekkestua - Fornebu,145,bus,RUT:ServiceJourney:29ee14bca145384525174bba37afce77,False,planned,False,Holdeplass Stabekk stasjon i retning mot Bekkestua er flyttet ca. 50 meter bakover.,Dette skyldes anleggsarbeid i området.,incident,normal,2026-09-07T20:27:16.249662+02:00
NSR:StopPlace:59654,Stabekk stasjon,2026-09-07T16:53:00+02:00,2026-09-07T16:53:00+02:00,,0.0,0,Oslo Lufthavn,FLT:Line:FLY2,FLY2,FLY2,rail,FLT:ServiceJourney:1-2614-3573-20260907,False,planned,False,,,,,2026-09-07T20:27:16.249662+02:00
NSR:StopPlace:59654,Stabekk stasjon,2026-09-07T16:54:00+02:00,2026-09-07T16:54:00+02:00,,0.0,0,Spikkestad,VYG:Line:L1,Spikkestad-Oslo S-Lillestrøm,L1,rail,VYG:ServiceJourney:2247_460777-R,False,planned,False,,,,,2026-09-07T20:27:16.249662+02:00
NSR:StopPlace:59654,Stabekk stasjon,2026-09-07T16:56:00+02:00,2026-09-07T16:56:00+02:00,,0.0,0,Lillestrøm,VYG:Line:L1,Spikkestad-Oslo S-Lillestrøm,L1,rail,VYG:ServiceJourney:2250_443669-R,False,planned,False,,,,,2026-09-07T20:27:16.249662+02:00
NSR:StopPlace:59654,Stabekk stasjon,2026-09-07T16:57:00+02:00,2026-09-07T16:57:00+02:00,,0.0,0,Gullhaug,RUT:Line:150,Gullhaug - Nationaltheatret,150,bus,RUT:ServiceJourney:1903378ecd3ffbd0d4fc8f9e5a362f5e,False,planned,False,Holdeplass Stabekk stasjon i retning mot Bekkestua er flyttet ca. 50 meter bakover.,Dette skyldes anleggsarbeid i området.,incident,normal,2026-09-07T20:27:16.249662+02:00
NSR:StopPlace:59654,Stabekk stasjon,2026-09-07T17:00:00+02:00,2026-09-07T17:00:00+02:00,,0.0,0,Ski,VYG:Line:L2,Stabekk-Oslo S-Ski,L2,rail,VYG:ServiceJourney:2749-HVK_443959-R,False,planned,False,,,,,2026-09-07T20:27:16.249662+02:00
NSR:StopPlace:59654,Stabekk stasjon,2026-09-07T17:02:00+02:00,2026-09-07T17:02:00+02:00,,0.0,0,Nationaltheatret,RUT:Line:150,Gullhaug - Nationaltheatret,150,bus,RUT:ServiceJourney:5a538cf58ab32883d90a76dc1ddccbff,False,planned,False,,,,,2026-09-07T20:27:16.249662+02:00
NSR:StopPlace:59654,Stabekk stasjon,2026-09-07T17:07:00+02:00,2026-09-07T17:07:00+02:00,,0.0,0,Bekkestua,RUT:Line:145,Bekkestua - Fornebu,145,bus,RUT:ServiceJourney:62141a0cf937deacd8c775c8fce48390,False,planned,False,Holdeplass Stabekk stasjon i retning mot Bekkestua er flyttet ca. 50 meter bakover.,Dette skyldes anleggsarbeid i området.,incident,normal,2026-09-07T20:27:16.249662+02:00
NSR:StopPlace:59654,Stabekk stasjon,2026-09-07T17:07:00+02:00,2026-09-07T17:07:00+02:00,,0.0,0,Gullhaug,RUT:Line:150,Gullhaug - Nationaltheatret,150,bus,RUT:ServiceJourney:bef6ba98ecb8a93d5445949a090bec1c,False,planned,False,Holdeplass Stabekk stasjon i retning mot Bekkestua er flyttet ca. 50 meter bakover.,Dette skyldes anleggsarbeid i området.,incident,normal,2026-09-07T20:27:16.249662+02:00
NSR:StopPlace:59654,Stabekk stasjon,2026-09-07T17:10:00+02:00,2026-09-07T17:10:00+02:00,,0.0,0,Asker,VYG:Line:L1,Spikkestad-Oslo S-Lillestrøm,L1,rail,VYG:ServiceJourney:2147_443555-R,False,planned,False,,,,,2026-09-07T20:27:16.249662+02:00
NSR:StopPlace:59654,Stabekk stasjon,2026-09-07T17:12:00+02:00,2026-09-07T17:12:00+02:00,,0.0,0,Nationaltheatret,RUT:Line:150,Gullhaug - Nationaltheatret,150,bus,RUT:ServiceJourney:0f8294cd7abe399ff5199b67dcfd6b93,False,planned,False,,,,,2026-09-07T20:27:16.249662+02:00
NSR:StopPlace:59654,Stabekk stasjon,2026-09-07T17:17:00+02:00,2026-09-07T17:17:00+02:00,,0.0,0,Gullhaug,RUT:Line:150,Gullhaug - Nationaltheatret,150,bus,RUT:ServiceJourney:3e6449a19332d6d72a63e433b7165fb9,False,planned,False,Holdeplass Stabekk stasjon i retning mot Bekkestua er flyttet ca. 50 meter bakover.,Dette skyldes anleggsarbeid i området.,incident,normal,2026-09-07T20:27:16.249662+02:00
NSR:StopPlace:59654,Stabekk stasjon,2026-09-07T17:22:00+02:00,2026-09-07T17:22:00+02:00,,0.0,0,Nationaltheatret,RUT:Line:150,Gullhaug - Nationaltheatret,150,bus,RUT:ServiceJourney:9e9f19499a6c3989886335fa83662ed3,False,planned,False,,,,,2026-09-07T20:27:16.249662+02:00
NSR:StopPlace:59654,Stabekk stasjon,2026-09-07T17:22:00+02:00,2026-09-07T17:22:00+02:00,,0.0,0,Bekkestua,RUT:Line:145,Bekkestua - Fornebu,145,bus,RUT:ServiceJourney:d6698d1db1a0e1ad2b0be86d038b8d4b,False,planned,False,Holdeplass Stabekk stasjon i retning mot Bekkestua er flyttet ca. 50 meter bakover.,Dette skyldes anleggsarbeid i området.,incident,normal,2026-09-07T20:27:16.249662+02:00
NSR:StopPlace:59654,Stabekk stasjon,2026-09-07T17:30:00+02:00,2026-09-07T17:30:00+02:00,,0.0,0,Ski,VYG:Line:L2,Stabekk-Oslo S-Ski,L2,rail,VYG:ServiceJourney:2751-HVK_443962-R,False,planned,False,Færre vogner,Denne avgangen kjører dessverre med 3 vogner i stedet for 6 vogner. Dette skyldes at vi mangler et togsett.,general,normal,2026-09-07T20:27:16.249662+02:00
NSR:StopPlace:59654,Stabekk stasjon,2026-09-07T17:37:00+02:00,2026-09-07T17:37:00+02:00,,0.0,0,Bekkestua,RUT:Line:145,Bekkestua - Fornebu,145,bus,RUT:ServiceJourney:e8f74fc7e4a988ad1cd3918bf9a2f43c,False,planned,False,Holdeplass Stabekk stasjon i retning mot Bekkestua er flyttet ca. 50 meter bakover.,Dette skyldes anleggsarbeid i området.,incident,normal,2026-09-07T20:27:16.249662+02:00
NSR:StopPlace:59687,Grong stasjon,2026-09-07T16:40:00+02:00,2026-09-07T16:40:00+02:00,,0.0,0,Harran via Grong st.,ATB:Line:2_695,Namsos - Grong - (Harran),695,bus,ATB:ServiceJourney:695_260106098640292_12,False,planned,False,,,,,2026-09-07T20:27:16.249662+02:00
NSR:StopPlace:59687,Grong stasjon,2026-09-07T19:20:00+02:00,2026-09-07T19:20:00+02:00,,0.0,0,Brønnøysund ,NOR:Line:12_3701,Brønnøysund-Grong/Namsos,23-701,bus,NOR:ServiceJourney:3701_251012124900753_2002,False,planned,False,,,,,2026-09-07T20:27:16.249662+02:00
NSR:StopPlace:59703,Åndalsnes stasjon,2026-09-07T16:40:00+02:00,2026-09-07T16:40:00+02:00,,0.0,0,Verma,MOR:Line:483,Åndalsnes - Bjorli,483,bus,MOR:ServiceJourney:483_106_9150000037907344,False,planned,False,,,,,2026-09-07T20:27:16.249662+02:00
NSR:StopPlace:59703,Åndalsnes stasjon,2026-09-07T16:50:00+02:00,2026-09-07T16:50:00+02:00,,0.0,0,Ålesund,VYX:Line:180,VY25 Fjord Tours,VY25,coach,VYX:ServiceJourney:82556c2a50918d0bc0e147fc0da7f8a6bfa21e8c,False,planned,False,,,,,2026-09-07T20:27:16.249662+02:00
NSR:StopPlace:59703,Åndalsnes stasjon,2026-09-07T16:50:00+02:00,2026-09-07T16:50:00+02:00,,0.0,0,Ålesund,FJT:Line:98180744-c851-406e-ae29-c90f6aa10e48,Geiranger - Åndalsnes - Ålesund,FT,bus,FJT:ServiceJourney:be243093-6a26-4944-ba7c-4b9b6a7d59d1,False,planned,False,,,,,2026-09-07T20:27:16.249662+02:00
NSR:StopPlace:59703,Åndalsnes stasjon,2026-09-07T17:17:00+02:00,2026-09-07T17:17:00+02:00,,0.0,0,Åndalsnes,MOR:Line:420,Fram Ekspress Molde-Åndalsnes,420,bus,MOR:ServiceJourney:420_116_9150000047246283,False,planned,False,,,,,2026-09-07T20:27:16.249662+02:00
NSR:StopPlace:59703,Åndalsnes stasjon,2026-09-07T17:57:00+02:00,2026-09-07T17:57:00+02:00,,0.0,0,Åndalsnes,MOR:Line:420,Fram Ekspress Molde-Åndalsnes,420,bus,MOR:ServiceJourney:420_118_9150000047246198,False,planned,False,,,,,2026-09-07T20:27:16.249662+02:00
NSR:StopPlace:60737,Bondivann stasjon,2026-09-07T16:49:00+02:00,2026-09-07T16:49:00+02:00,,0.0,0,Spikkestad,VYG:Line:L1,Spikkestad-Oslo S-Lillestrøm,L1,rail,VYG:ServiceJourney:2245_443659-R,False,planned,False,,,,,2026-09-07T20:27:16.249662+02:00
NSR:StopPlace:60737,Bondivann stasjon,2026-09-07T17:19:00+02:00,2026-09-07T17:19:00+02:00,,0.0,0,Spikkestad,VYG:Line:L1,Spikkestad-Oslo S-Lillestrøm,L1,rail,VYG:ServiceJourney:2247_460777-R,False,planned,False,,,,,2026-09-07T20:27:16.249662+02:00
NSR:StopPlace:60735,Gullhella stasjon,2026-09-07T16:51:00+02:00,2026-09-07T16:51:00+02:00,,0.0,0,Spikkestad,VYG:Line:L1,Spikkestad-Oslo S-Lillestrøm,L1,rail,VYG:ServiceJourney:2245_443659-R,False,planned,False,,,,,2026-09-07T20:27:16.249662+02:00
NSR:StopPlace:60735,Gullhella stasjon,2026-09-07T17:21:00+02:00,2026-09-07T17:21:00+02:00,,0.0,0,Spikkestad,VYG:Line:L1,Spikkestad-Oslo S-Lillestrøm,L1,rail,VYG:ServiceJourney:2247_460777-R,False,planned,False,,,,,2026-09-07T20:27:16.249662+02:00
NSR:StopPlace:59952,Drammen stasjon,2026-09-07T16:42:00+02:00,2026-09-07T16:42:00+02:00,,0.0,0,Oslo Lufthavn,FLT:Line:FLY1,FLY1,FLY1,rail,FLT:ServiceJourney:1-2614-3777-20260907,False,planned,False,,,,,2026-09-07T20:27:16.249662+02:00
NSR:StopPlace:59952,Drammen stasjon,2026-09-07T16:43:00+02:00,2026-09-07T16:43:00+02:00,,0.0,0,Kongsberg,VYG:Line:R12,Kongsberg-Oslo S-Eidsvoll,R12,rail,VYG:ServiceJourney:523_444326-R,False,planned,False,,,,,2026-09-07T20:27:16.249662+02:00
NSR:StopPlace:59952,Drammen stasjon,2026-09-07T18:13:00+02:00,2026-09-07T18:13:00+02:00,,0.0,0,Neslandsvatn,GOA:Line:50,Sørtoget region,F5,rail,GOA:ServiceJourney:B717-DT_79526-R,False,planned,False,,,,,2026-09-07T20:27:16.249662+02:00
NSR:StopPlace:59957,Klepp stasjon,2026-09-07T16:32:00+02:00,2026-09-07T16:32:00+02:00,,0.0,0,Stavanger,GOA:Line:59,Jærbanen,L5,rail,GOA:ServiceJourney:3047_63092-R,False,planned,False,,,,,2026-09-07T20:27:16.249662+02:00
NSR:StopPlace:59957,Klepp stasjon,2026-09-07T16:57:00+02:00,2026-09-07T16:57:00+02:00,,0.0,0,Verdalen via Kleppekrossen,KOL:Line:8_2024,59,59,bus,KOL:ServiceJourney:2024_250903083241324_2029,False,planned,False,,,,,2026-09-07T20:27:16.249662+02:00
NSR:StopPlace:59957,Klepp stasjon,2026-09-07T17:02:00+02:00,2026-09-07T17:02:00+02:00,,0.0,0,Stavanger,GOA:Line:59,Jærbanen,L5,rail,GOA:ServiceJourney:3049_63095-R,False,planned,False,,,,,2026-09-07T20:27:16.249662+02:00
NSR:StopPlace:59957,Klepp stasjon,2026-09-07T17:27:00+02:00,2026-09-07T17:27:00+02:00,,0.0,0,Verdalen via Kleppekrossen,KOL:Line:8_2024,59,59,bus,KOL:ServiceJourney:2024_250903083241325_2030,False,planned,False,,,,,2026-09-07T20:27:16.249662+02:00
NSR:StopPlace:59958,Voss stasjon,2026-09-07T16:40:00+02:00,2026-09-07T16:40:00+02:00,,0.0,0,Sivlevegen,SKY:Line:964,Voss-Skjerpe/Sivlevegen(Ringbuss),964,bus,SKY:ServiceJourney:964-205165-20969021,False,planned,False,,,,,2026-09-07T20:27:16.249662+02:00
NSR:StopPlace:59958,Voss stasjon,2026-09-07T17:05:00+02:00,2026-09-07T17:05:00+02:00,,0.0,0,Skjerpe,SKY:Line:964,Voss-Skjerpe/Sivlevegen(Ringbuss),964,bus,SKY:ServiceJourney:964-205165-20969011,False,planned,False,,,,,2026-09-07T20:27:16.249662+02:00
NSR:StopPlace:59958,Voss stasjon,2026-09-07T17:15:00+02:00,2026-09-07T17:15:00+02:00,,0.0,0,Sogndal,NWY:Line:a54659a0-4839-5c3c-909b-9d9da089554e,Sognefjordekspressen,NW420,coach,NWY:ServiceJourney:57f08089-f36a-50a7-abfb-4b3ef914f08e,False,planned,False,,,,,2026-09-07T20:27:16.249662+02:00
NSR:StopPlace:59958,Voss stasjon,2026-09-07T17:20:00+02:00,2026-09-07T17:20:00+02:00,,0.0,0,Bergen Sentrum - Bergen Lufthavn Flesland,NWY:Line:a54659a0-4839-5c3c-909b-9d9da089554e,Sognefjordekspressen,NW420,coach,NWY:ServiceJourney:755316de-6096-543c-94fb-c798d93f934b,False,planned,False,,,,,2026-09-07T20:27:16.249662+02:00
NSR:StopPlace:59958,Voss stasjon,2026-09-07T17:59:00+02:00,2026-09-07T17:59:00+02:00,,0.0,0,Flåm,VYX:Line:31,VY450 Bergen-Fagernes-Oslo,VY450,coach,VYX:ServiceJourney:a74c6ef5042c41534cc51f319eb4d5ce9e7eeadd,False,planned,False,Forhåndsbestilling Vy,Billett må kjøpes på nett eller app senest 15 minutter før påstigning for at bussen skal kjøre innom holdeplassen.,general,normal,2026-09-07T20:27:16.249662+02:00
NSR:StopPlace:59958,Voss stasjon,2026-09-07T18:00:00+02:00,2026-09-07T18:00:00+02:00,,0.0,0,Odda,SKY:Line:990,Odda-Kinsarvik-Bu-Granvin-Voss,990,bus,SKY:ServiceJourney:990-205165-20962035,False,planned,False,,,,,2026-09-07T20:27:16.249662+02:00
NSR:StopPlace:60944,Ski stasjon,2026-09-07T16:29:00+02:00,2026-09-07T16:29:00+02:00,,0.0,0,Ski næringspark,RUT:Line:520,Vinterbro - Ski stasjon,520,bus,RUT:ServiceJourney:39b16fd1bd710c7bb58fc70d158d35c0,False,planned,False,,,,,2026-09-07T20:27:16.249662+02:00
NSR:StopPlace:60944,Ski stasjon,2026-09-07T16:31:00+02:00,2026-09-07T16:31:00+02:00,,0.0,0,Hebekk / Finstad,RUT:Line:525,Kråkstad - Ski - Kråkstad,525,bus,RUT:ServiceJourney:ce61a14149bb3a3829439eff129e852b,False,planned,False,,,,,2026-09-07T20:27:16.249662+02:00
NSR:StopPlace:60944,Ski stasjon,2026-09-07T16:32:00+02:00,2026-09-07T16:32:00+02:00,,0.0,0,Oslo bussterminal,RUT:Line:515,Ski - Oslo,515,bus,RUT:ServiceJourney:3cc54ff1b309e5bb48322b0786e65795,False,planned,False,,,,,2026-09-07T20:27:16.249662+02:00
NSR:StopPlace:60944,Ski stasjon,2026-09-07T16:32:00+02:00,2026-09-07T16:32:00+02:00,,0.0,0,Ski stasjon,RUT:Line:510,Bøleråsen - Ski - Ås - Drøbak,510,bus,RUT:ServiceJourney:1018054f3da0c86a69dfbd5dd0601864,False,planned,False,,,,,2026-09-07T20:27:16.249662+02:00
NSR:StopPlace:60944,Ski stasjon,2026-09-07T16:34:00+02:00,2026-09-07T16:34:00+02:00,,0.0,0,Bøleråsen,RUT:Line:510,Bøleråsen - Ski - Ås - Drøbak,510,bus,RUT:ServiceJourney:ee6e126d93730fc1c4827161d7089105,False,planned,False,,,,,2026-09-07T20:27:16.249662+02:00
NSR:StopPlace:60944,Ski stasjon,2026-09-07T16:34:00+02:00,2026-09-07T16:34:00+02:00,,0.0,0,TusenFryd,RUT:Line:521,TusenFryd - Ski stasjon,521,bus,RUT:ServiceJourney:458f81402427bb75f816d3a81054b1bf,False,planned,False,,,,,2026-09-07T20:27:16.249662+02:00
NSR:StopPlace:60944,Ski stasjon,2026-09-07T16:34:00+02:00,2026-09-07T16:34:00+02:00,,0.0,0,Drøbak - Seiersten,RUT:Line:510,Bøleråsen - Ski - Ås - Drøbak,510,bus,RUT:ServiceJourney:a6eae3c11c11dd4d5d1ec11e0237bd54,False,planned,False,,,,,2026-09-07T20:27:16.249662+02:00
NSR:StopPlace:60944,Ski stasjon,2026-09-07T16:34:00+02:00,2026-09-07T16:34:00+02:00,,0.0,0,Kråkstad,RUT:Line:525,Kråkstad - Ski - Kråkstad,525,bus,RUT:ServiceJourney:4c3c60b1b33db85468425f5368fa2801,False,planned,False,,,,,2026-09-07T20:27:16.249662+02:00
NSR:StopPlace:60944,Ski stasjon,2026-09-07T16:35:00+02:00,2026-09-07T16:35:00+02:00,,0.0,0,Moss,VYG:Line:R21,Stabekk-Oslo S-Moss,R21,rail,VYG:ServiceJourney:1145-HVK_443024-R,False,planned,False,,,,,2026-09-07T20:27:16.249662+02:00
NSR:StopPlace:60944,Ski stasjon,2026-09-07T16:38:00+02:00,2026-09-07T16:38:00+02:00,,0.0,0,Oslo S,VYG:Line:R23,Stabekk-Oslo S-Moss,R23,rail,VYG:ServiceJourney:1546_443193-R,False,planned,False,,,,,2026-09-07T20:27:16.249662+02:00
NSR:StopPlace:60944,Ski stasjon,2026-09-07T16:39:00+02:00,2026-09-07T16:39:00+02:00,,0.0,0,Stabekk,VYG:Line:L2,Stabekk-Oslo S-Ski,L2,rail,VYG:ServiceJourney:2752-SKI_443963-R,False,planned,False,Færre vogner,Denne avgangen kjører dessverre med 3 vogner i stedet for 6 vogner. Dette skyldes at vi mangler et togsett.,general,normal,2026-09-07T20:27:16.249662+02:00
NSR:StopPlace:60944,Ski stasjon,2026-09-07T16:39:00+02:00,2026-09-07T16:39:00+02:00,,0.0,0,Kråkstad,RUT:Line:525,Kråkstad - Ski - Kråkstad,525,bus,RUT:ServiceJourney:4c3c60b1b33db85468425f5368fa2801,False,planned,False,,,,,2026-09-07T20:27:16.249662+02:00
NSR:StopPlace:60944,Ski stasjon,2026-09-07T16:42:00+02:00,2026-09-07T16:42:00+02:00,,0.0,0,Vinterbro,RUT:Line:520,Vinterbro - Ski stasjon,520,bus,RUT:ServiceJourney:20846891fd6a5db290deda24e7759810,False,planned,False,,,,,2026-09-07T20:27:16.249662+02:00
NSR:StopPlace:60944,Ski stasjon,2026-09-07T16:42:00+02:00,2026-09-07T16:42:00+02:00,,0.0,0,Ski stasjon,RUT:Line:510,Bøleråsen - Ski - Ås - Drøbak,510,bus,RUT:ServiceJourney:558290438d3c10ec9fceb398a458bb47,False,planned,False,,,,,2026-09-07T20:27:16.249662+02:00
NSR:StopPlace:60944,Ski stasjon,2026-09-07T16:44:00+02:00,2026-09-07T16:44:00+02:00,,0.0,0,Bøleråsen,RUT:Line:510,Bøleråsen - Ski - Ås - Drøbak,510,bus,RUT:ServiceJourney:040fa1bdbe182c29259b955338e3dc50,False,planned,False,,,,,2026-09-07T20:27:16.249662+02:00
NSR:StopPlace:60944,Ski stasjon,2026-09-07T16:44:00+02:00,2026-09-07T16:44:00+02:00,,0.0,0,Drøbak - Frogn vgs.,RUT:Line:510,Bøleråsen - Ski - Ås - Drøbak,510,bus,RUT:ServiceJourney:b09dabca5897dbe9a97ae72fd5bbb1d0,False,planned,False,,,,,2026-09-07T20:27:16.249662+02:00
NSR:StopPlace:60944,Ski stasjon,2026-09-07T16:44:00+02:00,2026-09-07T16:44:00+02:00,,0.0,0,Mysen,VYG:Line:R22,Skøyen-Oslo S-Mysen-Rakkestad,R22,rail,VYG:ServiceJourney:1953_443499-R,False,planned,False,,,,,2026-09-07T20:27:16.249662+02:00
NSR:StopPlace:60944,Ski stasjon,2026-09-07T16:44:00+02:00,2026-09-07T16:44:00+02:00,,0.0,0,Ski næringspark,RUT:Line:520,Vinterbro - Ski stasjon,520,bus,RUT:ServiceJourney:a2e70374ec8bc317f7ab8213b264f080,False,planned,False,,,,,2026-09-07T20:27:16.249662+02:00
NSR:StopPlace:60944,Ski stasjon,2026-09-07T16:46:00+02:00,2026-09-07T16:46:00+02:00,,0.0,0,Hebekk / Finstad,RUT:Line:525,Kråkstad - Ski - Kråkstad,525,bus,RUT:ServiceJourney:5da946d9d136d069cc89e0942da60901,False,planned,False,,,,,2026-09-07T20:27:16.249662+02:00
NSR:StopPlace:60944,Ski stasjon,2026-09-07T16:46:00+02:00,2026-09-07T16:46:00+02:00,,0.0,0,Oslo S,VYG:Line:R22,Skøyen-Oslo S-Mysen-Rakkestad,R22,rail,VYG:ServiceJourney:1926_443477-R,False,planned,False,,,,,2026-09-07T20:27:16.249662+02:00
NSR:StopPlace:60944,Ski stasjon,2026-09-07T16:49:00+02:00,2026-09-07T16:49:00+02:00,,0.0,0,TusenFryd,RUT:Line:521,TusenFryd - Ski stasjon,521,bus,RUT:ServiceJourney:b5a4016c2f5bee3e80d37ea27e57950a,False,planned,False,,,,,2026-09-07T20:27:16.249662+02:00
NSR:StopPlace:60944,Ski stasjon,2026-09-07T16:49:00+02:00,2026-09-07T16:49:00+02:00,,0.0,0,Kråkstad,RUT:Line:525,Kråkstad - Ski - Kråkstad,525,bus,RUT:ServiceJourney:ce61a14149bb3a3829439eff129e852b,False,planned,False,,,,,2026-09-07T20:27:16.249662+02:00
NSR:StopPlace:60944,Ski stasjon,2026-09-07T16:51:00+02:00,2026-09-07T16:51:00+02:00,,0.0,0,Kolbotn torg,RUT:Line:580,Kolbotn - Ski,580,bus,RUT:ServiceJourney:0670376b2130164c3baf24abdead530b,False,planned,False,,,,,2026-09-07T20:27:16.249662+02:00
NSR:StopPlace:60944,Ski stasjon,2026-09-07T16:52:00+02:00,2026-09-07T16:52:00+02:00,,0.0,0,Ski stasjon,RUT:Line:510,Bøleråsen - Ski - Ås - Drøbak,510,bus,RUT:ServiceJourney:67f688bf5fbae1a3e88be99c10f10912,False,planned,False,,,,,2026-09-07T20:27:16.249662+02:00
NSR:StopPlace:60944,Ski stasjon,2026-09-07T16:52:00+02:00,2026-09-07T16:52:00+02:00,,0.0,0,Stabekk,VYG:Line:R21,Stabekk-Oslo S-Moss,R21,rail,VYG:ServiceJourney:1150-MOS_443033-R,False,planned,False,,,,,2026-09-07T20:27:16.249662+02:00
NSR:StopPlace:60944,Ski stasjon,2026-09-07T16:54:00+02:00,2026-09-07T16:54:00+02:00,,0.0,0,Bøleråsen,RUT:Line:510,Bøleråsen - Ski - Ås - Drøbak,510,bus,RUT:ServiceJourney:492b4dc1e2022140fd048194285891ac,False,planned,False,,,,,2026-09-07T20:27:16.249662+02:00
NSR:StopPlace:60944,Ski stasjon,2026-09-07T16:54:00+02:00,2026-09-07T16:54:00+02:00,,0.0,0,Drøbak - Seiersten,RUT:Line:510,Bøleråsen - Ski - Ås - Drøbak,510,bus,RUT:ServiceJourney:67857836fb84b1dce2ffc9fd5e598fa9,False,planned,False,,,,,2026-09-07T20:27:16.249662+02:00
NSR:StopPlace:60944,Ski stasjon,2026-09-07T16:54:00+02:00,2026-09-07T16:54:00+02:00,,0.0,0,Skøyen,VYG:Line:L2,Stabekk-Oslo S-Ski,L2,rail,VYG:ServiceJourney:2852-SKI_488387-R,False,planned,False,,,,,2026-09-07T20:27:16.249662+02:00
NSR:StopPlace:60944,Ski stasjon,2026-09-07T16:54:00+02:00,2026-09-07T16:54:00+02:00,,0.0,0,Kråkstad,RUT:Line:525,Kråkstad - Ski - Kråkstad,525,bus,RUT:ServiceJourney:ce61a14149bb3a3829439eff129e852b,False,planned,False,,,,,2026-09-07T20:27:16.249662+02:00
NSR:StopPlace:60944,Ski stasjon,2026-09-07T16:56:00+02:00,2026-09-07T16:56:00+02:00,,0.0,0,Oslo S,VYG:Line:RX20,Oslo S-Halden-Göteborg,RX20,rail,VYG:ServiceJourney:156_443207-R,False,planned,False,Færre vogner,Denne avgangen kjører dessverre med 5 vogner i stedet for 10 vogner. Dette skyldes at vi mangler et togsett.,general,normal,2026-09-07T20:27:16.249662+02:00
NSR:StopPlace:60944,Ski stasjon,2026-09-07T16:57:00+02:00,2026-09-07T16:57:00+02:00,,0.0,0,Vinterbro,RUT:Line:520,Vinterbro - Ski stasjon,520,bus,RUT:ServiceJourney:47f6bebd902ea5d3e49396cedd769549,False,planned,False,,,,,2026-09-07T20:27:16.249662+02:00
NSR:StopPlace:60944,Ski stasjon,2026-09-07T16:59:00+02:00,2026-09-07T16:59:00+02:00,,0.0,0,Ski næringspark,RUT:Line:520,Vinterbro - Ski stasjon,520,bus,RUT:ServiceJourney:ebd82ac25cc2eefe1da35e50bf3ef2fc,False,planned,False,,,,,2026-09-07T20:27:16.249662+02:00
NSR:StopPlace:60944,Ski stasjon,2026-09-07T17:02:00+02:00,2026-09-07T17:02:00+02:00,,0.0,0,Siggerud,RUT:Line:515,Ski - Oslo,515,bus,RUT:ServiceJourney:97afa0af83b5c1fcbeb4679a7940fd5d,False,planned,False,,,,,2026-09-07T20:27:16.249662+02:00
NSR:StopPlace:60944,Ski stasjon,2026-09-07T17:04:00+02:00,2026-09-07T17:04:00+02:00,,0.0,0,Bøleråsen,RUT:Line:510,Bøleråsen - Ski - Ås - Drøbak,510,bus,RUT:ServiceJourney:e89c0875ea5e7b33001af0ad0ee9fd17,False,planned,False,,,,,2026-09-07T20:27:16.249662+02:00
NSR:StopPlace:60944,Ski stasjon,2026-09-07T17:04:00+02:00,2026-09-07T17:04:00+02:00,,0.0,0,TusenFryd,RUT:Line:521,TusenFryd - Ski stasjon,521,bus,RUT:ServiceJourney:56e4db5ba991767dba1b0d4928dc9b70,False,planned,False,,,,,2026-09-07T20:27:16.249662+02:00
NSR:StopPlace:60944,Ski stasjon,2026-09-07T17:04:00+02:00,2026-09-07T17:04:00+02:00,,0.0,0,Kråkstad,RUT:Line:525,Kråkstad - Ski - Kråkstad,525,bus,RUT:ServiceJourney:5da946d9d136d069cc89e0942da60901,False,planned,False,,,,,2026-09-07T20:27:16.249662+02:00
NSR:StopPlace:60944,Ski stasjon,2026-09-07T17:05:00+02:00,2026-09-07T17:05:00+02:00,,0.0,0,Moss,VYG:Line:R21,Stabekk-Oslo S-Moss,R21,rail,VYG:ServiceJourney:1147-HVK_443026-R,False,planned,False,,,,,2026-09-07T20:27:16.249662+02:00
NSR:StopPlace:60944,Ski stasjon,2026-09-07T17:08:00+02:00,2026-09-07T17:08:00+02:00,,0.0,0,Oslo S,VYG:Line:R23,Stabekk-Oslo S-Moss,R23,rail,VYG:ServiceJourney:1548_673616-R,False,planned,False,,,,,2026-09-07T20:27:16.249662+02:00
NSR:StopPlace:60944,Ski stasjon,2026-09-07T17:09:00+02:00,2026-09-07T17:09:00+02:00,,0.0,0,Kråkstad,RUT:Line:525,Kråkstad - Ski - Kråkstad,525,bus,RUT:ServiceJourney:5da946d9d136d069cc89e0942da60901,False,planned,False,,,,,2026-09-07T20:27:16.249662+02:00
NSR:StopPlace:60944,Ski stasjon,2026-09-07T17:12:00+02:00,2026-09-07T17:12:00+02:00,,0.0,0,Vinterbro,RUT:Line:520,Vinterbro - Ski stasjon,520,bus,RUT:ServiceJourney:4cef1589f052bf75a400b8c091e55d4b,False,planned,False,,,,,2026-09-07T20:27:16.249662+02:00
NSR:StopPlace:60944,Ski stasjon,2026-09-07T17:14:00+02:00,2026-09-07T17:14:00+02:00,,0.0,0,Bøleråsen,RUT:Line:510,Bøleråsen - Ski - Ås - Drøbak,510,bus,RUT:ServiceJourney:251b77d36d49f00876a8c3d83e98e740,False,planned,False,,,,,2026-09-07T20:27:16.249662+02:00
NSR:StopPlace:60944,Ski stasjon,2026-09-07T17:14:00+02:00,2026-09-07T17:14:00+02:00,,0.0,0,Drøbak - Seiersten,RUT:Line:510,Bøleråsen - Ski - Ås - Drøbak,510,bus,RUT:ServiceJourney:41c0dfe5e80d787aab728863d1117006,False,planned,False,,,,,2026-09-07T20:27:16.249662+02:00
NSR:StopPlace:60944,Ski stasjon,2026-09-07T17:14:00+02:00,2026-09-07T17:14:00+02:00,,0.0,0,Ski næringspark,RUT:Line:520,Vinterbro - Ski stasjon,520,bus,RUT:ServiceJourney:16151681ad46e5d6c487e28b5bd335be,False,planned,False,,,,,2026-09-07T20:27:16.249662+02:00
NSR:StopPlace:59977,Trondheim S,2026-09-07T16:28:00+02:00,2026-09-07T16:28:00+02:00,,0.0,0,Pirbadet,ATB:Line:2_21,Brattøra- Sentrum- Trolla,21,bus,ATB:ServiceJourney:21_251215112549276_47,False,planned,False,,,,,2026-09-07T20:27:16.249662+02:00
NSR:StopPlace:59977,Trondheim S,2026-09-07T16:29:00+02:00,2026-09-07T16:29:00+02:00,,0.0,0,Rate via sentrum,ATB:Line:2_10,Sæterbakken- Strindheim- Sentrum- Ratesvingen,10,bus,ATB:ServiceJourney:10_260311106204524_108,False,planned,False,,,,,2026-09-07T20:27:16.249662+02:00
NSR:StopPlace:59977,Trondheim S,2026-09-07T16:31:00+02:00,2026-09-07T16:31:00+02:00,,0.0,0,Hurtigbåtterminalen,ATB:Line:2_25,Vikåsen- Strindheim- Singsaker,25,bus,ATB:ServiceJourney:25_251215112543242_124,False,planned,False,,,,,2026-09-07T20:27:16.249662+02:00
NSR:StopPlace:59977,Trondheim S,2026-09-07T16:33:00+02:00,2026-09-07T16:33:00+02:00,,0.0,0,Fortuna/Sæterb. via Strindheim,ATB:Line:2_10,Sæterbakken- Strindheim- Sentrum- Ratesvingen,10,bus,ATB:ServiceJourney:10_260311106204142_107,False,planned,False,,,,,2026-09-07T20:27:16.249662+02:00
NSR:StopPlace:59977,Trondheim S,2026-09-07T16:33:00+02:00,2026-09-07T16:33:00+02:00,,0.0,0,Fosslia fjellhall,ATB:Line:2_311,Stjørdal - Trondheim,311,bus,ATB:ServiceJourney:311_260106098642697_61,False,planned,False,Endret tilbud ved Vikelvvegen,Sydgående avkjøringsrampe fra E6 ved Reppe er stengt frem til 21. september. Vikelvvegen og Ranheim fabrikker til sentrum blir ikke betjent av linje 311 i perioden. ,general,normal,2026-09-07T20:27:16.249662+02:00
NSR:StopPlace:59977,Trondheim S,2026-09-07T16:35:00+02:00,2026-09-07T16:35:00+02:00,,0.0,0,Pirbadet,ATB:Line:2_23,Brattøra - St. Olavs - Hallset - Flatåsen - Sandmoen,23,bus,ATB:ServiceJourney:23_251215112545546_85,False,planned,False,,,,,2026-09-07T20:27:16.249662+02:00
NSR:StopPlace:59977,Trondheim S,2026-09-07T16:35:00+02:00,2026-09-07T16:35:00+02:00,,0.0,0,Strindheim via Lade,ATB:Line:2_2,Strindheim- Lade- sentrum- Sau,2,bus,ATB:ServiceJourney:2_251215112549886_167,False,planned,False,,,,,2026-09-07T20:27:16.249662+02:00
NSR:StopPlace:59977,Trondheim S,2026-09-07T16:35:00+02:00,2026-09-07T16:35:00+02:00,,0.0,0,Lund via Kolstad-Heimdal,ATB:Line:2_2,Strindheim- Lade- sentrum- Sau,2,bus,ATB:ServiceJourney:2_251215112550331_166,False,planned,False,,,,,2026-09-07T20:27:16.249662+02:00
NSR:StopPlace:59977,Trondheim S,2026-09-07T16:36:00+02:00,2026-09-07T16:36:00+02:00,,0.0,0,Vikåsen via Singsaker,ATB:Line:2_25,Vikåsen- Strindheim- Singsaker,25,bus,ATB:ServiceJourney:25_251215112543396_123,False,planned,False,,,,,2026-09-07T20:27:16.249662+02:00
NSR:StopPlace:59977,Trondheim S,2026-09-07T16:36:00+02:00,2026-09-07T16:36:00+02:00,,0.0,0,Sandmoen via St. Olavs h.-Byåsen,ATB:Line:2_23,Brattøra - St. Olavs - Hallset - Flatåsen - Sandmoen,23,bus,ATB:ServiceJourney:23_251215112545558_92,False,planned,False,,,,,2026-09-07T20:27:16.249662+02:00
NSR:StopPlace:59977,Trondheim S,2026-09-07T16:37:00+02:00,2026-09-07T16:37:00+02:00,,0.0,0,Vikhammeråsen via Brattøra,ATB:Line:2_79,Sluppen/Strindheim - Være - Vikhammeråsen,79,bus,ATB:ServiceJourney:79_251215112551139_44,False,planned,False,,,,,2026-09-07T20:27:16.249662+02:00
NSR:StopPlace:59977,Trondheim S,2026-09-07T16:37:00+02:00,2026-09-07T16:37:00+02:00,,0.0,0,Ratesvingen via sentrum,ATB:Line:2_10,Sæterbakken- Strindheim- Sentrum- Ratesvingen,10,bus,ATB:ServiceJourney:10_260311106201978_110,False,planned,False,,,,,2026-09-07T20:27:16.249662+02:00
NSR:StopPlace:59977,Trondheim S,2026-09-07T16:39:00+02:00,2026-09-07T16:39:00+02:00,,0.0,0,Romolslia via St. Olavs hospital,ATB:Line:2_20,Grillstad - Strindheim - Ladehammeren- Sentrum - Romolslia,20,bus,ATB:ServiceJourney:20_251215112548120_62,False,planned,False,,,,,2026-09-07T20:27:16.249662+02:00
NSR:StopPlace:59977,Trondheim S,2026-09-07T16:40:00+02:00,2026-09-07T16:40:00+02:00,,0.0,0,Orkanger skysst. via fv. 800,ATB:Line:2_410,Trondheim - Orkanger - (Fannrem) via fv. 800,410,bus,ATB:ServiceJourney:410_260106098639906_24,False,planned,False,,,,,2026-09-07T20:27:16.249662+02:00
NSR:StopPlace:59977,Trondheim S,2026-09-07T16:40:00+02:00,2026-09-07T16:40:00+02:00,,0.0,0,Fortuna/Sæterb. via Strindheim,ATB:Line:2_10,Sæterbakken- Strindheim- Sentrum- Ratesvingen,10,bus,ATB:ServiceJourney:10_260311106204132_109,False,planned,False,,,,,2026-09-07T20:27:16.249662+02:00
NSR:StopPlace:59977,Trondheim S,2026-09-07T16:41:00+02:00,2026-09-07T16:41:00+02:00,,0.0,0,Valøyvegen,ATB:Line:2_311,Stjørdal - Trondheim,311,bus,ATB:ServiceJourney:311_260106098642756_64,False,planned,False,Endret tilbud ved Vikelvvegen,Sydgående avkjøringsrampe fra E6 ved Reppe er stengt frem til 21. september. Vikelvvegen og Ranheim fabrikker til sentrum blir ikke betjent av linje 311 i perioden. ,general,normal,2026-09-07T20:27:16.249662+02:00
NSR:StopPlace:59977,Trondheim S,2026-09-07T16:41:00+02:00,2026-09-07T16:41:00+02:00,,0.0,0,Hurtigbåtterminalen,ATB:Line:2_25,Vikåsen- Strindheim- Singsaker,25,bus,ATB:ServiceJourney:25_251215112543243_126,False,planned,False,,,,,2026-09-07T20:27:16.249662+02:00
NSR:StopPlace:59977,Trondheim S,2026-09-07T16:42:00+02:00,2026-09-07T16:42:00+02:00,,0.0,0,Grillstad via Ladeham.-Strindh.,ATB:Line:2_20,Grillstad - Strindheim - Ladehammeren- Sentrum - Romolslia,20,bus,ATB:ServiceJourney:20_251215112548112_65,False,planned,False,,,,,2026-09-07T20:27:16.249662+02:00
NSR:StopPlace:59977,Trondheim S,2026-09-07T16:42:00+02:00,2026-09-07T16:42:00+02:00,,0.0,0,Trolla via sentrum,ATB:Line:2_21,Brattøra- Sentrum- Trolla,21,bus,ATB:ServiceJourney:21_251215112549176_40,False,planned,False,,,,,2026-09-07T20:27:16.249662+02:00
NSR:StopPlace:59977,Trondheim S,2026-09-07T16:43:00+02:00,2026-09-07T16:43:00+02:00,,0.0,0,D Muruvik via Brattøra,ATB:Line:2_70,Stjørdal/Hommelvik- Trondheim,70,bus,ATB:ServiceJourney:70_251215112546894_73,False,planned,False,,,,,2026-09-07T20:27:16.249662+02:00
NSR:StopPlace:59977,Trondheim S,2026-09-07T16:44:00+02:00,2026-09-07T16:44:00+02:00,,0.0,0,Ratesvingen via sentrum,ATB:Line:2_10,Sæterbakken- Strindheim- Sentrum- Ratesvingen,10,bus,ATB:ServiceJourney:10_260311106202077_112,False,planned,False,,,,,2026-09-07T20:27:16.249662+02:00
NSR:StopPlace:59977,Trondheim S,2026-09-07T16:45:00+02:00,2026-09-07T16:45:00+02:00,,0.0,0,Ler,SJN:Line:26,Trønderbanen,R70,rail,SJN:ServiceJourney:440_56069-R,False,planned,False,,,,,2026-09-07T20:27:16.249662+02:00
NSR:StopPlace:59977,Trondheim S,2026-09-07T16:45:00+02:00,2026-09-07T16:45:00+02:00,,0.0,0,Pirbadet,ATB:Line:2_23,Brattøra - St. Olavs - Hallset - Flatåsen - Sandmoen,23,bus,ATB:ServiceJourney:23_251215112545547_87,False,planned,False,,,,,2026-09-07T20:27:16.249662+02:00
NSR:StopPlace:59977,Trondheim S,2026-09-07T16:45:00+02:00,2026-09-07T16:45:00+02:00,,0.0,0,Strindheim via Lade,ATB:Line:2_2,Strindheim- Lade- sentrum- Sau,2,bus,ATB:ServiceJourney:2_251215112549887_169,False,planned,False,,,,,2026-09-07T20:27:16.249662+02:00
NSR:StopPlace:59977,Trondheim S,2026-09-07T16:45:00+02:00,2026-09-07T16:45:00+02:00,,0.0,0,Lund via Kolstad-Heimdal,ATB:Line:2_2,Strindheim- Lade- sentrum- Sau,2,bus,ATB:ServiceJourney:2_251215112550332_168,False,planned,False,,,,,2026-09-07T20:27:16.249662+02:00
NSR:StopPlace:59977,Trondheim S,2026-09-07T16:46:00+02:00,2026-09-07T16:46:00+02:00,,0.0,0,Vikåsen via Singsaker,ATB:Line:2_25,Vikåsen- Strindheim- Singsaker,25,bus,ATB:ServiceJourney:25_251215112543397_125,False,planned,False,,,,,2026-09-07T20:27:16.249662+02:00
NSR:StopPlace:59977,Trondheim S,2026-09-07T16:46:00+02:00,2026-09-07T16:46:00+02:00,,0.0,0,Sandmoen via St. Olavs h.-Byåsen,ATB:Line:2_23,Brattøra - St. Olavs - Hallset - Flatåsen - Sandmoen,23,bus,ATB:ServiceJourney:23_251215112545559_94,False,planned,False,,,,,2026-09-07T20:27:16.249662+02:00
NSR:StopPlace:59977,Trondheim S,2026-09-07T16:48:00+02:00,2026-09-07T16:48:00+02:00,,0.0,0,Fortuna/Sæterb. via Strindheim,ATB:Line:2_10,Sæterbakken- Strindheim- Sentrum- Ratesvingen,10,bus,ATB:ServiceJourney:10_260311106204024_111,False,planned,False,,,,,2026-09-07T20:27:16.249662+02:00
NSR:StopPlace:59977,Trondheim S,2026-09-07T16:48:00+02:00,2026-09-07T16:48:00+02:00,,0.0,0,Stjørdal stasjon,ATB:Line:2_311,Stjørdal - Trondheim,311,bus,ATB:ServiceJourney:311_260106098642782_63,False,planned,False,Endret tilbud ved Vikelvvegen,Sydgående avkjøringsrampe fra E6 ved Reppe er stengt frem til 21. september. Vikelvvegen og Ranheim fabrikker til sentrum blir ikke betjent av linje 311 i perioden. ,general,normal,2026-09-07T20:27:16.249662+02:00
NSR:StopPlace:59977,Trondheim S,2026-09-07T16:51:00+02:00,2026-09-07T16:51:00+02:00,,0.0,0,Hurtigbåtterminalen,ATB:Line:2_25,Vikåsen- Strindheim- Singsaker,25,bus,ATB:ServiceJourney:25_251215112543244_128,False,planned,False,,,,,2026-09-07T20:27:16.249662+02:00
NSR:StopPlace:59977,Trondheim S,2026-09-07T16:52:00+02:00,2026-09-07T16:52:00+02:00,,0.0,0,Vikhammeråsen via Brattøra,ATB:Line:2_79,Sluppen/Strindheim - Være - Vikhammeråsen,79,bus,ATB:ServiceJourney:79_251215112551135_46,False,planned,False,,,,,2026-09-07T20:27:16.249662+02:00
NSR:StopPlace:59977,Trondheim S,2026-09-07T16:52:00+02:00,2026-09-07T16:52:00+02:00,,0.0,0,Ratesvingen via sentrum,ATB:Line:2_10,Sæterbakken- Strindheim- Sentrum- Ratesvingen,10,bus,ATB:ServiceJourney:10_260311106201992_114,False,planned,False,,,,,2026-09-07T20:27:16.249662+02:00
NSR:StopPlace:59977,Trondheim S,2026-09-07T16:54:00+02:00,2026-09-07T16:54:00+02:00,,0.0,0,Fortuna/Sæterb. via Strindheim,ATB:Line:2_10,Sæterbakken- Strindheim- Sentrum- Ratesvingen,10,bus,ATB:ServiceJourney:10_260311106198530_113,False,planned,False,,,,,2026-09-07T20:27:16.249662+02:00
NSR:StopPlace:59977,Trondheim S,2026-09-07T16:54:00+02:00,2026-09-07T16:54:00+02:00,,0.0,0,Romolslia via Tempevegen,ATB:Line:2_20,Grillstad - Strindheim - Ladehammeren- Sentrum - Romolslia,20,bus,ATB:ServiceJourney:20_251215112548185_64,False,planned,False,,,,,2026-09-07T20:27:16.249662+02:00
NSR:StopPlace:59977,Trondheim S,2026-09-07T16:55:00+02:00,2026-09-07T16:55:00+02:00,,0.0,0,Pirbadet,ATB:Line:2_23,Brattøra - St. Olavs - Hallset - Flatåsen - Sandmoen,23,bus,ATB:ServiceJourney:23_251215112545548_89,False,planned,False,,,,,2026-09-07T20:27:16.249662+02:00
NSR:StopPlace:59977,Trondheim S,2026-09-07T16:55:00+02:00,2026-09-07T16:55:00+02:00,,0.0,0,Strindheim via Lade,ATB:Line:2_2,Strindheim- Lade- sentrum- Sau,2,bus,ATB:ServiceJourney:2_251215112549888_171,False,planned,False,,,,,2026-09-07T20:27:16.249662+02:00
NSR:StopPlace:59977,Trondheim S,2026-09-07T16:55:00+02:00,2026-09-07T16:55:00+02:00,,0.0,0,Lund via Kolstad-Heimdal,ATB:Line:2_2,Strindheim- Lade- sentrum- Sau,2,bus,ATB:ServiceJourney:2_251215112550333_170,False,planned,False,,,,,2026-09-07T20:27:16.249662+02:00
NSR:StopPlace:59977,Trondheim S,2026-09-07T16:56:00+02:00,2026-09-07T16:56:00+02:00,,0.0,0,Valøyvegen,ATB:Line:2_311,Stjørdal - Trondheim,311,bus,ATB:ServiceJourney:311_260106098642757_66,False,planned,False,Endret tilbud ved Vikelvvegen,Sydgående avkjøringsrampe fra E6 ved Reppe er stengt frem til 21. september. Vikelvvegen og Ranheim fabrikker til sentrum blir ikke betjent av linje 311 i perioden. ,general,normal,2026-09-07T20:27:16.249662+02:00
NSR:StopPlace:59977,Trondheim S,2026-09-07T16:56:00+02:00,2026-09-07T16:56:00+02:00,,0.0,0,Vikåsen via Singsaker,ATB:Line:2_25,Vikåsen- Strindheim- Singsaker,25,bus,ATB:ServiceJourney:25_251215112543398_127,False,planned,False,,,,,2026-09-07T20:27:16.249662+02:00
NSR:StopPlace:59977,Trondheim S,2026-09-07T16:57:00+02:00,2026-09-07T16:57:00+02:00,,0.0,0,Grillstad via Ladeham.-Strindh.,ATB:Line:2_20,Grillstad - Strindheim - Ladehammeren- Sentrum - Romolslia,20,bus,ATB:ServiceJourney:20_251215112548257_67,False,planned,False,,,,,2026-09-07T20:27:16.249662+02:00
NSR:StopPlace:59977,Trondheim S,2026-09-07T16:58:00+02:00,2026-09-07T16:58:00+02:00,,0.0,0,Pirbadet,ATB:Line:2_21,Brattøra- Sentrum- Trolla,21,bus,ATB:ServiceJourney:21_251215112549277_49,False,planned,False,,,,,2026-09-07T20:27:16.249662+02:00
NSR:StopPlace:59977,Trondheim S,2026-09-07T16:59:00+02:00,2026-09-07T16:59:00+02:00,,0.0,0,Ratesvingen via sentrum,ATB:Line:2_10,Sæterbakken- Strindheim- Sentrum- Ratesvingen,10,bus,ATB:ServiceJourney:10_260311106202004_116,False,planned,False,,,,,2026-09-07T20:27:16.249662+02:00
NSR:StopPlace:59977,Trondheim S,2026-09-07T17:01:00+02:00,2026-09-07T17:01:00+02:00,,0.0,0,Hurtigbåtterminalen,ATB:Line:2_25,Vikåsen- Strindheim- Singsaker,25,bus,ATB:ServiceJourney:25_251215112543245_130,False,planned,False,,,,,2026-09-07T20:27:16.249662+02:00
NSR:StopPlace:59977,Trondheim S,2026-09-07T17:03:00+02:00,2026-09-07T17:03:00+02:00,,0.0,0,Valøyvegen,ATB:Line:2_311,Stjørdal - Trondheim,311,bus,ATB:ServiceJourney:311_260106098642728_68,False,planned,False,Endret tilbud ved Vikelvvegen,Sydgående avkjøringsrampe fra E6 ved Reppe er stengt frem til 21. september. Vikelvvegen og Ranheim fabrikker til sentrum blir ikke betjent av linje 311 i perioden. ,general,normal,2026-09-07T20:27:16.249662+02:00
NSR:StopPlace:59983,Bergen stasjon,2026-09-07T16:57:00+02:00,2026-09-07T16:57:00+02:00,,0.0,0,Arna,VYG:Line:L4,Bergen-Arna,L4,rail,VYG:ServiceJourney:2648_443863-R,False,planned,False,,,,,2026-09-07T20:27:16.249662+02:00
NSR:StopPlace:59983,Bergen stasjon,2026-09-07T17:12:00+02:00,2026-09-07T17:12:00+02:00,,0.0,0,Arna,VYG:Line:L4,Bergen-Arna,L4,rail,VYG:ServiceJourney:2548_443806-R,False,planned,False,,,,,2026-09-07T20:27:16.249662+02:00
NSR:StopPlace:59983,Bergen stasjon,2026-09-07T17:27:00+02:00,2026-09-07T17:27:00+02:00,,0.0,0,Arna,VYG:Line:L4,Bergen-Arna,L4,rail,VYG:ServiceJourney:2650_443865-R,False,planned,False,,,,,2026-09-07T20:27:16.249662+02:00
NSR:StopPlace:59983,Bergen stasjon,2026-09-07T17:42:00+02:00,2026-09-07T17:42:00+02:00,,0.0,0,Arna,VYG:Line:L4,Bergen-Arna,L4,rail,VYG:ServiceJourney:2550_443809-R,False,planned,False,,,,,2026-09-07T20:27:16.249662+02:00
NSR:StopPlace:59174,Løkken stasjon,2026-09-07T17:22:00+02:00,2026-09-07T17:22:00+02:00,,0.0,0,Meldal rutebilstasjon,ATB:Line:2_460,Orkanger - Meldal - Berkåk,460,bus,ATB:ServiceJourney:460_260106098640552_14,False,planned,False,,,,,2026-09-07T20:27:16.249662+02:00
NSR:StopPlace:59180,Karlstad Centralstation,2026-09-07T17:25:00+02:00,2026-09-07T17:25:00+02:00,,0.0,0,Stockholm,SJV:Line:cfac9102-49ef-476c-8663-a6d468ee4f36,Stockholm-Hallsberg-Karlstad-Oslo,70,rail,SJV:ServiceJourney:93878a0f-ed9e-44b6-b2de-9fffb37a762b,False,planned,False,,,,,2026-09-07T20:27:16.249662+02:00
NSR:StopPlace:59180,Karlstad Centralstation,2026-09-07T18:17:00+02:00,2026-09-07T18:17:00+02:00,,0.0,0,Oslo,SJV:Line:cfac9102-49ef-476c-8663-a6d468ee4f36,Stockholm-Hallsberg-Karlstad-Oslo,70,rail,SJV:ServiceJourney:f59f3584-31a7-4ab0-bd01-0245b6e36da4,False,planned,False,,,,,2026-09-07T20:27:16.249662+02:00
NSR:StopPlace:59180,Karlstad Centralstation,2026-09-07T19:36:00+02:00,2026-09-07T19:36:00+02:00,,0.0,0,Stockholm,SJV:Line:cfac9102-49ef-476c-8663-a6d468ee4f36,Stockholm-Hallsberg-Karlstad-Oslo,70,rail,SJV:ServiceJourney:6e4dcfd0-8b9a-415b-a449-46574a457867,False,planned,False,,,,,2026-09-07T20:27:16.249662+02:00
NSR:StopPlace:59181,Kristinehamn station,2026-09-07T17:35:00+02:00,2026-09-07T17:35:00+02:00,,0.0,0,Karlstad,VYB:Line:26,850 Oslo - Arlanda - Stockholm,850,coach,VYB:ServiceJourney:c12cca2671f29b9799d1e5baf6bf47cc5a0c80ea,False,planned,False,,,,,2026-09-07T20:27:16.249662+02:00
NSR:StopPlace:59181,Kristinehamn station,2026-09-07T17:50:00+02:00,2026-09-07T17:50:00+02:00,,0.0,0,Stockholm,SJV:Line:cfac9102-49ef-476c-8663-a6d468ee4f36,Stockholm-Hallsberg-Karlstad-Oslo,70,rail,SJV:ServiceJourney:93878a0f-ed9e-44b6-b2de-9fffb37a762b,False,planned,False,,,,,2026-09-07T20:27:16.249662+02:00
NSR:StopPlace:59181,Kristinehamn station,2026-09-07T17:51:00+02:00,2026-09-07T17:51:00+02:00,,0.0,0,Karlstad-Oslo,SJV:Line:cfac9102-49ef-476c-8663-a6d468ee4f36,Stockholm-Hallsberg-Karlstad-Oslo,70,rail,SJV:ServiceJourney:f59f3584-31a7-4ab0-bd01-0245b6e36da4,False,planned,False,,,,,2026-09-07T20:27:16.249662+02:00
NSR:StopPlace:59181,Kristinehamn station,2026-09-07T18:45:00+02:00,2026-09-07T18:45:00+02:00,,0.0,0,Karlstad,VYB:Line:26,850 Oslo - Arlanda - Stockholm,850,coach,VYB:ServiceJourney:11e571015cfd5c69d2946f88cd4cb73ef9dee1dd,False,planned,False,,,,,2026-09-07T20:27:16.249662+02:00
NSR:StopPlace:59181,Kristinehamn station,2026-09-07T19:05:00+02:00,2026-09-07T19:05:00+02:00,,0.0,0,Arlanda,VYB:Line:26,850 Oslo - Arlanda - Stockholm,850,coach,VYB:ServiceJourney:b459297e39c475e83cabacd015f32c1f05ae36e3,False,planned,False,,,,,2026-09-07T20:27:16.249662+02:00
NSR:StopPlace:59181,Kristinehamn station,2026-09-07T19:45:00+02:00,2026-09-07T19:45:00+02:00,,0.0,0,Karlstad,VYB:Line:26,850 Oslo - Arlanda - Stockholm,850,coach,VYB:ServiceJourney:e8d90605147c4a1c280298f6cd196ebd3214351f,False,planned,False,,,,,2026-09-07T20:27:16.249662+02:00
NSR:StopPlace:59181,Kristinehamn station,2026-09-07T19:58:00+02:00,2026-09-07T19:58:00+02:00,,0.0,0,Stockholm,SJV:Line:cfac9102-49ef-476c-8663-a6d468ee4f36,Stockholm-Hallsberg-Karlstad-Oslo,70,rail,SJV:ServiceJourney:6e4dcfd0-8b9a-415b-a449-46574a457867,False,planned,False,,,,,2026-09-07T20:27:16.249662+02:00
NSR:StopPlace:59182,Örebro Centralstation,2026-09-07T16:30:00+02:00,2026-09-07T16:30:00+02:00,,0.0,0,Arlanda,VYB:Line:26,850 Oslo - Arlanda - Stockholm,850,coach,VYB:ServiceJourney:084817582b83bf737edcf2a89c69cfa7409295f1,False,planned,False,Örebro läge X,,general,normal,2026-09-07T20:27:16.249662+02:00
NSR:StopPlace:59182,Örebro Centralstation,2026-09-07T16:35:00+02:00,2026-09-07T16:35:00+02:00,,0.0,0,Karlstad,VYB:Line:26,850 Oslo - Arlanda - Stockholm,850,coach,VYB:ServiceJourney:c12cca2671f29b9799d1e5baf6bf47cc5a0c80ea,False,planned,False,Örebro läge X,,general,normal,2026-09-07T20:27:16.249662+02:00
NSR:StopPlace:59182,Örebro Centralstation,2026-09-07T17:35:00+02:00,2026-09-07T17:35:00+02:00,,0.0,0,Arlanda,VYB:Line:26,850 Oslo - Arlanda - Stockholm,850,coach,VYB:ServiceJourney:ebb90a61c1eb9eb0d3c8e557b8bcf7c2a04c4625,False,planned,False,Örebro läge X,,general,normal,2026-09-07T20:27:16.249662+02:00
NSR:StopPlace:59182,Örebro Centralstation,2026-09-07T17:40:00+02:00,2026-09-07T17:40:00+02:00,,0.0,0,Karlstad,VYB:Line:26,850 Oslo - Arlanda - Stockholm,850,coach,VYB:ServiceJourney:11e571015cfd5c69d2946f88cd4cb73ef9dee1dd,False,planned,False,Örebro läge X,,general,normal,2026-09-07T20:27:16.249662+02:00
NSR:StopPlace:59182,Örebro Centralstation,2026-09-07T18:40:00+02:00,2026-09-07T18:40:00+02:00,,0.0,0,Karlstad,VYB:Line:26,850 Oslo - Arlanda - Stockholm,850,coach,VYB:ServiceJourney:e8d90605147c4a1c280298f6cd196ebd3214351f,False,planned,False,Örebro läge X,,general,normal,2026-09-07T20:27:16.249662+02:00
NSR:StopPlace:59182,Örebro Centralstation,2026-09-07T19:20:00+02:00,2026-09-07T19:20:00+02:00,,0.0,0,Arlanda,VYB:Line:26,850 Oslo - Arlanda - Stockholm,850,coach,VYB:ServiceJourney:ff1059e0ed9e2bc99908720975219c075b09ea05,False,planned,False,Örebro läge X,,general,normal,2026-09-07T20:27:16.249662+02:00
NSR:StopPlace:59182,Örebro Centralstation,2026-09-07T19:25:00+02:00,2026-09-07T19:25:00+02:00,,0.0,0,Karlstad,VYB:Line:26,850 Oslo - Arlanda - Stockholm,850,coach,VYB:ServiceJourney:38d3ea42e3c6baba32b2e58f9cbfd7bcaa01efa8,False,planned,False,Örebro läge X,,general,normal,2026-09-07T20:27:16.249662+02:00
NSR:StopPlace:59182,Örebro Centralstation,2026-09-07T20:15:00+02:00,2026-09-07T20:15:00+02:00,,0.0,0,Arlanda,VYB:Line:26,850 Oslo - Arlanda - Stockholm,850,coach,VYB:ServiceJourney:b459297e39c475e83cabacd015f32c1f05ae36e3,False,planned,False,Örebro läge X,,general,normal,2026-09-07T20:27:16.249662+02:00
NSR:StopPlace:59185,Arvika station,2026-09-07T16:42:00+02:00,2026-09-07T16:42:00+02:00,,0.0,0,Karlstad-Stockholm,SJV:Line:cfac9102-49ef-476c-8663-a6d468ee4f36,Stockholm-Hallsberg-Karlstad-Oslo,70,rail,SJV:ServiceJourney:93878a0f-ed9e-44b6-b2de-9fffb37a762b,False,planned,False,,,,,2026-09-07T20:27:16.249662+02:00
NSR:StopPlace:59185,Arvika station,2026-09-07T18:56:00+02:00,2026-09-07T18:56:00+02:00,,0.0,0,Karlstad-Stockholm,SJV:Line:cfac9102-49ef-476c-8663-a6d468ee4f36,Stockholm-Hallsberg-Karlstad-Oslo,70,rail,SJV:ServiceJourney:6e4dcfd0-8b9a-415b-a449-46574a457867,False,planned,False,,,,,2026-09-07T20:27:16.249662+02:00
NSR:StopPlace:59185,Arvika station,2026-09-07T18:58:00+02:00,2026-09-07T18:58:00+02:00,,0.0,0,Oslo,SJV:Line:cfac9102-49ef-476c-8663-a6d468ee4f36,Stockholm-Hallsberg-Karlstad-Oslo,70,rail,SJV:ServiceJourney:f59f3584-31a7-4ab0-bd01-0245b6e36da4,False,planned,False,,,,,2026-09-07T20:27:16.249662+02:00
NSR:StopPlace:60017,Slitu stasjon,2026-09-07T16:51:00+02:00,2026-09-07T16:51:00+02:00,,0.0,0,Rakkestad,VYG:Line:R22,Skøyen-Oslo S-Mysen-Rakkestad,R22,rail,VYG:ServiceJourney:1923_443472-R,False,planned,False,,,,,2026-09-07T20:27:16.249662+02:00
NSR:StopPlace:60017,Slitu stasjon,2026-09-07T17:20:00+02:00,2026-09-07T17:20:00+02:00,,0.0,0,Mysen,VYG:Line:R22,Skøyen-Oslo S-Mysen-Rakkestad,R22,rail,VYG:ServiceJourney:1953_443499-R,False,planned,False,,,,,2026-09-07T20:27:16.249662+02:00
NSR:StopPlace:60016,Kråkstad stasjon,2026-09-07T16:49:00+02:00,2026-09-07T16:49:00+02:00,,0.0,0,Mysen,VYG:Line:R22,Skøyen-Oslo S-Mysen-Rakkestad,R22,rail,VYG:ServiceJourney:1953_443499-R,False,planned,False,,,,,2026-09-07T20:27:16.249662+02:00
NSR:StopPlace:60042,Trengereid stasjon,2026-09-07T17:07:00+02:00,2026-09-07T17:07:00+02:00,,0.0,0,Bergen,VYG:Line:R40,Bergen-Voss-Myrdal-Ål,R40,rail,VYG:ServiceJourney:1827_443414-R,False,planned,False,,,,,2026-09-07T20:27:16.249662+02:00
NSR:StopPlace:60047,Melhus skysstasjon,2026-09-07T16:33:00+02:00,2026-09-07T16:33:00+02:00,,0.0,0,Brekkåsen,ATB:Line:2_82,Hesttrøa-Brekkåsen,82,bus,ATB:ServiceJourney:82_251215112550866_89,False,planned,False,Linje 82 og 504,Avvikende kjøring for linje 82 og 504 pga Hølondvegen er stengt. ,general,normal,2026-09-07T20:27:16.249662+02:00
NSR:StopPlace:60047,Melhus skysstasjon,2026-09-07T16:33:00+02:00,2026-09-07T16:33:00+02:00,,0.0,0,Hesttrøa-Uglevegen,ATB:Line:2_982,Ugleveien-Melhus Alt982,982,bus,ATB:ServiceJourney:982_260106098643674_10,False,planned,False,Reisen kansellert,Reisen kansellert,incident,noImpact,2026-09-07T20:27:16.249662+02:00
NSR:StopPlace:60047,Melhus skysstasjon,2026-09-07T16:33:00+02:00,2026-09-07T16:33:00+02:00,,0.0,0,Hesttrøa via Melhus skysstasjon,ATB:Line:2_82,Hesttrøa-Brekkåsen,82,bus,ATB:ServiceJourney:82_251215112550648_90,False,planned,False,Linje 82 og 504,Avvikende kjøring for linje 82 og 504 pga Hølondvegen er stengt. ,general,normal,2026-09-07T20:27:16.249662+02:00
NSR:StopPlace:60047,Melhus skysstasjon,2026-09-07T16:36:00+02:00,2026-09-07T16:36:00+02:00,,0.0,0,Dora via E6 - City Syd E6,ATB:Line:2_71,MelhusSkyss-Trondheim,71,bus,ATB:ServiceJourney:71_251215112545701_82,False,planned,False,,,,,2026-09-07T20:27:16.249662+02:00
NSR:StopPlace:60047,Melhus skysstasjon,2026-09-07T16:43:00+02:00,2026-09-07T16:43:00+02:00,,0.0,0,Brekkåsen,ATB:Line:2_82,Hesttrøa-Brekkåsen,82,bus,ATB:ServiceJourney:82_251215112550879_91,False,planned,False,Linje 82 og 504,Avvikende kjøring for linje 82 og 504 pga Hølondvegen er stengt. ,general,normal,2026-09-07T20:27:16.249662+02:00
NSR:StopPlace:60047,Melhus skysstasjon,2026-09-07T16:43:00+02:00,2026-09-07T16:43:00+02:00,,0.0,0,Hesttrøa via Melhus skysstasjon,ATB:Line:2_82,Hesttrøa-Brekkåsen,82,bus,ATB:ServiceJourney:82_251215112550747_92,False,planned,False,Linje 82 og 504,Avvikende kjøring for linje 82 og 504 pga Hølondvegen er stengt. ,general,normal,2026-09-07T20:27:16.249662+02:00
NSR:StopPlace:60047,Melhus skysstasjon,2026-09-07T16:44:00+02:00,2026-09-07T16:44:00+02:00,,0.0,0,Steinkjer,SJN:Line:26,Trønderbanen,R70,rail,SJN:ServiceJourney:445_56074-R,False,planned,False,,,,,2026-09-07T20:27:16.249662+02:00
NSR:StopPlace:60047,Melhus skysstasjon,2026-09-07T16:45:00+02:00,2026-09-07T16:45:00+02:00,,0.0,0,Varmbu,ATB:Line:2_5003,Melhus - Øyås - Varmbu - Melhus,5003,bus,ATB:ServiceJourney:5003_260106098640535_16,False,planned,False,,,,,2026-09-07T20:27:16.249662+02:00
NSR:StopPlace:60047,Melhus skysstasjon,2026-09-07T16:46:00+02:00,2026-09-07T16:46:00+02:00,,0.0,0,Trondheim S,ATB:Line:2_340,Trondheim - Støren,340,bus,ATB:ServiceJourney:340_260106098639882_45,False,planned,False,,,,,2026-09-07T20:27:16.249662+02:00
NSR:StopPlace:60047,Melhus skysstasjon,2026-09-07T16:48:00+02:00,2026-09-07T16:48:00+02:00,,0.0,0,Støren Rådhus,ATB:Line:2_340,Trondheim - Støren,340,bus,ATB:ServiceJourney:340_260106098640152_20,False,planned,False,,,,,2026-09-07T20:27:16.249662+02:00
NSR:StopPlace:60047,Melhus skysstasjon,2026-09-07T16:53:00+02:00,2026-09-07T16:53:00+02:00,,0.0,0,Brekkåsen,ATB:Line:2_82,Hesttrøa-Brekkåsen,82,bus,ATB:ServiceJourney:82_251215112550768_93,False,planned,False,Linje 82 og 504,Avvikende kjøring for linje 82 og 504 pga Hølondvegen er stengt. ,general,normal,2026-09-07T20:27:16.249662+02:00
NSR:StopPlace:60047,Melhus skysstasjon,2026-09-07T16:53:00+02:00,2026-09-07T16:53:00+02:00,,0.0,0,Hesttrøa via Melhus skysstasjon,ATB:Line:2_82,Hesttrøa-Brekkåsen,82,bus,ATB:ServiceJourney:82_251215112550675_94,False,planned,False,Linje 82 og 504,Avvikende kjøring for linje 82 og 504 pga Hølondvegen er stengt. ,general,normal,2026-09-07T20:27:16.249662+02:00
NSR:StopPlace:60047,Melhus skysstasjon,2026-09-07T16:56:00+02:00,2026-09-07T16:56:00+02:00,,0.0,0,B Dora via Ekra-Tillerterminalen,ATB:Line:2_71,MelhusSkyss-Trondheim,71,bus,ATB:ServiceJourney:71_251215112545657_84,False,planned,False,,,,,2026-09-07T20:27:16.249662+02:00
NSR:StopPlace:60047,Melhus skysstasjon,2026-09-07T17:03:00+02:00,2026-09-07T17:03:00+02:00,,0.0,0,Brekkåsen,ATB:Line:2_82,Hesttrøa-Brekkåsen,82,bus,ATB:ServiceJourney:82_251215112550880_95,False,planned,False,Linje 82 og 504,Avvikende kjøring for linje 82 og 504 pga Hølondvegen er stengt. ,general,normal,2026-09-07T20:27:16.249662+02:00
NSR:StopPlace:60047,Melhus skysstasjon,2026-09-07T17:03:00+02:00,2026-09-07T17:03:00+02:00,,0.0,0,Hesttrøa via Melhus skysstasjon,ATB:Line:2_82,Hesttrøa-Brekkåsen,82,bus,ATB:ServiceJourney:82_251215112550748_96,False,planned,False,Linje 82 og 504,Avvikende kjøring for linje 82 og 504 pga Hølondvegen er stengt. ,general,normal,2026-09-07T20:27:16.249662+02:00
NSR:StopPlace:60047,Melhus skysstasjon,2026-09-07T17:08:00+02:00,2026-09-07T17:08:00+02:00,,0.0,0,Ler,SJN:Line:26,Trønderbanen,R70,rail,SJN:ServiceJourney:440_56069-R,False,planned,False,,,,,2026-09-07T20:27:16.249662+02:00
NSR:StopPlace:60047,Melhus skysstasjon,2026-09-07T17:13:00+02:00,2026-09-07T17:13:00+02:00,,0.0,0,Brekkåsen,ATB:Line:2_82,Hesttrøa-Brekkåsen,82,bus,ATB:ServiceJourney:82_251215112550769_97,False,planned,False,Linje 82 og 504,Avvikende kjøring for linje 82 og 504 pga Hølondvegen er stengt. ,general,normal,2026-09-07T20:27:16.249662+02:00
NSR:StopPlace:60047,Melhus skysstasjon,2026-09-07T17:13:00+02:00,2026-09-07T17:13:00+02:00,,0.0,0,Hesttrøa-Uglevegen,ATB:Line:2_982,Ugleveien-Melhus Alt982,982,bus,ATB:ServiceJourney:982_260106098643676_12,False,planned,False,Reisen kansellert,Reisen kansellert,incident,noImpact,2026-09-07T20:27:16.249662+02:00
NSR:StopPlace:60047,Melhus skysstasjon,2026-09-07T17:13:00+02:00,2026-09-07T17:13:00+02:00,,0.0,0,Hesttrøa via Melhus skysstasjon,ATB:Line:2_82,Hesttrøa-Brekkåsen,82,bus,ATB:ServiceJourney:82_251215112550674_98,False,planned,False,Linje 82 og 504,Avvikende kjøring for linje 82 og 504 pga Hølondvegen er stengt. ,general,normal,2026-09-07T20:27:16.249662+02:00
NSR:StopPlace:60047,Melhus skysstasjon,2026-09-07T17:23:00+02:00,2026-09-07T17:23:00+02:00,,0.0,0,Brekkåsen,ATB:Line:2_82,Hesttrøa-Brekkåsen,82,bus,ATB:ServiceJourney:82_251215112550881_99,False,planned,False,Linje 82 og 504,Avvikende kjøring for linje 82 og 504 pga Hølondvegen er stengt. ,general,normal,2026-09-07T20:27:16.249662+02:00
NSR:StopPlace:60047,Melhus skysstasjon,2026-09-07T17:23:00+02:00,2026-09-07T17:23:00+02:00,,0.0,0,Hesttrøa via Melhus skysstasjon,ATB:Line:2_82,Hesttrøa-Brekkåsen,82,bus,ATB:ServiceJourney:82_251215112550749_100,False,planned,False,Linje 82 og 504,Avvikende kjøring for linje 82 og 504 pga Hølondvegen er stengt. ,general,normal,2026-09-07T20:27:16.249662+02:00
NSR:StopPlace:60047,Melhus skysstasjon,2026-09-07T17:33:00+02:00,2026-09-07T17:33:00+02:00,,0.0,0,Brekkåsen,ATB:Line:2_82,Hesttrøa-Brekkåsen,82,bus,ATB:ServiceJourney:82_251215112550783_101,False,planned,False,Linje 82 og 504,Avvikende kjøring for linje 82 og 504 pga Hølondvegen er stengt. ,general,normal,2026-09-07T20:27:16.249662+02:00
NSR:StopPlace:60047,Melhus skysstasjon,2026-09-07T17:33:00+02:00,2026-09-07T17:33:00+02:00,,0.0,0,Hesttrøa via Melhus skysstasjon,ATB:Line:2_82,Hesttrøa-Brekkåsen,82,bus,ATB:ServiceJourney:82_251215112550653_102,False,planned,False,Linje 82 og 504,Avvikende kjøring for linje 82 og 504 pga Hølondvegen er stengt. ,general,normal,2026-09-07T20:27:16.249662+02:00
NSR:StopPlace:60047,Melhus skysstasjon,2026-09-07T17:53:00+02:00,2026-09-07T17:53:00+02:00,,0.0,0,Brekkåsen,ATB:Line:2_82,Hesttrøa-Brekkåsen,82,bus,ATB:ServiceJourney:82_251215112550784_103,False,planned,False,Linje 82 og 504,Avvikende kjøring for linje 82 og 504 pga Hølondvegen er stengt. ,general,normal,2026-09-07T20:27:16.249662+02:00
NSR:StopPlace:60047,Melhus skysstasjon,2026-09-07T18:13:00+02:00,2026-09-07T18:13:00+02:00,,0.0,0,Hesttrøa via Melhus skysstasjon,ATB:Line:2_82,Hesttrøa-Brekkåsen,82,bus,ATB:ServiceJourney:82_251215112550680_106,False,planned,False,Linje 82 og 504,Avvikende kjøring for linje 82 og 504 pga Hølondvegen er stengt. ,general,normal,2026-09-07T20:27:16.249662+02:00
NSR:StopPlace:60047,Melhus skysstasjon,2026-09-07T18:28:00+02:00,2026-09-07T18:28:00+02:00,,0.0,0,Oslo (Lysaker),VYX:Line:125,VY710 Trondheim-Lillehammer(-Oslo),VY710,coach,VYX:ServiceJourney:458feffe83f1bb4a431b63ff3d63cb792416d438,False,planned,False,Forhåndsbestilling Vy,Billett må kjøpes på nett eller app senest 15 minutter før påstigning for at bussen skal kjøre innom holdeplassen.,general,normal,2026-09-07T20:27:16.249662+02:00
NSR:StopPlace:60047,Melhus skysstasjon,2026-09-07T18:33:00+02:00,2026-09-07T18:33:00+02:00,,0.0,0,Brekkåsen,ATB:Line:2_82,Hesttrøa-Brekkåsen,82,bus,ATB:ServiceJourney:82_251215112550785_107,False,planned,False,Linje 82 og 504,Avvikende kjøring for linje 82 og 504 pga Hølondvegen er stengt. ,general,normal,2026-09-07T20:27:16.249662+02:00
NSR:StopPlace:60047,Melhus skysstasjon,2026-09-07T18:53:00+02:00,2026-09-07T18:53:00+02:00,,0.0,0,Hesttrøa via Melhus skysstasjon,ATB:Line:2_82,Hesttrøa-Brekkåsen,82,bus,ATB:ServiceJourney:82_251215112550682_110,False,planned,False,Linje 82 og 504,Avvikende kjøring for linje 82 og 504 pga Hølondvegen er stengt. ,general,normal,2026-09-07T20:27:16.249662+02:00
NSR:StopPlace:60053,Halden stasjon,2026-09-07T16:30:00+02:00,2026-09-07T16:30:00+02:00,,0.0,0,Halden,OST:Line:1_633,Moss-Sarpsborg-Halden,633,bus,OST:ServiceJourney:633_260325121471439_116,False,planned,False,,,,,2026-09-07T20:27:16.249662+02:00
NSR:StopPlace:60053,Halden stasjon,2026-09-07T16:33:00+02:00,2026-09-07T16:33:00+02:00,,0.0,0,Halden sentrum,OST:Line:1_33,Tistedal-Vold skog,33,bus,OST:ServiceJourney:33_260325121472220_23,False,planned,False,,,,,2026-09-07T20:27:16.249662+02:00
NSR:StopPlace:60053,Halden stasjon,2026-09-07T16:43:00+02:00,2026-09-07T16:43:00+02:00,,0.0,0,Halden sentrum,OST:Line:1_35,Næridsrød - Tistedal,35,bus,OST:ServiceJourney:35_260325121472329_21,False,planned,False,,,,,2026-09-07T20:27:16.249662+02:00
NSR:StopPlace:60053,Halden stasjon,2026-09-07T16:46:00+02:00,2026-09-07T16:46:00+02:00,,0.0,0,Halden sentrum,OST:Line:1_34,Remmen-Sykehuset,34,bus,OST:ServiceJourney:34_260325121472304_24,False,planned,False,,,,,2026-09-07T20:27:16.249662+02:00
NSR:StopPlace:60053,Halden stasjon,2026-09-07T16:56:00+02:00,2026-09-07T16:56:00+02:00,,0.0,0,Halden sentrum,OST:Line:1_32,Brekkerød-Stenrød,32,bus,OST:ServiceJourney:32_260325121472808_24,False,planned,False,,,,,2026-09-07T20:27:16.249662+02:00
NSR:StopPlace:60053,Halden stasjon,2026-09-07T16:56:00+02:00,2026-09-07T16:56:00+02:00,,0.0,0,Halden,OST:Line:1_633,Moss-Sarpsborg-Halden,633,bus,OST:ServiceJourney:633_260325121471440_118,False,planned,False,,,,,2026-09-07T20:27:16.249662+02:00
NSR:StopPlace:60053,Halden stasjon,2026-09-07T17:06:00+02:00,2026-09-07T17:06:00+02:00,,0.0,0,Halden sentrum,OST:Line:1_33,Tistedal-Vold skog,33,bus,OST:ServiceJourney:33_260325121472250_24,False,planned,False,,,,,2026-09-07T20:27:16.249662+02:00
NSR:StopPlace:60053,Halden stasjon,2026-09-07T17:08:00+02:00,2026-09-07T17:08:00+02:00,,0.0,0,Halden sentrum,OST:Line:1_35,Næridsrød - Tistedal,35,bus,OST:ServiceJourney:35_260325121472358_24,False,planned,False,,,,,2026-09-07T20:27:16.249662+02:00
NSR:StopPlace:60053,Halden stasjon,2026-09-07T17:21:00+02:00,2026-09-07T17:21:00+02:00,,0.0,0,Sykehuset-Halden,OST:Line:1_34,Remmen-Sykehuset,34,bus,OST:ServiceJourney:34_260325121472280_23,False,planned,False,,,,,2026-09-07T20:27:16.249662+02:00
NSR:StopPlace:60053,Halden stasjon,2026-09-07T17:22:00+02:00,2026-09-07T17:22:00+02:00,,0.0,0,Halden sentrum,OST:Line:1_32,Brekkerød-Stenrød,32,bus,OST:ServiceJourney:32_260325121472781_25,False,planned,False,,,,,2026-09-07T20:27:16.249662+02:00
NSR:StopPlace:60077,Støren stasjon,2026-09-07T16:55:00+02:00,2026-09-07T16:55:00+02:00,,0.0,0,Støren Rådhus,ATB:Line:2_340,Trondheim - Støren,340,bus,ATB:ServiceJourney:340_260106098639859_18,False,planned,False,,,,,2026-09-07T20:27:16.249662+02:00
NSR:StopPlace:60077,Støren stasjon,2026-09-07T17:25:00+02:00,2026-09-07T17:25:00+02:00,,0.0,0,Støren Rådhus,ATB:Line:2_340,Trondheim - Støren,340,bus,ATB:ServiceJourney:340_260106098640152_20,False,planned,False,,,,,2026-09-07T20:27:16.249662+02:00
NSR:StopPlace:59091,Storekvina stasjon,2026-09-07T17:15:00+02:00,2026-09-07T17:15:00+02:00,,0.0,0,Bestillingsrute tog,AKT:Line:4571,Liknes - Knaben,457,bus,AKT:ServiceJourney:56575_32_13_124200_124800_1092336,False,planned,False,,,,,2026-09-07T20:27:16.249662+02:00
NSR:StopPlace:59091,Storekvina stasjon,2026-09-07T19:05:00+02:00,2026-09-07T19:05:00+02:00,,0.0,0,Bestillingsrute tog,AKT:Line:4571,Liknes - Knaben,457,bus,AKT:ServiceJourney:56576_42_13_137400_138000_1092336,False,planned,False,,,,,2026-09-07T20:27:16.249662+02:00
NSR:StopPlace:59092,Gyland stasjon,2026-09-07T17:20:00+02:00,2026-09-07T17:20:00+02:00,,0.0,0,Tonstad,AKT:Line:4713,Flekkefjord - Gyland - Sirdal,270,bus,AKT:ServiceJourney:64873_51_17_124800_126900_3932701,False,planned,False,,,,,2026-09-07T20:27:16.249662+02:00
NSR:StopPlace:59393,Västerås Centralstation,2026-09-07T17:20:00+02:00,2026-09-07T17:20:00+02:00,,0.0,0,Karlstad,VYB:Line:26,850 Oslo - Arlanda - Stockholm,850,coach,VYB:ServiceJourney:e8d90605147c4a1c280298f6cd196ebd3214351f,False,planned,False,Västerås,"Nytt holdeplassområde ved Västerås Resecentrum fra 16. mars. Den nye holdeplassen ligger på stasjonens vestside, rett ved jernbanespor 1B. Du finner den ved å følge parkeringsplassen til den bortre enden. ",general,normal,2026-09-07T20:27:16.249662+02:00
NSR:StopPlace:59393,Västerås Centralstation,2026-09-07T17:50:00+02:00,2026-09-07T17:50:00+02:00,,0.0,0,Arlanda,VYB:Line:26,850 Oslo - Arlanda - Stockholm,850,coach,VYB:ServiceJourney:084817582b83bf737edcf2a89c69cfa7409295f1,False,planned,False,Västerås,"Nytt holdeplassområde ved Västerås Resecentrum fra 16. mars. Den nye holdeplassen ligger på stasjonens vestside, rett ved jernbanespor 1B. Du finner den ved å følge parkeringsplassen til den bortre enden. ",general,normal,2026-09-07T20:27:16.249662+02:00
NSR:StopPlace:59393,Västerås Centralstation,2026-09-07T18:05:00+02:00,2026-09-07T18:05:00+02:00,,0.0,0,Karlstad,VYB:Line:26,850 Oslo - Arlanda - Stockholm,850,coach,VYB:ServiceJourney:38d3ea42e3c6baba32b2e58f9cbfd7bcaa01efa8,False,planned,False,Västerås,"Nytt holdeplassområde ved Västerås Resecentrum fra 16. mars. Den nye holdeplassen ligger på stasjonens vestside, rett ved jernbanespor 1B. Du finner den ved å følge parkeringsplassen til den bortre enden. ",general,normal,2026-09-07T20:27:16.249662+02:00
NSR:StopPlace:59393,Västerås Centralstation,2026-09-07T18:50:00+02:00,2026-09-07T18:50:00+02:00,,0.0,0,Örebro,VYB:Line:27,900 Oslo - Arlanda - Stockholm,900,coach,VYB:ServiceJourney:1d117df990731f84868aec3747da71cffa146d2d,False,planned,False,Annan busstyp på denna avgång | Västerås,"Vennligst merk at denne avgangen kjøres av en samarbeidspartner til Vy bus4you, og med en annen type buss enn den som vanligvis benyttes av Vy bus4you. | Nytt holdeplassområde ved Västerås Resecentrum fra 16. mars. Den nye holdeplassen ligger på stasjonens vestside, rett ved jernbanespor 1B. Du finner den ved å følge parkeringsplassen til den bortre enden. ",general | general,normal | normal,2026-09-07T20:27:16.249662+02:00
NSR:StopPlace:59393,Västerås Centralstation,2026-09-07T18:55:00+02:00,2026-09-07T18:55:00+02:00,,0.0,0,Arlanda,VYB:Line:26,850 Oslo - Arlanda - Stockholm,850,coach,VYB:ServiceJourney:ebb90a61c1eb9eb0d3c8e557b8bcf7c2a04c4625,False,planned,False,Västerås,"Nytt holdeplassområde ved Västerås Resecentrum fra 16. mars. Den nye holdeplassen ligger på stasjonens vestside, rett ved jernbanespor 1B. Du finner den ved å følge parkeringsplassen til den bortre enden. ",general,normal,2026-09-07T20:27:16.249662+02:00
NSR:StopPlace:59393,Västerås Centralstation,2026-09-07T19:35:00+02:00,2026-09-07T19:35:00+02:00,,0.0,0,Örebro,VYB:Line:27,900 Oslo - Arlanda - Stockholm,900,coach,VYB:ServiceJourney:e6b24b556763a2cc0ab7cec400a55ca9d4f21e45,False,planned,False,Annan busstyp på denna avgång | Västerås,"Vennligst merk at denne avgangen kjøres av en samarbeidspartner til Vy bus4you, og med en annen type buss enn den som vanligvis benyttes av Vy bus4you. | Nytt holdeplassområde ved Västerås Resecentrum fra 16. mars. Den nye holdeplassen ligger på stasjonens vestside, rett ved jernbanespor 1B. Du finner den ved å følge parkeringsplassen til den bortre enden. ",general | general,normal | normal,2026-09-07T20:27:16.249662+02:00
NSR:StopPlace:59393,Västerås Centralstation,2026-09-07T20:10:00+02:00,2026-09-07T20:10:00+02:00,,0.0,0,Karlstad,VYB:Line:26,850 Oslo - Arlanda - Stockholm,850,coach,VYB:ServiceJourney:f436806116ac029607e0c96496cd6aa829e64f88,False,planned,False,Västerås,"Nytt holdeplassområde ved Västerås Resecentrum fra 16. mars. Den nye holdeplassen ligger på stasjonens vestside, rett ved jernbanespor 1B. Du finner den ved å følge parkeringsplassen til den bortre enden. ",general,normal,2026-09-07T20:27:16.249662+02:00
NSR:StopPlace:60392,Södertälje syd,2026-09-07T16:45:00+02:00,2026-09-07T16:45:00+02:00,,0.0,0,Berlin Gesundbrunnen,SNT:Line:2f945540-e264-50e2-9f10-9a66be909e6f,Storlien,NT,rail,SNT:ServiceJourney:52efc068-8869-5645-b60f-cf6c2e6a10d8_66e2d178-6985-54bc-a26a-b1e9502af7dd,False,planned,False,,,,,2026-09-07T20:27:16.249662+02:00
NSR:StopPlace:60392,Södertälje syd,2026-09-07T16:45:00+02:00,2026-09-07T16:45:00+02:00,,0.0,0,Malmö C,SNT:Line:15931205-7b69-51de-bac7-18d4acc5c6f5,Malmö C,IC,rail,SNT:ServiceJourney:52efc068-8869-5645-b60f-cf6c2e6a10d8_900275f9-e670-5cb9-88e9-77037edfd4c9,False,planned,False,,,,,2026-09-07T20:27:16.249662+02:00
NSR:StopPlace:60392,Södertälje syd,2026-09-07T18:43:00+02:00,2026-09-07T18:43:00+02:00,,0.0,0,Karlstad-Oslo,SJV:Line:cfac9102-49ef-476c-8663-a6d468ee4f36,Stockholm-Hallsberg-Karlstad-Oslo,70,rail,SJV:ServiceJourney:8d37b914-864d-4b1d-b75d-bfe9698aac87,False,planned,False,,,,,2026-09-07T20:27:16.249662+02:00
NSR:StopPlace:59248,Stockholm-Arlanda flygplats,2026-09-07T16:30:00+02:00,2026-09-07T16:30:00+02:00,,0.0,0,Karlstad,VYB:Line:26,850 Oslo - Arlanda - Stockholm,850,coach,VYB:ServiceJourney:38d3ea42e3c6baba32b2e58f9cbfd7bcaa01efa8,False,planned,False,,,,,2026-09-07T20:27:16.249662+02:00
NSR:StopPlace:59248,Stockholm-Arlanda flygplats,2026-09-07T16:45:00+02:00,2026-09-07T16:45:00+02:00,,0.0,0,Kalmar,VYB:Line:176,200 Kalmar - Arlanda,200,coach,VYB:ServiceJourney:032d081b198f769935f3c553b035bbd80d3272a9,False,planned,False,,,,,2026-09-07T20:27:16.249662+02:00
NSR:StopPlace:59248,Stockholm-Arlanda flygplats,2026-09-07T16:45:00+02:00,2026-09-07T16:45:00+02:00,,0.0,0,Linköping,VYB:Line:23,400 Stockholm - Göteborg,400,coach,VYB:ServiceJourney:c42fd9891f606b28d042c24a7b602780db4484c5,False,planned,False,,,,,2026-09-07T20:27:16.249662+02:00
NSR:StopPlace:59248,Stockholm-Arlanda flygplats,2026-09-07T17:15:00+02:00,2026-09-07T17:15:00+02:00,,0.0,0,Örebro,VYB:Line:27,900 Oslo - Arlanda - Stockholm,900,coach,VYB:ServiceJourney:1d117df990731f84868aec3747da71cffa146d2d,False,planned,False,Annan busstyp på denna avgång,"Vennligst merk at denne avgangen kjøres av en samarbeidspartner til Vy bus4you, og med en annen type buss enn den som vanligvis benyttes av Vy bus4you.",general,normal,2026-09-07T20:27:16.249662+02:00
NSR:StopPlace:59248,Stockholm-Arlanda flygplats,2026-09-07T18:00:00+02:00,2026-09-07T18:00:00+02:00,,0.0,0,Örebro,VYB:Line:27,900 Oslo - Arlanda - Stockholm,900,coach,VYB:ServiceJourney:e6b24b556763a2cc0ab7cec400a55ca9d4f21e45,False,planned,False,Annan busstyp på denna avgång,"Vennligst merk at denne avgangen kjøres av en samarbeidspartner til Vy bus4you, og med en annen type buss enn den som vanligvis benyttes av Vy bus4you.",general,normal,2026-09-07T20:27:16.249662+02:00
NSR:StopPlace:59248,Stockholm-Arlanda flygplats,2026-09-07T18:30:00+02:00,2026-09-07T18:30:00+02:00,,0.0,0,Linköping,VYB:Line:23,400 Stockholm - Göteborg,400,coach,VYB:ServiceJourney:6132b7d0e3432b4d578116e9257a155c6f16c754,False,planned,False,,,,,2026-09-07T20:27:16.249662+02:00
NSR:StopPlace:59248,Stockholm-Arlanda flygplats,2026-09-07T18:35:00+02:00,2026-09-07T18:35:00+02:00,,0.0,0,Karlstad,VYB:Line:26,850 Oslo - Arlanda - Stockholm,850,coach,VYB:ServiceJourney:f436806116ac029607e0c96496cd6aa829e64f88,False,planned,False,,,,,2026-09-07T20:27:16.249662+02:00
NSR:StopPlace:59248,Stockholm-Arlanda flygplats,2026-09-07T18:36:00+02:00,2026-09-07T18:36:00+02:00,,0.0,0,Luleå,SJV:Line:0ff9f2b9-fbe5-4761-8a29-8813be35efaa,Stockholm-Narvik (-Luleå),,rail,SJV:ServiceJourney:0eabfad4-c61e-4fc3-8a75-7ebd11c5a873,False,planned,False,,,,,2026-09-07T20:27:16.249662+02:00
NSR:StopPlace:59248,Stockholm-Arlanda flygplats,2026-09-07T19:30:00+02:00,2026-09-07T19:30:00+02:00,,0.0,0,Karlstad,VYB:Line:26,850 Oslo - Arlanda - Stockholm,850,coach,VYB:ServiceJourney:a9ab4cb5ea9a0e2a791a55b44b7993bcb8fd9234,False,planned,False,,,,,2026-09-07T20:27:16.249662+02:00
NSR:StopPlace:59248,Stockholm-Arlanda flygplats,2026-09-07T19:30:00+02:00,2026-09-07T19:30:00+02:00,,0.0,0,Linköping,VYB:Line:23,400 Stockholm - Göteborg,400,coach,VYB:ServiceJourney:b049c6bf0fa07bb69f232238a4585a6cd9380782,False,planned,False,,,,,2026-09-07T20:27:16.249662+02:00
NSR:StopPlace:59243,Mo i Rana stasjon,2026-09-07T16:38:00+02:00,2026-09-07T16:38:00+02:00,,0.0,0,Grubbåsen,NOR:Line:12_8371,Grubbåsen - Båsmobakken/Skillevollen,1,bus,NOR:ServiceJourney:8371_251012124858546_2030,False,planned,False,,,,,2026-09-07T20:27:16.249662+02:00
NSR:StopPlace:59243,Mo i Rana stasjon,2026-09-07T16:42:00+02:00,2026-09-07T16:42:00+02:00,,0.0,0,Sykehuset Mo,NOR:Line:12_8372,Kvernkroken - Sykehuset Mo,2,bus,NOR:ServiceJourney:8372_251012124855346_1022,False,planned,False,,,,,2026-09-07T20:27:16.249662+02:00
NSR:StopPlace:59243,Mo i Rana stasjon,2026-09-07T16:42:00+02:00,2026-09-07T16:42:00+02:00,,0.0,0,Kvernkroken,NOR:Line:12_8372,Kvernkroken - Sykehuset Mo,2,bus,NOR:ServiceJourney:8372_251012124855371_2022,False,planned,False,,,,,2026-09-07T20:27:16.249662+02:00
NSR:StopPlace:59243,Mo i Rana stasjon,2026-09-07T16:42:00+02:00,2026-09-07T16:42:00+02:00,,0.0,0,Båsmobakken,NOR:Line:12_8371,Grubbåsen - Båsmobakken/Skillevollen,1,bus,NOR:ServiceJourney:8371_251012124858523_1033,False,planned,False,,,,,2026-09-07T20:27:16.249662+02:00
NSR:StopPlace:59243,Mo i Rana stasjon,2026-09-07T16:53:00+02:00,2026-09-07T16:53:00+02:00,,0.0,0,Grubbåsen,NOR:Line:12_8371,Grubbåsen - Båsmobakken/Skillevollen,1,bus,NOR:ServiceJourney:8371_251012124858571_2031,False,planned,False,,,,,2026-09-07T20:27:16.249662+02:00
NSR:StopPlace:59243,Mo i Rana stasjon,2026-09-07T16:57:00+02:00,2026-09-07T16:57:00+02:00,,0.0,0,Skillevollen,NOR:Line:12_8371,Grubbåsen - Båsmobakken/Skillevollen,1,bus,NOR:ServiceJourney:8371_251012124858496_1034,False,planned,False,,,,,2026-09-07T20:27:16.249662+02:00
NSR:StopPlace:59243,Mo i Rana stasjon,2026-09-07T17:08:00+02:00,2026-09-07T17:08:00+02:00,,0.0,0,Grubbåsen,NOR:Line:12_8371,Grubbåsen - Båsmobakken/Skillevollen,1,bus,NOR:ServiceJourney:8371_251012124858547_2032,False,planned,False,,,,,2026-09-07T20:27:16.249662+02:00
NSR:StopPlace:59243,Mo i Rana stasjon,2026-09-07T17:12:00+02:00,2026-09-07T17:12:00+02:00,,0.0,0,Sykehuset Mo,NOR:Line:12_8372,Kvernkroken - Sykehuset Mo,2,bus,NOR:ServiceJourney:8372_251012124855347_1023,False,planned,False,,,,,2026-09-07T20:27:16.249662+02:00
NSR:StopPlace:59243,Mo i Rana stasjon,2026-09-07T17:12:00+02:00,2026-09-07T17:12:00+02:00,,0.0,0,Båsmobakken,NOR:Line:12_8371,Grubbåsen - Båsmobakken/Skillevollen,1,bus,NOR:ServiceJourney:8371_251012124858524_1035,False,planned,False,,,,,2026-09-07T20:27:16.249662+02:00
NSR:StopPlace:59243,Mo i Rana stasjon,2026-09-07T17:16:00+02:00,2026-09-07T17:16:00+02:00,,0.0,0,Mo i Rana,NOR:Line:12_3721,Mo i Rana - Korgen- Mosjøen,200,bus,NOR:ServiceJourney:3721_251022109778974_2010,False,planned,False,,,,,2026-09-07T20:27:16.249662+02:00
NSR:StopPlace:59243,Mo i Rana stasjon,2026-09-07T17:23:00+02:00,2026-09-07T17:23:00+02:00,,0.0,0,Grubbåsen,NOR:Line:12_8371,Grubbåsen - Båsmobakken/Skillevollen,1,bus,NOR:ServiceJourney:8371_251012124858572_2033,False,planned,False,,,,,2026-09-07T20:27:16.249662+02:00
NSR:StopPlace:59243,Mo i Rana stasjon,2026-09-07T17:38:00+02:00,2026-09-07T17:38:00+02:00,,0.0,0,Grubbåsen,NOR:Line:12_8371,Grubbåsen - Båsmobakken/Skillevollen,1,bus,NOR:ServiceJourney:8371_251012124858548_2034,False,planned,False,,,,,2026-09-07T20:27:16.249662+02:00
NSR:StopPlace:59244,Egersund stasjon,2026-09-07T16:35:00+02:00,2026-09-07T16:35:00+02:00,,0.0,0,Stavanger,GOA:Line:50,Sørtoget region,F5,rail,GOA:ServiceJourney:709-LOD_73757-R,False,planned,False,,,,,2026-09-07T20:27:16.249662+02:00
NSR:StopPlace:59244,Egersund stasjon,2026-09-07T16:52:00+02:00,2026-09-07T16:52:00+02:00,,0.0,0,Moi,KOL:Line:8_2033,98,98,bus,KOL:ServiceJourney:2033_250903083241392_1007,False,planned,False,,,,,2026-09-07T20:27:16.249662+02:00
NSR:StopPlace:59244,Egersund stasjon,2026-09-07T17:08:00+02:00,2026-09-07T17:08:00+02:00,,0.0,0,Egersund,KOL:Line:8_2002,83,83,bus,KOL:ServiceJourney:2002_250903083245249_2007,False,planned,False,,,,,2026-09-07T20:27:16.249662+02:00
NSR:StopPlace:59244,Egersund stasjon,2026-09-07T17:27:00+02:00,2026-09-07T17:27:00+02:00,,0.0,0,Østebrød,KOL:Line:8_2002,83,83,bus,KOL:ServiceJourney:2002_250903083245244_1010,False,planned,False,,,,,2026-09-07T20:27:16.249662+02:00
NSR:StopPlace:59244,Egersund stasjon,2026-09-07T20:19:00+02:00,2026-09-07T20:19:00+02:00,,0.0,0,Stavanger,GOA:Line:59,Jærbanen,L5,rail,GOA:ServiceJourney:3065_63123-R,False,planned,False,,,,,2026-09-07T20:27:16.249662+02:00
NSR:StopPlace:59261,Trondheim lufthavn,2026-09-07T16:30:00+02:00,2026-09-07T16:30:00+02:00,,0.0,0,Flybuss Ekspress Trondheim,UNI:Line:FB73,Nidarvoll - Moholt - Trondheim sentrum - Værnes,FB73,bus,UNI:ServiceJourney:FB73-168023-46431257,False,planned,False,,,,,2026-09-07T20:27:16.249662+02:00
NSR:StopPlace:59261,Trondheim lufthavn,2026-09-07T16:34:00+02:00,2026-09-07T16:34:00+02:00,,0.0,0,Stjørdal stasjon,ATB:Line:2_70,Stjørdal/Hommelvik- Trondheim,70,bus,ATB:ServiceJourney:70_251215112546978_59,False,planned,False,,,,,2026-09-07T20:27:16.249662+02:00
NSR:StopPlace:59261,Trondheim lufthavn,2026-09-07T16:38:00+02:00,2026-09-07T16:38:00+02:00,,0.0,0,Marienborg via Brattøra,ATB:Line:2_70,Stjørdal/Hommelvik- Trondheim,70,bus,ATB:ServiceJourney:70_251215112546999_74,False,planned,False,,,,,2026-09-07T20:27:16.249662+02:00
NSR:StopPlace:59261,Trondheim lufthavn,2026-09-07T16:42:00+02:00,2026-09-07T16:42:00+02:00,,0.0,0,Stjørdal stasjon,ATB:Line:2_430,Trondheim - Stjørdal - Selbu - (Tydal),430,bus,ATB:ServiceJourney:430_260106098640533_3,False,planned,False,,,,,2026-09-07T20:27:16.249662+02:00
NSR:StopPlace:59261,Trondheim lufthavn,2026-09-07T16:45:00+02:00,2026-09-07T16:45:00+02:00,,0.0,0,Oslo,AVI:Line:SK_OSL-TRD,Oslo-Trondheim,,air,AVI:ServiceJourney:SK373-04-465081146,False,planned,False,,,,,2026-09-07T20:27:16.249662+02:00
NSR:StopPlace:59261,Trondheim lufthavn,2026-09-07T16:45:00+02:00,2026-09-07T16:45:00+02:00,,0.0,0,Flybuss Ekspress Trondheim,UNI:Line:FB73,Nidarvoll - Moholt - Trondheim sentrum - Værnes,FB73,bus,UNI:ServiceJourney:FB73-168023-46431262,False,planned,False,,,,,2026-09-07T20:27:16.249662+02:00
NSR:StopPlace:59261,Trondheim lufthavn,2026-09-07T16:49:00+02:00,2026-09-07T16:49:00+02:00,,0.0,0,Stjørdal stasjon,ATB:Line:2_70,Stjørdal/Hommelvik- Trondheim,70,bus,ATB:ServiceJourney:70_251215112546979_63,False,planned,False,,,,,2026-09-07T20:27:16.249662+02:00
NSR:StopPlace:59261,Trondheim lufthavn,2026-09-07T17:00:00+02:00,2026-09-07T17:00:00+02:00,,0.0,0,Oslo,AVI:Line:DY_OSL-TRD,Oslo-Trondheim,,air,AVI:ServiceJourney:DY765-01-416742281,False,planned,False,,,,,2026-09-07T20:27:16.249662+02:00
NSR:StopPlace:59261,Trondheim lufthavn,2026-09-07T17:00:00+02:00,2026-09-07T17:00:00+02:00,,0.0,0,Flybuss Ekspress Trondheim,UNI:Line:FB73,Nidarvoll - Moholt - Trondheim sentrum - Værnes,FB73,bus,UNI:ServiceJourney:FB73-168023-46431266,False,planned,False,,,,,2026-09-07T20:27:16.249662+02:00
NSR:StopPlace:59261,Trondheim lufthavn,2026-09-07T17:04:00+02:00,2026-09-07T17:04:00+02:00,,0.0,0,Stjørdal stasjon,ATB:Line:2_70,Stjørdal/Hommelvik- Trondheim,70,bus,ATB:ServiceJourney:70_251215112546980_65,False,planned,False,,,,,2026-09-07T20:27:16.249662+02:00
NSR:StopPlace:59261,Trondheim lufthavn,2026-09-07T17:15:00+02:00,2026-09-07T17:15:00+02:00,,0.0,0,Flybuss Ekspress Trondheim,UNI:Line:FB73,Nidarvoll - Moholt - Trondheim sentrum - Værnes,FB73,bus,UNI:ServiceJourney:FB73-168023-46431272,False,planned,False,,,,,2026-09-07T20:27:16.249662+02:00
NSR:StopPlace:59261,Trondheim lufthavn,2026-09-07T17:19:00+02:00,2026-09-07T17:19:00+02:00,,0.0,0,Stjørdal stasjon,ATB:Line:2_70,Stjørdal/Hommelvik- Trondheim,70,bus,ATB:ServiceJourney:70_251215112546981_69,False,planned,False,,,,,2026-09-07T20:27:16.249662+02:00
NSR:StopPlace:59261,Trondheim lufthavn,2026-09-07T17:30:00+02:00,2026-09-07T17:30:00+02:00,,0.0,0,Flybuss Ekspress Trondheim,UNI:Line:FB73,Nidarvoll - Moholt - Trondheim sentrum - Værnes,FB73,bus,UNI:ServiceJourney:FB73-168023-46431275,False,planned,False,,,,,2026-09-07T20:27:16.249662+02:00
NSR:StopPlace:59261,Trondheim lufthavn,2026-09-07T17:34:00+02:00,2026-09-07T17:34:00+02:00,,0.0,0,Stjørdal stasjon,ATB:Line:2_70,Stjørdal/Hommelvik- Trondheim,70,bus,ATB:ServiceJourney:70_251215112546982_71,False,planned,False,,,,,2026-09-07T20:27:16.249662+02:00
NSR:StopPlace:59261,Trondheim lufthavn,2026-09-07T17:45:00+02:00,2026-09-07T17:45:00+02:00,,0.0,0,Flybuss Ekspress Trondheim,UNI:Line:FB73,Nidarvoll - Moholt - Trondheim sentrum - Værnes,FB73,bus,UNI:ServiceJourney:FB73-168023-46431279,False,planned,False,,,,,2026-09-07T20:27:16.249662+02:00
NSR:StopPlace:59261,Trondheim lufthavn,2026-09-07T17:53:00+02:00,2026-09-07T17:53:00+02:00,,0.0,0,Steinkjer,SJN:Line:26,Trønderbanen,R70,rail,SJN:ServiceJourney:445_56074-R,False,planned,False,,,,,2026-09-07T20:27:16.249662+02:00
NSR:StopPlace:59261,Trondheim lufthavn,2026-09-07T18:00:00+02:00,2026-09-07T18:00:00+02:00,,0.0,0,Flybuss Ekspress Trondheim,UNI:Line:FB73,Nidarvoll - Moholt - Trondheim sentrum - Værnes,FB73,bus,UNI:ServiceJourney:FB73-168023-46431283,False,planned,False,,,,,2026-09-07T20:27:16.249662+02:00
NSR:StopPlace:59261,Trondheim lufthavn,2026-09-07T18:15:00+02:00,2026-09-07T18:15:00+02:00,,0.0,0,Flybuss Ekspress Trondheim,UNI:Line:FB73,Nidarvoll - Moholt - Trondheim sentrum - Værnes,FB73,bus,UNI:ServiceJourney:FB73-168023-46431301,False,planned,False,,,,,2026-09-07T20:27:16.249662+02:00
NSR:StopPlace:59261,Trondheim lufthavn,2026-09-07T18:30:00+02:00,2026-09-07T18:30:00+02:00,,0.0,0,Flybuss Ekspress Trondheim,UNI:Line:FB73,Nidarvoll - Moholt - Trondheim sentrum - Værnes,FB73,bus,UNI:ServiceJourney:FB73-168023-46431282,False,planned,False,,,,,2026-09-07T20:27:16.249662+02:00
NSR:StopPlace:59261,Trondheim lufthavn,2026-09-07T18:45:00+02:00,2026-09-07T18:45:00+02:00,,0.0,0,Flybuss Ekspress Trondheim,UNI:Line:FB73,Nidarvoll - Moholt - Trondheim sentrum - Værnes,FB73,bus,UNI:ServiceJourney:FB73-168023-46431281,False,planned,False,,,,,2026-09-07T20:27:16.249662+02:00
NSR:StopPlace:60271,Varhaug stasjon,2026-09-07T16:37:00+02:00,2026-09-07T16:37:00+02:00,,0.0,0,Egersund,GOA:Line:59,Jærbanen,L5,rail,GOA:ServiceJourney:3048_63093-R,False,planned,False,,,,,2026-09-07T20:27:16.249662+02:00
NSR:StopPlace:60271,Varhaug stasjon,2026-09-07T16:48:00+02:00,2026-09-07T16:48:00+02:00,,0.0,0,Stavanger,GOA:Line:59,Jærbanen,L5,rail,GOA:ServiceJourney:3049_63095-R,False,planned,False,,,,,2026-09-07T20:27:16.249662+02:00
NSR:StopPlace:60569,Sirevåg stasjon,2026-09-07T16:33:00+02:00,2026-09-07T16:33:00+02:00,,0.0,0,Stavanger,GOA:Line:59,Jærbanen,L5,rail,GOA:ServiceJourney:3049_63095-R,False,planned,False,,,,,2026-09-07T20:27:16.249662+02:00
NSR:StopPlace:60569,Sirevåg stasjon,2026-09-07T16:53:00+02:00,2026-09-07T16:53:00+02:00,,0.0,0,Egersund,GOA:Line:59,Jærbanen,L5,rail,GOA:ServiceJourney:3048_63093-R,False,planned,False,,,,,2026-09-07T20:27:16.249662+02:00
NSR:StopPlace:59616,Asker stasjon,2026-09-07T16:29:00+02:00,2026-09-07T16:29:00+02:00,,0.0,0,Eidsvoll,VYG:Line:R12,Kongsberg-Oslo S-Eidsvoll,R12,rail,VYG:ServiceJourney:524_444328-R,False,planned,False,,,,,2026-09-07T20:27:16.249662+02:00
NSR:StopPlace:59616,Asker stasjon,2026-09-07T16:30:00+02:00,2026-09-07T16:30:00+02:00,,0.0,0,Kongsberg,VYG:Line:R12,Kongsberg-Oslo S-Eidsvoll,R12,rail,VYG:ServiceJourney:523_444326-R,False,planned,False,,,,,2026-09-07T20:27:16.249662+02:00
NSR:StopPlace:59616,Asker stasjon,2026-09-07T16:34:00+02:00,2026-09-07T16:34:00+02:00,,0.0,0,Oslo Lufthavn,FLT:Line:FLY1,FLY1,FLY1,rail,FLT:ServiceJourney:1-2614-3775-20260907,False,planned,False,,,,,2026-09-07T20:27:16.249662+02:00
NSR:StopPlace:59616,Asker stasjon,2026-09-07T16:34:00+02:00,2026-09-07T16:34:00+02:00,,0.0,0,Lillestrøm,VYG:Line:L1,Spikkestad-Oslo S-Lillestrøm,L1,rail,VYG:ServiceJourney:2250_443669-R,False,planned,False,,,,,2026-09-07T20:27:16.249662+02:00
NSR:StopPlace:59616,Asker stasjon,2026-09-07T16:35:00+02:00,2026-09-07T16:35:00+02:00,,0.0,0,Borgen,RUT:Line:281,Borgen - Asker,281,bus,RUT:ServiceJourney:7643bfb0234cb7694e2361c1bb972f86,False,planned,False,,,,,2026-09-07T20:27:16.249662+02:00
NSR:StopPlace:59616,Asker stasjon,2026-09-07T16:35:00+02:00,2026-09-07T16:35:00+02:00,,0.0,0,Heggedal,RUT:Line:285,Heggedal - Blakstad - Asker,285,bus,RUT:ServiceJourney:f4ace5486ec9e185799a98e343c836ee,False,planned,False,,,,,2026-09-07T20:27:16.249662+02:00
NSR:StopPlace:59616,Asker stasjon,2026-09-07T16:35:00+02:00,2026-09-07T16:35:00+02:00,,0.0,0,Slemmestad,RUT:Line:260,Hyggen - Bråset -Slemmestad (- Asker),260,bus,RUT:ServiceJourney:1cce7c4488828b3a3ec60a2bcd63ea13,False,planned,False,,,,,2026-09-07T20:27:16.249662+02:00
NSR:StopPlace:59616,Asker stasjon,2026-09-07T16:35:00+02:00,2026-09-07T16:35:00+02:00,,0.0,0,Blakstad,RUT:Line:290,Asker - Blakstad,290,bus,RUT:ServiceJourney:f7bb049d790fdc33db8be82a8a341cf7,False,planned,False,,,,,2026-09-07T20:27:16.249662+02:00
NSR:StopPlace:59616,Asker stasjon,2026-09-07T16:37:00+02:00,2026-09-07T16:37:00+02:00,,0.0,0,Dikemark,RUT:Line:280,Asker - Dikemark - Heggedal,280,bus,RUT:ServiceJourney:4552c4c6539cfba7414b4d7960cf356e,False,planned,False,,,,,2026-09-07T20:27:16.249662+02:00
NSR:StopPlace:59616,Asker stasjon,2026-09-07T16:39:00+02:00,2026-09-07T16:39:00+02:00,,0.0,0,Lierbyen - Drammen,BRA:Line:4_6071,Drammen - Stoppen - Lierbyen - Asker,71,bus,BRA:ServiceJourney:6071_260415100160772_1066,False,planned,False,Fra 17/8 går linje 61-63-71-73-251-261 og skolebusser fra holdeplass ved Skutebrygga ut av byen.Les mer på brakar.no/trafikkmeldinger.,,general,normal,2026-09-07T20:27:16.249662+02:00
NSR:StopPlace:59616,Asker stasjon,2026-09-07T16:40:00+02:00,2026-09-07T16:40:00+02:00,,0.0,0,Drammen,VYG:Line:R13,Drammen-Oslo S-Dal,R13,rail,VYG:ServiceJourney:1644-DAL_632370-R,False,planned,False,,,,,2026-09-07T20:27:16.249662+02:00
NSR:StopPlace:59616,Asker stasjon,2026-09-07T16:40:00+02:00,2026-09-07T16:40:00+02:00,,0.0,0,Fornebu,RUT:Line:270,Asker - Sandvika (- Fornebu),270,bus,RUT:ServiceJourney:dc37ed8fca80054e92aaabba2790235d,False,planned,False,,,,,2026-09-07T20:27:16.249662+02:00
NSR:StopPlace:59616,Asker stasjon,2026-09-07T16:45:00+02:00,2026-09-07T16:45:00+02:00,,0.0,0,Borgen,RUT:Line:281,Borgen - Asker,281,bus,RUT:ServiceJourney:f0c4d136207ad1ac2ee1b50d3bcebfa9,False,planned,False,,,,,2026-09-07T20:27:16.249662+02:00
NSR:StopPlace:59616,Asker stasjon,2026-09-07T16:46:00+02:00,2026-09-07T16:46:00+02:00,,0.0,0,Spikkestad,VYG:Line:L1,Spikkestad-Oslo S-Lillestrøm,L1,rail,VYG:ServiceJourney:2245_443659-R,False,planned,False,,,,,2026-09-07T20:27:16.249662+02:00
NSR:StopPlace:59616,Asker stasjon,2026-09-07T16:47:00+02:00,2026-09-07T16:47:00+02:00,,0.0,0,Dikemark,RUT:Line:280,Asker - Dikemark - Heggedal,280,bus,RUT:ServiceJourney:2ebe43f37e7765a698b5bdcb0ab65807,False,planned,False,,,,,2026-09-07T20:27:16.249662+02:00
NSR:StopPlace:59616,Asker stasjon,2026-09-07T16:47:00+02:00,2026-09-07T16:47:00+02:00,,0.0,0,Vøyen,RUT:Line:275,Asker - Vøyen,275,bus,RUT:ServiceJourney:137fc8a2473f440dc42e65060d5c71ce,False,planned,False,,,,,2026-09-07T20:27:16.249662+02:00
NSR:StopPlace:59616,Asker stasjon,2026-09-07T16:50:00+02:00,2026-09-07T16:50:00+02:00,,0.0,0,Drammen,VYG:Line:RE10,Drammen-Oslo S-Lillehammer,RE10,rail,VYG:ServiceJourney:322-LHM_444203-R,False,planned,False,,,,,2026-09-07T20:27:16.249662+02:00
NSR:StopPlace:59616,Asker stasjon,2026-09-07T16:50:00+02:00,2026-09-07T16:50:00+02:00,,0.0,0,Bråset,RUT:Line:260,Hyggen - Bråset -Slemmestad (- Asker),260,bus,RUT:ServiceJourney:c216ec98344c266b6bbda22cb6278ca7,False,planned,False,,,,,2026-09-07T20:27:16.249662+02:00
NSR:StopPlace:59616,Asker stasjon,2026-09-07T16:50:00+02:00,2026-09-07T16:50:00+02:00,,0.0,0,Blakstad,RUT:Line:290,Asker - Blakstad,290,bus,RUT:ServiceJourney:3ce91c27e56d029265ed0a46798ea2a4,False,planned,False,,,,,2026-09-07T20:27:16.249662+02:00
NSR:StopPlace:59616,Asker stasjon,2026-09-07T16:54:00+02:00,2026-09-07T16:54:00+02:00,,0.0,0,Oslo Lufthavn,FLT:Line:FLY1,FLY1,FLY1,rail,FLT:ServiceJourney:1-2614-3777-20260907,False,planned,False,,,,,2026-09-07T20:27:16.249662+02:00
NSR:StopPlace:59616,Asker stasjon,2026-09-07T16:55:00+02:00,2026-09-07T16:55:00+02:00,,0.0,0,Borgen,RUT:Line:281,Borgen - Asker,281,bus,RUT:ServiceJourney:a0b1d75e662e2f018bca385034202169,False,planned,False,,,,,2026-09-07T20:27:16.249662+02:00
NSR:StopPlace:59616,Asker stasjon,2026-09-07T16:55:00+02:00,2026-09-07T16:55:00+02:00,,0.0,0,Fornebu,RUT:Line:270,Asker - Sandvika (- Fornebu),270,bus,RUT:ServiceJourney:f126471f571de5cb37c58ae88d1a0b0e,False,planned,False,,,,,2026-09-07T20:27:16.249662+02:00
NSR:StopPlace:59616,Asker stasjon,2026-09-07T16:57:00+02:00,2026-09-07T16:57:00+02:00,,0.0,0,Heggedal,RUT:Line:280,Asker - Dikemark - Heggedal,280,bus,RUT:ServiceJourney:b70919ad55bea992eba8987a8bc0fa2e,False,planned,False,,,,,2026-09-07T20:27:16.249662+02:00
NSR:StopPlace:59616,Asker stasjon,2026-09-07T17:05:00+02:00,2026-09-07T17:05:00+02:00,,0.0,0,Borgen,RUT:Line:281,Borgen - Asker,281,bus,RUT:ServiceJourney:5604efca17f2e1f3d07b3309c0a880f9,False,planned,False,,,,,2026-09-07T20:27:16.249662+02:00
NSR:StopPlace:59616,Asker stasjon,2026-09-07T17:05:00+02:00,2026-09-07T17:05:00+02:00,,0.0,0,Heggedal,RUT:Line:285,Heggedal - Blakstad - Asker,285,bus,RUT:ServiceJourney:06b6d2fd5c5a115ee2ee516caba80fdc,False,planned,False,,,,,2026-09-07T20:27:16.249662+02:00
NSR:StopPlace:59616,Asker stasjon,2026-09-07T17:05:00+02:00,2026-09-07T17:05:00+02:00,,0.0,0,Blakstad,RUT:Line:290,Asker - Blakstad,290,bus,RUT:ServiceJourney:39bbf1d58dfe8dbc4970b7a006e9e866,False,planned,False,,,,,2026-09-07T20:27:16.249662+02:00
NSR:StopPlace:59616,Asker stasjon,2026-09-07T17:07:00+02:00,2026-09-07T17:07:00+02:00,,0.0,0,Dikemark,RUT:Line:280,Asker - Dikemark - Heggedal,280,bus,RUT:ServiceJourney:cbc0ee8a495731897f6891cd8aeec243,False,planned,False,,,,,2026-09-07T20:27:16.249662+02:00
NSR:StopPlace:59616,Asker stasjon,2026-09-07T17:15:00+02:00,2026-09-07T17:15:00+02:00,,0.0,0,Borgen,RUT:Line:281,Borgen - Asker,281,bus,RUT:ServiceJourney:31920f8f70dfe92e61a9148e9d1d187a,False,planned,False,,,,,2026-09-07T20:27:16.249662+02:00
NSR:StopPlace:59616,Asker stasjon,2026-09-07T17:16:00+02:00,2026-09-07T17:16:00+02:00,,0.0,0,Spikkestad,VYG:Line:L1,Spikkestad-Oslo S-Lillestrøm,L1,rail,VYG:ServiceJourney:2247_460777-R,False,planned,False,,,,,2026-09-07T20:27:16.249662+02:00
NSR:StopPlace:59616,Asker stasjon,2026-09-07T17:17:00+02:00,2026-09-07T17:17:00+02:00,,0.0,0,Dikemark,RUT:Line:280,Asker - Dikemark - Heggedal,280,bus,RUT:ServiceJourney:6f67fa858879b322d211d76aa6fb15e1,False,planned,False,,,,,2026-09-07T20:27:16.249662+02:00
NSR:StopPlace:59616,Asker stasjon,2026-09-07T17:17:00+02:00,2026-09-07T17:17:00+02:00,,0.0,0,Vøyen,RUT:Line:275,Asker - Vøyen,275,bus,RUT:ServiceJourney:c86f6446c09c4fc62d5f26f6099fda7a,False,planned,False,,,,,2026-09-07T20:27:16.249662+02:00
NSR:StopPlace:59616,Asker stasjon,2026-09-07T17:20:00+02:00,2026-09-07T17:20:00+02:00,,0.0,0,Blakstad,RUT:Line:290,Asker - Blakstad,290,bus,RUT:ServiceJourney:c1899d1f06ead806f2ac599e24a0735b,False,planned,False,,,,,2026-09-07T20:27:16.249662+02:00
NSR:StopPlace:59616,Asker stasjon,2026-09-07T17:25:00+02:00,2026-09-07T17:25:00+02:00,,0.0,0,Borgen,RUT:Line:281,Borgen - Asker,281,bus,RUT:ServiceJourney:199b5b796eabc1030772ebe23895f409,False,planned,False,,,,,2026-09-07T20:27:16.249662+02:00
NSR:StopPlace:60603,Kongsberg stasjon,2026-09-07T18:55:00+02:00,2026-09-07T18:55:00+02:00,,0.0,0,Neslandsvatn,GOA:Line:50,Sørtoget region,F5,rail,GOA:ServiceJourney:B717-DT_79526-R,False,planned,False,,,,,2026-09-07T20:27:16.249662+02:00
NSR:StopPlace:59620,Grorud stasjon,2026-09-07T16:28:00+02:00,2026-09-07T16:28:00+02:00,,0.0,0,Oslo lufthavn,NBU:Line:cb7b555c-f96e-42d5-84bf-a5e08c0145c2,Radiumhospitalet via Økern-Storo-Tåsen,FB3,bus,NBU:ServiceJourney:0ede32d8-e2e2-4583-b916-47f712947268,False,planned,False,,,,,2026-09-07T20:27:16.249662+02:00
NSR:StopPlace:59620,Grorud stasjon,2026-09-07T16:32:00+02:00,2026-09-07T16:32:00+02:00,,0.0,0,Lørenskog sentrum,RUT:Line:67,Økern-Lørenskog sentrum,67,bus,RUT:ServiceJourney:cd3d01fec14247b4536bb6c68b5c8171,False,planned,False,,,,,2026-09-07T20:27:16.249662+02:00
NSR:StopPlace:59620,Grorud stasjon,2026-09-07T16:32:00+02:00,2026-09-07T16:32:00+02:00,,0.0,0,Grorud T,RUT:Line:66,Helsfyr T - Grorud T,66,bus,RUT:ServiceJourney:c402506f578bee387f7eecaec6580405,False,planned,False,,,,,2026-09-07T20:27:16.249662+02:00
NSR:StopPlace:59620,Grorud stasjon,2026-09-07T16:34:00+02:00,2026-09-07T16:34:00+02:00,,0.0,0,Grorud T,RUT:Line:79,Grorud T - Åsbråten,79,bus,RUT:ServiceJourney:13daf7c166caa20f2a59fe5ac50e7d70,False,planned,False,,,,,2026-09-07T20:27:16.249662+02:00
NSR:StopPlace:59620,Grorud stasjon,2026-09-07T16:34:00+02:00,2026-09-07T16:34:00+02:00,,0.0,0,Åsbråten,RUT:Line:79,Grorud T - Åsbråten,79,bus,RUT:ServiceJourney:50c66e30d5d691a1e390be4acbfb240f,False,planned,False,,,,,2026-09-07T20:27:16.249662+02:00
NSR:StopPlace:59620,Grorud stasjon,2026-09-07T16:35:00+02:00,2026-09-07T16:35:00+02:00,,0.0,0,Vestvollen,RUT:Line:345,Vestvollen - Økern,345,bus,RUT:ServiceJourney:28aa520dd692e2218806df60bc7c9b49,False,planned,False,,,,,2026-09-07T20:27:16.249662+02:00
NSR:StopPlace:59620,Grorud stasjon,2026-09-07T16:35:00+02:00,2026-09-07T16:35:00+02:00,,0.0,0,Helsfyr,RUT:Line:66,Helsfyr T - Grorud T,66,bus,RUT:ServiceJourney:4ad306261ae624da838fcf8a06b0fddb,False,planned,False,,,,,2026-09-07T20:27:16.249662+02:00
NSR:StopPlace:59620,Grorud stasjon,2026-09-07T16:35:00+02:00,2026-09-07T16:35:00+02:00,,0.0,0,Furuset,RUT:Line:65,Furuset T - Stovner T via Smedstua,65,bus,RUT:ServiceJourney:f0cf6a5642e7804401a3f84f5398023a,False,planned,False,,,,,2026-09-07T20:27:16.249662+02:00
NSR:StopPlace:59620,Grorud stasjon,2026-09-07T16:37:00+02:00,2026-09-07T16:37:00+02:00,,0.0,0,Stovner,RUT:Line:65,Furuset T - Stovner T via Smedstua,65,bus,RUT:ServiceJourney:f804fc5720cc509b148e375f535531e6,False,planned,False,,,,,2026-09-07T20:27:16.249662+02:00
NSR:StopPlace:59620,Grorud stasjon,2026-09-07T16:38:00+02:00,2026-09-07T16:38:00+02:00,,0.0,0,Lillestrøm,VYG:Line:L1,Spikkestad-Oslo S-Lillestrøm,L1,rail,VYG:ServiceJourney:2146_443554-R,False,planned,False,,,,,2026-09-07T20:27:16.249662+02:00
NSR:StopPlace:59620,Grorud stasjon,2026-09-07T16:42:00+02:00,2026-09-07T16:42:00+02:00,,0.0,0,Asker,VYG:Line:L1,Spikkestad-Oslo S-Lillestrøm,L1,rail,VYG:ServiceJourney:2147_443555-R,False,planned,False,,,,,2026-09-07T20:27:16.249662+02:00
NSR:StopPlace:59620,Grorud stasjon,2026-09-07T16:44:00+02:00,2026-09-07T16:44:00+02:00,,0.0,0,Grorud T,RUT:Line:79,Grorud T - Åsbråten,79,bus,RUT:ServiceJourney:4335897120fcb00238c4d4eddbf342fc,False,planned,False,,,,,2026-09-07T20:27:16.249662+02:00
NSR:StopPlace:59620,Grorud stasjon,2026-09-07T16:45:00+02:00,2026-09-07T16:45:00+02:00,,0.0,0,Vestvollen,RUT:Line:345,Vestvollen - Økern,345,bus,RUT:ServiceJourney:9ca38bd2ed7e624149b9d004252ca727,False,planned,False,,,,,2026-09-07T20:27:16.249662+02:00
NSR:StopPlace:59620,Grorud stasjon,2026-09-07T16:45:00+02:00,2026-09-07T16:45:00+02:00,,0.0,0,Furuset,RUT:Line:65,Furuset T - Stovner T via Smedstua,65,bus,RUT:ServiceJourney:d29ff118801829ea00c662a128d44e56,False,planned,False,,,,,2026-09-07T20:27:16.249662+02:00
NSR:StopPlace:59620,Grorud stasjon,2026-09-07T16:47:00+02:00,2026-09-07T16:47:00+02:00,,0.0,0,Lørenskog sentrum,RUT:Line:67,Økern-Lørenskog sentrum,67,bus,RUT:ServiceJourney:4f19306e76336fdba7a0d019ee678572,False,planned,False,,,,,2026-09-07T20:27:16.249662+02:00
NSR:StopPlace:59620,Grorud stasjon,2026-09-07T16:47:00+02:00,2026-09-07T16:47:00+02:00,,0.0,0,Grorud T,RUT:Line:66,Helsfyr T - Grorud T,66,bus,RUT:ServiceJourney:717d7b2c751abaedd03d270634c3b34e,False,planned,False,,,,,2026-09-07T20:27:16.249662+02:00
NSR:StopPlace:59620,Grorud stasjon,2026-09-07T16:47:00+02:00,2026-09-07T16:47:00+02:00,,0.0,0,Stovner,RUT:Line:65,Furuset T - Stovner T via Smedstua,65,bus,RUT:ServiceJourney:a94bef7efbd4ecfd5c6c793913308394,False,planned,False,,,,,2026-09-07T20:27:16.249662+02:00
NSR:StopPlace:59620,Grorud stasjon,2026-09-07T16:50:00+02:00,2026-09-07T16:50:00+02:00,,0.0,0,Helsfyr,RUT:Line:66,Helsfyr T - Grorud T,66,bus,RUT:ServiceJourney:be3e44c37cade054a17f087d92fe24e5,False,planned,False,,,,,2026-09-07T20:27:16.249662+02:00
NSR:StopPlace:59620,Grorud stasjon,2026-09-07T16:53:00+02:00,2026-09-07T16:53:00+02:00,,0.0,0,Lillestrøm,VYG:Line:L1,Spikkestad-Oslo S-Lillestrøm,L1,rail,VYG:ServiceJourney:2248_445345-R,False,planned,False,,,,,2026-09-07T20:27:16.249662+02:00
NSR:StopPlace:59620,Grorud stasjon,2026-09-07T16:54:00+02:00,2026-09-07T16:54:00+02:00,,0.0,0,Grorud T,RUT:Line:79,Grorud T - Åsbråten,79,bus,RUT:ServiceJourney:8d95415cb871a061795e89a388eb2b6a,False,planned,False,,,,,2026-09-07T20:27:16.249662+02:00
NSR:StopPlace:59620,Grorud stasjon,2026-09-07T16:55:00+02:00,2026-09-07T16:55:00+02:00,,0.0,0,Vestvollen,RUT:Line:345,Vestvollen - Økern,345,bus,RUT:ServiceJourney:dba40db65a616e4e40b0e34cde104f0e,False,planned,False,,,,,2026-09-07T20:27:16.249662+02:00
NSR:StopPlace:59620,Grorud stasjon,2026-09-07T16:55:00+02:00,2026-09-07T16:55:00+02:00,,0.0,0,Furuset,RUT:Line:65,Furuset T - Stovner T via Smedstua,65,bus,RUT:ServiceJourney:f42f94f7d7d5fdba4d94c1e067d2a4c9,False,planned,False,,,,,2026-09-07T20:27:16.249662+02:00
NSR:StopPlace:59620,Grorud stasjon,2026-09-07T16:57:00+02:00,2026-09-07T16:57:00+02:00,,0.0,0,Stovner,RUT:Line:65,Furuset T - Stovner T via Smedstua,65,bus,RUT:ServiceJourney:40dbdb81be43baddd6e82a98547744d4,False,planned,False,,,,,2026-09-07T20:27:16.249662+02:00
NSR:StopPlace:59620,Grorud stasjon,2026-09-07T16:58:00+02:00,2026-09-07T16:58:00+02:00,,0.0,0,Oslo lufthavn,NBU:Line:cb7b555c-f96e-42d5-84bf-a5e08c0145c2,Radiumhospitalet via Økern-Storo-Tåsen,FB3,bus,NBU:ServiceJourney:0eb844c9-625e-4092-baac-49197dbf665d,False,planned,False,,,,,2026-09-07T20:27:16.249662+02:00
NSR:StopPlace:59620,Grorud stasjon,2026-09-07T17:02:00+02:00,2026-09-07T17:02:00+02:00,,0.0,0,Lørenskog sentrum,RUT:Line:67,Økern-Lørenskog sentrum,67,bus,RUT:ServiceJourney:16e6892ccf41632ce5b8288c26c65b77,False,planned,False,,,,,2026-09-07T20:27:16.249662+02:00
NSR:StopPlace:59620,Grorud stasjon,2026-09-07T17:02:00+02:00,2026-09-07T17:02:00+02:00,,0.0,0,Grorud T,RUT:Line:66,Helsfyr T - Grorud T,66,bus,RUT:ServiceJourney:a7359d9b2ba3a1d67335a2a5c81c3be6,False,planned,False,,,,,2026-09-07T20:27:16.249662+02:00
NSR:StopPlace:59620,Grorud stasjon,2026-09-07T17:04:00+02:00,2026-09-07T17:04:00+02:00,,0.0,0,Grorud T,RUT:Line:79,Grorud T - Åsbråten,79,bus,RUT:ServiceJourney:3d92c47dcb17295af4a159bb37130a2f,False,planned,False,,,,,2026-09-07T20:27:16.249662+02:00
NSR:StopPlace:59620,Grorud stasjon,2026-09-07T17:05:00+02:00,2026-09-07T17:05:00+02:00,,0.0,0,Vestvollen,RUT:Line:345,Vestvollen - Økern,345,bus,RUT:ServiceJourney:082eec812c4832572f4cf33e146d86fb,False,planned,False,,,,,2026-09-07T20:27:16.249662+02:00
NSR:StopPlace:59620,Grorud stasjon,2026-09-07T17:05:00+02:00,2026-09-07T17:05:00+02:00,,0.0,0,Helsfyr,RUT:Line:66,Helsfyr T - Grorud T,66,bus,RUT:ServiceJourney:dabc0377599d09a0fe5b7d3975ea2ed1,False,planned,False,,,,,2026-09-07T20:27:16.249662+02:00
NSR:StopPlace:59620,Grorud stasjon,2026-09-07T17:05:00+02:00,2026-09-07T17:05:00+02:00,,0.0,0,Furuset,RUT:Line:65,Furuset T - Stovner T via Smedstua,65,bus,RUT:ServiceJourney:60e0fe815821e25c50b773c9c70cb104,False,planned,False,,,,,2026-09-07T20:27:16.249662+02:00
NSR:StopPlace:59620,Grorud stasjon,2026-09-07T17:07:00+02:00,2026-09-07T17:07:00+02:00,,0.0,0,Stovner,RUT:Line:65,Furuset T - Stovner T via Smedstua,65,bus,RUT:ServiceJourney:03581849455e97b306bb4d5a7d5a47a7,False,planned,False,,,,,2026-09-07T20:27:16.249662+02:00
NSR:StopPlace:59620,Grorud stasjon,2026-09-07T17:08:00+02:00,2026-09-07T17:08:00+02:00,,0.0,0,Lillestrøm,VYG:Line:L1,Spikkestad-Oslo S-Lillestrøm,L1,rail,VYG:ServiceJourney:2148_443556-R,False,planned,False,,,,,2026-09-07T20:27:16.249662+02:00
NSR:StopPlace:59620,Grorud stasjon,2026-09-07T17:14:00+02:00,2026-09-07T17:14:00+02:00,,0.0,0,Grorud T,RUT:Line:79,Grorud T - Åsbråten,79,bus,RUT:ServiceJourney:996f4d3ace160663e7880a2829b8cb3f,False,planned,False,,,,,2026-09-07T20:27:16.249662+02:00
NSR:StopPlace:59620,Grorud stasjon,2026-09-07T17:15:00+02:00,2026-09-07T17:15:00+02:00,,0.0,0,Furuset,RUT:Line:65,Furuset T - Stovner T via Smedstua,65,bus,RUT:ServiceJourney:8681efe3b89991bceb11b669fd5c27ff,False,planned,False,,,,,2026-09-07T20:27:16.249662+02:00
NSR:StopPlace:59620,Grorud stasjon,2026-09-07T17:16:00+02:00,2026-09-07T17:16:00+02:00,,0.0,0,Vestvollen,RUT:Line:345,Vestvollen - Økern,345,bus,RUT:ServiceJourney:a45c46d048ef06124bb21aa9d880f7d1,False,planned,False,,,,,2026-09-07T20:27:16.249662+02:00
NSR:StopPlace:59620,Grorud stasjon,2026-09-07T17:17:00+02:00,2026-09-07T17:17:00+02:00,,0.0,0,Lørenskog sentrum,RUT:Line:67,Økern-Lørenskog sentrum,67,bus,RUT:ServiceJourney:90b228f700532e00418058dea4aeafdc,False,planned,False,,,,,2026-09-07T20:27:16.249662+02:00
NSR:StopPlace:59620,Grorud stasjon,2026-09-07T17:17:00+02:00,2026-09-07T17:17:00+02:00,,0.0,0,Grorud T,RUT:Line:66,Helsfyr T - Grorud T,66,bus,RUT:ServiceJourney:5ed7210869a913d78a8693a9e2d53f72,False,planned,False,,,,,2026-09-07T20:27:16.249662+02:00
NSR:StopPlace:59620,Grorud stasjon,2026-09-07T17:17:00+02:00,2026-09-07T17:17:00+02:00,,0.0,0,Stovner,RUT:Line:65,Furuset T - Stovner T via Smedstua,65,bus,RUT:ServiceJourney:0bca791ed9b21a59bb01537096889c88,False,planned,False,,,,,2026-09-07T20:27:16.249662+02:00
NSR:StopPlace:59620,Grorud stasjon,2026-09-07T17:20:00+02:00,2026-09-07T17:20:00+02:00,,0.0,0,Helsfyr,RUT:Line:66,Helsfyr T - Grorud T,66,bus,RUT:ServiceJourney:cfcfd73982b1ab316e7cdbd846319ba7,False,planned,False,,,,,2026-09-07T20:27:16.249662+02:00
NSR:StopPlace:59620,Grorud stasjon,2026-09-07T17:23:00+02:00,2026-09-07T17:23:00+02:00,,0.0,0,Lillestrøm,VYG:Line:L1,Spikkestad-Oslo S-Lillestrøm,L1,rail,VYG:ServiceJourney:2250_443669-R,False,planned,False,,,,,2026-09-07T20:27:16.249662+02:00
NSR:StopPlace:59620,Grorud stasjon,2026-09-07T17:24:00+02:00,2026-09-07T17:24:00+02:00,,0.0,0,Grorud T,RUT:Line:79,Grorud T - Åsbråten,79,bus,RUT:ServiceJourney:ff560c60cd177b7d5a71825cb0279a69,False,planned,False,,,,,2026-09-07T20:27:16.249662+02:00
NSR:StopPlace:59620,Grorud stasjon,2026-09-07T17:27:00+02:00,2026-09-07T17:27:00+02:00,,0.0,0,Stovner,RUT:Line:65,Furuset T - Stovner T via Smedstua,65,bus,RUT:ServiceJourney:285eaabd5104de4f0a4c00048dc31ad6,False,planned,False,,,,,2026-09-07T20:27:16.249662+02:00
NSR:StopPlace:59635,Hauketo stasjon,2026-09-07T16:28:00+02:00,2026-09-07T16:28:00+02:00,,0.0,0,Fløysbonn,RUT:Line:81,Fornebu - Myrvoll stasjon,81,bus,RUT:ServiceJourney:e2b7559623cedb594cb4c66c845e3833,False,planned,False,,,,,2026-09-07T20:27:16.249662+02:00
NSR:StopPlace:59635,Hauketo stasjon,2026-09-07T16:28:00+02:00,2026-09-07T16:28:00+02:00,,0.0,0,Fornebu,RUT:Line:81,Fornebu - Myrvoll stasjon,81,bus,RUT:ServiceJourney:cf2a09d46f84b645455eaedb9ebdf847,False,planned,False,,,,,2026-09-07T20:27:16.249662+02:00
NSR:StopPlace:59635,Hauketo stasjon,2026-09-07T16:32:00+02:00,2026-09-07T16:32:00+02:00,,0.0,0,Stabekk,VYG:Line:L2,Stabekk-Oslo S-Ski,L2,rail,VYG:ServiceJourney:2750-SKI_443961-R,False,planned,False,Færre vogner,Denne avgangen kjører dessverre med 3 vogner i stedet for 6 vogner. Dette skyldes at vi mangler et togsett.,general,normal,2026-09-07T20:27:16.249662+02:00
NSR:StopPlace:59635,Hauketo stasjon,2026-09-07T16:33:00+02:00,2026-09-07T16:33:00+02:00,,0.0,0,Myrvoll stasjon,RUT:Line:81,Fornebu - Myrvoll stasjon,81,bus,RUT:ServiceJourney:261ed3d50bd2852d78b568b3dfa01fa9,False,planned,False,,,,,2026-09-07T20:27:16.249662+02:00
NSR:StopPlace:59635,Hauketo stasjon,2026-09-07T16:33:00+02:00,2026-09-07T16:33:00+02:00,,0.0,0,Grorud T,RUT:Line:79,Grorud T - Åsbråten,79,bus,RUT:ServiceJourney:ff560c60cd177b7d5a71825cb0279a69,False,planned,False,,,,,2026-09-07T20:27:16.249662+02:00
NSR:StopPlace:59635,Hauketo stasjon,2026-09-07T16:33:00+02:00,2026-09-07T16:33:00+02:00,,0.0,0,Enebakk kirke,RUT:Line:550,Enebakk - Oslo,550,bus,RUT:ServiceJourney:2c95b2c3b796c9bf9eeed9df88fde3b3,False,planned,False,,,,,2026-09-07T20:27:16.249662+02:00
NSR:StopPlace:59635,Hauketo stasjon,2026-09-07T16:33:00+02:00,2026-09-07T16:33:00+02:00,,0.0,0,Brenna,RUT:Line:73,Holmlia stasjon - Brenna,73,bus,RUT:ServiceJourney:abe2facd74e7e8fa182ad9278e1cc28a,False,planned,False,,,,,2026-09-07T20:27:16.249662+02:00
NSR:StopPlace:59635,Hauketo stasjon,2026-09-07T16:34:00+02:00,2026-09-07T16:34:00+02:00,,0.0,0,Bjørndal,RUT:Line:3077,Hauketo stasjon - Bjørndal,77X,bus,RUT:ServiceJourney:bafe157311691407f743384482f796e5,False,planned,False,,,,,2026-09-07T20:27:16.249662+02:00
NSR:StopPlace:59635,Hauketo stasjon,2026-09-07T16:35:00+02:00,2026-09-07T16:35:00+02:00,,0.0,0,Bjørndal,RUT:Line:77,Holmlia stasjon - Bjørndal,77,bus,RUT:ServiceJourney:7be4458c521271a9b05a978c8d5c0053,False,planned,False,,,,,2026-09-07T20:27:16.249662+02:00
NSR:StopPlace:59635,Hauketo stasjon,2026-09-07T16:37:00+02:00,2026-09-07T16:37:00+02:00,,0.0,0,Kolbotn,RUT:Line:87,Hauketo stasjon - Kolbotn,87,bus,RUT:ServiceJourney:425e708806146ac7b4181208d4162ce0,False,planned,False,,,,,2026-09-07T20:27:16.249662+02:00
NSR:StopPlace:59635,Hauketo stasjon,2026-09-07T16:37:00+02:00,2026-09-07T16:37:00+02:00,,0.0,0,Åsbråten,RUT:Line:79,Grorud T - Åsbråten,79,bus,RUT:ServiceJourney:84d027b330ce674bbc9f3f1335f57a30,False,planned,False,,,,,2026-09-07T20:27:16.249662+02:00
NSR:StopPlace:59635,Hauketo stasjon,2026-09-07T16:38:00+02:00,2026-09-07T16:38:00+02:00,,0.0,0,Fløysbonn,RUT:Line:81,Fornebu - Myrvoll stasjon,81,bus,RUT:ServiceJourney:a75087f1009b369815847dbc907ad574,False,planned,False,,,,,2026-09-07T20:27:16.249662+02:00
NSR:StopPlace:59635,Hauketo stasjon,2026-09-07T16:38:00+02:00,2026-09-07T16:38:00+02:00,,0.0,0,Fornebu,RUT:Line:81,Fornebu - Myrvoll stasjon,81,bus,RUT:ServiceJourney:206d4c18480dd4555fe4829144898b28,False,planned,False,,,,,2026-09-07T20:27:16.249662+02:00
NSR:StopPlace:59635,Hauketo stasjon,2026-09-07T16:39:00+02:00,2026-09-07T16:39:00+02:00,,0.0,0,Holmlia stasjon,RUT:Line:73,Holmlia stasjon - Brenna,73,bus,RUT:ServiceJourney:6c11f7845fc9c40541569b60a8e06fc5,False,planned,False,,,,,2026-09-07T20:27:16.249662+02:00
NSR:StopPlace:59635,Hauketo stasjon,2026-09-07T16:40:00+02:00,2026-09-07T16:40:00+02:00,,0.0,0,Holmlia stasjon,RUT:Line:77,Holmlia stasjon - Bjørndal,77,bus,RUT:ServiceJourney:61c82b919670cc2165195b747f4094e9,False,planned,False,,,,,2026-09-07T20:27:16.249662+02:00
NSR:StopPlace:59635,Hauketo stasjon,2026-09-07T16:41:00+02:00,2026-09-07T16:41:00+02:00,,0.0,0,Maikollen,RUT:Line:4073,Hauketo stasjon - Maikollen,73X,bus,RUT:ServiceJourney:1a6d88ce0917de4998182d842f3336ba,False,planned,False,,,,,2026-09-07T20:27:16.249662+02:00
NSR:StopPlace:59635,Hauketo stasjon,2026-09-07T16:42:00+02:00,2026-09-07T16:42:00+02:00,,0.0,0,Ski,VYG:Line:L2,Stabekk-Oslo S-Ski,L2,rail,VYG:ServiceJourney:2845-HVK_444077-R,False,planned,False,,,,,2026-09-07T20:27:16.249662+02:00
NSR:StopPlace:59635,Hauketo stasjon,2026-09-07T16:43:00+02:00,2026-09-07T16:43:00+02:00,,0.0,0,Myrvoll stasjon,RUT:Line:81,Fornebu - Myrvoll stasjon,81,bus,RUT:ServiceJourney:f27099942d30f49a65124c0f0dc91d64,False,planned,False,,,,,2026-09-07T20:27:16.249662+02:00
NSR:StopPlace:59635,Hauketo stasjon,2026-09-07T16:43:00+02:00,2026-09-07T16:43:00+02:00,,0.0,0,Ski stasjon,RUT:Line:515,Ski - Oslo,515,bus,RUT:ServiceJourney:61d157cc027f83a659f492be6d326bbb,False,planned,False,,,,,2026-09-07T20:27:16.249662+02:00
NSR:StopPlace:59635,Hauketo stasjon,2026-09-07T16:43:00+02:00,2026-09-07T16:43:00+02:00,,0.0,0,Grorud T,RUT:Line:79,Grorud T - Åsbråten,79,bus,RUT:ServiceJourney:7d337c6abb865fb3fddd593af2be01cf,False,planned,False,,,,,2026-09-07T20:27:16.249662+02:00
NSR:StopPlace:59635,Hauketo stasjon,2026-09-07T16:47:00+02:00,2026-09-07T16:47:00+02:00,,0.0,0,Åsbråten,RUT:Line:79,Grorud T - Åsbråten,79,bus,RUT:ServiceJourney:8f4788d98256516356f72257e8b1700c,False,planned,False,,,,,2026-09-07T20:27:16.249662+02:00
NSR:StopPlace:59635,Hauketo stasjon,2026-09-07T16:47:00+02:00,2026-09-07T16:47:00+02:00,,0.0,0,Oslo S,VYG:Line:L2,Stabekk-Oslo S-Ski,L2,rail,VYG:ServiceJourney:2850_444084-R,False,planned,False,,,,,2026-09-07T20:27:16.249662+02:00
NSR:StopPlace:59635,Hauketo stasjon,2026-09-07T16:48:00+02:00,2026-09-07T16:48:00+02:00,,0.0,0,Fløysbonn,RUT:Line:81,Fornebu - Myrvoll stasjon,81,bus,RUT:ServiceJourney:65a96e50355701faeae3164c78433776,False,planned,False,,,,,2026-09-07T20:27:16.249662+02:00
NSR:StopPlace:59635,Hauketo stasjon,2026-09-07T16:48:00+02:00,2026-09-07T16:48:00+02:00,,0.0,0,Fornebu,RUT:Line:81,Fornebu - Myrvoll stasjon,81,bus,RUT:ServiceJourney:9ab7337ee1d72efa0ff7f0ab46a15f81,False,planned,False,,,,,2026-09-07T20:27:16.249662+02:00
NSR:StopPlace:59635,Hauketo stasjon,2026-09-07T16:48:00+02:00,2026-09-07T16:48:00+02:00,,0.0,0,Brenna,RUT:Line:73,Holmlia stasjon - Brenna,73,bus,RUT:ServiceJourney:37a9d4e6a21e4ea3d0c1f4cae99721cc,False,planned,False,,,,,2026-09-07T20:27:16.249662+02:00
NSR:StopPlace:59635,Hauketo stasjon,2026-09-07T16:49:00+02:00,2026-09-07T16:49:00+02:00,,0.0,0,Bjørndal,RUT:Line:3077,Hauketo stasjon - Bjørndal,77X,bus,RUT:ServiceJourney:a19d8096df14dc8cf4d6177485238d1b,False,planned,False,,,,,2026-09-07T20:27:16.249662+02:00
NSR:StopPlace:59635,Hauketo stasjon,2026-09-07T16:50:00+02:00,2026-09-07T16:50:00+02:00,,0.0,0,Bjørndal,RUT:Line:77,Holmlia stasjon - Bjørndal,77,bus,RUT:ServiceJourney:d014c56ed6f8cf657a7db468b7ca6589,False,planned,False,,,,,2026-09-07T20:27:16.249662+02:00
NSR:StopPlace:59635,Hauketo stasjon,2026-09-07T16:52:00+02:00,2026-09-07T16:52:00+02:00,,0.0,0,Kolbotn,RUT:Line:87,Hauketo stasjon - Kolbotn,87,bus,RUT:ServiceJourney:8905f3380c9af98342ff845cf5a6e1c1,False,planned,False,,,,,2026-09-07T20:27:16.249662+02:00
NSR:StopPlace:59635,Hauketo stasjon,2026-09-07T16:53:00+02:00,2026-09-07T16:53:00+02:00,,0.0,0,Myrvoll stasjon,RUT:Line:81,Fornebu - Myrvoll stasjon,81,bus,RUT:ServiceJourney:4752596842031c1ffee7790f9a330102,False,planned,False,,,,,2026-09-07T20:27:16.249662+02:00
NSR:StopPlace:59635,Hauketo stasjon,2026-09-07T16:53:00+02:00,2026-09-07T16:53:00+02:00,,0.0,0,Enebakk kirke,RUT:Line:550,Enebakk - Oslo,550,bus,RUT:ServiceJourney:8a981e0bdadaebdc7ed07a650404513e,False,planned,False,,,,,2026-09-07T20:27:16.249662+02:00
NSR:StopPlace:59635,Hauketo stasjon,2026-09-07T16:54:00+02:00,2026-09-07T16:54:00+02:00,,0.0,0,Holmlia stasjon,RUT:Line:73,Holmlia stasjon - Brenna,73,bus,RUT:ServiceJourney:22ecec215bd367581a6bce65a2d00d45,False,planned,False,,,,,2026-09-07T20:27:16.249662+02:00
NSR:StopPlace:59635,Hauketo stasjon,2026-09-07T16:55:00+02:00,2026-09-07T16:55:00+02:00,,0.0,0,Holmlia stasjon,RUT:Line:77,Holmlia stasjon - Bjørndal,77,bus,RUT:ServiceJourney:7c1d8df05714578623f0af46f49b5d46,False,planned,False,,,,,2026-09-07T20:27:16.249662+02:00
NSR:StopPlace:59635,Hauketo stasjon,2026-09-07T16:56:00+02:00,2026-09-07T16:56:00+02:00,,0.0,0,Maikollen,RUT:Line:4073,Hauketo stasjon - Maikollen,73X,bus,RUT:ServiceJourney:1db2bc3a47f47265235f70b6ea9de190,False,planned,False,,,,,2026-09-07T20:27:16.249662+02:00
NSR:StopPlace:59635,Hauketo stasjon,2026-09-07T16:57:00+02:00,2026-09-07T16:57:00+02:00,,0.0,0,Åsbråten,RUT:Line:79,Grorud T - Åsbråten,79,bus,RUT:ServiceJourney:7994ea0e74ea855702c912ba435df934,False,planned,False,,,,,2026-09-07T20:27:16.249662+02:00
NSR:StopPlace:59635,Hauketo stasjon,2026-09-07T16:57:00+02:00,2026-09-07T16:57:00+02:00,,0.0,0,Ski,VYG:Line:L2,Stabekk-Oslo S-Ski,L2,rail,VYG:ServiceJourney:2747-HVK_443957-R,False,planned,False,,,,,2026-09-07T20:27:16.249662+02:00
NSR:StopPlace:59635,Hauketo stasjon,2026-09-07T16:58:00+02:00,2026-09-07T16:58:00+02:00,,0.0,0,Fløysbonn,RUT:Line:81,Fornebu - Myrvoll stasjon,81,bus,RUT:ServiceJourney:9ad34a34c72a98ecf927cfef69caa7c4,False,planned,False,,,,,2026-09-07T20:27:16.249662+02:00
NSR:StopPlace:59635,Hauketo stasjon,2026-09-07T16:58:00+02:00,2026-09-07T16:58:00+02:00,,0.0,0,Fornebu,RUT:Line:81,Fornebu - Myrvoll stasjon,81,bus,RUT:ServiceJourney:9eb332b50bead9559edb7c3df325c274,False,planned,False,,,,,2026-09-07T20:27:16.249662+02:00
NSR:StopPlace:59635,Hauketo stasjon,2026-09-07T17:02:00+02:00,2026-09-07T17:02:00+02:00,,0.0,0,Stabekk,VYG:Line:L2,Stabekk-Oslo S-Ski,L2,rail,VYG:ServiceJourney:2752-SKI_443963-R,False,planned,False,Færre vogner,Denne avgangen kjører dessverre med 3 vogner i stedet for 6 vogner. Dette skyldes at vi mangler et togsett.,general,normal,2026-09-07T20:27:16.249662+02:00
NSR:StopPlace:59635,Hauketo stasjon,2026-09-07T17:03:00+02:00,2026-09-07T17:03:00+02:00,,0.0,0,Myrvoll stasjon,RUT:Line:81,Fornebu - Myrvoll stasjon,81,bus,RUT:ServiceJourney:008d34d77a3447cbd7f1c5a2678c184f,False,planned,False,,,,,2026-09-07T20:27:16.249662+02:00
NSR:StopPlace:59635,Hauketo stasjon,2026-09-07T17:03:00+02:00,2026-09-07T17:03:00+02:00,,0.0,0,Ski stasjon,RUT:Line:515,Ski - Oslo,515,bus,RUT:ServiceJourney:ca9b8f6394241a122c70ffe8bbef6345,False,planned,False,,,,,2026-09-07T20:27:16.249662+02:00
NSR:StopPlace:59635,Hauketo stasjon,2026-09-07T17:03:00+02:00,2026-09-07T17:03:00+02:00,,0.0,0,Brenna,RUT:Line:73,Holmlia stasjon - Brenna,73,bus,RUT:ServiceJourney:b4ac293fd77dacf0b9a295bf6cfc92dc,False,planned,False,,,,,2026-09-07T20:27:16.249662+02:00
NSR:StopPlace:59635,Hauketo stasjon,2026-09-07T17:04:00+02:00,2026-09-07T17:04:00+02:00,,0.0,0,Bjørndal,RUT:Line:3077,Hauketo stasjon - Bjørndal,77X,bus,RUT:ServiceJourney:730e683b0b6302ca35b4637403c5bc99,False,planned,False,,,,,2026-09-07T20:27:16.249662+02:00
NSR:StopPlace:59635,Hauketo stasjon,2026-09-07T17:05:00+02:00,2026-09-07T17:05:00+02:00,,0.0,0,Bjørndal,RUT:Line:77,Holmlia stasjon - Bjørndal,77,bus,RUT:ServiceJourney:2b26241f7cec013c2cd04f6ff63a61c1,False,planned,False,,,,,2026-09-07T20:27:16.249662+02:00
NSR:StopPlace:59635,Hauketo stasjon,2026-09-07T17:07:00+02:00,2026-09-07T17:07:00+02:00,,0.0,0,Kolbotn,RUT:Line:87,Hauketo stasjon - Kolbotn,87,bus,RUT:ServiceJourney:9233633bf276c5e6d3fbc4ffb2737d4d,False,planned,False,,,,,2026-09-07T20:27:16.249662+02:00
NSR:StopPlace:59635,Hauketo stasjon,2026-09-07T17:07:00+02:00,2026-09-07T17:07:00+02:00,,0.0,0,Åsbråten,RUT:Line:79,Grorud T - Åsbråten,79,bus,RUT:ServiceJourney:9ee54525563aac1e3977aadb76257326,False,planned,False,,,,,2026-09-07T20:27:16.249662+02:00
NSR:StopPlace:59635,Hauketo stasjon,2026-09-07T17:08:00+02:00,2026-09-07T17:08:00+02:00,,0.0,0,Fløysbonn,RUT:Line:81,Fornebu - Myrvoll stasjon,81,bus,RUT:ServiceJourney:687c7f29a3467fb02ef997dccd551478,False,planned,False,,,,,2026-09-07T20:27:16.249662+02:00
NSR:StopPlace:59635,Hauketo stasjon,2026-09-07T17:08:00+02:00,2026-09-07T17:08:00+02:00,,0.0,0,Filipstad,RUT:Line:81,Fornebu - Myrvoll stasjon,81,bus,RUT:ServiceJourney:1f641d398493ad93df9a1521249e655f,False,planned,False,,,,,2026-09-07T20:27:16.249662+02:00
NSR:StopPlace:59635,Hauketo stasjon,2026-09-07T17:09:00+02:00,2026-09-07T17:09:00+02:00,,0.0,0,Holmlia stasjon,RUT:Line:73,Holmlia stasjon - Brenna,73,bus,RUT:ServiceJourney:2447657017748a8129a9f95e00c92d2b,False,planned,False,,,,,2026-09-07T20:27:16.249662+02:00
NSR:StopPlace:59636,Holmlia stasjon,2026-09-07T16:29:00+02:00,2026-09-07T16:29:00+02:00,,0.0,0,Brenna,RUT:Line:73,Holmlia stasjon - Brenna,73,bus,RUT:ServiceJourney:abe2facd74e7e8fa182ad9278e1cc28a,False,planned,False,,,,,2026-09-07T20:27:16.249662+02:00
NSR:StopPlace:59636,Holmlia stasjon,2026-09-07T16:29:00+02:00,2026-09-07T16:29:00+02:00,,0.0,0,Ski,VYG:Line:L2,Stabekk-Oslo S-Ski,L2,rail,VYG:ServiceJourney:2745-HVK_443955-R,False,planned,False,,,,,2026-09-07T20:27:16.249662+02:00
NSR:StopPlace:59636,Holmlia stasjon,2026-09-07T16:30:00+02:00,2026-09-07T16:30:00+02:00,,0.0,0,Stabekk,VYG:Line:L2,Stabekk-Oslo S-Ski,L2,rail,VYG:ServiceJourney:2750-SKI_443961-R,False,planned,False,Færre vogner,Denne avgangen kjører dessverre med 3 vogner i stedet for 6 vogner. Dette skyldes at vi mangler et togsett.,general,normal,2026-09-07T20:27:16.249662+02:00
NSR:StopPlace:59636,Holmlia stasjon,2026-09-07T16:34:00+02:00,2026-09-07T16:34:00+02:00,,0.0,0,Åsbråten,RUT:Line:79,Grorud T - Åsbråten,79,bus,RUT:ServiceJourney:aa4ddda8e1249be0bf93d812ea3eb306,False,planned,False,,,,,2026-09-07T20:27:16.249662+02:00
NSR:StopPlace:59636,Holmlia stasjon,2026-09-07T16:35:00+02:00,2026-09-07T16:35:00+02:00,,0.0,0,Grorud T,RUT:Line:79,Grorud T - Åsbråten,79,bus,RUT:ServiceJourney:7d337c6abb865fb3fddd593af2be01cf,False,planned,False,,,,,2026-09-07T20:27:16.249662+02:00
NSR:StopPlace:59636,Holmlia stasjon,2026-09-07T16:36:00+02:00,2026-09-07T16:36:00+02:00,,0.0,0,Krummedike,RUT:Line:2077,Holmlia stasjon - Asperudåsen,77B,bus,RUT:ServiceJourney:4c836548e6ca5325a798f6f5a0396db4,False,planned,False,,,,,2026-09-07T20:27:16.249662+02:00
NSR:StopPlace:59636,Holmlia stasjon,2026-09-07T16:38:00+02:00,2026-09-07T16:38:00+02:00,,0.0,0,Åsbråten,RUT:Line:80,Jernbanetorget - Åsbråten,80E,bus,RUT:ServiceJourney:cebbabb0e02aee46e919c79c140b50b3,False,planned,False,Linje 80E og 83 får Hausmanns bru som ny endeholdeplass fra 29. juni,"Bussene stopper ikke på Jernbanetorget etter 29. juni, men starter og stopper på Hausmanns bru i Nylandsveien.",incident,normal,2026-09-07T20:27:16.249662+02:00
NSR:StopPlace:59636,Holmlia stasjon,2026-09-07T16:42:00+02:00,2026-09-07T16:42:00+02:00,,0.0,0,Krummedike,RUT:Line:2077,Holmlia stasjon - Asperudåsen,77B,bus,RUT:ServiceJourney:4c836548e6ca5325a798f6f5a0396db4,False,planned,False,,,,,2026-09-07T20:27:16.249662+02:00
NSR:StopPlace:59636,Holmlia stasjon,2026-09-07T16:42:00+02:00,2026-09-07T16:42:00+02:00,,0.0,0,Bjørndal,RUT:Line:77,Holmlia stasjon - Bjørndal,77,bus,RUT:ServiceJourney:d014c56ed6f8cf657a7db468b7ca6589,False,planned,False,,,,,2026-09-07T20:27:16.249662+02:00
NSR:StopPlace:59636,Holmlia stasjon,2026-09-07T16:44:00+02:00,2026-09-07T16:44:00+02:00,,0.0,0,Brenna,RUT:Line:73,Holmlia stasjon - Brenna,73,bus,RUT:ServiceJourney:37a9d4e6a21e4ea3d0c1f4cae99721cc,False,planned,False,,,,,2026-09-07T20:27:16.249662+02:00
NSR:StopPlace:59636,Holmlia stasjon,2026-09-07T16:44:00+02:00,2026-09-07T16:44:00+02:00,,0.0,0,Åsbråten,RUT:Line:79,Grorud T - Åsbråten,79,bus,RUT:ServiceJourney:84d027b330ce674bbc9f3f1335f57a30,False,planned,False,,,,,2026-09-07T20:27:16.249662+02:00
NSR:StopPlace:59636,Holmlia stasjon,2026-09-07T16:44:00+02:00,2026-09-07T16:44:00+02:00,,0.0,0,Ski,VYG:Line:L2,Stabekk-Oslo S-Ski,L2,rail,VYG:ServiceJourney:2845-HVK_444077-R,False,planned,False,,,,,2026-09-07T20:27:16.249662+02:00
NSR:StopPlace:59636,Holmlia stasjon,2026-09-07T16:45:00+02:00,2026-09-07T16:45:00+02:00,,0.0,0,Oslo S,VYG:Line:L2,Stabekk-Oslo S-Ski,L2,rail,VYG:ServiceJourney:2850_444084-R,False,planned,False,,,,,2026-09-07T20:27:16.249662+02:00
NSR:StopPlace:59636,Holmlia stasjon,2026-09-07T16:46:00+02:00,2026-09-07T16:46:00+02:00,,0.0,0,Bjørvika,RUT:Line:80,Jernbanetorget - Åsbråten,80E,bus,RUT:ServiceJourney:5a1885e4cd1b0015014c6d706e258961,False,planned,False,Linje 80E og 83 får Hausmanns bru som ny endeholdeplass fra 29. juni,"Bussene stopper ikke på Jernbanetorget etter 29. juni, men starter og stopper på Hausmanns bru i Nylandsveien.",incident,normal,2026-09-07T20:27:16.249662+02:00
NSR:StopPlace:59636,Holmlia stasjon,2026-09-07T16:51:00+02:00,2026-09-07T16:51:00+02:00,,0.0,0,Krummedike,RUT:Line:2077,Holmlia stasjon - Asperudåsen,77B,bus,RUT:ServiceJourney:7951bab627eed88c1957d2b67a758e61,False,planned,False,,,,,2026-09-07T20:27:16.249662+02:00
NSR:StopPlace:59636,Holmlia stasjon,2026-09-07T16:53:00+02:00,2026-09-07T16:53:00+02:00,,0.0,0,Åsbråten,RUT:Line:80,Jernbanetorget - Åsbråten,80E,bus,RUT:ServiceJourney:5ab4f1887fd35cf3025f7ad6b57f254c,False,planned,False,Linje 80E og 83 får Hausmanns bru som ny endeholdeplass fra 29. juni,"Bussene stopper ikke på Jernbanetorget etter 29. juni, men starter og stopper på Hausmanns bru i Nylandsveien.",incident,normal,2026-09-07T20:27:16.249662+02:00
NSR:StopPlace:59636,Holmlia stasjon,2026-09-07T16:54:00+02:00,2026-09-07T16:54:00+02:00,,0.0,0,Åsbråten,RUT:Line:79,Grorud T - Åsbråten,79,bus,RUT:ServiceJourney:8f4788d98256516356f72257e8b1700c,False,planned,False,,,,,2026-09-07T20:27:16.249662+02:00
NSR:StopPlace:59636,Holmlia stasjon,2026-09-07T16:57:00+02:00,2026-09-07T16:57:00+02:00,,0.0,0,Krummedike,RUT:Line:2077,Holmlia stasjon - Asperudåsen,77B,bus,RUT:ServiceJourney:7951bab627eed88c1957d2b67a758e61,False,planned,False,,,,,2026-09-07T20:27:16.249662+02:00
NSR:StopPlace:59636,Holmlia stasjon,2026-09-07T16:57:00+02:00,2026-09-07T16:57:00+02:00,,0.0,0,Bjørndal,RUT:Line:77,Holmlia stasjon - Bjørndal,77,bus,RUT:ServiceJourney:2b26241f7cec013c2cd04f6ff63a61c1,False,planned,False,,,,,2026-09-07T20:27:16.249662+02:00
NSR:StopPlace:59636,Holmlia stasjon,2026-09-07T16:59:00+02:00,2026-09-07T16:59:00+02:00,,0.0,0,Brenna,RUT:Line:73,Holmlia stasjon - Brenna,73,bus,RUT:ServiceJourney:b4ac293fd77dacf0b9a295bf6cfc92dc,False,planned,False,,,,,2026-09-07T20:27:16.249662+02:00
NSR:StopPlace:59636,Holmlia stasjon,2026-09-07T16:59:00+02:00,2026-09-07T16:59:00+02:00,,0.0,0,Ski,VYG:Line:L2,Stabekk-Oslo S-Ski,L2,rail,VYG:ServiceJourney:2747-HVK_443957-R,False,planned,False,,,,,2026-09-07T20:27:16.249662+02:00
NSR:StopPlace:59636,Holmlia stasjon,2026-09-07T17:00:00+02:00,2026-09-07T17:00:00+02:00,,0.0,0,Stabekk,VYG:Line:L2,Stabekk-Oslo S-Ski,L2,rail,VYG:ServiceJourney:2752-SKI_443963-R,False,planned,False,Færre vogner,Denne avgangen kjører dessverre med 3 vogner i stedet for 6 vogner. Dette skyldes at vi mangler et togsett.,general,normal,2026-09-07T20:27:16.249662+02:00
NSR:StopPlace:59636,Holmlia stasjon,2026-09-07T17:04:00+02:00,2026-09-07T17:04:00+02:00,,0.0,0,Åsbråten,RUT:Line:79,Grorud T - Åsbråten,79,bus,RUT:ServiceJourney:7994ea0e74ea855702c912ba435df934,False,planned,False,,,,,2026-09-07T20:27:16.249662+02:00
NSR:StopPlace:59636,Holmlia stasjon,2026-09-07T17:06:00+02:00,2026-09-07T17:06:00+02:00,,0.0,0,Krummedike,RUT:Line:2077,Holmlia stasjon - Asperudåsen,77B,bus,RUT:ServiceJourney:d409df0f7d777dd953ca193190dfe36a,False,planned,False,,,,,2026-09-07T20:27:16.249662+02:00
NSR:StopPlace:59636,Holmlia stasjon,2026-09-07T17:08:00+02:00,2026-09-07T17:08:00+02:00,,0.0,0,Åsbråten,RUT:Line:80,Jernbanetorget - Åsbråten,80E,bus,RUT:ServiceJourney:a88ab6248bf96c6241240a84584653b9,False,planned,False,Linje 80E og 83 får Hausmanns bru som ny endeholdeplass fra 29. juni,"Bussene stopper ikke på Jernbanetorget etter 29. juni, men starter og stopper på Hausmanns bru i Nylandsveien.",incident,normal,2026-09-07T20:27:16.249662+02:00
NSR:StopPlace:59636,Holmlia stasjon,2026-09-07T17:12:00+02:00,2026-09-07T17:12:00+02:00,,0.0,0,Krummedike,RUT:Line:2077,Holmlia stasjon - Asperudåsen,77B,bus,RUT:ServiceJourney:d409df0f7d777dd953ca193190dfe36a,False,planned,False,,,,,2026-09-07T20:27:16.249662+02:00
NSR:StopPlace:59636,Holmlia stasjon,2026-09-07T17:12:00+02:00,2026-09-07T17:12:00+02:00,,0.0,0,Bjørndal,RUT:Line:77,Holmlia stasjon - Bjørndal,77,bus,RUT:ServiceJourney:dfa3a2cfee61877584613f9d45e6a688,False,planned,False,,,,,2026-09-07T20:27:16.249662+02:00
NSR:StopPlace:59636,Holmlia stasjon,2026-09-07T17:14:00+02:00,2026-09-07T17:14:00+02:00,,0.0,0,Brenna,RUT:Line:73,Holmlia stasjon - Brenna,73,bus,RUT:ServiceJourney:fbfc7f9ca6676c1cb4ec6e9467d8e0bc,False,planned,False,,,,,2026-09-07T20:27:16.249662+02:00
NSR:StopPlace:59636,Holmlia stasjon,2026-09-07T17:14:00+02:00,2026-09-07T17:14:00+02:00,,0.0,0,Åsbråten,RUT:Line:79,Grorud T - Åsbråten,79,bus,RUT:ServiceJourney:9ee54525563aac1e3977aadb76257326,False,planned,False,,,,,2026-09-07T20:27:16.249662+02:00
NSR:StopPlace:59636,Holmlia stasjon,2026-09-07T17:14:00+02:00,2026-09-07T17:14:00+02:00,,0.0,0,Ski,VYG:Line:L2,Stabekk-Oslo S-Ski,L2,rail,VYG:ServiceJourney:2847-HVK_444079-R,False,planned,False,,,,,2026-09-07T20:27:16.249662+02:00
NSR:StopPlace:59636,Holmlia stasjon,2026-09-07T17:15:00+02:00,2026-09-07T17:15:00+02:00,,0.0,0,Skøyen,VYG:Line:L2,Stabekk-Oslo S-Ski,L2,rail,VYG:ServiceJourney:2852-SKI_488387-R,False,planned,False,,,,,2026-09-07T20:27:16.249662+02:00
NSR:StopPlace:59636,Holmlia stasjon,2026-09-07T17:16:00+02:00,2026-09-07T17:16:00+02:00,,0.0,0,Bjørvika,RUT:Line:80,Jernbanetorget - Åsbråten,80E,bus,RUT:ServiceJourney:202f0be909a0990a0127e3964a86eefa,False,planned,False,Linje 80E og 83 får Hausmanns bru som ny endeholdeplass fra 29. juni,"Bussene stopper ikke på Jernbanetorget etter 29. juni, men starter og stopper på Hausmanns bru i Nylandsveien.",incident,normal,2026-09-07T20:27:16.249662+02:00
NSR:StopPlace:59636,Holmlia stasjon,2026-09-07T17:21:00+02:00,2026-09-07T17:21:00+02:00,,0.0,0,Krummedike,RUT:Line:2077,Holmlia stasjon - Asperudåsen,77B,bus,RUT:ServiceJourney:d956210de07217ca937a80ff17cbaa0e,False,planned,False,,,,,2026-09-07T20:27:16.249662+02:00
NSR:StopPlace:59636,Holmlia stasjon,2026-09-07T17:23:00+02:00,2026-09-07T17:23:00+02:00,,0.0,0,Åsbråten,RUT:Line:80,Jernbanetorget - Åsbråten,80E,bus,RUT:ServiceJourney:42bb3d22f1e40acd0403bd43af072035,False,planned,False,Linje 80E og 83 får Hausmanns bru som ny endeholdeplass fra 29. juni,"Bussene stopper ikke på Jernbanetorget etter 29. juni, men starter og stopper på Hausmanns bru i Nylandsveien.",incident,normal,2026-09-07T20:27:16.249662+02:00
NSR:StopPlace:59636,Holmlia stasjon,2026-09-07T17:24:00+02:00,2026-09-07T17:24:00+02:00,,0.0,0,Åsbråten,RUT:Line:79,Grorud T - Åsbråten,79,bus,RUT:ServiceJourney:e0165ea444619364f598b8cad9d068a1,False,planned,False,,,,,2026-09-07T20:27:16.249662+02:00
NSR:StopPlace:59636,Holmlia stasjon,2026-09-07T17:27:00+02:00,2026-09-07T17:27:00+02:00,,0.0,0,Krummedike,RUT:Line:2077,Holmlia stasjon - Asperudåsen,77B,bus,RUT:ServiceJourney:d956210de07217ca937a80ff17cbaa0e,False,planned,False,,,,,2026-09-07T20:27:16.249662+02:00
NSR:StopPlace:59636,Holmlia stasjon,2026-09-07T17:27:00+02:00,2026-09-07T17:27:00+02:00,,0.0,0,Bjørndal,RUT:Line:77,Holmlia stasjon - Bjørndal,77,bus,RUT:ServiceJourney:43fd3c6f9bddc963612c244ecf6b3039,False,planned,False,,,,,2026-09-07T20:27:16.249662+02:00
NSR:StopPlace:59636,Holmlia stasjon,2026-09-07T17:29:00+02:00,2026-09-07T17:29:00+02:00,,0.0,0,Brenna,RUT:Line:73,Holmlia stasjon - Brenna,73,bus,RUT:ServiceJourney:421183433bc236f1d88382068d14b03a,False,planned,False,,,,,2026-09-07T20:27:16.249662+02:00
NSR:StopPlace:59636,Holmlia stasjon,2026-09-07T17:29:00+02:00,2026-09-07T17:29:00+02:00,,0.0,0,Ski,VYG:Line:L2,Stabekk-Oslo S-Ski,L2,rail,VYG:ServiceJourney:2749-HVK_443959-R,False,planned,False,,,,,2026-09-07T20:27:16.249662+02:00
NSR:StopPlace:59636,Holmlia stasjon,2026-09-07T17:34:00+02:00,2026-09-07T17:34:00+02:00,,0.0,0,Åsbråten,RUT:Line:79,Grorud T - Åsbråten,79,bus,RUT:ServiceJourney:50c66e30d5d691a1e390be4acbfb240f,False,planned,False,,,,,2026-09-07T20:27:16.249662+02:00
NSR:StopPlace:59636,Holmlia stasjon,2026-09-07T17:36:00+02:00,2026-09-07T17:36:00+02:00,,0.0,0,Krummedike,RUT:Line:2077,Holmlia stasjon - Asperudåsen,77B,bus,RUT:ServiceJourney:3299b55b127fcd2fc28fec00880f9fc7,False,planned,False,,,,,2026-09-07T20:27:16.249662+02:00
NSR:StopPlace:59636,Holmlia stasjon,2026-09-07T17:42:00+02:00,2026-09-07T17:42:00+02:00,,0.0,0,Krummedike,RUT:Line:2077,Holmlia stasjon - Asperudåsen,77B,bus,RUT:ServiceJourney:3299b55b127fcd2fc28fec00880f9fc7,False,planned,False,,,,,2026-09-07T20:27:16.249662+02:00
NSR:StopPlace:59637,Rosenholm stasjon,2026-09-07T16:46:00+02:00,2026-09-07T16:46:00+02:00,,0.0,0,Ski,VYG:Line:L2,Stabekk-Oslo S-Ski,L2,rail,VYG:ServiceJourney:2845-HVK_444077-R,False,planned,False,,,,,2026-09-07T20:27:16.249662+02:00
NSR:StopPlace:59637,Rosenholm stasjon,2026-09-07T16:58:00+02:00,2026-09-07T16:58:00+02:00,,0.0,0,Stabekk,VYG:Line:L2,Stabekk-Oslo S-Ski,L2,rail,VYG:ServiceJourney:2752-SKI_443963-R,False,planned,False,Færre vogner,Denne avgangen kjører dessverre med 3 vogner i stedet for 6 vogner. Dette skyldes at vi mangler et togsett.,general,normal,2026-09-07T20:27:16.249662+02:00
NSR:StopPlace:59637,Rosenholm stasjon,2026-09-07T17:01:00+02:00,2026-09-07T17:01:00+02:00,,0.0,0,Ski,VYG:Line:L2,Stabekk-Oslo S-Ski,L2,rail,VYG:ServiceJourney:2747-HVK_443957-R,False,planned,False,,,,,2026-09-07T20:27:16.249662+02:00
NSR:StopPlace:59637,Rosenholm stasjon,2026-09-07T17:13:00+02:00,2026-09-07T17:13:00+02:00,,0.0,0,Skøyen,VYG:Line:L2,Stabekk-Oslo S-Ski,L2,rail,VYG:ServiceJourney:2852-SKI_488387-R,False,planned,False,,,,,2026-09-07T20:27:16.249662+02:00
NSR:StopPlace:59637,Rosenholm stasjon,2026-09-07T17:16:00+02:00,2026-09-07T17:16:00+02:00,,0.0,0,Ski,VYG:Line:L2,Stabekk-Oslo S-Ski,L2,rail,VYG:ServiceJourney:2847-HVK_444079-R,False,planned,False,,,,,2026-09-07T20:27:16.249662+02:00
NSR:StopPlace:59637,Rosenholm stasjon,2026-09-07T17:31:00+02:00,2026-09-07T17:31:00+02:00,,0.0,0,Ski,VYG:Line:L2,Stabekk-Oslo S-Ski,L2,rail,VYG:ServiceJourney:2749-HVK_443959-R,False,planned,False,,,,,2026-09-07T20:27:16.249662+02:00
NSR:StopPlace:59637,Rosenholm stasjon,2026-09-07T17:46:00+02:00,2026-09-07T17:46:00+02:00,,0.0,0,Ski,VYG:Line:L2,Stabekk-Oslo S-Ski,L2,rail,VYG:ServiceJourney:2849_444081-R,False,planned,False,,,,,2026-09-07T20:27:16.249662+02:00
NSR:StopPlace:59638,Myrvoll stasjon,2026-09-07T16:35:00+02:00,2026-09-07T16:35:00+02:00,,0.0,0,Fornebu,RUT:Line:81,Fornebu - Myrvoll stasjon,81,bus,RUT:ServiceJourney:9eb332b50bead9559edb7c3df325c274,False,planned,False,,,,,2026-09-07T20:27:16.249662+02:00
NSR:StopPlace:59638,Myrvoll stasjon,2026-09-07T16:36:00+02:00,2026-09-07T16:36:00+02:00,,0.0,0,Oslo S,VYG:Line:L2,Stabekk-Oslo S-Ski,L2,rail,VYG:ServiceJourney:2850_444084-R,False,planned,False,,,,,2026-09-07T20:27:16.249662+02:00
NSR:StopPlace:59638,Myrvoll stasjon,2026-09-07T16:37:00+02:00,2026-09-07T16:37:00+02:00,,0.0,0,Kolbotn torg,RUT:Line:580,Kolbotn - Ski,580,bus,RUT:ServiceJourney:0d52d6b917a6975575780b06284a23b6,False,planned,False,,,,,2026-09-07T20:27:16.249662+02:00
NSR:StopPlace:59638,Myrvoll stasjon,2026-09-07T16:38:00+02:00,2026-09-07T16:38:00+02:00,,0.0,0,Oppegård stasjon,RUT:Line:84,Jernbanetorget-Oppegård st.,84E,bus,RUT:ServiceJourney:6bc9b3f0ae687126e6d3ec6a2210208b,False,planned,False,,,,,2026-09-07T20:27:16.249662+02:00
NSR:StopPlace:59638,Myrvoll stasjon,2026-09-07T16:38:00+02:00,2026-09-07T16:38:00+02:00,,0.0,0,Ski,VYG:Line:L2,Stabekk-Oslo S-Ski,L2,rail,VYG:ServiceJourney:2745-HVK_443955-R,False,planned,False,,,,,2026-09-07T20:27:16.249662+02:00
NSR:StopPlace:59638,Myrvoll stasjon,2026-09-07T16:45:00+02:00,2026-09-07T16:45:00+02:00,,0.0,0,Filipstad,RUT:Line:81,Fornebu - Myrvoll stasjon,81,bus,RUT:ServiceJourney:1f641d398493ad93df9a1521249e655f,False,planned,False,,,,,2026-09-07T20:27:16.249662+02:00
NSR:StopPlace:59638,Myrvoll stasjon,2026-09-07T16:51:00+02:00,2026-09-07T16:51:00+02:00,,0.0,0,Stabekk,VYG:Line:L2,Stabekk-Oslo S-Ski,L2,rail,VYG:ServiceJourney:2752-SKI_443963-R,False,planned,False,Færre vogner,Denne avgangen kjører dessverre med 3 vogner i stedet for 6 vogner. Dette skyldes at vi mangler et togsett.,general,normal,2026-09-07T20:27:16.249662+02:00
NSR:StopPlace:59638,Myrvoll stasjon,2026-09-07T16:53:00+02:00,2026-09-07T16:53:00+02:00,,0.0,0,Oppegård stasjon,RUT:Line:84,Jernbanetorget-Oppegård st.,84E,bus,RUT:ServiceJourney:1030422526ab4f14886ec625183aa49e,False,planned,False,,,,,2026-09-07T20:27:16.249662+02:00
NSR:StopPlace:59638,Myrvoll stasjon,2026-09-07T16:53:00+02:00,2026-09-07T16:53:00+02:00,,0.0,0,Ski,VYG:Line:L2,Stabekk-Oslo S-Ski,L2,rail,VYG:ServiceJourney:2845-HVK_444077-R,False,planned,False,,,,,2026-09-07T20:27:16.249662+02:00
NSR:StopPlace:59638,Myrvoll stasjon,2026-09-07T16:56:00+02:00,2026-09-07T16:56:00+02:00,,0.0,0,Ski stasjon,RUT:Line:580,Kolbotn - Ski,580,bus,RUT:ServiceJourney:f3d200b920d3784b8ceb08ede6359598,False,planned,False,,,,,2026-09-07T20:27:16.249662+02:00
NSR:StopPlace:59638,Myrvoll stasjon,2026-09-07T17:06:00+02:00,2026-09-07T17:06:00+02:00,,0.0,0,Skøyen,VYG:Line:L2,Stabekk-Oslo S-Ski,L2,rail,VYG:ServiceJourney:2852-SKI_488387-R,False,planned,False,,,,,2026-09-07T20:27:16.249662+02:00
NSR:StopPlace:59638,Myrvoll stasjon,2026-09-07T17:07:00+02:00,2026-09-07T17:07:00+02:00,,0.0,0,Kolbotn torg,RUT:Line:580,Kolbotn - Ski,580,bus,RUT:ServiceJourney:0670376b2130164c3baf24abdead530b,False,planned,False,,,,,2026-09-07T20:27:16.249662+02:00
NSR:StopPlace:59638,Myrvoll stasjon,2026-09-07T17:08:00+02:00,2026-09-07T17:08:00+02:00,,0.0,0,Oppegård stasjon,RUT:Line:84,Jernbanetorget-Oppegård st.,84E,bus,RUT:ServiceJourney:17a139772a4239bf96ac62548e0565b2,False,planned,False,,,,,2026-09-07T20:27:16.249662+02:00
NSR:StopPlace:59638,Myrvoll stasjon,2026-09-07T17:08:00+02:00,2026-09-07T17:08:00+02:00,,0.0,0,Ski,VYG:Line:L2,Stabekk-Oslo S-Ski,L2,rail,VYG:ServiceJourney:2747-HVK_443957-R,False,planned,False,,,,,2026-09-07T20:27:16.249662+02:00
NSR:StopPlace:59638,Myrvoll stasjon,2026-09-07T17:23:00+02:00,2026-09-07T17:23:00+02:00,,0.0,0,Oppegård stasjon,RUT:Line:84,Jernbanetorget-Oppegård st.,84E,bus,RUT:ServiceJourney:6b7ce125948a0494fedf1224b2beae89,False,planned,False,,,,,2026-09-07T20:27:16.249662+02:00
NSR:StopPlace:59638,Myrvoll stasjon,2026-09-07T17:23:00+02:00,2026-09-07T17:23:00+02:00,,0.0,0,Ski,VYG:Line:L2,Stabekk-Oslo S-Ski,L2,rail,VYG:ServiceJourney:2847-HVK_444079-R,False,planned,False,,,,,2026-09-07T20:27:16.249662+02:00
NSR:StopPlace:59638,Myrvoll stasjon,2026-09-07T17:26:00+02:00,2026-09-07T17:26:00+02:00,,0.0,0,Ski stasjon,RUT:Line:580,Kolbotn - Ski,580,bus,RUT:ServiceJourney:9aa35f68b616e22224d69ed6ab4087a5,False,planned,False,,,,,2026-09-07T20:27:16.249662+02:00
NSR:StopPlace:59638,Myrvoll stasjon,2026-09-07T17:38:00+02:00,2026-09-07T17:38:00+02:00,,0.0,0,Oppegård stasjon,RUT:Line:84,Jernbanetorget-Oppegård st.,84E,bus,RUT:ServiceJourney:293f54eb318a364a7901ef5fe8b7b1ef,False,planned,False,,,,,2026-09-07T20:27:16.249662+02:00
NSR:StopPlace:59638,Myrvoll stasjon,2026-09-07T17:38:00+02:00,2026-09-07T17:38:00+02:00,,0.0,0,Ski,VYG:Line:L2,Stabekk-Oslo S-Ski,L2,rail,VYG:ServiceJourney:2749-HVK_443959-R,False,planned,False,,,,,2026-09-07T20:27:16.249662+02:00
NSR:StopPlace:59638,Myrvoll stasjon,2026-09-07T17:53:00+02:00,2026-09-07T17:53:00+02:00,,0.0,0,Ski,VYG:Line:L2,Stabekk-Oslo S-Ski,L2,rail,VYG:ServiceJourney:2849_444081-R,False,planned,False,,,,,2026-09-07T20:27:16.249662+02:00
NSR:StopPlace:59639,Sonsveien stasjon,2026-09-07T16:34:00+02:00,2026-09-07T16:34:00+02:00,,0.0,0,Stabekk,VYG:Line:R21,Stabekk-Oslo S-Moss,R21,rail,VYG:ServiceJourney:1150-MOS_443033-R,False,planned,False,,,,,2026-09-07T20:27:16.249662+02:00
NSR:StopPlace:59639,Sonsveien stasjon,2026-09-07T16:42:00+02:00,2026-09-07T16:42:00+02:00,,0.0,0,Vestby stasjon,RUT:Line:540,Moss - Son - Vestby stasjon,540,bus,RUT:ServiceJourney:48ef43b4a4f6914cde13324c3a06921e,False,planned,False,,,,,2026-09-07T20:27:16.249662+02:00
NSR:StopPlace:59639,Sonsveien stasjon,2026-09-07T16:42:00+02:00,2026-09-07T16:42:00+02:00,,0.0,0,Vestby stasjon,RUT:Line:540,Moss - Son - Vestby stasjon,540,bus,RUT:ServiceJourney:2d3ce8db9236d7c8b01dc79490397f0f,False,planned,False,,,,,2026-09-07T20:27:16.249662+02:00
NSR:StopPlace:59639,Sonsveien stasjon,2026-09-07T16:51:00+02:00,2026-09-07T16:51:00+02:00,,0.0,0,Moss,VYG:Line:R21,Stabekk-Oslo S-Moss,R21,rail,VYG:ServiceJourney:1145-HVK_443024-R,False,planned,False,,,,,2026-09-07T20:27:16.249662+02:00
NSR:StopPlace:59639,Sonsveien stasjon,2026-09-07T16:55:00+02:00,2026-09-07T16:55:00+02:00,,0.0,0,Deør - Son - Store Brevik,RUT:Line:3545,Son mot klokka,545B,bus,RUT:ServiceJourney:b4ef24fc695a5855f6dc12d4fc34bdf0,False,planned,False,,,,,2026-09-07T20:27:16.249662+02:00
NSR:StopPlace:59639,Sonsveien stasjon,2026-09-07T16:55:00+02:00,2026-09-07T16:55:00+02:00,,0.0,0,Brevikbukta,RUT:Line:2545,Son med klokka,545A,bus,RUT:ServiceJourney:b53f3c3bc0b8f2d86a10e0290ed39202,False,planned,False,,,,,2026-09-07T20:27:16.249662+02:00
NSR:StopPlace:59639,Sonsveien stasjon,2026-09-07T17:09:00+02:00,2026-09-07T17:09:00+02:00,,0.0,0,Moss,RUT:Line:540,Moss - Son - Vestby stasjon,540,bus,RUT:ServiceJourney:c93edb57c357966dff79770a73ed95ac,False,planned,False,,,,,2026-09-07T20:27:16.249662+02:00
NSR:StopPlace:59639,Sonsveien stasjon,2026-09-07T17:12:00+02:00,2026-09-07T17:12:00+02:00,,0.0,0,Vestby stasjon,RUT:Line:540,Moss - Son - Vestby stasjon,540,bus,RUT:ServiceJourney:27ef9be2d0850b2ed8a87d6217bb0bcf,False,planned,False,,,,,2026-09-07T20:27:16.249662+02:00
NSR:StopPlace:59639,Sonsveien stasjon,2026-09-07T17:12:00+02:00,2026-09-07T17:12:00+02:00,,0.0,0,Vestby stasjon,RUT:Line:540,Moss - Son - Vestby stasjon,540,bus,RUT:ServiceJourney:fa8d88b5c8f6f610cedbaf7ac1e53556,False,planned,False,,,,,2026-09-07T20:27:16.249662+02:00
NSR:StopPlace:59639,Sonsveien stasjon,2026-09-07T17:20:00+02:00,2026-09-07T17:20:00+02:00,,0.0,0,Oslo lufthavn,VYX:Line:56,FB11 Fredrikstad-Oslo Lufthavn (OSL),FB11,bus,VYX:ServiceJourney:0814e6e0e7ff60850ff6a7fd8693075cdc51fc83,False,planned,False,Forhåndsbestilling FB11,Billett må kjøpes på nett eller app senest 15 minutter før påstigning for at bussen skal kjøre innom holdeplassen. Ruter-billett er ikke gyldig. ,general,normal,2026-09-07T20:27:16.249662+02:00
NSR:StopPlace:59639,Sonsveien stasjon,2026-09-07T17:21:00+02:00,2026-09-07T17:21:00+02:00,,0.0,0,Moss,VYG:Line:R21,Stabekk-Oslo S-Moss,R21,rail,VYG:ServiceJourney:1147-HVK_443026-R,False,planned,False,,,,,2026-09-07T20:27:16.249662+02:00
NSR:StopPlace:59639,Sonsveien stasjon,2026-09-07T17:25:00+02:00,2026-09-07T17:25:00+02:00,,0.0,0,Ørajordet,RUT:Line:3545,Son mot klokka,545B,bus,RUT:ServiceJourney:29b315f333b6bea418afedf6af833083,False,planned,False,,,,,2026-09-07T20:27:16.249662+02:00
NSR:StopPlace:59639,Sonsveien stasjon,2026-09-07T18:20:00+02:00,2026-09-07T18:20:00+02:00,,0.0,0,Oslo lufthavn,VYX:Line:56,FB11 Fredrikstad-Oslo Lufthavn (OSL),FB11,bus,VYX:ServiceJourney:8e7c2bad3ea5988e652ffc2e69c2300bbd36d108,False,planned,False,Forhåndsbestilling FB11,Billett må kjøpes på nett eller app senest 15 minutter før påstigning for at bussen skal kjøre innom holdeplassen. Ruter-billett er ikke gyldig. ,general,normal,2026-09-07T20:27:16.249662+02:00
NSR:StopPlace:59639,Sonsveien stasjon,2026-09-07T19:20:00+02:00,2026-09-07T19:20:00+02:00,,0.0,0,Oslo lufthavn,VYX:Line:56,FB11 Fredrikstad-Oslo Lufthavn (OSL),FB11,bus,VYX:ServiceJourney:0789bf6f93c683067d7427a7b5aade52b203fdd7,False,planned,False,Forhåndsbestilling FB11,Billett må kjøpes på nett eller app senest 15 minutter før påstigning for at bussen skal kjøre innom holdeplassen. Ruter-billett er ikke gyldig. ,general,normal,2026-09-07T20:27:16.249662+02:00
NSR:StopPlace:59639,Sonsveien stasjon,2026-09-07T20:20:00+02:00,2026-09-07T20:20:00+02:00,,0.0,0,Oslo lufthavn,VYX:Line:56,FB11 Fredrikstad-Oslo Lufthavn (OSL),FB11,bus,VYX:ServiceJourney:41391880705fdb1c281912375e58a1e6cc4d4e85,False,planned,False,Forhåndsbestilling FB11,Billett må kjøpes på nett eller app senest 15 minutter før påstigning for at bussen skal kjøre innom holdeplassen. Ruter-billett er ikke gyldig. ,general,normal,2026-09-07T20:27:16.249662+02:00
NSR:StopPlace:58404,Nationaltheatret,2026-09-07T16:28:00+02:00,2026-09-07T16:28:00+02:00,,0.0,0,Nydalen T,RUT:Line:37,Nydalen T - Helsfyr,37,bus,RUT:ServiceJourney:11287f20b558ee5066d33ff243f9cd1a,False,planned,False,,,,,2026-09-07T20:27:16.249662+02:00
NSR:StopPlace:58404,Nationaltheatret,2026-09-07T16:28:00+02:00,2026-09-07T16:28:00+02:00,,0.0,0,Østerås,RUT:Line:2,Østerås - Ellingsrudåsen,2,metro,RUT:ServiceJourney:2504bfa9b66de14b4f267221f4c621cd,False,planned,False,,,,,2026-09-07T20:27:16.249662+02:00
NSR:StopPlace:58404,Nationaltheatret,2026-09-07T16:28:00+02:00,2026-09-07T16:28:00+02:00,,0.0,0,Asker,VYG:Line:L1,Spikkestad-Oslo S-Lillestrøm,L1,rail,VYG:ServiceJourney:2145_443553-R,False,planned,False,Færre vogner,Denne avgangen kjører dessverre med 4 vogner i stedet for 8 vogner. Dette skyldes at vi mangler et togsett.,general,normal,2026-09-07T20:27:16.249662+02:00
NSR:StopPlace:58404,Nationaltheatret,2026-09-07T16:29:00+02:00,2026-09-07T16:29:00+02:00,,0.0,0,Rykkinn,RUT:Line:160,Rykkinn -Nationaltheatret,160,bus,RUT:ServiceJourney:75060e6c7ba1c1dbc5edea670764d73f,False,planned,False,,,,,2026-09-07T20:27:16.249662+02:00
NSR:StopPlace:58404,Nationaltheatret,2026-09-07T16:29:00+02:00,2026-09-07T16:29:00+02:00,,0.0,0,Fornebu,RUT:Line:31,Snarøya - Fornebu - Tonsenhagen - Grorud,31,bus,RUT:ServiceJourney:be31ce1d32aeb56d21b6595af4cef15b,False,planned,False,,,,,2026-09-07T20:27:16.249662+02:00
NSR:StopPlace:58404,Nationaltheatret,2026-09-07T16:29:00+02:00,2026-09-07T16:29:00+02:00,,0.0,0,Vestli,RUT:Line:5,Sognsvann - Vestli,5,metro,RUT:ServiceJourney:0f1b61b928001aca183aed0f90fa877c,False,planned,False,,,,,2026-09-07T20:27:16.249662+02:00
NSR:StopPlace:58404,Nationaltheatret,2026-09-07T16:29:00+02:00,2026-09-07T16:29:00+02:00,,0.0,0,Slemmestad,RUT:Line:2250,Slemmestad - Nationaltheatret,250E,bus,RUT:ServiceJourney:4fffb111e11161acee3c9eccf8e14228,False,planned,False,,,,,2026-09-07T20:27:16.249662+02:00
NSR:StopPlace:58404,Nationaltheatret,2026-09-07T16:30:00+02:00,2026-09-07T16:30:00+02:00,,0.0,0,Sætre,RUT:Line:2255,Sætre - Slemmestad - Oslo bussterminal,255E,bus,RUT:ServiceJourney:64f18c1014b1e03a30a4cf657ea37944,False,planned,False,,,,,2026-09-07T20:27:16.249662+02:00
NSR:StopPlace:58404,Nationaltheatret,2026-09-07T16:30:00+02:00,2026-09-07T16:30:00+02:00,,0.0,0,Ljabru,RUT:Line:13,Bekkestua - Ljabru,13,tram,RUT:ServiceJourney:1870b2c199c9bc4b34d922ab73a30eea,False,planned,False,,,,,2026-09-07T20:27:16.249662+02:00
NSR:StopPlace:58404,Nationaltheatret,2026-09-07T16:30:00+02:00,2026-09-07T16:30:00+02:00,,0.0,0,Skullerud,RUT:Line:70,Nationaltheatret - Skullerud,70,bus,RUT:ServiceJourney:b741dd62b1329bd64c18a45300f28438,False,planned,False,,,,,2026-09-07T20:27:16.249662+02:00
NSR:StopPlace:58404,Nationaltheatret,2026-09-07T16:30:00+02:00,2026-09-07T16:30:00+02:00,,0.0,0,Helsfyr,RUT:Line:37,Nydalen T - Helsfyr,37,bus,RUT:ServiceJourney:c604e9a626bd3e8aaf8ad45da146e9f9,False,planned,False,,,,,2026-09-07T20:27:16.249662+02:00
NSR:StopPlace:58404,Nationaltheatret,2026-09-07T16:31:00+02:00,2026-09-07T16:31:00+02:00,,0.0,0,Fornebu,RUT:Line:81,Fornebu - Myrvoll stasjon,81,bus,RUT:ServiceJourney:3ab0b9a8750d5732d5c0280b8151e527,False,planned,False,,,,,2026-09-07T20:27:16.249662+02:00
NSR:StopPlace:58404,Nationaltheatret,2026-09-07T16:31:00+02:00,2026-09-07T16:31:00+02:00,,0.0,0,Kolsås,RUT:Line:3,Kolsås - Mortensrud,3,metro,RUT:ServiceJourney:7c94facb174b0f656442a78fae30caa8,False,planned,False,,,,,2026-09-07T20:27:16.249662+02:00
NSR:StopPlace:58404,Nationaltheatret,2026-09-07T16:31:00+02:00,2026-09-07T16:31:00+02:00,,0.0,0,Bergkrystallen,RUT:Line:1,Frognerseteren - Bergkrystallen,1,metro,RUT:ServiceJourney:fcfc8e8ae57b159055bbe8f4a7ce54d4,False,planned,False,,,,,2026-09-07T20:27:16.249662+02:00
NSR:StopPlace:58404,Nationaltheatret,2026-09-07T16:31:00+02:00,2026-09-07T16:31:00+02:00,,0.0,0,Slemmestad,RUT:Line:250,Sætre - Slemmestad - Nationaltheatret,250,bus,RUT:ServiceJourney:ad2b4f701a8edcfc9e47b760875c5e59,False,planned,False,,,,,2026-09-07T20:27:16.249662+02:00
NSR:StopPlace:58404,Nationaltheatret,2026-09-07T16:31:00+02:00,2026-09-07T16:31:00+02:00,,0.0,0,Drammen,VYG:Line:RE10,Drammen-Oslo S-Lillehammer,RE10,rail,VYG:ServiceJourney:322-LHM_444203-R,False,planned,False,,,,,2026-09-07T20:27:16.249662+02:00
NSR:StopPlace:58404,Nationaltheatret,2026-09-07T16:31:00+02:00,2026-09-07T16:31:00+02:00,,0.0,0,Nationaltheatret,RUT:Line:160,Rykkinn -Nationaltheatret,160,bus,RUT:ServiceJourney:51046ebfc97750584dea6fe9b52f4282,False,planned,False,,,,,2026-09-07T20:27:16.249662+02:00
NSR:StopPlace:58404,Nationaltheatret,2026-09-07T16:31:00+02:00,2026-09-07T16:31:00+02:00,,0.0,0,Nydalen,RUT:Line:30,Bygdøy - Nydalen,30,bus,RUT:ServiceJourney:28107ae4b44401ae2ad0726375af3f3d,False,planned,False,,,,,2026-09-07T20:27:16.249662+02:00
NSR:StopPlace:58404,Nationaltheatret,2026-09-07T16:32:00+02:00,2026-09-07T16:32:00+02:00,,0.0,0,Gullhaug,RUT:Line:150,Gullhaug - Nationaltheatret,150,bus,RUT:ServiceJourney:7145fee9260255250f33d717d4289d45,False,planned,False,,,,,2026-09-07T20:27:16.249662+02:00
NSR:StopPlace:58404,Nationaltheatret,2026-09-07T16:32:00+02:00,2026-09-07T16:32:00+02:00,,0.0,0,Grorud T,RUT:Line:31,Snarøya - Fornebu - Tonsenhagen - Grorud,31,bus,RUT:ServiceJourney:1506257c6beaee39d63812f59c194024,False,planned,False,,,,,2026-09-07T20:27:16.249662+02:00
NSR:StopPlace:58404,Nationaltheatret,2026-09-07T16:32:00+02:00,2026-09-07T16:32:00+02:00,,0.0,0,Myrvoll stasjon,RUT:Line:81,Fornebu - Myrvoll stasjon,81,bus,RUT:ServiceJourney:008d34d77a3447cbd7f1c5a2678c184f,False,planned,False,,,,,2026-09-07T20:27:16.249662+02:00
NSR:StopPlace:58404,Nationaltheatret,2026-09-07T16:33:00+02:00,2026-09-07T16:33:00+02:00,,0.0,0,Majorstuen,RUT:Line:15,Jernbanetorget - Majorstuen via Nat,15,tram,RUT:ServiceJourney:3d1454d07e2cad5ccce35e622ce3c74c,False,planned,False,,,,,2026-09-07T20:27:16.249662+02:00
NSR:StopPlace:58404,Nationaltheatret,2026-09-07T16:33:00+02:00,2026-09-07T16:33:00+02:00,,0.0,0,Nydalen T,RUT:Line:37,Nydalen T - Helsfyr,37,bus,RUT:ServiceJourney:4e8a812c60067288f7f62f7abdbf10ca,False,planned,False,,,,,2026-09-07T20:27:16.249662+02:00
NSR:StopPlace:58404,Nationaltheatret,2026-09-07T16:33:00+02:00,2026-09-07T16:33:00+02:00,,0.0,0,Vestli via Majorstuen,RUT:Line:4,Vestli - Bergkrystallen,4,metro,RUT:ServiceJourney:7fb4e09885265a221827663015ed88fa,False,planned,False,,,,,2026-09-07T20:27:16.249662+02:00
NSR:StopPlace:58404,Nationaltheatret,2026-09-07T16:33:00+02:00,2026-09-07T16:33:00+02:00,,0.0,0,Ringen via Tøyen,RUT:Line:5,Sognsvann - Vestli,5,metro,RUT:ServiceJourney:5ae3ffe35802311f976d40df75fb500a,False,planned,False,,,,,2026-09-07T20:27:16.249662+02:00
NSR:StopPlace:58404,Nationaltheatret,2026-09-07T16:33:00+02:00,2026-09-07T16:33:00+02:00,,0.0,0,Oslo Lufthavn,FLT:Line:FLY1,FLY1,FLY1,rail,FLT:ServiceJourney:1-2614-3773-20260907,False,planned,False,,,,,2026-09-07T20:27:16.249662+02:00
NSR:StopPlace:58404,Nationaltheatret,2026-09-07T16:33:00+02:00,2026-09-07T16:33:00+02:00,,0.0,0,Lysaker,VYG:Line:L2,Stabekk-Oslo S-Ski,L2,rail,VYG:ServiceJourney:2848-SKI_444080-R,False,planned,False,,,,,2026-09-07T20:27:16.249662+02:00
NSR:StopPlace:58404,Nationaltheatret,2026-09-07T16:34:00+02:00,2026-09-07T16:34:00+02:00,,0.0,0,Lilleaker,RUT:Line:13,Bekkestua - Ljabru,13,tram,RUT:ServiceJourney:d883ea28aa98bb3102c26c3bc599f5d4,False,planned,False,Linje 13: Buss for trikk direkte mellom Thune og Furulund - Lilleaker ,Vi kjører buss for trikk (linje 13B) direkte mellom Thune og Furulund - Lilleaker. Bussen stopper ikke på Sollerud. 13B betjener Thune fra midlertidig holdeplass i Drammensveien,incident,normal,2026-09-07T20:27:16.249662+02:00
NSR:StopPlace:58404,Nationaltheatret,2026-09-07T16:34:00+02:00,2026-09-07T16:34:00+02:00,,0.0,0,Ellingsrudåsen,RUT:Line:2,Østerås - Ellingsrudåsen,2,metro,RUT:ServiceJourney:231138764d2bb286a8202658315b18de,False,planned,False,,,,,2026-09-07T20:27:16.249662+02:00
NSR:StopPlace:58404,Nationaltheatret,2026-09-07T16:34:00+02:00,2026-09-07T16:34:00+02:00,,0.0,0,Nationaltheatret,RUT:Line:150,Gullhaug - Nationaltheatret,150,bus,RUT:ServiceJourney:cde30351d5b39ebb313fa64c6f8171c3,False,planned,False,,,,,2026-09-07T20:27:16.249662+02:00
NSR:StopPlace:58404,Nationaltheatret,2026-09-07T16:35:00+02:00,2026-09-07T16:35:00+02:00,,0.0,0,Bygdøy via Bygdøynes,RUT:Line:30,Bygdøy - Nydalen,30,bus,RUT:ServiceJourney:877331a16c418a0bddf04528726bba7d,False,planned,False,,,,,2026-09-07T20:27:16.249662+02:00
NSR:StopPlace:58404,Nationaltheatret,2026-09-07T16:35:00+02:00,2026-09-07T16:35:00+02:00,,0.0,0,Snarøya,RUT:Line:31,Snarøya - Fornebu - Tonsenhagen - Grorud,31,bus,RUT:ServiceJourney:b8906e906fb2949366fb03249e1be654,False,planned,False,,,,,2026-09-07T20:27:16.249662+02:00
NSR:StopPlace:58404,Nationaltheatret,2026-09-07T16:35:00+02:00,2026-09-07T16:35:00+02:00,,0.0,0,Helsfyr,RUT:Line:37,Nydalen T - Helsfyr,37,bus,RUT:ServiceJourney:2c0dca375b98335d0e67a8726808cc6c,False,planned,False,,,,,2026-09-07T20:27:16.249662+02:00
NSR:StopPlace:58404,Nationaltheatret,2026-09-07T16:36:00+02:00,2026-09-07T16:36:00+02:00,,0.0,0,Østerås,RUT:Line:2,Østerås - Ellingsrudåsen,2,metro,RUT:ServiceJourney:498d69619dd8cf456e82aaa4010c3f9e,False,planned,False,,,,,2026-09-07T20:27:16.249662+02:00
NSR:StopPlace:58404,Nationaltheatret,2026-09-07T16:36:00+02:00,2026-09-07T16:36:00+02:00,,0.0,0,Rykkinn,RUT:Line:2160,Rykkinn - Nationaltheatret,160E,bus,RUT:ServiceJourney:a8a0f4fa67cee2ecc1c94bddaf5eacc3,False,planned,False,,,,,2026-09-07T20:27:16.249662+02:00
NSR:StopPlace:58404,Nationaltheatret,2026-09-07T16:36:00+02:00,2026-09-07T16:36:00+02:00,,0.0,0,Lillestrøm,VYG:Line:L1,Spikkestad-Oslo S-Lillestrøm,L1,rail,VYG:ServiceJourney:2248_445345-R,False,planned,False,,,,,2026-09-07T20:27:16.249662+02:00
NSR:StopPlace:58404,Nationaltheatret,2026-09-07T16:36:00+02:00,2026-09-07T16:36:00+02:00,,0.0,0,Kjelsås,RUT:Line:15,Jernbanetorget - Majorstuen via Nat,15,tram,RUT:ServiceJourney:e538eb05afb9778c043b9ac346279660,False,planned,False,,,,,2026-09-07T20:27:16.249662+02:00
NSR:StopPlace:58404,Nationaltheatret,2026-09-07T16:37:00+02:00,2026-09-07T16:37:00+02:00,,0.0,0,Slemmestad,RUT:Line:2250,Slemmestad - Nationaltheatret,250E,bus,RUT:ServiceJourney:7192be29dbd11e9ae4eff5f64b706790,False,planned,False,,,,,2026-09-07T20:27:16.249662+02:00
NSR:StopPlace:58404,Nationaltheatret,2026-09-07T16:37:00+02:00,2026-09-07T16:37:00+02:00,,0.0,0,Skullerud,RUT:Line:3969,Nationaltheatret - Skullerud,70E,bus,RUT:ServiceJourney:1fa55d50a5e6857aa8517889e272865f,False,planned,False,,,,,2026-09-07T20:27:16.249662+02:00
NSR:StopPlace:58404,Nationaltheatret,2026-09-07T16:37:00+02:00,2026-09-07T16:37:00+02:00,,0.0,0,Fløysbonn,RUT:Line:81,Fornebu - Myrvoll stasjon,81,bus,RUT:ServiceJourney:687c7f29a3467fb02ef997dccd551478,False,planned,False,,,,,2026-09-07T20:27:16.249662+02:00
NSR:StopPlace:58404,Nationaltheatret,2026-09-07T16:38:00+02:00,2026-09-07T16:38:00+02:00,,0.0,0,Nydalen T,RUT:Line:37,Nydalen T - Helsfyr,37,bus,RUT:ServiceJourney:5aae5a2b7e954dbcedcaf91fffb7900c,False,planned,False,,,,,2026-09-07T20:27:16.249662+02:00
NSR:StopPlace:58404,Nationaltheatret,2026-09-07T16:38:00+02:00,2026-09-07T16:38:00+02:00,,0.0,0,Sognsvann,RUT:Line:5,Sognsvann - Vestli,5,metro,RUT:ServiceJourney:1acd44150b3ffa3d0300c88ef55b3c49,False,planned,False,,,,,2026-09-07T20:27:16.249662+02:00
NSR:StopPlace:58404,Nationaltheatret,2026-09-07T16:38:00+02:00,2026-09-07T16:38:00+02:00,,0.0,0,Bergkrystallen,RUT:Line:4,Vestli - Bergkrystallen,4,metro,RUT:ServiceJourney:bf35735140b06cd049cdc4787307580e,False,planned,False,,,,,2026-09-07T20:27:16.249662+02:00
NSR:StopPlace:58404,Nationaltheatret,2026-09-07T16:38:00+02:00,2026-09-07T16:38:00+02:00,,0.0,0,Hosle,RUT:Line:2840,Hosle - Nationaltheatret,140E,bus,RUT:ServiceJourney:9eeedc71ac5e519a59510fe12856a458,False,planned,False,,,,,2026-09-07T20:27:16.249662+02:00
NSR:StopPlace:58404,Nationaltheatret,2026-09-07T16:38:00+02:00,2026-09-07T16:38:00+02:00,,0.0,0,Dal,VYG:Line:R13,Drammen-Oslo S-Dal,R13,rail,VYG:ServiceJourney:1647_443313-R,False,planned,False,,,,,2026-09-07T20:27:16.249662+02:00
NSR:StopPlace:58404,Nationaltheatret,2026-09-07T16:38:00+02:00,2026-09-07T16:38:00+02:00,,0.0,0,Tonsenhagen,RUT:Line:31,Snarøya - Fornebu - Tonsenhagen - Grorud,31,bus,RUT:ServiceJourney:e3f4a19fcd79bbc9e847de6dd1184891,False,planned,False,,,,,2026-09-07T20:27:16.249662+02:00
NSR:StopPlace:58404,Nationaltheatret,2026-09-07T16:38:00+02:00,2026-09-07T16:38:00+02:00,,0.0,0,Nydalen,RUT:Line:30,Bygdøy - Nydalen,30,bus,RUT:ServiceJourney:7a9baecc49d20aae941a7252da974859,False,planned,False,,,,,2026-09-07T20:27:16.249662+02:00
NSR:StopPlace:58404,Nationaltheatret,2026-09-07T16:39:00+02:00,2026-09-07T16:39:00+02:00,,0.0,0,Rykkinn,RUT:Line:160,Rykkinn -Nationaltheatret,160,bus,RUT:ServiceJourney:89e819cd89fca1a88681f92171318086,False,planned,False,,,,,2026-09-07T20:27:16.249662+02:00
NSR:StopPlace:58404,Nationaltheatret,2026-09-07T16:39:00+02:00,2026-09-07T16:39:00+02:00,,0.0,0,Stabekk,VYG:Line:R21,Stabekk-Oslo S-Moss,R21,rail,VYG:ServiceJourney:1148-MOS_443027-R,False,planned,False,,,,,2026-09-07T20:27:16.249662+02:00
NSR:StopPlace:58415,Oteråga stasjon,2026-09-07T16:30:00+02:00,2026-09-07T16:30:00+02:00,,0.0,0,Rognan,SJN:Line:79,Saltenpendelen,R75,rail,SJN:ServiceJourney:1790_41149-R,False,planned,False,,,,,2026-09-07T20:27:16.249662+02:00
NSR:StopPlace:58415,Oteråga stasjon,2026-09-07T16:32:00+02:00,2026-09-07T16:32:00+02:00,,0.0,0,Bodø,SJN:Line:79,Saltenpendelen,R75,rail,SJN:ServiceJourney:1789_41148-R,False,planned,False,,,,,2026-09-07T20:27:16.249662+02:00
NSR:StopPlace:58415,Oteråga stasjon,2026-09-07T17:16:00+02:00,2026-09-07T17:16:00+02:00,,0.0,0,Bodø,SJN:Line:71,Nordlandsbanen,F7,rail,SJN:ServiceJourney:471_46158-R,False,planned,False,,,,,2026-09-07T20:27:16.249662+02:00
NSR:StopPlace:58623,Katrineholm Centralstation,2026-09-07T16:33:00+02:00,2026-09-07T16:33:00+02:00,,0.0,0,Karlstad-Oslo,SJV:Line:cfac9102-49ef-476c-8663-a6d468ee4f36,Stockholm-Hallsberg-Karlstad-Oslo,70,rail,SJV:ServiceJourney:f59f3584-31a7-4ab0-bd01-0245b6e36da4,False,planned,False,,,,,2026-09-07T20:27:16.249662+02:00
NSR:StopPlace:58623,Katrineholm Centralstation,2026-09-07T19:26:00+02:00,2026-09-07T19:26:00+02:00,,0.0,0,Karlstad-Oslo,SJV:Line:cfac9102-49ef-476c-8663-a6d468ee4f36,Stockholm-Hallsberg-Karlstad-Oslo,70,rail,SJV:ServiceJourney:8d37b914-864d-4b1d-b75d-bfe9698aac87,False,planned,False,,,,,2026-09-07T20:27:16.249662+02:00
NSR:StopPlace:58623,Katrineholm Centralstation,2026-09-07T19:51:00+02:00,2026-09-07T19:51:00+02:00,,0.0,0,Stockholm,SJV:Line:cfac9102-49ef-476c-8663-a6d468ee4f36,Stockholm-Hallsberg-Karlstad-Oslo,70,rail,SJV:ServiceJourney:93878a0f-ed9e-44b6-b2de-9fffb37a762b,False,planned,False,,,,,2026-09-07T20:27:16.249662+02:00
NSR:StopPlace:58635,Stockholm Centralstation,2026-09-07T18:12:00+02:00,2026-09-07T18:12:00+02:00,,0.0,0,Luleå,SJV:Line:0ff9f2b9-fbe5-4761-8a29-8813be35efaa,Stockholm-Narvik (-Luleå),,rail,SJV:ServiceJourney:0eabfad4-c61e-4fc3-8a75-7ebd11c5a873,False,planned,False,,,,,2026-09-07T20:27:16.249662+02:00
NSR:StopPlace:58635,Stockholm Centralstation,2026-09-07T18:15:00+02:00,2026-09-07T18:15:00+02:00,,0.0,0,Karlstad-Oslo,SJV:Line:cfac9102-49ef-476c-8663-a6d468ee4f36,Stockholm-Hallsberg-Karlstad-Oslo,70,rail,SJV:ServiceJourney:8d37b914-864d-4b1d-b75d-bfe9698aac87,False,planned,False,,,,,2026-09-07T20:27:16.249662+02:00
NSR:StopPlace:58952,Bodø stasjon,2026-09-07T16:55:00+02:00,2026-09-07T16:55:00+02:00,,0.0,0,Løpsmarka,NOR:Line:12_8004,Tverlandet - Bodø sentrum - Løpsmarka,4,bus,NOR:ServiceJourney:8004_251012124900617_2030,False,planned,False,,,,,2026-09-07T20:27:16.249662+02:00
NSR:StopPlace:58952,Bodø stasjon,2026-09-07T17:02:00+02:00,2026-09-07T17:02:00+02:00,,0.0,0,Tverlandet,NOR:Line:12_8004,Tverlandet - Bodø sentrum - Løpsmarka,4,bus,NOR:ServiceJourney:8004_251012124900578_1031,False,planned,False,,,,,2026-09-07T20:27:16.249662+02:00
NSR:StopPlace:58952,Bodø stasjon,2026-09-07T17:25:00+02:00,2026-09-07T17:25:00+02:00,,0.0,0,Løpsmarka,NOR:Line:12_8004,Tverlandet - Bodø sentrum - Løpsmarka,4,bus,NOR:ServiceJourney:8004_251012124900618_2031,False,planned,False,,,,,2026-09-07T20:27:16.249662+02:00
NSR:StopPlace:58954,Fauske stasjon,2026-09-07T16:53:00+02:00,2026-09-07T16:53:00+02:00,,0.0,0,Bodø,SJN:Line:71,Nordlandsbanen,F7,rail,SJN:ServiceJourney:471_46158-R,False,planned,False,,,,,2026-09-07T20:27:16.249662+02:00
NSR:StopPlace:58954,Fauske stasjon,2026-09-07T16:53:00+02:00,2026-09-07T16:53:00+02:00,,0.0,0,Rognan,SJN:Line:79,Saltenpendelen,R75,rail,SJN:ServiceJourney:1790_41149-R,False,planned,False,,,,,2026-09-07T20:27:16.249662+02:00
NSR:StopPlace:58958,Rognan stasjon,2026-09-07T17:02:00+02:00,2026-09-07T17:02:00+02:00,,0.0,0,Rognan sentrum,NOR:Line:12_8472,Fauske-Rognan-Vassbotnfjell-Ev,472,bus,NOR:ServiceJourney:8472_251012124859005_2034,False,planned,False,,,,,2026-09-07T20:27:16.249662+02:00
NSR:StopPlace:58950,Åsen stasjon,2026-09-07T18:21:00+02:00,2026-09-07T18:21:00+02:00,,0.0,0,Steinkjer,SJN:Line:26,Trønderbanen,R70,rail,SJN:ServiceJourney:445_56074-R,False,planned,False,,,,,2026-09-07T20:27:16.249662+02:00
NSR:StopPlace:58963,Jessheim stasjon,2026-09-07T16:28:00+02:00,2026-09-07T16:28:00+02:00,,0.0,0,Fenstad,RUT:Line:440,Fenstad/Nordkisa - Oslo lufthavn,440,bus,RUT:ServiceJourney:5f5b4b598cc5c706a806ff451ac4b99b,False,planned,False,,,,,2026-09-07T20:27:16.249662+02:00
NSR:StopPlace:58963,Jessheim stasjon,2026-09-07T16:31:00+02:00,2026-09-07T16:31:00+02:00,,0.0,0,Oslo lufthavn,RUT:Line:440,Fenstad/Nordkisa - Oslo lufthavn,440,bus,RUT:ServiceJourney:a289e092cea1df4e80c021c0f6440d01,False,planned,False,,,,,2026-09-07T20:27:16.249662+02:00
NSR:StopPlace:58963,Jessheim stasjon,2026-09-07T16:33:00+02:00,2026-09-07T16:33:00+02:00,,0.0,0,Kopperud,RUT:Line:420,Maura -  Jessheim,420,bus,RUT:ServiceJourney:80c2aa48ca8b65fb57daf56f5e0b91ee,False,planned,False,,,,,2026-09-07T20:27:16.249662+02:00
NSR:StopPlace:58963,Jessheim stasjon,2026-09-07T16:36:00+02:00,2026-09-07T16:36:00+02:00,,0.0,0,Oslo lufthavn,RUT:Line:450,Årnes - Oslo lufthavn,450,bus,RUT:ServiceJourney:b9cd32996f403e707fc47a20b9648136,False,planned,False,,,,,2026-09-07T20:27:16.249662+02:00
NSR:StopPlace:58963,Jessheim stasjon,2026-09-07T16:37:00+02:00,2026-09-07T16:37:00+02:00,,0.0,0,Årnes,RUT:Line:450,Årnes - Oslo lufthavn,450,bus,RUT:ServiceJourney:d5299cabf62c566b196423b6bc152f68,False,planned,False,,,,,2026-09-07T20:27:16.249662+02:00
NSR:StopPlace:58963,Jessheim stasjon,2026-09-07T16:40:00+02:00,2026-09-07T16:40:00+02:00,,0.0,0,Eidsvoll,RUT:Line:430,Eidsvoll - Jessheim,430,bus,RUT:ServiceJourney:2cc806566c2d78099c5913c95569a758,False,planned,False,,,,,2026-09-07T20:27:16.249662+02:00
NSR:StopPlace:58963,Jessheim stasjon,2026-09-07T16:43:00+02:00,2026-09-07T16:43:00+02:00,,0.0,0,Nordkisa,RUT:Line:440,Fenstad/Nordkisa - Oslo lufthavn,440,bus,RUT:ServiceJourney:c07890061b80596e7aca2e92f4bc31d0,False,planned,False,,,,,2026-09-07T20:27:16.249662+02:00
NSR:StopPlace:58963,Jessheim stasjon,2026-09-07T16:46:00+02:00,2026-09-07T16:46:00+02:00,,0.0,0,Oslo lufthavn,RUT:Line:440,Fenstad/Nordkisa - Oslo lufthavn,440,bus,RUT:ServiceJourney:b855b63ef6ba610287f69ad83f9b5223,False,planned,False,,,,,2026-09-07T20:27:16.249662+02:00
NSR:StopPlace:58963,Jessheim stasjon,2026-09-07T16:51:00+02:00,2026-09-07T16:51:00+02:00,,0.0,0,Aktivitetsvegen,RUT:Line:450,Årnes - Oslo lufthavn,450,bus,RUT:ServiceJourney:3f89627ce2c6b799ec373e81579f3072,False,planned,False,,,,,2026-09-07T20:27:16.249662+02:00
NSR:StopPlace:58963,Jessheim stasjon,2026-09-07T16:51:00+02:00,2026-09-07T16:51:00+02:00,,0.0,0,Dal,VYG:Line:R13,Drammen-Oslo S-Dal,R13,rail,VYG:ServiceJourney:1645_443309-R,False,planned,False,,,,,2026-09-07T20:27:16.249662+02:00
NSR:StopPlace:58963,Jessheim stasjon,2026-09-07T16:52:00+02:00,2026-09-07T16:52:00+02:00,,0.0,0,Årnes,RUT:Line:450,Årnes - Oslo lufthavn,450,bus,RUT:ServiceJourney:1ee59810628279990c13a39a6c278d94,False,planned,False,,,,,2026-09-07T20:27:16.249662+02:00
NSR:StopPlace:58963,Jessheim stasjon,2026-09-07T16:58:00+02:00,2026-09-07T16:58:00+02:00,,0.0,0,Fenstad,RUT:Line:440,Fenstad/Nordkisa - Oslo lufthavn,440,bus,RUT:ServiceJourney:5f68cc24f5877eb9e2cccc9d8ef6ed9f,False,planned,False,,,,,2026-09-07T20:27:16.249662+02:00
NSR:StopPlace:58963,Jessheim stasjon,2026-09-07T17:01:00+02:00,2026-09-07T17:01:00+02:00,,0.0,0,Oslo lufthavn,RUT:Line:440,Fenstad/Nordkisa - Oslo lufthavn,440,bus,RUT:ServiceJourney:c2fd33dc557c030c9a94804120abe9ff,False,planned,False,,,,,2026-09-07T20:27:16.249662+02:00
NSR:StopPlace:58963,Jessheim stasjon,2026-09-07T17:06:00+02:00,2026-09-07T17:06:00+02:00,,0.0,0,Oslo lufthavn,RUT:Line:450,Årnes - Oslo lufthavn,450,bus,RUT:ServiceJourney:660bea44ad3d34e11a401469a791fb50,False,planned,False,,,,,2026-09-07T20:27:16.249662+02:00
NSR:StopPlace:58963,Jessheim stasjon,2026-09-07T17:07:00+02:00,2026-09-07T17:07:00+02:00,,0.0,0,Årnes,RUT:Line:450,Årnes - Oslo lufthavn,450,bus,RUT:ServiceJourney:b9727a4a495e11990122f2f4dc14642b,False,planned,False,,,,,2026-09-07T20:27:16.249662+02:00
NSR:StopPlace:58963,Jessheim stasjon,2026-09-07T17:13:00+02:00,2026-09-07T17:13:00+02:00,,0.0,0,Nordkisa,RUT:Line:440,Fenstad/Nordkisa - Oslo lufthavn,440,bus,RUT:ServiceJourney:112db7a94f88d55b7d9b3402f96074b8,False,planned,False,,,,,2026-09-07T20:27:16.249662+02:00
NSR:StopPlace:58963,Jessheim stasjon,2026-09-07T17:16:00+02:00,2026-09-07T17:16:00+02:00,,0.0,0,Oslo lufthavn,RUT:Line:440,Fenstad/Nordkisa - Oslo lufthavn,440,bus,RUT:ServiceJourney:28b08bab9c5742fb9f7debd2cabf1abb,False,planned,False,,,,,2026-09-07T20:27:16.249662+02:00
NSR:StopPlace:58963,Jessheim stasjon,2026-09-07T17:21:00+02:00,2026-09-07T17:21:00+02:00,,0.0,0,Aktivitetsvegen,RUT:Line:450,Årnes - Oslo lufthavn,450,bus,RUT:ServiceJourney:b92f4168672e939c18bb1822014c7539,False,planned,False,,,,,2026-09-07T20:27:16.249662+02:00
NSR:StopPlace:58963,Jessheim stasjon,2026-09-07T17:21:00+02:00,2026-09-07T17:21:00+02:00,,0.0,0,Dal,VYG:Line:R13,Drammen-Oslo S-Dal,R13,rail,VYG:ServiceJourney:1647_443313-R,False,planned,False,,,,,2026-09-07T20:27:16.249662+02:00
NSR:StopPlace:58963,Jessheim stasjon,2026-09-07T17:22:00+02:00,2026-09-07T17:22:00+02:00,,0.0,0,Årnes,RUT:Line:450,Årnes - Oslo lufthavn,450,bus,RUT:ServiceJourney:764148217c4c2919be71333db8a7b7d2,False,planned,False,,,,,2026-09-07T20:27:16.249662+02:00
NSR:StopPlace:58963,Jessheim stasjon,2026-09-07T17:31:00+02:00,2026-09-07T17:31:00+02:00,,0.0,0,Oslo lufthavn,RUT:Line:440,Fenstad/Nordkisa - Oslo lufthavn,440,bus,RUT:ServiceJourney:625f8c5db8766c8ab93b0e5869244bc7,False,planned,False,,,,,2026-09-07T20:27:16.249662+02:00
NSR:StopPlace:58963,Jessheim stasjon,2026-09-07T17:36:00+02:00,2026-09-07T17:36:00+02:00,,0.0,0,Oslo lufthavn,RUT:Line:450,Årnes - Oslo lufthavn,450,bus,RUT:ServiceJourney:06f493c3c3462ee07e537f9d129bf513,False,planned,False,,,,,2026-09-07T20:27:16.249662+02:00
NSR:StopPlace:58964,Kløfta stasjon,2026-09-07T16:49:00+02:00,2026-09-07T16:49:00+02:00,,0.0,0,Herbergåsen,RUT:Line:460,Herbergåsen - Kløfta,460,bus,RUT:ServiceJourney:1f7b89271e772389634afa1183b17455,False,planned,False,,,,,2026-09-07T20:27:16.249662+02:00
NSR:StopPlace:58964,Kløfta stasjon,2026-09-07T16:50:00+02:00,2026-09-07T16:50:00+02:00,,0.0,0,Ask,RUT:Line:405,Kløfta - Ask terminal,405,bus,RUT:ServiceJourney:175769c2a3ff82d629b48ef6daa94d9d,False,planned,False,,,,,2026-09-07T20:27:16.249662+02:00
NSR:StopPlace:58964,Kløfta stasjon,2026-09-07T16:51:00+02:00,2026-09-07T16:51:00+02:00,,0.0,0,Kløfta,RUT:Line:425,Kløfta – Oslo lufthavn,425,bus,RUT:ServiceJourney:f23b89630c1a59a1dde9a3df0e036651,False,planned,False,,,,,2026-09-07T20:27:16.249662+02:00
NSR:StopPlace:58964,Kløfta stasjon,2026-09-07T17:03:00+02:00,2026-09-07T17:03:00+02:00,,0.0,0,Oslo lufthavn,RUT:Line:425,Kløfta – Oslo lufthavn,425,bus,RUT:ServiceJourney:82b3dd1feff432418400955ec5de4278,False,planned,False,,,,,2026-09-07T20:27:16.249662+02:00
NSR:StopPlace:58964,Kløfta stasjon,2026-09-07T17:14:00+02:00,2026-09-07T17:14:00+02:00,,0.0,0,Dal,VYG:Line:R13,Drammen-Oslo S-Dal,R13,rail,VYG:ServiceJourney:1647_443313-R,False,planned,False,,,,,2026-09-07T20:27:16.249662+02:00
NSR:StopPlace:58966,Porsgrunn stasjon,2026-09-07T16:45:00+02:00,2026-09-07T16:45:00+02:00,,0.0,0,Skien,VYG:Line:RE11,Eidsvoll-Oslo S-Skien,RE11,rail,VYG:ServiceJourney:821_444401-R,False,planned,False,Heis på Porsgrunn ute av drift,Heisen på Porsgrunn til spor 2 er ute av drift.,general,normal,2026-09-07T20:27:16.249662+02:00
NSR:StopPlace:58966,Porsgrunn stasjon,2026-09-07T17:22:00+02:00,2026-09-07T17:22:00+02:00,,0.0,0,Skien,VYG:Line:RX11,Eidsvoll-Oslo S-Skien,RX11,rail,VYG:ServiceJourney:853-LOD_554644-R,False,planned,False,Heis på Porsgrunn ute av drift,Heisen på Porsgrunn til spor 2 er ute av drift.,general,normal,2026-09-07T20:27:16.249662+02:00
NSR:StopPlace:58966,Porsgrunn stasjon,2026-09-07T17:34:00+02:00,2026-09-07T17:34:00+02:00,,0.0,0,Skien,VYG:Line:RX11,Eidsvoll-Oslo S-Skien,RX11,rail,VYG:ServiceJourney:861-LOE_444427-R,False,planned,False,Heis på Porsgrunn ute av drift,Heisen på Porsgrunn til spor 2 er ute av drift.,general,normal,2026-09-07T20:27:16.249662+02:00
NSR:StopPlace:58960,Trofors stasjon,2026-09-07T17:48:00+02:00,2026-09-07T17:48:00+02:00,,0.0,0,Brønnøysund ,NOR:Line:12_3703,Brønnøysund-Tosbotn-Mosjøen,23-703,bus,NOR:ServiceJourney:3703_251012124858141_2002,False,planned,False,,,,,2026-09-07T20:27:16.249662+02:00
NSR:StopPlace:58971,Mosjøen stasjon,2026-09-07T16:55:00+02:00,2026-09-07T16:55:00+02:00,,0.0,0,Brønnøysund ,NOR:Line:12_3703,Brønnøysund-Tosbotn-Mosjøen,23-703,bus,NOR:ServiceJourney:3703_251012124858141_2002,False,planned,False,,,,,2026-09-07T20:27:16.249662+02:00
NSR:StopPlace:58916,Charlottenberg station,2026-09-07T16:30:00+02:00,2026-09-07T16:30:00+02:00,,0.0,0,Kongsvinger,INN:Line:120,Kongsvinger - Charlottenberg,120,bus,INN:ServiceJourney:54613,False,planned,False,,,,,2026-09-07T20:27:16.249662+02:00
NSR:StopPlace:58918,Nodeland stasjon,2026-09-07T16:51:00+02:00,2026-09-07T16:51:00+02:00,,0.0,0,Høllen,AKT:Line:1048,Høllen - Nodelandsheia,48,bus,AKT:ServiceJourney:76995_192_22_120840_122160_1099022,False,planned,False,,,,,2026-09-07T20:27:16.249662+02:00
NSR:StopPlace:58918,Nodeland stasjon,2026-09-07T16:54:00+02:00,2026-09-07T16:54:00+02:00,,0.0,0,Finsland,AKT:Line:1046,Kristiansand - Finsland,46,bus,AKT:ServiceJourney:78712_141_60_119400_122460_40000945,False,planned,False,,,,,2026-09-07T20:27:16.249662+02:00
NSR:StopPlace:58918,Nodeland stasjon,2026-09-07T17:05:00+02:00,2026-09-07T17:05:00+02:00,,0.0,0,Kristiansand,AKT:Line:1046,Kristiansand - Finsland,46,bus,AKT:ServiceJourney:78722_132_60_119400_122460_3950001,False,planned,False,,,,,2026-09-07T20:27:16.249662+02:00
NSR:StopPlace:58918,Nodeland stasjon,2026-09-07T17:38:00+02:00,2026-09-07T17:38:00+02:00,,0.0,0,Hortemo,AKT:Line:1048,Høllen - Nodelandsheia,48,bus,AKT:ServiceJourney:76958_191_21_125040_126300_3957751,False,planned,False,,,,,2026-09-07T20:27:16.249662+02:00
NSR:StopPlace:58920,Snartemo stasjon,2026-09-07T17:00:00+02:00,2026-09-07T17:00:00+02:00,,0.0,0,Lyngdal,AKT:Line:4111,Lyngdal - Bryggeså,411,bus,AKT:ServiceJourney:65059_32_14_122400_124200_3935503,False,planned,False,,,,,2026-09-07T20:27:16.249662+02:00
NSR:StopPlace:58920,Snartemo stasjon,2026-09-07T17:00:00+02:00,2026-09-07T17:00:00+02:00,,0.0,0,Birkeland - Bryggeså,AKT:Line:240,Skoleruter Hægebostad,240,bus,AKT:ServiceJourney:66002_52_22_122400_123900_1072403,False,planned,False,,,,,2026-09-07T20:27:16.249662+02:00
NSR:StopPlace:58920,Snartemo stasjon,2026-09-07T18:50:00+02:00,2026-09-07T18:50:00+02:00,,0.0,0,Lyngdal,AKT:Line:4111,Lyngdal - Bryggeså,411,bus,AKT:ServiceJourney:65058_42_14_135600_137400_3935503,False,planned,False,,,,,2026-09-07T20:27:16.249662+02:00
NSR:StopPlace:58921,Vennesla stasjon,2026-09-07T16:47:00+02:00,2026-09-07T16:47:00+02:00,,0.0,0,Kristiansand,AKT:Line:31,Kvadraturen - Sødal - Vennesla,31,bus,AKT:ServiceJourney:79693_232_50_119160_121560_3950001,False,planned,False,,,,,2026-09-07T20:27:16.249662+02:00
NSR:StopPlace:58921,Vennesla stasjon,2026-09-07T16:59:00+02:00,2026-09-07T16:59:00+02:00,,0.0,0,Vennesla - Grovane st. via Moseidmoen,AKT:Line:30,Kvadraturen - Mosby - Vennesl,30,bus,AKT:ServiceJourney:79398_211_49_118800_121500_40001566,False,planned,False,,,,,2026-09-07T20:27:16.249662+02:00
NSR:StopPlace:58921,Vennesla stasjon,2026-09-07T17:08:00+02:00,2026-09-07T17:08:00+02:00,,0.0,0,Vennesla - Samkom,AKT:Line:31,Kvadraturen - Sødal - Vennesla,31,bus,AKT:ServiceJourney:79658_231_48_120600_122940_3950303,False,planned,False,,,,,2026-09-07T20:27:16.249662+02:00
NSR:StopPlace:58921,Vennesla stasjon,2026-09-07T17:29:00+02:00,2026-09-07T17:29:00+02:00,,0.0,0,Vennesla - Grovane st. via Moseidmoen,AKT:Line:30,Kvadraturen - Mosby - Vennesl,30,bus,AKT:ServiceJourney:79399_221_49_122400_125100_40001566,False,planned,False,,,,,2026-09-07T20:27:16.249662+02:00
NSR:StopPlace:58924,Bryne stasjon,2026-09-07T16:28:00+02:00,2026-09-07T16:28:00+02:00,,0.0,0,Egersund,GOA:Line:59,Jærbanen,L5,rail,GOA:ServiceJourney:3048_63093-R,False,planned,False,,,,,2026-09-07T20:27:16.249662+02:00
NSR:StopPlace:58924,Bryne stasjon,2026-09-07T16:28:00+02:00,2026-09-07T16:28:00+02:00,,0.0,0,Stavanger,GOA:Line:59,Jærbanen,L5,rail,GOA:ServiceJourney:3047_63092-R,False,planned,False,,,,,2026-09-07T20:27:16.249662+02:00
NSR:StopPlace:58924,Bryne stasjon,2026-09-07T16:35:00+02:00,2026-09-07T16:35:00+02:00,,0.0,0,Nærbø via Pollestad,KOL:Line:8_2022,57,57,bus,KOL:ServiceJourney:2022_250903083238530_1004,False,planned,False,,,,,2026-09-07T20:27:16.249662+02:00
NSR:StopPlace:58924,Bryne stasjon,2026-09-07T16:40:00+02:00,2026-09-07T16:40:00+02:00,,0.0,0,Lyefjell,KOL:Line:8_2017,50,50,bus,KOL:ServiceJourney:2017_260407061538528_2021,False,planned,False,,,,,2026-09-07T20:27:16.249662+02:00
NSR:StopPlace:58924,Bryne stasjon,2026-09-07T16:58:00+02:00,2026-09-07T16:58:00+02:00,,0.0,0,Stavanger,GOA:Line:59,Jærbanen,L5,rail,GOA:ServiceJourney:3049_63095-R,False,planned,False,,,,,2026-09-07T20:27:16.249662+02:00
NSR:StopPlace:58924,Bryne stasjon,2026-09-07T17:10:00+02:00,2026-09-07T17:10:00+02:00,,0.0,0,Lyefjell,KOL:Line:8_2017,50,50,bus,KOL:ServiceJourney:2017_260407061538708_2022,False,planned,False,,,,,2026-09-07T20:27:16.249662+02:00
NSR:StopPlace:58924,Bryne stasjon,2026-09-07T17:40:00+02:00,2026-09-07T17:40:00+02:00,,0.0,0,Lyefjell,KOL:Line:8_2017,50,50,bus,KOL:ServiceJourney:2017_260407061538887_2023,False,planned,False,,,,,2026-09-07T20:27:16.249662+02:00
NSR:StopPlace:58925,Gausel stasjon,2026-09-07T16:29:00+02:00,2026-09-07T16:29:00+02:00,,0.0,0,Sandnes,KOL:Line:8_1007,6,6,bus,KOL:ServiceJourney:1007_260729080905507_1062,False,planned,False,,,,,2026-09-07T20:27:16.249662+02:00
NSR:StopPlace:58925,Gausel stasjon,2026-09-07T16:30:00+02:00,2026-09-07T16:30:00+02:00,,0.0,0,Sandnes,KOL:Line:8_1001,1,1,bus,KOL:ServiceJourney:1001_251008118350198_1084,False,planned,False,,,,,2026-09-07T20:27:16.249662+02:00
NSR:StopPlace:58925,Gausel stasjon,2026-09-07T16:32:00+02:00,2026-09-07T16:32:00+02:00,,0.0,0,Stavanger,KOL:Line:8_1003,2,2,bus,KOL:ServiceJourney:1003_251008123098833_2108,False,planned,False,,,,,2026-09-07T20:27:16.249662+02:00
NSR:StopPlace:58925,Gausel stasjon,2026-09-07T16:33:00+02:00,2026-09-07T16:33:00+02:00,,0.0,0,Stavanger,GOA:Line:59,Jærbanen,L5,rail,GOA:ServiceJourney:3147_63192-R,False,planned,False,,,,,2026-09-07T20:27:16.249662+02:00
NSR:StopPlace:58925,Gausel stasjon,2026-09-07T16:35:00+02:00,2026-09-07T16:35:00+02:00,,0.0,0,Forus,KOL:Line:8_1003,2,2,bus,KOL:ServiceJourney:1003_251008123073212_1105,False,planned,False,,,,,2026-09-07T20:27:16.249662+02:00
NSR:StopPlace:58925,Gausel stasjon,2026-09-07T16:37:00+02:00,2026-09-07T16:37:00+02:00,,0.0,0,Stavanger,KOL:Line:8_1001,1,1,bus,KOL:ServiceJourney:1001_251008118378502_2088,False,planned,False,,,,,2026-09-07T20:27:16.249662+02:00
NSR:StopPlace:58925,Gausel stasjon,2026-09-07T16:38:00+02:00,2026-09-07T16:38:00+02:00,,0.0,0,Vardenes via UiS-Stavanger,KOL:Line:8_1007,6,6,bus,KOL:ServiceJourney:1007_260729080906897_2065,False,planned,False,,,,,2026-09-07T20:27:16.249662+02:00
NSR:StopPlace:58925,Gausel stasjon,2026-09-07T16:40:00+02:00,2026-09-07T16:40:00+02:00,,0.0,0,Sandnes,KOL:Line:8_1001,1,1,bus,KOL:ServiceJourney:1001_251008118350315_1085,False,planned,False,,,,,2026-09-07T20:27:16.249662+02:00
NSR:StopPlace:58925,Gausel stasjon,2026-09-07T16:42:00+02:00,2026-09-07T16:42:00+02:00,,0.0,0,Stavanger,KOL:Line:8_1003,2,2,bus,KOL:ServiceJourney:1003_251008123098948_2110,False,planned,False,,,,,2026-09-07T20:27:16.249662+02:00
NSR:StopPlace:58925,Gausel stasjon,2026-09-07T16:44:00+02:00,2026-09-07T16:44:00+02:00,,0.0,0,Sandnes,KOL:Line:8_1007,6,6,bus,KOL:ServiceJourney:1007_260729080906028_1064,False,planned,False,,,,,2026-09-07T20:27:16.249662+02:00
NSR:StopPlace:58925,Gausel stasjon,2026-09-07T16:45:00+02:00,2026-09-07T16:45:00+02:00,,0.0,0,Forus,KOL:Line:8_1003,2,2,bus,KOL:ServiceJourney:1003_251008123073325_1106,False,planned,False,,,,,2026-09-07T20:27:16.249662+02:00
NSR:StopPlace:58925,Gausel stasjon,2026-09-07T16:47:00+02:00,2026-09-07T16:47:00+02:00,,0.0,0,Stavanger,KOL:Line:8_1001,1,1,bus,KOL:ServiceJourney:1001_251008118378618_2089,False,planned,False,,,,,2026-09-07T20:27:16.249662+02:00
NSR:StopPlace:58925,Gausel stasjon,2026-09-07T16:49:00+02:00,2026-09-07T16:49:00+02:00,,0.0,0,Stavanger,GOA:Line:59,Jærbanen,L5,rail,GOA:ServiceJourney:3047_63092-R,False,planned,False,,,,,2026-09-07T20:27:16.249662+02:00
NSR:StopPlace:58925,Gausel stasjon,2026-09-07T16:50:00+02:00,2026-09-07T16:50:00+02:00,,0.0,0,Sandnes,KOL:Line:8_1001,1,1,bus,KOL:ServiceJourney:1001_251008118350424_1086,False,planned,False,,,,,2026-09-07T20:27:16.249662+02:00
NSR:StopPlace:58925,Gausel stasjon,2026-09-07T16:50:00+02:00,2026-09-07T16:50:00+02:00,,0.0,0,Skeiane,GOA:Line:59,Jærbanen,L5,rail,GOA:ServiceJourney:3148_63193-R,False,planned,False,,,,,2026-09-07T20:27:16.249662+02:00
NSR:StopPlace:58925,Gausel stasjon,2026-09-07T16:52:00+02:00,2026-09-07T16:52:00+02:00,,0.0,0,Stavanger,KOL:Line:8_1003,2,2,bus,KOL:ServiceJourney:1003_251008123099063_2111,False,planned,False,,,,,2026-09-07T20:27:16.249662+02:00
NSR:StopPlace:58925,Gausel stasjon,2026-09-07T16:53:00+02:00,2026-09-07T16:53:00+02:00,,0.0,0,Vardenes via UiS-Stavanger,KOL:Line:8_1007,6,6,bus,KOL:ServiceJourney:1007_260729080906663_2067,False,planned,False,,,,,2026-09-07T20:27:16.249662+02:00
NSR:StopPlace:58925,Gausel stasjon,2026-09-07T16:55:00+02:00,2026-09-07T16:55:00+02:00,,0.0,0,Forus,KOL:Line:8_1003,2,2,bus,KOL:ServiceJourney:1003_251008123073437_1108,False,planned,False,,,,,2026-09-07T20:27:16.249662+02:00
NSR:StopPlace:58925,Gausel stasjon,2026-09-07T16:57:00+02:00,2026-09-07T16:57:00+02:00,,0.0,0,Stavanger,KOL:Line:8_1001,1,1,bus,KOL:ServiceJourney:1001_251008118378735_2090,False,planned,False,,,,,2026-09-07T20:27:16.249662+02:00
NSR:StopPlace:58925,Gausel stasjon,2026-09-07T16:59:00+02:00,2026-09-07T16:59:00+02:00,,0.0,0,Sandnes,KOL:Line:8_1007,6,6,bus,KOL:ServiceJourney:1007_260729080905511_1065,False,planned,False,,,,,2026-09-07T20:27:16.249662+02:00
NSR:StopPlace:58925,Gausel stasjon,2026-09-07T17:00:00+02:00,2026-09-07T17:00:00+02:00,,0.0,0,Sandnes,KOL:Line:8_1001,1,1,bus,KOL:ServiceJourney:1001_251008118350533_1088,False,planned,False,,,,,2026-09-07T20:27:16.249662+02:00
NSR:StopPlace:58925,Gausel stasjon,2026-09-07T17:02:00+02:00,2026-09-07T17:02:00+02:00,,0.0,0,Stavanger,KOL:Line:8_1003,2,2,bus,KOL:ServiceJourney:1003_251008123099184_2113,False,planned,False,,,,,2026-09-07T20:27:16.249662+02:00
NSR:StopPlace:58925,Gausel stasjon,2026-09-07T17:03:00+02:00,2026-09-07T17:03:00+02:00,,0.0,0,Stavanger,GOA:Line:59,Jærbanen,L5,rail,GOA:ServiceJourney:3149_63194-R,False,planned,False,,,,,2026-09-07T20:27:16.249662+02:00
NSR:StopPlace:58925,Gausel stasjon,2026-09-07T17:05:00+02:00,2026-09-07T17:05:00+02:00,,0.0,0,Forus,KOL:Line:8_1003,2,2,bus,KOL:ServiceJourney:1003_251008123073552_1110,False,planned,False,,,,,2026-09-07T20:27:16.249662+02:00
NSR:StopPlace:58925,Gausel stasjon,2026-09-07T17:07:00+02:00,2026-09-07T17:07:00+02:00,,0.0,0,Stavanger,KOL:Line:8_1001,1,1,bus,KOL:ServiceJourney:1001_251008118378850_2092,False,planned,False,,,,,2026-09-07T20:27:16.249662+02:00
NSR:StopPlace:58925,Gausel stasjon,2026-09-07T17:10:00+02:00,2026-09-07T17:10:00+02:00,,0.0,0,Sandnes,KOL:Line:8_1001,1,1,bus,KOL:ServiceJourney:1001_251008118350642_1089,False,planned,False,,,,,2026-09-07T20:27:16.249662+02:00
NSR:StopPlace:58925,Gausel stasjon,2026-09-07T17:12:00+02:00,2026-09-07T17:12:00+02:00,,0.0,0,Stavanger,KOL:Line:8_1003,2,2,bus,KOL:ServiceJourney:1003_251008123099299_2115,False,planned,False,,,,,2026-09-07T20:27:16.249662+02:00
NSR:StopPlace:58925,Gausel stasjon,2026-09-07T17:14:00+02:00,2026-09-07T17:14:00+02:00,,0.0,0,Sandnes,KOL:Line:8_1007,6,6,bus,KOL:ServiceJourney:1007_260729080906032_1067,False,planned,False,,,,,2026-09-07T20:27:16.249662+02:00
NSR:StopPlace:58925,Gausel stasjon,2026-09-07T17:15:00+02:00,2026-09-07T17:15:00+02:00,,0.0,0,Forus,KOL:Line:8_1003,2,2,bus,KOL:ServiceJourney:1003_251008123073665_1111,False,planned,False,,,,,2026-09-07T20:27:16.249662+02:00
NSR:StopPlace:58925,Gausel stasjon,2026-09-07T17:17:00+02:00,2026-09-07T17:17:00+02:00,,0.0,0,Stavanger,KOL:Line:8_1001,1,1,bus,KOL:ServiceJourney:1001_251008118378967_2093,False,planned,False,,,,,2026-09-07T20:27:16.249662+02:00
NSR:StopPlace:58925,Gausel stasjon,2026-09-07T17:19:00+02:00,2026-09-07T17:19:00+02:00,,0.0,0,Stavanger,GOA:Line:59,Jærbanen,L5,rail,GOA:ServiceJourney:3049_63095-R,False,planned,False,,,,,2026-09-07T20:27:16.249662+02:00
NSR:StopPlace:58925,Gausel stasjon,2026-09-07T17:20:00+02:00,2026-09-07T17:20:00+02:00,,0.0,0,Sandnes,KOL:Line:8_1001,1,1,bus,KOL:ServiceJourney:1001_251008118350750_1090,False,planned,False,,,,,2026-09-07T20:27:16.249662+02:00
NSR:StopPlace:58925,Gausel stasjon,2026-09-07T17:20:00+02:00,2026-09-07T17:20:00+02:00,,0.0,0,Skeiane,GOA:Line:59,Jærbanen,L5,rail,GOA:ServiceJourney:3150_63195-R,False,planned,False,,,,,2026-09-07T20:27:16.249662+02:00
NSR:StopPlace:58925,Gausel stasjon,2026-09-07T17:22:00+02:00,2026-09-07T17:22:00+02:00,,0.0,0,Stavanger,KOL:Line:8_1003,2,2,bus,KOL:ServiceJourney:1003_251008123099413_2116,False,planned,False,,,,,2026-09-07T20:27:16.249662+02:00
NSR:StopPlace:58925,Gausel stasjon,2026-09-07T17:25:00+02:00,2026-09-07T17:25:00+02:00,,0.0,0,Forus,KOL:Line:8_1003,2,2,bus,KOL:ServiceJourney:1003_251008123073783_1113,False,planned,False,,,,,2026-09-07T20:27:16.249662+02:00
NSR:StopPlace:58925,Gausel stasjon,2026-09-07T17:27:00+02:00,2026-09-07T17:27:00+02:00,,0.0,0,Stavanger,KOL:Line:8_1001,1,1,bus,KOL:ServiceJourney:1001_251008118379079_2094,False,planned,False,,,,,2026-09-07T20:27:16.249662+02:00
NSR:StopPlace:58925,Gausel stasjon,2026-09-07T17:30:00+02:00,2026-09-07T17:30:00+02:00,,0.0,0,Sandnes,KOL:Line:8_1001,1,1,bus,KOL:ServiceJourney:1001_251008118350859_1092,False,planned,False,,,,,2026-09-07T20:27:16.249662+02:00
NSR:StopPlace:58925,Gausel stasjon,2026-09-07T17:33:00+02:00,2026-09-07T17:33:00+02:00,,0.0,0,Stavanger,GOA:Line:59,Jærbanen,L5,rail,GOA:ServiceJourney:3151_63196-R,False,planned,False,,,,,2026-09-07T20:27:16.249662+02:00
NSR:StopPlace:58925,Gausel stasjon,2026-09-07T17:35:00+02:00,2026-09-07T17:35:00+02:00,,0.0,0,Forus,KOL:Line:8_1003,2,2,bus,KOL:ServiceJourney:1003_251008123073894_1115,False,planned,False,,,,,2026-09-07T20:27:16.249662+02:00
NSR:StopPlace:58927,Flåm stasjon,2026-09-07T16:34:00+02:00,2026-09-07T16:34:00+02:00,,0.0,0,Voss,VYX:Line:31,VY450 Bergen-Fagernes-Oslo,VY450,coach,VYX:ServiceJourney:26a7197108a97dd00fa190866b3fed839e499d1b,False,planned,False,Forhåndsbestilling Vy,Billett må kjøpes på nett eller app senest 15 minutter før påstigning for at bussen skal kjøre innom holdeplassen.,general,normal,2026-09-07T20:27:16.249662+02:00
NSR:StopPlace:58927,Flåm stasjon,2026-09-07T16:45:00+02:00,2026-09-07T16:45:00+02:00,,0.0,0,Gudvangen,NWB:Line:fe413f4b-8db5-4880-904a-e7540d67fe81,Flåm-Gudvangen Shuttle,,bus,NWB:ServiceJourney:805b0652-a213-4a8b-bfeb-86f780721a41,False,planned,False,,,,,2026-09-07T20:27:16.249662+02:00
NSR:StopPlace:58927,Flåm stasjon,2026-09-07T17:13:00+02:00,2026-09-07T17:13:00+02:00,,0.0,0,Vassbygdi,SKY:Line:850,Flåm-Ål-Gudvangen,850,bus,SKY:ServiceJourney:850-204958-21335226,False,planned,False,,,,,2026-09-07T20:27:16.249662+02:00
NSR:StopPlace:58927,Flåm stasjon,2026-09-07T18:00:00+02:00,2026-09-07T18:00:00+02:00,,0.0,0,Aurland,NWB:Line:02cd6bd7-d4e7-472f-b5f8-8beff5425948,Flåm-Aurland Shuttle,,bus,NWB:ServiceJourney:80645ab0-18a5-4d79-8b3e-1345d52a3275,False,planned,False,,,,,2026-09-07T20:27:16.249662+02:00
NSR:StopPlace:58927,Flåm stasjon,2026-09-07T18:00:00+02:00,2026-09-07T18:00:00+02:00,,0.0,0,Stegastein,NWB:Line:44942bdc-34ea-401b-ac9d-0561e8b56621,Stegastein viewpoint & Mt. Prest,,bus,NWB:ServiceJourney:d33460c6-23fb-49a2-8d74-c8b6afbc6709,False,planned,False,,,,,2026-09-07T20:27:16.249662+02:00
NSR:StopPlace:58927,Flåm stasjon,2026-09-07T18:30:00+02:00,2026-09-07T18:30:00+02:00,,0.0,0,Sogndal,NWY:Line:a54659a0-4839-5c3c-909b-9d9da089554e,Sognefjordekspressen,NW420,coach,NWY:ServiceJourney:57f08089-f36a-50a7-abfb-4b3ef914f08e,False,planned,False,,,,,2026-09-07T20:27:16.249662+02:00
NSR:StopPlace:58927,Flåm stasjon,2026-09-07T18:45:00+02:00,2026-09-07T18:45:00+02:00,,0.0,0,Gudvangen,NWB:Line:fe413f4b-8db5-4880-904a-e7540d67fe81,Flåm-Gudvangen Shuttle,,bus,NWB:ServiceJourney:bab9d530-c5fb-4a58-ab6d-3eb7d81091ba,False,planned,False,,,,,2026-09-07T20:27:16.249662+02:00
NSR:StopPlace:58927,Flåm stasjon,2026-09-07T19:24:00+02:00,2026-09-07T19:24:00+02:00,,0.0,0,Voss,VYX:Line:31,VY450 Bergen-Fagernes-Oslo,VY450,coach,VYX:ServiceJourney:5d37b2ba19c2ff5acb4898edf6b445850e2ed264,False,planned,False,Forhåndsbestilling Vy,Billett må kjøpes på nett eller app senest 15 minutter før påstigning for at bussen skal kjøre innom holdeplassen.,general,normal,2026-09-07T20:27:16.249662+02:00
NSR:StopPlace:58930,Larvik stasjon,2026-09-07T16:33:00+02:00,2026-09-07T16:33:00+02:00,,0.0,0,Skien,VYG:Line:RE11,Eidsvoll-Oslo S-Skien,RE11,rail,VYG:ServiceJourney:821_444401-R,False,planned,False,,,,,2026-09-07T20:27:16.249662+02:00
NSR:StopPlace:58930,Larvik stasjon,2026-09-07T16:35:00+02:00,2026-09-07T16:35:00+02:00,,0.0,0,Larvik-Nordbyen,VKT:Line:81,Nordbyen-Nevlunghavn,81,bus,VKT:ServiceJourney:18139,False,planned,False,,,,,2026-09-07T20:27:16.249662+02:00
NSR:StopPlace:58930,Larvik stasjon,2026-09-07T16:37:00+02:00,2026-09-07T16:37:00+02:00,,0.0,0,Larvik-Sandefjord,VKT:Line:3,Busk-Sandefjord-Larvik-Veldre,3,bus,VKT:ServiceJourney:17560,False,planned,False,,,,,2026-09-07T20:27:16.249662+02:00
NSR:StopPlace:58930,Larvik stasjon,2026-09-07T16:39:00+02:00,2026-09-07T16:39:00+02:00,,0.0,0,Veldre,VKT:Line:3,Busk-Sandefjord-Larvik-Veldre,3,bus,VKT:ServiceJourney:17489,False,planned,False,,,,,2026-09-07T20:27:16.249662+02:00
NSR:StopPlace:58930,Larvik stasjon,2026-09-07T16:40:00+02:00,2026-09-07T16:40:00+02:00,,0.0,0,Stavern-Kysthospitalet,VKT:Line:4,Torp-Sandefjord-Larvik-Stavern,4,bus,VKT:ServiceJourney:17627,False,planned,False,,,,,2026-09-07T20:27:16.249662+02:00
NSR:StopPlace:58930,Larvik stasjon,2026-09-07T16:49:00+02:00,2026-09-07T16:49:00+02:00,,0.0,0,Nevlunghavn,VKT:Line:81,Nordbyen-Nevlunghavn,81,bus,VKT:ServiceJourney:18076,False,planned,False,,,,,2026-09-07T20:27:16.249662+02:00
NSR:StopPlace:58930,Larvik stasjon,2026-09-07T17:04:00+02:00,2026-09-07T17:04:00+02:00,,0.0,0,Skien,VYG:Line:RX11,Eidsvoll-Oslo S-Skien,RX11,rail,VYG:ServiceJourney:853-LOD_554644-R,False,planned,False,,,,,2026-09-07T20:27:16.249662+02:00
NSR:StopPlace:58930,Larvik stasjon,2026-09-07T17:05:00+02:00,2026-09-07T17:05:00+02:00,,0.0,0,Larvik-Nordbyen,VKT:Line:81,Nordbyen-Nevlunghavn,81,bus,VKT:ServiceJourney:18140,False,planned,False,,,,,2026-09-07T20:27:16.249662+02:00
NSR:StopPlace:58930,Larvik stasjon,2026-09-07T17:09:00+02:00,2026-09-07T17:09:00+02:00,,0.0,0,Veldre,VKT:Line:3,Busk-Sandefjord-Larvik-Veldre,3,bus,VKT:ServiceJourney:17490,False,planned,False,,,,,2026-09-07T20:27:16.249662+02:00
NSR:StopPlace:58930,Larvik stasjon,2026-09-07T17:10:00+02:00,2026-09-07T17:10:00+02:00,,0.0,0,Stavern-Kysthospitalet,VKT:Line:4,Torp-Sandefjord-Larvik-Stavern,4,bus,VKT:ServiceJourney:17629,False,planned,False,,,,,2026-09-07T20:27:16.249662+02:00
NSR:StopPlace:58930,Larvik stasjon,2026-09-07T17:20:00+02:00,2026-09-07T17:20:00+02:00,,0.0,0,Skien,VYG:Line:RX11,Eidsvoll-Oslo S-Skien,RX11,rail,VYG:ServiceJourney:861-LOE_444427-R,False,planned,False,,,,,2026-09-07T20:27:16.249662+02:00
NSR:StopPlace:58930,Larvik stasjon,2026-09-07T17:39:00+02:00,2026-09-07T17:39:00+02:00,,0.0,0,Veldre,VKT:Line:3,Busk-Sandefjord-Larvik-Veldre,3,bus,VKT:ServiceJourney:17491,False,planned,False,,,,,2026-09-07T20:27:16.249662+02:00
NSR:StopPlace:58931,Fannrem stasjon,2026-09-07T16:39:00+02:00,2026-09-07T16:39:00+02:00,,0.0,0,Orkanger skysstasjon,ATB:Line:2_460,Orkanger - Meldal - Berkåk,460,bus,ATB:ServiceJourney:460_260106098640565_13,False,planned,False,,,,,2026-09-07T20:27:16.249662+02:00
NSR:StopPlace:58931,Fannrem stasjon,2026-09-07T16:57:00+02:00,2026-09-07T16:57:00+02:00,,0.0,0,Meldal rutebilst. via Løkken st.,ATB:Line:2_460,Orkanger - Meldal - Berkåk,460,bus,ATB:ServiceJourney:460_260106098640552_14,False,planned,False,,,,,2026-09-07T20:27:16.249662+02:00
NSR:StopPlace:58932,Hommelvik stasjon,2026-09-07T16:50:00+02:00,2026-09-07T16:50:00+02:00,,0.0,0,Stjørdal stasjon,ATB:Line:2_70,Stjørdal/Hommelvik- Trondheim,70,bus,ATB:ServiceJourney:70_251215112546980_65,False,planned,False,,,,,2026-09-07T20:27:16.249662+02:00
NSR:StopPlace:58932,Hommelvik stasjon,2026-09-07T16:51:00+02:00,2026-09-07T16:51:00+02:00,,0.0,0,Muruvik,ATB:Line:2_70,Stjørdal/Hommelvik- Trondheim,70,bus,ATB:ServiceJourney:70_251215112546893_67,False,planned,False,,,,,2026-09-07T20:27:16.249662+02:00
NSR:StopPlace:58932,Hommelvik stasjon,2026-09-07T16:51:00+02:00,2026-09-07T16:51:00+02:00,,0.0,0,Marienborg via Brattøra,ATB:Line:2_70,Stjørdal/Hommelvik- Trondheim,70,bus,ATB:ServiceJourney:70_251215112546999_74,False,planned,False,,,,,2026-09-07T20:27:16.249662+02:00
NSR:StopPlace:58932,Hommelvik stasjon,2026-09-07T16:55:00+02:00,2026-09-07T16:55:00+02:00,,0.0,0,Sneisen,ATB:Line:2_85,Hommelvik- Sneisen,85,bus,ATB:ServiceJourney:85_251215112543939_2,False,planned,False,,,,,2026-09-07T20:27:16.249662+02:00
NSR:StopPlace:58932,Hommelvik stasjon,2026-09-07T17:05:00+02:00,2026-09-07T17:05:00+02:00,,0.0,0,Stjørdal stasjon,ATB:Line:2_70,Stjørdal/Hommelvik- Trondheim,70,bus,ATB:ServiceJourney:70_251215112546981_69,False,planned,False,,,,,2026-09-07T20:27:16.249662+02:00
NSR:StopPlace:58932,Hommelvik stasjon,2026-09-07T17:20:00+02:00,2026-09-07T17:20:00+02:00,,0.0,0,Stjørdal stasjon,ATB:Line:2_70,Stjørdal/Hommelvik- Trondheim,70,bus,ATB:ServiceJourney:70_251215112546982_71,False,planned,False,,,,,2026-09-07T20:27:16.249662+02:00
NSR:StopPlace:58932,Hommelvik stasjon,2026-09-07T17:21:00+02:00,2026-09-07T17:21:00+02:00,,0.0,0,Muruvik,ATB:Line:2_70,Stjørdal/Hommelvik- Trondheim,70,bus,ATB:ServiceJourney:70_251215112546894_73,False,planned,False,,,,,2026-09-07T20:27:16.249662+02:00
NSR:StopPlace:58932,Hommelvik stasjon,2026-09-07T17:44:00+02:00,2026-09-07T17:44:00+02:00,,0.0,0,Steinkjer,SJN:Line:26,Trønderbanen,R70,rail,SJN:ServiceJourney:445_56074-R,False,planned,False,,,,,2026-09-07T20:27:16.249662+02:00
NSR:StopPlace:58935,Levanger stasjon,2026-09-07T16:36:00+02:00,2026-09-07T16:36:00+02:00,,0.0,0,Holåsen vest,ATB:Line:2_741,Levanger - Holåsen vest,741,bus,ATB:ServiceJourney:741_260106098640520_4,False,planned,False,,,,,2026-09-07T20:27:16.249662+02:00
NSR:StopPlace:58935,Levanger stasjon,2026-09-07T16:43:00+02:00,2026-09-07T16:43:00+02:00,,0.0,0,Steinkjer,SJN:Line:26,Trønderbanen,R70,rail,SJN:ServiceJourney:441-SOeB_56070-R,False,planned,False,,,,,2026-09-07T20:27:16.249662+02:00
NSR:StopPlace:58935,Levanger stasjon,2026-09-07T16:47:00+02:00,2026-09-07T16:47:00+02:00,,0.0,0,Nord universitet Levanger,ATB:Line:2_604,Levanger - Høgberget,604,bus,ATB:ServiceJourney:604_260106098643106_40,False,planned,False,,,,,2026-09-07T20:27:16.249662+02:00
NSR:StopPlace:58935,Levanger stasjon,2026-09-07T16:50:00+02:00,2026-09-07T16:50:00+02:00,,0.0,0,Høgberget via Levanger stasjon,ATB:Line:2_604,Levanger - Høgberget,604,bus,ATB:ServiceJourney:604_260106098643108_42,False,planned,False,,,,,2026-09-07T20:27:16.249662+02:00
NSR:StopPlace:58935,Levanger stasjon,2026-09-07T17:15:00+02:00,2026-09-07T17:15:00+02:00,,0.0,0,Steinkjer,SJN:Line:26,Trønderbanen,R70,rail,SJN:ServiceJourney:1763_56048-R,False,planned,False,,,,,2026-09-07T20:27:16.249662+02:00
NSR:StopPlace:58935,Levanger stasjon,2026-09-07T17:17:00+02:00,2026-09-07T17:17:00+02:00,,0.0,0,Nord universitet Levanger,ATB:Line:2_604,Levanger - Høgberget,604,bus,ATB:ServiceJourney:604_260106098643108_42,False,planned,False,,,,,2026-09-07T20:27:16.249662+02:00
NSR:StopPlace:58935,Levanger stasjon,2026-09-07T17:20:00+02:00,2026-09-07T17:20:00+02:00,,0.0,0,Høgberget via Levanger stasjon,ATB:Line:2_604,Levanger - Høgberget,604,bus,ATB:ServiceJourney:604_260106098643107_44,False,planned,False,,,,,2026-09-07T20:27:16.249662+02:00
NSR:StopPlace:58935,Levanger stasjon,2026-09-07T17:47:00+02:00,2026-09-07T17:47:00+02:00,,0.0,0,Nord universitet Levanger,ATB:Line:2_604,Levanger - Høgberget,604,bus,ATB:ServiceJourney:604_260106098643107_44,False,planned,False,,,,,2026-09-07T20:27:16.249662+02:00
NSR:StopPlace:58935,Levanger stasjon,2026-09-07T18:43:00+02:00,2026-09-07T18:43:00+02:00,,0.0,0,Steinkjer,SJN:Line:26,Trønderbanen,R70,rail,SJN:ServiceJourney:445_56074-R,False,planned,False,,,,,2026-09-07T20:27:16.249662+02:00
NSR:StopPlace:58936,Skatval stasjon,2026-09-07T18:06:00+02:00,2026-09-07T18:06:00+02:00,,0.0,0,Steinkjer,SJN:Line:26,Trønderbanen,R70,rail,SJN:ServiceJourney:445_56074-R,False,planned,False,,,,,2026-09-07T20:27:16.249662+02:00
NSR:StopPlace:58948,Stjørdal stasjon,2026-09-07T16:28:00+02:00,2026-09-07T16:28:00+02:00,,0.0,0,Steinkjer,SJN:Line:26,Trønderbanen,R70,rail,SJN:ServiceJourney:1763_56048-R,False,planned,False,,,,,2026-09-07T20:27:16.249662+02:00
NSR:StopPlace:58948,Stjørdal stasjon,2026-09-07T16:32:00+02:00,2026-09-07T16:32:00+02:00,,0.0,0,Fosslia fjellhall,ATB:Line:2_311,Stjørdal - Trondheim,311,bus,ATB:ServiceJourney:311_260106098642692_53,False,planned,False,Endret tilbud ved Vikelvvegen,Sydgående avkjøringsrampe fra E6 ved Reppe er stengt frem til 21. september. Vikelvvegen og Ranheim fabrikker til sentrum blir ikke betjent av linje 311 i perioden. ,general,normal,2026-09-07T20:27:16.249662+02:00
NSR:StopPlace:58948,Stjørdal stasjon,2026-09-07T16:32:00+02:00,2026-09-07T16:32:00+02:00,,0.0,0,Husbyåsen via Terrassehusene,ATB:Line:2_92,92 StjørdalSt-HusbySnu.,92,bus,ATB:ServiceJourney:92_260219106441368_58,False,planned,False,,,,,2026-09-07T20:27:16.249662+02:00
NSR:StopPlace:58948,Stjørdal stasjon,2026-09-07T16:34:00+02:00,2026-09-07T16:34:00+02:00,,0.0,0,Marienborg via Brattøra,ATB:Line:2_70,Stjørdal/Hommelvik- Trondheim,70,bus,ATB:ServiceJourney:70_251215112546999_74,False,planned,False,,,,,2026-09-07T20:27:16.249662+02:00
NSR:StopPlace:58948,Stjørdal stasjon,2026-09-07T16:40:00+02:00,2026-09-07T16:40:00+02:00,,0.0,0,Remyra via Stokkanvegen,ATB:Line:2_91,91 StjørdalSt-Remyrv.,91,bus,ATB:ServiceJourney:91_260220075614597_56,False,planned,False,,,,,2026-09-07T20:27:16.249662+02:00
NSR:StopPlace:58948,Stjørdal stasjon,2026-09-07T16:53:00+02:00,2026-09-07T16:53:00+02:00,,0.0,0,Meråker,ATB:Line:2_670,Stjørdal - Meråker,670,bus,ATB:ServiceJourney:670_260106098640643_10,False,planned,False,,,,,2026-09-07T20:27:16.249662+02:00
NSR:StopPlace:58948,Stjørdal stasjon,2026-09-07T16:57:00+02:00,2026-09-07T16:57:00+02:00,,0.0,0,Fosslia fjellhall,ATB:Line:2_311,Stjørdal - Trondheim,311,bus,ATB:ServiceJourney:311_260106098642696_57,False,planned,False,Endret tilbud ved Vikelvvegen,Sydgående avkjøringsrampe fra E6 ved Reppe er stengt frem til 21. september. Vikelvvegen og Ranheim fabrikker til sentrum blir ikke betjent av linje 311 i perioden. ,general,normal,2026-09-07T20:27:16.249662+02:00
NSR:StopPlace:58948,Stjørdal stasjon,2026-09-07T17:04:00+02:00,2026-09-07T17:04:00+02:00,,0.0,0,Husbyåsen via Terrassehusene,ATB:Line:2_92,92 StjørdalSt-HusbySnu.,92,bus,ATB:ServiceJourney:92_260219106441957_60,False,planned,False,,,,,2026-09-07T20:27:16.249662+02:00
NSR:StopPlace:58948,Stjørdal stasjon,2026-09-07T17:05:00+02:00,2026-09-07T17:05:00+02:00,,0.0,0,Remyra via Stokkanvegen,ATB:Line:2_91,91 StjørdalSt-Remyrv.,91,bus,ATB:ServiceJourney:91_260220075616585_58,False,planned,False,,,,,2026-09-07T20:27:16.249662+02:00
NSR:StopPlace:58948,Stjørdal stasjon,2026-09-07T17:12:00+02:00,2026-09-07T17:12:00+02:00,,0.0,0,Fosslia fjellhall,ATB:Line:2_311,Stjørdal - Trondheim,311,bus,ATB:ServiceJourney:311_260106098642697_61,False,planned,False,Endret tilbud ved Vikelvvegen,Sydgående avkjøringsrampe fra E6 ved Reppe er stengt frem til 21. september. Vikelvvegen og Ranheim fabrikker til sentrum blir ikke betjent av linje 311 i perioden. ,general,normal,2026-09-07T20:27:16.249662+02:00
NSR:StopPlace:58948,Stjørdal stasjon,2026-09-07T17:27:00+02:00,2026-09-07T17:27:00+02:00,,0.0,0,Remyra via Stokkanvegen,ATB:Line:2_91,91 StjørdalSt-Remyrv.,91,bus,ATB:ServiceJourney:91_260220075617152_60,False,planned,False,,,,,2026-09-07T20:27:16.249662+02:00
NSR:StopPlace:58948,Stjørdal stasjon,2026-09-07T17:32:00+02:00,2026-09-07T17:32:00+02:00,,0.0,0,Husbyåsen via Terrassehusene,ATB:Line:2_92,92 StjørdalSt-HusbySnu.,92,bus,ATB:ServiceJourney:92_260219106440998_62,False,planned,False,,,,,2026-09-07T20:27:16.249662+02:00
NSR:StopPlace:58948,Stjørdal stasjon,2026-09-07T18:00:00+02:00,2026-09-07T18:00:00+02:00,,0.0,0,Steinkjer,SJN:Line:26,Trønderbanen,R70,rail,SJN:ServiceJourney:445_56074-R,False,planned,False,,,,,2026-09-07T20:27:16.249662+02:00
NSR:StopPlace:58797,Mysen stasjon,2026-09-07T16:52:00+02:00,2026-09-07T16:52:00+02:00,,0.0,0,Ramstadkrysset,OST:Line:1_9,Timekspress linje 9,9,bus,OST:ServiceJourney:9_260325121472421_9008,False,planned,False,,,,,2026-09-07T20:27:16.249662+02:00
NSR:StopPlace:58797,Mysen stasjon,2026-09-07T17:00:00+02:00,2026-09-07T17:00:00+02:00,,0.0,0,Rakkestad stasjon,OST:Line:1_634,Mysen-Rakkestad-Halden,634,bus,OST:ServiceJourney:634_260325121472689_8,False,planned,False,,,,,2026-09-07T20:27:16.249662+02:00
NSR:StopPlace:58797,Mysen stasjon,2026-09-07T17:01:00+02:00,2026-09-07T17:01:00+02:00,,0.0,0,Rakkestad,VYG:Line:R22,Skøyen-Oslo S-Mysen-Rakkestad,R22,rail,VYG:ServiceJourney:1923_443472-R,False,planned,False,,,,,2026-09-07T20:27:16.249662+02:00
NSR:StopPlace:58797,Mysen stasjon,2026-09-07T17:05:00+02:00,2026-09-07T17:05:00+02:00,,0.0,0,Ørje,OST:Line:1_418,Ørje-Mysen,418,bus,OST:ServiceJourney:418_260325121473173_8,False,planned,False,,,,,2026-09-07T20:27:16.249662+02:00
NSR:StopPlace:58797,Mysen stasjon,2026-09-07T17:22:00+02:00,2026-09-07T17:22:00+02:00,,0.0,0,Ramstadkrysset,OST:Line:1_9,Timekspress linje 9,9,bus,OST:ServiceJourney:9_260325121472422_9010,False,planned,False,,,,,2026-09-07T20:27:16.249662+02:00
NSR:StopPlace:58798,Rakkestad stasjon,2026-09-07T17:00:00+02:00,2026-09-07T17:00:00+02:00,,0.0,0,Mysen stasjon,OST:Line:1_634,Mysen-Rakkestad-Halden,634,bus,OST:ServiceJourney:634_260325121472687_7,False,planned,False,,,,,2026-09-07T20:27:16.249662+02:00
NSR:StopPlace:58798,Rakkestad stasjon,2026-09-07T17:27:00+02:00,2026-09-07T17:27:00+02:00,,0.0,0,Mysen stasjon,OST:Line:1_640,Sarpsborg-Askim-Mysen,640,bus,OST:ServiceJourney:640_260325121473127_22,False,planned,False,,,,,2026-09-07T20:27:16.249662+02:00
NSR:StopPlace:58790,Verdal stasjon,2026-09-07T17:00:00+02:00,2026-09-07T17:00:00+02:00,,0.0,0,Steinkjer,SJN:Line:26,Trønderbanen,R70,rail,SJN:ServiceJourney:441-SOeB_56070-R,False,planned,False,,,,,2026-09-07T20:27:16.249662+02:00
NSR:StopPlace:58790,Verdal stasjon,2026-09-07T17:27:00+02:00,2026-09-07T17:27:00+02:00,,0.0,0,Steinkjer,SJN:Line:26,Trønderbanen,R70,rail,SJN:ServiceJourney:1763_56048-R,False,planned,False,,,,,2026-09-07T20:27:16.249662+02:00
NSR:StopPlace:58790,Verdal stasjon,2026-09-07T18:00:00+02:00,2026-09-07T18:00:00+02:00,,0.0,0,Verdal stasjon,ATB:Line:2_605,Fleksibel by - Verdal,605,bus,ATB:ServiceJourney:605_260106098642436_10,False,planned,False,,,,,2026-09-07T20:27:16.249662+02:00
NSR:StopPlace:58790,Verdal stasjon,2026-09-07T19:00:00+02:00,2026-09-07T19:00:00+02:00,,0.0,0,Steinkjer,SJN:Line:26,Trønderbanen,R70,rail,SJN:ServiceJourney:445_56074-R,False,planned,False,,,,,2026-09-07T20:27:16.249662+02:00
NSR:StopPlace:58793,Askim stasjon,2026-09-07T16:35:00+02:00,2026-09-07T16:35:00+02:00,,0.0,0,Sørlia-Skoglia-Askim stasjon,OST:Line:1_40,Askim sentrum nord,40,bus,OST:ServiceJourney:40_260430063242803_9,False,planned,False,,,,,2026-09-07T20:27:16.249662+02:00
NSR:StopPlace:58793,Askim stasjon,2026-09-07T16:35:00+02:00,2026-09-07T16:35:00+02:00,,0.0,0,Ramstadkrysset,OST:Line:1_9,Timekspress linje 9,9,bus,OST:ServiceJourney:9_260325121472421_9008,False,planned,False,,,,,2026-09-07T20:27:16.249662+02:00
NSR:StopPlace:58793,Askim stasjon,2026-09-07T16:47:00+02:00,2026-09-07T16:47:00+02:00,,0.0,0,Rakkestad,VYG:Line:R22,Skøyen-Oslo S-Mysen-Rakkestad,R22,rail,VYG:ServiceJourney:1923_443472-R,False,planned,False,,,,,2026-09-07T20:27:16.249662+02:00
NSR:StopPlace:58793,Askim stasjon,2026-09-07T16:50:00+02:00,2026-09-07T16:50:00+02:00,,0.0,0,Trøgstad,OST:Line:1_400,Askim-Trøgstad,400,bus,OST:ServiceJourney:400_260827111748826_11,False,planned,False,,,,,2026-09-07T20:27:16.249662+02:00
NSR:StopPlace:58793,Askim stasjon,2026-09-07T16:50:00+02:00,2026-09-07T16:50:00+02:00,,0.0,0,Spydeberg-Knapstad,OST:Line:1_641,Askim-Elvestad-Moss,641,bus,OST:ServiceJourney:641_260325121473629_17,False,planned,False,,,,,2026-09-07T20:27:16.249662+02:00
NSR:StopPlace:58793,Askim stasjon,2026-09-07T17:05:00+02:00,2026-09-07T17:05:00+02:00,,0.0,0,Ramstadkrysset,OST:Line:1_9,Timekspress linje 9,9,bus,OST:ServiceJourney:9_260325121472422_9010,False,planned,False,,,,,2026-09-07T20:27:16.249662+02:00
NSR:StopPlace:58793,Askim stasjon,2026-09-07T17:15:00+02:00,2026-09-07T17:15:00+02:00,,0.0,0,Mysen,VYG:Line:R22,Skøyen-Oslo S-Mysen-Rakkestad,R22,rail,VYG:ServiceJourney:1953_443499-R,False,planned,False,,,,,2026-09-07T20:27:16.249662+02:00
NSR:StopPlace:58794,Fredrikstad stasjon,2026-09-07T16:40:00+02:00,2026-09-07T16:40:00+02:00,,0.0,0,Kalnes,OST:Line:1_4,Fredrikstad - Kalnes,4,bus,OST:ServiceJourney:4_260325121471310_35,False,planned,False,,,,,2026-09-07T20:27:16.249662+02:00
NSR:StopPlace:58795,Kambo stasjon,2026-09-07T16:30:00+02:00,2026-09-07T16:30:00+02:00,,0.0,0,Stabekk,VYG:Line:R21,Stabekk-Oslo S-Moss,R21,rail,VYG:ServiceJourney:1150-MOS_443033-R,False,planned,False,,,,,2026-09-07T20:27:16.249662+02:00
NSR:StopPlace:58795,Kambo stasjon,2026-09-07T16:35:00+02:00,2026-09-07T16:35:00+02:00,,0.0,0,Kambo,OST:Line:1_22,Skredderåsen-Kambo,22,bus,OST:ServiceJourney:22_260821062895867_67,False,planned,False,,,,,2026-09-07T20:27:16.249662+02:00
NSR:StopPlace:58795,Kambo stasjon,2026-09-07T16:41:00+02:00,2026-09-07T16:41:00+02:00,,0.0,0,Skredderåsen-Moss sentrum,OST:Line:1_22,Skredderåsen-Kambo,22,bus,OST:ServiceJourney:22_260821062952338_74,False,planned,False,,,,,2026-09-07T20:27:16.249662+02:00
NSR:StopPlace:58795,Kambo stasjon,2026-09-07T16:50:00+02:00,2026-09-07T16:50:00+02:00,,0.0,0,Kambo,OST:Line:1_22,Skredderåsen-Kambo,22,bus,OST:ServiceJourney:22_260821062896554_69,False,planned,False,,,,,2026-09-07T20:27:16.249662+02:00
NSR:StopPlace:58795,Kambo stasjon,2026-09-07T16:54:00+02:00,2026-09-07T16:54:00+02:00,,0.0,0,Vestby stasjon,RUT:Line:540,Moss - Son - Vestby stasjon,540,bus,RUT:ServiceJourney:27ef9be2d0850b2ed8a87d6217bb0bcf,False,planned,False,,,,,2026-09-07T20:27:16.249662+02:00
NSR:StopPlace:58795,Kambo stasjon,2026-09-07T16:55:00+02:00,2026-09-07T16:55:00+02:00,,0.0,0,Moss,VYG:Line:R21,Stabekk-Oslo S-Moss,R21,rail,VYG:ServiceJourney:1145-HVK_443024-R,False,planned,False,,,,,2026-09-07T20:27:16.249662+02:00
NSR:StopPlace:58795,Kambo stasjon,2026-09-07T16:56:00+02:00,2026-09-07T16:56:00+02:00,,0.0,0,Skredderåsen-Moss sentrum,OST:Line:1_22,Skredderåsen-Kambo,22,bus,OST:ServiceJourney:22_260821062953025_76,False,planned,False,,,,,2026-09-07T20:27:16.249662+02:00
NSR:StopPlace:58795,Kambo stasjon,2026-09-07T17:00:00+02:00,2026-09-07T17:00:00+02:00,,0.0,0,Stabekk,VYG:Line:R21,Stabekk-Oslo S-Moss,R21,rail,VYG:ServiceJourney:1152-MOS_443035-R,False,planned,False,,,,,2026-09-07T20:27:16.249662+02:00
NSR:StopPlace:58795,Kambo stasjon,2026-09-07T17:05:00+02:00,2026-09-07T17:05:00+02:00,,0.0,0,Kambo,OST:Line:1_22,Skredderåsen-Kambo,22,bus,OST:ServiceJourney:22_260821062898016_71,False,planned,False,,,,,2026-09-07T20:27:16.249662+02:00
NSR:StopPlace:58795,Kambo stasjon,2026-09-07T17:11:00+02:00,2026-09-07T17:11:00+02:00,,0.0,0,Skredderåsen-Moss sentrum,OST:Line:1_22,Skredderåsen-Kambo,22,bus,OST:ServiceJourney:22_260821062953714_78,False,planned,False,,,,,2026-09-07T20:27:16.249662+02:00
NSR:StopPlace:58795,Kambo stasjon,2026-09-07T17:20:00+02:00,2026-09-07T17:20:00+02:00,,0.0,0,Kambo,OST:Line:1_22,Skredderåsen-Kambo,22,bus,OST:ServiceJourney:22_260821062898707_73,False,planned,False,,,,,2026-09-07T20:27:16.249662+02:00
NSR:StopPlace:58795,Kambo stasjon,2026-09-07T17:25:00+02:00,2026-09-07T17:25:00+02:00,,0.0,0,Moss,VYG:Line:R21,Stabekk-Oslo S-Moss,R21,rail,VYG:ServiceJourney:1147-HVK_443026-R,False,planned,False,,,,,2026-09-07T20:27:16.249662+02:00
NSR:StopPlace:58795,Kambo stasjon,2026-09-07T17:26:00+02:00,2026-09-07T17:26:00+02:00,,0.0,0,Moss,RUT:Line:540,Moss - Son - Vestby stasjon,540,bus,RUT:ServiceJourney:c93edb57c357966dff79770a73ed95ac,False,planned,False,,,,,2026-09-07T20:27:16.249662+02:00
NSR:StopPlace:58795,Kambo stasjon,2026-09-07T17:35:00+02:00,2026-09-07T17:35:00+02:00,,0.0,0,Kambo,OST:Line:1_22,Skredderåsen-Kambo,22,bus,OST:ServiceJourney:22_260821062899393_75,False,planned,False,,,,,2026-09-07T20:27:16.249662+02:00
NSR:StopPlace:58795,Kambo stasjon,2026-09-07T17:50:00+02:00,2026-09-07T17:50:00+02:00,,0.0,0,Kambo,OST:Line:1_22,Skredderåsen-Kambo,22,bus,OST:ServiceJourney:22_260821062900078_77,False,planned,False,,,,,2026-09-07T20:27:16.249662+02:00
NSR:StopPlace:58796,Moss stasjon,2026-09-07T16:30:00+02:00,2026-09-07T16:30:00+02:00,,0.0,0,Moss sentrum,OST:Line:1_20,Refsnes,20,bus,OST:ServiceJourney:20_260622091582902_70,False,planned,False,,,,,2026-09-07T20:27:16.249662+02:00
NSR:StopPlace:58796,Moss stasjon,2026-09-07T16:35:00+02:00,2026-09-07T16:35:00+02:00,,0.0,0,Oslo S,VYG:Line:RX20,Oslo S-Halden-Göteborg,RX20,rail,VYG:ServiceJourney:156_443207-R,False,planned,False,Færre vogner,Denne avgangen kjører dessverre med 5 vogner i stedet for 10 vogner. Dette skyldes at vi mangler et togsett.,general,normal,2026-09-07T20:27:16.249662+02:00
NSR:StopPlace:58796,Moss stasjon,2026-09-07T16:37:00+02:00,2026-09-07T16:37:00+02:00,,0.0,0,Ryggeveien-Øreåsen,OST:Line:1_21,Ryggeveien-Øreåsen,21,bus,OST:ServiceJourney:21_260622091712201_37,False,planned,False,,,,,2026-09-07T20:27:16.249662+02:00
NSR:StopPlace:58796,Moss stasjon,2026-09-07T16:37:00+02:00,2026-09-07T16:37:00+02:00,,0.0,0,Saltnes,OST:Line:1_201,Moss-Saltnes,201,bus,OST:ServiceJourney:201_260325121471126_3,False,planned,False,,,,,2026-09-07T20:27:16.249662+02:00
NSR:StopPlace:58796,Moss stasjon,2026-09-07T16:38:00+02:00,2026-09-07T16:38:00+02:00,,0.0,0,Refsnes,OST:Line:1_20,Refsnes,20,bus,OST:ServiceJourney:20_260622091539161_71,False,planned,False,,,,,2026-09-07T20:27:16.249662+02:00
NSR:StopPlace:58796,Moss stasjon,2026-09-07T16:38:00+02:00,2026-09-07T16:38:00+02:00,,0.0,0,Karlshus,OST:Line:1_600,Solli-Moss,600,bus,OST:ServiceJourney:600_260325121471785_8,False,planned,False,,,,,2026-09-07T20:27:16.249662+02:00
NSR:StopPlace:58796,Moss stasjon,2026-09-07T16:38:00+02:00,2026-09-07T16:38:00+02:00,,0.0,0,Moss sentrum,OST:Line:1_21,Ryggeveien-Øreåsen,21,bus,OST:ServiceJourney:21_260622091735596_36,False,planned,False,,,,,2026-09-07T20:27:16.249662+02:00
NSR:StopPlace:58796,Moss stasjon,2026-09-07T16:43:00+02:00,2026-09-07T16:43:00+02:00,,0.0,0,Moss sentrum,OST:Line:1_205,Framnes,205,bus,OST:ServiceJourney:205_260325121471178_36,False,planned,False,,,,,2026-09-07T20:27:16.249662+02:00
NSR:StopPlace:58796,Moss stasjon,2026-09-07T16:45:00+02:00,2026-09-07T16:45:00+02:00,,0.0,0,Moss sentrum,OST:Line:1_20,Refsnes,20,bus,OST:ServiceJourney:20_260622091583580_72,False,planned,False,,,,,2026-09-07T20:27:16.249662+02:00
NSR:StopPlace:58796,Moss stasjon,2026-09-07T16:52:00+02:00,2026-09-07T16:52:00+02:00,,0.0,0,Varnaveien-Øreåsen,OST:Line:1_24,Varnaveien-Øreåsen,24,bus,OST:ServiceJourney:24_260622092150704_37,False,planned,False,,,,,2026-09-07T20:27:16.249662+02:00
NSR:StopPlace:58796,Moss stasjon,2026-09-07T16:52:00+02:00,2026-09-07T16:52:00+02:00,,0.0,0,Ekholt-Bredsand,OST:Line:1_204,Ekholt,204,bus,OST:ServiceJourney:204_260325121471156_35,False,planned,False,,,,,2026-09-07T20:27:16.249662+02:00
NSR:StopPlace:58796,Moss stasjon,2026-09-07T16:52:00+02:00,2026-09-07T16:52:00+02:00,,0.0,0,Moss sentrum,OST:Line:1_206,Krossern-Orkerød,206,bus,OST:ServiceJourney:206_260325121471194_36,False,planned,False,,,,,2026-09-07T20:27:16.249662+02:00
NSR:StopPlace:58796,Moss stasjon,2026-09-07T16:53:00+02:00,2026-09-07T16:53:00+02:00,,0.0,0,Framnes,OST:Line:1_205,Framnes,205,bus,OST:ServiceJourney:205_260325121471179_37,False,planned,False,,,,,2026-09-07T20:27:16.249662+02:00
NSR:StopPlace:58796,Moss stasjon,2026-09-07T16:53:00+02:00,2026-09-07T16:53:00+02:00,,0.0,0,Tronvik,OST:Line:1_207,Tronvik,207,bus,OST:ServiceJourney:207_260325121471211_9,False,planned,False,,,,,2026-09-07T20:27:16.249662+02:00
NSR:StopPlace:58796,Moss stasjon,2026-09-07T16:53:00+02:00,2026-09-07T16:53:00+02:00,,0.0,0,Refsnes,OST:Line:1_20,Refsnes,20,bus,OST:ServiceJourney:20_260622091539844_73,False,planned,False,,,,,2026-09-07T20:27:16.249662+02:00
NSR:StopPlace:58796,Moss stasjon,2026-09-07T16:53:00+02:00,2026-09-07T16:53:00+02:00,,0.0,0,Krossern-Orkerød,OST:Line:1_206,Krossern-Orkerød,206,bus,OST:ServiceJourney:206_260325121471195_37,False,planned,False,,,,,2026-09-07T20:27:16.249662+02:00
NSR:StopPlace:58796,Moss stasjon,2026-09-07T16:53:00+02:00,2026-09-07T16:53:00+02:00,,0.0,0,Moss sentrum,OST:Line:1_24,Varnaveien-Øreåsen,24,bus,OST:ServiceJourney:24_260622092174701_38,False,planned,False,,,,,2026-09-07T20:27:16.249662+02:00
NSR:StopPlace:58796,Moss stasjon,2026-09-07T16:54:00+02:00,2026-09-07T16:54:00+02:00,,0.0,0,Moss sentrum,OST:Line:1_204,Ekholt,204,bus,OST:ServiceJourney:204_260325121471155_34,False,planned,False,,,,,2026-09-07T20:27:16.249662+02:00
NSR:StopPlace:58796,Moss stasjon,2026-09-07T16:54:00+02:00,2026-09-07T16:54:00+02:00,,0.0,0,Stabekk,VYG:Line:R21,Stabekk-Oslo S-Moss,R21,rail,VYG:ServiceJourney:1152-MOS_443035-R,False,planned,False,,,,,2026-09-07T20:27:16.249662+02:00
NSR:StopPlace:58796,Moss stasjon,2026-09-07T17:00:00+02:00,2026-09-07T17:00:00+02:00,,0.0,0,Moss sentrum,OST:Line:1_20,Refsnes,20,bus,OST:ServiceJourney:20_260622091584259_74,False,planned,False,,,,,2026-09-07T20:27:16.249662+02:00
NSR:StopPlace:58796,Moss stasjon,2026-09-07T17:07:00+02:00,2026-09-07T17:07:00+02:00,,0.0,0,Ryggeveien-Øreåsen,OST:Line:1_21,Ryggeveien-Øreåsen,21,bus,OST:ServiceJourney:21_260622091712882_39,False,planned,False,,,,,2026-09-07T20:27:16.249662+02:00
NSR:StopPlace:58796,Moss stasjon,2026-09-07T17:08:00+02:00,2026-09-07T17:08:00+02:00,,0.0,0,Refsnes,OST:Line:1_20,Refsnes,20,bus,OST:ServiceJourney:20_260622091540525_75,False,planned,False,,,,,2026-09-07T20:27:16.249662+02:00
NSR:StopPlace:58796,Moss stasjon,2026-09-07T17:08:00+02:00,2026-09-07T17:08:00+02:00,,0.0,0,Moss sentrum,OST:Line:1_21,Ryggeveien-Øreåsen,21,bus,OST:ServiceJourney:21_260622091736279_38,False,planned,False,,,,,2026-09-07T20:27:16.249662+02:00
NSR:StopPlace:58796,Moss stasjon,2026-09-07T17:12:00+02:00,2026-09-07T17:12:00+02:00,,0.0,0,Larkollen,OST:Line:1_200,Moss-Larkollen,200,bus,OST:ServiceJourney:200_260325121471117_13,False,planned,False,,,,,2026-09-07T20:27:16.249662+02:00
NSR:StopPlace:58796,Moss stasjon,2026-09-07T17:12:00+02:00,2026-09-07T17:12:00+02:00,,0.0,0,Moss sentrum,OST:Line:1_207,Tronvik,207,bus,OST:ServiceJourney:207_260325121471201_10,False,planned,False,,,,,2026-09-07T20:27:16.249662+02:00
NSR:StopPlace:58796,Moss stasjon,2026-09-07T17:13:00+02:00,2026-09-07T17:13:00+02:00,,0.0,0,Moss sentrum,OST:Line:1_205,Framnes,205,bus,OST:ServiceJourney:205_260325121471180_38,False,planned,False,,,,,2026-09-07T20:27:16.249662+02:00
NSR:StopPlace:58796,Moss stasjon,2026-09-07T17:15:00+02:00,2026-09-07T17:15:00+02:00,,0.0,0,Moss sentrum,OST:Line:1_20,Refsnes,20,bus,OST:ServiceJourney:20_260622091584938_76,False,planned,False,,,,,2026-09-07T20:27:16.249662+02:00
NSR:StopPlace:58796,Moss stasjon,2026-09-07T17:20:00+02:00,2026-09-07T17:20:00+02:00,,0.0,0,Moss,OST:Line:1_641,Askim-Elvestad-Moss,641,bus,OST:ServiceJourney:641_260325121473624_15,False,planned,False,,,,,2026-09-07T20:27:16.249662+02:00
NSR:StopPlace:58796,Moss stasjon,2026-09-07T17:22:00+02:00,2026-09-07T17:22:00+02:00,,0.0,0,Varnaveien-Øreåsen,OST:Line:1_24,Varnaveien-Øreåsen,24,bus,OST:ServiceJourney:24_260622092151383_39,False,planned,False,,,,,2026-09-07T20:27:16.249662+02:00
NSR:StopPlace:58796,Moss stasjon,2026-09-07T17:22:00+02:00,2026-09-07T17:22:00+02:00,,0.0,0,Ekholt-Bredsand,OST:Line:1_204,Ekholt,204,bus,OST:ServiceJourney:204_260325121471158_37,False,planned,False,,,,,2026-09-07T20:27:16.249662+02:00
NSR:StopPlace:58796,Moss stasjon,2026-09-07T17:22:00+02:00,2026-09-07T17:22:00+02:00,,0.0,0,Moss sentrum,OST:Line:1_206,Krossern-Orkerød,206,bus,OST:ServiceJourney:206_260325121471196_38,False,planned,False,,,,,2026-09-07T20:27:16.249662+02:00
NSR:StopPlace:58796,Moss stasjon,2026-09-07T17:23:00+02:00,2026-09-07T17:23:00+02:00,,0.0,0,Refsnes,OST:Line:1_20,Refsnes,20,bus,OST:ServiceJourney:20_260622091541206_77,False,planned,False,,,,,2026-09-07T20:27:16.249662+02:00
NSR:StopPlace:58796,Moss stasjon,2026-09-07T17:23:00+02:00,2026-09-07T17:23:00+02:00,,0.0,0,Krossern-Orkerød,OST:Line:1_206,Krossern-Orkerød,206,bus,OST:ServiceJourney:206_260325121471197_39,False,planned,False,,,,,2026-09-07T20:27:16.249662+02:00
NSR:StopPlace:58796,Moss stasjon,2026-09-07T17:23:00+02:00,2026-09-07T17:23:00+02:00,,0.0,0,Moss sentrum,OST:Line:1_24,Varnaveien-Øreåsen,24,bus,OST:ServiceJourney:24_260622092176059_40,False,planned,False,,,,,2026-09-07T20:27:16.249662+02:00
NSR:StopPlace:58796,Moss stasjon,2026-09-07T17:24:00+02:00,2026-09-07T17:24:00+02:00,,0.0,0,Moss sentrum,OST:Line:1_204,Ekholt,204,bus,OST:ServiceJourney:204_260325121471157_36,False,planned,False,,,,,2026-09-07T20:27:16.249662+02:00
NSR:StopPlace:58796,Moss stasjon,2026-09-07T17:30:00+02:00,2026-09-07T17:30:00+02:00,,0.0,0,Moss sentrum,OST:Line:1_20,Refsnes,20,bus,OST:ServiceJourney:20_260622091585618_78,False,planned,False,,,,,2026-09-07T20:27:16.249662+02:00
NSR:StopPlace:58796,Moss stasjon,2026-09-07T17:37:00+02:00,2026-09-07T17:37:00+02:00,,0.0,0,Ryggeveien-Øreåsen,OST:Line:1_21,Ryggeveien-Øreåsen,21,bus,OST:ServiceJourney:21_260622091713562_41,False,planned,False,,,,,2026-09-07T20:27:16.249662+02:00
NSR:StopPlace:58796,Moss stasjon,2026-09-07T17:38:00+02:00,2026-09-07T17:38:00+02:00,,0.0,0,Refsnes,OST:Line:1_20,Refsnes,20,bus,OST:ServiceJourney:20_260622091541886_79,False,planned,False,,,,,2026-09-07T20:27:16.249662+02:00
NSR:StopPlace:58796,Moss stasjon,2026-09-07T17:38:00+02:00,2026-09-07T17:38:00+02:00,,0.0,0,Moss sentrum,OST:Line:1_21,Ryggeveien-Øreåsen,21,bus,OST:ServiceJourney:21_260622091737645_40,False,planned,False,,,,,2026-09-07T20:27:16.249662+02:00
NSR:StopPlace:58796,Moss stasjon,2026-09-07T17:45:00+02:00,2026-09-07T17:45:00+02:00,,0.0,0,Moss sentrum,OST:Line:1_20,Refsnes,20,bus,OST:ServiceJourney:20_260622091586976_80,False,planned,False,,,,,2026-09-07T20:27:16.249662+02:00
NSR:StopPlace:58830,Brakerøya stasjon,2026-09-07T16:51:00+02:00,2026-09-07T16:51:00+02:00,,0.0,0,Drammen,VYG:Line:R13,Drammen-Oslo S-Dal,R13,rail,VYG:ServiceJourney:1644-DAL_632370-R,False,planned,False,,,,,2026-09-07T20:27:16.249662+02:00
NSR:StopPlace:58831,Flå stasjon,2026-09-07T16:52:00+02:00,2026-09-07T16:52:00+02:00,,0.0,0,Flå/Nesbyen,BRA:Line:4_6307,Flå-Sokna,307,bus,BRA:ServiceJourney:6307_260415100159055_1001,False,planned,False,,,,,2026-09-07T20:27:16.249662+02:00
NSR:StopPlace:58834,Hokksund stasjon,2026-09-07T16:50:00+02:00,2026-09-07T16:50:00+02:00,,0.0,0,Røren - Vestfossen - Darbu,BRA:Line:4_6118,Hokksund - Røren - Darbu,118,bus,BRA:ServiceJourney:6118_260415100159032_1009,False,planned,False,,,,,2026-09-07T20:27:16.249662+02:00
NSR:StopPlace:58834,Hokksund stasjon,2026-09-07T16:55:00+02:00,2026-09-07T16:55:00+02:00,,0.0,0,Harakollen,BRA:Line:4_6125,Hokksund - Harakollen,125,bus,BRA:ServiceJourney:6125_260415100159542_1022,False,planned,False,,,,,2026-09-07T20:27:16.249662+02:00
NSR:StopPlace:58834,Hokksund stasjon,2026-09-07T16:57:00+02:00,2026-09-07T16:57:00+02:00,,0.0,0,Drammen via Mjøndalen,BRA:Line:4_6101,Drammen-Vikersund/Hønefoss,101,bus,BRA:ServiceJourney:6101_260415100161313_1046,False,planned,False,,,,,2026-09-07T20:27:16.249662+02:00
NSR:StopPlace:58834,Hokksund stasjon,2026-09-07T17:00:00+02:00,2026-09-07T17:00:00+02:00,,0.0,0,Kongsberg,VYG:Line:R12,Kongsberg-Oslo S-Eidsvoll,R12,rail,VYG:ServiceJourney:523_444326-R,False,planned,False,,,,,2026-09-07T20:27:16.249662+02:00
NSR:StopPlace:58834,Hokksund stasjon,2026-09-07T17:06:00+02:00,2026-09-07T17:06:00+02:00,,0.0,0,Vikersund,BRA:Line:4_6101,Drammen-Vikersund/Hønefoss,101,bus,BRA:ServiceJourney:6101_260415100161250_1039,False,planned,False,,,,,2026-09-07T20:27:16.249662+02:00
NSR:StopPlace:58834,Hokksund stasjon,2026-09-07T17:10:00+02:00,2026-09-07T17:10:00+02:00,,0.0,0,Skotselv kryss,BRA:Line:4_6116,Hokksund-Skotselv,116,bus,BRA:ServiceJourney:6116_260415100158986_1015,False,planned,False,,,,,2026-09-07T20:27:16.249662+02:00
NSR:StopPlace:58834,Hokksund stasjon,2026-09-07T17:17:00+02:00,2026-09-07T17:17:00+02:00,,0.0,0,Ormåsen,BRA:Line:4_6117,Hokksund - Ormåsen,117,bus,BRA:ServiceJourney:6117_260622052302733_1023,False,planned,False,,,,,2026-09-07T20:27:16.249662+02:00
NSR:StopPlace:58835,Lier stasjon,2026-09-07T16:47:00+02:00,2026-09-07T16:47:00+02:00,,0.0,0,Drammen,VYG:Line:R13,Drammen-Oslo S-Dal,R13,rail,VYG:ServiceJourney:1644-DAL_632370-R,False,planned,False,,,,,2026-09-07T20:27:16.249662+02:00
NSR:StopPlace:58835,Lier stasjon,2026-09-07T17:13:00+02:00,2026-09-07T17:13:00+02:00,,0.0,0,Drammen,BRA:Line:4_6073,Drammen - Reistad - Lierskogen,73,bus,BRA:ServiceJourney:6073_260415100160834_1024,False,planned,False,Fra 17/8 går linje 61-63-71-73-251-261 og skolebusser fra holdeplass ved Skutebrygga ut av byen.Les mer på brakar.no/trafikkmeldinger.,,general,normal,2026-09-07T20:27:16.249662+02:00
NSR:StopPlace:58836,Mjøndalen stasjon,2026-09-07T16:35:00+02:00,2026-09-07T16:35:00+02:00,,0.0,0,Kongsberg,VYG:Line:R13,Drammen-Oslo S-Dal,R13,rail,VYG:ServiceJourney:1642_443303-R,False,planned,False,,,,,2026-09-07T20:27:16.249662+02:00
NSR:StopPlace:58836,Mjøndalen stasjon,2026-09-07T16:36:00+02:00,2026-09-07T16:36:00+02:00,,0.0,0,Drammen sykehus,BRA:Line:4_6001,Drammen sykehus Brakerøya - Sørensvingen / Mjøndalen,1,bus,BRA:ServiceJourney:6001_260415100161831_1178,False,planned,False,,,,,2026-09-07T20:27:16.249662+02:00
NSR:StopPlace:58836,Mjøndalen stasjon,2026-09-07T16:37:00+02:00,2026-09-07T16:37:00+02:00,,0.0,0,Hovjordet,BRA:Line:4_6054,Mjøndalen - Hovjordet,54,bus,BRA:ServiceJourney:6054_260415100162424_1027,False,planned,False,,,,,2026-09-07T20:27:16.249662+02:00
NSR:StopPlace:58836,Mjøndalen stasjon,2026-09-07T16:42:00+02:00,2026-09-07T16:42:00+02:00,,0.0,0,Drammen,BRA:Line:4_6101,Drammen-Vikersund/Hønefoss,101,bus,BRA:ServiceJourney:6101_260415100161281_1048,False,planned,False,,,,,2026-09-07T20:27:16.249662+02:00
NSR:StopPlace:58836,Mjøndalen stasjon,2026-09-07T16:49:00+02:00,2026-09-07T16:49:00+02:00,,0.0,0,Hokksund - Vikersund,BRA:Line:4_6101,Drammen-Vikersund/Hønefoss,101,bus,BRA:ServiceJourney:6101_260415100161250_1039,False,planned,False,,,,,2026-09-07T20:27:16.249662+02:00
NSR:StopPlace:58836,Mjøndalen stasjon,2026-09-07T16:51:00+02:00,2026-09-07T16:51:00+02:00,,0.0,0,Drammen sykehus,BRA:Line:4_6001,Drammen sykehus Brakerøya - Sørensvingen / Mjøndalen,1,bus,BRA:ServiceJourney:6001_260415100161832_1182,False,planned,False,,,,,2026-09-07T20:27:16.249662+02:00
NSR:StopPlace:58836,Mjøndalen stasjon,2026-09-07T16:53:00+02:00,2026-09-07T16:53:00+02:00,,0.0,0,Kongsberg,VYG:Line:R12,Kongsberg-Oslo S-Eidsvoll,R12,rail,VYG:ServiceJourney:523_444326-R,False,planned,False,,,,,2026-09-07T20:27:16.249662+02:00
NSR:StopPlace:58836,Mjøndalen stasjon,2026-09-07T16:54:00+02:00,2026-09-07T16:54:00+02:00,,0.0,0,Drammen via Gulskogen,BRA:Line:4_6052,Drammen - Mjøndalen,52,bus,BRA:ServiceJourney:6052_260415100161110_1036,False,planned,False,,,,,2026-09-07T20:27:16.249662+02:00
NSR:StopPlace:58836,Mjøndalen stasjon,2026-09-07T16:57:00+02:00,2026-09-07T16:57:00+02:00,,0.0,0,Åsen,BRA:Line:4_6053,Mjøndalen - Åsen,53,bus,BRA:ServiceJourney:6053_260415100160446_1031,False,planned,False,,,,,2026-09-07T20:27:16.249662+02:00
NSR:StopPlace:58836,Mjøndalen stasjon,2026-09-07T17:06:00+02:00,2026-09-07T17:06:00+02:00,,0.0,0,Drammen sykehus,BRA:Line:4_6001,Drammen sykehus Brakerøya - Sørensvingen / Mjøndalen,1,bus,BRA:ServiceJourney:6001_260415100161833_1186,False,planned,False,,,,,2026-09-07T20:27:16.249662+02:00
NSR:StopPlace:58836,Mjøndalen stasjon,2026-09-07T17:07:00+02:00,2026-09-07T17:07:00+02:00,,0.0,0,Hovjordet,BRA:Line:4_6054,Mjøndalen - Hovjordet,54,bus,BRA:ServiceJourney:6054_260415100162431_1029,False,planned,False,,,,,2026-09-07T20:27:16.249662+02:00
NSR:StopPlace:58836,Mjøndalen stasjon,2026-09-07T17:12:00+02:00,2026-09-07T17:12:00+02:00,,0.0,0,Drammen,BRA:Line:4_6101,Drammen-Vikersund/Hønefoss,101,bus,BRA:ServiceJourney:6101_260415100161313_1046,False,planned,False,,,,,2026-09-07T20:27:16.249662+02:00
NSR:StopPlace:58836,Mjøndalen stasjon,2026-09-07T17:19:00+02:00,2026-09-07T17:19:00+02:00,,0.0,0,Hokksund,BRA:Line:4_6101,Drammen-Vikersund/Hønefoss,101,bus,BRA:ServiceJourney:6101_260415100161218_1041,False,planned,False,,,,,2026-09-07T20:27:16.249662+02:00
NSR:StopPlace:58838,Røyken stasjon,2026-09-07T16:29:00+02:00,2026-09-07T16:29:00+02:00,,0.0,0,Spikkestad,VYG:Line:L1,Spikkestad-Oslo S-Lillestrøm,L1,rail,VYG:ServiceJourney:2243_443656-R,False,planned,False,,,,,2026-09-07T20:27:16.249662+02:00
NSR:StopPlace:58838,Røyken stasjon,2026-09-07T16:33:00+02:00,2026-09-07T16:33:00+02:00,,0.0,0,Bråset,RUT:Line:260,Hyggen - Bråset -Slemmestad (- Asker),260,bus,RUT:ServiceJourney:f6694327ed85ac01d4411366b0e10877,False,planned,False,,,,,2026-09-07T20:27:16.249662+02:00
NSR:StopPlace:58838,Røyken stasjon,2026-09-07T16:37:00+02:00,2026-09-07T16:37:00+02:00,,0.0,0,Drammen,RUT:Line:261,Drammen - Lahell - Røyken - Sætre,261,bus,RUT:ServiceJourney:92b9ac21e6ee0f0cfbcea746ef9f9df4,False,planned,False,Fra 17/8 går linje 61-63-71-73-251-261 og skolebusser fra holdeplass ved Skutebrygga ut av byen.Les mer på brakar.no/trafikkmeldinger.,,general,normal,2026-09-07T20:27:16.249662+02:00
NSR:StopPlace:58838,Røyken stasjon,2026-09-07T16:38:00+02:00,2026-09-07T16:38:00+02:00,,0.0,0,Sætre,RUT:Line:261,Drammen - Lahell - Røyken - Sætre,261,bus,RUT:ServiceJourney:c8365aaf4425024df65d98fec225abac,False,planned,False,Fra 17/8 går linje 61-63-71-73-251-261 og skolebusser fra holdeplass ved Skutebrygga ut av byen.Les mer på brakar.no/trafikkmeldinger.,,general,normal,2026-09-07T20:27:16.249662+02:00
NSR:StopPlace:58838,Røyken stasjon,2026-09-07T16:45:00+02:00,2026-09-07T16:45:00+02:00,,0.0,0,Asker,RUT:Line:260,Hyggen - Bråset -Slemmestad (- Asker),260,bus,RUT:ServiceJourney:d96d86367201906168b6c1587bca3e9d,False,planned,False,,,,,2026-09-07T20:27:16.249662+02:00
NSR:StopPlace:58838,Røyken stasjon,2026-09-07T16:59:00+02:00,2026-09-07T16:59:00+02:00,,0.0,0,Spikkestad,VYG:Line:L1,Spikkestad-Oslo S-Lillestrøm,L1,rail,VYG:ServiceJourney:2245_443659-R,False,planned,False,,,,,2026-09-07T20:27:16.249662+02:00
NSR:StopPlace:58838,Røyken stasjon,2026-09-07T17:03:00+02:00,2026-09-07T17:03:00+02:00,,0.0,0,Hyggen,RUT:Line:260,Hyggen - Bråset -Slemmestad (- Asker),260,bus,RUT:ServiceJourney:46b326f8b49cdf4a1011676626d31f04,False,planned,False,,,,,2026-09-07T20:27:16.249662+02:00
NSR:StopPlace:58838,Røyken stasjon,2026-09-07T17:08:00+02:00,2026-09-07T17:08:00+02:00,,0.0,0,Sætre,RUT:Line:261,Drammen - Lahell - Røyken - Sætre,261,bus,RUT:ServiceJourney:f2ed193c8c6408939643ae081bf0efed,False,planned,False,Fra 17/8 går linje 61-63-71-73-251-261 og skolebusser fra holdeplass ved Skutebrygga ut av byen.Les mer på brakar.no/trafikkmeldinger.,,general,normal,2026-09-07T20:27:16.249662+02:00
NSR:StopPlace:58838,Røyken stasjon,2026-09-07T17:29:00+02:00,2026-09-07T17:29:00+02:00,,0.0,0,Spikkestad,VYG:Line:L1,Spikkestad-Oslo S-Lillestrøm,L1,rail,VYG:ServiceJourney:2247_460777-R,False,planned,False,,,,,2026-09-07T20:27:16.249662+02:00
NSR:StopPlace:58838,Røyken stasjon,2026-09-07T17:33:00+02:00,2026-09-07T17:33:00+02:00,,0.0,0,Bråset,RUT:Line:260,Hyggen - Bråset -Slemmestad (- Asker),260,bus,RUT:ServiceJourney:c216ec98344c266b6bbda22cb6278ca7,False,planned,False,,,,,2026-09-07T20:27:16.249662+02:00
NSR:StopPlace:58839,Steinberg stasjon,2026-09-07T16:54:00+02:00,2026-09-07T16:54:00+02:00,,0.0,0,Hokksund - Vikersund,BRA:Line:4_6101,Drammen-Vikersund/Hønefoss,101,bus,BRA:ServiceJourney:6101_260415100161250_1039,False,planned,False,,,,,2026-09-07T20:27:16.249662+02:00
NSR:StopPlace:58839,Steinberg stasjon,2026-09-07T17:05:00+02:00,2026-09-07T17:05:00+02:00,,0.0,0,Drammen via Mjøndalen,BRA:Line:4_6101,Drammen-Vikersund/Hønefoss,101,bus,BRA:ServiceJourney:6101_260415100161313_1046,False,planned,False,,,,,2026-09-07T20:27:16.249662+02:00
NSR:StopPlace:58839,Steinberg stasjon,2026-09-07T17:24:00+02:00,2026-09-07T17:24:00+02:00,,0.0,0,Hokksund,BRA:Line:4_6101,Drammen-Vikersund/Hønefoss,101,bus,BRA:ServiceJourney:6101_260415100161218_1041,False,planned,False,,,,,2026-09-07T20:27:16.249662+02:00
NSR:StopPlace:58843,Blommenholm stasjon,2026-09-07T16:50:00+02:00,2026-09-07T16:50:00+02:00,,0.0,0,Lillestrøm,VYG:Line:L1,Spikkestad-Oslo S-Lillestrøm,L1,rail,VYG:ServiceJourney:2250_443669-R,False,planned,False,,,,,2026-09-07T20:27:16.249662+02:00
NSR:StopPlace:58843,Blommenholm stasjon,2026-09-07T16:58:00+02:00,2026-09-07T16:58:00+02:00,,0.0,0,Spikkestad,VYG:Line:L1,Spikkestad-Oslo S-Lillestrøm,L1,rail,VYG:ServiceJourney:2247_460777-R,False,planned,False,,,,,2026-09-07T20:27:16.249662+02:00
NSR:StopPlace:58843,Blommenholm stasjon,2026-09-07T17:14:00+02:00,2026-09-07T17:14:00+02:00,,0.0,0,Asker,VYG:Line:L1,Spikkestad-Oslo S-Lillestrøm,L1,rail,VYG:ServiceJourney:2147_443555-R,False,planned,False,,,,,2026-09-07T20:27:16.249662+02:00
NSR:StopPlace:58844,Eidsvoll stasjon,2026-09-07T16:29:00+02:00,2026-09-07T16:29:00+02:00,,0.0,0,Eidsvoll,RUT:Line:430,Eidsvoll - Jessheim,430,bus,RUT:ServiceJourney:d94ca8a823f8ce04a160350377828558,False,planned,False,,,,,2026-09-07T20:27:16.249662+02:00
NSR:StopPlace:58844,Eidsvoll stasjon,2026-09-07T16:30:00+02:00,2026-09-07T16:30:00+02:00,,0.0,0,Jessheim,RUT:Line:430,Eidsvoll - Jessheim,430,bus,RUT:ServiceJourney:1c018c42f54921e4f3f960f976cad107,False,planned,False,,,,,2026-09-07T20:27:16.249662+02:00
NSR:StopPlace:58844,Eidsvoll stasjon,2026-09-07T16:35:00+02:00,2026-09-07T16:35:00+02:00,,0.0,0,Gullverket,RUT:Line:442,Gullverket - Eidsvoll,442,bus,RUT:ServiceJourney:5bbe97abf09d91569e86d7fb105054ea,False,planned,False,,,,,2026-09-07T20:27:16.249662+02:00
NSR:StopPlace:58844,Eidsvoll stasjon,2026-09-07T16:44:00+02:00,2026-09-07T16:44:00+02:00,,0.0,0,Eidsvoll,RUT:Line:430,Eidsvoll - Jessheim,430,bus,RUT:ServiceJourney:ee10a2ef1dce63ccdb5fbe69a5d267d0,False,planned,False,,,,,2026-09-07T20:27:16.249662+02:00
NSR:StopPlace:58844,Eidsvoll stasjon,2026-09-07T16:45:00+02:00,2026-09-07T16:45:00+02:00,,0.0,0,Jessheim,RUT:Line:430,Eidsvoll - Jessheim,430,bus,RUT:ServiceJourney:a8c1ed7394f11fb3d1f0d4801cfbf40a,False,planned,False,,,,,2026-09-07T20:27:16.249662+02:00
NSR:StopPlace:58844,Eidsvoll stasjon,2026-09-07T16:59:00+02:00,2026-09-07T16:59:00+02:00,,0.0,0,Eidsvoll,RUT:Line:430,Eidsvoll - Jessheim,430,bus,RUT:ServiceJourney:aed0588bdf5a404250d874ce70a6c215,False,planned,False,,,,,2026-09-07T20:27:16.249662+02:00
NSR:StopPlace:58844,Eidsvoll stasjon,2026-09-07T17:00:00+02:00,2026-09-07T17:00:00+02:00,,0.0,0,Jessheim,RUT:Line:430,Eidsvoll - Jessheim,430,bus,RUT:ServiceJourney:86154535fdac96b00870284325092df3,False,planned,False,,,,,2026-09-07T20:27:16.249662+02:00
NSR:StopPlace:58844,Eidsvoll stasjon,2026-09-07T17:05:00+02:00,2026-09-07T17:05:00+02:00,,0.0,0,Fenstad,RUT:Line:441,Eidsvoll - Årnes,441,bus,RUT:ServiceJourney:84a924ab8c3efa0a710aa235469e6ca9,False,planned,False,,,,,2026-09-07T20:27:16.249662+02:00
NSR:StopPlace:58844,Eidsvoll stasjon,2026-09-07T17:14:00+02:00,2026-09-07T17:14:00+02:00,,0.0,0,Eidsvoll,RUT:Line:430,Eidsvoll - Jessheim,430,bus,RUT:ServiceJourney:8a860d75c40de6b047ce0ad07c446d6d,False,planned,False,,,,,2026-09-07T20:27:16.249662+02:00
NSR:StopPlace:58844,Eidsvoll stasjon,2026-09-07T17:15:00+02:00,2026-09-07T17:15:00+02:00,,0.0,0,Langset øst,RUT:Line:448,Langset - Eidsvoll via Østsidavegen,448,bus,RUT:ServiceJourney:b2a0ce3d382500555da21b59c44a5ca3,False,planned,False,,,,,2026-09-07T20:27:16.249662+02:00
NSR:StopPlace:58844,Eidsvoll stasjon,2026-09-07T17:29:00+02:00,2026-09-07T17:29:00+02:00,,0.0,0,Eidsvoll,RUT:Line:430,Eidsvoll - Jessheim,430,bus,RUT:ServiceJourney:2cc806566c2d78099c5913c95569a758,False,planned,False,,,,,2026-09-07T20:27:16.249662+02:00
NSR:StopPlace:58845,Eidsvoll verk stasjon,2026-09-07T16:30:00+02:00,2026-09-07T16:30:00+02:00,,0.0,0,Eidsvoll,RUT:Line:430,Eidsvoll - Jessheim,430,bus,RUT:ServiceJourney:ee10a2ef1dce63ccdb5fbe69a5d267d0,False,planned,False,,,,,2026-09-07T20:27:16.249662+02:00
NSR:StopPlace:58845,Eidsvoll verk stasjon,2026-09-07T16:31:00+02:00,2026-09-07T16:31:00+02:00,,0.0,0,Jessheim,RUT:Line:430,Eidsvoll - Jessheim,430,bus,RUT:ServiceJourney:cd5e991728f7a5a7f2b6fc16b23d8a94,False,planned,False,,,,,2026-09-07T20:27:16.249662+02:00
NSR:StopPlace:58845,Eidsvoll verk stasjon,2026-09-07T16:35:00+02:00,2026-09-07T16:35:00+02:00,,0.0,0,Hurdal,RUT:Line:445,Hurdal - Eidsvoll verk,445,bus,RUT:ServiceJourney:b5dd6aba77740e7652892ae54027158d,False,planned,False,,,,,2026-09-07T20:27:16.249662+02:00
NSR:StopPlace:58845,Eidsvoll verk stasjon,2026-09-07T16:45:00+02:00,2026-09-07T16:45:00+02:00,,0.0,0,Eidsvoll,RUT:Line:430,Eidsvoll - Jessheim,430,bus,RUT:ServiceJourney:aed0588bdf5a404250d874ce70a6c215,False,planned,False,,,,,2026-09-07T20:27:16.249662+02:00
NSR:StopPlace:58845,Eidsvoll verk stasjon,2026-09-07T16:46:00+02:00,2026-09-07T16:46:00+02:00,,0.0,0,Jessheim,RUT:Line:430,Eidsvoll - Jessheim,430,bus,RUT:ServiceJourney:1c018c42f54921e4f3f960f976cad107,False,planned,False,,,,,2026-09-07T20:27:16.249662+02:00
NSR:StopPlace:58845,Eidsvoll verk stasjon,2026-09-07T16:55:00+02:00,2026-09-07T16:55:00+02:00,,0.0,0,Eidsvoll,VYG:Line:RE11,Eidsvoll-Oslo S-Skien,RE11,rail,VYG:ServiceJourney:822_444402-R,False,planned,False,,,,,2026-09-07T20:27:16.249662+02:00
NSR:StopPlace:58845,Eidsvoll verk stasjon,2026-09-07T17:00:00+02:00,2026-09-07T17:00:00+02:00,,0.0,0,Eidsvoll,RUT:Line:430,Eidsvoll - Jessheim,430,bus,RUT:ServiceJourney:8a860d75c40de6b047ce0ad07c446d6d,False,planned,False,,,,,2026-09-07T20:27:16.249662+02:00
NSR:StopPlace:58845,Eidsvoll verk stasjon,2026-09-07T17:01:00+02:00,2026-09-07T17:01:00+02:00,,0.0,0,Jessheim,RUT:Line:430,Eidsvoll - Jessheim,430,bus,RUT:ServiceJourney:a8c1ed7394f11fb3d1f0d4801cfbf40a,False,planned,False,,,,,2026-09-07T20:27:16.249662+02:00
NSR:StopPlace:58845,Eidsvoll verk stasjon,2026-09-07T17:05:00+02:00,2026-09-07T17:05:00+02:00,,0.0,0,Hurdal,RUT:Line:445,Hurdal - Eidsvoll verk,445,bus,RUT:ServiceJourney:f7fcb14d675449860212d5752d960296,False,planned,False,,,,,2026-09-07T20:27:16.249662+02:00
NSR:StopPlace:58845,Eidsvoll verk stasjon,2026-09-07T17:15:00+02:00,2026-09-07T17:15:00+02:00,,0.0,0,Eidsvoll,RUT:Line:430,Eidsvoll - Jessheim,430,bus,RUT:ServiceJourney:2cc806566c2d78099c5913c95569a758,False,planned,False,,,,,2026-09-07T20:27:16.249662+02:00
NSR:StopPlace:58845,Eidsvoll verk stasjon,2026-09-07T17:16:00+02:00,2026-09-07T17:16:00+02:00,,0.0,0,Jessheim,RUT:Line:430,Eidsvoll - Jessheim,430,bus,RUT:ServiceJourney:86154535fdac96b00870284325092df3,False,planned,False,,,,,2026-09-07T20:27:16.249662+02:00
NSR:StopPlace:58845,Eidsvoll verk stasjon,2026-09-07T17:25:00+02:00,2026-09-07T17:25:00+02:00,,0.0,0,Eidsvoll,VYG:Line:R12,Kongsberg-Oslo S-Eidsvoll,R12,rail,VYG:ServiceJourney:524_444328-R,False,planned,False,,,,,2026-09-07T20:27:16.249662+02:00
NSR:StopPlace:58846,Fetsund stasjon,2026-09-07T16:28:00+02:00,2026-09-07T16:28:00+02:00,,0.0,0,Garderåsen,RUT:Line:321,Fetsund - Garderåsen,321,bus,RUT:ServiceJourney:129105cdf8524758d52a3e7fa1b87ba1,False,planned,False,,,,,2026-09-07T20:27:16.249662+02:00
NSR:StopPlace:58846,Fetsund stasjon,2026-09-07T16:58:00+02:00,2026-09-07T16:58:00+02:00,,0.0,0,Garderåsen,RUT:Line:321,Fetsund - Garderåsen,321,bus,RUT:ServiceJourney:49034aa7d02571bd48e32a93f61e40d8,False,planned,False,,,,,2026-09-07T20:27:16.249662+02:00
NSR:StopPlace:58846,Fetsund stasjon,2026-09-07T17:28:00+02:00,2026-09-07T17:28:00+02:00,,0.0,0,Garderåsen,RUT:Line:321,Fetsund - Garderåsen,321,bus,RUT:ServiceJourney:8d95d443ce3bb29224979d5b73185d98,False,planned,False,,,,,2026-09-07T20:27:16.249662+02:00
NSR:StopPlace:58847,Frogner stasjon,2026-09-07T16:40:00+02:00,2026-09-07T16:40:00+02:00,,0.0,0,Sørumsand,RUT:Line:365,Sørumsand - Frogner - Skedsmokorset,365,bus,RUT:ServiceJourney:43a01c4329951a6946eb212d36716ee7,False,planned,False,,,,,2026-09-07T20:27:16.249662+02:00
NSR:StopPlace:58847,Frogner stasjon,2026-09-07T16:43:00+02:00,2026-09-07T16:43:00+02:00,,0.0,0,Skedsmokorset,RUT:Line:365,Sørumsand - Frogner - Skedsmokorset,365,bus,RUT:ServiceJourney:2fe2200abd072fa42b8af7e1e63cac31,False,planned,False,,,,,2026-09-07T20:27:16.249662+02:00
NSR:StopPlace:58847,Frogner stasjon,2026-09-07T17:04:00+02:00,2026-09-07T17:04:00+02:00,,0.0,0,Dal,VYG:Line:R13,Drammen-Oslo S-Dal,R13,rail,VYG:ServiceJourney:1647_443313-R,False,planned,False,,,,,2026-09-07T20:27:16.249662+02:00
NSR:StopPlace:58847,Frogner stasjon,2026-09-07T17:10:00+02:00,2026-09-07T17:10:00+02:00,,0.0,0,Sørumsand,RUT:Line:365,Sørumsand - Frogner - Skedsmokorset,365,bus,RUT:ServiceJourney:fb2bf8aaf070c0adf08134e3df4865f7,False,planned,False,,,,,2026-09-07T20:27:16.249662+02:00
NSR:StopPlace:58847,Frogner stasjon,2026-09-07T17:13:00+02:00,2026-09-07T17:13:00+02:00,,0.0,0,Skedsmokorset,RUT:Line:365,Sørumsand - Frogner - Skedsmokorset,365,bus,RUT:ServiceJourney:8c6e4c8564ee4ab27a86810d9d974db4,False,planned,False,,,,,2026-09-07T20:27:16.249662+02:00
NSR:StopPlace:58848,Haga stasjon,2026-09-07T16:45:00+02:00,2026-09-07T16:45:00+02:00,,0.0,0,Kongsvinger,VYG:Line:R14,Asker-Oslo S-Kongsvinger,R14,rail,VYG:ServiceJourney:1023_442932-R,False,planned,False,,,,,2026-09-07T20:27:16.249662+02:00
NSR:StopPlace:58848,Haga stasjon,2026-09-07T16:54:00+02:00,2026-09-07T16:54:00+02:00,,0.0,0,Årnes,RUT:Line:455,Årnes -Rånåsfoss,455,bus,RUT:ServiceJourney:bdc49d9925c491d17f7821ef52fa669d,False,planned,False,,,,,2026-09-07T20:27:16.249662+02:00
NSR:StopPlace:58848,Haga stasjon,2026-09-07T17:18:00+02:00,2026-09-07T17:18:00+02:00,,0.0,0,Rånåsfoss,RUT:Line:455,Årnes -Rånåsfoss,455,bus,RUT:ServiceJourney:55beb210372ae5e37cd52536da358a3c,False,planned,False,,,,,2026-09-07T20:27:16.249662+02:00
NSR:StopPlace:58848,Haga stasjon,2026-09-07T17:19:00+02:00,2026-09-07T17:19:00+02:00,,0.0,0,Haga,RUT:Line:455,Årnes -Rånåsfoss,455,bus,RUT:ServiceJourney:1d004d3a8cba3e665b139c5cfd559adb,False,planned,False,,,,,2026-09-07T20:27:16.249662+02:00
NSR:StopPlace:58849,Hakadal stasjon,2026-09-07T16:56:00+02:00,2026-09-07T16:56:00+02:00,,0.0,0,Nittedal,RUT:Line:3871,Kongskog - Olavsgaard - Jessheim vgs,3871,bus,RUT:ServiceJourney:7e92192686e3e141497c7464d84c8861,False,planned,False,,,,,2026-09-07T20:27:16.249662+02:00
NSR:StopPlace:58849,Hakadal stasjon,2026-09-07T17:10:00+02:00,2026-09-07T17:10:00+02:00,,0.0,0,Kongskog,RUT:Line:390,Kongskog/Hellerudhaugen - Oslo bussterminal,390,bus,RUT:ServiceJourney:9b83caaa74e8749e5c5a19e064b2ac6a,False,planned,False,,,,,2026-09-07T20:27:16.249662+02:00
NSR:StopPlace:58840,Vestfossen stasjon,2026-09-07T16:53:00+02:00,2026-09-07T16:53:00+02:00,,0.0,0,Kongsberg,VYG:Line:R13,Drammen-Oslo S-Dal,R13,rail,VYG:ServiceJourney:1642_443303-R,False,planned,False,,,,,2026-09-07T20:27:16.249662+02:00
NSR:StopPlace:58840,Vestfossen stasjon,2026-09-07T17:05:00+02:00,2026-09-07T17:05:00+02:00,,0.0,0,Kongsberg,VYG:Line:R12,Kongsberg-Oslo S-Eidsvoll,R12,rail,VYG:ServiceJourney:523_444326-R,False,planned,False,,,,,2026-09-07T20:27:16.249662+02:00
NSR:StopPlace:58840,Vestfossen stasjon,2026-09-07T17:05:00+02:00,2026-09-07T17:05:00+02:00,,0.0,0,Røren - Vestfossen - Darbu,BRA:Line:4_6118,Hokksund - Røren - Darbu,118,bus,BRA:ServiceJourney:6118_260415100159032_1009,False,planned,False,,,,,2026-09-07T20:27:16.249662+02:00
NSR:StopPlace:58852,Høn stasjon,2026-09-07T16:59:00+02:00,2026-09-07T16:59:00+02:00,,0.0,0,Asker,VYG:Line:L1,Spikkestad-Oslo S-Lillestrøm,L1,rail,VYG:ServiceJourney:2145_443553-R,False,planned,False,Færre vogner,Denne avgangen kjører dessverre med 4 vogner i stedet for 8 vogner. Dette skyldes at vi mangler et togsett.,general,normal,2026-09-07T20:27:16.249662+02:00
NSR:StopPlace:58852,Høn stasjon,2026-09-07T17:13:00+02:00,2026-09-07T17:13:00+02:00,,0.0,0,Spikkestad,VYG:Line:L1,Spikkestad-Oslo S-Lillestrøm,L1,rail,VYG:ServiceJourney:2247_460777-R,False,planned,False,,,,,2026-09-07T20:27:16.249662+02:00
NSR:StopPlace:58852,Høn stasjon,2026-09-07T17:29:00+02:00,2026-09-07T17:29:00+02:00,,0.0,0,Asker,VYG:Line:L1,Spikkestad-Oslo S-Lillestrøm,L1,rail,VYG:ServiceJourney:2147_443555-R,False,planned,False,,,,,2026-09-07T20:27:16.249662+02:00
NSR:StopPlace:58853,Kolbotn stasjon,2026-09-07T16:32:00+02:00,2026-09-07T16:32:00+02:00,,0.0,0,Svartskog,RUT:Line:585,Kolbotn - Svartskog,585,bus,RUT:ServiceJourney:3772d5bff50fc71961f91ef1e205e9d2,False,planned,False,,,,,2026-09-07T20:27:16.249662+02:00
NSR:StopPlace:58853,Kolbotn stasjon,2026-09-07T16:33:00+02:00,2026-09-07T16:33:00+02:00,,0.0,0,Ski,VYG:Line:L2,Stabekk-Oslo S-Ski,L2,rail,VYG:ServiceJourney:2745-HVK_443955-R,False,planned,False,,,,,2026-09-07T20:27:16.249662+02:00
NSR:StopPlace:58853,Kolbotn stasjon,2026-09-07T16:34:00+02:00,2026-09-07T16:34:00+02:00,,0.0,0,Bjørvika,RUT:Line:83,Jernbanetorget - Tårnåsen,83,bus,RUT:ServiceJourney:e3f00678bca9b8be4e418e88b820ed51,False,planned,False,Linje 80E og 83 får Hausmanns bru som ny endeholdeplass fra 29. juni,"Bussene stopper ikke på Jernbanetorget etter 29. juni, men starter og stopper på Hausmanns bru i Nylandsveien.",incident,normal,2026-09-07T20:27:16.249662+02:00
NSR:StopPlace:58853,Kolbotn stasjon,2026-09-07T16:35:00+02:00,2026-09-07T16:35:00+02:00,,0.0,0,Kolbotn,RUT:Line:87,Hauketo stasjon - Kolbotn,87,bus,RUT:ServiceJourney:92c177bd52604e1c59817af344c1aec4,False,planned,False,,,,,2026-09-07T20:27:16.249662+02:00
NSR:StopPlace:58853,Kolbotn stasjon,2026-09-07T16:37:00+02:00,2026-09-07T16:37:00+02:00,,0.0,0,Tårnåsen,RUT:Line:83,Jernbanetorget - Tårnåsen,83,bus,RUT:ServiceJourney:edc691a289a57363d6281a672fb35215,False,planned,False,Linje 80E og 83 får Hausmanns bru som ny endeholdeplass fra 29. juni,"Bussene stopper ikke på Jernbanetorget etter 29. juni, men starter og stopper på Hausmanns bru i Nylandsveien.",incident,normal,2026-09-07T20:27:16.249662+02:00
NSR:StopPlace:58853,Kolbotn stasjon,2026-09-07T16:40:00+02:00,2026-09-07T16:40:00+02:00,,0.0,0,Oslo S,VYG:Line:L2,Stabekk-Oslo S-Ski,L2,rail,VYG:ServiceJourney:2850_444084-R,False,planned,False,,,,,2026-09-07T20:27:16.249662+02:00
NSR:StopPlace:58853,Kolbotn stasjon,2026-09-07T16:41:00+02:00,2026-09-07T16:41:00+02:00,,0.0,0,Hauketo stasjon,RUT:Line:87,Hauketo stasjon - Kolbotn,87,bus,RUT:ServiceJourney:9ec8a630230ae7d01a8250e7df37f9b8,False,planned,False,,,,,2026-09-07T20:27:16.249662+02:00
NSR:StopPlace:58853,Kolbotn stasjon,2026-09-07T16:43:00+02:00,2026-09-07T16:43:00+02:00,,0.0,0,Ski stasjon,RUT:Line:580,Kolbotn - Ski,580,bus,RUT:ServiceJourney:f3d200b920d3784b8ceb08ede6359598,False,planned,False,,,,,2026-09-07T20:27:16.249662+02:00
NSR:StopPlace:58853,Kolbotn stasjon,2026-09-07T16:48:00+02:00,2026-09-07T16:48:00+02:00,,0.0,0,Ski,VYG:Line:L2,Stabekk-Oslo S-Ski,L2,rail,VYG:ServiceJourney:2845-HVK_444077-R,False,planned,False,,,,,2026-09-07T20:27:16.249662+02:00
NSR:StopPlace:58853,Kolbotn stasjon,2026-09-07T16:49:00+02:00,2026-09-07T16:49:00+02:00,,0.0,0,Kolbotn torg,RUT:Line:580,Kolbotn - Ski,580,bus,RUT:ServiceJourney:0d52d6b917a6975575780b06284a23b6,False,planned,False,,,,,2026-09-07T20:27:16.249662+02:00
NSR:StopPlace:58853,Kolbotn stasjon,2026-09-07T16:49:00+02:00,2026-09-07T16:49:00+02:00,,0.0,0,Bjørvika,RUT:Line:83,Jernbanetorget - Tårnåsen,83,bus,RUT:ServiceJourney:26a856d68772016943a34f2ad535b18c,False,planned,False,Linje 80E og 83 får Hausmanns bru som ny endeholdeplass fra 29. juni,"Bussene stopper ikke på Jernbanetorget etter 29. juni, men starter og stopper på Hausmanns bru i Nylandsveien.",incident,normal,2026-09-07T20:27:16.249662+02:00
NSR:StopPlace:58853,Kolbotn stasjon,2026-09-07T16:50:00+02:00,2026-09-07T16:50:00+02:00,,0.0,0,Kolbotn,RUT:Line:87,Hauketo stasjon - Kolbotn,87,bus,RUT:ServiceJourney:425e708806146ac7b4181208d4162ce0,False,planned,False,,,,,2026-09-07T20:27:16.249662+02:00
NSR:StopPlace:58853,Kolbotn stasjon,2026-09-07T16:52:00+02:00,2026-09-07T16:52:00+02:00,,0.0,0,Tårnåsen,RUT:Line:83,Jernbanetorget - Tårnåsen,83,bus,RUT:ServiceJourney:4b4ab66d0671e53f138089879a79776a,False,planned,False,Linje 80E og 83 får Hausmanns bru som ny endeholdeplass fra 29. juni,"Bussene stopper ikke på Jernbanetorget etter 29. juni, men starter og stopper på Hausmanns bru i Nylandsveien.",incident,normal,2026-09-07T20:27:16.249662+02:00
NSR:StopPlace:58853,Kolbotn stasjon,2026-09-07T16:55:00+02:00,2026-09-07T16:55:00+02:00,,0.0,0,Stabekk,VYG:Line:L2,Stabekk-Oslo S-Ski,L2,rail,VYG:ServiceJourney:2752-SKI_443963-R,False,planned,False,Færre vogner,Denne avgangen kjører dessverre med 3 vogner i stedet for 6 vogner. Dette skyldes at vi mangler et togsett.,general,normal,2026-09-07T20:27:16.249662+02:00
NSR:StopPlace:58853,Kolbotn stasjon,2026-09-07T17:03:00+02:00,2026-09-07T17:03:00+02:00,,0.0,0,Ski,VYG:Line:L2,Stabekk-Oslo S-Ski,L2,rail,VYG:ServiceJourney:2747-HVK_443957-R,False,planned,False,,,,,2026-09-07T20:27:16.249662+02:00
NSR:StopPlace:58853,Kolbotn stasjon,2026-09-07T17:04:00+02:00,2026-09-07T17:04:00+02:00,,0.0,0,Bjørvika,RUT:Line:83,Jernbanetorget - Tårnåsen,83,bus,RUT:ServiceJourney:5456f22cd57d9615d55005f86b356e10,False,planned,False,Linje 80E og 83 får Hausmanns bru som ny endeholdeplass fra 29. juni,"Bussene stopper ikke på Jernbanetorget etter 29. juni, men starter og stopper på Hausmanns bru i Nylandsveien.",incident,normal,2026-09-07T20:27:16.249662+02:00
NSR:StopPlace:58853,Kolbotn stasjon,2026-09-07T17:05:00+02:00,2026-09-07T17:05:00+02:00,,0.0,0,Kolbotn,RUT:Line:87,Hauketo stasjon - Kolbotn,87,bus,RUT:ServiceJourney:8905f3380c9af98342ff845cf5a6e1c1,False,planned,False,,,,,2026-09-07T20:27:16.249662+02:00
NSR:StopPlace:58853,Kolbotn stasjon,2026-09-07T17:07:00+02:00,2026-09-07T17:07:00+02:00,,0.0,0,Tårnåsen,RUT:Line:83,Jernbanetorget - Tårnåsen,83,bus,RUT:ServiceJourney:f90346af0245511c7aa2d49b1452cd73,False,planned,False,Linje 80E og 83 får Hausmanns bru som ny endeholdeplass fra 29. juni,"Bussene stopper ikke på Jernbanetorget etter 29. juni, men starter og stopper på Hausmanns bru i Nylandsveien.",incident,normal,2026-09-07T20:27:16.249662+02:00
NSR:StopPlace:58853,Kolbotn stasjon,2026-09-07T17:10:00+02:00,2026-09-07T17:10:00+02:00,,0.0,0,Skøyen,VYG:Line:L2,Stabekk-Oslo S-Ski,L2,rail,VYG:ServiceJourney:2852-SKI_488387-R,False,planned,False,,,,,2026-09-07T20:27:16.249662+02:00
NSR:StopPlace:58853,Kolbotn stasjon,2026-09-07T17:11:00+02:00,2026-09-07T17:11:00+02:00,,0.0,0,Hauketo stasjon,RUT:Line:87,Hauketo stasjon - Kolbotn,87,bus,RUT:ServiceJourney:74de29b02c5f741298bad47b20d3052c,False,planned,False,,,,,2026-09-07T20:27:16.249662+02:00
NSR:StopPlace:58853,Kolbotn stasjon,2026-09-07T17:11:00+02:00,2026-09-07T17:11:00+02:00,,0.0,0,Kolbotnkrysset,RUT:Line:585,Kolbotn - Svartskog,585,bus,RUT:ServiceJourney:3f962a9372e4e6f9f37b2753aabd3259,False,planned,False,,,,,2026-09-07T20:27:16.249662+02:00
NSR:StopPlace:58853,Kolbotn stasjon,2026-09-07T17:13:00+02:00,2026-09-07T17:13:00+02:00,,0.0,0,Ski stasjon,RUT:Line:580,Kolbotn - Ski,580,bus,RUT:ServiceJourney:9aa35f68b616e22224d69ed6ab4087a5,False,planned,False,,,,,2026-09-07T20:27:16.249662+02:00
NSR:StopPlace:58853,Kolbotn stasjon,2026-09-07T17:18:00+02:00,2026-09-07T17:18:00+02:00,,0.0,0,Ski,VYG:Line:L2,Stabekk-Oslo S-Ski,L2,rail,VYG:ServiceJourney:2847-HVK_444079-R,False,planned,False,,,,,2026-09-07T20:27:16.249662+02:00
NSR:StopPlace:58853,Kolbotn stasjon,2026-09-07T17:19:00+02:00,2026-09-07T17:19:00+02:00,,0.0,0,Kolbotn torg,RUT:Line:580,Kolbotn - Ski,580,bus,RUT:ServiceJourney:0670376b2130164c3baf24abdead530b,False,planned,False,,,,,2026-09-07T20:27:16.249662+02:00
NSR:StopPlace:58853,Kolbotn stasjon,2026-09-07T17:20:00+02:00,2026-09-07T17:20:00+02:00,,0.0,0,Kolbotn,RUT:Line:87,Hauketo stasjon - Kolbotn,87,bus,RUT:ServiceJourney:9233633bf276c5e6d3fbc4ffb2737d4d,False,planned,False,,,,,2026-09-07T20:27:16.249662+02:00
NSR:StopPlace:58853,Kolbotn stasjon,2026-09-07T17:33:00+02:00,2026-09-07T17:33:00+02:00,,0.0,0,Ski,VYG:Line:L2,Stabekk-Oslo S-Ski,L2,rail,VYG:ServiceJourney:2749-HVK_443959-R,False,planned,False,,,,,2026-09-07T20:27:16.249662+02:00
NSR:StopPlace:58853,Kolbotn stasjon,2026-09-07T17:35:00+02:00,2026-09-07T17:35:00+02:00,,0.0,0,Kolbotn,RUT:Line:87,Hauketo stasjon - Kolbotn,87,bus,RUT:ServiceJourney:c95ce0b8080192e9f7e3728bad1289e2,False,planned,False,,,,,2026-09-07T20:27:16.249662+02:00
NSR:StopPlace:58853,Kolbotn stasjon,2026-09-07T17:48:00+02:00,2026-09-07T17:48:00+02:00,,0.0,0,Ski,VYG:Line:L2,Stabekk-Oslo S-Ski,L2,rail,VYG:ServiceJourney:2849_444081-R,False,planned,False,,,,,2026-09-07T20:27:16.249662+02:00
NSR:StopPlace:58854,Langhus stasjon,2026-09-07T16:29:00+02:00,2026-09-07T16:29:00+02:00,,0.0,0,Bøleråsen,RUT:Line:510,Bøleråsen - Ski - Ås - Drøbak,510,bus,RUT:ServiceJourney:34a6ed8f41c31f293d3bfbe6c0854ee5,False,planned,False,,,,,2026-09-07T20:27:16.249662+02:00
NSR:StopPlace:58854,Langhus stasjon,2026-09-07T16:31:00+02:00,2026-09-07T16:31:00+02:00,,0.0,0,Ski,VYG:Line:L2,Stabekk-Oslo S-Ski,L2,rail,VYG:ServiceJourney:2843-HVK_444075-R,False,planned,False,,,,,2026-09-07T20:27:16.249662+02:00
NSR:StopPlace:58854,Langhus stasjon,2026-09-07T16:32:00+02:00,2026-09-07T16:32:00+02:00,,0.0,0,Siggerud,RUT:Line:516,Siggerud - Ski stasjon,516,bus,RUT:ServiceJourney:2dc06b65cae656941d4f3748e7c3d8b2,False,planned,False,,,,,2026-09-07T20:27:16.249662+02:00
NSR:StopPlace:58854,Langhus stasjon,2026-09-07T16:36:00+02:00,2026-09-07T16:36:00+02:00,,0.0,0,Drøbak - Frogn vgs.,RUT:Line:510,Bøleråsen - Ski - Ås - Drøbak,510,bus,RUT:ServiceJourney:b09dabca5897dbe9a97ae72fd5bbb1d0,False,planned,False,,,,,2026-09-07T20:27:16.249662+02:00
NSR:StopPlace:58854,Langhus stasjon,2026-09-07T16:38:00+02:00,2026-09-07T16:38:00+02:00,,0.0,0,Ski stasjon,RUT:Line:516,Siggerud - Ski stasjon,516,bus,RUT:ServiceJourney:ec237d0dbb28c157eefad89cb57d6a76,False,planned,False,,,,,2026-09-07T20:27:16.249662+02:00
NSR:StopPlace:58854,Langhus stasjon,2026-09-07T16:39:00+02:00,2026-09-07T16:39:00+02:00,,0.0,0,Bøleråsen,RUT:Line:510,Bøleråsen - Ski - Ås - Drøbak,510,bus,RUT:ServiceJourney:ee6e126d93730fc1c4827161d7089105,False,planned,False,,,,,2026-09-07T20:27:16.249662+02:00
NSR:StopPlace:58854,Langhus stasjon,2026-09-07T16:42:00+02:00,2026-09-07T16:42:00+02:00,,0.0,0,Stabekk,VYG:Line:L2,Stabekk-Oslo S-Ski,L2,rail,VYG:ServiceJourney:2752-SKI_443963-R,False,planned,False,Færre vogner,Denne avgangen kjører dessverre med 3 vogner i stedet for 6 vogner. Dette skyldes at vi mangler et togsett.,general,normal,2026-09-07T20:27:16.249662+02:00
NSR:StopPlace:58854,Langhus stasjon,2026-09-07T16:46:00+02:00,2026-09-07T16:46:00+02:00,,0.0,0,Drøbak - Seiersten,RUT:Line:510,Bøleråsen - Ski - Ås - Drøbak,510,bus,RUT:ServiceJourney:67857836fb84b1dce2ffc9fd5e598fa9,False,planned,False,,,,,2026-09-07T20:27:16.249662+02:00
NSR:StopPlace:58854,Langhus stasjon,2026-09-07T16:46:00+02:00,2026-09-07T16:46:00+02:00,,0.0,0,Ski,VYG:Line:L2,Stabekk-Oslo S-Ski,L2,rail,VYG:ServiceJourney:2745-HVK_443955-R,False,planned,False,,,,,2026-09-07T20:27:16.249662+02:00
NSR:StopPlace:58854,Langhus stasjon,2026-09-07T16:49:00+02:00,2026-09-07T16:49:00+02:00,,0.0,0,Bøleråsen,RUT:Line:510,Bøleråsen - Ski - Ås - Drøbak,510,bus,RUT:ServiceJourney:040fa1bdbe182c29259b955338e3dc50,False,planned,False,,,,,2026-09-07T20:27:16.249662+02:00
NSR:StopPlace:58854,Langhus stasjon,2026-09-07T16:57:00+02:00,2026-09-07T16:57:00+02:00,,0.0,0,Skøyen,VYG:Line:L2,Stabekk-Oslo S-Ski,L2,rail,VYG:ServiceJourney:2852-SKI_488387-R,False,planned,False,,,,,2026-09-07T20:27:16.249662+02:00
NSR:StopPlace:58854,Langhus stasjon,2026-09-07T16:59:00+02:00,2026-09-07T16:59:00+02:00,,0.0,0,Bøleråsen,RUT:Line:510,Bøleråsen - Ski - Ås - Drøbak,510,bus,RUT:ServiceJourney:492b4dc1e2022140fd048194285891ac,False,planned,False,,,,,2026-09-07T20:27:16.249662+02:00
NSR:StopPlace:58854,Langhus stasjon,2026-09-07T17:01:00+02:00,2026-09-07T17:01:00+02:00,,0.0,0,Ski,VYG:Line:L2,Stabekk-Oslo S-Ski,L2,rail,VYG:ServiceJourney:2845-HVK_444077-R,False,planned,False,,,,,2026-09-07T20:27:16.249662+02:00
NSR:StopPlace:58854,Langhus stasjon,2026-09-07T17:06:00+02:00,2026-09-07T17:06:00+02:00,,0.0,0,Drøbak - Seiersten,RUT:Line:510,Bøleråsen - Ski - Ås - Drøbak,510,bus,RUT:ServiceJourney:41c0dfe5e80d787aab728863d1117006,False,planned,False,,,,,2026-09-07T20:27:16.249662+02:00
NSR:StopPlace:58854,Langhus stasjon,2026-09-07T17:08:00+02:00,2026-09-07T17:08:00+02:00,,0.0,0,Ski stasjon,RUT:Line:516,Siggerud - Ski stasjon,516,bus,RUT:ServiceJourney:9af15bb739c7a498eeb0f11054cc6b6f,False,planned,False,,,,,2026-09-07T20:27:16.249662+02:00
NSR:StopPlace:58854,Langhus stasjon,2026-09-07T17:09:00+02:00,2026-09-07T17:09:00+02:00,,0.0,0,Bøleråsen,RUT:Line:510,Bøleråsen - Ski - Ås - Drøbak,510,bus,RUT:ServiceJourney:e89c0875ea5e7b33001af0ad0ee9fd17,False,planned,False,,,,,2026-09-07T20:27:16.249662+02:00
NSR:StopPlace:58854,Langhus stasjon,2026-09-07T17:16:00+02:00,2026-09-07T17:16:00+02:00,,0.0,0,Ski,VYG:Line:L2,Stabekk-Oslo S-Ski,L2,rail,VYG:ServiceJourney:2747-HVK_443957-R,False,planned,False,,,,,2026-09-07T20:27:16.249662+02:00
NSR:StopPlace:58854,Langhus stasjon,2026-09-07T17:19:00+02:00,2026-09-07T17:19:00+02:00,,0.0,0,Bøleråsen,RUT:Line:510,Bøleråsen - Ski - Ås - Drøbak,510,bus,RUT:ServiceJourney:251b77d36d49f00876a8c3d83e98e740,False,planned,False,,,,,2026-09-07T20:27:16.249662+02:00
NSR:StopPlace:58854,Langhus stasjon,2026-09-07T17:31:00+02:00,2026-09-07T17:31:00+02:00,,0.0,0,Ski,VYG:Line:L2,Stabekk-Oslo S-Ski,L2,rail,VYG:ServiceJourney:2847-HVK_444079-R,False,planned,False,,,,,2026-09-07T20:27:16.249662+02:00
NSR:StopPlace:58854,Langhus stasjon,2026-09-07T17:32:00+02:00,2026-09-07T17:32:00+02:00,,0.0,0,Siggerud,RUT:Line:516,Siggerud - Ski stasjon,516,bus,RUT:ServiceJourney:d6e15dd2c7c90dcdce15515fcfa96cb4,False,planned,False,,,,,2026-09-07T20:27:16.249662+02:00
NSR:StopPlace:58854,Langhus stasjon,2026-09-07T17:38:00+02:00,2026-09-07T17:38:00+02:00,,0.0,0,Ski stasjon,RUT:Line:516,Siggerud - Ski stasjon,516,bus,RUT:ServiceJourney:e1012c8ca6f57349fffb29191318cfd1,False,planned,False,,,,,2026-09-07T20:27:16.249662+02:00
NSR:StopPlace:58854,Langhus stasjon,2026-09-07T17:46:00+02:00,2026-09-07T17:46:00+02:00,,0.0,0,Ski,VYG:Line:L2,Stabekk-Oslo S-Ski,L2,rail,VYG:ServiceJourney:2749-HVK_443959-R,False,planned,False,,,,,2026-09-07T20:27:16.249662+02:00
NSR:StopPlace:58854,Langhus stasjon,2026-09-07T18:01:00+02:00,2026-09-07T18:01:00+02:00,,0.0,0,Ski,VYG:Line:L2,Stabekk-Oslo S-Ski,L2,rail,VYG:ServiceJourney:2849_444081-R,False,planned,False,,,,,2026-09-07T20:27:16.249662+02:00
NSR:StopPlace:58855,Leirsund stasjon,2026-09-07T16:32:00+02:00,2026-09-07T16:32:00+02:00,,0.0,0,Branderud,RUT:Line:335,Lillestrøm - Branderud,335,bus,RUT:ServiceJourney:d5f84a16289df2e1c443195dea21a1bb,False,planned,False,,,,,2026-09-07T20:27:16.249662+02:00
NSR:StopPlace:58855,Leirsund stasjon,2026-09-07T16:53:00+02:00,2026-09-07T16:53:00+02:00,,0.0,0,Lillestrøm,RUT:Line:335,Lillestrøm - Branderud,335,bus,RUT:ServiceJourney:063914119c593d8ec31c04a1dcba6744,False,planned,False,,,,,2026-09-07T20:27:16.249662+02:00
NSR:StopPlace:58855,Leirsund stasjon,2026-09-07T17:00:00+02:00,2026-09-07T17:00:00+02:00,,0.0,0,Dal,VYG:Line:R13,Drammen-Oslo S-Dal,R13,rail,VYG:ServiceJourney:1647_443313-R,False,planned,False,,,,,2026-09-07T20:27:16.249662+02:00
NSR:StopPlace:58856,Lysaker stasjon,2026-09-07T16:28:00+02:00,2026-09-07T16:28:00+02:00,,0.0,0,Nationaltheatret,RUT:Line:250,Sætre - Slemmestad - Nationaltheatret,250,bus,RUT:ServiceJourney:5eb17a8b8ea666a8fa30333a21a329d7,False,planned,False,,,,,2026-09-07T20:27:16.249662+02:00
NSR:StopPlace:58856,Lysaker stasjon,2026-09-07T16:28:00+02:00,2026-09-07T16:28:00+02:00,,0.0,0,Bekkestua via Østerås,RUT:Line:140,Bekkestua - Østerås - Skøyen,140,bus,RUT:ServiceJourney:8dca28d9e388d3a4a8832f75cbbd5e42,False,planned,False,,,,,2026-09-07T20:27:16.249662+02:00
NSR:StopPlace:58856,Lysaker stasjon,2026-09-07T16:28:00+02:00,2026-09-07T16:28:00+02:00,,0.0,0,Snarøya,RUT:Line:31,Snarøya - Fornebu - Tonsenhagen - Grorud,31,bus,RUT:ServiceJourney:033aa11843a96758077f76d28ce25d3b,False,planned,False,,,,,2026-09-07T20:27:16.249662+02:00
NSR:StopPlace:58856,Lysaker stasjon,2026-09-07T16:29:00+02:00,2026-09-07T16:29:00+02:00,,0.0,0,Lillestrøm,VYG:Line:L1,Spikkestad-Oslo S-Lillestrøm,L1,rail,VYG:ServiceJourney:2248_445345-R,False,planned,False,,,,,2026-09-07T20:27:16.249662+02:00
NSR:StopPlace:58856,Lysaker stasjon,2026-09-07T16:29:00+02:00,2026-09-07T16:29:00+02:00,,0.0,0,Rykkinn,RUT:Line:160,Rykkinn -Nationaltheatret,160,bus,RUT:ServiceJourney:137662dfc82aeb16f257181ac6bfcd34,False,planned,False,,,,,2026-09-07T20:27:16.249662+02:00
NSR:StopPlace:58856,Lysaker stasjon,2026-09-07T16:29:00+02:00,2026-09-07T16:29:00+02:00,,0.0,0,Drammen,VYG:Line:R13,Drammen-Oslo S-Dal,R13,rail,VYG:ServiceJourney:1644-DAL_632370-R,False,planned,False,,,,,2026-09-07T20:27:16.249662+02:00
NSR:StopPlace:58856,Lysaker stasjon,2026-09-07T16:30:00+02:00,2026-09-07T16:30:00+02:00,,0.0,0,Kalbakken,RUT:Line:2031,Fornebu - Kalbakken,31E,bus,RUT:ServiceJourney:de0eed586dbd9bbadc16c35e1a31b61e,False,planned,False,,,,,2026-09-07T20:27:16.249662+02:00
NSR:StopPlace:58856,Lysaker stasjon,2026-09-07T16:30:00+02:00,2026-09-07T16:30:00+02:00,,0.0,0,Slemmestad,RUT:Line:250,Sætre - Slemmestad - Nationaltheatret,250,bus,RUT:ServiceJourney:ac7012bdd013f42bf33b95c341cd96c5,False,planned,False,,,,,2026-09-07T20:27:16.249662+02:00
NSR:StopPlace:58856,Lysaker stasjon,2026-09-07T16:31:00+02:00,2026-09-07T16:31:00+02:00,,0.0,0,Dal,VYG:Line:R13,Drammen-Oslo S-Dal,R13,rail,VYG:ServiceJourney:1647_443313-R,False,planned,False,,,,,2026-09-07T20:27:16.249662+02:00
NSR:StopPlace:58856,Lysaker stasjon,2026-09-07T16:31:00+02:00,2026-09-07T16:31:00+02:00,,0.0,0,Tjuvholmen,RUT:Line:42,Voksen skog - Tjuvholmen,42,bus,RUT:ServiceJourney:ab5c0037a1fd5907313c935ea424295c,False,planned,False,,,,,2026-09-07T20:27:16.249662+02:00
NSR:StopPlace:58856,Lysaker stasjon,2026-09-07T16:32:00+02:00,2026-09-07T16:32:00+02:00,,0.0,0,Myrvoll stasjon,RUT:Line:81,Fornebu - Myrvoll stasjon,81,bus,RUT:ServiceJourney:eb47e83baf4cd58447b64d379c4414b8,False,planned,False,,,,,2026-09-07T20:27:16.249662+02:00
NSR:StopPlace:58856,Lysaker stasjon,2026-09-07T16:32:00+02:00,2026-09-07T16:32:00+02:00,,0.0,0,Slemmestad,RUT:Line:2250,Slemmestad - Nationaltheatret,250E,bus,RUT:ServiceJourney:de442ab076383e5e1ec42c034b17932e,False,planned,False,,,,,2026-09-07T20:27:16.249662+02:00
NSR:StopPlace:58856,Lysaker stasjon,2026-09-07T16:32:00+02:00,2026-09-07T16:32:00+02:00,,0.0,0,Gullhaug,RUT:Line:150,Gullhaug - Nationaltheatret,150,bus,RUT:ServiceJourney:36a48c3cf1849bb29b68af2f9041e815,False,planned,False,,,,,2026-09-07T20:27:16.249662+02:00
NSR:StopPlace:58856,Lysaker stasjon,2026-09-07T16:32:00+02:00,2026-09-07T16:32:00+02:00,,0.0,0,Fornebu,RUT:Line:81,Fornebu - Myrvoll stasjon,81,bus,RUT:ServiceJourney:6f9e368df15c6ce0440ac258d2c5d255,False,planned,False,,,,,2026-09-07T20:27:16.249662+02:00
NSR:StopPlace:58856,Lysaker stasjon,2026-09-07T16:33:00+02:00,2026-09-07T16:33:00+02:00,,0.0,0,Oslo,FLI:Line:c9fe23e3-b373-426e-bed3-5d34f281e94f,Oslo - Kristiansand,FX651,coach,FLI:ServiceJourney:e678609c-4119-4e56-af9a-0ba3a1651ad7,False,planned,False,,,,,2026-09-07T20:27:16.249662+02:00
NSR:StopPlace:58856,Lysaker stasjon,2026-09-07T16:33:00+02:00,2026-09-07T16:33:00+02:00,,0.0,0,Ski,VYG:Line:L2,Stabekk-Oslo S-Ski,L2,rail,VYG:ServiceJourney:2747-HVK_443957-R,False,planned,False,,,,,2026-09-07T20:27:16.249662+02:00
NSR:StopPlace:58856,Lysaker stasjon,2026-09-07T16:33:00+02:00,2026-09-07T16:33:00+02:00,,0.0,0,Skøyen,RUT:Line:140,Bekkestua - Østerås - Skøyen,140,bus,RUT:ServiceJourney:2a13d064f13718db05ab88c281d99f0d,False,planned,False,,,,,2026-09-07T20:27:16.249662+02:00
NSR:StopPlace:58856,Lysaker stasjon,2026-09-07T16:33:00+02:00,2026-09-07T16:33:00+02:00,,0.0,0,Tonsenhagen,RUT:Line:31,Snarøya - Fornebu - Tonsenhagen - Grorud,31,bus,RUT:ServiceJourney:28622790df1ccce8bd1f93cff28ae155,False,planned,False,,,,,2026-09-07T20:27:16.249662+02:00
NSR:StopPlace:58856,Lysaker stasjon,2026-09-07T16:33:00+02:00,2026-09-07T16:33:00+02:00,,0.0,0,Nationaltheatret,RUT:Line:250,Sætre - Slemmestad - Nationaltheatret,250,bus,RUT:ServiceJourney:12ae04f12c9402ef1aa92825a49c6883,False,planned,False,,,,,2026-09-07T20:27:16.249662+02:00
NSR:StopPlace:58856,Lysaker stasjon,2026-09-07T16:33:00+02:00,2026-09-07T16:33:00+02:00,,0.0,0,Nationaltheatret,RUT:Line:160,Rykkinn -Nationaltheatret,160,bus,RUT:ServiceJourney:88f154665f3b434ada8485382a102a7d,False,planned,False,,,,,2026-09-07T20:27:16.249662+02:00
NSR:StopPlace:58856,Lysaker stasjon,2026-09-07T16:33:00+02:00,2026-09-07T16:33:00+02:00,,0.0,0,Hosle,RUT:Line:2840,Hosle - Nationaltheatret,140E,bus,RUT:ServiceJourney:d8cac607c9f56d3a0dba2711391f5a03,False,planned,False,,,,,2026-09-07T20:27:16.249662+02:00
NSR:StopPlace:58856,Lysaker stasjon,2026-09-07T16:34:00+02:00,2026-09-07T16:34:00+02:00,,0.0,0,Fornebu,RUT:Line:31,Snarøya - Fornebu - Tonsenhagen - Grorud,31,bus,RUT:ServiceJourney:39a2c2e1f79cb63e2087af1a270ae4f4,False,planned,False,,,,,2026-09-07T20:27:16.249662+02:00
NSR:StopPlace:58856,Lysaker stasjon,2026-09-07T16:36:00+02:00,2026-09-07T16:36:00+02:00,,0.0,0,Nationaltheatret,RUT:Line:150,Gullhaug - Nationaltheatret,150,bus,RUT:ServiceJourney:464d7205ede2b84dbc3f0e71ca983c39,False,planned,False,,,,,2026-09-07T20:27:16.249662+02:00
NSR:StopPlace:58856,Lysaker stasjon,2026-09-07T16:36:00+02:00,2026-09-07T16:36:00+02:00,,0.0,0,Rykkinn,RUT:Line:2160,Rykkinn - Nationaltheatret,160E,bus,RUT:ServiceJourney:b1f78b14e7797b5500e68b88e442893f,False,planned,False,,,,,2026-09-07T20:27:16.249662+02:00
NSR:StopPlace:58856,Lysaker stasjon,2026-09-07T16:36:00+02:00,2026-09-07T16:36:00+02:00,,0.0,0,Gullhaug,RUT:Line:2850,Gullhaug - Nationaltheatret,150E,bus,RUT:ServiceJourney:3e44a9728e79d5632783f45d786d3fbe,False,planned,False,,,,,2026-09-07T20:27:16.249662+02:00
NSR:StopPlace:58856,Lysaker stasjon,2026-09-07T16:36:00+02:00,2026-09-07T16:36:00+02:00,,0.0,0,Sandvika,RUT:Line:130,Sandvika -Skøyen,130,bus,RUT:ServiceJourney:a4d25e0ee1402203db2e14ad2838d35c,False,planned,False,,,,,2026-09-07T20:27:16.249662+02:00
NSR:StopPlace:58856,Lysaker stasjon,2026-09-07T16:36:00+02:00,2026-09-07T16:36:00+02:00,,0.0,0,Asker,VYG:Line:L1,Spikkestad-Oslo S-Lillestrøm,L1,rail,VYG:ServiceJourney:2145_443553-R,False,planned,False,Færre vogner,Denne avgangen kjører dessverre med 4 vogner i stedet for 8 vogner. Dette skyldes at vi mangler et togsett.,general,normal,2026-09-07T20:27:16.249662+02:00
NSR:StopPlace:58856,Lysaker stasjon,2026-09-07T16:38:00+02:00,2026-09-07T16:38:00+02:00,,0.0,0,Lierbyen bussterminal,BRA:Line:4_6169,Lierbyen - Oslo bussterminal,169,bus,BRA:ServiceJourney:6169_260415100161011_1010,False,planned,False,Linje 169 kjører direkte mellom Skøyen og Oslo bussterminal begge veier onsdag 9.september,,general,normal,2026-09-07T20:27:16.249662+02:00
NSR:StopPlace:58856,Lysaker stasjon,2026-09-07T16:38:00+02:00,2026-09-07T16:38:00+02:00,,0.0,0,Tjuvholmen,RUT:Line:42,Voksen skog - Tjuvholmen,42,bus,RUT:ServiceJourney:2b42512b0641ff369c70ffee228828e5,False,planned,False,,,,,2026-09-07T20:27:16.249662+02:00
NSR:StopPlace:58856,Lysaker stasjon,2026-09-07T16:38:00+02:00,2026-09-07T16:38:00+02:00,,0.0,0,Nationaltheatret,RUT:Line:250,Sætre - Slemmestad - Nationaltheatret,250,bus,RUT:ServiceJourney:8067d0fdc56f38fe9d08a084a77ef743,False,planned,False,,,,,2026-09-07T20:27:16.249662+02:00
NSR:StopPlace:58856,Lysaker stasjon,2026-09-07T16:39:00+02:00,2026-09-07T16:39:00+02:00,,0.0,0,Moss,VYG:Line:R21,Stabekk-Oslo S-Moss,R21,rail,VYG:ServiceJourney:1147-HVK_443026-R,False,planned,False,,,,,2026-09-07T20:27:16.249662+02:00
NSR:StopPlace:58856,Lysaker stasjon,2026-09-07T16:39:00+02:00,2026-09-07T16:39:00+02:00,,0.0,0,Grorud T,RUT:Line:31,Snarøya - Fornebu - Tonsenhagen - Grorud,31,bus,RUT:ServiceJourney:21ddbeb2a44a9c7943afef8a7eecef75,False,planned,False,,,,,2026-09-07T20:27:16.249662+02:00
NSR:StopPlace:58856,Lysaker stasjon,2026-09-07T16:39:00+02:00,2026-09-07T16:39:00+02:00,,0.0,0,Rykkinn,RUT:Line:160,Rykkinn -Nationaltheatret,160,bus,RUT:ServiceJourney:75060e6c7ba1c1dbc5edea670764d73f,False,planned,False,,,,,2026-09-07T20:27:16.249662+02:00
NSR:StopPlace:58856,Lysaker stasjon,2026-09-07T16:39:00+02:00,2026-09-07T16:39:00+02:00,,0.0,0,Slemmestad,RUT:Line:2250,Slemmestad - Nationaltheatret,250E,bus,RUT:ServiceJourney:4fffb111e11161acee3c9eccf8e14228,False,planned,False,,,,,2026-09-07T20:27:16.249662+02:00
NSR:StopPlace:58856,Lysaker stasjon,2026-09-07T16:39:00+02:00,2026-09-07T16:39:00+02:00,,0.0,0,Drammen,VYG:Line:RE10,Drammen-Oslo S-Lillehammer,RE10,rail,VYG:ServiceJourney:322-LHM_444203-R,False,planned,False,,,,,2026-09-07T20:27:16.249662+02:00
NSR:StopPlace:58856,Lysaker stasjon,2026-09-07T16:40:00+02:00,2026-09-07T16:40:00+02:00,,0.0,0,Kalbakken,RUT:Line:2031,Fornebu - Kalbakken,31E,bus,RUT:ServiceJourney:5b86e562d713c7d1fbcaaff9ba2fff80,False,planned,False,,,,,2026-09-07T20:27:16.249662+02:00
NSR:StopPlace:58856,Lysaker stasjon,2026-09-07T16:40:00+02:00,2026-09-07T16:40:00+02:00,,0.0,0,Slemmestad,RUT:Line:250,Sætre - Slemmestad - Nationaltheatret,250,bus,RUT:ServiceJourney:ad2b4f701a8edcfc9e47b760875c5e59,False,planned,False,,,,,2026-09-07T20:27:16.249662+02:00
NSR:StopPlace:58856,Lysaker stasjon,2026-09-07T16:40:00+02:00,2026-09-07T16:40:00+02:00,,0.0,0,Sætre,RUT:Line:2255,Sætre - Slemmestad - Oslo bussterminal,255E,bus,RUT:ServiceJourney:64f18c1014b1e03a30a4cf657ea37944,False,planned,False,,,,,2026-09-07T20:27:16.249662+02:00
NSR:StopPlace:58856,Lysaker stasjon,2026-09-07T16:40:00+02:00,2026-09-07T16:40:00+02:00,,0.0,0,Snarøya,RUT:Line:31,Snarøya - Fornebu - Tonsenhagen - Grorud,31,bus,RUT:ServiceJourney:a4daada87588289946e24fca20da0bba,False,planned,False,,,,,2026-09-07T20:27:16.249662+02:00
NSR:StopPlace:58856,Lysaker stasjon,2026-09-07T16:41:00+02:00,2026-09-07T16:41:00+02:00,,0.0,0,Kristiansand,VYX:Line:5,VY190 Ulsteinvik-Bergen-Kristiansand-Oslo,VY190,coach,VYX:ServiceJourney:f0e47eddf4640b3aa629a7e2954170d4586ae6c4,False,planned,False,Forhåndsbestilling Vy,Billett må kjøpes på nett eller app senest 15 minutter før påstigning for at bussen skal kjøre innom holdeplassen.,general,normal,2026-09-07T20:27:16.249662+02:00
NSR:StopPlace:58856,Lysaker stasjon,2026-09-07T16:41:00+02:00,2026-09-07T16:41:00+02:00,,0.0,0,Eidsvoll,VYG:Line:R12,Kongsberg-Oslo S-Eidsvoll,R12,rail,VYG:ServiceJourney:524_444328-R,False,planned,False,,,,,2026-09-07T20:27:16.249662+02:00
NSR:StopPlace:58856,Lysaker stasjon,2026-09-07T16:41:00+02:00,2026-09-07T16:41:00+02:00,,0.0,0,Skøyen,RUT:Line:130,Sandvika -Skøyen,130,bus,RUT:ServiceJourney:05d1e79c55da033510ba69e5d3b8ff4a,False,planned,False,,,,,2026-09-07T20:27:16.249662+02:00
NSR:StopPlace:58856,Lysaker stasjon,2026-09-07T16:42:00+02:00,2026-09-07T16:42:00+02:00,,0.0,0,Hønefoss ekspress,BRA:Line:4_6200,Hønefoss-Oslo,200,bus,BRA:ServiceJourney:6200_260415100163791_1036,False,planned,False,Linje 200 vil ikke betjene holdeplass Filipstadveien 9.september på gurnn av stengte veier. | Linje 200 kjører direkte mellom Skøyen og Oslo bussterninal begge veier onsdag 9.september,,general | general,normal | normal,2026-09-07T20:27:16.249662+02:00
NSR:StopPlace:58856,Lysaker stasjon,2026-09-07T16:42:00+02:00,2026-09-07T16:42:00+02:00,,0.0,0,Myrvoll stasjon,RUT:Line:81,Fornebu - Myrvoll stasjon,81,bus,RUT:ServiceJourney:89ac553c0ab44bc6868c413a7094c231,False,planned,False,,,,,2026-09-07T20:27:16.249662+02:00
NSR:StopPlace:58856,Lysaker stasjon,2026-09-07T16:42:00+02:00,2026-09-07T16:42:00+02:00,,0.0,0,Gullhaug,RUT:Line:150,Gullhaug - Nationaltheatret,150,bus,RUT:ServiceJourney:7145fee9260255250f33d717d4289d45,False,planned,False,,,,,2026-09-07T20:27:16.249662+02:00
NSR:StopPlace:58856,Lysaker stasjon,2026-09-07T16:42:00+02:00,2026-09-07T16:42:00+02:00,,0.0,0,Fornebu,RUT:Line:81,Fornebu - Myrvoll stasjon,81,bus,RUT:ServiceJourney:3ab0b9a8750d5732d5c0280b8151e527,False,planned,False,,,,,2026-09-07T20:27:16.249662+02:00
NSR:StopPlace:58856,Lysaker stasjon,2026-09-07T16:43:00+02:00,2026-09-07T16:43:00+02:00,,0.0,0,Lillestrøm,VYG:Line:L1,Spikkestad-Oslo S-Lillestrøm,L1,rail,VYG:ServiceJourney:2148_443556-R,False,planned,False,,,,,2026-09-07T20:27:16.249662+02:00
NSR:StopPlace:58856,Lysaker stasjon,2026-09-07T16:43:00+02:00,2026-09-07T16:43:00+02:00,,0.0,0,Nationaltheatret,RUT:Line:250,Sætre - Slemmestad - Nationaltheatret,250,bus,RUT:ServiceJourney:6f556b1e0ccaa4bf9ccb5a62bb308698,False,planned,False,,,,,2026-09-07T20:27:16.249662+02:00
NSR:StopPlace:58856,Lysaker stasjon,2026-09-07T16:43:00+02:00,2026-09-07T16:43:00+02:00,,0.0,0,Nationaltheatret,RUT:Line:160,Rykkinn -Nationaltheatret,160,bus,RUT:ServiceJourney:33aef2064445f7b0de2e0d3aeb06fa2c,False,planned,False,,,,,2026-09-07T20:27:16.249662+02:00
NSR:StopPlace:58857,Lørenskog stasjon,2026-09-07T16:28:00+02:00,2026-09-07T16:28:00+02:00,,0.0,0,Lørenskog sentrum,RUT:Line:67,Økern-Lørenskog sentrum,67,bus,RUT:ServiceJourney:90ca1c64a405666c56fe897c0024f617,False,planned,False,,,,,2026-09-07T20:27:16.249662+02:00
NSR:StopPlace:58857,Lørenskog stasjon,2026-09-07T16:28:00+02:00,2026-09-07T16:28:00+02:00,,0.0,0,Stovner,RUT:Line:120,Nesåsen - Stovner,120,bus,RUT:ServiceJourney:17f98343caa51a82a5cc6056f64ee593,False,planned,False,,,,,2026-09-07T20:27:16.249662+02:00
NSR:StopPlace:58857,Lørenskog stasjon,2026-09-07T16:29:00+02:00,2026-09-07T16:29:00+02:00,,0.0,0,Lillestrøm,VYG:Line:L1,Spikkestad-Oslo S-Lillestrøm,L1,rail,VYG:ServiceJourney:2246_443661-R,False,planned,False,,,,,2026-09-07T20:27:16.249662+02:00
NSR:StopPlace:58857,Lørenskog stasjon,2026-09-07T16:36:00+02:00,2026-09-07T16:36:00+02:00,,0.0,0,Asker,VYG:Line:L1,Spikkestad-Oslo S-Lillestrøm,L1,rail,VYG:ServiceJourney:2147_443555-R,False,planned,False,,,,,2026-09-07T20:27:16.249662+02:00
NSR:StopPlace:58857,Lørenskog stasjon,2026-09-07T16:37:00+02:00,2026-09-07T16:37:00+02:00,,0.0,0,Nesåsen,RUT:Line:120,Nesåsen - Stovner,120,bus,RUT:ServiceJourney:6eaa93961a9291fd7b921f8802d6adaa,False,planned,False,,,,,2026-09-07T20:27:16.249662+02:00
NSR:StopPlace:58857,Lørenskog stasjon,2026-09-07T16:41:00+02:00,2026-09-07T16:41:00+02:00,,0.0,0,Økern,RUT:Line:67,Økern-Lørenskog sentrum,67,bus,RUT:ServiceJourney:d85e4b1149ea94c4f432b6356987e747,False,planned,False,,,,,2026-09-07T20:27:16.249662+02:00
NSR:StopPlace:58857,Lørenskog stasjon,2026-09-07T16:43:00+02:00,2026-09-07T16:43:00+02:00,,0.0,0,Lørenskog sentrum,RUT:Line:67,Økern-Lørenskog sentrum,67,bus,RUT:ServiceJourney:cd3d01fec14247b4536bb6c68b5c8171,False,planned,False,,,,,2026-09-07T20:27:16.249662+02:00
NSR:StopPlace:58857,Lørenskog stasjon,2026-09-07T16:43:00+02:00,2026-09-07T16:43:00+02:00,,0.0,0,Stovner,RUT:Line:120,Nesåsen - Stovner,120,bus,RUT:ServiceJourney:19b297672c431e74f4a496dd03bfa545,False,planned,False,,,,,2026-09-07T20:27:16.249662+02:00
NSR:StopPlace:58857,Lørenskog stasjon,2026-09-07T16:44:00+02:00,2026-09-07T16:44:00+02:00,,0.0,0,Lillestrøm,VYG:Line:L1,Spikkestad-Oslo S-Lillestrøm,L1,rail,VYG:ServiceJourney:2146_443554-R,False,planned,False,,,,,2026-09-07T20:27:16.249662+02:00
NSR:StopPlace:58857,Lørenskog stasjon,2026-09-07T16:52:00+02:00,2026-09-07T16:52:00+02:00,,0.0,0,Nesåsen,RUT:Line:120,Nesåsen - Stovner,120,bus,RUT:ServiceJourney:052958fdf16b4363dd673ffbfc7f959d,False,planned,False,,,,,2026-09-07T20:27:16.249662+02:00
NSR:StopPlace:58857,Lørenskog stasjon,2026-09-07T16:56:00+02:00,2026-09-07T16:56:00+02:00,,0.0,0,Økern,RUT:Line:67,Økern-Lørenskog sentrum,67,bus,RUT:ServiceJourney:561f1a8add62dd451338c8e02b068cfc,False,planned,False,,,,,2026-09-07T20:27:16.249662+02:00
NSR:StopPlace:58857,Lørenskog stasjon,2026-09-07T16:58:00+02:00,2026-09-07T16:58:00+02:00,,0.0,0,Lørenskog sentrum,RUT:Line:67,Økern-Lørenskog sentrum,67,bus,RUT:ServiceJourney:4f19306e76336fdba7a0d019ee678572,False,planned,False,,,,,2026-09-07T20:27:16.249662+02:00
NSR:StopPlace:58857,Lørenskog stasjon,2026-09-07T16:58:00+02:00,2026-09-07T16:58:00+02:00,,0.0,0,Stovner,RUT:Line:120,Nesåsen - Stovner,120,bus,RUT:ServiceJourney:cf8d4de4811704a8829de099f91a0b6d,False,planned,False,,,,,2026-09-07T20:27:16.249662+02:00
NSR:StopPlace:58857,Lørenskog stasjon,2026-09-07T16:59:00+02:00,2026-09-07T16:59:00+02:00,,0.0,0,Lillestrøm,VYG:Line:L1,Spikkestad-Oslo S-Lillestrøm,L1,rail,VYG:ServiceJourney:2248_445345-R,False,planned,False,,,,,2026-09-07T20:27:16.249662+02:00
NSR:StopPlace:58857,Lørenskog stasjon,2026-09-07T17:07:00+02:00,2026-09-07T17:07:00+02:00,,0.0,0,Nesåsen,RUT:Line:120,Nesåsen - Stovner,120,bus,RUT:ServiceJourney:b5288450e88efce0a221ba006cee33fa,False,planned,False,,,,,2026-09-07T20:27:16.249662+02:00
NSR:StopPlace:58857,Lørenskog stasjon,2026-09-07T17:11:00+02:00,2026-09-07T17:11:00+02:00,,0.0,0,Økern,RUT:Line:67,Økern-Lørenskog sentrum,67,bus,RUT:ServiceJourney:80afcb2f4dd8c61be17783030ac4b95e,False,planned,False,,,,,2026-09-07T20:27:16.249662+02:00
NSR:StopPlace:58857,Lørenskog stasjon,2026-09-07T17:13:00+02:00,2026-09-07T17:13:00+02:00,,0.0,0,Lørenskog sentrum,RUT:Line:67,Økern-Lørenskog sentrum,67,bus,RUT:ServiceJourney:16e6892ccf41632ce5b8288c26c65b77,False,planned,False,,,,,2026-09-07T20:27:16.249662+02:00
NSR:StopPlace:58857,Lørenskog stasjon,2026-09-07T17:13:00+02:00,2026-09-07T17:13:00+02:00,,0.0,0,Stovner,RUT:Line:120,Nesåsen - Stovner,120,bus,RUT:ServiceJourney:7f93b4c4185eff49fa8ab26e7121623e,False,planned,False,,,,,2026-09-07T20:27:16.249662+02:00
NSR:StopPlace:58857,Lørenskog stasjon,2026-09-07T17:14:00+02:00,2026-09-07T17:14:00+02:00,,0.0,0,Lillestrøm,VYG:Line:L1,Spikkestad-Oslo S-Lillestrøm,L1,rail,VYG:ServiceJourney:2148_443556-R,False,planned,False,,,,,2026-09-07T20:27:16.249662+02:00
NSR:StopPlace:58857,Lørenskog stasjon,2026-09-07T17:22:00+02:00,2026-09-07T17:22:00+02:00,,0.0,0,Nesåsen,RUT:Line:120,Nesåsen - Stovner,120,bus,RUT:ServiceJourney:ed7ed7e0d2621f1409df55216fd06fe4,False,planned,False,,,,,2026-09-07T20:27:16.249662+02:00
NSR:StopPlace:58857,Lørenskog stasjon,2026-09-07T17:26:00+02:00,2026-09-07T17:26:00+02:00,,0.0,0,Økern,RUT:Line:67,Økern-Lørenskog sentrum,67,bus,RUT:ServiceJourney:ae688694df21a58a865bec316be44321,False,planned,False,,,,,2026-09-07T20:27:16.249662+02:00
NSR:StopPlace:58857,Lørenskog stasjon,2026-09-07T17:28:00+02:00,2026-09-07T17:28:00+02:00,,0.0,0,Lørenskog sentrum,RUT:Line:67,Økern-Lørenskog sentrum,67,bus,RUT:ServiceJourney:90b228f700532e00418058dea4aeafdc,False,planned,False,,,,,2026-09-07T20:27:16.249662+02:00
NSR:StopPlace:58857,Lørenskog stasjon,2026-09-07T17:28:00+02:00,2026-09-07T17:28:00+02:00,,0.0,0,Stovner,RUT:Line:120,Nesåsen - Stovner,120,bus,RUT:ServiceJourney:b5ebeea40e0b91f34ac1c5839965703d,False,planned,False,,,,,2026-09-07T20:27:16.249662+02:00
NSR:StopPlace:58857,Lørenskog stasjon,2026-09-07T17:29:00+02:00,2026-09-07T17:29:00+02:00,,0.0,0,Lillestrøm,VYG:Line:L1,Spikkestad-Oslo S-Lillestrøm,L1,rail,VYG:ServiceJourney:2250_443669-R,False,planned,False,,,,,2026-09-07T20:27:16.249662+02:00
NSR:StopPlace:58858,Nittedal stasjon,2026-09-07T16:32:00+02:00,2026-09-07T16:32:00+02:00,,0.0,0,Oslo S,VYG:Line:RE30,Oslo S-Gjøvik,RE30,rail,VYG:ServiceJourney:BUS-1222_655059-R,False,planned,False,,,,,2026-09-07T20:27:16.249662+02:00
NSR:StopPlace:58858,Nittedal stasjon,2026-09-07T16:36:00+02:00,2026-09-07T16:36:00+02:00,,0.0,0,Dam,RUT:Line:386,Nittedal stasjon - Kruttverket - Dam,386,bus,RUT:ServiceJourney:87cbf8b1ba049f63962d325cd72b2991,False,planned,False,,,,,2026-09-07T20:27:16.249662+02:00
NSR:StopPlace:58858,Nittedal stasjon,2026-09-07T16:50:00+02:00,2026-09-07T16:50:00+02:00,,0.0,0,Lørenskog sentrum,RUT:Line:385,Nittedal stasjon - Olavsgaard - Ahus,385,bus,RUT:ServiceJourney:1454633d315c7a703ff850391f0c7683,False,planned,False,,,,,2026-09-07T20:27:16.249662+02:00
NSR:StopPlace:58858,Nittedal stasjon,2026-09-07T16:51:00+02:00,2026-09-07T16:51:00+02:00,,0.0,0,Hakadal,VYG:Line:R31,Skøyen-Jaren-Gjøvik,R31,rail,VYG:ServiceJourney:BUS-243_655549-R,False,planned,False,,,,,2026-09-07T20:27:16.249662+02:00
NSR:StopPlace:58858,Nittedal stasjon,2026-09-07T16:52:00+02:00,2026-09-07T16:52:00+02:00,,0.0,0,Jaren,VYG:Line:R31,Skøyen-Jaren-Gjøvik,R31,rail,VYG:ServiceJourney:BUS-243_655551-R,False,planned,False,,,,,2026-09-07T20:27:16.249662+02:00
NSR:StopPlace:58858,Nittedal stasjon,2026-09-07T16:58:00+02:00,2026-09-07T16:58:00+02:00,,0.0,0,Dam,RUT:Line:386,Nittedal stasjon - Kruttverket - Dam,386,bus,RUT:ServiceJourney:5e7aedec9d1a342677075c80f06eb4dd,False,planned,False,,,,,2026-09-07T20:27:16.249662+02:00
NSR:StopPlace:58858,Nittedal stasjon,2026-09-07T17:06:00+02:00,2026-09-07T17:06:00+02:00,,0.0,0,Oslo S,VYG:Line:RE30,Oslo S-Gjøvik,RE30,rail,VYG:ServiceJourney:BUS-1224_655072-R,False,planned,False,,,,,2026-09-07T20:27:16.249662+02:00
NSR:StopPlace:58858,Nittedal stasjon,2026-09-07T17:10:00+02:00,2026-09-07T17:10:00+02:00,,0.0,0,Harestua,VYG:Line:R31,Skøyen-Jaren-Gjøvik,R31,rail,VYG:ServiceJourney:BUS-243_655553-R,False,planned,False,,,,,2026-09-07T20:27:16.249662+02:00
NSR:StopPlace:58858,Nittedal stasjon,2026-09-07T17:13:00+02:00,2026-09-07T17:13:00+02:00,,0.0,0,Hakadal,VYG:Line:R31,Skøyen-Jaren-Gjøvik,R31,rail,VYG:ServiceJourney:BUS-245_655565-R,False,planned,False,,,,,2026-09-07T20:27:16.249662+02:00
NSR:StopPlace:58858,Nittedal stasjon,2026-09-07T17:14:00+02:00,2026-09-07T17:14:00+02:00,,0.0,0,Jaren,VYG:Line:R31,Skøyen-Jaren-Gjøvik,R31,rail,VYG:ServiceJourney:BUS-245_655567-R,False,planned,False,,,,,2026-09-07T20:27:16.249662+02:00
NSR:StopPlace:58858,Nittedal stasjon,2026-09-07T17:19:00+02:00,2026-09-07T17:19:00+02:00,,0.0,0,Oslo S,VYG:Line:RE30,Oslo S-Gjøvik,RE30,rail,VYG:ServiceJourney:BUS-1224_655071-R,False,planned,False,,,,,2026-09-07T20:27:16.249662+02:00
NSR:StopPlace:58858,Nittedal stasjon,2026-09-07T17:24:00+02:00,2026-09-07T17:24:00+02:00,,0.0,0,Oslo S,VYG:Line:R31,Skøyen-Jaren-Gjøvik,R31,rail,VYG:ServiceJourney:BUS-290_655648-R,False,planned,False,,,,,2026-09-07T20:27:16.249662+02:00
NSR:StopPlace:58858,Nittedal stasjon,2026-09-07T17:31:00+02:00,2026-09-07T17:31:00+02:00,,0.0,0,Harestua,VYG:Line:R31,Skøyen-Jaren-Gjøvik,R31,rail,VYG:ServiceJourney:BUS-245_655569-R,False,planned,False,,,,,2026-09-07T20:27:16.249662+02:00
NSR:StopPlace:58858,Nittedal stasjon,2026-09-07T17:32:00+02:00,2026-09-07T17:32:00+02:00,,0.0,0,Oslo S,VYG:Line:RE30,Oslo S-Gjøvik,RE30,rail,VYG:ServiceJourney:BUS-1224_655069-R,False,planned,False,,,,,2026-09-07T20:27:16.249662+02:00
NSR:StopPlace:58858,Nittedal stasjon,2026-09-07T17:41:00+02:00,2026-09-07T17:41:00+02:00,,0.0,0,Dam,RUT:Line:386,Nittedal stasjon - Kruttverket - Dam,386,bus,RUT:ServiceJourney:c03b58fb8447a3489e06e07c8821772b,False,planned,False,,,,,2026-09-07T20:27:16.249662+02:00
NSR:StopPlace:58858,Nittedal stasjon,2026-09-07T19:04:00+02:00,2026-09-07T19:04:00+02:00,,0.0,0,Roa,VYG:Line:R31,Skøyen-Jaren-Gjøvik,R31,rail,VYG:ServiceJourney:BUS-229_655386-R,False,planned,False,,,,,2026-09-07T20:27:16.249662+02:00
NSR:StopPlace:58858,Nittedal stasjon,2026-09-07T19:04:00+02:00,2026-09-07T19:04:00+02:00,,0.0,0,Roa,VYG:Line:R31,Skøyen-Jaren-Gjøvik,R31,rail,VYG:ServiceJourney:BUS-229_655385-R,False,planned,False,,,,,2026-09-07T20:27:16.249662+02:00
NSR:StopPlace:58858,Nittedal stasjon,2026-09-07T19:11:00+02:00,2026-09-07T19:11:00+02:00,,0.0,0,Oslo S,VYG:Line:R31,Skøyen-Jaren-Gjøvik,R31,rail,VYG:ServiceJourney:BUS-228_656073-R,False,planned,False,,,,,2026-09-07T20:27:16.249662+02:00
NSR:StopPlace:58858,Nittedal stasjon,2026-09-07T20:04:00+02:00,2026-09-07T20:04:00+02:00,,0.0,0,Roa,VYG:Line:R31,Skøyen-Jaren-Gjøvik,R31,rail,VYG:ServiceJourney:BUS-231_655414-R,False,planned,False,,,,,2026-09-07T20:27:16.249662+02:00
NSR:StopPlace:58858,Nittedal stasjon,2026-09-07T20:11:00+02:00,2026-09-07T20:11:00+02:00,,0.0,0,Oslo S,VYG:Line:R31,Skøyen-Jaren-Gjøvik,R31,rail,VYG:ServiceJourney:BUS-230_656074-R,False,planned,False,,,,,2026-09-07T20:27:16.249662+02:00
NSR:StopPlace:58859,Nordby stasjon,2026-09-07T16:53:00+02:00,2026-09-07T16:53:00+02:00,,0.0,0,Dal,VYG:Line:R13,Drammen-Oslo S-Dal,R13,rail,VYG:ServiceJourney:1645_443309-R,False,planned,False,,,,,2026-09-07T20:27:16.249662+02:00
NSR:StopPlace:58859,Nordby stasjon,2026-09-07T17:23:00+02:00,2026-09-07T17:23:00+02:00,,0.0,0,Dal,VYG:Line:R13,Drammen-Oslo S-Dal,R13,rail,VYG:ServiceJourney:1647_443313-R,False,planned,False,,,,,2026-09-07T20:27:16.249662+02:00
NSR:StopPlace:58850,Hauerseter stasjon,2026-09-07T17:00:00+02:00,2026-09-07T17:00:00+02:00,,0.0,0,Dal,VYG:Line:R13,Drammen-Oslo S-Dal,R13,rail,VYG:ServiceJourney:1645_443309-R,False,planned,False,,,,,2026-09-07T20:27:16.249662+02:00
NSR:StopPlace:58850,Hauerseter stasjon,2026-09-07T17:30:00+02:00,2026-09-07T17:30:00+02:00,,0.0,0,Dal,VYG:Line:R13,Drammen-Oslo S-Dal,R13,rail,VYG:ServiceJourney:1647_443313-R,False,planned,False,,,,,2026-09-07T20:27:16.249662+02:00
NSR:StopPlace:58851,Heggedal stasjon,2026-09-07T16:29:00+02:00,2026-09-07T16:29:00+02:00,,0.0,0,Asker,RUT:Line:280,Asker - Dikemark - Heggedal,280,bus,RUT:ServiceJourney:3e8bd5e929c32f82850a85b7040b677c,False,planned,False,,,,,2026-09-07T20:27:16.249662+02:00
NSR:StopPlace:58851,Heggedal stasjon,2026-09-07T16:29:00+02:00,2026-09-07T16:29:00+02:00,,0.0,0,Rustadgrenda,RUT:Line:286,Rustadgrenda-Heggedal,286,bus,RUT:ServiceJourney:f6f121b27b47b6c837cd7f616fa53e74,False,planned,False,,,,,2026-09-07T20:27:16.249662+02:00
NSR:StopPlace:58851,Heggedal stasjon,2026-09-07T16:52:00+02:00,2026-09-07T16:52:00+02:00,,0.0,0,Asker,RUT:Line:285,Heggedal - Blakstad - Asker,285,bus,RUT:ServiceJourney:17b6e4d479f9a34cd7d8e282d5d351fc,False,planned,False,,,,,2026-09-07T20:27:16.249662+02:00
NSR:StopPlace:58851,Heggedal stasjon,2026-09-07T16:55:00+02:00,2026-09-07T16:55:00+02:00,,0.0,0,Spikkestad,VYG:Line:L1,Spikkestad-Oslo S-Lillestrøm,L1,rail,VYG:ServiceJourney:2245_443659-R,False,planned,False,,,,,2026-09-07T20:27:16.249662+02:00
NSR:StopPlace:58851,Heggedal stasjon,2026-09-07T16:59:00+02:00,2026-09-07T16:59:00+02:00,,0.0,0,Asker,RUT:Line:280,Asker - Dikemark - Heggedal,280,bus,RUT:ServiceJourney:31ebb20a8e76c8b55296dfd5d97e57ef,False,planned,False,,,,,2026-09-07T20:27:16.249662+02:00
NSR:StopPlace:58851,Heggedal stasjon,2026-09-07T16:59:00+02:00,2026-09-07T16:59:00+02:00,,0.0,0,Rustadgrenda,RUT:Line:286,Rustadgrenda-Heggedal,286,bus,RUT:ServiceJourney:d97379e93641ea07bd41d607428c8178,False,planned,False,,,,,2026-09-07T20:27:16.249662+02:00
NSR:StopPlace:58851,Heggedal stasjon,2026-09-07T17:22:00+02:00,2026-09-07T17:22:00+02:00,,0.0,0,Asker,RUT:Line:285,Heggedal - Blakstad - Asker,285,bus,RUT:ServiceJourney:b206805335a3287b6ad258655e05593c,False,planned,False,,,,,2026-09-07T20:27:16.249662+02:00
NSR:StopPlace:58851,Heggedal stasjon,2026-09-07T17:25:00+02:00,2026-09-07T17:25:00+02:00,,0.0,0,Spikkestad,VYG:Line:L1,Spikkestad-Oslo S-Lillestrøm,L1,rail,VYG:ServiceJourney:2247_460777-R,False,planned,False,,,,,2026-09-07T20:27:16.249662+02:00
NSR:StopPlace:58851,Heggedal stasjon,2026-09-07T17:29:00+02:00,2026-09-07T17:29:00+02:00,,0.0,0,Rustadgrenda,RUT:Line:286,Rustadgrenda-Heggedal,286,bus,RUT:ServiceJourney:507244e7b72a807995e466e747f61db9,False,planned,False,,,,,2026-09-07T20:27:16.249662+02:00
NSR:StopPlace:58864,Sørumsand stasjon,2026-09-07T16:37:00+02:00,2026-09-07T16:37:00+02:00,,0.0,0,Blaker ring,RUT:Line:2370,Sørumsand - Blaker - Sørumsand,370B,bus,RUT:ServiceJourney:61e117004f8144f94255bce8bb371ab8,False,planned,False,,,,,2026-09-07T20:27:16.249662+02:00
NSR:StopPlace:58864,Sørumsand stasjon,2026-09-07T16:39:00+02:00,2026-09-07T16:39:00+02:00,,0.0,0,Orredalen,RUT:Line:366,Orredalen - Sørumsand,366,bus,RUT:ServiceJourney:fb6d5f3dade255b220e9a9a2793e9bad,False,planned,False,,,,,2026-09-07T20:27:16.249662+02:00
NSR:StopPlace:58864,Sørumsand stasjon,2026-09-07T16:51:00+02:00,2026-09-07T16:51:00+02:00,,0.0,0,Skedsmokorset,RUT:Line:365,Sørumsand - Frogner - Skedsmokorset,365,bus,RUT:ServiceJourney:8c6e4c8564ee4ab27a86810d9d974db4,False,planned,False,,,,,2026-09-07T20:27:16.249662+02:00
NSR:StopPlace:58864,Sørumsand stasjon,2026-09-07T17:07:00+02:00,2026-09-07T17:07:00+02:00,,0.0,0,Blaker ring,RUT:Line:2370,Sørumsand - Blaker - Sørumsand,370B,bus,RUT:ServiceJourney:c63b2b0b952f2651ced1f9da8c91d44b,False,planned,False,,,,,2026-09-07T20:27:16.249662+02:00
NSR:StopPlace:58864,Sørumsand stasjon,2026-09-07T17:09:00+02:00,2026-09-07T17:09:00+02:00,,0.0,0,Orredalen,RUT:Line:366,Orredalen - Sørumsand,366,bus,RUT:ServiceJourney:0d7796525937e10e87644c84e6ee9147,False,planned,False,,,,,2026-09-07T20:27:16.249662+02:00
NSR:StopPlace:58864,Sørumsand stasjon,2026-09-07T17:39:00+02:00,2026-09-07T17:39:00+02:00,,0.0,0,Orredalen,RUT:Line:366,Orredalen - Sørumsand,366,bus,RUT:ServiceJourney:6df51ca0fdfd6bda3fb934f8da32ba8b,False,planned,False,,,,,2026-09-07T20:27:16.249662+02:00
NSR:StopPlace:58865,Vestby stasjon,2026-09-07T16:29:00+02:00,2026-09-07T16:29:00+02:00,,0.0,0,Moss,VYG:Line:R23x,Stabekk-Oslo S-Moss,R23x,rail,VYG:ServiceJourney:1545-LOD_673612-R,False,planned,False,,,,,2026-09-07T20:27:16.249662+02:00
NSR:StopPlace:58865,Vestby stasjon,2026-09-07T16:35:00+02:00,2026-09-07T16:35:00+02:00,,0.0,0,Randem,RUT:Line:533,Randem - Vestby stasjon,533,bus,RUT:ServiceJourney:4654ad5564b68131f14b962c90997bca,False,planned,False,,,,,2026-09-07T20:27:16.249662+02:00
NSR:StopPlace:58865,Vestby stasjon,2026-09-07T16:35:00+02:00,2026-09-07T16:35:00+02:00,,0.0,0,Pepperstadmarka,RUT:Line:530,Pepperstad - Vestby stasjon,530,bus,RUT:ServiceJourney:0b04253fbecbc051ea3a5e8b5ec935fc,False,planned,False,,,,,2026-09-07T20:27:16.249662+02:00
NSR:StopPlace:58865,Vestby stasjon,2026-09-07T16:40:00+02:00,2026-09-07T16:40:00+02:00,,0.0,0,Stabekk,VYG:Line:R21,Stabekk-Oslo S-Moss,R21,rail,VYG:ServiceJourney:1150-MOS_443033-R,False,planned,False,,,,,2026-09-07T20:27:16.249662+02:00
NSR:StopPlace:58865,Vestby stasjon,2026-09-07T16:45:00+02:00,2026-09-07T16:45:00+02:00,,0.0,0,Moss,VYG:Line:R21,Stabekk-Oslo S-Moss,R21,rail,VYG:ServiceJourney:1145-HVK_443024-R,False,planned,False,,,,,2026-09-07T20:27:16.249662+02:00
NSR:StopPlace:58865,Vestby stasjon,2026-09-07T16:50:00+02:00,2026-09-07T16:50:00+02:00,,0.0,0,Garder - Kaxrud,RUT:Line:532,Kaxrud -  Garder - Vestby stasjon,532,bus,RUT:ServiceJourney:1b286cf7d8161655c9e7e43e3345737c,False,planned,False,,,,,2026-09-07T20:27:16.249662+02:00
NSR:StopPlace:58865,Vestby stasjon,2026-09-07T16:50:00+02:00,2026-09-07T16:50:00+02:00,,0.0,0,Randem,RUT:Line:533,Randem - Vestby stasjon,533,bus,RUT:ServiceJourney:cb02f82f77e19e5607c1042ad27fe558,False,planned,False,,,,,2026-09-07T20:27:16.249662+02:00
NSR:StopPlace:58865,Vestby stasjon,2026-09-07T16:50:00+02:00,2026-09-07T16:50:00+02:00,,0.0,0,Hvitsten - Vestby stasjon,RUT:Line:531,Hvitsten - Vestby stasjon,531,bus,RUT:ServiceJourney:91530e475aae34962284a10995978faf,False,planned,False,,,,,2026-09-07T20:27:16.249662+02:00
NSR:StopPlace:58865,Vestby stasjon,2026-09-07T16:50:00+02:00,2026-09-07T16:50:00+02:00,,0.0,0,Moss,RUT:Line:540,Moss - Son - Vestby stasjon,540,bus,RUT:ServiceJourney:c93edb57c357966dff79770a73ed95ac,False,planned,False,,,,,2026-09-07T20:27:16.249662+02:00
NSR:StopPlace:58865,Vestby stasjon,2026-09-07T16:50:00+02:00,2026-09-07T16:50:00+02:00,,0.0,0,Grønberg,RUT:Line:530,Pepperstad - Vestby stasjon,530,bus,RUT:ServiceJourney:0cdec19cbc232031004f5713a63b33d2,False,planned,False,,,,,2026-09-07T20:27:16.249662+02:00
NSR:StopPlace:58865,Vestby stasjon,2026-09-07T17:15:00+02:00,2026-09-07T17:15:00+02:00,,0.0,0,Moss,VYG:Line:R21,Stabekk-Oslo S-Moss,R21,rail,VYG:ServiceJourney:1147-HVK_443026-R,False,planned,False,,,,,2026-09-07T20:27:16.249662+02:00
NSR:StopPlace:58865,Vestby stasjon,2026-09-07T17:20:00+02:00,2026-09-07T17:20:00+02:00,,0.0,0,Garder - Kaxrud,RUT:Line:532,Kaxrud -  Garder - Vestby stasjon,532,bus,RUT:ServiceJourney:5808cc11935900ee9172447578531ffa,False,planned,False,,,,,2026-09-07T20:27:16.249662+02:00
NSR:StopPlace:58865,Vestby stasjon,2026-09-07T17:20:00+02:00,2026-09-07T17:20:00+02:00,,0.0,0,Randem,RUT:Line:533,Randem - Vestby stasjon,533,bus,RUT:ServiceJourney:cfa8522f58ff456204ef695085c98512,False,planned,False,,,,,2026-09-07T20:27:16.249662+02:00
NSR:StopPlace:58865,Vestby stasjon,2026-09-07T17:20:00+02:00,2026-09-07T17:20:00+02:00,,0.0,0,Hvitsten - Vestby stasjon,RUT:Line:531,Hvitsten - Vestby stasjon,531,bus,RUT:ServiceJourney:e0f03bef9187312fc414edd3cb004c8c,False,planned,False,,,,,2026-09-07T20:27:16.249662+02:00
NSR:StopPlace:58865,Vestby stasjon,2026-09-07T17:20:00+02:00,2026-09-07T17:20:00+02:00,,0.0,0,Sonsveien st.,RUT:Line:540,Moss - Son - Vestby stasjon,540,bus,RUT:ServiceJourney:5813e7526a972a894391b3aebfb0b54c,False,planned,False,,,,,2026-09-07T20:27:16.249662+02:00
NSR:StopPlace:58865,Vestby stasjon,2026-09-07T17:20:00+02:00,2026-09-07T17:20:00+02:00,,0.0,0,Grønberg,RUT:Line:530,Pepperstad - Vestby stasjon,530,bus,RUT:ServiceJourney:af7fc2db9aa8d997b7c446c1b4fe5359,False,planned,False,,,,,2026-09-07T20:27:16.249662+02:00
NSR:StopPlace:58865,Vestby stasjon,2026-09-07T17:50:00+02:00,2026-09-07T17:50:00+02:00,,0.0,0,Hvitsten - Vestby stasjon,RUT:Line:531,Hvitsten - Vestby stasjon,531,bus,RUT:ServiceJourney:5104db7f7e6fafdbd0be8b8ab48a9f38,False,planned,False,,,,,2026-09-07T20:27:16.249662+02:00
NSR:StopPlace:58865,Vestby stasjon,2026-09-07T18:50:00+02:00,2026-09-07T18:50:00+02:00,,0.0,0,Hvitsten - Vestby stasjon,RUT:Line:531,Hvitsten - Vestby stasjon,531,bus,RUT:ServiceJourney:af0e826e1e7f1b62f92f559f4ce2c2e9,False,planned,False,,,,,2026-09-07T20:27:16.249662+02:00
NSR:StopPlace:58865,Vestby stasjon,2026-09-07T19:50:00+02:00,2026-09-07T19:50:00+02:00,,0.0,0,Hvitsten - Vestby stasjon,RUT:Line:531,Hvitsten - Vestby stasjon,531,bus,RUT:ServiceJourney:a5c4b7cb22e22ef03e8cf41168c401c8,False,planned,False,,,,,2026-09-07T20:27:16.249662+02:00
NSR:StopPlace:58866,Vevelstad stasjon,2026-09-07T16:29:00+02:00,2026-09-07T16:29:00+02:00,,0.0,0,Oslo S,VYG:Line:L2,Stabekk-Oslo S-Ski,L2,rail,VYG:ServiceJourney:2850_444084-R,False,planned,False,,,,,2026-09-07T20:27:16.249662+02:00
NSR:StopPlace:58866,Vevelstad stasjon,2026-09-07T16:29:00+02:00,2026-09-07T16:29:00+02:00,,0.0,0,Ski,VYG:Line:L2,Stabekk-Oslo S-Ski,L2,rail,VYG:ServiceJourney:2843-HVK_444075-R,False,planned,False,,,,,2026-09-07T20:27:16.249662+02:00
NSR:StopPlace:58866,Vevelstad stasjon,2026-09-07T16:33:00+02:00,2026-09-07T16:33:00+02:00,,0.0,0,Drøbak - Frogn vgs.,RUT:Line:510,Bøleråsen - Ski - Ås - Drøbak,510,bus,RUT:ServiceJourney:b09dabca5897dbe9a97ae72fd5bbb1d0,False,planned,False,,,,,2026-09-07T20:27:16.249662+02:00
NSR:StopPlace:58866,Vevelstad stasjon,2026-09-07T16:34:00+02:00,2026-09-07T16:34:00+02:00,,0.0,0,Bøleråsen,RUT:Line:510,Bøleråsen - Ski - Ås - Drøbak,510,bus,RUT:ServiceJourney:34a6ed8f41c31f293d3bfbe6c0854ee5,False,planned,False,,,,,2026-09-07T20:27:16.249662+02:00
NSR:StopPlace:58866,Vevelstad stasjon,2026-09-07T16:43:00+02:00,2026-09-07T16:43:00+02:00,,0.0,0,Drøbak - Seiersten,RUT:Line:510,Bøleråsen - Ski - Ås - Drøbak,510,bus,RUT:ServiceJourney:67857836fb84b1dce2ffc9fd5e598fa9,False,planned,False,,,,,2026-09-07T20:27:16.249662+02:00
NSR:StopPlace:58866,Vevelstad stasjon,2026-09-07T16:44:00+02:00,2026-09-07T16:44:00+02:00,,0.0,0,Bøleråsen,RUT:Line:510,Bøleråsen - Ski - Ås - Drøbak,510,bus,RUT:ServiceJourney:ee6e126d93730fc1c4827161d7089105,False,planned,False,,,,,2026-09-07T20:27:16.249662+02:00
NSR:StopPlace:58866,Vevelstad stasjon,2026-09-07T16:44:00+02:00,2026-09-07T16:44:00+02:00,,0.0,0,Stabekk,VYG:Line:L2,Stabekk-Oslo S-Ski,L2,rail,VYG:ServiceJourney:2752-SKI_443963-R,False,planned,False,Færre vogner,Denne avgangen kjører dessverre med 3 vogner i stedet for 6 vogner. Dette skyldes at vi mangler et togsett.,general,normal,2026-09-07T20:27:16.249662+02:00
NSR:StopPlace:58866,Vevelstad stasjon,2026-09-07T16:44:00+02:00,2026-09-07T16:44:00+02:00,,0.0,0,Ski,VYG:Line:L2,Stabekk-Oslo S-Ski,L2,rail,VYG:ServiceJourney:2745-HVK_443955-R,False,planned,False,,,,,2026-09-07T20:27:16.249662+02:00
NSR:StopPlace:58866,Vevelstad stasjon,2026-09-07T16:54:00+02:00,2026-09-07T16:54:00+02:00,,0.0,0,Bøleråsen,RUT:Line:510,Bøleråsen - Ski - Ås - Drøbak,510,bus,RUT:ServiceJourney:040fa1bdbe182c29259b955338e3dc50,False,planned,False,,,,,2026-09-07T20:27:16.249662+02:00
NSR:StopPlace:58866,Vevelstad stasjon,2026-09-07T16:59:00+02:00,2026-09-07T16:59:00+02:00,,0.0,0,Skøyen,VYG:Line:L2,Stabekk-Oslo S-Ski,L2,rail,VYG:ServiceJourney:2852-SKI_488387-R,False,planned,False,,,,,2026-09-07T20:27:16.249662+02:00
NSR:StopPlace:58866,Vevelstad stasjon,2026-09-07T16:59:00+02:00,2026-09-07T16:59:00+02:00,,0.0,0,Ski,VYG:Line:L2,Stabekk-Oslo S-Ski,L2,rail,VYG:ServiceJourney:2845-HVK_444077-R,False,planned,False,,,,,2026-09-07T20:27:16.249662+02:00
NSR:StopPlace:58866,Vevelstad stasjon,2026-09-07T17:03:00+02:00,2026-09-07T17:03:00+02:00,,0.0,0,Drøbak - Seiersten,RUT:Line:510,Bøleråsen - Ski - Ås - Drøbak,510,bus,RUT:ServiceJourney:41c0dfe5e80d787aab728863d1117006,False,planned,False,,,,,2026-09-07T20:27:16.249662+02:00
NSR:StopPlace:58866,Vevelstad stasjon,2026-09-07T17:04:00+02:00,2026-09-07T17:04:00+02:00,,0.0,0,Bøleråsen,RUT:Line:510,Bøleråsen - Ski - Ås - Drøbak,510,bus,RUT:ServiceJourney:492b4dc1e2022140fd048194285891ac,False,planned,False,,,,,2026-09-07T20:27:16.249662+02:00
NSR:StopPlace:58866,Vevelstad stasjon,2026-09-07T17:14:00+02:00,2026-09-07T17:14:00+02:00,,0.0,0,Bøleråsen,RUT:Line:510,Bøleråsen - Ski - Ås - Drøbak,510,bus,RUT:ServiceJourney:e89c0875ea5e7b33001af0ad0ee9fd17,False,planned,False,,,,,2026-09-07T20:27:16.249662+02:00
NSR:StopPlace:58866,Vevelstad stasjon,2026-09-07T17:14:00+02:00,2026-09-07T17:14:00+02:00,,0.0,0,Ski,VYG:Line:L2,Stabekk-Oslo S-Ski,L2,rail,VYG:ServiceJourney:2747-HVK_443957-R,False,planned,False,,,,,2026-09-07T20:27:16.249662+02:00
NSR:StopPlace:58866,Vevelstad stasjon,2026-09-07T17:24:00+02:00,2026-09-07T17:24:00+02:00,,0.0,0,Bøleråsen,RUT:Line:510,Bøleråsen - Ski - Ås - Drøbak,510,bus,RUT:ServiceJourney:251b77d36d49f00876a8c3d83e98e740,False,planned,False,,,,,2026-09-07T20:27:16.249662+02:00
NSR:StopPlace:58866,Vevelstad stasjon,2026-09-07T17:29:00+02:00,2026-09-07T17:29:00+02:00,,0.0,0,Ski,VYG:Line:L2,Stabekk-Oslo S-Ski,L2,rail,VYG:ServiceJourney:2847-HVK_444079-R,False,planned,False,,,,,2026-09-07T20:27:16.249662+02:00
NSR:StopPlace:58866,Vevelstad stasjon,2026-09-07T17:34:00+02:00,2026-09-07T17:34:00+02:00,,0.0,0,Bøleråsen,RUT:Line:510,Bøleråsen - Ski - Ås - Drøbak,510,bus,RUT:ServiceJourney:3dc6ac1839c100b4e613957319986abc,False,planned,False,,,,,2026-09-07T20:27:16.249662+02:00
NSR:StopPlace:58866,Vevelstad stasjon,2026-09-07T17:44:00+02:00,2026-09-07T17:44:00+02:00,,0.0,0,Ski,VYG:Line:L2,Stabekk-Oslo S-Ski,L2,rail,VYG:ServiceJourney:2749-HVK_443959-R,False,planned,False,,,,,2026-09-07T20:27:16.249662+02:00
NSR:StopPlace:58866,Vevelstad stasjon,2026-09-07T17:59:00+02:00,2026-09-07T17:59:00+02:00,,0.0,0,Ski,VYG:Line:L2,Stabekk-Oslo S-Ski,L2,rail,VYG:ServiceJourney:2849_444081-R,False,planned,False,,,,,2026-09-07T20:27:16.249662+02:00
NSR:StopPlace:58868,Årnes stasjon,2026-09-07T16:30:00+02:00,2026-09-07T16:30:00+02:00,,0.0,0,Fjellfoten,RUT:Line:455,Årnes -Rånåsfoss,455,bus,RUT:ServiceJourney:d2ead1d5e8a456549c37d4489b8e111d,False,planned,False,,,,,2026-09-07T20:27:16.249662+02:00
NSR:StopPlace:58868,Årnes stasjon,2026-09-07T16:34:00+02:00,2026-09-07T16:34:00+02:00,,0.0,0,Oslo lufthavn,RUT:Line:450,Årnes - Oslo lufthavn,450,bus,RUT:ServiceJourney:660bea44ad3d34e11a401469a791fb50,False,planned,False,,,,,2026-09-07T20:27:16.249662+02:00
NSR:StopPlace:58868,Årnes stasjon,2026-09-07T16:36:00+02:00,2026-09-07T16:36:00+02:00,,0.0,0,Dysterud,RUT:Line:451,Dysterud - Årnes,451,bus,RUT:ServiceJourney:f15a75ad7e6786b0731c26e0baa26e5b,False,planned,False,,,,,2026-09-07T20:27:16.249662+02:00
NSR:StopPlace:58868,Årnes stasjon,2026-09-07T16:49:00+02:00,2026-09-07T16:49:00+02:00,,0.0,0,Aktivitetsvegen,RUT:Line:450,Årnes - Oslo lufthavn,450,bus,RUT:ServiceJourney:b92f4168672e939c18bb1822014c7539,False,planned,False,,,,,2026-09-07T20:27:16.249662+02:00
NSR:StopPlace:58868,Årnes stasjon,2026-09-07T16:52:00+02:00,2026-09-07T16:52:00+02:00,,0.0,0,Kongsvinger,VYG:Line:R14,Asker-Oslo S-Kongsvinger,R14,rail,VYG:ServiceJourney:1023_442932-R,False,planned,False,,,,,2026-09-07T20:27:16.249662+02:00
NSR:StopPlace:58868,Årnes stasjon,2026-09-07T17:00:00+02:00,2026-09-07T17:00:00+02:00,,0.0,0,Dragsjøvegen,RUT:Line:452,Auli - Årnes - Østgård - Årnes,452,bus,RUT:ServiceJourney:a220f858ccf2093c56b5d80ee568ab54,False,planned,False,,,,,2026-09-07T20:27:16.249662+02:00
NSR:StopPlace:58868,Årnes stasjon,2026-09-07T17:00:00+02:00,2026-09-07T17:00:00+02:00,,0.0,0,Rånåsfoss,RUT:Line:455,Årnes -Rånåsfoss,455,bus,RUT:ServiceJourney:55beb210372ae5e37cd52536da358a3c,False,planned,False,,,,,2026-09-07T20:27:16.249662+02:00
NSR:StopPlace:58868,Årnes stasjon,2026-09-07T17:06:00+02:00,2026-09-07T17:06:00+02:00,,0.0,0,Dysterud,RUT:Line:451,Dysterud - Årnes,451,bus,RUT:ServiceJourney:22d70043a88efe2684e0492980f76410,False,planned,False,,,,,2026-09-07T20:27:16.249662+02:00
NSR:StopPlace:58868,Årnes stasjon,2026-09-07T17:30:00+02:00,2026-09-07T17:30:00+02:00,,0.0,0,Fjellfoten,RUT:Line:455,Årnes -Rånåsfoss,455,bus,RUT:ServiceJourney:09df6041eb8f08fb934d452f3fb695b8,False,planned,False,,,,,2026-09-07T20:27:16.249662+02:00
NSR:StopPlace:58869,Ås stasjon,2026-09-07T16:45:00+02:00,2026-09-07T16:45:00+02:00,,0.0,0,Stabekk,VYG:Line:R21,Stabekk-Oslo S-Moss,R21,rail,VYG:ServiceJourney:1150-MOS_443033-R,False,planned,False,,,,,2026-09-07T20:27:16.249662+02:00
NSR:StopPlace:58869,Ås stasjon,2026-09-07T16:50:00+02:00,2026-09-07T16:50:00+02:00,,0.0,0,Dyster/Eldor,RUT:Line:536,Dyster/Eldor - Ås stasjon,536,bus,RUT:ServiceJourney:846abdb22e7d7b3279f224ec1abbf83b,False,planned,False,,,,,2026-09-07T20:27:16.249662+02:00
NSR:StopPlace:58869,Ås stasjon,2026-09-07T16:50:00+02:00,2026-09-07T16:50:00+02:00,,0.0,0,Kroer,RUT:Line:535,Kroer - Ås stasjon,535,bus,RUT:ServiceJourney:98a8869ed4d1659e6cb7964ed571fb88,False,planned,False,,,,,2026-09-07T20:27:16.249662+02:00
NSR:StopPlace:58869,Ås stasjon,2026-09-07T16:57:00+02:00,2026-09-07T16:57:00+02:00,,0.0,0,Vinterbro,RUT:Line:522,Ås - Vinterbro,522,bus,RUT:ServiceJourney:55ca51eca03444a8f0ec83270a763b61,False,planned,False,,,,,2026-09-07T20:27:16.249662+02:00
NSR:StopPlace:58869,Ås stasjon,2026-09-07T17:10:00+02:00,2026-09-07T17:10:00+02:00,,0.0,0,Moss,VYG:Line:R21,Stabekk-Oslo S-Moss,R21,rail,VYG:ServiceJourney:1147-HVK_443026-R,False,planned,False,,,,,2026-09-07T20:27:16.249662+02:00
NSR:StopPlace:58869,Ås stasjon,2026-09-07T17:20:00+02:00,2026-09-07T17:20:00+02:00,,0.0,0,Dyster/Eldor,RUT:Line:536,Dyster/Eldor - Ås stasjon,536,bus,RUT:ServiceJourney:a6fc932dcb9bb0a6d7ee575f994181b8,False,planned,False,,,,,2026-09-07T20:27:16.249662+02:00
NSR:StopPlace:58869,Ås stasjon,2026-09-07T17:20:00+02:00,2026-09-07T17:20:00+02:00,,0.0,0,Kroer,RUT:Line:535,Kroer - Ås stasjon,535,bus,RUT:ServiceJourney:e6928316f0eff72dc0378b859e25829c,False,planned,False,,,,,2026-09-07T20:27:16.249662+02:00
NSR:StopPlace:58869,Ås stasjon,2026-09-07T17:57:00+02:00,2026-09-07T17:57:00+02:00,,0.0,0,Vinterbro,RUT:Line:522,Ås - Vinterbro,522,bus,RUT:ServiceJourney:e73ad0f0cf1d313cb094a9af045a5704,False,planned,False,,,,,2026-09-07T20:27:16.249662+02:00
NSR:StopPlace:58860,Oppegård stasjon,2026-09-07T16:31:00+02:00,2026-09-07T16:31:00+02:00,,0.0,0,Oslo S,VYG:Line:L2,Stabekk-Oslo S-Ski,L2,rail,VYG:ServiceJourney:2850_444084-R,False,planned,False,,,,,2026-09-07T20:27:16.249662+02:00
NSR:StopPlace:58860,Oppegård stasjon,2026-09-07T16:31:00+02:00,2026-09-07T16:31:00+02:00,,0.0,0,Kolbotn torg,RUT:Line:580,Kolbotn - Ski,580,bus,RUT:ServiceJourney:0d52d6b917a6975575780b06284a23b6,False,planned,False,,,,,2026-09-07T20:27:16.249662+02:00
NSR:StopPlace:58860,Oppegård stasjon,2026-09-07T16:31:00+02:00,2026-09-07T16:31:00+02:00,,0.0,0,Ski stasjon,RUT:Line:580,Kolbotn - Ski,580,bus,RUT:ServiceJourney:713438f1ffb4408118609fb21aca5aab,False,planned,False,,,,,2026-09-07T20:27:16.249662+02:00
NSR:StopPlace:58860,Oppegård stasjon,2026-09-07T16:42:00+02:00,2026-09-07T16:42:00+02:00,,0.0,0,Ski,VYG:Line:L2,Stabekk-Oslo S-Ski,L2,rail,VYG:ServiceJourney:2745-HVK_443955-R,False,planned,False,,,,,2026-09-07T20:27:16.249662+02:00
NSR:StopPlace:58860,Oppegård stasjon,2026-09-07T16:46:00+02:00,2026-09-07T16:46:00+02:00,,0.0,0,Stabekk,VYG:Line:L2,Stabekk-Oslo S-Ski,L2,rail,VYG:ServiceJourney:2752-SKI_443963-R,False,planned,False,Færre vogner,Denne avgangen kjører dessverre med 3 vogner i stedet for 6 vogner. Dette skyldes at vi mangler et togsett.,general,normal,2026-09-07T20:27:16.249662+02:00
NSR:StopPlace:58860,Oppegård stasjon,2026-09-07T16:57:00+02:00,2026-09-07T16:57:00+02:00,,0.0,0,Ski,VYG:Line:L2,Stabekk-Oslo S-Ski,L2,rail,VYG:ServiceJourney:2845-HVK_444077-R,False,planned,False,,,,,2026-09-07T20:27:16.249662+02:00
NSR:StopPlace:58860,Oppegård stasjon,2026-09-07T17:01:00+02:00,2026-09-07T17:01:00+02:00,,0.0,0,Skøyen,VYG:Line:L2,Stabekk-Oslo S-Ski,L2,rail,VYG:ServiceJourney:2852-SKI_488387-R,False,planned,False,,,,,2026-09-07T20:27:16.249662+02:00
NSR:StopPlace:58860,Oppegård stasjon,2026-09-07T17:01:00+02:00,2026-09-07T17:01:00+02:00,,0.0,0,Kolbotn torg,RUT:Line:580,Kolbotn - Ski,580,bus,RUT:ServiceJourney:0670376b2130164c3baf24abdead530b,False,planned,False,,,,,2026-09-07T20:27:16.249662+02:00
NSR:StopPlace:58860,Oppegård stasjon,2026-09-07T17:01:00+02:00,2026-09-07T17:01:00+02:00,,0.0,0,Ski stasjon,RUT:Line:580,Kolbotn - Ski,580,bus,RUT:ServiceJourney:f3d200b920d3784b8ceb08ede6359598,False,planned,False,,,,,2026-09-07T20:27:16.249662+02:00
NSR:StopPlace:58860,Oppegård stasjon,2026-09-07T17:12:00+02:00,2026-09-07T17:12:00+02:00,,0.0,0,Ski,VYG:Line:L2,Stabekk-Oslo S-Ski,L2,rail,VYG:ServiceJourney:2747-HVK_443957-R,False,planned,False,,,,,2026-09-07T20:27:16.249662+02:00
NSR:StopPlace:58860,Oppegård stasjon,2026-09-07T17:27:00+02:00,2026-09-07T17:27:00+02:00,,0.0,0,Ski,VYG:Line:L2,Stabekk-Oslo S-Ski,L2,rail,VYG:ServiceJourney:2847-HVK_444079-R,False,planned,False,,,,,2026-09-07T20:27:16.249662+02:00
NSR:StopPlace:58860,Oppegård stasjon,2026-09-07T17:31:00+02:00,2026-09-07T17:31:00+02:00,,0.0,0,Ski stasjon,RUT:Line:580,Kolbotn - Ski,580,bus,RUT:ServiceJourney:9aa35f68b616e22224d69ed6ab4087a5,False,planned,False,,,,,2026-09-07T20:27:16.249662+02:00
NSR:StopPlace:58860,Oppegård stasjon,2026-09-07T17:42:00+02:00,2026-09-07T17:42:00+02:00,,0.0,0,Ski,VYG:Line:L2,Stabekk-Oslo S-Ski,L2,rail,VYG:ServiceJourney:2749-HVK_443959-R,False,planned,False,,,,,2026-09-07T20:27:16.249662+02:00
NSR:StopPlace:58860,Oppegård stasjon,2026-09-07T17:57:00+02:00,2026-09-07T17:57:00+02:00,,0.0,0,Ski,VYG:Line:L2,Stabekk-Oslo S-Ski,L2,rail,VYG:ServiceJourney:2849_444081-R,False,planned,False,,,,,2026-09-07T20:27:16.249662+02:00
NSR:StopPlace:58861,Solbråtan stasjon,2026-09-07T16:30:00+02:00,2026-09-07T16:30:00+02:00,,0.0,0,Bjørvika,RUT:Line:83,Jernbanetorget - Tårnåsen,83,bus,RUT:ServiceJourney:e3f00678bca9b8be4e418e88b820ed51,False,planned,False,Linje 80E og 83 får Hausmanns bru som ny endeholdeplass fra 29. juni,"Bussene stopper ikke på Jernbanetorget etter 29. juni, men starter og stopper på Hausmanns bru i Nylandsveien.",incident,normal,2026-09-07T20:27:16.249662+02:00
NSR:StopPlace:58861,Solbråtan stasjon,2026-09-07T16:35:00+02:00,2026-09-07T16:35:00+02:00,,0.0,0,Ski,VYG:Line:L2,Stabekk-Oslo S-Ski,L2,rail,VYG:ServiceJourney:2745-HVK_443955-R,False,planned,False,,,,,2026-09-07T20:27:16.249662+02:00
NSR:StopPlace:58861,Solbråtan stasjon,2026-09-07T16:38:00+02:00,2026-09-07T16:38:00+02:00,,0.0,0,Oslo S,VYG:Line:L2,Stabekk-Oslo S-Ski,L2,rail,VYG:ServiceJourney:2850_444084-R,False,planned,False,,,,,2026-09-07T20:27:16.249662+02:00
NSR:StopPlace:58861,Solbråtan stasjon,2026-09-07T16:41:00+02:00,2026-09-07T16:41:00+02:00,,0.0,0,Tårnåsen,RUT:Line:83,Jernbanetorget - Tårnåsen,83,bus,RUT:ServiceJourney:edc691a289a57363d6281a672fb35215,False,planned,False,Linje 80E og 83 får Hausmanns bru som ny endeholdeplass fra 29. juni,"Bussene stopper ikke på Jernbanetorget etter 29. juni, men starter og stopper på Hausmanns bru i Nylandsveien.",incident,normal,2026-09-07T20:27:16.249662+02:00
NSR:StopPlace:58861,Solbråtan stasjon,2026-09-07T16:45:00+02:00,2026-09-07T16:45:00+02:00,,0.0,0,Bjørvika,RUT:Line:83,Jernbanetorget - Tårnåsen,83,bus,RUT:ServiceJourney:26a856d68772016943a34f2ad535b18c,False,planned,False,Linje 80E og 83 får Hausmanns bru som ny endeholdeplass fra 29. juni,"Bussene stopper ikke på Jernbanetorget etter 29. juni, men starter og stopper på Hausmanns bru i Nylandsveien.",incident,normal,2026-09-07T20:27:16.249662+02:00
NSR:StopPlace:58861,Solbråtan stasjon,2026-09-07T16:50:00+02:00,2026-09-07T16:50:00+02:00,,0.0,0,Ski,VYG:Line:L2,Stabekk-Oslo S-Ski,L2,rail,VYG:ServiceJourney:2845-HVK_444077-R,False,planned,False,,,,,2026-09-07T20:27:16.249662+02:00
NSR:StopPlace:58861,Solbråtan stasjon,2026-09-07T16:53:00+02:00,2026-09-07T16:53:00+02:00,,0.0,0,Stabekk,VYG:Line:L2,Stabekk-Oslo S-Ski,L2,rail,VYG:ServiceJourney:2752-SKI_443963-R,False,planned,False,Færre vogner,Denne avgangen kjører dessverre med 3 vogner i stedet for 6 vogner. Dette skyldes at vi mangler et togsett.,general,normal,2026-09-07T20:27:16.249662+02:00
NSR:StopPlace:58861,Solbråtan stasjon,2026-09-07T16:56:00+02:00,2026-09-07T16:56:00+02:00,,0.0,0,Tårnåsen,RUT:Line:83,Jernbanetorget - Tårnåsen,83,bus,RUT:ServiceJourney:4b4ab66d0671e53f138089879a79776a,False,planned,False,Linje 80E og 83 får Hausmanns bru som ny endeholdeplass fra 29. juni,"Bussene stopper ikke på Jernbanetorget etter 29. juni, men starter og stopper på Hausmanns bru i Nylandsveien.",incident,normal,2026-09-07T20:27:16.249662+02:00
NSR:StopPlace:58861,Solbråtan stasjon,2026-09-07T17:00:00+02:00,2026-09-07T17:00:00+02:00,,0.0,0,Bjørvika,RUT:Line:83,Jernbanetorget - Tårnåsen,83,bus,RUT:ServiceJourney:5456f22cd57d9615d55005f86b356e10,False,planned,False,Linje 80E og 83 får Hausmanns bru som ny endeholdeplass fra 29. juni,"Bussene stopper ikke på Jernbanetorget etter 29. juni, men starter og stopper på Hausmanns bru i Nylandsveien.",incident,normal,2026-09-07T20:27:16.249662+02:00
NSR:StopPlace:58861,Solbråtan stasjon,2026-09-07T17:05:00+02:00,2026-09-07T17:05:00+02:00,,0.0,0,Ski,VYG:Line:L2,Stabekk-Oslo S-Ski,L2,rail,VYG:ServiceJourney:2747-HVK_443957-R,False,planned,False,,,,,2026-09-07T20:27:16.249662+02:00
NSR:StopPlace:58861,Solbråtan stasjon,2026-09-07T17:08:00+02:00,2026-09-07T17:08:00+02:00,,0.0,0,Skøyen,VYG:Line:L2,Stabekk-Oslo S-Ski,L2,rail,VYG:ServiceJourney:2852-SKI_488387-R,False,planned,False,,,,,2026-09-07T20:27:16.249662+02:00
NSR:StopPlace:58861,Solbråtan stasjon,2026-09-07T17:11:00+02:00,2026-09-07T17:11:00+02:00,,0.0,0,Tårnåsen,RUT:Line:83,Jernbanetorget - Tårnåsen,83,bus,RUT:ServiceJourney:f90346af0245511c7aa2d49b1452cd73,False,planned,False,Linje 80E og 83 får Hausmanns bru som ny endeholdeplass fra 29. juni,"Bussene stopper ikke på Jernbanetorget etter 29. juni, men starter og stopper på Hausmanns bru i Nylandsveien.",incident,normal,2026-09-07T20:27:16.249662+02:00
NSR:StopPlace:58861,Solbråtan stasjon,2026-09-07T17:20:00+02:00,2026-09-07T17:20:00+02:00,,0.0,0,Ski,VYG:Line:L2,Stabekk-Oslo S-Ski,L2,rail,VYG:ServiceJourney:2847-HVK_444079-R,False,planned,False,,,,,2026-09-07T20:27:16.249662+02:00
NSR:StopPlace:58861,Solbråtan stasjon,2026-09-07T17:26:00+02:00,2026-09-07T17:26:00+02:00,,0.0,0,Tårnåsen,RUT:Line:83,Jernbanetorget - Tårnåsen,83,bus,RUT:ServiceJourney:6ad0b54c377fe949e02502b7ee0cec86,False,planned,False,Linje 80E og 83 får Hausmanns bru som ny endeholdeplass fra 29. juni,"Bussene stopper ikke på Jernbanetorget etter 29. juni, men starter og stopper på Hausmanns bru i Nylandsveien.",incident,normal,2026-09-07T20:27:16.249662+02:00
NSR:StopPlace:58861,Solbråtan stasjon,2026-09-07T17:35:00+02:00,2026-09-07T17:35:00+02:00,,0.0,0,Ski,VYG:Line:L2,Stabekk-Oslo S-Ski,L2,rail,VYG:ServiceJourney:2749-HVK_443959-R,False,planned,False,,,,,2026-09-07T20:27:16.249662+02:00
NSR:StopPlace:58861,Solbråtan stasjon,2026-09-07T17:50:00+02:00,2026-09-07T17:50:00+02:00,,0.0,0,Ski,VYG:Line:L2,Stabekk-Oslo S-Ski,L2,rail,VYG:ServiceJourney:2849_444081-R,False,planned,False,,,,,2026-09-07T20:27:16.249662+02:00
NSR:StopPlace:58862,Strømmen stasjon,2026-09-07T16:29:00+02:00,2026-09-07T16:29:00+02:00,,0.0,0,Lørenskog sentrum,RUT:Line:385,Nittedal stasjon - Olavsgaard - Ahus,385,bus,RUT:ServiceJourney:2b6e7853c5d99198fb83f2ca63e85241,False,planned,False,,,,,2026-09-07T20:27:16.249662+02:00
NSR:StopPlace:58862,Strømmen stasjon,2026-09-07T16:30:00+02:00,2026-09-07T16:30:00+02:00,,0.0,0,Asker,VYG:Line:L1,Spikkestad-Oslo S-Lillestrøm,L1,rail,VYG:ServiceJourney:2147_443555-R,False,planned,False,,,,,2026-09-07T20:27:16.249662+02:00
NSR:StopPlace:58862,Strømmen stasjon,2026-09-07T16:35:00+02:00,2026-09-07T16:35:00+02:00,,0.0,0,Lillestrøm,VYG:Line:L1,Spikkestad-Oslo S-Lillestrøm,L1,rail,VYG:ServiceJourney:2246_443661-R,False,planned,False,,,,,2026-09-07T20:27:16.249662+02:00
NSR:StopPlace:58862,Strømmen stasjon,2026-09-07T16:36:00+02:00,2026-09-07T16:36:00+02:00,,0.0,0,Nittedal,RUT:Line:385,Nittedal stasjon - Olavsgaard - Ahus,385,bus,RUT:ServiceJourney:b97ae833cdae8be3ef51fd4f874de687,False,planned,False,,,,,2026-09-07T20:27:16.249662+02:00
NSR:StopPlace:58862,Strømmen stasjon,2026-09-07T16:40:00+02:00,2026-09-07T16:40:00+02:00,,0.0,0,Guldhaug-Tømte,RUT:Line:381,Guldhaug-Tømte - Lillestrøm,381,bus,RUT:ServiceJourney:e3ea30268cb59d1e2fd7bad1feb16346,False,planned,False,,,,,2026-09-07T20:27:16.249662+02:00
NSR:StopPlace:58862,Strømmen stasjon,2026-09-07T16:50:00+02:00,2026-09-07T16:50:00+02:00,,0.0,0,Lillestrøm,VYG:Line:L1,Spikkestad-Oslo S-Lillestrøm,L1,rail,VYG:ServiceJourney:2146_443554-R,False,planned,False,,,,,2026-09-07T20:27:16.249662+02:00
NSR:StopPlace:58862,Strømmen stasjon,2026-09-07T16:59:00+02:00,2026-09-07T16:59:00+02:00,,0.0,0,Lørenskog sentrum,RUT:Line:385,Nittedal stasjon - Olavsgaard - Ahus,385,bus,RUT:ServiceJourney:24bb7e7e0aca09acfbee852d913d15d4,False,planned,False,,,,,2026-09-07T20:27:16.249662+02:00
NSR:StopPlace:58862,Strømmen stasjon,2026-09-07T17:05:00+02:00,2026-09-07T17:05:00+02:00,,0.0,0,Lillestrøm,VYG:Line:L1,Spikkestad-Oslo S-Lillestrøm,L1,rail,VYG:ServiceJourney:2248_445345-R,False,planned,False,,,,,2026-09-07T20:27:16.249662+02:00
NSR:StopPlace:58862,Strømmen stasjon,2026-09-07T17:05:00+02:00,2026-09-07T17:05:00+02:00,,0.0,0,Lillestrøm,RUT:Line:381,Guldhaug-Tømte - Lillestrøm,381,bus,RUT:ServiceJourney:195ca4560f0b961db8d90aadb0fca9b7,False,planned,False,,,,,2026-09-07T20:27:16.249662+02:00
NSR:StopPlace:58862,Strømmen stasjon,2026-09-07T17:06:00+02:00,2026-09-07T17:06:00+02:00,,0.0,0,Nittedal,RUT:Line:385,Nittedal stasjon - Olavsgaard - Ahus,385,bus,RUT:ServiceJourney:3436b40a985e8f616b0327f300359f79,False,planned,False,,,,,2026-09-07T20:27:16.249662+02:00
NSR:StopPlace:58862,Strømmen stasjon,2026-09-07T17:20:00+02:00,2026-09-07T17:20:00+02:00,,0.0,0,Lillestrøm,VYG:Line:L1,Spikkestad-Oslo S-Lillestrøm,L1,rail,VYG:ServiceJourney:2148_443556-R,False,planned,False,,,,,2026-09-07T20:27:16.249662+02:00
NSR:StopPlace:58862,Strømmen stasjon,2026-09-07T17:28:00+02:00,2026-09-07T17:28:00+02:00,,0.0,0,Lørenskog sentrum,RUT:Line:385,Nittedal stasjon - Olavsgaard - Ahus,385,bus,RUT:ServiceJourney:1454633d315c7a703ff850391f0c7683,False,planned,False,,,,,2026-09-07T20:27:16.249662+02:00
NSR:StopPlace:58862,Strømmen stasjon,2026-09-07T17:35:00+02:00,2026-09-07T17:35:00+02:00,,0.0,0,Lillestrøm,VYG:Line:L1,Spikkestad-Oslo S-Lillestrøm,L1,rail,VYG:ServiceJourney:2250_443669-R,False,planned,False,,,,,2026-09-07T20:27:16.249662+02:00
NSR:StopPlace:58874,Stokke stasjon,2026-09-07T16:37:00+02:00,2026-09-07T16:37:00+02:00,,0.0,0,Sørby,VKT:Line:520,Tønsberg-Stokke,520,bus,VKT:ServiceJourney:17246,False,planned,False,,,,,2026-09-07T20:27:16.249662+02:00
NSR:StopPlace:58874,Stokke stasjon,2026-09-07T16:48:00+02:00,2026-09-07T16:48:00+02:00,,0.0,0,Vestre Skjee,VKT:Line:521,Tønsberg-Stokke-Vestre Skjee,521,bus,VKT:ServiceJourney:17221,False,planned,False,,,,,2026-09-07T20:27:16.249662+02:00
NSR:StopPlace:58874,Stokke stasjon,2026-09-07T16:52:00+02:00,2026-09-07T16:52:00+02:00,,0.0,0,Sørby,VKT:Line:520,Tønsberg-Stokke,520,bus,VKT:ServiceJourney:17247,False,planned,False,,,,,2026-09-07T20:27:16.249662+02:00
NSR:StopPlace:58874,Stokke stasjon,2026-09-07T16:52:00+02:00,2026-09-07T16:52:00+02:00,,0.0,0,Tønsberg,VKT:Line:520,Tønsberg-Stokke,520,bus,VKT:ServiceJourney:17321,False,planned,False,,,,,2026-09-07T20:27:16.249662+02:00
NSR:StopPlace:58874,Stokke stasjon,2026-09-07T16:56:00+02:00,2026-09-07T16:56:00+02:00,,0.0,0,Skien,VYG:Line:RX11,Eidsvoll-Oslo S-Skien,RX11,rail,VYG:ServiceJourney:861-LOE_444427-R,False,planned,False,,,,,2026-09-07T20:27:16.249662+02:00
NSR:StopPlace:58874,Stokke stasjon,2026-09-07T17:00:00+02:00,2026-09-07T17:00:00+02:00,,0.0,0,Råstad-Sandefjord,VKT:Line:720,Sandefjord-Unneberg-Stokke,720,bus,VKT:ServiceJourney:17788,False,planned,False,,,,,2026-09-07T20:27:16.249662+02:00
NSR:StopPlace:58874,Stokke stasjon,2026-09-07T17:07:00+02:00,2026-09-07T17:07:00+02:00,,0.0,0,Sørby,VKT:Line:520,Tønsberg-Stokke,520,bus,VKT:ServiceJourney:17248,False,planned,False,,,,,2026-09-07T20:27:16.249662+02:00
NSR:StopPlace:58874,Stokke stasjon,2026-09-07T17:37:00+02:00,2026-09-07T17:37:00+02:00,,0.0,0,Sørby,VKT:Line:520,Tønsberg-Stokke,520,bus,VKT:ServiceJourney:17249,False,planned,False,,,,,2026-09-07T20:27:16.249662+02:00
NSR:StopPlace:58874,Stokke stasjon,2026-09-07T18:07:00+02:00,2026-09-07T18:07:00+02:00,,0.0,0,Sørby,VKT:Line:520,Tønsberg-Stokke,520,bus,VKT:ServiceJourney:17250,False,planned,False,,,,,2026-09-07T20:27:16.249662+02:00
NSR:StopPlace:58875,Torp stasjon,2026-09-07T16:55:00+02:00,2026-09-07T16:55:00+02:00,,0.0,0,Torp,VYX:Line:164,S174 Shuttle Sandefjord Lufthavn Torp,S174,bus,VYX:ServiceJourney:cfeb43f64d6200b86edf0a1b7faf0bf528f18338,False,planned,False,Info S174,I retning Sandefjord lufthavn Torp vil S174 vente på tog som ankommer Torp stasjon.,general,normal,2026-09-07T20:27:16.249662+02:00
NSR:StopPlace:58875,Torp stasjon,2026-09-07T17:16:00+02:00,2026-09-07T17:16:00+02:00,,0.0,0,Torp,VYX:Line:164,S174 Shuttle Sandefjord Lufthavn Torp,S174,bus,VYX:ServiceJourney:1a99404b943cd4d92e30851fbc044fd4bc13643a,False,planned,False,Info S174,I retning Sandefjord lufthavn Torp vil S174 vente på tog som ankommer Torp stasjon.,general,normal,2026-09-07T20:27:16.249662+02:00
NSR:StopPlace:58875,Torp stasjon,2026-09-07T17:55:00+02:00,2026-09-07T17:55:00+02:00,,0.0,0,Torp,VYX:Line:164,S174 Shuttle Sandefjord Lufthavn Torp,S174,bus,VYX:ServiceJourney:908d3ce13c99b149fb9e8f231c86278037ba7b05,False,planned,False,Info S174,I retning Sandefjord lufthavn Torp vil S174 vente på tog som ankommer Torp stasjon.,general,normal,2026-09-07T20:27:16.249662+02:00
NSR:StopPlace:58875,Torp stasjon,2026-09-07T18:16:00+02:00,2026-09-07T18:16:00+02:00,,0.0,0,Torp,VYX:Line:164,S174 Shuttle Sandefjord Lufthavn Torp,S174,bus,VYX:ServiceJourney:8cddba35625d7b75ec0b69c30505d0ac15a283fa,False,planned,False,Info S174,I retning Sandefjord lufthavn Torp vil S174 vente på tog som ankommer Torp stasjon.,general,normal,2026-09-07T20:27:16.249662+02:00
NSR:StopPlace:58875,Torp stasjon,2026-09-07T18:55:00+02:00,2026-09-07T18:55:00+02:00,,0.0,0,Torp,VYX:Line:164,S174 Shuttle Sandefjord Lufthavn Torp,S174,bus,VYX:ServiceJourney:c39b5015d9796e1cd9110f615a6e672591553be1,False,planned,False,Info S174,I retning Sandefjord lufthavn Torp vil S174 vente på tog som ankommer Torp stasjon.,general,normal,2026-09-07T20:27:16.249662+02:00
NSR:StopPlace:58875,Torp stasjon,2026-09-07T19:16:00+02:00,2026-09-07T19:16:00+02:00,,0.0,0,Torp,VYX:Line:164,S174 Shuttle Sandefjord Lufthavn Torp,S174,bus,VYX:ServiceJourney:64d9601521261867418611ce39f5c59f0843dc7f,False,planned,False,Info S174,I retning Sandefjord lufthavn Torp vil S174 vente på tog som ankommer Torp stasjon.,general,normal,2026-09-07T20:27:16.249662+02:00
NSR:StopPlace:58875,Torp stasjon,2026-09-07T19:55:00+02:00,2026-09-07T19:55:00+02:00,,0.0,0,Torp,VYX:Line:164,S174 Shuttle Sandefjord Lufthavn Torp,S174,bus,VYX:ServiceJourney:8f336ffd10fb7067c13ec04881714472a985b1d1,False,planned,False,Info S174,I retning Sandefjord lufthavn Torp vil S174 vente på tog som ankommer Torp stasjon.,general,normal,2026-09-07T20:27:16.249662+02:00
NSR:StopPlace:58875,Torp stasjon,2026-09-07T20:16:00+02:00,2026-09-07T20:16:00+02:00,,0.0,0,Torp,VYX:Line:164,S174 Shuttle Sandefjord Lufthavn Torp,S174,bus,VYX:ServiceJourney:0d4c2f3c7cc781115dec5951a4bd6b3538ef56d7,False,planned,False,Info S174,I retning Sandefjord lufthavn Torp vil S174 vente på tog som ankommer Torp stasjon.,general,normal,2026-09-07T20:27:16.249662+02:00
NSR:StopPlace:58876,Tønsberg stasjon,2026-09-07T16:31:00+02:00,2026-09-07T16:31:00+02:00,,0.0,0,Revetal-Bergsåsen,VKT:Line:500,Tønsberg-Revetal-Bergsåsen,500,bus,VKT:ServiceJourney:17027,False,planned,False,Kan oppstå forsinkelser ,Pga. veiarbeid langs Bispeveien kan det oppstå forsinkelser. Vi beklager dette. ,incident,normal,2026-09-07T20:27:16.249662+02:00
NSR:StopPlace:58876,Tønsberg stasjon,2026-09-07T16:31:00+02:00,2026-09-07T16:31:00+02:00,,0.0,0,Sem-Andebu,VKT:Line:510,Tønsberg-Andebu,510,bus,VKT:ServiceJourney:17143,False,planned,False,Kan oppstå forsinkelser Andebu,Pga. veiarbeid på Gravdal bru vil det kunne oppstå forsinkelser. Vi beklager ulempene. Se vkt.no/avvik for mer info ,incident,normal,2026-09-07T20:27:16.249662+02:00
NSR:StopPlace:58876,Tønsberg stasjon,2026-09-07T16:36:00+02:00,2026-09-07T16:36:00+02:00,,0.0,0,Sandefjord-Framnes,VKT:Line:1,Horten-Tønsberg-Sandefjord,1,bus,VKT:ServiceJourney:15582,False,planned,False,,,,,2026-09-07T20:27:16.249662+02:00
NSR:StopPlace:58876,Tønsberg stasjon,2026-09-07T16:36:00+02:00,2026-09-07T16:36:00+02:00,,0.0,0,Stokke - Sørby,VKT:Line:520,Tønsberg-Stokke,520,bus,VKT:ServiceJourney:17248,False,planned,False,,,,,2026-09-07T20:27:16.249662+02:00
NSR:StopPlace:58876,Tønsberg stasjon,2026-09-07T16:41:00+02:00,2026-09-07T16:41:00+02:00,,0.0,0,Barkåker,VKT:Line:59,Barkåker-Tønsberg-Sandeåsen,59,bus,VKT:ServiceJourney:16070,False,planned,False,,,,,2026-09-07T20:27:16.249662+02:00
NSR:StopPlace:58876,Tønsberg stasjon,2026-09-07T16:41:00+02:00,2026-09-07T16:41:00+02:00,,0.0,0,Ekspress Larvik,VKT:Line:6,Ekspress Larvik-Tønsberg,6,bus,VKT:ServiceJourney:17777,False,planned,False,,,,,2026-09-07T20:27:16.249662+02:00
NSR:StopPlace:58876,Tønsberg stasjon,2026-09-07T16:42:00+02:00,2026-09-07T16:42:00+02:00,,0.0,0,Tønsberg,VKT:Line:1,Horten-Tønsberg-Sandefjord,1,bus,VKT:ServiceJourney:15648,False,planned,False,,,,,2026-09-07T20:27:16.249662+02:00
NSR:StopPlace:58876,Tønsberg stasjon,2026-09-07T16:42:00+02:00,2026-09-07T16:42:00+02:00,,0.0,0,Skien,VYG:Line:RX11,Eidsvoll-Oslo S-Skien,RX11,rail,VYG:ServiceJourney:861-LOE_444427-R,False,planned,False,,,,,2026-09-07T20:27:16.249662+02:00
NSR:StopPlace:58876,Tønsberg stasjon,2026-09-07T16:53:00+02:00,2026-09-07T16:53:00+02:00,,0.0,0,Tønsberg,VKT:Line:520,Tønsberg-Stokke,520,bus,VKT:ServiceJourney:17320,False,planned,False,,,,,2026-09-07T20:27:16.249662+02:00
NSR:StopPlace:58876,Tønsberg stasjon,2026-09-07T16:53:00+02:00,2026-09-07T16:53:00+02:00,,0.0,0,Tønsberg,VKT:Line:500,Tønsberg-Revetal-Bergsåsen,500,bus,VKT:ServiceJourney:17061,False,planned,False,Kan oppstå forsinkelser ,Pga. veiarbeid langs Bispeveien kan det oppstå forsinkelser. Vi beklager dette. ,incident,normal,2026-09-07T20:27:16.249662+02:00
NSR:StopPlace:58876,Tønsberg stasjon,2026-09-07T17:03:00+02:00,2026-09-07T17:03:00+02:00,,0.0,0,Tønsberg-Sandeåsen,VKT:Line:59,Barkåker-Tønsberg-Sandeåsen,59,bus,VKT:ServiceJourney:16048,False,planned,False,,,,,2026-09-07T20:27:16.249662+02:00
NSR:StopPlace:58876,Tønsberg stasjon,2026-09-07T17:06:00+02:00,2026-09-07T17:06:00+02:00,,0.0,0,Sandefjord-Framnes,VKT:Line:1,Horten-Tønsberg-Sandefjord,1,bus,VKT:ServiceJourney:15584,False,planned,False,,,,,2026-09-07T20:27:16.249662+02:00
NSR:StopPlace:58876,Tønsberg stasjon,2026-09-07T17:06:00+02:00,2026-09-07T17:06:00+02:00,,0.0,0,Stokke - Sørby,VKT:Line:520,Tønsberg-Stokke,520,bus,VKT:ServiceJourney:17249,False,planned,False,,,,,2026-09-07T20:27:16.249662+02:00
NSR:StopPlace:58876,Tønsberg stasjon,2026-09-07T17:23:00+02:00,2026-09-07T17:23:00+02:00,,0.0,0,Tønsberg,VKT:Line:520,Tønsberg-Stokke,520,bus,VKT:ServiceJourney:17321,False,planned,False,,,,,2026-09-07T20:27:16.249662+02:00
NSR:StopPlace:58876,Tønsberg stasjon,2026-09-07T17:23:00+02:00,2026-09-07T17:23:00+02:00,,0.0,0,Tønsberg,VKT:Line:500,Tønsberg-Revetal-Bergsåsen,500,bus,VKT:ServiceJourney:17062,False,planned,False,Kan oppstå forsinkelser ,Pga. veiarbeid langs Bispeveien kan det oppstå forsinkelser. Vi beklager dette. ,incident,normal,2026-09-07T20:27:16.249662+02:00
NSR:StopPlace:58876,Tønsberg stasjon,2026-09-07T17:27:00+02:00,2026-09-07T17:27:00+02:00,,0.0,0,Tønsberg-Åsgårdstrand,VKT:Line:1,Horten-Tønsberg-Sandefjord,1,bus,VKT:ServiceJourney:15650,False,planned,False,,,,,2026-09-07T20:27:16.249662+02:00
NSR:StopPlace:58876,Tønsberg stasjon,2026-09-07T17:28:00+02:00,2026-09-07T17:28:00+02:00,,0.0,0,Tønsberg,VKT:Line:510,Tønsberg-Andebu,510,bus,VKT:ServiceJourney:17176,False,planned,False,Kan oppstå forsinkelser Andebu,Pga. veiarbeid på Gravdal bru vil det kunne oppstå forsinkelser. Vi beklager ulempene. Se vkt.no/avvik for mer info ,incident,normal,2026-09-07T20:27:16.249662+02:00
NSR:StopPlace:58876,Tønsberg stasjon,2026-09-07T17:36:00+02:00,2026-09-07T17:36:00+02:00,,0.0,0,Stokke - Sørby,VKT:Line:520,Tønsberg-Stokke,520,bus,VKT:ServiceJourney:17250,False,planned,False,,,,,2026-09-07T20:27:16.249662+02:00
NSR:StopPlace:58876,Tønsberg stasjon,2026-09-07T17:36:00+02:00,2026-09-07T17:36:00+02:00,,0.0,0,Sem-Andebu,VKT:Line:510,Tønsberg-Andebu,510,bus,VKT:ServiceJourney:17144,False,planned,False,Kan oppstå forsinkelser Andebu,Pga. veiarbeid på Gravdal bru vil det kunne oppstå forsinkelser. Vi beklager ulempene. Se vkt.no/avvik for mer info ,incident,normal,2026-09-07T20:27:16.249662+02:00
NSR:StopPlace:58876,Tønsberg stasjon,2026-09-07T17:41:00+02:00,2026-09-07T17:41:00+02:00,,0.0,0,Barkåker,VKT:Line:59,Barkåker-Tønsberg-Sandeåsen,59,bus,VKT:ServiceJourney:16071,False,planned,False,,,,,2026-09-07T20:27:16.249662+02:00
NSR:StopPlace:58877,Bø stasjon,2026-09-07T16:42:00+02:00,2026-09-07T16:42:00+02:00,,0.0,0,Skien stasjon,TEL:Line:8181,Seljord-Bø-Skien,R1,bus,TEL:ServiceJourney:127061,False,planned,False,,,,,2026-09-07T20:27:16.249662+02:00
NSR:StopPlace:58877,Bø stasjon,2026-09-07T16:52:00+02:00,2026-09-07T16:52:00+02:00,,0.0,0,Breisås,TEL:Line:8116,Bø-Folkestad-Nordbø-Breisås,116,bus,TEL:ServiceJourney:125937,False,planned,False,,,,,2026-09-07T20:27:16.249662+02:00
NSR:StopPlace:58877,Bø stasjon,2026-09-07T20:09:00+02:00,2026-09-07T20:09:00+02:00,,0.0,0,Neslandsvatn,GOA:Line:50,Sørtoget region,F5,rail,GOA:ServiceJourney:B717-DT_79526-R,False,planned,False,,,,,2026-09-07T20:27:16.249662+02:00
NSR:StopPlace:58878,Drangedal stasjon,2026-09-07T16:35:00+02:00,2026-09-07T16:35:00+02:00,,0.0,0,Kragerø,TEL:Line:8607,Drangedal-Kragerø,607,bus,TEL:ServiceJourney:126274,False,planned,False,,,,,2026-09-07T20:27:16.249662+02:00
NSR:StopPlace:58878,Drangedal stasjon,2026-09-07T17:00:00+02:00,2026-09-07T17:00:00+02:00,,0.0,0,Dale,TEL:Line:8603,Drangedal-Dale,603,bus,TEL:ServiceJourney:126064,False,planned,False,,,,,2026-09-07T20:27:16.249662+02:00
NSR:StopPlace:58879,Lunde stasjon,2026-09-07T17:15:00+02:00,2026-09-07T17:15:00+02:00,,0.0,0,Ulefoss,TEL:Line:8103,Lunde-Ulefoss,103,bus,TEL:ServiceJourney:126338,False,planned,False,,,,,2026-09-07T20:27:16.249662+02:00
NSR:StopPlace:58879,Lunde stasjon,2026-09-07T19:25:00+02:00,2026-09-07T19:25:00+02:00,,0.0,0,Ulefoss,TEL:Line:8103,Lunde-Ulefoss,103,bus,TEL:ServiceJourney:126339,False,planned,False,,,,,2026-09-07T20:27:16.249662+02:00
NSR:StopPlace:58870,Holmestrand stasjon,2026-09-07T16:40:00+02:00,2026-09-07T16:40:00+02:00,,0.0,0,Hvitstein-Kleiverud,VKT:Line:30,Kleiverud-Holmestrand,30,bus,VKT:ServiceJourney:14868,False,planned,False,,,,,2026-09-07T20:27:16.249662+02:00
NSR:StopPlace:58870,Holmestrand stasjon,2026-09-07T16:55:00+02:00,2026-09-07T16:55:00+02:00,,0.0,0,Hvitstein-Gullhaug,VKT:Line:31,Gullhaug-Kleiverud-Holmestrand,31,bus,VKT:ServiceJourney:14983,False,planned,False,,,,,2026-09-07T20:27:16.249662+02:00
NSR:StopPlace:58870,Holmestrand stasjon,2026-09-07T17:10:00+02:00,2026-09-07T17:10:00+02:00,,0.0,0,Hvitstein-Kleiverud,VKT:Line:30,Kleiverud-Holmestrand,30,bus,VKT:ServiceJourney:14869,False,planned,False,,,,,2026-09-07T20:27:16.249662+02:00
NSR:StopPlace:58870,Holmestrand stasjon,2026-09-07T17:25:00+02:00,2026-09-07T17:25:00+02:00,,0.0,0,Hvitstein-Gullhaug,VKT:Line:31,Gullhaug-Kleiverud-Holmestrand,31,bus,VKT:ServiceJourney:14984,False,planned,False,,,,,2026-09-07T20:27:16.249662+02:00
NSR:StopPlace:58871,Sande stasjon,2026-09-07T16:35:00+02:00,2026-09-07T16:35:00+02:00,,0.0,0,Klevjerhagen-Skoger,VKT:Line:222,Kjeldås-Skoger-Sande,222,bus,VKT:ServiceJourney:15192,False,planned,False,,,,,2026-09-07T20:27:16.249662+02:00
NSR:StopPlace:58871,Sande stasjon,2026-09-07T16:35:00+02:00,2026-09-07T16:35:00+02:00,,0.0,0,Svelvik,VKT:Line:200,Svelvik-Sande,200,bus,VKT:ServiceJourney:15043,False,planned,False,,,,,2026-09-07T20:27:16.249662+02:00
NSR:StopPlace:58871,Sande stasjon,2026-09-07T16:40:00+02:00,2026-09-07T16:40:00+02:00,,0.0,0,Skafjell-Selvik skole,VKT:Line:10,Drammen-Skoger-Sande,10,bus,VKT:ServiceJourney:104161,False,planned,False,,,,,2026-09-07T20:27:16.249662+02:00
NSR:StopPlace:58871,Sande stasjon,2026-09-07T17:10:00+02:00,2026-09-07T17:10:00+02:00,,0.0,0,Skafjell-Selvik skole,VKT:Line:10,Drammen-Skoger-Sande,10,bus,VKT:ServiceJourney:104162,False,planned,False,,,,,2026-09-07T20:27:16.249662+02:00
NSR:StopPlace:58871,Sande stasjon,2026-09-07T17:22:00+02:00,2026-09-07T17:22:00+02:00,,0.0,0,Skoger-Drammen,VKT:Line:10,Drammen-Skoger-Sande,10,bus,VKT:ServiceJourney:104214,False,planned,False,,,,,2026-09-07T20:27:16.249662+02:00
NSR:StopPlace:58872,Sandefjord stasjon,2026-09-07T16:49:00+02:00,2026-09-07T16:49:00+02:00,,0.0,0,Skien,VYG:Line:RX11,Eidsvoll-Oslo S-Skien,RX11,rail,VYG:ServiceJourney:853-LOD_554644-R,False,planned,False,,,,,2026-09-07T20:27:16.249662+02:00
NSR:StopPlace:58872,Sandefjord stasjon,2026-09-07T17:06:00+02:00,2026-09-07T17:06:00+02:00,,0.0,0,Skien,VYG:Line:RX11,Eidsvoll-Oslo S-Skien,RX11,rail,VYG:ServiceJourney:861-LOE_444427-R,False,planned,False,,,,,2026-09-07T20:27:16.249662+02:00
NSR:StopPlace:58873,Skoppum stasjon,2026-09-07T16:30:00+02:00,2026-09-07T16:30:00+02:00,,0.0,0,Holtandalen-Horten,VKT:Line:40,Horten-Holtandalen-Skoppum,40,bus,VKT:ServiceJourney:17439,False,planned,False,,,,,2026-09-07T20:27:16.249662+02:00
NSR:StopPlace:58873,Skoppum stasjon,2026-09-07T16:45:00+02:00,2026-09-07T16:45:00+02:00,,0.0,0,Horten rutebilstasjon,VKT:Line:411,Horten-Skoppum stasjon,411,bus,VKT:ServiceJourney:133306,False,planned,False,Forsinkelser Linje 2 og 411 | Kjører ikke Storgata i Horten,Pga. veiarbeid i Horten sentrum vil det kunne oppstå forsinkelser på busser i tidsrommet 3.-11. september.  | 7.-9. september: Bussene vil ikke kjøre Storgata. Benytt holdeplassene Peders gate eller Horten rb.st. Se vkt.no/avvik Det vil oppstå forsinkelser. ,incident | general,normal | normal,2026-09-07T20:27:16.249662+02:00
NSR:StopPlace:58873,Skoppum stasjon,2026-09-07T17:00:00+02:00,2026-09-07T17:00:00+02:00,,0.0,0,Holtandalen-Horten,VKT:Line:40,Horten-Holtandalen-Skoppum,40,bus,VKT:ServiceJourney:17440,False,planned,False,,,,,2026-09-07T20:27:16.249662+02:00
NSR:StopPlace:58873,Skoppum stasjon,2026-09-07T17:15:00+02:00,2026-09-07T17:15:00+02:00,,0.0,0,Horten rutebilstasjon,VKT:Line:411,Horten-Skoppum stasjon,411,bus,VKT:ServiceJourney:133307,False,planned,False,Forsinkelser Linje 2 og 411 | Kjører ikke Storgata i Horten,Pga. veiarbeid i Horten sentrum vil det kunne oppstå forsinkelser på busser i tidsrommet 3.-11. september.  | 7.-9. september: Bussene vil ikke kjøre Storgata. Benytt holdeplassene Peders gate eller Horten rb.st. Se vkt.no/avvik Det vil oppstå forsinkelser. ,incident | general,normal | normal,2026-09-07T20:27:16.249662+02:00
NSR:StopPlace:58886,Arendal stasjon,2026-09-07T16:29:00+02:00,2026-09-07T16:29:00+02:00,,0.0,0,Rykene via Arendal sentrum,AKT:Line:102,Tromøy Øst-Arendal-Rykene,102,bus,AKT:ServiceJourney:72017_161_72_115560_118980_40001667,False,planned,False,,,,,2026-09-07T20:27:16.249662+02:00
NSR:StopPlace:58886,Arendal stasjon,2026-09-07T16:32:00+02:00,2026-09-07T16:32:00+02:00,,0.0,0,Eydehavn,AKT:Line:101,Eydehavn-Arendal-Grimstad N/S,101,bus,AKT:ServiceJourney:71884_382_90_112200_116880_40001426,False,planned,False,,,,,2026-09-07T20:27:16.249662+02:00
NSR:StopPlace:58886,Arendal stasjon,2026-09-07T16:37:00+02:00,2026-09-07T16:37:00+02:00,,0.0,0,Grimstad via Arendal sentrum,AKT:Line:101,Eydehavn-Arendal-Grimstad N/S,101,bus,AKT:ServiceJourney:71761_371_89_117600_121980_40000971,False,planned,False,,,,,2026-09-07T20:27:16.249662+02:00
NSR:StopPlace:58886,Arendal stasjon,2026-09-07T16:40:00+02:00,2026-09-07T16:40:00+02:00,,0.0,0,Sykehuset via Arendal sentrum,AKT:Line:111,Sykehuset-Arendal-Solåsen,111,bus,AKT:ServiceJourney:73601_211_33_117240_119340_40001010,False,planned,False,,,,,2026-09-07T20:27:16.249662+02:00
NSR:StopPlace:58886,Arendal stasjon,2026-09-07T16:47:00+02:00,2026-09-07T16:47:00+02:00,,0.0,0,Eydehavn,AKT:Line:101,Eydehavn-Arendal-Grimstad N/S,101,bus,AKT:ServiceJourney:71885_392_87_114360_118860_40001426,False,planned,False,,,,,2026-09-07T20:27:16.249662+02:00
NSR:StopPlace:58886,Arendal stasjon,2026-09-07T16:52:00+02:00,2026-09-07T16:52:00+02:00,,0.0,0,Arendal sentrum,AKT:Line:101,Eydehavn-Arendal-Grimstad N/S,101,bus,AKT:ServiceJourney:71762_381_32_119400_120780_3911100,False,planned,False,,,,,2026-09-07T20:27:16.249662+02:00
NSR:StopPlace:58886,Arendal stasjon,2026-09-07T16:57:00+02:00,2026-09-07T16:57:00+02:00,,0.0,0,Solåsen,AKT:Line:111,Sykehuset-Arendal-Solåsen,111,bus,AKT:ServiceJourney:73602_221_28_120840_122520_40001010,False,planned,False,,,,,2026-09-07T20:27:16.249662+02:00
NSR:StopPlace:58886,Arendal stasjon,2026-09-07T16:59:00+02:00,2026-09-07T16:59:00+02:00,,0.0,0,Arendal sentrum,AKT:Line:103,Tromøy Vest-Arendal-Hisøy,103,bus,AKT:ServiceJourney:83476_171_31_120120_121560_40001471,False,planned,False,,,,,2026-09-07T20:27:16.249662+02:00
NSR:StopPlace:58886,Arendal stasjon,2026-09-07T17:02:00+02:00,2026-09-07T17:02:00+02:00,,0.0,0,Tromøy Vest,AKT:Line:103,Tromøy Vest-Arendal-Hisøy,103,bus,AKT:ServiceJourney:83642_182_29_122400_123720_3911034,False,planned,False,,,,,2026-09-07T20:27:16.249662+02:00
NSR:StopPlace:58886,Arendal stasjon,2026-09-07T17:10:00+02:00,2026-09-07T17:10:00+02:00,,0.0,0,Arendal sentrum,AKT:Line:111,Sykehuset-Arendal-Solåsen,111,bus,AKT:ServiceJourney:73602_221_28_120840_122520_40001010,False,planned,False,,,,,2026-09-07T20:27:16.249662+02:00
NSR:StopPlace:58886,Arendal stasjon,2026-09-07T17:17:00+02:00,2026-09-07T17:17:00+02:00,,0.0,0,Eydehavn - korr. Staubø,AKT:Line:101,Eydehavn-Arendal-Grimstad N/S,101,bus,AKT:ServiceJourney:71887_410_87_117960_122460_40001426,False,planned,False,,,,,2026-09-07T20:27:16.249662+02:00
NSR:StopPlace:58886,Arendal stasjon,2026-09-07T17:22:00+02:00,2026-09-07T17:22:00+02:00,,0.0,0,Arendal sentrum,AKT:Line:101,Eydehavn-Arendal-Grimstad N/S,101,bus,AKT:ServiceJourney:71764_401_32_123000_124380_3911100,False,planned,False,,,,,2026-09-07T20:27:16.249662+02:00
NSR:StopPlace:58886,Arendal stasjon,2026-09-07T17:27:00+02:00,2026-09-07T17:27:00+02:00,,0.0,0,Solåsen,AKT:Line:111,Sykehuset-Arendal-Solåsen,111,bus,AKT:ServiceJourney:73603_231_23_125400_126600_40001009,False,planned,False,,,,,2026-09-07T20:27:16.249662+02:00
NSR:StopPlace:58886,Arendal stasjon,2026-09-07T17:40:00+02:00,2026-09-07T17:40:00+02:00,,0.0,0,Arendal sentrum,AKT:Line:111,Sykehuset-Arendal-Solåsen,111,bus,AKT:ServiceJourney:73603_231_23_125400_126600_40001009,False,planned,False,,,,,2026-09-07T20:27:16.249662+02:00
NSR:StopPlace:58888,Blakstad stasjon,2026-09-07T17:20:00+02:00,2026-09-07T17:20:00+02:00,,0.0,0,Arendal,GOA:Line:53,Sørtoget lokal,R50,rail,GOA:ServiceJourney:2073_63026-R,False,planned,False,,,,,2026-09-07T20:27:16.249662+02:00
NSR:StopPlace:58880,Neslandsvatn stasjon,2026-09-07T17:00:00+02:00,2026-09-07T17:00:00+02:00,,0.0,0,Kragerø,TEL:Line:8607,Drangedal-Kragerø,607,bus,TEL:ServiceJourney:126274,False,planned,False,,,,,2026-09-07T20:27:16.249662+02:00
NSR:StopPlace:58884,Skien stasjon,2026-09-07T16:28:00+02:00,2026-09-07T16:28:00+02:00,,0.0,0,Siljan,TEL:Line:8047,Siljan-Skien-Åfoss,P7,bus,TEL:ServiceJourney:127436,False,planned,False,,,,,2026-09-07T20:27:16.249662+02:00
NSR:StopPlace:58884,Skien stasjon,2026-09-07T16:28:00+02:00,2026-09-07T16:28:00+02:00,,0.0,0,Åfoss via Skien sentrum,TEL:Line:8047,Siljan-Skien-Åfoss,P7,bus,TEL:ServiceJourney:127392,False,planned,False,,,,,2026-09-07T20:27:16.249662+02:00
NSR:StopPlace:58884,Skien stasjon,2026-09-07T16:46:00+02:00,2026-09-07T16:46:00+02:00,,0.0,0,Skjelsvik via Klyve-Kongerød,TEL:Line:8043,Skien-Klyve-Skjelsvik,M3,bus,TEL:ServiceJourney:127194,False,planned,False,,,,,2026-09-07T20:27:16.249662+02:00
NSR:StopPlace:58884,Skien stasjon,2026-09-07T16:58:00+02:00,2026-09-07T16:58:00+02:00,,0.0,0,Siljan,TEL:Line:8047,Siljan-Skien-Åfoss,P7,bus,TEL:ServiceJourney:127437,False,planned,False,,,,,2026-09-07T20:27:16.249662+02:00
NSR:StopPlace:58884,Skien stasjon,2026-09-07T16:58:00+02:00,2026-09-07T16:58:00+02:00,,0.0,0,Åfoss via Skien sentrum,TEL:Line:8047,Siljan-Skien-Åfoss,P7,bus,TEL:ServiceJourney:127393,False,planned,False,,,,,2026-09-07T20:27:16.249662+02:00
NSR:StopPlace:58884,Skien stasjon,2026-09-07T17:03:00+02:00,2026-09-07T17:03:00+02:00,,0.0,0,Porsgrunn,VYG:Line:R55,Porsgrunn-Notodden,R55,rail,VYG:ServiceJourney:2485_443755-R,False,planned,False,,,,,2026-09-07T20:27:16.249662+02:00
NSR:StopPlace:58884,Skien stasjon,2026-09-07T19:21:00+02:00,2026-09-07T19:21:00+02:00,,0.0,0,Porsgrunn,VYG:Line:R55,Porsgrunn-Notodden,R55,rail,VYG:ServiceJourney:BUS-2487_698796-R,False,planned,False,,,,,2026-09-07T20:27:16.249662+02:00
NSR:StopPlace:58890,Nelaug stasjon,2026-09-07T17:00:00+02:00,2026-09-07T17:00:00+02:00,,0.0,0,Arendal,GOA:Line:53,Sørtoget lokal,R50,rail,GOA:ServiceJourney:2073_63026-R,False,planned,False,,,,,2026-09-07T20:27:16.249662+02:00
NSR:StopPlace:58892,Audnedal stasjon,2026-09-07T17:00:00+02:00,2026-09-07T17:00:00+02:00,,0.0,0,Konsmo,AKT:Line:4141,Konsmo - Byremo,414,bus,AKT:ServiceJourney:65445_34_5_122400_122820_1095512,False,planned,False,,,,,2026-09-07T20:27:16.249662+02:00
NSR:StopPlace:58893,Grovane stasjon,2026-09-07T17:20:00+02:00,2026-09-07T17:20:00+02:00,,0.0,0,Samkom,AKT:Line:31,Kvadraturen - Sødal - Vennesla,31,bus,AKT:ServiceJourney:79658_231_48_120600_122940_3950303,False,planned,False,,,,,2026-09-07T20:27:16.249662+02:00
NSR:StopPlace:58801,Sarpsborg stasjon,2026-09-07T16:31:00+02:00,2026-09-07T16:31:00+02:00,,0.0,0,Sarpsborg-Kalnes,OST:Line:1_13,Kalnes - Blessom,13,bus,OST:ServiceJourney:13_260325121470799_33,False,planned,False,,,,,2026-09-07T20:27:16.249662+02:00
NSR:StopPlace:58801,Sarpsborg stasjon,2026-09-07T16:34:00+02:00,2026-09-07T16:34:00+02:00,,0.0,0,Opsund,OST:Line:1_134,Sarpsborg - Opsund,134,bus,OST:ServiceJourney:134_260325121470905_8,False,planned,False,,,,,2026-09-07T20:27:16.249662+02:00
NSR:StopPlace:58801,Sarpsborg stasjon,2026-09-07T16:44:00+02:00,2026-09-07T16:44:00+02:00,,0.0,0,Opsund,OST:Line:1_134,Sarpsborg - Opsund,134,bus,OST:ServiceJourney:134_260325121470905_8,False,planned,False,,,,,2026-09-07T20:27:16.249662+02:00
NSR:StopPlace:58801,Sarpsborg stasjon,2026-09-07T16:44:00+02:00,2026-09-07T16:44:00+02:00,,0.0,0,Blessom,OST:Line:1_13,Kalnes - Blessom,13,bus,OST:ServiceJourney:13_260325121470796_30,False,planned,False,,,,,2026-09-07T20:27:16.249662+02:00
NSR:StopPlace:58801,Sarpsborg stasjon,2026-09-07T17:01:00+02:00,2026-09-07T17:01:00+02:00,,0.0,0,Sarpsborg-Kalnes,OST:Line:1_13,Kalnes - Blessom,13,bus,OST:ServiceJourney:13_260325121470802_35,False,planned,False,,,,,2026-09-07T20:27:16.249662+02:00
NSR:StopPlace:58801,Sarpsborg stasjon,2026-09-07T17:14:00+02:00,2026-09-07T17:14:00+02:00,,0.0,0,Blessom,OST:Line:1_13,Kalnes - Blessom,13,bus,OST:ServiceJourney:13_260325121470798_32,False,planned,False,,,,,2026-09-07T20:27:16.249662+02:00
NSR:StopPlace:58801,Sarpsborg stasjon,2026-09-07T17:31:00+02:00,2026-09-07T17:31:00+02:00,,0.0,0,Sarpsborg-Kalnes,OST:Line:1_13,Kalnes - Blessom,13,bus,OST:ServiceJourney:13_260325121470804_37,False,planned,False,,,,,2026-09-07T20:27:16.249662+02:00
NSR:StopPlace:58802,Spydeberg stasjon,2026-09-07T16:49:00+02:00,2026-09-07T16:49:00+02:00,,0.0,0,Spydeberg torv,OST:Line:1_408,Askim-Spydeberg-Svikebøl,408,bus,OST:ServiceJourney:408_260325121471827_8,False,planned,False,,,,,2026-09-07T20:27:16.249662+02:00
NSR:StopPlace:58802,Spydeberg stasjon,2026-09-07T16:59:00+02:00,2026-09-07T16:59:00+02:00,,0.0,0,Spydeberg torv,OST:Line:1_409,Askim-Spydeberg,409,bus,OST:ServiceJourney:409_260325121471821_8,False,planned,False,,,,,2026-09-07T20:27:16.249662+02:00
NSR:StopPlace:58802,Spydeberg stasjon,2026-09-07T17:06:00+02:00,2026-09-07T17:06:00+02:00,,0.0,0,Mysen,VYG:Line:R22,Skøyen-Oslo S-Mysen-Rakkestad,R22,rail,VYG:ServiceJourney:1953_443499-R,False,planned,False,,,,,2026-09-07T20:27:16.249662+02:00
NSR:StopPlace:58802,Spydeberg stasjon,2026-09-07T17:24:00+02:00,2026-09-07T17:24:00+02:00,,0.0,0,Oslo S,VYG:Line:R22,Skøyen-Oslo S-Mysen-Rakkestad,R22,rail,VYG:ServiceJourney:1928_443481-R,False,planned,False,,,,,2026-09-07T20:27:16.249662+02:00
NSR:StopPlace:58802,Spydeberg stasjon,2026-09-07T17:40:00+02:00,2026-09-07T17:40:00+02:00,,0.0,0,Rakkestad,VYG:Line:R22,Skøyen-Oslo S-Mysen-Rakkestad,R22,rail,VYG:ServiceJourney:1925_443475-R,False,planned,False,,,,,2026-09-07T20:27:16.249662+02:00
NSR:StopPlace:58802,Spydeberg stasjon,2026-09-07T18:20:00+02:00,2026-09-07T18:20:00+02:00,,0.0,0,Oslo S,VYG:Line:R22,Skøyen-Oslo S-Mysen-Rakkestad,R22,rail,VYG:ServiceJourney:1930-RST_443484-R,False,planned,False,,,,,2026-09-07T20:27:16.249662+02:00
NSR:StopPlace:58802,Spydeberg stasjon,2026-09-07T18:36:00+02:00,2026-09-07T18:36:00+02:00,,0.0,0,Rakkestad,VYG:Line:R22,Skøyen-Oslo S-Mysen-Rakkestad,R22,rail,VYG:ServiceJourney:1927_443479-R,False,planned,False,,,,,2026-09-07T20:27:16.249662+02:00
NSR:StopPlace:58802,Spydeberg stasjon,2026-09-07T19:20:00+02:00,2026-09-07T19:20:00+02:00,,0.0,0,Oslo S,VYG:Line:R22,Skøyen-Oslo S-Mysen-Rakkestad,R22,rail,VYG:ServiceJourney:1932_443486-R,False,planned,False,,,,,2026-09-07T20:27:16.249662+02:00
NSR:StopPlace:58803,Tomter stasjon,2026-09-07T16:58:00+02:00,2026-09-07T16:58:00+02:00,,0.0,0,Mysen,VYG:Line:R22,Skøyen-Oslo S-Mysen-Rakkestad,R22,rail,VYG:ServiceJourney:1953_443499-R,False,planned,False,,,,,2026-09-07T20:27:16.249662+02:00
NSR:StopPlace:58803,Tomter stasjon,2026-09-07T17:32:00+02:00,2026-09-07T17:32:00+02:00,,0.0,0,Rakkestad,VYG:Line:R22,Skøyen-Oslo S-Mysen-Rakkestad,R22,rail,VYG:ServiceJourney:1925_443475-R,False,planned,False,,,,,2026-09-07T20:27:16.249662+02:00
NSR:StopPlace:58803,Tomter stasjon,2026-09-07T17:32:00+02:00,2026-09-07T17:32:00+02:00,,0.0,0,Oslo S,VYG:Line:R22,Skøyen-Oslo S-Mysen-Rakkestad,R22,rail,VYG:ServiceJourney:1928_443481-R,False,planned,False,,,,,2026-09-07T20:27:16.249662+02:00
NSR:StopPlace:58803,Tomter stasjon,2026-09-07T18:28:00+02:00,2026-09-07T18:28:00+02:00,,0.0,0,Rakkestad,VYG:Line:R22,Skøyen-Oslo S-Mysen-Rakkestad,R22,rail,VYG:ServiceJourney:1927_443479-R,False,planned,False,,,,,2026-09-07T20:27:16.249662+02:00
NSR:StopPlace:58803,Tomter stasjon,2026-09-07T18:28:00+02:00,2026-09-07T18:28:00+02:00,,0.0,0,Oslo S,VYG:Line:R22,Skøyen-Oslo S-Mysen-Rakkestad,R22,rail,VYG:ServiceJourney:1930-RST_443484-R,False,planned,False,,,,,2026-09-07T20:27:16.249662+02:00
NSR:StopPlace:58803,Tomter stasjon,2026-09-07T19:28:00+02:00,2026-09-07T19:28:00+02:00,,0.0,0,Oslo S,VYG:Line:R22,Skøyen-Oslo S-Mysen-Rakkestad,R22,rail,VYG:ServiceJourney:1932_443486-R,False,planned,False,,,,,2026-09-07T20:27:16.249662+02:00
NSR:StopPlace:58804,Alvdal stasjon,2026-09-07T16:45:00+02:00,2026-09-07T16:45:00+02:00,,0.0,0,Tynset,INN:Line:181,Tynset - Alvdal - Folldal,181,bus,INN:ServiceJourney:84470,False,planned,False,,,,,2026-09-07T20:27:16.249662+02:00
NSR:StopPlace:58804,Alvdal stasjon,2026-09-07T16:52:00+02:00,2026-09-07T16:52:00+02:00,,0.0,0,Folldal,INN:Line:181,Tynset - Alvdal - Folldal,181,bus,INN:ServiceJourney:84455,False,planned,False,,,,,2026-09-07T20:27:16.249662+02:00
NSR:StopPlace:58804,Alvdal stasjon,2026-09-07T17:20:00+02:00,2026-09-07T17:20:00+02:00,,0.0,0,Hamar,SJN:Line:25,Rørosbanen,R60,rail,SJN:ServiceJourney:2390_37668-R,False,planned,False,,,,,2026-09-07T20:27:16.249662+02:00
NSR:StopPlace:58805,Brumunddal stasjon,2026-09-07T16:36:00+02:00,2026-09-07T16:36:00+02:00,,0.0,0,Rudshøgda,INN:Line:615,Brumunddal-Rudshøgda-Moelv,615,bus,INN:ServiceJourney:83106,False,planned,False,,,,,2026-09-07T20:27:16.249662+02:00
NSR:StopPlace:58805,Brumunddal stasjon,2026-09-07T16:38:00+02:00,2026-09-07T16:38:00+02:00,,0.0,0,Nybygda,INN:Line:635,Brumunddal-Nybygda-Brumunddal,635,bus,INN:ServiceJourney:83287,False,planned,False,,,,,2026-09-07T20:27:16.249662+02:00
NSR:StopPlace:58805,Brumunddal stasjon,2026-09-07T16:38:00+02:00,2026-09-07T16:38:00+02:00,,0.0,0,Brumund,INN:Line:636,Brumunddal-Brumund-Brumunddal,636,bus,INN:ServiceJourney:83299,False,planned,False,,,,,2026-09-07T20:27:16.249662+02:00
NSR:StopPlace:58805,Brumunddal stasjon,2026-09-07T16:39:00+02:00,2026-09-07T16:39:00+02:00,,0.0,0,Stensengdalen - Gaupen,INN:Line:619,Br.dal-Stenseng.-Gaupen-Br.dal,619,bus,INN:ServiceJourney:83129,False,planned,False,,,,,2026-09-07T20:27:16.249662+02:00
NSR:StopPlace:58805,Brumunddal stasjon,2026-09-07T16:49:00+02:00,2026-09-07T16:49:00+02:00,,0.0,0,Drammen,VYG:Line:RE10,Drammen-Oslo S-Lillehammer,RE10,rail,VYG:ServiceJourney:326-LHM_444219-R,False,planned,False,,,,,2026-09-07T20:27:16.249662+02:00
NSR:StopPlace:58805,Brumunddal stasjon,2026-09-07T16:50:00+02:00,2026-09-07T16:50:00+02:00,,0.0,0,Stavsjø,INN:Line:614,Brumunddal - Stavsjø,614,bus,INN:ServiceJourney:83044,False,planned,False,,,,,2026-09-07T20:27:16.249662+02:00
NSR:StopPlace:58805,Brumunddal stasjon,2026-09-07T17:03:00+02:00,2026-09-07T17:03:00+02:00,,0.0,0,Lillehammer,VYG:Line:RE10,Drammen-Oslo S-Lillehammer,RE10,rail,VYG:ServiceJourney:323-SUD_486402-R,False,planned,False,,,,,2026-09-07T20:27:16.249662+02:00
NSR:StopPlace:58805,Brumunddal stasjon,2026-09-07T18:03:00+02:00,2026-09-07T18:03:00+02:00,,0.0,0,Lillehammer,VYG:Line:RE10,Drammen-Oslo S-Lillehammer,RE10,rail,VYG:ServiceJourney:325-SUD_444215-R,False,planned,False,,,,,2026-09-07T20:27:16.249662+02:00
NSR:StopPlace:58805,Brumunddal stasjon,2026-09-07T19:03:00+02:00,2026-09-07T19:03:00+02:00,,0.0,0,Lillehammer,VYG:Line:RE10,Drammen-Oslo S-Lillehammer,RE10,rail,VYG:ServiceJourney:327-SUD_444222-R,False,planned,False,,,,,2026-09-07T20:27:16.249662+02:00
NSR:StopPlace:58806,Evenstad stasjon,2026-09-07T18:40:00+02:00,2026-09-07T18:40:00+02:00,,0.0,0,Hamar,SJN:Line:25,Rørosbanen,R60,rail,SJN:ServiceJourney:2390_37668-R,False,planned,False,,,,,2026-09-07T20:27:16.249662+02:00
NSR:StopPlace:58807,Hanestad stasjon,2026-09-07T17:47:00+02:00,2026-09-07T17:47:00+02:00,,0.0,0,Hamar,SJN:Line:25,Rørosbanen,R60,rail,SJN:ServiceJourney:2390_37668-R,False,planned,False,,,,,2026-09-07T20:27:16.249662+02:00
NSR:StopPlace:58808,Kongsvinger stasjon,2026-09-07T16:28:00+02:00,2026-09-07T16:28:00+02:00,,0.0,0,Sykehuset - Bogeråsen,INN:Line:81,Bogeråsen - Rasta,B81,bus,INN:ServiceJourney:54318,False,planned,False,,,,,2026-09-07T20:27:16.249662+02:00
NSR:StopPlace:58808,Kongsvinger stasjon,2026-09-07T16:28:00+02:00,2026-09-07T16:28:00+02:00,,0.0,0,Rasta - Vennersberg,INN:Line:81,Bogeråsen - Rasta,B81,bus,INN:ServiceJourney:54319,False,planned,False,,,,,2026-09-07T20:27:16.249662+02:00
NSR:StopPlace:58808,Kongsvinger stasjon,2026-09-07T16:29:00+02:00,2026-09-07T16:29:00+02:00,,0.0,0,Marikollen,INN:Line:82,Skriverskogen - Marikollen,B82,bus,INN:ServiceJourney:54354,False,planned,False,,,,,2026-09-07T20:27:16.249662+02:00
NSR:StopPlace:58808,Kongsvinger stasjon,2026-09-07T16:35:00+02:00,2026-09-07T16:35:00+02:00,,0.0,0,Charlottenberg,INN:Line:120,Kongsvinger - Charlottenberg,120,bus,INN:ServiceJourney:54587,False,planned,False,,,,,2026-09-07T20:27:16.249662+02:00
NSR:StopPlace:58808,Kongsvinger stasjon,2026-09-07T16:36:00+02:00,2026-09-07T16:36:00+02:00,,0.0,0,Asker,VYG:Line:R14,Asker-Oslo S-Kongsvinger,R14,rail,VYG:ServiceJourney:1026_442936-R,False,planned,False,,,,,2026-09-07T20:27:16.249662+02:00
NSR:StopPlace:58808,Kongsvinger stasjon,2026-09-07T16:39:00+02:00,2026-09-07T16:39:00+02:00,,0.0,0,Skarnes - Sand,INN:Line:700,Kongsvinger-Skarnes-Sand,700,bus,INN:ServiceJourney:82362,False,planned,False,,,,,2026-09-07T20:27:16.249662+02:00
NSR:StopPlace:58808,Kongsvinger stasjon,2026-09-07T16:39:00+02:00,2026-09-07T16:39:00+02:00,,0.0,0,Flisa - Hamar,INN:Line:105,Kongsvinger - Elverum - Hamar,105,bus,INN:ServiceJourney:83657,False,planned,False,,,,,2026-09-07T20:27:16.249662+02:00
NSR:StopPlace:58808,Kongsvinger stasjon,2026-09-07T16:58:00+02:00,2026-09-07T16:58:00+02:00,,0.0,0,Skriverskogen,INN:Line:82,Skriverskogen - Marikollen,B82,bus,INN:ServiceJourney:54354,False,planned,False,,,,,2026-09-07T20:27:16.249662+02:00
NSR:StopPlace:58808,Kongsvinger stasjon,2026-09-07T16:58:00+02:00,2026-09-07T16:58:00+02:00,,0.0,0,Sykehuset - Bogeråsen,INN:Line:81,Bogeråsen - Rasta,B81,bus,INN:ServiceJourney:54319,False,planned,False,,,,,2026-09-07T20:27:16.249662+02:00
NSR:StopPlace:58808,Kongsvinger stasjon,2026-09-07T16:58:00+02:00,2026-09-07T16:58:00+02:00,,0.0,0,Rasta - Vennersberg,INN:Line:81,Bogeråsen - Rasta,B81,bus,INN:ServiceJourney:54320,False,planned,False,,,,,2026-09-07T20:27:16.249662+02:00
NSR:StopPlace:58808,Kongsvinger stasjon,2026-09-07T17:28:00+02:00,2026-09-07T17:28:00+02:00,,0.0,0,Sykehuset - Bogeråsen,INN:Line:81,Bogeråsen - Rasta,B81,bus,INN:ServiceJourney:54320,False,planned,False,,,,,2026-09-07T20:27:16.249662+02:00
NSR:StopPlace:58808,Kongsvinger stasjon,2026-09-07T17:28:00+02:00,2026-09-07T17:28:00+02:00,,0.0,0,Rasta - Vennersberg,INN:Line:81,Bogeråsen - Rasta,B81,bus,INN:ServiceJourney:54321,False,planned,False,,,,,2026-09-07T20:27:16.249662+02:00
NSR:StopPlace:58808,Kongsvinger stasjon,2026-09-07T17:29:00+02:00,2026-09-07T17:29:00+02:00,,0.0,0,Marikollen,INN:Line:82,Skriverskogen - Marikollen,B82,bus,INN:ServiceJourney:54355,False,planned,False,,,,,2026-09-07T20:27:16.249662+02:00
NSR:StopPlace:58808,Kongsvinger stasjon,2026-09-07T17:35:00+02:00,2026-09-07T17:35:00+02:00,,0.0,0,Charlottenberg,INN:Line:120,Kongsvinger - Charlottenberg,120,bus,INN:ServiceJourney:54588,False,planned,False,,,,,2026-09-07T20:27:16.249662+02:00
NSR:StopPlace:58808,Kongsvinger stasjon,2026-09-07T17:35:00+02:00,2026-09-07T17:35:00+02:00,,0.0,0,Asker,VYG:Line:R14,Asker-Oslo S-Kongsvinger,R14,rail,VYG:ServiceJourney:1028_442938-R,False,planned,False,,,,,2026-09-07T20:27:16.249662+02:00
NSR:StopPlace:58808,Kongsvinger stasjon,2026-09-07T17:39:00+02:00,2026-09-07T17:39:00+02:00,,0.0,0,Flisa - Hamar,INN:Line:105,Kongsvinger - Elverum - Hamar,105,bus,INN:ServiceJourney:83658,False,planned,False,,,,,2026-09-07T20:27:16.249662+02:00
NSR:StopPlace:58808,Kongsvinger stasjon,2026-09-07T17:58:00+02:00,2026-09-07T17:58:00+02:00,,0.0,0,Skriverskogen,INN:Line:82,Skriverskogen - Marikollen,B82,bus,INN:ServiceJourney:54355,False,planned,False,,,,,2026-09-07T20:27:16.249662+02:00
NSR:StopPlace:58808,Kongsvinger stasjon,2026-09-07T17:58:00+02:00,2026-09-07T17:58:00+02:00,,0.0,0,Sykehuset - Bogeråsen,INN:Line:81,Bogeråsen - Rasta,B81,bus,INN:ServiceJourney:54321,False,planned,False,,,,,2026-09-07T20:27:16.249662+02:00
NSR:StopPlace:58808,Kongsvinger stasjon,2026-09-07T17:58:00+02:00,2026-09-07T17:58:00+02:00,,0.0,0,Rasta - Vennersberg,INN:Line:81,Bogeråsen - Rasta,B81,bus,INN:ServiceJourney:54322,False,planned,False,,,,,2026-09-07T20:27:16.249662+02:00
NSR:StopPlace:58808,Kongsvinger stasjon,2026-09-07T18:04:00+02:00,2026-09-07T18:04:00+02:00,,0.0,0,Karlstad-Stockholm,SJV:Line:cfac9102-49ef-476c-8663-a6d468ee4f36,Stockholm-Hallsberg-Karlstad-Oslo,70,rail,SJV:ServiceJourney:6e4dcfd0-8b9a-415b-a449-46574a457867,False,planned,False,,,,,2026-09-07T20:27:16.249662+02:00
NSR:StopPlace:58808,Kongsvinger stasjon,2026-09-07T18:28:00+02:00,2026-09-07T18:28:00+02:00,,0.0,0,Sykehuset - Bogeråsen,INN:Line:81,Bogeråsen - Rasta,B81,bus,INN:ServiceJourney:54322,False,planned,False,,,,,2026-09-07T20:27:16.249662+02:00
NSR:StopPlace:58808,Kongsvinger stasjon,2026-09-07T18:29:00+02:00,2026-09-07T18:29:00+02:00,,0.0,0,Marikollen,INN:Line:82,Skriverskogen - Marikollen,B82,bus,INN:ServiceJourney:54356,False,planned,False,,,,,2026-09-07T20:27:16.249662+02:00
NSR:StopPlace:58808,Kongsvinger stasjon,2026-09-07T18:35:00+02:00,2026-09-07T18:35:00+02:00,,0.0,0,Charlottenberg,INN:Line:120,Kongsvinger - Charlottenberg,120,bus,INN:ServiceJourney:54589,False,planned,False,,,,,2026-09-07T20:27:16.249662+02:00
NSR:StopPlace:58808,Kongsvinger stasjon,2026-09-07T18:39:00+02:00,2026-09-07T18:39:00+02:00,,0.0,0,Skarnes - Sand,INN:Line:700,Kongsvinger-Skarnes-Sand,700,bus,INN:ServiceJourney:82363,False,planned,False,,,,,2026-09-07T20:27:16.249662+02:00
NSR:StopPlace:58808,Kongsvinger stasjon,2026-09-07T18:39:00+02:00,2026-09-07T18:39:00+02:00,,0.0,0,Flisa,INN:Line:105,Kongsvinger - Elverum - Hamar,105,bus,INN:ServiceJourney:83660,False,planned,False,,,,,2026-09-07T20:27:16.249662+02:00
NSR:StopPlace:58808,Kongsvinger stasjon,2026-09-07T18:58:00+02:00,2026-09-07T18:58:00+02:00,,0.0,0,Skriverskogen,INN:Line:82,Skriverskogen - Marikollen,B82,bus,INN:ServiceJourney:54356,False,planned,False,,,,,2026-09-07T20:27:16.249662+02:00
NSR:StopPlace:58808,Kongsvinger stasjon,2026-09-07T18:58:00+02:00,2026-09-07T18:58:00+02:00,,0.0,0,Rasta - Vennersberg,INN:Line:81,Bogeråsen - Rasta,B81,bus,INN:ServiceJourney:54324,False,planned,False,,,,,2026-09-07T20:27:16.249662+02:00
NSR:StopPlace:58808,Kongsvinger stasjon,2026-09-07T19:28:00+02:00,2026-09-07T19:28:00+02:00,,0.0,0,Rasta - Vennersberg,INN:Line:81,Bogeråsen - Rasta,B81,bus,INN:ServiceJourney:54325,False,planned,False,,,,,2026-09-07T20:27:16.249662+02:00
NSR:StopPlace:58808,Kongsvinger stasjon,2026-09-07T19:28:00+02:00,2026-09-07T19:28:00+02:00,,0.0,0,Sykehuset - Bogeråsen,INN:Line:81,Bogeråsen - Rasta,B81,bus,INN:ServiceJourney:54324,False,planned,False,,,,,2026-09-07T20:27:16.249662+02:00
NSR:StopPlace:58808,Kongsvinger stasjon,2026-09-07T19:29:00+02:00,2026-09-07T19:29:00+02:00,,0.0,0,Marikollen,INN:Line:82,Skriverskogen - Marikollen,B82,bus,INN:ServiceJourney:54357,False,planned,False,,,,,2026-09-07T20:27:16.249662+02:00
NSR:StopPlace:58808,Kongsvinger stasjon,2026-09-07T19:48:00+02:00,2026-09-07T19:48:00+02:00,,0.0,0,Oslo,SJV:Line:cfac9102-49ef-476c-8663-a6d468ee4f36,Stockholm-Hallsberg-Karlstad-Oslo,70,rail,SJV:ServiceJourney:f59f3584-31a7-4ab0-bd01-0245b6e36da4,False,planned,False,,,,,2026-09-07T20:27:16.249662+02:00
NSR:StopPlace:58808,Kongsvinger stasjon,2026-09-07T19:58:00+02:00,2026-09-07T19:58:00+02:00,,0.0,0,Skriverskogen,INN:Line:82,Skriverskogen - Marikollen,B82,bus,INN:ServiceJourney:54357,False,planned,False,,,,,2026-09-07T20:27:16.249662+02:00
NSR:StopPlace:58808,Kongsvinger stasjon,2026-09-07T19:58:00+02:00,2026-09-07T19:58:00+02:00,,0.0,0,Sykehuset - Bogeråsen,INN:Line:81,Bogeråsen - Rasta,B81,bus,INN:ServiceJourney:54325,False,planned,False,,,,,2026-09-07T20:27:16.249662+02:00
NSR:StopPlace:58809,Koppang stasjon,2026-09-07T18:23:00+02:00,2026-09-07T18:23:00+02:00,,0.0,0,Hamar,SJN:Line:25,Rørosbanen,R60,rail,SJN:ServiceJourney:2390_37668-R,False,planned,False,,,,,2026-09-07T20:27:16.249662+02:00
NSR:StopPlace:58810,Løten stasjon,2026-09-07T16:36:00+02:00,2026-09-07T16:36:00+02:00,,0.0,0,Hamar - Brumunddal,INN:Line:26,Brumunddal - Hamar - Løten,B26,bus,INN:ServiceJourney:54052,False,planned,False,,,,,2026-09-07T20:27:16.249662+02:00
NSR:StopPlace:58810,Løten stasjon,2026-09-07T16:51:00+02:00,2026-09-07T16:51:00+02:00,,0.0,0,Løten,INN:Line:26,Brumunddal - Hamar - Løten,B26,bus,INN:ServiceJourney:53997,False,planned,False,,,,,2026-09-07T20:27:16.249662+02:00
NSR:StopPlace:58810,Løten stasjon,2026-09-07T17:06:00+02:00,2026-09-07T17:06:00+02:00,,0.0,0,Hamar - Brumunddal,INN:Line:26,Brumunddal - Hamar - Løten,B26,bus,INN:ServiceJourney:54053,False,planned,False,,,,,2026-09-07T20:27:16.249662+02:00
NSR:StopPlace:58810,Løten stasjon,2026-09-07T17:07:00+02:00,2026-09-07T17:07:00+02:00,,0.0,0,Brenneriroa,INN:Line:804,Løten - Elverum - Hernes,804,bus,INN:ServiceJourney:86293,False,planned,False,,,,,2026-09-07T20:27:16.249662+02:00
NSR:StopPlace:58810,Løten stasjon,2026-09-07T17:20:00+02:00,2026-09-07T17:20:00+02:00,,0.0,0,Elverum,INN:Line:804,Løten - Elverum - Hernes,804,bus,INN:ServiceJourney:86283,False,planned,False,,,,,2026-09-07T20:27:16.249662+02:00
NSR:StopPlace:58810,Løten stasjon,2026-09-07T17:21:00+02:00,2026-09-07T17:21:00+02:00,,0.0,0,Løten,INN:Line:26,Brumunddal - Hamar - Løten,B26,bus,INN:ServiceJourney:53998,False,planned,False,,,,,2026-09-07T20:27:16.249662+02:00
NSR:StopPlace:58810,Løten stasjon,2026-09-07T17:31:00+02:00,2026-09-07T17:31:00+02:00,,0.0,0,Hamar,SJN:Line:25,Rørosbanen,R60,rail,SJN:ServiceJourney:2388_37666-R,False,planned,False,,,,,2026-09-07T20:27:16.249662+02:00
NSR:StopPlace:58810,Løten stasjon,2026-09-07T17:36:00+02:00,2026-09-07T17:36:00+02:00,,0.0,0,Hamar - Brumunddal,INN:Line:26,Brumunddal - Hamar - Løten,B26,bus,INN:ServiceJourney:54054,False,planned,False,,,,,2026-09-07T20:27:16.249662+02:00
NSR:StopPlace:58810,Løten stasjon,2026-09-07T17:51:00+02:00,2026-09-07T17:51:00+02:00,,0.0,0,Løten,INN:Line:26,Brumunddal - Hamar - Løten,B26,bus,INN:ServiceJourney:53999,False,planned,False,,,,,2026-09-07T20:27:16.249662+02:00
NSR:StopPlace:58810,Løten stasjon,2026-09-07T18:06:00+02:00,2026-09-07T18:06:00+02:00,,0.0,0,Hamar - Brumunddal,INN:Line:26,Brumunddal - Hamar - Løten,B26,bus,INN:ServiceJourney:54055,False,planned,False,,,,,2026-09-07T20:27:16.249662+02:00
NSR:StopPlace:58810,Løten stasjon,2026-09-07T18:21:00+02:00,2026-09-07T18:21:00+02:00,,0.0,0,Løten,INN:Line:26,Brumunddal - Hamar - Løten,B26,bus,INN:ServiceJourney:54000,False,planned,False,,,,,2026-09-07T20:27:16.249662+02:00
NSR:StopPlace:58810,Løten stasjon,2026-09-07T18:36:00+02:00,2026-09-07T18:36:00+02:00,,0.0,0,Hamar - Brumunddal,INN:Line:26,Brumunddal - Hamar - Løten,B26,bus,INN:ServiceJourney:54056,False,planned,False,,,,,2026-09-07T20:27:16.249662+02:00
NSR:StopPlace:58810,Løten stasjon,2026-09-07T18:51:00+02:00,2026-09-07T18:51:00+02:00,,0.0,0,Løten,INN:Line:26,Brumunddal - Hamar - Løten,B26,bus,INN:ServiceJourney:54001,False,planned,False,,,,,2026-09-07T20:27:16.249662+02:00
NSR:StopPlace:58810,Løten stasjon,2026-09-07T18:58:00+02:00,2026-09-07T18:58:00+02:00,,0.0,0,Elverum,INN:Line:804,Løten - Elverum - Hernes,804,bus,INN:ServiceJourney:86284,False,planned,False,,,,,2026-09-07T20:27:16.249662+02:00
NSR:StopPlace:58810,Løten stasjon,2026-09-07T19:38:00+02:00,2026-09-07T19:38:00+02:00,,0.0,0,Hamar,SJN:Line:25,Rørosbanen,R60,rail,SJN:ServiceJourney:2390_37668-R,False,planned,False,,,,,2026-09-07T20:27:16.249662+02:00
NSR:StopPlace:58810,Løten stasjon,2026-09-07T19:51:00+02:00,2026-09-07T19:51:00+02:00,,0.0,0,Løten,INN:Line:26,Brumunddal - Hamar - Løten,B26,bus,INN:ServiceJourney:54002,False,planned,False,,,,,2026-09-07T20:27:16.249662+02:00
NSR:StopPlace:58811,Moelv stasjon,2026-09-07T16:36:00+02:00,2026-09-07T16:36:00+02:00,,0.0,0,Fossen - Næroset,INN:Line:610,Næroset - Fossen - Moelv,610,bus,INN:ServiceJourney:83028,False,planned,False,,,,,2026-09-07T20:27:16.249662+02:00
NSR:StopPlace:58811,Moelv stasjon,2026-09-07T17:00:00+02:00,2026-09-07T17:00:00+02:00,,0.0,0,Lillehammer,INN:Line:600,Moelv - Lillehammer,600,bus,INN:ServiceJourney:82446,False,planned,False,,,,,2026-09-07T20:27:16.249662+02:00
NSR:StopPlace:58811,Moelv stasjon,2026-09-07T17:15:00+02:00,2026-09-07T17:15:00+02:00,,0.0,0,Lillehammer,VYG:Line:RE10,Drammen-Oslo S-Lillehammer,RE10,rail,VYG:ServiceJourney:323-SUD_486402-R,False,planned,False,,,,,2026-09-07T20:27:16.249662+02:00
NSR:StopPlace:58811,Moelv stasjon,2026-09-07T17:26:00+02:00,2026-09-07T17:26:00+02:00,,0.0,0,Hamar,INN:Line:100,Hamar - Gjøvik,100,bus,INN:ServiceJourney:83510,False,planned,False,,,,,2026-09-07T20:27:16.249662+02:00
NSR:StopPlace:58811,Moelv stasjon,2026-09-07T17:32:00+02:00,2026-09-07T17:32:00+02:00,,0.0,0,Gjøvik,INN:Line:100,Hamar - Gjøvik,100,bus,INN:ServiceJourney:83465,False,planned,False,,,,,2026-09-07T20:27:16.249662+02:00
NSR:StopPlace:58811,Moelv stasjon,2026-09-07T17:36:00+02:00,2026-09-07T17:36:00+02:00,,0.0,0,Fossen - Åsmarka,INN:Line:610,Næroset - Fossen - Moelv,610,bus,INN:ServiceJourney:83030,False,planned,False,,,,,2026-09-07T20:27:16.249662+02:00
NSR:StopPlace:58811,Moelv stasjon,2026-09-07T18:15:00+02:00,2026-09-07T18:15:00+02:00,,0.0,0,Lillehammer,VYG:Line:RE10,Drammen-Oslo S-Lillehammer,RE10,rail,VYG:ServiceJourney:325-SUD_444215-R,False,planned,False,,,,,2026-09-07T20:27:16.249662+02:00
NSR:StopPlace:58811,Moelv stasjon,2026-09-07T18:32:00+02:00,2026-09-07T18:32:00+02:00,,0.0,0,Gjøvik,INN:Line:100,Hamar - Gjøvik,100,bus,INN:ServiceJourney:83466,False,planned,False,,,,,2026-09-07T20:27:16.249662+02:00
NSR:StopPlace:58811,Moelv stasjon,2026-09-07T19:15:00+02:00,2026-09-07T19:15:00+02:00,,0.0,0,Lillehammer,VYG:Line:RE10,Drammen-Oslo S-Lillehammer,RE10,rail,VYG:ServiceJourney:327-SUD_444222-R,False,planned,False,,,,,2026-09-07T20:27:16.249662+02:00
NSR:StopPlace:58811,Moelv stasjon,2026-09-07T19:32:00+02:00,2026-09-07T19:32:00+02:00,,0.0,0,Gjøvik,INN:Line:100,Hamar - Gjøvik,100,bus,INN:ServiceJourney:83467,False,planned,False,,,,,2026-09-07T20:27:16.249662+02:00
NSR:StopPlace:58812,Os stasjon,2026-09-07T16:32:00+02:00,2026-09-07T16:32:00+02:00,,0.0,0,Tynset,INN:Line:182,Tynset - Røros,182,bus,INN:ServiceJourney:74878,False,planned,False,,,,,2026-09-07T20:27:16.249662+02:00
NSR:StopPlace:58812,Os stasjon,2026-09-07T16:33:00+02:00,2026-09-07T16:33:00+02:00,,0.0,0,Hamar,SJN:Line:25,Rørosbanen,R60,rail,SJN:ServiceJourney:2390_37668-R,False,planned,False,,,,,2026-09-07T20:27:16.249662+02:00
NSR:StopPlace:58812,Os stasjon,2026-09-07T17:05:00+02:00,2026-09-07T17:05:00+02:00,,0.0,0,Røros,INN:Line:182,Tynset - Røros,182,bus,INN:ServiceJourney:74867,False,planned,False,,,,,2026-09-07T20:27:16.249662+02:00
NSR:StopPlace:58812,Os stasjon,2026-09-07T17:42:00+02:00,2026-09-07T17:42:00+02:00,,0.0,0,Tynset,INN:Line:182,Tynset - Røros,182,bus,INN:ServiceJourney:74879,False,planned,False,,,,,2026-09-07T20:27:16.249662+02:00
NSR:StopPlace:58812,Os stasjon,2026-09-07T18:03:00+02:00,2026-09-07T18:03:00+02:00,,0.0,0,Røros,INN:Line:182,Tynset - Røros,182,bus,INN:ServiceJourney:74868,False,planned,False,,,,,2026-09-07T20:27:16.249662+02:00
NSR:StopPlace:58813,Skarnes stasjon,2026-09-07T16:49:00+02:00,2026-09-07T16:49:00+02:00,,0.0,0,Asker,VYG:Line:R14,Asker-Oslo S-Kongsvinger,R14,rail,VYG:ServiceJourney:1026_442936-R,False,planned,False,Heis på Skarnes ute av drift,Heisen på Skarnes til spor 2 er ute av drift.,general,normal,2026-09-07T20:27:16.249662+02:00
NSR:StopPlace:58813,Skarnes stasjon,2026-09-07T17:08:00+02:00,2026-09-07T17:08:00+02:00,,0.0,0,Kongsvinger,VYG:Line:R14,Asker-Oslo S-Kongsvinger,R14,rail,VYG:ServiceJourney:1023_442932-R,False,planned,False,Heis på Skarnes ute av drift,Heisen på Skarnes til spor 2 er ute av drift.,general,normal,2026-09-07T20:27:16.249662+02:00
NSR:StopPlace:58813,Skarnes stasjon,2026-09-07T17:14:00+02:00,2026-09-07T17:14:00+02:00,,0.0,0,Sand,INN:Line:700,Kongsvinger-Skarnes-Sand,700,bus,INN:ServiceJourney:82362,False,planned,False,,,,,2026-09-07T20:27:16.249662+02:00
NSR:StopPlace:58813,Skarnes stasjon,2026-09-07T17:35:00+02:00,2026-09-07T17:35:00+02:00,,0.0,0,Kongsvinger,VYG:Line:R14,Asker-Oslo S-Kongsvinger,R14,rail,VYG:ServiceJourney:1053-HAV_442957-R,False,planned,False,Heis på Skarnes ute av drift,Heisen på Skarnes til spor 2 er ute av drift.,general,normal,2026-09-07T20:27:16.249662+02:00
NSR:StopPlace:58813,Skarnes stasjon,2026-09-07T17:49:00+02:00,2026-09-07T17:49:00+02:00,,0.0,0,Asker,VYG:Line:R14,Asker-Oslo S-Kongsvinger,R14,rail,VYG:ServiceJourney:1028_442938-R,False,planned,False,Heis på Skarnes ute av drift,Heisen på Skarnes til spor 2 er ute av drift.,general,normal,2026-09-07T20:27:16.249662+02:00
NSR:StopPlace:58813,Skarnes stasjon,2026-09-07T18:08:00+02:00,2026-09-07T18:08:00+02:00,,0.0,0,Kongsvinger,VYG:Line:R14,Asker-Oslo S-Kongsvinger,R14,rail,VYG:ServiceJourney:1025_442935-R,False,planned,False,Heis på Skarnes ute av drift,Heisen på Skarnes til spor 2 er ute av drift.,general,normal,2026-09-07T20:27:16.249662+02:00
NSR:StopPlace:58813,Skarnes stasjon,2026-09-07T19:08:00+02:00,2026-09-07T19:08:00+02:00,,0.0,0,Kongsvinger,VYG:Line:R14,Asker-Oslo S-Kongsvinger,R14,rail,VYG:ServiceJourney:1027_442937-R,False,planned,False,Heis på Skarnes ute av drift,Heisen på Skarnes til spor 2 er ute av drift.,general,normal,2026-09-07T20:27:16.249662+02:00
NSR:StopPlace:58813,Skarnes stasjon,2026-09-07T19:14:00+02:00,2026-09-07T19:14:00+02:00,,0.0,0,Sand,INN:Line:700,Kongsvinger-Skarnes-Sand,700,bus,INN:ServiceJourney:82363,False,planned,False,,,,,2026-09-07T20:27:16.249662+02:00
NSR:StopPlace:58814,Tolga stasjon,2026-09-07T16:44:00+02:00,2026-09-07T16:44:00+02:00,,0.0,0,Røros,INN:Line:182,Tynset - Røros,182,bus,INN:ServiceJourney:74867,False,planned,False,,,,,2026-09-07T20:27:16.249662+02:00
NSR:StopPlace:58814,Tolga stasjon,2026-09-07T16:46:00+02:00,2026-09-07T16:46:00+02:00,,0.0,0,Hamar,SJN:Line:25,Rørosbanen,R60,rail,SJN:ServiceJourney:2390_37668-R,False,planned,False,,,,,2026-09-07T20:27:16.249662+02:00
NSR:StopPlace:58814,Tolga stasjon,2026-09-07T16:52:00+02:00,2026-09-07T16:52:00+02:00,,0.0,0,Tynset,INN:Line:182,Tynset - Røros,182,bus,INN:ServiceJourney:74878,False,planned,False,,,,,2026-09-07T20:27:16.249662+02:00
NSR:StopPlace:58814,Tolga stasjon,2026-09-07T17:43:00+02:00,2026-09-07T17:43:00+02:00,,0.0,0,Røros,INN:Line:182,Tynset - Røros,182,bus,INN:ServiceJourney:74868,False,planned,False,,,,,2026-09-07T20:27:16.249662+02:00
NSR:StopPlace:58814,Tolga stasjon,2026-09-07T18:02:00+02:00,2026-09-07T18:02:00+02:00,,0.0,0,Tynset,INN:Line:182,Tynset - Røros,182,bus,INN:ServiceJourney:74879,False,planned,False,,,,,2026-09-07T20:27:16.249662+02:00
NSR:StopPlace:58815,Bleiken stasjon,2026-09-07T17:11:00+02:00,2026-09-07T17:11:00+02:00,,0.0,0,Roa,VYG:Line:R31,Skøyen-Jaren-Gjøvik,R31,rail,VYG:ServiceJourney:226-GJOe_648873-R,False,planned,False,,,,,2026-09-07T20:27:16.249662+02:00
NSR:StopPlace:58815,Bleiken stasjon,2026-09-07T17:28:00+02:00,2026-09-07T17:28:00+02:00,,0.0,0,Gjøvik,VYG:Line:RE30,Oslo S-Gjøvik,RE30,rail,VYG:ServiceJourney:1223-ROA_589169-R,False,planned,False,,,,,2026-09-07T20:27:16.249662+02:00
NSR:StopPlace:58815,Bleiken stasjon,2026-09-07T18:11:00+02:00,2026-09-07T18:11:00+02:00,,0.0,0,Roa,VYG:Line:R31,Skøyen-Jaren-Gjøvik,R31,rail,VYG:ServiceJourney:228-GJOe_648901-R,False,planned,False,,,,,2026-09-07T20:27:16.249662+02:00
NSR:StopPlace:58815,Bleiken stasjon,2026-09-07T18:28:00+02:00,2026-09-07T18:28:00+02:00,,0.0,0,Gjøvik,VYG:Line:RE30,Oslo S-Gjøvik,RE30,rail,VYG:ServiceJourney:1225-ROA_589175-R,False,planned,False,,,,,2026-09-07T20:27:16.249662+02:00
NSR:StopPlace:58815,Bleiken stasjon,2026-09-07T19:11:00+02:00,2026-09-07T19:11:00+02:00,,0.0,0,Roa,VYG:Line:R31,Skøyen-Jaren-Gjøvik,R31,rail,VYG:ServiceJourney:230-GJOe_648910-R,False,planned,False,,,,,2026-09-07T20:27:16.249662+02:00
NSR:StopPlace:58816,Dombås stasjon,2026-09-07T18:24:00+02:00,2026-09-07T18:24:00+02:00,,0.0,0,Åndalsnes,SJN:Line:22,Raumabanen,R65,rail,SJN:ServiceJourney:2347_41158-R,False,planned,False,,,,,2026-09-07T20:27:16.249662+02:00
NSR:StopPlace:58817,Eina stasjon,2026-09-07T16:43:00+02:00,2026-09-07T16:43:00+02:00,,0.0,0,Reinsvoll,INN:Line:406,Gjø.-Reinsv.-Eina-Reinsv.-Gjø.,406,bus,INN:ServiceJourney:97394,False,planned,False,,,,,2026-09-07T20:27:16.249662+02:00
NSR:StopPlace:58817,Eina stasjon,2026-09-07T16:56:00+02:00,2026-09-07T16:56:00+02:00,,0.0,0,Roa,VYG:Line:R31,Skøyen-Jaren-Gjøvik,R31,rail,VYG:ServiceJourney:226-GJOe_648873-R,False,planned,False,,,,,2026-09-07T20:27:16.249662+02:00
NSR:StopPlace:58817,Eina stasjon,2026-09-07T17:35:00+02:00,2026-09-07T17:35:00+02:00,,0.0,0,Gran,INN:Line:103,Lillehammer-Gjøvik-Hønefoss,103,bus,INN:ServiceJourney:70737,False,planned,False,,,,,2026-09-07T20:27:16.249662+02:00
NSR:StopPlace:58817,Eina stasjon,2026-09-07T17:44:00+02:00,2026-09-07T17:44:00+02:00,,0.0,0,Gjøvik,VYG:Line:RE30,Oslo S-Gjøvik,RE30,rail,VYG:ServiceJourney:1223-ROA_589169-R,False,planned,False,,,,,2026-09-07T20:27:16.249662+02:00
NSR:StopPlace:58817,Eina stasjon,2026-09-07T17:56:00+02:00,2026-09-07T17:56:00+02:00,,0.0,0,Roa,VYG:Line:R31,Skøyen-Jaren-Gjøvik,R31,rail,VYG:ServiceJourney:228-GJOe_648901-R,False,planned,False,,,,,2026-09-07T20:27:16.249662+02:00
NSR:StopPlace:58817,Eina stasjon,2026-09-07T18:44:00+02:00,2026-09-07T18:44:00+02:00,,0.0,0,Gjøvik,VYG:Line:RE30,Oslo S-Gjøvik,RE30,rail,VYG:ServiceJourney:1225-ROA_589175-R,False,planned,False,,,,,2026-09-07T20:27:16.249662+02:00
NSR:StopPlace:58817,Eina stasjon,2026-09-07T18:56:00+02:00,2026-09-07T18:56:00+02:00,,0.0,0,Roa,VYG:Line:R31,Skøyen-Jaren-Gjøvik,R31,rail,VYG:ServiceJourney:230-GJOe_648910-R,False,planned,False,,,,,2026-09-07T20:27:16.249662+02:00
NSR:StopPlace:58818,Gran stasjon,2026-09-07T16:39:00+02:00,2026-09-07T16:39:00+02:00,,0.0,0,Jaren,VYG:Line:R31,Skøyen-Jaren-Gjøvik,R31,rail,VYG:ServiceJourney:BUS-241_655534-R,False,planned,False,,,,,2026-09-07T20:27:16.249662+02:00
NSR:StopPlace:58818,Gran stasjon,2026-09-07T16:50:00+02:00,2026-09-07T16:50:00+02:00,,0.0,0,Jaren,VYG:Line:R31,Skøyen-Jaren-Gjøvik,R31,rail,VYG:ServiceJourney:BUS-241_655535-R,False,planned,False,,,,,2026-09-07T20:27:16.249662+02:00
NSR:StopPlace:58818,Gran stasjon,2026-09-07T16:58:00+02:00,2026-09-07T16:58:00+02:00,,0.0,0,Jevnaker via Kalvsjø-Lunner st,INN:Line:452,Gran-Lunner-Olimb-Jevnaker,452,bus,INN:ServiceJourney:71426,False,planned,False,,,,,2026-09-07T20:27:16.249662+02:00
NSR:StopPlace:58818,Gran stasjon,2026-09-07T17:00:00+02:00,2026-09-07T17:00:00+02:00,,0.0,0,Jaren,VYG:Line:R31,Skøyen-Jaren-Gjøvik,R31,rail,VYG:ServiceJourney:BUS-241_655539-R,False,planned,False,,,,,2026-09-07T20:27:16.249662+02:00
NSR:StopPlace:58818,Gran stasjon,2026-09-07T17:15:00+02:00,2026-09-07T17:15:00+02:00,,0.0,0,Gjøvik,VYG:Line:RE30,Oslo S-Gjøvik,RE30,rail,VYG:ServiceJourney:1223-ROA_589169-R,False,planned,False,,,,,2026-09-07T20:27:16.249662+02:00
NSR:StopPlace:58818,Gran stasjon,2026-09-07T17:25:00+02:00,2026-09-07T17:25:00+02:00,,0.0,0,Roa,VYG:Line:R31,Skøyen-Jaren-Gjøvik,R31,rail,VYG:ServiceJourney:226-GJOe_648873-R,False,planned,False,,,,,2026-09-07T20:27:16.249662+02:00
NSR:StopPlace:58818,Gran stasjon,2026-09-07T17:39:00+02:00,2026-09-07T17:39:00+02:00,,0.0,0,Jaren,VYG:Line:R31,Skøyen-Jaren-Gjøvik,R31,rail,VYG:ServiceJourney:BUS-243_655550-R,False,planned,False,,,,,2026-09-07T20:27:16.249662+02:00
NSR:StopPlace:58818,Gran stasjon,2026-09-07T17:50:00+02:00,2026-09-07T17:50:00+02:00,,0.0,0,Jaren,VYG:Line:R31,Skøyen-Jaren-Gjøvik,R31,rail,VYG:ServiceJourney:BUS-243_655551-R,False,planned,False,,,,,2026-09-07T20:27:16.249662+02:00
NSR:StopPlace:58818,Gran stasjon,2026-09-07T17:52:00+02:00,2026-09-07T17:52:00+02:00,,0.0,0,Dokka,INN:Line:126,Dokka-Hov-Brandbu-Oslo,126,bus,INN:ServiceJourney:68060,False,planned,False,,,,,2026-09-07T20:27:16.249662+02:00
NSR:StopPlace:58818,Gran stasjon,2026-09-07T18:01:00+02:00,2026-09-07T18:01:00+02:00,,0.0,0,Jaren,VYG:Line:R31,Skøyen-Jaren-Gjøvik,R31,rail,VYG:ServiceJourney:BUS-245_655566-R,False,planned,False,,,,,2026-09-07T20:27:16.249662+02:00
NSR:StopPlace:58818,Gran stasjon,2026-09-07T18:12:00+02:00,2026-09-07T18:12:00+02:00,,0.0,0,Jaren,VYG:Line:R31,Skøyen-Jaren-Gjøvik,R31,rail,VYG:ServiceJourney:BUS-243_655555-R,False,planned,False,,,,,2026-09-07T20:27:16.249662+02:00
NSR:StopPlace:58818,Gran stasjon,2026-09-07T18:15:00+02:00,2026-09-07T18:15:00+02:00,,0.0,0,Gjøvik,VYG:Line:RE30,Oslo S-Gjøvik,RE30,rail,VYG:ServiceJourney:1225-ROA_589175-R,False,planned,False,,,,,2026-09-07T20:27:16.249662+02:00
NSR:StopPlace:58818,Gran stasjon,2026-09-07T18:24:00+02:00,2026-09-07T18:24:00+02:00,,0.0,0,Jaren,VYG:Line:R31,Skøyen-Jaren-Gjøvik,R31,rail,VYG:ServiceJourney:BUS-245_655571-R,False,planned,False,,,,,2026-09-07T20:27:16.249662+02:00
NSR:StopPlace:58818,Gran stasjon,2026-09-07T18:25:00+02:00,2026-09-07T18:25:00+02:00,,0.0,0,Roa,VYG:Line:R31,Skøyen-Jaren-Gjøvik,R31,rail,VYG:ServiceJourney:228-GJOe_648901-R,False,planned,False,,,,,2026-09-07T20:27:16.249662+02:00
NSR:StopPlace:58818,Gran stasjon,2026-09-07T19:06:00+02:00,2026-09-07T19:06:00+02:00,,0.0,0,Jaren,VYG:Line:R31,Skøyen-Jaren-Gjøvik,R31,rail,VYG:ServiceJourney:BUS-247_655581-R,False,planned,False,,,,,2026-09-07T20:27:16.249662+02:00
NSR:StopPlace:58818,Gran stasjon,2026-09-07T19:24:00+02:00,2026-09-07T19:24:00+02:00,,0.0,0,Jaren,VYG:Line:R31,Skøyen-Jaren-Gjøvik,R31,rail,VYG:ServiceJourney:BUS-247_655585-R,False,planned,False,,,,,2026-09-07T20:27:16.249662+02:00
NSR:StopPlace:58818,Gran stasjon,2026-09-07T19:25:00+02:00,2026-09-07T19:25:00+02:00,,0.0,0,Roa,VYG:Line:R31,Skøyen-Jaren-Gjøvik,R31,rail,VYG:ServiceJourney:230-GJOe_648910-R,False,planned,False,,,,,2026-09-07T20:27:16.249662+02:00
NSR:StopPlace:58819,Grua stasjon,2026-09-07T16:33:00+02:00,2026-09-07T16:33:00+02:00,,0.0,0,Jaren,VYG:Line:R31,Skøyen-Jaren-Gjøvik,R31,rail,VYG:ServiceJourney:BUS-241_655535-R,False,planned,False,,,,,2026-09-07T20:27:16.249662+02:00
NSR:StopPlace:58819,Grua stasjon,2026-09-07T16:34:00+02:00,2026-09-07T16:34:00+02:00,,0.0,0,Roa,VYG:Line:RE30,Oslo S-Gjøvik,RE30,rail,VYG:ServiceJourney:BUS-1223_655065-R,False,planned,False,,,,,2026-09-07T20:27:16.249662+02:00
NSR:StopPlace:58819,Grua stasjon,2026-09-07T16:35:00+02:00,2026-09-07T16:35:00+02:00,,0.0,0,Harestua,INN:Line:112,Brandbu-Gran-Harestua,112,bus,INN:ServiceJourney:70804,False,planned,False,,,,,2026-09-07T20:27:16.249662+02:00
NSR:StopPlace:58819,Grua stasjon,2026-09-07T16:40:00+02:00,2026-09-07T16:40:00+02:00,,0.0,0,Roa,VYG:Line:RE30,Oslo S-Gjøvik,RE30,rail,VYG:ServiceJourney:BUS-1223_655066-R,False,planned,False,,,,,2026-09-07T20:27:16.249662+02:00
NSR:StopPlace:58819,Grua stasjon,2026-09-07T16:47:00+02:00,2026-09-07T16:47:00+02:00,,0.0,0,Oslo S,VYG:Line:RE30,Oslo S-Gjøvik,RE30,rail,VYG:ServiceJourney:BUS-1224_655069-R,False,planned,False,,,,,2026-09-07T20:27:16.249662+02:00
NSR:StopPlace:58819,Grua stasjon,2026-09-07T16:47:00+02:00,2026-09-07T16:47:00+02:00,,0.0,0,Oslo S,VYG:Line:RE30,Oslo S-Gjøvik,RE30,rail,VYG:ServiceJourney:BUS-1224_655070-R,False,planned,False,,,,,2026-09-07T20:27:16.249662+02:00
NSR:StopPlace:58819,Grua stasjon,2026-09-07T17:11:00+02:00,2026-09-07T17:11:00+02:00,,0.0,0,Brandbu via Mohagen,INN:Line:112,Brandbu-Gran-Harestua,112,bus,INN:ServiceJourney:70843,False,planned,False,,,,,2026-09-07T20:27:16.249662+02:00
NSR:StopPlace:58819,Grua stasjon,2026-09-07T17:13:00+02:00,2026-09-07T17:13:00+02:00,,0.0,0,Brandbu,INN:Line:126,Dokka-Hov-Brandbu-Oslo,126,bus,INN:ServiceJourney:68059,False,planned,False,,,,,2026-09-07T20:27:16.249662+02:00
NSR:StopPlace:58819,Grua stasjon,2026-09-07T17:22:00+02:00,2026-09-07T17:22:00+02:00,,0.0,0,Jaren,VYG:Line:R31,Skøyen-Jaren-Gjøvik,R31,rail,VYG:ServiceJourney:BUS-243_655550-R,False,planned,False,,,,,2026-09-07T20:27:16.249662+02:00
NSR:StopPlace:58819,Grua stasjon,2026-09-07T17:33:00+02:00,2026-09-07T17:33:00+02:00,,0.0,0,Jaren,VYG:Line:R31,Skøyen-Jaren-Gjøvik,R31,rail,VYG:ServiceJourney:BUS-243_655551-R,False,planned,False,,,,,2026-09-07T20:27:16.249662+02:00
NSR:StopPlace:58819,Grua stasjon,2026-09-07T17:34:00+02:00,2026-09-07T17:34:00+02:00,,0.0,0,Roa,VYG:Line:RE30,Oslo S-Gjøvik,RE30,rail,VYG:ServiceJourney:BUS-1225_655075-R,False,planned,False,,,,,2026-09-07T20:27:16.249662+02:00
NSR:StopPlace:58819,Grua stasjon,2026-09-07T17:35:00+02:00,2026-09-07T17:35:00+02:00,,0.0,0,Harestua,INN:Line:112,Brandbu-Gran-Harestua,112,bus,INN:ServiceJourney:70805,False,planned,False,,,,,2026-09-07T20:27:16.249662+02:00
NSR:StopPlace:58819,Grua stasjon,2026-09-07T17:40:00+02:00,2026-09-07T17:40:00+02:00,,0.0,0,Roa,VYG:Line:RE30,Oslo S-Gjøvik,RE30,rail,VYG:ServiceJourney:BUS-1225_655076-R,False,planned,False,,,,,2026-09-07T20:27:16.249662+02:00
NSR:StopPlace:58819,Grua stasjon,2026-09-07T17:44:00+02:00,2026-09-07T17:44:00+02:00,,0.0,0,Jaren,VYG:Line:R31,Skøyen-Jaren-Gjøvik,R31,rail,VYG:ServiceJourney:BUS-245_655566-R,False,planned,False,,,,,2026-09-07T20:27:16.249662+02:00
NSR:StopPlace:58819,Grua stasjon,2026-09-07T17:47:00+02:00,2026-09-07T17:47:00+02:00,,0.0,0,Oslo S,VYG:Line:R31,Skøyen-Jaren-Gjøvik,R31,rail,VYG:ServiceJourney:BUS-226_655340-R,False,planned,False,,,,,2026-09-07T20:27:16.249662+02:00
NSR:StopPlace:58819,Grua stasjon,2026-09-07T18:11:00+02:00,2026-09-07T18:11:00+02:00,,0.0,0,Brandbu via Mohagen,INN:Line:112,Brandbu-Gran-Harestua,112,bus,INN:ServiceJourney:70844,False,planned,False,,,,,2026-09-07T20:27:16.249662+02:00
NSR:StopPlace:58819,Grua stasjon,2026-09-07T18:35:00+02:00,2026-09-07T18:35:00+02:00,,0.0,0,Harestua,INN:Line:112,Brandbu-Gran-Harestua,112,bus,INN:ServiceJourney:70806,False,planned,False,,,,,2026-09-07T20:27:16.249662+02:00
NSR:StopPlace:58819,Grua stasjon,2026-09-07T18:40:00+02:00,2026-09-07T18:40:00+02:00,,0.0,0,Roa,VYG:Line:R31,Skøyen-Jaren-Gjøvik,R31,rail,VYG:ServiceJourney:BUS-227_655356-R,False,planned,False,,,,,2026-09-07T20:27:16.249662+02:00
NSR:StopPlace:58819,Grua stasjon,2026-09-07T18:40:00+02:00,2026-09-07T18:40:00+02:00,,0.0,0,Roa,VYG:Line:R31,Skøyen-Jaren-Gjøvik,R31,rail,VYG:ServiceJourney:BUS-227_655355-R,False,planned,False,,,,,2026-09-07T20:27:16.249662+02:00
NSR:StopPlace:58819,Grua stasjon,2026-09-07T18:47:00+02:00,2026-09-07T18:47:00+02:00,,0.0,0,Oslo S,VYG:Line:R31,Skøyen-Jaren-Gjøvik,R31,rail,VYG:ServiceJourney:BUS-228_655370-R,False,planned,False,,,,,2026-09-07T20:27:16.249662+02:00
NSR:StopPlace:58819,Grua stasjon,2026-09-07T18:49:00+02:00,2026-09-07T18:49:00+02:00,,0.0,0,Jaren,VYG:Line:R31,Skøyen-Jaren-Gjøvik,R31,rail,VYG:ServiceJourney:BUS-247_655581-R,False,planned,False,,,,,2026-09-07T20:27:16.249662+02:00
NSR:StopPlace:58819,Grua stasjon,2026-09-07T19:11:00+02:00,2026-09-07T19:11:00+02:00,,0.0,0,Brandbu via Mohagen,INN:Line:112,Brandbu-Gran-Harestua,112,bus,INN:ServiceJourney:70845,False,planned,False,,,,,2026-09-07T20:27:16.249662+02:00
NSR:StopPlace:58819,Grua stasjon,2026-09-07T19:35:00+02:00,2026-09-07T19:35:00+02:00,,0.0,0,Harestua,INN:Line:112,Brandbu-Gran-Harestua,112,bus,INN:ServiceJourney:70807,False,planned,False,,,,,2026-09-07T20:27:16.249662+02:00
NSR:StopPlace:58819,Grua stasjon,2026-09-07T19:40:00+02:00,2026-09-07T19:40:00+02:00,,0.0,0,Roa,VYG:Line:R31,Skøyen-Jaren-Gjøvik,R31,rail,VYG:ServiceJourney:BUS-229_655386-R,False,planned,False,,,,,2026-09-07T20:27:16.249662+02:00
NSR:StopPlace:58819,Grua stasjon,2026-09-07T19:40:00+02:00,2026-09-07T19:40:00+02:00,,0.0,0,Roa,VYG:Line:R31,Skøyen-Jaren-Gjøvik,R31,rail,VYG:ServiceJourney:BUS-229_655385-R,False,planned,False,,,,,2026-09-07T20:27:16.249662+02:00
NSR:StopPlace:58820,Harestua stasjon,2026-09-07T16:30:00+02:00,2026-09-07T16:30:00+02:00,,0.0,0,Roa,VYG:Line:RE30,Oslo S-Gjøvik,RE30,rail,VYG:ServiceJourney:BUS-1223_655066-R,False,planned,False,,,,,2026-09-07T20:27:16.249662+02:00
NSR:StopPlace:58820,Harestua stasjon,2026-09-07T16:47:00+02:00,2026-09-07T16:47:00+02:00,,0.0,0,Oslo S,VYG:Line:RE30,Oslo S-Gjøvik,RE30,rail,VYG:ServiceJourney:BUS-1224_655071-R,False,planned,False,,,,,2026-09-07T20:27:16.249662+02:00
NSR:StopPlace:58820,Harestua stasjon,2026-09-07T17:00:00+02:00,2026-09-07T17:00:00+02:00,,0.0,0,Oslo S,VYG:Line:RE30,Oslo S-Gjøvik,RE30,rail,VYG:ServiceJourney:BUS-1224_655069-R,False,planned,False,,,,,2026-09-07T20:27:16.249662+02:00
NSR:StopPlace:58820,Harestua stasjon,2026-09-07T17:12:00+02:00,2026-09-07T17:12:00+02:00,,0.0,0,Jaren,VYG:Line:R31,Skøyen-Jaren-Gjøvik,R31,rail,VYG:ServiceJourney:BUS-243_655550-R,False,planned,False,,,,,2026-09-07T20:27:16.249662+02:00
NSR:StopPlace:58820,Harestua stasjon,2026-09-07T17:23:00+02:00,2026-09-07T17:23:00+02:00,,0.0,0,Jaren,VYG:Line:R31,Skøyen-Jaren-Gjøvik,R31,rail,VYG:ServiceJourney:BUS-243_655551-R,False,planned,False,,,,,2026-09-07T20:27:16.249662+02:00
NSR:StopPlace:58820,Harestua stasjon,2026-09-07T17:24:00+02:00,2026-09-07T17:24:00+02:00,,0.0,0,Roa,VYG:Line:RE30,Oslo S-Gjøvik,RE30,rail,VYG:ServiceJourney:BUS-1225_655075-R,False,planned,False,,,,,2026-09-07T20:27:16.249662+02:00
NSR:StopPlace:58820,Harestua stasjon,2026-09-07T17:30:00+02:00,2026-09-07T17:30:00+02:00,,0.0,0,Roa,VYG:Line:RE30,Oslo S-Gjøvik,RE30,rail,VYG:ServiceJourney:BUS-1225_655076-R,False,planned,False,,,,,2026-09-07T20:27:16.249662+02:00
NSR:StopPlace:58820,Harestua stasjon,2026-09-07T17:34:00+02:00,2026-09-07T17:34:00+02:00,,0.0,0,Jaren,VYG:Line:R31,Skøyen-Jaren-Gjøvik,R31,rail,VYG:ServiceJourney:BUS-245_655566-R,False,planned,False,,,,,2026-09-07T20:27:16.249662+02:00
NSR:StopPlace:58820,Harestua stasjon,2026-09-07T17:57:00+02:00,2026-09-07T17:57:00+02:00,,0.0,0,Oslo S,VYG:Line:R31,Skøyen-Jaren-Gjøvik,R31,rail,VYG:ServiceJourney:BUS-226_655341-R,False,planned,False,,,,,2026-09-07T20:27:16.249662+02:00
NSR:StopPlace:58820,Harestua stasjon,2026-09-07T18:00:00+02:00,2026-09-07T18:00:00+02:00,,0.0,0,Oslo S,VYG:Line:R31,Skøyen-Jaren-Gjøvik,R31,rail,VYG:ServiceJourney:BUS-226_655340-R,False,planned,False,,,,,2026-09-07T20:27:16.249662+02:00
NSR:StopPlace:58820,Harestua stasjon,2026-09-07T18:30:00+02:00,2026-09-07T18:30:00+02:00,,0.0,0,Roa,VYG:Line:R31,Skøyen-Jaren-Gjøvik,R31,rail,VYG:ServiceJourney:BUS-227_655356-R,False,planned,False,,,,,2026-09-07T20:27:16.249662+02:00
NSR:StopPlace:58820,Harestua stasjon,2026-09-07T18:30:00+02:00,2026-09-07T18:30:00+02:00,,0.0,0,Roa,VYG:Line:R31,Skøyen-Jaren-Gjøvik,R31,rail,VYG:ServiceJourney:BUS-227_655355-R,False,planned,False,,,,,2026-09-07T20:27:16.249662+02:00
NSR:StopPlace:58820,Harestua stasjon,2026-09-07T18:39:00+02:00,2026-09-07T18:39:00+02:00,,0.0,0,Jaren,VYG:Line:R31,Skøyen-Jaren-Gjøvik,R31,rail,VYG:ServiceJourney:BUS-247_655581-R,False,planned,False,,,,,2026-09-07T20:27:16.249662+02:00
NSR:StopPlace:58820,Harestua stasjon,2026-09-07T19:00:00+02:00,2026-09-07T19:00:00+02:00,,0.0,0,Oslo S,VYG:Line:R31,Skøyen-Jaren-Gjøvik,R31,rail,VYG:ServiceJourney:BUS-228_655370-R,False,planned,False,,,,,2026-09-07T20:27:16.249662+02:00
NSR:StopPlace:58820,Harestua stasjon,2026-09-07T19:30:00+02:00,2026-09-07T19:30:00+02:00,,0.0,0,Roa,VYG:Line:R31,Skøyen-Jaren-Gjøvik,R31,rail,VYG:ServiceJourney:BUS-229_655386-R,False,planned,False,,,,,2026-09-07T20:27:16.249662+02:00
NSR:StopPlace:58820,Harestua stasjon,2026-09-07T19:30:00+02:00,2026-09-07T19:30:00+02:00,,0.0,0,Roa,VYG:Line:R31,Skøyen-Jaren-Gjøvik,R31,rail,VYG:ServiceJourney:BUS-229_655385-R,False,planned,False,,,,,2026-09-07T20:27:16.249662+02:00
NSR:StopPlace:58821,Hjerkinn stasjon,2026-09-07T17:50:00+02:00,2026-09-07T17:50:00+02:00,,0.0,0,Bestillingsrute - on demand only,INN:FlexibleLine:8290,Folldal - Hjerkinn,8290,taxi,INN:ServiceJourney:56325,False,planned,False,,,,,2026-09-07T20:27:16.249662+02:00
NSR:StopPlace:58821,Hjerkinn stasjon,2026-09-07T18:45:00+02:00,2026-09-07T18:45:00+02:00,,0.0,0,Bestillingsrute - on demand only,INN:FlexibleLine:8290,Folldal - Hjerkinn,8290,taxi,INN:ServiceJourney:56326,False,planned,False,,,,,2026-09-07T20:27:16.249662+02:00
NSR:StopPlace:58822,Opphus stasjon,2026-09-07T18:50:00+02:00,2026-09-07T18:50:00+02:00,,0.0,0,Hamar,SJN:Line:25,Rørosbanen,R60,rail,SJN:ServiceJourney:2390_37668-R,False,planned,False,,,,,2026-09-07T20:27:16.249662+02:00
NSR:StopPlace:58823,Jaren stasjon,2026-09-07T17:20:00+02:00,2026-09-07T17:20:00+02:00,,0.0,0,Roa,VYG:Line:R31,Skøyen-Jaren-Gjøvik,R31,rail,VYG:ServiceJourney:226-GJOe_648873-R,False,planned,False,,,,,2026-09-07T20:27:16.249662+02:00
NSR:StopPlace:58823,Jaren stasjon,2026-09-07T17:21:00+02:00,2026-09-07T17:21:00+02:00,,0.0,0,Gjøvik,VYG:Line:RE30,Oslo S-Gjøvik,RE30,rail,VYG:ServiceJourney:1223-ROA_589169-R,False,planned,False,,,,,2026-09-07T20:27:16.249662+02:00
NSR:StopPlace:58823,Jaren stasjon,2026-09-07T18:20:00+02:00,2026-09-07T18:20:00+02:00,,0.0,0,Roa,VYG:Line:R31,Skøyen-Jaren-Gjøvik,R31,rail,VYG:ServiceJourney:228-GJOe_648901-R,False,planned,False,,,,,2026-09-07T20:27:16.249662+02:00
NSR:StopPlace:58823,Jaren stasjon,2026-09-07T18:21:00+02:00,2026-09-07T18:21:00+02:00,,0.0,0,Gjøvik,VYG:Line:RE30,Oslo S-Gjøvik,RE30,rail,VYG:ServiceJourney:1225-ROA_589175-R,False,planned,False,,,,,2026-09-07T20:27:16.249662+02:00
NSR:StopPlace:58823,Jaren stasjon,2026-09-07T19:20:00+02:00,2026-09-07T19:20:00+02:00,,0.0,0,Roa,VYG:Line:R31,Skøyen-Jaren-Gjøvik,R31,rail,VYG:ServiceJourney:230-GJOe_648910-R,False,planned,False,,,,,2026-09-07T20:27:16.249662+02:00
NSR:StopPlace:58824,Lunner stasjon,2026-09-07T16:33:00+02:00,2026-09-07T16:33:00+02:00,,0.0,0,Gran via Kalvsjø - Lunner,INN:Line:452,Gran-Lunner-Olimb-Jevnaker,452,bus,INN:ServiceJourney:71453,False,planned,False,,,,,2026-09-07T20:27:16.249662+02:00
NSR:StopPlace:58824,Lunner stasjon,2026-09-07T16:51:00+02:00,2026-09-07T16:51:00+02:00,,0.0,0,Jaren,VYG:Line:R31,Skøyen-Jaren-Gjøvik,R31,rail,VYG:ServiceJourney:BUS-241_655539-R,False,planned,False,,,,,2026-09-07T20:27:16.249662+02:00
NSR:StopPlace:58824,Lunner stasjon,2026-09-07T17:08:00+02:00,2026-09-07T17:08:00+02:00,,0.0,0,Gjøvik,VYG:Line:RE30,Oslo S-Gjøvik,RE30,rail,VYG:ServiceJourney:1223-ROA_589169-R,False,planned,False,,,,,2026-09-07T20:27:16.249662+02:00
NSR:StopPlace:58824,Lunner stasjon,2026-09-07T17:13:00+02:00,2026-09-07T17:13:00+02:00,,0.0,0,Jevnaker via Kalvsjø-Lunner st,INN:Line:452,Gran-Lunner-Olimb-Jevnaker,452,bus,INN:ServiceJourney:71426,False,planned,False,,,,,2026-09-07T20:27:16.249662+02:00
NSR:StopPlace:58824,Lunner stasjon,2026-09-07T17:31:00+02:00,2026-09-07T17:31:00+02:00,,0.0,0,Roa,VYG:Line:R31,Skøyen-Jaren-Gjøvik,R31,rail,VYG:ServiceJourney:226-GJOe_648873-R,False,planned,False,,,,,2026-09-07T20:27:16.249662+02:00
NSR:StopPlace:58824,Lunner stasjon,2026-09-07T18:03:00+02:00,2026-09-07T18:03:00+02:00,,0.0,0,Jaren,VYG:Line:R31,Skøyen-Jaren-Gjøvik,R31,rail,VYG:ServiceJourney:BUS-243_655555-R,False,planned,False,,,,,2026-09-07T20:27:16.249662+02:00
NSR:StopPlace:58824,Lunner stasjon,2026-09-07T18:08:00+02:00,2026-09-07T18:08:00+02:00,,0.0,0,Gjøvik,VYG:Line:RE30,Oslo S-Gjøvik,RE30,rail,VYG:ServiceJourney:1225-ROA_589175-R,False,planned,False,,,,,2026-09-07T20:27:16.249662+02:00
NSR:StopPlace:58824,Lunner stasjon,2026-09-07T18:15:00+02:00,2026-09-07T18:15:00+02:00,,0.0,0,Jaren,VYG:Line:R31,Skøyen-Jaren-Gjøvik,R31,rail,VYG:ServiceJourney:BUS-245_655571-R,False,planned,False,,,,,2026-09-07T20:27:16.249662+02:00
NSR:StopPlace:58824,Lunner stasjon,2026-09-07T18:31:00+02:00,2026-09-07T18:31:00+02:00,,0.0,0,Roa,VYG:Line:R31,Skøyen-Jaren-Gjøvik,R31,rail,VYG:ServiceJourney:228-GJOe_648901-R,False,planned,False,,,,,2026-09-07T20:27:16.249662+02:00
NSR:StopPlace:58824,Lunner stasjon,2026-09-07T19:15:00+02:00,2026-09-07T19:15:00+02:00,,0.0,0,Jaren,VYG:Line:R31,Skøyen-Jaren-Gjøvik,R31,rail,VYG:ServiceJourney:BUS-247_655585-R,False,planned,False,,,,,2026-09-07T20:27:16.249662+02:00
NSR:StopPlace:58824,Lunner stasjon,2026-09-07T19:31:00+02:00,2026-09-07T19:31:00+02:00,,0.0,0,Roa,VYG:Line:R31,Skøyen-Jaren-Gjøvik,R31,rail,VYG:ServiceJourney:230-GJOe_648910-R,False,planned,False,,,,,2026-09-07T20:27:16.249662+02:00
NSR:StopPlace:58825,Raufoss stasjon,2026-09-07T16:45:00+02:00,2026-09-07T16:45:00+02:00,,0.0,0,Roa,VYG:Line:R31,Skøyen-Jaren-Gjøvik,R31,rail,VYG:ServiceJourney:226-GJOe_648873-R,False,planned,False,,,,,2026-09-07T20:27:16.249662+02:00
NSR:StopPlace:58825,Raufoss stasjon,2026-09-07T16:45:00+02:00,2026-09-07T16:45:00+02:00,,0.0,0,Gjøvik-Kapp,INN:Line:46,Lena-Raufoss-Gjøvik-Kapp-Lena,B46,bus,INN:ServiceJourney:76841,False,planned,False,,,,,2026-09-07T20:27:16.249662+02:00
NSR:StopPlace:58825,Raufoss stasjon,2026-09-07T16:56:00+02:00,2026-09-07T16:56:00+02:00,,0.0,0,Gjøvik,VYG:Line:RE30,Oslo S-Gjøvik,RE30,rail,VYG:ServiceJourney:1221-ROA_589163-R,False,planned,False,,,,,2026-09-07T20:27:16.249662+02:00
NSR:StopPlace:58825,Raufoss stasjon,2026-09-07T17:03:00+02:00,2026-09-07T17:03:00+02:00,,0.0,0,Raufosshallen,INN:Line:47,Lena-Kapp-Gjøvik-Raufoss-Lena,B47,bus,INN:ServiceJourney:76601,False,planned,False,,,,,2026-09-07T20:27:16.249662+02:00
NSR:StopPlace:58825,Raufoss stasjon,2026-09-07T17:23:00+02:00,2026-09-07T17:23:00+02:00,,0.0,0,Gran,INN:Line:103,Lillehammer-Gjøvik-Hønefoss,103,bus,INN:ServiceJourney:70737,False,planned,False,,,,,2026-09-07T20:27:16.249662+02:00
NSR:StopPlace:58825,Raufoss stasjon,2026-09-07T17:41:00+02:00,2026-09-07T17:41:00+02:00,,0.0,0,Lena,INN:Line:47,Lena-Kapp-Gjøvik-Raufoss-Lena,B47,bus,INN:ServiceJourney:76602,False,planned,False,,,,,2026-09-07T20:27:16.249662+02:00
NSR:StopPlace:58825,Raufoss stasjon,2026-09-07T17:45:00+02:00,2026-09-07T17:45:00+02:00,,0.0,0,Roa,VYG:Line:R31,Skøyen-Jaren-Gjøvik,R31,rail,VYG:ServiceJourney:228-GJOe_648901-R,False,planned,False,,,,,2026-09-07T20:27:16.249662+02:00
NSR:StopPlace:58825,Raufoss stasjon,2026-09-07T17:45:00+02:00,2026-09-07T17:45:00+02:00,,0.0,0,Gjøvik-Kapp,INN:Line:46,Lena-Raufoss-Gjøvik-Kapp-Lena,B46,bus,INN:ServiceJourney:76842,False,planned,False,,,,,2026-09-07T20:27:16.249662+02:00
NSR:StopPlace:58825,Raufoss stasjon,2026-09-07T17:56:00+02:00,2026-09-07T17:56:00+02:00,,0.0,0,Gjøvik,VYG:Line:RE30,Oslo S-Gjøvik,RE30,rail,VYG:ServiceJourney:1223-ROA_589169-R,False,planned,False,,,,,2026-09-07T20:27:16.249662+02:00
NSR:StopPlace:58825,Raufoss stasjon,2026-09-07T18:41:00+02:00,2026-09-07T18:41:00+02:00,,0.0,0,Lena,INN:Line:47,Lena-Kapp-Gjøvik-Raufoss-Lena,B47,bus,INN:ServiceJourney:76603,False,planned,False,,,,,2026-09-07T20:27:16.249662+02:00
NSR:StopPlace:58825,Raufoss stasjon,2026-09-07T18:45:00+02:00,2026-09-07T18:45:00+02:00,,0.0,0,Roa,VYG:Line:R31,Skøyen-Jaren-Gjøvik,R31,rail,VYG:ServiceJourney:230-GJOe_648910-R,False,planned,False,,,,,2026-09-07T20:27:16.249662+02:00
NSR:StopPlace:58825,Raufoss stasjon,2026-09-07T18:45:00+02:00,2026-09-07T18:45:00+02:00,,0.0,0,Gjøvik-Kapp,INN:Line:46,Lena-Raufoss-Gjøvik-Kapp-Lena,B46,bus,INN:ServiceJourney:76843,False,planned,False,,,,,2026-09-07T20:27:16.249662+02:00
NSR:StopPlace:58825,Raufoss stasjon,2026-09-07T18:56:00+02:00,2026-09-07T18:56:00+02:00,,0.0,0,Gjøvik,VYG:Line:RE30,Oslo S-Gjøvik,RE30,rail,VYG:ServiceJourney:1225-ROA_589175-R,False,planned,False,,,,,2026-09-07T20:27:16.249662+02:00
NSR:StopPlace:58826,Reinsvoll stasjon,2026-09-07T16:33:00+02:00,2026-09-07T16:33:00+02:00,,0.0,0,Raufoss-Gjøvik,INN:Line:46,Lena-Raufoss-Gjøvik-Kapp-Lena,B46,bus,INN:ServiceJourney:76841,False,planned,False,,,,,2026-09-07T20:27:16.249662+02:00
NSR:StopPlace:58826,Reinsvoll stasjon,2026-09-07T16:50:00+02:00,2026-09-07T16:50:00+02:00,,0.0,0,Roa,VYG:Line:R31,Skøyen-Jaren-Gjøvik,R31,rail,VYG:ServiceJourney:226-GJOe_648873-R,False,planned,False,,,,,2026-09-07T20:27:16.249662+02:00
NSR:StopPlace:58826,Reinsvoll stasjon,2026-09-07T16:50:00+02:00,2026-09-07T16:50:00+02:00,,0.0,0,Lena,INN:Line:47,Lena-Kapp-Gjøvik-Raufoss-Lena,B47,bus,INN:ServiceJourney:76600,False,planned,False,,,,,2026-09-07T20:27:16.249662+02:00
NSR:StopPlace:58826,Reinsvoll stasjon,2026-09-07T16:51:00+02:00,2026-09-07T16:51:00+02:00,,0.0,0,Gjøvik,VYG:Line:RE30,Oslo S-Gjøvik,RE30,rail,VYG:ServiceJourney:1221-ROA_589163-R,False,planned,False,,,,,2026-09-07T20:27:16.249662+02:00
NSR:StopPlace:58826,Reinsvoll stasjon,2026-09-07T17:33:00+02:00,2026-09-07T17:33:00+02:00,,0.0,0,Raufoss-Gjøvik,INN:Line:46,Lena-Raufoss-Gjøvik-Kapp-Lena,B46,bus,INN:ServiceJourney:76842,False,planned,False,,,,,2026-09-07T20:27:16.249662+02:00
NSR:StopPlace:58826,Reinsvoll stasjon,2026-09-07T17:50:00+02:00,2026-09-07T17:50:00+02:00,,0.0,0,Roa,VYG:Line:R31,Skøyen-Jaren-Gjøvik,R31,rail,VYG:ServiceJourney:228-GJOe_648901-R,False,planned,False,,,,,2026-09-07T20:27:16.249662+02:00
NSR:StopPlace:58826,Reinsvoll stasjon,2026-09-07T17:50:00+02:00,2026-09-07T17:50:00+02:00,,0.0,0,Lena,INN:Line:47,Lena-Kapp-Gjøvik-Raufoss-Lena,B47,bus,INN:ServiceJourney:76602,False,planned,False,,,,,2026-09-07T20:27:16.249662+02:00
NSR:StopPlace:58826,Reinsvoll stasjon,2026-09-07T17:51:00+02:00,2026-09-07T17:51:00+02:00,,0.0,0,Gjøvik,VYG:Line:RE30,Oslo S-Gjøvik,RE30,rail,VYG:ServiceJourney:1223-ROA_589169-R,False,planned,False,,,,,2026-09-07T20:27:16.249662+02:00
NSR:StopPlace:58826,Reinsvoll stasjon,2026-09-07T18:33:00+02:00,2026-09-07T18:33:00+02:00,,0.0,0,Raufoss-Gjøvik,INN:Line:46,Lena-Raufoss-Gjøvik-Kapp-Lena,B46,bus,INN:ServiceJourney:76843,False,planned,False,,,,,2026-09-07T20:27:16.249662+02:00
NSR:StopPlace:58826,Reinsvoll stasjon,2026-09-07T18:50:00+02:00,2026-09-07T18:50:00+02:00,,0.0,0,Roa,VYG:Line:R31,Skøyen-Jaren-Gjøvik,R31,rail,VYG:ServiceJourney:230-GJOe_648910-R,False,planned,False,,,,,2026-09-07T20:27:16.249662+02:00
NSR:StopPlace:58826,Reinsvoll stasjon,2026-09-07T18:50:00+02:00,2026-09-07T18:50:00+02:00,,0.0,0,Lena,INN:Line:47,Lena-Kapp-Gjøvik-Raufoss-Lena,B47,bus,INN:ServiceJourney:76603,False,planned,False,,,,,2026-09-07T20:27:16.249662+02:00
NSR:StopPlace:58826,Reinsvoll stasjon,2026-09-07T18:51:00+02:00,2026-09-07T18:51:00+02:00,,0.0,0,Gjøvik,VYG:Line:RE30,Oslo S-Gjøvik,RE30,rail,VYG:ServiceJourney:1225-ROA_589175-R,False,planned,False,,,,,2026-09-07T20:27:16.249662+02:00
NSR:StopPlace:58827,Stai stasjon,2026-09-07T18:31:00+02:00,2026-09-07T18:31:00+02:00,,0.0,0,Hamar,SJN:Line:25,Rørosbanen,R60,rail,SJN:ServiceJourney:2390_37668-R,False,planned,False,,,,,2026-09-07T20:27:16.249662+02:00
NSR:StopPlace:58828,Roa stasjon,2026-09-07T16:28:00+02:00,2026-09-07T16:28:00+02:00,,0.0,0,Jaren,VYG:Line:R31,Skøyen-Jaren-Gjøvik,R31,rail,VYG:ServiceJourney:BUS-241_655534-R,False,planned,False,,,,,2026-09-07T20:27:16.249662+02:00
NSR:StopPlace:58828,Roa stasjon,2026-09-07T16:39:00+02:00,2026-09-07T16:39:00+02:00,,0.0,0,Jaren,VYG:Line:R31,Skøyen-Jaren-Gjøvik,R31,rail,VYG:ServiceJourney:BUS-241_655535-R,False,planned,False,,,,,2026-09-07T20:27:16.249662+02:00
NSR:StopPlace:58828,Roa stasjon,2026-09-07T16:40:00+02:00,2026-09-07T16:40:00+02:00,,0.0,0,Oslo S,VYG:Line:RE30,Oslo S-Gjøvik,RE30,rail,VYG:ServiceJourney:BUS-1224_655069-R,False,planned,False,,,,,2026-09-07T20:27:16.249662+02:00
NSR:StopPlace:58828,Roa stasjon,2026-09-07T16:40:00+02:00,2026-09-07T16:40:00+02:00,,0.0,0,Oslo S,VYG:Line:RE30,Oslo S-Gjøvik,RE30,rail,VYG:ServiceJourney:BUS-1224_655070-R,False,planned,False,,,,,2026-09-07T20:27:16.249662+02:00
NSR:StopPlace:58828,Roa stasjon,2026-09-07T16:40:00+02:00,2026-09-07T16:40:00+02:00,,0.0,0,Oslo S,VYG:Line:RE30,Oslo S-Gjøvik,RE30,rail,VYG:ServiceJourney:BUS-1224_655068-R,False,planned,False,,,,,2026-09-07T20:27:16.249662+02:00
NSR:StopPlace:58828,Roa stasjon,2026-09-07T16:44:00+02:00,2026-09-07T16:44:00+02:00,,0.0,0,Jaren,VYG:Line:R31,Skøyen-Jaren-Gjøvik,R31,rail,VYG:ServiceJourney:BUS-241_655539-R,False,planned,False,,,,,2026-09-07T20:27:16.249662+02:00
NSR:StopPlace:58828,Roa stasjon,2026-09-07T17:02:00+02:00,2026-09-07T17:02:00+02:00,,0.0,0,Lunner,VYG:Line:R31,Skøyen-Jaren-Gjøvik,R31,rail,VYG:ServiceJourney:BUS-241_655540-R,False,planned,False,,,,,2026-09-07T20:27:16.249662+02:00
NSR:StopPlace:58828,Roa stasjon,2026-09-07T17:04:00+02:00,2026-09-07T17:04:00+02:00,,0.0,0,Gjøvik,VYG:Line:RE30,Oslo S-Gjøvik,RE30,rail,VYG:ServiceJourney:1223-ROA_589169-R,False,planned,False,,,,,2026-09-07T20:27:16.249662+02:00
NSR:StopPlace:58828,Roa stasjon,2026-09-07T17:28:00+02:00,2026-09-07T17:28:00+02:00,,0.0,0,Jaren,VYG:Line:R31,Skøyen-Jaren-Gjøvik,R31,rail,VYG:ServiceJourney:BUS-243_655550-R,False,planned,False,,,,,2026-09-07T20:27:16.249662+02:00
NSR:StopPlace:58828,Roa stasjon,2026-09-07T17:39:00+02:00,2026-09-07T17:39:00+02:00,,0.0,0,Jaren,VYG:Line:R31,Skøyen-Jaren-Gjøvik,R31,rail,VYG:ServiceJourney:BUS-243_655551-R,False,planned,False,,,,,2026-09-07T20:27:16.249662+02:00
NSR:StopPlace:58828,Roa stasjon,2026-09-07T17:40:00+02:00,2026-09-07T17:40:00+02:00,,0.0,0,Oslo S,VYG:Line:R31,Skøyen-Jaren-Gjøvik,R31,rail,VYG:ServiceJourney:BUS-226_655340-R,False,planned,False,,,,,2026-09-07T20:27:16.249662+02:00
NSR:StopPlace:58828,Roa stasjon,2026-09-07T17:40:00+02:00,2026-09-07T17:40:00+02:00,,0.0,0,Oslo S,VYG:Line:R31,Skøyen-Jaren-Gjøvik,R31,rail,VYG:ServiceJourney:BUS-226_655341-R,False,planned,False,,,,,2026-09-07T20:27:16.249662+02:00
NSR:StopPlace:58828,Roa stasjon,2026-09-07T17:50:00+02:00,2026-09-07T17:50:00+02:00,,0.0,0,Jaren,VYG:Line:R31,Skøyen-Jaren-Gjøvik,R31,rail,VYG:ServiceJourney:BUS-245_655566-R,False,planned,False,,,,,2026-09-07T20:27:16.249662+02:00
NSR:StopPlace:58828,Roa stasjon,2026-09-07T17:56:00+02:00,2026-09-07T17:56:00+02:00,,0.0,0,Jaren,VYG:Line:R31,Skøyen-Jaren-Gjøvik,R31,rail,VYG:ServiceJourney:BUS-243_655555-R,False,planned,False,,,,,2026-09-07T20:27:16.249662+02:00
NSR:StopPlace:58828,Roa stasjon,2026-09-07T18:02:00+02:00,2026-09-07T18:02:00+02:00,,0.0,0,Lunner,VYG:Line:R31,Skøyen-Jaren-Gjøvik,R31,rail,VYG:ServiceJourney:BUS-243_655556-R,False,planned,False,,,,,2026-09-07T20:27:16.249662+02:00
NSR:StopPlace:58828,Roa stasjon,2026-09-07T18:03:00+02:00,2026-09-07T18:03:00+02:00,,0.0,0,Jaren,VYG:Line:R31,Skøyen-Jaren-Gjøvik,R31,rail,VYG:ServiceJourney:BUS-245_655567-R,False,planned,False,,,,,2026-09-07T20:27:16.249662+02:00
NSR:StopPlace:58828,Roa stasjon,2026-09-07T18:04:00+02:00,2026-09-07T18:04:00+02:00,,0.0,0,Gjøvik,VYG:Line:RE30,Oslo S-Gjøvik,RE30,rail,VYG:ServiceJourney:1225-ROA_589175-R,False,planned,False,,,,,2026-09-07T20:27:16.249662+02:00
NSR:StopPlace:58828,Roa stasjon,2026-09-07T18:08:00+02:00,2026-09-07T18:08:00+02:00,,0.0,0,Jaren,VYG:Line:R31,Skøyen-Jaren-Gjøvik,R31,rail,VYG:ServiceJourney:BUS-245_655571-R,False,planned,False,,,,,2026-09-07T20:27:16.249662+02:00
NSR:StopPlace:58828,Roa stasjon,2026-09-07T18:13:00+02:00,2026-09-07T18:13:00+02:00,,0.0,0,Jaren,VYG:Line:R31,Skøyen-Jaren-Gjøvik,R31,rail,VYG:ServiceJourney:BUS-245_655570-R,False,planned,False,,,,,2026-09-07T20:27:16.249662+02:00
NSR:StopPlace:58828,Roa stasjon,2026-09-07T18:18:00+02:00,2026-09-07T18:18:00+02:00,,0.0,0,Lunner,VYG:Line:R31,Skøyen-Jaren-Gjøvik,R31,rail,VYG:ServiceJourney:BUS-245_655572-R,False,planned,False,,,,,2026-09-07T20:27:16.249662+02:00
NSR:StopPlace:58828,Roa stasjon,2026-09-07T18:40:00+02:00,2026-09-07T18:40:00+02:00,,0.0,0,Oslo S,VYG:Line:R31,Skøyen-Jaren-Gjøvik,R31,rail,VYG:ServiceJourney:BUS-228_655370-R,False,planned,False,,,,,2026-09-07T20:27:16.249662+02:00
NSR:StopPlace:58828,Roa stasjon,2026-09-07T18:55:00+02:00,2026-09-07T18:55:00+02:00,,0.0,0,Jaren,VYG:Line:R31,Skøyen-Jaren-Gjøvik,R31,rail,VYG:ServiceJourney:BUS-247_655581-R,False,planned,False,,,,,2026-09-07T20:27:16.249662+02:00
NSR:StopPlace:58828,Roa stasjon,2026-09-07T19:03:00+02:00,2026-09-07T19:03:00+02:00,,0.0,0,Jaren,VYG:Line:R31,Skøyen-Jaren-Gjøvik,R31,rail,VYG:ServiceJourney:BUS-247_655582-R,False,planned,False,,,,,2026-09-07T20:27:16.249662+02:00
NSR:StopPlace:58828,Roa stasjon,2026-09-07T19:08:00+02:00,2026-09-07T19:08:00+02:00,,0.0,0,Jaren,VYG:Line:R31,Skøyen-Jaren-Gjøvik,R31,rail,VYG:ServiceJourney:BUS-247_655585-R,False,planned,False,,,,,2026-09-07T20:27:16.249662+02:00
NSR:StopPlace:58828,Roa stasjon,2026-09-07T19:12:00+02:00,2026-09-07T19:12:00+02:00,,0.0,0,Jaren,VYG:Line:R31,Skøyen-Jaren-Gjøvik,R31,rail,VYG:ServiceJourney:BUS-247_655584-R,False,planned,False,,,,,2026-09-07T20:27:16.249662+02:00
NSR:StopPlace:58828,Roa stasjon,2026-09-07T19:17:00+02:00,2026-09-07T19:17:00+02:00,,0.0,0,Lunner,VYG:Line:R31,Skøyen-Jaren-Gjøvik,R31,rail,VYG:ServiceJourney:BUS-247_655586-R,False,planned,False,,,,,2026-09-07T20:27:16.249662+02:00
NSR:StopPlace:58829,Stryken stasjon,2026-09-07T16:59:00+02:00,2026-09-07T16:59:00+02:00,,0.0,0,Brandbu,INN:Line:126,Dokka-Hov-Brandbu-Oslo,126,bus,INN:ServiceJourney:68059,False,planned,False,,,,,2026-09-07T20:27:16.249662+02:00
NSR:StopPlace:58829,Stryken stasjon,2026-09-07T17:15:00+02:00,2026-09-07T17:15:00+02:00,,0.0,0,Jaren,VYG:Line:R31,Skøyen-Jaren-Gjøvik,R31,rail,VYG:ServiceJourney:BUS-243_655551-R,False,planned,False,,,,,2026-09-07T20:27:16.249662+02:00
NSR:StopPlace:58829,Stryken stasjon,2026-09-07T17:33:00+02:00,2026-09-07T17:33:00+02:00,,0.0,0,Jaren,VYG:Line:R31,Skøyen-Jaren-Gjøvik,R31,rail,VYG:ServiceJourney:BUS-243_655554-R,False,planned,False,,,,,2026-09-07T20:27:16.249662+02:00
NSR:StopPlace:64171,Gamlestaden,2026-09-07T18:45:00+02:00,2026-09-07T18:45:00+02:00,,0.0,0,Malmö C,SNT:Line:15931205-7b69-51de-bac7-18d4acc5c6f5,Malmö C,IC,rail,SNT:ServiceJourney:52efc068-8869-5645-b60f-cf6c2e6a10d8_b5ac3e58-b062-5656-bc9b-17920ae7ca9b,False,planned,False,,,,,2026-09-07T20:27:16.249662+02:00
NSR:StopPlace:64088,Nässjö Centralstation,2026-09-07T18:25:00+02:00,2026-09-07T18:25:00+02:00,,0.0,0,Stockholm C,SNT:Line:15931205-7b69-51de-bac7-18d4acc5c6f5,Malmö C,IC,rail,SNT:ServiceJourney:52efc068-8869-5645-b60f-cf6c2e6a10d8_c06b2784-4018-5cd0-b6e5-89d2b5a3751c,False,planned,False,,,,,2026-09-07T20:27:16.249662+02:00
NSR:StopPlace:64088,Nässjö Centralstation,2026-09-07T19:15:00+02:00,2026-09-07T19:15:00+02:00,,0.0,0,Berlin Gesundbrunnen,SNT:Line:2f945540-e264-50e2-9f10-9a66be909e6f,Storlien,NT,rail,SNT:ServiceJourney:52efc068-8869-5645-b60f-cf6c2e6a10d8_66e2d178-6985-54bc-a26a-b1e9502af7dd,False,planned,False,,,,,2026-09-07T20:27:16.249662+02:00
NSR:StopPlace:64088,Nässjö Centralstation,2026-09-07T19:15:00+02:00,2026-09-07T19:15:00+02:00,,0.0,0,Malmö C,SNT:Line:15931205-7b69-51de-bac7-18d4acc5c6f5,Malmö C,IC,rail,SNT:ServiceJourney:52efc068-8869-5645-b60f-cf6c2e6a10d8_900275f9-e670-5cb9-88e9-77037edfd4c9,False,planned,False,,,,,2026-09-07T20:27:16.249662+02:00
NSR:StopPlace:64086,Norrköping Centralstation,2026-09-07T17:53:00+02:00,2026-09-07T17:53:00+02:00,,0.0,0,Berlin Gesundbrunnen,SNT:Line:2f945540-e264-50e2-9f10-9a66be909e6f,Storlien,NT,rail,SNT:ServiceJourney:52efc068-8869-5645-b60f-cf6c2e6a10d8_66e2d178-6985-54bc-a26a-b1e9502af7dd,False,planned,False,,,,,2026-09-07T20:27:16.249662+02:00
NSR:StopPlace:64086,Norrköping Centralstation,2026-09-07T17:53:00+02:00,2026-09-07T17:53:00+02:00,,0.0,0,Malmö C,SNT:Line:15931205-7b69-51de-bac7-18d4acc5c6f5,Malmö C,IC,rail,SNT:ServiceJourney:52efc068-8869-5645-b60f-cf6c2e6a10d8_900275f9-e670-5cb9-88e9-77037edfd4c9,False,planned,False,,,,,2026-09-07T20:27:16.249662+02:00
NSR:StopPlace:64086,Norrköping Centralstation,2026-09-07T19:48:00+02:00,2026-09-07T19:48:00+02:00,,0.0,0,Stockholm C,SNT:Line:15931205-7b69-51de-bac7-18d4acc5c6f5,Malmö C,IC,rail,SNT:ServiceJourney:52efc068-8869-5645-b60f-cf6c2e6a10d8_c06b2784-4018-5cd0-b6e5-89d2b5a3751c,False,planned,False,,,,,2026-09-07T20:27:16.249662+02:00
NSR:StopPlace:64087,Linköping Centralstation,2026-09-07T18:20:00+02:00,2026-09-07T18:20:00+02:00,,0.0,0,Berlin Gesundbrunnen,SNT:Line:2f945540-e264-50e2-9f10-9a66be909e6f,Storlien,NT,rail,SNT:ServiceJourney:52efc068-8869-5645-b60f-cf6c2e6a10d8_66e2d178-6985-54bc-a26a-b1e9502af7dd,False,planned,False,,,,,2026-09-07T20:27:16.249662+02:00
NSR:StopPlace:64087,Linköping Centralstation,2026-09-07T18:20:00+02:00,2026-09-07T18:20:00+02:00,,0.0,0,Malmö C,SNT:Line:15931205-7b69-51de-bac7-18d4acc5c6f5,Malmö C,IC,rail,SNT:ServiceJourney:52efc068-8869-5645-b60f-cf6c2e6a10d8_900275f9-e670-5cb9-88e9-77037edfd4c9,False,planned,False,,,,,2026-09-07T20:27:16.249662+02:00
NSR:StopPlace:64087,Linköping Centralstation,2026-09-07T19:22:00+02:00,2026-09-07T19:22:00+02:00,,0.0,0,Stockholm C,SNT:Line:15931205-7b69-51de-bac7-18d4acc5c6f5,Malmö C,IC,rail,SNT:ServiceJourney:52efc068-8869-5645-b60f-cf6c2e6a10d8_c06b2784-4018-5cd0-b6e5-89d2b5a3751c,False,planned,False,,,,,2026-09-07T20:27:16.249662+02:00
NSR:StopPlace:63079,Skeiane stasjon,2026-09-07T16:42:00+02:00,2026-09-07T16:42:00+02:00,,0.0,0,Egersund,GOA:Line:59,Jærbanen,L5,rail,GOA:ServiceJourney:3050_63097-R,False,planned,False,,,,,2026-09-07T20:27:16.249662+02:00
NSR:StopPlace:63079,Skeiane stasjon,2026-09-07T16:42:00+02:00,2026-09-07T16:42:00+02:00,,0.0,0,Stavanger,GOA:Line:59,Jærbanen,L5,rail,GOA:ServiceJourney:3047_63092-R,False,planned,False,,,,,2026-09-07T20:27:16.249662+02:00
NSR:StopPlace:63079,Skeiane stasjon,2026-09-07T16:56:00+02:00,2026-09-07T16:56:00+02:00,,0.0,0,Stavanger,GOA:Line:59,Jærbanen,L5,rail,GOA:ServiceJourney:3149_63194-R,False,planned,False,,,,,2026-09-07T20:27:16.249662+02:00
NSR:StopPlace:63079,Skeiane stasjon,2026-09-07T17:12:00+02:00,2026-09-07T17:12:00+02:00,,0.0,0,Egersund,GOA:Line:59,Jærbanen,L5,rail,GOA:ServiceJourney:3052_63100-R,False,planned,False,,,,,2026-09-07T20:27:16.249662+02:00
NSR:StopPlace:63079,Skeiane stasjon,2026-09-07T17:12:00+02:00,2026-09-07T17:12:00+02:00,,0.0,0,Stavanger,GOA:Line:59,Jærbanen,L5,rail,GOA:ServiceJourney:3049_63095-R,False,planned,False,,,,,2026-09-07T20:27:16.249662+02:00
NSR:StopPlace:63079,Skeiane stasjon,2026-09-07T17:26:00+02:00,2026-09-07T17:26:00+02:00,,0.0,0,Stavanger,GOA:Line:59,Jærbanen,L5,rail,GOA:ServiceJourney:3151_63196-R,False,planned,False,,,,,2026-09-07T20:27:16.249662+02:00
NSR:StopPlace:63079,Skeiane stasjon,2026-09-07T17:42:00+02:00,2026-09-07T17:42:00+02:00,,0.0,0,Nærbø,GOA:Line:59,Jærbanen,L5,rail,GOA:ServiceJourney:3054_63104-R,False,planned,False,,,,,2026-09-07T20:27:16.249662+02:00
NSR:StopPlace:63079,Skeiane stasjon,2026-09-07T17:42:00+02:00,2026-09-07T17:42:00+02:00,,0.0,0,Stavanger,GOA:Line:59,Jærbanen,L5,rail,GOA:ServiceJourney:3051_63099-R,False,planned,False,,,,,2026-09-07T20:27:16.249662+02:00
NSR:StopPlace:63079,Skeiane stasjon,2026-09-07T17:56:00+02:00,2026-09-07T17:56:00+02:00,,0.0,0,Stavanger,GOA:Line:59,Jærbanen,L5,rail,GOA:ServiceJourney:3153_63198-R,False,planned,False,,,,,2026-09-07T20:27:16.249662+02:00
NSR:StopPlace:63079,Skeiane stasjon,2026-09-07T18:12:00+02:00,2026-09-07T18:12:00+02:00,,0.0,0,Egersund,GOA:Line:59,Jærbanen,L5,rail,GOA:ServiceJourney:3056_63108-R,False,planned,False,,,,,2026-09-07T20:27:16.249662+02:00
NSR:StopPlace:63079,Skeiane stasjon,2026-09-07T18:12:00+02:00,2026-09-07T18:12:00+02:00,,0.0,0,Stavanger,GOA:Line:59,Jærbanen,L5,rail,GOA:ServiceJourney:3053_63102-R,False,planned,False,,,,,2026-09-07T20:27:16.249662+02:00
NSR:StopPlace:63079,Skeiane stasjon,2026-09-07T18:26:00+02:00,2026-09-07T18:26:00+02:00,,0.0,0,Stavanger,GOA:Line:59,Jærbanen,L5,rail,GOA:ServiceJourney:3155_63200-R,False,planned,False,,,,,2026-09-07T20:27:16.249662+02:00
NSR:StopPlace:63079,Skeiane stasjon,2026-09-07T18:41:00+02:00,2026-09-07T18:41:00+02:00,,0.0,0,Stavanger,GOA:Line:59,Jærbanen,L5,rail,GOA:ServiceJourney:3055_63106-R,False,planned,False,,,,,2026-09-07T20:27:16.249662+02:00
NSR:StopPlace:63079,Skeiane stasjon,2026-09-07T18:42:00+02:00,2026-09-07T18:42:00+02:00,,0.0,0,Nærbø,GOA:Line:59,Jærbanen,L5,rail,GOA:ServiceJourney:3058_63111-R,False,planned,False,,,,,2026-09-07T20:27:16.249662+02:00
NSR:StopPlace:63079,Skeiane stasjon,2026-09-07T18:56:00+02:00,2026-09-07T18:56:00+02:00,,0.0,0,Stavanger,GOA:Line:59,Jærbanen,L5,rail,GOA:ServiceJourney:3157_63202-R,False,planned,False,,,,,2026-09-07T20:27:16.249662+02:00
NSR:StopPlace:63079,Skeiane stasjon,2026-09-07T19:12:00+02:00,2026-09-07T19:12:00+02:00,,0.0,0,Stavanger,GOA:Line:59,Jærbanen,L5,rail,GOA:ServiceJourney:3057_63110-R,False,planned,False,,,,,2026-09-07T20:27:16.249662+02:00
NSR:StopPlace:63079,Skeiane stasjon,2026-09-07T19:26:00+02:00,2026-09-07T19:26:00+02:00,,0.0,0,Stavanger,GOA:Line:59,Jærbanen,L5,rail,GOA:ServiceJourney:3159_63204-R,False,planned,False,,,,,2026-09-07T20:27:16.249662+02:00
NSR:StopPlace:63194,Mölndal station,2026-09-07T16:32:00+02:00,2026-09-07T16:32:00+02:00,,0.0,0,Halmstad C,SAM:Line:9011012080800000,Ø Insatståg Göteborg - Halmstad,,rail,SAM:ServiceJourney:121120000389253864,False,planned,False,,,,,2026-09-07T20:27:16.249662+02:00
NSR:StopPlace:63194,Mölndal station,2026-09-07T16:57:00+02:00,2026-09-07T16:57:00+02:00,,0.0,0,Göteborg C,SAM:Line:9011012080400000,Ø Göteborg-Halmstad-Helsingborg-Malmö-Købe,,rail,SAM:ServiceJourney:121120000389704699,False,planned,False,,,,,2026-09-07T20:27:16.249662+02:00
NSR:StopPlace:63194,Mölndal station,2026-09-07T17:02:00+02:00,2026-09-07T17:02:00+02:00,,0.0,0,Østerport,SAM:Line:9011012080400000,Ø Göteborg-Halmstad-Helsingborg-Malmö-Købe,,rail,SAM:ServiceJourney:121120000389250809,False,planned,False,,,,,2026-09-07T20:27:16.249662+02:00
NSR:StopPlace:63194,Mölndal station,2026-09-07T17:27:00+02:00,2026-09-07T17:27:00+02:00,,0.0,0,Göteborg C,SAM:Line:9011012080800000,Ø Insatståg Göteborg - Halmstad,,rail,SAM:ServiceJourney:121120000389254089,False,planned,False,,,,,2026-09-07T20:27:16.249662+02:00
NSR:StopPlace:63194,Mölndal station,2026-09-07T17:32:00+02:00,2026-09-07T17:32:00+02:00,,0.0,0,Halmstad C,SAM:Line:9011012080800000,Ø Insatståg Göteborg - Halmstad,,rail,SAM:ServiceJourney:121120000389253879,False,planned,False,,,,,2026-09-07T20:27:16.249662+02:00
NSR:StopPlace:63194,Mölndal station,2026-09-07T17:57:00+02:00,2026-09-07T17:57:00+02:00,,0.0,0,Göteborg C,SAM:Line:9011012080400000,Ø Göteborg-Halmstad-Helsingborg-Malmö-Købe,,rail,SAM:ServiceJourney:121120000389704728,False,planned,False,,,,,2026-09-07T20:27:16.249662+02:00
NSR:StopPlace:63194,Mölndal station,2026-09-07T18:02:00+02:00,2026-09-07T18:02:00+02:00,,0.0,0,Østerport,SAM:Line:9011012080400000,Ø Göteborg-Halmstad-Helsingborg-Malmö-Købe,,rail,SAM:ServiceJourney:121120000389250867,False,planned,False,,,,,2026-09-07T20:27:16.249662+02:00
NSR:StopPlace:63194,Mölndal station,2026-09-07T18:27:00+02:00,2026-09-07T18:27:00+02:00,,0.0,0,Göteborg C,SAM:Line:9011012080800000,Ø Insatståg Göteborg - Halmstad,,rail,SAM:ServiceJourney:121120000389254104,False,planned,False,,,,,2026-09-07T20:27:16.249662+02:00
NSR:StopPlace:63194,Mölndal station,2026-09-07T18:32:00+02:00,2026-09-07T18:32:00+02:00,,0.0,0,Halmstad C,SAM:Line:9011012080800000,Ø Insatståg Göteborg - Halmstad,,rail,SAM:ServiceJourney:121120000389253894,False,planned,False,,,,,2026-09-07T20:27:16.249662+02:00
NSR:StopPlace:63194,Mölndal station,2026-09-07T18:57:00+02:00,2026-09-07T18:57:00+02:00,,0.0,0,Malmö C,SNT:Line:15931205-7b69-51de-bac7-18d4acc5c6f5,Malmö C,IC,rail,SNT:ServiceJourney:52efc068-8869-5645-b60f-cf6c2e6a10d8_b5ac3e58-b062-5656-bc9b-17920ae7ca9b,False,planned,False,,,,,2026-09-07T20:27:16.249662+02:00
NSR:StopPlace:63194,Mölndal station,2026-09-07T18:57:00+02:00,2026-09-07T18:57:00+02:00,,0.0,0,Göteborg C,SAM:Line:9011012080400000,Ø Göteborg-Halmstad-Helsingborg-Malmö-Købe,,rail,SAM:ServiceJourney:121120000389704757,False,planned,False,,,,,2026-09-07T20:27:16.249662+02:00
NSR:StopPlace:63194,Mölndal station,2026-09-07T19:02:00+02:00,2026-09-07T19:02:00+02:00,,0.0,0,Østerport,SAM:Line:9011012080400000,Ø Göteborg-Halmstad-Helsingborg-Malmö-Købe,,rail,SAM:ServiceJourney:121120000389250693,False,planned,False,,,,,2026-09-07T20:27:16.249662+02:00
NSR:StopPlace:63194,Mölndal station,2026-09-07T19:27:00+02:00,2026-09-07T19:27:00+02:00,,0.0,0,Göteborg C,SAM:Line:9011012080800000,Ø Insatståg Göteborg - Halmstad,,rail,SAM:ServiceJourney:121120000389254119,False,planned,False,,,,,2026-09-07T20:27:16.249662+02:00
NSR:StopPlace:63194,Mölndal station,2026-09-07T19:32:00+02:00,2026-09-07T19:32:00+02:00,,0.0,0,Halmstad C,SAM:Line:9011012080800000,Ø Insatståg Göteborg - Halmstad,,rail,SAM:ServiceJourney:121120000389253909,False,planned,False,,,,,2026-09-07T20:27:16.249662+02:00
NSR:StopPlace:63194,Mölndal station,2026-09-07T19:57:00+02:00,2026-09-07T19:57:00+02:00,,0.0,0,Göteborg C,SAM:Line:9011012080400000,Ø Göteborg-Halmstad-Helsingborg-Malmö-Købe,,rail,SAM:ServiceJourney:121120000389705209,False,planned,False,,,,,2026-09-07T20:27:16.249662+02:00
NSR:StopPlace:63194,Mölndal station,2026-09-07T20:02:00+02:00,2026-09-07T20:02:00+02:00,,0.0,0,København H,SAM:Line:9011012080400000,Ø Göteborg-Halmstad-Helsingborg-Malmö-Købe,,rail,SAM:ServiceJourney:121120000389250664,False,planned,False,,,,,2026-09-07T20:27:16.249662+02:00
NSR:StopPlace:63705,Enköping station,2026-09-07T16:30:00+02:00,2026-09-07T16:30:00+02:00,,0.0,0,Arlanda,VYB:Line:26,850 Oslo - Arlanda - Stockholm,850,coach,VYB:ServiceJourney:9202018d651598ebca8ba4431e7de7c6ad71ec95,False,planned,False,Enköping,Enköping stasjon.Bussen stopper ved pendlerparkeringen på Østra Järnvägsgatan.,general,normal,2026-09-07T20:27:16.249662+02:00
NSR:StopPlace:63705,Enköping station,2026-09-07T16:50:00+02:00,2026-09-07T16:50:00+02:00,,0.0,0,Karlstad,VYB:Line:26,850 Oslo - Arlanda - Stockholm,850,coach,VYB:ServiceJourney:e8d90605147c4a1c280298f6cd196ebd3214351f,False,planned,False,Enköping,Enköping stasjon.Bussen stopper ved pendlerparkeringen på Østra Järnvägsgatan.,general,normal,2026-09-07T20:27:16.249662+02:00
NSR:StopPlace:63705,Enköping station,2026-09-07T17:35:00+02:00,2026-09-07T17:35:00+02:00,,0.0,0,Karlstad,VYB:Line:26,850 Oslo - Arlanda - Stockholm,850,coach,VYB:ServiceJourney:38d3ea42e3c6baba32b2e58f9cbfd7bcaa01efa8,False,planned,False,Enköping,Enköping stasjon.Bussen stopper ved pendlerparkeringen på Østra Järnvägsgatan.,general,normal,2026-09-07T20:27:16.249662+02:00
NSR:StopPlace:63705,Enköping station,2026-09-07T18:20:00+02:00,2026-09-07T18:20:00+02:00,,0.0,0,Örebro,VYB:Line:27,900 Oslo - Arlanda - Stockholm,900,coach,VYB:ServiceJourney:1d117df990731f84868aec3747da71cffa146d2d,False,planned,False,Annan busstyp på denna avgång | Enköping,"Vennligst merk at denne avgangen kjøres av en samarbeidspartner til Vy bus4you, og med en annen type buss enn den som vanligvis benyttes av Vy bus4you. | Enköping stasjon.Bussen stopper ved pendlerparkeringen på Østra Järnvägsgatan.",general | general,normal | normal,2026-09-07T20:27:16.249662+02:00
NSR:StopPlace:63705,Enköping station,2026-09-07T18:25:00+02:00,2026-09-07T18:25:00+02:00,,0.0,0,Arlanda,VYB:Line:26,850 Oslo - Arlanda - Stockholm,850,coach,VYB:ServiceJourney:084817582b83bf737edcf2a89c69cfa7409295f1,False,planned,False,Enköping,Enköping stasjon.Bussen stopper ved pendlerparkeringen på Østra Järnvägsgatan.,general,normal,2026-09-07T20:27:16.249662+02:00
NSR:StopPlace:63705,Enköping station,2026-09-07T19:05:00+02:00,2026-09-07T19:05:00+02:00,,0.0,0,Örebro,VYB:Line:27,900 Oslo - Arlanda - Stockholm,900,coach,VYB:ServiceJourney:e6b24b556763a2cc0ab7cec400a55ca9d4f21e45,False,planned,False,Annan busstyp på denna avgång | Enköping,"Vennligst merk at denne avgangen kjøres av en samarbeidspartner til Vy bus4you, og med en annen type buss enn den som vanligvis benyttes av Vy bus4you. | Enköping stasjon.Bussen stopper ved pendlerparkeringen på Østra Järnvägsgatan.",general | general,normal | normal,2026-09-07T20:27:16.249662+02:00
NSR:StopPlace:63705,Enköping station,2026-09-07T19:30:00+02:00,2026-09-07T19:30:00+02:00,,0.0,0,Arlanda,VYB:Line:26,850 Oslo - Arlanda - Stockholm,850,coach,VYB:ServiceJourney:ebb90a61c1eb9eb0d3c8e557b8bcf7c2a04c4625,False,planned,False,Enköping,Enköping stasjon.Bussen stopper ved pendlerparkeringen på Østra Järnvägsgatan.,general,normal,2026-09-07T20:27:16.249662+02:00
NSR:StopPlace:63705,Enköping station,2026-09-07T19:40:00+02:00,2026-09-07T19:40:00+02:00,,0.0,0,Karlstad,VYB:Line:26,850 Oslo - Arlanda - Stockholm,850,coach,VYB:ServiceJourney:f436806116ac029607e0c96496cd6aa829e64f88,False,planned,False,Enköping,Enköping stasjon.Bussen stopper ved pendlerparkeringen på Østra Järnvägsgatan.,general,normal,2026-09-07T20:27:16.249662+02:00
NSR:StopPlace:63720,Uppsala Centralstation,2026-09-07T19:01:00+02:00,2026-09-07T19:01:00+02:00,,0.0,0,Luleå,SJV:Line:0ff9f2b9-fbe5-4761-8a29-8813be35efaa,Stockholm-Narvik (-Luleå),,rail,SJV:ServiceJourney:0eabfad4-c61e-4fc3-8a75-7ebd11c5a873,False,planned,False,,,,,2026-09-07T20:27:16.249662+02:00
NSR:StopPlace:58211,Oslo lufthavn,2026-09-07T16:30:00+02:00,2026-09-07T16:30:00+02:00,,0.0,0,Haugesund,AVI:Line:DY_OSL-HAU,Oslo-Haugesund,,air,AVI:ServiceJourney:DY190-01-523283347,False,planned,False,,,,,2026-09-07T20:27:16.249662+02:00
NSR:StopPlace:58211,Oslo lufthavn,2026-09-07T16:30:00+02:00,2026-09-07T16:30:00+02:00,,0.0,0,Jessheim,RUT:Line:420,Maura -  Jessheim,420,bus,RUT:ServiceJourney:28fdbb446b3db2502981b846ab09e9e6,False,planned,False,,,,,2026-09-07T20:27:16.249662+02:00
NSR:StopPlace:58211,Oslo lufthavn,2026-09-07T16:30:00+02:00,2026-09-07T16:30:00+02:00,,0.0,0,Radiumhospitalet via Økern-Storo-Tåsen,NBU:Line:cb7b555c-f96e-42d5-84bf-a5e08c0145c2,Radiumhospitalet via Økern-Storo-Tåsen,FB3,bus,NBU:ServiceJourney:4aae410d-8c95-4ebe-a138-3bac4256bc9a,False,planned,False,,,,,2026-09-07T20:27:16.249662+02:00
NSR:StopPlace:58211,Oslo lufthavn,2026-09-07T16:30:00+02:00,2026-09-07T16:30:00+02:00,,0.0,0,Drammen,FLT:Line:FLY1,FLY1,FLY1,rail,FLT:ServiceJourney:1-2614-3768-20260907,False,planned,False,,,,,2026-09-07T20:27:16.249662+02:00
NSR:StopPlace:58211,Oslo lufthavn,2026-09-07T16:30:00+02:00,2026-09-07T16:30:00+02:00,,0.0,0,Oslo lufthavn,VYX:Line:98,S44 Shuttle Oslo lufthavn,S44,bus,VYX:ServiceJourney:23428c9eac8561de8993d5996c863b10b46bb838,False,planned,False,,,,,2026-09-07T20:27:16.249662+02:00
NSR:StopPlace:58211,Oslo lufthavn,2026-09-07T16:35:00+02:00,2026-09-07T16:35:00+02:00,,0.0,0,Årnes,RUT:Line:450,Årnes - Oslo lufthavn,450,bus,RUT:ServiceJourney:1ee59810628279990c13a39a6c278d94,False,planned,False,,,,,2026-09-07T20:27:16.249662+02:00
NSR:StopPlace:58211,Oslo lufthavn,2026-09-07T16:35:00+02:00,2026-09-07T16:35:00+02:00,,0.0,0,Oslo lufthavn,VYX:Line:99,S55 Shuttle Oslo lufthavn,S55,bus,VYX:ServiceJourney:716bdba4b92535ec1928805191328acd0b1f1053,False,planned,False,,,,,2026-09-07T20:27:16.249662+02:00
NSR:StopPlace:58211,Oslo lufthavn,2026-09-07T16:40:00+02:00,2026-09-07T16:40:00+02:00,,0.0,0,Oslo lufthavn,VYX:Line:51,S22 Shuttle Oslo lufthavn,S22,bus,VYX:ServiceJourney:e559e871f78d3bb83530706df95a108693d2ea79,False,planned,False,,,,,2026-09-07T20:27:16.249662+02:00
NSR:StopPlace:58211,Oslo lufthavn,2026-09-07T16:40:00+02:00,2026-09-07T16:40:00+02:00,,0.0,0,Fenstad,RUT:Line:440,Fenstad/Nordkisa - Oslo lufthavn,440,bus,RUT:ServiceJourney:5f68cc24f5877eb9e2cccc9d8ef6ed9f,False,planned,False,,,,,2026-09-07T20:27:16.249662+02:00
NSR:StopPlace:58211,Oslo lufthavn,2026-09-07T16:40:00+02:00,2026-09-07T16:40:00+02:00,,0.0,0,Stabekk,FLT:Line:FLY2,FLY2,FLY2,rail,FLT:ServiceJourney:1-2614-3568-20260907,False,planned,False,,,,,2026-09-07T20:27:16.249662+02:00
NSR:StopPlace:58211,Oslo lufthavn,2026-09-07T16:42:00+02:00,2026-09-07T16:42:00+02:00,,0.0,0,Kopperud ekspress,RUT:Line:420,Maura -  Jessheim,420,bus,RUT:ServiceJourney:af4c43cdb26062648b12e8f954334123,False,planned,False,,,,,2026-09-07T20:27:16.249662+02:00
NSR:StopPlace:58211,Oslo lufthavn,2026-09-07T16:45:00+02:00,2026-09-07T16:45:00+02:00,,0.0,0,Trysil,NWY:Line:677f2beb-6261-50bf-bfec-418580078dd5,Trysilekspressen,NW130,coach,NWY:ServiceJourney:79c9ef22-88fd-5015-a232-774c4b40a9ce,False,planned,False,,,,,2026-09-07T20:27:16.249662+02:00
NSR:StopPlace:58211,Oslo lufthavn,2026-09-07T16:45:00+02:00,2026-09-07T16:45:00+02:00,,0.0,0,Årdal,VYX:Line:31,VY450 Bergen-Fagernes-Oslo,VY450,coach,VYX:ServiceJourney:425dc8000fde6a71df6e6f38682361faa8fb510f,False,planned,False,Forhåndsbestilling Vy,Billett må kjøpes på nett eller app senest 15 minutter før påstigning for at bussen skal kjøre innom holdeplassen.,general,normal,2026-09-07T20:27:16.249662+02:00
NSR:StopPlace:58211,Oslo lufthavn,2026-09-07T16:45:00+02:00,2026-09-07T16:45:00+02:00,,0.0,0,Oslo lufthavn,VYX:Line:98,S44 Shuttle Oslo lufthavn,S44,bus,VYX:ServiceJourney:1da47ea98519c4edcd669505d65071797b0b2cb0,False,planned,False,,,,,2026-09-07T20:27:16.249662+02:00
NSR:StopPlace:58211,Oslo lufthavn,2026-09-07T16:49:00+02:00,2026-09-07T16:49:00+02:00,,0.0,0,Eidsvoll,VYG:Line:RE11,Eidsvoll-Oslo S-Skien,RE11,rail,VYG:ServiceJourney:822_444402-R,False,planned,False,,,,,2026-09-07T20:27:16.249662+02:00
NSR:StopPlace:58211,Oslo lufthavn,2026-09-07T16:50:00+02:00,2026-09-07T16:50:00+02:00,,0.0,0,OSL-ekspressen - Mortensrud,UNI:Line:UE1,Mortensrud - Oslo lufthavn Gardermoen,FB10,bus,UNI:ServiceJourney:UE1-169968-47995497,False,planned,False,,,,,2026-09-07T20:27:16.249662+02:00
NSR:StopPlace:58211,Oslo lufthavn,2026-09-07T16:50:00+02:00,2026-09-07T16:50:00+02:00,,0.0,0,Drammen,FLT:Line:FLY1,FLY1,FLY1,rail,FLT:ServiceJourney:1-2614-3770-20260907,False,planned,False,,,,,2026-09-07T20:27:16.249662+02:00
NSR:StopPlace:58211,Oslo lufthavn,2026-09-07T16:50:00+02:00,2026-09-07T16:50:00+02:00,,0.0,0,Oslo lufthavn,VYX:Line:99,S55 Shuttle Oslo lufthavn,S55,bus,VYX:ServiceJourney:8bcd533f157f47211f3dd657c96daad5cf95baf1,False,planned,False,,,,,2026-09-07T20:27:16.249662+02:00
NSR:StopPlace:58211,Oslo lufthavn,2026-09-07T16:54:00+02:00,2026-09-07T16:54:00+02:00,,0.0,0,Kopperud,RUT:Line:420,Maura -  Jessheim,420,bus,RUT:ServiceJourney:80c2aa48ca8b65fb57daf56f5e0b91ee,False,planned,False,,,,,2026-09-07T20:27:16.249662+02:00
NSR:StopPlace:58211,Oslo lufthavn,2026-09-07T16:55:00+02:00,2026-09-07T16:55:00+02:00,,0.0,0,Oslo lufthavn,VYX:Line:51,S22 Shuttle Oslo lufthavn,S22,bus,VYX:ServiceJourney:cdf145755030399a800d27c36d3655d222245a73,False,planned,False,,,,,2026-09-07T20:27:16.249662+02:00
NSR:StopPlace:58211,Oslo lufthavn,2026-09-07T16:55:00+02:00,2026-09-07T16:55:00+02:00,,0.0,0,Nordkisa,RUT:Line:440,Fenstad/Nordkisa - Oslo lufthavn,440,bus,RUT:ServiceJourney:112db7a94f88d55b7d9b3402f96074b8,False,planned,False,,,,,2026-09-07T20:27:16.249662+02:00
NSR:StopPlace:58211,Oslo lufthavn,2026-09-07T16:57:00+02:00,2026-09-07T16:57:00+02:00,,0.0,0,Kopperud ekspress,RUT:Line:420,Maura -  Jessheim,420,bus,RUT:ServiceJourney:cc59894fd0e62ef3d3ecf058c4819c8b,False,planned,False,,,,,2026-09-07T20:27:16.249662+02:00
NSR:StopPlace:58211,Oslo lufthavn,2026-09-07T17:00:00+02:00,2026-09-07T17:00:00+02:00,,0.0,0,Kristiansand,AVI:Line:DY_OSL-KRS,Oslo-Kristiansand,,air,AVI:ServiceJourney:DY276-02-523279939,False,planned,False,,,,,2026-09-07T20:27:16.249662+02:00
NSR:StopPlace:58211,Oslo lufthavn,2026-09-07T17:00:00+02:00,2026-09-07T17:00:00+02:00,,0.0,0,Jessheim,RUT:Line:420,Maura -  Jessheim,420,bus,RUT:ServiceJourney:c38742b3556779e900d809f9c9b9829b,False,planned,False,,,,,2026-09-07T20:27:16.249662+02:00
NSR:StopPlace:58211,Oslo lufthavn,2026-09-07T17:00:00+02:00,2026-09-07T17:00:00+02:00,,0.0,0,Elverum,VYX:Line:2,VY123 Elverum-Oslo,VY123,coach,VYX:ServiceJourney:3ed9e49873dcea6eb7619089e27d27034007cd4f,False,planned,False,Forhåndsbestilling Vy,Billett må kjøpes på nett eller app senest 15 minutter før påstigning for at bussen skal kjøre innom holdeplassen.,general,normal,2026-09-07T20:27:16.249662+02:00
NSR:StopPlace:58211,Oslo lufthavn,2026-09-07T17:00:00+02:00,2026-09-07T17:00:00+02:00,,0.0,0,Stabekk,FLT:Line:FLY2,FLY2,FLY2,rail,FLT:ServiceJourney:1-2614-3570-20260907,False,planned,False,,,,,2026-09-07T20:27:16.249662+02:00
NSR:StopPlace:58211,Oslo lufthavn,2026-09-07T17:00:00+02:00,2026-09-07T17:00:00+02:00,,0.0,0,Oslo lufthavn,VYX:Line:98,S44 Shuttle Oslo lufthavn,S44,bus,VYX:ServiceJourney:a3b544a946fdeba7605957c4a851913ae83c7b4a,False,planned,False,,,,,2026-09-07T20:27:16.249662+02:00
NSR:StopPlace:58211,Oslo lufthavn,2026-09-07T17:05:00+02:00,2026-09-07T17:05:00+02:00,,0.0,0,Oslo lufthavn,VYX:Line:99,S55 Shuttle Oslo lufthavn,S55,bus,VYX:ServiceJourney:f097979f068a1867eccc365c0f00e929d9ff9e75,False,planned,False,,,,,2026-09-07T20:27:16.249662+02:00
NSR:StopPlace:58211,Oslo lufthavn,2026-09-07T17:10:00+02:00,2026-09-07T17:10:00+02:00,,0.0,0,Oslo lufthavn,VYX:Line:51,S22 Shuttle Oslo lufthavn,S22,bus,VYX:ServiceJourney:a72361756c26109c38cbb5239bd6ee7161c006de,False,planned,False,,,,,2026-09-07T20:27:16.249662+02:00
NSR:StopPlace:58211,Oslo lufthavn,2026-09-07T17:10:00+02:00,2026-09-07T17:10:00+02:00,,0.0,0,Fredrikstad,VYX:Line:56,FB11 Fredrikstad-Oslo Lufthavn (OSL),FB11,bus,VYX:ServiceJourney:a42799f4aa86c088b409d4d4b38b4e804129a3ae,False,planned,False,Forhåndsbestilling FB11,Billett må kjøpes på nett eller app senest 15 minutter før påstigning for at bussen skal kjøre innom holdeplassen. Ruter-billett er ikke gyldig. ,general,normal,2026-09-07T20:27:16.249662+02:00
NSR:StopPlace:58211,Oslo lufthavn,2026-09-07T17:12:00+02:00,2026-09-07T17:12:00+02:00,,0.0,0,Kopperud ekspress,RUT:Line:420,Maura -  Jessheim,420,bus,RUT:ServiceJourney:2012bb8e8d3da589b27c6397aa62f75a,False,planned,False,,,,,2026-09-07T20:27:16.249662+02:00
NSR:StopPlace:184,Hallsberg station,2026-09-07T17:03:00+02:00,2026-09-07T17:03:00+02:00,,0.0,0,Karlstad-Oslo,SJV:Line:cfac9102-49ef-476c-8663-a6d468ee4f36,Stockholm-Hallsberg-Karlstad-Oslo,70,rail,SJV:ServiceJourney:f59f3584-31a7-4ab0-bd01-0245b6e36da4,False,planned,False,,,,,2026-09-07T20:27:16.249662+02:00
NSR:StopPlace:184,Hallsberg station,2026-09-07T18:41:00+02:00,2026-09-07T18:41:00+02:00,,0.0,0,Stockholm,SJV:Line:cfac9102-49ef-476c-8663-a6d468ee4f36,Stockholm-Hallsberg-Karlstad-Oslo,70,rail,SJV:ServiceJourney:93878a0f-ed9e-44b6-b2de-9fffb37a762b,False,planned,False,,,,,2026-09-07T20:27:16.249662+02:00
NSR:StopPlace:184,Hallsberg station,2026-09-07T19:57:00+02:00,2026-09-07T19:57:00+02:00,,0.0,0,Karlstad-Oslo,SJV:Line:cfac9102-49ef-476c-8663-a6d468ee4f36,Stockholm-Hallsberg-Karlstad-Oslo,70,rail,SJV:ServiceJourney:8d37b914-864d-4b1d-b75d-bfe9698aac87,False,planned,False,,,,,2026-09-07T20:27:16.249662+02:00
NSR:StopPlace:101,Sagdalen stasjon,2026-09-07T16:52:00+02:00,2026-09-07T16:52:00+02:00,,0.0,0,Lillestrøm,VYG:Line:L1,Spikkestad-Oslo S-Lillestrøm,L1,rail,VYG:ServiceJourney:2146_443554-R,False,planned,False,,,,,2026-09-07T20:27:16.249662+02:00
NSR:StopPlace:101,Sagdalen stasjon,2026-09-07T17:07:00+02:00,2026-09-07T17:07:00+02:00,,0.0,0,Lillestrøm,VYG:Line:L1,Spikkestad-Oslo S-Lillestrøm,L1,rail,VYG:ServiceJourney:2248_445345-R,False,planned,False,,,,,2026-09-07T20:27:16.249662+02:00
NSR:StopPlace:101,Sagdalen stasjon,2026-09-07T17:22:00+02:00,2026-09-07T17:22:00+02:00,,0.0,0,Lillestrøm,VYG:Line:L1,Spikkestad-Oslo S-Lillestrøm,L1,rail,VYG:ServiceJourney:2148_443556-R,False,planned,False,,,,,2026-09-07T20:27:16.249662+02:00
NSR:StopPlace:101,Sagdalen stasjon,2026-09-07T17:37:00+02:00,2026-09-07T17:37:00+02:00,,0.0,0,Lillestrøm,VYG:Line:L1,Spikkestad-Oslo S-Lillestrøm,L1,rail,VYG:ServiceJourney:2250_443669-R,False,planned,False,,,,,2026-09-07T20:27:16.249662+02:00
NSR:StopPlace:117,Elverum stasjon,2026-09-07T17:21:00+02:00,2026-09-07T17:21:00+02:00,,0.0,0,Hamar,SJN:Line:25,Rørosbanen,R60,rail,SJN:ServiceJourney:2388_37666-R,False,planned,False,,,,,2026-09-07T20:27:16.249662+02:00
NSR:StopPlace:144,Skansen stasjon,2026-09-07T16:48:00+02:00,2026-09-07T16:48:00+02:00,,0.0,0,Ler,SJN:Line:26,Trønderbanen,R70,rail,SJN:ServiceJourney:440_56069-R,False,planned,False,,,,,2026-09-07T20:27:16.249662+02:00
NSR:StopPlace:144,Skansen stasjon,2026-09-07T17:11:00+02:00,2026-09-07T17:11:00+02:00,,0.0,0,Steinkjer,SJN:Line:26,Trønderbanen,R70,rail,SJN:ServiceJourney:445_56074-R,False,planned,False,,,,,2026-09-07T20:27:16.249662+02:00
NSR:StopPlace:393,Leangen stasjon,2026-09-07T17:23:00+02:00,2026-09-07T17:23:00+02:00,,0.0,0,Steinkjer,SJN:Line:26,Trønderbanen,R70,rail,SJN:ServiceJourney:445_56074-R,False,planned,False,,,,,2026-09-07T20:27:16.249662+02:00
NSR:StopPlace:398,Arna stasjon,2026-09-07T16:47:00+02:00,2026-09-07T16:47:00+02:00,,0.0,0,Bergen,VYG:Line:R40,Bergen-Voss-Myrdal-Ål,R40,rail,VYG:ServiceJourney:1825_465764-R,False,planned,False,,,,,2026-09-07T20:27:16.249662+02:00
NSR:StopPlace:398,Arna stasjon,2026-09-07T16:57:00+02:00,2026-09-07T16:57:00+02:00,,0.0,0,Bergen,VYG:Line:L4,Bergen-Arna,L4,rail,VYG:ServiceJourney:2547_443805-R,False,planned,False,,,,,2026-09-07T20:27:16.249662+02:00
NSR:StopPlace:398,Arna stasjon,2026-09-07T17:12:00+02:00,2026-09-07T17:12:00+02:00,,0.0,0,Bergen,VYG:Line:L4,Bergen-Arna,L4,rail,VYG:ServiceJourney:2649_443864-R,False,planned,False,,,,,2026-09-07T20:27:16.249662+02:00
NSR:StopPlace:398,Arna stasjon,2026-09-07T17:17:00+02:00,2026-09-07T17:17:00+02:00,,0.0,0,Bergen,VYG:Line:R40,Bergen-Voss-Myrdal-Ål,R40,rail,VYG:ServiceJourney:1827_443414-R,False,planned,False,,,,,2026-09-07T20:27:16.249662+02:00
NSR:StopPlace:398,Arna stasjon,2026-09-07T17:27:00+02:00,2026-09-07T17:27:00+02:00,,0.0,0,Bergen,VYG:Line:L4,Bergen-Arna,L4,rail,VYG:ServiceJourney:2549_443807-R,False,planned,False,,,,,2026-09-07T20:27:16.249662+02:00
NSR:StopPlace:398,Arna stasjon,2026-09-07T17:42:00+02:00,2026-09-07T17:42:00+02:00,,0.0,0,Bergen,VYG:Line:L4,Bergen-Arna,L4,rail,VYG:ServiceJourney:2651_443866-R,False,planned,False,,,,,2026-09-07T20:27:16.249662+02:00
NSR:StopPlace:313,Høybråten stasjon,2026-09-07T16:57:00+02:00,2026-09-07T16:57:00+02:00,,0.0,0,Lillestrøm,VYG:Line:L1,Spikkestad-Oslo S-Lillestrøm,L1,rail,VYG:ServiceJourney:2248_445345-R,False,planned,False,,,,,2026-09-07T20:27:16.249662+02:00
NSR:StopPlace:313,Høybråten stasjon,2026-09-07T17:12:00+02:00,2026-09-07T17:12:00+02:00,,0.0,0,Lillestrøm,VYG:Line:L1,Spikkestad-Oslo S-Lillestrøm,L1,rail,VYG:ServiceJourney:2148_443556-R,False,planned,False,,,,,2026-09-07T20:27:16.249662+02:00
NSR:StopPlace:313,Høybråten stasjon,2026-09-07T17:27:00+02:00,2026-09-07T17:27:00+02:00,,0.0,0,Lillestrøm,VYG:Line:L1,Spikkestad-Oslo S-Lillestrøm,L1,rail,VYG:ServiceJourney:2250_443669-R,False,planned,False,,,,,2026-09-07T20:27:16.249662+02:00
NSR:StopPlace:362,Jåttåvågen stasjon,2026-09-07T16:36:00+02:00,2026-09-07T16:36:00+02:00,,0.0,0,Stavanger,GOA:Line:59,Jærbanen,L5,rail,GOA:ServiceJourney:3147_63192-R,False,planned,False,,,,,2026-09-07T20:27:16.249662+02:00
NSR:StopPlace:362,Jåttåvågen stasjon,2026-09-07T16:47:00+02:00,2026-09-07T16:47:00+02:00,,0.0,0,Skeiane,GOA:Line:59,Jærbanen,L5,rail,GOA:ServiceJourney:3148_63193-R,False,planned,False,,,,,2026-09-07T20:27:16.249662+02:00
NSR:StopPlace:362,Jåttåvågen stasjon,2026-09-07T16:52:00+02:00,2026-09-07T16:52:00+02:00,,0.0,0,Stavanger,GOA:Line:59,Jærbanen,L5,rail,GOA:ServiceJourney:3047_63092-R,False,planned,False,,,,,2026-09-07T20:27:16.249662+02:00
NSR:StopPlace:362,Jåttåvågen stasjon,2026-09-07T17:06:00+02:00,2026-09-07T17:06:00+02:00,,0.0,0,Stavanger,GOA:Line:59,Jærbanen,L5,rail,GOA:ServiceJourney:3149_63194-R,False,planned,False,,,,,2026-09-07T20:27:16.249662+02:00
NSR:StopPlace:362,Jåttåvågen stasjon,2026-09-07T17:17:00+02:00,2026-09-07T17:17:00+02:00,,0.0,0,Skeiane,GOA:Line:59,Jærbanen,L5,rail,GOA:ServiceJourney:3150_63195-R,False,planned,False,,,,,2026-09-07T20:27:16.249662+02:00
NSR:StopPlace:362,Jåttåvågen stasjon,2026-09-07T17:22:00+02:00,2026-09-07T17:22:00+02:00,,0.0,0,Stavanger,GOA:Line:59,Jærbanen,L5,rail,GOA:ServiceJourney:3049_63095-R,False,planned,False,,,,,2026-09-07T20:27:16.249662+02:00
NSR:StopPlace:362,Jåttåvågen stasjon,2026-09-07T17:36:00+02:00,2026-09-07T17:36:00+02:00,,0.0,0,Stavanger,GOA:Line:59,Jærbanen,L5,rail,GOA:ServiceJourney:3151_63196-R,False,planned,False,,,,,2026-09-07T20:27:16.249662+02:00
NSR:StopPlace:364,Vaksdal stasjon,2026-09-07T16:52:00+02:00,2026-09-07T16:52:00+02:00,,0.0,0,Bergen,VYG:Line:R40,Bergen-Voss-Myrdal-Ål,R40,rail,VYG:ServiceJourney:1827_443414-R,False,planned,False,,,,,2026-09-07T20:27:16.249662+02:00
NSR:StopPlace:369,Kvål stasjon,2026-09-07T16:39:00+02:00,2026-09-07T16:39:00+02:00,,0.0,0,Steinkjer,SJN:Line:26,Trønderbanen,R70,rail,SJN:ServiceJourney:445_56074-R,False,planned,False,,,,,2026-09-07T20:27:16.249662+02:00
NSR:StopPlace:369,Kvål stasjon,2026-09-07T17:13:00+02:00,2026-09-07T17:13:00+02:00,,0.0,0,Ler,SJN:Line:26,Trønderbanen,R70,rail,SJN:ServiceJourney:440_56069-R,False,planned,False,,,,,2026-09-07T20:27:16.249662+02:00
NSR:StopPlace:372,Valnesfjord stasjon,2026-09-07T16:42:00+02:00,2026-09-07T16:42:00+02:00,,0.0,0,Rognan,SJN:Line:79,Saltenpendelen,R75,rail,SJN:ServiceJourney:1790_41149-R,False,planned,False,,,,,2026-09-07T20:27:16.249662+02:00
NSR:StopPlace:372,Valnesfjord stasjon,2026-09-07T17:02:00+02:00,2026-09-07T17:02:00+02:00,,0.0,0,Bodø,SJN:Line:71,Nordlandsbanen,F7,rail,SJN:ServiceJourney:471_46158-R,False,planned,False,,,,,2026-09-07T20:27:16.249662+02:00
NSR:StopPlace:374,Göteborg Centralstation,2026-09-07T16:55:00+02:00,2026-09-07T16:55:00+02:00,,0.0,0,Østerport,SAM:Line:9011012080400000,Ø Göteborg-Halmstad-Helsingborg-Malmö-Købe,,rail,SAM:ServiceJourney:121120000389250809,False,planned,False,,,,,2026-09-07T20:27:16.249662+02:00
NSR:StopPlace:374,Göteborg Centralstation,2026-09-07T17:25:00+02:00,2026-09-07T17:25:00+02:00,,0.0,0,Halmstad C,SAM:Line:9011012080800000,Ø Insatståg Göteborg - Halmstad,,rail,SAM:ServiceJourney:121120000389253879,False,planned,False,,,,,2026-09-07T20:27:16.249662+02:00
NSR:StopPlace:374,Göteborg Centralstation,2026-09-07T17:55:00+02:00,2026-09-07T17:55:00+02:00,,0.0,0,Østerport,SAM:Line:9011012080400000,Ø Göteborg-Halmstad-Helsingborg-Malmö-Købe,,rail,SAM:ServiceJourney:121120000389250867,False,planned,False,,,,,2026-09-07T20:27:16.249662+02:00
NSR:StopPlace:374,Göteborg Centralstation,2026-09-07T18:25:00+02:00,2026-09-07T18:25:00+02:00,,0.0,0,Halmstad C,SAM:Line:9011012080800000,Ø Insatståg Göteborg - Halmstad,,rail,SAM:ServiceJourney:121120000389253894,False,planned,False,,,,,2026-09-07T20:27:16.249662+02:00
NSR:StopPlace:374,Göteborg Centralstation,2026-09-07T18:55:00+02:00,2026-09-07T18:55:00+02:00,,0.0,0,Østerport,SAM:Line:9011012080400000,Ø Göteborg-Halmstad-Helsingborg-Malmö-Købe,,rail,SAM:ServiceJourney:121120000389250693,False,planned,False,,,,,2026-09-07T20:27:16.249662+02:00
NSR:StopPlace:374,Göteborg Centralstation,2026-09-07T19:25:00+02:00,2026-09-07T19:25:00+02:00,,0.0,0,Halmstad C,SAM:Line:9011012080800000,Ø Insatståg Göteborg - Halmstad,,rail,SAM:ServiceJourney:121120000389253909,False,planned,False,,,,,2026-09-07T20:27:16.249662+02:00
NSR:StopPlace:374,Göteborg Centralstation,2026-09-07T19:55:00+02:00,2026-09-07T19:55:00+02:00,,0.0,0,København H,SAM:Line:9011012080400000,Ø Göteborg-Halmstad-Helsingborg-Malmö-Købe,,rail,SAM:ServiceJourney:121120000389250664,False,planned,False,,,,,2026-09-07T20:27:16.249662+02:00
NSR:StopPlace:271,Lademoen stasjon,2026-09-07T17:18:00+02:00,2026-09-07T17:18:00+02:00,,0.0,0,Steinkjer,SJN:Line:26,Trønderbanen,R70,rail,SJN:ServiceJourney:445_56074-R,False,planned,False,,,,,2026-09-07T20:27:16.249662+02:00
NSR:StopPlace:291,Nisterud stasjon,2026-09-07T16:52:00+02:00,2026-09-07T16:52:00+02:00,,0.0,0,Porsgrunn,VYG:Line:R55,Porsgrunn-Notodden,R55,rail,VYG:ServiceJourney:2485_443755-R,False,planned,False,,,,,2026-09-07T20:27:16.249662+02:00
NSR:StopPlace:206,Mariero stasjon,2026-09-07T16:29:00+02:00,2026-09-07T16:29:00+02:00,,0.0,0,Egersund,GOA:Line:59,Jærbanen,L5,rail,GOA:ServiceJourney:3050_63097-R,False,planned,False,,,,,2026-09-07T20:27:16.249662+02:00
NSR:StopPlace:206,Mariero stasjon,2026-09-07T16:39:00+02:00,2026-09-07T16:39:00+02:00,,0.0,0,Stavanger,GOA:Line:59,Jærbanen,L5,rail,GOA:ServiceJourney:3147_63192-R,False,planned,False,,,,,2026-09-07T20:27:16.249662+02:00
NSR:StopPlace:206,Mariero stasjon,2026-09-07T16:44:00+02:00,2026-09-07T16:44:00+02:00,,0.0,0,Skeiane,GOA:Line:59,Jærbanen,L5,rail,GOA:ServiceJourney:3148_63193-R,False,planned,False,,,,,2026-09-07T20:27:16.249662+02:00
NSR:StopPlace:206,Mariero stasjon,2026-09-07T16:55:00+02:00,2026-09-07T16:55:00+02:00,,0.0,0,Stavanger,GOA:Line:59,Jærbanen,L5,rail,GOA:ServiceJourney:3047_63092-R,False,planned,False,,,,,2026-09-07T20:27:16.249662+02:00
NSR:StopPlace:206,Mariero stasjon,2026-09-07T17:09:00+02:00,2026-09-07T17:09:00+02:00,,0.0,0,Stavanger,GOA:Line:59,Jærbanen,L5,rail,GOA:ServiceJourney:3149_63194-R,False,planned,False,,,,,2026-09-07T20:27:16.249662+02:00
NSR:StopPlace:206,Mariero stasjon,2026-09-07T17:14:00+02:00,2026-09-07T17:14:00+02:00,,0.0,0,Skeiane,GOA:Line:59,Jærbanen,L5,rail,GOA:ServiceJourney:3150_63195-R,False,planned,False,,,,,2026-09-07T20:27:16.249662+02:00
NSR:StopPlace:206,Mariero stasjon,2026-09-07T17:25:00+02:00,2026-09-07T17:25:00+02:00,,0.0,0,Stavanger,GOA:Line:59,Jærbanen,L5,rail,GOA:ServiceJourney:3049_63095-R,False,planned,False,,,,,2026-09-07T20:27:16.249662+02:00
NSR:StopPlace:206,Mariero stasjon,2026-09-07T17:39:00+02:00,2026-09-07T17:39:00+02:00,,0.0,0,Stavanger,GOA:Line:59,Jærbanen,L5,rail,GOA:ServiceJourney:3151_63196-R,False,planned,False,,,,,2026-09-07T20:27:16.249662+02:00
NSR:StopPlace:234,Mørkved stasjon,2026-09-07T16:45:00+02:00,2026-09-07T16:45:00+02:00,,0.0,0,Bodø,SJN:Line:79,Saltenpendelen,R75,rail,SJN:ServiceJourney:1789_41148-R,False,planned,False,,,,,2026-09-07T20:27:16.249662+02:00
NSR:StopPlace:234,Mørkved stasjon,2026-09-07T17:30:00+02:00,2026-09-07T17:30:00+02:00,,0.0,0,Bodø,SJN:Line:71,Nordlandsbanen,F7,rail,SJN:ServiceJourney:471_46158-R,False,planned,False,,,,,2026-09-07T20:27:16.249662+02:00
NSR:StopPlace:261,Ganddal stasjon,2026-09-07T16:39:00+02:00,2026-09-07T16:39:00+02:00,,0.0,0,Stavanger,GOA:Line:59,Jærbanen,L5,rail,GOA:ServiceJourney:3047_63092-R,False,planned,False,,,,,2026-09-07T20:27:16.249662+02:00
NSR:StopPlace:261,Ganddal stasjon,2026-09-07T16:45:00+02:00,2026-09-07T16:45:00+02:00,,0.0,0,Egersund,GOA:Line:59,Jærbanen,L5,rail,GOA:ServiceJourney:3050_63097-R,False,planned,False,,,,,2026-09-07T20:27:16.249662+02:00
NSR:StopPlace:261,Ganddal stasjon,2026-09-07T17:09:00+02:00,2026-09-07T17:09:00+02:00,,0.0,0,Stavanger,GOA:Line:59,Jærbanen,L5,rail,GOA:ServiceJourney:3049_63095-R,False,planned,False,,,,,2026-09-07T20:27:16.249662+02:00
NSR:StopPlace:535,Kjosfossen stasjon,2026-09-07T16:46:00+02:00,2026-09-07T16:46:00+02:00,,0.0,0,Myrdal,VYG:Line:R45,Myrdal-Flåm,R45,rail,VYG:ServiceJourney:1864_465785-R,False,planned,False,,,,,2026-09-07T20:27:16.249662+02:00
NSR:StopPlace:448,Vatnahalsen stasjon,2026-09-07T16:53:00+02:00,2026-09-07T16:53:00+02:00,,0.0,0,Myrdal,VYG:Line:R45,Myrdal-Flåm,R45,rail,VYG:ServiceJourney:1864_465785-R,False,planned,False,,,,,2026-09-07T20:27:16.249662+02:00
NSR:StopPlace:400,Ler stasjon,2026-09-07T16:34:00+02:00,2026-09-07T16:34:00+02:00,,0.0,0,Steinkjer,SJN:Line:26,Trønderbanen,R70,rail,SJN:ServiceJourney:445_56074-R,False,planned,False,,,,,2026-09-07T20:27:16.249662+02:00
NSR:StopPlace:416,Vikhammer stasjon,2026-09-07T17:34:00+02:00,2026-09-07T17:34:00+02:00,,0.0,0,Steinkjer,SJN:Line:26,Trønderbanen,R70,rail,SJN:ServiceJourney:445_56074-R,False,planned,False,,,,,2026-09-07T20:27:16.249662+02:00
NSR:StopPlace:702,Sandnes sentrum stasjon,2026-09-07T16:28:00+02:00,2026-09-07T16:28:00+02:00,,0.0,0,Stavanger,GOA:Line:59,Jærbanen,L5,rail,GOA:ServiceJourney:3147_63192-R,False,planned,False,,,,,2026-09-07T20:27:16.249662+02:00
NSR:StopPlace:702,Sandnes sentrum stasjon,2026-09-07T16:44:00+02:00,2026-09-07T16:44:00+02:00,,0.0,0,Stavanger,GOA:Line:59,Jærbanen,L5,rail,GOA:ServiceJourney:3047_63092-R,False,planned,False,,,,,2026-09-07T20:27:16.249662+02:00
NSR:StopPlace:702,Sandnes sentrum stasjon,2026-09-07T16:55:00+02:00,2026-09-07T16:55:00+02:00,,0.0,0,Skeiane,GOA:Line:59,Jærbanen,L5,rail,GOA:ServiceJourney:3148_63193-R,False,planned,False,,,,,2026-09-07T20:27:16.249662+02:00
NSR:StopPlace:702,Sandnes sentrum stasjon,2026-09-07T16:58:00+02:00,2026-09-07T16:58:00+02:00,,0.0,0,Stavanger,GOA:Line:59,Jærbanen,L5,rail,GOA:ServiceJourney:3149_63194-R,False,planned,False,,,,,2026-09-07T20:27:16.249662+02:00
NSR:StopPlace:702,Sandnes sentrum stasjon,2026-09-07T17:14:00+02:00,2026-09-07T17:14:00+02:00,,0.0,0,Stavanger,GOA:Line:59,Jærbanen,L5,rail,GOA:ServiceJourney:3049_63095-R,False,planned,False,,,,,2026-09-07T20:27:16.249662+02:00
NSR:StopPlace:702,Sandnes sentrum stasjon,2026-09-07T17:25:00+02:00,2026-09-07T17:25:00+02:00,,0.0,0,Skeiane,GOA:Line:59,Jærbanen,L5,rail,GOA:ServiceJourney:3150_63195-R,False,planned,False,,,,,2026-09-07T20:27:16.249662+02:00
NSR:StopPlace:702,Sandnes sentrum stasjon,2026-09-07T17:28:00+02:00,2026-09-07T17:28:00+02:00,,0.0,0,Stavanger,GOA:Line:59,Jærbanen,L5,rail,GOA:ServiceJourney:3151_63196-R,False,planned,False,,,,,2026-09-07T20:27:16.249662+02:00
NSR:StopPlace:628,Darbu stasjon,2026-09-07T16:59:00+02:00,2026-09-07T16:59:00+02:00,,0.0,0,Kongsberg,VYG:Line:R13,Drammen-Oslo S-Dal,R13,rail,VYG:ServiceJourney:1642_443303-R,False,planned,False,,,,,2026-09-07T20:27:16.249662+02:00
NSR:StopPlace:628,Darbu stasjon,2026-09-07T17:10:00+02:00,2026-09-07T17:10:00+02:00,,0.0,0,Kongsberg,VYG:Line:R12,Kongsberg-Oslo S-Eidsvoll,R12,rail,VYG:ServiceJourney:523_444326-R,False,planned,False,,,,,2026-09-07T20:27:16.249662+02:00
NSR:StopPlace:610,Sandvika stasjon,2026-09-07T16:31:00+02:00,2026-09-07T16:31:00+02:00,,0.0,0,Spikkestad,VYG:Line:L1,Spikkestad-Oslo S-Lillestrøm,L1,rail,VYG:ServiceJourney:2245_443659-R,False,planned,False,,,,,2026-09-07T20:27:16.249662+02:00
NSR:StopPlace:610,Sandvika stasjon,2026-09-07T16:32:00+02:00,2026-09-07T16:32:00+02:00,,0.0,0,Lillestrøm,VYG:Line:L1,Spikkestad-Oslo S-Lillestrøm,L1,rail,VYG:ServiceJourney:2148_443556-R,False,planned,False,,,,,2026-09-07T20:27:16.249662+02:00
NSR:StopPlace:610,Sandvika stasjon,2026-09-07T16:34:00+02:00,2026-09-07T16:34:00+02:00,,0.0,0,Drammen,VYG:Line:R13,Drammen-Oslo S-Dal,R13,rail,VYG:ServiceJourney:1644-DAL_632370-R,False,planned,False,,,,,2026-09-07T20:27:16.249662+02:00
NSR:StopPlace:610,Sandvika stasjon,2026-09-07T16:35:00+02:00,2026-09-07T16:35:00+02:00,,0.0,0,Eidsvoll,VYG:Line:R12,Kongsberg-Oslo S-Eidsvoll,R12,rail,VYG:ServiceJourney:524_444328-R,False,planned,False,,,,,2026-09-07T20:27:16.249662+02:00
NSR:StopPlace:610,Sandvika stasjon,2026-09-07T16:40:00+02:00,2026-09-07T16:40:00+02:00,,0.0,0,Oslo Lufthavn,FLT:Line:FLY1,FLY1,FLY1,rail,FLT:ServiceJourney:1-2614-3775-20260907,False,planned,False,,,,,2026-09-07T20:27:16.249662+02:00
NSR:StopPlace:610,Sandvika stasjon,2026-09-07T16:44:00+02:00,2026-09-07T16:44:00+02:00,,0.0,0,Drammen,VYG:Line:RE10,Drammen-Oslo S-Lillehammer,RE10,rail,VYG:ServiceJourney:322-LHM_444203-R,False,planned,False,,,,,2026-09-07T20:27:16.249662+02:00
NSR:StopPlace:610,Sandvika stasjon,2026-09-07T16:47:00+02:00,2026-09-07T16:47:00+02:00,,0.0,0,Asker,VYG:Line:L1,Spikkestad-Oslo S-Lillestrøm,L1,rail,VYG:ServiceJourney:2145_443553-R,False,planned,False,Færre vogner,Denne avgangen kjører dessverre med 4 vogner i stedet for 8 vogner. Dette skyldes at vi mangler et togsett.,general,normal,2026-09-07T20:27:16.249662+02:00
NSR:StopPlace:610,Sandvika stasjon,2026-09-07T16:48:00+02:00,2026-09-07T16:48:00+02:00,,0.0,0,Lillestrøm,VYG:Line:L1,Spikkestad-Oslo S-Lillestrøm,L1,rail,VYG:ServiceJourney:2250_443669-R,False,planned,False,,,,,2026-09-07T20:27:16.249662+02:00
NSR:StopPlace:610,Sandvika stasjon,2026-09-07T17:00:00+02:00,2026-09-07T17:00:00+02:00,,0.0,0,Oslo Lufthavn,FLT:Line:FLY1,FLY1,FLY1,rail,FLT:ServiceJourney:1-2614-3777-20260907,False,planned,False,,,,,2026-09-07T20:27:16.249662+02:00
NSR:StopPlace:610,Sandvika stasjon,2026-09-07T17:01:00+02:00,2026-09-07T17:01:00+02:00,,0.0,0,Spikkestad,VYG:Line:L1,Spikkestad-Oslo S-Lillestrøm,L1,rail,VYG:ServiceJourney:2247_460777-R,False,planned,False,,,,,2026-09-07T20:27:16.249662+02:00
NSR:StopPlace:610,Sandvika stasjon,2026-09-07T17:14:00+02:00,2026-09-07T17:14:00+02:00,,0.0,0,Asker,VYG:Line:R14,Asker-Oslo S-Kongsvinger,R14,rail,VYG:ServiceJourney:1024_442933-R,False,planned,False,,,,,2026-09-07T20:27:16.249662+02:00
NSR:StopPlace:610,Sandvika stasjon,2026-09-07T17:17:00+02:00,2026-09-07T17:17:00+02:00,,0.0,0,Asker,VYG:Line:L1,Spikkestad-Oslo S-Lillestrøm,L1,rail,VYG:ServiceJourney:2147_443555-R,False,planned,False,,,,,2026-09-07T20:27:16.249662+02:00
NSR:StopPlace:62094,Lindeberg stasjon,2026-09-07T17:07:00+02:00,2026-09-07T17:07:00+02:00,,0.0,0,Dal,VYG:Line:R13,Drammen-Oslo S-Dal,R13,rail,VYG:ServiceJourney:1647_443313-R,False,planned,False,,,,,2026-09-07T20:27:16.249662+02:00
NSR:StopPlace:62309,Ljan stasjon,2026-09-07T16:50:00+02:00,2026-09-07T16:50:00+02:00,,0.0,0,Oslo S,VYG:Line:L2,Stabekk-Oslo S-Ski,L2,rail,VYG:ServiceJourney:2850_444084-R,False,planned,False,,,,,2026-09-07T20:27:16.249662+02:00
NSR:StopPlace:62309,Ljan stasjon,2026-09-07T16:54:00+02:00,2026-09-07T16:54:00+02:00,,0.0,0,Ski,VYG:Line:L2,Stabekk-Oslo S-Ski,L2,rail,VYG:ServiceJourney:2747-HVK_443957-R,False,planned,False,,,,,2026-09-07T20:27:16.249662+02:00
NSR:StopPlace:62309,Ljan stasjon,2026-09-07T17:05:00+02:00,2026-09-07T17:05:00+02:00,,0.0,0,Stabekk,VYG:Line:L2,Stabekk-Oslo S-Ski,L2,rail,VYG:ServiceJourney:2752-SKI_443963-R,False,planned,False,Færre vogner,Denne avgangen kjører dessverre med 3 vogner i stedet for 6 vogner. Dette skyldes at vi mangler et togsett.,general,normal,2026-09-07T20:27:16.249662+02:00
NSR:StopPlace:62309,Ljan stasjon,2026-09-07T17:09:00+02:00,2026-09-07T17:09:00+02:00,,0.0,0,Ski,VYG:Line:L2,Stabekk-Oslo S-Ski,L2,rail,VYG:ServiceJourney:2847-HVK_444079-R,False,planned,False,,,,,2026-09-07T20:27:16.249662+02:00
NSR:StopPlace:62309,Ljan stasjon,2026-09-07T17:20:00+02:00,2026-09-07T17:20:00+02:00,,0.0,0,Skøyen,VYG:Line:L2,Stabekk-Oslo S-Ski,L2,rail,VYG:ServiceJourney:2852-SKI_488387-R,False,planned,False,,,,,2026-09-07T20:27:16.249662+02:00
NSR:StopPlace:62309,Ljan stasjon,2026-09-07T17:24:00+02:00,2026-09-07T17:24:00+02:00,,0.0,0,Ski,VYG:Line:L2,Stabekk-Oslo S-Ski,L2,rail,VYG:ServiceJourney:2749-HVK_443959-R,False,planned,False,,,,,2026-09-07T20:27:16.249662+02:00
NSR:StopPlace:62309,Ljan stasjon,2026-09-07T17:39:00+02:00,2026-09-07T17:39:00+02:00,,0.0,0,Ski,VYG:Line:L2,Stabekk-Oslo S-Ski,L2,rail,VYG:ServiceJourney:2849_444081-R,False,planned,False,,,,,2026-09-07T20:27:16.249662+02:00
NSR:StopPlace:62308,Alna stasjon,2026-09-07T16:47:00+02:00,2026-09-07T16:47:00+02:00,,0.0,0,Asker,VYG:Line:L1,Spikkestad-Oslo S-Lillestrøm,L1,rail,VYG:ServiceJourney:2147_443555-R,False,planned,False,,,,,2026-09-07T20:27:16.249662+02:00
NSR:StopPlace:62308,Alna stasjon,2026-09-07T16:48:00+02:00,2026-09-07T16:48:00+02:00,,0.0,0,Lillestrøm,VYG:Line:L1,Spikkestad-Oslo S-Lillestrøm,L1,rail,VYG:ServiceJourney:2248_445345-R,False,planned,False,,,,,2026-09-07T20:27:16.249662+02:00
NSR:StopPlace:62308,Alna stasjon,2026-09-07T17:03:00+02:00,2026-09-07T17:03:00+02:00,,0.0,0,Lillestrøm,VYG:Line:L1,Spikkestad-Oslo S-Lillestrøm,L1,rail,VYG:ServiceJourney:2148_443556-R,False,planned,False,,,,,2026-09-07T20:27:16.249662+02:00
NSR:StopPlace:62308,Alna stasjon,2026-09-07T17:18:00+02:00,2026-09-07T17:18:00+02:00,,0.0,0,Lillestrøm,VYG:Line:L1,Spikkestad-Oslo S-Lillestrøm,L1,rail,VYG:ServiceJourney:2250_443669-R,False,planned,False,,,,,2026-09-07T20:27:16.249662+02:00
NSR:StopPlace:62311,Vigrestad stasjon,2026-09-07T16:43:00+02:00,2026-09-07T16:43:00+02:00,,0.0,0,Egersund,GOA:Line:59,Jærbanen,L5,rail,GOA:ServiceJourney:3048_63093-R,False,planned,False,,,,,2026-09-07T20:27:16.249662+02:00
NSR:StopPlace:62311,Vigrestad stasjon,2026-09-07T16:43:00+02:00,2026-09-07T16:43:00+02:00,,0.0,0,Stavanger,GOA:Line:59,Jærbanen,L5,rail,GOA:ServiceJourney:3049_63095-R,False,planned,False,,,,,2026-09-07T20:27:16.249662+02:00
NSR:StopPlace:62311,Vigrestad stasjon,2026-09-07T17:14:00+02:00,2026-09-07T17:14:00+02:00,,0.0,0,Egersund,GOA:Line:59,Jærbanen,L5,rail,GOA:ServiceJourney:3050_63097-R,False,planned,False,,,,,2026-09-07T20:27:16.249662+02:00
NSR:StopPlace:62310,Brusand stasjon,2026-09-07T16:39:00+02:00,2026-09-07T16:39:00+02:00,,0.0,0,Stavanger,GOA:Line:59,Jærbanen,L5,rail,GOA:ServiceJourney:3049_63095-R,False,planned,False,,,,,2026-09-07T20:27:16.249662+02:00
NSR:StopPlace:62310,Brusand stasjon,2026-09-07T16:47:00+02:00,2026-09-07T16:47:00+02:00,,0.0,0,Egersund,GOA:Line:59,Jærbanen,L5,rail,GOA:ServiceJourney:3048_63093-R,False,planned,False,,,,,2026-09-07T20:27:16.249662+02:00
NSR:StopPlace:62310,Brusand stasjon,2026-09-07T17:18:00+02:00,2026-09-07T17:18:00+02:00,,0.0,0,Egersund,GOA:Line:59,Jærbanen,L5,rail,GOA:ServiceJourney:3050_63097-R,False,planned,False,,,,,2026-09-07T20:27:16.249662+02:00
NSR:StopPlace:62339,Lillestrøm stasjon,2026-09-07T16:30:00+02:00,2026-09-07T16:30:00+02:00,,0.0,0,Oslo Lufthavn,FLT:Line:FLY1,FLY1,FLY1,rail,FLT:ServiceJourney:1-2614-3771-20260907,False,planned,False,Heis i spor 1 og 2 er ute av bruk på grunn av vedlikehold.,Heis i spor 1 og 2 er ute av bruk på grunn av vedlikehold.,general,normal,2026-09-07T20:27:16.249662+02:00
NSR:StopPlace:62339,Lillestrøm stasjon,2026-09-07T16:35:00+02:00,2026-09-07T16:35:00+02:00,,0.0,0,Eidsvoll,VYG:Line:RE11,Eidsvoll-Oslo S-Skien,RE11,rail,VYG:ServiceJourney:822_444402-R,False,planned,False,Heis i spor 1 og 2 er ute av bruk på grunn av vedlikehold.,Heis i spor 1 og 2 er ute av bruk på grunn av vedlikehold.,general,normal,2026-09-07T20:27:16.249662+02:00
NSR:StopPlace:62339,Lillestrøm stasjon,2026-09-07T16:46:00+02:00,2026-09-07T16:46:00+02:00,,0.0,0,Asker,VYG:Line:R14,Asker-Oslo S-Kongsvinger,R14,rail,VYG:ServiceJourney:1024_442933-R,False,planned,False,Heis i spor 1 og 2 er ute av bruk på grunn av vedlikehold.,Heis i spor 1 og 2 er ute av bruk på grunn av vedlikehold.,general,normal,2026-09-07T20:27:16.249662+02:00
NSR:StopPlace:62339,Lillestrøm stasjon,2026-09-07T16:50:00+02:00,2026-09-07T16:50:00+02:00,,0.0,0,Oslo Lufthavn,FLT:Line:FLY1,FLY1,FLY1,rail,FLT:ServiceJourney:1-2614-3773-20260907,False,planned,False,Heis i spor 1 og 2 er ute av bruk på grunn av vedlikehold.,Heis i spor 1 og 2 er ute av bruk på grunn av vedlikehold.,general,normal,2026-09-07T20:27:16.249662+02:00
NSR:StopPlace:62339,Lillestrøm stasjon,2026-09-07T16:55:00+02:00,2026-09-07T16:55:00+02:00,,0.0,0,Dal,VYG:Line:R13,Drammen-Oslo S-Dal,R13,rail,VYG:ServiceJourney:1647_443313-R,False,planned,False,Heis i spor 1 og 2 er ute av bruk på grunn av vedlikehold.,Heis i spor 1 og 2 er ute av bruk på grunn av vedlikehold.,general,normal,2026-09-07T20:27:16.249662+02:00
NSR:StopPlace:62339,Lillestrøm stasjon,2026-09-07T17:05:00+02:00,2026-09-07T17:05:00+02:00,,0.0,0,Eidsvoll,VYG:Line:R12,Kongsberg-Oslo S-Eidsvoll,R12,rail,VYG:ServiceJourney:524_444328-R,False,planned,False,Heis i spor 1 og 2 er ute av bruk på grunn av vedlikehold.,Heis i spor 1 og 2 er ute av bruk på grunn av vedlikehold.,general,normal,2026-09-07T20:27:16.249662+02:00
NSR:StopPlace:62339,Lillestrøm stasjon,2026-09-07T17:10:00+02:00,2026-09-07T17:10:00+02:00,,0.0,0,Oslo Lufthavn,FLT:Line:FLY1,FLY1,FLY1,rail,FLT:ServiceJourney:1-2614-3775-20260907,False,planned,False,Heis i spor 1 og 2 er ute av bruk på grunn av vedlikehold.,Heis i spor 1 og 2 er ute av bruk på grunn av vedlikehold.,general,normal,2026-09-07T20:27:16.249662+02:00
NSR:StopPlace:62339,Lillestrøm stasjon,2026-09-07T17:30:00+02:00,2026-09-07T17:30:00+02:00,,0.0,0,Oslo Lufthavn,FLT:Line:FLY1,FLY1,FLY1,rail,FLT:ServiceJourney:1-2614-3777-20260907,False,planned,False,Heis i spor 1 og 2 er ute av bruk på grunn av vedlikehold.,Heis i spor 1 og 2 er ute av bruk på grunn av vedlikehold.,general,normal,2026-09-07T20:27:16.249662+02:00
NSR:StopPlace:62338,Fossum stasjon,2026-09-07T16:32:00+02:00,2026-09-07T16:32:00+02:00,,0.0,0,Blaker ring,RUT:Line:2370,Sørumsand - Blaker - Sørumsand,370B,bus,RUT:ServiceJourney:d80722123cd2735a3bea056f0db6bff6,False,planned,False,,,,,2026-09-07T20:27:16.249662+02:00
NSR:StopPlace:62338,Fossum stasjon,2026-09-07T16:42:00+02:00,2026-09-07T16:42:00+02:00,,0.0,0,Blaker ring,RUT:Line:2370,Sørumsand - Blaker - Sørumsand,370B,bus,RUT:ServiceJourney:61e117004f8144f94255bce8bb371ab8,False,planned,False,,,,,2026-09-07T20:27:16.249662+02:00
NSR:StopPlace:62338,Fossum stasjon,2026-09-07T17:02:00+02:00,2026-09-07T17:02:00+02:00,,0.0,0,Blaker ring,RUT:Line:2370,Sørumsand - Blaker - Sørumsand,370B,bus,RUT:ServiceJourney:61e117004f8144f94255bce8bb371ab8,False,planned,False,,,,,2026-09-07T20:27:16.249662+02:00
NSR:StopPlace:62338,Fossum stasjon,2026-09-07T17:12:00+02:00,2026-09-07T17:12:00+02:00,,0.0,0,Blaker ring,RUT:Line:2370,Sørumsand - Blaker - Sørumsand,370B,bus,RUT:ServiceJourney:c63b2b0b952f2651ced1f9da8c91d44b,False,planned,False,,,,,2026-09-07T20:27:16.249662+02:00
NSR:StopPlace:62338,Fossum stasjon,2026-09-07T17:32:00+02:00,2026-09-07T17:32:00+02:00,,0.0,0,Blaker ring,RUT:Line:2370,Sørumsand - Blaker - Sørumsand,370B,bus,RUT:ServiceJourney:c63b2b0b952f2651ced1f9da8c91d44b,False,planned,False,,,,,2026-09-07T20:27:16.249662+02:00
NSR:StopPlace:62336,Knapstad stasjon,2026-09-07T17:02:00+02:00,2026-09-07T17:02:00+02:00,,0.0,0,Mysen,VYG:Line:R22,Skøyen-Oslo S-Mysen-Rakkestad,R22,rail,VYG:ServiceJourney:1953_443499-R,False,planned,False,,,,,2026-09-07T20:27:16.249662+02:00
NSR:StopPlace:62335,Eidsberg stasjon,2026-09-07T17:05:00+02:00,2026-09-07T17:05:00+02:00,,0.0,0,Rakkestad,VYG:Line:R22,Skøyen-Oslo S-Mysen-Rakkestad,R22,rail,VYG:ServiceJourney:1923_443472-R,False,planned,False,,,,,2026-09-07T20:27:16.249662+02:00
NSR:StopPlace:62340,Ilseng stasjon,2026-09-07T17:37:00+02:00,2026-09-07T17:37:00+02:00,,0.0,0,Hamar,SJN:Line:25,Rørosbanen,R60,rail,SJN:ServiceJourney:2388_37666-R,False,planned,False,,,,,2026-09-07T20:27:16.249662+02:00
NSR:StopPlace:62344,Steinvik stasjon,2026-09-07T16:46:00+02:00,2026-09-07T16:46:00+02:00,,0.0,0,Hamar,SJN:Line:25,Rørosbanen,R60,rail,SJN:ServiceJourney:2388_37666-R,False,planned,False,,,,,2026-09-07T20:27:16.249662+02:00
NSR:StopPlace:62352,Stoa stasjon,2026-09-07T17:31:00+02:00,2026-09-07T17:31:00+02:00,,0.0,0,Arendal,GOA:Line:53,Sørtoget lokal,R50,rail,GOA:ServiceJourney:2073_63026-R,False,planned,False,,,,,2026-09-07T20:27:16.249662+02:00
NSR:StopPlace:62351,Bråstad stasjon,2026-09-07T17:30:00+02:00,2026-09-07T17:30:00+02:00,,0.0,0,Arendal,GOA:Line:53,Sørtoget lokal,R50,rail,GOA:ServiceJourney:2073_63026-R,False,planned,False,,,,,2026-09-07T20:27:16.249662+02:00
NSR:StopPlace:62355,Froland stasjon,2026-09-07T16:28:00+02:00,2026-09-07T16:28:00+02:00,,0.0,0,Nelaug,GOA:Line:53,Sørtoget lokal,R50,rail,GOA:ServiceJourney:2072_63025-R,False,planned,False,,,,,2026-09-07T20:27:16.249662+02:00
NSR:StopPlace:62355,Froland stasjon,2026-09-07T17:17:00+02:00,2026-09-07T17:17:00+02:00,,0.0,0,Arendal,GOA:Line:53,Sørtoget lokal,R50,rail,GOA:ServiceJourney:2073_63026-R,False,planned,False,,,,,2026-09-07T20:27:16.249662+02:00
NSR:StopPlace:62354,Bøylestad stasjon,2026-09-07T16:34:00+02:00,2026-09-07T16:34:00+02:00,,0.0,0,Nelaug,GOA:Line:53,Sørtoget lokal,R50,rail,GOA:ServiceJourney:2072_63025-R,False,planned,False,,,,,2026-09-07T20:27:16.249662+02:00
NSR:StopPlace:62354,Bøylestad stasjon,2026-09-07T17:11:00+02:00,2026-09-07T17:11:00+02:00,,0.0,0,Arendal,GOA:Line:53,Sørtoget lokal,R50,rail,GOA:ServiceJourney:2073_63026-R,False,planned,False,,,,,2026-09-07T20:27:16.249662+02:00
NSR:StopPlace:62369,Lilleby stasjon,2026-09-07T17:20:00+02:00,2026-09-07T17:20:00+02:00,,0.0,0,Steinkjer,SJN:Line:26,Trønderbanen,R70,rail,SJN:ServiceJourney:445_56074-R,False,planned,False,,,,,2026-09-07T20:27:16.249662+02:00
NSR:StopPlace:62379,Bergsgrav stasjon,2026-09-07T16:53:00+02:00,2026-09-07T16:53:00+02:00,,0.0,0,Steinkjer,SJN:Line:26,Trønderbanen,R70,rail,SJN:ServiceJourney:441-SOeB_56070-R,False,planned,False,,,,,2026-09-07T20:27:16.249662+02:00
NSR:StopPlace:62379,Bergsgrav stasjon,2026-09-07T18:53:00+02:00,2026-09-07T18:53:00+02:00,,0.0,0,Steinkjer,SJN:Line:26,Trønderbanen,R70,rail,SJN:ServiceJourney:445_56074-R,False,planned,False,,,,,2026-09-07T20:27:16.249662+02:00
NSR:StopPlace:62378,Røstad stasjon,2026-09-07T17:16:00+02:00,2026-09-07T17:16:00+02:00,,0.0,0,Steinkjer,SJN:Line:26,Trønderbanen,R70,rail,SJN:ServiceJourney:1763_56048-R,False,planned,False,,,,,2026-09-07T20:27:16.249662+02:00
NSR:StopPlace:62378,Røstad stasjon,2026-09-07T18:44:00+02:00,2026-09-07T18:44:00+02:00,,0.0,0,Steinkjer,SJN:Line:26,Trønderbanen,R70,rail,SJN:ServiceJourney:445_56074-R,False,planned,False,,,,,2026-09-07T20:27:16.249662+02:00
NSR:StopPlace:62371,Sparbu stasjon,2026-09-07T17:14:00+02:00,2026-09-07T17:14:00+02:00,,0.0,0,Steinkjer,SJN:Line:26,Trønderbanen,R70,rail,SJN:ServiceJourney:441-SOeB_56070-R,False,planned,False,,,,,2026-09-07T20:27:16.249662+02:00
NSR:StopPlace:62371,Sparbu stasjon,2026-09-07T17:40:00+02:00,2026-09-07T17:40:00+02:00,,0.0,0,Steinkjer,SJN:Line:26,Trønderbanen,R70,rail,SJN:ServiceJourney:1763_56048-R,False,planned,False,,,,,2026-09-07T20:27:16.249662+02:00
NSR:StopPlace:62380,Røra stasjon,2026-09-07T17:08:00+02:00,2026-09-07T17:08:00+02:00,,0.0,0,Steinkjer,SJN:Line:26,Trønderbanen,R70,rail,SJN:ServiceJourney:441-SOeB_56070-R,False,planned,False,,,,,2026-09-07T20:27:16.249662+02:00
NSR:StopPlace:62380,Røra stasjon,2026-09-07T17:35:00+02:00,2026-09-07T17:35:00+02:00,,0.0,0,Steinkjer,SJN:Line:26,Trønderbanen,R70,rail,SJN:ServiceJourney:1763_56048-R,False,planned,False,,,,,2026-09-07T20:27:16.249662+02:00
NSR:StopPlace:62380,Røra stasjon,2026-09-07T19:08:00+02:00,2026-09-07T19:08:00+02:00,,0.0,0,Steinkjer,SJN:Line:26,Trønderbanen,R70,rail,SJN:ServiceJourney:445_56074-R,False,planned,False,,,,,2026-09-07T20:27:16.249662+02:00
NSR:StopPlace:62393,Billingstad stasjon,2026-09-07T16:52:00+02:00,2026-09-07T16:52:00+02:00,,0.0,0,Asker,VYG:Line:L1,Spikkestad-Oslo S-Lillestrøm,L1,rail,VYG:ServiceJourney:2145_443553-R,False,planned,False,Færre vogner,Denne avgangen kjører dessverre med 4 vogner i stedet for 8 vogner. Dette skyldes at vi mangler et togsett.,general,normal,2026-09-07T20:27:16.249662+02:00
NSR:StopPlace:62393,Billingstad stasjon,2026-09-07T17:06:00+02:00,2026-09-07T17:06:00+02:00,,0.0,0,Spikkestad,VYG:Line:L1,Spikkestad-Oslo S-Lillestrøm,L1,rail,VYG:ServiceJourney:2247_460777-R,False,planned,False,,,,,2026-09-07T20:27:16.249662+02:00
NSR:StopPlace:62393,Billingstad stasjon,2026-09-07T17:22:00+02:00,2026-09-07T17:22:00+02:00,,0.0,0,Asker,VYG:Line:L1,Spikkestad-Oslo S-Lillestrøm,L1,rail,VYG:ServiceJourney:2147_443555-R,False,planned,False,,,,,2026-09-07T20:27:16.249662+02:00
NSR:StopPlace:62392,Slependen stasjon,2026-09-07T16:45:00+02:00,2026-09-07T16:45:00+02:00,,0.0,0,Lillestrøm,VYG:Line:L1,Spikkestad-Oslo S-Lillestrøm,L1,rail,VYG:ServiceJourney:2250_443669-R,False,planned,False,,,,,2026-09-07T20:27:16.249662+02:00
NSR:StopPlace:62392,Slependen stasjon,2026-09-07T16:49:00+02:00,2026-09-07T16:49:00+02:00,,0.0,0,Asker,VYG:Line:L1,Spikkestad-Oslo S-Lillestrøm,L1,rail,VYG:ServiceJourney:2145_443553-R,False,planned,False,Færre vogner,Denne avgangen kjører dessverre med 4 vogner i stedet for 8 vogner. Dette skyldes at vi mangler et togsett.,general,normal,2026-09-07T20:27:16.249662+02:00
NSR:StopPlace:62392,Slependen stasjon,2026-09-07T17:03:00+02:00,2026-09-07T17:03:00+02:00,,0.0,0,Spikkestad,VYG:Line:L1,Spikkestad-Oslo S-Lillestrøm,L1,rail,VYG:ServiceJourney:2247_460777-R,False,planned,False,,,,,2026-09-07T20:27:16.249662+02:00
NSR:StopPlace:62392,Slependen stasjon,2026-09-07T17:19:00+02:00,2026-09-07T17:19:00+02:00,,0.0,0,Asker,VYG:Line:L1,Spikkestad-Oslo S-Lillestrøm,L1,rail,VYG:ServiceJourney:2147_443555-R,False,planned,False,,,,,2026-09-07T20:27:16.249662+02:00
NSR:StopPlace:61979,Hellvik stasjon,2026-09-07T16:28:00+02:00,2026-09-07T16:28:00+02:00,,0.0,0,Stavanger,GOA:Line:59,Jærbanen,L5,rail,GOA:ServiceJourney:3049_63095-R,False,planned,False,,,,,2026-09-07T20:27:16.249662+02:00
NSR:StopPlace:61979,Hellvik stasjon,2026-09-07T16:58:00+02:00,2026-09-07T16:58:00+02:00,,0.0,0,Egersund,GOA:Line:59,Jærbanen,L5,rail,GOA:ServiceJourney:3048_63093-R,False,planned,False,,,,,2026-09-07T20:27:16.249662+02:00
NSR:StopPlace:61979,Hellvik stasjon,2026-09-07T17:29:00+02:00,2026-09-07T17:29:00+02:00,,0.0,0,Egersund,GOA:Line:59,Jærbanen,L5,rail,GOA:ServiceJourney:3050_63097-R,False,planned,False,,,,,2026-09-07T20:27:16.249662+02:00
NSR:StopPlace:61251,Øksnavadporten stasjon,2026-09-07T11:52:00+02:00,2026-09-07T11:52:00+02:00,,0.0,0,Nærbø,GOA:Line:59,Jærbanen,L5,rail,GOA:ServiceJourney:3030_63067-R,False,planned,False,,,,,2026-09-07T15:44:36.205822+02:00
NSR:StopPlace:61251,Øksnavadporten stasjon,2026-09-07T12:05:00+02:00,2026-09-07T12:05:00+02:00,,0.0,0,Stavanger,GOA:Line:59,Jærbanen,L5,rail,GOA:ServiceJourney:3029_63065-R,False,planned,False,,,,,2026-09-07T15:44:36.205822+02:00
NSR:StopPlace:61251,Øksnavadporten stasjon,2026-09-07T12:19:00+02:00,2026-09-07T12:19:00+02:00,,0.0,0,Egersund,GOA:Line:59,Jærbanen,L5,rail,GOA:ServiceJourney:3032_63069-R,False,planned,False,,,,,2026-09-07T15:44:36.205822+02:00
NSR:StopPlace:61251,Øksnavadporten stasjon,2026-09-07T12:33:00+02:00,2026-09-07T12:33:00+02:00,,0.0,0,Stavanger,GOA:Line:59,Jærbanen,L5,rail,GOA:ServiceJourney:3031_63068-R,False,planned,False,,,,,2026-09-07T15:44:36.205822+02:00
NSR:StopPlace:61251,Øksnavadporten stasjon,2026-09-07T12:49:00+02:00,2026-09-07T12:49:00+02:00,,0.0,0,Nærbø,GOA:Line:59,Jærbanen,L5,rail,GOA:ServiceJourney:3034_63071-R,False,planned,False,,,,,2026-09-07T15:44:36.205822+02:00
NSR:StopPlace:61251,Øksnavadporten stasjon,2026-09-07T13:05:00+02:00,2026-09-07T13:05:00+02:00,,0.0,0,Stavanger,GOA:Line:59,Jærbanen,L5,rail,GOA:ServiceJourney:3033_63070-R,False,planned,False,,,,,2026-09-07T15:44:36.205822+02:00
NSR:StopPlace:61251,Øksnavadporten stasjon,2026-09-07T13:19:00+02:00,2026-09-07T13:19:00+02:00,,0.0,0,Egersund,GOA:Line:59,Jærbanen,L5,rail,GOA:ServiceJourney:3036_63073-R,False,planned,False,,,,,2026-09-07T15:44:36.205822+02:00
NSR:StopPlace:61251,Øksnavadporten stasjon,2026-09-07T13:33:00+02:00,2026-09-07T13:33:00+02:00,,0.0,0,Stavanger,GOA:Line:59,Jærbanen,L5,rail,GOA:ServiceJourney:3035_63072-R,False,planned,False,,,,,2026-09-07T15:44:36.205822+02:00
NSR:StopPlace:61251,Øksnavadporten stasjon,2026-09-07T13:49:00+02:00,2026-09-07T13:49:00+02:00,,0.0,0,Egersund,GOA:Line:59,Jærbanen,L5,rail,GOA:ServiceJourney:3038_63076-R,False,planned,False,,,,,2026-09-07T15:44:36.205822+02:00
NSR:StopPlace:61251,Øksnavadporten stasjon,2026-09-07T14:04:00+02:00,2026-09-07T14:04:00+02:00,,0.0,0,Stavanger,GOA:Line:59,Jærbanen,L5,rail,GOA:ServiceJourney:3037_63074-R,False,planned,False,,,,,2026-09-07T15:44:36.205822+02:00
NSR:StopPlace:61251,Øksnavadporten stasjon,2026-09-07T16:19:00+02:00,2026-09-07T16:19:00+02:00,,0.0,0,Egersund,GOA:Line:59,Jærbanen,L5,rail,GOA:ServiceJourney:3048_63093-R,False,planned,False,,,,,2026-09-07T15:44:36.205822+02:00
NSR:StopPlace:61295,Haugastøl stasjon,2026-09-07T13:05:00+02:00,2026-09-07T13:05:00+02:00,,0.0,0,Geilo,VYG:Line:R40,Bergen-Voss-Myrdal-Ål,R40,rail,VYG:ServiceJourney:1810_465743-R,False,planned,False,,,,,2026-09-07T15:44:36.205822+02:00
NSR:StopPlace:61291,Stavanger stasjon,2026-09-07T11:53:00+02:00,2026-09-07T11:53:00+02:00,,0.0,0,Egersund,GOA:Line:59,Jærbanen,L5,rail,GOA:ServiceJourney:3032_63069-R,False,planned,False,,,,,2026-09-07T15:44:36.205822+02:00
NSR:StopPlace:61291,Stavanger stasjon,2026-09-07T12:09:00+02:00,2026-09-07T12:09:00+02:00,,0.0,0,Skeiane,GOA:Line:59,Jærbanen,L5,rail,GOA:ServiceJourney:3130_63175-R,False,planned,False,,,,,2026-09-07T15:44:36.205822+02:00
NSR:StopPlace:61291,Stavanger stasjon,2026-09-07T12:23:00+02:00,2026-09-07T12:23:00+02:00,,0.0,0,Nærbø,GOA:Line:59,Jærbanen,L5,rail,GOA:ServiceJourney:3034_63071-R,False,planned,False,,,,,2026-09-07T15:44:36.205822+02:00
NSR:StopPlace:61291,Stavanger stasjon,2026-09-07T12:39:00+02:00,2026-09-07T12:39:00+02:00,,0.0,0,Skeiane,GOA:Line:59,Jærbanen,L5,rail,GOA:ServiceJourney:3132_63177-R,False,planned,False,,,,,2026-09-07T15:44:36.205822+02:00
NSR:StopPlace:61291,Stavanger stasjon,2026-09-07T12:53:00+02:00,2026-09-07T12:53:00+02:00,,0.0,0,Egersund,GOA:Line:59,Jærbanen,L5,rail,GOA:ServiceJourney:3036_63073-R,False,planned,False,,,,,2026-09-07T15:44:36.205822+02:00
NSR:StopPlace:61291,Stavanger stasjon,2026-09-07T13:09:00+02:00,2026-09-07T13:09:00+02:00,,0.0,0,Skeiane,GOA:Line:59,Jærbanen,L5,rail,GOA:ServiceJourney:3134_63179-R,False,planned,False,,,,,2026-09-07T15:44:36.205822+02:00
NSR:StopPlace:61291,Stavanger stasjon,2026-09-07T13:23:00+02:00,2026-09-07T13:23:00+02:00,,0.0,0,Egersund,GOA:Line:59,Jærbanen,L5,rail,GOA:ServiceJourney:3038_63076-R,False,planned,False,,,,,2026-09-07T15:44:36.205822+02:00
NSR:StopPlace:61291,Stavanger stasjon,2026-09-07T13:39:00+02:00,2026-09-07T13:39:00+02:00,,0.0,0,Skeiane,GOA:Line:59,Jærbanen,L5,rail,GOA:ServiceJourney:3136_63181-R,False,planned,False,,,,,2026-09-07T15:44:36.205822+02:00
NSR:StopPlace:61291,Stavanger stasjon,2026-09-07T14:09:00+02:00,2026-09-07T14:09:00+02:00,,0.0,0,Skeiane,GOA:Line:59,Jærbanen,L5,rail,GOA:ServiceJourney:3138_63183-R,False,planned,False,,,,,2026-09-07T15:44:36.205822+02:00
NSR:StopPlace:61291,Stavanger stasjon,2026-09-07T15:53:00+02:00,2026-09-07T15:53:00+02:00,,0.0,0,Egersund,GOA:Line:59,Jærbanen,L5,rail,GOA:ServiceJourney:3048_63093-R,False,planned,False,,,,,2026-09-07T15:44:36.205822+02:00
NSR:StopPlace:61291,Stavanger stasjon,2026-09-07T16:04:00+02:00,2026-09-07T16:04:00+02:00,,0.0,0,Oslo S,GOA:Line:50,Sørtoget region,F5,rail,GOA:ServiceJourney:716-STV_63249-R,False,planned,False,,,,,2026-09-07T15:44:36.205822+02:00
NSR:StopPlace:61291,Stavanger stasjon,2026-09-07T16:09:00+02:00,2026-09-07T16:09:00+02:00,,0.0,0,Skeiane,GOA:Line:59,Jærbanen,L5,rail,GOA:ServiceJourney:3146_63191-R,False,planned,False,,,,,2026-09-07T15:44:36.205822+02:00
NSR:StopPlace:61291,Stavanger stasjon,2026-09-07T16:23:00+02:00,2026-09-07T16:23:00+02:00,,0.0,0,Egersund,GOA:Line:59,Jærbanen,L5,rail,GOA:ServiceJourney:3050_63097-R,False,planned,False,,,,,2026-09-07T15:44:36.205822+02:00
NSR:StopPlace:61101,Notodden stasjon,2026-09-07T13:08:00+02:00,2026-09-07T13:08:00+02:00,,0.0,0,Porsgrunn,VYG:Line:R55,Porsgrunn-Notodden,R55,rail,VYG:ServiceJourney:2481_443751-R,False,planned,False,,,,,2026-09-07T15:44:36.205822+02:00
NSR:StopPlace:8,Paradis stasjon,2026-09-07T11:56:00+02:00,2026-09-07T11:56:00+02:00,,0.0,0,Egersund,GOA:Line:59,Jærbanen,L5,rail,GOA:ServiceJourney:3032_63069-R,False,planned,False,,,,,2026-09-07T15:44:36.205822+02:00
NSR:StopPlace:8,Paradis stasjon,2026-09-07T11:58:00+02:00,2026-09-07T11:58:00+02:00,,0.0,0,Stavanger,GOA:Line:59,Jærbanen,L5,rail,GOA:ServiceJourney:3027_63063-R,False,planned,False,,,,,2026-09-07T15:44:36.205822+02:00
NSR:StopPlace:8,Paradis stasjon,2026-09-07T12:11:00+02:00,2026-09-07T12:11:00+02:00,,0.0,0,Skeiane,GOA:Line:59,Jærbanen,L5,rail,GOA:ServiceJourney:3130_63175-R,False,planned,False,,,,,2026-09-07T15:44:36.205822+02:00
NSR:StopPlace:8,Paradis stasjon,2026-09-07T12:12:00+02:00,2026-09-07T12:12:00+02:00,,0.0,0,Stavanger,GOA:Line:59,Jærbanen,L5,rail,GOA:ServiceJourney:3129_63174-R,False,planned,False,,,,,2026-09-07T15:44:36.205822+02:00
NSR:StopPlace:8,Paradis stasjon,2026-09-07T12:26:00+02:00,2026-09-07T12:26:00+02:00,,0.0,0,Nærbø,GOA:Line:59,Jærbanen,L5,rail,GOA:ServiceJourney:3034_63071-R,False,planned,False,,,,,2026-09-07T15:44:36.205822+02:00
NSR:StopPlace:8,Paradis stasjon,2026-09-07T12:28:00+02:00,2026-09-07T12:28:00+02:00,,0.0,0,Stavanger,GOA:Line:59,Jærbanen,L5,rail,GOA:ServiceJourney:3029_63065-R,False,planned,False,,,,,2026-09-07T15:44:36.205822+02:00
NSR:StopPlace:8,Paradis stasjon,2026-09-07T12:41:00+02:00,2026-09-07T12:41:00+02:00,,0.0,0,Skeiane,GOA:Line:59,Jærbanen,L5,rail,GOA:ServiceJourney:3132_63177-R,False,planned,False,,,,,2026-09-07T15:44:36.205822+02:00
NSR:StopPlace:8,Paradis stasjon,2026-09-07T12:42:00+02:00,2026-09-07T12:42:00+02:00,,0.0,0,Stavanger,GOA:Line:59,Jærbanen,L5,rail,GOA:ServiceJourney:3131_63176-R,False,planned,False,,,,,2026-09-07T15:44:36.205822+02:00
NSR:StopPlace:8,Paradis stasjon,2026-09-07T12:56:00+02:00,2026-09-07T12:56:00+02:00,,0.0,0,Egersund,GOA:Line:59,Jærbanen,L5,rail,GOA:ServiceJourney:3036_63073-R,False,planned,False,,,,,2026-09-07T15:44:36.205822+02:00
NSR:StopPlace:8,Paradis stasjon,2026-09-07T12:58:00+02:00,2026-09-07T12:58:00+02:00,,0.0,0,Stavanger,GOA:Line:59,Jærbanen,L5,rail,GOA:ServiceJourney:3031_63068-R,False,planned,False,,,,,2026-09-07T15:44:36.205822+02:00
NSR:StopPlace:8,Paradis stasjon,2026-09-07T13:11:00+02:00,2026-09-07T13:11:00+02:00,,0.0,0,Skeiane,GOA:Line:59,Jærbanen,L5,rail,GOA:ServiceJourney:3134_63179-R,False,planned,False,,,,,2026-09-07T15:44:36.205822+02:00
NSR:StopPlace:8,Paradis stasjon,2026-09-07T13:12:00+02:00,2026-09-07T13:12:00+02:00,,0.0,0,Stavanger,GOA:Line:59,Jærbanen,L5,rail,GOA:ServiceJourney:3133_63178-R,False,planned,False,,,,,2026-09-07T15:44:36.205822+02:00
NSR:StopPlace:8,Paradis stasjon,2026-09-07T13:26:00+02:00,2026-09-07T13:26:00+02:00,,0.0,0,Egersund,GOA:Line:59,Jærbanen,L5,rail,GOA:ServiceJourney:3038_63076-R,False,planned,False,,,,,2026-09-07T15:44:36.205822+02:00
NSR:StopPlace:8,Paradis stasjon,2026-09-07T13:28:00+02:00,2026-09-07T13:28:00+02:00,,0.0,0,Stavanger,GOA:Line:59,Jærbanen,L5,rail,GOA:ServiceJourney:3033_63070-R,False,planned,False,,,,,2026-09-07T15:44:36.205822+02:00
NSR:StopPlace:8,Paradis stasjon,2026-09-07T13:41:00+02:00,2026-09-07T13:41:00+02:00,,0.0,0,Skeiane,GOA:Line:59,Jærbanen,L5,rail,GOA:ServiceJourney:3136_63181-R,False,planned,False,,,,,2026-09-07T15:44:36.205822+02:00
NSR:StopPlace:8,Paradis stasjon,2026-09-07T13:42:00+02:00,2026-09-07T13:42:00+02:00,,0.0,0,Stavanger,GOA:Line:59,Jærbanen,L5,rail,GOA:ServiceJourney:3135_63180-R,False,planned,False,,,,,2026-09-07T15:44:36.205822+02:00
NSR:StopPlace:8,Paradis stasjon,2026-09-07T13:58:00+02:00,2026-09-07T13:58:00+02:00,,0.0,0,Stavanger,GOA:Line:59,Jærbanen,L5,rail,GOA:ServiceJourney:3035_63072-R,False,planned,False,,,,,2026-09-07T15:44:36.205822+02:00
NSR:StopPlace:8,Paradis stasjon,2026-09-07T14:11:00+02:00,2026-09-07T14:11:00+02:00,,0.0,0,Skeiane,GOA:Line:59,Jærbanen,L5,rail,GOA:ServiceJourney:3138_63183-R,False,planned,False,,,,,2026-09-07T15:44:36.205822+02:00
NSR:StopPlace:8,Paradis stasjon,2026-09-07T14:12:00+02:00,2026-09-07T14:12:00+02:00,,0.0,0,Stavanger,GOA:Line:59,Jærbanen,L5,rail,GOA:ServiceJourney:3137_63182-R,False,planned,False,,,,,2026-09-07T15:44:36.205822+02:00
NSR:StopPlace:8,Paradis stasjon,2026-09-07T14:28:00+02:00,2026-09-07T14:28:00+02:00,,0.0,0,Stavanger,GOA:Line:59,Jærbanen,L5,rail,GOA:ServiceJourney:3037_63074-R,False,planned,False,,,,,2026-09-07T15:44:36.205822+02:00
NSR:StopPlace:8,Paradis stasjon,2026-09-07T15:56:00+02:00,2026-09-07T15:56:00+02:00,,0.0,0,Egersund,GOA:Line:59,Jærbanen,L5,rail,GOA:ServiceJourney:3048_63093-R,False,planned,False,,,,,2026-09-07T15:44:36.205822+02:00
NSR:StopPlace:8,Paradis stasjon,2026-09-07T16:11:00+02:00,2026-09-07T16:11:00+02:00,,0.0,0,Skeiane,GOA:Line:59,Jærbanen,L5,rail,GOA:ServiceJourney:3146_63191-R,False,planned,False,,,,,2026-09-07T15:44:36.205822+02:00
NSR:StopPlace:8,Paradis stasjon,2026-09-07T16:12:00+02:00,2026-09-07T16:12:00+02:00,,0.0,0,Stavanger,GOA:Line:59,Jærbanen,L5,rail,GOA:ServiceJourney:3145_63190-R,False,planned,False,,,,,2026-09-07T15:44:36.205822+02:00
NSR:StopPlace:8,Paradis stasjon,2026-09-07T16:26:00+02:00,2026-09-07T16:26:00+02:00,,0.0,0,Egersund,GOA:Line:59,Jærbanen,L5,rail,GOA:ServiceJourney:3050_63097-R,False,planned,False,,,,,2026-09-07T15:44:36.205822+02:00
NSR:StopPlace:6,Greverud stasjon,2026-09-07T11:48:00+02:00,2026-09-07T11:48:00+02:00,,0.0,0,Stabekk,VYG:Line:L2,Stabekk-Oslo S-Ski,L2,rail,VYG:ServiceJourney:2732-SKI_443940-R,False,planned,False,,,,,2026-09-07T15:44:36.205822+02:00
NSR:StopPlace:6,Greverud stasjon,2026-09-07T11:55:00+02:00,2026-09-07T11:55:00+02:00,,0.0,0,Ski,VYG:Line:L2,Stabekk-Oslo S-Ski,L2,rail,VYG:ServiceJourney:2825_444040-R,False,planned,False,,,,,2026-09-07T15:44:36.205822+02:00
NSR:StopPlace:6,Greverud stasjon,2026-09-07T12:03:00+02:00,2026-09-07T12:03:00+02:00,,0.0,0,Skøyen,VYG:Line:L2,Stabekk-Oslo S-Ski,L2,rail,VYG:ServiceJourney:2832-SKI_488375-R,False,planned,False,,,,,2026-09-07T15:44:36.205822+02:00
NSR:StopPlace:6,Greverud stasjon,2026-09-07T12:10:00+02:00,2026-09-07T12:10:00+02:00,,0.0,0,Ski,VYG:Line:L2,Stabekk-Oslo S-Ski,L2,rail,VYG:ServiceJourney:2727-HVK_443934-R,False,planned,False,,,,,2026-09-07T15:44:36.205822+02:00
NSR:StopPlace:6,Greverud stasjon,2026-09-07T12:18:00+02:00,2026-09-07T12:18:00+02:00,,0.0,0,Stabekk,VYG:Line:L2,Stabekk-Oslo S-Ski,L2,rail,VYG:ServiceJourney:2734-SKI_443942-R,False,planned,False,,,,,2026-09-07T15:44:36.205822+02:00
NSR:StopPlace:6,Greverud stasjon,2026-09-07T12:25:00+02:00,2026-09-07T12:25:00+02:00,,0.0,0,Ski,VYG:Line:L2,Stabekk-Oslo S-Ski,L2,rail,VYG:ServiceJourney:2827-BES_488369-R,False,planned,False,,,,,2026-09-07T15:44:36.205822+02:00
NSR:StopPlace:6,Greverud stasjon,2026-09-07T12:33:00+02:00,2026-09-07T12:33:00+02:00,,0.0,0,Oslo S,VYG:Line:L2,Stabekk-Oslo S-Ski,L2,rail,VYG:ServiceJourney:2834_444058-R,False,planned,False,,,,,2026-09-07T15:44:36.205822+02:00
NSR:StopPlace:6,Greverud stasjon,2026-09-07T12:40:00+02:00,2026-09-07T12:40:00+02:00,,0.0,0,Ski,VYG:Line:L2,Stabekk-Oslo S-Ski,L2,rail,VYG:ServiceJourney:2729-HVK_443936-R,False,planned,False,,,,,2026-09-07T15:44:36.205822+02:00
NSR:StopPlace:6,Greverud stasjon,2026-09-07T12:48:00+02:00,2026-09-07T12:48:00+02:00,,0.0,0,Stabekk,VYG:Line:L2,Stabekk-Oslo S-Ski,L2,rail,VYG:ServiceJourney:2736-SKI_443944-R,False,planned,False,,,,,2026-09-07T15:44:36.205822+02:00
NSR:StopPlace:6,Greverud stasjon,2026-09-07T12:55:00+02:00,2026-09-07T12:55:00+02:00,,0.0,0,Ski,VYG:Line:L2,Stabekk-Oslo S-Ski,L2,rail,VYG:ServiceJourney:2829_444047-R,False,planned,False,,,,,2026-09-07T15:44:36.205822+02:00
NSR:StopPlace:6,Greverud stasjon,2026-09-07T13:03:00+02:00,2026-09-07T13:03:00+02:00,,0.0,0,Skøyen,VYG:Line:L2,Stabekk-Oslo S-Ski,L2,rail,VYG:ServiceJourney:2836-SKI_488379-R,False,planned,False,,,,,2026-09-07T15:44:36.205822+02:00
NSR:StopPlace:6,Greverud stasjon,2026-09-07T13:10:00+02:00,2026-09-07T13:10:00+02:00,,0.0,0,Ski,VYG:Line:L2,Stabekk-Oslo S-Ski,L2,rail,VYG:ServiceJourney:2731-HVK_443939-R,False,planned,False,,,,,2026-09-07T15:44:36.205822+02:00
NSR:StopPlace:6,Greverud stasjon,2026-09-07T13:18:00+02:00,2026-09-07T13:18:00+02:00,,0.0,0,Stabekk,VYG:Line:L2,Stabekk-Oslo S-Ski,L2,rail,VYG:ServiceJourney:2738-SKI_443946-R,False,planned,False,,,,,2026-09-07T15:44:36.205822+02:00
NSR:StopPlace:6,Greverud stasjon,2026-09-07T13:25:00+02:00,2026-09-07T13:25:00+02:00,,0.0,0,Ski,VYG:Line:L2,Stabekk-Oslo S-Ski,L2,rail,VYG:ServiceJourney:2831-BES_488373-R,False,planned,False,,,,,2026-09-07T15:44:36.205822+02:00
NSR:StopPlace:6,Greverud stasjon,2026-09-07T13:33:00+02:00,2026-09-07T13:33:00+02:00,,0.0,0,Oslo S,VYG:Line:L2,Stabekk-Oslo S-Ski,L2,rail,VYG:ServiceJourney:2838_444066-R,False,planned,False,,,,,2026-09-07T15:44:36.205822+02:00
NSR:StopPlace:6,Greverud stasjon,2026-09-07T13:40:00+02:00,2026-09-07T13:40:00+02:00,,0.0,0,Ski,VYG:Line:L2,Stabekk-Oslo S-Ski,L2,rail,VYG:ServiceJourney:2733-HVK_443941-R,False,planned,False,,,,,2026-09-07T15:44:36.205822+02:00
NSR:StopPlace:6,Greverud stasjon,2026-09-07T13:48:00+02:00,2026-09-07T13:48:00+02:00,,0.0,0,Stabekk,VYG:Line:L2,Stabekk-Oslo S-Ski,L2,rail,VYG:ServiceJourney:2740-SKI_443950-R,False,planned,False,Færre vogner,Denne avgangen kjører dessverre med 3 vogner i stedet for 6 vogner. Dette skyldes at vi mangler et togsett.,general,normal,2026-09-07T15:44:36.205822+02:00
NSR:StopPlace:6,Greverud stasjon,2026-09-07T13:55:00+02:00,2026-09-07T13:55:00+02:00,,0.0,0,Ski,VYG:Line:L2,Stabekk-Oslo S-Ski,L2,rail,VYG:ServiceJourney:2833_444056-R,False,planned,False,Færre vogner,Denne avgangen kjører dessverre med 3 vogner i stedet for 6 vogner. Dette skyldes at vi mangler et togsett.,general,normal,2026-09-07T15:44:36.205822+02:00
NSR:StopPlace:6,Greverud stasjon,2026-09-07T14:10:00+02:00,2026-09-07T14:10:00+02:00,,0.0,0,Ski,VYG:Line:L2,Stabekk-Oslo S-Ski,L2,rail,VYG:ServiceJourney:2735-HVK_443943-R,False,planned,False,,,,,2026-09-07T15:44:36.205822+02:00
NSR:StopPlace:6,Greverud stasjon,2026-09-07T14:25:00+02:00,2026-09-07T14:25:00+02:00,,0.0,0,Ski,VYG:Line:L2,Stabekk-Oslo S-Ski,L2,rail,VYG:ServiceJourney:2835-BES_488377-R,False,planned,False,,,,,2026-09-07T15:44:36.205822+02:00
NSR:StopPlace:6,Greverud stasjon,2026-09-07T14:40:00+02:00,2026-09-07T14:40:00+02:00,,0.0,0,Ski,VYG:Line:L2,Stabekk-Oslo S-Ski,L2,rail,VYG:ServiceJourney:2737-HVK_443945-R,False,planned,False,,,,,2026-09-07T15:44:36.205822+02:00
NSR:StopPlace:61134,Tverlandet stasjon,2026-09-07T12:10:00+02:00,2026-09-07T12:10:00+02:00,,0.0,0,Bodø,SJN:Line:79,Saltenpendelen,R75,rail,SJN:ServiceJourney:1785_48210-R,False,planned,False,,,,,2026-09-07T15:44:36.205822+02:00
NSR:StopPlace:61134,Tverlandet stasjon,2026-09-07T13:49:00+02:00,2026-09-07T13:49:00+02:00,,0.0,0,Fauske,SJN:Line:79,Saltenpendelen,R75,rail,SJN:ServiceJourney:1786_42896-R,False,planned,False,,,,,2026-09-07T15:44:36.205822+02:00
NSR:StopPlace:61134,Tverlandet stasjon,2026-09-07T16:24:00+02:00,2026-09-07T16:24:00+02:00,,0.0,0,Rognan,SJN:Line:79,Saltenpendelen,R75,rail,SJN:ServiceJourney:1790_41149-R,False,planned,False,,,,,2026-09-07T15:44:36.205822+02:00
NSR:StopPlace:61169,Marienborg stasjon,2026-09-07T11:48:00+02:00,2026-09-07T11:48:00+02:00,,0.0,0,Østmarka via Lerkendal-Strindh.,ATB:Line:2_13,Østmarka - Strindheim - Lerkendal - Havstad,13,bus,ATB:ServiceJourney:13_251215112552611_57,False,planned,False,,,,,2026-09-07T15:44:36.205822+02:00
NSR:StopPlace:61169,Marienborg stasjon,2026-09-07T11:50:00+02:00,2026-09-07T11:50:00+02:00,,0.0,0,Ler,SJN:Line:26,Trønderbanen,R70,rail,SJN:ServiceJourney:430_56059-R,False,planned,False,,,,,2026-09-07T15:44:36.205822+02:00
NSR:StopPlace:61169,Marienborg stasjon,2026-09-07T11:51:00+02:00,2026-09-07T11:51:00+02:00,,0.0,0,Havstad,ATB:Line:2_13,Østmarka - Strindheim - Lerkendal - Havstad,13,bus,ATB:ServiceJourney:13_251215112552521_56,False,planned,False,,,,,2026-09-07T15:44:36.205822+02:00
NSR:StopPlace:61169,Marienborg stasjon,2026-09-07T12:03:00+02:00,2026-09-07T12:03:00+02:00,,0.0,0,Østmarka via Lerkendal-Strindh.,ATB:Line:2_13,Østmarka - Strindheim - Lerkendal - Havstad,13,bus,ATB:ServiceJourney:13_251215112552612_59,False,planned,False,,,,,2026-09-07T15:44:36.205822+02:00
NSR:StopPlace:61169,Marienborg stasjon,2026-09-07T12:06:00+02:00,2026-09-07T12:06:00+02:00,,0.0,0,Havstad,ATB:Line:2_13,Østmarka - Strindheim - Lerkendal - Havstad,13,bus,ATB:ServiceJourney:13_251215112552551_58,False,planned,False,,,,,2026-09-07T15:44:36.205822+02:00
NSR:StopPlace:61169,Marienborg stasjon,2026-09-07T12:08:00+02:00,2026-09-07T12:08:00+02:00,,0.0,0,Steinkjer,SJN:Line:26,Trønderbanen,R70,rail,SJN:ServiceJourney:435-SOeB_56064-R,False,planned,False,,,,,2026-09-07T15:44:36.205822+02:00
NSR:StopPlace:61169,Marienborg stasjon,2026-09-07T12:16:00+02:00,2026-09-07T12:16:00+02:00,,0.0,0,Romolslia,ATB:Line:2_20,Grillstad - Strindheim - Ladehammeren- Sentrum - Romolslia,20,bus,ATB:ServiceJourney:20_251215112548135_34,False,planned,False,,,,,2026-09-07T15:44:36.205822+02:00
NSR:StopPlace:61169,Marienborg stasjon,2026-09-07T12:18:00+02:00,2026-09-07T12:18:00+02:00,,0.0,0,Østmarka via Lerkendal-Strindh.,ATB:Line:2_13,Østmarka - Strindheim - Lerkendal - Havstad,13,bus,ATB:ServiceJourney:13_251215112552613_61,False,planned,False,,,,,2026-09-07T15:44:36.205822+02:00
NSR:StopPlace:61169,Marienborg stasjon,2026-09-07T12:19:00+02:00,2026-09-07T12:19:00+02:00,,0.0,0,Grillstad via St. Olavs h- Ladeham.,ATB:Line:2_20,Grillstad - Strindheim - Ladehammeren- Sentrum - Romolslia,20,bus,ATB:ServiceJourney:20_251215112548013_39,False,planned,False,,,,,2026-09-07T15:44:36.205822+02:00
NSR:StopPlace:61169,Marienborg stasjon,2026-09-07T12:21:00+02:00,2026-09-07T12:21:00+02:00,,0.0,0,Havstad,ATB:Line:2_13,Østmarka - Strindheim - Lerkendal - Havstad,13,bus,ATB:ServiceJourney:13_251215112552522_60,False,planned,False,,,,,2026-09-07T15:44:36.205822+02:00
NSR:StopPlace:61169,Marienborg stasjon,2026-09-07T12:33:00+02:00,2026-09-07T12:33:00+02:00,,0.0,0,Østmarka via Lerkendal-Strindh.,ATB:Line:2_13,Østmarka - Strindheim - Lerkendal - Havstad,13,bus,ATB:ServiceJourney:13_251215112552614_63,False,planned,False,,,,,2026-09-07T15:44:36.205822+02:00
NSR:StopPlace:61169,Marienborg stasjon,2026-09-07T12:36:00+02:00,2026-09-07T12:36:00+02:00,,0.0,0,Havstad,ATB:Line:2_13,Østmarka - Strindheim - Lerkendal - Havstad,13,bus,ATB:ServiceJourney:13_251215112552552_62,False,planned,False,,,,,2026-09-07T15:44:36.205822+02:00
NSR:StopPlace:61169,Marienborg stasjon,2026-09-07T12:48:00+02:00,2026-09-07T12:48:00+02:00,,0.0,0,Østmarka via Lerkendal-Strindh.,ATB:Line:2_13,Østmarka - Strindheim - Lerkendal - Havstad,13,bus,ATB:ServiceJourney:13_251215112552615_65,False,planned,False,,,,,2026-09-07T15:44:36.205822+02:00
NSR:StopPlace:61169,Marienborg stasjon,2026-09-07T12:50:00+02:00,2026-09-07T12:50:00+02:00,,0.0,0,Ler,SJN:Line:26,Trønderbanen,R70,rail,SJN:ServiceJourney:432_56061-R,False,planned,False,,,,,2026-09-07T15:44:36.205822+02:00
NSR:StopPlace:61169,Marienborg stasjon,2026-09-07T12:51:00+02:00,2026-09-07T12:51:00+02:00,,0.0,0,Havstad,ATB:Line:2_13,Østmarka - Strindheim - Lerkendal - Havstad,13,bus,ATB:ServiceJourney:13_251215112552523_64,False,planned,False,,,,,2026-09-07T15:44:36.205822+02:00
NSR:StopPlace:61169,Marienborg stasjon,2026-09-07T13:03:00+02:00,2026-09-07T13:03:00+02:00,,0.0,0,Østmarka via Lerkendal-Strindh.,ATB:Line:2_13,Østmarka - Strindheim - Lerkendal - Havstad,13,bus,ATB:ServiceJourney:13_251215112552616_67,False,planned,False,,,,,2026-09-07T15:44:36.205822+02:00
NSR:StopPlace:61169,Marienborg stasjon,2026-09-07T13:06:00+02:00,2026-09-07T13:06:00+02:00,,0.0,0,Havstad,ATB:Line:2_13,Østmarka - Strindheim - Lerkendal - Havstad,13,bus,ATB:ServiceJourney:13_251215112552553_66,False,planned,False,,,,,2026-09-07T15:44:36.205822+02:00
NSR:StopPlace:61169,Marienborg stasjon,2026-09-07T13:16:00+02:00,2026-09-07T13:16:00+02:00,,0.0,0,Romolslia,ATB:Line:2_20,Grillstad - Strindheim - Ladehammeren- Sentrum - Romolslia,20,bus,ATB:ServiceJourney:20_251215112548136_38,False,planned,False,,,,,2026-09-07T15:44:36.205822+02:00
NSR:StopPlace:61169,Marienborg stasjon,2026-09-07T13:18:00+02:00,2026-09-07T13:18:00+02:00,,0.0,0,Østmarka via Lerkendal-Strindh.,ATB:Line:2_13,Østmarka - Strindheim - Lerkendal - Havstad,13,bus,ATB:ServiceJourney:13_251215112552655_69,False,planned,False,,,,,2026-09-07T15:44:36.205822+02:00
NSR:StopPlace:61169,Marienborg stasjon,2026-09-07T13:19:00+02:00,2026-09-07T13:19:00+02:00,,0.0,0,Grillstad via St. Olavs h- Ladeham.,ATB:Line:2_20,Grillstad - Strindheim - Ladehammeren- Sentrum - Romolslia,20,bus,ATB:ServiceJourney:20_251215112548012_43,False,planned,False,,,,,2026-09-07T15:44:36.205822+02:00
NSR:StopPlace:61169,Marienborg stasjon,2026-09-07T13:21:00+02:00,2026-09-07T13:21:00+02:00,,0.0,0,Havstad,ATB:Line:2_13,Østmarka - Strindheim - Lerkendal - Havstad,13,bus,ATB:ServiceJourney:13_251215112552524_68,False,planned,False,,,,,2026-09-07T15:44:36.205822+02:00
NSR:StopPlace:61169,Marienborg stasjon,2026-09-07T13:33:00+02:00,2026-09-07T13:33:00+02:00,,0.0,0,Østmarka via Lerkendal-Strindh.,ATB:Line:2_13,Østmarka - Strindheim - Lerkendal - Havstad,13,bus,ATB:ServiceJourney:13_251215112552656_71,False,planned,False,,,,,2026-09-07T15:44:36.205822+02:00
NSR:StopPlace:61169,Marienborg stasjon,2026-09-07T13:35:00+02:00,2026-09-07T13:35:00+02:00,,0.0,0,Havstad,ATB:Line:2_13,Østmarka - Strindheim - Lerkendal - Havstad,13,bus,ATB:ServiceJourney:13_251215112552577_70,False,planned,False,,,,,2026-09-07T15:44:36.205822+02:00
NSR:StopPlace:61169,Marienborg stasjon,2026-09-07T13:45:00+02:00,2026-09-07T13:45:00+02:00,,0.0,0,Havstad,ATB:Line:2_13,Østmarka - Strindheim - Lerkendal - Havstad,13,bus,ATB:ServiceJourney:13_251215112552574_72,False,planned,False,,,,,2026-09-07T15:44:36.205822+02:00
NSR:StopPlace:61169,Marienborg stasjon,2026-09-07T13:48:00+02:00,2026-09-07T13:48:00+02:00,,0.0,0,Østmarka via Lerkendal-Strindh.,ATB:Line:2_13,Østmarka - Strindheim - Lerkendal - Havstad,13,bus,ATB:ServiceJourney:13_251215112552657_73,False,planned,False,,,,,2026-09-07T15:44:36.205822+02:00
NSR:StopPlace:61169,Marienborg stasjon,2026-09-07T13:50:00+02:00,2026-09-07T13:50:00+02:00,,0.0,0,Melhus skysstasjon,SJN:Line:26,Trønderbanen,R70,rail,SJN:ServiceJourney:434-STK_56063-R,False,planned,False,,,,,2026-09-07T15:44:36.205822+02:00
NSR:StopPlace:61169,Marienborg stasjon,2026-09-07T13:55:00+02:00,2026-09-07T13:55:00+02:00,,0.0,0,Pirbadet via St. Olavs hospital,ATB:Line:2_23,Brattøra - St. Olavs - Hallset - Flatåsen - Sandmoen,23,bus,ATB:ServiceJourney:23_251215112545588_61,False,planned,False,,,,,2026-09-07T15:44:36.205822+02:00
NSR:StopPlace:61169,Marienborg stasjon,2026-09-07T14:02:00+02:00,2026-09-07T14:02:00+02:00,,0.0,0,Østmarka via Lerkendal-Strindh.,ATB:Line:2_13,Østmarka - Strindheim - Lerkendal - Havstad,13,bus,ATB:ServiceJourney:13_251215112552654_75,False,planned,False,,,,,2026-09-07T15:44:36.205822+02:00
NSR:StopPlace:61169,Marienborg stasjon,2026-09-07T14:05:00+02:00,2026-09-07T14:05:00+02:00,,0.0,0,Havstad,ATB:Line:2_13,Østmarka - Strindheim - Lerkendal - Havstad,13,bus,ATB:ServiceJourney:13_251215112552578_74,False,planned,False,,,,,2026-09-07T15:44:36.205822+02:00
NSR:StopPlace:61169,Marienborg stasjon,2026-09-07T14:10:00+02:00,2026-09-07T14:10:00+02:00,,0.0,0,Pirbadet via St. Olavs hospital,ATB:Line:2_23,Brattøra - St. Olavs - Hallset - Flatåsen - Sandmoen,23,bus,ATB:ServiceJourney:23_251215112545589_63,False,planned,False,,,,,2026-09-07T15:44:36.205822+02:00
NSR:StopPlace:61169,Marienborg stasjon,2026-09-07T14:16:00+02:00,2026-09-07T14:16:00+02:00,,0.0,0,Romolslia,ATB:Line:2_20,Grillstad - Strindheim - Ladehammeren- Sentrum - Romolslia,20,bus,ATB:ServiceJourney:20_251215112548137_42,False,planned,False,,,,,2026-09-07T15:44:36.205822+02:00
NSR:StopPlace:61169,Marienborg stasjon,2026-09-07T14:19:00+02:00,2026-09-07T14:19:00+02:00,,0.0,0,Havstad,ATB:Line:2_13,Østmarka - Strindheim - Lerkendal - Havstad,13,bus,ATB:ServiceJourney:13_251215112552575_76,False,planned,False,,,,,2026-09-07T15:44:36.205822+02:00
NSR:StopPlace:61458,Mjølfjell stasjon,2026-09-07T12:13:00+02:00,2026-09-07T12:13:00+02:00,,0.0,0,Bergen,VYG:Line:R40,Bergen-Voss-Myrdal-Ål,R40,rail,VYG:ServiceJourney:1821_465760-R,False,planned,False,,,,,2026-09-07T15:44:36.205822+02:00
NSR:StopPlace:61458,Mjølfjell stasjon,2026-09-07T12:37:00+02:00,2026-09-07T12:37:00+02:00,,0.0,0,Myrdal,VYG:Line:R40,Bergen-Voss-Myrdal-Ål,R40,rail,VYG:ServiceJourney:1812_456872-R,False,planned,False,,,,,2026-09-07T15:44:36.205822+02:00
NSR:StopPlace:61460,Flaten stasjon,2026-09-07T12:41:00+02:00,2026-09-07T12:41:00+02:00,,0.0,0,Nelaug,GOA:Line:53,Sørtoget lokal,R50,rail,GOA:ServiceJourney:2068_63021-R,False,planned,False,,,,,2026-09-07T15:44:36.205822+02:00
NSR:StopPlace:61460,Flaten stasjon,2026-09-07T13:04:00+02:00,2026-09-07T13:04:00+02:00,,0.0,0,Arendal,GOA:Line:53,Sørtoget lokal,R50,rail,GOA:ServiceJourney:2069_63022-R,False,planned,False,,,,,2026-09-07T15:44:36.205822+02:00
NSR:StopPlace:61465,Rise stasjon,2026-09-07T12:20:00+02:00,2026-09-07T12:20:00+02:00,,0.0,0,Nelaug,GOA:Line:53,Sørtoget lokal,R50,rail,GOA:ServiceJourney:2068_63021-R,False,planned,False,,,,,2026-09-07T15:44:36.205822+02:00
NSR:StopPlace:61465,Rise stasjon,2026-09-07T13:25:00+02:00,2026-09-07T13:25:00+02:00,,0.0,0,Arendal,GOA:Line:53,Sørtoget lokal,R50,rail,GOA:ServiceJourney:2069_63022-R,False,planned,False,,,,,2026-09-07T15:44:36.205822+02:00
NSR:StopPlace:61465,Rise stasjon,2026-09-07T16:20:00+02:00,2026-09-07T16:20:00+02:00,,0.0,0,Nelaug,GOA:Line:53,Sørtoget lokal,R50,rail,GOA:ServiceJourney:2072_63025-R,False,planned,False,,,,,2026-09-07T15:44:36.205822+02:00
NSR:StopPlace:61466,Vakås stasjon,2026-09-07T11:52:00+02:00,2026-09-07T11:52:00+02:00,,0.0,0,Lillestrøm,VYG:Line:L1,Spikkestad-Oslo S-Lillestrøm,L1,rail,VYG:ServiceJourney:2130_443537-R,False,planned,False,,,,,2026-09-07T15:44:36.205822+02:00
NSR:StopPlace:61466,Vakås stasjon,2026-09-07T11:57:00+02:00,2026-09-07T11:57:00+02:00,,0.0,0,Asker,VYG:Line:L1,Spikkestad-Oslo S-Lillestrøm,L1,rail,VYG:ServiceJourney:2125_443531-R,False,planned,False,,,,,2026-09-07T15:44:36.205822+02:00
NSR:StopPlace:61466,Vakås stasjon,2026-09-07T12:08:00+02:00,2026-09-07T12:08:00+02:00,,0.0,0,Lillestrøm,VYG:Line:L1,Spikkestad-Oslo S-Lillestrøm,L1,rail,VYG:ServiceJourney:2232_445328-R,False,planned,False,,,,,2026-09-07T15:44:36.205822+02:00
NSR:StopPlace:61466,Vakås stasjon,2026-09-07T12:11:00+02:00,2026-09-07T12:11:00+02:00,,0.0,0,Spikkestad,VYG:Line:L1,Spikkestad-Oslo S-Lillestrøm,L1,rail,VYG:ServiceJourney:2227_443627-R,False,planned,False,,,,,2026-09-07T15:44:36.205822+02:00
NSR:StopPlace:61466,Vakås stasjon,2026-09-07T12:22:00+02:00,2026-09-07T12:22:00+02:00,,0.0,0,Lillestrøm,VYG:Line:L1,Spikkestad-Oslo S-Lillestrøm,L1,rail,VYG:ServiceJourney:2132_443539-R,False,planned,False,Ta neste tog,Ta neste tog.,incident,normal,2026-09-07T15:44:36.205822+02:00
NSR:StopPlace:61466,Vakås stasjon,2026-09-07T12:27:00+02:00,2026-09-07T12:27:00+02:00,,0.0,0,Asker,VYG:Line:L1,Spikkestad-Oslo S-Lillestrøm,L1,rail,VYG:ServiceJourney:2127_443533-R,False,planned,False,,,,,2026-09-07T15:44:36.205822+02:00
NSR:StopPlace:61466,Vakås stasjon,2026-09-07T12:38:00+02:00,2026-09-07T12:38:00+02:00,,0.0,0,Lillestrøm,VYG:Line:L1,Spikkestad-Oslo S-Lillestrøm,L1,rail,VYG:ServiceJourney:2234_443640-R,False,planned,False,,,,,2026-09-07T15:44:36.205822+02:00
NSR:StopPlace:61466,Vakås stasjon,2026-09-07T12:41:00+02:00,2026-09-07T12:41:00+02:00,,0.0,0,Spikkestad,VYG:Line:L1,Spikkestad-Oslo S-Lillestrøm,L1,rail,VYG:ServiceJourney:2229_443630-R,False,planned,False,,,,,2026-09-07T15:44:36.205822+02:00
NSR:StopPlace:61466,Vakås stasjon,2026-09-07T12:52:00+02:00,2026-09-07T12:52:00+02:00,,0.0,0,Lillestrøm,VYG:Line:L1,Spikkestad-Oslo S-Lillestrøm,L1,rail,VYG:ServiceJourney:2134_443541-R,False,planned,False,,,,,2026-09-07T15:44:36.205822+02:00
NSR:StopPlace:61466,Vakås stasjon,2026-09-07T12:57:00+02:00,2026-09-07T12:57:00+02:00,,0.0,0,Asker,VYG:Line:L1,Spikkestad-Oslo S-Lillestrøm,L1,rail,VYG:ServiceJourney:2129_443535-R,False,planned,False,,,,,2026-09-07T15:44:36.205822+02:00
NSR:StopPlace:61466,Vakås stasjon,2026-09-07T13:08:00+02:00,2026-09-07T13:08:00+02:00,,0.0,0,Lillestrøm,VYG:Line:L1,Spikkestad-Oslo S-Lillestrøm,L1,rail,VYG:ServiceJourney:2236_443643-R,False,planned,False,,,,,2026-09-07T15:44:36.205822+02:00
NSR:StopPlace:61466,Vakås stasjon,2026-09-07T13:11:00+02:00,2026-09-07T13:11:00+02:00,,0.0,0,Spikkestad,VYG:Line:L1,Spikkestad-Oslo S-Lillestrøm,L1,rail,VYG:ServiceJourney:2231_443635-R,False,planned,False,,,,,2026-09-07T15:44:36.205822+02:00
NSR:StopPlace:61466,Vakås stasjon,2026-09-07T13:22:00+02:00,2026-09-07T13:22:00+02:00,,0.0,0,Lillestrøm,VYG:Line:L1,Spikkestad-Oslo S-Lillestrøm,L1,rail,VYG:ServiceJourney:2136_443543-R,False,planned,False,,,,,2026-09-07T15:44:36.205822+02:00
NSR:StopPlace:61466,Vakås stasjon,2026-09-07T13:27:00+02:00,2026-09-07T13:27:00+02:00,,0.0,0,Asker,VYG:Line:L1,Spikkestad-Oslo S-Lillestrøm,L1,rail,VYG:ServiceJourney:2131_443538-R,False,planned,False,,,,,2026-09-07T15:44:36.205822+02:00
NSR:StopPlace:61466,Vakås stasjon,2026-09-07T13:41:00+02:00,2026-09-07T13:41:00+02:00,,0.0,0,Spikkestad,VYG:Line:L1,Spikkestad-Oslo S-Lillestrøm,L1,rail,VYG:ServiceJourney:2233_443638-R,False,planned,False,,,,,2026-09-07T15:44:36.205822+02:00
NSR:StopPlace:61466,Vakås stasjon,2026-09-07T13:57:00+02:00,2026-09-07T13:57:00+02:00,,0.0,0,Asker,VYG:Line:L1,Spikkestad-Oslo S-Lillestrøm,L1,rail,VYG:ServiceJourney:2133_443540-R,False,planned,False,,,,,2026-09-07T15:44:36.205822+02:00
NSR:StopPlace:61466,Vakås stasjon,2026-09-07T14:11:00+02:00,2026-09-07T14:11:00+02:00,,0.0,0,Spikkestad,VYG:Line:L1,Spikkestad-Oslo S-Lillestrøm,L1,rail,VYG:ServiceJourney:2235_443641-R,False,planned,False,,,,,2026-09-07T15:44:36.205822+02:00
NSR:StopPlace:61466,Vakås stasjon,2026-09-07T14:27:00+02:00,2026-09-07T14:27:00+02:00,,0.0,0,Asker,VYG:Line:L1,Spikkestad-Oslo S-Lillestrøm,L1,rail,VYG:ServiceJourney:2135_443542-R,False,planned,False,,,,,2026-09-07T15:44:36.205822+02:00
NSR:StopPlace:61463,Nordstrand stasjon,2026-09-07T11:52:00+02:00,2026-09-07T11:52:00+02:00,,0.0,0,Ski,VYG:Line:L2,Stabekk-Oslo S-Ski,L2,rail,VYG:ServiceJourney:2727-HVK_443934-R,False,planned,False,,,,,2026-09-07T15:44:36.205822+02:00
NSR:StopPlace:61463,Nordstrand stasjon,2026-09-07T11:52:00+02:00,2026-09-07T11:52:00+02:00,,0.0,0,Oslo S,VYG:Line:L2,Stabekk-Oslo S-Ski,L2,rail,VYG:ServiceJourney:2830_444050-R,False,planned,False,,,,,2026-09-07T15:44:36.205822+02:00
NSR:StopPlace:61463,Nordstrand stasjon,2026-09-07T12:07:00+02:00,2026-09-07T12:07:00+02:00,,0.0,0,Ski,VYG:Line:L2,Stabekk-Oslo S-Ski,L2,rail,VYG:ServiceJourney:2827-BES_488369-R,False,planned,False,,,,,2026-09-07T15:44:36.205822+02:00
NSR:StopPlace:61463,Nordstrand stasjon,2026-09-07T12:07:00+02:00,2026-09-07T12:07:00+02:00,,0.0,0,Stabekk,VYG:Line:L2,Stabekk-Oslo S-Ski,L2,rail,VYG:ServiceJourney:2732-SKI_443940-R,False,planned,False,,,,,2026-09-07T15:44:36.205822+02:00
NSR:StopPlace:61463,Nordstrand stasjon,2026-09-07T12:22:00+02:00,2026-09-07T12:22:00+02:00,,0.0,0,Ski,VYG:Line:L2,Stabekk-Oslo S-Ski,L2,rail,VYG:ServiceJourney:2729-HVK_443936-R,False,planned,False,,,,,2026-09-07T15:44:36.205822+02:00
NSR:StopPlace:61463,Nordstrand stasjon,2026-09-07T12:22:00+02:00,2026-09-07T12:22:00+02:00,,0.0,0,Skøyen,VYG:Line:L2,Stabekk-Oslo S-Ski,L2,rail,VYG:ServiceJourney:2832-SKI_488375-R,False,planned,False,,,,,2026-09-07T15:44:36.205822+02:00
NSR:StopPlace:61463,Nordstrand stasjon,2026-09-07T12:37:00+02:00,2026-09-07T12:37:00+02:00,,0.0,0,Ski,VYG:Line:L2,Stabekk-Oslo S-Ski,L2,rail,VYG:ServiceJourney:2829_444047-R,False,planned,False,,,,,2026-09-07T15:44:36.205822+02:00
NSR:StopPlace:61463,Nordstrand stasjon,2026-09-07T12:37:00+02:00,2026-09-07T12:37:00+02:00,,0.0,0,Stabekk,VYG:Line:L2,Stabekk-Oslo S-Ski,L2,rail,VYG:ServiceJourney:2734-SKI_443942-R,False,planned,False,,,,,2026-09-07T15:44:36.205822+02:00
NSR:StopPlace:61463,Nordstrand stasjon,2026-09-07T12:52:00+02:00,2026-09-07T12:52:00+02:00,,0.0,0,Ski,VYG:Line:L2,Stabekk-Oslo S-Ski,L2,rail,VYG:ServiceJourney:2731-HVK_443939-R,False,planned,False,,,,,2026-09-07T15:44:36.205822+02:00
NSR:StopPlace:61463,Nordstrand stasjon,2026-09-07T12:52:00+02:00,2026-09-07T12:52:00+02:00,,0.0,0,Oslo S,VYG:Line:L2,Stabekk-Oslo S-Ski,L2,rail,VYG:ServiceJourney:2834_444058-R,False,planned,False,,,,,2026-09-07T15:44:36.205822+02:00
NSR:StopPlace:61463,Nordstrand stasjon,2026-09-07T13:07:00+02:00,2026-09-07T13:07:00+02:00,,0.0,0,Ski,VYG:Line:L2,Stabekk-Oslo S-Ski,L2,rail,VYG:ServiceJourney:2831-BES_488373-R,False,planned,False,,,,,2026-09-07T15:44:36.205822+02:00
NSR:StopPlace:61463,Nordstrand stasjon,2026-09-07T13:07:00+02:00,2026-09-07T13:07:00+02:00,,0.0,0,Stabekk,VYG:Line:L2,Stabekk-Oslo S-Ski,L2,rail,VYG:ServiceJourney:2736-SKI_443944-R,False,planned,False,,,,,2026-09-07T15:44:36.205822+02:00
NSR:StopPlace:61463,Nordstrand stasjon,2026-09-07T13:22:00+02:00,2026-09-07T13:22:00+02:00,,0.0,0,Ski,VYG:Line:L2,Stabekk-Oslo S-Ski,L2,rail,VYG:ServiceJourney:2733-HVK_443941-R,False,planned,False,,,,,2026-09-07T15:44:36.205822+02:00
NSR:StopPlace:61463,Nordstrand stasjon,2026-09-07T13:22:00+02:00,2026-09-07T13:22:00+02:00,,0.0,0,Skøyen,VYG:Line:L2,Stabekk-Oslo S-Ski,L2,rail,VYG:ServiceJourney:2836-SKI_488379-R,False,planned,False,,,,,2026-09-07T15:44:36.205822+02:00
NSR:StopPlace:61463,Nordstrand stasjon,2026-09-07T13:37:00+02:00,2026-09-07T13:37:00+02:00,,0.0,0,Ski,VYG:Line:L2,Stabekk-Oslo S-Ski,L2,rail,VYG:ServiceJourney:2833_444056-R,False,planned,False,Færre vogner,Denne avgangen kjører dessverre med 3 vogner i stedet for 6 vogner. Dette skyldes at vi mangler et togsett.,general,normal,2026-09-07T15:44:36.205822+02:00
NSR:StopPlace:61463,Nordstrand stasjon,2026-09-07T13:37:00+02:00,2026-09-07T13:37:00+02:00,,0.0,0,Stabekk,VYG:Line:L2,Stabekk-Oslo S-Ski,L2,rail,VYG:ServiceJourney:2738-SKI_443946-R,False,planned,False,,,,,2026-09-07T15:44:36.205822+02:00
NSR:StopPlace:61463,Nordstrand stasjon,2026-09-07T13:52:00+02:00,2026-09-07T13:52:00+02:00,,0.0,0,Ski,VYG:Line:L2,Stabekk-Oslo S-Ski,L2,rail,VYG:ServiceJourney:2735-HVK_443943-R,False,planned,False,,,,,2026-09-07T15:44:36.205822+02:00
NSR:StopPlace:61463,Nordstrand stasjon,2026-09-07T13:52:00+02:00,2026-09-07T13:52:00+02:00,,0.0,0,Oslo S,VYG:Line:L2,Stabekk-Oslo S-Ski,L2,rail,VYG:ServiceJourney:2838_444066-R,False,planned,False,,,,,2026-09-07T15:44:36.205822+02:00
NSR:StopPlace:61463,Nordstrand stasjon,2026-09-07T14:07:00+02:00,2026-09-07T14:07:00+02:00,,0.0,0,Ski,VYG:Line:L2,Stabekk-Oslo S-Ski,L2,rail,VYG:ServiceJourney:2835-BES_488377-R,False,planned,False,,,,,2026-09-07T15:44:36.205822+02:00
NSR:StopPlace:61463,Nordstrand stasjon,2026-09-07T14:07:00+02:00,2026-09-07T14:07:00+02:00,,0.0,0,Stabekk,VYG:Line:L2,Stabekk-Oslo S-Ski,L2,rail,VYG:ServiceJourney:2740-SKI_443950-R,False,planned,False,Færre vogner,Denne avgangen kjører dessverre med 3 vogner i stedet for 6 vogner. Dette skyldes at vi mangler et togsett.,general,normal,2026-09-07T15:44:36.205822+02:00
NSR:StopPlace:61463,Nordstrand stasjon,2026-09-07T14:22:00+02:00,2026-09-07T14:22:00+02:00,,0.0,0,Ski,VYG:Line:L2,Stabekk-Oslo S-Ski,L2,rail,VYG:ServiceJourney:2737-HVK_443945-R,False,planned,False,,,,,2026-09-07T15:44:36.205822+02:00
NSR:StopPlace:61464,Hvalstad stasjon,2026-09-07T11:54:00+02:00,2026-09-07T11:54:00+02:00,,0.0,0,Lillestrøm,VYG:Line:L1,Spikkestad-Oslo S-Lillestrøm,L1,rail,VYG:ServiceJourney:2130_443537-R,False,planned,False,,,,,2026-09-07T15:44:36.205822+02:00
NSR:StopPlace:61464,Hvalstad stasjon,2026-09-07T11:55:00+02:00,2026-09-07T11:55:00+02:00,,0.0,0,Asker,VYG:Line:L1,Spikkestad-Oslo S-Lillestrøm,L1,rail,VYG:ServiceJourney:2125_443531-R,False,planned,False,,,,,2026-09-07T15:44:36.205822+02:00
NSR:StopPlace:61464,Hvalstad stasjon,2026-09-07T12:09:00+02:00,2026-09-07T12:09:00+02:00,,0.0,0,Spikkestad,VYG:Line:L1,Spikkestad-Oslo S-Lillestrøm,L1,rail,VYG:ServiceJourney:2227_443627-R,False,planned,False,,,,,2026-09-07T15:44:36.205822+02:00
NSR:StopPlace:61464,Hvalstad stasjon,2026-09-07T12:10:00+02:00,2026-09-07T12:10:00+02:00,,0.0,0,Lillestrøm,VYG:Line:L1,Spikkestad-Oslo S-Lillestrøm,L1,rail,VYG:ServiceJourney:2232_445328-R,False,planned,False,,,,,2026-09-07T15:44:36.205822+02:00
NSR:StopPlace:61464,Hvalstad stasjon,2026-09-07T12:24:00+02:00,2026-09-07T12:24:00+02:00,,0.0,0,Lillestrøm,VYG:Line:L1,Spikkestad-Oslo S-Lillestrøm,L1,rail,VYG:ServiceJourney:2132_443539-R,False,planned,False,Ta neste tog,Ta neste tog.,incident,normal,2026-09-07T15:44:36.205822+02:00
NSR:StopPlace:61464,Hvalstad stasjon,2026-09-07T12:25:00+02:00,2026-09-07T12:25:00+02:00,,0.0,0,Asker,VYG:Line:L1,Spikkestad-Oslo S-Lillestrøm,L1,rail,VYG:ServiceJourney:2127_443533-R,False,planned,False,,,,,2026-09-07T15:44:36.205822+02:00
NSR:StopPlace:61464,Hvalstad stasjon,2026-09-07T12:39:00+02:00,2026-09-07T12:39:00+02:00,,0.0,0,Spikkestad,VYG:Line:L1,Spikkestad-Oslo S-Lillestrøm,L1,rail,VYG:ServiceJourney:2229_443630-R,False,planned,False,,,,,2026-09-07T15:44:36.205822+02:00
NSR:StopPlace:61464,Hvalstad stasjon,2026-09-07T12:40:00+02:00,2026-09-07T12:40:00+02:00,,0.0,0,Lillestrøm,VYG:Line:L1,Spikkestad-Oslo S-Lillestrøm,L1,rail,VYG:ServiceJourney:2234_443640-R,False,planned,False,,,,,2026-09-07T15:44:36.205822+02:00
NSR:StopPlace:61464,Hvalstad stasjon,2026-09-07T12:54:00+02:00,2026-09-07T12:54:00+02:00,,0.0,0,Lillestrøm,VYG:Line:L1,Spikkestad-Oslo S-Lillestrøm,L1,rail,VYG:ServiceJourney:2134_443541-R,False,planned,False,,,,,2026-09-07T15:44:36.205822+02:00
NSR:StopPlace:61464,Hvalstad stasjon,2026-09-07T12:55:00+02:00,2026-09-07T12:55:00+02:00,,0.0,0,Asker,VYG:Line:L1,Spikkestad-Oslo S-Lillestrøm,L1,rail,VYG:ServiceJourney:2129_443535-R,False,planned,False,,,,,2026-09-07T15:44:36.205822+02:00
NSR:StopPlace:61464,Hvalstad stasjon,2026-09-07T13:09:00+02:00,2026-09-07T13:09:00+02:00,,0.0,0,Spikkestad,VYG:Line:L1,Spikkestad-Oslo S-Lillestrøm,L1,rail,VYG:ServiceJourney:2231_443635-R,False,planned,False,,,,,2026-09-07T15:44:36.205822+02:00
NSR:StopPlace:61464,Hvalstad stasjon,2026-09-07T13:10:00+02:00,2026-09-07T13:10:00+02:00,,0.0,0,Lillestrøm,VYG:Line:L1,Spikkestad-Oslo S-Lillestrøm,L1,rail,VYG:ServiceJourney:2236_443643-R,False,planned,False,,,,,2026-09-07T15:44:36.205822+02:00
NSR:StopPlace:61464,Hvalstad stasjon,2026-09-07T13:24:00+02:00,2026-09-07T13:24:00+02:00,,0.0,0,Lillestrøm,VYG:Line:L1,Spikkestad-Oslo S-Lillestrøm,L1,rail,VYG:ServiceJourney:2136_443543-R,False,planned,False,,,,,2026-09-07T15:44:36.205822+02:00
NSR:StopPlace:61464,Hvalstad stasjon,2026-09-07T13:25:00+02:00,2026-09-07T13:25:00+02:00,,0.0,0,Asker,VYG:Line:L1,Spikkestad-Oslo S-Lillestrøm,L1,rail,VYG:ServiceJourney:2131_443538-R,False,planned,False,,,,,2026-09-07T15:44:36.205822+02:00
NSR:StopPlace:61464,Hvalstad stasjon,2026-09-07T13:39:00+02:00,2026-09-07T13:39:00+02:00,,0.0,0,Spikkestad,VYG:Line:L1,Spikkestad-Oslo S-Lillestrøm,L1,rail,VYG:ServiceJourney:2233_443638-R,False,planned,False,,,,,2026-09-07T15:44:36.205822+02:00
NSR:StopPlace:61464,Hvalstad stasjon,2026-09-07T13:55:00+02:00,2026-09-07T13:55:00+02:00,,0.0,0,Asker,VYG:Line:L1,Spikkestad-Oslo S-Lillestrøm,L1,rail,VYG:ServiceJourney:2133_443540-R,False,planned,False,,,,,2026-09-07T15:44:36.205822+02:00
NSR:StopPlace:61464,Hvalstad stasjon,2026-09-07T14:09:00+02:00,2026-09-07T14:09:00+02:00,,0.0,0,Spikkestad,VYG:Line:L1,Spikkestad-Oslo S-Lillestrøm,L1,rail,VYG:ServiceJourney:2235_443641-R,False,planned,False,,,,,2026-09-07T15:44:36.205822+02:00
NSR:StopPlace:61464,Hvalstad stasjon,2026-09-07T14:25:00+02:00,2026-09-07T14:25:00+02:00,,0.0,0,Asker,VYG:Line:L1,Spikkestad-Oslo S-Lillestrøm,L1,rail,VYG:ServiceJourney:2135_443542-R,False,planned,False,,,,,2026-09-07T15:44:36.205822+02:00
NSR:StopPlace:61413,Heia stasjon,2026-09-07T11:48:00+02:00,2026-09-07T11:48:00+02:00,,0.0,0,Oslo S,VYG:Line:R22,Skøyen-Oslo S-Mysen-Rakkestad,R22,rail,VYG:ServiceJourney:1918_673806-R,False,planned,False,,,,,2026-09-07T15:44:36.205822+02:00
NSR:StopPlace:61413,Heia stasjon,2026-09-07T12:07:00+02:00,2026-09-07T12:07:00+02:00,,0.0,0,Rakkestad,VYG:Line:R22,Skøyen-Oslo S-Mysen-Rakkestad,R22,rail,VYG:ServiceJourney:1913_443453-R,False,planned,False,,,,,2026-09-07T15:44:36.205822+02:00
NSR:StopPlace:61413,Heia stasjon,2026-09-07T12:48:00+02:00,2026-09-07T12:48:00+02:00,,0.0,0,Oslo S,VYG:Line:R22,Skøyen-Oslo S-Mysen-Rakkestad,R22,rail,VYG:ServiceJourney:1920_443466-R,False,planned,False,,,,,2026-09-07T15:44:36.205822+02:00
NSR:StopPlace:61413,Heia stasjon,2026-09-07T13:07:00+02:00,2026-09-07T13:07:00+02:00,,0.0,0,Rakkestad,VYG:Line:R22,Skøyen-Oslo S-Mysen-Rakkestad,R22,rail,VYG:ServiceJourney:1915_443457-R,False,planned,False,,,,,2026-09-07T15:44:36.205822+02:00
NSR:StopPlace:61413,Heia stasjon,2026-09-07T14:07:00+02:00,2026-09-07T14:07:00+02:00,,0.0,0,Rakkestad,VYG:Line:R22,Skøyen-Oslo S-Mysen-Rakkestad,R22,rail,VYG:ServiceJourney:1917_443460-R,False,planned,False,,,,,2026-09-07T15:44:36.205822+02:00
NSR:StopPlace:61326,Gulskogen stasjon,2026-09-07T11:47:00+02:00,2026-09-07T11:47:00+02:00,,0.0,0,Kongsberg,VYG:Line:R12,Kongsberg-Oslo S-Eidsvoll,R12,rail,VYG:ServiceJourney:513_444310-R,False,planned,False,,,,,2026-09-07T15:44:36.205822+02:00
NSR:StopPlace:61326,Gulskogen stasjon,2026-09-07T12:12:00+02:00,2026-09-07T12:12:00+02:00,,0.0,0,Eidsvoll,VYG:Line:R12,Kongsberg-Oslo S-Eidsvoll,R12,rail,VYG:ServiceJourney:516_481318-R,False,planned,False,,,,,2026-09-07T15:44:36.205822+02:00
NSR:StopPlace:61326,Gulskogen stasjon,2026-09-07T12:47:00+02:00,2026-09-07T12:47:00+02:00,,0.0,0,Kongsberg,VYG:Line:R12,Kongsberg-Oslo S-Eidsvoll,R12,rail,VYG:ServiceJourney:515_444314-R,False,planned,False,,,,,2026-09-07T15:44:36.205822+02:00
NSR:StopPlace:61326,Gulskogen stasjon,2026-09-07T13:12:00+02:00,2026-09-07T13:12:00+02:00,,0.0,0,Eidsvoll,VYG:Line:R12,Kongsberg-Oslo S-Eidsvoll,R12,rail,VYG:ServiceJourney:518_444318-R,False,planned,False,,,,,2026-09-07T15:44:36.205822+02:00
NSR:StopPlace:61326,Gulskogen stasjon,2026-09-07T13:47:00+02:00,2026-09-07T13:47:00+02:00,,0.0,0,Kongsberg,VYG:Line:R12,Kongsberg-Oslo S-Eidsvoll,R12,rail,VYG:ServiceJourney:517_444316-R,False,planned,False,,,,,2026-09-07T15:44:36.205822+02:00
NSR:StopPlace:61336,Trollhättan Centralstation,2026-09-07T13:12:00+02:00,2026-09-07T13:12:00+02:00,,0.0,0,Göteborg C,VYG:Line:RE20,Oslo S-Halden-Göteborg (X-Border),RE20,rail,VYG:ServiceJourney:111-387-LOD_459833-R,False,planned,False,,,,,2026-09-07T15:44:36.205822+02:00
NSR:StopPlace:61334,Ogna stasjon,2026-09-07T11:52:00+02:00,2026-09-07T11:52:00+02:00,,0.0,0,Egersund,GOA:Line:59,Jærbanen,L5,rail,GOA:ServiceJourney:3028_63064-R,False,planned,False,,,,,2026-09-07T15:44:36.205822+02:00
NSR:StopPlace:61334,Ogna stasjon,2026-09-07T12:31:00+02:00,2026-09-07T12:31:00+02:00,,0.0,0,Stavanger,GOA:Line:59,Jærbanen,L5,rail,GOA:ServiceJourney:3033_63070-R,False,planned,False,,,,,2026-09-07T15:44:36.205822+02:00
NSR:StopPlace:61334,Ogna stasjon,2026-09-07T12:50:00+02:00,2026-09-07T12:50:00+02:00,,0.0,0,Egersund,GOA:Line:59,Jærbanen,L5,rail,GOA:ServiceJourney:3032_63069-R,False,planned,False,,,,,2026-09-07T15:44:36.205822+02:00
NSR:StopPlace:61334,Ogna stasjon,2026-09-07T13:29:00+02:00,2026-09-07T13:29:00+02:00,,0.0,0,Stavanger,GOA:Line:59,Jærbanen,L5,rail,GOA:ServiceJourney:3037_63074-R,False,planned,False,,,,,2026-09-07T15:44:36.205822+02:00
NSR:StopPlace:61334,Ogna stasjon,2026-09-07T13:49:00+02:00,2026-09-07T13:49:00+02:00,,0.0,0,Egersund,GOA:Line:59,Jærbanen,L5,rail,GOA:ServiceJourney:3036_63073-R,False,planned,False,,,,,2026-09-07T15:44:36.205822+02:00
NSR:StopPlace:61334,Ogna stasjon,2026-09-07T14:20:00+02:00,2026-09-07T14:20:00+02:00,,0.0,0,Egersund,GOA:Line:59,Jærbanen,L5,rail,GOA:ServiceJourney:3038_63076-R,False,planned,False,,,,,2026-09-07T15:44:36.205822+02:00
NSR:StopPlace:61334,Ogna stasjon,2026-09-07T16:06:00+02:00,2026-09-07T16:06:00+02:00,,0.0,0,Stavanger,GOA:Line:59,Jærbanen,L5,rail,GOA:ServiceJourney:3047_63092-R,False,planned,False,,,,,2026-09-07T15:44:36.205822+02:00
NSR:StopPlace:61385,Jørstad stasjon,2026-09-07T11:58:00+02:00,2026-09-07T11:58:00+02:00,,0.0,0,Trondheim S,SJN:Line:71,Nordlandsbanen,F7,rail,SJN:ServiceJourney:478_42792-R,False,planned,False,,,,,2026-09-07T15:44:36.205822+02:00
NSR:StopPlace:61383,Urdland stasjon,2026-09-07T12:19:00+02:00,2026-09-07T12:19:00+02:00,,0.0,0,Myrdal,VYG:Line:R40,Bergen-Voss-Myrdal-Ål,R40,rail,VYG:ServiceJourney:1812_456872-R,False,planned,False,,,,,2026-09-07T15:44:36.205822+02:00
NSR:StopPlace:61383,Urdland stasjon,2026-09-07T12:38:00+02:00,2026-09-07T12:38:00+02:00,,0.0,0,Bergen,VYG:Line:R40,Bergen-Voss-Myrdal-Ål,R40,rail,VYG:ServiceJourney:1821_465760-R,False,planned,False,,,,,2026-09-07T15:44:36.205822+02:00
NSR:StopPlace:61387,Skogn stasjon,2026-09-07T12:21:00+02:00,2026-09-07T12:21:00+02:00,,0.0,0,Melhus skysstasjon,SJN:Line:26,Trønderbanen,R70,rail,SJN:ServiceJourney:434-STK_56063-R,False,planned,False,,,,,2026-09-07T15:44:36.205822+02:00
NSR:StopPlace:61387,Skogn stasjon,2026-09-07T12:34:00+02:00,2026-09-07T12:34:00+02:00,,0.0,0,Steinkjer,SJN:Line:26,Trønderbanen,R70,rail,SJN:ServiceJourney:433_56062-R,False,planned,False,,,,,2026-09-07T15:44:36.205822+02:00
NSR:StopPlace:61387,Skogn stasjon,2026-09-07T13:35:00+02:00,2026-09-07T13:35:00+02:00,,0.0,0,Steinkjer,SJN:Line:26,Trønderbanen,R70,rail,SJN:ServiceJourney:435-SOeB_56064-R,False,planned,False,,,,,2026-09-07T15:44:36.205822+02:00
NSR:StopPlace:61305,Degerfors station,2026-09-07T12:29:00+02:00,2026-09-07T12:29:00+02:00,,0.0,0,Karlstad-Oslo,SJV:Line:cfac9102-49ef-476c-8663-a6d468ee4f36,Stockholm-Hallsberg-Karlstad-Oslo,70,rail,SJV:ServiceJourney:f2b2b57f-f7b6-4450-a850-86a4a67348f8,False,planned,False,,,,,2026-09-07T15:44:36.205822+02:00
NSR:StopPlace:61305,Degerfors station,2026-09-07T15:10:00+02:00,2026-09-07T15:10:00+02:00,,0.0,0,Stockholm,SJV:Line:cfac9102-49ef-476c-8663-a6d468ee4f36,Stockholm-Hallsberg-Karlstad-Oslo,70,rail,SJV:ServiceJourney:e9543df4-7d92-4e69-aa6d-58fd16dc4d35,False,planned,False,,,,,2026-09-07T15:44:36.205822+02:00
NSR:StopPlace:61301,Movatn stasjon,2026-09-07T12:27:00+02:00,2026-09-07T12:27:00+02:00,,0.0,0,Nydalen,VYG:Line:R31,Skøyen-Jaren-Gjøvik,R31,rail,VYG:ServiceJourney:BUS-280_655620-R,False,planned,False,,,,,2026-09-07T15:44:36.205822+02:00
NSR:StopPlace:61301,Movatn stasjon,2026-09-07T13:27:00+02:00,2026-09-07T13:27:00+02:00,,0.0,0,Nydalen,VYG:Line:R31,Skøyen-Jaren-Gjøvik,R31,rail,VYG:ServiceJourney:BUS-282_655626-R,False,planned,False,,,,,2026-09-07T15:44:36.205822+02:00
NSR:StopPlace:61301,Movatn stasjon,2026-09-07T16:27:00+02:00,2026-09-07T16:27:00+02:00,,0.0,0,Nydalen,VYG:Line:R31,Skøyen-Jaren-Gjøvik,R31,rail,VYG:ServiceJourney:BUS-288_655644-R,False,planned,False,,,,,2026-09-07T15:44:36.205822+02:00
NSR:StopPlace:61315,Nerdrum stasjon,2026-09-07T12:20:00+02:00,2026-09-07T12:20:00+02:00,,0.0,0,Kongsvinger,VYG:Line:R14,Asker-Oslo S-Kongsvinger,R14,rail,VYG:ServiceJourney:1015_442921-R,False,planned,False,,,,,2026-09-07T15:44:36.205822+02:00
NSR:StopPlace:61315,Nerdrum stasjon,2026-09-07T12:38:00+02:00,2026-09-07T12:38:00+02:00,,0.0,0,Asker,VYG:Line:R14,Asker-Oslo S-Kongsvinger,R14,rail,VYG:ServiceJourney:1016_442922-R,False,planned,False,,,,,2026-09-07T15:44:36.205822+02:00
NSR:StopPlace:61315,Nerdrum stasjon,2026-09-07T13:20:00+02:00,2026-09-07T13:20:00+02:00,,0.0,0,Kongsvinger,VYG:Line:R14,Asker-Oslo S-Kongsvinger,R14,rail,VYG:ServiceJourney:1017_442923-R,False,planned,False,,,,,2026-09-07T15:44:36.205822+02:00
NSR:StopPlace:61315,Nerdrum stasjon,2026-09-07T13:38:00+02:00,2026-09-07T13:38:00+02:00,,0.0,0,Asker,VYG:Line:R14,Asker-Oslo S-Kongsvinger,R14,rail,VYG:ServiceJourney:1018_442925-R,False,planned,False,,,,,2026-09-07T15:44:36.205822+02:00
NSR:StopPlace:61696,Lunden stasjon,2026-09-07T12:13:00+02:00,2026-09-07T12:13:00+02:00,,0.0,0,Myrdal,VYG:Line:R45,Myrdal-Flåm,R45,rail,VYG:ServiceJourney:1858_465777-R,False,planned,False,,,,,2026-09-07T15:44:36.205822+02:00
NSR:StopPlace:61696,Lunden stasjon,2026-09-07T12:58:00+02:00,2026-09-07T12:58:00+02:00,,0.0,0,Flåm,VYG:Line:R45,Myrdal-Flåm,R45,rail,VYG:ServiceJourney:1857_465776-R,False,planned,False,,,,,2026-09-07T15:44:36.205822+02:00
NSR:StopPlace:61696,Lunden stasjon,2026-09-07T14:16:00+02:00,2026-09-07T14:16:00+02:00,,0.0,0,Flåm,VYG:Line:R45,Myrdal-Flåm,R45,rail,VYG:ServiceJourney:1859_465778-R,False,planned,False,,,,,2026-09-07T15:44:36.205822+02:00
NSR:StopPlace:61696,Lunden stasjon,2026-09-07T14:58:00+02:00,2026-09-07T14:58:00+02:00,,0.0,0,Undredal,SKY:Line:851,Undredal-Aurland,851,bus,SKY:ServiceJourney:851-204958-20482879,False,planned,False,,,,,2026-09-07T15:44:36.205822+02:00
NSR:StopPlace:61707,Jevnaker stasjon,2026-09-07T12:12:00+02:00,2026-09-07T12:12:00+02:00,,0.0,0,Jevnaker via Grymyr,INN:Line:453,Brandbu-Grymyr-Jevnaker,453,bus,INN:ServiceJourney:84284,False,planned,False,,,,,2026-09-07T15:44:36.205822+02:00
NSR:StopPlace:61707,Jevnaker stasjon,2026-09-07T12:21:00+02:00,2026-09-07T12:21:00+02:00,,0.0,0,Brandbu via Grymyr,INN:Line:453,Brandbu-Grymyr-Jevnaker,453,bus,INN:ServiceJourney:84293,False,planned,False,,,,,2026-09-07T15:44:36.205822+02:00
NSR:StopPlace:61707,Jevnaker stasjon,2026-09-07T12:32:00+02:00,2026-09-07T12:32:00+02:00,,0.0,0,Gran via Kalvsjø - Lunner,INN:Line:452,Gran-Lunner-Olimb-Jevnaker,452,bus,INN:ServiceJourney:71437,False,planned,False,,,,,2026-09-07T15:44:36.205822+02:00
NSR:StopPlace:61707,Jevnaker stasjon,2026-09-07T12:49:00+02:00,2026-09-07T12:49:00+02:00,,0.0,0,Jevnaker,INN:Line:452,Gran-Lunner-Olimb-Jevnaker,452,bus,INN:ServiceJourney:71409,False,planned,False,,,,,2026-09-07T15:44:36.205822+02:00
NSR:StopPlace:61707,Jevnaker stasjon,2026-09-07T13:02:00+02:00,2026-09-07T13:02:00+02:00,,0.0,0,Nesbakken-Sogn,INN:Line:451,Gran-Lunner-Grindvoll-Jevnaker,451,bus,INN:ServiceJourney:71492,False,planned,False,,,,,2026-09-07T15:44:36.205822+02:00
NSR:StopPlace:61707,Jevnaker stasjon,2026-09-07T13:06:00+02:00,2026-09-07T13:06:00+02:00,,0.0,0,Nesbakken-Sogn,INN:Line:451,Gran-Lunner-Grindvoll-Jevnaker,451,bus,INN:ServiceJourney:71514,False,planned,False,,,,,2026-09-07T15:44:36.205822+02:00
NSR:StopPlace:61707,Jevnaker stasjon,2026-09-07T13:26:00+02:00,2026-09-07T13:26:00+02:00,,0.0,0,Lunner rådhus via Grindvoll,INN:Line:451,Gran-Lunner-Grindvoll-Jevnaker,451,bus,INN:ServiceJourney:71516,False,planned,False,,,,,2026-09-07T15:44:36.205822+02:00
NSR:StopPlace:61707,Jevnaker stasjon,2026-09-07T13:32:00+02:00,2026-09-07T13:32:00+02:00,,0.0,0,Hønefoss over Eggemoen,INN:Line:113,Toso-Jevnaker-Hønefoss,113,bus,INN:ServiceJourney:70984,False,planned,False,,,,,2026-09-07T15:44:36.205822+02:00
NSR:StopPlace:61707,Jevnaker stasjon,2026-09-07T14:13:00+02:00,2026-09-07T14:13:00+02:00,,0.0,0,Jevnaker ekspress,INN:Line:452,Gran-Lunner-Olimb-Jevnaker,452,bus,INN:ServiceJourney:71413,False,planned,False,,,,,2026-09-07T15:44:36.205822+02:00
NSR:StopPlace:61707,Jevnaker stasjon,2026-09-07T14:20:00+02:00,2026-09-07T14:20:00+02:00,,0.0,0,Jevnaker,INN:Line:452,Gran-Lunner-Olimb-Jevnaker,452,bus,INN:ServiceJourney:71412,False,planned,False,,,,,2026-09-07T15:44:36.205822+02:00
NSR:StopPlace:61707,Jevnaker stasjon,2026-09-07T16:11:00+02:00,2026-09-07T16:11:00+02:00,,0.0,0,Bergermoen,INN:Line:451,Gran-Lunner-Grindvoll-Jevnaker,451,bus,INN:ServiceJourney:71505,False,planned,False,,,,,2026-09-07T15:44:36.205822+02:00
NSR:StopPlace:61707,Jevnaker stasjon,2026-09-07T16:12:00+02:00,2026-09-07T16:12:00+02:00,,0.0,0,Gran via Kalvsjø - Lunner,INN:Line:452,Gran-Lunner-Olimb-Jevnaker,452,bus,INN:ServiceJourney:71453,False,planned,False,,,,,2026-09-07T15:44:36.205822+02:00
NSR:StopPlace:61707,Jevnaker stasjon,2026-09-07T16:16:00+02:00,2026-09-07T16:16:00+02:00,,0.0,0,Brandbu via Grymyr,INN:Line:453,Brandbu-Grymyr-Jevnaker,453,bus,INN:ServiceJourney:84297,False,planned,False,,,,,2026-09-07T15:44:36.205822+02:00
NSR:StopPlace:71,Hallingskeid stasjon,2026-09-07T12:30:00+02:00,2026-09-07T12:30:00+02:00,,0.0,0,Geilo,VYG:Line:R40,Bergen-Voss-Myrdal-Ål,R40,rail,VYG:ServiceJourney:1810_465743-R,False,planned,False,,,,,2026-09-07T15:44:36.205822+02:00
NSR:StopPlace:45,Reinunga stasjon,2026-09-07T12:12:00+02:00,2026-09-07T12:12:00+02:00,,0.0,0,Flåm,VYG:Line:R45,Myrdal-Flåm,R45,rail,VYG:ServiceJourney:1857_465776-R,False,planned,False,,,,,2026-09-07T15:44:36.205822+02:00
NSR:StopPlace:45,Reinunga stasjon,2026-09-07T13:01:00+02:00,2026-09-07T13:01:00+02:00,,0.0,0,Myrdal,VYG:Line:R45,Myrdal-Flåm,R45,rail,VYG:ServiceJourney:1858_465777-R,False,planned,False,,,,,2026-09-07T15:44:36.205822+02:00
NSR:StopPlace:45,Reinunga stasjon,2026-09-07T13:30:00+02:00,2026-09-07T13:30:00+02:00,,0.0,0,Flåm,VYG:Line:R45,Myrdal-Flåm,R45,rail,VYG:ServiceJourney:1859_465778-R,False,planned,False,,,,,2026-09-07T15:44:36.205822+02:00
NSR:StopPlace:53,Røros stasjon,2026-09-07T16:23:00+02:00,2026-09-07T16:23:00+02:00,,0.0,0,Hamar,SJN:Line:25,Rørosbanen,R60,rail,SJN:ServiceJourney:2390_37668-R,False,planned,False,,,,,2026-09-07T15:44:36.205822+02:00
NSR:StopPlace:33,Ranheim stasjon,2026-09-07T12:29:00+02:00,2026-09-07T12:29:00+02:00,,0.0,0,Ler,SJN:Line:26,Trønderbanen,R70,rail,SJN:ServiceJourney:432_56061-R,False,planned,False,,,,,2026-09-07T15:44:36.205822+02:00
NSR:StopPlace:33,Ranheim stasjon,2026-09-07T12:29:00+02:00,2026-09-07T12:29:00+02:00,,0.0,0,Steinkjer,SJN:Line:26,Trønderbanen,R70,rail,SJN:ServiceJourney:435-SOeB_56064-R,False,planned,False,,,,,2026-09-07T15:44:36.205822+02:00
NSR:StopPlace:33,Ranheim stasjon,2026-09-07T13:29:00+02:00,2026-09-07T13:29:00+02:00,,0.0,0,Melhus skysstasjon,SJN:Line:26,Trønderbanen,R70,rail,SJN:ServiceJourney:434-STK_56063-R,False,planned,False,,,,,2026-09-07T15:44:36.205822+02:00
NSR:StopPlace:41,Hanaborg stasjon,2026-09-07T11:46:00+02:00,2026-09-07T11:46:00+02:00,,0.0,0,Lillestrøm,VYG:Line:L1,Spikkestad-Oslo S-Lillestrøm,L1,rail,VYG:ServiceJourney:2126_443532-R,False,planned,False,,,,,2026-09-07T15:44:36.205822+02:00
NSR:StopPlace:41,Hanaborg stasjon,2026-09-07T11:49:00+02:00,2026-09-07T11:49:00+02:00,,0.0,0,Spikkestad,VYG:Line:L1,Spikkestad-Oslo S-Lillestrøm,L1,rail,VYG:ServiceJourney:2229_443630-R,False,planned,False,,,,,2026-09-07T15:44:36.205822+02:00
NSR:StopPlace:41,Hanaborg stasjon,2026-09-07T12:01:00+02:00,2026-09-07T12:01:00+02:00,,0.0,0,Lillestrøm,VYG:Line:L1,Spikkestad-Oslo S-Lillestrøm,L1,rail,VYG:ServiceJourney:2228_445323-R,False,planned,False,,,,,2026-09-07T15:44:36.205822+02:00
NSR:StopPlace:41,Hanaborg stasjon,2026-09-07T12:04:00+02:00,2026-09-07T12:04:00+02:00,,0.0,0,Asker,VYG:Line:L1,Spikkestad-Oslo S-Lillestrøm,L1,rail,VYG:ServiceJourney:2129_443535-R,False,planned,False,,,,,2026-09-07T15:44:36.205822+02:00
NSR:StopPlace:41,Hanaborg stasjon,2026-09-07T12:16:00+02:00,2026-09-07T12:16:00+02:00,,0.0,0,Lillestrøm,VYG:Line:L1,Spikkestad-Oslo S-Lillestrøm,L1,rail,VYG:ServiceJourney:2128_443534-R,False,planned,False,,,,,2026-09-07T15:44:36.205822+02:00
NSR:StopPlace:41,Hanaborg stasjon,2026-09-07T12:19:00+02:00,2026-09-07T12:19:00+02:00,,0.0,0,Spikkestad,VYG:Line:L1,Spikkestad-Oslo S-Lillestrøm,L1,rail,VYG:ServiceJourney:2231_443635-R,False,planned,False,,,,,2026-09-07T15:44:36.205822+02:00
NSR:StopPlace:41,Hanaborg stasjon,2026-09-07T12:31:00+02:00,2026-09-07T12:31:00+02:00,,0.0,0,Lillestrøm,VYG:Line:L1,Spikkestad-Oslo S-Lillestrøm,L1,rail,VYG:ServiceJourney:2230_443633-R,False,planned,False,,,,,2026-09-07T15:44:36.205822+02:00
NSR:StopPlace:41,Hanaborg stasjon,2026-09-07T12:34:00+02:00,2026-09-07T12:34:00+02:00,,0.0,0,Asker,VYG:Line:L1,Spikkestad-Oslo S-Lillestrøm,L1,rail,VYG:ServiceJourney:2131_443538-R,False,planned,False,,,,,2026-09-07T15:44:36.205822+02:00
NSR:StopPlace:41,Hanaborg stasjon,2026-09-07T12:46:00+02:00,2026-09-07T12:46:00+02:00,,0.0,0,Lillestrøm,VYG:Line:L1,Spikkestad-Oslo S-Lillestrøm,L1,rail,VYG:ServiceJourney:2130_443537-R,False,planned,False,,,,,2026-09-07T15:44:36.205822+02:00
NSR:StopPlace:41,Hanaborg stasjon,2026-09-07T12:49:00+02:00,2026-09-07T12:49:00+02:00,,0.0,0,Spikkestad,VYG:Line:L1,Spikkestad-Oslo S-Lillestrøm,L1,rail,VYG:ServiceJourney:2233_443638-R,False,planned,False,,,,,2026-09-07T15:44:36.205822+02:00
NSR:StopPlace:41,Hanaborg stasjon,2026-09-07T13:01:00+02:00,2026-09-07T13:01:00+02:00,,0.0,0,Lillestrøm,VYG:Line:L1,Spikkestad-Oslo S-Lillestrøm,L1,rail,VYG:ServiceJourney:2232_445328-R,False,planned,False,,,,,2026-09-07T15:44:36.205822+02:00
NSR:StopPlace:41,Hanaborg stasjon,2026-09-07T13:04:00+02:00,2026-09-07T13:04:00+02:00,,0.0,0,Asker,VYG:Line:L1,Spikkestad-Oslo S-Lillestrøm,L1,rail,VYG:ServiceJourney:2133_443540-R,False,planned,False,,,,,2026-09-07T15:44:36.205822+02:00
NSR:StopPlace:41,Hanaborg stasjon,2026-09-07T13:16:00+02:00,2026-09-07T13:16:00+02:00,,0.0,0,Lillestrøm,VYG:Line:L1,Spikkestad-Oslo S-Lillestrøm,L1,rail,VYG:ServiceJourney:2132_443539-R,False,planned,False,Ta neste tog,Ta neste tog.,incident,normal,2026-09-07T15:44:36.205822+02:00
NSR:StopPlace:41,Hanaborg stasjon,2026-09-07T13:19:00+02:00,2026-09-07T13:19:00+02:00,,0.0,0,Spikkestad,VYG:Line:L1,Spikkestad-Oslo S-Lillestrøm,L1,rail,VYG:ServiceJourney:2235_443641-R,False,planned,False,,,,,2026-09-07T15:44:36.205822+02:00
NSR:StopPlace:41,Hanaborg stasjon,2026-09-07T13:31:00+02:00,2026-09-07T13:31:00+02:00,,0.0,0,Lillestrøm,VYG:Line:L1,Spikkestad-Oslo S-Lillestrøm,L1,rail,VYG:ServiceJourney:2234_443640-R,False,planned,False,,,,,2026-09-07T15:44:36.205822+02:00
NSR:StopPlace:41,Hanaborg stasjon,2026-09-07T13:34:00+02:00,2026-09-07T13:34:00+02:00,,0.0,0,Asker,VYG:Line:L1,Spikkestad-Oslo S-Lillestrøm,L1,rail,VYG:ServiceJourney:2135_443542-R,False,planned,False,,,,,2026-09-07T15:44:36.205822+02:00
NSR:StopPlace:41,Hanaborg stasjon,2026-09-07T13:46:00+02:00,2026-09-07T13:46:00+02:00,,0.0,0,Lillestrøm,VYG:Line:L1,Spikkestad-Oslo S-Lillestrøm,L1,rail,VYG:ServiceJourney:2134_443541-R,False,planned,False,,,,,2026-09-07T15:44:36.205822+02:00
NSR:StopPlace:41,Hanaborg stasjon,2026-09-07T14:01:00+02:00,2026-09-07T14:01:00+02:00,,0.0,0,Lillestrøm,VYG:Line:L1,Spikkestad-Oslo S-Lillestrøm,L1,rail,VYG:ServiceJourney:2236_443643-R,False,planned,False,,,,,2026-09-07T15:44:36.205822+02:00
NSR:StopPlace:41,Hanaborg stasjon,2026-09-07T14:16:00+02:00,2026-09-07T14:16:00+02:00,,0.0,0,Lillestrøm,VYG:Line:L1,Spikkestad-Oslo S-Lillestrøm,L1,rail,VYG:ServiceJourney:2136_443543-R,False,planned,False,,,,,2026-09-07T15:44:36.205822+02:00
NSR:StopPlace:61872,Nærbø stasjon,2026-09-07T11:52:00+02:00,2026-09-07T11:52:00+02:00,,0.0,0,Stavanger,GOA:Line:59,Jærbanen,L5,rail,GOA:ServiceJourney:3029_63065-R,False,planned,False,,,,,2026-09-07T15:44:36.205822+02:00
NSR:StopPlace:61872,Nærbø stasjon,2026-09-07T12:17:00+02:00,2026-09-07T12:17:00+02:00,,0.0,0,Stavanger,GOA:Line:59,Jærbanen,L5,rail,GOA:ServiceJourney:3031_63068-R,False,planned,False,,,,,2026-09-07T15:44:36.205822+02:00
NSR:StopPlace:61872,Nærbø stasjon,2026-09-07T12:33:00+02:00,2026-09-07T12:33:00+02:00,,0.0,0,Egersund,GOA:Line:59,Jærbanen,L5,rail,GOA:ServiceJourney:3032_63069-R,False,planned,False,,,,,2026-09-07T15:44:36.205822+02:00
NSR:StopPlace:61872,Nærbø stasjon,2026-09-07T12:50:00+02:00,2026-09-07T12:50:00+02:00,,0.0,0,Stavanger,GOA:Line:59,Jærbanen,L5,rail,GOA:ServiceJourney:3033_63070-R,False,planned,False,,,,,2026-09-07T15:44:36.205822+02:00
NSR:StopPlace:61872,Nærbø stasjon,2026-09-07T13:17:00+02:00,2026-09-07T13:17:00+02:00,,0.0,0,Stavanger,GOA:Line:59,Jærbanen,L5,rail,GOA:ServiceJourney:3035_63072-R,False,planned,False,,,,,2026-09-07T15:44:36.205822+02:00
NSR:StopPlace:61872,Nærbø stasjon,2026-09-07T13:33:00+02:00,2026-09-07T13:33:00+02:00,,0.0,0,Egersund,GOA:Line:59,Jærbanen,L5,rail,GOA:ServiceJourney:3036_63073-R,False,planned,False,,,,,2026-09-07T15:44:36.205822+02:00
NSR:StopPlace:61872,Nærbø stasjon,2026-09-07T13:49:00+02:00,2026-09-07T13:49:00+02:00,,0.0,0,Stavanger,GOA:Line:59,Jærbanen,L5,rail,GOA:ServiceJourney:3037_63074-R,False,planned,False,,,,,2026-09-07T15:44:36.205822+02:00
NSR:StopPlace:61872,Nærbø stasjon,2026-09-07T14:04:00+02:00,2026-09-07T14:04:00+02:00,,0.0,0,Egersund,GOA:Line:59,Jærbanen,L5,rail,GOA:ServiceJourney:3038_63076-R,False,planned,False,,,,,2026-09-07T15:44:36.205822+02:00
NSR:StopPlace:61872,Nærbø stasjon,2026-09-07T16:22:00+02:00,2026-09-07T16:22:00+02:00,,0.0,0,Stavanger,GOA:Line:59,Jærbanen,L5,rail,GOA:ServiceJourney:3047_63092-R,False,planned,False,,,,,2026-09-07T15:44:36.205822+02:00
NSR:StopPlace:61897,Bryn stasjon,2026-09-07T11:45:00+02:00,2026-09-07T11:45:00+02:00,,0.0,0,Lillestrøm,VYG:Line:L1,Spikkestad-Oslo S-Lillestrøm,L1,rail,VYG:ServiceJourney:2228_445323-R,False,planned,False,,,,,2026-09-07T15:44:36.205822+02:00
NSR:StopPlace:61897,Bryn stasjon,2026-09-07T11:50:00+02:00,2026-09-07T11:50:00+02:00,,0.0,0,Asker,VYG:Line:L1,Spikkestad-Oslo S-Lillestrøm,L1,rail,VYG:ServiceJourney:2127_443533-R,False,planned,False,,,,,2026-09-07T15:44:36.205822+02:00
NSR:StopPlace:61897,Bryn stasjon,2026-09-07T12:00:00+02:00,2026-09-07T12:00:00+02:00,,0.0,0,Lillestrøm,VYG:Line:L1,Spikkestad-Oslo S-Lillestrøm,L1,rail,VYG:ServiceJourney:2128_443534-R,False,planned,False,,,,,2026-09-07T15:44:36.205822+02:00
NSR:StopPlace:61897,Bryn stasjon,2026-09-07T12:05:00+02:00,2026-09-07T12:05:00+02:00,,0.0,0,Spikkestad,VYG:Line:L1,Spikkestad-Oslo S-Lillestrøm,L1,rail,VYG:ServiceJourney:2229_443630-R,False,planned,False,,,,,2026-09-07T15:44:36.205822+02:00
NSR:StopPlace:61897,Bryn stasjon,2026-09-07T12:15:00+02:00,2026-09-07T12:15:00+02:00,,0.0,0,Lillestrøm,VYG:Line:L1,Spikkestad-Oslo S-Lillestrøm,L1,rail,VYG:ServiceJourney:2230_443633-R,False,planned,False,,,,,2026-09-07T15:44:36.205822+02:00
NSR:StopPlace:61897,Bryn stasjon,2026-09-07T12:20:00+02:00,2026-09-07T12:20:00+02:00,,0.0,0,Asker,VYG:Line:L1,Spikkestad-Oslo S-Lillestrøm,L1,rail,VYG:ServiceJourney:2129_443535-R,False,planned,False,,,,,2026-09-07T15:44:36.205822+02:00
NSR:StopPlace:61897,Bryn stasjon,2026-09-07T12:30:00+02:00,2026-09-07T12:30:00+02:00,,0.0,0,Lillestrøm,VYG:Line:L1,Spikkestad-Oslo S-Lillestrøm,L1,rail,VYG:ServiceJourney:2130_443537-R,False,planned,False,,,,,2026-09-07T15:44:36.205822+02:00
NSR:StopPlace:61897,Bryn stasjon,2026-09-07T12:35:00+02:00,2026-09-07T12:35:00+02:00,,0.0,0,Spikkestad,VYG:Line:L1,Spikkestad-Oslo S-Lillestrøm,L1,rail,VYG:ServiceJourney:2231_443635-R,False,planned,False,,,,,2026-09-07T15:44:36.205822+02:00
NSR:StopPlace:61897,Bryn stasjon,2026-09-07T12:45:00+02:00,2026-09-07T12:45:00+02:00,,0.0,0,Lillestrøm,VYG:Line:L1,Spikkestad-Oslo S-Lillestrøm,L1,rail,VYG:ServiceJourney:2232_445328-R,False,planned,False,,,,,2026-09-07T15:44:36.205822+02:00
NSR:StopPlace:61897,Bryn stasjon,2026-09-07T12:50:00+02:00,2026-09-07T12:50:00+02:00,,0.0,0,Asker,VYG:Line:L1,Spikkestad-Oslo S-Lillestrøm,L1,rail,VYG:ServiceJourney:2131_443538-R,False,planned,False,,,,,2026-09-07T15:44:36.205822+02:00
NSR:StopPlace:61897,Bryn stasjon,2026-09-07T13:00:00+02:00,2026-09-07T13:00:00+02:00,,0.0,0,Lillestrøm,VYG:Line:L1,Spikkestad-Oslo S-Lillestrøm,L1,rail,VYG:ServiceJourney:2132_443539-R,False,planned,False,Ta neste tog,Ta neste tog.,incident,normal,2026-09-07T15:44:36.205822+02:00
NSR:StopPlace:61897,Bryn stasjon,2026-09-07T13:05:00+02:00,2026-09-07T13:05:00+02:00,,0.0,0,Spikkestad,VYG:Line:L1,Spikkestad-Oslo S-Lillestrøm,L1,rail,VYG:ServiceJourney:2233_443638-R,False,planned,False,,,,,2026-09-07T15:44:36.205822+02:00
NSR:StopPlace:61897,Bryn stasjon,2026-09-07T13:15:00+02:00,2026-09-07T13:15:00+02:00,,0.0,0,Lillestrøm,VYG:Line:L1,Spikkestad-Oslo S-Lillestrøm,L1,rail,VYG:ServiceJourney:2234_443640-R,False,planned,False,,,,,2026-09-07T15:44:36.205822+02:00
NSR:StopPlace:61897,Bryn stasjon,2026-09-07T13:20:00+02:00,2026-09-07T13:20:00+02:00,,0.0,0,Asker,VYG:Line:L1,Spikkestad-Oslo S-Lillestrøm,L1,rail,VYG:ServiceJourney:2133_443540-R,False,planned,False,,,,,2026-09-07T15:44:36.205822+02:00
NSR:StopPlace:61897,Bryn stasjon,2026-09-07T13:30:00+02:00,2026-09-07T13:30:00+02:00,,0.0,0,Lillestrøm,VYG:Line:L1,Spikkestad-Oslo S-Lillestrøm,L1,rail,VYG:ServiceJourney:2134_443541-R,False,planned,False,,,,,2026-09-07T15:44:36.205822+02:00
NSR:StopPlace:61897,Bryn stasjon,2026-09-07T13:35:00+02:00,2026-09-07T13:35:00+02:00,,0.0,0,Spikkestad,VYG:Line:L1,Spikkestad-Oslo S-Lillestrøm,L1,rail,VYG:ServiceJourney:2235_443641-R,False,planned,False,,,,,2026-09-07T15:44:36.205822+02:00
NSR:StopPlace:61897,Bryn stasjon,2026-09-07T13:45:00+02:00,2026-09-07T13:45:00+02:00,,0.0,0,Lillestrøm,VYG:Line:L1,Spikkestad-Oslo S-Lillestrøm,L1,rail,VYG:ServiceJourney:2236_443643-R,False,planned,False,,,,,2026-09-07T15:44:36.205822+02:00
NSR:StopPlace:61897,Bryn stasjon,2026-09-07T13:50:00+02:00,2026-09-07T13:50:00+02:00,,0.0,0,Asker,VYG:Line:L1,Spikkestad-Oslo S-Lillestrøm,L1,rail,VYG:ServiceJourney:2135_443542-R,False,planned,False,,,,,2026-09-07T15:44:36.205822+02:00
NSR:StopPlace:61897,Bryn stasjon,2026-09-07T14:00:00+02:00,2026-09-07T14:00:00+02:00,,0.0,0,Lillestrøm,VYG:Line:L1,Spikkestad-Oslo S-Lillestrøm,L1,rail,VYG:ServiceJourney:2136_443543-R,False,planned,False,,,,,2026-09-07T15:44:36.205822+02:00
NSR:StopPlace:61928,Blomheller stasjon,2026-09-07T12:33:00+02:00,2026-09-07T12:33:00+02:00,,0.0,0,Flåm,VYG:Line:R45,Myrdal-Flåm,R45,rail,VYG:ServiceJourney:1857_465776-R,False,planned,False,,,,,2026-09-07T15:44:36.205822+02:00
NSR:StopPlace:61928,Blomheller stasjon,2026-09-07T12:43:00+02:00,2026-09-07T12:43:00+02:00,,0.0,0,Myrdal,VYG:Line:R45,Myrdal-Flåm,R45,rail,VYG:ServiceJourney:1858_465777-R,False,planned,False,,,,,2026-09-07T15:44:36.205822+02:00
NSR:StopPlace:61928,Blomheller stasjon,2026-09-07T13:51:00+02:00,2026-09-07T13:51:00+02:00,,0.0,0,Flåm,VYG:Line:R45,Myrdal-Flåm,R45,rail,VYG:ServiceJourney:1859_465778-R,False,planned,False,,,,,2026-09-07T15:44:36.205822+02:00
NSR:StopPlace:61926,Håreina stasjon,2026-09-07T12:16:00+02:00,2026-09-07T12:16:00+02:00,,0.0,0,Myrdal,VYG:Line:R45,Myrdal-Flåm,R45,rail,VYG:ServiceJourney:1858_465777-R,False,planned,False,,,,,2026-09-07T15:44:36.205822+02:00
NSR:StopPlace:61926,Håreina stasjon,2026-09-07T12:54:00+02:00,2026-09-07T12:54:00+02:00,,0.0,0,Flåm,VYG:Line:R45,Myrdal-Flåm,R45,rail,VYG:ServiceJourney:1857_465776-R,False,planned,False,,,,,2026-09-07T15:44:36.205822+02:00
NSR:StopPlace:61926,Håreina stasjon,2026-09-07T14:12:00+02:00,2026-09-07T14:12:00+02:00,,0.0,0,Flåm,VYG:Line:R45,Myrdal-Flåm,R45,rail,VYG:ServiceJourney:1859_465778-R,False,planned,False,,,,,2026-09-07T15:44:36.205822+02:00
NSR:StopPlace:61927,Berekvam stasjon,2026-09-07T12:40:00+02:00,2026-09-07T12:40:00+02:00,,0.0,0,Flåm,VYG:Line:R45,Myrdal-Flåm,R45,rail,VYG:ServiceJourney:1857_465776-R,False,planned,False,,,,,2026-09-07T15:44:36.205822+02:00
NSR:StopPlace:61927,Berekvam stasjon,2026-09-07T13:58:00+02:00,2026-09-07T13:58:00+02:00,,0.0,0,Flåm,VYG:Line:R45,Myrdal-Flåm,R45,rail,VYG:ServiceJourney:1859_465778-R,False,planned,False,,,,,2026-09-07T15:44:36.205822+02:00
NSR:StopPlace:61735,Hell stasjon,2026-09-07T11:50:00+02:00,2026-09-07T11:50:00+02:00,,0.0,0,Steinkjer,SJN:Line:26,Trønderbanen,R70,rail,SJN:ServiceJourney:433_56062-R,False,planned,False,,,,,2026-09-07T15:44:36.205822+02:00
NSR:StopPlace:61735,Hell stasjon,2026-09-07T12:06:00+02:00,2026-09-07T12:06:00+02:00,,0.0,0,Ler,SJN:Line:26,Trønderbanen,R70,rail,SJN:ServiceJourney:432_56061-R,False,planned,False,,,,,2026-09-07T15:44:36.205822+02:00
NSR:StopPlace:61735,Hell stasjon,2026-09-07T12:50:00+02:00,2026-09-07T12:50:00+02:00,,0.0,0,Steinkjer,SJN:Line:26,Trønderbanen,R70,rail,SJN:ServiceJourney:435-SOeB_56064-R,False,planned,False,,,,,2026-09-07T15:44:36.205822+02:00
NSR:StopPlace:61735,Hell stasjon,2026-09-07T13:06:00+02:00,2026-09-07T13:06:00+02:00,,0.0,0,Melhus skysstasjon,SJN:Line:26,Trønderbanen,R70,rail,SJN:ServiceJourney:434-STK_56063-R,False,planned,False,,,,,2026-09-07T15:44:36.205822+02:00
NSR:StopPlace:59789,Skotbu stasjon,2026-09-07T12:22:00+02:00,2026-09-07T12:22:00+02:00,,0.0,0,Rakkestad,VYG:Line:R22,Skøyen-Oslo S-Mysen-Rakkestad,R22,rail,VYG:ServiceJourney:1915_443457-R,False,planned,False,,,,,2026-09-07T15:44:36.205822+02:00
NSR:StopPlace:59789,Skotbu stasjon,2026-09-07T12:32:00+02:00,2026-09-07T12:32:00+02:00,,0.0,0,Oslo S,VYG:Line:R22,Skøyen-Oslo S-Mysen-Rakkestad,R22,rail,VYG:ServiceJourney:1918_673806-R,False,planned,False,,,,,2026-09-07T15:44:36.205822+02:00
NSR:StopPlace:59789,Skotbu stasjon,2026-09-07T13:22:00+02:00,2026-09-07T13:22:00+02:00,,0.0,0,Rakkestad,VYG:Line:R22,Skøyen-Oslo S-Mysen-Rakkestad,R22,rail,VYG:ServiceJourney:1917_443460-R,False,planned,False,,,,,2026-09-07T15:44:36.205822+02:00
NSR:StopPlace:59789,Skotbu stasjon,2026-09-07T13:32:00+02:00,2026-09-07T13:32:00+02:00,,0.0,0,Oslo S,VYG:Line:R22,Skøyen-Oslo S-Mysen-Rakkestad,R22,rail,VYG:ServiceJourney:1920_443466-R,False,planned,False,,,,,2026-09-07T15:44:36.205822+02:00
NSR:StopPlace:59872,Oslo S,2026-09-07T11:46:00+02:00,2026-09-07T11:46:00+02:00,,0.0,0,Karlstad-Stockholm,SJV:Line:cfac9102-49ef-476c-8663-a6d468ee4f36,Stockholm-Hallsberg-Karlstad-Oslo,70,rail,SJV:ServiceJourney:e9543df4-7d92-4e69-aa6d-58fd16dc4d35,False,planned,False,,,,,2026-09-07T15:44:36.205822+02:00
NSR:StopPlace:59872,Oslo S,2026-09-07T11:46:00+02:00,2026-09-07T11:46:00+02:00,,0.0,0,Ski,VYG:Line:L2,Stabekk-Oslo S-Ski,L2,rail,VYG:ServiceJourney:2727-HVK_443934-R,False,planned,False,,,,,2026-09-07T15:44:36.205822+02:00
NSR:StopPlace:59872,Oslo S,2026-09-07T11:47:00+02:00,2026-09-07T11:47:00+02:00,,0.0,0,Stabekk,VYG:Line:L2,Stabekk-Oslo S-Ski,L2,rail,VYG:ServiceJourney:2730-SKI_443938-R,False,planned,False,,,,,2026-09-07T15:44:36.205822+02:00
NSR:StopPlace:59872,Oslo S,2026-09-07T11:49:00+02:00,2026-09-07T11:49:00+02:00,,0.0,0,Drammen,VYG:Line:R13,Drammen-Oslo S-Dal,R13,rail,VYG:ServiceJourney:1626_443268-R,False,planned,False,,,,,2026-09-07T15:44:36.205822+02:00
NSR:StopPlace:59872,Oslo S,2026-09-07T11:50:00+02:00,2026-09-07T11:50:00+02:00,,0.0,0,Oslo Lufthavn,FLT:Line:FLY2,FLY2,FLY2,rail,FLT:ServiceJourney:1-2614-3541-20260907,False,planned,False,,,,,2026-09-07T15:44:36.205822+02:00
NSR:StopPlace:59872,Oslo S,2026-09-07T11:52:00+02:00,2026-09-07T11:52:00+02:00,,0.0,0,Moss,VYG:Line:R21,Stabekk-Oslo S-Moss,R21,rail,VYG:ServiceJourney:1127-HVK_443003-R,False,planned,False,,,,,2026-09-07T15:44:36.205822+02:00
NSR:StopPlace:59872,Oslo S,2026-09-07T11:54:00+02:00,2026-09-07T11:54:00+02:00,,0.0,0,Eidsvoll,VYG:Line:R12,Kongsberg-Oslo S-Eidsvoll,R12,rail,VYG:ServiceJourney:514_444312-R,False,planned,False,,,,,2026-09-07T15:44:36.205822+02:00
NSR:StopPlace:59872,Oslo S,2026-09-07T11:56:00+02:00,2026-09-07T11:56:00+02:00,,0.0,0,Lillestrøm,VYG:Line:L1,Spikkestad-Oslo S-Lillestrøm,L1,rail,VYG:ServiceJourney:2128_443534-R,False,planned,False,,,,,2026-09-07T15:44:36.205822+02:00
NSR:StopPlace:59872,Oslo S,2026-09-07T11:57:00+02:00,2026-09-07T11:57:00+02:00,,0.0,0,Asker,VYG:Line:L1,Spikkestad-Oslo S-Lillestrøm,L1,rail,VYG:ServiceJourney:2127_443533-R,False,planned,False,,,,,2026-09-07T15:44:36.205822+02:00
NSR:StopPlace:59872,Oslo S,2026-09-07T11:59:00+02:00,2026-09-07T11:59:00+02:00,,0.0,0,Asker,VYG:Line:R14,Asker-Oslo S-Kongsvinger,R14,rail,VYG:ServiceJourney:1014_442920-R,False,planned,False,,,,,2026-09-07T15:44:36.205822+02:00
NSR:StopPlace:59872,Oslo S,2026-09-07T12:00:00+02:00,2026-09-07T12:00:00+02:00,,0.0,0,Rakkestad,VYG:Line:R22,Skøyen-Oslo S-Mysen-Rakkestad,R22,rail,VYG:ServiceJourney:1915_443457-R,False,planned,False,,,,,2026-09-07T15:44:36.205822+02:00
NSR:StopPlace:59872,Oslo S,2026-09-07T12:00:00+02:00,2026-09-07T12:00:00+02:00,,0.0,0,Oslo Lufthavn,FLT:Line:FLY1,FLY1,FLY1,rail,FLT:ServiceJourney:1-2614-3745-20260907,False,planned,False,,,,,2026-09-07T15:44:36.205822+02:00
NSR:StopPlace:59872,Oslo S,2026-09-07T12:01:00+02:00,2026-09-07T12:01:00+02:00,,0.0,0,Ski,VYG:Line:L2,Stabekk-Oslo S-Ski,L2,rail,VYG:ServiceJourney:2827-BES_488369-R,False,planned,False,,,,,2026-09-07T15:44:36.205822+02:00
NSR:StopPlace:59872,Oslo S,2026-09-07T12:04:00+02:00,2026-09-07T12:04:00+02:00,,0.0,0,Kongsvinger,VYG:Line:R14,Asker-Oslo S-Kongsvinger,R14,rail,VYG:ServiceJourney:1015_442921-R,False,planned,False,,,,,2026-09-07T15:44:36.205822+02:00
NSR:StopPlace:59872,Oslo S,2026-09-07T12:06:00+02:00,2026-09-07T12:06:00+02:00,,0.0,0,Ski,VYG:Line:R23,Stabekk-Oslo S-Moss,R23,rail,VYG:ServiceJourney:1529_673587-R,False,planned,False,,,,,2026-09-07T15:44:36.205822+02:00
NSR:StopPlace:59872,Oslo S,2026-09-07T12:07:00+02:00,2026-09-07T12:07:00+02:00,,0.0,0,Stabekk,VYG:Line:R21,Stabekk-Oslo S-Moss,R21,rail,VYG:ServiceJourney:1130-MOS_443007-R,False,planned,False,,,,,2026-09-07T15:44:36.205822+02:00
NSR:StopPlace:59872,Oslo S,2026-09-07T12:09:00+02:00,2026-09-07T12:09:00+02:00,,0.0,0,Kongsberg,VYG:Line:R12,Kongsberg-Oslo S-Eidsvoll,R12,rail,VYG:ServiceJourney:515_444314-R,False,planned,False,,,,,2026-09-07T15:44:36.205822+02:00
NSR:StopPlace:59872,Oslo S,2026-09-07T12:10:00+02:00,2026-09-07T12:10:00+02:00,,0.0,0,Oslo Lufthavn,FLT:Line:FLY2,FLY2,FLY2,rail,FLT:ServiceJourney:1-2614-3543-20260907,False,planned,False,,,,,2026-09-07T15:44:36.205822+02:00
NSR:StopPlace:59872,Oslo S,2026-09-07T12:11:00+02:00,2026-09-07T12:11:00+02:00,,0.0,0,Spikkestad,VYG:Line:L1,Spikkestad-Oslo S-Lillestrøm,L1,rail,VYG:ServiceJourney:2229_443630-R,False,planned,False,,,,,2026-09-07T15:44:36.205822+02:00
NSR:StopPlace:59872,Oslo S,2026-09-07T12:11:00+02:00,2026-09-07T12:11:00+02:00,,0.0,0,Lillestrøm,VYG:Line:L1,Spikkestad-Oslo S-Lillestrøm,L1,rail,VYG:ServiceJourney:2230_443633-R,False,planned,False,,,,,2026-09-07T15:44:36.205822+02:00
NSR:StopPlace:59872,Oslo S,2026-09-07T12:14:00+02:00,2026-09-07T12:14:00+02:00,,0.0,0,Dal,VYG:Line:R13,Drammen-Oslo S-Dal,R13,rail,VYG:ServiceJourney:1629_481150-R,False,planned,False,,,,,2026-09-07T15:44:36.205822+02:00
NSR:StopPlace:59872,Oslo S,2026-09-07T12:16:00+02:00,2026-09-07T12:16:00+02:00,,0.0,0,Ski,VYG:Line:L2,Stabekk-Oslo S-Ski,L2,rail,VYG:ServiceJourney:2729-HVK_443936-R,False,planned,False,,,,,2026-09-07T15:44:36.205822+02:00
NSR:StopPlace:59872,Oslo S,2026-09-07T12:17:00+02:00,2026-09-07T12:17:00+02:00,,0.0,0,Stabekk,VYG:Line:L2,Stabekk-Oslo S-Ski,L2,rail,VYG:ServiceJourney:2732-SKI_443940-R,False,planned,False,,,,,2026-09-07T15:44:36.205822+02:00
NSR:StopPlace:59872,Oslo S,2026-09-07T12:19:00+02:00,2026-09-07T12:19:00+02:00,,0.0,0,Drammen,VYG:Line:R13,Drammen-Oslo S-Dal,R13,rail,VYG:ServiceJourney:1628_443272-R,False,planned,False,,,,,2026-09-07T15:44:36.205822+02:00
NSR:StopPlace:59872,Oslo S,2026-09-07T12:20:00+02:00,2026-09-07T12:20:00+02:00,,0.0,0,Oslo Lufthavn,FLT:Line:FLY1,FLY1,FLY1,rail,FLT:ServiceJourney:1-2614-3747-20260907,False,planned,False,,,,,2026-09-07T15:44:36.205822+02:00
NSR:StopPlace:59872,Oslo S,2026-09-07T12:22:00+02:00,2026-09-07T12:22:00+02:00,,0.0,0,Moss,VYG:Line:R21,Stabekk-Oslo S-Moss,R21,rail,VYG:ServiceJourney:1129-HVK_443005-R,False,planned,False,,,,,2026-09-07T15:44:36.205822+02:00
NSR:StopPlace:59872,Oslo S,2026-09-07T12:24:00+02:00,2026-09-07T12:24:00+02:00,,0.0,0,Eidsvoll,VYG:Line:RE11,Eidsvoll-Oslo S-Skien,RE11,rail,VYG:ServiceJourney:814_444394-R,False,planned,False,,,,,2026-09-07T15:44:36.205822+02:00
NSR:StopPlace:59872,Oslo S,2026-09-07T12:26:00+02:00,2026-09-07T12:26:00+02:00,,0.0,0,Lillestrøm,VYG:Line:L1,Spikkestad-Oslo S-Lillestrøm,L1,rail,VYG:ServiceJourney:2130_443537-R,False,planned,False,,,,,2026-09-07T15:44:36.205822+02:00
NSR:StopPlace:59872,Oslo S,2026-09-07T12:27:00+02:00,2026-09-07T12:27:00+02:00,,0.0,0,Asker,VYG:Line:L1,Spikkestad-Oslo S-Lillestrøm,L1,rail,VYG:ServiceJourney:2129_443535-R,False,planned,False,,,,,2026-09-07T15:44:36.205822+02:00
NSR:StopPlace:59872,Oslo S,2026-09-07T12:29:00+02:00,2026-09-07T12:29:00+02:00,,0.0,0,Drammen,VYG:Line:RE10,Drammen-Oslo S-Lillehammer,RE10,rail,VYG:ServiceJourney:314-LHM_444167-R,False,planned,False,,,,,2026-09-07T15:44:36.205822+02:00
NSR:StopPlace:59872,Oslo S,2026-09-07T12:30:00+02:00,2026-09-07T12:30:00+02:00,,0.0,0,Oslo Lufthavn,FLT:Line:FLY2,FLY2,FLY2,rail,FLT:ServiceJourney:1-2614-3923-20260907,False,planned,False,,,,,2026-09-07T15:44:36.205822+02:00
NSR:StopPlace:59872,Oslo S,2026-09-07T12:31:00+02:00,2026-09-07T12:31:00+02:00,,0.0,0,Skøyen,VYG:Line:L2,Stabekk-Oslo S-Ski,L2,rail,VYG:ServiceJourney:2832-SKI_488375-R,False,planned,False,,,,,2026-09-07T15:44:36.205822+02:00
NSR:StopPlace:59872,Oslo S,2026-09-07T12:31:00+02:00,2026-09-07T12:31:00+02:00,,0.0,0,Ski,VYG:Line:L2,Stabekk-Oslo S-Ski,L2,rail,VYG:ServiceJourney:2829_444047-R,False,planned,False,,,,,2026-09-07T15:44:36.205822+02:00
NSR:StopPlace:59872,Oslo S,2026-09-07T12:34:00+02:00,2026-09-07T12:34:00+02:00,,0.0,0,Roa,VYG:Line:RE30,Oslo S-Gjøvik,RE30,rail,VYG:ServiceJourney:BUS-1217_655035-R,False,planned,False,,,,,2026-09-07T15:44:36.205822+02:00
NSR:StopPlace:59872,Oslo S,2026-09-07T12:34:00+02:00,2026-09-07T12:34:00+02:00,,0.0,0,Roa,VYG:Line:RE30,Oslo S-Gjøvik,RE30,rail,VYG:ServiceJourney:BUS-1217_655034-R,False,planned,False,,,,,2026-09-07T15:44:36.205822+02:00
NSR:StopPlace:59872,Oslo S,2026-09-07T12:34:00+02:00,2026-09-07T12:34:00+02:00,,0.0,0,Roa,VYG:Line:RE30,Oslo S-Gjøvik,RE30,rail,VYG:ServiceJourney:BUS-1217_655036-R,False,planned,False,,,,,2026-09-07T15:44:36.205822+02:00
NSR:StopPlace:59872,Oslo S,2026-09-07T12:36:00+02:00,2026-09-07T12:36:00+02:00,,0.0,0,Ski,VYG:Line:R23,Stabekk-Oslo S-Moss,R23,rail,VYG:ServiceJourney:1531_443176-R,False,planned,False,,,,,2026-09-07T15:44:36.205822+02:00
NSR:StopPlace:59872,Oslo S,2026-09-07T12:37:00+02:00,2026-09-07T12:37:00+02:00,,0.0,0,Stabekk,VYG:Line:R21,Stabekk-Oslo S-Moss,R21,rail,VYG:ServiceJourney:1132-MOS_443009-R,False,planned,False,,,,,2026-09-07T15:44:36.205822+02:00
NSR:StopPlace:59872,Oslo S,2026-09-07T12:40:00+02:00,2026-09-07T12:40:00+02:00,,0.0,0,Oslo Lufthavn,FLT:Line:FLY1,FLY1,FLY1,rail,FLT:ServiceJourney:1-2614-3749-20260907,False,planned,False,,,,,2026-09-07T15:44:36.205822+02:00
NSR:StopPlace:59872,Oslo S,2026-09-07T12:41:00+02:00,2026-09-07T12:41:00+02:00,,0.0,0,Spikkestad,VYG:Line:L1,Spikkestad-Oslo S-Lillestrøm,L1,rail,VYG:ServiceJourney:2231_443635-R,False,planned,False,,,,,2026-09-07T15:44:36.205822+02:00
NSR:StopPlace:59872,Oslo S,2026-09-07T12:41:00+02:00,2026-09-07T12:41:00+02:00,,0.0,0,Lillestrøm,VYG:Line:L1,Spikkestad-Oslo S-Lillestrøm,L1,rail,VYG:ServiceJourney:2232_445328-R,False,planned,False,,,,,2026-09-07T15:44:36.205822+02:00
NSR:StopPlace:59872,Oslo S,2026-09-07T12:44:00+02:00,2026-09-07T12:44:00+02:00,,0.0,0,Dal,VYG:Line:R13,Drammen-Oslo S-Dal,R13,rail,VYG:ServiceJourney:1631_443278-R,False,planned,False,,,,,2026-09-07T15:44:36.205822+02:00
NSR:StopPlace:59872,Oslo S,2026-09-07T12:44:00+02:00,2026-09-07T12:44:00+02:00,,0.0,0,Hakadal,VYG:Line:R31,Skøyen-Jaren-Gjøvik,R31,rail,VYG:ServiceJourney:BUS-285_655633-R,False,planned,False,,,,,2026-09-07T15:44:36.205822+02:00
NSR:StopPlace:59872,Oslo S,2026-09-07T12:46:00+02:00,2026-09-07T12:46:00+02:00,,0.0,0,Ski,VYG:Line:L2,Stabekk-Oslo S-Ski,L2,rail,VYG:ServiceJourney:2731-HVK_443939-R,False,planned,False,,,,,2026-09-07T15:44:36.205822+02:00
NSR:StopPlace:59872,Oslo S,2026-09-07T12:47:00+02:00,2026-09-07T12:47:00+02:00,,0.0,0,Stabekk,VYG:Line:L2,Stabekk-Oslo S-Ski,L2,rail,VYG:ServiceJourney:2734-SKI_443942-R,False,planned,False,,,,,2026-09-07T15:44:36.205822+02:00
NSR:StopPlace:59872,Oslo S,2026-09-07T12:49:00+02:00,2026-09-07T12:49:00+02:00,,0.0,0,Drammen,VYG:Line:R13,Drammen-Oslo S-Dal,R13,rail,VYG:ServiceJourney:1630_443277-R,False,planned,False,,,,,2026-09-07T15:44:36.205822+02:00
NSR:StopPlace:59646,Høvik stasjon,2026-09-07T11:53:00+02:00,2026-09-07T11:53:00+02:00,,0.0,0,Lillestrøm,VYG:Line:L1,Spikkestad-Oslo S-Lillestrøm,L1,rail,VYG:ServiceJourney:2230_443633-R,False,planned,False,,,,,2026-09-07T15:44:36.205822+02:00
NSR:StopPlace:59646,Høvik stasjon,2026-09-07T11:56:00+02:00,2026-09-07T11:56:00+02:00,,0.0,0,Spikkestad,VYG:Line:L1,Spikkestad-Oslo S-Lillestrøm,L1,rail,VYG:ServiceJourney:2227_443627-R,False,planned,False,,,,,2026-09-07T15:44:36.205822+02:00
NSR:StopPlace:59646,Høvik stasjon,2026-09-07T12:00:00+02:00,2026-09-07T12:00:00+02:00,,0.0,0,Torpekspressen - Torp airport,UNI:Line:UE2,Oslo Bussterminal - Torp Lufhavn,FB25,bus,UNI:ServiceJourney:UE2-169968-47995522,False,planned,False,,,,,2026-09-07T15:44:36.205822+02:00
NSR:StopPlace:59646,Høvik stasjon,2026-09-07T12:07:00+02:00,2026-09-07T12:07:00+02:00,,0.0,0,Lillestrøm,VYG:Line:L1,Spikkestad-Oslo S-Lillestrøm,L1,rail,VYG:ServiceJourney:2130_443537-R,False,planned,False,,,,,2026-09-07T15:44:36.205822+02:00
NSR:StopPlace:59646,Høvik stasjon,2026-09-07T12:10:00+02:00,2026-09-07T12:10:00+02:00,,0.0,0,Asker,RUT:Line:270,Asker - Sandvika (- Fornebu),270,bus,RUT:ServiceJourney:5210a6aeb230f0f52bd0f9b3832d3ed4,False,planned,False,,,,,2026-09-07T15:44:36.205822+02:00
NSR:StopPlace:59646,Høvik stasjon,2026-09-07T12:12:00+02:00,2026-09-07T12:12:00+02:00,,0.0,0,Asker,VYG:Line:L1,Spikkestad-Oslo S-Lillestrøm,L1,rail,VYG:ServiceJourney:2127_443533-R,False,planned,False,,,,,2026-09-07T15:44:36.205822+02:00
NSR:StopPlace:59646,Høvik stasjon,2026-09-07T12:15:00+02:00,2026-09-07T12:15:00+02:00,,0.0,0,Torpekspressen - Torp airport,UNI:Line:UE2,Oslo Bussterminal - Torp Lufhavn,FB25,bus,UNI:ServiceJourney:UE2-169968-47995453,False,planned,False,,,,,2026-09-07T15:44:36.205822+02:00
NSR:StopPlace:59646,Høvik stasjon,2026-09-07T12:23:00+02:00,2026-09-07T12:23:00+02:00,,0.0,0,Lillestrøm,VYG:Line:L1,Spikkestad-Oslo S-Lillestrøm,L1,rail,VYG:ServiceJourney:2232_445328-R,False,planned,False,,,,,2026-09-07T15:44:36.205822+02:00
NSR:StopPlace:59646,Høvik stasjon,2026-09-07T12:26:00+02:00,2026-09-07T12:26:00+02:00,,0.0,0,Spikkestad,VYG:Line:L1,Spikkestad-Oslo S-Lillestrøm,L1,rail,VYG:ServiceJourney:2229_443630-R,False,planned,False,,,,,2026-09-07T15:44:36.205822+02:00
NSR:StopPlace:59646,Høvik stasjon,2026-09-07T12:37:00+02:00,2026-09-07T12:37:00+02:00,,0.0,0,Lillestrøm,VYG:Line:L1,Spikkestad-Oslo S-Lillestrøm,L1,rail,VYG:ServiceJourney:2132_443539-R,False,planned,False,Ta neste tog,Ta neste tog.,incident,normal,2026-09-07T15:44:36.205822+02:00
NSR:StopPlace:59646,Høvik stasjon,2026-09-07T12:40:00+02:00,2026-09-07T12:40:00+02:00,,0.0,0,Asker,RUT:Line:270,Asker - Sandvika (- Fornebu),270,bus,RUT:ServiceJourney:c15db9fc0ec79c7ebc4fc5b27935da86,False,planned,False,,,,,2026-09-07T15:44:36.205822+02:00
NSR:StopPlace:59646,Høvik stasjon,2026-09-07T12:42:00+02:00,2026-09-07T12:42:00+02:00,,0.0,0,Asker,VYG:Line:L1,Spikkestad-Oslo S-Lillestrøm,L1,rail,VYG:ServiceJourney:2129_443535-R,False,planned,False,,,,,2026-09-07T15:44:36.205822+02:00
NSR:StopPlace:59646,Høvik stasjon,2026-09-07T12:53:00+02:00,2026-09-07T12:53:00+02:00,,0.0,0,Lillestrøm,VYG:Line:L1,Spikkestad-Oslo S-Lillestrøm,L1,rail,VYG:ServiceJourney:2234_443640-R,False,planned,False,,,,,2026-09-07T15:44:36.205822+02:00
NSR:StopPlace:59646,Høvik stasjon,2026-09-07T12:56:00+02:00,2026-09-07T12:56:00+02:00,,0.0,0,Spikkestad,VYG:Line:L1,Spikkestad-Oslo S-Lillestrøm,L1,rail,VYG:ServiceJourney:2231_443635-R,False,planned,False,,,,,2026-09-07T15:44:36.205822+02:00
NSR:StopPlace:59646,Høvik stasjon,2026-09-07T13:07:00+02:00,2026-09-07T13:07:00+02:00,,0.0,0,Lillestrøm,VYG:Line:L1,Spikkestad-Oslo S-Lillestrøm,L1,rail,VYG:ServiceJourney:2134_443541-R,False,planned,False,,,,,2026-09-07T15:44:36.205822+02:00
NSR:StopPlace:59646,Høvik stasjon,2026-09-07T13:10:00+02:00,2026-09-07T13:10:00+02:00,,0.0,0,Asker,RUT:Line:270,Asker - Sandvika (- Fornebu),270,bus,RUT:ServiceJourney:d55a54f1b7f544db010b9d3f98097e7f,False,planned,False,,,,,2026-09-07T15:44:36.205822+02:00
NSR:StopPlace:59646,Høvik stasjon,2026-09-07T13:12:00+02:00,2026-09-07T13:12:00+02:00,,0.0,0,Asker,VYG:Line:L1,Spikkestad-Oslo S-Lillestrøm,L1,rail,VYG:ServiceJourney:2131_443538-R,False,planned,False,,,,,2026-09-07T15:44:36.205822+02:00
NSR:StopPlace:59646,Høvik stasjon,2026-09-07T13:23:00+02:00,2026-09-07T13:23:00+02:00,,0.0,0,Lillestrøm,VYG:Line:L1,Spikkestad-Oslo S-Lillestrøm,L1,rail,VYG:ServiceJourney:2236_443643-R,False,planned,False,,,,,2026-09-07T15:44:36.205822+02:00
NSR:StopPlace:59646,Høvik stasjon,2026-09-07T13:26:00+02:00,2026-09-07T13:26:00+02:00,,0.0,0,Spikkestad,VYG:Line:L1,Spikkestad-Oslo S-Lillestrøm,L1,rail,VYG:ServiceJourney:2233_443638-R,False,planned,False,,,,,2026-09-07T15:44:36.205822+02:00
NSR:StopPlace:59646,Høvik stasjon,2026-09-07T13:37:00+02:00,2026-09-07T13:37:00+02:00,,0.0,0,Lillestrøm,VYG:Line:L1,Spikkestad-Oslo S-Lillestrøm,L1,rail,VYG:ServiceJourney:2136_443543-R,False,planned,False,,,,,2026-09-07T15:44:36.205822+02:00
NSR:StopPlace:59646,Høvik stasjon,2026-09-07T13:40:00+02:00,2026-09-07T13:40:00+02:00,,0.0,0,Asker,RUT:Line:270,Asker - Sandvika (- Fornebu),270,bus,RUT:ServiceJourney:0c5fff59c741719969883a1b461d9f67,False,planned,False,,,,,2026-09-07T15:44:36.205822+02:00
NSR:StopPlace:59646,Høvik stasjon,2026-09-07T13:42:00+02:00,2026-09-07T13:42:00+02:00,,0.0,0,Asker,VYG:Line:L1,Spikkestad-Oslo S-Lillestrøm,L1,rail,VYG:ServiceJourney:2133_443540-R,False,planned,False,,,,,2026-09-07T15:44:36.205822+02:00
NSR:StopPlace:59646,Høvik stasjon,2026-09-07T13:55:00+02:00,2026-09-07T13:55:00+02:00,,0.0,0,Torpekspressen - Torp airport,UNI:Line:UE2,Oslo Bussterminal - Torp Lufhavn,FB25,bus,UNI:ServiceJourney:UE2-169968-48025263,False,planned,False,,,,,2026-09-07T15:44:36.205822+02:00
NSR:StopPlace:59646,Høvik stasjon,2026-09-07T13:56:00+02:00,2026-09-07T13:56:00+02:00,,0.0,0,Spikkestad,VYG:Line:L1,Spikkestad-Oslo S-Lillestrøm,L1,rail,VYG:ServiceJourney:2235_443641-R,False,planned,False,,,,,2026-09-07T15:44:36.205822+02:00
NSR:StopPlace:59646,Høvik stasjon,2026-09-07T14:12:00+02:00,2026-09-07T14:12:00+02:00,,0.0,0,Asker,VYG:Line:L1,Spikkestad-Oslo S-Lillestrøm,L1,rail,VYG:ServiceJourney:2135_443542-R,False,planned,False,,,,,2026-09-07T15:44:36.205822+02:00
NSR:StopPlace:59646,Høvik stasjon,2026-09-07T15:30:00+02:00,2026-09-07T15:30:00+02:00,,0.0,0,Torpekspressen - Torp airport,UNI:Line:UE2,Oslo Bussterminal - Torp Lufhavn,FB25,bus,UNI:ServiceJourney:UE2-169968-47995443,False,planned,False,,,,,2026-09-07T15:44:36.205822+02:00
NSR:StopPlace:59647,Dal stasjon,2026-09-07T11:46:00+02:00,2026-09-07T11:46:00+02:00,,0.0,0,Eidsvoll,RUT:Line:430,Eidsvoll - Jessheim,430,bus,RUT:ServiceJourney:b2c42d1c00df9803f2a6eddb0ee9577e,False,planned,False,,,,,2026-09-07T15:44:36.205822+02:00
NSR:StopPlace:59647,Dal stasjon,2026-09-07T11:54:00+02:00,2026-09-07T11:54:00+02:00,,0.0,0,Drammen,VYG:Line:R13,Drammen-Oslo S-Dal,R13,rail,VYG:ServiceJourney:1630_443277-R,False,planned,False,,,,,2026-09-07T15:44:36.205822+02:00
NSR:StopPlace:59647,Dal stasjon,2026-09-07T11:56:00+02:00,2026-09-07T11:56:00+02:00,,0.0,0,Jessheim,RUT:Line:430,Eidsvoll - Jessheim,430,bus,RUT:ServiceJourney:3a8218d0edcfd1d3c80d305674063d5c,False,planned,False,,,,,2026-09-07T15:44:36.205822+02:00
NSR:StopPlace:59647,Dal stasjon,2026-09-07T12:01:00+02:00,2026-09-07T12:01:00+02:00,,0.0,0,Eidsvoll,RUT:Line:430,Eidsvoll - Jessheim,430,bus,RUT:ServiceJourney:f31206d3332a8947231a08449d5f9aa4,False,planned,False,,,,,2026-09-07T15:44:36.205822+02:00
NSR:StopPlace:59647,Dal stasjon,2026-09-07T12:11:00+02:00,2026-09-07T12:11:00+02:00,,0.0,0,Jessheim,RUT:Line:430,Eidsvoll - Jessheim,430,bus,RUT:ServiceJourney:0d58d1e36ede05abac010ce22873c431,False,planned,False,,,,,2026-09-07T15:44:36.205822+02:00
NSR:StopPlace:59647,Dal stasjon,2026-09-07T12:16:00+02:00,2026-09-07T12:16:00+02:00,,0.0,0,Eidsvoll,RUT:Line:430,Eidsvoll - Jessheim,430,bus,RUT:ServiceJourney:f7dfbf8d885eca4db943225b9f16c43c,False,planned,False,,,,,2026-09-07T15:44:36.205822+02:00
NSR:StopPlace:59647,Dal stasjon,2026-09-07T12:24:00+02:00,2026-09-07T12:24:00+02:00,,0.0,0,Drammen,VYG:Line:R13,Drammen-Oslo S-Dal,R13,rail,VYG:ServiceJourney:1632_443281-R,False,planned,False,,,,,2026-09-07T15:44:36.205822+02:00
NSR:StopPlace:59647,Dal stasjon,2026-09-07T12:26:00+02:00,2026-09-07T12:26:00+02:00,,0.0,0,Jessheim,RUT:Line:430,Eidsvoll - Jessheim,430,bus,RUT:ServiceJourney:25d7891cc2b5e2dbf7580dc0e5140518,False,planned,False,,,,,2026-09-07T15:44:36.205822+02:00
NSR:StopPlace:59647,Dal stasjon,2026-09-07T12:31:00+02:00,2026-09-07T12:31:00+02:00,,0.0,0,Eidsvoll,RUT:Line:430,Eidsvoll - Jessheim,430,bus,RUT:ServiceJourney:f111c729e2fffe6ee54611c67647d5cc,False,planned,False,,,,,2026-09-07T15:44:36.205822+02:00
NSR:StopPlace:59647,Dal stasjon,2026-09-07T12:41:00+02:00,2026-09-07T12:41:00+02:00,,0.0,0,Jessheim,RUT:Line:430,Eidsvoll - Jessheim,430,bus,RUT:ServiceJourney:2db333d463c1d74ce5c958438f802b08,False,planned,False,,,,,2026-09-07T15:44:36.205822+02:00
NSR:StopPlace:59647,Dal stasjon,2026-09-07T12:46:00+02:00,2026-09-07T12:46:00+02:00,,0.0,0,Eidsvoll,RUT:Line:430,Eidsvoll - Jessheim,430,bus,RUT:ServiceJourney:1a2a8ee0a73dabb40a38f0d28583b40f,False,planned,False,,,,,2026-09-07T15:44:36.205822+02:00
NSR:StopPlace:59647,Dal stasjon,2026-09-07T12:56:00+02:00,2026-09-07T12:56:00+02:00,,0.0,0,Jessheim,RUT:Line:430,Eidsvoll - Jessheim,430,bus,RUT:ServiceJourney:0a950200ea9451e7553c3a4f3fe94c35,False,planned,False,,,,,2026-09-07T15:44:36.205822+02:00
NSR:StopPlace:59647,Dal stasjon,2026-09-07T13:01:00+02:00,2026-09-07T13:01:00+02:00,,0.0,0,Eidsvoll,RUT:Line:430,Eidsvoll - Jessheim,430,bus,RUT:ServiceJourney:b39243288afaf7513a259f8e50216295,False,planned,False,,,,,2026-09-07T15:44:36.205822+02:00
NSR:StopPlace:59647,Dal stasjon,2026-09-07T13:11:00+02:00,2026-09-07T13:11:00+02:00,,0.0,0,Jessheim,RUT:Line:430,Eidsvoll - Jessheim,430,bus,RUT:ServiceJourney:3d4236ce1514c56c0df75c7133d342c6,False,planned,False,,,,,2026-09-07T15:44:36.205822+02:00
NSR:StopPlace:59647,Dal stasjon,2026-09-07T13:16:00+02:00,2026-09-07T13:16:00+02:00,,0.0,0,Eidsvoll,RUT:Line:430,Eidsvoll - Jessheim,430,bus,RUT:ServiceJourney:2a06111cb19b2492029369af0623658f,False,planned,False,,,,,2026-09-07T15:44:36.205822+02:00
NSR:StopPlace:59647,Dal stasjon,2026-09-07T13:26:00+02:00,2026-09-07T13:26:00+02:00,,0.0,0,Jessheim,RUT:Line:430,Eidsvoll - Jessheim,430,bus,RUT:ServiceJourney:43f5e9948d1fe0f4afa09eba49f0edac,False,planned,False,,,,,2026-09-07T15:44:36.205822+02:00
NSR:StopPlace:59647,Dal stasjon,2026-09-07T13:31:00+02:00,2026-09-07T13:31:00+02:00,,0.0,0,Eidsvoll,RUT:Line:430,Eidsvoll - Jessheim,430,bus,RUT:ServiceJourney:0ad2b9d43a970799b0991c3df9af3e05,False,planned,False,,,,,2026-09-07T15:44:36.205822+02:00
NSR:StopPlace:59647,Dal stasjon,2026-09-07T13:41:00+02:00,2026-09-07T13:41:00+02:00,,0.0,0,Jessheim,RUT:Line:430,Eidsvoll - Jessheim,430,bus,RUT:ServiceJourney:5789e7ed2beb2b2971b3663c01e05c78,False,planned,False,,,,,2026-09-07T15:44:36.205822+02:00
NSR:StopPlace:59647,Dal stasjon,2026-09-07T13:46:00+02:00,2026-09-07T13:46:00+02:00,,0.0,0,Eidsvoll,RUT:Line:430,Eidsvoll - Jessheim,430,bus,RUT:ServiceJourney:23b3482117293a87b411553905932e5a,False,planned,False,,,,,2026-09-07T15:44:36.205822+02:00
NSR:StopPlace:59647,Dal stasjon,2026-09-07T13:56:00+02:00,2026-09-07T13:56:00+02:00,,0.0,0,Jessheim,RUT:Line:430,Eidsvoll - Jessheim,430,bus,RUT:ServiceJourney:9f134a9bfe84ed1b62612efcfd42ec79,False,planned,False,,,,,2026-09-07T15:44:36.205822+02:00
NSR:StopPlace:59648,Kjelsås stasjon,2026-09-07T11:50:00+02:00,2026-09-07T11:50:00+02:00,,0.0,0,Nydalen,VYG:Line:R31,Skøyen-Jaren-Gjøvik,R31,rail,VYG:ServiceJourney:BUS-278_655614-R,False,planned,False,,,,,2026-09-07T15:44:36.205822+02:00
NSR:StopPlace:59648,Kjelsås stasjon,2026-09-07T11:54:00+02:00,2026-09-07T11:54:00+02:00,,0.0,0,Kværnerbyen,RUT:Line:54,Kværnerbyen - Kjelsås stasjon,54,bus,RUT:ServiceJourney:b37cd26a2cae4807595348050c52ce4d,False,planned,False,,,,,2026-09-07T15:44:36.205822+02:00
NSR:StopPlace:59648,Kjelsås stasjon,2026-09-07T11:55:00+02:00,2026-09-07T11:55:00+02:00,,0.0,0,Majorstuen,RUT:Line:25,Majorstuen-Haugerud,25,bus,RUT:ServiceJourney:65e4b589d7616edbcb8c2fd14d162c4e,False,planned,False,,,,,2026-09-07T15:44:36.205822+02:00
NSR:StopPlace:59648,Kjelsås stasjon,2026-09-07T11:59:00+02:00,2026-09-07T11:59:00+02:00,,0.0,0,Haugerud,RUT:Line:25,Majorstuen-Haugerud,25,bus,RUT:ServiceJourney:ca5608966e31f1462169a03f757ab8c2,False,planned,False,,,,,2026-09-07T15:44:36.205822+02:00
NSR:StopPlace:59648,Kjelsås stasjon,2026-09-07T11:59:00+02:00,2026-09-07T11:59:00+02:00,,0.0,0,Hakadal,VYG:Line:R31,Skøyen-Jaren-Gjøvik,R31,rail,VYG:ServiceJourney:BUS-283_655629-R,False,planned,False,,,,,2026-09-07T15:44:36.205822+02:00
NSR:StopPlace:59648,Kjelsås stasjon,2026-09-07T12:03:00+02:00,2026-09-07T12:03:00+02:00,,0.0,0,Movatn,VYG:Line:R31,Skøyen-Jaren-Gjøvik,R31,rail,VYG:ServiceJourney:BUS-283_655628-R,False,planned,False,,,,,2026-09-07T15:44:36.205822+02:00
NSR:StopPlace:59648,Kjelsås stasjon,2026-09-07T12:09:00+02:00,2026-09-07T12:09:00+02:00,,0.0,0,Kværnerbyen,RUT:Line:54,Kværnerbyen - Kjelsås stasjon,54,bus,RUT:ServiceJourney:aef6be2eea193fff71426e95e4e4ffcb,False,planned,False,,,,,2026-09-07T15:44:36.205822+02:00
NSR:StopPlace:59648,Kjelsås stasjon,2026-09-07T12:10:00+02:00,2026-09-07T12:10:00+02:00,,0.0,0,Majorstuen,RUT:Line:25,Majorstuen-Haugerud,25,bus,RUT:ServiceJourney:31046cbd11ec85c727db27ff5ee88f1f,False,planned,False,,,,,2026-09-07T15:44:36.205822+02:00
NSR:StopPlace:59648,Kjelsås stasjon,2026-09-07T12:14:00+02:00,2026-09-07T12:14:00+02:00,,0.0,0,Haugerud,RUT:Line:25,Majorstuen-Haugerud,25,bus,RUT:ServiceJourney:e18620989204dfb72cd8217f0356bd68,False,planned,False,,,,,2026-09-07T15:44:36.205822+02:00
NSR:StopPlace:59648,Kjelsås stasjon,2026-09-07T12:24:00+02:00,2026-09-07T12:24:00+02:00,,0.0,0,Kværnerbyen,RUT:Line:54,Kværnerbyen - Kjelsås stasjon,54,bus,RUT:ServiceJourney:359248a7c479ae28c9a6e5e93041f411,False,planned,False,,,,,2026-09-07T15:44:36.205822+02:00
NSR:StopPlace:59648,Kjelsås stasjon,2026-09-07T12:25:00+02:00,2026-09-07T12:25:00+02:00,,0.0,0,Majorstuen,RUT:Line:25,Majorstuen-Haugerud,25,bus,RUT:ServiceJourney:da00fa607644497d9737594437f031e2,False,planned,False,,,,,2026-09-07T15:44:36.205822+02:00
NSR:StopPlace:59648,Kjelsås stasjon,2026-09-07T12:30:00+02:00,2026-09-07T12:30:00+02:00,,0.0,0,Haugerud,RUT:Line:25,Majorstuen-Haugerud,25,bus,RUT:ServiceJourney:1db1c3eb3cd5b86a2ff131f741158ae0,False,planned,False,,,,,2026-09-07T15:44:36.205822+02:00
NSR:StopPlace:59648,Kjelsås stasjon,2026-09-07T12:39:00+02:00,2026-09-07T12:39:00+02:00,,0.0,0,Kværnerbyen,RUT:Line:54,Kværnerbyen - Kjelsås stasjon,54,bus,RUT:ServiceJourney:a2356448a84488d15648b6d48f3f95c5,False,planned,False,,,,,2026-09-07T15:44:36.205822+02:00
NSR:StopPlace:59648,Kjelsås stasjon,2026-09-07T12:40:00+02:00,2026-09-07T12:40:00+02:00,,0.0,0,Roa,VYG:Line:RE30,Oslo S-Gjøvik,RE30,rail,VYG:ServiceJourney:BUS-1217_655037-R,False,planned,False,,,,,2026-09-07T15:44:36.205822+02:00
NSR:StopPlace:59648,Kjelsås stasjon,2026-09-07T12:40:00+02:00,2026-09-07T12:40:00+02:00,,0.0,0,Majorstuen,RUT:Line:25,Majorstuen-Haugerud,25,bus,RUT:ServiceJourney:e78bf04dd3589befe28a1f0776920577,False,planned,False,,,,,2026-09-07T15:44:36.205822+02:00
NSR:StopPlace:59648,Kjelsås stasjon,2026-09-07T12:45:00+02:00,2026-09-07T12:45:00+02:00,,0.0,0,Haugerud,RUT:Line:25,Majorstuen-Haugerud,25,bus,RUT:ServiceJourney:f37107cd456334572ce45496d28aa8b7,False,planned,False,,,,,2026-09-07T15:44:36.205822+02:00
NSR:StopPlace:59648,Kjelsås stasjon,2026-09-07T12:50:00+02:00,2026-09-07T12:50:00+02:00,,0.0,0,Nydalen,VYG:Line:R31,Skøyen-Jaren-Gjøvik,R31,rail,VYG:ServiceJourney:BUS-280_655620-R,False,planned,False,,,,,2026-09-07T15:44:36.205822+02:00
NSR:StopPlace:59648,Kjelsås stasjon,2026-09-07T12:54:00+02:00,2026-09-07T12:54:00+02:00,,0.0,0,Kværnerbyen,RUT:Line:54,Kværnerbyen - Kjelsås stasjon,54,bus,RUT:ServiceJourney:c52b5a977bf056b9529bd559f34261b2,False,planned,False,,,,,2026-09-07T15:44:36.205822+02:00
NSR:StopPlace:59648,Kjelsås stasjon,2026-09-07T12:55:00+02:00,2026-09-07T12:55:00+02:00,,0.0,0,Majorstuen,RUT:Line:25,Majorstuen-Haugerud,25,bus,RUT:ServiceJourney:b0b6e3c13940ff50e3f0f9b140f19b40,False,planned,False,,,,,2026-09-07T15:44:36.205822+02:00
NSR:StopPlace:59648,Kjelsås stasjon,2026-09-07T12:59:00+02:00,2026-09-07T12:59:00+02:00,,0.0,0,Hakadal,VYG:Line:R31,Skøyen-Jaren-Gjøvik,R31,rail,VYG:ServiceJourney:BUS-285_655635-R,False,planned,False,,,,,2026-09-07T15:44:36.205822+02:00
NSR:StopPlace:59648,Kjelsås stasjon,2026-09-07T13:00:00+02:00,2026-09-07T13:00:00+02:00,,0.0,0,Haugerud,RUT:Line:25,Majorstuen-Haugerud,25,bus,RUT:ServiceJourney:8a748eac5bef13a0490e298a6b01c9dc,False,planned,False,,,,,2026-09-07T15:44:36.205822+02:00
NSR:StopPlace:59648,Kjelsås stasjon,2026-09-07T13:03:00+02:00,2026-09-07T13:03:00+02:00,,0.0,0,Movatn,VYG:Line:R31,Skøyen-Jaren-Gjøvik,R31,rail,VYG:ServiceJourney:BUS-285_655634-R,False,planned,False,,,,,2026-09-07T15:44:36.205822+02:00
NSR:StopPlace:59648,Kjelsås stasjon,2026-09-07T13:09:00+02:00,2026-09-07T13:09:00+02:00,,0.0,0,Kværnerbyen,RUT:Line:54,Kværnerbyen - Kjelsås stasjon,54,bus,RUT:ServiceJourney:76f7f47785c2920af7b42b2f57934d02,False,planned,False,,,,,2026-09-07T15:44:36.205822+02:00
NSR:StopPlace:59648,Kjelsås stasjon,2026-09-07T13:10:00+02:00,2026-09-07T13:10:00+02:00,,0.0,0,Majorstuen,RUT:Line:25,Majorstuen-Haugerud,25,bus,RUT:ServiceJourney:de466bf64e4fd33e62fcc81e68235650,False,planned,False,,,,,2026-09-07T15:44:36.205822+02:00
NSR:StopPlace:59648,Kjelsås stasjon,2026-09-07T13:15:00+02:00,2026-09-07T13:15:00+02:00,,0.0,0,Haugerud,RUT:Line:25,Majorstuen-Haugerud,25,bus,RUT:ServiceJourney:f336bf964a723af14c870febd5a6d527,False,planned,False,,,,,2026-09-07T15:44:36.205822+02:00
NSR:StopPlace:59648,Kjelsås stasjon,2026-09-07T13:24:00+02:00,2026-09-07T13:24:00+02:00,,0.0,0,Kværnerbyen,RUT:Line:54,Kværnerbyen - Kjelsås stasjon,54,bus,RUT:ServiceJourney:cbc9b97be6818b9990ac17d79d5f644b,False,planned,False,,,,,2026-09-07T15:44:36.205822+02:00
NSR:StopPlace:59648,Kjelsås stasjon,2026-09-07T13:25:00+02:00,2026-09-07T13:25:00+02:00,,0.0,0,Majorstuen,RUT:Line:25,Majorstuen-Haugerud,25,bus,RUT:ServiceJourney:1eea074944f65a6d618956c12676a14d,False,planned,False,,,,,2026-09-07T15:44:36.205822+02:00
NSR:StopPlace:59648,Kjelsås stasjon,2026-09-07T13:30:00+02:00,2026-09-07T13:30:00+02:00,,0.0,0,Haugerud,RUT:Line:25,Majorstuen-Haugerud,25,bus,RUT:ServiceJourney:878e775061de66a22d64db119262cdcd,False,planned,False,,,,,2026-09-07T15:44:36.205822+02:00
NSR:StopPlace:59648,Kjelsås stasjon,2026-09-07T13:39:00+02:00,2026-09-07T13:39:00+02:00,,0.0,0,Kværnerbyen,RUT:Line:54,Kværnerbyen - Kjelsås stasjon,54,bus,RUT:ServiceJourney:31b5d186b8670d6e904559ba627b605a,False,planned,False,,,,,2026-09-07T15:44:36.205822+02:00
NSR:StopPlace:59648,Kjelsås stasjon,2026-09-07T13:40:00+02:00,2026-09-07T13:40:00+02:00,,0.0,0,Majorstuen,RUT:Line:25,Majorstuen-Haugerud,25,bus,RUT:ServiceJourney:82d6fb76f0dfe8e6ae0d8cae7986259e,False,planned,False,,,,,2026-09-07T15:44:36.205822+02:00
NSR:StopPlace:59648,Kjelsås stasjon,2026-09-07T13:45:00+02:00,2026-09-07T13:45:00+02:00,,0.0,0,Haugerud,RUT:Line:25,Majorstuen-Haugerud,25,bus,RUT:ServiceJourney:6e597385ed0f77cf0cee680f6f78ba97,False,planned,False,,,,,2026-09-07T15:44:36.205822+02:00
NSR:StopPlace:59648,Kjelsås stasjon,2026-09-07T13:50:00+02:00,2026-09-07T13:50:00+02:00,,0.0,0,Nydalen,VYG:Line:R31,Skøyen-Jaren-Gjøvik,R31,rail,VYG:ServiceJourney:BUS-282_655626-R,False,planned,False,,,,,2026-09-07T15:44:36.205822+02:00
NSR:StopPlace:59648,Kjelsås stasjon,2026-09-07T13:55:00+02:00,2026-09-07T13:55:00+02:00,,0.0,0,Majorstuen,RUT:Line:25,Majorstuen-Haugerud,25,bus,RUT:ServiceJourney:5437489378fe5ae7b56b4c4ca3193751,False,planned,False,,,,,2026-09-07T15:44:36.205822+02:00
NSR:StopPlace:59648,Kjelsås stasjon,2026-09-07T13:59:00+02:00,2026-09-07T13:59:00+02:00,,0.0,0,Hakadal,VYG:Line:R31,Skøyen-Jaren-Gjøvik,R31,rail,VYG:ServiceJourney:BUS-287_655641-R,False,planned,False,,,,,2026-09-07T15:44:36.205822+02:00
NSR:StopPlace:59648,Kjelsås stasjon,2026-09-07T14:00:00+02:00,2026-09-07T14:00:00+02:00,,0.0,0,Haugerud,RUT:Line:25,Majorstuen-Haugerud,25,bus,RUT:ServiceJourney:4a4ec91478de7076712591c5ff61d9bf,False,planned,False,,,,,2026-09-07T15:44:36.205822+02:00
NSR:StopPlace:59648,Kjelsås stasjon,2026-09-07T14:03:00+02:00,2026-09-07T14:03:00+02:00,,0.0,0,Movatn,VYG:Line:R31,Skøyen-Jaren-Gjøvik,R31,rail,VYG:ServiceJourney:BUS-287_655640-R,False,planned,False,,,,,2026-09-07T15:44:36.205822+02:00
NSR:StopPlace:59648,Kjelsås stasjon,2026-09-07T14:40:00+02:00,2026-09-07T14:40:00+02:00,,0.0,0,Roa,VYG:Line:RE30,Oslo S-Gjøvik,RE30,rail,VYG:ServiceJourney:BUS-1221_655057-R,False,planned,False,,,,,2026-09-07T15:44:36.205822+02:00
NSR:StopPlace:59649,Nydalen stasjon,2026-09-07T11:46:00+02:00,2026-09-07T11:46:00+02:00,,0.0,0,Lysaker,RUT:Line:23,Lysaker - Simensbråten,23,bus,RUT:ServiceJourney:29177567f228e61b680fcc1f000d29cb,False,planned,False,,,,,2026-09-07T15:44:36.205822+02:00
NSR:StopPlace:59649,Nydalen stasjon,2026-09-07T11:46:00+02:00,2026-09-07T11:46:00+02:00,,0.0,0,Simensbråten,RUT:Line:23,Lysaker - Simensbråten,23,bus,RUT:ServiceJourney:48b300952016ef7713ee877bcf8d3977,False,planned,False,,,,,2026-09-07T15:44:36.205822+02:00
NSR:StopPlace:59649,Nydalen stasjon,2026-09-07T11:47:00+02:00,2026-09-07T11:47:00+02:00,,0.0,0,Roa,VYG:Line:RE30,Oslo S-Gjøvik,RE30,rail,VYG:ServiceJourney:BUS-1215_655028-R,False,planned,False,,,,,2026-09-07T15:44:36.205822+02:00
NSR:StopPlace:59649,Nydalen stasjon,2026-09-07T11:56:00+02:00,2026-09-07T11:56:00+02:00,,0.0,0,Lysaker,RUT:Line:23,Lysaker - Simensbråten,23,bus,RUT:ServiceJourney:8ec3a2636f85d953a50823ecce28b50c,False,planned,False,,,,,2026-09-07T15:44:36.205822+02:00
NSR:StopPlace:59649,Nydalen stasjon,2026-09-07T11:56:00+02:00,2026-09-07T11:56:00+02:00,,0.0,0,Simensbråten,RUT:Line:23,Lysaker - Simensbråten,23,bus,RUT:ServiceJourney:3de6f284a6c6547474d97e9676fe4383,False,planned,False,,,,,2026-09-07T15:44:36.205822+02:00
NSR:StopPlace:59649,Nydalen stasjon,2026-09-07T12:03:00+02:00,2026-09-07T12:03:00+02:00,,0.0,0,Oslo lufthavn,NBU:Line:cb7b555c-f96e-42d5-84bf-a5e08c0145c2,Radiumhospitalet via Økern-Storo-Tåsen,FB3,bus,NBU:ServiceJourney:163bee30-953e-4d3e-a3a2-ac0b549cd843,False,planned,False,,,,,2026-09-07T15:44:36.205822+02:00
NSR:StopPlace:59649,Nydalen stasjon,2026-09-07T12:06:00+02:00,2026-09-07T12:06:00+02:00,,0.0,0,Lysaker,RUT:Line:23,Lysaker - Simensbråten,23,bus,RUT:ServiceJourney:2ccb16b949d6adb9415df725c137bc59,False,planned,False,,,,,2026-09-07T15:44:36.205822+02:00
NSR:StopPlace:59649,Nydalen stasjon,2026-09-07T12:06:00+02:00,2026-09-07T12:06:00+02:00,,0.0,0,Hakadal,VYG:Line:R31,Skøyen-Jaren-Gjøvik,R31,rail,VYG:ServiceJourney:BUS-283_655629-R,False,planned,False,,,,,2026-09-07T15:44:36.205822+02:00
NSR:StopPlace:59649,Nydalen stasjon,2026-09-07T12:06:00+02:00,2026-09-07T12:06:00+02:00,,0.0,0,Simensbråten,RUT:Line:23,Lysaker - Simensbråten,23,bus,RUT:ServiceJourney:4c3ceb244b7bb0ec38009a8c566384fd,False,planned,False,,,,,2026-09-07T15:44:36.205822+02:00
NSR:StopPlace:59649,Nydalen stasjon,2026-09-07T12:16:00+02:00,2026-09-07T12:16:00+02:00,,0.0,0,Lysaker,RUT:Line:23,Lysaker - Simensbråten,23,bus,RUT:ServiceJourney:75060c178b28551689b6633e752138b5,False,planned,False,,,,,2026-09-07T15:44:36.205822+02:00
NSR:StopPlace:59649,Nydalen stasjon,2026-09-07T12:16:00+02:00,2026-09-07T12:16:00+02:00,,0.0,0,Simensbråten,RUT:Line:23,Lysaker - Simensbråten,23,bus,RUT:ServiceJourney:c1c3e932e39d6cb51dc398087e278751,False,planned,False,,,,,2026-09-07T15:44:36.205822+02:00
NSR:StopPlace:59649,Nydalen stasjon,2026-09-07T12:26:00+02:00,2026-09-07T12:26:00+02:00,,0.0,0,Lysaker,RUT:Line:23,Lysaker - Simensbråten,23,bus,RUT:ServiceJourney:37d27c4c0c964a6dc092f2d0dfa05e60,False,planned,False,,,,,2026-09-07T15:44:36.205822+02:00
NSR:StopPlace:59649,Nydalen stasjon,2026-09-07T12:26:00+02:00,2026-09-07T12:26:00+02:00,,0.0,0,Simensbråten,RUT:Line:23,Lysaker - Simensbråten,23,bus,RUT:ServiceJourney:958b4929bc78a1502dd5a34e6f3e9369,False,planned,False,,,,,2026-09-07T15:44:36.205822+02:00
NSR:StopPlace:59649,Nydalen stasjon,2026-09-07T12:36:00+02:00,2026-09-07T12:36:00+02:00,,0.0,0,Lysaker,RUT:Line:23,Lysaker - Simensbråten,23,bus,RUT:ServiceJourney:5404df0030989b65dba0a6c7d3acc915,False,planned,False,,,,,2026-09-07T15:44:36.205822+02:00
NSR:StopPlace:59649,Nydalen stasjon,2026-09-07T12:36:00+02:00,2026-09-07T12:36:00+02:00,,0.0,0,Simensbråten,RUT:Line:23,Lysaker - Simensbråten,23,bus,RUT:ServiceJourney:5f55cedb41fd5040d59b0997506dcaa0,False,planned,False,,,,,2026-09-07T15:44:36.205822+02:00
NSR:StopPlace:59649,Nydalen stasjon,2026-09-07T12:46:00+02:00,2026-09-07T12:46:00+02:00,,0.0,0,Lysaker,RUT:Line:23,Lysaker - Simensbråten,23,bus,RUT:ServiceJourney:d2475d0f763b03164ed00f31b8dfa5b3,False,planned,False,,,,,2026-09-07T15:44:36.205822+02:00
NSR:StopPlace:59649,Nydalen stasjon,2026-09-07T12:46:00+02:00,2026-09-07T12:46:00+02:00,,0.0,0,Simensbråten,RUT:Line:23,Lysaker - Simensbråten,23,bus,RUT:ServiceJourney:bc293b28c8cd342519b6a22971477931,False,planned,False,,,,,2026-09-07T15:44:36.205822+02:00
NSR:StopPlace:59649,Nydalen stasjon,2026-09-07T12:47:00+02:00,2026-09-07T12:47:00+02:00,,0.0,0,Roa,VYG:Line:RE30,Oslo S-Gjøvik,RE30,rail,VYG:ServiceJourney:BUS-1217_655037-R,False,planned,False,,,,,2026-09-07T15:44:36.205822+02:00
NSR:StopPlace:59649,Nydalen stasjon,2026-09-07T12:56:00+02:00,2026-09-07T12:56:00+02:00,,0.0,0,Lysaker,RUT:Line:23,Lysaker - Simensbråten,23,bus,RUT:ServiceJourney:d93039e857d148f05640fceb5b1c9e5a,False,planned,False,,,,,2026-09-07T15:44:36.205822+02:00
NSR:StopPlace:59649,Nydalen stasjon,2026-09-07T12:56:00+02:00,2026-09-07T12:56:00+02:00,,0.0,0,Simensbråten,RUT:Line:23,Lysaker - Simensbråten,23,bus,RUT:ServiceJourney:6c36c0c03678638bc7a0d7bb55d09e13,False,planned,False,,,,,2026-09-07T15:44:36.205822+02:00
NSR:StopPlace:59649,Nydalen stasjon,2026-09-07T13:03:00+02:00,2026-09-07T13:03:00+02:00,,0.0,0,Oslo lufthavn,NBU:Line:cb7b555c-f96e-42d5-84bf-a5e08c0145c2,Radiumhospitalet via Økern-Storo-Tåsen,FB3,bus,NBU:ServiceJourney:b8f9338b-1881-437e-a259-edeeb1a54dbd,False,planned,False,,,,,2026-09-07T15:44:36.205822+02:00
NSR:StopPlace:59649,Nydalen stasjon,2026-09-07T13:06:00+02:00,2026-09-07T13:06:00+02:00,,0.0,0,Lysaker,RUT:Line:23,Lysaker - Simensbråten,23,bus,RUT:ServiceJourney:71d9e6977ead1a1bd5d916efd562d056,False,planned,False,,,,,2026-09-07T15:44:36.205822+02:00
NSR:StopPlace:59649,Nydalen stasjon,2026-09-07T13:06:00+02:00,2026-09-07T13:06:00+02:00,,0.0,0,Hakadal,VYG:Line:R31,Skøyen-Jaren-Gjøvik,R31,rail,VYG:ServiceJourney:BUS-285_655635-R,False,planned,False,,,,,2026-09-07T15:44:36.205822+02:00
NSR:StopPlace:59649,Nydalen stasjon,2026-09-07T13:06:00+02:00,2026-09-07T13:06:00+02:00,,0.0,0,Simensbråten,RUT:Line:23,Lysaker - Simensbråten,23,bus,RUT:ServiceJourney:df76801617cf7360c9d23666356e0cec,False,planned,False,,,,,2026-09-07T15:44:36.205822+02:00
NSR:StopPlace:59649,Nydalen stasjon,2026-09-07T13:16:00+02:00,2026-09-07T13:16:00+02:00,,0.0,0,Lysaker,RUT:Line:23,Lysaker - Simensbråten,23,bus,RUT:ServiceJourney:37991cae5150fcad18ad9bbdc2792c8b,False,planned,False,,,,,2026-09-07T15:44:36.205822+02:00
NSR:StopPlace:59649,Nydalen stasjon,2026-09-07T13:16:00+02:00,2026-09-07T13:16:00+02:00,,0.0,0,Simensbråten,RUT:Line:23,Lysaker - Simensbråten,23,bus,RUT:ServiceJourney:6b7fe15a9c7e6f65a8195463105729b9,False,planned,False,,,,,2026-09-07T15:44:36.205822+02:00
NSR:StopPlace:59649,Nydalen stasjon,2026-09-07T13:26:00+02:00,2026-09-07T13:26:00+02:00,,0.0,0,Lysaker,RUT:Line:23,Lysaker - Simensbråten,23,bus,RUT:ServiceJourney:11e8208366f6b6309ecda34e6ed91aef,False,planned,False,,,,,2026-09-07T15:44:36.205822+02:00
NSR:StopPlace:59649,Nydalen stasjon,2026-09-07T13:26:00+02:00,2026-09-07T13:26:00+02:00,,0.0,0,Simensbråten,RUT:Line:23,Lysaker - Simensbråten,23,bus,RUT:ServiceJourney:0ca5c55e68cb468e5f827cb527709af1,False,planned,False,,,,,2026-09-07T15:44:36.205822+02:00
NSR:StopPlace:59649,Nydalen stasjon,2026-09-07T13:36:00+02:00,2026-09-07T13:36:00+02:00,,0.0,0,Lysaker,RUT:Line:23,Lysaker - Simensbråten,23,bus,RUT:ServiceJourney:7c35d5a58a907c973780f647e6a65f47,False,planned,False,,,,,2026-09-07T15:44:36.205822+02:00
NSR:StopPlace:59649,Nydalen stasjon,2026-09-07T13:36:00+02:00,2026-09-07T13:36:00+02:00,,0.0,0,Simensbråten,RUT:Line:23,Lysaker - Simensbråten,23,bus,RUT:ServiceJourney:8d0cbe2e0fae222d07ba422f5800afa2,False,planned,False,,,,,2026-09-07T15:44:36.205822+02:00
NSR:StopPlace:59649,Nydalen stasjon,2026-09-07T13:46:00+02:00,2026-09-07T13:46:00+02:00,,0.0,0,Lysaker,RUT:Line:23,Lysaker - Simensbråten,23,bus,RUT:ServiceJourney:d6c1fa819aed7766b3108f37b1a68952,False,planned,False,,,,,2026-09-07T15:44:36.205822+02:00
NSR:StopPlace:59649,Nydalen stasjon,2026-09-07T13:46:00+02:00,2026-09-07T13:46:00+02:00,,0.0,0,Simensbråten,RUT:Line:23,Lysaker - Simensbråten,23,bus,RUT:ServiceJourney:864f43273fce7429a2eda6a9d5ab0f83,False,planned,False,,,,,2026-09-07T15:44:36.205822+02:00
NSR:StopPlace:59649,Nydalen stasjon,2026-09-07T13:56:00+02:00,2026-09-07T13:56:00+02:00,,0.0,0,Lysaker,RUT:Line:23,Lysaker - Simensbråten,23,bus,RUT:ServiceJourney:4d191328b3a70169583e09ee9a4d25bd,False,planned,False,,,,,2026-09-07T15:44:36.205822+02:00
NSR:StopPlace:59649,Nydalen stasjon,2026-09-07T13:56:00+02:00,2026-09-07T13:56:00+02:00,,0.0,0,Simensbråten,RUT:Line:23,Lysaker - Simensbråten,23,bus,RUT:ServiceJourney:f7f90c732de7dbf57a31ae8fb2c0e4ad,False,planned,False,,,,,2026-09-07T15:44:36.205822+02:00
NSR:StopPlace:59649,Nydalen stasjon,2026-09-07T14:06:00+02:00,2026-09-07T14:06:00+02:00,,0.0,0,Lysaker,RUT:Line:23,Lysaker - Simensbråten,23,bus,RUT:ServiceJourney:400da4f00891941cc704caddd9096568,False,planned,False,,,,,2026-09-07T15:44:36.205822+02:00
NSR:StopPlace:59649,Nydalen stasjon,2026-09-07T14:06:00+02:00,2026-09-07T14:06:00+02:00,,0.0,0,Hakadal,VYG:Line:R31,Skøyen-Jaren-Gjøvik,R31,rail,VYG:ServiceJourney:BUS-287_655641-R,False,planned,False,,,,,2026-09-07T15:44:36.205822+02:00
NSR:StopPlace:59649,Nydalen stasjon,2026-09-07T14:06:00+02:00,2026-09-07T14:06:00+02:00,,0.0,0,Simensbråten,RUT:Line:23,Lysaker - Simensbråten,23,bus,RUT:ServiceJourney:9b10bc13d92817c944affded7347a49a,False,planned,False,,,,,2026-09-07T15:44:36.205822+02:00
NSR:StopPlace:59649,Nydalen stasjon,2026-09-07T14:47:00+02:00,2026-09-07T14:47:00+02:00,,0.0,0,Roa,VYG:Line:RE30,Oslo S-Gjøvik,RE30,rail,VYG:ServiceJourney:BUS-1221_655057-R,False,planned,False,,,,,2026-09-07T15:44:36.205822+02:00
NSR:StopPlace:59641,Fjellhamar stasjon,2026-09-07T11:47:00+02:00,2026-09-07T11:47:00+02:00,,0.0,0,Spikkestad,VYG:Line:L1,Spikkestad-Oslo S-Lillestrøm,L1,rail,VYG:ServiceJourney:2229_443630-R,False,planned,False,,,,,2026-09-07T15:44:36.205822+02:00
NSR:StopPlace:59641,Fjellhamar stasjon,2026-09-07T11:48:00+02:00,2026-09-07T11:48:00+02:00,,0.0,0,Lillestrøm,VYG:Line:L1,Spikkestad-Oslo S-Lillestrøm,L1,rail,VYG:ServiceJourney:2126_443532-R,False,planned,False,,,,,2026-09-07T15:44:36.205822+02:00
NSR:StopPlace:59641,Fjellhamar stasjon,2026-09-07T11:49:00+02:00,2026-09-07T11:49:00+02:00,,0.0,0,Ahus,RUT:Line:315,Vallerudtoppen - Ahus,315,bus,RUT:ServiceJourney:e1717fc3c15e04ceb62221a3bfd5bb44,False,planned,False,,,,,2026-09-07T15:44:36.205822+02:00
NSR:StopPlace:59641,Fjellhamar stasjon,2026-09-07T12:02:00+02:00,2026-09-07T12:02:00+02:00,,0.0,0,Asker,VYG:Line:L1,Spikkestad-Oslo S-Lillestrøm,L1,rail,VYG:ServiceJourney:2129_443535-R,False,planned,False,,,,,2026-09-07T15:44:36.205822+02:00
NSR:StopPlace:59641,Fjellhamar stasjon,2026-09-07T12:03:00+02:00,2026-09-07T12:03:00+02:00,,0.0,0,Lillestrøm,VYG:Line:L1,Spikkestad-Oslo S-Lillestrøm,L1,rail,VYG:ServiceJourney:2228_445323-R,False,planned,False,,,,,2026-09-07T15:44:36.205822+02:00
NSR:StopPlace:59641,Fjellhamar stasjon,2026-09-07T12:03:00+02:00,2026-09-07T12:03:00+02:00,,0.0,0,Vallerudtoppen,RUT:Line:315,Vallerudtoppen - Ahus,315,bus,RUT:ServiceJourney:ec73228acd4b3da393835277ed5e8b79,False,planned,False,,,,,2026-09-07T15:44:36.205822+02:00
NSR:StopPlace:59641,Fjellhamar stasjon,2026-09-07T12:17:00+02:00,2026-09-07T12:17:00+02:00,,0.0,0,Spikkestad,VYG:Line:L1,Spikkestad-Oslo S-Lillestrøm,L1,rail,VYG:ServiceJourney:2231_443635-R,False,planned,False,,,,,2026-09-07T15:44:36.205822+02:00
NSR:StopPlace:59641,Fjellhamar stasjon,2026-09-07T12:18:00+02:00,2026-09-07T12:18:00+02:00,,0.0,0,Lillestrøm,VYG:Line:L1,Spikkestad-Oslo S-Lillestrøm,L1,rail,VYG:ServiceJourney:2128_443534-R,False,planned,False,,,,,2026-09-07T15:44:36.205822+02:00
NSR:StopPlace:59641,Fjellhamar stasjon,2026-09-07T12:19:00+02:00,2026-09-07T12:19:00+02:00,,0.0,0,Ahus,RUT:Line:315,Vallerudtoppen - Ahus,315,bus,RUT:ServiceJourney:f14e07417467411178349566d91069a8,False,planned,False,,,,,2026-09-07T15:44:36.205822+02:00
NSR:StopPlace:59641,Fjellhamar stasjon,2026-09-07T12:32:00+02:00,2026-09-07T12:32:00+02:00,,0.0,0,Asker,VYG:Line:L1,Spikkestad-Oslo S-Lillestrøm,L1,rail,VYG:ServiceJourney:2131_443538-R,False,planned,False,,,,,2026-09-07T15:44:36.205822+02:00
NSR:StopPlace:59641,Fjellhamar stasjon,2026-09-07T12:33:00+02:00,2026-09-07T12:33:00+02:00,,0.0,0,Lillestrøm,VYG:Line:L1,Spikkestad-Oslo S-Lillestrøm,L1,rail,VYG:ServiceJourney:2230_443633-R,False,planned,False,,,,,2026-09-07T15:44:36.205822+02:00
NSR:StopPlace:59641,Fjellhamar stasjon,2026-09-07T12:33:00+02:00,2026-09-07T12:33:00+02:00,,0.0,0,Vallerudtoppen,RUT:Line:315,Vallerudtoppen - Ahus,315,bus,RUT:ServiceJourney:4b6fb3d6f991b9c5e98afd0cc1187664,False,planned,False,,,,,2026-09-07T15:44:36.205822+02:00
NSR:StopPlace:59641,Fjellhamar stasjon,2026-09-07T12:41:00+02:00,2026-09-07T12:41:00+02:00,,0.0,0,Ahus,RUT:Line:315,Vallerudtoppen - Ahus,315,bus,RUT:ServiceJourney:fcedf60696e4ae26889e8459eef16caa,False,planned,False,,,,,2026-09-07T15:44:36.205822+02:00
NSR:StopPlace:59641,Fjellhamar stasjon,2026-09-07T12:47:00+02:00,2026-09-07T12:47:00+02:00,,0.0,0,Spikkestad,VYG:Line:L1,Spikkestad-Oslo S-Lillestrøm,L1,rail,VYG:ServiceJourney:2233_443638-R,False,planned,False,,,,,2026-09-07T15:44:36.205822+02:00
NSR:StopPlace:59641,Fjellhamar stasjon,2026-09-07T12:48:00+02:00,2026-09-07T12:48:00+02:00,,0.0,0,Lillestrøm,VYG:Line:L1,Spikkestad-Oslo S-Lillestrøm,L1,rail,VYG:ServiceJourney:2130_443537-R,False,planned,False,,,,,2026-09-07T15:44:36.205822+02:00
NSR:StopPlace:59641,Fjellhamar stasjon,2026-09-07T12:55:00+02:00,2026-09-07T12:55:00+02:00,,0.0,0,Vallerudtoppen,RUT:Line:315,Vallerudtoppen - Ahus,315,bus,RUT:ServiceJourney:66a21fec4f8fee100789b87f271c9e9f,False,planned,False,,,,,2026-09-07T15:44:36.205822+02:00
NSR:StopPlace:59641,Fjellhamar stasjon,2026-09-07T13:02:00+02:00,2026-09-07T13:02:00+02:00,,0.0,0,Asker,VYG:Line:L1,Spikkestad-Oslo S-Lillestrøm,L1,rail,VYG:ServiceJourney:2133_443540-R,False,planned,False,,,,,2026-09-07T15:44:36.205822+02:00
NSR:StopPlace:59641,Fjellhamar stasjon,2026-09-07T13:03:00+02:00,2026-09-07T13:03:00+02:00,,0.0,0,Lillestrøm,VYG:Line:L1,Spikkestad-Oslo S-Lillestrøm,L1,rail,VYG:ServiceJourney:2232_445328-R,False,planned,False,,,,,2026-09-07T15:44:36.205822+02:00
NSR:StopPlace:59641,Fjellhamar stasjon,2026-09-07T13:11:00+02:00,2026-09-07T13:11:00+02:00,,0.0,0,Ahus,RUT:Line:315,Vallerudtoppen - Ahus,315,bus,RUT:ServiceJourney:ee09df724b34c844387433d74b2d3cc6,False,planned,False,,,,,2026-09-07T15:44:36.205822+02:00
NSR:StopPlace:59641,Fjellhamar stasjon,2026-09-07T13:17:00+02:00,2026-09-07T13:17:00+02:00,,0.0,0,Spikkestad,VYG:Line:L1,Spikkestad-Oslo S-Lillestrøm,L1,rail,VYG:ServiceJourney:2235_443641-R,False,planned,False,,,,,2026-09-07T15:44:36.205822+02:00
NSR:StopPlace:59641,Fjellhamar stasjon,2026-09-07T13:18:00+02:00,2026-09-07T13:18:00+02:00,,0.0,0,Lillestrøm,VYG:Line:L1,Spikkestad-Oslo S-Lillestrøm,L1,rail,VYG:ServiceJourney:2132_443539-R,False,planned,False,Ta neste tog,Ta neste tog.,incident,normal,2026-09-07T15:44:36.205822+02:00
NSR:StopPlace:59641,Fjellhamar stasjon,2026-09-07T13:25:00+02:00,2026-09-07T13:25:00+02:00,,0.0,0,Vallerudtoppen,RUT:Line:315,Vallerudtoppen - Ahus,315,bus,RUT:ServiceJourney:8c416b83dbcbaf90bc2ee73bd9f970a5,False,planned,False,,,,,2026-09-07T15:44:36.205822+02:00
NSR:StopPlace:59641,Fjellhamar stasjon,2026-09-07T13:32:00+02:00,2026-09-07T13:32:00+02:00,,0.0,0,Asker,VYG:Line:L1,Spikkestad-Oslo S-Lillestrøm,L1,rail,VYG:ServiceJourney:2135_443542-R,False,planned,False,,,,,2026-09-07T15:44:36.205822+02:00
NSR:StopPlace:59641,Fjellhamar stasjon,2026-09-07T13:33:00+02:00,2026-09-07T13:33:00+02:00,,0.0,0,Lillestrøm,VYG:Line:L1,Spikkestad-Oslo S-Lillestrøm,L1,rail,VYG:ServiceJourney:2234_443640-R,False,planned,False,,,,,2026-09-07T15:44:36.205822+02:00
NSR:StopPlace:59641,Fjellhamar stasjon,2026-09-07T13:41:00+02:00,2026-09-07T13:41:00+02:00,,0.0,0,Ahus,RUT:Line:315,Vallerudtoppen - Ahus,315,bus,RUT:ServiceJourney:fe25d1f8b7acb952ff07b47842edac45,False,planned,False,,,,,2026-09-07T15:44:36.205822+02:00
NSR:StopPlace:59641,Fjellhamar stasjon,2026-09-07T13:48:00+02:00,2026-09-07T13:48:00+02:00,,0.0,0,Lillestrøm,VYG:Line:L1,Spikkestad-Oslo S-Lillestrøm,L1,rail,VYG:ServiceJourney:2134_443541-R,False,planned,False,,,,,2026-09-07T15:44:36.205822+02:00
NSR:StopPlace:59641,Fjellhamar stasjon,2026-09-07T13:55:00+02:00,2026-09-07T13:55:00+02:00,,0.0,0,Vallerudtoppen,RUT:Line:315,Vallerudtoppen - Ahus,315,bus,RUT:ServiceJourney:fb32060fbeae7dfda647aba4a1a110b6,False,planned,False,,,,,2026-09-07T15:44:36.205822+02:00
NSR:StopPlace:59641,Fjellhamar stasjon,2026-09-07T14:03:00+02:00,2026-09-07T14:03:00+02:00,,0.0,0,Lillestrøm,VYG:Line:L1,Spikkestad-Oslo S-Lillestrøm,L1,rail,VYG:ServiceJourney:2236_443643-R,False,planned,False,,,,,2026-09-07T15:44:36.205822+02:00
NSR:StopPlace:59641,Fjellhamar stasjon,2026-09-07T14:11:00+02:00,2026-09-07T14:11:00+02:00,,0.0,0,Ahus,RUT:Line:315,Vallerudtoppen - Ahus,315,bus,RUT:ServiceJourney:92b3512712e0ef9a2acb4eb80e2a8535,False,planned,False,,,,,2026-09-07T15:44:36.205822+02:00
NSR:StopPlace:59641,Fjellhamar stasjon,2026-09-07T14:18:00+02:00,2026-09-07T14:18:00+02:00,,0.0,0,Lillestrøm,VYG:Line:L1,Spikkestad-Oslo S-Lillestrøm,L1,rail,VYG:ServiceJourney:2136_443543-R,False,planned,False,,,,,2026-09-07T15:44:36.205822+02:00
NSR:StopPlace:59642,Rånåsfoss stasjon,2026-09-07T12:18:00+02:00,2026-09-07T12:18:00+02:00,,0.0,0,Asker,VYG:Line:R14,Asker-Oslo S-Kongsvinger,R14,rail,VYG:ServiceJourney:1016_442922-R,False,planned,False,,,,,2026-09-07T15:44:36.205822+02:00
NSR:StopPlace:59642,Rånåsfoss stasjon,2026-09-07T12:38:00+02:00,2026-09-07T12:38:00+02:00,,0.0,0,Kongsvinger,VYG:Line:R14,Asker-Oslo S-Kongsvinger,R14,rail,VYG:ServiceJourney:1015_442921-R,False,planned,False,,,,,2026-09-07T15:44:36.205822+02:00
NSR:StopPlace:59642,Rånåsfoss stasjon,2026-09-07T12:48:00+02:00,2026-09-07T12:48:00+02:00,,0.0,0,Årnes,RUT:Line:455,Årnes -Rånåsfoss,455,bus,RUT:ServiceJourney:8f597410bfd3b3f5f0013b68945f4e9a,False,planned,False,,,,,2026-09-07T15:44:36.205822+02:00
NSR:StopPlace:59642,Rånåsfoss stasjon,2026-09-07T13:18:00+02:00,2026-09-07T13:18:00+02:00,,0.0,0,Asker,VYG:Line:R14,Asker-Oslo S-Kongsvinger,R14,rail,VYG:ServiceJourney:1018_442925-R,False,planned,False,,,,,2026-09-07T15:44:36.205822+02:00
NSR:StopPlace:59642,Rånåsfoss stasjon,2026-09-07T13:38:00+02:00,2026-09-07T13:38:00+02:00,,0.0,0,Kongsvinger,VYG:Line:R14,Asker-Oslo S-Kongsvinger,R14,rail,VYG:ServiceJourney:1017_442923-R,False,planned,False,,,,,2026-09-07T15:44:36.205822+02:00
NSR:StopPlace:59643,Grefsen stasjon,2026-09-07T11:46:00+02:00,2026-09-07T11:46:00+02:00,,0.0,0,Gaustadalléen,RUT:Line:18,Grefsen st [4311] - Rikshospitalet,18,tram,RUT:ServiceJourney:b62be7db9c4da8c8a3ba673995f28349,False,planned,False,,,,,2026-09-07T15:44:36.205822+02:00
NSR:StopPlace:59643,Grefsen stasjon,2026-09-07T11:49:00+02:00,2026-09-07T11:49:00+02:00,,0.0,0,Simensbråten,RUT:Line:23,Lysaker - Simensbråten,23,bus,RUT:ServiceJourney:48b300952016ef7713ee877bcf8d3977,False,planned,False,,,,,2026-09-07T15:44:36.205822+02:00
NSR:StopPlace:59643,Grefsen stasjon,2026-09-07T11:50:00+02:00,2026-09-07T11:50:00+02:00,,0.0,0,Roa,VYG:Line:RE30,Oslo S-Gjøvik,RE30,rail,VYG:ServiceJourney:BUS-1215_655028-R,False,planned,False,,,,,2026-09-07T15:44:36.205822+02:00
NSR:StopPlace:59643,Grefsen stasjon,2026-09-07T11:51:00+02:00,2026-09-07T11:51:00+02:00,,0.0,0,Lysaker,RUT:Line:23,Lysaker - Simensbråten,23,bus,RUT:ServiceJourney:8ec3a2636f85d953a50823ecce28b50c,False,planned,False,,,,,2026-09-07T15:44:36.205822+02:00
NSR:StopPlace:59643,Grefsen stasjon,2026-09-07T11:52:00+02:00,2026-09-07T11:52:00+02:00,,0.0,0,Gaustadalléen,RUT:Line:17,Rikshospitalet - Sinsen o/ Carl Berner,17,tram,RUT:ServiceJourney:7c57b836c2b9e4fbb18a75fe84bae4e3,False,planned,False,,,,,2026-09-07T15:44:36.205822+02:00
NSR:StopPlace:59643,Grefsen stasjon,2026-09-07T11:56:00+02:00,2026-09-07T11:56:00+02:00,,0.0,0,Gaustadalléen,RUT:Line:18,Grefsen st [4311] - Rikshospitalet,18,tram,RUT:ServiceJourney:93637303f39abccdbfa49084de30cb6e,False,planned,False,,,,,2026-09-07T15:44:36.205822+02:00
NSR:StopPlace:59643,Grefsen stasjon,2026-09-07T11:59:00+02:00,2026-09-07T11:59:00+02:00,,0.0,0,Simensbråten,RUT:Line:23,Lysaker - Simensbråten,23,bus,RUT:ServiceJourney:3de6f284a6c6547474d97e9676fe4383,False,planned,False,,,,,2026-09-07T15:44:36.205822+02:00
NSR:StopPlace:59643,Grefsen stasjon,2026-09-07T12:01:00+02:00,2026-09-07T12:01:00+02:00,,0.0,0,Lysaker,RUT:Line:23,Lysaker - Simensbråten,23,bus,RUT:ServiceJourney:2ccb16b949d6adb9415df725c137bc59,False,planned,False,,,,,2026-09-07T15:44:36.205822+02:00
NSR:StopPlace:59643,Grefsen stasjon,2026-09-07T12:02:00+02:00,2026-09-07T12:02:00+02:00,,0.0,0,Gaustadalléen,RUT:Line:17,Rikshospitalet - Sinsen o/ Carl Berner,17,tram,RUT:ServiceJourney:f89ee46acab06ea3d946755802a71278,False,planned,False,,,,,2026-09-07T15:44:36.205822+02:00
NSR:StopPlace:59643,Grefsen stasjon,2026-09-07T12:06:00+02:00,2026-09-07T12:06:00+02:00,,0.0,0,Gaustadalléen,RUT:Line:18,Grefsen st [4311] - Rikshospitalet,18,tram,RUT:ServiceJourney:b5a411ecc6b41d09f438db473c781fd2,False,planned,False,,,,,2026-09-07T15:44:36.205822+02:00
NSR:StopPlace:59643,Grefsen stasjon,2026-09-07T12:08:00+02:00,2026-09-07T12:08:00+02:00,,0.0,0,Oslo lufthavn,NBU:Line:cb7b555c-f96e-42d5-84bf-a5e08c0145c2,Radiumhospitalet via Økern-Storo-Tåsen,FB3,bus,NBU:ServiceJourney:163bee30-953e-4d3e-a3a2-ac0b549cd843,False,planned,False,,,,,2026-09-07T15:44:36.205822+02:00
NSR:StopPlace:59643,Grefsen stasjon,2026-09-07T12:09:00+02:00,2026-09-07T12:09:00+02:00,,0.0,0,Hakadal,VYG:Line:R31,Skøyen-Jaren-Gjøvik,R31,rail,VYG:ServiceJourney:BUS-283_655629-R,False,planned,False,,,,,2026-09-07T15:44:36.205822+02:00
NSR:StopPlace:59643,Grefsen stasjon,2026-09-07T12:09:00+02:00,2026-09-07T12:09:00+02:00,,0.0,0,Simensbråten,RUT:Line:23,Lysaker - Simensbråten,23,bus,RUT:ServiceJourney:4c3ceb244b7bb0ec38009a8c566384fd,False,planned,False,,,,,2026-09-07T15:44:36.205822+02:00
NSR:StopPlace:59643,Grefsen stasjon,2026-09-07T12:11:00+02:00,2026-09-07T12:11:00+02:00,,0.0,0,Lysaker,RUT:Line:23,Lysaker - Simensbråten,23,bus,RUT:ServiceJourney:75060c178b28551689b6633e752138b5,False,planned,False,,,,,2026-09-07T15:44:36.205822+02:00
NSR:StopPlace:59643,Grefsen stasjon,2026-09-07T12:12:00+02:00,2026-09-07T12:12:00+02:00,,0.0,0,Gaustadalléen,RUT:Line:17,Rikshospitalet - Sinsen o/ Carl Berner,17,tram,RUT:ServiceJourney:e72fd70caad9252560337acd9302491a,False,planned,False,,,,,2026-09-07T15:44:36.205822+02:00
NSR:StopPlace:59643,Grefsen stasjon,2026-09-07T12:16:00+02:00,2026-09-07T12:16:00+02:00,,0.0,0,Gaustadalléen,RUT:Line:18,Grefsen st [4311] - Rikshospitalet,18,tram,RUT:ServiceJourney:272de21d937c3bd0cb1cb629f4c534b9,False,planned,False,,,,,2026-09-07T15:44:36.205822+02:00
NSR:StopPlace:59643,Grefsen stasjon,2026-09-07T12:19:00+02:00,2026-09-07T12:19:00+02:00,,0.0,0,Simensbråten,RUT:Line:23,Lysaker - Simensbråten,23,bus,RUT:ServiceJourney:c1c3e932e39d6cb51dc398087e278751,False,planned,False,,,,,2026-09-07T15:44:36.205822+02:00
NSR:StopPlace:59643,Grefsen stasjon,2026-09-07T12:21:00+02:00,2026-09-07T12:21:00+02:00,,0.0,0,Lysaker,RUT:Line:23,Lysaker - Simensbråten,23,bus,RUT:ServiceJourney:37d27c4c0c964a6dc092f2d0dfa05e60,False,planned,False,,,,,2026-09-07T15:44:36.205822+02:00
NSR:StopPlace:59643,Grefsen stasjon,2026-09-07T12:22:00+02:00,2026-09-07T12:22:00+02:00,,0.0,0,Gaustadalléen,RUT:Line:17,Rikshospitalet - Sinsen o/ Carl Berner,17,tram,RUT:ServiceJourney:50775e4cbf86929a839618e9ed924d04,False,planned,False,,,,,2026-09-07T15:44:36.205822+02:00
NSR:StopPlace:59643,Grefsen stasjon,2026-09-07T12:26:00+02:00,2026-09-07T12:26:00+02:00,,0.0,0,Gaustadalléen,RUT:Line:18,Grefsen st [4311] - Rikshospitalet,18,tram,RUT:ServiceJourney:0d31487338cad4589859df467f42e2b7,False,planned,False,,,,,2026-09-07T15:44:36.205822+02:00
NSR:StopPlace:59643,Grefsen stasjon,2026-09-07T12:29:00+02:00,2026-09-07T12:29:00+02:00,,0.0,0,Simensbråten,RUT:Line:23,Lysaker - Simensbråten,23,bus,RUT:ServiceJourney:958b4929bc78a1502dd5a34e6f3e9369,False,planned,False,,,,,2026-09-07T15:44:36.205822+02:00
NSR:StopPlace:59643,Grefsen stasjon,2026-09-07T12:31:00+02:00,2026-09-07T12:31:00+02:00,,0.0,0,Lysaker,RUT:Line:23,Lysaker - Simensbråten,23,bus,RUT:ServiceJourney:5404df0030989b65dba0a6c7d3acc915,False,planned,False,,,,,2026-09-07T15:44:36.205822+02:00
NSR:StopPlace:59643,Grefsen stasjon,2026-09-07T12:32:00+02:00,2026-09-07T12:32:00+02:00,,0.0,0,Gaustadalléen,RUT:Line:17,Rikshospitalet - Sinsen o/ Carl Berner,17,tram,RUT:ServiceJourney:6c284f1624176e0aef6bfacb7392b53b,False,planned,False,,,,,2026-09-07T15:44:36.205822+02:00
NSR:StopPlace:59643,Grefsen stasjon,2026-09-07T12:36:00+02:00,2026-09-07T12:36:00+02:00,,0.0,0,Gaustadalléen,RUT:Line:18,Grefsen st [4311] - Rikshospitalet,18,tram,RUT:ServiceJourney:cbea6fc62109155f9dba807c1858b8fe,False,planned,False,,,,,2026-09-07T15:44:36.205822+02:00
NSR:StopPlace:59643,Grefsen stasjon,2026-09-07T12:39:00+02:00,2026-09-07T12:39:00+02:00,,0.0,0,Simensbråten,RUT:Line:23,Lysaker - Simensbråten,23,bus,RUT:ServiceJourney:5f55cedb41fd5040d59b0997506dcaa0,False,planned,False,,,,,2026-09-07T15:44:36.205822+02:00
NSR:StopPlace:59643,Grefsen stasjon,2026-09-07T12:41:00+02:00,2026-09-07T12:41:00+02:00,,0.0,0,Lysaker,RUT:Line:23,Lysaker - Simensbråten,23,bus,RUT:ServiceJourney:d2475d0f763b03164ed00f31b8dfa5b3,False,planned,False,,,,,2026-09-07T15:44:36.205822+02:00
NSR:StopPlace:59643,Grefsen stasjon,2026-09-07T12:42:00+02:00,2026-09-07T12:42:00+02:00,,0.0,0,Gaustadalléen,RUT:Line:17,Rikshospitalet - Sinsen o/ Carl Berner,17,tram,RUT:ServiceJourney:ccf328bfa5a50916261783d83b9903a8,False,planned,False,,,,,2026-09-07T15:44:36.205822+02:00
NSR:StopPlace:59643,Grefsen stasjon,2026-09-07T12:46:00+02:00,2026-09-07T12:46:00+02:00,,0.0,0,Gaustadalléen,RUT:Line:18,Grefsen st [4311] - Rikshospitalet,18,tram,RUT:ServiceJourney:383c5f194f1c4917c2bfa1f201d0f666,False,planned,False,,,,,2026-09-07T15:44:36.205822+02:00
NSR:StopPlace:59643,Grefsen stasjon,2026-09-07T12:49:00+02:00,2026-09-07T12:49:00+02:00,,0.0,0,Simensbråten,RUT:Line:23,Lysaker - Simensbråten,23,bus,RUT:ServiceJourney:bc293b28c8cd342519b6a22971477931,False,planned,False,,,,,2026-09-07T15:44:36.205822+02:00
NSR:StopPlace:59643,Grefsen stasjon,2026-09-07T12:50:00+02:00,2026-09-07T12:50:00+02:00,,0.0,0,Roa,VYG:Line:RE30,Oslo S-Gjøvik,RE30,rail,VYG:ServiceJourney:BUS-1217_655037-R,False,planned,False,,,,,2026-09-07T15:44:36.205822+02:00
NSR:StopPlace:59643,Grefsen stasjon,2026-09-07T12:51:00+02:00,2026-09-07T12:51:00+02:00,,0.0,0,Lysaker,RUT:Line:23,Lysaker - Simensbråten,23,bus,RUT:ServiceJourney:d93039e857d148f05640fceb5b1c9e5a,False,planned,False,,,,,2026-09-07T15:44:36.205822+02:00
NSR:StopPlace:59643,Grefsen stasjon,2026-09-07T12:52:00+02:00,2026-09-07T12:52:00+02:00,,0.0,0,Gaustadalléen,RUT:Line:17,Rikshospitalet - Sinsen o/ Carl Berner,17,tram,RUT:ServiceJourney:6e87841ef33d0b1573b89736f39845a4,False,planned,False,,,,,2026-09-07T15:44:36.205822+02:00
NSR:StopPlace:59643,Grefsen stasjon,2026-09-07T12:56:00+02:00,2026-09-07T12:56:00+02:00,,0.0,0,Gaustadalléen,RUT:Line:18,Grefsen st [4311] - Rikshospitalet,18,tram,RUT:ServiceJourney:d91cb76dbc52e6b26d44e65d495771ec,False,planned,False,,,,,2026-09-07T15:44:36.205822+02:00
NSR:StopPlace:59643,Grefsen stasjon,2026-09-07T12:59:00+02:00,2026-09-07T12:59:00+02:00,,0.0,0,Simensbråten,RUT:Line:23,Lysaker - Simensbråten,23,bus,RUT:ServiceJourney:6c36c0c03678638bc7a0d7bb55d09e13,False,planned,False,,,,,2026-09-07T15:44:36.205822+02:00
NSR:StopPlace:59643,Grefsen stasjon,2026-09-07T13:01:00+02:00,2026-09-07T13:01:00+02:00,,0.0,0,Lysaker,RUT:Line:23,Lysaker - Simensbråten,23,bus,RUT:ServiceJourney:71d9e6977ead1a1bd5d916efd562d056,False,planned,False,,,,,2026-09-07T15:44:36.205822+02:00
NSR:StopPlace:59643,Grefsen stasjon,2026-09-07T13:02:00+02:00,2026-09-07T13:02:00+02:00,,0.0,0,Gaustadalléen,RUT:Line:17,Rikshospitalet - Sinsen o/ Carl Berner,17,tram,RUT:ServiceJourney:31580c9935289713bb4e226bc8f19d0d,False,planned,False,,,,,2026-09-07T15:44:36.205822+02:00
NSR:StopPlace:59643,Grefsen stasjon,2026-09-07T13:06:00+02:00,2026-09-07T13:06:00+02:00,,0.0,0,Gaustadalléen,RUT:Line:18,Grefsen st [4311] - Rikshospitalet,18,tram,RUT:ServiceJourney:0137de0a4e3ff80539757e9f906b97c4,False,planned,False,,,,,2026-09-07T15:44:36.205822+02:00
NSR:StopPlace:59643,Grefsen stasjon,2026-09-07T13:08:00+02:00,2026-09-07T13:08:00+02:00,,0.0,0,Oslo lufthavn,NBU:Line:cb7b555c-f96e-42d5-84bf-a5e08c0145c2,Radiumhospitalet via Økern-Storo-Tåsen,FB3,bus,NBU:ServiceJourney:b8f9338b-1881-437e-a259-edeeb1a54dbd,False,planned,False,,,,,2026-09-07T15:44:36.205822+02:00
NSR:StopPlace:59643,Grefsen stasjon,2026-09-07T13:09:00+02:00,2026-09-07T13:09:00+02:00,,0.0,0,Hakadal,VYG:Line:R31,Skøyen-Jaren-Gjøvik,R31,rail,VYG:ServiceJourney:BUS-285_655635-R,False,planned,False,,,,,2026-09-07T15:44:36.205822+02:00
NSR:StopPlace:59643,Grefsen stasjon,2026-09-07T13:09:00+02:00,2026-09-07T13:09:00+02:00,,0.0,0,Simensbråten,RUT:Line:23,Lysaker - Simensbråten,23,bus,RUT:ServiceJourney:df76801617cf7360c9d23666356e0cec,False,planned,False,,,,,2026-09-07T15:44:36.205822+02:00
NSR:StopPlace:59643,Grefsen stasjon,2026-09-07T13:11:00+02:00,2026-09-07T13:11:00+02:00,,0.0,0,Lysaker,RUT:Line:23,Lysaker - Simensbråten,23,bus,RUT:ServiceJourney:37991cae5150fcad18ad9bbdc2792c8b,False,planned,False,,,,,2026-09-07T15:44:36.205822+02:00
NSR:StopPlace:59643,Grefsen stasjon,2026-09-07T13:12:00+02:00,2026-09-07T13:12:00+02:00,,0.0,0,Gaustadalléen,RUT:Line:17,Rikshospitalet - Sinsen o/ Carl Berner,17,tram,RUT:ServiceJourney:5bca883e091789205eb712259867ba90,False,planned,False,,,,,2026-09-07T15:44:36.205822+02:00
NSR:StopPlace:59643,Grefsen stasjon,2026-09-07T13:16:00+02:00,2026-09-07T13:16:00+02:00,,0.0,0,Gaustadalléen,RUT:Line:18,Grefsen st [4311] - Rikshospitalet,18,tram,RUT:ServiceJourney:afd6893cc8c3350dcbc78d13b9f6f0d0,False,planned,False,,,,,2026-09-07T15:44:36.205822+02:00
NSR:StopPlace:59643,Grefsen stasjon,2026-09-07T13:19:00+02:00,2026-09-07T13:19:00+02:00,,0.0,0,Simensbråten,RUT:Line:23,Lysaker - Simensbråten,23,bus,RUT:ServiceJourney:6b7fe15a9c7e6f65a8195463105729b9,False,planned,False,,,,,2026-09-07T15:44:36.205822+02:00
NSR:StopPlace:59643,Grefsen stasjon,2026-09-07T13:21:00+02:00,2026-09-07T13:21:00+02:00,,0.0,0,Lysaker,RUT:Line:23,Lysaker - Simensbråten,23,bus,RUT:ServiceJourney:11e8208366f6b6309ecda34e6ed91aef,False,planned,False,,,,,2026-09-07T15:44:36.205822+02:00
NSR:StopPlace:59643,Grefsen stasjon,2026-09-07T13:22:00+02:00,2026-09-07T13:22:00+02:00,,0.0,0,Gaustadalléen,RUT:Line:17,Rikshospitalet - Sinsen o/ Carl Berner,17,tram,RUT:ServiceJourney:186ebcf43a604ea5443da1d6d7e1b6db,False,planned,False,,,,,2026-09-07T15:44:36.205822+02:00
NSR:StopPlace:59643,Grefsen stasjon,2026-09-07T13:26:00+02:00,2026-09-07T13:26:00+02:00,,0.0,0,Gaustadalléen,RUT:Line:18,Grefsen st [4311] - Rikshospitalet,18,tram,RUT:ServiceJourney:50b56e1d1043714f7be609bfdc1d3f22,False,planned,False,,,,,2026-09-07T15:44:36.205822+02:00
NSR:StopPlace:59643,Grefsen stasjon,2026-09-07T13:29:00+02:00,2026-09-07T13:29:00+02:00,,0.0,0,Simensbråten,RUT:Line:23,Lysaker - Simensbråten,23,bus,RUT:ServiceJourney:0ca5c55e68cb468e5f827cb527709af1,False,planned,False,,,,,2026-09-07T15:44:36.205822+02:00
NSR:StopPlace:59643,Grefsen stasjon,2026-09-07T13:31:00+02:00,2026-09-07T13:31:00+02:00,,0.0,0,Lysaker,RUT:Line:23,Lysaker - Simensbråten,23,bus,RUT:ServiceJourney:7c35d5a58a907c973780f647e6a65f47,False,planned,False,,,,,2026-09-07T15:44:36.205822+02:00
NSR:StopPlace:59643,Grefsen stasjon,2026-09-07T13:32:00+02:00,2026-09-07T13:32:00+02:00,,0.0,0,Gaustadalléen,RUT:Line:17,Rikshospitalet - Sinsen o/ Carl Berner,17,tram,RUT:ServiceJourney:538877e3e8bdf664aa63d7e42bd9f524,False,planned,False,,,,,2026-09-07T15:44:36.205822+02:00
NSR:StopPlace:59658,Moi stasjon,2026-09-07T12:23:00+02:00,2026-09-07T12:23:00+02:00,,0.0,0,Eik,KOL:Line:8_2031,99,99,bus,KOL:ServiceJourney:2031_250903083238532_1001,False,planned,False,,,,,2026-09-07T15:44:36.205822+02:00
NSR:StopPlace:59659,Atna stasjon,2026-09-07T12:06:00+02:00,2026-09-07T12:06:00+02:00,,0.0,0,Røros,SJN:Line:25,Rørosbanen,R60,rail,SJN:ServiceJourney:2383_37663-R,False,planned,False,,,,,2026-09-07T15:44:36.205822+02:00
NSR:StopPlace:59659,Atna stasjon,2026-09-07T13:16:00+02:00,2026-09-07T13:16:00+02:00,,0.0,0,Bestillingsrute - on demand only,INN:FlexibleLine:8230,Bestillingsrute Koppang - Soll,8230,taxi,INN:ServiceJourney:56219,False,planned,False,,,,,2026-09-07T15:44:36.205822+02:00
NSR:StopPlace:60640,Heimdal stasjon,2026-09-07T11:46:00+02:00,2026-09-07T11:46:00+02:00,,0.0,0,Lundåsen,ATB:Line:2_46,Torgård- Lundåsen,46,bus,ATB:ServiceJourney:46_251215112544093_36,False,planned,False,,,,,2026-09-07T15:44:36.205822+02:00
NSR:StopPlace:60640,Heimdal stasjon,2026-09-07T11:48:00+02:00,2026-09-07T11:48:00+02:00,,0.0,0,Lund,ATB:Line:2_2,Strindheim- Lade- sentrum- Sau,2,bus,ATB:ServiceJourney:2_251215112550257_80,False,planned,False,,,,,2026-09-07T15:44:36.205822+02:00
NSR:StopPlace:60640,Heimdal stasjon,2026-09-07T11:50:00+02:00,2026-09-07T11:50:00+02:00,,0.0,0,Ranheim via Tiller-sentrum,ATB:Line:2_1,Ranheim - Strindheim - sentrum - Tiller - Heimdal - Kattem,1,bus,ATB:ServiceJourney:1_251215112546066_95,False,planned,False,,,,,2026-09-07T15:44:36.205822+02:00
NSR:StopPlace:60640,Heimdal stasjon,2026-09-07T11:51:00+02:00,2026-09-07T11:51:00+02:00,,0.0,0,Kattem,ATB:Line:2_1,Ranheim - Strindheim - sentrum - Tiller - Heimdal - Kattem,1,bus,ATB:ServiceJourney:1_251215112546207_86,False,planned,False,,,,,2026-09-07T15:44:36.205822+02:00
NSR:StopPlace:60640,Heimdal stasjon,2026-09-07T11:51:00+02:00,2026-09-07T11:51:00+02:00,,0.0,0,Strindheim via Kolstad-sentrum,ATB:Line:2_2,Strindheim- Lade- sentrum- Sau,2,bus,ATB:ServiceJourney:2_251215112549937_95,False,planned,False,,,,,2026-09-07T15:44:36.205822+02:00
NSR:StopPlace:60640,Heimdal stasjon,2026-09-07T11:52:00+02:00,2026-09-07T11:52:00+02:00,,0.0,0,Flatåstoppen via Saupstadr.,ATB:Line:2_16,Flatåsen- Heimdal- Torgård,16,bus,ATB:ServiceJourney:16_251215112550583_29,False,planned,False,,,,,2026-09-07T15:44:36.205822+02:00
NSR:StopPlace:60640,Heimdal stasjon,2026-09-07T11:56:00+02:00,2026-09-07T11:56:00+02:00,,0.0,0,Ringvål,ATB:Line:2_78,Heimdal- Ringvål (-Spongdal),78,bus,ATB:ServiceJourney:78_251215112544254_12,False,planned,False,,,,,2026-09-07T15:44:36.205822+02:00
NSR:StopPlace:60640,Heimdal stasjon,2026-09-07T11:58:00+02:00,2026-09-07T11:58:00+02:00,,0.0,0,Lund,ATB:Line:2_2,Strindheim- Lade- sentrum- Sau,2,bus,ATB:ServiceJourney:2_251215112550258_82,False,planned,False,,,,,2026-09-07T15:44:36.205822+02:00
NSR:StopPlace:60640,Heimdal stasjon,2026-09-07T11:59:00+02:00,2026-09-07T11:59:00+02:00,,0.0,0,Ler,SJN:Line:26,Trønderbanen,R70,rail,SJN:ServiceJourney:430_56059-R,False,planned,False,,,,,2026-09-07T15:44:36.205822+02:00
NSR:StopPlace:60640,Heimdal stasjon,2026-09-07T11:59:00+02:00,2026-09-07T11:59:00+02:00,,0.0,0,Steinkjer,SJN:Line:26,Trønderbanen,R70,rail,SJN:ServiceJourney:435-SOeB_56064-R,False,planned,False,,,,,2026-09-07T15:44:36.205822+02:00
NSR:StopPlace:60640,Heimdal stasjon,2026-09-07T12:00:00+02:00,2026-09-07T12:00:00+02:00,,0.0,0,Ranheim via Tiller-sentrum,ATB:Line:2_1,Ranheim - Strindheim - sentrum - Tiller - Heimdal - Kattem,1,bus,ATB:ServiceJourney:1_251215112546067_97,False,planned,False,,,,,2026-09-07T15:44:36.205822+02:00
NSR:StopPlace:60640,Heimdal stasjon,2026-09-07T12:01:00+02:00,2026-09-07T12:01:00+02:00,,0.0,0,Kattem,ATB:Line:2_1,Ranheim - Strindheim - sentrum - Tiller - Heimdal - Kattem,1,bus,ATB:ServiceJourney:1_251215112546208_88,False,planned,False,,,,,2026-09-07T15:44:36.205822+02:00
NSR:StopPlace:60640,Heimdal stasjon,2026-09-07T12:01:00+02:00,2026-09-07T12:01:00+02:00,,0.0,0,Strindheim via Kolstad-sentrum,ATB:Line:2_2,Strindheim- Lade- sentrum- Sau,2,bus,ATB:ServiceJourney:2_251215112549938_97,False,planned,False,,,,,2026-09-07T15:44:36.205822+02:00
NSR:StopPlace:60640,Heimdal stasjon,2026-09-07T12:01:00+02:00,2026-09-07T12:01:00+02:00,,0.0,0,Torgård via Tillerringen,ATB:Line:2_16,Flatåsen- Heimdal- Torgård,16,bus,ATB:ServiceJourney:16_251215112550523_32,False,planned,False,,,,,2026-09-07T15:44:36.205822+02:00
NSR:StopPlace:60640,Heimdal stasjon,2026-09-07T12:07:00+02:00,2026-09-07T12:07:00+02:00,,0.0,0,Torgård,ATB:Line:2_46,Torgård- Lundåsen,46,bus,ATB:ServiceJourney:46_251215112544179_41,False,planned,False,,,,,2026-09-07T15:44:36.205822+02:00
NSR:StopPlace:60640,Heimdal stasjon,2026-09-07T12:08:00+02:00,2026-09-07T12:08:00+02:00,,0.0,0,Lund,ATB:Line:2_2,Strindheim- Lade- sentrum- Sau,2,bus,ATB:ServiceJourney:2_251215112550259_84,False,planned,False,,,,,2026-09-07T15:44:36.205822+02:00
NSR:StopPlace:60640,Heimdal stasjon,2026-09-07T12:10:00+02:00,2026-09-07T12:10:00+02:00,,0.0,0,Ranheim via Tiller-sentrum,ATB:Line:2_1,Ranheim - Strindheim - sentrum - Tiller - Heimdal - Kattem,1,bus,ATB:ServiceJourney:1_251215112546068_99,False,planned,False,,,,,2026-09-07T15:44:36.205822+02:00
NSR:StopPlace:60640,Heimdal stasjon,2026-09-07T12:11:00+02:00,2026-09-07T12:11:00+02:00,,0.0,0,Kattem,ATB:Line:2_1,Ranheim - Strindheim - sentrum - Tiller - Heimdal - Kattem,1,bus,ATB:ServiceJourney:1_251215112546209_90,False,planned,False,,,,,2026-09-07T15:44:36.205822+02:00
NSR:StopPlace:60640,Heimdal stasjon,2026-09-07T12:11:00+02:00,2026-09-07T12:11:00+02:00,,0.0,0,Strindheim via Kolstad-sentrum,ATB:Line:2_2,Strindheim- Lade- sentrum- Sau,2,bus,ATB:ServiceJourney:2_251215112549939_99,False,planned,False,,,,,2026-09-07T15:44:36.205822+02:00
NSR:StopPlace:60640,Heimdal stasjon,2026-09-07T12:16:00+02:00,2026-09-07T12:16:00+02:00,,0.0,0,Lundåsen,ATB:Line:2_46,Torgård- Lundåsen,46,bus,ATB:ServiceJourney:46_251215112544094_38,False,planned,False,,,,,2026-09-07T15:44:36.205822+02:00
NSR:StopPlace:60640,Heimdal stasjon,2026-09-07T12:18:00+02:00,2026-09-07T12:18:00+02:00,,0.0,0,Lund,ATB:Line:2_2,Strindheim- Lade- sentrum- Sau,2,bus,ATB:ServiceJourney:2_251215112550260_86,False,planned,False,,,,,2026-09-07T15:44:36.205822+02:00
NSR:StopPlace:60640,Heimdal stasjon,2026-09-07T12:20:00+02:00,2026-09-07T12:20:00+02:00,,0.0,0,Ranheim via Tiller-sentrum,ATB:Line:2_1,Ranheim - Strindheim - sentrum - Tiller - Heimdal - Kattem,1,bus,ATB:ServiceJourney:1_251215112546069_101,False,planned,False,,,,,2026-09-07T15:44:36.205822+02:00
NSR:StopPlace:60640,Heimdal stasjon,2026-09-07T12:21:00+02:00,2026-09-07T12:21:00+02:00,,0.0,0,Kattem,ATB:Line:2_1,Ranheim - Strindheim - sentrum - Tiller - Heimdal - Kattem,1,bus,ATB:ServiceJourney:1_251215112546210_92,False,planned,False,,,,,2026-09-07T15:44:36.205822+02:00
NSR:StopPlace:60640,Heimdal stasjon,2026-09-07T12:21:00+02:00,2026-09-07T12:21:00+02:00,,0.0,0,Strindheim via Kolstad-sentrum,ATB:Line:2_2,Strindheim- Lade- sentrum- Sau,2,bus,ATB:ServiceJourney:2_251215112549940_101,False,planned,False,,,,,2026-09-07T15:44:36.205822+02:00
NSR:StopPlace:60640,Heimdal stasjon,2026-09-07T12:22:00+02:00,2026-09-07T12:22:00+02:00,,0.0,0,Flatåsen/N. Flatåsen via Saupst.,ATB:Line:2_16,Flatåsen- Heimdal- Torgård,16,bus,ATB:ServiceJourney:16_251215112550618_31,False,planned,False,,,,,2026-09-07T15:44:36.205822+02:00
NSR:StopPlace:60640,Heimdal stasjon,2026-09-07T12:28:00+02:00,2026-09-07T12:28:00+02:00,,0.0,0,Lund,ATB:Line:2_2,Strindheim- Lade- sentrum- Sau,2,bus,ATB:ServiceJourney:2_251215112550261_88,False,planned,False,,,,,2026-09-07T15:44:36.205822+02:00
NSR:StopPlace:60640,Heimdal stasjon,2026-09-07T12:30:00+02:00,2026-09-07T12:30:00+02:00,,0.0,0,Ranheim via Tiller-sentrum,ATB:Line:2_1,Ranheim - Strindheim - sentrum - Tiller - Heimdal - Kattem,1,bus,ATB:ServiceJourney:1_251215112546070_103,False,planned,False,,,,,2026-09-07T15:44:36.205822+02:00
NSR:StopPlace:60640,Heimdal stasjon,2026-09-07T12:31:00+02:00,2026-09-07T12:31:00+02:00,,0.0,0,Kattem,ATB:Line:2_1,Ranheim - Strindheim - sentrum - Tiller - Heimdal - Kattem,1,bus,ATB:ServiceJourney:1_251215112546211_94,False,planned,False,,,,,2026-09-07T15:44:36.205822+02:00
NSR:StopPlace:60640,Heimdal stasjon,2026-09-07T12:31:00+02:00,2026-09-07T12:31:00+02:00,,0.0,0,Torgård via Tillerringen,ATB:Line:2_16,Flatåsen- Heimdal- Torgård,16,bus,ATB:ServiceJourney:16_251215112550529_34,False,planned,False,,,,,2026-09-07T15:44:36.205822+02:00
NSR:StopPlace:60640,Heimdal stasjon,2026-09-07T12:31:00+02:00,2026-09-07T12:31:00+02:00,,0.0,0,Strindheim via Kolstad-sentrum,ATB:Line:2_2,Strindheim- Lade- sentrum- Sau,2,bus,ATB:ServiceJourney:2_251215112549941_103,False,planned,False,,,,,2026-09-07T15:44:36.205822+02:00
NSR:StopPlace:60640,Heimdal stasjon,2026-09-07T12:33:00+02:00,2026-09-07T12:33:00+02:00,,0.0,0,Spongdal via Klettkrysset,ATB:Line:2_77,Heimdal- Klett- Spongdal,77,bus,ATB:ServiceJourney:77_251215112550985_18,False,planned,False,,,,,2026-09-07T15:44:36.205822+02:00
NSR:StopPlace:60640,Heimdal stasjon,2026-09-07T12:37:00+02:00,2026-09-07T12:37:00+02:00,,0.0,0,Torgård,ATB:Line:2_46,Torgård- Lundåsen,46,bus,ATB:ServiceJourney:46_251215112544180_43,False,planned,False,,,,,2026-09-07T15:44:36.205822+02:00
NSR:StopPlace:60640,Heimdal stasjon,2026-09-07T12:38:00+02:00,2026-09-07T12:38:00+02:00,,0.0,0,Lund,ATB:Line:2_2,Strindheim- Lade- sentrum- Sau,2,bus,ATB:ServiceJourney:2_251215112550262_90,False,planned,False,,,,,2026-09-07T15:44:36.205822+02:00
NSR:StopPlace:60640,Heimdal stasjon,2026-09-07T12:40:00+02:00,2026-09-07T12:40:00+02:00,,0.0,0,Ranheim via Tiller-sentrum,ATB:Line:2_1,Ranheim - Strindheim - sentrum - Tiller - Heimdal - Kattem,1,bus,ATB:ServiceJourney:1_251215112546071_105,False,planned,False,,,,,2026-09-07T15:44:36.205822+02:00
NSR:StopPlace:60640,Heimdal stasjon,2026-09-07T12:41:00+02:00,2026-09-07T12:41:00+02:00,,0.0,0,Kattem,ATB:Line:2_1,Ranheim - Strindheim - sentrum - Tiller - Heimdal - Kattem,1,bus,ATB:ServiceJourney:1_251215112546212_96,False,planned,False,,,,,2026-09-07T15:44:36.205822+02:00
NSR:StopPlace:60640,Heimdal stasjon,2026-09-07T12:41:00+02:00,2026-09-07T12:41:00+02:00,,0.0,0,Strindheim via Kolstad-sentrum,ATB:Line:2_2,Strindheim- Lade- sentrum- Sau,2,bus,ATB:ServiceJourney:2_251215112549942_105,False,planned,False,,,,,2026-09-07T15:44:36.205822+02:00
NSR:StopPlace:60640,Heimdal stasjon,2026-09-07T12:46:00+02:00,2026-09-07T12:46:00+02:00,,0.0,0,Lundåsen,ATB:Line:2_46,Torgård- Lundåsen,46,bus,ATB:ServiceJourney:46_251215112544095_40,False,planned,False,,,,,2026-09-07T15:44:36.205822+02:00
NSR:StopPlace:60640,Heimdal stasjon,2026-09-07T12:48:00+02:00,2026-09-07T12:48:00+02:00,,0.0,0,Lund,ATB:Line:2_2,Strindheim- Lade- sentrum- Sau,2,bus,ATB:ServiceJourney:2_251215112550263_92,False,planned,False,,,,,2026-09-07T15:44:36.205822+02:00
NSR:StopPlace:60640,Heimdal stasjon,2026-09-07T12:50:00+02:00,2026-09-07T12:50:00+02:00,,0.0,0,Ranheim via Tiller-sentrum,ATB:Line:2_1,Ranheim - Strindheim - sentrum - Tiller - Heimdal - Kattem,1,bus,ATB:ServiceJourney:1_251215112546072_107,False,planned,False,,,,,2026-09-07T15:44:36.205822+02:00
NSR:StopPlace:60640,Heimdal stasjon,2026-09-07T12:51:00+02:00,2026-09-07T12:51:00+02:00,,0.0,0,Kattem,ATB:Line:2_1,Ranheim - Strindheim - sentrum - Tiller - Heimdal - Kattem,1,bus,ATB:ServiceJourney:1_251215112546213_98,False,planned,False,,,,,2026-09-07T15:44:36.205822+02:00
NSR:StopPlace:60640,Heimdal stasjon,2026-09-07T12:51:00+02:00,2026-09-07T12:51:00+02:00,,0.0,0,Strindheim via Kolstad-sentrum,ATB:Line:2_2,Strindheim- Lade- sentrum- Sau,2,bus,ATB:ServiceJourney:2_251215112549943_107,False,planned,False,,,,,2026-09-07T15:44:36.205822+02:00
NSR:StopPlace:60640,Heimdal stasjon,2026-09-07T12:54:00+02:00,2026-09-07T12:54:00+02:00,,0.0,0,Flatåstoppen via Saupstadr.,ATB:Line:2_16,Flatåsen- Heimdal- Torgård,16,bus,ATB:ServiceJourney:16_251215112550541_33,False,planned,False,,,,,2026-09-07T15:44:36.205822+02:00
NSR:StopPlace:60640,Heimdal stasjon,2026-09-07T12:58:00+02:00,2026-09-07T12:58:00+02:00,,0.0,0,Lund,ATB:Line:2_2,Strindheim- Lade- sentrum- Sau,2,bus,ATB:ServiceJourney:2_251215112550264_94,False,planned,False,,,,,2026-09-07T15:44:36.205822+02:00
NSR:StopPlace:60640,Heimdal stasjon,2026-09-07T12:59:00+02:00,2026-09-07T12:59:00+02:00,,0.0,0,Ler,SJN:Line:26,Trønderbanen,R70,rail,SJN:ServiceJourney:432_56061-R,False,planned,False,,,,,2026-09-07T15:44:36.205822+02:00
NSR:StopPlace:60640,Heimdal stasjon,2026-09-07T13:00:00+02:00,2026-09-07T13:00:00+02:00,,0.0,0,Ranheim via Tiller-sentrum,ATB:Line:2_1,Ranheim - Strindheim - sentrum - Tiller - Heimdal - Kattem,1,bus,ATB:ServiceJourney:1_251215112546073_109,False,planned,False,,,,,2026-09-07T15:44:36.205822+02:00
NSR:StopPlace:60640,Heimdal stasjon,2026-09-07T13:01:00+02:00,2026-09-07T13:01:00+02:00,,0.0,0,Kattem,ATB:Line:2_1,Ranheim - Strindheim - sentrum - Tiller - Heimdal - Kattem,1,bus,ATB:ServiceJourney:1_251215112546214_100,False,planned,False,,,,,2026-09-07T15:44:36.205822+02:00
NSR:StopPlace:60640,Heimdal stasjon,2026-09-07T13:01:00+02:00,2026-09-07T13:01:00+02:00,,0.0,0,Strindheim via Kolstad-sentrum,ATB:Line:2_2,Strindheim- Lade- sentrum- Sau,2,bus,ATB:ServiceJourney:2_251215112549944_109,False,planned,False,,,,,2026-09-07T15:44:36.205822+02:00
NSR:StopPlace:60640,Heimdal stasjon,2026-09-07T13:01:00+02:00,2026-09-07T13:01:00+02:00,,0.0,0,Torgård via Tillerringen,ATB:Line:2_16,Flatåsen- Heimdal- Torgård,16,bus,ATB:ServiceJourney:16_251215112550524_36,False,planned,False,,,,,2026-09-07T15:44:36.205822+02:00
NSR:StopPlace:60640,Heimdal stasjon,2026-09-07T13:07:00+02:00,2026-09-07T13:07:00+02:00,,0.0,0,Torgård,ATB:Line:2_46,Torgård- Lundåsen,46,bus,ATB:ServiceJourney:46_251215112544181_45,False,planned,False,,,,,2026-09-07T15:44:36.205822+02:00
NSR:StopPlace:59650,Nyland stasjon,2026-09-07T11:51:00+02:00,2026-09-07T11:51:00+02:00,,0.0,0,Lillestrøm,VYG:Line:L1,Spikkestad-Oslo S-Lillestrøm,L1,rail,VYG:ServiceJourney:2228_445323-R,False,planned,False,,,,,2026-09-07T15:44:36.205822+02:00
NSR:StopPlace:59650,Nyland stasjon,2026-09-07T11:54:00+02:00,2026-09-07T11:54:00+02:00,,0.0,0,Lørenskog sentrum,RUT:Line:67,Økern-Lørenskog sentrum,67,bus,RUT:ServiceJourney:089be9f044e9b5c5c438dd500c5c5a85,False,planned,False,,,,,2026-09-07T15:44:36.205822+02:00
NSR:StopPlace:59650,Nyland stasjon,2026-09-07T11:59:00+02:00,2026-09-07T11:59:00+02:00,,0.0,0,Spikkestad,VYG:Line:L1,Spikkestad-Oslo S-Lillestrøm,L1,rail,VYG:ServiceJourney:2229_443630-R,False,planned,False,,,,,2026-09-07T15:44:36.205822+02:00
NSR:StopPlace:59650,Nyland stasjon,2026-09-07T12:01:00+02:00,2026-09-07T12:01:00+02:00,,0.0,0,Økern,RUT:Line:345,Vestvollen - Økern,345,bus,RUT:ServiceJourney:83991e81c1b5bf96eb9b8f015005472c,False,planned,False,,,,,2026-09-07T15:44:36.205822+02:00
NSR:StopPlace:59650,Nyland stasjon,2026-09-07T12:05:00+02:00,2026-09-07T12:05:00+02:00,,0.0,0,Vestvollen,RUT:Line:345,Vestvollen - Økern,345,bus,RUT:ServiceJourney:b67fb18a928cc07cfb2f4487c588d47e,False,planned,False,,,,,2026-09-07T15:44:36.205822+02:00
NSR:StopPlace:59650,Nyland stasjon,2026-09-07T12:06:00+02:00,2026-09-07T12:06:00+02:00,,0.0,0,Lillestrøm,VYG:Line:L1,Spikkestad-Oslo S-Lillestrøm,L1,rail,VYG:ServiceJourney:2128_443534-R,False,planned,False,,,,,2026-09-07T15:44:36.205822+02:00
NSR:StopPlace:59650,Nyland stasjon,2026-09-07T12:10:00+02:00,2026-09-07T12:10:00+02:00,,0.0,0,Økern,RUT:Line:67,Økern-Lørenskog sentrum,67,bus,RUT:ServiceJourney:b4f05e4bb34a8c4c81b7d086088ffc47,False,planned,False,,,,,2026-09-07T15:44:36.205822+02:00
NSR:StopPlace:59650,Nyland stasjon,2026-09-07T12:14:00+02:00,2026-09-07T12:14:00+02:00,,0.0,0,Asker,VYG:Line:L1,Spikkestad-Oslo S-Lillestrøm,L1,rail,VYG:ServiceJourney:2129_443535-R,False,planned,False,,,,,2026-09-07T15:44:36.205822+02:00
NSR:StopPlace:59650,Nyland stasjon,2026-09-07T12:21:00+02:00,2026-09-07T12:21:00+02:00,,0.0,0,Lillestrøm,VYG:Line:L1,Spikkestad-Oslo S-Lillestrøm,L1,rail,VYG:ServiceJourney:2230_443633-R,False,planned,False,,,,,2026-09-07T15:44:36.205822+02:00
NSR:StopPlace:59650,Nyland stasjon,2026-09-07T12:22:00+02:00,2026-09-07T12:22:00+02:00,,0.0,0,Oslo lufthavn,NBU:Line:cb7b555c-f96e-42d5-84bf-a5e08c0145c2,Radiumhospitalet via Økern-Storo-Tåsen,FB3,bus,NBU:ServiceJourney:163bee30-953e-4d3e-a3a2-ac0b549cd843,False,planned,False,,,,,2026-09-07T15:44:36.205822+02:00
NSR:StopPlace:59650,Nyland stasjon,2026-09-07T12:24:00+02:00,2026-09-07T12:24:00+02:00,,0.0,0,Lørenskog sentrum,RUT:Line:67,Økern-Lørenskog sentrum,67,bus,RUT:ServiceJourney:83dbcf9c52e85fcb0e16c1bea2b24eb1,False,planned,False,,,,,2026-09-07T15:44:36.205822+02:00
NSR:StopPlace:59650,Nyland stasjon,2026-09-07T12:29:00+02:00,2026-09-07T12:29:00+02:00,,0.0,0,Spikkestad,VYG:Line:L1,Spikkestad-Oslo S-Lillestrøm,L1,rail,VYG:ServiceJourney:2231_443635-R,False,planned,False,,,,,2026-09-07T15:44:36.205822+02:00
NSR:StopPlace:59650,Nyland stasjon,2026-09-07T12:31:00+02:00,2026-09-07T12:31:00+02:00,,0.0,0,Økern,RUT:Line:345,Vestvollen - Økern,345,bus,RUT:ServiceJourney:42b84370ba6332f5fbb7ae913347d89e,False,planned,False,,,,,2026-09-07T15:44:36.205822+02:00
NSR:StopPlace:59650,Nyland stasjon,2026-09-07T12:35:00+02:00,2026-09-07T12:35:00+02:00,,0.0,0,Vestvollen,RUT:Line:345,Vestvollen - Økern,345,bus,RUT:ServiceJourney:b1454fdee444f43a0a76cff98d9d71b1,False,planned,False,,,,,2026-09-07T15:44:36.205822+02:00
NSR:StopPlace:59650,Nyland stasjon,2026-09-07T12:36:00+02:00,2026-09-07T12:36:00+02:00,,0.0,0,Lillestrøm,VYG:Line:L1,Spikkestad-Oslo S-Lillestrøm,L1,rail,VYG:ServiceJourney:2130_443537-R,False,planned,False,,,,,2026-09-07T15:44:36.205822+02:00
NSR:StopPlace:59650,Nyland stasjon,2026-09-07T12:40:00+02:00,2026-09-07T12:40:00+02:00,,0.0,0,Økern,RUT:Line:67,Økern-Lørenskog sentrum,67,bus,RUT:ServiceJourney:b228667c18309554696b38eda66becdd,False,planned,False,,,,,2026-09-07T15:44:36.205822+02:00
NSR:StopPlace:59650,Nyland stasjon,2026-09-07T12:44:00+02:00,2026-09-07T12:44:00+02:00,,0.0,0,Asker,VYG:Line:L1,Spikkestad-Oslo S-Lillestrøm,L1,rail,VYG:ServiceJourney:2131_443538-R,False,planned,False,,,,,2026-09-07T15:44:36.205822+02:00
NSR:StopPlace:59650,Nyland stasjon,2026-09-07T12:51:00+02:00,2026-09-07T12:51:00+02:00,,0.0,0,Lillestrøm,VYG:Line:L1,Spikkestad-Oslo S-Lillestrøm,L1,rail,VYG:ServiceJourney:2232_445328-R,False,planned,False,,,,,2026-09-07T15:44:36.205822+02:00
NSR:StopPlace:59650,Nyland stasjon,2026-09-07T12:54:00+02:00,2026-09-07T12:54:00+02:00,,0.0,0,Lørenskog sentrum,RUT:Line:67,Økern-Lørenskog sentrum,67,bus,RUT:ServiceJourney:dfe2a86cec9e8eccf4cf2bd41b889f9e,False,planned,False,,,,,2026-09-07T15:44:36.205822+02:00
NSR:StopPlace:59650,Nyland stasjon,2026-09-07T12:59:00+02:00,2026-09-07T12:59:00+02:00,,0.0,0,Spikkestad,VYG:Line:L1,Spikkestad-Oslo S-Lillestrøm,L1,rail,VYG:ServiceJourney:2233_443638-R,False,planned,False,,,,,2026-09-07T15:44:36.205822+02:00
NSR:StopPlace:59650,Nyland stasjon,2026-09-07T13:01:00+02:00,2026-09-07T13:01:00+02:00,,0.0,0,Økern,RUT:Line:345,Vestvollen - Økern,345,bus,RUT:ServiceJourney:f2fe3ce567d46f549af69883097c6130,False,planned,False,,,,,2026-09-07T15:44:36.205822+02:00
NSR:StopPlace:59650,Nyland stasjon,2026-09-07T13:05:00+02:00,2026-09-07T13:05:00+02:00,,0.0,0,Vestvollen,RUT:Line:345,Vestvollen - Økern,345,bus,RUT:ServiceJourney:d4c44abc72772b3ce511e335ed4668dc,False,planned,False,,,,,2026-09-07T15:44:36.205822+02:00
NSR:StopPlace:59650,Nyland stasjon,2026-09-07T13:06:00+02:00,2026-09-07T13:06:00+02:00,,0.0,0,Lillestrøm,VYG:Line:L1,Spikkestad-Oslo S-Lillestrøm,L1,rail,VYG:ServiceJourney:2132_443539-R,False,planned,False,Ta neste tog,Ta neste tog.,incident,normal,2026-09-07T15:44:36.205822+02:00
NSR:StopPlace:59650,Nyland stasjon,2026-09-07T13:10:00+02:00,2026-09-07T13:10:00+02:00,,0.0,0,Økern,RUT:Line:67,Økern-Lørenskog sentrum,67,bus,RUT:ServiceJourney:b7a51711f3e2eb8cae06d8e79f182c9b,False,planned,False,,,,,2026-09-07T15:44:36.205822+02:00
NSR:StopPlace:59650,Nyland stasjon,2026-09-07T13:14:00+02:00,2026-09-07T13:14:00+02:00,,0.0,0,Asker,VYG:Line:L1,Spikkestad-Oslo S-Lillestrøm,L1,rail,VYG:ServiceJourney:2133_443540-R,False,planned,False,,,,,2026-09-07T15:44:36.205822+02:00
NSR:StopPlace:59650,Nyland stasjon,2026-09-07T13:21:00+02:00,2026-09-07T13:21:00+02:00,,0.0,0,Lillestrøm,VYG:Line:L1,Spikkestad-Oslo S-Lillestrøm,L1,rail,VYG:ServiceJourney:2234_443640-R,False,planned,False,,,,,2026-09-07T15:44:36.205822+02:00
NSR:StopPlace:59650,Nyland stasjon,2026-09-07T13:22:00+02:00,2026-09-07T13:22:00+02:00,,0.0,0,Oslo lufthavn,NBU:Line:cb7b555c-f96e-42d5-84bf-a5e08c0145c2,Radiumhospitalet via Økern-Storo-Tåsen,FB3,bus,NBU:ServiceJourney:b8f9338b-1881-437e-a259-edeeb1a54dbd,False,planned,False,,,,,2026-09-07T15:44:36.205822+02:00
NSR:StopPlace:59650,Nyland stasjon,2026-09-07T13:24:00+02:00,2026-09-07T13:24:00+02:00,,0.0,0,Lørenskog sentrum,RUT:Line:67,Økern-Lørenskog sentrum,67,bus,RUT:ServiceJourney:dbf8c71761cb40e4a771bfd2bac3e6c6,False,planned,False,,,,,2026-09-07T15:44:36.205822+02:00
NSR:StopPlace:59650,Nyland stasjon,2026-09-07T13:29:00+02:00,2026-09-07T13:29:00+02:00,,0.0,0,Spikkestad,VYG:Line:L1,Spikkestad-Oslo S-Lillestrøm,L1,rail,VYG:ServiceJourney:2235_443641-R,False,planned,False,,,,,2026-09-07T15:44:36.205822+02:00
NSR:StopPlace:59650,Nyland stasjon,2026-09-07T13:31:00+02:00,2026-09-07T13:31:00+02:00,,0.0,0,Økern,RUT:Line:345,Vestvollen - Økern,345,bus,RUT:ServiceJourney:f75e636974d08d313c0059220a9708a1,False,planned,False,,,,,2026-09-07T15:44:36.205822+02:00
NSR:StopPlace:59650,Nyland stasjon,2026-09-07T13:35:00+02:00,2026-09-07T13:35:00+02:00,,0.0,0,Vestvollen,RUT:Line:345,Vestvollen - Økern,345,bus,RUT:ServiceJourney:9ab6b23e1a2c98759a390118359761a6,False,planned,False,,,,,2026-09-07T15:44:36.205822+02:00
NSR:StopPlace:59650,Nyland stasjon,2026-09-07T13:36:00+02:00,2026-09-07T13:36:00+02:00,,0.0,0,Lillestrøm,VYG:Line:L1,Spikkestad-Oslo S-Lillestrøm,L1,rail,VYG:ServiceJourney:2134_443541-R,False,planned,False,,,,,2026-09-07T15:44:36.205822+02:00
NSR:StopPlace:59650,Nyland stasjon,2026-09-07T13:40:00+02:00,2026-09-07T13:40:00+02:00,,0.0,0,Økern,RUT:Line:67,Økern-Lørenskog sentrum,67,bus,RUT:ServiceJourney:bbe9ca1bb654644a984b39c91cceeacf,False,planned,False,,,,,2026-09-07T15:44:36.205822+02:00
NSR:StopPlace:59650,Nyland stasjon,2026-09-07T13:44:00+02:00,2026-09-07T13:44:00+02:00,,0.0,0,Asker,VYG:Line:L1,Spikkestad-Oslo S-Lillestrøm,L1,rail,VYG:ServiceJourney:2135_443542-R,False,planned,False,,,,,2026-09-07T15:44:36.205822+02:00
NSR:StopPlace:59650,Nyland stasjon,2026-09-07T13:51:00+02:00,2026-09-07T13:51:00+02:00,,0.0,0,Lillestrøm,VYG:Line:L1,Spikkestad-Oslo S-Lillestrøm,L1,rail,VYG:ServiceJourney:2236_443643-R,False,planned,False,,,,,2026-09-07T15:44:36.205822+02:00
NSR:StopPlace:59650,Nyland stasjon,2026-09-07T13:54:00+02:00,2026-09-07T13:54:00+02:00,,0.0,0,Lørenskog sentrum,RUT:Line:67,Økern-Lørenskog sentrum,67,bus,RUT:ServiceJourney:0eb7c6b0b9e91809e769cef54d71fe62,False,planned,False,,,,,2026-09-07T15:44:36.205822+02:00
NSR:StopPlace:59650,Nyland stasjon,2026-09-07T14:01:00+02:00,2026-09-07T14:01:00+02:00,,0.0,0,Økern,RUT:Line:345,Vestvollen - Økern,345,bus,RUT:ServiceJourney:643dfbf5570ff1bb2eadfae95e2f5c88,False,planned,False,,,,,2026-09-07T15:44:36.205822+02:00
NSR:StopPlace:59650,Nyland stasjon,2026-09-07T14:05:00+02:00,2026-09-07T14:05:00+02:00,,0.0,0,Vestvollen,RUT:Line:345,Vestvollen - Økern,345,bus,RUT:ServiceJourney:f0c4a238e2213215d3fee6db9a03b73a,False,planned,False,,,,,2026-09-07T15:44:36.205822+02:00
NSR:StopPlace:59650,Nyland stasjon,2026-09-07T14:06:00+02:00,2026-09-07T14:06:00+02:00,,0.0,0,Lillestrøm,VYG:Line:L1,Spikkestad-Oslo S-Lillestrøm,L1,rail,VYG:ServiceJourney:2136_443543-R,False,planned,False,,,,,2026-09-07T15:44:36.205822+02:00
NSR:StopPlace:59650,Nyland stasjon,2026-09-07T14:10:00+02:00,2026-09-07T14:10:00+02:00,,0.0,0,Økern,RUT:Line:67,Økern-Lørenskog sentrum,67,bus,RUT:ServiceJourney:814bf3ff5f5d6a960dcf2dfdec4e2117,False,planned,False,,,,,2026-09-07T15:44:36.205822+02:00
NSR:StopPlace:59651,Skøyen stasjon,2026-09-07T11:45:00+02:00,2026-09-07T11:45:00+02:00,,0.0,0,Skien,VYG:Line:RE11,Eidsvoll-Oslo S-Skien,RE11,rail,VYG:ServiceJourney:815_444395-R,False,planned,False,,,,,2026-09-07T15:44:36.205822+02:00
NSR:StopPlace:59651,Skøyen stasjon,2026-09-07T11:46:00+02:00,2026-09-07T11:46:00+02:00,,0.0,0,Galgeberg,RUT:Line:20,Skøyen - Galgeberg,20,bus,RUT:ServiceJourney:9e95e134670327b6144b72aba1e6f3b4,False,planned,False,,,,,2026-09-07T15:44:36.205822+02:00
NSR:StopPlace:59651,Skøyen stasjon,2026-09-07T11:46:00+02:00,2026-09-07T11:46:00+02:00,,0.0,0,Lillestrøm,VYG:Line:L1,Spikkestad-Oslo S-Lillestrøm,L1,rail,VYG:ServiceJourney:2128_443534-R,False,planned,False,,,,,2026-09-07T15:44:36.205822+02:00
NSR:StopPlace:59651,Skøyen stasjon,2026-09-07T11:46:00+02:00,2026-09-07T11:46:00+02:00,,0.0,0,Øvre Sogn,RUT:Line:40,Øvre Sogn - Skøyen,40,bus,RUT:ServiceJourney:6cb22404db7ece8730175425fc61a6a4,False,planned,False,,,,,2026-09-07T15:44:36.205822+02:00
NSR:StopPlace:59651,Skøyen stasjon,2026-09-07T11:47:00+02:00,2026-09-07T11:47:00+02:00,,0.0,0,Tonsenhagen,RUT:Line:31,Snarøya - Fornebu - Tonsenhagen - Grorud,31,bus,RUT:ServiceJourney:f9a130b217fefea1bcdc50b452324fb4,False,planned,False,,,,,2026-09-07T15:44:36.205822+02:00
NSR:StopPlace:59651,Skøyen stasjon,2026-09-07T11:47:00+02:00,2026-09-07T11:47:00+02:00,,0.0,0,Spikkestad,VYG:Line:L1,Spikkestad-Oslo S-Lillestrøm,L1,rail,VYG:ServiceJourney:2227_443627-R,False,planned,False,,,,,2026-09-07T15:44:36.205822+02:00
NSR:StopPlace:59651,Skøyen stasjon,2026-09-07T11:48:00+02:00,2026-09-07T11:48:00+02:00,,0.0,0,Sandvika,RUT:Line:130,Sandvika -Skøyen,130,bus,RUT:ServiceJourney:0cb08cff9709b81299ce3c815a64eda3,False,planned,False,,,,,2026-09-07T15:44:36.205822+02:00
NSR:StopPlace:59651,Skøyen stasjon,2026-09-07T11:49:00+02:00,2026-09-07T11:49:00+02:00,,0.0,0,Oslo Lufthavn,FLT:Line:FLY1,FLY1,FLY1,rail,FLT:ServiceJourney:1-2614-3745-20260907,False,planned,False,,,,,2026-09-07T15:44:36.205822+02:00
NSR:StopPlace:59651,Skøyen stasjon,2026-09-07T11:51:00+02:00,2026-09-07T11:51:00+02:00,,0.0,0,Skøyen,RUT:Line:140,Bekkestua - Østerås - Skøyen,140,bus,RUT:ServiceJourney:330433f9a19788df9b716db0c5f2bd6d,False,planned,False,,,,,2026-09-07T15:44:36.205822+02:00
NSR:StopPlace:59651,Skøyen stasjon,2026-09-07T11:51:00+02:00,2026-09-07T11:51:00+02:00,,0.0,0,Snarøya,RUT:Line:31,Snarøya - Fornebu - Tonsenhagen - Grorud,31,bus,RUT:ServiceJourney:a0faf199c6c9876569ccf6fb161e3662,False,planned,False,,,,,2026-09-07T15:44:36.205822+02:00
NSR:StopPlace:59651,Skøyen stasjon,2026-09-07T11:52:00+02:00,2026-09-07T11:52:00+02:00,,0.0,0,Ski,VYG:Line:L2,Stabekk-Oslo S-Ski,L2,rail,VYG:ServiceJourney:2827-BES_488369-R,False,planned,False,,,,,2026-09-07T15:44:36.205822+02:00
NSR:StopPlace:59651,Skøyen stasjon,2026-09-07T11:53:00+02:00,2026-09-07T11:53:00+02:00,,0.0,0,Galgeberg,RUT:Line:20,Skøyen - Galgeberg,20,bus,RUT:ServiceJourney:37e3b25bbdb72c0f19785f0ca7854c84,False,planned,False,,,,,2026-09-07T15:44:36.205822+02:00
NSR:StopPlace:59651,Skøyen stasjon,2026-09-07T11:53:00+02:00,2026-09-07T11:53:00+02:00,,0.0,0,Stabekk,VYG:Line:L2,Stabekk-Oslo S-Ski,L2,rail,VYG:ServiceJourney:2730-SKI_443938-R,False,planned,False,,,,,2026-09-07T15:44:36.205822+02:00
NSR:StopPlace:59651,Skøyen stasjon,2026-09-07T11:54:00+02:00,2026-09-07T11:54:00+02:00,,0.0,0,Grorud T,RUT:Line:31,Snarøya - Fornebu - Tonsenhagen - Grorud,31,bus,RUT:ServiceJourney:0b8855b7dc82bfa615300490080e2d7b,False,planned,False,,,,,2026-09-07T15:44:36.205822+02:00
NSR:StopPlace:59651,Skøyen stasjon,2026-09-07T11:54:00+02:00,2026-09-07T11:54:00+02:00,,0.0,0,Kongsvinger,VYG:Line:R14,Asker-Oslo S-Kongsvinger,R14,rail,VYG:ServiceJourney:1015_442921-R,False,planned,False,,,,,2026-09-07T15:44:36.205822+02:00
NSR:StopPlace:59651,Skøyen stasjon,2026-09-07T11:55:00+02:00,2026-09-07T11:55:00+02:00,,0.0,0,Bekkestua via Østerås,RUT:Line:140,Bekkestua - Østerås - Skøyen,140,bus,RUT:ServiceJourney:5d3aa1a016bd72e701539afadfbd68ba,False,planned,False,,,,,2026-09-07T15:44:36.205822+02:00
NSR:StopPlace:59651,Skøyen stasjon,2026-09-07T11:55:00+02:00,2026-09-07T11:55:00+02:00,,0.0,0,Drammen,VYG:Line:R13,Drammen-Oslo S-Dal,R13,rail,VYG:ServiceJourney:1626_443268-R,False,planned,False,,,,,2026-09-07T15:44:36.205822+02:00
NSR:StopPlace:59651,Skøyen stasjon,2026-09-07T11:55:00+02:00,2026-09-07T11:55:00+02:00,,0.0,0,Lilleaker,RUT:Line:3013,Buss for linje 13,13B,bus,RUT:ServiceJourney:555450a163ba451f1a6f70fc36379c7d,False,planned,False,Linje 13: Buss for trikk mellom Thune og Lilleaker ,Vi kjører buss for trikk (linje 13B) mellom Thune og Lilleaker. Bussen stopper ikke på Sollerud. 13B betjener Thune fra midlertidig holdeplass i Drammensveien,incident,normal,2026-09-07T15:44:36.205822+02:00
NSR:StopPlace:59651,Skøyen stasjon,2026-09-07T11:56:00+02:00,2026-09-07T11:56:00+02:00,,0.0,0,Skøyen,RUT:Line:3013,Buss for linje 13,13B,bus,RUT:ServiceJourney:e7351e988c29cea09d8aff01c7287611,False,planned,False,Linje 13: Buss for trikk mellom Thune og Lilleaker ,Vi kjører buss for trikk (linje 13B) mellom Thune og Lilleaker. Bussen stopper ikke på Sollerud. 13B betjener Thune fra midlertidig holdeplass i Drammensveien,incident,normal,2026-09-07T15:44:36.205822+02:00
NSR:StopPlace:59651,Skøyen stasjon,2026-09-07T11:58:00+02:00,2026-09-07T11:58:00+02:00,,0.0,0,Fornebu,RUT:Line:31,Snarøya - Fornebu - Tonsenhagen - Grorud,31,bus,RUT:ServiceJourney:9659f8a0352461e7e45829b216c967e4,False,planned,False,,,,,2026-09-07T15:44:36.205822+02:00
NSR:StopPlace:59651,Skøyen stasjon,2026-09-07T11:59:00+02:00,2026-09-07T11:59:00+02:00,,0.0,0,Skøyen,RUT:Line:130,Sandvika -Skøyen,130,bus,RUT:ServiceJourney:4b33e88dd3db18a6de5674be47bc905a,False,planned,False,,,,,2026-09-07T15:44:36.205822+02:00
NSR:StopPlace:59651,Skøyen stasjon,2026-09-07T12:00:00+02:00,2026-09-07T12:00:00+02:00,,0.0,0,Oslo Lufthavn,FLT:Line:FLY2,FLY2,FLY2,rail,FLT:ServiceJourney:1-2614-3543-20260907,False,planned,False,,,,,2026-09-07T15:44:36.205822+02:00
NSR:StopPlace:59651,Skøyen stasjon,2026-09-07T12:01:00+02:00,2026-09-07T12:01:00+02:00,,0.0,0,Galgeberg,RUT:Line:20,Skøyen - Galgeberg,20,bus,RUT:ServiceJourney:b1633995d1ec48fd911f8b9e02e6bf29,False,planned,False,,,,,2026-09-07T15:44:36.205822+02:00
NSR:StopPlace:59651,Skøyen stasjon,2026-09-07T12:02:00+02:00,2026-09-07T12:02:00+02:00,,0.0,0,Tonsenhagen,RUT:Line:31,Snarøya - Fornebu - Tonsenhagen - Grorud,31,bus,RUT:ServiceJourney:ede589a430c92aaa8d237d5345dbd7dc,False,planned,False,,,,,2026-09-07T15:44:36.205822+02:00
NSR:StopPlace:59651,Skøyen stasjon,2026-09-07T12:02:00+02:00,2026-09-07T12:02:00+02:00,,0.0,0,Lillestrøm,VYG:Line:L1,Spikkestad-Oslo S-Lillestrøm,L1,rail,VYG:ServiceJourney:2230_443633-R,False,planned,False,,,,,2026-09-07T15:44:36.205822+02:00
NSR:StopPlace:59651,Skøyen stasjon,2026-09-07T12:03:00+02:00,2026-09-07T12:03:00+02:00,,0.0,0,Sandvika,RUT:Line:130,Sandvika -Skøyen,130,bus,RUT:ServiceJourney:2e07c5bd8c792bde395486608574cb98,False,planned,False,,,,,2026-09-07T15:44:36.205822+02:00
NSR:StopPlace:59651,Skøyen stasjon,2026-09-07T12:03:00+02:00,2026-09-07T12:03:00+02:00,,0.0,0,Asker,VYG:Line:L1,Spikkestad-Oslo S-Lillestrøm,L1,rail,VYG:ServiceJourney:2127_443533-R,False,planned,False,,,,,2026-09-07T15:44:36.205822+02:00
NSR:StopPlace:59651,Skøyen stasjon,2026-09-07T12:04:00+02:00,2026-09-07T12:04:00+02:00,,0.0,0,Dal,VYG:Line:R13,Drammen-Oslo S-Dal,R13,rail,VYG:ServiceJourney:1629_481150-R,False,planned,False,,,,,2026-09-07T15:44:36.205822+02:00
NSR:StopPlace:59651,Skøyen stasjon,2026-09-07T12:05:00+02:00,2026-09-07T12:05:00+02:00,,0.0,0,Asker,VYG:Line:R14,Asker-Oslo S-Kongsvinger,R14,rail,VYG:ServiceJourney:1014_442920-R,False,planned,False,,,,,2026-09-07T15:44:36.205822+02:00
NSR:StopPlace:59651,Skøyen stasjon,2026-09-07T12:06:00+02:00,2026-09-07T12:06:00+02:00,,0.0,0,Skøyen,RUT:Line:140,Bekkestua - Østerås - Skøyen,140,bus,RUT:ServiceJourney:487d3cfd30ffd1c6c8e25b6e71a8e983,False,planned,False,,,,,2026-09-07T15:44:36.205822+02:00
NSR:StopPlace:59651,Skøyen stasjon,2026-09-07T12:06:00+02:00,2026-09-07T12:06:00+02:00,,0.0,0,Snarøya,RUT:Line:31,Snarøya - Fornebu - Tonsenhagen - Grorud,31,bus,RUT:ServiceJourney:a1e542ca21f8df63c0bfa68e18ebc1e1,False,planned,False,,,,,2026-09-07T15:44:36.205822+02:00
NSR:StopPlace:59651,Skøyen stasjon,2026-09-07T12:06:00+02:00,2026-09-07T12:06:00+02:00,,0.0,0,Ski,VYG:Line:L2,Stabekk-Oslo S-Ski,L2,rail,VYG:ServiceJourney:2729-HVK_443936-R,False,planned,False,,,,,2026-09-07T15:44:36.205822+02:00
NSR:StopPlace:59651,Skøyen stasjon,2026-09-07T12:08:00+02:00,2026-09-07T12:08:00+02:00,,0.0,0,Galgeberg,RUT:Line:20,Skøyen - Galgeberg,20,bus,RUT:ServiceJourney:1be1dcd451c342d8af3af65ed5a5a795,False,planned,False,,,,,2026-09-07T15:44:36.205822+02:00
NSR:StopPlace:59651,Skøyen stasjon,2026-09-07T12:09:00+02:00,2026-09-07T12:09:00+02:00,,0.0,0,Grorud T,RUT:Line:31,Snarøya - Fornebu - Tonsenhagen - Grorud,31,bus,RUT:ServiceJourney:0e4b7edbefb1cb051d780486c7c4f5d1,False,planned,False,,,,,2026-09-07T15:44:36.205822+02:00
NSR:StopPlace:59651,Skøyen stasjon,2026-09-07T12:09:00+02:00,2026-09-07T12:09:00+02:00,,0.0,0,Oslo Lufthavn,FLT:Line:FLY1,FLY1,FLY1,rail,FLT:ServiceJourney:1-2614-3747-20260907,False,planned,False,,,,,2026-09-07T15:44:36.205822+02:00
NSR:StopPlace:59651,Skøyen stasjon,2026-09-07T12:10:00+02:00,2026-09-07T12:10:00+02:00,,0.0,0,Bekkestua via Østerås,RUT:Line:140,Bekkestua - Østerås - Skøyen,140,bus,RUT:ServiceJourney:0f2d0c6b9f851d9d72f996382ea44e4e,False,planned,False,,,,,2026-09-07T15:44:36.205822+02:00
NSR:StopPlace:59651,Skøyen stasjon,2026-09-07T12:10:00+02:00,2026-09-07T12:10:00+02:00,,0.0,0,Lilleaker,RUT:Line:3013,Buss for linje 13,13B,bus,RUT:ServiceJourney:0093b5008b845dd03bfb349d68a80040,False,planned,False,Linje 13: Buss for trikk mellom Thune og Lilleaker ,Vi kjører buss for trikk (linje 13B) mellom Thune og Lilleaker. Bussen stopper ikke på Sollerud. 13B betjener Thune fra midlertidig holdeplass i Drammensveien,incident,normal,2026-09-07T15:44:36.205822+02:00
NSR:StopPlace:59651,Skøyen stasjon,2026-09-07T12:11:00+02:00,2026-09-07T12:11:00+02:00,,0.0,0,Skøyen,RUT:Line:3013,Buss for linje 13,13B,bus,RUT:ServiceJourney:d6e4d9bcd7b61d3d8f7c63c9192b130c,False,planned,False,Linje 13: Buss for trikk mellom Thune og Lilleaker ,Vi kjører buss for trikk (linje 13B) mellom Thune og Lilleaker. Bussen stopper ikke på Sollerud. 13B betjener Thune fra midlertidig holdeplass i Drammensveien,incident,normal,2026-09-07T15:44:36.205822+02:00
NSR:StopPlace:59651,Skøyen stasjon,2026-09-07T12:12:00+02:00,2026-09-07T12:12:00+02:00,,0.0,0,Moss,VYG:Line:R21,Stabekk-Oslo S-Moss,R21,rail,VYG:ServiceJourney:1129-HVK_443005-R,False,planned,False,,,,,2026-09-07T15:44:36.205822+02:00
NSR:StopPlace:59651,Skøyen stasjon,2026-09-07T12:13:00+02:00,2026-09-07T12:13:00+02:00,,0.0,0,Fornebu,RUT:Line:31,Snarøya - Fornebu - Tonsenhagen - Grorud,31,bus,RUT:ServiceJourney:e579974f966dbd9c3dd171a90f87b9d5,False,planned,False,,,,,2026-09-07T15:44:36.205822+02:00
NSR:StopPlace:59651,Skøyen stasjon,2026-09-07T12:13:00+02:00,2026-09-07T12:13:00+02:00,,0.0,0,Stabekk,VYG:Line:R21,Stabekk-Oslo S-Moss,R21,rail,VYG:ServiceJourney:1130-MOS_443007-R,False,planned,False,,,,,2026-09-07T15:44:36.205822+02:00
NSR:StopPlace:59651,Skøyen stasjon,2026-09-07T12:14:00+02:00,2026-09-07T12:14:00+02:00,,0.0,0,Skøyen,RUT:Line:130,Sandvika -Skøyen,130,bus,RUT:ServiceJourney:4d3c27aa86dae3405d3c6e4a88476c57,False,planned,False,,,,,2026-09-07T15:44:36.205822+02:00
NSR:StopPlace:59651,Skøyen stasjon,2026-09-07T12:14:00+02:00,2026-09-07T12:14:00+02:00,,0.0,0,Eidsvoll,VYG:Line:RE11,Eidsvoll-Oslo S-Skien,RE11,rail,VYG:ServiceJourney:814_444394-R,False,planned,False,,,,,2026-09-07T15:44:36.205822+02:00
NSR:StopPlace:59651,Skøyen stasjon,2026-09-07T12:15:00+02:00,2026-09-07T12:15:00+02:00,,0.0,0,Kongsberg,VYG:Line:R12,Kongsberg-Oslo S-Eidsvoll,R12,rail,VYG:ServiceJourney:515_444314-R,False,planned,False,,,,,2026-09-07T15:44:36.205822+02:00
NSR:StopPlace:59651,Skøyen stasjon,2026-09-07T12:16:00+02:00,2026-09-07T12:16:00+02:00,,0.0,0,Galgeberg,RUT:Line:20,Skøyen - Galgeberg,20,bus,RUT:ServiceJourney:cb13dccd120976106d6b00c9081492f3,False,planned,False,,,,,2026-09-07T15:44:36.205822+02:00
NSR:StopPlace:59651,Skøyen stasjon,2026-09-07T12:16:00+02:00,2026-09-07T12:16:00+02:00,,0.0,0,Lillestrøm,VYG:Line:L1,Spikkestad-Oslo S-Lillestrøm,L1,rail,VYG:ServiceJourney:2130_443537-R,False,planned,False,,,,,2026-09-07T15:44:36.205822+02:00
NSR:StopPlace:59651,Skøyen stasjon,2026-09-07T12:16:00+02:00,2026-09-07T12:16:00+02:00,,0.0,0,Øvre Sogn,RUT:Line:40,Øvre Sogn - Skøyen,40,bus,RUT:ServiceJourney:4ca4d534f164313f853f6dea619611f5,False,planned,False,,,,,2026-09-07T15:44:36.205822+02:00
NSR:StopPlace:59651,Skøyen stasjon,2026-09-07T12:17:00+02:00,2026-09-07T12:17:00+02:00,,0.0,0,Tonsenhagen,RUT:Line:31,Snarøya - Fornebu - Tonsenhagen - Grorud,31,bus,RUT:ServiceJourney:207aedd09285b9b96f15f34ff8d769c0,False,planned,False,,,,,2026-09-07T15:44:36.205822+02:00
NSR:StopPlace:59651,Skøyen stasjon,2026-09-07T12:17:00+02:00,2026-09-07T12:17:00+02:00,,0.0,0,Spikkestad,VYG:Line:L1,Spikkestad-Oslo S-Lillestrøm,L1,rail,VYG:ServiceJourney:2229_443630-R,False,planned,False,,,,,2026-09-07T15:44:36.205822+02:00
NSR:StopPlace:59651,Skøyen stasjon,2026-09-07T12:18:00+02:00,2026-09-07T12:18:00+02:00,,0.0,0,Sandvika,RUT:Line:130,Sandvika -Skøyen,130,bus,RUT:ServiceJourney:c2ecfbc26d9a8600756e347a3547c1b1,False,planned,False,,,,,2026-09-07T15:44:36.205822+02:00
NSR:StopPlace:59652,Tøyen stasjon,2026-09-07T11:45:00+02:00,2026-09-07T11:45:00+02:00,,0.0,0,Vippetangen,RUT:Line:60,Vippetangen-Tonsenhagen,60,bus,RUT:ServiceJourney:935ef43393e38465cee4f06f4e434319,False,planned,False,,,,,2026-09-07T15:44:36.205822+02:00
NSR:StopPlace:59652,Tøyen stasjon,2026-09-07T11:54:00+02:00,2026-09-07T11:54:00+02:00,,0.0,0,Tonsenhagen,RUT:Line:60,Vippetangen-Tonsenhagen,60,bus,RUT:ServiceJourney:7bd72aa4fbcdaf350424d7b4385813c5,False,planned,False,,,,,2026-09-07T15:44:36.205822+02:00
NSR:StopPlace:59652,Tøyen stasjon,2026-09-07T12:00:00+02:00,2026-09-07T12:00:00+02:00,,0.0,0,Vippetangen,RUT:Line:60,Vippetangen-Tonsenhagen,60,bus,RUT:ServiceJourney:03401ca15e260ac4203405eb167bbc8a,False,planned,False,,,,,2026-09-07T15:44:36.205822+02:00
NSR:StopPlace:59652,Tøyen stasjon,2026-09-07T12:09:00+02:00,2026-09-07T12:09:00+02:00,,0.0,0,Tonsenhagen,RUT:Line:60,Vippetangen-Tonsenhagen,60,bus,RUT:ServiceJourney:18090025200e0cbc245a5b53549da398,False,planned,False,,,,,2026-09-07T15:44:36.205822+02:00
NSR:StopPlace:59652,Tøyen stasjon,2026-09-07T12:15:00+02:00,2026-09-07T12:15:00+02:00,,0.0,0,Vippetangen,RUT:Line:60,Vippetangen-Tonsenhagen,60,bus,RUT:ServiceJourney:324b7307b6368011440df8e5649916df,False,planned,False,,,,,2026-09-07T15:44:36.205822+02:00
NSR:StopPlace:59652,Tøyen stasjon,2026-09-07T12:24:00+02:00,2026-09-07T12:24:00+02:00,,0.0,0,Tonsenhagen,RUT:Line:60,Vippetangen-Tonsenhagen,60,bus,RUT:ServiceJourney:36bd763af7e4d7c0d4e901256c6c6928,False,planned,False,,,,,2026-09-07T15:44:36.205822+02:00
NSR:StopPlace:59652,Tøyen stasjon,2026-09-07T12:30:00+02:00,2026-09-07T12:30:00+02:00,,0.0,0,Vippetangen,RUT:Line:60,Vippetangen-Tonsenhagen,60,bus,RUT:ServiceJourney:1c1b7e6aee432ff8edbd5cf827a59b95,False,planned,False,,,,,2026-09-07T15:44:36.205822+02:00
NSR:StopPlace:59652,Tøyen stasjon,2026-09-07T12:39:00+02:00,2026-09-07T12:39:00+02:00,,0.0,0,Tonsenhagen,RUT:Line:60,Vippetangen-Tonsenhagen,60,bus,RUT:ServiceJourney:a5f34c7d03d46cce53ed5a7cba24ef09,False,planned,False,,,,,2026-09-07T15:44:36.205822+02:00
NSR:StopPlace:59652,Tøyen stasjon,2026-09-07T12:45:00+02:00,2026-09-07T12:45:00+02:00,,0.0,0,Vippetangen,RUT:Line:60,Vippetangen-Tonsenhagen,60,bus,RUT:ServiceJourney:7d252ab3bc454503e0ef470248ec67ad,False,planned,False,,,,,2026-09-07T15:44:36.205822+02:00
NSR:StopPlace:59652,Tøyen stasjon,2026-09-07T12:54:00+02:00,2026-09-07T12:54:00+02:00,,0.0,0,Tonsenhagen,RUT:Line:60,Vippetangen-Tonsenhagen,60,bus,RUT:ServiceJourney:fde075b3e98230c2a27900d77436429a,False,planned,False,,,,,2026-09-07T15:44:36.205822+02:00
NSR:StopPlace:59652,Tøyen stasjon,2026-09-07T13:00:00+02:00,2026-09-07T13:00:00+02:00,,0.0,0,Vippetangen,RUT:Line:60,Vippetangen-Tonsenhagen,60,bus,RUT:ServiceJourney:1196c40524dcfba26fcef7992a37cbc0,False,planned,False,,,,,2026-09-07T15:44:36.205822+02:00
NSR:StopPlace:59652,Tøyen stasjon,2026-09-07T13:09:00+02:00,2026-09-07T13:09:00+02:00,,0.0,0,Tonsenhagen,RUT:Line:60,Vippetangen-Tonsenhagen,60,bus,RUT:ServiceJourney:178999e2b1a1479439388f50784c73cb,False,planned,False,,,,,2026-09-07T15:44:36.205822+02:00
NSR:StopPlace:59652,Tøyen stasjon,2026-09-07T13:15:00+02:00,2026-09-07T13:15:00+02:00,,0.0,0,Vippetangen,RUT:Line:60,Vippetangen-Tonsenhagen,60,bus,RUT:ServiceJourney:178c5c7b04f468f753e1f7c29ee912ca,False,planned,False,,,,,2026-09-07T15:44:36.205822+02:00
NSR:StopPlace:59652,Tøyen stasjon,2026-09-07T13:24:00+02:00,2026-09-07T13:24:00+02:00,,0.0,0,Tonsenhagen,RUT:Line:60,Vippetangen-Tonsenhagen,60,bus,RUT:ServiceJourney:90c2d6125b58b65d18cbcbda91c8e6a9,False,planned,False,,,,,2026-09-07T15:44:36.205822+02:00
NSR:StopPlace:59652,Tøyen stasjon,2026-09-07T13:30:00+02:00,2026-09-07T13:30:00+02:00,,0.0,0,Vippetangen,RUT:Line:60,Vippetangen-Tonsenhagen,60,bus,RUT:ServiceJourney:11415cec1488c685a62ef64b2487193f,False,planned,False,,,,,2026-09-07T15:44:36.205822+02:00
NSR:StopPlace:59652,Tøyen stasjon,2026-09-07T13:39:00+02:00,2026-09-07T13:39:00+02:00,,0.0,0,Tonsenhagen,RUT:Line:60,Vippetangen-Tonsenhagen,60,bus,RUT:ServiceJourney:f242038869c30777739eba566b903199,False,planned,False,,,,,2026-09-07T15:44:36.205822+02:00
NSR:StopPlace:59652,Tøyen stasjon,2026-09-07T13:45:00+02:00,2026-09-07T13:45:00+02:00,,0.0,0,Vippetangen,RUT:Line:60,Vippetangen-Tonsenhagen,60,bus,RUT:ServiceJourney:abf5ba268f4db203a79e882aff5aeb16,False,planned,False,,,,,2026-09-07T15:44:36.205822+02:00
NSR:StopPlace:59652,Tøyen stasjon,2026-09-07T13:54:00+02:00,2026-09-07T13:54:00+02:00,,0.0,0,Tonsenhagen,RUT:Line:60,Vippetangen-Tonsenhagen,60,bus,RUT:ServiceJourney:20b7e6a6da7728638b8edc2e5d2a1699,False,planned,False,,,,,2026-09-07T15:44:36.205822+02:00
NSR:StopPlace:59652,Tøyen stasjon,2026-09-07T14:00:00+02:00,2026-09-07T14:00:00+02:00,,0.0,0,Vippetangen,RUT:Line:60,Vippetangen-Tonsenhagen,60,bus,RUT:ServiceJourney:52668328b97ac4e5f7be6a7d2dc78d9f,False,planned,False,,,,,2026-09-07T15:44:36.205822+02:00
NSR:StopPlace:59652,Tøyen stasjon,2026-09-07T14:09:00+02:00,2026-09-07T14:09:00+02:00,,0.0,0,Tonsenhagen,RUT:Line:60,Vippetangen-Tonsenhagen,60,bus,RUT:ServiceJourney:6aa3ee5ee2b2305956929aa4e3cc175e,False,planned,False,,,,,2026-09-07T15:44:36.205822+02:00
NSR:StopPlace:59652,Tøyen stasjon,2026-09-07T16:15:00+02:00,2026-09-07T16:15:00+02:00,,0.0,0,Vippetangen,RUT:Line:60,Vippetangen-Tonsenhagen,60,bus,RUT:ServiceJourney:68be3a14b859f943dcef0f79d5e15206,False,planned,False,,,,,2026-09-07T15:44:36.205822+02:00
NSR:StopPlace:59652,Tøyen stasjon,2026-09-07T16:24:00+02:00,2026-09-07T16:24:00+02:00,,0.0,0,Tonsenhagen,RUT:Line:60,Vippetangen-Tonsenhagen,60,bus,RUT:ServiceJourney:c850998044eff78cdebbd611713d249a,False,planned,False,,,,,2026-09-07T15:44:36.205822+02:00
NSR:StopPlace:59653,Haugenstua stasjon,2026-09-07T11:55:00+02:00,2026-09-07T11:55:00+02:00,,0.0,0,Lillestrøm,VYG:Line:L1,Spikkestad-Oslo S-Lillestrøm,L1,rail,VYG:ServiceJourney:2228_445323-R,False,planned,False,,,,,2026-09-07T15:44:36.205822+02:00
NSR:StopPlace:59653,Haugenstua stasjon,2026-09-07T11:55:00+02:00,2026-09-07T11:55:00+02:00,,0.0,0,Spikkestad,VYG:Line:L1,Spikkestad-Oslo S-Lillestrøm,L1,rail,VYG:ServiceJourney:2229_443630-R,False,planned,False,,,,,2026-09-07T15:44:36.205822+02:00
NSR:StopPlace:59653,Haugenstua stasjon,2026-09-07T12:10:00+02:00,2026-09-07T12:10:00+02:00,,0.0,0,Lillestrøm,VYG:Line:L1,Spikkestad-Oslo S-Lillestrøm,L1,rail,VYG:ServiceJourney:2128_443534-R,False,planned,False,,,,,2026-09-07T15:44:36.205822+02:00
NSR:StopPlace:59653,Haugenstua stasjon,2026-09-07T12:10:00+02:00,2026-09-07T12:10:00+02:00,,0.0,0,Asker,VYG:Line:L1,Spikkestad-Oslo S-Lillestrøm,L1,rail,VYG:ServiceJourney:2129_443535-R,False,planned,False,,,,,2026-09-07T15:44:36.205822+02:00
NSR:StopPlace:59653,Haugenstua stasjon,2026-09-07T12:25:00+02:00,2026-09-07T12:25:00+02:00,,0.0,0,Lillestrøm,VYG:Line:L1,Spikkestad-Oslo S-Lillestrøm,L1,rail,VYG:ServiceJourney:2230_443633-R,False,planned,False,,,,,2026-09-07T15:44:36.205822+02:00
NSR:StopPlace:59653,Haugenstua stasjon,2026-09-07T12:25:00+02:00,2026-09-07T12:25:00+02:00,,0.0,0,Spikkestad,VYG:Line:L1,Spikkestad-Oslo S-Lillestrøm,L1,rail,VYG:ServiceJourney:2231_443635-R,False,planned,False,,,,,2026-09-07T15:44:36.205822+02:00
NSR:StopPlace:59653,Haugenstua stasjon,2026-09-07T12:40:00+02:00,2026-09-07T12:40:00+02:00,,0.0,0,Lillestrøm,VYG:Line:L1,Spikkestad-Oslo S-Lillestrøm,L1,rail,VYG:ServiceJourney:2130_443537-R,False,planned,False,,,,,2026-09-07T15:44:36.205822+02:00
NSR:StopPlace:59653,Haugenstua stasjon,2026-09-07T12:40:00+02:00,2026-09-07T12:40:00+02:00,,0.0,0,Asker,VYG:Line:L1,Spikkestad-Oslo S-Lillestrøm,L1,rail,VYG:ServiceJourney:2131_443538-R,False,planned,False,,,,,2026-09-07T15:44:36.205822+02:00
NSR:StopPlace:59653,Haugenstua stasjon,2026-09-07T12:55:00+02:00,2026-09-07T12:55:00+02:00,,0.0,0,Lillestrøm,VYG:Line:L1,Spikkestad-Oslo S-Lillestrøm,L1,rail,VYG:ServiceJourney:2232_445328-R,False,planned,False,,,,,2026-09-07T15:44:36.205822+02:00
NSR:StopPlace:59653,Haugenstua stasjon,2026-09-07T12:55:00+02:00,2026-09-07T12:55:00+02:00,,0.0,0,Spikkestad,VYG:Line:L1,Spikkestad-Oslo S-Lillestrøm,L1,rail,VYG:ServiceJourney:2233_443638-R,False,planned,False,,,,,2026-09-07T15:44:36.205822+02:00
NSR:StopPlace:59653,Haugenstua stasjon,2026-09-07T13:10:00+02:00,2026-09-07T13:10:00+02:00,,0.0,0,Lillestrøm,VYG:Line:L1,Spikkestad-Oslo S-Lillestrøm,L1,rail,VYG:ServiceJourney:2132_443539-R,False,planned,False,Ta neste tog,Ta neste tog.,incident,normal,2026-09-07T15:44:36.205822+02:00
NSR:StopPlace:59653,Haugenstua stasjon,2026-09-07T13:10:00+02:00,2026-09-07T13:10:00+02:00,,0.0,0,Asker,VYG:Line:L1,Spikkestad-Oslo S-Lillestrøm,L1,rail,VYG:ServiceJourney:2133_443540-R,False,planned,False,,,,,2026-09-07T15:44:36.205822+02:00
NSR:StopPlace:59653,Haugenstua stasjon,2026-09-07T13:25:00+02:00,2026-09-07T13:25:00+02:00,,0.0,0,Lillestrøm,VYG:Line:L1,Spikkestad-Oslo S-Lillestrøm,L1,rail,VYG:ServiceJourney:2234_443640-R,False,planned,False,,,,,2026-09-07T15:44:36.205822+02:00
NSR:StopPlace:59653,Haugenstua stasjon,2026-09-07T13:25:00+02:00,2026-09-07T13:25:00+02:00,,0.0,0,Spikkestad,VYG:Line:L1,Spikkestad-Oslo S-Lillestrøm,L1,rail,VYG:ServiceJourney:2235_443641-R,False,planned,False,,,,,2026-09-07T15:44:36.205822+02:00
NSR:StopPlace:59653,Haugenstua stasjon,2026-09-07T13:40:00+02:00,2026-09-07T13:40:00+02:00,,0.0,0,Lillestrøm,VYG:Line:L1,Spikkestad-Oslo S-Lillestrøm,L1,rail,VYG:ServiceJourney:2134_443541-R,False,planned,False,,,,,2026-09-07T15:44:36.205822+02:00
NSR:StopPlace:59653,Haugenstua stasjon,2026-09-07T13:40:00+02:00,2026-09-07T13:40:00+02:00,,0.0,0,Asker,VYG:Line:L1,Spikkestad-Oslo S-Lillestrøm,L1,rail,VYG:ServiceJourney:2135_443542-R,False,planned,False,,,,,2026-09-07T15:44:36.205822+02:00
NSR:StopPlace:59653,Haugenstua stasjon,2026-09-07T13:55:00+02:00,2026-09-07T13:55:00+02:00,,0.0,0,Lillestrøm,VYG:Line:L1,Spikkestad-Oslo S-Lillestrøm,L1,rail,VYG:ServiceJourney:2236_443643-R,False,planned,False,,,,,2026-09-07T15:44:36.205822+02:00
NSR:StopPlace:59653,Haugenstua stasjon,2026-09-07T14:10:00+02:00,2026-09-07T14:10:00+02:00,,0.0,0,Lillestrøm,VYG:Line:L1,Spikkestad-Oslo S-Lillestrøm,L1,rail,VYG:ServiceJourney:2136_443543-R,False,planned,False,,,,,2026-09-07T15:44:36.205822+02:00
NSR:StopPlace:59654,Stabekk stasjon,2026-09-07T11:52:00+02:00,2026-09-07T11:52:00+02:00,,0.0,0,Nationaltheatret,RUT:Line:150,Gullhaug - Nationaltheatret,150,bus,RUT:ServiceJourney:f8a37e1dfffdb9e68537d8cd8e010ca3,False,planned,False,,,,,2026-09-07T15:44:36.205822+02:00
NSR:StopPlace:59654,Stabekk stasjon,2026-09-07T11:52:00+02:00,2026-09-07T11:52:00+02:00,,0.0,0,Gullhaug,RUT:Line:150,Gullhaug - Nationaltheatret,150,bus,RUT:ServiceJourney:c6048c99852c619b14631aac04e8c0d6,False,planned,False,Holdeplass Stabekk stasjon i retning mot Bekkestua er flyttet ca. 50 meter bakover.,Dette skyldes anleggsarbeid i området.,incident,normal,2026-09-07T15:44:36.205822+02:00
NSR:StopPlace:59654,Stabekk stasjon,2026-09-07T11:53:00+02:00,2026-09-07T11:53:00+02:00,,0.0,0,Oslo Lufthavn,FLT:Line:FLY2,FLY2,FLY2,rail,FLT:ServiceJourney:1-2614-3543-20260907,False,planned,False,,,,,2026-09-07T15:44:36.205822+02:00
NSR:StopPlace:59654,Stabekk stasjon,2026-09-07T11:54:00+02:00,2026-09-07T11:54:00+02:00,,0.0,0,Spikkestad,VYG:Line:L1,Spikkestad-Oslo S-Lillestrøm,L1,rail,VYG:ServiceJourney:2227_443627-R,False,planned,False,,,,,2026-09-07T15:44:36.205822+02:00
NSR:StopPlace:59654,Stabekk stasjon,2026-09-07T11:56:00+02:00,2026-09-07T11:56:00+02:00,,0.0,0,Lillestrøm,VYG:Line:L1,Spikkestad-Oslo S-Lillestrøm,L1,rail,VYG:ServiceJourney:2230_443633-R,False,planned,False,,,,,2026-09-07T15:44:36.205822+02:00
NSR:StopPlace:59654,Stabekk stasjon,2026-09-07T12:00:00+02:00,2026-09-07T12:00:00+02:00,,0.0,0,Ski,VYG:Line:L2,Stabekk-Oslo S-Ski,L2,rail,VYG:ServiceJourney:2729-HVK_443936-R,False,planned,False,,,,,2026-09-07T15:44:36.205822+02:00
NSR:StopPlace:59654,Stabekk stasjon,2026-09-07T12:06:00+02:00,2026-09-07T12:06:00+02:00,,0.0,0,Moss,VYG:Line:R21,Stabekk-Oslo S-Moss,R21,rail,VYG:ServiceJourney:1129-HVK_443005-R,False,planned,False,,,,,2026-09-07T15:44:36.205822+02:00
NSR:StopPlace:59654,Stabekk stasjon,2026-09-07T12:07:00+02:00,2026-09-07T12:07:00+02:00,,0.0,0,Nationaltheatret,RUT:Line:150,Gullhaug - Nationaltheatret,150,bus,RUT:ServiceJourney:be0527bb0be527a156a4db484c9198bd,False,planned,False,,,,,2026-09-07T15:44:36.205822+02:00
NSR:StopPlace:59654,Stabekk stasjon,2026-09-07T12:07:00+02:00,2026-09-07T12:07:00+02:00,,0.0,0,Gullhaug,RUT:Line:150,Gullhaug - Nationaltheatret,150,bus,RUT:ServiceJourney:b20901d37198aa5c5707463383d27635,False,planned,False,Holdeplass Stabekk stasjon i retning mot Bekkestua er flyttet ca. 50 meter bakover.,Dette skyldes anleggsarbeid i området.,incident,normal,2026-09-07T15:44:36.205822+02:00
NSR:StopPlace:59654,Stabekk stasjon,2026-09-07T12:10:00+02:00,2026-09-07T12:10:00+02:00,,0.0,0,Asker,VYG:Line:L1,Spikkestad-Oslo S-Lillestrøm,L1,rail,VYG:ServiceJourney:2127_443533-R,False,planned,False,,,,,2026-09-07T15:44:36.205822+02:00
NSR:StopPlace:59654,Stabekk stasjon,2026-09-07T12:10:00+02:00,2026-09-07T12:10:00+02:00,,0.0,0,Lillestrøm,VYG:Line:L1,Spikkestad-Oslo S-Lillestrøm,L1,rail,VYG:ServiceJourney:2130_443537-R,False,planned,False,,,,,2026-09-07T15:44:36.205822+02:00
NSR:StopPlace:59654,Stabekk stasjon,2026-09-07T12:22:00+02:00,2026-09-07T12:22:00+02:00,,0.0,0,Nationaltheatret,RUT:Line:150,Gullhaug - Nationaltheatret,150,bus,RUT:ServiceJourney:142764f9d9ac8a3f659b3a434a77cd13,False,planned,False,,,,,2026-09-07T15:44:36.205822+02:00
NSR:StopPlace:59654,Stabekk stasjon,2026-09-07T12:22:00+02:00,2026-09-07T12:22:00+02:00,,0.0,0,Gullhaug,RUT:Line:150,Gullhaug - Nationaltheatret,150,bus,RUT:ServiceJourney:2ca06b4e14f5652a5a53c05bed6320d0,False,planned,False,Holdeplass Stabekk stasjon i retning mot Bekkestua er flyttet ca. 50 meter bakover.,Dette skyldes anleggsarbeid i området.,incident,normal,2026-09-07T15:44:36.205822+02:00
NSR:StopPlace:59654,Stabekk stasjon,2026-09-07T12:24:00+02:00,2026-09-07T12:24:00+02:00,,0.0,0,Spikkestad,VYG:Line:L1,Spikkestad-Oslo S-Lillestrøm,L1,rail,VYG:ServiceJourney:2229_443630-R,False,planned,False,,,,,2026-09-07T15:44:36.205822+02:00
NSR:StopPlace:59654,Stabekk stasjon,2026-09-07T12:26:00+02:00,2026-09-07T12:26:00+02:00,,0.0,0,Lillestrøm,VYG:Line:L1,Spikkestad-Oslo S-Lillestrøm,L1,rail,VYG:ServiceJourney:2232_445328-R,False,planned,False,,,,,2026-09-07T15:44:36.205822+02:00
NSR:StopPlace:59654,Stabekk stasjon,2026-09-07T12:30:00+02:00,2026-09-07T12:30:00+02:00,,0.0,0,Ski,VYG:Line:L2,Stabekk-Oslo S-Ski,L2,rail,VYG:ServiceJourney:2731-HVK_443939-R,False,planned,False,,,,,2026-09-07T15:44:36.205822+02:00
NSR:StopPlace:59654,Stabekk stasjon,2026-09-07T12:33:00+02:00,2026-09-07T12:33:00+02:00,,0.0,0,Oslo Lufthavn,FLT:Line:FLY2,FLY2,FLY2,rail,FLT:ServiceJourney:1-2614-3547-20260907,False,planned,False,,,,,2026-09-07T15:44:36.205822+02:00
NSR:StopPlace:59654,Stabekk stasjon,2026-09-07T12:35:00+02:00,2026-09-07T12:35:00+02:00,,0.0,0,Bekkestua via Høvik,RUT:Line:213,Bekkestua - Høvik - Sandvika,213,bus,RUT:ServiceJourney:1c0ec83c39b6c1b2de97f016ba8fa591,False,planned,False,Holdeplass Stabekk stasjon i retning mot Bekkestua er flyttet ca. 50 meter bakover.,Dette skyldes anleggsarbeid i området.,incident,normal,2026-09-07T15:44:36.205822+02:00
NSR:StopPlace:59654,Stabekk stasjon,2026-09-07T12:36:00+02:00,2026-09-07T12:36:00+02:00,,0.0,0,Moss,VYG:Line:R21,Stabekk-Oslo S-Moss,R21,rail,VYG:ServiceJourney:1131-HVK_443008-R,False,planned,False,,,,,2026-09-07T15:44:36.205822+02:00
NSR:StopPlace:59654,Stabekk stasjon,2026-09-07T12:37:00+02:00,2026-09-07T12:37:00+02:00,,0.0,0,Nationaltheatret,RUT:Line:150,Gullhaug - Nationaltheatret,150,bus,RUT:ServiceJourney:a38eb1c19d1326998c179adbcdf0a89c,False,planned,False,,,,,2026-09-07T15:44:36.205822+02:00
NSR:StopPlace:59654,Stabekk stasjon,2026-09-07T12:37:00+02:00,2026-09-07T12:37:00+02:00,,0.0,0,Gullhaug,RUT:Line:150,Gullhaug - Nationaltheatret,150,bus,RUT:ServiceJourney:da5d6028478451ca26074a1d3a4cf340,False,planned,False,Holdeplass Stabekk stasjon i retning mot Bekkestua er flyttet ca. 50 meter bakover.,Dette skyldes anleggsarbeid i området.,incident,normal,2026-09-07T15:44:36.205822+02:00
NSR:StopPlace:59654,Stabekk stasjon,2026-09-07T12:40:00+02:00,2026-09-07T12:40:00+02:00,,0.0,0,Asker,VYG:Line:L1,Spikkestad-Oslo S-Lillestrøm,L1,rail,VYG:ServiceJourney:2129_443535-R,False,planned,False,,,,,2026-09-07T15:44:36.205822+02:00
NSR:StopPlace:59654,Stabekk stasjon,2026-09-07T12:40:00+02:00,2026-09-07T12:40:00+02:00,,0.0,0,Lillestrøm,VYG:Line:L1,Spikkestad-Oslo S-Lillestrøm,L1,rail,VYG:ServiceJourney:2132_443539-R,False,planned,False,Ta neste tog,Ta neste tog.,incident,normal,2026-09-07T15:44:36.205822+02:00
NSR:StopPlace:59654,Stabekk stasjon,2026-09-07T12:52:00+02:00,2026-09-07T12:52:00+02:00,,0.0,0,Nationaltheatret,RUT:Line:150,Gullhaug - Nationaltheatret,150,bus,RUT:ServiceJourney:c177ae28cd6ae58cc820f6c5a1747a0a,False,planned,False,,,,,2026-09-07T15:44:36.205822+02:00
NSR:StopPlace:59654,Stabekk stasjon,2026-09-07T12:52:00+02:00,2026-09-07T12:52:00+02:00,,0.0,0,Gullhaug,RUT:Line:150,Gullhaug - Nationaltheatret,150,bus,RUT:ServiceJourney:2e56325af8414a3ae7cea35616392820,False,planned,False,Holdeplass Stabekk stasjon i retning mot Bekkestua er flyttet ca. 50 meter bakover.,Dette skyldes anleggsarbeid i området.,incident,normal,2026-09-07T15:44:36.205822+02:00
NSR:StopPlace:59654,Stabekk stasjon,2026-09-07T12:53:00+02:00,2026-09-07T12:53:00+02:00,,0.0,0,Oslo Lufthavn,FLT:Line:FLY2,FLY2,FLY2,rail,FLT:ServiceJourney:1-2614-3549-20260907,False,planned,False,,,,,2026-09-07T15:44:36.205822+02:00
NSR:StopPlace:59654,Stabekk stasjon,2026-09-07T12:54:00+02:00,2026-09-07T12:54:00+02:00,,0.0,0,Spikkestad,VYG:Line:L1,Spikkestad-Oslo S-Lillestrøm,L1,rail,VYG:ServiceJourney:2231_443635-R,False,planned,False,,,,,2026-09-07T15:44:36.205822+02:00
NSR:StopPlace:59654,Stabekk stasjon,2026-09-07T12:56:00+02:00,2026-09-07T12:56:00+02:00,,0.0,0,Lillestrøm,VYG:Line:L1,Spikkestad-Oslo S-Lillestrøm,L1,rail,VYG:ServiceJourney:2234_443640-R,False,planned,False,,,,,2026-09-07T15:44:36.205822+02:00
NSR:StopPlace:59654,Stabekk stasjon,2026-09-07T13:00:00+02:00,2026-09-07T13:00:00+02:00,,0.0,0,Ski,VYG:Line:L2,Stabekk-Oslo S-Ski,L2,rail,VYG:ServiceJourney:2733-HVK_443941-R,False,planned,False,,,,,2026-09-07T15:44:36.205822+02:00
NSR:StopPlace:59654,Stabekk stasjon,2026-09-07T13:06:00+02:00,2026-09-07T13:06:00+02:00,,0.0,0,Moss,VYG:Line:R21,Stabekk-Oslo S-Moss,R21,rail,VYG:ServiceJourney:1133-HVK_443010-R,False,planned,False,,,,,2026-09-07T15:44:36.205822+02:00
NSR:StopPlace:59654,Stabekk stasjon,2026-09-07T13:07:00+02:00,2026-09-07T13:07:00+02:00,,0.0,0,Nationaltheatret,RUT:Line:150,Gullhaug - Nationaltheatret,150,bus,RUT:ServiceJourney:d43fd6ee20928a8385fe2552660a5583,False,planned,False,,,,,2026-09-07T15:44:36.205822+02:00
NSR:StopPlace:59654,Stabekk stasjon,2026-09-07T13:07:00+02:00,2026-09-07T13:07:00+02:00,,0.0,0,Gullhaug,RUT:Line:150,Gullhaug - Nationaltheatret,150,bus,RUT:ServiceJourney:a207d87f79765cfbdd00720c9be83390,False,planned,False,Holdeplass Stabekk stasjon i retning mot Bekkestua er flyttet ca. 50 meter bakover.,Dette skyldes anleggsarbeid i området.,incident,normal,2026-09-07T15:44:36.205822+02:00
NSR:StopPlace:59654,Stabekk stasjon,2026-09-07T13:10:00+02:00,2026-09-07T13:10:00+02:00,,0.0,0,Asker,VYG:Line:L1,Spikkestad-Oslo S-Lillestrøm,L1,rail,VYG:ServiceJourney:2131_443538-R,False,planned,False,,,,,2026-09-07T15:44:36.205822+02:00
NSR:StopPlace:59654,Stabekk stasjon,2026-09-07T13:10:00+02:00,2026-09-07T13:10:00+02:00,,0.0,0,Lillestrøm,VYG:Line:L1,Spikkestad-Oslo S-Lillestrøm,L1,rail,VYG:ServiceJourney:2134_443541-R,False,planned,False,,,,,2026-09-07T15:44:36.205822+02:00
NSR:StopPlace:59654,Stabekk stasjon,2026-09-07T13:22:00+02:00,2026-09-07T13:22:00+02:00,,0.0,0,Nationaltheatret,RUT:Line:150,Gullhaug - Nationaltheatret,150,bus,RUT:ServiceJourney:6dc8dedafbc669497e8bb3f90654f0ef,False,planned,False,,,,,2026-09-07T15:44:36.205822+02:00
NSR:StopPlace:59654,Stabekk stasjon,2026-09-07T13:22:00+02:00,2026-09-07T13:22:00+02:00,,0.0,0,Gullhaug,RUT:Line:150,Gullhaug - Nationaltheatret,150,bus,RUT:ServiceJourney:819b2c64b0c7cd8907363dd17349d223,False,planned,False,Holdeplass Stabekk stasjon i retning mot Bekkestua er flyttet ca. 50 meter bakover.,Dette skyldes anleggsarbeid i området.,incident,normal,2026-09-07T15:44:36.205822+02:00
NSR:StopPlace:59654,Stabekk stasjon,2026-09-07T13:24:00+02:00,2026-09-07T13:24:00+02:00,,0.0,0,Spikkestad,VYG:Line:L1,Spikkestad-Oslo S-Lillestrøm,L1,rail,VYG:ServiceJourney:2233_443638-R,False,planned,False,,,,,2026-09-07T15:44:36.205822+02:00
NSR:StopPlace:59654,Stabekk stasjon,2026-09-07T13:25:00+02:00,2026-09-07T13:25:00+02:00,,0.0,0,Sandvika storsenter,RUT:Line:213,Bekkestua - Høvik - Sandvika,213,bus,RUT:ServiceJourney:86a7c32a97eadbaa0736a579822b63a9,False,planned,False,Holdeplass Stabekk stasjon i retning mot Bekkestua er flyttet ca. 50 meter bakover.,Dette skyldes anleggsarbeid i området.,incident,normal,2026-09-07T15:44:36.205822+02:00
NSR:StopPlace:59654,Stabekk stasjon,2026-09-07T13:26:00+02:00,2026-09-07T13:26:00+02:00,,0.0,0,Lillestrøm,VYG:Line:L1,Spikkestad-Oslo S-Lillestrøm,L1,rail,VYG:ServiceJourney:2236_443643-R,False,planned,False,,,,,2026-09-07T15:44:36.205822+02:00
NSR:StopPlace:59654,Stabekk stasjon,2026-09-07T13:30:00+02:00,2026-09-07T13:30:00+02:00,,0.0,0,Ski,VYG:Line:L2,Stabekk-Oslo S-Ski,L2,rail,VYG:ServiceJourney:2735-HVK_443943-R,False,planned,False,,,,,2026-09-07T15:44:36.205822+02:00
NSR:StopPlace:59654,Stabekk stasjon,2026-09-07T13:33:00+02:00,2026-09-07T13:33:00+02:00,,0.0,0,Oslo Lufthavn,FLT:Line:FLY2,FLY2,FLY2,rail,FLT:ServiceJourney:1-2614-3553-20260907,False,planned,False,,,,,2026-09-07T15:44:36.205822+02:00
NSR:StopPlace:59654,Stabekk stasjon,2026-09-07T13:36:00+02:00,2026-09-07T13:36:00+02:00,,0.0,0,Moss,VYG:Line:R21,Stabekk-Oslo S-Moss,R21,rail,VYG:ServiceJourney:1135-HVK_443012-R,False,planned,False,,,,,2026-09-07T15:44:36.205822+02:00
NSR:StopPlace:59654,Stabekk stasjon,2026-09-07T13:37:00+02:00,2026-09-07T13:37:00+02:00,,0.0,0,Nationaltheatret,RUT:Line:150,Gullhaug - Nationaltheatret,150,bus,RUT:ServiceJourney:3f58cb88c321de7bf49db678a0fb4ff2,False,planned,False,,,,,2026-09-07T15:44:36.205822+02:00
NSR:StopPlace:59654,Stabekk stasjon,2026-09-07T13:37:00+02:00,2026-09-07T13:37:00+02:00,,0.0,0,Gullhaug,RUT:Line:150,Gullhaug - Nationaltheatret,150,bus,RUT:ServiceJourney:1b3bc44050c973cf9171c48e64142f55,False,planned,False,Holdeplass Stabekk stasjon i retning mot Bekkestua er flyttet ca. 50 meter bakover.,Dette skyldes anleggsarbeid i området.,incident,normal,2026-09-07T15:44:36.205822+02:00
NSR:StopPlace:59654,Stabekk stasjon,2026-09-07T13:40:00+02:00,2026-09-07T13:40:00+02:00,,0.0,0,Asker,VYG:Line:L1,Spikkestad-Oslo S-Lillestrøm,L1,rail,VYG:ServiceJourney:2133_443540-R,False,planned,False,,,,,2026-09-07T15:44:36.205822+02:00
NSR:StopPlace:59654,Stabekk stasjon,2026-09-07T13:40:00+02:00,2026-09-07T13:40:00+02:00,,0.0,0,Lillestrøm,VYG:Line:L1,Spikkestad-Oslo S-Lillestrøm,L1,rail,VYG:ServiceJourney:2136_443543-R,False,planned,False,,,,,2026-09-07T15:44:36.205822+02:00
NSR:StopPlace:59654,Stabekk stasjon,2026-09-07T13:52:00+02:00,2026-09-07T13:52:00+02:00,,0.0,0,Nationaltheatret,RUT:Line:150,Gullhaug - Nationaltheatret,150,bus,RUT:ServiceJourney:d546f8b41fd91279f3ab6907685ce089,False,planned,False,,,,,2026-09-07T15:44:36.205822+02:00
NSR:StopPlace:59654,Stabekk stasjon,2026-09-07T13:52:00+02:00,2026-09-07T13:52:00+02:00,,0.0,0,Gullhaug,RUT:Line:150,Gullhaug - Nationaltheatret,150,bus,RUT:ServiceJourney:346eccee62f161790894925939468516,False,planned,False,Holdeplass Stabekk stasjon i retning mot Bekkestua er flyttet ca. 50 meter bakover.,Dette skyldes anleggsarbeid i området.,incident,normal,2026-09-07T15:44:36.205822+02:00
NSR:StopPlace:59654,Stabekk stasjon,2026-09-07T13:53:00+02:00,2026-09-07T13:53:00+02:00,,0.0,0,Oslo Lufthavn,FLT:Line:FLY2,FLY2,FLY2,rail,FLT:ServiceJourney:1-2614-3555-20260907,False,planned,False,,,,,2026-09-07T15:44:36.205822+02:00
NSR:StopPlace:59654,Stabekk stasjon,2026-09-07T13:54:00+02:00,2026-09-07T13:54:00+02:00,,0.0,0,Spikkestad,VYG:Line:L1,Spikkestad-Oslo S-Lillestrøm,L1,rail,VYG:ServiceJourney:2235_443641-R,False,planned,False,,,,,2026-09-07T15:44:36.205822+02:00
NSR:StopPlace:59703,Åndalsnes stasjon,2026-09-07T12:40:00+02:00,2026-09-07T12:40:00+02:00,,0.0,0,Verma,MOR:Line:483,Åndalsnes - Bjorli,483,bus,MOR:ServiceJourney:483_112_9150000047620085,False,planned,False,,,,,2026-09-07T15:44:36.205822+02:00
NSR:StopPlace:59703,Åndalsnes stasjon,2026-09-07T12:40:00+02:00,2026-09-07T12:40:00+02:00,,0.0,0,Sogge,MOR:Line:424,Åndalsnes-Sogge-Frydenlund,424,bus,MOR:ServiceJourney:424_107_9150000047259871,False,planned,False,,,,,2026-09-07T15:44:36.205822+02:00
NSR:StopPlace:59703,Åndalsnes stasjon,2026-09-07T12:55:00+02:00,2026-09-07T12:55:00+02:00,,0.0,0,Molde,MOR:Line:420,Fram Ekspress Molde-Åndalsnes,420,bus,MOR:ServiceJourney:420_111_9150000047248979,False,planned,False,,,,,2026-09-07T15:44:36.205822+02:00
NSR:StopPlace:59703,Åndalsnes stasjon,2026-09-07T13:57:00+02:00,2026-09-07T13:57:00+02:00,,0.0,0,Åndalsnes,MOR:Line:420,Fram Ekspress Molde-Åndalsnes,420,bus,MOR:ServiceJourney:420_110_9150000047245887,False,planned,False,,,,,2026-09-07T15:44:36.205822+02:00
NSR:StopPlace:59703,Åndalsnes stasjon,2026-09-07T14:00:00+02:00,2026-09-07T14:00:00+02:00,,0.0,0,Furneset,MOR:Line:482,Åndalsnes - Vestnes,482,bus,MOR:ServiceJourney:482_108_9150000045101059,False,planned,False,,,,,2026-09-07T15:44:36.205822+02:00
NSR:StopPlace:59703,Åndalsnes stasjon,2026-09-07T14:30:00+02:00,2026-09-07T14:30:00+02:00,,0.0,0,Verma,MOR:Line:483,Åndalsnes - Bjorli,483,bus,MOR:ServiceJourney:483_104_9150000047620039,False,planned,False,,,,,2026-09-07T15:44:36.205822+02:00
NSR:StopPlace:59703,Åndalsnes stasjon,2026-09-07T14:30:00+02:00,2026-09-07T14:30:00+02:00,,0.0,0,Isfjorden,MOR:Line:423,Åndalsnes-Isfjorden,423,bus,MOR:ServiceJourney:423_112_9150000047259226,False,planned,False,,,,,2026-09-07T15:44:36.205822+02:00
NSR:StopPlace:59703,Åndalsnes stasjon,2026-09-07T14:45:00+02:00,2026-09-07T14:45:00+02:00,,0.0,0,Vestnes,MOR:Line:482,Åndalsnes - Vestnes,482,bus,MOR:ServiceJourney:482_110_9150000045101173,False,planned,False,,,,,2026-09-07T15:44:36.205822+02:00
NSR:StopPlace:59703,Åndalsnes stasjon,2026-09-07T15:32:00+02:00,2026-09-07T15:32:00+02:00,,0.0,0,Åndalsnes,MOR:Line:423,Åndalsnes-Isfjorden,423,bus,MOR:ServiceJourney:423_112_9150000047259226,False,planned,False,,,,,2026-09-07T15:44:36.205822+02:00
NSR:StopPlace:59703,Åndalsnes stasjon,2026-09-07T16:15:00+02:00,2026-09-07T16:15:00+02:00,,0.0,0,Ålesund,MOR:Line:482,Åndalsnes - Vestnes,482,bus,MOR:ServiceJourney:482_112_9150000045100611,False,planned,False,,,,,2026-09-07T15:44:36.205822+02:00
NSR:StopPlace:59703,Åndalsnes stasjon,2026-09-07T16:20:00+02:00,2026-09-07T16:20:00+02:00,,0.0,0,Molde,MOR:Line:420,Fram Ekspress Molde-Åndalsnes,420,bus,MOR:ServiceJourney:420_117_9150000047249116,False,planned,False,,,,,2026-09-07T15:44:36.205822+02:00
NSR:StopPlace:60736,Spikkestad stasjon,2026-09-07T11:46:00+02:00,2026-09-07T11:46:00+02:00,,0.0,0,Lillestrøm,VYG:Line:L1,Spikkestad-Oslo S-Lillestrøm,L1,rail,VYG:ServiceJourney:2232_445328-R,False,planned,False,,,,,2026-09-07T15:44:36.205822+02:00
NSR:StopPlace:60736,Spikkestad stasjon,2026-09-07T12:16:00+02:00,2026-09-07T12:16:00+02:00,,0.0,0,Lillestrøm,VYG:Line:L1,Spikkestad-Oslo S-Lillestrøm,L1,rail,VYG:ServiceJourney:2234_443640-R,False,planned,False,,,,,2026-09-07T15:44:36.205822+02:00
NSR:StopPlace:60736,Spikkestad stasjon,2026-09-07T12:46:00+02:00,2026-09-07T12:46:00+02:00,,0.0,0,Lillestrøm,VYG:Line:L1,Spikkestad-Oslo S-Lillestrøm,L1,rail,VYG:ServiceJourney:2236_443643-R,False,planned,False,,,,,2026-09-07T15:44:36.205822+02:00
NSR:StopPlace:60737,Bondivann stasjon,2026-09-07T11:49:00+02:00,2026-09-07T11:49:00+02:00,,0.0,0,Spikkestad,VYG:Line:L1,Spikkestad-Oslo S-Lillestrøm,L1,rail,VYG:ServiceJourney:2225_443623-R,False,planned,False,,,,,2026-09-07T15:44:36.205822+02:00
NSR:StopPlace:60737,Bondivann stasjon,2026-09-07T12:00:00+02:00,2026-09-07T12:00:00+02:00,,0.0,0,Lillestrøm,VYG:Line:L1,Spikkestad-Oslo S-Lillestrøm,L1,rail,VYG:ServiceJourney:2232_445328-R,False,planned,False,,,,,2026-09-07T15:44:36.205822+02:00
NSR:StopPlace:60737,Bondivann stasjon,2026-09-07T12:19:00+02:00,2026-09-07T12:19:00+02:00,,0.0,0,Spikkestad,VYG:Line:L1,Spikkestad-Oslo S-Lillestrøm,L1,rail,VYG:ServiceJourney:2227_443627-R,False,planned,False,,,,,2026-09-07T15:44:36.205822+02:00
NSR:StopPlace:60737,Bondivann stasjon,2026-09-07T12:30:00+02:00,2026-09-07T12:30:00+02:00,,0.0,0,Lillestrøm,VYG:Line:L1,Spikkestad-Oslo S-Lillestrøm,L1,rail,VYG:ServiceJourney:2234_443640-R,False,planned,False,,,,,2026-09-07T15:44:36.205822+02:00
NSR:StopPlace:60737,Bondivann stasjon,2026-09-07T12:49:00+02:00,2026-09-07T12:49:00+02:00,,0.0,0,Spikkestad,VYG:Line:L1,Spikkestad-Oslo S-Lillestrøm,L1,rail,VYG:ServiceJourney:2229_443630-R,False,planned,False,,,,,2026-09-07T15:44:36.205822+02:00
NSR:StopPlace:60737,Bondivann stasjon,2026-09-07T13:00:00+02:00,2026-09-07T13:00:00+02:00,,0.0,0,Lillestrøm,VYG:Line:L1,Spikkestad-Oslo S-Lillestrøm,L1,rail,VYG:ServiceJourney:2236_443643-R,False,planned,False,,,,,2026-09-07T15:44:36.205822+02:00
NSR:StopPlace:60737,Bondivann stasjon,2026-09-07T13:19:00+02:00,2026-09-07T13:19:00+02:00,,0.0,0,Spikkestad,VYG:Line:L1,Spikkestad-Oslo S-Lillestrøm,L1,rail,VYG:ServiceJourney:2231_443635-R,False,planned,False,,,,,2026-09-07T15:44:36.205822+02:00
NSR:StopPlace:60737,Bondivann stasjon,2026-09-07T13:48:00+02:00,2026-09-07T13:48:00+02:00,,0.0,0,Asker,RUT:Line:294,Asker - Borgen - Bondivann stasjon,294,bus,RUT:ServiceJourney:b8108bd56f810b4b467e87577b846700,False,planned,False,,,,,2026-09-07T15:44:36.205822+02:00
NSR:StopPlace:60737,Bondivann stasjon,2026-09-07T13:49:00+02:00,2026-09-07T13:49:00+02:00,,0.0,0,Spikkestad,VYG:Line:L1,Spikkestad-Oslo S-Lillestrøm,L1,rail,VYG:ServiceJourney:2233_443638-R,False,planned,False,,,,,2026-09-07T15:44:36.205822+02:00
NSR:StopPlace:60737,Bondivann stasjon,2026-09-07T14:19:00+02:00,2026-09-07T14:19:00+02:00,,0.0,0,Spikkestad,VYG:Line:L1,Spikkestad-Oslo S-Lillestrøm,L1,rail,VYG:ServiceJourney:2235_443641-R,False,planned,False,,,,,2026-09-07T15:44:36.205822+02:00
NSR:StopPlace:60735,Gullhella stasjon,2026-09-07T11:51:00+02:00,2026-09-07T11:51:00+02:00,,0.0,0,Spikkestad,VYG:Line:L1,Spikkestad-Oslo S-Lillestrøm,L1,rail,VYG:ServiceJourney:2225_443623-R,False,planned,False,,,,,2026-09-07T15:44:36.205822+02:00
NSR:StopPlace:60735,Gullhella stasjon,2026-09-07T11:57:00+02:00,2026-09-07T11:57:00+02:00,,0.0,0,Lillestrøm,VYG:Line:L1,Spikkestad-Oslo S-Lillestrøm,L1,rail,VYG:ServiceJourney:2232_445328-R,False,planned,False,,,,,2026-09-07T15:44:36.205822+02:00
NSR:StopPlace:60735,Gullhella stasjon,2026-09-07T12:21:00+02:00,2026-09-07T12:21:00+02:00,,0.0,0,Spikkestad,VYG:Line:L1,Spikkestad-Oslo S-Lillestrøm,L1,rail,VYG:ServiceJourney:2227_443627-R,False,planned,False,,,,,2026-09-07T15:44:36.205822+02:00
NSR:StopPlace:60735,Gullhella stasjon,2026-09-07T12:27:00+02:00,2026-09-07T12:27:00+02:00,,0.0,0,Lillestrøm,VYG:Line:L1,Spikkestad-Oslo S-Lillestrøm,L1,rail,VYG:ServiceJourney:2234_443640-R,False,planned,False,,,,,2026-09-07T15:44:36.205822+02:00
NSR:StopPlace:60735,Gullhella stasjon,2026-09-07T12:51:00+02:00,2026-09-07T12:51:00+02:00,,0.0,0,Spikkestad,VYG:Line:L1,Spikkestad-Oslo S-Lillestrøm,L1,rail,VYG:ServiceJourney:2229_443630-R,False,planned,False,,,,,2026-09-07T15:44:36.205822+02:00
NSR:StopPlace:60735,Gullhella stasjon,2026-09-07T12:57:00+02:00,2026-09-07T12:57:00+02:00,,0.0,0,Lillestrøm,VYG:Line:L1,Spikkestad-Oslo S-Lillestrøm,L1,rail,VYG:ServiceJourney:2236_443643-R,False,planned,False,,,,,2026-09-07T15:44:36.205822+02:00
NSR:StopPlace:60735,Gullhella stasjon,2026-09-07T13:21:00+02:00,2026-09-07T13:21:00+02:00,,0.0,0,Spikkestad,VYG:Line:L1,Spikkestad-Oslo S-Lillestrøm,L1,rail,VYG:ServiceJourney:2231_443635-R,False,planned,False,,,,,2026-09-07T15:44:36.205822+02:00
NSR:StopPlace:60735,Gullhella stasjon,2026-09-07T13:51:00+02:00,2026-09-07T13:51:00+02:00,,0.0,0,Spikkestad,VYG:Line:L1,Spikkestad-Oslo S-Lillestrøm,L1,rail,VYG:ServiceJourney:2233_443638-R,False,planned,False,,,,,2026-09-07T15:44:36.205822+02:00
NSR:StopPlace:60735,Gullhella stasjon,2026-09-07T14:21:00+02:00,2026-09-07T14:21:00+02:00,,0.0,0,Spikkestad,VYG:Line:L1,Spikkestad-Oslo S-Lillestrøm,L1,rail,VYG:ServiceJourney:2235_443641-R,False,planned,False,,,,,2026-09-07T15:44:36.205822+02:00
NSR:StopPlace:59952,Drammen stasjon,2026-09-07T11:47:00+02:00,2026-09-07T11:47:00+02:00,,0.0,0,Eidsvoll,VYG:Line:RE11,Eidsvoll-Oslo S-Skien,RE11,rail,VYG:ServiceJourney:814_444394-R,False,planned,False,,,,,2026-09-07T15:44:36.205822+02:00
NSR:StopPlace:59952,Drammen stasjon,2026-09-07T12:02:00+02:00,2026-09-07T12:02:00+02:00,,0.0,0,Oslo Lufthavn,FLT:Line:FLY1,FLY1,FLY1,rail,FLT:ServiceJourney:1-2614-3749-20260907,False,planned,False,,,,,2026-09-07T15:44:36.205822+02:00
NSR:StopPlace:59952,Drammen stasjon,2026-09-07T12:05:00+02:00,2026-09-07T12:05:00+02:00,,0.0,0,Dal,VYG:Line:R13,Drammen-Oslo S-Dal,R13,rail,VYG:ServiceJourney:1631_443278-R,False,planned,False,,,,,2026-09-07T15:44:36.205822+02:00
NSR:StopPlace:59952,Drammen stasjon,2026-09-07T12:14:00+02:00,2026-09-07T12:14:00+02:00,,0.0,0,Skien,VYG:Line:RE11,Eidsvoll-Oslo S-Skien,RE11,rail,VYG:ServiceJourney:815_444395-R,False,planned,False,,,,,2026-09-07T15:44:36.205822+02:00
NSR:StopPlace:59952,Drammen stasjon,2026-09-07T12:17:00+02:00,2026-09-07T12:17:00+02:00,,0.0,0,Eidsvoll,VYG:Line:R12,Kongsberg-Oslo S-Eidsvoll,R12,rail,VYG:ServiceJourney:516_481318-R,False,planned,False,,,,,2026-09-07T15:44:36.205822+02:00
NSR:StopPlace:59952,Drammen stasjon,2026-09-07T12:22:00+02:00,2026-09-07T12:22:00+02:00,,0.0,0,Oslo Lufthavn,FLT:Line:FLY1,FLY1,FLY1,rail,FLT:ServiceJourney:1-2614-3751-20260907,False,planned,False,,,,,2026-09-07T15:44:36.205822+02:00
NSR:StopPlace:59952,Drammen stasjon,2026-09-07T12:35:00+02:00,2026-09-07T12:35:00+02:00,,0.0,0,Dal,VYG:Line:R13,Drammen-Oslo S-Dal,R13,rail,VYG:ServiceJourney:1633_443282-R,False,planned,False,,,,,2026-09-07T15:44:36.205822+02:00
NSR:StopPlace:59952,Drammen stasjon,2026-09-07T12:42:00+02:00,2026-09-07T12:42:00+02:00,,0.0,0,Oslo Lufthavn,FLT:Line:FLY1,FLY1,FLY1,rail,FLT:ServiceJourney:1-2614-3753-20260907,False,planned,False,,,,,2026-09-07T15:44:36.205822+02:00
NSR:StopPlace:59952,Drammen stasjon,2026-09-07T12:43:00+02:00,2026-09-07T12:43:00+02:00,,0.0,0,Kongsberg,VYG:Line:R12,Kongsberg-Oslo S-Eidsvoll,R12,rail,VYG:ServiceJourney:515_444314-R,False,planned,False,,,,,2026-09-07T15:44:36.205822+02:00
NSR:StopPlace:59952,Drammen stasjon,2026-09-07T12:47:00+02:00,2026-09-07T12:47:00+02:00,,0.0,0,Eidsvoll,VYG:Line:RE11,Eidsvoll-Oslo S-Skien,RE11,rail,VYG:ServiceJourney:816_444396-R,False,planned,False,,,,,2026-09-07T15:44:36.205822+02:00
NSR:StopPlace:59952,Drammen stasjon,2026-09-07T13:02:00+02:00,2026-09-07T13:02:00+02:00,,0.0,0,Oslo Lufthavn,FLT:Line:FLY1,FLY1,FLY1,rail,FLT:ServiceJourney:1-2614-3755-20260907,False,planned,False,,,,,2026-09-07T15:44:36.205822+02:00
NSR:StopPlace:59952,Drammen stasjon,2026-09-07T13:17:00+02:00,2026-09-07T13:17:00+02:00,,0.0,0,Eidsvoll,VYG:Line:R12,Kongsberg-Oslo S-Eidsvoll,R12,rail,VYG:ServiceJourney:518_444318-R,False,planned,False,,,,,2026-09-07T15:44:36.205822+02:00
NSR:StopPlace:59952,Drammen stasjon,2026-09-07T13:22:00+02:00,2026-09-07T13:22:00+02:00,,0.0,0,Oslo Lufthavn,FLT:Line:FLY1,FLY1,FLY1,rail,FLT:ServiceJourney:1-2614-3757-20260907,False,planned,False,,,,,2026-09-07T15:44:36.205822+02:00
NSR:StopPlace:59952,Drammen stasjon,2026-09-07T13:43:00+02:00,2026-09-07T13:43:00+02:00,,0.0,0,Kongsberg,VYG:Line:R12,Kongsberg-Oslo S-Eidsvoll,R12,rail,VYG:ServiceJourney:517_444316-R,False,planned,False,,,,,2026-09-07T15:44:36.205822+02:00
NSR:StopPlace:59957,Klepp stasjon,2026-09-07T11:55:00+02:00,2026-09-07T11:55:00+02:00,,0.0,0,Nærbø,GOA:Line:59,Jærbanen,L5,rail,GOA:ServiceJourney:3030_63067-R,False,planned,False,,,,,2026-09-07T15:44:36.205822+02:00
NSR:StopPlace:59957,Klepp stasjon,2026-09-07T11:57:00+02:00,2026-09-07T11:57:00+02:00,,0.0,0,Verdalen via Kleppekrossen,KOL:Line:8_2024,59,59,bus,KOL:ServiceJourney:2024_250903083241314_2016,False,planned,False,,,,,2026-09-07T15:44:36.205822+02:00
NSR:StopPlace:59957,Klepp stasjon,2026-09-07T12:03:00+02:00,2026-09-07T12:03:00+02:00,,0.0,0,Stavanger,GOA:Line:59,Jærbanen,L5,rail,GOA:ServiceJourney:3029_63065-R,False,planned,False,,,,,2026-09-07T15:44:36.205822+02:00
NSR:StopPlace:59957,Klepp stasjon,2026-09-07T12:22:00+02:00,2026-09-07T12:22:00+02:00,,0.0,0,Egersund,GOA:Line:59,Jærbanen,L5,rail,GOA:ServiceJourney:3032_63069-R,False,planned,False,,,,,2026-09-07T15:44:36.205822+02:00
NSR:StopPlace:59957,Klepp stasjon,2026-09-07T12:27:00+02:00,2026-09-07T12:27:00+02:00,,0.0,0,Verdalen via Kleppekrossen,KOL:Line:8_2024,59,59,bus,KOL:ServiceJourney:2024_250903083241315_2017,False,planned,False,,,,,2026-09-07T15:44:36.205822+02:00
NSR:StopPlace:59957,Klepp stasjon,2026-09-07T12:30:00+02:00,2026-09-07T12:30:00+02:00,,0.0,0,Stavanger,GOA:Line:59,Jærbanen,L5,rail,GOA:ServiceJourney:3031_63068-R,False,planned,False,,,,,2026-09-07T15:44:36.205822+02:00
NSR:StopPlace:59957,Klepp stasjon,2026-09-07T12:52:00+02:00,2026-09-07T12:52:00+02:00,,0.0,0,Nærbø,GOA:Line:59,Jærbanen,L5,rail,GOA:ServiceJourney:3034_63071-R,False,planned,False,,,,,2026-09-07T15:44:36.205822+02:00
NSR:StopPlace:59957,Klepp stasjon,2026-09-07T12:57:00+02:00,2026-09-07T12:57:00+02:00,,0.0,0,Verdalen via Kleppekrossen,KOL:Line:8_2024,59,59,bus,KOL:ServiceJourney:2024_250903083241316_2018,False,planned,False,,,,,2026-09-07T15:44:36.205822+02:00
NSR:StopPlace:59957,Klepp stasjon,2026-09-07T13:02:00+02:00,2026-09-07T13:02:00+02:00,,0.0,0,Stavanger,GOA:Line:59,Jærbanen,L5,rail,GOA:ServiceJourney:3033_63070-R,False,planned,False,,,,,2026-09-07T15:44:36.205822+02:00
NSR:StopPlace:59957,Klepp stasjon,2026-09-07T13:22:00+02:00,2026-09-07T13:22:00+02:00,,0.0,0,Egersund,GOA:Line:59,Jærbanen,L5,rail,GOA:ServiceJourney:3036_63073-R,False,planned,False,,,,,2026-09-07T15:44:36.205822+02:00
NSR:StopPlace:59957,Klepp stasjon,2026-09-07T13:27:00+02:00,2026-09-07T13:27:00+02:00,,0.0,0,Verdalen via Kleppekrossen,KOL:Line:8_2024,59,59,bus,KOL:ServiceJourney:2024_250903083241317_2019,False,planned,False,,,,,2026-09-07T15:44:36.205822+02:00
NSR:StopPlace:59957,Klepp stasjon,2026-09-07T13:30:00+02:00,2026-09-07T13:30:00+02:00,,0.0,0,Stavanger,GOA:Line:59,Jærbanen,L5,rail,GOA:ServiceJourney:3035_63072-R,False,planned,False,,,,,2026-09-07T15:44:36.205822+02:00
NSR:StopPlace:59957,Klepp stasjon,2026-09-07T13:57:00+02:00,2026-09-07T13:57:00+02:00,,0.0,0,Verdalen via Kleppekrossen,KOL:Line:8_2024,59,59,bus,KOL:ServiceJourney:2024_250903083241318_2020,False,planned,False,,,,,2026-09-07T15:44:36.205822+02:00
NSR:StopPlace:59957,Klepp stasjon,2026-09-07T14:01:00+02:00,2026-09-07T14:01:00+02:00,,0.0,0,Stavanger,GOA:Line:59,Jærbanen,L5,rail,GOA:ServiceJourney:3037_63074-R,False,planned,False,,,,,2026-09-07T15:44:36.205822+02:00
NSR:StopPlace:59957,Klepp stasjon,2026-09-07T16:22:00+02:00,2026-09-07T16:22:00+02:00,,0.0,0,Egersund,GOA:Line:59,Jærbanen,L5,rail,GOA:ServiceJourney:3048_63093-R,False,planned,False,,,,,2026-09-07T15:44:36.205822+02:00
NSR:StopPlace:59958,Voss stasjon,2026-09-07T11:55:00+02:00,2026-09-07T11:55:00+02:00,,0.0,0,Voss stasjon,SKY:Line:964,Voss-Skjerpe/Sivlevegen(Ringbuss),964,bus,SKY:ServiceJourney:964-205165-20969015,False,planned,False,,,,,2026-09-07T15:44:36.205822+02:00
NSR:StopPlace:59958,Voss stasjon,2026-09-07T12:00:00+02:00,2026-09-07T12:00:00+02:00,,0.0,0,Sentrumsringen,SKY:Line:965,Sentrumsringen Voss,965,bus,SKY:ServiceJourney:965-205165-18016705,False,planned,False,,,,,2026-09-07T15:44:36.205822+02:00
NSR:StopPlace:59958,Voss stasjon,2026-09-07T12:04:00+02:00,2026-09-07T12:04:00+02:00,,0.0,0,Myrdal,VYG:Line:R40,Bergen-Voss-Myrdal-Ål,R40,rail,VYG:ServiceJourney:1812_456872-R,False,planned,False,,,,,2026-09-07T15:44:36.205822+02:00
NSR:StopPlace:59958,Voss stasjon,2026-09-07T12:04:00+02:00,2026-09-07T12:04:00+02:00,,0.0,0,Flåm,VYX:Line:31,VY450 Bergen-Fagernes-Oslo,VY450,coach,VYX:ServiceJourney:1e39514d5f1f4d40745afa573fceb5e5869b6fcb,False,planned,False,Forhåndsbestilling Vy,Billett må kjøpes på nett eller app senest 15 minutter før påstigning for at bussen skal kjøre innom holdeplassen.,general,normal,2026-09-07T15:44:36.205822+02:00
NSR:StopPlace:59958,Voss stasjon,2026-09-07T12:05:00+02:00,2026-09-07T12:05:00+02:00,,0.0,0,Bergen,VYG:Line:F4,Oslo S-Bergen,F4,rail,VYG:ServiceJourney:61-LOD_504304-R,False,planned,False,,,,,2026-09-07T15:44:36.205822+02:00
NSR:StopPlace:59958,Voss stasjon,2026-09-07T12:10:00+02:00,2026-09-07T12:10:00+02:00,,0.0,0,Stalheim hotell,SKY:Line:950,Bergen-Voss-Gudvangen,950,bus,SKY:ServiceJourney:950-205165-21338676,False,planned,False,,,,,2026-09-07T15:44:36.205822+02:00
NSR:StopPlace:59958,Voss stasjon,2026-09-07T12:15:00+02:00,2026-09-07T12:15:00+02:00,,0.0,0,Sentrumsringen,SKY:Line:965,Sentrumsringen Voss,965,bus,SKY:ServiceJourney:965-205165-18016709,False,planned,False,,,,,2026-09-07T15:44:36.205822+02:00
NSR:StopPlace:59958,Voss stasjon,2026-09-07T12:20:00+02:00,2026-09-07T12:20:00+02:00,,0.0,0,Vik,SKY:Line:810,Sogndal-Leikanger-Vik-Voss,810,bus,SKY:ServiceJourney:810-204958-20473738,False,planned,False,,,,,2026-09-07T15:44:36.205822+02:00
NSR:StopPlace:59958,Voss stasjon,2026-09-07T12:30:00+02:00,2026-09-07T12:30:00+02:00,,0.0,0,Skjerpe,SKY:Line:964,Voss-Skjerpe/Sivlevegen(Ringbuss),964,bus,SKY:ServiceJourney:964-205165-20969006,False,planned,False,,,,,2026-09-07T15:44:36.205822+02:00
NSR:StopPlace:59958,Voss stasjon,2026-09-07T12:35:00+02:00,2026-09-07T12:35:00+02:00,,0.0,0,Sentrumsringen,SKY:Line:965,Sentrumsringen Voss,965,bus,SKY:ServiceJourney:965-205165-18016714,False,planned,False,,,,,2026-09-07T15:44:36.205822+02:00
NSR:StopPlace:59958,Voss stasjon,2026-09-07T12:50:00+02:00,2026-09-07T12:50:00+02:00,,0.0,0,Odda,SKY:Line:990,Odda-Kinsarvik-Bu-Granvin-Voss,990,bus,SKY:ServiceJourney:990-205165-20962033,False,planned,False,,,,,2026-09-07T15:44:36.205822+02:00
NSR:StopPlace:59958,Voss stasjon,2026-09-07T13:00:00+02:00,2026-09-07T13:00:00+02:00,,0.0,0,Sentrumsringen,SKY:Line:965,Sentrumsringen Voss,965,bus,SKY:ServiceJourney:965-205165-18016717,False,planned,False,,,,,2026-09-07T15:44:36.205822+02:00
NSR:StopPlace:59958,Voss stasjon,2026-09-07T13:02:00+02:00,2026-09-07T13:02:00+02:00,,0.0,0,Bergen,VYG:Line:R40,Bergen-Voss-Myrdal-Ål,R40,rail,VYG:ServiceJourney:1821_465760-R,False,planned,False,,,,,2026-09-07T15:44:36.205822+02:00
NSR:StopPlace:59958,Voss stasjon,2026-09-07T13:05:00+02:00,2026-09-07T13:05:00+02:00,,0.0,0,Bus to Gudvangen,FJT:Line:62448c90-fe40-4bfb-b0f0-eb50599ac48f,Gudvangen-Voss,Fjord Tours,bus,FJT:ServiceJourney:b0ae3e72-de8a-44b0-807d-15c847e8d331,False,planned,False,,,,,2026-09-07T15:44:36.205822+02:00
NSR:StopPlace:59958,Voss stasjon,2026-09-07T13:05:00+02:00,2026-09-07T13:05:00+02:00,,0.0,0,Sivlevegen,SKY:Line:964,Voss-Skjerpe/Sivlevegen(Ringbuss),964,bus,SKY:ServiceJourney:964-205165-20969016,False,planned,False,,,,,2026-09-07T15:44:36.205822+02:00
NSR:StopPlace:59958,Voss stasjon,2026-09-07T13:15:00+02:00,2026-09-07T13:15:00+02:00,,0.0,0,Sentrumsringen,SKY:Line:965,Sentrumsringen Voss,965,bus,SKY:ServiceJourney:965-205165-18016710,False,planned,False,,,,,2026-09-07T15:44:36.205822+02:00
NSR:StopPlace:59958,Voss stasjon,2026-09-07T13:25:00+02:00,2026-09-07T13:25:00+02:00,,0.0,0,Voss stasjon,SKY:Line:964,Voss-Skjerpe/Sivlevegen(Ringbuss),964,bus,SKY:ServiceJourney:964-205165-20969016,False,planned,False,,,,,2026-09-07T15:44:36.205822+02:00
NSR:StopPlace:59958,Voss stasjon,2026-09-07T13:30:00+02:00,2026-09-07T13:30:00+02:00,,0.0,0,Skjerpe,SKY:Line:964,Voss-Skjerpe/Sivlevegen(Ringbuss),964,bus,SKY:ServiceJourney:964-205165-20969007,False,planned,False,,,,,2026-09-07T15:44:36.205822+02:00
NSR:StopPlace:59958,Voss stasjon,2026-09-07T13:35:00+02:00,2026-09-07T13:35:00+02:00,,0.0,0,Sentrumsringen,SKY:Line:965,Sentrumsringen Voss,965,bus,SKY:ServiceJourney:965-205165-18016715,False,planned,False,,,,,2026-09-07T15:44:36.205822+02:00
NSR:StopPlace:59958,Voss stasjon,2026-09-07T14:00:00+02:00,2026-09-07T14:00:00+02:00,,0.0,0,Sivlevegen,SKY:Line:964,Voss-Skjerpe/Sivlevegen(Ringbuss),964,bus,SKY:ServiceJourney:964-205165-20969017,False,planned,False,,,,,2026-09-07T15:44:36.205822+02:00
NSR:StopPlace:59958,Voss stasjon,2026-09-07T14:20:00+02:00,2026-09-07T14:20:00+02:00,,0.0,0,Voss stasjon,SKY:Line:964,Voss-Skjerpe/Sivlevegen(Ringbuss),964,bus,SKY:ServiceJourney:964-205165-20969017,False,planned,False,,,,,2026-09-07T15:44:36.205822+02:00
NSR:StopPlace:59958,Voss stasjon,2026-09-07T14:49:00+02:00,2026-09-07T14:49:00+02:00,,0.0,0,Flåm,VYX:Line:31,VY450 Bergen-Fagernes-Oslo,VY450,coach,VYX:ServiceJourney:0f9235a97154514d4d0b80a379d6be27713ebac3,False,planned,False,Forhåndsbestilling Vy,Billett må kjøpes på nett eller app senest 15 minutter før påstigning for at bussen skal kjøre innom holdeplassen.,general,normal,2026-09-07T15:44:36.205822+02:00
NSR:StopPlace:59958,Voss stasjon,2026-09-07T15:50:00+02:00,2026-09-07T15:50:00+02:00,,0.0,0,Vangsnes,SKY:Line:970,Voss-Myrkdalen-Vik-Vangsnes,970,bus,SKY:ServiceJourney:970-205165-20624887,False,planned,False,,,,,2026-09-07T15:44:36.205822+02:00
NSR:StopPlace:59958,Voss stasjon,2026-09-07T15:50:00+02:00,2026-09-07T15:50:00+02:00,,0.0,0,Odda,SKY:Line:990,Odda-Kinsarvik-Bu-Granvin-Voss,990,bus,SKY:ServiceJourney:990-205165-20962034,False,planned,False,,,,,2026-09-07T15:44:36.205822+02:00
NSR:StopPlace:60944,Ski stasjon,2026-09-07T11:46:00+02:00,2026-09-07T11:46:00+02:00,,0.0,0,Hebekk / Finstad,RUT:Line:525,Kråkstad - Ski - Kråkstad,525,bus,RUT:ServiceJourney:425a81d2cf0fcde4a1a86de5f228166d,False,planned,False,,,,,2026-09-07T15:44:36.205822+02:00
NSR:StopPlace:60944,Ski stasjon,2026-09-07T11:50:00+02:00,2026-09-07T11:50:00+02:00,,0.0,0,Stenfeltlia,RUT:Line:511,Sætreskogen - Ski stasjon,511,bus,RUT:ServiceJourney:74cacad76cf5992d0508db1599a8d329,False,planned,False,,,,,2026-09-07T15:44:36.205822+02:00
NSR:StopPlace:60944,Ski stasjon,2026-09-07T11:51:00+02:00,2026-09-07T11:51:00+02:00,,0.0,0,Kolbotn torg,RUT:Line:580,Kolbotn - Ski,580,bus,RUT:ServiceJourney:3dc414e96b2f46c379e4d25f97b57696,False,planned,False,,,,,2026-09-07T15:44:36.205822+02:00
NSR:StopPlace:60944,Ski stasjon,2026-09-07T11:52:00+02:00,2026-09-07T11:52:00+02:00,,0.0,0,Stabekk,VYG:Line:R21,Stabekk-Oslo S-Moss,R21,rail,VYG:ServiceJourney:1130-MOS_443007-R,False,planned,False,,,,,2026-09-07T15:44:36.205822+02:00
NSR:StopPlace:60944,Ski stasjon,2026-09-07T11:54:00+02:00,2026-09-07T11:54:00+02:00,,0.0,0,Skøyen,VYG:Line:L2,Stabekk-Oslo S-Ski,L2,rail,VYG:ServiceJourney:2832-SKI_488375-R,False,planned,False,,,,,2026-09-07T15:44:36.205822+02:00
NSR:StopPlace:60944,Ski stasjon,2026-09-07T11:54:00+02:00,2026-09-07T11:54:00+02:00,,0.0,0,Drøbak - Seiersten,RUT:Line:510,Bøleråsen - Ski - Ås - Drøbak,510,bus,RUT:ServiceJourney:30b1f14d0154e16508f424d21d2581dc,False,planned,False,,,,,2026-09-07T15:44:36.205822+02:00
NSR:StopPlace:60944,Ski stasjon,2026-09-07T11:54:00+02:00,2026-09-07T11:54:00+02:00,,0.0,0,Bøleråsen,RUT:Line:510,Bøleråsen - Ski - Ås - Drøbak,510,bus,RUT:ServiceJourney:6aae9357d929c649cc5794c245510538,False,planned,False,,,,,2026-09-07T15:44:36.205822+02:00
NSR:StopPlace:60944,Ski stasjon,2026-09-07T11:57:00+02:00,2026-09-07T11:57:00+02:00,,0.0,0,Vinterbro,RUT:Line:520,Vinterbro - Ski stasjon,520,bus,RUT:ServiceJourney:63f855bd40be101482d2772fe50d70be,False,planned,False,,,,,2026-09-07T15:44:36.205822+02:00
NSR:StopPlace:60944,Ski stasjon,2026-09-07T11:59:00+02:00,2026-09-07T11:59:00+02:00,,0.0,0,Ski næringspark,RUT:Line:520,Vinterbro - Ski stasjon,520,bus,RUT:ServiceJourney:df5fc1340094f36faa9ba282b341423b,False,planned,False,,,,,2026-09-07T15:44:36.205822+02:00
NSR:StopPlace:60944,Ski stasjon,2026-09-07T12:04:00+02:00,2026-09-07T12:04:00+02:00,,0.0,0,Kråkstad,RUT:Line:525,Kråkstad - Ski - Kråkstad,525,bus,RUT:ServiceJourney:425a81d2cf0fcde4a1a86de5f228166d,False,planned,False,,,,,2026-09-07T15:44:36.205822+02:00
NSR:StopPlace:60944,Ski stasjon,2026-09-07T12:04:00+02:00,2026-09-07T12:04:00+02:00,,0.0,0,Drøbak - Frogn vgs.,RUT:Line:510,Bøleråsen - Ski - Ås - Drøbak,510,bus,RUT:ServiceJourney:d8514d249641160a82403f1854ab6a29,False,planned,False,,,,,2026-09-07T15:44:36.205822+02:00
NSR:StopPlace:60944,Ski stasjon,2026-09-07T12:04:00+02:00,2026-09-07T12:04:00+02:00,,0.0,0,Bøleråsen,RUT:Line:510,Bøleråsen - Ski - Ås - Drøbak,510,bus,RUT:ServiceJourney:a6bdc2e9af705f543870963d992c9766,False,planned,False,,,,,2026-09-07T15:44:36.205822+02:00
NSR:StopPlace:60944,Ski stasjon,2026-09-07T12:05:00+02:00,2026-09-07T12:05:00+02:00,,0.0,0,Moss,VYG:Line:R21,Stabekk-Oslo S-Moss,R21,rail,VYG:ServiceJourney:1127-HVK_443003-R,False,planned,False,,,,,2026-09-07T15:44:36.205822+02:00
NSR:StopPlace:60944,Ski stasjon,2026-09-07T12:08:00+02:00,2026-09-07T12:08:00+02:00,,0.0,0,Oslo S,VYG:Line:R23,Stabekk-Oslo S-Moss,R23,rail,VYG:ServiceJourney:1528_673585-R,False,planned,False,,,,,2026-09-07T15:44:36.205822+02:00
NSR:StopPlace:60944,Ski stasjon,2026-09-07T12:09:00+02:00,2026-09-07T12:09:00+02:00,,0.0,0,Kråkstad,RUT:Line:525,Kråkstad - Ski - Kråkstad,525,bus,RUT:ServiceJourney:425a81d2cf0fcde4a1a86de5f228166d,False,planned,False,,,,,2026-09-07T15:44:36.205822+02:00
NSR:StopPlace:60944,Ski stasjon,2026-09-07T12:09:00+02:00,2026-09-07T12:09:00+02:00,,0.0,0,Stabekk,VYG:Line:L2,Stabekk-Oslo S-Ski,L2,rail,VYG:ServiceJourney:2734-SKI_443942-R,False,planned,False,,,,,2026-09-07T15:44:36.205822+02:00
NSR:StopPlace:60944,Ski stasjon,2026-09-07T12:12:00+02:00,2026-09-07T12:12:00+02:00,,0.0,0,Vinterbro,RUT:Line:520,Vinterbro - Ski stasjon,520,bus,RUT:ServiceJourney:df946eee5c3c610db2c2a35788b3bf5c,False,planned,False,,,,,2026-09-07T15:44:36.205822+02:00
NSR:StopPlace:60944,Ski stasjon,2026-09-07T12:13:00+02:00,2026-09-07T12:13:00+02:00,,0.0,0,Rakkestad,VYG:Line:R22,Skøyen-Oslo S-Mysen-Rakkestad,R22,rail,VYG:ServiceJourney:1915_443457-R,False,planned,False,,,,,2026-09-07T15:44:36.205822+02:00
NSR:StopPlace:60944,Ski stasjon,2026-09-07T12:14:00+02:00,2026-09-07T12:14:00+02:00,,0.0,0,Ski næringspark,RUT:Line:520,Vinterbro - Ski stasjon,520,bus,RUT:ServiceJourney:7d0f13b2b2d9baa15c5533c5308f9d66,False,planned,False,,,,,2026-09-07T15:44:36.205822+02:00
NSR:StopPlace:60944,Ski stasjon,2026-09-07T12:14:00+02:00,2026-09-07T12:14:00+02:00,,0.0,0,Drøbak - Seiersten,RUT:Line:510,Bøleråsen - Ski - Ås - Drøbak,510,bus,RUT:ServiceJourney:f389734a335673e1455a0bd5c547b5b2,False,planned,False,,,,,2026-09-07T15:44:36.205822+02:00
NSR:StopPlace:60944,Ski stasjon,2026-09-07T12:14:00+02:00,2026-09-07T12:14:00+02:00,,0.0,0,Bøleråsen,RUT:Line:510,Bøleråsen - Ski - Ås - Drøbak,510,bus,RUT:ServiceJourney:36795f27ee395f6560439d2caf233194,False,planned,False,,,,,2026-09-07T15:44:36.205822+02:00
NSR:StopPlace:60944,Ski stasjon,2026-09-07T12:15:00+02:00,2026-09-07T12:15:00+02:00,,0.0,0,Kjærnes,RUT:Line:523,Kjærnes - Vinterbro - Ski stasjon,523,bus,RUT:ServiceJourney:0611108181558d932fd6a04f7e9f30ee,False,planned,False,,,,,2026-09-07T15:44:36.205822+02:00
NSR:StopPlace:60944,Ski stasjon,2026-09-07T12:16:00+02:00,2026-09-07T12:16:00+02:00,,0.0,0,Hebekk / Finstad,RUT:Line:525,Kråkstad - Ski - Kråkstad,525,bus,RUT:ServiceJourney:9faf5259ebe6394e72ec2c856103b51a,False,planned,False,,,,,2026-09-07T15:44:36.205822+02:00
NSR:StopPlace:60944,Ski stasjon,2026-09-07T12:18:00+02:00,2026-09-07T12:18:00+02:00,,0.0,0,Kjærnes,RUT:Line:523,Kjærnes - Vinterbro - Ski stasjon,523,bus,RUT:ServiceJourney:0611108181558d932fd6a04f7e9f30ee,False,planned,False,,,,,2026-09-07T15:44:36.205822+02:00
NSR:StopPlace:60944,Ski stasjon,2026-09-07T12:18:00+02:00,2026-09-07T12:18:00+02:00,,0.0,0,Lillestrøm,RUT:Line:350,Lillestrøm - Ski,350,bus,RUT:ServiceJourney:bfbf63af2c0b67420376cad6560a9d03,False,planned,False,,,,,2026-09-07T15:44:36.205822+02:00
NSR:StopPlace:60944,Ski stasjon,2026-09-07T12:21:00+02:00,2026-09-07T12:21:00+02:00,,0.0,0,Kolbotn torg,RUT:Line:580,Kolbotn - Ski,580,bus,RUT:ServiceJourney:45548e4f95f77a52f40a7416dd9098c7,False,planned,False,,,,,2026-09-07T15:44:36.205822+02:00
NSR:StopPlace:60944,Ski stasjon,2026-09-07T12:22:00+02:00,2026-09-07T12:22:00+02:00,,0.0,0,Stabekk,VYG:Line:R21,Stabekk-Oslo S-Moss,R21,rail,VYG:ServiceJourney:1132-MOS_443009-R,False,planned,False,,,,,2026-09-07T15:44:36.205822+02:00
NSR:StopPlace:60944,Ski stasjon,2026-09-07T12:24:00+02:00,2026-09-07T12:24:00+02:00,,0.0,0,Oslo S,VYG:Line:L2,Stabekk-Oslo S-Ski,L2,rail,VYG:ServiceJourney:2834_444058-R,False,planned,False,,,,,2026-09-07T15:44:36.205822+02:00
NSR:StopPlace:60944,Ski stasjon,2026-09-07T12:24:00+02:00,2026-09-07T12:24:00+02:00,,0.0,0,Drøbak - Frogn vgs.,RUT:Line:510,Bøleråsen - Ski - Ås - Drøbak,510,bus,RUT:ServiceJourney:7e1ccffbdcb6518c13099e909258a480,False,planned,False,,,,,2026-09-07T15:44:36.205822+02:00
NSR:StopPlace:60944,Ski stasjon,2026-09-07T12:24:00+02:00,2026-09-07T12:24:00+02:00,,0.0,0,Bøleråsen,RUT:Line:510,Bøleråsen - Ski - Ås - Drøbak,510,bus,RUT:ServiceJourney:3466491cb5c6d0ceab00a954395e5634,False,planned,False,,,,,2026-09-07T15:44:36.205822+02:00
NSR:StopPlace:60944,Ski stasjon,2026-09-07T12:27:00+02:00,2026-09-07T12:27:00+02:00,,0.0,0,Siggerud,RUT:Line:516,Siggerud - Ski stasjon,516,bus,RUT:ServiceJourney:28d8c3c4d1e8ec4c3251f103b6996600,False,planned,False,,,,,2026-09-07T15:44:36.205822+02:00
NSR:StopPlace:60944,Ski stasjon,2026-09-07T12:27:00+02:00,2026-09-07T12:27:00+02:00,,0.0,0,Vinterbro,RUT:Line:520,Vinterbro - Ski stasjon,520,bus,RUT:ServiceJourney:b6da04bd5af518dd2c12aaf14db1582c,False,planned,False,,,,,2026-09-07T15:44:36.205822+02:00
NSR:StopPlace:60944,Ski stasjon,2026-09-07T12:28:00+02:00,2026-09-07T12:28:00+02:00,,0.0,0,Oslo S,VYG:Line:RE20,Oslo S-Halden-Göteborg (X-Border),RE20,rail,VYG:ServiceJourney:116-HLD_673453-R,False,planned,False,,,,,2026-09-07T15:44:36.205822+02:00
NSR:StopPlace:60944,Ski stasjon,2026-09-07T12:29:00+02:00,2026-09-07T12:29:00+02:00,,0.0,0,Ski næringspark,RUT:Line:520,Vinterbro - Ski stasjon,520,bus,RUT:ServiceJourney:acfd75ae742e36bc57ccc870f9d44420,False,planned,False,,,,,2026-09-07T15:44:36.205822+02:00
NSR:StopPlace:60944,Ski stasjon,2026-09-07T12:30:00+02:00,2026-09-07T12:30:00+02:00,,0.0,0,Ellingsrudlia - Ski stasjon,RUT:Line:526,Ellingsrudlia - Ski stasjon,526,bus,RUT:ServiceJourney:efbe27d9176710ef2f9c5855bca9f46b,False,planned,False,,,,,2026-09-07T15:44:36.205822+02:00
NSR:StopPlace:60944,Ski stasjon,2026-09-07T12:32:00+02:00,2026-09-07T12:32:00+02:00,,0.0,0,Oslo bussterminal,RUT:Line:515,Ski - Oslo,515,bus,RUT:ServiceJourney:3b1c1dd9af45f0a423fb893f351adf44,False,planned,False,,,,,2026-09-07T15:44:36.205822+02:00
NSR:StopPlace:60944,Ski stasjon,2026-09-07T12:34:00+02:00,2026-09-07T12:34:00+02:00,,0.0,0,Kråkstad,RUT:Line:525,Kråkstad - Ski - Kråkstad,525,bus,RUT:ServiceJourney:9faf5259ebe6394e72ec2c856103b51a,False,planned,False,,,,,2026-09-07T15:44:36.205822+02:00
NSR:StopPlace:60944,Ski stasjon,2026-09-07T12:34:00+02:00,2026-09-07T12:34:00+02:00,,0.0,0,Drøbak - Seiersten,RUT:Line:510,Bøleråsen - Ski - Ås - Drøbak,510,bus,RUT:ServiceJourney:87d261227e50f4e16b0faef43c6d092d,False,planned,False,,,,,2026-09-07T15:44:36.205822+02:00
NSR:StopPlace:60944,Ski stasjon,2026-09-07T12:34:00+02:00,2026-09-07T12:34:00+02:00,,0.0,0,Bøleråsen,RUT:Line:510,Bøleråsen - Ski - Ås - Drøbak,510,bus,RUT:ServiceJourney:31509cfdd4218b0421653313b92a1162,False,planned,False,,,,,2026-09-07T15:44:36.205822+02:00
NSR:StopPlace:60944,Ski stasjon,2026-09-07T12:35:00+02:00,2026-09-07T12:35:00+02:00,,0.0,0,Moss,VYG:Line:R21,Stabekk-Oslo S-Moss,R21,rail,VYG:ServiceJourney:1129-HVK_443005-R,False,planned,False,,,,,2026-09-07T15:44:36.205822+02:00
NSR:StopPlace:60944,Ski stasjon,2026-09-07T12:38:00+02:00,2026-09-07T12:38:00+02:00,,0.0,0,Oslo S,VYG:Line:R23,Stabekk-Oslo S-Moss,R23,rail,VYG:ServiceJourney:1530_443175-R,False,planned,False,,,,,2026-09-07T15:44:36.205822+02:00
NSR:StopPlace:60944,Ski stasjon,2026-09-07T12:39:00+02:00,2026-09-07T12:39:00+02:00,,0.0,0,Kråkstad,RUT:Line:525,Kråkstad - Ski - Kråkstad,525,bus,RUT:ServiceJourney:9faf5259ebe6394e72ec2c856103b51a,False,planned,False,,,,,2026-09-07T15:44:36.205822+02:00
NSR:StopPlace:60944,Ski stasjon,2026-09-07T12:39:00+02:00,2026-09-07T12:39:00+02:00,,0.0,0,Stabekk,VYG:Line:L2,Stabekk-Oslo S-Ski,L2,rail,VYG:ServiceJourney:2736-SKI_443944-R,False,planned,False,,,,,2026-09-07T15:44:36.205822+02:00
NSR:StopPlace:60944,Ski stasjon,2026-09-07T12:42:00+02:00,2026-09-07T12:42:00+02:00,,0.0,0,Vinterbro,RUT:Line:520,Vinterbro - Ski stasjon,520,bus,RUT:ServiceJourney:ed17079804ed834191e932f9a95b23a2,False,planned,False,,,,,2026-09-07T15:44:36.205822+02:00
NSR:StopPlace:60944,Ski stasjon,2026-09-07T12:44:00+02:00,2026-09-07T12:44:00+02:00,,0.0,0,Ski næringspark,RUT:Line:520,Vinterbro - Ski stasjon,520,bus,RUT:ServiceJourney:9abf448be561291147c33b88c7530fa1,False,planned,False,,,,,2026-09-07T15:44:36.205822+02:00
NSR:StopPlace:60944,Ski stasjon,2026-09-07T12:44:00+02:00,2026-09-07T12:44:00+02:00,,0.0,0,Oslo S,VYG:Line:R22,Skøyen-Oslo S-Mysen-Rakkestad,R22,rail,VYG:ServiceJourney:1918_673806-R,False,planned,False,,,,,2026-09-07T15:44:36.205822+02:00
NSR:StopPlace:60944,Ski stasjon,2026-09-07T12:44:00+02:00,2026-09-07T12:44:00+02:00,,0.0,0,Drøbak - Frogn vgs.,RUT:Line:510,Bøleråsen - Ski - Ås - Drøbak,510,bus,RUT:ServiceJourney:3673814f8cfb9d3aa3540c29ee2f44ee,False,planned,False,,,,,2026-09-07T15:44:36.205822+02:00
NSR:StopPlace:60944,Ski stasjon,2026-09-07T12:44:00+02:00,2026-09-07T12:44:00+02:00,,0.0,0,Bøleråsen,RUT:Line:510,Bøleråsen - Ski - Ås - Drøbak,510,bus,RUT:ServiceJourney:d682ee046ea67eb0601e0fd11810f45a,False,planned,False,,,,,2026-09-07T15:44:36.205822+02:00
NSR:StopPlace:60944,Ski stasjon,2026-09-07T12:46:00+02:00,2026-09-07T12:46:00+02:00,,0.0,0,Hebekk / Finstad,RUT:Line:525,Kråkstad - Ski - Kråkstad,525,bus,RUT:ServiceJourney:5c828de14b8c3ac2423f6a28b4d80e56,False,planned,False,,,,,2026-09-07T15:44:36.205822+02:00
NSR:StopPlace:59977,Trondheim S,2026-09-07T11:45:00+02:00,2026-09-07T11:45:00+02:00,,0.0,0,Støren Rådhus,ATB:Line:2_340,Trondheim - Støren,340,bus,ATB:ServiceJourney:340_260106098642420_98,False,planned,False,,,,,2026-09-07T15:44:36.205822+02:00
NSR:StopPlace:59977,Trondheim S,2026-09-07T11:46:00+02:00,2026-09-07T11:46:00+02:00,,0.0,0,Hurtigbåtterminalen,ATB:Line:2_25,Vikåsen- Strindheim- Singsaker,25,bus,ATB:ServiceJourney:25_251215112543214_68,False,planned,False,,,,,2026-09-07T15:44:36.205822+02:00
NSR:StopPlace:59977,Trondheim S,2026-09-07T11:47:00+02:00,2026-09-07T11:47:00+02:00,,0.0,0,Lund via Kolstad-Heimdal,ATB:Line:2_2,Strindheim- Lade- sentrum- Sau,2,bus,ATB:ServiceJourney:2_251215112550260_86,False,planned,False,,,,,2026-09-07T15:44:36.205822+02:00
NSR:StopPlace:59977,Trondheim S,2026-09-07T11:48:00+02:00,2026-09-07T11:48:00+02:00,,0.0,0,Valøyvegen,ATB:Line:2_311,Stjørdal - Trondheim,311,bus,ATB:ServiceJourney:311_260106098642764_40,False,planned,False,Endret tilbud ved Vikelvvegen,Sydgående avkjøringsrampe fra E6 ved Reppe er stengt frem til 21. september. Vikelvvegen og Ranheim fabrikker til sentrum blir ikke betjent av linje 311 i perioden. ,general,normal,2026-09-07T15:44:36.205822+02:00
NSR:StopPlace:59977,Trondheim S,2026-09-07T11:51:00+02:00,2026-09-07T11:51:00+02:00,,0.0,0,Strindheim via Lade,ATB:Line:2_2,Strindheim- Lade- sentrum- Sau,2,bus,ATB:ServiceJourney:2_251215112549934_89,False,planned,False,,,,,2026-09-07T15:44:36.205822+02:00
NSR:StopPlace:59977,Trondheim S,2026-09-07T11:54:00+02:00,2026-09-07T11:54:00+02:00,,0.0,0,Vikåsen via Singsaker,ATB:Line:2_25,Vikåsen- Strindheim- Singsaker,25,bus,ATB:ServiceJourney:25_251215112543368_67,False,planned,False,,,,,2026-09-07T15:44:36.205822+02:00
NSR:StopPlace:59977,Trondheim S,2026-09-07T11:54:00+02:00,2026-09-07T11:54:00+02:00,,0.0,0,Fortuna/Sæterb. via Strindheim,ATB:Line:2_10,Sæterbakken- Strindheim- Sentrum- Ratesvingen,10,bus,ATB:ServiceJourney:10_260311106203291_59,False,planned,False,,,,,2026-09-07T15:44:36.205822+02:00
NSR:StopPlace:59977,Trondheim S,2026-09-07T11:56:00+02:00,2026-09-07T11:56:00+02:00,,0.0,0,Ratesvingen via sentrum,ATB:Line:2_10,Sæterbakken- Strindheim- Sentrum- Ratesvingen,10,bus,ATB:ServiceJourney:10_260311106200776_60,False,planned,False,,,,,2026-09-07T15:44:36.205822+02:00
NSR:StopPlace:59977,Trondheim S,2026-09-07T11:56:00+02:00,2026-09-07T11:56:00+02:00,,0.0,0,Hurtigbåtterminalen,ATB:Line:2_25,Vikåsen- Strindheim- Singsaker,25,bus,ATB:ServiceJourney:25_251215112543215_70,False,planned,False,,,,,2026-09-07T15:44:36.205822+02:00
NSR:StopPlace:59977,Trondheim S,2026-09-07T11:56:00+02:00,2026-09-07T11:56:00+02:00,,0.0,0,Pirbadet,ATB:Line:2_21,Brattøra- Sentrum- Trolla,21,bus,ATB:ServiceJourney:21_251215112549329_29,False,planned,False,,,,,2026-09-07T15:44:36.205822+02:00
NSR:StopPlace:59977,Trondheim S,2026-09-07T11:56:00+02:00,2026-09-07T11:56:00+02:00,,0.0,0,Stjørdal via Brattøra-Hommelvik,ATB:Line:2_70,Stjørdal/Hommelvik- Trondheim,70,bus,ATB:ServiceJourney:70_251215112546887_33,False,planned,False,,,,,2026-09-07T15:44:36.205822+02:00
NSR:StopPlace:59977,Trondheim S,2026-09-07T11:57:00+02:00,2026-09-07T11:57:00+02:00,,0.0,0,Lund via Kolstad-Heimdal,ATB:Line:2_2,Strindheim- Lade- sentrum- Sau,2,bus,ATB:ServiceJourney:2_251215112550261_88,False,planned,False,,,,,2026-09-07T15:44:36.205822+02:00
NSR:StopPlace:59977,Trondheim S,2026-09-07T12:00:00+02:00,2026-09-07T12:00:00+02:00,,0.0,0,Grillstad via Ladeham.-Strindh.,ATB:Line:2_20,Grillstad - Strindheim - Ladehammeren- Sentrum - Romolslia,20,bus,ATB:ServiceJourney:20_251215112548094_37,False,planned,False,,,,,2026-09-07T15:44:36.205822+02:00
NSR:StopPlace:59977,Trondheim S,2026-09-07T12:01:00+02:00,2026-09-07T12:01:00+02:00,,0.0,0,Strindheim via Lade,ATB:Line:2_2,Strindheim- Lade- sentrum- Sau,2,bus,ATB:ServiceJourney:2_251215112549935_91,False,planned,False,,,,,2026-09-07T15:44:36.205822+02:00
NSR:StopPlace:59977,Trondheim S,2026-09-07T12:04:00+02:00,2026-09-07T12:04:00+02:00,,0.0,0,Vikåsen via Singsaker,ATB:Line:2_25,Vikåsen- Strindheim- Singsaker,25,bus,ATB:ServiceJourney:25_251215112543369_69,False,planned,False,,,,,2026-09-07T15:44:36.205822+02:00
NSR:StopPlace:59977,Trondheim S,2026-09-07T12:04:00+02:00,2026-09-07T12:04:00+02:00,,0.0,0,Marienborg,ATB:Line:2_70,Stjørdal/Hommelvik- Trondheim,70,bus,ATB:ServiceJourney:70_251215112546995_42,False,planned,False,,,,,2026-09-07T15:44:36.205822+02:00
NSR:StopPlace:59977,Trondheim S,2026-09-07T12:05:00+02:00,2026-09-07T12:05:00+02:00,,0.0,0,Romolslia via St. Olavs hospital,ATB:Line:2_20,Grillstad - Strindheim - Ladehammeren- Sentrum - Romolslia,20,bus,ATB:ServiceJourney:20_251215112548135_34,False,planned,False,,,,,2026-09-07T15:44:36.205822+02:00
NSR:StopPlace:59977,Trondheim S,2026-09-07T12:05:00+02:00,2026-09-07T12:05:00+02:00,,0.0,0,Fannrem stasjon via Orkanger,ATB:Line:2_310,Trondheim - Orkanger - Fannrem,310,bus,ATB:ServiceJourney:310_260106098639780_32,False,planned,False,,,,,2026-09-07T15:44:36.205822+02:00
NSR:StopPlace:59977,Trondheim S,2026-09-07T12:06:00+02:00,2026-09-07T12:06:00+02:00,,0.0,0,Hurtigbåtterminalen,ATB:Line:2_25,Vikåsen- Strindheim- Singsaker,25,bus,ATB:ServiceJourney:25_251215112543216_72,False,planned,False,,,,,2026-09-07T15:44:36.205822+02:00
NSR:StopPlace:59977,Trondheim S,2026-09-07T12:07:00+02:00,2026-09-07T12:07:00+02:00,,0.0,0,Lund via Kolstad-Heimdal,ATB:Line:2_2,Strindheim- Lade- sentrum- Sau,2,bus,ATB:ServiceJourney:2_251215112550262_90,False,planned,False,,,,,2026-09-07T15:44:36.205822+02:00
NSR:StopPlace:59977,Trondheim S,2026-09-07T12:09:00+02:00,2026-09-07T12:09:00+02:00,,0.0,0,Spongdal via Klefstadhaugen,ATB:Line:2_75,Trondheim S- Sentrum- Spongdal,75,bus,ATB:ServiceJourney:75_251215112550904_10,False,planned,False,,,,,2026-09-07T15:44:36.205822+02:00
NSR:StopPlace:59977,Trondheim S,2026-09-07T12:11:00+02:00,2026-09-07T12:11:00+02:00,,0.0,0,Strindheim via Lade,ATB:Line:2_2,Strindheim- Lade- sentrum- Sau,2,bus,ATB:ServiceJourney:2_251215112549936_93,False,planned,False,,,,,2026-09-07T15:44:36.205822+02:00
NSR:StopPlace:59977,Trondheim S,2026-09-07T12:12:00+02:00,2026-09-07T12:12:00+02:00,,0.0,0,Trolla via sentrum,ATB:Line:2_21,Brattøra- Sentrum- Trolla,21,bus,ATB:ServiceJourney:21_251215112549181_22,False,planned,False,,,,,2026-09-07T15:44:36.205822+02:00
NSR:StopPlace:59977,Trondheim S,2026-09-07T12:13:00+02:00,2026-09-07T12:13:00+02:00,,0.0,0,Fortuna/Sæterb. via Strindheim,ATB:Line:2_10,Sæterbakken- Strindheim- Sentrum- Ratesvingen,10,bus,ATB:ServiceJourney:10_260311106198261_61,False,planned,False,,,,,2026-09-07T15:44:36.205822+02:00
NSR:StopPlace:59977,Trondheim S,2026-09-07T12:14:00+02:00,2026-09-07T12:14:00+02:00,,0.0,0,Vikåsen via Singsaker,ATB:Line:2_25,Vikåsen- Strindheim- Singsaker,25,bus,ATB:ServiceJourney:25_251215112543370_71,False,planned,False,,,,,2026-09-07T15:44:36.205822+02:00
NSR:StopPlace:59977,Trondheim S,2026-09-07T12:16:00+02:00,2026-09-07T12:16:00+02:00,,0.0,0,Rate via sentrum,ATB:Line:2_10,Sæterbakken- Strindheim- Sentrum- Ratesvingen,10,bus,ATB:ServiceJourney:10_260311106197963_62,False,planned,False,,,,,2026-09-07T15:44:36.205822+02:00
NSR:StopPlace:59977,Trondheim S,2026-09-07T12:16:00+02:00,2026-09-07T12:16:00+02:00,,0.0,0,Hurtigbåtterminalen,ATB:Line:2_25,Vikåsen- Strindheim- Singsaker,25,bus,ATB:ServiceJourney:25_251215112543217_74,False,planned,False,,,,,2026-09-07T15:44:36.205822+02:00
NSR:StopPlace:59977,Trondheim S,2026-09-07T12:16:00+02:00,2026-09-07T12:16:00+02:00,,0.0,0,Steinkjer,SJN:Line:26,Trønderbanen,R70,rail,SJN:ServiceJourney:435-SOeB_56064-R,False,planned,False,,,,,2026-09-07T15:44:36.205822+02:00
NSR:StopPlace:59977,Trondheim S,2026-09-07T12:17:00+02:00,2026-09-07T12:17:00+02:00,,0.0,0,Lund via Kolstad-Heimdal,ATB:Line:2_2,Strindheim- Lade- sentrum- Sau,2,bus,ATB:ServiceJourney:2_251215112550263_92,False,planned,False,,,,,2026-09-07T15:44:36.205822+02:00
NSR:StopPlace:59977,Trondheim S,2026-09-07T12:21:00+02:00,2026-09-07T12:21:00+02:00,,0.0,0,Strindheim via Lade,ATB:Line:2_2,Strindheim- Lade- sentrum- Sau,2,bus,ATB:ServiceJourney:2_251215112549937_95,False,planned,False,,,,,2026-09-07T15:44:36.205822+02:00
NSR:StopPlace:59977,Trondheim S,2026-09-07T12:23:00+02:00,2026-09-07T12:23:00+02:00,,0.0,0,Pirbadet,ATB:Line:2_21,Brattøra- Sentrum- Trolla,21,bus,ATB:ServiceJourney:21_251215112549321_31,False,planned,False,,,,,2026-09-07T15:44:36.205822+02:00
NSR:StopPlace:59977,Trondheim S,2026-09-07T12:24:00+02:00,2026-09-07T12:24:00+02:00,,0.0,0,Vikåsen via Singsaker,ATB:Line:2_25,Vikåsen- Strindheim- Singsaker,25,bus,ATB:ServiceJourney:25_251215112543371_73,False,planned,False,,,,,2026-09-07T15:44:36.205822+02:00
NSR:StopPlace:59977,Trondheim S,2026-09-07T12:26:00+02:00,2026-09-07T12:26:00+02:00,,0.0,0,Hurtigbåtterminalen,ATB:Line:2_25,Vikåsen- Strindheim- Singsaker,25,bus,ATB:ServiceJourney:25_251215112543218_76,False,planned,False,,,,,2026-09-07T15:44:36.205822+02:00
NSR:StopPlace:59977,Trondheim S,2026-09-07T12:26:00+02:00,2026-09-07T12:26:00+02:00,,0.0,0,Stjørdal via Brattøra-Hommelvik,ATB:Line:2_70,Stjørdal/Hommelvik- Trondheim,70,bus,ATB:ServiceJourney:70_251215112546888_35,False,planned,False,,,,,2026-09-07T15:44:36.205822+02:00
NSR:StopPlace:59977,Trondheim S,2026-09-07T12:27:00+02:00,2026-09-07T12:27:00+02:00,,0.0,0,Stjørdal stasjon,ATB:Line:2_311,Stjørdal - Trondheim,311,bus,ATB:ServiceJourney:311_260106098642779_33,False,planned,False,Endret tilbud ved Vikelvvegen,Sydgående avkjøringsrampe fra E6 ved Reppe er stengt frem til 21. september. Vikelvvegen og Ranheim fabrikker til sentrum blir ikke betjent av linje 311 i perioden. ,general,normal,2026-09-07T15:44:36.205822+02:00
NSR:StopPlace:59977,Trondheim S,2026-09-07T12:27:00+02:00,2026-09-07T12:27:00+02:00,,0.0,0,Lund via Kolstad-Heimdal,ATB:Line:2_2,Strindheim- Lade- sentrum- Sau,2,bus,ATB:ServiceJourney:2_251215112550264_94,False,planned,False,,,,,2026-09-07T15:44:36.205822+02:00
NSR:StopPlace:59977,Trondheim S,2026-09-07T12:30:00+02:00,2026-09-07T12:30:00+02:00,,0.0,0,Grillstad via Ladeham.-Strindh.,ATB:Line:2_20,Grillstad - Strindheim - Ladehammeren- Sentrum - Romolslia,20,bus,ATB:ServiceJourney:20_251215112548013_39,False,planned,False,,,,,2026-09-07T15:44:36.205822+02:00
NSR:StopPlace:59977,Trondheim S,2026-09-07T12:30:00+02:00,2026-09-07T12:30:00+02:00,,0.0,0,Orkanger skysst. via fv. 800,ATB:Line:2_410,Trondheim - Orkanger - (Fannrem) via fv. 800,410,bus,ATB:ServiceJourney:410_260106098639900_12,False,planned,False,,,,,2026-09-07T15:44:36.205822+02:00
NSR:StopPlace:59977,Trondheim S,2026-09-07T12:31:00+02:00,2026-09-07T12:31:00+02:00,,0.0,0,Strindheim via Lade,ATB:Line:2_2,Strindheim- Lade- sentrum- Sau,2,bus,ATB:ServiceJourney:2_251215112549938_97,False,planned,False,,,,,2026-09-07T15:44:36.205822+02:00
NSR:StopPlace:59977,Trondheim S,2026-09-07T12:34:00+02:00,2026-09-07T12:34:00+02:00,,0.0,0,Vikåsen via Singsaker,ATB:Line:2_25,Vikåsen- Strindheim- Singsaker,25,bus,ATB:ServiceJourney:25_251215112543372_75,False,planned,False,,,,,2026-09-07T15:44:36.205822+02:00
NSR:StopPlace:59977,Trondheim S,2026-09-07T12:34:00+02:00,2026-09-07T12:34:00+02:00,,0.0,0,Fortuna/Sæterb. via Strindheim,ATB:Line:2_10,Sæterbakken- Strindheim- Sentrum- Ratesvingen,10,bus,ATB:ServiceJourney:10_260311106203302_63,False,planned,False,,,,,2026-09-07T15:44:36.205822+02:00
NSR:StopPlace:59977,Trondheim S,2026-09-07T12:35:00+02:00,2026-09-07T12:35:00+02:00,,0.0,0,Romolslia via Tempevegen,ATB:Line:2_20,Grillstad - Strindheim - Ladehammeren- Sentrum - Romolslia,20,bus,ATB:ServiceJourney:20_251215112548033_36,False,planned,False,,,,,2026-09-07T15:44:36.205822+02:00
NSR:StopPlace:59977,Trondheim S,2026-09-07T12:36:00+02:00,2026-09-07T12:36:00+02:00,,0.0,0,Ratesvingen via sentrum,ATB:Line:2_10,Sæterbakken- Strindheim- Sentrum- Ratesvingen,10,bus,ATB:ServiceJourney:10_260311106200785_64,False,planned,False,,,,,2026-09-07T15:44:36.205822+02:00
NSR:StopPlace:59977,Trondheim S,2026-09-07T12:36:00+02:00,2026-09-07T12:36:00+02:00,,0.0,0,Hurtigbåtterminalen,ATB:Line:2_25,Vikåsen- Strindheim- Singsaker,25,bus,ATB:ServiceJourney:25_251215112543219_78,False,planned,False,,,,,2026-09-07T15:44:36.205822+02:00
NSR:StopPlace:59977,Trondheim S,2026-09-07T12:37:00+02:00,2026-09-07T12:37:00+02:00,,0.0,0,Lund via Kolstad-Heimdal,ATB:Line:2_2,Strindheim- Lade- sentrum- Sau,2,bus,ATB:ServiceJourney:2_251215112550265_96,False,planned,False,,,,,2026-09-07T15:44:36.205822+02:00
NSR:StopPlace:59977,Trondheim S,2026-09-07T12:37:00+02:00,2026-09-07T12:37:00+02:00,,0.0,0,Marienborg,ATB:Line:2_70,Stjørdal/Hommelvik- Trondheim,70,bus,ATB:ServiceJourney:70_251215112546922_44,False,planned,False,,,,,2026-09-07T15:44:36.205822+02:00
NSR:StopPlace:59977,Trondheim S,2026-09-07T12:41:00+02:00,2026-09-07T12:41:00+02:00,,0.0,0,Strindheim via Lade,ATB:Line:2_2,Strindheim- Lade- sentrum- Sau,2,bus,ATB:ServiceJourney:2_251215112549939_99,False,planned,False,,,,,2026-09-07T15:44:36.205822+02:00
NSR:StopPlace:59977,Trondheim S,2026-09-07T12:42:00+02:00,2026-09-07T12:42:00+02:00,,0.0,0,Ilsvika via sentrum,ATB:Line:2_21,Brattøra- Sentrum- Trolla,21,bus,ATB:ServiceJourney:21_251215112549258_24,False,planned,False,,,,,2026-09-07T15:44:36.205822+02:00
NSR:StopPlace:59977,Trondheim S,2026-09-07T12:44:00+02:00,2026-09-07T12:44:00+02:00,,0.0,0,Vikåsen via Singsaker,ATB:Line:2_25,Vikåsen- Strindheim- Singsaker,25,bus,ATB:ServiceJourney:25_251215112543373_77,False,planned,False,,,,,2026-09-07T15:44:36.205822+02:00
NSR:StopPlace:59983,Bergen stasjon,2026-09-07T11:57:00+02:00,2026-09-07T11:57:00+02:00,,0.0,0,Arna,VYG:Line:L4,Bergen-Arna,L4,rail,VYG:ServiceJourney:2628_443843-R,False,planned,False,,,,,2026-09-07T15:44:36.205822+02:00
NSR:StopPlace:59983,Bergen stasjon,2026-09-07T12:12:00+02:00,2026-09-07T12:12:00+02:00,,0.0,0,Arna,VYG:Line:L4,Bergen-Arna,L4,rail,VYG:ServiceJourney:2528_443786-R,False,planned,False,,,,,2026-09-07T15:44:36.205822+02:00
NSR:StopPlace:59983,Bergen stasjon,2026-09-07T12:27:00+02:00,2026-09-07T12:27:00+02:00,,0.0,0,Arna,VYG:Line:L4,Bergen-Arna,L4,rail,VYG:ServiceJourney:2630_443845-R,False,planned,False,,,,,2026-09-07T15:44:36.205822+02:00
NSR:StopPlace:59983,Bergen stasjon,2026-09-07T12:42:00+02:00,2026-09-07T12:42:00+02:00,,0.0,0,Arna,VYG:Line:L4,Bergen-Arna,L4,rail,VYG:ServiceJourney:2530_443788-R,False,planned,False,,,,,2026-09-07T15:44:36.205822+02:00
NSR:StopPlace:59983,Bergen stasjon,2026-09-07T12:57:00+02:00,2026-09-07T12:57:00+02:00,,0.0,0,Arna,VYG:Line:L4,Bergen-Arna,L4,rail,VYG:ServiceJourney:2632_443847-R,False,planned,False,,,,,2026-09-07T15:44:36.205822+02:00
NSR:StopPlace:59983,Bergen stasjon,2026-09-07T13:12:00+02:00,2026-09-07T13:12:00+02:00,,0.0,0,Arna,VYG:Line:L4,Bergen-Arna,L4,rail,VYG:ServiceJourney:2532_443790-R,False,planned,False,,,,,2026-09-07T15:44:36.205822+02:00
NSR:StopPlace:59983,Bergen stasjon,2026-09-07T13:27:00+02:00,2026-09-07T13:27:00+02:00,,0.0,0,Arna,VYG:Line:L4,Bergen-Arna,L4,rail,VYG:ServiceJourney:2634_443849-R,False,planned,False,,,,,2026-09-07T15:44:36.205822+02:00
NSR:StopPlace:59983,Bergen stasjon,2026-09-07T13:42:00+02:00,2026-09-07T13:42:00+02:00,,0.0,0,Arna,VYG:Line:L4,Bergen-Arna,L4,rail,VYG:ServiceJourney:2534_443792-R,False,planned,False,,,,,2026-09-07T15:44:36.205822+02:00
NSR:StopPlace:59983,Bergen stasjon,2026-09-07T13:57:00+02:00,2026-09-07T13:57:00+02:00,,0.0,0,Arna,VYG:Line:L4,Bergen-Arna,L4,rail,VYG:ServiceJourney:2636_443851-R,False,planned,False,,,,,2026-09-07T15:44:36.205822+02:00
NSR:StopPlace:59983,Bergen stasjon,2026-09-07T14:12:00+02:00,2026-09-07T14:12:00+02:00,,0.0,0,Arna,VYG:Line:L4,Bergen-Arna,L4,rail,VYG:ServiceJourney:2536_443794-R,False,planned,False,,,,,2026-09-07T15:44:36.205822+02:00
NSR:StopPlace:59983,Bergen stasjon,2026-09-07T14:27:00+02:00,2026-09-07T14:27:00+02:00,,0.0,0,Arna,VYG:Line:L4,Bergen-Arna,L4,rail,VYG:ServiceJourney:2638_443853-R,False,planned,False,,,,,2026-09-07T15:44:36.205822+02:00
NSR:StopPlace:60131,Ed station,2026-09-07T12:25:00+02:00,2026-09-07T12:25:00+02:00,,0.0,0,Göteborg C,VYG:Line:RE20,Oslo S-Halden-Göteborg (X-Border),RE20,rail,VYG:ServiceJourney:111-387-LOD_459833-R,False,planned,False,,,,,2026-09-07T15:44:36.205822+02:00
NSR:StopPlace:59174,Løkken stasjon,2026-09-07T11:51:00+02:00,2026-09-07T11:51:00+02:00,,0.0,0,Orkanger skysstasjon,ATB:Line:2_460,Orkanger - Meldal - Berkåk,460,bus,ATB:ServiceJourney:460_260106098643682_9,False,planned,False,,,,,2026-09-07T15:44:36.205822+02:00
NSR:StopPlace:59174,Løkken stasjon,2026-09-07T12:50:00+02:00,2026-09-07T12:50:00+02:00,,0.0,0,Berkåk st. via Meldal,ATB:Line:2_460,Orkanger - Meldal - Berkåk,460,bus,ATB:ServiceJourney:460_260106098640570_20,False,planned,False,,,,,2026-09-07T15:44:36.205822+02:00
NSR:StopPlace:59174,Løkken stasjon,2026-09-07T13:25:00+02:00,2026-09-07T13:25:00+02:00,,0.0,0,Bjørnli via Skjøtskift bru,ATB:Line:2_5601,Skjøtskift/Bjørnli - Løkken -,5601,bus,ATB:ServiceJourney:5601_260106098642607_3,False,planned,False,,,,,2026-09-07T15:44:36.205822+02:00
NSR:StopPlace:59174,Løkken stasjon,2026-09-07T14:15:00+02:00,2026-09-07T14:15:00+02:00,,0.0,0,Meldal rutebilstasjon,ATB:Line:2_460,Orkanger - Meldal - Berkåk,460,bus,ATB:ServiceJourney:460_260106098640554_10,False,planned,False,,,,,2026-09-07T15:44:36.205822+02:00
NSR:StopPlace:59174,Løkken stasjon,2026-09-07T16:21:00+02:00,2026-09-07T16:21:00+02:00,,0.0,0,Orkanger skysstasjon,ATB:Line:2_460,Orkanger - Meldal - Berkåk,460,bus,ATB:ServiceJourney:460_260106098640565_13,False,planned,False,,,,,2026-09-07T15:44:36.205822+02:00
NSR:StopPlace:59180,Karlstad Centralstation,2026-09-07T13:09:00+02:00,2026-09-07T13:09:00+02:00,,0.0,0,Oslo,SJV:Line:cfac9102-49ef-476c-8663-a6d468ee4f36,Stockholm-Hallsberg-Karlstad-Oslo,70,rail,SJV:ServiceJourney:f2b2b57f-f7b6-4450-a850-86a4a67348f8,False,planned,False,,,,,2026-09-07T15:44:36.205822+02:00
NSR:StopPlace:59180,Karlstad Centralstation,2026-09-07T14:30:00+02:00,2026-09-07T14:30:00+02:00,,0.0,0,Stockholm,SJV:Line:cfac9102-49ef-476c-8663-a6d468ee4f36,Stockholm-Hallsberg-Karlstad-Oslo,70,rail,SJV:ServiceJourney:e9543df4-7d92-4e69-aa6d-58fd16dc4d35,False,planned,False,,,,,2026-09-07T15:44:36.205822+02:00
NSR:StopPlace:59181,Kristinehamn station,2026-09-07T12:44:00+02:00,2026-09-07T12:44:00+02:00,,0.0,0,Karlstad-Oslo,SJV:Line:cfac9102-49ef-476c-8663-a6d468ee4f36,Stockholm-Hallsberg-Karlstad-Oslo,70,rail,SJV:ServiceJourney:f2b2b57f-f7b6-4450-a850-86a4a67348f8,False,planned,False,,,,,2026-09-07T15:44:36.205822+02:00
NSR:StopPlace:59181,Kristinehamn station,2026-09-07T14:53:00+02:00,2026-09-07T14:53:00+02:00,,0.0,0,Stockholm,SJV:Line:cfac9102-49ef-476c-8663-a6d468ee4f36,Stockholm-Hallsberg-Karlstad-Oslo,70,rail,SJV:ServiceJourney:e9543df4-7d92-4e69-aa6d-58fd16dc4d35,False,planned,False,,,,,2026-09-07T15:44:36.205822+02:00
NSR:StopPlace:59181,Kristinehamn station,2026-09-07T15:05:00+02:00,2026-09-07T15:05:00+02:00,,0.0,0,Oslo,VYB:Line:26,850 Oslo - Arlanda - Stockholm,850,coach,VYB:ServiceJourney:4d5fadfa6739ddb5727237ac82f45b6c8497f48e,False,planned,False,,,,,2026-09-07T15:44:36.205822+02:00
NSR:StopPlace:59181,Kristinehamn station,2026-09-07T16:25:00+02:00,2026-09-07T16:25:00+02:00,,0.0,0,Arlanda,VYB:Line:26,850 Oslo - Arlanda - Stockholm,850,coach,VYB:ServiceJourney:ebb90a61c1eb9eb0d3c8e557b8bcf7c2a04c4625,False,planned,False,,,,,2026-09-07T15:44:36.205822+02:00
NSR:StopPlace:59182,Örebro Centralstation,2026-09-07T11:50:00+02:00,2026-09-07T11:50:00+02:00,,0.0,0,Karlstad,VYB:Line:26,850 Oslo - Arlanda - Stockholm,850,coach,VYB:ServiceJourney:8f7e26368cc3ba028e6b3331172a88433bebc7f0,False,planned,False,Örebro läge X,,general,normal,2026-09-07T15:44:36.205822+02:00
NSR:StopPlace:59182,Örebro Centralstation,2026-09-07T12:20:00+02:00,2026-09-07T12:20:00+02:00,,0.0,0,Arlanda,VYB:Line:26,850 Oslo - Arlanda - Stockholm,850,coach,VYB:ServiceJourney:72182333fdf7039807a983e39199c6d66b63642e,False,planned,False,Örebro läge X,,general,normal,2026-09-07T15:44:36.205822+02:00
NSR:StopPlace:59182,Örebro Centralstation,2026-09-07T12:35:00+02:00,2026-09-07T12:35:00+02:00,,0.0,0,Karlstad,VYB:Line:26,850 Oslo - Arlanda - Stockholm,850,coach,VYB:ServiceJourney:7eac4fa22a0bbca5bfbda144f073e61f9981b098,False,planned,False,Örebro läge X,,general,normal,2026-09-07T15:44:36.205822+02:00
NSR:StopPlace:59182,Örebro Centralstation,2026-09-07T12:35:00+02:00,2026-09-07T12:35:00+02:00,,0.0,0,Stockholm,VYB:Line:26,850 Oslo - Arlanda - Stockholm,850,coach,VYB:ServiceJourney:259c4bdf0c2a342d7a5b98b7eceef5d8290d0ec6,False,planned,False,Örebro läge X,,general,normal,2026-09-07T15:44:36.205822+02:00
NSR:StopPlace:59182,Örebro Centralstation,2026-09-07T13:00:00+02:00,2026-09-07T13:00:00+02:00,,0.0,0,Arlanda,VYB:Line:27,900 Oslo - Arlanda - Stockholm,900,coach,VYB:ServiceJourney:f891cc6f79177bcea38cb59c03c114031dad807e,False,planned,False,Örebro läge X | Annan busstyp på denna avgång,"Vennligst merk at denne avgangen kjøres av en samarbeidspartner til Vy bus4you, og med en annen type buss enn den som vanligvis benyttes av Vy bus4you.",general | general,normal | normal,2026-09-07T15:44:36.205822+02:00
NSR:StopPlace:59182,Örebro Centralstation,2026-09-07T13:45:00+02:00,2026-09-07T13:45:00+02:00,,0.0,0,Arlanda,VYB:Line:27,900 Oslo - Arlanda - Stockholm,900,coach,VYB:ServiceJourney:8e85cb2ddc3bb343e93a7ceb146e6eda7e0a69e1,False,planned,False,Örebro läge X | Annan busstyp på denna avgång,"Vennligst merk at denne avgangen kjøres av en samarbeidspartner til Vy bus4you, og med en annen type buss enn den som vanligvis benyttes av Vy bus4you.",general | general,normal | normal,2026-09-07T15:44:36.205822+02:00
NSR:StopPlace:59182,Örebro Centralstation,2026-09-07T13:50:00+02:00,2026-09-07T13:50:00+02:00,,0.0,0,Karlstad,VYB:Line:26,850 Oslo - Arlanda - Stockholm,850,coach,VYB:ServiceJourney:a5cb01ae585aa2d63892eea2a581009ed09edc38,False,planned,False,Örebro läge X,,general,normal,2026-09-07T15:44:36.205822+02:00
NSR:StopPlace:59182,Örebro Centralstation,2026-09-07T14:05:00+02:00,2026-09-07T14:05:00+02:00,,0.0,0,Oslo,VYB:Line:26,850 Oslo - Arlanda - Stockholm,850,coach,VYB:ServiceJourney:4d5fadfa6739ddb5727237ac82f45b6c8497f48e,False,planned,False,Örebro läge X,,general,normal,2026-09-07T15:44:36.205822+02:00
NSR:StopPlace:59182,Örebro Centralstation,2026-09-07T14:35:00+02:00,2026-09-07T14:35:00+02:00,,0.0,0,Arlanda,VYB:Line:26,850 Oslo - Arlanda - Stockholm,850,coach,VYB:ServiceJourney:9202018d651598ebca8ba4431e7de7c6ad71ec95,False,planned,False,Örebro läge X,,general,normal,2026-09-07T15:44:36.205822+02:00
NSR:StopPlace:59182,Örebro Centralstation,2026-09-07T15:35:00+02:00,2026-09-07T15:35:00+02:00,,0.0,0,Karlstad,VYB:Line:26,850 Oslo - Arlanda - Stockholm,850,coach,VYB:ServiceJourney:eda9e93128fa637d14ec12e9bcd44b6df68adb69,False,planned,False,Örebro läge X,,general,normal,2026-09-07T15:44:36.205822+02:00
NSR:StopPlace:59185,Arvika station,2026-09-07T13:47:00+02:00,2026-09-07T13:47:00+02:00,,0.0,0,Karlstad-Stockholm,SJV:Line:cfac9102-49ef-476c-8663-a6d468ee4f36,Stockholm-Hallsberg-Karlstad-Oslo,70,rail,SJV:ServiceJourney:e9543df4-7d92-4e69-aa6d-58fd16dc4d35,False,planned,False,,,,,2026-09-07T15:44:36.205822+02:00
NSR:StopPlace:59185,Arvika station,2026-09-07T13:50:00+02:00,2026-09-07T13:50:00+02:00,,0.0,0,Oslo,SJV:Line:cfac9102-49ef-476c-8663-a6d468ee4f36,Stockholm-Hallsberg-Karlstad-Oslo,70,rail,SJV:ServiceJourney:f2b2b57f-f7b6-4450-a850-86a4a67348f8,False,planned,False,,,,,2026-09-07T15:44:36.205822+02:00
NSR:StopPlace:60017,Slitu stasjon,2026-09-07T11:50:00+02:00,2026-09-07T11:50:00+02:00,,0.0,0,Rakkestad,VYG:Line:R22,Skøyen-Oslo S-Mysen-Rakkestad,R22,rail,VYG:ServiceJourney:1913_443453-R,False,planned,False,,,,,2026-09-07T15:44:36.205822+02:00
NSR:StopPlace:60017,Slitu stasjon,2026-09-07T12:04:00+02:00,2026-09-07T12:04:00+02:00,,0.0,0,Oslo S,VYG:Line:R22,Skøyen-Oslo S-Mysen-Rakkestad,R22,rail,VYG:ServiceJourney:1918_673806-R,False,planned,False,,,,,2026-09-07T15:44:36.205822+02:00
NSR:StopPlace:60017,Slitu stasjon,2026-09-07T12:50:00+02:00,2026-09-07T12:50:00+02:00,,0.0,0,Rakkestad,VYG:Line:R22,Skøyen-Oslo S-Mysen-Rakkestad,R22,rail,VYG:ServiceJourney:1915_443457-R,False,planned,False,,,,,2026-09-07T15:44:36.205822+02:00
NSR:StopPlace:60017,Slitu stasjon,2026-09-07T13:04:00+02:00,2026-09-07T13:04:00+02:00,,0.0,0,Oslo S,VYG:Line:R22,Skøyen-Oslo S-Mysen-Rakkestad,R22,rail,VYG:ServiceJourney:1920_443466-R,False,planned,False,,,,,2026-09-07T15:44:36.205822+02:00
NSR:StopPlace:60017,Slitu stasjon,2026-09-07T13:50:00+02:00,2026-09-07T13:50:00+02:00,,0.0,0,Rakkestad,VYG:Line:R22,Skøyen-Oslo S-Mysen-Rakkestad,R22,rail,VYG:ServiceJourney:1917_443460-R,False,planned,False,,,,,2026-09-07T15:44:36.205822+02:00
NSR:StopPlace:60016,Kråkstad stasjon,2026-09-07T12:18:00+02:00,2026-09-07T12:18:00+02:00,,0.0,0,Rakkestad,VYG:Line:R22,Skøyen-Oslo S-Mysen-Rakkestad,R22,rail,VYG:ServiceJourney:1915_443457-R,False,planned,False,,,,,2026-09-07T15:44:36.205822+02:00
NSR:StopPlace:60016,Kråkstad stasjon,2026-09-07T12:36:00+02:00,2026-09-07T12:36:00+02:00,,0.0,0,Oslo S,VYG:Line:R22,Skøyen-Oslo S-Mysen-Rakkestad,R22,rail,VYG:ServiceJourney:1918_673806-R,False,planned,False,,,,,2026-09-07T15:44:36.205822+02:00
NSR:StopPlace:60016,Kråkstad stasjon,2026-09-07T13:18:00+02:00,2026-09-07T13:18:00+02:00,,0.0,0,Rakkestad,VYG:Line:R22,Skøyen-Oslo S-Mysen-Rakkestad,R22,rail,VYG:ServiceJourney:1917_443460-R,False,planned,False,,,,,2026-09-07T15:44:36.205822+02:00
NSR:StopPlace:60016,Kråkstad stasjon,2026-09-07T13:36:00+02:00,2026-09-07T13:36:00+02:00,,0.0,0,Oslo S,VYG:Line:R22,Skøyen-Oslo S-Mysen-Rakkestad,R22,rail,VYG:ServiceJourney:1920_443466-R,False,planned,False,,,,,2026-09-07T15:44:36.205822+02:00
NSR:StopPlace:60042,Trengereid stasjon,2026-09-07T12:27:00+02:00,2026-09-07T12:27:00+02:00,,0.0,0,Bergen,VYG:Line:R40,Bergen-Voss-Myrdal-Ål,R40,rail,VYG:ServiceJourney:1819_465756-R,False,planned,False,,,,,2026-09-07T15:44:36.205822+02:00
NSR:StopPlace:60042,Trengereid stasjon,2026-09-07T13:58:00+02:00,2026-09-07T13:58:00+02:00,,0.0,0,Bergen,VYG:Line:R40,Bergen-Voss-Myrdal-Ål,R40,rail,VYG:ServiceJourney:1821_465760-R,False,planned,False,,,,,2026-09-07T15:44:36.205822+02:00
NSR:StopPlace:60047,Melhus skysstasjon,2026-09-07T11:47:00+02:00,2026-09-07T11:47:00+02:00,,0.0,0,Steinkjer,SJN:Line:26,Trønderbanen,R70,rail,SJN:ServiceJourney:435-SOeB_56064-R,False,planned,False,,,,,2026-09-07T15:44:36.205822+02:00
NSR:StopPlace:60047,Melhus skysstasjon,2026-09-07T11:53:00+02:00,2026-09-07T11:53:00+02:00,,0.0,0,Brekkåsen,ATB:Line:2_82,Hesttrøa-Brekkåsen,82,bus,ATB:ServiceJourney:82_251215112550851_51,False,planned,False,Linje 82 og 504,Avvikende kjøring for linje 82 og 504 pga Hølondvegen er stengt. ,general,normal,2026-09-07T15:44:36.205822+02:00
NSR:StopPlace:60047,Melhus skysstasjon,2026-09-07T11:53:00+02:00,2026-09-07T11:53:00+02:00,,0.0,0,Hesttrøa via Melhus skysstasjon,ATB:Line:2_82,Hesttrøa-Brekkåsen,82,bus,ATB:ServiceJourney:82_251215112550688_52,False,planned,False,Linje 82 og 504,Avvikende kjøring for linje 82 og 504 pga Hølondvegen er stengt. ,general,normal,2026-09-07T15:44:36.205822+02:00
NSR:StopPlace:60047,Melhus skysstasjon,2026-09-07T11:56:00+02:00,2026-09-07T11:56:00+02:00,,0.0,0,Dora via E6 - City Syd E6,ATB:Line:2_71,MelhusSkyss-Trondheim,71,bus,ATB:ServiceJourney:71_251215112545665_46,False,planned,False,,,,,2026-09-07T15:44:36.205822+02:00
NSR:StopPlace:60047,Melhus skysstasjon,2026-09-07T11:58:00+02:00,2026-09-07T11:58:00+02:00,,0.0,0,Lillehammer,VYX:Line:125,VY710 Trondheim-Lillehammer(-Oslo),VY710,coach,VYX:ServiceJourney:5063a56fd4be6fdb2d1e2d7b5cc45d8740ce8001,False,planned,False,Forhåndsbestilling Vy,Billett må kjøpes på nett eller app senest 15 minutter før påstigning for at bussen skal kjøre innom holdeplassen.,general,normal,2026-09-07T15:44:36.205822+02:00
NSR:StopPlace:60047,Melhus skysstasjon,2026-09-07T12:01:00+02:00,2026-09-07T12:01:00+02:00,,0.0,0,Trondheim S,ATB:Line:2_340,Trondheim - Støren,340,bus,ATB:ServiceJourney:340_260106098641974_17,False,planned,False,,,,,2026-09-07T15:44:36.205822+02:00
NSR:StopPlace:60047,Melhus skysstasjon,2026-09-07T12:08:00+02:00,2026-09-07T12:08:00+02:00,,0.0,0,Ler,SJN:Line:26,Trønderbanen,R70,rail,SJN:ServiceJourney:430_56059-R,False,planned,False,,,,,2026-09-07T15:44:36.205822+02:00
NSR:StopPlace:60047,Melhus skysstasjon,2026-09-07T12:18:00+02:00,2026-09-07T12:18:00+02:00,,0.0,0,Støren Rådhus,ATB:Line:2_340,Trondheim - Støren,340,bus,ATB:ServiceJourney:340_260106098642420_98,False,planned,False,,,,,2026-09-07T15:44:36.205822+02:00
NSR:StopPlace:60047,Melhus skysstasjon,2026-09-07T12:23:00+02:00,2026-09-07T12:23:00+02:00,,0.0,0,Brekkåsen,ATB:Line:2_82,Hesttrøa-Brekkåsen,82,bus,ATB:ServiceJourney:82_251215112550876_53,False,planned,False,Linje 82 og 504,Avvikende kjøring for linje 82 og 504 pga Hølondvegen er stengt. ,general,normal,2026-09-07T15:44:36.205822+02:00
NSR:StopPlace:60047,Melhus skysstasjon,2026-09-07T12:23:00+02:00,2026-09-07T12:23:00+02:00,,0.0,0,Hesttrøa via Melhus skysstasjon,ATB:Line:2_82,Hesttrøa-Brekkåsen,82,bus,ATB:ServiceJourney:82_251215112550738_54,False,planned,False,Linje 82 og 504,Avvikende kjøring for linje 82 og 504 pga Hølondvegen er stengt. ,general,normal,2026-09-07T15:44:36.205822+02:00
NSR:StopPlace:60047,Melhus skysstasjon,2026-09-07T12:26:00+02:00,2026-09-07T12:26:00+02:00,,0.0,0,Dora via E6 - City Syd E6,ATB:Line:2_71,MelhusSkyss-Trondheim,71,bus,ATB:ServiceJourney:71_251215112545627_48,False,planned,False,,,,,2026-09-07T15:44:36.205822+02:00
NSR:StopPlace:60047,Melhus skysstasjon,2026-09-07T12:53:00+02:00,2026-09-07T12:53:00+02:00,,0.0,0,Brekkåsen,ATB:Line:2_82,Hesttrøa-Brekkåsen,82,bus,ATB:ServiceJourney:82_251215112550852_55,False,planned,False,Linje 82 og 504,Avvikende kjøring for linje 82 og 504 pga Hølondvegen er stengt. ,general,normal,2026-09-07T15:44:36.205822+02:00
NSR:StopPlace:60047,Melhus skysstasjon,2026-09-07T12:53:00+02:00,2026-09-07T12:53:00+02:00,,0.0,0,Hesttrøa via Melhus skysstasjon,ATB:Line:2_82,Hesttrøa-Brekkåsen,82,bus,ATB:ServiceJourney:82_251215112550689_56,False,planned,False,Linje 82 og 504,Avvikende kjøring for linje 82 og 504 pga Hølondvegen er stengt. ,general,normal,2026-09-07T15:44:36.205822+02:00
NSR:StopPlace:60047,Melhus skysstasjon,2026-09-07T12:55:00+02:00,2026-09-07T12:55:00+02:00,,0.0,0,Gåsbakken skole,ATB:Line:2_504,Melhus - Hølonda,504,bus,ATB:ServiceJourney:504_260106098642212_10,False,planned,False,Linje 82 og 504,Avvikende kjøring for linje 82 og 504 pga Hølondvegen er stengt. ,general,normal,2026-09-07T15:44:36.205822+02:00
NSR:StopPlace:60047,Melhus skysstasjon,2026-09-07T12:56:00+02:00,2026-09-07T12:56:00+02:00,,0.0,0,Dora via E6 - City Syd E6,ATB:Line:2_71,MelhusSkyss-Trondheim,71,bus,ATB:ServiceJourney:71_251215112545666_50,False,planned,False,,,,,2026-09-07T15:44:36.205822+02:00
NSR:StopPlace:60047,Melhus skysstasjon,2026-09-07T13:08:00+02:00,2026-09-07T13:08:00+02:00,,0.0,0,Ler,SJN:Line:26,Trønderbanen,R70,rail,SJN:ServiceJourney:432_56061-R,False,planned,False,,,,,2026-09-07T15:44:36.205822+02:00
NSR:StopPlace:60047,Melhus skysstasjon,2026-09-07T13:11:00+02:00,2026-09-07T13:11:00+02:00,,0.0,0,Trondheim S,ATB:Line:2_340,Trondheim - Støren,340,bus,ATB:ServiceJourney:340_260106098639877_19,False,planned,False,,,,,2026-09-07T15:44:36.205822+02:00
NSR:StopPlace:60047,Melhus skysstasjon,2026-09-07T13:17:00+02:00,2026-09-07T13:17:00+02:00,,0.0,0,Kregnes via Lete,ATB:Line:2_5009,Brekkåsen - Lete - Kregnes,5009,bus,ATB:ServiceJourney:5009_260106098642234_2,False,planned,False,,,,,2026-09-07T15:44:36.205822+02:00
NSR:StopPlace:60047,Melhus skysstasjon,2026-09-07T13:23:00+02:00,2026-09-07T13:23:00+02:00,,0.0,0,Brekkåsen,ATB:Line:2_82,Hesttrøa-Brekkåsen,82,bus,ATB:ServiceJourney:82_251215112550877_57,False,planned,False,Linje 82 og 504,Avvikende kjøring for linje 82 og 504 pga Hølondvegen er stengt. ,general,normal,2026-09-07T15:44:36.205822+02:00
NSR:StopPlace:60047,Melhus skysstasjon,2026-09-07T13:23:00+02:00,2026-09-07T13:23:00+02:00,,0.0,0,Hesttrøa via Melhus skysstasjon,ATB:Line:2_82,Hesttrøa-Brekkåsen,82,bus,ATB:ServiceJourney:82_251215112550739_58,False,planned,False,Linje 82 og 504,Avvikende kjøring for linje 82 og 504 pga Hølondvegen er stengt. ,general,normal,2026-09-07T15:44:36.205822+02:00
NSR:StopPlace:60047,Melhus skysstasjon,2026-09-07T13:25:00+02:00,2026-09-07T13:25:00+02:00,,0.0,0,Varmbu,ATB:Line:2_5003,Melhus - Øyås - Varmbu - Melhus,5003,bus,ATB:ServiceJourney:5003_260106098640001_8,False,planned,False,,,,,2026-09-07T15:44:36.205822+02:00
NSR:StopPlace:60047,Melhus skysstasjon,2026-09-07T13:25:00+02:00,2026-09-07T13:25:00+02:00,,0.0,0,Sagberget,ATB:Line:2_504,Melhus - Hølonda,504,bus,ATB:ServiceJourney:504_260106098642232_12,False,planned,False,Linje 82 og 504,Avvikende kjøring for linje 82 og 504 pga Hølondvegen er stengt. ,general,normal,2026-09-07T15:44:36.205822+02:00
NSR:StopPlace:60047,Melhus skysstasjon,2026-09-07T13:26:00+02:00,2026-09-07T13:26:00+02:00,,0.0,0,B Dora via Ekra-Tillerterminalen,ATB:Line:2_71,MelhusSkyss-Trondheim,71,bus,ATB:ServiceJourney:71_251215112545628_52,False,planned,False,,,,,2026-09-07T15:44:36.205822+02:00
NSR:StopPlace:60047,Melhus skysstasjon,2026-09-07T13:30:00+02:00,2026-09-07T13:30:00+02:00,,0.0,0,Møsta,ATB:Line:2_5004,Klett - Melhus - Støren,5004,bus,ATB:ServiceJourney:5004_260309084088725_16,False,planned,False,,,,,2026-09-07T15:44:36.205822+02:00
NSR:StopPlace:60047,Melhus skysstasjon,2026-09-07T13:38:00+02:00,2026-09-07T13:38:00+02:00,,0.0,0,Støren Rådhus,ATB:Line:2_340,Trondheim - Støren,340,bus,ATB:ServiceJourney:340_260106098639864_28,False,planned,False,,,,,2026-09-07T15:44:36.205822+02:00
NSR:StopPlace:60047,Melhus skysstasjon,2026-09-07T13:49:00+02:00,2026-09-07T13:49:00+02:00,,0.0,0,Hesttrøa via Gimse/Høyeggen sk.,ATB:Line:2_82,Hesttrøa-Brekkåsen,82,bus,ATB:ServiceJourney:82_251215112550625_60,False,planned,False,Linje 82 og 504,Avvikende kjøring for linje 82 og 504 pga Hølondvegen er stengt. ,general,normal,2026-09-07T15:44:36.205822+02:00
NSR:StopPlace:60047,Melhus skysstasjon,2026-09-07T13:53:00+02:00,2026-09-07T13:53:00+02:00,,0.0,0,Brekkåsen,ATB:Line:2_82,Hesttrøa-Brekkåsen,82,bus,ATB:ServiceJourney:82_251215112550853_59,False,planned,False,Linje 82 og 504,Avvikende kjøring for linje 82 og 504 pga Hølondvegen er stengt. ,general,normal,2026-09-07T15:44:36.205822+02:00
NSR:StopPlace:60047,Melhus skysstasjon,2026-09-07T13:55:00+02:00,2026-09-07T13:55:00+02:00,,0.0,0,Rødde,ATB:Line:2_5001,(Brannåsen) - Rødde - Gimse,5001,bus,ATB:ServiceJourney:5001_260106098642124_13,False,planned,False,,,,,2026-09-07T15:44:36.205822+02:00
NSR:StopPlace:60047,Melhus skysstasjon,2026-09-07T14:13:00+02:00,2026-09-07T14:13:00+02:00,,0.0,0,Brekkåsen,ATB:Line:2_82,Hesttrøa-Brekkåsen,82,bus,ATB:ServiceJourney:82_251215112550767_61,False,planned,False,Linje 82 og 504,Avvikende kjøring for linje 82 og 504 pga Hølondvegen er stengt. ,general,normal,2026-09-07T15:44:36.205822+02:00
NSR:StopPlace:60047,Melhus skysstasjon,2026-09-07T14:13:00+02:00,2026-09-07T14:13:00+02:00,,0.0,0,Hesttrøa via Melhus skysstasjon,ATB:Line:2_82,Hesttrøa-Brekkåsen,82,bus,ATB:ServiceJourney:82_251215112550637_62,False,planned,False,Linje 82 og 504,Avvikende kjøring for linje 82 og 504 pga Hølondvegen er stengt. ,general,normal,2026-09-07T15:44:36.205822+02:00
NSR:StopPlace:60047,Melhus skysstasjon,2026-09-07T14:23:00+02:00,2026-09-07T14:23:00+02:00,,0.0,0,Brekkåsen,ATB:Line:2_82,Hesttrøa-Brekkåsen,82,bus,ATB:ServiceJourney:82_251215112552064_63,False,planned,False,Linje 82 og 504,Avvikende kjøring for linje 82 og 504 pga Hølondvegen er stengt. ,general,normal,2026-09-07T15:44:36.205822+02:00
NSR:StopPlace:60047,Melhus skysstasjon,2026-09-07T14:33:00+02:00,2026-09-07T14:33:00+02:00,,0.0,0,Brekkåsen,ATB:Line:2_82,Hesttrøa-Brekkåsen,82,bus,ATB:ServiceJourney:82_251215112550854_65,False,planned,False,Linje 82 og 504,Avvikende kjøring for linje 82 og 504 pga Hølondvegen er stengt. ,general,normal,2026-09-07T15:44:36.205822+02:00
NSR:StopPlace:60045,Hamar stasjon,2026-09-07T11:52:00+02:00,2026-09-07T11:52:00+02:00,,0.0,0,Lillehammer,VYG:Line:RE10,Drammen-Oslo S-Lillehammer,RE10,rail,VYG:ServiceJourney:313-SUD_465123-R,False,planned,False,,,,,2026-09-07T15:44:36.205822+02:00
NSR:StopPlace:60045,Hamar stasjon,2026-09-07T12:11:00+02:00,2026-09-07T12:11:00+02:00,,0.0,0,Drammen,VYG:Line:RE10,Drammen-Oslo S-Lillehammer,RE10,rail,VYG:ServiceJourney:316-LHM_465125-R,False,planned,False,,,,,2026-09-07T15:44:36.205822+02:00
NSR:StopPlace:60045,Hamar stasjon,2026-09-07T12:52:00+02:00,2026-09-07T12:52:00+02:00,,0.0,0,Lillehammer,VYG:Line:RE10,Drammen-Oslo S-Lillehammer,RE10,rail,VYG:ServiceJourney:315-SUD_444173-R,False,planned,False,,,,,2026-09-07T15:44:36.205822+02:00
NSR:StopPlace:60053,Halden stasjon,2026-09-07T11:46:00+02:00,2026-09-07T11:46:00+02:00,,0.0,0,Halden sentrum,OST:Line:1_34,Remmen-Sykehuset,34,bus,OST:ServiceJourney:34_260325121472298_14,False,planned,False,,,,,2026-09-07T15:44:36.205822+02:00
NSR:StopPlace:60053,Halden stasjon,2026-09-07T11:47:00+02:00,2026-09-07T11:47:00+02:00,,0.0,0,Göteborg C,VYG:Line:RE20,Oslo S-Halden-Göteborg (X-Border),RE20,rail,VYG:ServiceJourney:111-387-LOD_459833-R,False,planned,False,,,,,2026-09-07T15:44:36.205822+02:00
NSR:StopPlace:60053,Halden stasjon,2026-09-07T11:56:00+02:00,2026-09-07T11:56:00+02:00,,0.0,0,Halden sentrum,OST:Line:1_32,Brekkerød-Stenrød,32,bus,OST:ServiceJourney:32_260325121472802_14,False,planned,False,,,,,2026-09-07T15:44:36.205822+02:00
NSR:StopPlace:60053,Halden stasjon,2026-09-07T12:06:00+02:00,2026-09-07T12:06:00+02:00,,0.0,0,Halden sentrum,OST:Line:1_33,Tistedal-Vold skog,33,bus,OST:ServiceJourney:33_260325121472244_14,False,planned,False,,,,,2026-09-07T15:44:36.205822+02:00
NSR:StopPlace:60053,Halden stasjon,2026-09-07T12:08:00+02:00,2026-09-07T12:08:00+02:00,,0.0,0,Halden sentrum,OST:Line:1_35,Næridsrød - Tistedal,35,bus,OST:ServiceJourney:35_260325121472352_14,False,planned,False,,,,,2026-09-07T15:44:36.205822+02:00
NSR:StopPlace:60053,Halden stasjon,2026-09-07T12:11:00+02:00,2026-09-07T12:11:00+02:00,,0.0,0,Oslo S,VYG:Line:RE20,Oslo S-Halden-Göteborg (X-Border),RE20,rail,VYG:ServiceJourney:386-118_611301-R,False,planned,False,,,,,2026-09-07T15:44:36.205822+02:00
NSR:StopPlace:60053,Halden stasjon,2026-09-07T12:21:00+02:00,2026-09-07T12:21:00+02:00,,0.0,0,Sykehuset-Halden,OST:Line:1_34,Remmen-Sykehuset,34,bus,OST:ServiceJourney:34_260325121472275_13,False,planned,False,,,,,2026-09-07T15:44:36.205822+02:00
NSR:StopPlace:60053,Halden stasjon,2026-09-07T12:22:00+02:00,2026-09-07T12:22:00+02:00,,0.0,0,Halden sentrum,OST:Line:1_32,Brekkerød-Stenrød,32,bus,OST:ServiceJourney:32_260325121472776_15,False,planned,False,,,,,2026-09-07T15:44:36.205822+02:00
NSR:StopPlace:60053,Halden stasjon,2026-09-07T12:25:00+02:00,2026-09-07T12:25:00+02:00,,0.0,0,Halden,OST:Line:1_633,Moss-Sarpsborg-Halden,633,bus,OST:ServiceJourney:633_260325121471810_112,False,planned,False,,,,,2026-09-07T15:44:36.205822+02:00
NSR:StopPlace:60053,Halden stasjon,2026-09-07T12:33:00+02:00,2026-09-07T12:33:00+02:00,,0.0,0,Halden sentrum,OST:Line:1_33,Tistedal-Vold skog,33,bus,OST:ServiceJourney:33_260325121472217_15,False,planned,False,,,,,2026-09-07T15:44:36.205822+02:00
NSR:StopPlace:60053,Halden stasjon,2026-09-07T12:43:00+02:00,2026-09-07T12:43:00+02:00,,0.0,0,Halden sentrum,OST:Line:1_35,Næridsrød - Tistedal,35,bus,OST:ServiceJourney:35_260325121472325_13,False,planned,False,,,,,2026-09-07T15:44:36.205822+02:00
NSR:StopPlace:60053,Halden stasjon,2026-09-07T12:46:00+02:00,2026-09-07T12:46:00+02:00,,0.0,0,Halden sentrum,OST:Line:1_34,Remmen-Sykehuset,34,bus,OST:ServiceJourney:34_260325121472299_16,False,planned,False,,,,,2026-09-07T15:44:36.205822+02:00
NSR:StopPlace:60053,Halden stasjon,2026-09-07T12:56:00+02:00,2026-09-07T12:56:00+02:00,,0.0,0,Halden sentrum,OST:Line:1_32,Brekkerød-Stenrød,32,bus,OST:ServiceJourney:32_260325121472803_16,False,planned,False,,,,,2026-09-07T15:44:36.205822+02:00
NSR:StopPlace:60053,Halden stasjon,2026-09-07T13:06:00+02:00,2026-09-07T13:06:00+02:00,,0.0,0,Halden sentrum,OST:Line:1_33,Tistedal-Vold skog,33,bus,OST:ServiceJourney:33_260325121472245_16,False,planned,False,,,,,2026-09-07T15:44:36.205822+02:00
NSR:StopPlace:60053,Halden stasjon,2026-09-07T13:08:00+02:00,2026-09-07T13:08:00+02:00,,0.0,0,Halden sentrum,OST:Line:1_35,Næridsrød - Tistedal,35,bus,OST:ServiceJourney:35_260325121472353_16,False,planned,False,,,,,2026-09-07T15:44:36.205822+02:00
NSR:StopPlace:60053,Halden stasjon,2026-09-07T13:21:00+02:00,2026-09-07T13:21:00+02:00,,0.0,0,Sykehuset-Halden,OST:Line:1_34,Remmen-Sykehuset,34,bus,OST:ServiceJourney:34_260325121472276_15,False,planned,False,,,,,2026-09-07T15:44:36.205822+02:00
NSR:StopPlace:60053,Halden stasjon,2026-09-07T13:22:00+02:00,2026-09-07T13:22:00+02:00,,0.0,0,Halden sentrum,OST:Line:1_32,Brekkerød-Stenrød,32,bus,OST:ServiceJourney:32_260325121472777_17,False,planned,False,,,,,2026-09-07T15:44:36.205822+02:00
NSR:StopPlace:60053,Halden stasjon,2026-09-07T13:33:00+02:00,2026-09-07T13:33:00+02:00,,0.0,0,Halden sentrum,OST:Line:1_33,Tistedal-Vold skog,33,bus,OST:ServiceJourney:33_260325121472218_17,False,planned,False,,,,,2026-09-07T15:44:36.205822+02:00
NSR:StopPlace:60053,Halden stasjon,2026-09-07T13:43:00+02:00,2026-09-07T13:43:00+02:00,,0.0,0,Halden sentrum,OST:Line:1_35,Næridsrød - Tistedal,35,bus,OST:ServiceJourney:35_260325121472326_15,False,planned,False,,,,,2026-09-07T15:44:36.205822+02:00
NSR:StopPlace:60053,Halden stasjon,2026-09-07T13:46:00+02:00,2026-09-07T13:46:00+02:00,,0.0,0,Halden sentrum,OST:Line:1_34,Remmen-Sykehuset,34,bus,OST:ServiceJourney:34_260325121472300_18,False,planned,False,,,,,2026-09-07T15:44:36.205822+02:00
NSR:StopPlace:60053,Halden stasjon,2026-09-07T13:56:00+02:00,2026-09-07T13:56:00+02:00,,0.0,0,Halden sentrum,OST:Line:1_32,Brekkerød-Stenrød,32,bus,OST:ServiceJourney:32_260325121472804_18,False,planned,False,,,,,2026-09-07T15:44:36.205822+02:00
NSR:StopPlace:60053,Halden stasjon,2026-09-07T14:06:00+02:00,2026-09-07T14:06:00+02:00,,0.0,0,Halden sentrum,OST:Line:1_33,Tistedal-Vold skog,33,bus,OST:ServiceJourney:33_260325121472246_18,False,planned,False,,,,,2026-09-07T15:44:36.205822+02:00
NSR:StopPlace:60053,Halden stasjon,2026-09-07T14:08:00+02:00,2026-09-07T14:08:00+02:00,,0.0,0,Halden sentrum,OST:Line:1_35,Næridsrød - Tistedal,35,bus,OST:ServiceJourney:35_260325121472354_18,False,planned,False,,,,,2026-09-07T15:44:36.205822+02:00
NSR:StopPlace:60053,Halden stasjon,2026-09-07T14:21:00+02:00,2026-09-07T14:21:00+02:00,,0.0,0,Sykehuset-Halden,OST:Line:1_34,Remmen-Sykehuset,34,bus,OST:ServiceJourney:34_260325121472277_17,False,planned,False,,,,,2026-09-07T15:44:36.205822+02:00
NSR:StopPlace:60053,Halden stasjon,2026-09-07T14:22:00+02:00,2026-09-07T14:22:00+02:00,,0.0,0,Halden sentrum,OST:Line:1_32,Brekkerød-Stenrød,32,bus,OST:ServiceJourney:32_260325121472778_19,False,planned,False,,,,,2026-09-07T15:44:36.205822+02:00
NSR:StopPlace:60053,Halden stasjon,2026-09-07T14:33:00+02:00,2026-09-07T14:33:00+02:00,,0.0,0,Halden sentrum,OST:Line:1_33,Tistedal-Vold skog,33,bus,OST:ServiceJourney:33_260325121472219_19,False,planned,False,,,,,2026-09-07T15:44:36.205822+02:00
NSR:StopPlace:60053,Halden stasjon,2026-09-07T15:52:00+02:00,2026-09-07T15:52:00+02:00,,0.0,0,Halden,OST:Line:1_633,Moss-Sarpsborg-Halden,633,bus,OST:ServiceJourney:633_260325121471448_408,False,planned,False,,,,,2026-09-07T15:44:36.205822+02:00
NSR:StopPlace:60077,Støren stasjon,2026-09-07T11:55:00+02:00,2026-09-07T11:55:00+02:00,,0.0,0,Støren Rådhus,ATB:Line:2_340,Trondheim - Støren,340,bus,ATB:ServiceJourney:340_260106098639855_6,False,planned,False,,,,,2026-09-07T15:44:36.205822+02:00
NSR:StopPlace:60077,Støren stasjon,2026-09-07T12:37:00+02:00,2026-09-07T12:37:00+02:00,,0.0,0,Trondheim S,ATB:Line:2_340,Trondheim - Støren,340,bus,ATB:ServiceJourney:340_260106098639877_19,False,planned,False,,,,,2026-09-07T15:44:36.205822+02:00
NSR:StopPlace:60077,Støren stasjon,2026-09-07T12:55:00+02:00,2026-09-07T12:55:00+02:00,,0.0,0,Støren Rådhus,ATB:Line:2_340,Trondheim - Støren,340,bus,ATB:ServiceJourney:340_260106098642420_98,False,planned,False,,,,,2026-09-07T15:44:36.205822+02:00
NSR:StopPlace:60077,Støren stasjon,2026-09-07T13:38:00+02:00,2026-09-07T13:38:00+02:00,,0.0,0,Støren Rådhus,ATB:Line:2_5004,Klett - Melhus - Støren,5004,bus,ATB:ServiceJourney:5004_260309084083671_12,False,planned,False,,,,,2026-09-07T15:44:36.205822+02:00
NSR:StopPlace:60077,Støren stasjon,2026-09-07T13:55:00+02:00,2026-09-07T13:55:00+02:00,,0.0,0,Soknedal,ATB:Line:2_5473,Støren - Soknedal - Vagnild - Sommervold/Holte,5473,bus,ATB:ServiceJourney:5473_260106098640672_4,False,planned,False,,,,,2026-09-07T15:44:36.205822+02:00
NSR:StopPlace:60077,Støren stasjon,2026-09-07T14:15:00+02:00,2026-09-07T14:15:00+02:00,,0.0,0,Støren Rådhus,ATB:Line:2_340,Trondheim - Støren,340,bus,ATB:ServiceJourney:340_260106098639864_28,False,planned,False,,,,,2026-09-07T15:44:36.205822+02:00
NSR:StopPlace:59393,Västerås Centralstation,2026-09-07T11:50:00+02:00,2026-09-07T11:50:00+02:00,,0.0,0,Arlanda,VYB:Line:26,850 Oslo - Arlanda - Stockholm,850,coach,VYB:ServiceJourney:ebdf661b7925a570bac576bc838f2a8509e03a69,False,planned,False,Västerås,"Nytt holdeplassområde ved Västerås Resecentrum fra 16. mars. Den nye holdeplassen ligger på stasjonens vestside, rett ved jernbanespor 1B. Du finner den ved å følge parkeringsplassen til den bortre enden. ",general,normal,2026-09-07T15:44:36.205822+02:00
NSR:StopPlace:59393,Västerås Centralstation,2026-09-07T12:30:00+02:00,2026-09-07T12:30:00+02:00,,0.0,0,Karlstad,VYB:Line:26,850 Oslo - Arlanda - Stockholm,850,coach,VYB:ServiceJourney:a5cb01ae585aa2d63892eea2a581009ed09edc38,False,planned,False,Västerås,"Nytt holdeplassområde ved Västerås Resecentrum fra 16. mars. Den nye holdeplassen ligger på stasjonens vestside, rett ved jernbanespor 1B. Du finner den ved å følge parkeringsplassen til den bortre enden. ",general,normal,2026-09-07T15:44:36.205822+02:00
NSR:StopPlace:59393,Västerås Centralstation,2026-09-07T12:45:00+02:00,2026-09-07T12:45:00+02:00,,0.0,0,Oslo,VYB:Line:26,850 Oslo - Arlanda - Stockholm,850,coach,VYB:ServiceJourney:4d5fadfa6739ddb5727237ac82f45b6c8497f48e,False,planned,False,Västerås,"Nytt holdeplassområde ved Västerås Resecentrum fra 16. mars. Den nye holdeplassen ligger på stasjonens vestside, rett ved jernbanespor 1B. Du finner den ved å følge parkeringsplassen til den bortre enden. ",general,normal,2026-09-07T15:44:36.205822+02:00
NSR:StopPlace:59393,Västerås Centralstation,2026-09-07T13:05:00+02:00,2026-09-07T13:05:00+02:00,,0.0,0,Arlanda,VYB:Line:26,850 Oslo - Arlanda - Stockholm,850,coach,VYB:ServiceJourney:08a35a15582a458c9ac888039b557284794019b5,False,planned,False,Västerås,"Nytt holdeplassområde ved Västerås Resecentrum fra 16. mars. Den nye holdeplassen ligger på stasjonens vestside, rett ved jernbanespor 1B. Du finner den ved å følge parkeringsplassen til den bortre enden. ",general,normal,2026-09-07T15:44:36.205822+02:00
NSR:StopPlace:59393,Västerås Centralstation,2026-09-07T13:35:00+02:00,2026-09-07T13:35:00+02:00,,0.0,0,Örebro,VYB:Line:27,900 Oslo - Arlanda - Stockholm,900,coach,VYB:ServiceJourney:ed67e2ecb73a5c5ed5f4a0af40ed9dfb70ea93f8,False,planned,False,Annan busstyp på denna avgång | Västerås,"Vennligst merk at denne avgangen kjøres av en samarbeidspartner til Vy bus4you, og med en annen type buss enn den som vanligvis benyttes av Vy bus4you. | Nytt holdeplassområde ved Västerås Resecentrum fra 16. mars. Den nye holdeplassen ligger på stasjonens vestside, rett ved jernbanespor 1B. Du finner den ved å følge parkeringsplassen til den bortre enden. ",general | general,normal | normal,2026-09-07T15:44:36.205822+02:00
NSR:StopPlace:59393,Västerås Centralstation,2026-09-07T13:40:00+02:00,2026-09-07T13:40:00+02:00,,0.0,0,Arlanda,VYB:Line:26,850 Oslo - Arlanda - Stockholm,850,coach,VYB:ServiceJourney:72182333fdf7039807a983e39199c6d66b63642e,False,planned,False,Västerås,"Nytt holdeplassområde ved Västerås Resecentrum fra 16. mars. Den nye holdeplassen ligger på stasjonens vestside, rett ved jernbanespor 1B. Du finner den ved å følge parkeringsplassen til den bortre enden. ",general,normal,2026-09-07T15:44:36.205822+02:00
NSR:StopPlace:59393,Västerås Centralstation,2026-09-07T13:55:00+02:00,2026-09-07T13:55:00+02:00,,0.0,0,Stockholm,VYB:Line:26,850 Oslo - Arlanda - Stockholm,850,coach,VYB:ServiceJourney:259c4bdf0c2a342d7a5b98b7eceef5d8290d0ec6,False,planned,False,Västerås,"Nytt holdeplassområde ved Västerås Resecentrum fra 16. mars. Den nye holdeplassen ligger på stasjonens vestside, rett ved jernbanespor 1B. Du finner den ved å følge parkeringsplassen til den bortre enden. ",general,normal,2026-09-07T15:44:36.205822+02:00
NSR:StopPlace:59393,Västerås Centralstation,2026-09-07T14:15:00+02:00,2026-09-07T14:15:00+02:00,,0.0,0,Karlstad,VYB:Line:26,850 Oslo - Arlanda - Stockholm,850,coach,VYB:ServiceJourney:eda9e93128fa637d14ec12e9bcd44b6df68adb69,False,planned,False,Västerås,"Nytt holdeplassområde ved Västerås Resecentrum fra 16. mars. Den nye holdeplassen ligger på stasjonens vestside, rett ved jernbanespor 1B. Du finner den ved å følge parkeringsplassen til den bortre enden. ",general,normal,2026-09-07T15:44:36.205822+02:00
NSR:StopPlace:59393,Västerås Centralstation,2026-09-07T14:20:00+02:00,2026-09-07T14:20:00+02:00,,0.0,0,Arlanda,VYB:Line:27,900 Oslo - Arlanda - Stockholm,900,coach,VYB:ServiceJourney:f891cc6f79177bcea38cb59c03c114031dad807e,False,planned,False,Annan busstyp på denna avgång | Västerås,"Vennligst merk at denne avgangen kjøres av en samarbeidspartner til Vy bus4you, og med en annen type buss enn den som vanligvis benyttes av Vy bus4you. | Nytt holdeplassområde ved Västerås Resecentrum fra 16. mars. Den nye holdeplassen ligger på stasjonens vestside, rett ved jernbanespor 1B. Du finner den ved å følge parkeringsplassen til den bortre enden. ",general | general,normal | normal,2026-09-07T15:44:36.205822+02:00
NSR:StopPlace:59393,Västerås Centralstation,2026-09-07T15:05:00+02:00,2026-09-07T15:05:00+02:00,,0.0,0,Arlanda,VYB:Line:27,900 Oslo - Arlanda - Stockholm,900,coach,VYB:ServiceJourney:8e85cb2ddc3bb343e93a7ceb146e6eda7e0a69e1,False,planned,False,Annan busstyp på denna avgång | Västerås,"Vennligst merk at denne avgangen kjøres av en samarbeidspartner til Vy bus4you, og med en annen type buss enn den som vanligvis benyttes av Vy bus4you. | Nytt holdeplassområde ved Västerås Resecentrum fra 16. mars. Den nye holdeplassen ligger på stasjonens vestside, rett ved jernbanespor 1B. Du finner den ved å følge parkeringsplassen til den bortre enden. ",general | general,normal | normal,2026-09-07T15:44:36.205822+02:00
NSR:StopPlace:59393,Västerås Centralstation,2026-09-07T15:15:00+02:00,2026-09-07T15:15:00+02:00,,0.0,0,Karlstad,VYB:Line:26,850 Oslo - Arlanda - Stockholm,850,coach,VYB:ServiceJourney:c12cca2671f29b9799d1e5baf6bf47cc5a0c80ea,False,planned,False,Västerås,"Nytt holdeplassområde ved Västerås Resecentrum fra 16. mars. Den nye holdeplassen ligger på stasjonens vestside, rett ved jernbanespor 1B. Du finner den ved å følge parkeringsplassen til den bortre enden. ",general,normal,2026-09-07T15:44:36.205822+02:00
NSR:StopPlace:59393,Västerås Centralstation,2026-09-07T15:55:00+02:00,2026-09-07T15:55:00+02:00,,0.0,0,Arlanda,VYB:Line:26,850 Oslo - Arlanda - Stockholm,850,coach,VYB:ServiceJourney:9202018d651598ebca8ba4431e7de7c6ad71ec95,False,planned,False,Västerås,"Nytt holdeplassområde ved Västerås Resecentrum fra 16. mars. Den nye holdeplassen ligger på stasjonens vestside, rett ved jernbanespor 1B. Du finner den ved å følge parkeringsplassen til den bortre enden. ",general,normal,2026-09-07T15:44:36.205822+02:00
NSR:StopPlace:59393,Västerås Centralstation,2026-09-07T16:20:00+02:00,2026-09-07T16:20:00+02:00,,0.0,0,Karlstad,VYB:Line:26,850 Oslo - Arlanda - Stockholm,850,coach,VYB:ServiceJourney:11e571015cfd5c69d2946f88cd4cb73ef9dee1dd,False,planned,False,Västerås,"Nytt holdeplassområde ved Västerås Resecentrum fra 16. mars. Den nye holdeplassen ligger på stasjonens vestside, rett ved jernbanespor 1B. Du finner den ved å følge parkeringsplassen til den bortre enden. ",general,normal,2026-09-07T15:44:36.205822+02:00
NSR:StopPlace:60392,Södertälje syd,2026-09-07T15:49:00+02:00,2026-09-07T15:49:00+02:00,,0.0,0,Karlstad-Oslo,SJV:Line:cfac9102-49ef-476c-8663-a6d468ee4f36,Stockholm-Hallsberg-Karlstad-Oslo,70,rail,SJV:ServiceJourney:f59f3584-31a7-4ab0-bd01-0245b6e36da4,False,planned,False,,,,,2026-09-07T15:44:36.205822+02:00
NSR:StopPlace:59248,Stockholm-Arlanda flygplats,2026-09-07T12:00:00+02:00,2026-09-07T12:00:00+02:00,,0.0,0,Örebro,VYB:Line:27,900 Oslo - Arlanda - Stockholm,900,coach,VYB:ServiceJourney:ed67e2ecb73a5c5ed5f4a0af40ed9dfb70ea93f8,False,planned,False,Annan busstyp på denna avgång,"Vennligst merk at denne avgangen kjøres av en samarbeidspartner til Vy bus4you, og med en annen type buss enn den som vanligvis benyttes av Vy bus4you.",general,normal,2026-09-07T15:44:36.205822+02:00
NSR:StopPlace:59248,Stockholm-Arlanda flygplats,2026-09-07T12:45:00+02:00,2026-09-07T12:45:00+02:00,,0.0,0,Göteborg,VYB:Line:23,400 Stockholm - Göteborg,400,coach,VYB:ServiceJourney:68b04949bc80256765886c341820244aee5eb865,False,planned,False,,,,,2026-09-07T15:44:36.205822+02:00
NSR:StopPlace:59248,Stockholm-Arlanda flygplats,2026-09-07T12:45:00+02:00,2026-09-07T12:45:00+02:00,,0.0,0,Karlstad,VYB:Line:26,850 Oslo - Arlanda - Stockholm,850,coach,VYB:ServiceJourney:eda9e93128fa637d14ec12e9bcd44b6df68adb69,False,planned,False,,,,,2026-09-07T15:44:36.205822+02:00
NSR:StopPlace:59248,Stockholm-Arlanda flygplats,2026-09-07T13:45:00+02:00,2026-09-07T13:45:00+02:00,,0.0,0,Karlstad,VYB:Line:26,850 Oslo - Arlanda - Stockholm,850,coach,VYB:ServiceJourney:c12cca2671f29b9799d1e5baf6bf47cc5a0c80ea,False,planned,False,,,,,2026-09-07T15:44:36.205822+02:00
NSR:StopPlace:59248,Stockholm-Arlanda flygplats,2026-09-07T14:15:00+02:00,2026-09-07T14:15:00+02:00,,0.0,0,Göteborg,VYB:Line:23,400 Stockholm - Göteborg,400,coach,VYB:ServiceJourney:fa10eb1ce62b1462d3cf63c891c3acb53b29d0e0,False,planned,False,,,,,2026-09-07T15:44:36.205822+02:00
NSR:StopPlace:59248,Stockholm-Arlanda flygplats,2026-09-07T14:45:00+02:00,2026-09-07T14:45:00+02:00,,0.0,0,Karlstad,VYB:Line:26,850 Oslo - Arlanda - Stockholm,850,coach,VYB:ServiceJourney:11e571015cfd5c69d2946f88cd4cb73ef9dee1dd,False,planned,False,,,,,2026-09-07T15:44:36.205822+02:00
NSR:StopPlace:59248,Stockholm-Arlanda flygplats,2026-09-07T15:45:00+02:00,2026-09-07T15:45:00+02:00,,0.0,0,Karlstad,VYB:Line:26,850 Oslo - Arlanda - Stockholm,850,coach,VYB:ServiceJourney:e8d90605147c4a1c280298f6cd196ebd3214351f,False,planned,False,,,,,2026-09-07T15:44:36.205822+02:00
NSR:StopPlace:59243,Mo i Rana stasjon,2026-09-07T12:08:00+02:00,2026-09-07T12:08:00+02:00,,0.0,0,Grubbåsen,NOR:Line:12_8371,Grubbåsen - Båsmobakken/Skillevollen,1,bus,NOR:ServiceJourney:8371_251012124858565_2017,False,planned,False,,,,,2026-09-07T15:44:36.205822+02:00
NSR:StopPlace:59243,Mo i Rana stasjon,2026-09-07T12:12:00+02:00,2026-09-07T12:12:00+02:00,,0.0,0,Sykehuset Mo,NOR:Line:12_8372,Kvernkroken - Sykehuset Mo,2,bus,NOR:ServiceJourney:8372_251012124855337_1013,False,planned,False,,,,,2026-09-07T15:44:36.205822+02:00
NSR:StopPlace:59243,Mo i Rana stasjon,2026-09-07T12:12:00+02:00,2026-09-07T12:12:00+02:00,,0.0,0,Kvernkroken,NOR:Line:12_8372,Kvernkroken - Sykehuset Mo,2,bus,NOR:ServiceJourney:8372_251012124855362_2013,False,planned,False,,,,,2026-09-07T15:44:36.205822+02:00
NSR:StopPlace:59243,Mo i Rana stasjon,2026-09-07T12:12:00+02:00,2026-09-07T12:12:00+02:00,,0.0,0,Båsmobakken,NOR:Line:12_8371,Grubbåsen - Båsmobakken/Skillevollen,1,bus,NOR:ServiceJourney:8371_251012124858516_1019,False,planned,False,,,,,2026-09-07T15:44:36.205822+02:00
NSR:StopPlace:59243,Mo i Rana stasjon,2026-09-07T12:30:00+02:00,2026-09-07T12:30:00+02:00,,0.0,0,Mosjøen,NOR:Line:12_3721,Mo i Rana - Korgen- Mosjøen,200,bus,NOR:ServiceJourney:3721_251022109772717_1004,False,planned,False,,,,,2026-09-07T15:44:36.205822+02:00
NSR:StopPlace:59243,Mo i Rana stasjon,2026-09-07T12:38:00+02:00,2026-09-07T12:38:00+02:00,,0.0,0,Grubbåsen,NOR:Line:12_8371,Grubbåsen - Båsmobakken/Skillevollen,1,bus,NOR:ServiceJourney:8371_251012124858540_2018,False,planned,False,,,,,2026-09-07T15:44:36.205822+02:00
NSR:StopPlace:59243,Mo i Rana stasjon,2026-09-07T12:42:00+02:00,2026-09-07T12:42:00+02:00,,0.0,0,Skillevollen,NOR:Line:12_8371,Grubbåsen - Båsmobakken/Skillevollen,1,bus,NOR:ServiceJourney:8371_251012124858490_1020,False,planned,False,,,,,2026-09-07T15:44:36.205822+02:00
NSR:StopPlace:59243,Mo i Rana stasjon,2026-09-07T12:42:00+02:00,2026-09-07T12:42:00+02:00,,0.0,0,Sykehuset Mo,NOR:Line:12_8372,Kvernkroken - Sykehuset Mo,2,bus,NOR:ServiceJourney:8372_251012124855338_1014,False,planned,False,,,,,2026-09-07T15:44:36.205822+02:00
NSR:StopPlace:59243,Mo i Rana stasjon,2026-09-07T12:42:00+02:00,2026-09-07T12:42:00+02:00,,0.0,0,Kvernkroken,NOR:Line:12_8372,Kvernkroken - Sykehuset Mo,2,bus,NOR:ServiceJourney:8372_251012124855363_2014,False,planned,False,,,,,2026-09-07T15:44:36.205822+02:00
NSR:StopPlace:59243,Mo i Rana stasjon,2026-09-07T13:08:00+02:00,2026-09-07T13:08:00+02:00,,0.0,0,Grubbåsen,NOR:Line:12_8371,Grubbåsen - Båsmobakken/Skillevollen,1,bus,NOR:ServiceJourney:8371_251012124858566_2019,False,planned,False,,,,,2026-09-07T15:44:36.205822+02:00
NSR:StopPlace:59243,Mo i Rana stasjon,2026-09-07T13:12:00+02:00,2026-09-07T13:12:00+02:00,,0.0,0,Sykehuset Mo,NOR:Line:12_8372,Kvernkroken - Sykehuset Mo,2,bus,NOR:ServiceJourney:8372_251012124855339_1015,False,planned,False,,,,,2026-09-07T15:44:36.205822+02:00
NSR:StopPlace:59243,Mo i Rana stasjon,2026-09-07T13:12:00+02:00,2026-09-07T13:12:00+02:00,,0.0,0,Kvernkroken,NOR:Line:12_8372,Kvernkroken - Sykehuset Mo,2,bus,NOR:ServiceJourney:8372_251012124855364_2015,False,planned,False,,,,,2026-09-07T15:44:36.205822+02:00
NSR:StopPlace:59243,Mo i Rana stasjon,2026-09-07T13:12:00+02:00,2026-09-07T13:12:00+02:00,,0.0,0,Båsmobakken,NOR:Line:12_8371,Grubbåsen - Båsmobakken/Skillevollen,1,bus,NOR:ServiceJourney:8371_251012124858517_1021,False,planned,False,,,,,2026-09-07T15:44:36.205822+02:00
NSR:StopPlace:59243,Mo i Rana stasjon,2026-09-07T13:20:00+02:00,2026-09-07T13:20:00+02:00,,0.0,0,Alteren,NOR:Line:12_8351,Snefjellåga-Altermark- Båsmo s,351,bus,NOR:ServiceJourney:8351_251125107227919_1004,False,planned,False,,,,,2026-09-07T15:44:36.205822+02:00
NSR:StopPlace:59243,Mo i Rana stasjon,2026-09-07T13:26:00+02:00,2026-09-07T13:26:00+02:00,,0.0,0,Mo i Rana,NOR:Line:12_3721,Mo i Rana - Korgen- Mosjøen,200,bus,NOR:ServiceJourney:3721_251022109778784_2007,False,planned,False,,,,,2026-09-07T15:44:36.205822+02:00
NSR:StopPlace:59243,Mo i Rana stasjon,2026-09-07T13:27:00+02:00,2026-09-07T13:27:00+02:00,,0.0,0,Skillevollen,NOR:Line:12_8371,Grubbåsen - Båsmobakken/Skillevollen,1,bus,NOR:ServiceJourney:8371_251012124858499_1039,False,planned,False,,,,,2026-09-07T15:44:36.205822+02:00
NSR:StopPlace:59243,Mo i Rana stasjon,2026-09-07T13:38:00+02:00,2026-09-07T13:38:00+02:00,,0.0,0,Grubbåsen,NOR:Line:12_8371,Grubbåsen - Båsmobakken/Skillevollen,1,bus,NOR:ServiceJourney:8371_251012124858541_2020,False,planned,False,,,,,2026-09-07T15:44:36.205822+02:00
NSR:StopPlace:59243,Mo i Rana stasjon,2026-09-07T13:42:00+02:00,2026-09-07T13:42:00+02:00,,0.0,0,Sykehuset Mo,NOR:Line:12_8372,Kvernkroken - Sykehuset Mo,2,bus,NOR:ServiceJourney:8372_251012124855340_1016,False,planned,False,,,,,2026-09-07T15:44:36.205822+02:00
NSR:StopPlace:59243,Mo i Rana stasjon,2026-09-07T13:42:00+02:00,2026-09-07T13:42:00+02:00,,0.0,0,Kvernkroken,NOR:Line:12_8372,Kvernkroken - Sykehuset Mo,2,bus,NOR:ServiceJourney:8372_251012124855365_2016,False,planned,False,,,,,2026-09-07T15:44:36.205822+02:00
NSR:StopPlace:59243,Mo i Rana stasjon,2026-09-07T13:42:00+02:00,2026-09-07T13:42:00+02:00,,0.0,0,Båsmobakken,NOR:Line:12_8371,Grubbåsen - Båsmobakken/Skillevollen,1,bus,NOR:ServiceJourney:8371_251012124858508_1022,False,planned,False,,,,,2026-09-07T15:44:36.205822+02:00
NSR:StopPlace:59243,Mo i Rana stasjon,2026-09-07T13:50:00+02:00,2026-09-07T13:50:00+02:00,,0.0,0,Hjartåsen via Storforsheia,NOR:Line:12_8365,Mo-Storforsheia-Krokstrand,300,bus,NOR:ServiceJourney:8365_251012124858578_1010,False,planned,False,,,,,2026-09-07T15:44:36.205822+02:00
NSR:StopPlace:59243,Mo i Rana stasjon,2026-09-07T13:53:00+02:00,2026-09-07T13:53:00+02:00,,0.0,0,Grubbåsen,NOR:Line:12_8371,Grubbåsen - Båsmobakken/Skillevollen,1,bus,NOR:ServiceJourney:8371_251012124858575_2039,False,planned,False,,,,,2026-09-07T15:44:36.205822+02:00
NSR:StopPlace:59243,Mo i Rana stasjon,2026-09-07T13:55:00+02:00,2026-09-07T13:55:00+02:00,,0.0,0,Dalsgrenda,NOR:Line:12_8376,Mo i Rana - Dalsgrenda - Haukn,376,bus,NOR:ServiceJourney:8376_251012124901215_1016,False,planned,False,,,,,2026-09-07T15:44:36.205822+02:00
NSR:StopPlace:59243,Mo i Rana stasjon,2026-09-07T13:57:00+02:00,2026-09-07T13:57:00+02:00,,0.0,0,Skillevollen,NOR:Line:12_8371,Grubbåsen - Båsmobakken/Skillevollen,1,bus,NOR:ServiceJourney:8371_251012124858500_1040,False,planned,False,,,,,2026-09-07T15:44:36.205822+02:00
NSR:StopPlace:59243,Mo i Rana stasjon,2026-09-07T14:08:00+02:00,2026-09-07T14:08:00+02:00,,0.0,0,Grubbåsen,NOR:Line:12_8371,Grubbåsen - Båsmobakken/Skillevollen,1,bus,NOR:ServiceJourney:8371_251012124858551_2021,False,planned,False,,,,,2026-09-07T15:44:36.205822+02:00
NSR:StopPlace:59243,Mo i Rana stasjon,2026-09-07T14:12:00+02:00,2026-09-07T14:12:00+02:00,,0.0,0,Sykehuset Mo,NOR:Line:12_8372,Kvernkroken - Sykehuset Mo,2,bus,NOR:ServiceJourney:8372_251012124855341_1017,False,planned,False,,,,,2026-09-07T15:44:36.205822+02:00
NSR:StopPlace:59243,Mo i Rana stasjon,2026-09-07T14:12:00+02:00,2026-09-07T14:12:00+02:00,,0.0,0,Kvernkroken,NOR:Line:12_8372,Kvernkroken - Sykehuset Mo,2,bus,NOR:ServiceJourney:8372_251012124855366_2017,False,planned,False,,,,,2026-09-07T15:44:36.205822+02:00
NSR:StopPlace:59243,Mo i Rana stasjon,2026-09-07T14:12:00+02:00,2026-09-07T14:12:00+02:00,,0.0,0,Båsmobakken,NOR:Line:12_8371,Grubbåsen - Båsmobakken/Skillevollen,1,bus,NOR:ServiceJourney:8371_251012124858518_1023,False,planned,False,,,,,2026-09-07T15:44:36.205822+02:00
NSR:StopPlace:59243,Mo i Rana stasjon,2026-09-07T14:20:00+02:00,2026-09-07T14:20:00+02:00,,0.0,0,Skonseng,NOR:Line:12_8365,Mo-Storforsheia-Krokstrand,300,bus,NOR:ServiceJourney:8365_251012124858436_1004,False,planned,False,,,,,2026-09-07T15:44:36.205822+02:00
NSR:StopPlace:59244,Egersund stasjon,2026-09-07T12:00:00+02:00,2026-09-07T12:00:00+02:00,,0.0,0,Sandnes,KOL:Line:8_2040,E90,E90,bus,KOL:ServiceJourney:2040_250903083245414_1003,False,planned,False,,,,,2026-09-07T15:44:36.205822+02:00
NSR:StopPlace:59244,Egersund stasjon,2026-09-07T12:17:00+02:00,2026-09-07T12:17:00+02:00,,0.0,0,Stavanger,GOA:Line:59,Jærbanen,L5,rail,GOA:ServiceJourney:3033_63070-R,False,planned,False,,,,,2026-09-07T15:44:36.205822+02:00
NSR:StopPlace:59244,Egersund stasjon,2026-09-07T12:53:00+02:00,2026-09-07T12:53:00+02:00,,0.0,0,Hovland,KOL:Line:8_2696,SK0122,SK0122,bus,KOL:ServiceJourney:2696_250903083245373_1001,False,planned,False,,,,,2026-09-07T15:44:36.205822+02:00
NSR:StopPlace:59244,Egersund stasjon,2026-09-07T13:01:00+02:00,2026-09-07T13:01:00+02:00,,0.0,0,Vikeså via Lagård-Tengesdal,KOL:Line:8_2029,93,93,bus,KOL:ServiceJourney:2029_250903083241464_1002,False,planned,False,,,,,2026-09-07T15:44:36.205822+02:00
NSR:StopPlace:59244,Egersund stasjon,2026-09-07T13:02:00+02:00,2026-09-07T13:02:00+02:00,,0.0,0,Vikeså via Tengesdal,KOL:Line:8_2029,93,93,bus,KOL:ServiceJourney:2029_250903083241464_1002,False,planned,False,,,,,2026-09-07T15:44:36.205822+02:00
NSR:StopPlace:59244,Egersund stasjon,2026-09-07T13:09:00+02:00,2026-09-07T13:09:00+02:00,,0.0,0,Egersund,KOL:Line:8_2696,SK0122,SK0122,bus,KOL:ServiceJourney:2696_250903083245376_2001,False,planned,False,,,,,2026-09-07T15:44:36.205822+02:00
NSR:StopPlace:59244,Egersund stasjon,2026-09-07T13:15:00+02:00,2026-09-07T13:15:00+02:00,,0.0,0,Stavanger,GOA:Line:59,Jærbanen,L5,rail,GOA:ServiceJourney:3037_63074-R,False,planned,False,,,,,2026-09-07T15:44:36.205822+02:00
NSR:StopPlace:59244,Egersund stasjon,2026-09-07T13:40:00+02:00,2026-09-07T13:40:00+02:00,,0.0,0,Hauge i Dalane,KOL:Line:8_2036,88,88,bus,KOL:ServiceJourney:2036_250903083241523_1002,False,planned,False,,,,,2026-09-07T15:44:36.205822+02:00
NSR:StopPlace:59244,Egersund stasjon,2026-09-07T13:47:00+02:00,2026-09-07T13:47:00+02:00,,0.0,0,Egersund bussterminal,KOL:Line:8_2033,98,98,bus,KOL:ServiceJourney:2033_250903083242752_2003,False,planned,False,,,,,2026-09-07T15:44:36.205822+02:00
NSR:StopPlace:59244,Egersund stasjon,2026-09-07T14:00:00+02:00,2026-09-07T14:00:00+02:00,,0.0,0,Grøne Bråden,KOL:Line:8_2695,SK0121,SK0121,bus,KOL:ServiceJourney:2695_250903083240408_1000,False,planned,False,,,,,2026-09-07T15:44:36.205822+02:00
NSR:StopPlace:59244,Egersund stasjon,2026-09-07T14:05:00+02:00,2026-09-07T14:05:00+02:00,,0.0,0,Østebrød via Lagård,KOL:Line:8_2696,SK0122,SK0122,bus,KOL:ServiceJourney:2696_250903083245371_1002,False,planned,False,,,,,2026-09-07T15:44:36.205822+02:00
NSR:StopPlace:59244,Egersund stasjon,2026-09-07T14:07:00+02:00,2026-09-07T14:07:00+02:00,,0.0,0,Helleland skole via Lagård,KOL:Line:8_2600,SK0101,SK0101,bus,KOL:ServiceJourney:2600_250903083242793_1001,False,planned,False,,,,,2026-09-07T15:44:36.205822+02:00
NSR:StopPlace:59244,Egersund stasjon,2026-09-07T14:11:00+02:00,2026-09-07T14:11:00+02:00,,0.0,0,Eigerøy skole,KOL:Line:8_2615,SK0116,SK0116,bus,KOL:ServiceJourney:2615_250903083238563_1000,False,planned,False,,,,,2026-09-07T15:44:36.205822+02:00
NSR:StopPlace:59244,Egersund stasjon,2026-09-07T14:12:00+02:00,2026-09-07T14:12:00+02:00,,0.0,0,Hovland via Løyning,KOL:Line:8_2616,SK0117,SK0117,bus,KOL:ServiceJourney:2616_250903083245423_1002,False,planned,False,,,,,2026-09-07T15:44:36.205822+02:00
NSR:StopPlace:59244,Egersund stasjon,2026-09-07T14:12:00+02:00,2026-09-07T14:12:00+02:00,,0.0,0,Tengesdal sør,KOL:Line:8_2610,SK0111,SK0111,bus,KOL:ServiceJourney:2610_250903083238561_1000,False,planned,False,,,,,2026-09-07T15:44:36.205822+02:00
NSR:StopPlace:59244,Egersund stasjon,2026-09-07T14:12:00+02:00,2026-09-07T14:12:00+02:00,,0.0,0,Østebrød,KOL:Line:8_2696,SK0122,SK0122,bus,KOL:ServiceJourney:2696_250903083245371_1002,False,planned,False,,,,,2026-09-07T15:44:36.205822+02:00
NSR:StopPlace:59244,Egersund stasjon,2026-09-07T14:13:00+02:00,2026-09-07T14:13:00+02:00,,0.0,0,Østebrød,KOL:Line:8_2696,SK0122,SK0122,bus,KOL:ServiceJourney:2696_250903083245371_1002,False,planned,False,,,,,2026-09-07T15:44:36.205822+02:00
NSR:StopPlace:59244,Egersund stasjon,2026-09-07T14:15:00+02:00,2026-09-07T14:15:00+02:00,,0.0,0,Egersund,KOL:Line:8_2695,SK0121,SK0121,bus,KOL:ServiceJourney:2695_250903083240406_2000,False,planned,False,,,,,2026-09-07T15:44:36.205822+02:00
NSR:StopPlace:59244,Egersund stasjon,2026-09-07T14:23:00+02:00,2026-09-07T14:23:00+02:00,,0.0,0,Egersund,KOL:Line:8_2029,93,93,bus,KOL:ServiceJourney:2029_250903083241471_2005,False,planned,False,,,,,2026-09-07T15:44:36.205822+02:00
NSR:StopPlace:59244,Egersund stasjon,2026-09-07T15:17:00+02:00,2026-09-07T15:17:00+02:00,,0.0,0,Hestnes via Lagård,KOL:Line:8_2030,85,85,bus,KOL:ServiceJourney:2030_250903083243556_1002,False,planned,False,,,,,2026-09-07T15:44:36.205822+02:00
NSR:StopPlace:59244,Egersund stasjon,2026-09-07T15:25:00+02:00,2026-09-07T15:25:00+02:00,,0.0,0,Hestnes,KOL:Line:8_2030,85,85,bus,KOL:ServiceJourney:2030_250903083243556_1002,False,planned,False,,,,,2026-09-07T15:44:36.205822+02:00
NSR:StopPlace:59244,Egersund stasjon,2026-09-07T15:32:00+02:00,2026-09-07T15:32:00+02:00,,0.0,0,Veen via Lagård-Krossmoen-Vikeså,KOL:Line:8_2029,93,93,bus,KOL:ServiceJourney:2029_250903083241467_1006,False,planned,False,,,,,2026-09-07T15:44:36.205822+02:00
NSR:StopPlace:59261,Trondheim lufthavn,2026-09-07T11:45:00+02:00,2026-09-07T11:45:00+02:00,,0.0,0,Flybuss Ekspress Trondheim,UNI:Line:FB73,Nidarvoll - Moholt - Trondheim sentrum - Værnes,FB73,bus,UNI:ServiceJourney:FB73-168023-46431239,False,planned,False,,,,,2026-09-07T15:44:36.205822+02:00
NSR:StopPlace:59261,Trondheim lufthavn,2026-09-07T11:46:00+02:00,2026-09-07T11:46:00+02:00,,0.0,0,Marienborg via Brattøra,ATB:Line:2_70,Stjørdal/Hommelvik- Trondheim,70,bus,ATB:ServiceJourney:70_251215112546922_44,False,planned,False,,,,,2026-09-07T15:44:36.205822+02:00
NSR:StopPlace:59261,Trondheim lufthavn,2026-09-07T11:46:00+02:00,2026-09-07T11:46:00+02:00,,0.0,0,Stjørdal stasjon,ATB:Line:2_70,Stjørdal/Hommelvik- Trondheim,70,bus,ATB:ServiceJourney:70_251215112546885_29,False,planned,False,,,,,2026-09-07T15:44:36.205822+02:00
NSR:StopPlace:59261,Trondheim lufthavn,2026-09-07T11:52:00+02:00,2026-09-07T11:52:00+02:00,,0.0,0,Stjørdal stasjon,ATB:Line:2_430,Trondheim - Stjørdal - Selbu - (Tydal),430,bus,ATB:ServiceJourney:430_260106098640421_5,False,planned,False,,,,,2026-09-07T15:44:36.205822+02:00
NSR:StopPlace:59261,Trondheim lufthavn,2026-09-07T11:53:00+02:00,2026-09-07T11:53:00+02:00,,0.0,0,Steinkjer,SJN:Line:26,Trønderbanen,R70,rail,SJN:ServiceJourney:433_56062-R,False,planned,False,,,,,2026-09-07T15:44:36.205822+02:00
NSR:StopPlace:59261,Trondheim lufthavn,2026-09-07T12:00:00+02:00,2026-09-07T12:00:00+02:00,,0.0,0,Flybuss Ekspress Trondheim,UNI:Line:FB73,Nidarvoll - Moholt - Trondheim sentrum - Værnes,FB73,bus,UNI:ServiceJourney:FB73-168023-46431245,False,planned,False,,,,,2026-09-07T15:44:36.205822+02:00
NSR:StopPlace:59261,Trondheim lufthavn,2026-09-07T12:00:00+02:00,2026-09-07T12:00:00+02:00,,0.0,0,Harstad/Narvik,AVI:Line:WF_BGO-EVE,Bergen-Harstad/Narvik,,air,AVI:ServiceJourney:WF1364-02-411838118,False,planned,False,,,,,2026-09-07T15:44:36.205822+02:00
NSR:StopPlace:59261,Trondheim lufthavn,2026-09-07T12:00:00+02:00,2026-09-07T12:00:00+02:00,,0.0,0,Oslo,AVI:Line:DY_OSL-TRD,Oslo-Trondheim,,air,AVI:ServiceJourney:DY757-01-416742281,False,planned,False,,,,,2026-09-07T15:44:36.205822+02:00
NSR:StopPlace:59261,Trondheim lufthavn,2026-09-07T12:02:00+02:00,2026-09-07T12:02:00+02:00,,0.0,0,Stjørdal stasjon,ATB:Line:2_311,Stjørdal - Trondheim,311,bus,ATB:ServiceJourney:311_260106098642781_31,False,planned,False,Endret tilbud ved Vikelvvegen,Sydgående avkjøringsrampe fra E6 ved Reppe er stengt frem til 21. september. Vikelvvegen og Ranheim fabrikker til sentrum blir ikke betjent av linje 311 i perioden. ,general,normal,2026-09-07T15:44:36.205822+02:00
NSR:StopPlace:59261,Trondheim lufthavn,2026-09-07T12:03:00+02:00,2026-09-07T12:03:00+02:00,,0.0,0,Ler,SJN:Line:26,Trønderbanen,R70,rail,SJN:ServiceJourney:432_56061-R,False,planned,False,,,,,2026-09-07T15:44:36.205822+02:00
NSR:StopPlace:59261,Trondheim lufthavn,2026-09-07T12:07:00+02:00,2026-09-07T12:07:00+02:00,,0.0,0,Meråker,ATB:Line:2_670,Stjørdal - Meråker,670,bus,ATB:ServiceJourney:670_260106098640655_4,False,planned,False,,,,,2026-09-07T15:44:36.205822+02:00
NSR:StopPlace:59261,Trondheim lufthavn,2026-09-07T12:13:00+02:00,2026-09-07T12:13:00+02:00,,0.0,0,Marienborg via Brattøra,ATB:Line:2_70,Stjørdal/Hommelvik- Trondheim,70,bus,ATB:ServiceJourney:70_251215112546997_46,False,planned,False,,,,,2026-09-07T15:44:36.205822+02:00
NSR:StopPlace:59261,Trondheim lufthavn,2026-09-07T12:15:00+02:00,2026-09-07T12:15:00+02:00,,0.0,0,Flybuss Ekspress Trondheim,UNI:Line:FB73,Nidarvoll - Moholt - Trondheim sentrum - Værnes,FB73,bus,UNI:ServiceJourney:FB73-168023-46431246,False,planned,False,,,,,2026-09-07T15:44:36.205822+02:00
NSR:StopPlace:59261,Trondheim lufthavn,2026-09-07T12:15:00+02:00,2026-09-07T12:15:00+02:00,,0.0,0,Trondheim,ATB:Line:2_311,Stjørdal - Trondheim,311,bus,ATB:ServiceJourney:311_260106098642765_42,False,planned,False,Endret tilbud ved Vikelvvegen,Sydgående avkjøringsrampe fra E6 ved Reppe er stengt frem til 21. september. Vikelvvegen og Ranheim fabrikker til sentrum blir ikke betjent av linje 311 i perioden. ,general,normal,2026-09-07T15:44:36.205822+02:00
NSR:StopPlace:59261,Trondheim lufthavn,2026-09-07T12:16:00+02:00,2026-09-07T12:16:00+02:00,,0.0,0,Stjørdal stasjon,ATB:Line:2_70,Stjørdal/Hommelvik- Trondheim,70,bus,ATB:ServiceJourney:70_251215112546886_31,False,planned,False,,,,,2026-09-07T15:44:36.205822+02:00
NSR:StopPlace:59261,Trondheim lufthavn,2026-09-07T12:30:00+02:00,2026-09-07T12:30:00+02:00,,0.0,0,Flybuss Ekspress Trondheim,UNI:Line:FB73,Nidarvoll - Moholt - Trondheim sentrum - Værnes,FB73,bus,UNI:ServiceJourney:FB73-168023-46431253,False,planned,False,,,,,2026-09-07T15:44:36.205822+02:00
NSR:StopPlace:59261,Trondheim lufthavn,2026-09-07T12:30:00+02:00,2026-09-07T12:30:00+02:00,,0.0,0,Bergen,AVI:Line:WF_BGO-BOO,Bergen-Bodø,,air,AVI:ServiceJourney:WF1306-03-1983949496,False,planned,False,,,,,2026-09-07T15:44:36.205822+02:00
NSR:StopPlace:59261,Trondheim lufthavn,2026-09-07T12:35:00+02:00,2026-09-07T12:35:00+02:00,,0.0,0,Sandefjord,AVI:Line:WF_TRF-TOS,Sandefjord-Tromsø,,air,AVI:ServiceJourney:WF1344-01-1390798780,False,planned,False,,,,,2026-09-07T15:44:36.205822+02:00
NSR:StopPlace:59261,Trondheim lufthavn,2026-09-07T12:45:00+02:00,2026-09-07T12:45:00+02:00,,0.0,0,Flybuss Ekspress Trondheim,UNI:Line:FB73,Nidarvoll - Moholt - Trondheim sentrum - Værnes,FB73,bus,UNI:ServiceJourney:FB73-168023-46431258,False,planned,False,,,,,2026-09-07T15:44:36.205822+02:00
NSR:StopPlace:59261,Trondheim lufthavn,2026-09-07T12:45:00+02:00,2026-09-07T12:45:00+02:00,,0.0,0,Bergen,AVI:Line:SK_BGO-TRD,Bergen-Trondheim,,air,AVI:ServiceJourney:SK4161-01-465068284,False,planned,False,,,,,2026-09-07T15:44:36.205822+02:00
NSR:StopPlace:59261,Trondheim lufthavn,2026-09-07T12:45:00+02:00,2026-09-07T12:45:00+02:00,,0.0,0,Trondheim,ATB:Line:2_311,Stjørdal - Trondheim,311,bus,ATB:ServiceJourney:311_260106098642767_88,False,planned,False,Endret tilbud ved Vikelvvegen,Sydgående avkjøringsrampe fra E6 ved Reppe er stengt frem til 21. september. Vikelvvegen og Ranheim fabrikker til sentrum blir ikke betjent av linje 311 i perioden. ,general,normal,2026-09-07T15:44:36.205822+02:00
NSR:StopPlace:59261,Trondheim lufthavn,2026-09-07T12:46:00+02:00,2026-09-07T12:46:00+02:00,,0.0,0,Marienborg via Brattøra,ATB:Line:2_70,Stjørdal/Hommelvik- Trondheim,70,bus,ATB:ServiceJourney:70_251215112546923_48,False,planned,False,,,,,2026-09-07T15:44:36.205822+02:00
NSR:StopPlace:59261,Trondheim lufthavn,2026-09-07T12:46:00+02:00,2026-09-07T12:46:00+02:00,,0.0,0,Stjørdal stasjon,ATB:Line:2_70,Stjørdal/Hommelvik- Trondheim,70,bus,ATB:ServiceJourney:70_251215112546887_33,False,planned,False,,,,,2026-09-07T15:44:36.205822+02:00
NSR:StopPlace:59261,Trondheim lufthavn,2026-09-07T12:53:00+02:00,2026-09-07T12:53:00+02:00,,0.0,0,Steinkjer,SJN:Line:26,Trønderbanen,R70,rail,SJN:ServiceJourney:435-SOeB_56064-R,False,planned,False,,,,,2026-09-07T15:44:36.205822+02:00
NSR:StopPlace:59261,Trondheim lufthavn,2026-09-07T13:00:00+02:00,2026-09-07T13:00:00+02:00,,0.0,0,Flybuss Ekspress Trondheim,UNI:Line:FB73,Nidarvoll - Moholt - Trondheim sentrum - Værnes,FB73,bus,UNI:ServiceJourney:FB73-168023-46431261,False,planned,False,,,,,2026-09-07T15:44:36.205822+02:00
NSR:StopPlace:59261,Trondheim lufthavn,2026-09-07T13:00:00+02:00,2026-09-07T13:00:00+02:00,,0.0,0,Oslo,AVI:Line:SK_OSL-TRD,Oslo-Trondheim,,air,AVI:ServiceJourney:SK355-07-465081146,False,planned,False,,,,,2026-09-07T15:44:36.205822+02:00
NSR:StopPlace:59261,Trondheim lufthavn,2026-09-07T13:02:00+02:00,2026-09-07T13:02:00+02:00,,0.0,0,Stjørdal stasjon,ATB:Line:2_311,Stjørdal - Trondheim,311,bus,ATB:ServiceJourney:311_260106098642779_33,False,planned,False,Endret tilbud ved Vikelvvegen,Sydgående avkjøringsrampe fra E6 ved Reppe er stengt frem til 21. september. Vikelvvegen og Ranheim fabrikker til sentrum blir ikke betjent av linje 311 i perioden. ,general,normal,2026-09-07T15:44:36.205822+02:00
NSR:StopPlace:59261,Trondheim lufthavn,2026-09-07T13:03:00+02:00,2026-09-07T13:03:00+02:00,,0.0,0,Melhus skysstasjon,SJN:Line:26,Trønderbanen,R70,rail,SJN:ServiceJourney:434-STK_56063-R,False,planned,False,,,,,2026-09-07T15:44:36.205822+02:00
NSR:StopPlace:59261,Trondheim lufthavn,2026-09-07T13:13:00+02:00,2026-09-07T13:13:00+02:00,,0.0,0,Marienborg via Brattøra,ATB:Line:2_70,Stjørdal/Hommelvik- Trondheim,70,bus,ATB:ServiceJourney:70_251215112546992_50,False,planned,False,,,,,2026-09-07T15:44:36.205822+02:00
NSR:StopPlace:59261,Trondheim lufthavn,2026-09-07T13:15:00+02:00,2026-09-07T13:15:00+02:00,,0.0,0,Flybuss Ekspress Trondheim,UNI:Line:FB73,Nidarvoll - Moholt - Trondheim sentrum - Værnes,FB73,bus,UNI:ServiceJourney:FB73-168023-46431265,False,planned,False,,,,,2026-09-07T15:44:36.205822+02:00
NSR:StopPlace:59261,Trondheim lufthavn,2026-09-07T13:16:00+02:00,2026-09-07T13:16:00+02:00,,0.0,0,Stjørdal stasjon,ATB:Line:2_70,Stjørdal/Hommelvik- Trondheim,70,bus,ATB:ServiceJourney:70_251215112546888_35,False,planned,False,,,,,2026-09-07T15:44:36.205822+02:00
NSR:StopPlace:59261,Trondheim lufthavn,2026-09-07T13:30:00+02:00,2026-09-07T13:30:00+02:00,,0.0,0,Flybuss Ekspress Trondheim,UNI:Line:FB73,Nidarvoll - Moholt - Trondheim sentrum - Værnes,FB73,bus,UNI:ServiceJourney:FB73-168023-46431215,False,planned,False,,,,,2026-09-07T15:44:36.205822+02:00
NSR:StopPlace:59261,Trondheim lufthavn,2026-09-07T13:45:00+02:00,2026-09-07T13:45:00+02:00,,0.0,0,Flybuss Ekspress Trondheim,UNI:Line:FB73,Nidarvoll - Moholt - Trondheim sentrum - Værnes,FB73,bus,UNI:ServiceJourney:FB73-168023-46431218,False,planned,False,,,,,2026-09-07T15:44:36.205822+02:00
NSR:StopPlace:59261,Trondheim lufthavn,2026-09-07T13:46:00+02:00,2026-09-07T13:46:00+02:00,,0.0,0,Stjørdal stasjon,ATB:Line:2_70,Stjørdal/Hommelvik- Trondheim,70,bus,ATB:ServiceJourney:70_260209114498812_43,False,planned,False,,,,,2026-09-07T15:44:36.205822+02:00
NSR:StopPlace:59261,Trondheim lufthavn,2026-09-07T13:47:00+02:00,2026-09-07T13:47:00+02:00,,0.0,0,Stjørdal stasjon,ATB:Line:2_311,Stjørdal - Trondheim,311,bus,ATB:ServiceJourney:311_260317129266426_35,False,planned,False,Endret tilbud ved Vikelvvegen,Sydgående avkjøringsrampe fra E6 ved Reppe er stengt frem til 21. september. Vikelvvegen og Ranheim fabrikker til sentrum blir ikke betjent av linje 311 i perioden. ,general,normal,2026-09-07T15:44:36.205822+02:00
NSR:StopPlace:59261,Trondheim lufthavn,2026-09-07T13:48:00+02:00,2026-09-07T13:48:00+02:00,,0.0,0,Stjørdal stasjon,ATB:Line:2_7701,Lånke skole - Eidum/Geving/Hell,7701,bus,ATB:ServiceJourney:7701_260106098641993_4,False,planned,False,,,,,2026-09-07T15:44:36.205822+02:00
NSR:StopPlace:59261,Trondheim lufthavn,2026-09-07T13:54:00+02:00,2026-09-07T13:54:00+02:00,,0.0,0,Halsen ungdomsskole,ATB:Line:2_7706,Ytteråsen - Elvran - Stjørdal,7706,bus,ATB:ServiceJourney:7706_260106098642024_4,False,planned,False,,,,,2026-09-07T15:44:36.205822+02:00
NSR:StopPlace:59261,Trondheim lufthavn,2026-09-07T14:00:00+02:00,2026-09-07T14:00:00+02:00,,0.0,0,Flybuss Ekspress Trondheim,UNI:Line:FB73,Nidarvoll - Moholt - Trondheim sentrum - Værnes,FB73,bus,UNI:ServiceJourney:FB73-168023-46431222,False,planned,False,,,,,2026-09-07T15:44:36.205822+02:00
NSR:StopPlace:59261,Trondheim lufthavn,2026-09-07T14:15:00+02:00,2026-09-07T14:15:00+02:00,,0.0,0,Flybuss Ekspress Trondheim,UNI:Line:FB73,Nidarvoll - Moholt - Trondheim sentrum - Værnes,FB73,bus,UNI:ServiceJourney:FB73-168023-46431227,False,planned,False,,,,,2026-09-07T15:44:36.205822+02:00
NSR:StopPlace:59261,Trondheim lufthavn,2026-09-07T14:16:00+02:00,2026-09-07T14:16:00+02:00,,0.0,0,Stjørdal stasjon,ATB:Line:2_70,Stjørdal/Hommelvik- Trondheim,70,bus,ATB:ServiceJourney:70_251215112547583_116,False,planned,False,,,,,2026-09-07T15:44:36.205822+02:00
NSR:StopPlace:60271,Varhaug stasjon,2026-09-07T11:48:00+02:00,2026-09-07T11:48:00+02:00,,0.0,0,Stavanger,GOA:Line:59,Jærbanen,L5,rail,GOA:ServiceJourney:3029_63065-R,False,planned,False,,,,,2026-09-07T15:44:36.205822+02:00
NSR:StopPlace:60271,Varhaug stasjon,2026-09-07T12:37:00+02:00,2026-09-07T12:37:00+02:00,,0.0,0,Egersund,GOA:Line:59,Jærbanen,L5,rail,GOA:ServiceJourney:3032_63069-R,False,planned,False,,,,,2026-09-07T15:44:36.205822+02:00
NSR:StopPlace:60271,Varhaug stasjon,2026-09-07T12:46:00+02:00,2026-09-07T12:46:00+02:00,,0.0,0,Stavanger,GOA:Line:59,Jærbanen,L5,rail,GOA:ServiceJourney:3033_63070-R,False,planned,False,,,,,2026-09-07T15:44:36.205822+02:00
NSR:StopPlace:60271,Varhaug stasjon,2026-09-07T13:37:00+02:00,2026-09-07T13:37:00+02:00,,0.0,0,Egersund,GOA:Line:59,Jærbanen,L5,rail,GOA:ServiceJourney:3036_63073-R,False,planned,False,,,,,2026-09-07T15:44:36.205822+02:00
NSR:StopPlace:60271,Varhaug stasjon,2026-09-07T13:45:00+02:00,2026-09-07T13:45:00+02:00,,0.0,0,Stavanger,GOA:Line:59,Jærbanen,L5,rail,GOA:ServiceJourney:3037_63074-R,False,planned,False,,,,,2026-09-07T15:44:36.205822+02:00
NSR:StopPlace:60271,Varhaug stasjon,2026-09-07T16:18:00+02:00,2026-09-07T16:18:00+02:00,,0.0,0,Stavanger,GOA:Line:59,Jærbanen,L5,rail,GOA:ServiceJourney:3047_63092-R,False,planned,False,,,,,2026-09-07T15:44:36.205822+02:00
NSR:StopPlace:60569,Sirevåg stasjon,2026-09-07T11:55:00+02:00,2026-09-07T11:55:00+02:00,,0.0,0,Egersund,GOA:Line:59,Jærbanen,L5,rail,GOA:ServiceJourney:3028_63064-R,False,planned,False,,,,,2026-09-07T15:44:36.205822+02:00
NSR:StopPlace:60569,Sirevåg stasjon,2026-09-07T12:28:00+02:00,2026-09-07T12:28:00+02:00,,0.0,0,Stavanger,GOA:Line:59,Jærbanen,L5,rail,GOA:ServiceJourney:3033_63070-R,False,planned,False,,,,,2026-09-07T15:44:36.205822+02:00
NSR:StopPlace:60569,Sirevåg stasjon,2026-09-07T12:53:00+02:00,2026-09-07T12:53:00+02:00,,0.0,0,Egersund,GOA:Line:59,Jærbanen,L5,rail,GOA:ServiceJourney:3032_63069-R,False,planned,False,,,,,2026-09-07T15:44:36.205822+02:00
NSR:StopPlace:60569,Sirevåg stasjon,2026-09-07T13:26:00+02:00,2026-09-07T13:26:00+02:00,,0.0,0,Stavanger,GOA:Line:59,Jærbanen,L5,rail,GOA:ServiceJourney:3037_63074-R,False,planned,False,,,,,2026-09-07T15:44:36.205822+02:00
NSR:StopPlace:60569,Sirevåg stasjon,2026-09-07T13:52:00+02:00,2026-09-07T13:52:00+02:00,,0.0,0,Egersund,GOA:Line:59,Jærbanen,L5,rail,GOA:ServiceJourney:3036_63073-R,False,planned,False,,,,,2026-09-07T15:44:36.205822+02:00
NSR:StopPlace:60569,Sirevåg stasjon,2026-09-07T16:03:00+02:00,2026-09-07T16:03:00+02:00,,0.0,0,Stavanger,GOA:Line:59,Jærbanen,L5,rail,GOA:ServiceJourney:3047_63092-R,False,planned,False,,,,,2026-09-07T15:44:36.205822+02:00
NSR:StopPlace:59616,Asker stasjon,2026-09-07T11:45:00+02:00,2026-09-07T11:45:00+02:00,,0.0,0,Borgen,RUT:Line:281,Borgen - Asker,281,bus,RUT:ServiceJourney:411b986f08bd2812eaa88bd67ccc9ac0,False,planned,False,,,,,2026-09-07T15:44:36.205822+02:00
NSR:StopPlace:59616,Asker stasjon,2026-09-07T11:46:00+02:00,2026-09-07T11:46:00+02:00,,0.0,0,Spikkestad,VYG:Line:L1,Spikkestad-Oslo S-Lillestrøm,L1,rail,VYG:ServiceJourney:2225_443623-R,False,planned,False,,,,,2026-09-07T15:44:36.205822+02:00
NSR:StopPlace:59616,Asker stasjon,2026-09-07T11:48:00+02:00,2026-09-07T11:48:00+02:00,,0.0,0,Lillestrøm,VYG:Line:L1,Spikkestad-Oslo S-Lillestrøm,L1,rail,VYG:ServiceJourney:2130_443537-R,False,planned,False,,,,,2026-09-07T15:44:36.205822+02:00
NSR:StopPlace:59616,Asker stasjon,2026-09-07T11:49:00+02:00,2026-09-07T11:49:00+02:00,,0.0,0,Lierbyen - Drammen,BRA:Line:4_6071,Drammen - Stoppen - Lierbyen - Asker,71,bus,BRA:ServiceJourney:6071_260415100160742_1038,False,planned,False,Fra 17/8 går linje 61-63-71-73-251-261 og skolebusser fra holdeplass ved Skutebrygga ut av byen.Les mer på brakar.no/trafikkmeldinger.,,general,normal,2026-09-07T15:44:36.205822+02:00
NSR:StopPlace:59616,Asker stasjon,2026-09-07T11:49:00+02:00,2026-09-07T11:49:00+02:00,,0.0,0,Dal,VYG:Line:R13,Drammen-Oslo S-Dal,R13,rail,VYG:ServiceJourney:1629_481150-R,False,planned,False,,,,,2026-09-07T15:44:36.205822+02:00
NSR:StopPlace:59616,Asker stasjon,2026-09-07T11:50:00+02:00,2026-09-07T11:50:00+02:00,,0.0,0,Drammen,VYG:Line:RE10,Drammen-Oslo S-Lillehammer,RE10,rail,VYG:ServiceJourney:312-LHM_444159-R,False,planned,False,,,,,2026-09-07T15:44:36.205822+02:00
NSR:StopPlace:59616,Asker stasjon,2026-09-07T11:50:00+02:00,2026-09-07T11:50:00+02:00,,0.0,0,Blakstad,RUT:Line:290,Asker - Blakstad,290,bus,RUT:ServiceJourney:3b0ec090f92403f8aec9c93d7d23dd0d,False,planned,False,,,,,2026-09-07T15:44:36.205822+02:00
NSR:StopPlace:59616,Asker stasjon,2026-09-07T11:54:00+02:00,2026-09-07T11:54:00+02:00,,0.0,0,Oslo Lufthavn,FLT:Line:FLY1,FLY1,FLY1,rail,FLT:ServiceJourney:1-2614-3747-20260907,False,planned,False,,,,,2026-09-07T15:44:36.205822+02:00
NSR:StopPlace:59616,Asker stasjon,2026-09-07T11:55:00+02:00,2026-09-07T11:55:00+02:00,,0.0,0,Sandvika,RUT:Line:270,Asker - Sandvika (- Fornebu),270,bus,RUT:ServiceJourney:022086a56d3f0c1e76f1c30f53eef851,False,planned,False,,,,,2026-09-07T15:44:36.205822+02:00
NSR:StopPlace:59616,Asker stasjon,2026-09-07T11:57:00+02:00,2026-09-07T11:57:00+02:00,,0.0,0,Heggedal,RUT:Line:280,Asker - Dikemark - Heggedal,280,bus,RUT:ServiceJourney:24fac115d9e7fe39120259ee8fc4762d,False,planned,False,,,,,2026-09-07T15:44:36.205822+02:00
NSR:StopPlace:59616,Asker stasjon,2026-09-07T11:59:00+02:00,2026-09-07T11:59:00+02:00,,0.0,0,Eidsvoll,VYG:Line:RE11,Eidsvoll-Oslo S-Skien,RE11,rail,VYG:ServiceJourney:814_444394-R,False,planned,False,,,,,2026-09-07T15:44:36.205822+02:00
NSR:StopPlace:59616,Asker stasjon,2026-09-07T12:00:00+02:00,2026-09-07T12:00:00+02:00,,0.0,0,Skien,VYG:Line:RE11,Eidsvoll-Oslo S-Skien,RE11,rail,VYG:ServiceJourney:815_444395-R,False,planned,False,,,,,2026-09-07T15:44:36.205822+02:00
NSR:StopPlace:59616,Asker stasjon,2026-09-07T12:00:00+02:00,2026-09-07T12:00:00+02:00,,0.0,0,Asker - Høn - Undelstad,RUT:Line:297,Asker - Solgården - Høn - Undelstad,297,bus,RUT:ServiceJourney:b90ccbf719cc97fd3b4c27e22d102ed8,False,planned,False,,,,,2026-09-07T15:44:36.205822+02:00
NSR:StopPlace:59616,Asker stasjon,2026-09-07T12:00:00+02:00,2026-09-07T12:00:00+02:00,,0.0,0,Leangkollen - Konglungen,RUT:Line:293,Asker - Leangkollen - Konglungen,293,bus,RUT:ServiceJourney:dbb8602a3fb7f469557e0c6f7c8d036f,False,planned,False,,,,,2026-09-07T15:44:36.205822+02:00
NSR:StopPlace:59616,Asker stasjon,2026-09-07T12:04:00+02:00,2026-09-07T12:04:00+02:00,,0.0,0,Lillestrøm,VYG:Line:L1,Spikkestad-Oslo S-Lillestrøm,L1,rail,VYG:ServiceJourney:2232_445328-R,False,planned,False,,,,,2026-09-07T15:44:36.205822+02:00
NSR:StopPlace:59616,Asker stasjon,2026-09-07T12:05:00+02:00,2026-09-07T12:05:00+02:00,,0.0,0,Blakstad,RUT:Line:290,Asker - Blakstad,290,bus,RUT:ServiceJourney:b3a77589f7a5af73c6e1ec39eee2739f,False,planned,False,,,,,2026-09-07T15:44:36.205822+02:00
NSR:StopPlace:59616,Asker stasjon,2026-09-07T12:05:00+02:00,2026-09-07T12:05:00+02:00,,0.0,0,Heggedal,RUT:Line:285,Heggedal - Blakstad - Asker,285,bus,RUT:ServiceJourney:799ce12b6c935cb6a22a6901e332dcf3,False,planned,False,,,,,2026-09-07T15:44:36.205822+02:00
NSR:StopPlace:59616,Asker stasjon,2026-09-07T12:10:00+02:00,2026-09-07T12:10:00+02:00,,0.0,0,Drammen,VYG:Line:R13,Drammen-Oslo S-Dal,R13,rail,VYG:ServiceJourney:1626_443268-R,False,planned,False,,,,,2026-09-07T15:44:36.205822+02:00
NSR:StopPlace:59616,Asker stasjon,2026-09-07T12:10:00+02:00,2026-09-07T12:10:00+02:00,,0.0,0,Fornebu,RUT:Line:270,Asker - Sandvika (- Fornebu),270,bus,RUT:ServiceJourney:e3908e78c114d7b93ba6d88c216e473c,False,planned,False,,,,,2026-09-07T15:44:36.205822+02:00
NSR:StopPlace:59616,Asker stasjon,2026-09-07T12:14:00+02:00,2026-09-07T12:14:00+02:00,,0.0,0,Oslo Lufthavn,FLT:Line:FLY1,FLY1,FLY1,rail,FLT:ServiceJourney:1-2614-3749-20260907,False,planned,False,,,,,2026-09-07T15:44:36.205822+02:00
NSR:StopPlace:59616,Asker stasjon,2026-09-07T12:15:00+02:00,2026-09-07T12:15:00+02:00,,0.0,0,Borgen,RUT:Line:281,Borgen - Asker,281,bus,RUT:ServiceJourney:588c6f2eb47cb7a48c724f6ff5a66a59,False,planned,False,,,,,2026-09-07T15:44:36.205822+02:00
NSR:StopPlace:59616,Asker stasjon,2026-09-07T12:16:00+02:00,2026-09-07T12:16:00+02:00,,0.0,0,Spikkestad,VYG:Line:L1,Spikkestad-Oslo S-Lillestrøm,L1,rail,VYG:ServiceJourney:2227_443627-R,False,planned,False,,,,,2026-09-07T15:44:36.205822+02:00
NSR:StopPlace:59616,Asker stasjon,2026-09-07T12:17:00+02:00,2026-09-07T12:17:00+02:00,,0.0,0,Vøyen,RUT:Line:275,Asker - Vøyen,275,bus,RUT:ServiceJourney:95b71a3a19376a1de84a6a82ad6552af,False,planned,False,,,,,2026-09-07T15:44:36.205822+02:00
NSR:StopPlace:59616,Asker stasjon,2026-09-07T12:17:00+02:00,2026-09-07T12:17:00+02:00,,0.0,0,Dikemark,RUT:Line:280,Asker - Dikemark - Heggedal,280,bus,RUT:ServiceJourney:dd91078d576839a03f236c8e397293fc,False,planned,False,,,,,2026-09-07T15:44:36.205822+02:00
NSR:StopPlace:59616,Asker stasjon,2026-09-07T12:18:00+02:00,2026-09-07T12:18:00+02:00,,0.0,0,Lillestrøm,VYG:Line:L1,Spikkestad-Oslo S-Lillestrøm,L1,rail,VYG:ServiceJourney:2132_443539-R,False,planned,False,Ta neste tog,Ta neste tog.,incident,normal,2026-09-07T15:44:36.205822+02:00
NSR:StopPlace:59616,Asker stasjon,2026-09-07T12:19:00+02:00,2026-09-07T12:19:00+02:00,,0.0,0,Lierbyen - Drammen,BRA:Line:4_6071,Drammen - Stoppen - Lierbyen - Asker,71,bus,BRA:ServiceJourney:6071_260415100160751_1040,False,planned,False,Fra 17/8 går linje 61-63-71-73-251-261 og skolebusser fra holdeplass ved Skutebrygga ut av byen.Les mer på brakar.no/trafikkmeldinger.,,general,normal,2026-09-07T15:44:36.205822+02:00
NSR:StopPlace:59616,Asker stasjon,2026-09-07T12:19:00+02:00,2026-09-07T12:19:00+02:00,,0.0,0,Dal,VYG:Line:R13,Drammen-Oslo S-Dal,R13,rail,VYG:ServiceJourney:1631_443278-R,False,planned,False,,,,,2026-09-07T15:44:36.205822+02:00
NSR:StopPlace:59616,Asker stasjon,2026-09-07T12:20:00+02:00,2026-09-07T12:20:00+02:00,,0.0,0,Blakstad,RUT:Line:290,Asker - Blakstad,290,bus,RUT:ServiceJourney:3ca057f7780ea98cc7e6daed6f738540,False,planned,False,,,,,2026-09-07T15:44:36.205822+02:00
NSR:StopPlace:59616,Asker stasjon,2026-09-07T12:20:00+02:00,2026-09-07T12:20:00+02:00,,0.0,0,Grimsrud,RUT:Line:260,Hyggen - Bråset -Slemmestad (- Asker),260,bus,RUT:ServiceJourney:c40c1f1bb4c175df94f50a5bf5b5f613,False,planned,False,,,,,2026-09-07T15:44:36.205822+02:00
NSR:StopPlace:59616,Asker stasjon,2026-09-07T12:25:00+02:00,2026-09-07T12:25:00+02:00,,0.0,0,Sandvika,RUT:Line:270,Asker - Sandvika (- Fornebu),270,bus,RUT:ServiceJourney:03ea03ad5d1469830bae020c7973d5d2,False,planned,False,,,,,2026-09-07T15:44:36.205822+02:00
NSR:StopPlace:59616,Asker stasjon,2026-09-07T12:29:00+02:00,2026-09-07T12:29:00+02:00,,0.0,0,Eidsvoll,VYG:Line:R12,Kongsberg-Oslo S-Eidsvoll,R12,rail,VYG:ServiceJourney:516_481318-R,False,planned,False,,,,,2026-09-07T15:44:36.205822+02:00
NSR:StopPlace:59616,Asker stasjon,2026-09-07T12:30:00+02:00,2026-09-07T12:30:00+02:00,,0.0,0,Kongsberg,VYG:Line:R12,Kongsberg-Oslo S-Eidsvoll,R12,rail,VYG:ServiceJourney:515_444314-R,False,planned,False,,,,,2026-09-07T15:44:36.205822+02:00
NSR:StopPlace:59616,Asker stasjon,2026-09-07T12:34:00+02:00,2026-09-07T12:34:00+02:00,,0.0,0,Lillestrøm,VYG:Line:L1,Spikkestad-Oslo S-Lillestrøm,L1,rail,VYG:ServiceJourney:2234_443640-R,False,planned,False,,,,,2026-09-07T15:44:36.205822+02:00
NSR:StopPlace:59616,Asker stasjon,2026-09-07T12:34:00+02:00,2026-09-07T12:34:00+02:00,,0.0,0,Oslo Lufthavn,FLT:Line:FLY1,FLY1,FLY1,rail,FLT:ServiceJourney:1-2614-3751-20260907,False,planned,False,,,,,2026-09-07T15:44:36.205822+02:00
NSR:StopPlace:59616,Asker stasjon,2026-09-07T12:35:00+02:00,2026-09-07T12:35:00+02:00,,0.0,0,Blakstad,RUT:Line:290,Asker - Blakstad,290,bus,RUT:ServiceJourney:50dea32923f749daee20757aaebf3b56,False,planned,False,,,,,2026-09-07T15:44:36.205822+02:00
NSR:StopPlace:59616,Asker stasjon,2026-09-07T12:35:00+02:00,2026-09-07T12:35:00+02:00,,0.0,0,Slemmestad,RUT:Line:296,Asker - Heggedal - Slemmestad,296,bus,RUT:ServiceJourney:3ab3fe7f43f7fd66f9e38d580889e67d,False,planned,False,,,,,2026-09-07T15:44:36.205822+02:00
NSR:StopPlace:59616,Asker stasjon,2026-09-07T12:35:00+02:00,2026-09-07T12:35:00+02:00,,0.0,0,Heggedal,RUT:Line:285,Heggedal - Blakstad - Asker,285,bus,RUT:ServiceJourney:4486ebecafd5c550cd8bfd7ed4fb24de,False,planned,False,,,,,2026-09-07T15:44:36.205822+02:00
NSR:StopPlace:59616,Asker stasjon,2026-09-07T12:37:00+02:00,2026-09-07T12:37:00+02:00,,0.0,0,Dikemark,RUT:Line:280,Asker - Dikemark - Heggedal,280,bus,RUT:ServiceJourney:224b0b62ae64004459739212f2aac07c,False,planned,False,,,,,2026-09-07T15:44:36.205822+02:00
NSR:StopPlace:59616,Asker stasjon,2026-09-07T12:39:00+02:00,2026-09-07T12:39:00+02:00,,0.0,0,Kongsvinger,VYG:Line:R14,Asker-Oslo S-Kongsvinger,R14,rail,VYG:ServiceJourney:1017_442923-R,False,planned,False,,,,,2026-09-07T15:44:36.205822+02:00
NSR:StopPlace:59616,Asker stasjon,2026-09-07T12:40:00+02:00,2026-09-07T12:40:00+02:00,,0.0,0,Drammen,VYG:Line:R13,Drammen-Oslo S-Dal,R13,rail,VYG:ServiceJourney:1628_443272-R,False,planned,False,,,,,2026-09-07T15:44:36.205822+02:00
NSR:StopPlace:59616,Asker stasjon,2026-09-07T12:40:00+02:00,2026-09-07T12:40:00+02:00,,0.0,0,Fornebu,RUT:Line:270,Asker - Sandvika (- Fornebu),270,bus,RUT:ServiceJourney:ddaf7ef2b6bd78eb0084eef6f67ababe,False,planned,False,,,,,2026-09-07T15:44:36.205822+02:00
NSR:StopPlace:59616,Asker stasjon,2026-09-07T12:40:00+02:00,2026-09-07T12:40:00+02:00,,0.0,0,Bondi-Blakstad-Bleikerkollen,RUT:Line:292,Asker - Bondi - Blakstad - Bleikerkollen,292,bus,RUT:ServiceJourney:c83022529f07290515d8716a3d0f8a33,False,planned,False,,,,,2026-09-07T15:44:36.205822+02:00
NSR:StopPlace:59616,Asker stasjon,2026-09-07T12:45:00+02:00,2026-09-07T12:45:00+02:00,,0.0,0,Borgen,RUT:Line:281,Borgen - Asker,281,bus,RUT:ServiceJourney:ea66e068b182404699ab3675831576ae,False,planned,False,,,,,2026-09-07T15:44:36.205822+02:00
NSR:StopPlace:59616,Asker stasjon,2026-09-07T12:46:00+02:00,2026-09-07T12:46:00+02:00,,0.0,0,Spikkestad,VYG:Line:L1,Spikkestad-Oslo S-Lillestrøm,L1,rail,VYG:ServiceJourney:2229_443630-R,False,planned,False,,,,,2026-09-07T15:44:36.205822+02:00
NSR:StopPlace:59616,Asker stasjon,2026-09-07T12:48:00+02:00,2026-09-07T12:48:00+02:00,,0.0,0,Lillestrøm,VYG:Line:L1,Spikkestad-Oslo S-Lillestrøm,L1,rail,VYG:ServiceJourney:2134_443541-R,False,planned,False,,,,,2026-09-07T15:44:36.205822+02:00
NSR:StopPlace:59616,Asker stasjon,2026-09-07T12:49:00+02:00,2026-09-07T12:49:00+02:00,,0.0,0,Lierbyen - Drammen,BRA:Line:4_6071,Drammen - Stoppen - Lierbyen - Asker,71,bus,BRA:ServiceJourney:6071_260415100160743_1042,False,planned,False,Fra 17/8 går linje 61-63-71-73-251-261 og skolebusser fra holdeplass ved Skutebrygga ut av byen.Les mer på brakar.no/trafikkmeldinger.,,general,normal,2026-09-07T15:44:36.205822+02:00
NSR:StopPlace:59616,Asker stasjon,2026-09-07T12:49:00+02:00,2026-09-07T12:49:00+02:00,,0.0,0,Dal,VYG:Line:R13,Drammen-Oslo S-Dal,R13,rail,VYG:ServiceJourney:1633_443282-R,False,planned,False,Forsinket,Toget kjørte 10 minutter forsinket fra Drammen. Dette skyldes en tidligere stans.,incident,normal,2026-09-07T15:44:36.205822+02:00
NSR:StopPlace:60603,Kongsberg stasjon,2026-09-07T12:35:00+02:00,2026-09-07T12:35:00+02:00,,0.0,0,Eidsvoll,VYG:Line:R12,Kongsberg-Oslo S-Eidsvoll,R12,rail,VYG:ServiceJourney:518_444318-R,False,planned,False,,,,,2026-09-07T15:44:36.205822+02:00
NSR:StopPlace:60603,Kongsberg stasjon,2026-09-07T13:17:00+02:00,2026-09-07T13:17:00+02:00,,0.0,0,Oslo S,GOA:Line:50,Sørtoget region,F5,rail,GOA:ServiceJourney:706-KVB_63227-R,False,planned,False,,,,,2026-09-07T15:44:36.205822+02:00
NSR:StopPlace:59620,Grorud stasjon,2026-09-07T11:45:00+02:00,2026-09-07T11:45:00+02:00,,0.0,0,Furuset,RUT:Line:65,Furuset T - Stovner T via Smedstua,65,bus,RUT:ServiceJourney:2907f2d2faa121b4a0424ab1ff8be6c0,False,planned,False,,,,,2026-09-07T15:44:36.205822+02:00
NSR:StopPlace:59620,Grorud stasjon,2026-09-07T11:47:00+02:00,2026-09-07T11:47:00+02:00,,0.0,0,Grorud T,RUT:Line:66,Helsfyr T - Grorud T,66,bus,RUT:ServiceJourney:d92ffc1db179cbdb3a8d6b123b195392,False,planned,False,,,,,2026-09-07T15:44:36.205822+02:00
NSR:StopPlace:59620,Grorud stasjon,2026-09-07T11:50:00+02:00,2026-09-07T11:50:00+02:00,,0.0,0,Helsfyr,RUT:Line:66,Helsfyr T - Grorud T,66,bus,RUT:ServiceJourney:19a387c857f283f76e29c225dd8c8723,False,planned,False,,,,,2026-09-07T15:44:36.205822+02:00
NSR:StopPlace:59620,Grorud stasjon,2026-09-07T11:53:00+02:00,2026-09-07T11:53:00+02:00,,0.0,0,Lillestrøm,VYG:Line:L1,Spikkestad-Oslo S-Lillestrøm,L1,rail,VYG:ServiceJourney:2228_445323-R,False,planned,False,,,,,2026-09-07T15:44:36.205822+02:00
NSR:StopPlace:59620,Grorud stasjon,2026-09-07T11:54:00+02:00,2026-09-07T11:54:00+02:00,,0.0,0,Åsbråten,RUT:Line:79,Grorud T - Åsbråten,79,bus,RUT:ServiceJourney:7952ed3673a73f142116dda3a2abfa9d,False,planned,False,,,,,2026-09-07T15:44:36.205822+02:00
NSR:StopPlace:59620,Grorud stasjon,2026-09-07T11:54:00+02:00,2026-09-07T11:54:00+02:00,,0.0,0,Grorud T,RUT:Line:79,Grorud T - Åsbråten,79,bus,RUT:ServiceJourney:37978c374f354f62e7b810d158ee9b0f,False,planned,False,,,,,2026-09-07T15:44:36.205822+02:00
NSR:StopPlace:59620,Grorud stasjon,2026-09-07T11:56:00+02:00,2026-09-07T11:56:00+02:00,,0.0,0,Lørenskog sentrum,RUT:Line:67,Økern-Lørenskog sentrum,67,bus,RUT:ServiceJourney:089be9f044e9b5c5c438dd500c5c5a85,False,planned,False,,,,,2026-09-07T15:44:36.205822+02:00
NSR:StopPlace:59620,Grorud stasjon,2026-09-07T11:57:00+02:00,2026-09-07T11:57:00+02:00,,0.0,0,Spikkestad,VYG:Line:L1,Spikkestad-Oslo S-Lillestrøm,L1,rail,VYG:ServiceJourney:2229_443630-R,False,planned,False,,,,,2026-09-07T15:44:36.205822+02:00
NSR:StopPlace:59620,Grorud stasjon,2026-09-07T11:57:00+02:00,2026-09-07T11:57:00+02:00,,0.0,0,Stovner,RUT:Line:65,Furuset T - Stovner T via Smedstua,65,bus,RUT:ServiceJourney:15a7918d5168e9755f8718a141c357d5,False,planned,False,,,,,2026-09-07T15:44:36.205822+02:00
NSR:StopPlace:59620,Grorud stasjon,2026-09-07T12:00:00+02:00,2026-09-07T12:00:00+02:00,,0.0,0,Furuset,RUT:Line:65,Furuset T - Stovner T via Smedstua,65,bus,RUT:ServiceJourney:4fc1024eaa41e8698361d0217b61af56,False,planned,False,,,,,2026-09-07T15:44:36.205822+02:00
NSR:StopPlace:59620,Grorud stasjon,2026-09-07T12:02:00+02:00,2026-09-07T12:02:00+02:00,,0.0,0,Grorud T,RUT:Line:66,Helsfyr T - Grorud T,66,bus,RUT:ServiceJourney:dd4e2286824371683621e63c60773f15,False,planned,False,,,,,2026-09-07T15:44:36.205822+02:00
NSR:StopPlace:59620,Grorud stasjon,2026-09-07T12:04:00+02:00,2026-09-07T12:04:00+02:00,,0.0,0,Åsbråten,RUT:Line:79,Grorud T - Åsbråten,79,bus,RUT:ServiceJourney:158c7fdccee9224d17bd4cd33265ba68,False,planned,False,,,,,2026-09-07T15:44:36.205822+02:00
NSR:StopPlace:59620,Grorud stasjon,2026-09-07T12:04:00+02:00,2026-09-07T12:04:00+02:00,,0.0,0,Grorud T,RUT:Line:79,Grorud T - Åsbråten,79,bus,RUT:ServiceJourney:fc70df88b8585a4cb2da03d40289f86d,False,planned,False,,,,,2026-09-07T15:44:36.205822+02:00
NSR:StopPlace:59620,Grorud stasjon,2026-09-07T12:05:00+02:00,2026-09-07T12:05:00+02:00,,0.0,0,Helsfyr,RUT:Line:66,Helsfyr T - Grorud T,66,bus,RUT:ServiceJourney:3ccdc2b7baafd79e2790e49cab8ad09b,False,planned,False,,,,,2026-09-07T15:44:36.205822+02:00
NSR:StopPlace:59620,Grorud stasjon,2026-09-07T12:06:00+02:00,2026-09-07T12:06:00+02:00,,0.0,0,Vestvollen,RUT:Line:345,Vestvollen - Økern,345,bus,RUT:ServiceJourney:b67fb18a928cc07cfb2f4487c588d47e,False,planned,False,,,,,2026-09-07T15:44:36.205822+02:00
NSR:StopPlace:59620,Grorud stasjon,2026-09-07T12:08:00+02:00,2026-09-07T12:08:00+02:00,,0.0,0,Lillestrøm,VYG:Line:L1,Spikkestad-Oslo S-Lillestrøm,L1,rail,VYG:ServiceJourney:2128_443534-R,False,planned,False,,,,,2026-09-07T15:44:36.205822+02:00
NSR:StopPlace:59620,Grorud stasjon,2026-09-07T12:12:00+02:00,2026-09-07T12:12:00+02:00,,0.0,0,Asker,VYG:Line:L1,Spikkestad-Oslo S-Lillestrøm,L1,rail,VYG:ServiceJourney:2129_443535-R,False,planned,False,,,,,2026-09-07T15:44:36.205822+02:00
NSR:StopPlace:59620,Grorud stasjon,2026-09-07T12:12:00+02:00,2026-09-07T12:12:00+02:00,,0.0,0,Stovner,RUT:Line:65,Furuset T - Stovner T via Smedstua,65,bus,RUT:ServiceJourney:7049152067dc5ff38e2d03685705fb95,False,planned,False,,,,,2026-09-07T15:44:36.205822+02:00
NSR:StopPlace:59620,Grorud stasjon,2026-09-07T12:14:00+02:00,2026-09-07T12:14:00+02:00,,0.0,0,Åsbråten,RUT:Line:79,Grorud T - Åsbråten,79,bus,RUT:ServiceJourney:eff6624c46f508d32a3abbe8a84b7d49,False,planned,False,,,,,2026-09-07T15:44:36.205822+02:00
NSR:StopPlace:59620,Grorud stasjon,2026-09-07T12:14:00+02:00,2026-09-07T12:14:00+02:00,,0.0,0,Grorud T,RUT:Line:79,Grorud T - Åsbråten,79,bus,RUT:ServiceJourney:82300a13f676ed3bbed29258f7bee250,False,planned,False,,,,,2026-09-07T15:44:36.205822+02:00
NSR:StopPlace:59620,Grorud stasjon,2026-09-07T12:15:00+02:00,2026-09-07T12:15:00+02:00,,0.0,0,Furuset,RUT:Line:65,Furuset T - Stovner T via Smedstua,65,bus,RUT:ServiceJourney:33a9073275d15ec63a5aa92dae1ed740,False,planned,False,,,,,2026-09-07T15:44:36.205822+02:00
NSR:StopPlace:59620,Grorud stasjon,2026-09-07T12:17:00+02:00,2026-09-07T12:17:00+02:00,,0.0,0,Grorud T,RUT:Line:66,Helsfyr T - Grorud T,66,bus,RUT:ServiceJourney:bbe1c8fdc432143a9f68dd7fdf8d274c,False,planned,False,,,,,2026-09-07T15:44:36.205822+02:00
NSR:StopPlace:59620,Grorud stasjon,2026-09-07T12:20:00+02:00,2026-09-07T12:20:00+02:00,,0.0,0,Helsfyr,RUT:Line:66,Helsfyr T - Grorud T,66,bus,RUT:ServiceJourney:38031ee35a567cf3d514eb5c13ec969c,False,planned,False,,,,,2026-09-07T15:44:36.205822+02:00
NSR:StopPlace:59620,Grorud stasjon,2026-09-07T12:23:00+02:00,2026-09-07T12:23:00+02:00,,0.0,0,Lillestrøm,VYG:Line:L1,Spikkestad-Oslo S-Lillestrøm,L1,rail,VYG:ServiceJourney:2230_443633-R,False,planned,False,,,,,2026-09-07T15:44:36.205822+02:00
NSR:StopPlace:59620,Grorud stasjon,2026-09-07T12:24:00+02:00,2026-09-07T12:24:00+02:00,,0.0,0,Oslo lufthavn,NBU:Line:cb7b555c-f96e-42d5-84bf-a5e08c0145c2,Radiumhospitalet via Økern-Storo-Tåsen,FB3,bus,NBU:ServiceJourney:163bee30-953e-4d3e-a3a2-ac0b549cd843,False,planned,False,,,,,2026-09-07T15:44:36.205822+02:00
NSR:StopPlace:59620,Grorud stasjon,2026-09-07T12:24:00+02:00,2026-09-07T12:24:00+02:00,,0.0,0,Åsbråten,RUT:Line:79,Grorud T - Åsbråten,79,bus,RUT:ServiceJourney:460a281134070e286dba4c76a095c4bd,False,planned,False,,,,,2026-09-07T15:44:36.205822+02:00
NSR:StopPlace:59620,Grorud stasjon,2026-09-07T12:24:00+02:00,2026-09-07T12:24:00+02:00,,0.0,0,Grorud T,RUT:Line:79,Grorud T - Åsbråten,79,bus,RUT:ServiceJourney:708f4de087cfa7990a95eac5141578f9,False,planned,False,,,,,2026-09-07T15:44:36.205822+02:00
NSR:StopPlace:59620,Grorud stasjon,2026-09-07T12:26:00+02:00,2026-09-07T12:26:00+02:00,,0.0,0,Lørenskog sentrum,RUT:Line:67,Økern-Lørenskog sentrum,67,bus,RUT:ServiceJourney:83dbcf9c52e85fcb0e16c1bea2b24eb1,False,planned,False,,,,,2026-09-07T15:44:36.205822+02:00
NSR:StopPlace:59620,Grorud stasjon,2026-09-07T12:27:00+02:00,2026-09-07T12:27:00+02:00,,0.0,0,Spikkestad,VYG:Line:L1,Spikkestad-Oslo S-Lillestrøm,L1,rail,VYG:ServiceJourney:2231_443635-R,False,planned,False,,,,,2026-09-07T15:44:36.205822+02:00
NSR:StopPlace:59620,Grorud stasjon,2026-09-07T12:27:00+02:00,2026-09-07T12:27:00+02:00,,0.0,0,Stovner,RUT:Line:65,Furuset T - Stovner T via Smedstua,65,bus,RUT:ServiceJourney:97a5352029368eab98317ed1ccb57061,False,planned,False,,,,,2026-09-07T15:44:36.205822+02:00
NSR:StopPlace:59620,Grorud stasjon,2026-09-07T12:30:00+02:00,2026-09-07T12:30:00+02:00,,0.0,0,Furuset,RUT:Line:65,Furuset T - Stovner T via Smedstua,65,bus,RUT:ServiceJourney:7421560d542ebadd9179fae52d033b27,False,planned,False,,,,,2026-09-07T15:44:36.205822+02:00
NSR:StopPlace:59620,Grorud stasjon,2026-09-07T12:32:00+02:00,2026-09-07T12:32:00+02:00,,0.0,0,Grorud T,RUT:Line:66,Helsfyr T - Grorud T,66,bus,RUT:ServiceJourney:63e99ff4bdb92a0bb2b799433bfd88a5,False,planned,False,,,,,2026-09-07T15:44:36.205822+02:00
NSR:StopPlace:59620,Grorud stasjon,2026-09-07T12:34:00+02:00,2026-09-07T12:34:00+02:00,,0.0,0,Åsbråten,RUT:Line:79,Grorud T - Åsbråten,79,bus,RUT:ServiceJourney:693e4410bc5d9b75c65b25cbd7da1c81,False,planned,False,,,,,2026-09-07T15:44:36.205822+02:00
NSR:StopPlace:59620,Grorud stasjon,2026-09-07T12:34:00+02:00,2026-09-07T12:34:00+02:00,,0.0,0,Grorud T,RUT:Line:79,Grorud T - Åsbråten,79,bus,RUT:ServiceJourney:5f36f8723f41fac12a487a86fcc7fde8,False,planned,False,,,,,2026-09-07T15:44:36.205822+02:00
NSR:StopPlace:59620,Grorud stasjon,2026-09-07T12:35:00+02:00,2026-09-07T12:35:00+02:00,,0.0,0,Helsfyr,RUT:Line:66,Helsfyr T - Grorud T,66,bus,RUT:ServiceJourney:155f88bbe9d4187a7c7c4ef053b671ee,False,planned,False,,,,,2026-09-07T15:44:36.205822+02:00
NSR:StopPlace:59620,Grorud stasjon,2026-09-07T12:36:00+02:00,2026-09-07T12:36:00+02:00,,0.0,0,Vestvollen,RUT:Line:345,Vestvollen - Økern,345,bus,RUT:ServiceJourney:b1454fdee444f43a0a76cff98d9d71b1,False,planned,False,,,,,2026-09-07T15:44:36.205822+02:00
NSR:StopPlace:59620,Grorud stasjon,2026-09-07T12:38:00+02:00,2026-09-07T12:38:00+02:00,,0.0,0,Lillestrøm,VYG:Line:L1,Spikkestad-Oslo S-Lillestrøm,L1,rail,VYG:ServiceJourney:2130_443537-R,False,planned,False,,,,,2026-09-07T15:44:36.205822+02:00
NSR:StopPlace:59620,Grorud stasjon,2026-09-07T12:42:00+02:00,2026-09-07T12:42:00+02:00,,0.0,0,Asker,VYG:Line:L1,Spikkestad-Oslo S-Lillestrøm,L1,rail,VYG:ServiceJourney:2131_443538-R,False,planned,False,,,,,2026-09-07T15:44:36.205822+02:00
NSR:StopPlace:59620,Grorud stasjon,2026-09-07T12:42:00+02:00,2026-09-07T12:42:00+02:00,,0.0,0,Stovner,RUT:Line:65,Furuset T - Stovner T via Smedstua,65,bus,RUT:ServiceJourney:ea4e2fd4be873e34cea026ce69c4cb2d,False,planned,False,,,,,2026-09-07T15:44:36.205822+02:00
NSR:StopPlace:59620,Grorud stasjon,2026-09-07T12:44:00+02:00,2026-09-07T12:44:00+02:00,,0.0,0,Åsbråten,RUT:Line:79,Grorud T - Åsbråten,79,bus,RUT:ServiceJourney:43e6b2905549a8fe68fa762aed651ee2,False,planned,False,,,,,2026-09-07T15:44:36.205822+02:00
NSR:StopPlace:59620,Grorud stasjon,2026-09-07T12:44:00+02:00,2026-09-07T12:44:00+02:00,,0.0,0,Grorud T,RUT:Line:79,Grorud T - Åsbråten,79,bus,RUT:ServiceJourney:158d02a823b0ea35b5106c9c954979b3,False,planned,False,,,,,2026-09-07T15:44:36.205822+02:00
NSR:StopPlace:59620,Grorud stasjon,2026-09-07T12:45:00+02:00,2026-09-07T12:45:00+02:00,,0.0,0,Furuset,RUT:Line:65,Furuset T - Stovner T via Smedstua,65,bus,RUT:ServiceJourney:c27a5f4422cfee93e8570c5f6fe62298,False,planned,False,,,,,2026-09-07T15:44:36.205822+02:00
NSR:StopPlace:59620,Grorud stasjon,2026-09-07T12:47:00+02:00,2026-09-07T12:47:00+02:00,,0.0,0,Grorud T,RUT:Line:66,Helsfyr T - Grorud T,66,bus,RUT:ServiceJourney:232fccb79943565a4b8ca19417eb3dbc,False,planned,False,,,,,2026-09-07T15:44:36.205822+02:00
NSR:StopPlace:59620,Grorud stasjon,2026-09-07T12:50:00+02:00,2026-09-07T12:50:00+02:00,,0.0,0,Helsfyr,RUT:Line:66,Helsfyr T - Grorud T,66,bus,RUT:ServiceJourney:820353d7b1286228559f57c06773a96a,False,planned,False,,,,,2026-09-07T15:44:36.205822+02:00
NSR:StopPlace:59620,Grorud stasjon,2026-09-07T12:53:00+02:00,2026-09-07T12:53:00+02:00,,0.0,0,Lillestrøm,VYG:Line:L1,Spikkestad-Oslo S-Lillestrøm,L1,rail,VYG:ServiceJourney:2232_445328-R,False,planned,False,,,,,2026-09-07T15:44:36.205822+02:00
NSR:StopPlace:59620,Grorud stasjon,2026-09-07T12:54:00+02:00,2026-09-07T12:54:00+02:00,,0.0,0,Åsbråten,RUT:Line:79,Grorud T - Åsbråten,79,bus,RUT:ServiceJourney:e15c81d94e7009eeaacb2e7d1a73f0f7,False,planned,False,,,,,2026-09-07T15:44:36.205822+02:00
NSR:StopPlace:59620,Grorud stasjon,2026-09-07T12:54:00+02:00,2026-09-07T12:54:00+02:00,,0.0,0,Grorud T,RUT:Line:79,Grorud T - Åsbråten,79,bus,RUT:ServiceJourney:f623e85bc5dc52081517082e5d8442fd,False,planned,False,,,,,2026-09-07T15:44:36.205822+02:00
NSR:StopPlace:59620,Grorud stasjon,2026-09-07T12:56:00+02:00,2026-09-07T12:56:00+02:00,,0.0,0,Lørenskog sentrum,RUT:Line:67,Økern-Lørenskog sentrum,67,bus,RUT:ServiceJourney:dfe2a86cec9e8eccf4cf2bd41b889f9e,False,planned,False,,,,,2026-09-07T15:44:36.205822+02:00
NSR:StopPlace:59620,Grorud stasjon,2026-09-07T12:57:00+02:00,2026-09-07T12:57:00+02:00,,0.0,0,Spikkestad,VYG:Line:L1,Spikkestad-Oslo S-Lillestrøm,L1,rail,VYG:ServiceJourney:2233_443638-R,False,planned,False,,,,,2026-09-07T15:44:36.205822+02:00
NSR:StopPlace:59620,Grorud stasjon,2026-09-07T12:57:00+02:00,2026-09-07T12:57:00+02:00,,0.0,0,Stovner,RUT:Line:65,Furuset T - Stovner T via Smedstua,65,bus,RUT:ServiceJourney:03ea21913a4979c247efbf0353eb11ca,False,planned,False,,,,,2026-09-07T15:44:36.205822+02:00
NSR:StopPlace:59635,Hauketo stasjon,2026-09-07T11:47:00+02:00,2026-09-07T11:47:00+02:00,,0.0,0,Åsbråten,RUT:Line:79,Grorud T - Åsbråten,79,bus,RUT:ServiceJourney:e06b9ae81eccb19adfbafd0a5036ab3e,False,planned,False,,,,,2026-09-07T15:44:36.205822+02:00
NSR:StopPlace:59635,Hauketo stasjon,2026-09-07T11:47:00+02:00,2026-09-07T11:47:00+02:00,,0.0,0,Oslo S,VYG:Line:L2,Stabekk-Oslo S-Ski,L2,rail,VYG:ServiceJourney:2830_444050-R,False,planned,False,,,,,2026-09-07T15:44:36.205822+02:00
NSR:StopPlace:59635,Hauketo stasjon,2026-09-07T11:48:00+02:00,2026-09-07T11:48:00+02:00,,0.0,0,Filipstad,RUT:Line:81,Fornebu - Myrvoll stasjon,81,bus,RUT:ServiceJourney:c27f9d9d18b9f73e3559adb46315e6fb,False,planned,False,,,,,2026-09-07T15:44:36.205822+02:00
NSR:StopPlace:59635,Hauketo stasjon,2026-09-07T11:48:00+02:00,2026-09-07T11:48:00+02:00,,0.0,0,Brenna,RUT:Line:73,Holmlia stasjon - Brenna,73,bus,RUT:ServiceJourney:48b7b058b1f91cdb15a41fa625ca68bf,False,planned,False,,,,,2026-09-07T15:44:36.205822+02:00
NSR:StopPlace:59635,Hauketo stasjon,2026-09-07T11:50:00+02:00,2026-09-07T11:50:00+02:00,,0.0,0,Bjørndal,RUT:Line:77,Holmlia stasjon - Bjørndal,77,bus,RUT:ServiceJourney:00545d60a54eb59475d0dbb50efa4085,False,planned,False,,,,,2026-09-07T15:44:36.205822+02:00
NSR:StopPlace:59635,Hauketo stasjon,2026-09-07T11:53:00+02:00,2026-09-07T11:53:00+02:00,,0.0,0,Myrvoll stasjon,RUT:Line:81,Fornebu - Myrvoll stasjon,81,bus,RUT:ServiceJourney:ec09311e42ee652110f287e285975314,False,planned,False,,,,,2026-09-07T15:44:36.205822+02:00
NSR:StopPlace:59635,Hauketo stasjon,2026-09-07T11:53:00+02:00,2026-09-07T11:53:00+02:00,,0.0,0,Grorud T,RUT:Line:79,Grorud T - Åsbråten,79,bus,RUT:ServiceJourney:158d02a823b0ea35b5106c9c954979b3,False,planned,False,,,,,2026-09-07T15:44:36.205822+02:00
NSR:StopPlace:59635,Hauketo stasjon,2026-09-07T11:54:00+02:00,2026-09-07T11:54:00+02:00,,0.0,0,Holmlia stasjon,RUT:Line:73,Holmlia stasjon - Brenna,73,bus,RUT:ServiceJourney:eef2d251dbe4d5a5408ef92723070d03,False,planned,False,,,,,2026-09-07T15:44:36.205822+02:00
NSR:StopPlace:59635,Hauketo stasjon,2026-09-07T11:55:00+02:00,2026-09-07T11:55:00+02:00,,0.0,0,Holmlia stasjon,RUT:Line:77,Holmlia stasjon - Bjørndal,77,bus,RUT:ServiceJourney:b447f402e3ca3aee49d0394d0f57635b,False,planned,False,,,,,2026-09-07T15:44:36.205822+02:00
NSR:StopPlace:59635,Hauketo stasjon,2026-09-07T11:57:00+02:00,2026-09-07T11:57:00+02:00,,0.0,0,Åsbråten,RUT:Line:79,Grorud T - Åsbråten,79,bus,RUT:ServiceJourney:bc037f82e2d6d55c750a5fc93450a8b6,False,planned,False,,,,,2026-09-07T15:44:36.205822+02:00
NSR:StopPlace:59635,Hauketo stasjon,2026-09-07T11:57:00+02:00,2026-09-07T11:57:00+02:00,,0.0,0,Ski,VYG:Line:L2,Stabekk-Oslo S-Ski,L2,rail,VYG:ServiceJourney:2727-HVK_443934-R,False,planned,False,,,,,2026-09-07T15:44:36.205822+02:00
NSR:StopPlace:59635,Hauketo stasjon,2026-09-07T11:58:00+02:00,2026-09-07T11:58:00+02:00,,0.0,0,Filipstad,RUT:Line:81,Fornebu - Myrvoll stasjon,81,bus,RUT:ServiceJourney:67e6ac1a97ebc508afa18526e45d4816,False,planned,False,,,,,2026-09-07T15:44:36.205822+02:00
NSR:StopPlace:59635,Hauketo stasjon,2026-09-07T12:02:00+02:00,2026-09-07T12:02:00+02:00,,0.0,0,Stabekk,VYG:Line:L2,Stabekk-Oslo S-Ski,L2,rail,VYG:ServiceJourney:2732-SKI_443940-R,False,planned,False,,,,,2026-09-07T15:44:36.205822+02:00
NSR:StopPlace:59635,Hauketo stasjon,2026-09-07T12:03:00+02:00,2026-09-07T12:03:00+02:00,,0.0,0,Myrvoll stasjon,RUT:Line:81,Fornebu - Myrvoll stasjon,81,bus,RUT:ServiceJourney:da90958dbc50cb13a44ab07f54929093,False,planned,False,,,,,2026-09-07T15:44:36.205822+02:00
NSR:StopPlace:59635,Hauketo stasjon,2026-09-07T12:03:00+02:00,2026-09-07T12:03:00+02:00,,0.0,0,Grorud T,RUT:Line:79,Grorud T - Åsbråten,79,bus,RUT:ServiceJourney:f623e85bc5dc52081517082e5d8442fd,False,planned,False,,,,,2026-09-07T15:44:36.205822+02:00
NSR:StopPlace:59635,Hauketo stasjon,2026-09-07T12:03:00+02:00,2026-09-07T12:03:00+02:00,,0.0,0,Brenna,RUT:Line:73,Holmlia stasjon - Brenna,73,bus,RUT:ServiceJourney:1eb763c9accb2eb7a7a685ee08926db1,False,planned,False,,,,,2026-09-07T15:44:36.205822+02:00
NSR:StopPlace:59635,Hauketo stasjon,2026-09-07T12:05:00+02:00,2026-09-07T12:05:00+02:00,,0.0,0,Bjørndal,RUT:Line:77,Holmlia stasjon - Bjørndal,77,bus,RUT:ServiceJourney:684839e43e6dd045552ea976db525107,False,planned,False,,,,,2026-09-07T15:44:36.205822+02:00
NSR:StopPlace:59635,Hauketo stasjon,2026-09-07T12:07:00+02:00,2026-09-07T12:07:00+02:00,,0.0,0,Åsbråten,RUT:Line:79,Grorud T - Åsbråten,79,bus,RUT:ServiceJourney:1270f171753dc0fb16798e97cc1969c0,False,planned,False,,,,,2026-09-07T15:44:36.205822+02:00
NSR:StopPlace:59635,Hauketo stasjon,2026-09-07T12:07:00+02:00,2026-09-07T12:07:00+02:00,,0.0,0,Kolbotn,RUT:Line:87,Hauketo stasjon - Kolbotn,87,bus,RUT:ServiceJourney:e60c31857164f1da9a9cc6799b01cabd,False,planned,False,,,,,2026-09-07T15:44:36.205822+02:00
NSR:StopPlace:59635,Hauketo stasjon,2026-09-07T12:08:00+02:00,2026-09-07T12:08:00+02:00,,0.0,0,Filipstad,RUT:Line:81,Fornebu - Myrvoll stasjon,81,bus,RUT:ServiceJourney:98a4d86a66d1b1c67b702ce6d7f81421,False,planned,False,,,,,2026-09-07T15:44:36.205822+02:00
NSR:StopPlace:59635,Hauketo stasjon,2026-09-07T12:09:00+02:00,2026-09-07T12:09:00+02:00,,0.0,0,Holmlia stasjon,RUT:Line:73,Holmlia stasjon - Brenna,73,bus,RUT:ServiceJourney:b8e2807e27b4913220dd6805f6360423,False,planned,False,,,,,2026-09-07T15:44:36.205822+02:00
NSR:StopPlace:59635,Hauketo stasjon,2026-09-07T12:10:00+02:00,2026-09-07T12:10:00+02:00,,0.0,0,Holmlia stasjon,RUT:Line:77,Holmlia stasjon - Bjørndal,77,bus,RUT:ServiceJourney:5963b70a2f78b4c2f9b0289d65d96119,False,planned,False,,,,,2026-09-07T15:44:36.205822+02:00
NSR:StopPlace:59635,Hauketo stasjon,2026-09-07T12:12:00+02:00,2026-09-07T12:12:00+02:00,,0.0,0,Ski,VYG:Line:L2,Stabekk-Oslo S-Ski,L2,rail,VYG:ServiceJourney:2827-BES_488369-R,False,planned,False,,,,,2026-09-07T15:44:36.205822+02:00
NSR:StopPlace:59635,Hauketo stasjon,2026-09-07T12:13:00+02:00,2026-09-07T12:13:00+02:00,,0.0,0,Myrvoll stasjon,RUT:Line:81,Fornebu - Myrvoll stasjon,81,bus,RUT:ServiceJourney:7b2f0c410d3c860f5d0e7801a2b57650,False,planned,False,,,,,2026-09-07T15:44:36.205822+02:00
NSR:StopPlace:59635,Hauketo stasjon,2026-09-07T12:13:00+02:00,2026-09-07T12:13:00+02:00,,0.0,0,Ski stasjon,RUT:Line:515,Ski - Oslo,515,bus,RUT:ServiceJourney:a047654fb002fc5e6be92097eb02dc9c,False,planned,False,,,,,2026-09-07T15:44:36.205822+02:00
NSR:StopPlace:59635,Hauketo stasjon,2026-09-07T12:13:00+02:00,2026-09-07T12:13:00+02:00,,0.0,0,Grorud T,RUT:Line:79,Grorud T - Åsbråten,79,bus,RUT:ServiceJourney:8aa10acf3ae39164ec1119f85ddfc6f9,False,planned,False,,,,,2026-09-07T15:44:36.205822+02:00
NSR:StopPlace:59635,Hauketo stasjon,2026-09-07T12:17:00+02:00,2026-09-07T12:17:00+02:00,,0.0,0,Åsbråten,RUT:Line:79,Grorud T - Åsbråten,79,bus,RUT:ServiceJourney:49b68c9c509f864f87f3ec81d3f784e1,False,planned,False,,,,,2026-09-07T15:44:36.205822+02:00
NSR:StopPlace:59635,Hauketo stasjon,2026-09-07T12:17:00+02:00,2026-09-07T12:17:00+02:00,,0.0,0,Skøyen,VYG:Line:L2,Stabekk-Oslo S-Ski,L2,rail,VYG:ServiceJourney:2832-SKI_488375-R,False,planned,False,,,,,2026-09-07T15:44:36.205822+02:00
NSR:StopPlace:59635,Hauketo stasjon,2026-09-07T12:18:00+02:00,2026-09-07T12:18:00+02:00,,0.0,0,Filipstad,RUT:Line:81,Fornebu - Myrvoll stasjon,81,bus,RUT:ServiceJourney:50c4cbb750a75cb9bca38bd8dafb25f3,False,planned,False,,,,,2026-09-07T15:44:36.205822+02:00
NSR:StopPlace:59635,Hauketo stasjon,2026-09-07T12:18:00+02:00,2026-09-07T12:18:00+02:00,,0.0,0,Brenna,RUT:Line:73,Holmlia stasjon - Brenna,73,bus,RUT:ServiceJourney:46d554cb434a540cd9c414b64f62c411,False,planned,False,,,,,2026-09-07T15:44:36.205822+02:00
NSR:StopPlace:59635,Hauketo stasjon,2026-09-07T12:20:00+02:00,2026-09-07T12:20:00+02:00,,0.0,0,Bjørndal,RUT:Line:77,Holmlia stasjon - Bjørndal,77,bus,RUT:ServiceJourney:67459e8943bf828f981737d1262645c4,False,planned,False,,,,,2026-09-07T15:44:36.205822+02:00
NSR:StopPlace:59635,Hauketo stasjon,2026-09-07T12:23:00+02:00,2026-09-07T12:23:00+02:00,,0.0,0,Myrvoll stasjon,RUT:Line:81,Fornebu - Myrvoll stasjon,81,bus,RUT:ServiceJourney:5f95fe91d72aaeb895cb679ee6699351,False,planned,False,,,,,2026-09-07T15:44:36.205822+02:00
NSR:StopPlace:59635,Hauketo stasjon,2026-09-07T12:23:00+02:00,2026-09-07T12:23:00+02:00,,0.0,0,Grorud T,RUT:Line:79,Grorud T - Åsbråten,79,bus,RUT:ServiceJourney:30e1f6462715493feda49ca26f626c8e,False,planned,False,,,,,2026-09-07T15:44:36.205822+02:00
NSR:StopPlace:59635,Hauketo stasjon,2026-09-07T12:24:00+02:00,2026-09-07T12:24:00+02:00,,0.0,0,Holmlia stasjon,RUT:Line:73,Holmlia stasjon - Brenna,73,bus,RUT:ServiceJourney:f5f811a28cd22efbc9dc856e0b085b1c,False,planned,False,,,,,2026-09-07T15:44:36.205822+02:00
NSR:StopPlace:59635,Hauketo stasjon,2026-09-07T12:25:00+02:00,2026-09-07T12:25:00+02:00,,0.0,0,Holmlia stasjon,RUT:Line:77,Holmlia stasjon - Bjørndal,77,bus,RUT:ServiceJourney:2ef3752c72aab675db4105693272b59a,False,planned,False,,,,,2026-09-07T15:44:36.205822+02:00
NSR:StopPlace:59635,Hauketo stasjon,2026-09-07T12:27:00+02:00,2026-09-07T12:27:00+02:00,,0.0,0,Åsbråten,RUT:Line:79,Grorud T - Åsbråten,79,bus,RUT:ServiceJourney:e39bdc8ee66b53121ccfc5a4e20393e8,False,planned,False,,,,,2026-09-07T15:44:36.205822+02:00
NSR:StopPlace:59635,Hauketo stasjon,2026-09-07T12:27:00+02:00,2026-09-07T12:27:00+02:00,,0.0,0,Ski,VYG:Line:L2,Stabekk-Oslo S-Ski,L2,rail,VYG:ServiceJourney:2729-HVK_443936-R,False,planned,False,,,,,2026-09-07T15:44:36.205822+02:00
NSR:StopPlace:59635,Hauketo stasjon,2026-09-07T12:28:00+02:00,2026-09-07T12:28:00+02:00,,0.0,0,Filipstad,RUT:Line:81,Fornebu - Myrvoll stasjon,81,bus,RUT:ServiceJourney:b7b0481f714db8d942cf647afae56f37,False,planned,False,,,,,2026-09-07T15:44:36.205822+02:00
NSR:StopPlace:59635,Hauketo stasjon,2026-09-07T12:32:00+02:00,2026-09-07T12:32:00+02:00,,0.0,0,Stabekk,VYG:Line:L2,Stabekk-Oslo S-Ski,L2,rail,VYG:ServiceJourney:2734-SKI_443942-R,False,planned,False,,,,,2026-09-07T15:44:36.205822+02:00
NSR:StopPlace:59635,Hauketo stasjon,2026-09-07T12:33:00+02:00,2026-09-07T12:33:00+02:00,,0.0,0,Myrvoll stasjon,RUT:Line:81,Fornebu - Myrvoll stasjon,81,bus,RUT:ServiceJourney:c6f6fc07a4e7d0b69892f921ab057bee,False,planned,False,,,,,2026-09-07T15:44:36.205822+02:00
NSR:StopPlace:59635,Hauketo stasjon,2026-09-07T12:33:00+02:00,2026-09-07T12:33:00+02:00,,0.0,0,Grorud T,RUT:Line:79,Grorud T - Åsbråten,79,bus,RUT:ServiceJourney:edc932b838ec0d402c49da14720d0680,False,planned,False,,,,,2026-09-07T15:44:36.205822+02:00
NSR:StopPlace:59635,Hauketo stasjon,2026-09-07T12:33:00+02:00,2026-09-07T12:33:00+02:00,,0.0,0,Brenna,RUT:Line:73,Holmlia stasjon - Brenna,73,bus,RUT:ServiceJourney:93fdfa6b8bfb64b7c508d1d1438525ed,False,planned,False,,,,,2026-09-07T15:44:36.205822+02:00
NSR:StopPlace:59635,Hauketo stasjon,2026-09-07T12:35:00+02:00,2026-09-07T12:35:00+02:00,,0.0,0,Bjørndal,RUT:Line:77,Holmlia stasjon - Bjørndal,77,bus,RUT:ServiceJourney:064aa7b18e6dea154d45d5594e64568f,False,planned,False,,,,,2026-09-07T15:44:36.205822+02:00
NSR:StopPlace:59635,Hauketo stasjon,2026-09-07T12:37:00+02:00,2026-09-07T12:37:00+02:00,,0.0,0,Åsbråten,RUT:Line:79,Grorud T - Åsbråten,79,bus,RUT:ServiceJourney:57896fd90b8c0df8292ea75b551a6eef,False,planned,False,,,,,2026-09-07T15:44:36.205822+02:00
NSR:StopPlace:59635,Hauketo stasjon,2026-09-07T12:37:00+02:00,2026-09-07T12:37:00+02:00,,0.0,0,Kolbotn,RUT:Line:87,Hauketo stasjon - Kolbotn,87,bus,RUT:ServiceJourney:d531411a014016659ec47ab94ba16898,False,planned,False,,,,,2026-09-07T15:44:36.205822+02:00
NSR:StopPlace:59635,Hauketo stasjon,2026-09-07T12:38:00+02:00,2026-09-07T12:38:00+02:00,,0.0,0,Filipstad,RUT:Line:81,Fornebu - Myrvoll stasjon,81,bus,RUT:ServiceJourney:5a92fa9357075372b81cd2da213f5772,False,planned,False,,,,,2026-09-07T15:44:36.205822+02:00
NSR:StopPlace:59635,Hauketo stasjon,2026-09-07T12:39:00+02:00,2026-09-07T12:39:00+02:00,,0.0,0,Holmlia stasjon,RUT:Line:73,Holmlia stasjon - Brenna,73,bus,RUT:ServiceJourney:4b52a69e3eb4c375d69e56cae2248e2b,False,planned,False,,,,,2026-09-07T15:44:36.205822+02:00
NSR:StopPlace:59635,Hauketo stasjon,2026-09-07T12:40:00+02:00,2026-09-07T12:40:00+02:00,,0.0,0,Holmlia stasjon,RUT:Line:77,Holmlia stasjon - Bjørndal,77,bus,RUT:ServiceJourney:b0acc36d74882562a895eea6e20ecac1,False,planned,False,,,,,2026-09-07T15:44:36.205822+02:00
NSR:StopPlace:59635,Hauketo stasjon,2026-09-07T12:42:00+02:00,2026-09-07T12:42:00+02:00,,0.0,0,Ski,VYG:Line:L2,Stabekk-Oslo S-Ski,L2,rail,VYG:ServiceJourney:2829_444047-R,False,planned,False,,,,,2026-09-07T15:44:36.205822+02:00
NSR:StopPlace:59635,Hauketo stasjon,2026-09-07T12:43:00+02:00,2026-09-07T12:43:00+02:00,,0.0,0,Myrvoll stasjon,RUT:Line:81,Fornebu - Myrvoll stasjon,81,bus,RUT:ServiceJourney:cf169ab1268feae3b74e4790eaf3c1a6,False,planned,False,,,,,2026-09-07T15:44:36.205822+02:00
NSR:StopPlace:59636,Holmlia stasjon,2026-09-07T11:45:00+02:00,2026-09-07T11:45:00+02:00,,0.0,0,Oslo S,VYG:Line:L2,Stabekk-Oslo S-Ski,L2,rail,VYG:ServiceJourney:2830_444050-R,False,planned,False,,,,,2026-09-07T15:44:36.205822+02:00
NSR:StopPlace:59636,Holmlia stasjon,2026-09-07T11:45:00+02:00,2026-09-07T11:45:00+02:00,,0.0,0,Grorud T,RUT:Line:79,Grorud T - Åsbråten,79,bus,RUT:ServiceJourney:158d02a823b0ea35b5106c9c954979b3,False,planned,False,,,,,2026-09-07T15:44:36.205822+02:00
NSR:StopPlace:59636,Holmlia stasjon,2026-09-07T11:46:00+02:00,2026-09-07T11:46:00+02:00,,0.0,0,Bjørvika,RUT:Line:80,Jernbanetorget - Åsbråten,80E,bus,RUT:ServiceJourney:49e5903e342a66ae9c0820d952b10bbe,False,planned,False,Linje 80E og 83 får Hausmanns bru som ny endeholdeplass fra 29. juni,"Bussene stopper ikke på Jernbanetorget etter 29. juni, men starter og stopper på Hausmanns bru i Nylandsveien.",incident,normal,2026-09-07T15:44:36.205822+02:00
NSR:StopPlace:59636,Holmlia stasjon,2026-09-07T11:51:00+02:00,2026-09-07T11:51:00+02:00,,0.0,0,Krummedike,RUT:Line:2077,Holmlia stasjon - Asperudåsen,77B,bus,RUT:ServiceJourney:f87c57626152ec4de83fa1f269a38a9e,False,planned,False,,,,,2026-09-07T15:44:36.205822+02:00
NSR:StopPlace:59636,Holmlia stasjon,2026-09-07T11:54:00+02:00,2026-09-07T11:54:00+02:00,,0.0,0,Åsbråten,RUT:Line:79,Grorud T - Åsbråten,79,bus,RUT:ServiceJourney:e06b9ae81eccb19adfbafd0a5036ab3e,False,planned,False,,,,,2026-09-07T15:44:36.205822+02:00
NSR:StopPlace:59636,Holmlia stasjon,2026-09-07T11:55:00+02:00,2026-09-07T11:55:00+02:00,,0.0,0,Grorud T,RUT:Line:79,Grorud T - Åsbråten,79,bus,RUT:ServiceJourney:f623e85bc5dc52081517082e5d8442fd,False,planned,False,,,,,2026-09-07T15:44:36.205822+02:00
NSR:StopPlace:59636,Holmlia stasjon,2026-09-07T11:57:00+02:00,2026-09-07T11:57:00+02:00,,0.0,0,Krummedike,RUT:Line:2077,Holmlia stasjon - Asperudåsen,77B,bus,RUT:ServiceJourney:f87c57626152ec4de83fa1f269a38a9e,False,planned,False,,,,,2026-09-07T15:44:36.205822+02:00
NSR:StopPlace:59636,Holmlia stasjon,2026-09-07T11:57:00+02:00,2026-09-07T11:57:00+02:00,,0.0,0,Bjørndal,RUT:Line:77,Holmlia stasjon - Bjørndal,77,bus,RUT:ServiceJourney:684839e43e6dd045552ea976db525107,False,planned,False,,,,,2026-09-07T15:44:36.205822+02:00
NSR:StopPlace:59636,Holmlia stasjon,2026-09-07T11:59:00+02:00,2026-09-07T11:59:00+02:00,,0.0,0,Brenna,RUT:Line:73,Holmlia stasjon - Brenna,73,bus,RUT:ServiceJourney:1eb763c9accb2eb7a7a685ee08926db1,False,planned,False,,,,,2026-09-07T15:44:36.205822+02:00
NSR:StopPlace:59636,Holmlia stasjon,2026-09-07T11:59:00+02:00,2026-09-07T11:59:00+02:00,,0.0,0,Ski,VYG:Line:L2,Stabekk-Oslo S-Ski,L2,rail,VYG:ServiceJourney:2727-HVK_443934-R,False,planned,False,,,,,2026-09-07T15:44:36.205822+02:00
NSR:StopPlace:59636,Holmlia stasjon,2026-09-07T12:00:00+02:00,2026-09-07T12:00:00+02:00,,0.0,0,Stabekk,VYG:Line:L2,Stabekk-Oslo S-Ski,L2,rail,VYG:ServiceJourney:2732-SKI_443940-R,False,planned,False,,,,,2026-09-07T15:44:36.205822+02:00
NSR:StopPlace:59636,Holmlia stasjon,2026-09-07T12:04:00+02:00,2026-09-07T12:04:00+02:00,,0.0,0,Åsbråten,RUT:Line:79,Grorud T - Åsbråten,79,bus,RUT:ServiceJourney:bc037f82e2d6d55c750a5fc93450a8b6,False,planned,False,,,,,2026-09-07T15:44:36.205822+02:00
NSR:StopPlace:59636,Holmlia stasjon,2026-09-07T12:05:00+02:00,2026-09-07T12:05:00+02:00,,0.0,0,Grorud T,RUT:Line:79,Grorud T - Åsbråten,79,bus,RUT:ServiceJourney:8aa10acf3ae39164ec1119f85ddfc6f9,False,planned,False,,,,,2026-09-07T15:44:36.205822+02:00
NSR:StopPlace:59636,Holmlia stasjon,2026-09-07T12:06:00+02:00,2026-09-07T12:06:00+02:00,,0.0,0,Krummedike,RUT:Line:2077,Holmlia stasjon - Asperudåsen,77B,bus,RUT:ServiceJourney:abb7e34e53971bb6ae19a740ba64ff45,False,planned,False,,,,,2026-09-07T15:44:36.205822+02:00
NSR:StopPlace:59636,Holmlia stasjon,2026-09-07T12:12:00+02:00,2026-09-07T12:12:00+02:00,,0.0,0,Krummedike,RUT:Line:2077,Holmlia stasjon - Asperudåsen,77B,bus,RUT:ServiceJourney:abb7e34e53971bb6ae19a740ba64ff45,False,planned,False,,,,,2026-09-07T15:44:36.205822+02:00
NSR:StopPlace:59636,Holmlia stasjon,2026-09-07T12:12:00+02:00,2026-09-07T12:12:00+02:00,,0.0,0,Bjørndal,RUT:Line:77,Holmlia stasjon - Bjørndal,77,bus,RUT:ServiceJourney:67459e8943bf828f981737d1262645c4,False,planned,False,,,,,2026-09-07T15:44:36.205822+02:00
NSR:StopPlace:59636,Holmlia stasjon,2026-09-07T12:14:00+02:00,2026-09-07T12:14:00+02:00,,0.0,0,Brenna,RUT:Line:73,Holmlia stasjon - Brenna,73,bus,RUT:ServiceJourney:46d554cb434a540cd9c414b64f62c411,False,planned,False,,,,,2026-09-07T15:44:36.205822+02:00
NSR:StopPlace:59636,Holmlia stasjon,2026-09-07T12:14:00+02:00,2026-09-07T12:14:00+02:00,,0.0,0,Ski,VYG:Line:L2,Stabekk-Oslo S-Ski,L2,rail,VYG:ServiceJourney:2827-BES_488369-R,False,planned,False,,,,,2026-09-07T15:44:36.205822+02:00
NSR:StopPlace:59636,Holmlia stasjon,2026-09-07T12:14:00+02:00,2026-09-07T12:14:00+02:00,,0.0,0,Åsbråten,RUT:Line:79,Grorud T - Åsbråten,79,bus,RUT:ServiceJourney:1270f171753dc0fb16798e97cc1969c0,False,planned,False,,,,,2026-09-07T15:44:36.205822+02:00
NSR:StopPlace:59636,Holmlia stasjon,2026-09-07T12:15:00+02:00,2026-09-07T12:15:00+02:00,,0.0,0,Skøyen,VYG:Line:L2,Stabekk-Oslo S-Ski,L2,rail,VYG:ServiceJourney:2832-SKI_488375-R,False,planned,False,,,,,2026-09-07T15:44:36.205822+02:00
NSR:StopPlace:59636,Holmlia stasjon,2026-09-07T12:15:00+02:00,2026-09-07T12:15:00+02:00,,0.0,0,Grorud T,RUT:Line:79,Grorud T - Åsbråten,79,bus,RUT:ServiceJourney:30e1f6462715493feda49ca26f626c8e,False,planned,False,,,,,2026-09-07T15:44:36.205822+02:00
NSR:StopPlace:59636,Holmlia stasjon,2026-09-07T12:16:00+02:00,2026-09-07T12:16:00+02:00,,0.0,0,Bjørvika,RUT:Line:80,Jernbanetorget - Åsbråten,80E,bus,RUT:ServiceJourney:091ee4e25df4327cd82de54f58e88a1c,False,planned,False,Linje 80E og 83 får Hausmanns bru som ny endeholdeplass fra 29. juni,"Bussene stopper ikke på Jernbanetorget etter 29. juni, men starter og stopper på Hausmanns bru i Nylandsveien.",incident,normal,2026-09-07T15:44:36.205822+02:00
NSR:StopPlace:59636,Holmlia stasjon,2026-09-07T12:21:00+02:00,2026-09-07T12:21:00+02:00,,0.0,0,Krummedike,RUT:Line:2077,Holmlia stasjon - Asperudåsen,77B,bus,RUT:ServiceJourney:4f4ca79cc4ff9939bee20f0128b3faba,False,planned,False,,,,,2026-09-07T15:44:36.205822+02:00
NSR:StopPlace:59636,Holmlia stasjon,2026-09-07T12:24:00+02:00,2026-09-07T12:24:00+02:00,,0.0,0,Åsbråten,RUT:Line:79,Grorud T - Åsbråten,79,bus,RUT:ServiceJourney:49b68c9c509f864f87f3ec81d3f784e1,False,planned,False,,,,,2026-09-07T15:44:36.205822+02:00
NSR:StopPlace:59636,Holmlia stasjon,2026-09-07T12:25:00+02:00,2026-09-07T12:25:00+02:00,,0.0,0,Grorud T,RUT:Line:79,Grorud T - Åsbråten,79,bus,RUT:ServiceJourney:edc932b838ec0d402c49da14720d0680,False,planned,False,,,,,2026-09-07T15:44:36.205822+02:00
NSR:StopPlace:59636,Holmlia stasjon,2026-09-07T12:27:00+02:00,2026-09-07T12:27:00+02:00,,0.0,0,Krummedike,RUT:Line:2077,Holmlia stasjon - Asperudåsen,77B,bus,RUT:ServiceJourney:4f4ca79cc4ff9939bee20f0128b3faba,False,planned,False,,,,,2026-09-07T15:44:36.205822+02:00
NSR:StopPlace:59636,Holmlia stasjon,2026-09-07T12:27:00+02:00,2026-09-07T12:27:00+02:00,,0.0,0,Bjørndal,RUT:Line:77,Holmlia stasjon - Bjørndal,77,bus,RUT:ServiceJourney:064aa7b18e6dea154d45d5594e64568f,False,planned,False,,,,,2026-09-07T15:44:36.205822+02:00
NSR:StopPlace:59636,Holmlia stasjon,2026-09-07T12:29:00+02:00,2026-09-07T12:29:00+02:00,,0.0,0,Brenna,RUT:Line:73,Holmlia stasjon - Brenna,73,bus,RUT:ServiceJourney:93fdfa6b8bfb64b7c508d1d1438525ed,False,planned,False,,,,,2026-09-07T15:44:36.205822+02:00
NSR:StopPlace:59636,Holmlia stasjon,2026-09-07T12:29:00+02:00,2026-09-07T12:29:00+02:00,,0.0,0,Ski,VYG:Line:L2,Stabekk-Oslo S-Ski,L2,rail,VYG:ServiceJourney:2729-HVK_443936-R,False,planned,False,,,,,2026-09-07T15:44:36.205822+02:00
NSR:StopPlace:59636,Holmlia stasjon,2026-09-07T12:30:00+02:00,2026-09-07T12:30:00+02:00,,0.0,0,Stabekk,VYG:Line:L2,Stabekk-Oslo S-Ski,L2,rail,VYG:ServiceJourney:2734-SKI_443942-R,False,planned,False,,,,,2026-09-07T15:44:36.205822+02:00
NSR:StopPlace:59636,Holmlia stasjon,2026-09-07T12:34:00+02:00,2026-09-07T12:34:00+02:00,,0.0,0,Åsbråten,RUT:Line:79,Grorud T - Åsbråten,79,bus,RUT:ServiceJourney:e39bdc8ee66b53121ccfc5a4e20393e8,False,planned,False,,,,,2026-09-07T15:44:36.205822+02:00
NSR:StopPlace:59636,Holmlia stasjon,2026-09-07T12:35:00+02:00,2026-09-07T12:35:00+02:00,,0.0,0,Grorud T,RUT:Line:79,Grorud T - Åsbråten,79,bus,RUT:ServiceJourney:e85a046bc5ded4a8b1a25093e22a6f71,False,planned,False,,,,,2026-09-07T15:44:36.205822+02:00
NSR:StopPlace:59636,Holmlia stasjon,2026-09-07T12:36:00+02:00,2026-09-07T12:36:00+02:00,,0.0,0,Krummedike,RUT:Line:2077,Holmlia stasjon - Asperudåsen,77B,bus,RUT:ServiceJourney:569feccea51d8bb420d9619dc6d14291,False,planned,False,,,,,2026-09-07T15:44:36.205822+02:00
NSR:StopPlace:59636,Holmlia stasjon,2026-09-07T12:42:00+02:00,2026-09-07T12:42:00+02:00,,0.0,0,Krummedike,RUT:Line:2077,Holmlia stasjon - Asperudåsen,77B,bus,RUT:ServiceJourney:569feccea51d8bb420d9619dc6d14291,False,planned,False,,,,,2026-09-07T15:44:36.205822+02:00
NSR:StopPlace:59636,Holmlia stasjon,2026-09-07T12:42:00+02:00,2026-09-07T12:42:00+02:00,,0.0,0,Bjørndal,RUT:Line:77,Holmlia stasjon - Bjørndal,77,bus,RUT:ServiceJourney:88e89f722c48d4ce3cfbbfe42fb04ce8,False,planned,False,,,,,2026-09-07T15:44:36.205822+02:00
NSR:StopPlace:59636,Holmlia stasjon,2026-09-07T12:44:00+02:00,2026-09-07T12:44:00+02:00,,0.0,0,Brenna,RUT:Line:73,Holmlia stasjon - Brenna,73,bus,RUT:ServiceJourney:a201e805986276f6ee6add6d268d7d2f,False,planned,False,,,,,2026-09-07T15:44:36.205822+02:00
NSR:StopPlace:59636,Holmlia stasjon,2026-09-07T12:44:00+02:00,2026-09-07T12:44:00+02:00,,0.0,0,Ski,VYG:Line:L2,Stabekk-Oslo S-Ski,L2,rail,VYG:ServiceJourney:2829_444047-R,False,planned,False,,,,,2026-09-07T15:44:36.205822+02:00
NSR:StopPlace:59636,Holmlia stasjon,2026-09-07T12:44:00+02:00,2026-09-07T12:44:00+02:00,,0.0,0,Åsbråten,RUT:Line:79,Grorud T - Åsbråten,79,bus,RUT:ServiceJourney:57896fd90b8c0df8292ea75b551a6eef,False,planned,False,,,,,2026-09-07T15:44:36.205822+02:00
NSR:StopPlace:59636,Holmlia stasjon,2026-09-07T12:45:00+02:00,2026-09-07T12:45:00+02:00,,0.0,0,Oslo S,VYG:Line:L2,Stabekk-Oslo S-Ski,L2,rail,VYG:ServiceJourney:2834_444058-R,False,planned,False,,,,,2026-09-07T15:44:36.205822+02:00
NSR:StopPlace:59636,Holmlia stasjon,2026-09-07T12:45:00+02:00,2026-09-07T12:45:00+02:00,,0.0,0,Grorud T,RUT:Line:79,Grorud T - Åsbråten,79,bus,RUT:ServiceJourney:001c175d8d00c61e41f08fb11f57afea,False,planned,False,,,,,2026-09-07T15:44:36.205822+02:00
NSR:StopPlace:59636,Holmlia stasjon,2026-09-07T12:46:00+02:00,2026-09-07T12:46:00+02:00,,0.0,0,Bjørvika,RUT:Line:80,Jernbanetorget - Åsbråten,80E,bus,RUT:ServiceJourney:24f1398f40411aba330f9658051b0e45,False,planned,False,Linje 80E og 83 får Hausmanns bru som ny endeholdeplass fra 29. juni,"Bussene stopper ikke på Jernbanetorget etter 29. juni, men starter og stopper på Hausmanns bru i Nylandsveien.",incident,normal,2026-09-07T15:44:36.205822+02:00
NSR:StopPlace:59636,Holmlia stasjon,2026-09-07T12:51:00+02:00,2026-09-07T12:51:00+02:00,,0.0,0,Krummedike,RUT:Line:2077,Holmlia stasjon - Asperudåsen,77B,bus,RUT:ServiceJourney:a51d0a1e1e960a84e99b27a08af9fa2d,False,planned,False,,,,,2026-09-07T15:44:36.205822+02:00
NSR:StopPlace:59636,Holmlia stasjon,2026-09-07T12:54:00+02:00,2026-09-07T12:54:00+02:00,,0.0,0,Åsbråten,RUT:Line:79,Grorud T - Åsbråten,79,bus,RUT:ServiceJourney:7952ed3673a73f142116dda3a2abfa9d,False,planned,False,,,,,2026-09-07T15:44:36.205822+02:00
NSR:StopPlace:59636,Holmlia stasjon,2026-09-07T12:55:00+02:00,2026-09-07T12:55:00+02:00,,0.0,0,Grorud T,RUT:Line:79,Grorud T - Åsbråten,79,bus,RUT:ServiceJourney:a7e8db455c33c1deddd4210d43ad1df7,False,planned,False,,,,,2026-09-07T15:44:36.205822+02:00
NSR:StopPlace:59636,Holmlia stasjon,2026-09-07T12:57:00+02:00,2026-09-07T12:57:00+02:00,,0.0,0,Krummedike,RUT:Line:2077,Holmlia stasjon - Asperudåsen,77B,bus,RUT:ServiceJourney:a51d0a1e1e960a84e99b27a08af9fa2d,False,planned,False,,,,,2026-09-07T15:44:36.205822+02:00
NSR:StopPlace:59636,Holmlia stasjon,2026-09-07T12:57:00+02:00,2026-09-07T12:57:00+02:00,,0.0,0,Bjørndal,RUT:Line:77,Holmlia stasjon - Bjørndal,77,bus,RUT:ServiceJourney:1bed553a0f74e168a91c2dcf359f1829,False,planned,False,,,,,2026-09-07T15:44:36.205822+02:00
NSR:StopPlace:59636,Holmlia stasjon,2026-09-07T12:59:00+02:00,2026-09-07T12:59:00+02:00,,0.0,0,Brenna,RUT:Line:73,Holmlia stasjon - Brenna,73,bus,RUT:ServiceJourney:6e44993b793e8c7687868bfa43adac5a,False,planned,False,,,,,2026-09-07T15:44:36.205822+02:00
NSR:StopPlace:59636,Holmlia stasjon,2026-09-07T12:59:00+02:00,2026-09-07T12:59:00+02:00,,0.0,0,Ski,VYG:Line:L2,Stabekk-Oslo S-Ski,L2,rail,VYG:ServiceJourney:2731-HVK_443939-R,False,planned,False,,,,,2026-09-07T15:44:36.205822+02:00
NSR:StopPlace:59636,Holmlia stasjon,2026-09-07T13:00:00+02:00,2026-09-07T13:00:00+02:00,,0.0,0,Stabekk,VYG:Line:L2,Stabekk-Oslo S-Ski,L2,rail,VYG:ServiceJourney:2736-SKI_443944-R,False,planned,False,,,,,2026-09-07T15:44:36.205822+02:00
NSR:StopPlace:59636,Holmlia stasjon,2026-09-07T13:04:00+02:00,2026-09-07T13:04:00+02:00,,0.0,0,Åsbråten,RUT:Line:79,Grorud T - Åsbråten,79,bus,RUT:ServiceJourney:158c7fdccee9224d17bd4cd33265ba68,False,planned,False,,,,,2026-09-07T15:44:36.205822+02:00
NSR:StopPlace:59637,Rosenholm stasjon,2026-09-07T11:46:00+02:00,2026-09-07T11:46:00+02:00,,0.0,0,Ski,VYG:Line:L2,Stabekk-Oslo S-Ski,L2,rail,VYG:ServiceJourney:2825_444040-R,False,planned,False,,,,,2026-09-07T15:44:36.205822+02:00
NSR:StopPlace:59637,Rosenholm stasjon,2026-09-07T11:58:00+02:00,2026-09-07T11:58:00+02:00,,0.0,0,Stabekk,VYG:Line:L2,Stabekk-Oslo S-Ski,L2,rail,VYG:ServiceJourney:2732-SKI_443940-R,False,planned,False,,,,,2026-09-07T15:44:36.205822+02:00
NSR:StopPlace:59637,Rosenholm stasjon,2026-09-07T12:01:00+02:00,2026-09-07T12:01:00+02:00,,0.0,0,Ski,VYG:Line:L2,Stabekk-Oslo S-Ski,L2,rail,VYG:ServiceJourney:2727-HVK_443934-R,False,planned,False,,,,,2026-09-07T15:44:36.205822+02:00
NSR:StopPlace:59637,Rosenholm stasjon,2026-09-07T12:13:00+02:00,2026-09-07T12:13:00+02:00,,0.0,0,Skøyen,VYG:Line:L2,Stabekk-Oslo S-Ski,L2,rail,VYG:ServiceJourney:2832-SKI_488375-R,False,planned,False,,,,,2026-09-07T15:44:36.205822+02:00
NSR:StopPlace:59637,Rosenholm stasjon,2026-09-07T12:16:00+02:00,2026-09-07T12:16:00+02:00,,0.0,0,Ski,VYG:Line:L2,Stabekk-Oslo S-Ski,L2,rail,VYG:ServiceJourney:2827-BES_488369-R,False,planned,False,,,,,2026-09-07T15:44:36.205822+02:00
NSR:StopPlace:59637,Rosenholm stasjon,2026-09-07T12:28:00+02:00,2026-09-07T12:28:00+02:00,,0.0,0,Stabekk,VYG:Line:L2,Stabekk-Oslo S-Ski,L2,rail,VYG:ServiceJourney:2734-SKI_443942-R,False,planned,False,,,,,2026-09-07T15:44:36.205822+02:00
NSR:StopPlace:59637,Rosenholm stasjon,2026-09-07T12:31:00+02:00,2026-09-07T12:31:00+02:00,,0.0,0,Ski,VYG:Line:L2,Stabekk-Oslo S-Ski,L2,rail,VYG:ServiceJourney:2729-HVK_443936-R,False,planned,False,,,,,2026-09-07T15:44:36.205822+02:00
NSR:StopPlace:59637,Rosenholm stasjon,2026-09-07T12:43:00+02:00,2026-09-07T12:43:00+02:00,,0.0,0,Oslo S,VYG:Line:L2,Stabekk-Oslo S-Ski,L2,rail,VYG:ServiceJourney:2834_444058-R,False,planned,False,,,,,2026-09-07T15:44:36.205822+02:00
NSR:StopPlace:59637,Rosenholm stasjon,2026-09-07T12:46:00+02:00,2026-09-07T12:46:00+02:00,,0.0,0,Ski,VYG:Line:L2,Stabekk-Oslo S-Ski,L2,rail,VYG:ServiceJourney:2829_444047-R,False,planned,False,,,,,2026-09-07T15:44:36.205822+02:00
NSR:StopPlace:59637,Rosenholm stasjon,2026-09-07T12:58:00+02:00,2026-09-07T12:58:00+02:00,,0.0,0,Stabekk,VYG:Line:L2,Stabekk-Oslo S-Ski,L2,rail,VYG:ServiceJourney:2736-SKI_443944-R,False,planned,False,,,,,2026-09-07T15:44:36.205822+02:00
NSR:StopPlace:59637,Rosenholm stasjon,2026-09-07T13:01:00+02:00,2026-09-07T13:01:00+02:00,,0.0,0,Ski,VYG:Line:L2,Stabekk-Oslo S-Ski,L2,rail,VYG:ServiceJourney:2731-HVK_443939-R,False,planned,False,,,,,2026-09-07T15:44:36.205822+02:00
NSR:StopPlace:59637,Rosenholm stasjon,2026-09-07T13:13:00+02:00,2026-09-07T13:13:00+02:00,,0.0,0,Skøyen,VYG:Line:L2,Stabekk-Oslo S-Ski,L2,rail,VYG:ServiceJourney:2836-SKI_488379-R,False,planned,False,,,,,2026-09-07T15:44:36.205822+02:00
NSR:StopPlace:59637,Rosenholm stasjon,2026-09-07T13:16:00+02:00,2026-09-07T13:16:00+02:00,,0.0,0,Ski,VYG:Line:L2,Stabekk-Oslo S-Ski,L2,rail,VYG:ServiceJourney:2831-BES_488373-R,False,planned,False,,,,,2026-09-07T15:44:36.205822+02:00
NSR:StopPlace:59637,Rosenholm stasjon,2026-09-07T13:28:00+02:00,2026-09-07T13:28:00+02:00,,0.0,0,Stabekk,VYG:Line:L2,Stabekk-Oslo S-Ski,L2,rail,VYG:ServiceJourney:2738-SKI_443946-R,False,planned,False,,,,,2026-09-07T15:44:36.205822+02:00
NSR:StopPlace:59637,Rosenholm stasjon,2026-09-07T13:31:00+02:00,2026-09-07T13:31:00+02:00,,0.0,0,Ski,VYG:Line:L2,Stabekk-Oslo S-Ski,L2,rail,VYG:ServiceJourney:2733-HVK_443941-R,False,planned,False,,,,,2026-09-07T15:44:36.205822+02:00
NSR:StopPlace:59637,Rosenholm stasjon,2026-09-07T13:43:00+02:00,2026-09-07T13:43:00+02:00,,0.0,0,Oslo S,VYG:Line:L2,Stabekk-Oslo S-Ski,L2,rail,VYG:ServiceJourney:2838_444066-R,False,planned,False,,,,,2026-09-07T15:44:36.205822+02:00
NSR:StopPlace:59637,Rosenholm stasjon,2026-09-07T13:46:00+02:00,2026-09-07T13:46:00+02:00,,0.0,0,Ski,VYG:Line:L2,Stabekk-Oslo S-Ski,L2,rail,VYG:ServiceJourney:2833_444056-R,False,planned,False,Færre vogner,Denne avgangen kjører dessverre med 3 vogner i stedet for 6 vogner. Dette skyldes at vi mangler et togsett.,general,normal,2026-09-07T15:44:36.205822+02:00
NSR:StopPlace:59637,Rosenholm stasjon,2026-09-07T13:58:00+02:00,2026-09-07T13:58:00+02:00,,0.0,0,Stabekk,VYG:Line:L2,Stabekk-Oslo S-Ski,L2,rail,VYG:ServiceJourney:2740-SKI_443950-R,False,planned,False,Færre vogner,Denne avgangen kjører dessverre med 3 vogner i stedet for 6 vogner. Dette skyldes at vi mangler et togsett.,general,normal,2026-09-07T15:44:36.205822+02:00
NSR:StopPlace:59637,Rosenholm stasjon,2026-09-07T14:01:00+02:00,2026-09-07T14:01:00+02:00,,0.0,0,Ski,VYG:Line:L2,Stabekk-Oslo S-Ski,L2,rail,VYG:ServiceJourney:2735-HVK_443943-R,False,planned,False,,,,,2026-09-07T15:44:36.205822+02:00
NSR:StopPlace:59637,Rosenholm stasjon,2026-09-07T14:13:00+02:00,2026-09-07T14:13:00+02:00,,0.0,0,Skøyen,VYG:Line:L2,Stabekk-Oslo S-Ski,L2,rail,VYG:ServiceJourney:2840-SKI_488383-R,False,planned,False,,,,,2026-09-07T15:44:36.205822+02:00
NSR:StopPlace:59637,Rosenholm stasjon,2026-09-07T14:16:00+02:00,2026-09-07T14:16:00+02:00,,0.0,0,Ski,VYG:Line:L2,Stabekk-Oslo S-Ski,L2,rail,VYG:ServiceJourney:2835-BES_488377-R,False,planned,False,,,,,2026-09-07T15:44:36.205822+02:00
NSR:StopPlace:59637,Rosenholm stasjon,2026-09-07T14:31:00+02:00,2026-09-07T14:31:00+02:00,,0.0,0,Ski,VYG:Line:L2,Stabekk-Oslo S-Ski,L2,rail,VYG:ServiceJourney:2737-HVK_443945-R,False,planned,False,,,,,2026-09-07T15:44:36.205822+02:00
NSR:StopPlace:59637,Rosenholm stasjon,2026-09-07T14:46:00+02:00,2026-09-07T14:46:00+02:00,,0.0,0,Ski,VYG:Line:L2,Stabekk-Oslo S-Ski,L2,rail,VYG:ServiceJourney:2837_444064-R,False,planned,False,,,,,2026-09-07T15:44:36.205822+02:00
NSR:StopPlace:59638,Myrvoll stasjon,2026-09-07T11:45:00+02:00,2026-09-07T11:45:00+02:00,,0.0,0,Filipstad,RUT:Line:81,Fornebu - Myrvoll stasjon,81,bus,RUT:ServiceJourney:98a4d86a66d1b1c67b702ce6d7f81421,False,planned,False,,,,,2026-09-07T15:44:36.205822+02:00
NSR:StopPlace:59638,Myrvoll stasjon,2026-09-07T11:51:00+02:00,2026-09-07T11:51:00+02:00,,0.0,0,Stabekk,VYG:Line:L2,Stabekk-Oslo S-Ski,L2,rail,VYG:ServiceJourney:2732-SKI_443940-R,False,planned,False,,,,,2026-09-07T15:44:36.205822+02:00
NSR:StopPlace:59638,Myrvoll stasjon,2026-09-07T11:53:00+02:00,2026-09-07T11:53:00+02:00,,0.0,0,Ski,VYG:Line:L2,Stabekk-Oslo S-Ski,L2,rail,VYG:ServiceJourney:2825_444040-R,False,planned,False,,,,,2026-09-07T15:44:36.205822+02:00
NSR:StopPlace:59638,Myrvoll stasjon,2026-09-07T11:55:00+02:00,2026-09-07T11:55:00+02:00,,0.0,0,Filipstad,RUT:Line:81,Fornebu - Myrvoll stasjon,81,bus,RUT:ServiceJourney:50c4cbb750a75cb9bca38bd8dafb25f3,False,planned,False,,,,,2026-09-07T15:44:36.205822+02:00
NSR:StopPlace:59638,Myrvoll stasjon,2026-09-07T11:56:00+02:00,2026-09-07T11:56:00+02:00,,0.0,0,Ski stasjon,RUT:Line:580,Kolbotn - Ski,580,bus,RUT:ServiceJourney:89c7cbfafea49741bc18cb6e44cdcc46,False,planned,False,,,,,2026-09-07T15:44:36.205822+02:00
NSR:StopPlace:59638,Myrvoll stasjon,2026-09-07T12:05:00+02:00,2026-09-07T12:05:00+02:00,,0.0,0,Filipstad,RUT:Line:81,Fornebu - Myrvoll stasjon,81,bus,RUT:ServiceJourney:b7b0481f714db8d942cf647afae56f37,False,planned,False,,,,,2026-09-07T15:44:36.205822+02:00
NSR:StopPlace:59638,Myrvoll stasjon,2026-09-07T12:06:00+02:00,2026-09-07T12:06:00+02:00,,0.0,0,Skøyen,VYG:Line:L2,Stabekk-Oslo S-Ski,L2,rail,VYG:ServiceJourney:2832-SKI_488375-R,False,planned,False,,,,,2026-09-07T15:44:36.205822+02:00
NSR:StopPlace:59638,Myrvoll stasjon,2026-09-07T12:07:00+02:00,2026-09-07T12:07:00+02:00,,0.0,0,Kolbotn torg,RUT:Line:580,Kolbotn - Ski,580,bus,RUT:ServiceJourney:3dc414e96b2f46c379e4d25f97b57696,False,planned,False,,,,,2026-09-07T15:44:36.205822+02:00
NSR:StopPlace:59638,Myrvoll stasjon,2026-09-07T12:08:00+02:00,2026-09-07T12:08:00+02:00,,0.0,0,Ski,VYG:Line:L2,Stabekk-Oslo S-Ski,L2,rail,VYG:ServiceJourney:2727-HVK_443934-R,False,planned,False,,,,,2026-09-07T15:44:36.205822+02:00
NSR:StopPlace:59638,Myrvoll stasjon,2026-09-07T12:15:00+02:00,2026-09-07T12:15:00+02:00,,0.0,0,Filipstad,RUT:Line:81,Fornebu - Myrvoll stasjon,81,bus,RUT:ServiceJourney:5a92fa9357075372b81cd2da213f5772,False,planned,False,,,,,2026-09-07T15:44:36.205822+02:00
NSR:StopPlace:59638,Myrvoll stasjon,2026-09-07T12:21:00+02:00,2026-09-07T12:21:00+02:00,,0.0,0,Stabekk,VYG:Line:L2,Stabekk-Oslo S-Ski,L2,rail,VYG:ServiceJourney:2734-SKI_443942-R,False,planned,False,,,,,2026-09-07T15:44:36.205822+02:00
NSR:StopPlace:59638,Myrvoll stasjon,2026-09-07T12:23:00+02:00,2026-09-07T12:23:00+02:00,,0.0,0,Ski,VYG:Line:L2,Stabekk-Oslo S-Ski,L2,rail,VYG:ServiceJourney:2827-BES_488369-R,False,planned,False,,,,,2026-09-07T15:44:36.205822+02:00
NSR:StopPlace:59638,Myrvoll stasjon,2026-09-07T12:25:00+02:00,2026-09-07T12:25:00+02:00,,0.0,0,Filipstad,RUT:Line:81,Fornebu - Myrvoll stasjon,81,bus,RUT:ServiceJourney:1570b3f7cc3a5f35c5c7f008a3b09a45,False,planned,False,,,,,2026-09-07T15:44:36.205822+02:00
NSR:StopPlace:59638,Myrvoll stasjon,2026-09-07T12:26:00+02:00,2026-09-07T12:26:00+02:00,,0.0,0,Ski stasjon,RUT:Line:580,Kolbotn - Ski,580,bus,RUT:ServiceJourney:62261e7d6df7948dce059876a7964e3a,False,planned,False,,,,,2026-09-07T15:44:36.205822+02:00
NSR:StopPlace:59638,Myrvoll stasjon,2026-09-07T12:35:00+02:00,2026-09-07T12:35:00+02:00,,0.0,0,Filipstad,RUT:Line:81,Fornebu - Myrvoll stasjon,81,bus,RUT:ServiceJourney:56988b215d2c4bcccd3397e986aeca30,False,planned,False,,,,,2026-09-07T15:44:36.205822+02:00
NSR:StopPlace:59638,Myrvoll stasjon,2026-09-07T12:36:00+02:00,2026-09-07T12:36:00+02:00,,0.0,0,Oslo S,VYG:Line:L2,Stabekk-Oslo S-Ski,L2,rail,VYG:ServiceJourney:2834_444058-R,False,planned,False,,,,,2026-09-07T15:44:36.205822+02:00
NSR:StopPlace:59638,Myrvoll stasjon,2026-09-07T12:37:00+02:00,2026-09-07T12:37:00+02:00,,0.0,0,Kolbotn torg,RUT:Line:580,Kolbotn - Ski,580,bus,RUT:ServiceJourney:45548e4f95f77a52f40a7416dd9098c7,False,planned,False,,,,,2026-09-07T15:44:36.205822+02:00
NSR:StopPlace:59638,Myrvoll stasjon,2026-09-07T12:38:00+02:00,2026-09-07T12:38:00+02:00,,0.0,0,Ski,VYG:Line:L2,Stabekk-Oslo S-Ski,L2,rail,VYG:ServiceJourney:2729-HVK_443936-R,False,planned,False,,,,,2026-09-07T15:44:36.205822+02:00
NSR:StopPlace:59638,Myrvoll stasjon,2026-09-07T12:45:00+02:00,2026-09-07T12:45:00+02:00,,0.0,0,Filipstad,RUT:Line:81,Fornebu - Myrvoll stasjon,81,bus,RUT:ServiceJourney:2e4760288ef99562cfec1729eec1e553,False,planned,False,,,,,2026-09-07T15:44:36.205822+02:00
NSR:StopPlace:59638,Myrvoll stasjon,2026-09-07T12:51:00+02:00,2026-09-07T12:51:00+02:00,,0.0,0,Stabekk,VYG:Line:L2,Stabekk-Oslo S-Ski,L2,rail,VYG:ServiceJourney:2736-SKI_443944-R,False,planned,False,,,,,2026-09-07T15:44:36.205822+02:00
NSR:StopPlace:59638,Myrvoll stasjon,2026-09-07T12:53:00+02:00,2026-09-07T12:53:00+02:00,,0.0,0,Ski,VYG:Line:L2,Stabekk-Oslo S-Ski,L2,rail,VYG:ServiceJourney:2829_444047-R,False,planned,False,,,,,2026-09-07T15:44:36.205822+02:00
NSR:StopPlace:59638,Myrvoll stasjon,2026-09-07T12:55:00+02:00,2026-09-07T12:55:00+02:00,,0.0,0,Filipstad,RUT:Line:81,Fornebu - Myrvoll stasjon,81,bus,RUT:ServiceJourney:6d78c94b43b1c791a3c457c5d1e5bcfc,False,planned,False,,,,,2026-09-07T15:44:36.205822+02:00
NSR:StopPlace:59638,Myrvoll stasjon,2026-09-07T12:56:00+02:00,2026-09-07T12:56:00+02:00,,0.0,0,Ski stasjon,RUT:Line:580,Kolbotn - Ski,580,bus,RUT:ServiceJourney:fc2c9ac8be065f98da3a34daf33dc90e,False,planned,False,,,,,2026-09-07T15:44:36.205822+02:00
NSR:StopPlace:59638,Myrvoll stasjon,2026-09-07T13:05:00+02:00,2026-09-07T13:05:00+02:00,,0.0,0,Filipstad,RUT:Line:81,Fornebu - Myrvoll stasjon,81,bus,RUT:ServiceJourney:1385caa7d7aabf440e46ff587c654dea,False,planned,False,,,,,2026-09-07T15:44:36.205822+02:00
NSR:StopPlace:59638,Myrvoll stasjon,2026-09-07T13:06:00+02:00,2026-09-07T13:06:00+02:00,,0.0,0,Skøyen,VYG:Line:L2,Stabekk-Oslo S-Ski,L2,rail,VYG:ServiceJourney:2836-SKI_488379-R,False,planned,False,,,,,2026-09-07T15:44:36.205822+02:00
NSR:StopPlace:59638,Myrvoll stasjon,2026-09-07T13:07:00+02:00,2026-09-07T13:07:00+02:00,,0.0,0,Kolbotn torg,RUT:Line:580,Kolbotn - Ski,580,bus,RUT:ServiceJourney:20109e063c02c6134307306c2137b9f9,False,planned,False,,,,,2026-09-07T15:44:36.205822+02:00
NSR:StopPlace:59638,Myrvoll stasjon,2026-09-07T13:08:00+02:00,2026-09-07T13:08:00+02:00,,0.0,0,Ski,VYG:Line:L2,Stabekk-Oslo S-Ski,L2,rail,VYG:ServiceJourney:2731-HVK_443939-R,False,planned,False,,,,,2026-09-07T15:44:36.205822+02:00
NSR:StopPlace:59638,Myrvoll stasjon,2026-09-07T13:15:00+02:00,2026-09-07T13:15:00+02:00,,0.0,0,Fornebu,RUT:Line:81,Fornebu - Myrvoll stasjon,81,bus,RUT:ServiceJourney:cf40364366e390e4069520a151b117b1,False,planned,False,,,,,2026-09-07T15:44:36.205822+02:00
NSR:StopPlace:59638,Myrvoll stasjon,2026-09-07T13:21:00+02:00,2026-09-07T13:21:00+02:00,,0.0,0,Stabekk,VYG:Line:L2,Stabekk-Oslo S-Ski,L2,rail,VYG:ServiceJourney:2738-SKI_443946-R,False,planned,False,,,,,2026-09-07T15:44:36.205822+02:00
NSR:StopPlace:59638,Myrvoll stasjon,2026-09-07T13:23:00+02:00,2026-09-07T13:23:00+02:00,,0.0,0,Ski,VYG:Line:L2,Stabekk-Oslo S-Ski,L2,rail,VYG:ServiceJourney:2831-BES_488373-R,False,planned,False,,,,,2026-09-07T15:44:36.205822+02:00
NSR:StopPlace:59638,Myrvoll stasjon,2026-09-07T13:25:00+02:00,2026-09-07T13:25:00+02:00,,0.0,0,Fornebu,RUT:Line:81,Fornebu - Myrvoll stasjon,81,bus,RUT:ServiceJourney:c5679c72fd11b19a0a4deaee0179b124,False,planned,False,,,,,2026-09-07T15:44:36.205822+02:00
NSR:StopPlace:59638,Myrvoll stasjon,2026-09-07T13:26:00+02:00,2026-09-07T13:26:00+02:00,,0.0,0,Ski stasjon,RUT:Line:580,Kolbotn - Ski,580,bus,RUT:ServiceJourney:6b35e19a79c9ebd213a7c66d633634e8,False,planned,False,,,,,2026-09-07T15:44:36.205822+02:00
NSR:StopPlace:59638,Myrvoll stasjon,2026-09-07T13:35:00+02:00,2026-09-07T13:35:00+02:00,,0.0,0,Fornebu,RUT:Line:81,Fornebu - Myrvoll stasjon,81,bus,RUT:ServiceJourney:221e91222a7ddab44dccf09de65e581b,False,planned,False,,,,,2026-09-07T15:44:36.205822+02:00
NSR:StopPlace:59638,Myrvoll stasjon,2026-09-07T13:36:00+02:00,2026-09-07T13:36:00+02:00,,0.0,0,Oslo S,VYG:Line:L2,Stabekk-Oslo S-Ski,L2,rail,VYG:ServiceJourney:2838_444066-R,False,planned,False,,,,,2026-09-07T15:44:36.205822+02:00
NSR:StopPlace:59638,Myrvoll stasjon,2026-09-07T13:37:00+02:00,2026-09-07T13:37:00+02:00,,0.0,0,Kolbotn torg,RUT:Line:580,Kolbotn - Ski,580,bus,RUT:ServiceJourney:e9d00b62dd2ca0ec3e65a33a86e40740,False,planned,False,,,,,2026-09-07T15:44:36.205822+02:00
NSR:StopPlace:59638,Myrvoll stasjon,2026-09-07T13:38:00+02:00,2026-09-07T13:38:00+02:00,,0.0,0,Ski,VYG:Line:L2,Stabekk-Oslo S-Ski,L2,rail,VYG:ServiceJourney:2733-HVK_443941-R,False,planned,False,,,,,2026-09-07T15:44:36.205822+02:00
NSR:StopPlace:59638,Myrvoll stasjon,2026-09-07T13:51:00+02:00,2026-09-07T13:51:00+02:00,,0.0,0,Stabekk,VYG:Line:L2,Stabekk-Oslo S-Ski,L2,rail,VYG:ServiceJourney:2740-SKI_443950-R,False,planned,False,Færre vogner,Denne avgangen kjører dessverre med 3 vogner i stedet for 6 vogner. Dette skyldes at vi mangler et togsett.,general,normal,2026-09-07T15:44:36.205822+02:00
NSR:StopPlace:59638,Myrvoll stasjon,2026-09-07T13:53:00+02:00,2026-09-07T13:53:00+02:00,,0.0,0,Ski,VYG:Line:L2,Stabekk-Oslo S-Ski,L2,rail,VYG:ServiceJourney:2833_444056-R,False,planned,False,Færre vogner,Denne avgangen kjører dessverre med 3 vogner i stedet for 6 vogner. Dette skyldes at vi mangler et togsett.,general,normal,2026-09-07T15:44:36.205822+02:00
NSR:StopPlace:59638,Myrvoll stasjon,2026-09-07T13:56:00+02:00,2026-09-07T13:56:00+02:00,,0.0,0,Ski stasjon,RUT:Line:580,Kolbotn - Ski,580,bus,RUT:ServiceJourney:fa1030c40b08c0d860bbf8c1e87ea92d,False,planned,False,,,,,2026-09-07T15:44:36.205822+02:00
NSR:StopPlace:59638,Myrvoll stasjon,2026-09-07T14:06:00+02:00,2026-09-07T14:06:00+02:00,,0.0,0,Skøyen,VYG:Line:L2,Stabekk-Oslo S-Ski,L2,rail,VYG:ServiceJourney:2840-SKI_488383-R,False,planned,False,,,,,2026-09-07T15:44:36.205822+02:00
NSR:StopPlace:59638,Myrvoll stasjon,2026-09-07T14:07:00+02:00,2026-09-07T14:07:00+02:00,,0.0,0,Kolbotn torg,RUT:Line:580,Kolbotn - Ski,580,bus,RUT:ServiceJourney:b7b8faf4ade1db6df961453d295df4af,False,planned,False,,,,,2026-09-07T15:44:36.205822+02:00
NSR:StopPlace:59638,Myrvoll stasjon,2026-09-07T14:08:00+02:00,2026-09-07T14:08:00+02:00,,0.0,0,Ski,VYG:Line:L2,Stabekk-Oslo S-Ski,L2,rail,VYG:ServiceJourney:2735-HVK_443943-R,False,planned,False,,,,,2026-09-07T15:44:36.205822+02:00
NSR:StopPlace:59638,Myrvoll stasjon,2026-09-07T14:23:00+02:00,2026-09-07T14:23:00+02:00,,0.0,0,Ski,VYG:Line:L2,Stabekk-Oslo S-Ski,L2,rail,VYG:ServiceJourney:2835-BES_488377-R,False,planned,False,,,,,2026-09-07T15:44:36.205822+02:00
NSR:StopPlace:59638,Myrvoll stasjon,2026-09-07T14:26:00+02:00,2026-09-07T14:26:00+02:00,,0.0,0,Ski stasjon,RUT:Line:580,Kolbotn - Ski,580,bus,RUT:ServiceJourney:573bf0f5d4ce9ea37dd85c8f22ce2ebf,False,planned,False,,,,,2026-09-07T15:44:36.205822+02:00
NSR:StopPlace:59639,Sonsveien stasjon,2026-09-07T11:51:00+02:00,2026-09-07T11:51:00+02:00,,0.0,0,Moss,VYG:Line:R21,Stabekk-Oslo S-Moss,R21,rail,VYG:ServiceJourney:1125-HVK_443001-R,False,planned,False,,,,,2026-09-07T15:44:36.205822+02:00
NSR:StopPlace:59639,Sonsveien stasjon,2026-09-07T11:55:00+02:00,2026-09-07T11:55:00+02:00,,0.0,0,Deør - Son - Store Brevik,RUT:Line:3545,Son mot klokka,545B,bus,RUT:ServiceJourney:9f0873fa6ad2521c94e6a368f6f991c5,False,planned,False,,,,,2026-09-07T15:44:36.205822+02:00
NSR:StopPlace:59639,Sonsveien stasjon,2026-09-07T12:04:00+02:00,2026-09-07T12:04:00+02:00,,0.0,0,Stabekk,VYG:Line:R21,Stabekk-Oslo S-Moss,R21,rail,VYG:ServiceJourney:1132-MOS_443009-R,False,planned,False,,,,,2026-09-07T15:44:36.205822+02:00
NSR:StopPlace:59639,Sonsveien stasjon,2026-09-07T12:09:00+02:00,2026-09-07T12:09:00+02:00,,0.0,0,Moss,RUT:Line:540,Moss - Son - Vestby stasjon,540,bus,RUT:ServiceJourney:6363bcc9a7dcc149848a1d9d52f94f37,False,planned,False,,,,,2026-09-07T15:44:36.205822+02:00
NSR:StopPlace:59639,Sonsveien stasjon,2026-09-07T12:12:00+02:00,2026-09-07T12:12:00+02:00,,0.0,0,Vestby stasjon,RUT:Line:540,Moss - Son - Vestby stasjon,540,bus,RUT:ServiceJourney:ae36ff42a89034880b8e018c0031ef8d,False,planned,False,,,,,2026-09-07T15:44:36.205822+02:00
NSR:StopPlace:59639,Sonsveien stasjon,2026-09-07T12:20:00+02:00,2026-09-07T12:20:00+02:00,,0.0,0,Oslo lufthavn,VYX:Line:56,FB11 Fredrikstad-Oslo Lufthavn (OSL),FB11,bus,VYX:ServiceJourney:88b34dc57b6e36dccd31297859fe3bfe305ab3d4,False,planned,False,Forhåndsbestilling FB11,Billett må kjøpes på nett eller app senest 15 minutter før påstigning for at bussen skal kjøre innom holdeplassen. Ruter-billett er ikke gyldig. ,general,normal,2026-09-07T15:44:36.205822+02:00
NSR:StopPlace:59639,Sonsveien stasjon,2026-09-07T12:21:00+02:00,2026-09-07T12:21:00+02:00,,0.0,0,Moss,VYG:Line:R21,Stabekk-Oslo S-Moss,R21,rail,VYG:ServiceJourney:1127-HVK_443003-R,False,planned,False,,,,,2026-09-07T15:44:36.205822+02:00
NSR:StopPlace:59639,Sonsveien stasjon,2026-09-07T12:25:00+02:00,2026-09-07T12:25:00+02:00,,0.0,0,Store Brevik - Son - Deør,RUT:Line:2545,Son med klokka,545A,bus,RUT:ServiceJourney:6656a386bca78c6e18b4a62aba603320,False,planned,False,,,,,2026-09-07T15:44:36.205822+02:00
NSR:StopPlace:59639,Sonsveien stasjon,2026-09-07T12:34:00+02:00,2026-09-07T12:34:00+02:00,,0.0,0,Stabekk,VYG:Line:R21,Stabekk-Oslo S-Moss,R21,rail,VYG:ServiceJourney:1134-MOS_443011-R,False,planned,False,,,,,2026-09-07T15:44:36.205822+02:00
NSR:StopPlace:59639,Sonsveien stasjon,2026-09-07T12:42:00+02:00,2026-09-07T12:42:00+02:00,,0.0,0,Vestby stasjon,RUT:Line:540,Moss - Son - Vestby stasjon,540,bus,RUT:ServiceJourney:d4990ebbc835cbd1dcb5ec48419e7efd,False,planned,False,,,,,2026-09-07T15:44:36.205822+02:00
NSR:StopPlace:59639,Sonsveien stasjon,2026-09-07T12:51:00+02:00,2026-09-07T12:51:00+02:00,,0.0,0,Moss,VYG:Line:R21,Stabekk-Oslo S-Moss,R21,rail,VYG:ServiceJourney:1129-HVK_443005-R,False,planned,False,,,,,2026-09-07T15:44:36.205822+02:00
NSR:StopPlace:59639,Sonsveien stasjon,2026-09-07T12:55:00+02:00,2026-09-07T12:55:00+02:00,,0.0,0,Deør - Son - Store Brevik,RUT:Line:3545,Son mot klokka,545B,bus,RUT:ServiceJourney:eb9633487eb40f4ed75a8279bea75471,False,planned,False,,,,,2026-09-07T15:44:36.205822+02:00
NSR:StopPlace:59639,Sonsveien stasjon,2026-09-07T13:04:00+02:00,2026-09-07T13:04:00+02:00,,0.0,0,Stabekk,VYG:Line:R21,Stabekk-Oslo S-Moss,R21,rail,VYG:ServiceJourney:1136-MOS_443013-R,False,planned,False,,,,,2026-09-07T15:44:36.205822+02:00
NSR:StopPlace:59639,Sonsveien stasjon,2026-09-07T13:09:00+02:00,2026-09-07T13:09:00+02:00,,0.0,0,Moss,RUT:Line:540,Moss - Son - Vestby stasjon,540,bus,RUT:ServiceJourney:b4905e0924ab01abfea09ecae5ff7811,False,planned,False,,,,,2026-09-07T15:44:36.205822+02:00
NSR:StopPlace:59639,Sonsveien stasjon,2026-09-07T13:12:00+02:00,2026-09-07T13:12:00+02:00,,0.0,0,Vestby stasjon,RUT:Line:540,Moss - Son - Vestby stasjon,540,bus,RUT:ServiceJourney:e99bfb0408e36068590b0f7249ec31c2,False,planned,False,,,,,2026-09-07T15:44:36.205822+02:00
NSR:StopPlace:59639,Sonsveien stasjon,2026-09-07T13:12:00+02:00,2026-09-07T13:12:00+02:00,,0.0,0,Vestby stasjon,RUT:Line:540,Moss - Son - Vestby stasjon,540,bus,RUT:ServiceJourney:e0c2511685d00558c8ebc8bf2d9fd875,False,planned,False,,,,,2026-09-07T15:44:36.205822+02:00
NSR:StopPlace:59639,Sonsveien stasjon,2026-09-07T13:20:00+02:00,2026-09-07T13:20:00+02:00,,0.0,0,Oslo lufthavn,VYX:Line:56,FB11 Fredrikstad-Oslo Lufthavn (OSL),FB11,bus,VYX:ServiceJourney:4453be7c6f7a138c1855a2349dea8155dc89c9bf,False,planned,False,Forhåndsbestilling FB11,Billett må kjøpes på nett eller app senest 15 minutter før påstigning for at bussen skal kjøre innom holdeplassen. Ruter-billett er ikke gyldig. ,general,normal,2026-09-07T15:44:36.205822+02:00
NSR:StopPlace:59639,Sonsveien stasjon,2026-09-07T13:21:00+02:00,2026-09-07T13:21:00+02:00,,0.0,0,Moss,VYG:Line:R21,Stabekk-Oslo S-Moss,R21,rail,VYG:ServiceJourney:1131-HVK_443008-R,False,planned,False,,,,,2026-09-07T15:44:36.205822+02:00
NSR:StopPlace:59639,Sonsveien stasjon,2026-09-07T13:25:00+02:00,2026-09-07T13:25:00+02:00,,0.0,0,Store Brevik - Son - Deør,RUT:Line:2545,Son med klokka,545A,bus,RUT:ServiceJourney:417a449720853794a3757353563e69e5,False,planned,False,,,,,2026-09-07T15:44:36.205822+02:00
NSR:StopPlace:59639,Sonsveien stasjon,2026-09-07T13:34:00+02:00,2026-09-07T13:34:00+02:00,,0.0,0,Stabekk,VYG:Line:R21,Stabekk-Oslo S-Moss,R21,rail,VYG:ServiceJourney:1138-MOS_443015-R,False,planned,False,,,,,2026-09-07T15:44:36.205822+02:00
NSR:StopPlace:59639,Sonsveien stasjon,2026-09-07T13:42:00+02:00,2026-09-07T13:42:00+02:00,,0.0,0,Vestby stasjon,RUT:Line:540,Moss - Son - Vestby stasjon,540,bus,RUT:ServiceJourney:f3aad2987266d94725c3ba5d14832b47,False,planned,False,,,,,2026-09-07T15:44:36.205822+02:00
NSR:StopPlace:59639,Sonsveien stasjon,2026-09-07T13:51:00+02:00,2026-09-07T13:51:00+02:00,,0.0,0,Moss,VYG:Line:R21,Stabekk-Oslo S-Moss,R21,rail,VYG:ServiceJourney:1133-HVK_443010-R,False,planned,False,,,,,2026-09-07T15:44:36.205822+02:00
NSR:StopPlace:59639,Sonsveien stasjon,2026-09-07T13:55:00+02:00,2026-09-07T13:55:00+02:00,,0.0,0,Deør - Son - Store Brevik,RUT:Line:3545,Son mot klokka,545B,bus,RUT:ServiceJourney:65c59f8cf237b8da6c22cb6eabc85406,False,planned,False,,,,,2026-09-07T15:44:36.205822+02:00
NSR:StopPlace:59639,Sonsveien stasjon,2026-09-07T13:55:00+02:00,2026-09-07T13:55:00+02:00,,0.0,0,Brevikbukta,RUT:Line:2545,Son med klokka,545A,bus,RUT:ServiceJourney:90bfd8e9ebd179e0621d2a8f8c48d931,False,planned,False,,,,,2026-09-07T15:44:36.205822+02:00
NSR:StopPlace:59639,Sonsveien stasjon,2026-09-07T14:09:00+02:00,2026-09-07T14:09:00+02:00,,0.0,0,Moss,RUT:Line:540,Moss - Son - Vestby stasjon,540,bus,RUT:ServiceJourney:6a273761a35fa8e711784a842f9c342b,False,planned,False,,,,,2026-09-07T15:44:36.205822+02:00
NSR:StopPlace:59639,Sonsveien stasjon,2026-09-07T14:12:00+02:00,2026-09-07T14:12:00+02:00,,0.0,0,Vestby stasjon,RUT:Line:540,Moss - Son - Vestby stasjon,540,bus,RUT:ServiceJourney:3bbe95faa13d3d297be6515cbf89c6c8,False,planned,False,,,,,2026-09-07T15:44:36.205822+02:00
NSR:StopPlace:59639,Sonsveien stasjon,2026-09-07T14:12:00+02:00,2026-09-07T14:12:00+02:00,,0.0,0,Vestby stasjon,RUT:Line:540,Moss - Son - Vestby stasjon,540,bus,RUT:ServiceJourney:4064e123a402c9ceeddc6b9e41e8979c,False,planned,False,,,,,2026-09-07T15:44:36.205822+02:00
NSR:StopPlace:59639,Sonsveien stasjon,2026-09-07T14:20:00+02:00,2026-09-07T14:20:00+02:00,,0.0,0,Oslo lufthavn,VYX:Line:56,FB11 Fredrikstad-Oslo Lufthavn (OSL),FB11,bus,VYX:ServiceJourney:8fdcce7896b8ee86df6f774617533c9c0cf99652,False,planned,False,Forhåndsbestilling FB11,Billett må kjøpes på nett eller app senest 15 minutter før påstigning for at bussen skal kjøre innom holdeplassen. Ruter-billett er ikke gyldig. ,general,normal,2026-09-07T15:44:36.205822+02:00
NSR:StopPlace:59639,Sonsveien stasjon,2026-09-07T14:21:00+02:00,2026-09-07T14:21:00+02:00,,0.0,0,Moss,VYG:Line:R21,Stabekk-Oslo S-Moss,R21,rail,VYG:ServiceJourney:1135-HVK_443012-R,False,planned,False,,,,,2026-09-07T15:44:36.205822+02:00
NSR:StopPlace:59639,Sonsveien stasjon,2026-09-07T14:25:00+02:00,2026-09-07T14:25:00+02:00,,0.0,0,Ørajordet,RUT:Line:3545,Son mot klokka,545B,bus,RUT:ServiceJourney:d6287f2c1ffd0292866d667a135a7e65,False,planned,False,,,,,2026-09-07T15:44:36.205822+02:00
NSR:StopPlace:59639,Sonsveien stasjon,2026-09-07T15:20:00+02:00,2026-09-07T15:20:00+02:00,,0.0,0,Oslo lufthavn,VYX:Line:56,FB11 Fredrikstad-Oslo Lufthavn (OSL),FB11,bus,VYX:ServiceJourney:b05812f2bf0095e515983862e791059b58c9f61f,False,planned,False,Forhåndsbestilling FB11,Billett må kjøpes på nett eller app senest 15 minutter før påstigning for at bussen skal kjøre innom holdeplassen. Ruter-billett er ikke gyldig. ,general,normal,2026-09-07T15:44:36.205822+02:00
NSR:StopPlace:58404,Nationaltheatret,2026-09-07T11:46:00+02:00,2026-09-07T11:46:00+02:00,,0.0,0,Kolsås,RUT:Line:3,Kolsås - Mortensrud,3,metro,RUT:ServiceJourney:85b73063147c488ab828222caf4f8304,False,planned,False,,,,,2026-09-07T15:44:36.205822+02:00
NSR:StopPlace:58404,Nationaltheatret,2026-09-07T11:46:00+02:00,2026-09-07T11:46:00+02:00,,0.0,0,Bergkrystallen,RUT:Line:1,Frognerseteren - Bergkrystallen,1,metro,RUT:ServiceJourney:bb320ccc9d5b53c2a890792586c5b326,False,planned,False,,,,,2026-09-07T15:44:36.205822+02:00
NSR:StopPlace:58404,Nationaltheatret,2026-09-07T11:46:00+02:00,2026-09-07T11:46:00+02:00,,0.0,0,Moss,VYG:Line:R21,Stabekk-Oslo S-Moss,R21,rail,VYG:ServiceJourney:1127-HVK_443003-R,False,planned,False,,,,,2026-09-07T15:44:36.205822+02:00
NSR:StopPlace:58404,Nationaltheatret,2026-09-07T11:46:00+02:00,2026-09-07T11:46:00+02:00,,0.0,0,Kjelsås,RUT:Line:15,Jernbanetorget - Majorstuen via Nat,15,tram,RUT:ServiceJourney:8665542fee5cb0c0a0960eb55047d479,False,planned,False,,,,,2026-09-07T15:44:36.205822+02:00
NSR:StopPlace:58404,Nationaltheatret,2026-09-07T11:46:00+02:00,2026-09-07T11:46:00+02:00,,0.0,0,Myrvoll stasjon,RUT:Line:81,Fornebu - Myrvoll stasjon,81,bus,RUT:ServiceJourney:7b2f0c410d3c860f5d0e7801a2b57650,False,planned,False,,,,,2026-09-07T15:44:36.205822+02:00
NSR:StopPlace:58404,Nationaltheatret,2026-09-07T11:47:00+02:00,2026-09-07T11:47:00+02:00,,0.0,0,Fornebu,RUT:Line:31,Snarøya - Fornebu - Tonsenhagen - Grorud,31,bus,RUT:ServiceJourney:9659f8a0352461e7e45829b216c967e4,False,planned,False,,,,,2026-09-07T15:44:36.205822+02:00
NSR:StopPlace:58404,Nationaltheatret,2026-09-07T11:48:00+02:00,2026-09-07T11:48:00+02:00,,0.0,0,Nydalen T,RUT:Line:37,Nydalen T - Helsfyr,37,bus,RUT:ServiceJourney:43a9256bd9c405f6d1722a47a098b4db,False,planned,False,,,,,2026-09-07T15:44:36.205822+02:00
NSR:StopPlace:58404,Nationaltheatret,2026-09-07T11:48:00+02:00,2026-09-07T11:48:00+02:00,,0.0,0,Vestli via Majorstuen,RUT:Line:4,Vestli - Bergkrystallen,4,metro,RUT:ServiceJourney:19d57559a51ef397999742bbb4f56b69,False,planned,False,,,,,2026-09-07T15:44:36.205822+02:00
NSR:StopPlace:58404,Nationaltheatret,2026-09-07T11:48:00+02:00,2026-09-07T11:48:00+02:00,,0.0,0,Ringen via Tøyen,RUT:Line:5,Sognsvann - Vestli,5,metro,RUT:ServiceJourney:66174199d1d0674b4e76ebffc73310b6,False,planned,False,,,,,2026-09-07T15:44:36.205822+02:00
NSR:StopPlace:58404,Nationaltheatret,2026-09-07T11:48:00+02:00,2026-09-07T11:48:00+02:00,,0.0,0,Eidsvoll,VYG:Line:R12,Kongsberg-Oslo S-Eidsvoll,R12,rail,VYG:ServiceJourney:514_444312-R,False,planned,False,,,,,2026-09-07T15:44:36.205822+02:00
NSR:StopPlace:58404,Nationaltheatret,2026-09-07T11:48:00+02:00,2026-09-07T11:48:00+02:00,,0.0,0,Nydalen,RUT:Line:30,Bygdøy - Nydalen,30,bus,RUT:ServiceJourney:36a38b5b8c2c182f675a20a59f10b10d,False,planned,False,,,,,2026-09-07T15:44:36.205822+02:00
NSR:StopPlace:58404,Nationaltheatret,2026-09-07T11:49:00+02:00,2026-09-07T11:49:00+02:00,,0.0,0,Rykkinn,RUT:Line:160,Rykkinn -Nationaltheatret,160,bus,RUT:ServiceJourney:28aac522087089309bf664fe8b85a897,False,planned,False,,,,,2026-09-07T15:44:36.205822+02:00
NSR:StopPlace:58404,Nationaltheatret,2026-09-07T11:49:00+02:00,2026-09-07T11:49:00+02:00,,0.0,0,Ellingsrudåsen,RUT:Line:2,Østerås - Ellingsrudåsen,2,metro,RUT:ServiceJourney:7a5370c98bcd7d6f3f363791f49f2c78,False,planned,False,,,,,2026-09-07T15:44:36.205822+02:00
NSR:StopPlace:58404,Nationaltheatret,2026-09-07T11:49:00+02:00,2026-09-07T11:49:00+02:00,,0.0,0,Stabekk,VYG:Line:L2,Stabekk-Oslo S-Ski,L2,rail,VYG:ServiceJourney:2730-SKI_443938-R,False,planned,False,,,,,2026-09-07T15:44:36.205822+02:00
NSR:StopPlace:58404,Nationaltheatret,2026-09-07T11:49:00+02:00,2026-09-07T11:49:00+02:00,,0.0,0,Nationaltheatret,RUT:Line:150,Gullhaug - Nationaltheatret,150,bus,RUT:ServiceJourney:238e77cc8de40e3134c67f415485dddc,False,planned,False,,,,,2026-09-07T15:44:36.205822+02:00
NSR:StopPlace:58404,Nationaltheatret,2026-09-07T11:50:00+02:00,2026-09-07T11:50:00+02:00,,0.0,0,Bygdøy via Bygdøynes,RUT:Line:30,Bygdøy - Nydalen,30,bus,RUT:ServiceJourney:2e49be73dc052931247b4842f9dd983a,False,planned,False,,,,,2026-09-07T15:44:36.205822+02:00
NSR:StopPlace:58404,Nationaltheatret,2026-09-07T11:50:00+02:00,2026-09-07T11:50:00+02:00,,0.0,0,Lillestrøm,VYG:Line:L1,Spikkestad-Oslo S-Lillestrøm,L1,rail,VYG:ServiceJourney:2128_443534-R,False,planned,False,,,,,2026-09-07T15:44:36.205822+02:00
NSR:StopPlace:58404,Nationaltheatret,2026-09-07T11:50:00+02:00,2026-09-07T11:50:00+02:00,,0.0,0,Ljabru,RUT:Line:13,Bekkestua - Ljabru,13,tram,RUT:ServiceJourney:d539efa51a6aa9444b5c3ce9b1f4cb48,False,planned,False,,,,,2026-09-07T15:44:36.205822+02:00
NSR:StopPlace:58404,Nationaltheatret,2026-09-07T11:50:00+02:00,2026-09-07T11:50:00+02:00,,0.0,0,Helsfyr,RUT:Line:37,Nydalen T - Helsfyr,37,bus,RUT:ServiceJourney:11154fe2faa83c44d98d30410c077e36,False,planned,False,,,,,2026-09-07T15:44:36.205822+02:00
NSR:StopPlace:58404,Nationaltheatret,2026-09-07T11:50:00+02:00,2026-09-07T11:50:00+02:00,,0.0,0,Grorud T,RUT:Line:31,Snarøya - Fornebu - Tonsenhagen - Grorud,31,bus,RUT:ServiceJourney:2cb40c87395e2f936ddadc2c79145fc6,False,planned,False,,,,,2026-09-07T15:44:36.205822+02:00
NSR:StopPlace:58404,Nationaltheatret,2026-09-07T11:51:00+02:00,2026-09-07T11:51:00+02:00,,0.0,0,Filipstad,RUT:Line:81,Fornebu - Myrvoll stasjon,81,bus,RUT:ServiceJourney:ac75fb8a5205cc2972e964f84011a92f,False,planned,False,,,,,2026-09-07T15:44:36.205822+02:00
NSR:StopPlace:58404,Nationaltheatret,2026-09-07T11:51:00+02:00,2026-09-07T11:51:00+02:00,,0.0,0,Østerås,RUT:Line:2,Østerås - Ellingsrudåsen,2,metro,RUT:ServiceJourney:261dd86cf78136a00bba3fe67f19ba85,False,planned,False,,,,,2026-09-07T15:44:36.205822+02:00
NSR:StopPlace:58404,Nationaltheatret,2026-09-07T11:51:00+02:00,2026-09-07T11:51:00+02:00,,0.0,0,Drammen,VYG:Line:R13,Drammen-Oslo S-Dal,R13,rail,VYG:ServiceJourney:1626_443268-R,False,planned,False,,,,,2026-09-07T15:44:36.205822+02:00
NSR:StopPlace:58404,Nationaltheatret,2026-09-07T11:51:00+02:00,2026-09-07T11:51:00+02:00,,0.0,0,Nationaltheatret,RUT:Line:160,Rykkinn -Nationaltheatret,160,bus,RUT:ServiceJourney:6bb1915751d52fa3045ce0e9f33173e4,False,planned,False,,,,,2026-09-07T15:44:36.205822+02:00
NSR:StopPlace:58404,Nationaltheatret,2026-09-07T11:52:00+02:00,2026-09-07T11:52:00+02:00,,0.0,0,Gullhaug,RUT:Line:150,Gullhaug - Nationaltheatret,150,bus,RUT:ServiceJourney:b20901d37198aa5c5707463383d27635,False,planned,False,,,,,2026-09-07T15:44:36.205822+02:00
NSR:StopPlace:58404,Nationaltheatret,2026-09-07T11:53:00+02:00,2026-09-07T11:53:00+02:00,,0.0,0,Sognsvann,RUT:Line:5,Sognsvann - Vestli,5,metro,RUT:ServiceJourney:c227ff1a5082729546f816472d3bb524,False,planned,False,,,,,2026-09-07T15:44:36.205822+02:00
NSR:StopPlace:58404,Nationaltheatret,2026-09-07T11:53:00+02:00,2026-09-07T11:53:00+02:00,,0.0,0,Bergkrystallen,RUT:Line:4,Vestli - Bergkrystallen,4,metro,RUT:ServiceJourney:935d870a6e7695394919685f4fd47b56,False,planned,False,,,,,2026-09-07T15:44:36.205822+02:00
NSR:StopPlace:58404,Nationaltheatret,2026-09-07T11:53:00+02:00,2026-09-07T11:53:00+02:00,,0.0,0,Oslo Lufthavn,FLT:Line:FLY1,FLY1,FLY1,rail,FLT:ServiceJourney:1-2614-3745-20260907,False,planned,False,,,,,2026-09-07T15:44:36.205822+02:00
NSR:StopPlace:58404,Nationaltheatret,2026-09-07T11:53:00+02:00,2026-09-07T11:53:00+02:00,,0.0,0,Majorstuen,RUT:Line:15,Jernbanetorget - Majorstuen via Nat,15,tram,RUT:ServiceJourney:fb24aa9cc2aaca88ab09b106f5bc8027,False,planned,False,,,,,2026-09-07T15:44:36.205822+02:00
NSR:StopPlace:58404,Nationaltheatret,2026-09-07T11:54:00+02:00,2026-09-07T11:54:00+02:00,,0.0,0,Lilleaker,RUT:Line:13,Bekkestua - Ljabru,13,tram,RUT:ServiceJourney:570f4bdaca22f547894afb020da18708,False,planned,False,Linje 13: Buss for trikk direkte mellom Thune og Furulund - Lilleaker ,Vi kjører buss for trikk (linje 13B) direkte mellom Thune og Furulund - Lilleaker. Bussen stopper ikke på Sollerud. 13B betjener Thune fra midlertidig holdeplass i Drammensveien,incident,normal,2026-09-07T15:44:36.205822+02:00
NSR:StopPlace:58404,Nationaltheatret,2026-09-07T11:55:00+02:00,2026-09-07T11:55:00+02:00,,0.0,0,Snarøya,RUT:Line:31,Snarøya - Fornebu - Tonsenhagen - Grorud,31,bus,RUT:ServiceJourney:a1e542ca21f8df63c0bfa68e18ebc1e1,False,planned,False,,,,,2026-09-07T15:44:36.205822+02:00
NSR:StopPlace:58404,Nationaltheatret,2026-09-07T11:55:00+02:00,2026-09-07T11:55:00+02:00,,0.0,0,Frognerseteren,RUT:Line:1,Frognerseteren - Bergkrystallen,1,metro,RUT:ServiceJourney:209a2657e0b59d28ed23d2e485433097,False,planned,False,,,,,2026-09-07T15:44:36.205822+02:00
NSR:StopPlace:58404,Nationaltheatret,2026-09-07T11:56:00+02:00,2026-09-07T11:56:00+02:00,,0.0,0,Nydalen T,RUT:Line:37,Nydalen T - Helsfyr,37,bus,RUT:ServiceJourney:1caa0863bf5ec8530b2814229220b61c,False,planned,False,,,,,2026-09-07T15:44:36.205822+02:00
NSR:StopPlace:58404,Nationaltheatret,2026-09-07T11:56:00+02:00,2026-09-07T11:56:00+02:00,,0.0,0,Ellingsrudåsen,RUT:Line:2,Østerås - Ellingsrudåsen,2,metro,RUT:ServiceJourney:c5fd85a063e227f83d2e15f5be90fa65,False,planned,False,,,,,2026-09-07T15:44:36.205822+02:00
NSR:StopPlace:58404,Nationaltheatret,2026-09-07T11:56:00+02:00,2026-09-07T11:56:00+02:00,,0.0,0,Slemmestad,RUT:Line:250,Sætre - Slemmestad - Nationaltheatret,250,bus,RUT:ServiceJourney:9aa316666cccc9defb4ab8f753a9708d,False,planned,False,,,,,2026-09-07T15:44:36.205822+02:00
NSR:StopPlace:58404,Nationaltheatret,2026-09-07T11:56:00+02:00,2026-09-07T11:56:00+02:00,,0.0,0,Ski,VYG:Line:L2,Stabekk-Oslo S-Ski,L2,rail,VYG:ServiceJourney:2827-BES_488369-R,False,planned,False,,,,,2026-09-07T15:44:36.205822+02:00
NSR:StopPlace:58404,Nationaltheatret,2026-09-07T11:56:00+02:00,2026-09-07T11:56:00+02:00,,0.0,0,Kjelsås,RUT:Line:15,Jernbanetorget - Majorstuen via Nat,15,tram,RUT:ServiceJourney:5403a7eac41b9598ed48c68232bcf117,False,planned,False,,,,,2026-09-07T15:44:36.205822+02:00
NSR:StopPlace:58404,Nationaltheatret,2026-09-07T11:56:00+02:00,2026-09-07T11:56:00+02:00,,0.0,0,Skullerud,RUT:Line:70,Nationaltheatret - Skullerud,70,bus,RUT:ServiceJourney:890644d39a7a3c303db6983a20d0448e,False,planned,False,,,,,2026-09-07T15:44:36.205822+02:00
NSR:StopPlace:58404,Nationaltheatret,2026-09-07T11:56:00+02:00,2026-09-07T11:56:00+02:00,,0.0,0,Myrvoll stasjon,RUT:Line:81,Fornebu - Myrvoll stasjon,81,bus,RUT:ServiceJourney:5f95fe91d72aaeb895cb679ee6699351,False,planned,False,,,,,2026-09-07T15:44:36.205822+02:00
NSR:StopPlace:58404,Nationaltheatret,2026-09-07T11:57:00+02:00,2026-09-07T11:57:00+02:00,,0.0,0,Ringen via Majorstuen,RUT:Line:5,Sognsvann - Vestli,5,metro,RUT:ServiceJourney:2d22cef7f4d4de26701fd93e0eb9137e,False,planned,False,,,,,2026-09-07T15:44:36.205822+02:00
NSR:StopPlace:58404,Nationaltheatret,2026-09-07T11:57:00+02:00,2026-09-07T11:57:00+02:00,,0.0,0,Mortensrud,RUT:Line:3,Kolsås - Mortensrud,3,metro,RUT:ServiceJourney:916c781e2c39663a8525704c682579ee,False,planned,False,,,,,2026-09-07T15:44:36.205822+02:00
NSR:StopPlace:58404,Nationaltheatret,2026-09-07T11:58:00+02:00,2026-09-07T11:58:00+02:00,,0.0,0,Østerås,RUT:Line:2,Østerås - Ellingsrudåsen,2,metro,RUT:ServiceJourney:f0bb5a24a266473329b32a7462d447c5,False,planned,False,,,,,2026-09-07T15:44:36.205822+02:00
NSR:StopPlace:58404,Nationaltheatret,2026-09-07T11:58:00+02:00,2026-09-07T11:58:00+02:00,,0.0,0,Kongsvinger,VYG:Line:R14,Asker-Oslo S-Kongsvinger,R14,rail,VYG:ServiceJourney:1015_442921-R,False,planned,False,,,,,2026-09-07T15:44:36.205822+02:00
NSR:StopPlace:58404,Nationaltheatret,2026-09-07T11:58:00+02:00,2026-09-07T11:58:00+02:00,,0.0,0,Tonsenhagen,RUT:Line:31,Snarøya - Fornebu - Tonsenhagen - Grorud,31,bus,RUT:ServiceJourney:f9a130b217fefea1bcdc50b452324fb4,False,planned,False,,,,,2026-09-07T15:44:36.205822+02:00
NSR:StopPlace:58404,Nationaltheatret,2026-09-07T11:58:00+02:00,2026-09-07T11:58:00+02:00,,0.0,0,Helsfyr,RUT:Line:37,Nydalen T - Helsfyr,37,bus,RUT:ServiceJourney:17252c81e26cb92f951ad50b2f6e2d63,False,planned,False,,,,,2026-09-07T15:44:36.205822+02:00
NSR:StopPlace:58404,Nationaltheatret,2026-09-07T11:58:00+02:00,2026-09-07T11:58:00+02:00,,0.0,0,Nydalen,RUT:Line:30,Bygdøy - Nydalen,30,bus,RUT:ServiceJourney:047762f93b7c182d66b3c6f15430e3d9,False,planned,False,,,,,2026-09-07T15:44:36.205822+02:00
NSR:StopPlace:58404,Nationaltheatret,2026-09-07T11:59:00+02:00,2026-09-07T11:59:00+02:00,,0.0,0,Rykkinn,RUT:Line:160,Rykkinn -Nationaltheatret,160,bus,RUT:ServiceJourney:63707b8b466743332dfea2b17e8917aa,False,planned,False,,,,,2026-09-07T15:44:36.205822+02:00
NSR:StopPlace:58404,Nationaltheatret,2026-09-07T11:59:00+02:00,2026-09-07T11:59:00+02:00,,0.0,0,Vestli,RUT:Line:5,Sognsvann - Vestli,5,metro,RUT:ServiceJourney:bbb66e0a970d35364c686e608f4d1df8,False,planned,False,,,,,2026-09-07T15:44:36.205822+02:00
NSR:StopPlace:58404,Nationaltheatret,2026-09-07T11:59:00+02:00,2026-09-07T11:59:00+02:00,,0.0,0,Asker,VYG:Line:L1,Spikkestad-Oslo S-Lillestrøm,L1,rail,VYG:ServiceJourney:2127_443533-R,False,planned,False,,,,,2026-09-07T15:44:36.205822+02:00
NSR:StopPlace:58404,Nationaltheatret,2026-09-07T12:00:00+02:00,2026-09-07T12:00:00+02:00,,0.0,0,Bygdøy via Bygdøynes,RUT:Line:30,Bygdøy - Nydalen,30,bus,RUT:ServiceJourney:339f1f7495581373cee3c540032a670f,False,planned,False,,,,,2026-09-07T15:44:36.205822+02:00
NSR:StopPlace:58415,Oteråga stasjon,2026-09-07T12:05:00+02:00,2026-09-07T12:05:00+02:00,,0.0,0,Bodø,SJN:Line:79,Saltenpendelen,R75,rail,SJN:ServiceJourney:1785_48210-R,False,planned,False,,,,,2026-09-07T15:44:36.205822+02:00
NSR:StopPlace:58415,Oteråga stasjon,2026-09-07T13:54:00+02:00,2026-09-07T13:54:00+02:00,,0.0,0,Fauske,SJN:Line:79,Saltenpendelen,R75,rail,SJN:ServiceJourney:1786_42896-R,False,planned,False,,,,,2026-09-07T15:44:36.205822+02:00
NSR:StopPlace:58623,Katrineholm Centralstation,2026-09-07T12:14:00+02:00,2026-09-07T12:14:00+02:00,,0.0,0,Stockholm,SJV:Line:cfac9102-49ef-476c-8663-a6d468ee4f36,Stockholm-Hallsberg-Karlstad-Oslo,70,rail,SJV:ServiceJourney:6bcdad44-579c-4040-a6ec-639bc3e56953,False,planned,False,,,,,2026-09-07T15:44:36.205822+02:00
NSR:StopPlace:58623,Katrineholm Centralstation,2026-09-07T16:14:00+02:00,2026-09-07T16:14:00+02:00,,0.0,0,Stockholm,SJV:Line:cfac9102-49ef-476c-8663-a6d468ee4f36,Stockholm-Hallsberg-Karlstad-Oslo,70,rail,SJV:ServiceJourney:e9543df4-7d92-4e69-aa6d-58fd16dc4d35,False,planned,False,,,,,2026-09-07T15:44:36.205822+02:00
NSR:StopPlace:58635,Stockholm Centralstation,2026-09-07T15:23:00+02:00,2026-09-07T15:23:00+02:00,,0.0,0,Karlstad-Oslo,SJV:Line:cfac9102-49ef-476c-8663-a6d468ee4f36,Stockholm-Hallsberg-Karlstad-Oslo,70,rail,SJV:ServiceJourney:f59f3584-31a7-4ab0-bd01-0245b6e36da4,False,planned,False,,,,,2026-09-07T15:44:36.205822+02:00
NSR:StopPlace:58635,Stockholm Centralstation,2026-09-07T16:25:00+02:00,2026-09-07T16:25:00+02:00,,0.0,0,Berlin Gesundbrunnen,SNT:Line:2f945540-e264-50e2-9f10-9a66be909e6f,Storlien,NT,rail,SNT:ServiceJourney:52efc068-8869-5645-b60f-cf6c2e6a10d8_66e2d178-6985-54bc-a26a-b1e9502af7dd,False,planned,False,,,,,2026-09-07T15:44:36.205822+02:00
NSR:StopPlace:58635,Stockholm Centralstation,2026-09-07T16:25:00+02:00,2026-09-07T16:25:00+02:00,,0.0,0,Malmö C,SNT:Line:15931205-7b69-51de-bac7-18d4acc5c6f5,Malmö C,IC,rail,SNT:ServiceJourney:52efc068-8869-5645-b60f-cf6c2e6a10d8_900275f9-e670-5cb9-88e9-77037edfd4c9,False,planned,False,,,,,2026-09-07T15:44:36.205822+02:00
NSR:StopPlace:58952,Bodø stasjon,2026-09-07T11:55:00+02:00,2026-09-07T11:55:00+02:00,,0.0,0,Løpsmarka,NOR:Line:12_8004,Tverlandet - Bodø sentrum - Løpsmarka,4,bus,NOR:ServiceJourney:8004_251012124900603_2016,False,planned,False,,,,,2026-09-07T15:44:36.205822+02:00
NSR:StopPlace:58952,Bodø stasjon,2026-09-07T12:02:00+02:00,2026-09-07T12:02:00+02:00,,0.0,0,Tverlandet,NOR:Line:12_8004,Tverlandet - Bodø sentrum - Løpsmarka,4,bus,NOR:ServiceJourney:8004_251012124900564_1017,False,planned,False,,,,,2026-09-07T15:44:36.205822+02:00
NSR:StopPlace:58952,Bodø stasjon,2026-09-07T12:23:00+02:00,2026-09-07T12:23:00+02:00,,0.0,0,Bodø lufthavn,NOR:Line:12_8400,Kjerringøy - Festvåg - Skaug - Bodø,400,bus,NOR:ServiceJourney:8400_251012124900651_1007,False,planned,False,,,,,2026-09-07T15:44:36.205822+02:00
NSR:StopPlace:58952,Bodø stasjon,2026-09-07T12:25:00+02:00,2026-09-07T12:25:00+02:00,,0.0,0,Løpsmarka,NOR:Line:12_8004,Tverlandet - Bodø sentrum - Løpsmarka,4,bus,NOR:ServiceJourney:8004_251012124900604_2017,False,planned,False,,,,,2026-09-07T15:44:36.205822+02:00
NSR:StopPlace:58952,Bodø stasjon,2026-09-07T12:32:00+02:00,2026-09-07T12:32:00+02:00,,0.0,0,Tverlandet,NOR:Line:12_8004,Tverlandet - Bodø sentrum - Løpsmarka,4,bus,NOR:ServiceJourney:8004_251012124900565_1018,False,planned,False,,,,,2026-09-07T15:44:36.205822+02:00
NSR:StopPlace:58952,Bodø stasjon,2026-09-07T12:55:00+02:00,2026-09-07T12:55:00+02:00,,0.0,0,Løpsmarka,NOR:Line:12_8004,Tverlandet - Bodø sentrum - Løpsmarka,4,bus,NOR:ServiceJourney:8004_251012124900605_2018,False,planned,False,,,,,2026-09-07T15:44:36.205822+02:00
NSR:StopPlace:58952,Bodø stasjon,2026-09-07T13:00:00+02:00,2026-09-07T13:00:00+02:00,,0.0,0,"Festvåg, Kjerringøy",NOR:Line:12_8400,Kjerringøy - Festvåg - Skaug - Bodø,400,bus,NOR:ServiceJourney:8400_251012124900659_2005,False,planned,False,,,,,2026-09-07T15:44:36.205822+02:00
NSR:StopPlace:58952,Bodø stasjon,2026-09-07T13:02:00+02:00,2026-09-07T13:02:00+02:00,,0.0,0,Tverlandet,NOR:Line:12_8004,Tverlandet - Bodø sentrum - Løpsmarka,4,bus,NOR:ServiceJourney:8004_251012124900566_1019,False,planned,False,,,,,2026-09-07T15:44:36.205822+02:00
NSR:StopPlace:58952,Bodø stasjon,2026-09-07T13:25:00+02:00,2026-09-07T13:25:00+02:00,,0.0,0,Løpsmarka,NOR:Line:12_8004,Tverlandet - Bodø sentrum - Løpsmarka,4,bus,NOR:ServiceJourney:8004_251012124900606_2019,False,planned,False,,,,,2026-09-07T15:44:36.205822+02:00
NSR:StopPlace:58952,Bodø stasjon,2026-09-07T13:32:00+02:00,2026-09-07T13:32:00+02:00,,0.0,0,Tverlandet,NOR:Line:12_8004,Tverlandet - Bodø sentrum - Løpsmarka,4,bus,NOR:ServiceJourney:8004_251012124900567_1020,False,planned,False,,,,,2026-09-07T15:44:36.205822+02:00
NSR:StopPlace:58952,Bodø stasjon,2026-09-07T13:35:00+02:00,2026-09-07T13:35:00+02:00,,0.0,0,Fauske,SJN:Line:79,Saltenpendelen,R75,rail,SJN:ServiceJourney:1786_42896-R,False,planned,False,,,,,2026-09-07T15:44:36.205822+02:00
NSR:StopPlace:58952,Bodø stasjon,2026-09-07T13:55:00+02:00,2026-09-07T13:55:00+02:00,,0.0,0,Løpsmarka,NOR:Line:12_8004,Tverlandet - Bodø sentrum - Løpsmarka,4,bus,NOR:ServiceJourney:8004_251012124900607_2020,False,planned,False,,,,,2026-09-07T15:44:36.205822+02:00
NSR:StopPlace:58952,Bodø stasjon,2026-09-07T14:00:00+02:00,2026-09-07T14:00:00+02:00,,0.0,0,Festvåg ferjekai,NOR:Line:12_8400,Kjerringøy - Festvåg - Skaug - Bodø,400,bus,NOR:ServiceJourney:8400_251012124900660_2006,False,planned,False,,,,,2026-09-07T15:44:36.205822+02:00
NSR:StopPlace:58952,Bodø stasjon,2026-09-07T14:25:00+02:00,2026-09-07T14:25:00+02:00,,0.0,0,Løpsmarka,NOR:Line:12_8004,Tverlandet - Bodø sentrum - Løpsmarka,4,bus,NOR:ServiceJourney:8004_251012124900608_2021,False,planned,False,,,,,2026-09-07T15:44:36.205822+02:00
NSR:StopPlace:58952,Bodø stasjon,2026-09-07T16:10:00+02:00,2026-09-07T16:10:00+02:00,,0.0,0,Rognan,SJN:Line:79,Saltenpendelen,R75,rail,SJN:ServiceJourney:1790_41149-R,False,planned,False,,,,,2026-09-07T15:44:36.205822+02:00
NSR:StopPlace:58954,Fauske stasjon,2026-09-07T12:10:00+02:00,2026-09-07T12:10:00+02:00,,0.0,0,Bodø lufthavn,NOR:Line:12_8100,Bodø - Fauske - Narvik/Sortland,100,bus,NOR:ServiceJourney:8100_260126119368663_2010,False,planned,False,,,,,2026-09-07T15:44:36.205822+02:00
NSR:StopPlace:58954,Fauske stasjon,2026-09-07T14:09:00+02:00,2026-09-07T14:09:00+02:00,,0.0,0,Amfi Fauske,NOR:Line:12_8499,Sentrumsbuss,499,bus,NOR:ServiceJourney:8499_251012124855462_1010,False,planned,False,,,,,2026-09-07T15:44:36.205822+02:00
NSR:StopPlace:58954,Fauske stasjon,2026-09-07T16:04:00+02:00,2026-09-07T16:04:00+02:00,,0.0,0,Bodø,SJN:Line:79,Saltenpendelen,R75,rail,SJN:ServiceJourney:1789_41148-R,False,planned,False,,,,,2026-09-07T15:44:36.205822+02:00
NSR:StopPlace:58950,Åsen stasjon,2026-09-07T12:22:00+02:00,2026-09-07T12:22:00+02:00,,0.0,0,Steinkjer,SJN:Line:26,Trønderbanen,R70,rail,SJN:ServiceJourney:433_56062-R,False,planned,False,,,,,2026-09-07T15:44:36.205822+02:00
NSR:StopPlace:58950,Åsen stasjon,2026-09-07T12:37:00+02:00,2026-09-07T12:37:00+02:00,,0.0,0,Melhus skysstasjon,SJN:Line:26,Trønderbanen,R70,rail,SJN:ServiceJourney:434-STK_56063-R,False,planned,False,,,,,2026-09-07T15:44:36.205822+02:00
NSR:StopPlace:58950,Åsen stasjon,2026-09-07T13:22:00+02:00,2026-09-07T13:22:00+02:00,,0.0,0,Steinkjer,SJN:Line:26,Trønderbanen,R70,rail,SJN:ServiceJourney:435-SOeB_56064-R,False,planned,False,,,,,2026-09-07T15:44:36.205822+02:00
NSR:StopPlace:58963,Jessheim stasjon,2026-09-07T11:46:00+02:00,2026-09-07T11:46:00+02:00,,0.0,0,Oslo lufthavn,RUT:Line:440,Fenstad/Nordkisa - Oslo lufthavn,440,bus,RUT:ServiceJourney:e16811ea0dae93ef46b68d783a6075f9,False,planned,False,,,,,2026-09-07T15:44:36.205822+02:00
NSR:StopPlace:58963,Jessheim stasjon,2026-09-07T11:51:00+02:00,2026-09-07T11:51:00+02:00,,0.0,0,Aktivitetsvegen,RUT:Line:450,Årnes - Oslo lufthavn,450,bus,RUT:ServiceJourney:3465bcea84b9c26be949037084b7040f,False,planned,False,,,,,2026-09-07T15:44:36.205822+02:00
NSR:StopPlace:58963,Jessheim stasjon,2026-09-07T11:51:00+02:00,2026-09-07T11:51:00+02:00,,0.0,0,Dal,VYG:Line:R13,Drammen-Oslo S-Dal,R13,rail,VYG:ServiceJourney:1625_443265-R,False,planned,False,,,,,2026-09-07T15:44:36.205822+02:00
NSR:StopPlace:58963,Jessheim stasjon,2026-09-07T11:52:00+02:00,2026-09-07T11:52:00+02:00,,0.0,0,Årnes,RUT:Line:450,Årnes - Oslo lufthavn,450,bus,RUT:ServiceJourney:eb44c17f8935a96f11674baffcec4039,False,planned,False,,,,,2026-09-07T15:44:36.205822+02:00
NSR:StopPlace:58963,Jessheim stasjon,2026-09-07T11:55:00+02:00,2026-09-07T11:55:00+02:00,,0.0,0,Jessheim sør,RUT:Line:426,Jessheim ring,426,bus,RUT:ServiceJourney:8b73ab74d91a7274e1ff55ab14b576f0,False,planned,False,,,,,2026-09-07T15:44:36.205822+02:00
NSR:StopPlace:58963,Jessheim stasjon,2026-09-07T11:55:00+02:00,2026-09-07T11:55:00+02:00,,0.0,0,Eidsvoll,RUT:Line:430,Eidsvoll - Jessheim,430,bus,RUT:ServiceJourney:f7dfbf8d885eca4db943225b9f16c43c,False,planned,False,,,,,2026-09-07T15:44:36.205822+02:00
NSR:StopPlace:58963,Jessheim stasjon,2026-09-07T11:58:00+02:00,2026-09-07T11:58:00+02:00,,0.0,0,Fenstad,RUT:Line:440,Fenstad/Nordkisa - Oslo lufthavn,440,bus,RUT:ServiceJourney:bc0092f0102605437e3e49cc3a88d0ba,False,planned,False,,,,,2026-09-07T15:44:36.205822+02:00
NSR:StopPlace:58963,Jessheim stasjon,2026-09-07T12:01:00+02:00,2026-09-07T12:01:00+02:00,,0.0,0,Oslo lufthavn,RUT:Line:440,Fenstad/Nordkisa - Oslo lufthavn,440,bus,RUT:ServiceJourney:9d23e291e1caee52fa2dbdeba9193211,False,planned,False,,,,,2026-09-07T15:44:36.205822+02:00
NSR:StopPlace:58963,Jessheim stasjon,2026-09-07T12:03:00+02:00,2026-09-07T12:03:00+02:00,,0.0,0,Kopperud,RUT:Line:420,Maura -  Jessheim,420,bus,RUT:ServiceJourney:6752745bc2d4c7e269b3b608588969be,False,planned,False,,,,,2026-09-07T15:44:36.205822+02:00
NSR:StopPlace:58963,Jessheim stasjon,2026-09-07T12:06:00+02:00,2026-09-07T12:06:00+02:00,,0.0,0,Oslo lufthavn,RUT:Line:450,Årnes - Oslo lufthavn,450,bus,RUT:ServiceJourney:4c9aedd05ab2d2a72893b23c04ba100d,False,planned,False,,,,,2026-09-07T15:44:36.205822+02:00
NSR:StopPlace:58963,Jessheim stasjon,2026-09-07T12:07:00+02:00,2026-09-07T12:07:00+02:00,,0.0,0,Årnes,RUT:Line:450,Årnes - Oslo lufthavn,450,bus,RUT:ServiceJourney:2874e520b018891151289e5e2e04eaa2,False,planned,False,,,,,2026-09-07T15:44:36.205822+02:00
NSR:StopPlace:58963,Jessheim stasjon,2026-09-07T12:07:00+02:00,2026-09-07T12:07:00+02:00,,0.0,0,Drammen,VYG:Line:R13,Drammen-Oslo S-Dal,R13,rail,VYG:ServiceJourney:1630_443277-R,False,planned,False,,,,,2026-09-07T15:44:36.205822+02:00
NSR:StopPlace:58963,Jessheim stasjon,2026-09-07T12:10:00+02:00,2026-09-07T12:10:00+02:00,,0.0,0,Eidsvoll,RUT:Line:430,Eidsvoll - Jessheim,430,bus,RUT:ServiceJourney:f111c729e2fffe6ee54611c67647d5cc,False,planned,False,,,,,2026-09-07T15:44:36.205822+02:00
NSR:StopPlace:58963,Jessheim stasjon,2026-09-07T12:13:00+02:00,2026-09-07T12:13:00+02:00,,0.0,0,Nordkisa,RUT:Line:440,Fenstad/Nordkisa - Oslo lufthavn,440,bus,RUT:ServiceJourney:d040baab1aeb52134cf39d7b00cd37b3,False,planned,False,,,,,2026-09-07T15:44:36.205822+02:00
NSR:StopPlace:58963,Jessheim stasjon,2026-09-07T12:15:00+02:00,2026-09-07T12:15:00+02:00,,0.0,0,Jessheim sør,RUT:Line:426,Jessheim ring,426,bus,RUT:ServiceJourney:d430bf84a68e50685bfc28599428fecc,False,planned,False,,,,,2026-09-07T15:44:36.205822+02:00
NSR:StopPlace:58963,Jessheim stasjon,2026-09-07T12:16:00+02:00,2026-09-07T12:16:00+02:00,,0.0,0,Oslo lufthavn,RUT:Line:440,Fenstad/Nordkisa - Oslo lufthavn,440,bus,RUT:ServiceJourney:7495efc72f36a0ecf6aed017f960dbef,False,planned,False,,,,,2026-09-07T15:44:36.205822+02:00
NSR:StopPlace:58963,Jessheim stasjon,2026-09-07T12:21:00+02:00,2026-09-07T12:21:00+02:00,,0.0,0,Aktivitetsvegen,RUT:Line:450,Årnes - Oslo lufthavn,450,bus,RUT:ServiceJourney:994669a46402020ddbc5d6c41abc25b2,False,planned,False,,,,,2026-09-07T15:44:36.205822+02:00
NSR:StopPlace:58963,Jessheim stasjon,2026-09-07T12:21:00+02:00,2026-09-07T12:21:00+02:00,,0.0,0,Dal,VYG:Line:R13,Drammen-Oslo S-Dal,R13,rail,VYG:ServiceJourney:1627_481148-R,False,planned,False,,,,,2026-09-07T15:44:36.205822+02:00
NSR:StopPlace:58963,Jessheim stasjon,2026-09-07T12:22:00+02:00,2026-09-07T12:22:00+02:00,,0.0,0,Årnes,RUT:Line:450,Årnes - Oslo lufthavn,450,bus,RUT:ServiceJourney:d488ef9a0c22f46f4aab07fba7cf724f,False,planned,False,,,,,2026-09-07T15:44:36.205822+02:00
NSR:StopPlace:58963,Jessheim stasjon,2026-09-07T12:25:00+02:00,2026-09-07T12:25:00+02:00,,0.0,0,Eidsvoll,RUT:Line:430,Eidsvoll - Jessheim,430,bus,RUT:ServiceJourney:1a2a8ee0a73dabb40a38f0d28583b40f,False,planned,False,,,,,2026-09-07T15:44:36.205822+02:00
NSR:StopPlace:58963,Jessheim stasjon,2026-09-07T12:28:00+02:00,2026-09-07T12:28:00+02:00,,0.0,0,Nordkisa,RUT:Line:440,Fenstad/Nordkisa - Oslo lufthavn,440,bus,RUT:ServiceJourney:b83714082fbf527d9a120484d47672ae,False,planned,False,,,,,2026-09-07T15:44:36.205822+02:00
NSR:StopPlace:58963,Jessheim stasjon,2026-09-07T12:31:00+02:00,2026-09-07T12:31:00+02:00,,0.0,0,Oslo lufthavn,RUT:Line:440,Fenstad/Nordkisa - Oslo lufthavn,440,bus,RUT:ServiceJourney:8e2cac0cb767b3768741aeea7241d5af,False,planned,False,,,,,2026-09-07T15:44:36.205822+02:00
NSR:StopPlace:58963,Jessheim stasjon,2026-09-07T12:33:00+02:00,2026-09-07T12:33:00+02:00,,0.0,0,Kopperud,RUT:Line:420,Maura -  Jessheim,420,bus,RUT:ServiceJourney:5ccf67f360c147fce9c36784c806f899,False,planned,False,,,,,2026-09-07T15:44:36.205822+02:00
NSR:StopPlace:58963,Jessheim stasjon,2026-09-07T12:35:00+02:00,2026-09-07T12:35:00+02:00,,0.0,0,Jessheim sør,RUT:Line:426,Jessheim ring,426,bus,RUT:ServiceJourney:8c7f9a6f2125fe12c9144b23bd4ce883,False,planned,False,,,,,2026-09-07T15:44:36.205822+02:00
NSR:StopPlace:58963,Jessheim stasjon,2026-09-07T12:36:00+02:00,2026-09-07T12:36:00+02:00,,0.0,0,Oslo lufthavn,RUT:Line:450,Årnes - Oslo lufthavn,450,bus,RUT:ServiceJourney:c068921fc7aae90a007a5f8e11110146,False,planned,False,,,,,2026-09-07T15:44:36.205822+02:00
NSR:StopPlace:58963,Jessheim stasjon,2026-09-07T12:37:00+02:00,2026-09-07T12:37:00+02:00,,0.0,0,Årnes,RUT:Line:450,Årnes - Oslo lufthavn,450,bus,RUT:ServiceJourney:c4ee885d2b88c03c6662cc83e4eb63e5,False,planned,False,,,,,2026-09-07T15:44:36.205822+02:00
NSR:StopPlace:58963,Jessheim stasjon,2026-09-07T12:37:00+02:00,2026-09-07T12:37:00+02:00,,0.0,0,Drammen,VYG:Line:R13,Drammen-Oslo S-Dal,R13,rail,VYG:ServiceJourney:1632_443281-R,False,planned,False,,,,,2026-09-07T15:44:36.205822+02:00
NSR:StopPlace:58963,Jessheim stasjon,2026-09-07T12:40:00+02:00,2026-09-07T12:40:00+02:00,,0.0,0,Eidsvoll,RUT:Line:430,Eidsvoll - Jessheim,430,bus,RUT:ServiceJourney:b39243288afaf7513a259f8e50216295,False,planned,False,,,,,2026-09-07T15:44:36.205822+02:00
NSR:StopPlace:58963,Jessheim stasjon,2026-09-07T12:43:00+02:00,2026-09-07T12:43:00+02:00,,0.0,0,Nordkisa,RUT:Line:440,Fenstad/Nordkisa - Oslo lufthavn,440,bus,RUT:ServiceJourney:75a0e458a18dc85c3744b4f2cddf8d8a,False,planned,False,,,,,2026-09-07T15:44:36.205822+02:00
NSR:StopPlace:58963,Jessheim stasjon,2026-09-07T12:46:00+02:00,2026-09-07T12:46:00+02:00,,0.0,0,Oslo lufthavn,RUT:Line:440,Fenstad/Nordkisa - Oslo lufthavn,440,bus,RUT:ServiceJourney:db14cff579476cce8d9874c76c73ee29,False,planned,False,,,,,2026-09-07T15:44:36.205822+02:00
NSR:StopPlace:58963,Jessheim stasjon,2026-09-07T12:51:00+02:00,2026-09-07T12:51:00+02:00,,0.0,0,Aktivitetsvegen,RUT:Line:450,Årnes - Oslo lufthavn,450,bus,RUT:ServiceJourney:85f13d0166faf9a54926dea8f4ef8161,False,planned,False,,,,,2026-09-07T15:44:36.205822+02:00
NSR:StopPlace:58963,Jessheim stasjon,2026-09-07T12:51:00+02:00,2026-09-07T12:51:00+02:00,,0.0,0,Dal,VYG:Line:R13,Drammen-Oslo S-Dal,R13,rail,VYG:ServiceJourney:1629_481150-R,False,planned,False,,,,,2026-09-07T15:44:36.205822+02:00
NSR:StopPlace:58963,Jessheim stasjon,2026-09-07T12:52:00+02:00,2026-09-07T12:52:00+02:00,,0.0,0,Årnes,RUT:Line:450,Årnes - Oslo lufthavn,450,bus,RUT:ServiceJourney:91ffd9afa9fe1fdcc549d487c5819401,False,planned,False,,,,,2026-09-07T15:44:36.205822+02:00
NSR:StopPlace:58963,Jessheim stasjon,2026-09-07T12:55:00+02:00,2026-09-07T12:55:00+02:00,,0.0,0,Jessheim sør,RUT:Line:426,Jessheim ring,426,bus,RUT:ServiceJourney:163eeb11c9ce1e5a94cdf978aaf51216,False,planned,False,,,,,2026-09-07T15:44:36.205822+02:00
NSR:StopPlace:58963,Jessheim stasjon,2026-09-07T12:55:00+02:00,2026-09-07T12:55:00+02:00,,0.0,0,Eidsvoll,RUT:Line:430,Eidsvoll - Jessheim,430,bus,RUT:ServiceJourney:2a06111cb19b2492029369af0623658f,False,planned,False,,,,,2026-09-07T15:44:36.205822+02:00
NSR:StopPlace:58963,Jessheim stasjon,2026-09-07T12:58:00+02:00,2026-09-07T12:58:00+02:00,,0.0,0,Nordkisa,RUT:Line:440,Fenstad/Nordkisa - Oslo lufthavn,440,bus,RUT:ServiceJourney:bc553af4bdaa84c2a922b37368eb1067,False,planned,False,,,,,2026-09-07T15:44:36.205822+02:00
NSR:StopPlace:58963,Jessheim stasjon,2026-09-07T13:01:00+02:00,2026-09-07T13:01:00+02:00,,0.0,0,Oslo lufthavn,RUT:Line:440,Fenstad/Nordkisa - Oslo lufthavn,440,bus,RUT:ServiceJourney:3c9b66a4c2bc2c133e5a6ff233f660f1,False,planned,False,,,,,2026-09-07T15:44:36.205822+02:00
NSR:StopPlace:58963,Jessheim stasjon,2026-09-07T13:03:00+02:00,2026-09-07T13:03:00+02:00,,0.0,0,Kopperud,RUT:Line:420,Maura -  Jessheim,420,bus,RUT:ServiceJourney:c1e7d221be87d4928c4dca27f862892e,False,planned,False,,,,,2026-09-07T15:44:36.205822+02:00
NSR:StopPlace:58963,Jessheim stasjon,2026-09-07T13:06:00+02:00,2026-09-07T13:06:00+02:00,,0.0,0,Oslo lufthavn,RUT:Line:450,Årnes - Oslo lufthavn,450,bus,RUT:ServiceJourney:256a7c19b7df974f16178bcb92876ee5,False,planned,False,,,,,2026-09-07T15:44:36.205822+02:00
NSR:StopPlace:58963,Jessheim stasjon,2026-09-07T13:07:00+02:00,2026-09-07T13:07:00+02:00,,0.0,0,Årnes,RUT:Line:450,Årnes - Oslo lufthavn,450,bus,RUT:ServiceJourney:3e7a077f998830f234184af6fe3f452e,False,planned,False,,,,,2026-09-07T15:44:36.205822+02:00
NSR:StopPlace:58963,Jessheim stasjon,2026-09-07T13:10:00+02:00,2026-09-07T13:10:00+02:00,,0.0,0,Eidsvoll,RUT:Line:430,Eidsvoll - Jessheim,430,bus,RUT:ServiceJourney:0ad2b9d43a970799b0991c3df9af3e05,False,planned,False,,,,,2026-09-07T15:44:36.205822+02:00
NSR:StopPlace:58963,Jessheim stasjon,2026-09-07T13:13:00+02:00,2026-09-07T13:13:00+02:00,,0.0,0,Nordkisa,RUT:Line:440,Fenstad/Nordkisa - Oslo lufthavn,440,bus,RUT:ServiceJourney:b297bf13f30aecf01b5cb1ce9ece2198,False,planned,False,,,,,2026-09-07T15:44:36.205822+02:00
NSR:StopPlace:58963,Jessheim stasjon,2026-09-07T13:15:00+02:00,2026-09-07T13:15:00+02:00,,0.0,0,Jessheim sør,RUT:Line:426,Jessheim ring,426,bus,RUT:ServiceJourney:be96f8c05b8cdd66cda9f0e8538ca5b5,False,planned,False,,,,,2026-09-07T15:44:36.205822+02:00
NSR:StopPlace:58963,Jessheim stasjon,2026-09-07T13:16:00+02:00,2026-09-07T13:16:00+02:00,,0.0,0,Oslo lufthavn,RUT:Line:440,Fenstad/Nordkisa - Oslo lufthavn,440,bus,RUT:ServiceJourney:22f76b25f3593979e74c07571e4e3dfc,False,planned,False,,,,,2026-09-07T15:44:36.205822+02:00
NSR:StopPlace:58963,Jessheim stasjon,2026-09-07T13:21:00+02:00,2026-09-07T13:21:00+02:00,,0.0,0,Aktivitetsvegen,RUT:Line:450,Årnes - Oslo lufthavn,450,bus,RUT:ServiceJourney:e47ea051e7d0ccb95fbb39f033eb9c91,False,planned,False,,,,,2026-09-07T15:44:36.205822+02:00
NSR:StopPlace:58963,Jessheim stasjon,2026-09-07T13:21:00+02:00,2026-09-07T13:21:00+02:00,,0.0,0,Dal,VYG:Line:R13,Drammen-Oslo S-Dal,R13,rail,VYG:ServiceJourney:1631_443278-R,False,planned,False,,,,,2026-09-07T15:44:36.205822+02:00
NSR:StopPlace:58963,Jessheim stasjon,2026-09-07T13:22:00+02:00,2026-09-07T13:22:00+02:00,,0.0,0,Årnes,RUT:Line:450,Årnes - Oslo lufthavn,450,bus,RUT:ServiceJourney:44e991ada8029311485eba8a51dd92f9,False,planned,False,,,,,2026-09-07T15:44:36.205822+02:00
NSR:StopPlace:58963,Jessheim stasjon,2026-09-07T13:25:00+02:00,2026-09-07T13:25:00+02:00,,0.0,0,Eidsvoll,RUT:Line:430,Eidsvoll - Jessheim,430,bus,RUT:ServiceJourney:23b3482117293a87b411553905932e5a,False,planned,False,,,,,2026-09-07T15:44:36.205822+02:00
NSR:StopPlace:58963,Jessheim stasjon,2026-09-07T13:28:00+02:00,2026-09-07T13:28:00+02:00,,0.0,0,Nordkisa,RUT:Line:440,Fenstad/Nordkisa - Oslo lufthavn,440,bus,RUT:ServiceJourney:fef6fdc278e846057157cb1ee4c97f50,False,planned,False,,,,,2026-09-07T15:44:36.205822+02:00
NSR:StopPlace:58964,Kløfta stasjon,2026-09-07T11:49:00+02:00,2026-09-07T11:49:00+02:00,,0.0,0,Herbergåsen,RUT:Line:460,Herbergåsen - Kløfta,460,bus,RUT:ServiceJourney:9654a28f64ac98c8edc40ae2018c847b,False,planned,False,,,,,2026-09-07T15:44:36.205822+02:00
NSR:StopPlace:58964,Kløfta stasjon,2026-09-07T11:51:00+02:00,2026-09-07T11:51:00+02:00,,0.0,0,Kløfta,RUT:Line:425,Kløfta – Oslo lufthavn,425,bus,RUT:ServiceJourney:b420dd7cdd7f8db40235f762ee0bb666,False,planned,False,,,,,2026-09-07T15:44:36.205822+02:00
NSR:StopPlace:58964,Kløfta stasjon,2026-09-07T12:03:00+02:00,2026-09-07T12:03:00+02:00,,0.0,0,Oslo lufthavn,RUT:Line:425,Kløfta – Oslo lufthavn,425,bus,RUT:ServiceJourney:83c581fc670f5db4cc22c52870594385,False,planned,False,,,,,2026-09-07T15:44:36.205822+02:00
NSR:StopPlace:58964,Kløfta stasjon,2026-09-07T12:14:00+02:00,2026-09-07T12:14:00+02:00,,0.0,0,Drammen,VYG:Line:R13,Drammen-Oslo S-Dal,R13,rail,VYG:ServiceJourney:1630_443277-R,False,planned,False,,,,,2026-09-07T15:44:36.205822+02:00
NSR:StopPlace:58964,Kløfta stasjon,2026-09-07T12:14:00+02:00,2026-09-07T12:14:00+02:00,,0.0,0,Dal,VYG:Line:R13,Drammen-Oslo S-Dal,R13,rail,VYG:ServiceJourney:1627_481148-R,False,planned,False,,,,,2026-09-07T15:44:36.205822+02:00
NSR:StopPlace:58964,Kløfta stasjon,2026-09-07T12:44:00+02:00,2026-09-07T12:44:00+02:00,,0.0,0,Drammen,VYG:Line:R13,Drammen-Oslo S-Dal,R13,rail,VYG:ServiceJourney:1632_443281-R,False,planned,False,,,,,2026-09-07T15:44:36.205822+02:00
NSR:StopPlace:58964,Kløfta stasjon,2026-09-07T12:44:00+02:00,2026-09-07T12:44:00+02:00,,0.0,0,Dal,VYG:Line:R13,Drammen-Oslo S-Dal,R13,rail,VYG:ServiceJourney:1629_481150-R,False,planned,False,,,,,2026-09-07T15:44:36.205822+02:00
NSR:StopPlace:58964,Kløfta stasjon,2026-09-07T12:49:00+02:00,2026-09-07T12:49:00+02:00,,0.0,0,Herbergåsen,RUT:Line:460,Herbergåsen - Kløfta,460,bus,RUT:ServiceJourney:4cd38789af64b793d7689474556ef912,False,planned,False,,,,,2026-09-07T15:44:36.205822+02:00
NSR:StopPlace:58964,Kløfta stasjon,2026-09-07T12:51:00+02:00,2026-09-07T12:51:00+02:00,,0.0,0,Kløfta,RUT:Line:425,Kløfta – Oslo lufthavn,425,bus,RUT:ServiceJourney:aa83db224621e1a967e5ad88fcb83994,False,planned,False,,,,,2026-09-07T15:44:36.205822+02:00
NSR:StopPlace:58964,Kløfta stasjon,2026-09-07T13:03:00+02:00,2026-09-07T13:03:00+02:00,,0.0,0,Oslo lufthavn,RUT:Line:425,Kløfta – Oslo lufthavn,425,bus,RUT:ServiceJourney:16f5676c0c9b352d1b6e1c1c8c4c5199,False,planned,False,,,,,2026-09-07T15:44:36.205822+02:00
NSR:StopPlace:58964,Kløfta stasjon,2026-09-07T13:14:00+02:00,2026-09-07T13:14:00+02:00,,0.0,0,Dal,VYG:Line:R13,Drammen-Oslo S-Dal,R13,rail,VYG:ServiceJourney:1631_443278-R,False,planned,False,,,,,2026-09-07T15:44:36.205822+02:00
NSR:StopPlace:58964,Kløfta stasjon,2026-09-07T13:44:00+02:00,2026-09-07T13:44:00+02:00,,0.0,0,Dal,VYG:Line:R13,Drammen-Oslo S-Dal,R13,rail,VYG:ServiceJourney:1633_443282-R,False,planned,False,Forsinket,Toget kjørte 10 minutter forsinket fra Drammen. Dette skyldes en tidligere stans.,incident,normal,2026-09-07T15:44:36.205822+02:00
NSR:StopPlace:58964,Kløfta stasjon,2026-09-07T13:49:00+02:00,2026-09-07T13:49:00+02:00,,0.0,0,Herbergåsen,RUT:Line:460,Herbergåsen - Kløfta,460,bus,RUT:ServiceJourney:abdbafd1277f2a7be894d8834278fbf2,False,planned,False,,,,,2026-09-07T15:44:36.205822+02:00
NSR:StopPlace:58964,Kløfta stasjon,2026-09-07T13:51:00+02:00,2026-09-07T13:51:00+02:00,,0.0,0,Kløfta,RUT:Line:425,Kløfta – Oslo lufthavn,425,bus,RUT:ServiceJourney:42de1ae5b5364b6bb2b4594b8566c582,False,planned,False,,,,,2026-09-07T15:44:36.205822+02:00
NSR:StopPlace:58964,Kløfta stasjon,2026-09-07T14:03:00+02:00,2026-09-07T14:03:00+02:00,,0.0,0,Oslo lufthavn,RUT:Line:425,Kløfta – Oslo lufthavn,425,bus,RUT:ServiceJourney:cdf3d7df30ca759fc7f7ee89a691d390,False,planned,False,,,,,2026-09-07T15:44:36.205822+02:00
NSR:StopPlace:58964,Kløfta stasjon,2026-09-07T16:19:00+02:00,2026-09-07T16:19:00+02:00,,0.0,0,Herbergåsen,RUT:Line:460,Herbergåsen - Kløfta,460,bus,RUT:ServiceJourney:027a2818042070cc4cb51351a3990518,False,planned,False,,,,,2026-09-07T15:44:36.205822+02:00
NSR:StopPlace:58966,Porsgrunn stasjon,2026-09-07T11:45:00+02:00,2026-09-07T11:45:00+02:00,,0.0,0,Skien,VYG:Line:RE11,Eidsvoll-Oslo S-Skien,RE11,rail,VYG:ServiceJourney:811_481329-R,False,planned,False,Heis på Porsgrunn ute av drift,Heisen på Porsgrunn til spor 2 er ute av drift.,general,normal,2026-09-07T15:44:36.205822+02:00
NSR:StopPlace:58966,Porsgrunn stasjon,2026-09-07T11:51:00+02:00,2026-09-07T11:51:00+02:00,,0.0,0,Notodden,VYG:Line:R55,Porsgrunn-Notodden,R55,rail,VYG:ServiceJourney:2478_443749-R,False,planned,False,Heis på Porsgrunn ute av drift,Heisen på Porsgrunn til spor 2 er ute av drift.,general,normal,2026-09-07T15:44:36.205822+02:00
NSR:StopPlace:58966,Porsgrunn stasjon,2026-09-07T12:45:00+02:00,2026-09-07T12:45:00+02:00,,0.0,0,Skien,VYG:Line:RE11,Eidsvoll-Oslo S-Skien,RE11,rail,VYG:ServiceJourney:813_444393-R,False,planned,False,Heis på Porsgrunn ute av drift,Heisen på Porsgrunn til spor 2 er ute av drift.,general,normal,2026-09-07T15:44:36.205822+02:00
NSR:StopPlace:58966,Porsgrunn stasjon,2026-09-07T13:45:00+02:00,2026-09-07T13:45:00+02:00,,0.0,0,Skien,VYG:Line:RE11,Eidsvoll-Oslo S-Skien,RE11,rail,VYG:ServiceJourney:815_444395-R,False,planned,False,Heis på Porsgrunn ute av drift,Heisen på Porsgrunn til spor 2 er ute av drift.,general,normal,2026-09-07T15:44:36.205822+02:00
NSR:StopPlace:58966,Porsgrunn stasjon,2026-09-07T16:06:00+02:00,2026-09-07T16:06:00+02:00,,0.0,0,Notodden,VYG:Line:R55,Porsgrunn-Notodden,R55,rail,VYG:ServiceJourney:BUS-2484_698795-R,False,planned,False,,,,,2026-09-07T15:44:36.205822+02:00
NSR:StopPlace:58960,Trofors stasjon,2026-09-07T14:05:00+02:00,2026-09-07T14:05:00+02:00,,0.0,0,Leira kryss,NOR:Line:12_8234,Fiplingdal-Trofors,234,bus,NOR:ServiceJourney:8234_260317123415333_2002,False,planned,False,,,,,2026-09-07T15:44:36.205822+02:00
NSR:StopPlace:58971,Mosjøen stasjon,2026-09-07T12:48:00+02:00,2026-09-07T12:48:00+02:00,,0.0,0,Mosjøen,NOR:Line:12_3705,Mosjøen-Sandnessjøen,705,bus,NOR:ServiceJourney:3705_260506076094435_1003,False,planned,False,,,,,2026-09-07T15:44:36.205822+02:00
NSR:StopPlace:58916,Charlottenberg station,2026-09-07T12:30:00+02:00,2026-09-07T12:30:00+02:00,,0.0,0,Kongsvinger,INN:Line:120,Kongsvinger - Charlottenberg,120,bus,INN:ServiceJourney:54609,False,planned,False,,,,,2026-09-07T15:44:36.205822+02:00
NSR:StopPlace:58916,Charlottenberg station,2026-09-07T13:30:00+02:00,2026-09-07T13:30:00+02:00,,0.0,0,Kongsvinger,INN:Line:120,Kongsvinger - Charlottenberg,120,bus,INN:ServiceJourney:54610,False,planned,False,,,,,2026-09-07T15:44:36.205822+02:00
NSR:StopPlace:58918,Nodeland stasjon,2026-09-07T11:51:00+02:00,2026-09-07T11:51:00+02:00,,0.0,0,Høllen,AKT:Line:1048,Høllen - Nodelandsheia,48,bus,AKT:ServiceJourney:76990_142_22_84840_86160_1099022,False,planned,False,,,,,2026-09-07T15:44:36.205822+02:00
NSR:StopPlace:58918,Nodeland stasjon,2026-09-07T12:38:00+02:00,2026-09-07T12:38:00+02:00,,0.0,0,Hortemo,AKT:Line:1048,Høllen - Nodelandsheia,48,bus,AKT:ServiceJourney:76953_141_21_89040_90300_3957751,False,planned,False,,,,,2026-09-07T15:44:36.205822+02:00
NSR:StopPlace:58918,Nodeland stasjon,2026-09-07T12:51:00+02:00,2026-09-07T12:51:00+02:00,,0.0,0,Høllen,AKT:Line:1048,Høllen - Nodelandsheia,48,bus,AKT:ServiceJourney:76991_152_22_92040_93360_1099022,False,planned,False,,,,,2026-09-07T15:44:36.205822+02:00
NSR:StopPlace:58918,Nodeland stasjon,2026-09-07T13:38:00+02:00,2026-09-07T13:38:00+02:00,,0.0,0,Hortemo,AKT:Line:1048,Høllen - Nodelandsheia,48,bus,AKT:ServiceJourney:76954_151_21_96240_97500_3957751,False,planned,False,,,,,2026-09-07T15:44:36.205822+02:00
NSR:StopPlace:58918,Nodeland stasjon,2026-09-07T13:40:00+02:00,2026-09-07T13:40:00+02:00,,0.0,0,Stokkeland,AKT:Line:2175,Stokkeland - Tunballen skole,2175,bus,AKT:ServiceJourney:76924_1126_17_98400_99000_40001049,False,planned,False,,,,,2026-09-07T15:44:36.205822+02:00
NSR:StopPlace:58918,Nodeland stasjon,2026-09-07T13:51:00+02:00,2026-09-07T13:51:00+02:00,,0.0,0,Høllen,AKT:Line:1048,Høllen - Nodelandsheia,48,bus,AKT:ServiceJourney:76992_162_22_99240_100560_1099022,False,planned,False,,,,,2026-09-07T15:44:36.205822+02:00
NSR:StopPlace:58919,Sira stasjon,2026-09-07T11:55:00+02:00,2026-09-07T11:55:00+02:00,,0.0,0,Sira,AKT:Line:260,Flekkefjord - Sira - Moi,260,bus,AKT:ServiceJourney:84211_51_46_83400_86760_3935561,False,planned,False,,,,,2026-09-07T15:44:36.205822+02:00
NSR:StopPlace:58919,Sira stasjon,2026-09-07T12:06:00+02:00,2026-09-07T12:06:00+02:00,,0.0,0,Flekkefjord,AKT:Line:260,Flekkefjord - Sira - Moi,260,bus,AKT:ServiceJourney:84211_51_46_83400_86760_3935561,False,planned,False,,,,,2026-09-07T15:44:36.205822+02:00
NSR:StopPlace:58919,Sira stasjon,2026-09-07T13:15:00+02:00,2026-09-07T13:15:00+02:00,,0.0,0,Sira,AKT:Line:260,Flekkefjord - Sira - Moi,260,bus,AKT:ServiceJourney:57205_61_46_93000_96300_3935561,False,planned,False,,,,,2026-09-07T15:44:36.205822+02:00
NSR:StopPlace:58919,Sira stasjon,2026-09-07T13:25:00+02:00,2026-09-07T13:25:00+02:00,,0.0,0,Flekkefjord,AKT:Line:260,Flekkefjord - Sira - Moi,260,bus,AKT:ServiceJourney:57205_61_46_93000_96300_3935561,False,planned,False,,,,,2026-09-07T15:44:36.205822+02:00
NSR:StopPlace:58920,Snartemo stasjon,2026-09-07T12:55:00+02:00,2026-09-07T12:55:00+02:00,,0.0,0,Birkeland - Bryggeså,AKT:Line:240,Skoleruter Hægebostad,240,bus,AKT:ServiceJourney:65991_32_22_93000_94500_1072403,False,planned,False,,,,,2026-09-07T15:44:36.205822+02:00
NSR:StopPlace:58920,Snartemo stasjon,2026-09-07T12:56:00+02:00,2026-09-07T12:56:00+02:00,,0.0,0,Lyngdal,AKT:Line:4111,Lyngdal - Bryggeså,411,bus,AKT:ServiceJourney:65060_22_14_93120_94920_3935503,False,planned,False,,,,,2026-09-07T15:44:36.205822+02:00
NSR:StopPlace:58921,Vennesla stasjon,2026-09-07T11:48:00+02:00,2026-09-07T11:48:00+02:00,,0.0,0,Kristiansand,AKT:Line:31,Kvadraturen - Sødal - Vennesla,31,bus,AKT:ServiceJourney:79686_162_44_83640_85860_3950001,False,planned,False,,,,,2026-09-07T15:44:36.205822+02:00
NSR:StopPlace:58921,Vennesla stasjon,2026-09-07T12:14:00+02:00,2026-09-07T12:14:00+02:00,,0.0,0,Vennesla - Grovane st. via Moseidmoen,AKT:Line:30,Kvadraturen - Mosby - Vennesl,30,bus,AKT:ServiceJourney:79390_131_49_84600_87300_40001566,False,planned,False,,,,,2026-09-07T15:44:36.205822+02:00
NSR:StopPlace:58921,Vennesla stasjon,2026-09-07T12:23:00+02:00,2026-09-07T12:23:00+02:00,,0.0,0,Kristiansand via Mosby,AKT:Line:30,Kvadraturen - Mosby - Vennesl,30,bus,AKT:ServiceJourney:79453_142_48_87240_90000_40001545,False,planned,False,,,,,2026-09-07T15:44:36.205822+02:00
NSR:StopPlace:58921,Vennesla stasjon,2026-09-07T12:38:00+02:00,2026-09-07T12:38:00+02:00,,0.0,0,Vennesla - Grovane st.,AKT:Line:31,Kvadraturen - Sødal - Vennesla,31,bus,AKT:ServiceJourney:79647_121_42_88200_90300_3950310,False,planned,False,,,,,2026-09-07T15:44:36.205822+02:00
NSR:StopPlace:58921,Vennesla stasjon,2026-09-07T12:48:00+02:00,2026-09-07T12:48:00+02:00,,0.0,0,Kristiansand,AKT:Line:31,Kvadraturen - Sødal - Vennesla,31,bus,AKT:ServiceJourney:79687_172_44_90840_93060_3950001,False,planned,False,,,,,2026-09-07T15:44:36.205822+02:00
NSR:StopPlace:58921,Vennesla stasjon,2026-09-07T13:14:00+02:00,2026-09-07T13:14:00+02:00,,0.0,0,Vennesla - Grovane st. via Moseidmoen,AKT:Line:30,Kvadraturen - Mosby - Vennesl,30,bus,AKT:ServiceJourney:79391_141_49_91800_94500_40001566,False,planned,False,,,,,2026-09-07T15:44:36.205822+02:00
NSR:StopPlace:58921,Vennesla stasjon,2026-09-07T13:23:00+02:00,2026-09-07T13:23:00+02:00,,0.0,0,Kristiansand via Mosby,AKT:Line:30,Kvadraturen - Mosby - Vennesl,30,bus,AKT:ServiceJourney:79454_152_48_94440_97200_40001545,False,planned,False,,,,,2026-09-07T15:44:36.205822+02:00
NSR:StopPlace:58921,Vennesla stasjon,2026-09-07T13:38:00+02:00,2026-09-07T13:38:00+02:00,,0.0,0,Vennesla - Grovane st.,AKT:Line:31,Kvadraturen - Sødal - Vennesla,31,bus,AKT:ServiceJourney:79648_131_42_95400_97500_3950310,False,planned,False,,,,,2026-09-07T15:44:36.205822+02:00
NSR:StopPlace:58921,Vennesla stasjon,2026-09-07T13:48:00+02:00,2026-09-07T13:48:00+02:00,,0.0,0,Kristiansand,AKT:Line:31,Kvadraturen - Sødal - Vennesla,31,bus,AKT:ServiceJourney:79688_182_44_98040_100260_3950001,False,planned,False,,,,,2026-09-07T15:44:36.205822+02:00
NSR:StopPlace:58921,Vennesla stasjon,2026-09-07T13:59:00+02:00,2026-09-07T13:59:00+02:00,,0.0,0,Vennesla - Grovane st. via Moseidmoen,AKT:Line:30,Kvadraturen - Mosby - Vennesl,30,bus,AKT:ServiceJourney:79392_151_49_97200_99900_40001566,False,planned,False,,,,,2026-09-07T15:44:36.205822+02:00
NSR:StopPlace:58924,Bryne stasjon,2026-09-07T11:59:00+02:00,2026-09-07T11:59:00+02:00,,0.0,0,Nærbø,GOA:Line:59,Jærbanen,L5,rail,GOA:ServiceJourney:3030_63067-R,False,planned,False,,,,,2026-09-07T15:44:36.205822+02:00
NSR:StopPlace:58924,Bryne stasjon,2026-09-07T11:59:00+02:00,2026-09-07T11:59:00+02:00,,0.0,0,Stavanger,GOA:Line:59,Jærbanen,L5,rail,GOA:ServiceJourney:3029_63065-R,False,planned,False,,,,,2026-09-07T15:44:36.205822+02:00
NSR:StopPlace:58924,Bryne stasjon,2026-09-07T12:10:00+02:00,2026-09-07T12:10:00+02:00,,0.0,0,Lyefjell,KOL:Line:8_2017,50,50,bus,KOL:ServiceJourney:2017_260407061541777_2012,False,planned,False,,,,,2026-09-07T15:44:36.205822+02:00
NSR:StopPlace:58924,Bryne stasjon,2026-09-07T12:20:00+02:00,2026-09-07T12:20:00+02:00,,0.0,0,Sandnes via Kleppekrossen,KOL:Line:8_2019,52,52,bus,KOL:ServiceJourney:2019_260728141809940_1011,False,planned,False,,,,,2026-09-07T15:44:36.205822+02:00
NSR:StopPlace:58924,Bryne stasjon,2026-09-07T12:26:00+02:00,2026-09-07T12:26:00+02:00,,0.0,0,Stavanger,GOA:Line:59,Jærbanen,L5,rail,GOA:ServiceJourney:3031_63068-R,False,planned,False,,,,,2026-09-07T15:44:36.205822+02:00
NSR:StopPlace:58924,Bryne stasjon,2026-09-07T12:27:00+02:00,2026-09-07T12:27:00+02:00,,0.0,0,Egersund,GOA:Line:59,Jærbanen,L5,rail,GOA:ServiceJourney:3032_63069-R,False,planned,False,,,,,2026-09-07T15:44:36.205822+02:00
NSR:StopPlace:58924,Bryne stasjon,2026-09-07T12:35:00+02:00,2026-09-07T12:35:00+02:00,,0.0,0,Nærbø via Pollestad,KOL:Line:8_2022,57,57,bus,KOL:ServiceJourney:2022_250903083238527_1001,False,planned,False,,,,,2026-09-07T15:44:36.205822+02:00
NSR:StopPlace:58924,Bryne stasjon,2026-09-07T12:40:00+02:00,2026-09-07T12:40:00+02:00,,0.0,0,Lyefjell,KOL:Line:8_2017,50,50,bus,KOL:ServiceJourney:2017_260407061524596_2013,False,planned,False,,,,,2026-09-07T15:44:36.205822+02:00
NSR:StopPlace:58924,Bryne stasjon,2026-09-07T12:58:00+02:00,2026-09-07T12:58:00+02:00,,0.0,0,Nærbø,GOA:Line:59,Jærbanen,L5,rail,GOA:ServiceJourney:3034_63071-R,False,planned,False,,,,,2026-09-07T15:44:36.205822+02:00
NSR:StopPlace:58924,Bryne stasjon,2026-09-07T12:58:00+02:00,2026-09-07T12:58:00+02:00,,0.0,0,Stavanger,GOA:Line:59,Jærbanen,L5,rail,GOA:ServiceJourney:3033_63070-R,False,planned,False,,,,,2026-09-07T15:44:36.205822+02:00
NSR:StopPlace:58924,Bryne stasjon,2026-09-07T13:10:00+02:00,2026-09-07T13:10:00+02:00,,0.0,0,Lyefjell,KOL:Line:8_2017,50,50,bus,KOL:ServiceJourney:2017_260407061537265_2014,False,planned,False,,,,,2026-09-07T15:44:36.205822+02:00
NSR:StopPlace:58924,Bryne stasjon,2026-09-07T13:20:00+02:00,2026-09-07T13:20:00+02:00,,0.0,0,Sandnes via Kleppekrossen,KOL:Line:8_2019,52,52,bus,KOL:ServiceJourney:2019_260728141809944_1012,False,planned,False,,,,,2026-09-07T15:44:36.205822+02:00
NSR:StopPlace:58924,Bryne stasjon,2026-09-07T13:26:00+02:00,2026-09-07T13:26:00+02:00,,0.0,0,Stavanger,GOA:Line:59,Jærbanen,L5,rail,GOA:ServiceJourney:3035_63072-R,False,planned,False,,,,,2026-09-07T15:44:36.205822+02:00
NSR:StopPlace:58924,Bryne stasjon,2026-09-07T13:27:00+02:00,2026-09-07T13:27:00+02:00,,0.0,0,Egersund,GOA:Line:59,Jærbanen,L5,rail,GOA:ServiceJourney:3036_63073-R,False,planned,False,,,,,2026-09-07T15:44:36.205822+02:00
NSR:StopPlace:58924,Bryne stasjon,2026-09-07T13:35:00+02:00,2026-09-07T13:35:00+02:00,,0.0,0,Øksnavadporten via Kvernaland,KOL:Line:8_2018,53,53,bus,KOL:ServiceJourney:2018_250903083238448_1001,False,planned,False,Forsinket på grunn av mye trafikk,,incident,severe,2026-09-07T15:44:36.205822+02:00
NSR:StopPlace:58924,Bryne stasjon,2026-09-07T13:40:00+02:00,2026-09-07T13:40:00+02:00,,0.0,0,Lyefjell,KOL:Line:8_2017,50,50,bus,KOL:ServiceJourney:2017_260407061537446_2015,False,planned,False,,,,,2026-09-07T15:44:36.205822+02:00
NSR:StopPlace:58924,Bryne stasjon,2026-09-07T13:57:00+02:00,2026-09-07T13:57:00+02:00,,0.0,0,Stavanger,GOA:Line:59,Jærbanen,L5,rail,GOA:ServiceJourney:3037_63074-R,False,planned,False,,,,,2026-09-07T15:44:36.205822+02:00
NSR:StopPlace:58924,Bryne stasjon,2026-09-07T13:58:00+02:00,2026-09-07T13:58:00+02:00,,0.0,0,Egersund,GOA:Line:59,Jærbanen,L5,rail,GOA:ServiceJourney:3038_63076-R,False,planned,False,,,,,2026-09-07T15:44:36.205822+02:00
NSR:StopPlace:58924,Bryne stasjon,2026-09-07T14:10:00+02:00,2026-09-07T14:10:00+02:00,,0.0,0,Lyefjell,KOL:Line:8_2017,50,50,bus,KOL:ServiceJourney:2017_260407061537626_2016,False,planned,False,,,,,2026-09-07T15:44:36.205822+02:00
NSR:StopPlace:58924,Bryne stasjon,2026-09-07T16:20:00+02:00,2026-09-07T16:20:00+02:00,,0.0,0,Sandnes via Kleppekrossen,KOL:Line:8_2019,52,52,bus,KOL:ServiceJourney:2019_260728141809954_1019,False,planned,False,,,,,2026-09-07T15:44:36.205822+02:00
NSR:StopPlace:58925,Gausel stasjon,2026-09-07T11:45:00+02:00,2026-09-07T11:45:00+02:00,,0.0,0,Forus,KOL:Line:8_1003,2,2,bus,KOL:ServiceJourney:1003_251008123069938_1056,False,planned,False,,,,,2026-09-07T15:44:36.205822+02:00
NSR:StopPlace:58925,Gausel stasjon,2026-09-07T11:47:00+02:00,2026-09-07T11:47:00+02:00,,0.0,0,Stavanger,KOL:Line:8_1001,1,1,bus,KOL:ServiceJourney:1001_251008118375196_2049,False,planned,False,,,,,2026-09-07T15:44:36.205822+02:00
NSR:StopPlace:58925,Gausel stasjon,2026-09-07T11:49:00+02:00,2026-09-07T11:49:00+02:00,,0.0,0,Stavanger,GOA:Line:59,Jærbanen,L5,rail,GOA:ServiceJourney:3027_63063-R,False,planned,False,,,,,2026-09-07T15:44:36.205822+02:00
NSR:StopPlace:58925,Gausel stasjon,2026-09-07T11:50:00+02:00,2026-09-07T11:50:00+02:00,,0.0,0,Skeiane,GOA:Line:59,Jærbanen,L5,rail,GOA:ServiceJourney:3128_63173-R,False,planned,False,,,,,2026-09-07T15:44:36.205822+02:00
NSR:StopPlace:58925,Gausel stasjon,2026-09-07T11:50:00+02:00,2026-09-07T11:50:00+02:00,,0.0,0,Sandnes,KOL:Line:8_1001,1,1,bus,KOL:ServiceJourney:1001_251008118347058_1046,False,planned,False,,,,,2026-09-07T15:44:36.205822+02:00
NSR:StopPlace:58925,Gausel stasjon,2026-09-07T11:52:00+02:00,2026-09-07T11:52:00+02:00,,0.0,0,Stavanger,KOL:Line:8_1003,2,2,bus,KOL:ServiceJourney:1003_251008123095461_2061,False,planned,False,,,,,2026-09-07T15:44:36.205822+02:00
NSR:StopPlace:58925,Gausel stasjon,2026-09-07T11:53:00+02:00,2026-09-07T11:53:00+02:00,,0.0,0,Vardenes via UiS-Stavanger,KOL:Line:8_1007,6,6,bus,KOL:ServiceJourney:1007_260729080906630_2037,False,planned,False,,,,,2026-09-07T15:44:36.205822+02:00
NSR:StopPlace:58925,Gausel stasjon,2026-09-07T11:55:00+02:00,2026-09-07T11:55:00+02:00,,0.0,0,Forus,KOL:Line:8_1003,2,2,bus,KOL:ServiceJourney:1003_251008123070047_1058,False,planned,False,,,,,2026-09-07T15:44:36.205822+02:00
NSR:StopPlace:58925,Gausel stasjon,2026-09-07T11:57:00+02:00,2026-09-07T11:57:00+02:00,,0.0,0,Stavanger,KOL:Line:8_1001,1,1,bus,KOL:ServiceJourney:1001_251008118375311_2050,False,planned,False,,,,,2026-09-07T15:44:36.205822+02:00
NSR:StopPlace:58925,Gausel stasjon,2026-09-07T11:59:00+02:00,2026-09-07T11:59:00+02:00,,0.0,0,Sandnes,KOL:Line:8_1007,6,6,bus,KOL:ServiceJourney:1007_260729080905473_1035,False,planned,False,,,,,2026-09-07T15:44:36.205822+02:00
NSR:StopPlace:58925,Gausel stasjon,2026-09-07T12:00:00+02:00,2026-09-07T12:00:00+02:00,,0.0,0,Sandnes,KOL:Line:8_1001,1,1,bus,KOL:ServiceJourney:1001_251008118347168_1048,False,planned,False,,,,,2026-09-07T15:44:36.205822+02:00
NSR:StopPlace:58925,Gausel stasjon,2026-09-07T12:02:00+02:00,2026-09-07T12:02:00+02:00,,0.0,0,Stavanger,KOL:Line:8_1003,2,2,bus,KOL:ServiceJourney:1003_251008123095583_2063,False,planned,False,,,,,2026-09-07T15:44:36.205822+02:00
NSR:StopPlace:58925,Gausel stasjon,2026-09-07T12:03:00+02:00,2026-09-07T12:03:00+02:00,,0.0,0,Stavanger,GOA:Line:59,Jærbanen,L5,rail,GOA:ServiceJourney:3129_63174-R,False,planned,False,,,,,2026-09-07T15:44:36.205822+02:00
NSR:StopPlace:58925,Gausel stasjon,2026-09-07T12:05:00+02:00,2026-09-07T12:05:00+02:00,,0.0,0,Egersund,GOA:Line:59,Jærbanen,L5,rail,GOA:ServiceJourney:3032_63069-R,False,planned,False,,,,,2026-09-07T15:44:36.205822+02:00
NSR:StopPlace:58925,Gausel stasjon,2026-09-07T12:05:00+02:00,2026-09-07T12:05:00+02:00,,0.0,0,Forus,KOL:Line:8_1003,2,2,bus,KOL:ServiceJourney:1003_251008123070156_1060,False,planned,False,,,,,2026-09-07T15:44:36.205822+02:00
NSR:StopPlace:58925,Gausel stasjon,2026-09-07T12:07:00+02:00,2026-09-07T12:07:00+02:00,,0.0,0,Stavanger,KOL:Line:8_1001,1,1,bus,KOL:ServiceJourney:1001_251008118375426_2052,False,planned,False,,,,,2026-09-07T15:44:36.205822+02:00
NSR:StopPlace:58925,Gausel stasjon,2026-09-07T12:08:00+02:00,2026-09-07T12:08:00+02:00,,0.0,0,Vardenes via UiS-Stavanger,KOL:Line:8_1007,6,6,bus,KOL:ServiceJourney:1007_260729080906867_2038,False,planned,False,,,,,2026-09-07T15:44:36.205822+02:00
NSR:StopPlace:58925,Gausel stasjon,2026-09-07T12:10:00+02:00,2026-09-07T12:10:00+02:00,,0.0,0,Sandnes,KOL:Line:8_1001,1,1,bus,KOL:ServiceJourney:1001_251008118347279_1049,False,planned,False,,,,,2026-09-07T15:44:36.205822+02:00
NSR:StopPlace:58925,Gausel stasjon,2026-09-07T12:12:00+02:00,2026-09-07T12:12:00+02:00,,0.0,0,Stavanger,KOL:Line:8_1003,2,2,bus,KOL:ServiceJourney:1003_251008123095706_2065,False,planned,False,,,,,2026-09-07T15:44:36.205822+02:00
NSR:StopPlace:58925,Gausel stasjon,2026-09-07T12:14:00+02:00,2026-09-07T12:14:00+02:00,,0.0,0,Sandnes,KOL:Line:8_1007,6,6,bus,KOL:ServiceJourney:1007_260729080905740_1037,False,planned,False,,,,,2026-09-07T15:44:36.205822+02:00
NSR:StopPlace:58925,Gausel stasjon,2026-09-07T12:15:00+02:00,2026-09-07T12:15:00+02:00,,0.0,0,Forus,KOL:Line:8_1003,2,2,bus,KOL:ServiceJourney:1003_251008123070267_1061,False,planned,False,,,,,2026-09-07T15:44:36.205822+02:00
NSR:StopPlace:58925,Gausel stasjon,2026-09-07T12:17:00+02:00,2026-09-07T12:17:00+02:00,,0.0,0,Stavanger,KOL:Line:8_1001,1,1,bus,KOL:ServiceJourney:1001_251008118375547_2053,False,planned,False,,,,,2026-09-07T15:44:36.205822+02:00
NSR:StopPlace:58925,Gausel stasjon,2026-09-07T12:19:00+02:00,2026-09-07T12:19:00+02:00,,0.0,0,Stavanger,GOA:Line:59,Jærbanen,L5,rail,GOA:ServiceJourney:3029_63065-R,False,planned,False,,,,,2026-09-07T15:44:36.205822+02:00
NSR:StopPlace:58925,Gausel stasjon,2026-09-07T12:20:00+02:00,2026-09-07T12:20:00+02:00,,0.0,0,Skeiane,GOA:Line:59,Jærbanen,L5,rail,GOA:ServiceJourney:3130_63175-R,False,planned,False,,,,,2026-09-07T15:44:36.205822+02:00
NSR:StopPlace:58925,Gausel stasjon,2026-09-07T12:20:00+02:00,2026-09-07T12:20:00+02:00,,0.0,0,Sandnes,KOL:Line:8_1001,1,1,bus,KOL:ServiceJourney:1001_251008118347388_1050,False,planned,False,,,,,2026-09-07T15:44:36.205822+02:00
NSR:StopPlace:58925,Gausel stasjon,2026-09-07T12:22:00+02:00,2026-09-07T12:22:00+02:00,,0.0,0,Stavanger,KOL:Line:8_1003,2,2,bus,KOL:ServiceJourney:1003_251008123095831_2066,False,planned,False,,,,,2026-09-07T15:44:36.205822+02:00
NSR:StopPlace:58925,Gausel stasjon,2026-09-07T12:23:00+02:00,2026-09-07T12:23:00+02:00,,0.0,0,Vardenes via UiS-Stavanger,KOL:Line:8_1007,6,6,bus,KOL:ServiceJourney:1007_260729080906633_2040,False,planned,False,,,,,2026-09-07T15:44:36.205822+02:00
NSR:StopPlace:58925,Gausel stasjon,2026-09-07T12:25:00+02:00,2026-09-07T12:25:00+02:00,,0.0,0,Forus,KOL:Line:8_1003,2,2,bus,KOL:ServiceJourney:1003_251008123070381_1063,False,planned,False,,,,,2026-09-07T15:44:36.205822+02:00
NSR:StopPlace:58925,Gausel stasjon,2026-09-07T12:27:00+02:00,2026-09-07T12:27:00+02:00,,0.0,0,Stavanger,KOL:Line:8_1001,1,1,bus,KOL:ServiceJourney:1001_251008118375663_2054,False,planned,False,,,,,2026-09-07T15:44:36.205822+02:00
NSR:StopPlace:58925,Gausel stasjon,2026-09-07T12:29:00+02:00,2026-09-07T12:29:00+02:00,,0.0,0,Sandnes,KOL:Line:8_1007,6,6,bus,KOL:ServiceJourney:1007_260729080905476_1038,False,planned,False,,,,,2026-09-07T15:44:36.205822+02:00
NSR:StopPlace:58925,Gausel stasjon,2026-09-07T12:30:00+02:00,2026-09-07T12:30:00+02:00,,0.0,0,Sandnes,KOL:Line:8_1001,1,1,bus,KOL:ServiceJourney:1001_251008118347497_1052,False,planned,False,,,,,2026-09-07T15:44:36.205822+02:00
NSR:StopPlace:58925,Gausel stasjon,2026-09-07T12:32:00+02:00,2026-09-07T12:32:00+02:00,,0.0,0,Stavanger,KOL:Line:8_1003,2,2,bus,KOL:ServiceJourney:1003_251008123095951_2068,False,planned,False,,,,,2026-09-07T15:44:36.205822+02:00
NSR:StopPlace:58925,Gausel stasjon,2026-09-07T12:33:00+02:00,2026-09-07T12:33:00+02:00,,0.0,0,Stavanger,GOA:Line:59,Jærbanen,L5,rail,GOA:ServiceJourney:3131_63176-R,False,planned,False,,,,,2026-09-07T15:44:36.205822+02:00
NSR:StopPlace:58925,Gausel stasjon,2026-09-07T12:35:00+02:00,2026-09-07T12:35:00+02:00,,0.0,0,Nærbø,GOA:Line:59,Jærbanen,L5,rail,GOA:ServiceJourney:3034_63071-R,False,planned,False,,,,,2026-09-07T15:44:36.205822+02:00
NSR:StopPlace:58925,Gausel stasjon,2026-09-07T12:35:00+02:00,2026-09-07T12:35:00+02:00,,0.0,0,Forus,KOL:Line:8_1003,2,2,bus,KOL:ServiceJourney:1003_251008123070495_1065,False,planned,False,,,,,2026-09-07T15:44:36.205822+02:00
NSR:StopPlace:58925,Gausel stasjon,2026-09-07T12:37:00+02:00,2026-09-07T12:37:00+02:00,,0.0,0,Stavanger,KOL:Line:8_1001,1,1,bus,KOL:ServiceJourney:1001_251008118375780_2056,False,planned,False,,,,,2026-09-07T15:44:36.205822+02:00
NSR:StopPlace:58925,Gausel stasjon,2026-09-07T12:38:00+02:00,2026-09-07T12:38:00+02:00,,0.0,0,Vardenes via UiS-Stavanger,KOL:Line:8_1007,6,6,bus,KOL:ServiceJourney:1007_260729080906870_2041,False,planned,False,,,,,2026-09-07T15:44:36.205822+02:00
NSR:StopPlace:58925,Gausel stasjon,2026-09-07T12:40:00+02:00,2026-09-07T12:40:00+02:00,,0.0,0,Sandnes,KOL:Line:8_1001,1,1,bus,KOL:ServiceJourney:1001_251008118347606_1053,False,planned,False,,,,,2026-09-07T15:44:36.205822+02:00
NSR:StopPlace:58925,Gausel stasjon,2026-09-07T12:42:00+02:00,2026-09-07T12:42:00+02:00,,0.0,0,Stavanger,KOL:Line:8_1003,2,2,bus,KOL:ServiceJourney:1003_251008123096071_2070,False,planned,False,,,,,2026-09-07T15:44:36.205822+02:00
NSR:StopPlace:58925,Gausel stasjon,2026-09-07T12:44:00+02:00,2026-09-07T12:44:00+02:00,,0.0,0,Sandnes,KOL:Line:8_1007,6,6,bus,KOL:ServiceJourney:1007_260729080905744_1040,False,planned,False,,,,,2026-09-07T15:44:36.205822+02:00
NSR:StopPlace:58925,Gausel stasjon,2026-09-07T12:45:00+02:00,2026-09-07T12:45:00+02:00,,0.0,0,Forus,KOL:Line:8_1003,2,2,bus,KOL:ServiceJourney:1003_251008123070607_1066,False,planned,False,,,,,2026-09-07T15:44:36.205822+02:00
NSR:StopPlace:58925,Gausel stasjon,2026-09-07T12:47:00+02:00,2026-09-07T12:47:00+02:00,,0.0,0,Stavanger,KOL:Line:8_1001,1,1,bus,KOL:ServiceJourney:1001_251008118375896_2057,False,planned,False,,,,,2026-09-07T15:44:36.205822+02:00
NSR:StopPlace:58925,Gausel stasjon,2026-09-07T12:48:00+02:00,2026-09-07T12:48:00+02:00,,0.0,0,Stavanger,GOA:Line:59,Jærbanen,L5,rail,GOA:ServiceJourney:3031_63068-R,False,planned,False,,,,,2026-09-07T15:44:36.205822+02:00
NSR:StopPlace:58925,Gausel stasjon,2026-09-07T12:50:00+02:00,2026-09-07T12:50:00+02:00,,0.0,0,Skeiane,GOA:Line:59,Jærbanen,L5,rail,GOA:ServiceJourney:3132_63177-R,False,planned,False,,,,,2026-09-07T15:44:36.205822+02:00
NSR:StopPlace:58925,Gausel stasjon,2026-09-07T12:50:00+02:00,2026-09-07T12:50:00+02:00,,0.0,0,Sandnes,KOL:Line:8_1001,1,1,bus,KOL:ServiceJourney:1001_251008118347719_1054,False,planned,False,,,,,2026-09-07T15:44:36.205822+02:00
NSR:StopPlace:58925,Gausel stasjon,2026-09-07T12:52:00+02:00,2026-09-07T12:52:00+02:00,,0.0,0,Stavanger,KOL:Line:8_1003,2,2,bus,KOL:ServiceJourney:1003_251008123096190_2071,False,planned,False,,,,,2026-09-07T15:44:36.205822+02:00
NSR:StopPlace:58925,Gausel stasjon,2026-09-07T12:53:00+02:00,2026-09-07T12:53:00+02:00,,0.0,0,Vardenes via UiS-Stavanger,KOL:Line:8_1007,6,6,bus,KOL:ServiceJourney:1007_260729080906637_2043,False,planned,False,,,,,2026-09-07T15:44:36.205822+02:00
NSR:StopPlace:58925,Gausel stasjon,2026-09-07T12:55:00+02:00,2026-09-07T12:55:00+02:00,,0.0,0,Forus,KOL:Line:8_1003,2,2,bus,KOL:ServiceJourney:1003_251008123070718_1068,False,planned,False,,,,,2026-09-07T15:44:36.205822+02:00
NSR:StopPlace:58925,Gausel stasjon,2026-09-07T12:57:00+02:00,2026-09-07T12:57:00+02:00,,0.0,0,Stavanger,KOL:Line:8_1001,1,1,bus,KOL:ServiceJourney:1001_251008118376009_2058,False,planned,False,,,,,2026-09-07T15:44:36.205822+02:00
NSR:StopPlace:58925,Gausel stasjon,2026-09-07T12:59:00+02:00,2026-09-07T12:59:00+02:00,,0.0,0,Sandnes,KOL:Line:8_1007,6,6,bus,KOL:ServiceJourney:1007_260729080905480_1041,False,planned,False,,,,,2026-09-07T15:44:36.205822+02:00
NSR:StopPlace:58926,Dale stasjon,2026-09-07T11:58:00+02:00,2026-09-07T11:58:00+02:00,,0.0,0,Bergen,VYG:Line:R40,Bergen-Voss-Myrdal-Ål,R40,rail,VYG:ServiceJourney:1819_465756-R,False,planned,False,,,,,2026-09-07T15:44:36.205822+02:00
NSR:StopPlace:58926,Dale stasjon,2026-09-07T12:25:00+02:00,2026-09-07T12:25:00+02:00,,0.0,0,Mo,SKY:Line:923,Modalen - Dale,923,bus,SKY:ServiceJourney:923-208760-21965689,False,planned,False,,,,,2026-09-07T15:44:36.205822+02:00
NSR:StopPlace:58926,Dale stasjon,2026-09-07T13:34:00+02:00,2026-09-07T13:34:00+02:00,,0.0,0,Bergen,VYG:Line:R40,Bergen-Voss-Myrdal-Ål,R40,rail,VYG:ServiceJourney:1821_465760-R,False,planned,False,,,,,2026-09-07T15:44:36.205822+02:00
NSR:StopPlace:58926,Dale stasjon,2026-09-07T14:08:00+02:00,2026-09-07T14:08:00+02:00,,0.0,0,Rødland,SKY:Line:921,Dale - Rødland,921,bus,SKY:ServiceJourney:921-208760-18016420,False,planned,False,,,,,2026-09-07T15:44:36.205822+02:00
NSR:StopPlace:58927,Flåm stasjon,2026-09-07T12:00:00+02:00,2026-09-07T12:00:00+02:00,,0.0,0,Lillehammer,VYX:Line:31,VY450 Bergen-Fagernes-Oslo,VY450,coach,VYX:ServiceJourney:e2499a8f4dcec8a0f46cb4077bc0117f151ce52f,False,planned,False,Forhåndsbestilling Vy,Billett må kjøpes på nett eller app senest 15 minutter før påstigning for at bussen skal kjøre innom holdeplassen.,general,normal,2026-09-07T15:44:36.205822+02:00
NSR:StopPlace:58927,Flåm stasjon,2026-09-07T12:00:00+02:00,2026-09-07T12:00:00+02:00,,0.0,0,Stegastein,NWB:Line:44942bdc-34ea-401b-ac9d-0561e8b56621,Stegastein viewpoint & Mt. Prest,,bus,NWB:ServiceJourney:b12607a3-547f-424b-8c34-93faf1deb2cc,False,planned,False,,,,,2026-09-07T15:44:36.205822+02:00
NSR:StopPlace:58927,Flåm stasjon,2026-09-07T12:10:00+02:00,2026-09-07T12:10:00+02:00,,0.0,0,Myrdal,VYG:Line:R45,Myrdal-Flåm,R45,rail,VYG:ServiceJourney:1858_465777-R,False,planned,False,,,,,2026-09-07T15:44:36.205822+02:00
NSR:StopPlace:58927,Flåm stasjon,2026-09-07T12:15:00+02:00,2026-09-07T12:15:00+02:00,,0.0,0,Gudvangen,NWB:Line:fe413f4b-8db5-4880-904a-e7540d67fe81,Flåm-Gudvangen Shuttle,,bus,NWB:ServiceJourney:8ebf3563-01c4-4a47-be8c-d1284091975e,False,planned,False,,,,,2026-09-07T15:44:36.205822+02:00
NSR:StopPlace:58927,Flåm stasjon,2026-09-07T12:30:00+02:00,2026-09-07T12:30:00+02:00,,0.0,0,Aurland,NWB:Line:02cd6bd7-d4e7-472f-b5f8-8beff5425948,Flåm-Aurland Shuttle,,bus,NWB:ServiceJourney:991d5562-6d49-4dfb-aeda-a4556d340762,False,planned,False,,,,,2026-09-07T15:44:36.205822+02:00
NSR:StopPlace:58927,Flåm stasjon,2026-09-07T13:00:00+02:00,2026-09-07T13:00:00+02:00,,0.0,0,Stegastein,NWB:Line:44942bdc-34ea-401b-ac9d-0561e8b56621,Stegastein viewpoint & Mt. Prest,,bus,NWB:ServiceJourney:0a528715-2bf5-4ea0-a0a4-50042d666c57,False,planned,False,,,,,2026-09-07T15:44:36.205822+02:00
NSR:StopPlace:58927,Flåm stasjon,2026-09-07T13:15:00+02:00,2026-09-07T13:15:00+02:00,,0.0,0,Gudvangen,NWB:Line:fe413f4b-8db5-4880-904a-e7540d67fe81,Flåm-Gudvangen Shuttle,,bus,NWB:ServiceJourney:fdc6829c-d59c-4441-a3f9-9ba4d107ea8b,False,planned,False,,,,,2026-09-07T15:44:36.205822+02:00
NSR:StopPlace:58927,Flåm stasjon,2026-09-07T13:34:00+02:00,2026-09-07T13:34:00+02:00,,0.0,0,Voss,VYX:Line:31,VY450 Bergen-Fagernes-Oslo,VY450,coach,VYX:ServiceJourney:57f68c75103382938305928ab0c48d66e0aba357,False,planned,False,Forhåndsbestilling Vy,Billett må kjøpes på nett eller app senest 15 minutter før påstigning for at bussen skal kjøre innom holdeplassen.,general,normal,2026-09-07T15:44:36.205822+02:00
NSR:StopPlace:58927,Flåm stasjon,2026-09-07T13:45:00+02:00,2026-09-07T13:45:00+02:00,,0.0,0,Gudvangen,NWB:Line:fe413f4b-8db5-4880-904a-e7540d67fe81,Flåm-Gudvangen Shuttle,,bus,NWB:ServiceJourney:ddf7b41b-0285-45e4-80c4-8f0d148f2d4b,False,planned,False,,,,,2026-09-07T15:44:36.205822+02:00
NSR:StopPlace:58927,Flåm stasjon,2026-09-07T14:00:00+02:00,2026-09-07T14:00:00+02:00,,0.0,0,Aurland,NWB:Line:02cd6bd7-d4e7-472f-b5f8-8beff5425948,Flåm-Aurland Shuttle,,bus,NWB:ServiceJourney:fee25a6a-1fd1-4f36-a6cd-ae371b03d076,False,planned,False,,,,,2026-09-07T15:44:36.205822+02:00
NSR:StopPlace:58927,Flåm stasjon,2026-09-07T14:00:00+02:00,2026-09-07T14:00:00+02:00,,0.0,0,Stegastein,NWB:Line:44942bdc-34ea-401b-ac9d-0561e8b56621,Stegastein viewpoint & Mt. Prest,,bus,NWB:ServiceJourney:9f5e493c-6643-4db3-833d-16e0962c77fa,False,planned,False,,,,,2026-09-07T15:44:36.205822+02:00
NSR:StopPlace:58927,Flåm stasjon,2026-09-07T15:00:00+02:00,2026-09-07T15:00:00+02:00,,0.0,0,Stegastein,NWB:Line:44942bdc-34ea-401b-ac9d-0561e8b56621,Stegastein viewpoint & Mt. Prest,,bus,NWB:ServiceJourney:ad8c80d2-639a-4694-ac79-e1104d5cfd5f,False,planned,False,,,,,2026-09-07T15:44:36.205822+02:00
NSR:StopPlace:58927,Flåm stasjon,2026-09-07T15:10:00+02:00,2026-09-07T15:10:00+02:00,,0.0,0,Bergen,VYX:Line:31,VY450 Bergen-Fagernes-Oslo,VY450,coach,VYX:ServiceJourney:71022b91c519422b532099385b2e6fded1d07a55,False,planned,False,Forhåndsbestilling Vy,Billett må kjøpes på nett eller app senest 15 minutter før påstigning for at bussen skal kjøre innom holdeplassen.,general,normal,2026-09-07T15:44:36.205822+02:00
NSR:StopPlace:58927,Flåm stasjon,2026-09-07T15:15:00+02:00,2026-09-07T15:15:00+02:00,,0.0,0,Gudvangen,NWB:Line:fe413f4b-8db5-4880-904a-e7540d67fe81,Flåm-Gudvangen Shuttle,,bus,NWB:ServiceJourney:d252a40a-c5f4-4fa9-8a45-e9fa581a41dc,False,planned,False,,,,,2026-09-07T15:44:36.205822+02:00
NSR:StopPlace:58927,Flåm stasjon,2026-09-07T15:30:00+02:00,2026-09-07T15:30:00+02:00,,0.0,0,Aurland,SKY:Line:851,Undredal-Aurland,851,bus,SKY:ServiceJourney:851-204958-20482878,False,planned,False,,,,,2026-09-07T15:44:36.205822+02:00
NSR:StopPlace:58927,Flåm stasjon,2026-09-07T16:00:00+02:00,2026-09-07T16:00:00+02:00,,0.0,0,Aurland,NWB:Line:02cd6bd7-d4e7-472f-b5f8-8beff5425948,Flåm-Aurland Shuttle,,bus,NWB:ServiceJourney:2079588e-2308-4192-bc9b-73e578bd1daf,False,planned,False,,,,,2026-09-07T15:44:36.205822+02:00
NSR:StopPlace:58927,Flåm stasjon,2026-09-07T16:00:00+02:00,2026-09-07T16:00:00+02:00,,0.0,0,Stegastein,NWB:Line:44942bdc-34ea-401b-ac9d-0561e8b56621,Stegastein viewpoint & Mt. Prest,,bus,NWB:ServiceJourney:445110b6-6a2e-4b88-bebe-ca87318f237e,False,planned,False,,,,,2026-09-07T15:44:36.205822+02:00
NSR:StopPlace:58927,Flåm stasjon,2026-09-07T16:10:00+02:00,2026-09-07T16:10:00+02:00,,0.0,0,Bergen Sentrum - Bergen Lufthavn Flesland,NWY:Line:a54659a0-4839-5c3c-909b-9d9da089554e,Sognefjordekspressen,NW420,coach,NWY:ServiceJourney:755316de-6096-543c-94fb-c798d93f934b,False,planned,False,,,,,2026-09-07T15:44:36.205822+02:00
NSR:StopPlace:58930,Larvik stasjon,2026-09-07T11:49:00+02:00,2026-09-07T11:49:00+02:00,,0.0,0,Nevlunghavn,VKT:Line:81,Nordbyen-Nevlunghavn,81,bus,VKT:ServiceJourney:18066,False,planned,False,,,,,2026-09-07T15:44:36.205822+02:00
NSR:StopPlace:58930,Larvik stasjon,2026-09-07T11:50:00+02:00,2026-09-07T11:50:00+02:00,,0.0,0,Larvik-Sandefjord,VKT:Line:4,Torp-Sandefjord-Larvik-Stavern,4,bus,VKT:ServiceJourney:17699,False,planned,False,,,,,2026-09-07T15:44:36.205822+02:00
NSR:StopPlace:58930,Larvik stasjon,2026-09-07T12:05:00+02:00,2026-09-07T12:05:00+02:00,,0.0,0,Larvik-Nordbyen,VKT:Line:81,Nordbyen-Nevlunghavn,81,bus,VKT:ServiceJourney:18130,False,planned,False,,,,,2026-09-07T15:44:36.205822+02:00
NSR:StopPlace:58930,Larvik stasjon,2026-09-07T12:07:00+02:00,2026-09-07T12:07:00+02:00,,0.0,0,Larvik-Sandefjord,VKT:Line:3,Busk-Sandefjord-Larvik-Veldre,3,bus,VKT:ServiceJourney:17550,False,planned,False,,,,,2026-09-07T15:44:36.205822+02:00
NSR:StopPlace:58930,Larvik stasjon,2026-09-07T12:09:00+02:00,2026-09-07T12:09:00+02:00,,0.0,0,Veldre,VKT:Line:3,Busk-Sandefjord-Larvik-Veldre,3,bus,VKT:ServiceJourney:17478,False,planned,False,,,,,2026-09-07T15:44:36.205822+02:00
NSR:StopPlace:58930,Larvik stasjon,2026-09-07T12:10:00+02:00,2026-09-07T12:10:00+02:00,,0.0,0,Stavern-Kysthospitalet,VKT:Line:4,Torp-Sandefjord-Larvik-Stavern,4,bus,VKT:ServiceJourney:17616,False,planned,False,,,,,2026-09-07T15:44:36.205822+02:00
NSR:StopPlace:58930,Larvik stasjon,2026-09-07T12:10:00+02:00,2026-09-07T12:10:00+02:00,,0.0,0,Kvelde-Svarstad,VKT:Line:800,Larvik-Kvelde-Svarstad,800,bus,VKT:ServiceJourney:18326,False,planned,False,,,,,2026-09-07T15:44:36.205822+02:00
NSR:StopPlace:58930,Larvik stasjon,2026-09-07T12:20:00+02:00,2026-09-07T12:20:00+02:00,,0.0,0,Larvik-Sandefjord,VKT:Line:4,Torp-Sandefjord-Larvik-Stavern,4,bus,VKT:ServiceJourney:17700,False,planned,False,,,,,2026-09-07T15:44:36.205822+02:00
NSR:StopPlace:58930,Larvik stasjon,2026-09-07T12:33:00+02:00,2026-09-07T12:33:00+02:00,,0.0,0,Skien,VYG:Line:RE11,Eidsvoll-Oslo S-Skien,RE11,rail,VYG:ServiceJourney:813_444393-R,False,planned,False,,,,,2026-09-07T15:44:36.205822+02:00
NSR:StopPlace:58930,Larvik stasjon,2026-09-07T12:35:00+02:00,2026-09-07T12:35:00+02:00,,0.0,0,Nordbyen,VKT:Line:81,Nordbyen-Nevlunghavn,81,bus,VKT:ServiceJourney:18131,False,planned,False,,,,,2026-09-07T15:44:36.205822+02:00
NSR:StopPlace:58930,Larvik stasjon,2026-09-07T12:37:00+02:00,2026-09-07T12:37:00+02:00,,0.0,0,Larvik-Sandefjord,VKT:Line:3,Busk-Sandefjord-Larvik-Veldre,3,bus,VKT:ServiceJourney:17551,False,planned,False,,,,,2026-09-07T15:44:36.205822+02:00
NSR:StopPlace:58930,Larvik stasjon,2026-09-07T12:39:00+02:00,2026-09-07T12:39:00+02:00,,0.0,0,Veldre,VKT:Line:3,Busk-Sandefjord-Larvik-Veldre,3,bus,VKT:ServiceJourney:17479,False,planned,False,,,,,2026-09-07T15:44:36.205822+02:00
NSR:StopPlace:58930,Larvik stasjon,2026-09-07T12:40:00+02:00,2026-09-07T12:40:00+02:00,,0.0,0,Stavern-Kysthospitalet,VKT:Line:4,Torp-Sandefjord-Larvik-Stavern,4,bus,VKT:ServiceJourney:17617,False,planned,False,,,,,2026-09-07T15:44:36.205822+02:00
NSR:StopPlace:58930,Larvik stasjon,2026-09-07T12:49:00+02:00,2026-09-07T12:49:00+02:00,,0.0,0,Nevlunghavn,VKT:Line:81,Nordbyen-Nevlunghavn,81,bus,VKT:ServiceJourney:18068,False,planned,False,,,,,2026-09-07T15:44:36.205822+02:00
NSR:StopPlace:58930,Larvik stasjon,2026-09-07T12:50:00+02:00,2026-09-07T12:50:00+02:00,,0.0,0,Larvik-Sandefjord,VKT:Line:4,Torp-Sandefjord-Larvik-Stavern,4,bus,VKT:ServiceJourney:17701,False,planned,False,,,,,2026-09-07T15:44:36.205822+02:00
NSR:StopPlace:58930,Larvik stasjon,2026-09-07T12:55:00+02:00,2026-09-07T12:55:00+02:00,,0.0,0,Kjose,VKT:Line:820,Larvik-Kjose,820,bus,VKT:ServiceJourney:18043,False,planned,False,,,,,2026-09-07T15:44:36.205822+02:00
NSR:StopPlace:58930,Larvik stasjon,2026-09-07T13:05:00+02:00,2026-09-07T13:05:00+02:00,,0.0,0,Larvik-Nordbyen,VKT:Line:81,Nordbyen-Nevlunghavn,81,bus,VKT:ServiceJourney:18132,False,planned,False,,,,,2026-09-07T15:44:36.205822+02:00
NSR:StopPlace:58930,Larvik stasjon,2026-09-07T13:07:00+02:00,2026-09-07T13:07:00+02:00,,0.0,0,Larvik-Sandefjord,VKT:Line:3,Busk-Sandefjord-Larvik-Veldre,3,bus,VKT:ServiceJourney:17552,False,planned,False,,,,,2026-09-07T15:44:36.205822+02:00
NSR:StopPlace:58930,Larvik stasjon,2026-09-07T13:09:00+02:00,2026-09-07T13:09:00+02:00,,0.0,0,Veldre,VKT:Line:3,Busk-Sandefjord-Larvik-Veldre,3,bus,VKT:ServiceJourney:17480,False,planned,False,,,,,2026-09-07T15:44:36.205822+02:00
NSR:StopPlace:58930,Larvik stasjon,2026-09-07T13:10:00+02:00,2026-09-07T13:10:00+02:00,,0.0,0,Stavern-Kysthospitalet,VKT:Line:4,Torp-Sandefjord-Larvik-Stavern,4,bus,VKT:ServiceJourney:17618,False,planned,False,,,,,2026-09-07T15:44:36.205822+02:00
NSR:StopPlace:58930,Larvik stasjon,2026-09-07T13:33:00+02:00,2026-09-07T13:33:00+02:00,,0.0,0,Skien,VYG:Line:RE11,Eidsvoll-Oslo S-Skien,RE11,rail,VYG:ServiceJourney:815_444395-R,False,planned,False,,,,,2026-09-07T15:44:36.205822+02:00
NSR:StopPlace:58930,Larvik stasjon,2026-09-07T13:35:00+02:00,2026-09-07T13:35:00+02:00,,0.0,0,Nordbyen,VKT:Line:81,Nordbyen-Nevlunghavn,81,bus,VKT:ServiceJourney:18133,False,planned,False,,,,,2026-09-07T15:44:36.205822+02:00
NSR:StopPlace:58930,Larvik stasjon,2026-09-07T13:39:00+02:00,2026-09-07T13:39:00+02:00,,0.0,0,Veldre,VKT:Line:3,Busk-Sandefjord-Larvik-Veldre,3,bus,VKT:ServiceJourney:17481,False,planned,False,,,,,2026-09-07T15:44:36.205822+02:00
NSR:StopPlace:58930,Larvik stasjon,2026-09-07T13:40:00+02:00,2026-09-07T13:40:00+02:00,,0.0,0,Stavern-Kysthospitalet,VKT:Line:4,Torp-Sandefjord-Larvik-Stavern,4,bus,VKT:ServiceJourney:17619,False,planned,False,,,,,2026-09-07T15:44:36.205822+02:00
NSR:StopPlace:58930,Larvik stasjon,2026-09-07T13:49:00+02:00,2026-09-07T13:49:00+02:00,,0.0,0,Nevlunghavn,VKT:Line:81,Nordbyen-Nevlunghavn,81,bus,VKT:ServiceJourney:18070,False,planned,False,,,,,2026-09-07T15:44:36.205822+02:00
NSR:StopPlace:58930,Larvik stasjon,2026-09-07T14:00:00+02:00,2026-09-07T14:00:00+02:00,,0.0,0,Ekspress Tønsberg,VKT:Line:6,Ekspress Larvik-Tønsberg,6,bus,VKT:ServiceJourney:17766,False,planned,False,,,,,2026-09-07T15:44:36.205822+02:00
NSR:StopPlace:58930,Larvik stasjon,2026-09-07T14:05:00+02:00,2026-09-07T14:05:00+02:00,,0.0,0,Larvik-Nordbyen,VKT:Line:81,Nordbyen-Nevlunghavn,81,bus,VKT:ServiceJourney:18134,False,planned,False,,,,,2026-09-07T15:44:36.205822+02:00
NSR:StopPlace:58930,Larvik stasjon,2026-09-07T14:09:00+02:00,2026-09-07T14:09:00+02:00,,0.0,0,Veldre,VKT:Line:3,Busk-Sandefjord-Larvik-Veldre,3,bus,VKT:ServiceJourney:17482,False,planned,False,,,,,2026-09-07T15:44:36.205822+02:00
NSR:StopPlace:58931,Fannrem stasjon,2026-09-07T12:00:00+02:00,2026-09-07T12:00:00+02:00,,0.0,0,Trondheim S via Orkanger skysst.,ATB:Line:2_310,Trondheim - Orkanger - Fannrem,310,bus,ATB:ServiceJourney:310_260106098639827_43,False,planned,False,,,,,2026-09-07T15:44:36.205822+02:00
NSR:StopPlace:58931,Fannrem stasjon,2026-09-07T12:09:00+02:00,2026-09-07T12:09:00+02:00,,0.0,0,Orkanger skysstasjon,ATB:Line:2_460,Orkanger - Meldal - Berkåk,460,bus,ATB:ServiceJourney:460_260106098643682_9,False,planned,False,,,,,2026-09-07T15:44:36.205822+02:00
NSR:StopPlace:58931,Fannrem stasjon,2026-09-07T12:13:00+02:00,2026-09-07T12:13:00+02:00,,0.0,0,Høgkjølen,ATB:Line:2_5101,Løften/Slupphaugen - Grøtte sk,5101,bus,ATB:ServiceJourney:5101_260106098641962_3,False,planned,False,,,,,2026-09-07T15:44:36.205822+02:00
NSR:StopPlace:58931,Fannrem stasjon,2026-09-07T12:25:00+02:00,2026-09-07T12:25:00+02:00,,0.0,0,Berkåk st. via Løkken og Meldal,ATB:Line:2_460,Orkanger - Meldal - Berkåk,460,bus,ATB:ServiceJourney:460_260106098640570_20,False,planned,False,,,,,2026-09-07T15:44:36.205822+02:00
NSR:StopPlace:58931,Fannrem stasjon,2026-09-07T13:50:00+02:00,2026-09-07T13:50:00+02:00,,0.0,0,Meldal rutebilst. via Løkken st.,ATB:Line:2_460,Orkanger - Meldal - Berkåk,460,bus,ATB:ServiceJourney:460_260106098640554_10,False,planned,False,,,,,2026-09-07T15:44:36.205822+02:00
NSR:StopPlace:58932,Hommelvik stasjon,2026-09-07T11:59:00+02:00,2026-09-07T11:59:00+02:00,,0.0,0,Marienborg via Brattøra,ATB:Line:2_70,Stjørdal/Hommelvik- Trondheim,70,bus,ATB:ServiceJourney:70_251215112546922_44,False,planned,False,,,,,2026-09-07T15:44:36.205822+02:00
NSR:StopPlace:58932,Hommelvik stasjon,2026-09-07T12:04:00+02:00,2026-09-07T12:04:00+02:00,,0.0,0,Stjørdal stasjon,ATB:Line:2_70,Stjørdal/Hommelvik- Trondheim,70,bus,ATB:ServiceJourney:70_251215112546886_31,False,planned,False,,,,,2026-09-07T15:44:36.205822+02:00
NSR:StopPlace:58932,Hommelvik stasjon,2026-09-07T12:12:00+02:00,2026-09-07T12:12:00+02:00,,0.0,0,Ler,SJN:Line:26,Trønderbanen,R70,rail,SJN:ServiceJourney:432_56061-R,False,planned,False,,,,,2026-09-07T15:44:36.205822+02:00
NSR:StopPlace:58932,Hommelvik stasjon,2026-09-07T12:29:00+02:00,2026-09-07T12:29:00+02:00,,0.0,0,Marienborg via Brattøra,ATB:Line:2_70,Stjørdal/Hommelvik- Trondheim,70,bus,ATB:ServiceJourney:70_251215112546997_46,False,planned,False,,,,,2026-09-07T15:44:36.205822+02:00
NSR:StopPlace:58932,Hommelvik stasjon,2026-09-07T12:34:00+02:00,2026-09-07T12:34:00+02:00,,0.0,0,Stjørdal stasjon,ATB:Line:2_70,Stjørdal/Hommelvik- Trondheim,70,bus,ATB:ServiceJourney:70_251215112546887_33,False,planned,False,,,,,2026-09-07T15:44:36.205822+02:00
NSR:StopPlace:58932,Hommelvik stasjon,2026-09-07T12:44:00+02:00,2026-09-07T12:44:00+02:00,,0.0,0,Steinkjer,SJN:Line:26,Trønderbanen,R70,rail,SJN:ServiceJourney:435-SOeB_56064-R,False,planned,False,,,,,2026-09-07T15:44:36.205822+02:00
NSR:StopPlace:58932,Hommelvik stasjon,2026-09-07T12:59:00+02:00,2026-09-07T12:59:00+02:00,,0.0,0,Marienborg via Brattøra,ATB:Line:2_70,Stjørdal/Hommelvik- Trondheim,70,bus,ATB:ServiceJourney:70_251215112546923_48,False,planned,False,,,,,2026-09-07T15:44:36.205822+02:00
NSR:StopPlace:58932,Hommelvik stasjon,2026-09-07T13:04:00+02:00,2026-09-07T13:04:00+02:00,,0.0,0,Stjørdal stasjon,ATB:Line:2_70,Stjørdal/Hommelvik- Trondheim,70,bus,ATB:ServiceJourney:70_251215112546888_35,False,planned,False,,,,,2026-09-07T15:44:36.205822+02:00
NSR:StopPlace:58932,Hommelvik stasjon,2026-09-07T13:12:00+02:00,2026-09-07T13:12:00+02:00,,0.0,0,Melhus skysstasjon,SJN:Line:26,Trønderbanen,R70,rail,SJN:ServiceJourney:434-STK_56063-R,False,planned,False,,,,,2026-09-07T15:44:36.205822+02:00
NSR:StopPlace:58932,Hommelvik stasjon,2026-09-07T13:25:00+02:00,2026-09-07T13:25:00+02:00,,0.0,0,Vikhammer via Sveberg,ATB:Line:2_86,Hommelvik-Sveberg-Vikhammer,86,bus,ATB:ServiceJourney:86_251215112548553_8,False,planned,False,,,,,2026-09-07T15:44:36.205822+02:00
NSR:StopPlace:58932,Hommelvik stasjon,2026-09-07T13:27:00+02:00,2026-09-07T13:27:00+02:00,,0.0,0,Sneisen,ATB:Line:2_204,Hommelvik skole- Sneisen,204,bus,ATB:ServiceJourney:204_251215112543936_4,False,planned,False,,,,,2026-09-07T15:44:36.205822+02:00
NSR:StopPlace:58932,Hommelvik stasjon,2026-09-07T13:29:00+02:00,2026-09-07T13:29:00+02:00,,0.0,0,Marienborg via Brattøra,ATB:Line:2_70,Stjørdal/Hommelvik- Trondheim,70,bus,ATB:ServiceJourney:70_251215112546992_50,False,planned,False,,,,,2026-09-07T15:44:36.205822+02:00
NSR:StopPlace:58932,Hommelvik stasjon,2026-09-07T13:34:00+02:00,2026-09-07T13:34:00+02:00,,0.0,0,Stjørdal stasjon,ATB:Line:2_70,Stjørdal/Hommelvik- Trondheim,70,bus,ATB:ServiceJourney:70_260209114498812_43,False,planned,False,,,,,2026-09-07T15:44:36.205822+02:00
NSR:StopPlace:58932,Hommelvik stasjon,2026-09-07T14:04:00+02:00,2026-09-07T14:04:00+02:00,,0.0,0,Stjørdal stasjon,ATB:Line:2_70,Stjørdal/Hommelvik- Trondheim,70,bus,ATB:ServiceJourney:70_251215112547583_116,False,planned,False,,,,,2026-09-07T15:44:36.205822+02:00
NSR:StopPlace:58932,Hommelvik stasjon,2026-09-07T14:27:00+02:00,2026-09-07T14:27:00+02:00,,0.0,0,Sneisen,ATB:Line:2_204,Hommelvik skole- Sneisen,204,bus,ATB:ServiceJourney:204_251215112543937_6,False,planned,False,,,,,2026-09-07T15:44:36.205822+02:00
NSR:StopPlace:58933,Hegra stasjon,2026-09-07T13:23:00+02:00,2026-09-07T13:23:00+02:00,,0.0,0,Ingstadnesset,ATB:Line:2_7710,Flora - Sonli - Hegra - Halsen,7710,bus,ATB:ServiceJourney:7710_260106098642048_1,False,planned,False,,,,,2026-09-07T15:44:36.205822+02:00
NSR:StopPlace:58933,Hegra stasjon,2026-09-07T13:28:00+02:00,2026-09-07T13:28:00+02:00,,0.0,0,Ingstadnesset,ATB:Line:2_7710,Flora - Sonli - Hegra - Halsen,7710,bus,ATB:ServiceJourney:7710_260106098642048_1,False,planned,False,,,,,2026-09-07T15:44:36.205822+02:00
NSR:StopPlace:58933,Hegra stasjon,2026-09-07T14:01:00+02:00,2026-09-07T14:01:00+02:00,,0.0,0,Lånke kirke,ATB:Line:2_7712,Stjørdal - Haraldreina - Prestmoen - Skjeldstadmarka - Hegra - Geving,7712,bus,ATB:ServiceJourney:7712_260106098642060_7,False,planned,False,,,,,2026-09-07T15:44:36.205822+02:00
NSR:StopPlace:58935,Levanger stasjon,2026-09-07T11:47:00+02:00,2026-09-07T11:47:00+02:00,,0.0,0,Nord universitet Levanger,ATB:Line:2_604,Levanger - Høgberget,604,bus,ATB:ServiceJourney:604_260106098643100_20,False,planned,False,,,,,2026-09-07T15:44:36.205822+02:00
NSR:StopPlace:58935,Levanger stasjon,2026-09-07T11:48:00+02:00,2026-09-07T11:48:00+02:00,,0.0,0,Magneten,ATB:Line:2_635,Verdal - Levanger (- Frosta),635,bus,ATB:ServiceJourney:635_260106098642104_7,False,planned,False,,,,,2026-09-07T15:44:36.205822+02:00
NSR:StopPlace:58935,Levanger stasjon,2026-09-07T11:50:00+02:00,2026-09-07T11:50:00+02:00,,0.0,0,Høgberget via Levanger stasjon,ATB:Line:2_604,Levanger - Høgberget,604,bus,ATB:ServiceJourney:604_260106098643101_22,False,planned,False,,,,,2026-09-07T15:44:36.205822+02:00
NSR:StopPlace:58935,Levanger stasjon,2026-09-07T11:54:00+02:00,2026-09-07T11:54:00+02:00,,0.0,0,Levanger,ATB:Line:2_680,Levanger - Steinkjer - Namsos,680,bus,ATB:ServiceJourney:680_260106098642446_11,False,planned,False,,,,,2026-09-07T15:44:36.205822+02:00
NSR:StopPlace:58935,Levanger stasjon,2026-09-07T12:14:00+02:00,2026-09-07T12:14:00+02:00,,0.0,0,Melhus skysstasjon,SJN:Line:26,Trønderbanen,R70,rail,SJN:ServiceJourney:434-STK_56063-R,False,planned,False,,,,,2026-09-07T15:44:36.205822+02:00
NSR:StopPlace:58935,Levanger stasjon,2026-09-07T12:17:00+02:00,2026-09-07T12:17:00+02:00,,0.0,0,Nord universitet Levanger,ATB:Line:2_604,Levanger - Høgberget,604,bus,ATB:ServiceJourney:604_260106098643101_22,False,planned,False,,,,,2026-09-07T15:44:36.205822+02:00
NSR:StopPlace:58935,Levanger stasjon,2026-09-07T12:20:00+02:00,2026-09-07T12:20:00+02:00,,0.0,0,Høgberget via Levanger stasjon,ATB:Line:2_604,Levanger - Høgberget,604,bus,ATB:ServiceJourney:604_260106098643102_24,False,planned,False,,,,,2026-09-07T15:44:36.205822+02:00
NSR:StopPlace:58935,Levanger stasjon,2026-09-07T12:27:00+02:00,2026-09-07T12:27:00+02:00,,0.0,0,Steinkjer stasjon,ATB:Line:2_640,Levanger - Steinkjer,640,bus,ATB:ServiceJourney:640_260106098642279_11,False,planned,False,,,,,2026-09-07T15:44:36.205822+02:00
NSR:StopPlace:58935,Levanger stasjon,2026-09-07T12:41:00+02:00,2026-09-07T12:41:00+02:00,,0.0,0,Steinkjer,SJN:Line:26,Trønderbanen,R70,rail,SJN:ServiceJourney:433_56062-R,False,planned,False,,,,,2026-09-07T15:44:36.205822+02:00
NSR:StopPlace:58935,Levanger stasjon,2026-09-07T12:47:00+02:00,2026-09-07T12:47:00+02:00,,0.0,0,Nord universitet Levanger,ATB:Line:2_604,Levanger - Høgberget,604,bus,ATB:ServiceJourney:604_260106098643102_24,False,planned,False,,,,,2026-09-07T15:44:36.205822+02:00
NSR:StopPlace:58935,Levanger stasjon,2026-09-07T12:48:00+02:00,2026-09-07T12:48:00+02:00,,0.0,0,Frosta skole,ATB:Line:2_635,Verdal - Levanger (- Frosta),635,bus,ATB:ServiceJourney:635_260106098642257_11,False,planned,False,,,,,2026-09-07T15:44:36.205822+02:00
NSR:StopPlace:58935,Levanger stasjon,2026-09-07T12:50:00+02:00,2026-09-07T12:50:00+02:00,,0.0,0,Høgberget via Levanger stasjon,ATB:Line:2_604,Levanger - Høgberget,604,bus,ATB:ServiceJourney:604_260106098643103_26,False,planned,False,,,,,2026-09-07T15:44:36.205822+02:00
NSR:StopPlace:58935,Levanger stasjon,2026-09-07T13:17:00+02:00,2026-09-07T13:17:00+02:00,,0.0,0,Nord universitet Levanger,ATB:Line:2_604,Levanger - Høgberget,604,bus,ATB:ServiceJourney:604_260106098643103_26,False,planned,False,,,,,2026-09-07T15:44:36.205822+02:00
NSR:StopPlace:58935,Levanger stasjon,2026-09-07T13:20:00+02:00,2026-09-07T13:20:00+02:00,,0.0,0,Momarka via Magneten,ATB:Line:2_604,Levanger - Høgberget,604,bus,ATB:ServiceJourney:604_260106098643113_28,False,planned,False,,,,,2026-09-07T15:44:36.205822+02:00
NSR:StopPlace:58935,Levanger stasjon,2026-09-07T13:43:00+02:00,2026-09-07T13:43:00+02:00,,0.0,0,Steinkjer,SJN:Line:26,Trønderbanen,R70,rail,SJN:ServiceJourney:435-SOeB_56064-R,False,planned,False,,,,,2026-09-07T15:44:36.205822+02:00
NSR:StopPlace:58935,Levanger stasjon,2026-09-07T13:45:00+02:00,2026-09-07T13:45:00+02:00,,0.0,0,Holåsen vest,ATB:Line:2_741,Levanger - Holåsen vest,741,bus,ATB:ServiceJourney:741_260106098640530_6,False,planned,False,,,,,2026-09-07T15:44:36.205822+02:00
NSR:StopPlace:58935,Levanger stasjon,2026-09-07T13:50:00+02:00,2026-09-07T13:50:00+02:00,,0.0,0,Momarka via Magneten,ATB:Line:2_604,Levanger - Høgberget,604,bus,ATB:ServiceJourney:604_260106098643114_30,False,planned,False,,,,,2026-09-07T15:44:36.205822+02:00
NSR:StopPlace:58935,Levanger stasjon,2026-09-07T13:54:00+02:00,2026-09-07T13:54:00+02:00,,0.0,0,Nord universitet via Nesset,ATB:Line:2_7401,Levanger - Nesset - Gjemble,7401,bus,ATB:ServiceJourney:7401_260106098643079_22,False,planned,False,,,,,2026-09-07T15:44:36.205822+02:00
NSR:StopPlace:58935,Levanger stasjon,2026-09-07T14:10:00+02:00,2026-09-07T14:10:00+02:00,,0.0,0,Bønnesenteret,ATB:Line:2_7433,Bønnesenteret - Vårtun,7433,bus,ATB:ServiceJourney:7433_260106098642256_2,False,planned,False,,,,,2026-09-07T15:44:36.205822+02:00
NSR:StopPlace:58935,Levanger stasjon,2026-09-07T14:12:00+02:00,2026-09-07T14:12:00+02:00,,0.0,0,Nord universitet via Levanger st.,ATB:Line:2_7401,Levanger - Nesset - Gjemble,7401,bus,ATB:ServiceJourney:7401_260106098643079_22,False,planned,False,,,,,2026-09-07T15:44:36.205822+02:00
NSR:StopPlace:58936,Skatval stasjon,2026-09-07T11:52:00+02:00,2026-09-07T11:52:00+02:00,,0.0,0,Ler,SJN:Line:26,Trønderbanen,R70,rail,SJN:ServiceJourney:432_56061-R,False,planned,False,,,,,2026-09-07T15:44:36.205822+02:00
NSR:StopPlace:58936,Skatval stasjon,2026-09-07T12:06:00+02:00,2026-09-07T12:06:00+02:00,,0.0,0,Steinkjer,SJN:Line:26,Trønderbanen,R70,rail,SJN:ServiceJourney:433_56062-R,False,planned,False,,,,,2026-09-07T15:44:36.205822+02:00
NSR:StopPlace:58936,Skatval stasjon,2026-09-07T12:52:00+02:00,2026-09-07T12:52:00+02:00,,0.0,0,Melhus skysstasjon,SJN:Line:26,Trønderbanen,R70,rail,SJN:ServiceJourney:434-STK_56063-R,False,planned,False,,,,,2026-09-07T15:44:36.205822+02:00
NSR:StopPlace:58936,Skatval stasjon,2026-09-07T13:06:00+02:00,2026-09-07T13:06:00+02:00,,0.0,0,Steinkjer,SJN:Line:26,Trønderbanen,R70,rail,SJN:ServiceJourney:435-SOeB_56064-R,False,planned,False,,,,,2026-09-07T15:44:36.205822+02:00
NSR:StopPlace:58936,Skatval stasjon,2026-09-07T13:30:00+02:00,2026-09-07T13:30:00+02:00,,0.0,0,Alstad,ATB:Line:2_7702,Langstein - Skatval - Halsen,7702,bus,ATB:ServiceJourney:7702_260106098642005_5,False,planned,False,,,,,2026-09-07T15:44:36.205822+02:00
NSR:StopPlace:58936,Skatval stasjon,2026-09-07T13:30:00+02:00,2026-09-07T13:30:00+02:00,,0.0,0,Baar-Mæla-Halsen ungd.skole,ATB:Line:2_7702,Langstein - Skatval - Halsen,7702,bus,ATB:ServiceJourney:7702_260106098642006_1,False,planned,False,,,,,2026-09-07T15:44:36.205822+02:00
NSR:StopPlace:58946,Snåsa stasjon,2026-09-07T11:53:00+02:00,2026-09-07T11:53:00+02:00,,0.0,0,Trondheim S,SJN:Line:71,Nordlandsbanen,F7,rail,SJN:ServiceJourney:478_42792-R,False,planned,False,,,,,2026-09-07T15:44:36.205822+02:00
NSR:StopPlace:58946,Snåsa stasjon,2026-09-07T14:34:00+02:00,2026-09-07T14:34:00+02:00,,0.0,0,Snåsa skole,ATB:Line:2_7327,Agle - Snåsa,7327,bus,ATB:ServiceJourney:7327_260106098642373_16,False,planned,False,,,,,2026-09-07T15:44:36.205822+02:00
NSR:StopPlace:58947,Steinkjer stasjon,2026-09-07T12:03:00+02:00,2026-09-07T12:03:00+02:00,,0.0,0,Steinkjer montessoriskole,ATB:Line:2_680,Levanger - Steinkjer - Namsos,680,bus,ATB:ServiceJourney:680_260106098642319_13,False,planned,False,,,,,2026-09-07T15:44:36.205822+02:00
NSR:StopPlace:58947,Steinkjer stasjon,2026-09-07T12:06:00+02:00,2026-09-07T12:06:00+02:00,,0.0,0,Campus Guldbergaunet,ATB:Line:2_640,Levanger - Steinkjer,640,bus,ATB:ServiceJourney:640_260106098642268_16,False,planned,False,,,,,2026-09-07T15:44:36.205822+02:00
NSR:StopPlace:58947,Steinkjer stasjon,2026-09-07T12:20:00+02:00,2026-09-07T12:20:00+02:00,,0.0,0,Straumen,ATB:Line:2_722,Straumen - Steinkjer,722,bus,ATB:ServiceJourney:722_260106098640628_1,False,planned,False,,,,,2026-09-07T15:44:36.205822+02:00
NSR:StopPlace:58947,Steinkjer stasjon,2026-09-07T12:33:00+02:00,2026-09-07T12:33:00+02:00,,0.0,0,Namsos skysstasjon,ATB:Line:2_680,Levanger - Steinkjer - Namsos,680,bus,ATB:ServiceJourney:680_260106098642300_16,False,planned,False,,,,,2026-09-07T15:44:36.205822+02:00
NSR:StopPlace:58947,Steinkjer stasjon,2026-09-07T12:35:00+02:00,2026-09-07T12:35:00+02:00,,0.0,0,Grong stasjon,ATB:Line:2_690,Grong - Steinkjer,690,bus,ATB:ServiceJourney:690_260106098640253_3,False,planned,False,,,,,2026-09-07T15:44:36.205822+02:00
NSR:StopPlace:58947,Steinkjer stasjon,2026-09-07T13:02:00+02:00,2026-09-07T13:02:00+02:00,,0.0,0,Steinkjer stasjon,ATB:Line:2_630,Vanvikan - Follafoss - Steinkj,630,bus,ATB:ServiceJourney:630_260106098642133_114,False,planned,False,,,,,2026-09-07T15:44:36.205822+02:00
NSR:StopPlace:58947,Steinkjer stasjon,2026-09-07T13:45:00+02:00,2026-09-07T13:45:00+02:00,,0.0,0,Vellamelen,ATB:Line:2_731,Namdalseid - Steinkj,731,bus,ATB:ServiceJourney:731_260106098641163_4,False,planned,False,,,,,2026-09-07T15:44:36.205822+02:00
NSR:StopPlace:58947,Steinkjer stasjon,2026-09-07T14:04:00+02:00,2026-09-07T14:04:00+02:00,,0.0,0,Straumen,ATB:Line:2_722,Straumen - Steinkjer,722,bus,ATB:ServiceJourney:722_260106098640632_13,False,planned,False,,,,,2026-09-07T15:44:36.205822+02:00
NSR:StopPlace:58947,Steinkjer stasjon,2026-09-07T14:15:00+02:00,2026-09-07T14:15:00+02:00,,0.0,0,Gangstadkorsen via Lø,ATB:Line:2_7304,Mære - Guldbergaunet,7304,bus,ATB:ServiceJourney:7304_260106098640762_3,False,planned,False,,,,,2026-09-07T15:44:36.205822+02:00
NSR:StopPlace:58947,Steinkjer stasjon,2026-09-07T16:00:00+02:00,2026-09-07T16:00:00+02:00,,0.0,0,Steinkjer stasjon,ATB:Line:2_603,Fleksibel by - Steinkjer,603,bus,ATB:ServiceJourney:603_260106098641978_1,False,planned,False,,,,,2026-09-07T15:44:36.205822+02:00
NSR:StopPlace:58947,Steinkjer stasjon,2026-09-07T16:00:00+02:00,2026-09-07T16:00:00+02:00,,0.0,0,Steinkjer stasjon,ATB:Line:2_603,Fleksibel by - Steinkjer,603,bus,ATB:ServiceJourney:603_260106098641971_2,False,planned,False,,,,,2026-09-07T15:44:36.205822+02:00
NSR:StopPlace:58947,Steinkjer stasjon,2026-09-07T16:03:00+02:00,2026-09-07T16:03:00+02:00,,0.0,0,Namsos skysstasjon,ATB:Line:2_680,Levanger - Steinkjer - Namsos,680,bus,ATB:ServiceJourney:680_260106098642315_32,False,planned,False,,,,,2026-09-07T15:44:36.205822+02:00
NSR:StopPlace:58948,Stjørdal stasjon,2026-09-07T12:00:00+02:00,2026-09-07T12:00:00+02:00,,0.0,0,Steinkjer,SJN:Line:26,Trønderbanen,R70,rail,SJN:ServiceJourney:433_56062-R,False,planned,False,,,,,2026-09-07T15:44:36.205822+02:00
NSR:StopPlace:58948,Stjørdal stasjon,2026-09-07T12:00:00+02:00,2026-09-07T12:00:00+02:00,,0.0,0,Ler,SJN:Line:26,Trønderbanen,R70,rail,SJN:ServiceJourney:432_56061-R,False,planned,False,,,,,2026-09-07T15:44:36.205822+02:00
NSR:StopPlace:58948,Stjørdal stasjon,2026-09-07T12:04:00+02:00,2026-09-07T12:04:00+02:00,,0.0,0,Husbyåsen via Terrassehusene,ATB:Line:2_92,92 StjørdalSt-HusbySnu.,92,bus,ATB:ServiceJourney:92_260219106442095_34,False,planned,False,,,,,2026-09-07T15:44:36.205822+02:00
NSR:StopPlace:58948,Stjørdal stasjon,2026-09-07T12:05:00+02:00,2026-09-07T12:05:00+02:00,,0.0,0,Remyra via Stokkanvegen,ATB:Line:2_91,91 StjørdalSt-Remyrv.,91,bus,ATB:ServiceJourney:91_260220075616008_34,False,planned,False,,,,,2026-09-07T15:44:36.205822+02:00
NSR:StopPlace:58948,Stjørdal stasjon,2026-09-07T12:06:00+02:00,2026-09-07T12:06:00+02:00,,0.0,0,Marienborg via Brattøra,ATB:Line:2_70,Stjørdal/Hommelvik- Trondheim,70,bus,ATB:ServiceJourney:70_251215112546997_46,False,planned,False,,,,,2026-09-07T15:44:36.205822+02:00
NSR:StopPlace:58948,Stjørdal stasjon,2026-09-07T12:10:00+02:00,2026-09-07T12:10:00+02:00,,0.0,0,Trondheim via Trh. lufthavn,ATB:Line:2_311,Stjørdal - Trondheim,311,bus,ATB:ServiceJourney:311_260106098642765_42,False,planned,False,Endret tilbud ved Vikelvvegen,Sydgående avkjøringsrampe fra E6 ved Reppe er stengt frem til 21. september. Vikelvvegen og Ranheim fabrikker til sentrum blir ikke betjent av linje 311 i perioden. ,general,normal,2026-09-07T15:44:36.205822+02:00
NSR:StopPlace:58948,Stjørdal stasjon,2026-09-07T12:15:00+02:00,2026-09-07T12:15:00+02:00,,0.0,0,Meråker,ATB:Line:2_670,Stjørdal - Meråker,670,bus,ATB:ServiceJourney:670_260106098640655_4,False,planned,False,,,,,2026-09-07T15:44:36.205822+02:00
NSR:StopPlace:58948,Stjørdal stasjon,2026-09-07T12:27:00+02:00,2026-09-07T12:27:00+02:00,,0.0,0,Remyra via Stokkanvegen,ATB:Line:2_91,91 StjørdalSt-Remyrv.,91,bus,ATB:ServiceJourney:91_260220075617124_36,False,planned,False,,,,,2026-09-07T15:44:36.205822+02:00
NSR:StopPlace:58948,Stjørdal stasjon,2026-09-07T12:32:00+02:00,2026-09-07T12:32:00+02:00,,0.0,0,Husbyåsen via Terrassehusene,ATB:Line:2_92,92 StjørdalSt-HusbySnu.,92,bus,ATB:ServiceJourney:92_260219106441736_36,False,planned,False,,,,,2026-09-07T15:44:36.205822+02:00
NSR:StopPlace:58948,Stjørdal stasjon,2026-09-07T12:39:00+02:00,2026-09-07T12:39:00+02:00,,0.0,0,Marienborg via Brattøra,ATB:Line:2_70,Stjørdal/Hommelvik- Trondheim,70,bus,ATB:ServiceJourney:70_251215112546923_48,False,planned,False,,,,,2026-09-07T15:44:36.205822+02:00
NSR:StopPlace:58948,Stjørdal stasjon,2026-09-07T12:40:00+02:00,2026-09-07T12:40:00+02:00,,0.0,0,Trondheim via Trh. lufthavn,ATB:Line:2_311,Stjørdal - Trondheim,311,bus,ATB:ServiceJourney:311_260106098642767_88,False,planned,False,Endret tilbud ved Vikelvvegen,Sydgående avkjøringsrampe fra E6 ved Reppe er stengt frem til 21. september. Vikelvvegen og Ranheim fabrikker til sentrum blir ikke betjent av linje 311 i perioden. ,general,normal,2026-09-07T15:44:36.205822+02:00
NSR:StopPlace:58948,Stjørdal stasjon,2026-09-07T13:00:00+02:00,2026-09-07T13:00:00+02:00,,0.0,0,Steinkjer,SJN:Line:26,Trønderbanen,R70,rail,SJN:ServiceJourney:435-SOeB_56064-R,False,planned,False,,,,,2026-09-07T15:44:36.205822+02:00
NSR:StopPlace:58948,Stjørdal stasjon,2026-09-07T13:00:00+02:00,2026-09-07T13:00:00+02:00,,0.0,0,Melhus skysstasjon,SJN:Line:26,Trønderbanen,R70,rail,SJN:ServiceJourney:434-STK_56063-R,False,planned,False,,,,,2026-09-07T15:44:36.205822+02:00
NSR:StopPlace:58948,Stjørdal stasjon,2026-09-07T13:04:00+02:00,2026-09-07T13:04:00+02:00,,0.0,0,Husbyåsen via Terrassehusene,ATB:Line:2_92,92 StjørdalSt-HusbySnu.,92,bus,ATB:ServiceJourney:92_260219106442121_38,False,planned,False,,,,,2026-09-07T15:44:36.205822+02:00
NSR:StopPlace:58948,Stjørdal stasjon,2026-09-07T13:05:00+02:00,2026-09-07T13:05:00+02:00,,0.0,0,Remyra via Stokkanvegen,ATB:Line:2_91,91 StjørdalSt-Remyrv.,91,bus,ATB:ServiceJourney:91_260220075616349_38,False,planned,False,,,,,2026-09-07T15:44:36.205822+02:00
NSR:StopPlace:58948,Stjørdal stasjon,2026-09-07T13:06:00+02:00,2026-09-07T13:06:00+02:00,,0.0,0,Marienborg via Brattøra,ATB:Line:2_70,Stjørdal/Hommelvik- Trondheim,70,bus,ATB:ServiceJourney:70_251215112546992_50,False,planned,False,,,,,2026-09-07T15:44:36.205822+02:00
NSR:StopPlace:58948,Stjørdal stasjon,2026-09-07T13:22:00+02:00,2026-09-07T13:22:00+02:00,,0.0,0,Trondheim,ATB:Line:2_311,Stjørdal - Trondheim,311,bus,ATB:ServiceJourney:311_260330054302123_44,False,planned,False,Endret tilbud ved Vikelvvegen,Sydgående avkjøringsrampe fra E6 ved Reppe er stengt frem til 21. september. Vikelvvegen og Ranheim fabrikker til sentrum blir ikke betjent av linje 311 i perioden. ,general,normal,2026-09-07T15:44:36.205822+02:00
NSR:StopPlace:58948,Stjørdal stasjon,2026-09-07T13:27:00+02:00,2026-09-07T13:27:00+02:00,,0.0,0,Remyra via Stokkanvegen,ATB:Line:2_91,91 StjørdalSt-Remyrv.,91,bus,ATB:ServiceJourney:91_260220075617388_40,False,planned,False,,,,,2026-09-07T15:44:36.205822+02:00
NSR:StopPlace:58948,Stjørdal stasjon,2026-09-07T13:45:00+02:00,2026-09-07T13:45:00+02:00,,0.0,0,Remyra via Stokkanvegen,ATB:Line:2_91,91 StjørdalSt-Remyrv.,91,bus,ATB:ServiceJourney:91_260220075614823_42,False,planned,False,,,,,2026-09-07T15:44:36.205822+02:00
NSR:StopPlace:58948,Stjørdal stasjon,2026-09-07T13:50:00+02:00,2026-09-07T13:50:00+02:00,,0.0,0,Husbyåsen via Fosslia sk.,ATB:Line:2_92,92 StjørdalSt-HusbySnu.,92,bus,ATB:ServiceJourney:92_260219106440439_40,False,planned,False,,,,,2026-09-07T15:44:36.205822+02:00
NSR:StopPlace:58797,Mysen stasjon,2026-09-07T11:59:00+02:00,2026-09-07T11:59:00+02:00,,0.0,0,Rakkestad,VYG:Line:R22,Skøyen-Oslo S-Mysen-Rakkestad,R22,rail,VYG:ServiceJourney:1913_443453-R,False,planned,False,,,,,2026-09-07T15:44:36.205822+02:00
NSR:StopPlace:58797,Mysen stasjon,2026-09-07T12:00:00+02:00,2026-09-07T12:00:00+02:00,,0.0,0,Oslo S,VYG:Line:R22,Skøyen-Oslo S-Mysen-Rakkestad,R22,rail,VYG:ServiceJourney:1918_673806-R,False,planned,False,,,,,2026-09-07T15:44:36.205822+02:00
NSR:StopPlace:58797,Mysen stasjon,2026-09-07T12:05:00+02:00,2026-09-07T12:05:00+02:00,,0.0,0,Askim-Sarpsborg,OST:Line:1_640,Sarpsborg-Askim-Mysen,640,bus,OST:ServiceJourney:640_260325121473126_16,False,planned,False,,,,,2026-09-07T15:44:36.205822+02:00
NSR:StopPlace:58797,Mysen stasjon,2026-09-07T12:10:00+02:00,2026-09-07T12:10:00+02:00,,0.0,0,Rakkestad-Sarpsborg,OST:Line:1_640,Sarpsborg-Askim-Mysen,640,bus,OST:ServiceJourney:640_260325121473119_15,False,planned,False,,,,,2026-09-07T15:44:36.205822+02:00
NSR:StopPlace:58797,Mysen stasjon,2026-09-07T12:59:00+02:00,2026-09-07T12:59:00+02:00,,0.0,0,Rakkestad,VYG:Line:R22,Skøyen-Oslo S-Mysen-Rakkestad,R22,rail,VYG:ServiceJourney:1915_443457-R,False,planned,False,,,,,2026-09-07T15:44:36.205822+02:00
NSR:StopPlace:58797,Mysen stasjon,2026-09-07T13:00:00+02:00,2026-09-07T13:00:00+02:00,,0.0,0,Oslo S,VYG:Line:R22,Skøyen-Oslo S-Mysen-Rakkestad,R22,rail,VYG:ServiceJourney:1920_443466-R,False,planned,False,,,,,2026-09-07T15:44:36.205822+02:00
NSR:StopPlace:58797,Mysen stasjon,2026-09-07T13:05:00+02:00,2026-09-07T13:05:00+02:00,,0.0,0,Askim-Sarpsborg,OST:Line:1_640,Sarpsborg-Askim-Mysen,640,bus,OST:ServiceJourney:640_260325121473132_18,False,planned,False,,,,,2026-09-07T15:44:36.205822+02:00
NSR:StopPlace:58797,Mysen stasjon,2026-09-07T13:59:00+02:00,2026-09-07T13:59:00+02:00,,0.0,0,Rakkestad,VYG:Line:R22,Skøyen-Oslo S-Mysen-Rakkestad,R22,rail,VYG:ServiceJourney:1917_443460-R,False,planned,False,,,,,2026-09-07T15:44:36.205822+02:00
NSR:StopPlace:58797,Mysen stasjon,2026-09-07T14:00:00+02:00,2026-09-07T14:00:00+02:00,,0.0,0,Trøgstad torg,OST:Line:1_401,Mysen-Trøgstad,401,bus,OST:ServiceJourney:401_260325121472678_5,False,planned,False,,,,,2026-09-07T15:44:36.205822+02:00
NSR:StopPlace:58797,Mysen stasjon,2026-09-07T14:00:00+02:00,2026-09-07T14:00:00+02:00,,0.0,0,Ørje,OST:Line:1_418,Ørje-Mysen,418,bus,OST:ServiceJourney:418_260325121472671_4,False,planned,False,,,,,2026-09-07T15:44:36.205822+02:00
NSR:StopPlace:58797,Mysen stasjon,2026-09-07T14:05:00+02:00,2026-09-07T14:05:00+02:00,,0.0,0,Tenor skole-Askim stasjon,OST:Line:1_411,Askim-Mysen,411,bus,OST:ServiceJourney:411_260325121475505_6,False,planned,False,,,,,2026-09-07T15:44:36.205822+02:00
NSR:StopPlace:58797,Mysen stasjon,2026-09-07T14:05:00+02:00,2026-09-07T14:05:00+02:00,,0.0,0,Trømborg,OST:Line:1_413,Åsgård-Trømborg-Mysen,413,bus,OST:ServiceJourney:413_260325121472674_2,False,planned,False,,,,,2026-09-07T15:44:36.205822+02:00
NSR:StopPlace:58797,Mysen stasjon,2026-09-07T14:10:00+02:00,2026-09-07T14:10:00+02:00,,0.0,0,Rakkestad stasjon,OST:Line:1_414,Rakkestad-Mysen,414,bus,OST:ServiceJourney:414_260325121473100_6,False,planned,False,,,,,2026-09-07T15:44:36.205822+02:00
NSR:StopPlace:58798,Rakkestad stasjon,2026-09-07T11:45:00+02:00,2026-09-07T11:45:00+02:00,,0.0,0,Oslo S,VYG:Line:R22,Skøyen-Oslo S-Mysen-Rakkestad,R22,rail,VYG:ServiceJourney:1918_673806-R,False,planned,False,,,,,2026-09-07T15:44:36.205822+02:00
NSR:StopPlace:58798,Rakkestad stasjon,2026-09-07T12:02:00+02:00,2026-09-07T12:02:00+02:00,,0.0,0,Mysen stasjon,OST:Line:1_640,Sarpsborg-Askim-Mysen,640,bus,OST:ServiceJourney:640_260325121473129_14,False,planned,False,,,,,2026-09-07T15:44:36.205822+02:00
NSR:StopPlace:58798,Rakkestad stasjon,2026-09-07T12:20:00+02:00,2026-09-07T12:20:00+02:00,,0.0,0,Kirkefjerdingen skole-Mysen stasjon,OST:Line:1_414,Rakkestad-Mysen,414,bus,OST:ServiceJourney:414_260325121473097_5,False,planned,False,,,,,2026-09-07T15:44:36.205822+02:00
NSR:StopPlace:58798,Rakkestad stasjon,2026-09-07T12:30:00+02:00,2026-09-07T12:30:00+02:00,,0.0,0,Sarpsborg-Askim,OST:Line:1_640,Sarpsborg-Askim-Mysen,640,bus,OST:ServiceJourney:640_260325121473119_15,False,planned,False,,,,,2026-09-07T15:44:36.205822+02:00
NSR:StopPlace:58798,Rakkestad stasjon,2026-09-07T12:45:00+02:00,2026-09-07T12:45:00+02:00,,0.0,0,Oslo S,VYG:Line:R22,Skøyen-Oslo S-Mysen-Rakkestad,R22,rail,VYG:ServiceJourney:1920_443466-R,False,planned,False,,,,,2026-09-07T15:44:36.205822+02:00
NSR:StopPlace:58798,Rakkestad stasjon,2026-09-07T13:00:00+02:00,2026-09-07T13:00:00+02:00,,0.0,0,Os-Rakkestad,OST:Line:1_416,Rakkestad-Os,416,bus,OST:ServiceJourney:416_260325121471395_2,False,planned,False,,,,,2026-09-07T15:44:36.205822+02:00
NSR:StopPlace:58798,Rakkestad stasjon,2026-09-07T13:26:00+02:00,2026-09-07T13:26:00+02:00,,0.0,0,Funderud-Rakkestad,OST:Line:1_472,Skoler Rakkestad,472,bus,OST:ServiceJourney:472_260325121475363_2,False,planned,False,,,,,2026-09-07T15:44:36.205822+02:00
NSR:StopPlace:58798,Rakkestad stasjon,2026-09-07T13:55:00+02:00,2026-09-07T13:55:00+02:00,,0.0,0,Kilebu-Rakkestad,OST:Line:1_471,Fra Rakkestad,471,bus,OST:ServiceJourney:471_260325121475554_2,False,planned,False,,,,,2026-09-07T15:44:36.205822+02:00
NSR:StopPlace:58798,Rakkestad stasjon,2026-09-07T13:57:00+02:00,2026-09-07T13:57:00+02:00,,0.0,0,Mysen stasjon,OST:Line:1_640,Sarpsborg-Askim-Mysen,640,bus,OST:ServiceJourney:640_260325121473126_16,False,planned,False,,,,,2026-09-07T15:44:36.205822+02:00
NSR:StopPlace:58799,Rygge stasjon,2026-09-07T11:55:00+02:00,2026-09-07T11:55:00+02:00,,0.0,0,Halden,VYG:Line:RE20,Oslo S-Halden-Göteborg (X-Border),RE20,rail,VYG:ServiceJourney:113_443006-R,False,planned,False,,,,,2026-09-07T15:44:36.205822+02:00
NSR:StopPlace:58799,Rygge stasjon,2026-09-07T11:58:00+02:00,2026-09-07T11:58:00+02:00,,0.0,0,Oslo S,VYG:Line:RE20,Oslo S-Halden-Göteborg (X-Border),RE20,rail,VYG:ServiceJourney:116-HLD_673453-R,False,planned,False,,,,,2026-09-07T15:44:36.205822+02:00
NSR:StopPlace:58799,Rygge stasjon,2026-09-07T13:05:00+02:00,2026-09-07T13:05:00+02:00,,0.0,0,Oslo S,VYG:Line:RE20,Oslo S-Halden-Göteborg (X-Border),RE20,rail,VYG:ServiceJourney:386-118_611301-R,False,planned,False,,,,,2026-09-07T15:44:36.205822+02:00
NSR:StopPlace:58799,Rygge stasjon,2026-09-07T13:58:00+02:00,2026-09-07T13:58:00+02:00,,0.0,0,Oslo S,VYG:Line:RE20,Oslo S-Halden-Göteborg (X-Border),RE20,rail,VYG:ServiceJourney:120_673497-R,False,planned,False,,,,,2026-09-07T15:44:36.205822+02:00
NSR:StopPlace:58799,Rygge stasjon,2026-09-07T15:53:00+02:00,2026-09-07T15:53:00+02:00,,0.0,0,Halmstad-Moss,OST:Line:1_200,Moss-Larkollen,200,bus,OST:ServiceJourney:200_260325121471123_8,False,planned,False,,,,,2026-09-07T15:44:36.205822+02:00
NSR:StopPlace:58799,Rygge stasjon,2026-09-07T16:23:00+02:00,2026-09-07T16:23:00+02:00,,0.0,0,Larkollen,OST:Line:1_200,Moss-Larkollen,200,bus,OST:ServiceJourney:200_260325121471115_11,False,planned,False,,,,,2026-09-07T15:44:36.205822+02:00
NSR:StopPlace:58790,Verdal stasjon,2026-09-07T12:00:00+02:00,2026-09-07T12:00:00+02:00,,0.0,0,Steinkjer,SJN:Line:26,Trønderbanen,R70,rail,SJN:ServiceJourney:431_56060-R,False,planned,False,,,,,2026-09-07T15:44:36.205822+02:00
NSR:StopPlace:58790,Verdal stasjon,2026-09-07T12:00:00+02:00,2026-09-07T12:00:00+02:00,,0.0,0,Melhus skysstasjon,SJN:Line:26,Trønderbanen,R70,rail,SJN:ServiceJourney:434-STK_56063-R,False,planned,False,,,,,2026-09-07T15:44:36.205822+02:00
NSR:StopPlace:58790,Verdal stasjon,2026-09-07T13:01:00+02:00,2026-09-07T13:01:00+02:00,,0.0,0,Steinkjer,SJN:Line:26,Trønderbanen,R70,rail,SJN:ServiceJourney:433_56062-R,False,planned,False,,,,,2026-09-07T15:44:36.205822+02:00
NSR:StopPlace:58790,Verdal stasjon,2026-09-07T13:30:00+02:00,2026-09-07T13:30:00+02:00,,0.0,0,Verdal stasjon,ATB:Line:2_605,Fleksibel by - Verdal,605,bus,ATB:ServiceJourney:605_260106098642434_6,False,planned,False,,,,,2026-09-07T15:44:36.205822+02:00
NSR:StopPlace:58790,Verdal stasjon,2026-09-07T13:40:00+02:00,2026-09-07T13:40:00+02:00,,0.0,0,Vuku skole,ATB:Line:2_7519,Skjækerfossen - Vuku - Verdal,7519,bus,ATB:ServiceJourney:7519_260106098641941_1,False,planned,False,,,,,2026-09-07T15:44:36.205822+02:00
NSR:StopPlace:58790,Verdal stasjon,2026-09-07T14:00:00+02:00,2026-09-07T14:00:00+02:00,,0.0,0,Steinkjer,SJN:Line:26,Trønderbanen,R70,rail,SJN:ServiceJourney:435-SOeB_56064-R,False,planned,False,,,,,2026-09-07T15:44:36.205822+02:00
NSR:StopPlace:58790,Verdal stasjon,2026-09-07T15:00:00+02:00,2026-09-07T15:00:00+02:00,,0.0,0,Verdal stasjon,ATB:Line:2_605,Fleksibel by - Verdal,605,bus,ATB:ServiceJourney:605_260106098642435_8,False,planned,False,,,,,2026-09-07T15:44:36.205822+02:00
NSR:StopPlace:58793,Askim stasjon,2026-09-07T11:45:00+02:00,2026-09-07T11:45:00+02:00,,0.0,0,Rakkestad,VYG:Line:R22,Skøyen-Oslo S-Mysen-Rakkestad,R22,rail,VYG:ServiceJourney:1913_443453-R,False,planned,False,,,,,2026-09-07T15:44:36.205822+02:00
NSR:StopPlace:58793,Askim stasjon,2026-09-07T11:55:00+02:00,2026-09-07T11:55:00+02:00,,0.0,0,Mysen stasjon,OST:Line:1_640,Sarpsborg-Askim-Mysen,640,bus,OST:ServiceJourney:640_260325121473117_13,False,planned,False,,,,,2026-09-07T15:44:36.205822+02:00
NSR:StopPlace:58793,Askim stasjon,2026-09-07T11:55:00+02:00,2026-09-07T11:55:00+02:00,,0.0,0,Skoglia-Sørlia-Askim stasjon,OST:Line:1_41,Bybuss Askim sentrum nord,41,bus,OST:ServiceJourney:41_260430064449947_7,False,planned,False,,,,,2026-09-07T15:44:36.205822+02:00
NSR:StopPlace:58793,Askim stasjon,2026-09-07T12:05:00+02:00,2026-09-07T12:05:00+02:00,,0.0,0,Høybo-Høyendal,OST:Line:1_42,Bybuss Askim sentrum syd,42,bus,OST:ServiceJourney:42_260430072114463_3,False,planned,False,,,,,2026-09-07T15:44:36.205822+02:00
NSR:StopPlace:58793,Askim stasjon,2026-09-07T12:10:00+02:00,2026-09-07T12:10:00+02:00,,0.0,0,Oslo S,VYG:Line:R22,Skøyen-Oslo S-Mysen-Rakkestad,R22,rail,VYG:ServiceJourney:1918_673806-R,False,planned,False,,,,,2026-09-07T15:44:36.205822+02:00
NSR:StopPlace:58793,Askim stasjon,2026-09-07T12:25:00+02:00,2026-09-07T12:25:00+02:00,,0.0,0,Sarpsborg-Mysen,OST:Line:1_640,Sarpsborg-Askim-Mysen,640,bus,OST:ServiceJourney:640_260325121473126_16,False,planned,False,,,,,2026-09-07T15:44:36.205822+02:00
NSR:StopPlace:58793,Askim stasjon,2026-09-07T12:25:00+02:00,2026-09-07T12:25:00+02:00,,0.0,0,Sørlia-Skoglia-Askim stasjon,OST:Line:1_40,Askim sentrum nord,40,bus,OST:ServiceJourney:40_260430062567093_5,False,planned,False,,,,,2026-09-07T15:44:36.205822+02:00
NSR:StopPlace:58793,Askim stasjon,2026-09-07T12:30:00+02:00,2026-09-07T12:30:00+02:00,,0.0,0,Sollia-Ihlen-Askim stasjon,OST:Line:1_404,Askim-Ihlen,404,bus,OST:ServiceJourney:404_260325121471389_4,False,planned,False,,,,,2026-09-07T15:44:36.205822+02:00
NSR:StopPlace:58793,Askim stasjon,2026-09-07T12:35:00+02:00,2026-09-07T12:35:00+02:00,,0.0,0,Solbergfoss,OST:Line:1_403,Askim-Solbergfoss,403,bus,OST:ServiceJourney:403_260327065652377_1,False,planned,False,,,,,2026-09-07T15:44:36.205822+02:00
NSR:StopPlace:58793,Askim stasjon,2026-09-07T12:45:00+02:00,2026-09-07T12:45:00+02:00,,0.0,0,Rakkestad,VYG:Line:R22,Skøyen-Oslo S-Mysen-Rakkestad,R22,rail,VYG:ServiceJourney:1915_443457-R,False,planned,False,,,,,2026-09-07T15:44:36.205822+02:00
NSR:StopPlace:58793,Askim stasjon,2026-09-07T12:55:00+02:00,2026-09-07T12:55:00+02:00,,0.0,0,Skoglia-Sørlia-Askim stasjon,OST:Line:1_41,Bybuss Askim sentrum nord,41,bus,OST:ServiceJourney:41_260430064497537_8,False,planned,False,,,,,2026-09-07T15:44:36.205822+02:00
NSR:StopPlace:58793,Askim stasjon,2026-09-07T13:00:00+02:00,2026-09-07T13:00:00+02:00,,0.0,0,Spydeberg-Heli-Askim stasjon,OST:Line:1_407,Askim-Spydeberg-Askim,407,bus,OST:ServiceJourney:407_260325121471813_2,False,planned,False,,,,,2026-09-07T15:44:36.205822+02:00
NSR:StopPlace:58793,Askim stasjon,2026-09-07T13:10:00+02:00,2026-09-07T13:10:00+02:00,,0.0,0,Oslo S,VYG:Line:R22,Skøyen-Oslo S-Mysen-Rakkestad,R22,rail,VYG:ServiceJourney:1920_443466-R,False,planned,False,,,,,2026-09-07T15:44:36.205822+02:00
NSR:StopPlace:58793,Askim stasjon,2026-09-07T13:15:00+02:00,2026-09-07T13:15:00+02:00,,0.0,0,Mysen,OST:Line:1_411,Askim-Mysen,411,bus,OST:ServiceJourney:411_260325121475500_3,False,planned,False,,,,,2026-09-07T15:44:36.205822+02:00
NSR:StopPlace:58793,Askim stasjon,2026-09-07T13:25:00+02:00,2026-09-07T13:25:00+02:00,,0.0,0,Sarpsborg,OST:Line:1_640,Sarpsborg-Askim-Mysen,640,bus,OST:ServiceJourney:640_260325121473132_18,False,planned,False,,,,,2026-09-07T15:44:36.205822+02:00
NSR:StopPlace:58793,Askim stasjon,2026-09-07T13:25:00+02:00,2026-09-07T13:25:00+02:00,,0.0,0,Sørlia-Skoglia-Askim stasjon,OST:Line:1_40,Askim sentrum nord,40,bus,OST:ServiceJourney:40_260430062700463_6,False,planned,False,,,,,2026-09-07T15:44:36.205822+02:00
NSR:StopPlace:58793,Askim stasjon,2026-09-07T13:35:00+02:00,2026-09-07T13:35:00+02:00,,0.0,0,Mysen,OST:Line:1_411,Askim-Mysen,411,bus,OST:ServiceJourney:411_260325121475501_5,False,planned,False,,,,,2026-09-07T15:44:36.205822+02:00
NSR:StopPlace:58793,Askim stasjon,2026-09-07T13:45:00+02:00,2026-09-07T13:45:00+02:00,,0.0,0,Rakkestad,VYG:Line:R22,Skøyen-Oslo S-Mysen-Rakkestad,R22,rail,VYG:ServiceJourney:1917_443460-R,False,planned,False,,,,,2026-09-07T15:44:36.205822+02:00
NSR:StopPlace:58793,Askim stasjon,2026-09-07T14:00:00+02:00,2026-09-07T14:00:00+02:00,,0.0,0,Askim stasjon,OST:Line:1_42,Bybuss Askim sentrum syd,42,bus,OST:ServiceJourney:42_260325121475355_4,False,planned,False,,,,,2026-09-07T15:44:36.205822+02:00
NSR:StopPlace:58793,Askim stasjon,2026-09-07T14:05:00+02:00,2026-09-07T14:05:00+02:00,,0.0,0,Mysen stasjon,OST:Line:1_640,Sarpsborg-Askim-Mysen,640,bus,OST:ServiceJourney:640_260325121473119_15,False,planned,False,,,,,2026-09-07T15:44:36.205822+02:00
NSR:StopPlace:58793,Askim stasjon,2026-09-07T14:05:00+02:00,2026-09-07T14:05:00+02:00,,0.0,0,Solbergfoss,OST:Line:1_403,Askim-Solbergfoss,403,bus,OST:ServiceJourney:403_260327065658361_3,False,planned,False,,,,,2026-09-07T15:44:36.205822+02:00
NSR:StopPlace:58793,Askim stasjon,2026-09-07T14:05:00+02:00,2026-09-07T14:05:00+02:00,,0.0,0,Skoglia-Sørlia-Askim stasjon,OST:Line:1_41,Bybuss Askim sentrum nord,41,bus,OST:ServiceJourney:41_260325121476082_9,False,planned,False,,,,,2026-09-07T15:44:36.205822+02:00
NSR:StopPlace:58793,Askim stasjon,2026-09-07T14:10:00+02:00,2026-09-07T14:10:00+02:00,,0.0,0,Vamma,OST:Line:1_457,Askim stasjon,457,bus,OST:ServiceJourney:457_260325121472696_2,False,planned,False,,,,,2026-09-07T15:44:36.205822+02:00
NSR:StopPlace:58794,Fredrikstad stasjon,2026-09-07T12:10:00+02:00,2026-09-07T12:10:00+02:00,,0.0,0,Kalnes,OST:Line:1_4,Fredrikstad - Kalnes,4,bus,OST:ServiceJourney:4_260325121471292_19,False,planned,False,,,,,2026-09-07T15:44:36.205822+02:00
NSR:StopPlace:58794,Fredrikstad stasjon,2026-09-07T12:15:00+02:00,2026-09-07T12:15:00+02:00,,0.0,0,Halden,VYG:Line:RE20,Oslo S-Halden-Göteborg (X-Border),RE20,rail,VYG:ServiceJourney:113_443006-R,False,planned,False,,,,,2026-09-07T15:44:36.205822+02:00
NSR:StopPlace:58794,Fredrikstad stasjon,2026-09-07T12:40:00+02:00,2026-09-07T12:40:00+02:00,,0.0,0,Kalnes,OST:Line:1_4,Fredrikstad - Kalnes,4,bus,OST:ServiceJourney:4_260325121473199_744,False,planned,False,,,,,2026-09-07T15:44:36.205822+02:00
NSR:StopPlace:58794,Fredrikstad stasjon,2026-09-07T12:44:00+02:00,2026-09-07T12:44:00+02:00,,0.0,0,Oslo S,VYG:Line:RE20,Oslo S-Halden-Göteborg (X-Border),RE20,rail,VYG:ServiceJourney:386-118_611301-R,False,planned,False,,,,,2026-09-07T15:44:36.205822+02:00
NSR:StopPlace:58794,Fredrikstad stasjon,2026-09-07T13:10:00+02:00,2026-09-07T13:10:00+02:00,,0.0,0,Kalnes,OST:Line:1_4,Fredrikstad - Kalnes,4,bus,OST:ServiceJourney:4_260325121471295_21,False,planned,False,,,,,2026-09-07T15:44:36.205822+02:00
NSR:StopPlace:58794,Fredrikstad stasjon,2026-09-07T13:39:00+02:00,2026-09-07T13:39:00+02:00,,0.0,0,Oslo S,VYG:Line:RE20,Oslo S-Halden-Göteborg (X-Border),RE20,rail,VYG:ServiceJourney:120_673497-R,False,planned,False,,,,,2026-09-07T15:44:36.205822+02:00
NSR:StopPlace:58794,Fredrikstad stasjon,2026-09-07T15:54:00+02:00,2026-09-07T15:54:00+02:00,,0.0,0,Malmö C,SNT:Line:15931205-7b69-51de-bac7-18d4acc5c6f5,Malmö C,IC,rail,SNT:ServiceJourney:52efc068-8869-5645-b60f-cf6c2e6a10d8_b5ac3e58-b062-5656-bc9b-17920ae7ca9b,False,planned,False,,,,,2026-09-07T15:44:36.205822+02:00
NSR:StopPlace:58794,Fredrikstad stasjon,2026-09-07T16:10:00+02:00,2026-09-07T16:10:00+02:00,,0.0,0,Kalnes,OST:Line:1_4,Fredrikstad - Kalnes,4,bus,OST:ServiceJourney:4_260325121471308_33,False,planned,False,,,,,2026-09-07T15:44:36.205822+02:00
NSR:StopPlace:58795,Kambo stasjon,2026-09-07T11:54:00+02:00,2026-09-07T11:54:00+02:00,,0.0,0,Vestby stasjon,RUT:Line:540,Moss - Son - Vestby stasjon,540,bus,RUT:ServiceJourney:ae36ff42a89034880b8e018c0031ef8d,False,planned,False,,,,,2026-09-07T15:44:36.205822+02:00
NSR:StopPlace:58795,Kambo stasjon,2026-09-07T11:54:00+02:00,2026-09-07T11:54:00+02:00,,0.0,0,Kambo,OST:Line:1_22,Skredderåsen-Kambo,22,bus,OST:ServiceJourney:22_260821062885548_39,False,planned,False,,,,,2026-09-07T15:44:36.205822+02:00
NSR:StopPlace:58795,Kambo stasjon,2026-09-07T11:55:00+02:00,2026-09-07T11:55:00+02:00,,0.0,0,Moss,VYG:Line:R21,Stabekk-Oslo S-Moss,R21,rail,VYG:ServiceJourney:1125-HVK_443001-R,False,planned,False,,,,,2026-09-07T15:44:36.205822+02:00
NSR:StopPlace:58795,Kambo stasjon,2026-09-07T12:00:00+02:00,2026-09-07T12:00:00+02:00,,0.0,0,Stabekk,VYG:Line:R21,Stabekk-Oslo S-Moss,R21,rail,VYG:ServiceJourney:1132-MOS_443009-R,False,planned,False,,,,,2026-09-07T15:44:36.205822+02:00
NSR:StopPlace:58795,Kambo stasjon,2026-09-07T12:00:00+02:00,2026-09-07T12:00:00+02:00,,0.0,0,Skredderåsen-Moss sentrum,OST:Line:1_22,Skredderåsen-Kambo,22,bus,OST:ServiceJourney:22_260821062942049_46,False,planned,False,,,,,2026-09-07T15:44:36.205822+02:00
NSR:StopPlace:58795,Kambo stasjon,2026-09-07T12:24:00+02:00,2026-09-07T12:24:00+02:00,,0.0,0,Kambo,OST:Line:1_22,Skredderåsen-Kambo,22,bus,OST:ServiceJourney:22_260821062886235_41,False,planned,False,,,,,2026-09-07T15:44:36.205822+02:00
NSR:StopPlace:58795,Kambo stasjon,2026-09-07T12:25:00+02:00,2026-09-07T12:25:00+02:00,,0.0,0,Moss,VYG:Line:R21,Stabekk-Oslo S-Moss,R21,rail,VYG:ServiceJourney:1127-HVK_443003-R,False,planned,False,,,,,2026-09-07T15:44:36.205822+02:00
NSR:StopPlace:58795,Kambo stasjon,2026-09-07T12:26:00+02:00,2026-09-07T12:26:00+02:00,,0.0,0,Moss,RUT:Line:540,Moss - Son - Vestby stasjon,540,bus,RUT:ServiceJourney:6363bcc9a7dcc149848a1d9d52f94f37,False,planned,False,,,,,2026-09-07T15:44:36.205822+02:00
NSR:StopPlace:58795,Kambo stasjon,2026-09-07T12:30:00+02:00,2026-09-07T12:30:00+02:00,,0.0,0,Stabekk,VYG:Line:R21,Stabekk-Oslo S-Moss,R21,rail,VYG:ServiceJourney:1134-MOS_443011-R,False,planned,False,,,,,2026-09-07T15:44:36.205822+02:00
NSR:StopPlace:58795,Kambo stasjon,2026-09-07T12:30:00+02:00,2026-09-07T12:30:00+02:00,,0.0,0,Skredderåsen-Moss sentrum,OST:Line:1_22,Skredderåsen-Kambo,22,bus,OST:ServiceJourney:22_260821062942735_48,False,planned,False,,,,,2026-09-07T15:44:36.205822+02:00
NSR:StopPlace:58795,Kambo stasjon,2026-09-07T12:54:00+02:00,2026-09-07T12:54:00+02:00,,0.0,0,Vestby stasjon,RUT:Line:540,Moss - Son - Vestby stasjon,540,bus,RUT:ServiceJourney:e0c2511685d00558c8ebc8bf2d9fd875,False,planned,False,,,,,2026-09-07T15:44:36.205822+02:00
NSR:StopPlace:58795,Kambo stasjon,2026-09-07T12:54:00+02:00,2026-09-07T12:54:00+02:00,,0.0,0,Kambo,OST:Line:1_22,Skredderåsen-Kambo,22,bus,OST:ServiceJourney:22_260821062886923_43,False,planned,False,,,,,2026-09-07T15:44:36.205822+02:00
NSR:StopPlace:58795,Kambo stasjon,2026-09-07T12:55:00+02:00,2026-09-07T12:55:00+02:00,,0.0,0,Moss,VYG:Line:R21,Stabekk-Oslo S-Moss,R21,rail,VYG:ServiceJourney:1129-HVK_443005-R,False,planned,False,,,,,2026-09-07T15:44:36.205822+02:00
NSR:StopPlace:58795,Kambo stasjon,2026-09-07T13:00:00+02:00,2026-09-07T13:00:00+02:00,,0.0,0,Stabekk,VYG:Line:R21,Stabekk-Oslo S-Moss,R21,rail,VYG:ServiceJourney:1136-MOS_443013-R,False,planned,False,,,,,2026-09-07T15:44:36.205822+02:00
NSR:StopPlace:58795,Kambo stasjon,2026-09-07T13:00:00+02:00,2026-09-07T13:00:00+02:00,,0.0,0,Skredderåsen-Moss sentrum,OST:Line:1_22,Skredderåsen-Kambo,22,bus,OST:ServiceJourney:22_260821062943421_50,False,planned,False,,,,,2026-09-07T15:44:36.205822+02:00
NSR:StopPlace:58795,Kambo stasjon,2026-09-07T13:24:00+02:00,2026-09-07T13:24:00+02:00,,0.0,0,Kambo,OST:Line:1_22,Skredderåsen-Kambo,22,bus,OST:ServiceJourney:22_260821062887615_45,False,planned,False,,,,,2026-09-07T15:44:36.205822+02:00
NSR:StopPlace:58795,Kambo stasjon,2026-09-07T13:25:00+02:00,2026-09-07T13:25:00+02:00,,0.0,0,Moss,VYG:Line:R21,Stabekk-Oslo S-Moss,R21,rail,VYG:ServiceJourney:1131-HVK_443008-R,False,planned,False,,,,,2026-09-07T15:44:36.205822+02:00
NSR:StopPlace:58795,Kambo stasjon,2026-09-07T13:26:00+02:00,2026-09-07T13:26:00+02:00,,0.0,0,Moss,RUT:Line:540,Moss - Son - Vestby stasjon,540,bus,RUT:ServiceJourney:b4905e0924ab01abfea09ecae5ff7811,False,planned,False,,,,,2026-09-07T15:44:36.205822+02:00
NSR:StopPlace:58795,Kambo stasjon,2026-09-07T13:30:00+02:00,2026-09-07T13:30:00+02:00,,0.0,0,Stabekk,VYG:Line:R21,Stabekk-Oslo S-Moss,R21,rail,VYG:ServiceJourney:1138-MOS_443015-R,False,planned,False,,,,,2026-09-07T15:44:36.205822+02:00
NSR:StopPlace:58795,Kambo stasjon,2026-09-07T13:30:00+02:00,2026-09-07T13:30:00+02:00,,0.0,0,Skredderåsen-Moss sentrum,OST:Line:1_22,Skredderåsen-Kambo,22,bus,OST:ServiceJourney:22_260821062944106_52,False,planned,False,,,,,2026-09-07T15:44:36.205822+02:00
NSR:StopPlace:58795,Kambo stasjon,2026-09-07T13:54:00+02:00,2026-09-07T13:54:00+02:00,,0.0,0,Vestby stasjon,RUT:Line:540,Moss - Son - Vestby stasjon,540,bus,RUT:ServiceJourney:3bbe95faa13d3d297be6515cbf89c6c8,False,planned,False,,,,,2026-09-07T15:44:36.205822+02:00
NSR:StopPlace:58795,Kambo stasjon,2026-09-07T13:55:00+02:00,2026-09-07T13:55:00+02:00,,0.0,0,Moss,VYG:Line:R21,Stabekk-Oslo S-Moss,R21,rail,VYG:ServiceJourney:1133-HVK_443010-R,False,planned,False,,,,,2026-09-07T15:44:36.205822+02:00
NSR:StopPlace:58795,Kambo stasjon,2026-09-07T14:05:00+02:00,2026-09-07T14:05:00+02:00,,0.0,0,Kambo,OST:Line:1_22,Skredderåsen-Kambo,22,bus,OST:ServiceJourney:22_260821062888304_47,False,planned,False,,,,,2026-09-07T15:44:36.205822+02:00
NSR:StopPlace:58795,Kambo stasjon,2026-09-07T14:11:00+02:00,2026-09-07T14:11:00+02:00,,0.0,0,Skredderåsen-Moss sentrum,OST:Line:1_22,Skredderåsen-Kambo,22,bus,OST:ServiceJourney:22_260821062944793_54,False,planned,False,,,,,2026-09-07T15:44:36.205822+02:00
NSR:StopPlace:58795,Kambo stasjon,2026-09-07T14:20:00+02:00,2026-09-07T14:20:00+02:00,,0.0,0,Kambo,OST:Line:1_22,Skredderåsen-Kambo,22,bus,OST:ServiceJourney:22_260821062888992_49,False,planned,False,,,,,2026-09-07T15:44:36.205822+02:00
NSR:StopPlace:58795,Kambo stasjon,2026-09-07T14:25:00+02:00,2026-09-07T14:25:00+02:00,,0.0,0,Moss,VYG:Line:R21,Stabekk-Oslo S-Moss,R21,rail,VYG:ServiceJourney:1135-HVK_443012-R,False,planned,False,,,,,2026-09-07T15:44:36.205822+02:00
NSR:StopPlace:58795,Kambo stasjon,2026-09-07T14:26:00+02:00,2026-09-07T14:26:00+02:00,,0.0,0,Skredderåsen-Moss sentrum,OST:Line:1_22,Skredderåsen-Kambo,22,bus,OST:ServiceJourney:22_260821062945478_56,False,planned,False,,,,,2026-09-07T15:44:36.205822+02:00
NSR:StopPlace:58795,Kambo stasjon,2026-09-07T14:35:00+02:00,2026-09-07T14:35:00+02:00,,0.0,0,Kambo,OST:Line:1_22,Skredderåsen-Kambo,22,bus,OST:ServiceJourney:22_260821062890369_51,False,planned,False,,,,,2026-09-07T15:44:36.205822+02:00
NSR:StopPlace:58795,Kambo stasjon,2026-09-07T14:41:00+02:00,2026-09-07T14:41:00+02:00,,0.0,0,Skredderåsen-Moss sentrum,OST:Line:1_22,Skredderåsen-Kambo,22,bus,OST:ServiceJourney:22_260821062946165_58,False,planned,False,,,,,2026-09-07T15:44:36.205822+02:00
NSR:StopPlace:58795,Kambo stasjon,2026-09-07T14:50:00+02:00,2026-09-07T14:50:00+02:00,,0.0,0,Kambo,OST:Line:1_22,Skredderåsen-Kambo,22,bus,OST:ServiceJourney:22_260821062891056_53,False,planned,False,,,,,2026-09-07T15:44:36.205822+02:00
NSR:StopPlace:58795,Kambo stasjon,2026-09-07T14:56:00+02:00,2026-09-07T14:56:00+02:00,,0.0,0,Skredderåsen-Moss sentrum,OST:Line:1_22,Skredderåsen-Kambo,22,bus,OST:ServiceJourney:22_260821062947537_60,False,planned,False,,,,,2026-09-07T15:44:36.205822+02:00
NSR:StopPlace:58795,Kambo stasjon,2026-09-07T15:05:00+02:00,2026-09-07T15:05:00+02:00,,0.0,0,Kambo,OST:Line:1_22,Skredderåsen-Kambo,22,bus,OST:ServiceJourney:22_260821062891742_55,False,planned,False,,,,,2026-09-07T15:44:36.205822+02:00
NSR:StopPlace:58795,Kambo stasjon,2026-09-07T15:11:00+02:00,2026-09-07T15:11:00+02:00,,0.0,0,Skredderåsen-Moss sentrum,OST:Line:1_22,Skredderåsen-Kambo,22,bus,OST:ServiceJourney:22_260821062948222_62,False,planned,False,,,,,2026-09-07T15:44:36.205822+02:00
NSR:StopPlace:58795,Kambo stasjon,2026-09-07T15:20:00+02:00,2026-09-07T15:20:00+02:00,,0.0,0,Kambo,OST:Line:1_22,Skredderåsen-Kambo,22,bus,OST:ServiceJourney:22_260821062892428_57,False,planned,False,,,,,2026-09-07T15:44:36.205822+02:00
NSR:StopPlace:58795,Kambo stasjon,2026-09-07T15:26:00+02:00,2026-09-07T15:26:00+02:00,,0.0,0,Skredderåsen-Moss sentrum,OST:Line:1_22,Skredderåsen-Kambo,22,bus,OST:ServiceJourney:22_260821062948908_64,False,planned,False,,,,,2026-09-07T15:44:36.205822+02:00
NSR:StopPlace:58795,Kambo stasjon,2026-09-07T15:35:00+02:00,2026-09-07T15:35:00+02:00,,0.0,0,Kambo,OST:Line:1_22,Skredderåsen-Kambo,22,bus,OST:ServiceJourney:22_260821062893115_59,False,planned,False,,,,,2026-09-07T15:44:36.205822+02:00
NSR:StopPlace:58795,Kambo stasjon,2026-09-07T15:41:00+02:00,2026-09-07T15:41:00+02:00,,0.0,0,Skredderåsen-Moss sentrum,OST:Line:1_22,Skredderåsen-Kambo,22,bus,OST:ServiceJourney:22_260821062949594_66,False,planned,False,,,,,2026-09-07T15:44:36.205822+02:00
NSR:StopPlace:58796,Moss stasjon,2026-09-07T11:47:00+02:00,2026-09-07T11:47:00+02:00,,0.0,0,Halden,VYG:Line:RE20,Oslo S-Halden-Göteborg (X-Border),RE20,rail,VYG:ServiceJourney:113_443006-R,False,planned,False,,,,,2026-09-07T15:44:36.205822+02:00
NSR:StopPlace:58796,Moss stasjon,2026-09-07T11:47:00+02:00,2026-09-07T11:47:00+02:00,,0.0,0,Moss sentrum,OST:Line:1_206,Krossern-Orkerød,206,bus,OST:ServiceJourney:206_260325121472196_20,False,planned,False,,,,,2026-09-07T15:44:36.205822+02:00
NSR:StopPlace:58796,Moss stasjon,2026-09-07T11:53:00+02:00,2026-09-07T11:53:00+02:00,,0.0,0,Moss sentrum,OST:Line:1_205,Framnes,205,bus,OST:ServiceJourney:205_260325121472176_20,False,planned,False,,,,,2026-09-07T15:44:36.205822+02:00
NSR:StopPlace:58796,Moss stasjon,2026-09-07T11:54:00+02:00,2026-09-07T11:54:00+02:00,,0.0,0,Stabekk,VYG:Line:R21,Stabekk-Oslo S-Moss,R21,rail,VYG:ServiceJourney:1132-MOS_443009-R,False,planned,False,,,,,2026-09-07T15:44:36.205822+02:00
NSR:StopPlace:58796,Moss stasjon,2026-09-07T11:59:00+02:00,2026-09-07T11:59:00+02:00,,0.0,0,Moss sentrum,OST:Line:1_204,Ekholt,204,bus,OST:ServiceJourney:204_260325121471137_18,False,planned,False,,,,,2026-09-07T15:44:36.205822+02:00
NSR:StopPlace:58796,Moss stasjon,2026-09-07T12:00:00+02:00,2026-09-07T12:00:00+02:00,,0.0,0,Moss sentrum,OST:Line:1_20,Refsnes,20,bus,OST:ServiceJourney:20_260622091571992_40,False,planned,False,,,,,2026-09-07T15:44:36.205822+02:00
NSR:StopPlace:58796,Moss stasjon,2026-09-07T12:02:00+02:00,2026-09-07T12:02:00+02:00,,0.0,0,Ryggeveien-Øreåsen,OST:Line:1_21,Ryggeveien-Øreåsen,21,bus,OST:ServiceJourney:21_260622091704712_21,False,planned,False,,,,,2026-09-07T15:44:36.205822+02:00
NSR:StopPlace:58796,Moss stasjon,2026-09-07T12:03:00+02:00,2026-09-07T12:03:00+02:00,,0.0,0,Moss sentrum,OST:Line:1_24,Varnaveien-Øreåsen,24,bus,OST:ServiceJourney:24_260622092169253_22,False,planned,False,,,,,2026-09-07T15:44:36.205822+02:00
NSR:StopPlace:58796,Moss stasjon,2026-09-07T12:07:00+02:00,2026-09-07T12:07:00+02:00,,0.0,0,Oslo S,VYG:Line:RE20,Oslo S-Halden-Göteborg (X-Border),RE20,rail,VYG:ServiceJourney:116-HLD_673453-R,False,planned,False,,,,,2026-09-07T15:44:36.205822+02:00
NSR:StopPlace:58796,Moss stasjon,2026-09-07T12:07:00+02:00,2026-09-07T12:07:00+02:00,,0.0,0,Askim,OST:Line:1_641,Askim-Elvestad-Moss,641,bus,OST:ServiceJourney:641_260325121473631_10,False,planned,False,,,,,2026-09-07T15:44:36.205822+02:00
NSR:StopPlace:58796,Moss stasjon,2026-09-07T12:07:00+02:00,2026-09-07T12:07:00+02:00,,0.0,0,Sarpsborg,OST:Line:1_633,Moss-Sarpsborg-Halden,633,bus,OST:ServiceJourney:633_260325121472063_204,False,planned,False,,,,,2026-09-07T15:44:36.205822+02:00
NSR:StopPlace:58796,Moss stasjon,2026-09-07T12:08:00+02:00,2026-09-07T12:08:00+02:00,,0.0,0,Refsnes,OST:Line:1_20,Refsnes,20,bus,OST:ServiceJourney:20_260622091522816_39,False,planned,False,,,,,2026-09-07T15:44:36.205822+02:00
NSR:StopPlace:58796,Moss stasjon,2026-09-07T12:18:00+02:00,2026-09-07T12:18:00+02:00,,0.0,0,Krossern-Orkerød,OST:Line:1_206,Krossern-Orkerød,206,bus,OST:ServiceJourney:206_260325121472185_21,False,planned,False,,,,,2026-09-07T15:44:36.205822+02:00
NSR:StopPlace:58796,Moss stasjon,2026-09-07T12:24:00+02:00,2026-09-07T12:24:00+02:00,,0.0,0,Stabekk,VYG:Line:R21,Stabekk-Oslo S-Moss,R21,rail,VYG:ServiceJourney:1134-MOS_443011-R,False,planned,False,,,,,2026-09-07T15:44:36.205822+02:00
NSR:StopPlace:58796,Moss stasjon,2026-09-07T12:27:00+02:00,2026-09-07T12:27:00+02:00,,0.0,0,Ekholt-Bredsand,OST:Line:1_204,Ekholt,204,bus,OST:ServiceJourney:204_260325121471138_19,False,planned,False,,,,,2026-09-07T15:44:36.205822+02:00
NSR:StopPlace:58796,Moss stasjon,2026-09-07T12:30:00+02:00,2026-09-07T12:30:00+02:00,,0.0,0,Moss sentrum,OST:Line:1_20,Refsnes,20,bus,OST:ServiceJourney:20_260622091572674_42,False,planned,False,,,,,2026-09-07T15:44:36.205822+02:00
NSR:StopPlace:58796,Moss stasjon,2026-09-07T12:32:00+02:00,2026-09-07T12:32:00+02:00,,0.0,0,Varnaveien-Øreåsen,OST:Line:1_24,Varnaveien-Øreåsen,24,bus,OST:ServiceJourney:24_260622092144570_21,False,planned,False,,,,,2026-09-07T15:44:36.205822+02:00
NSR:StopPlace:58796,Moss stasjon,2026-09-07T12:32:00+02:00,2026-09-07T12:32:00+02:00,,0.0,0,Svinndal,OST:Line:1_620,Moss-Våler-Svinndal,620,bus,OST:ServiceJourney:620_260827096106293_9,False,planned,False,,,,,2026-09-07T15:44:36.205822+02:00
NSR:StopPlace:58796,Moss stasjon,2026-09-07T12:33:00+02:00,2026-09-07T12:33:00+02:00,,0.0,0,Moss sentrum,OST:Line:1_21,Ryggeveien-Øreåsen,21,bus,OST:ServiceJourney:21_260622091729444_22,False,planned,False,,,,,2026-09-07T15:44:36.205822+02:00
NSR:StopPlace:58796,Moss stasjon,2026-09-07T12:33:00+02:00,2026-09-07T12:33:00+02:00,,0.0,0,Framnes,OST:Line:1_205,Framnes,205,bus,OST:ServiceJourney:205_260325121472165_21,False,planned,False,,,,,2026-09-07T15:44:36.205822+02:00
NSR:StopPlace:58796,Moss stasjon,2026-09-07T12:38:00+02:00,2026-09-07T12:38:00+02:00,,0.0,0,Refsnes,OST:Line:1_20,Refsnes,20,bus,OST:ServiceJourney:20_260622091523495_41,False,planned,False,,,,,2026-09-07T15:44:36.205822+02:00
NSR:StopPlace:58796,Moss stasjon,2026-09-07T12:47:00+02:00,2026-09-07T12:47:00+02:00,,0.0,0,Moss sentrum,OST:Line:1_206,Krossern-Orkerød,206,bus,OST:ServiceJourney:206_260325121472197_22,False,planned,False,,,,,2026-09-07T15:44:36.205822+02:00
NSR:StopPlace:58796,Moss stasjon,2026-09-07T12:53:00+02:00,2026-09-07T12:53:00+02:00,,0.0,0,Moss sentrum,OST:Line:1_205,Framnes,205,bus,OST:ServiceJourney:205_260325121472177_22,False,planned,False,,,,,2026-09-07T15:44:36.205822+02:00
NSR:StopPlace:58796,Moss stasjon,2026-09-07T12:54:00+02:00,2026-09-07T12:54:00+02:00,,0.0,0,Stabekk,VYG:Line:R21,Stabekk-Oslo S-Moss,R21,rail,VYG:ServiceJourney:1136-MOS_443013-R,False,planned,False,,,,,2026-09-07T15:44:36.205822+02:00
NSR:StopPlace:58796,Moss stasjon,2026-09-07T12:59:00+02:00,2026-09-07T12:59:00+02:00,,0.0,0,Moss sentrum,OST:Line:1_204,Ekholt,204,bus,OST:ServiceJourney:204_260325121471140_20,False,planned,False,,,,,2026-09-07T15:44:36.205822+02:00
NSR:StopPlace:58796,Moss stasjon,2026-09-07T13:00:00+02:00,2026-09-07T13:00:00+02:00,,0.0,0,Moss sentrum,OST:Line:1_20,Refsnes,20,bus,OST:ServiceJourney:20_260622091573355_44,False,planned,False,,,,,2026-09-07T15:44:36.205822+02:00
NSR:StopPlace:58796,Moss stasjon,2026-09-07T13:02:00+02:00,2026-09-07T13:02:00+02:00,,0.0,0,Ryggeveien-Øreåsen,OST:Line:1_21,Ryggeveien-Øreåsen,21,bus,OST:ServiceJourney:21_260622091706752_23,False,planned,False,,,,,2026-09-07T15:44:36.205822+02:00
NSR:StopPlace:58796,Moss stasjon,2026-09-07T13:03:00+02:00,2026-09-07T13:03:00+02:00,,0.0,0,Moss sentrum,OST:Line:1_24,Varnaveien-Øreåsen,24,bus,OST:ServiceJourney:24_260622092169933_24,False,planned,False,,,,,2026-09-07T15:44:36.205822+02:00
NSR:StopPlace:58796,Moss stasjon,2026-09-07T13:03:00+02:00,2026-09-07T13:03:00+02:00,,0.0,0,Framnes,OST:Line:1_205,Framnes,205,bus,OST:ServiceJourney:205_260325121472166_23,False,planned,False,,,,,2026-09-07T15:44:36.205822+02:00
NSR:StopPlace:58796,Moss stasjon,2026-09-07T13:07:00+02:00,2026-09-07T13:07:00+02:00,,0.0,0,Fredrikstad-Halden,OST:Line:1_630,Halden-Fredrikstad-Moss,630,bus,OST:ServiceJourney:630_260325121476038_412,False,planned,False,,,,,2026-09-07T15:44:36.205822+02:00
NSR:StopPlace:58796,Moss stasjon,2026-09-07T13:08:00+02:00,2026-09-07T13:08:00+02:00,,0.0,0,Refsnes,OST:Line:1_20,Refsnes,20,bus,OST:ServiceJourney:20_260622091524174_43,False,planned,False,,,,,2026-09-07T15:44:36.205822+02:00
NSR:StopPlace:58796,Moss stasjon,2026-09-07T13:12:00+02:00,2026-09-07T13:12:00+02:00,,0.0,0,Svinndal,OST:Line:1_620,Moss-Våler-Svinndal,620,bus,OST:ServiceJourney:620_260827096107127_11,False,planned,False,,,,,2026-09-07T15:44:36.205822+02:00
NSR:StopPlace:58796,Moss stasjon,2026-09-07T13:13:00+02:00,2026-09-07T13:13:00+02:00,,0.0,0,Oslo S,VYG:Line:RE20,Oslo S-Halden-Göteborg (X-Border),RE20,rail,VYG:ServiceJourney:386-118_611301-R,False,planned,False,,,,,2026-09-07T15:44:36.205822+02:00
NSR:StopPlace:58796,Moss stasjon,2026-09-07T13:18:00+02:00,2026-09-07T13:18:00+02:00,,0.0,0,Krossern-Orkerød,OST:Line:1_206,Krossern-Orkerød,206,bus,OST:ServiceJourney:206_260325121472186_23,False,planned,False,,,,,2026-09-07T15:44:36.205822+02:00
NSR:StopPlace:58796,Moss stasjon,2026-09-07T13:22:00+02:00,2026-09-07T13:22:00+02:00,,0.0,0,Varnaveien-Øreåsen,OST:Line:1_24,Varnaveien-Øreåsen,24,bus,OST:ServiceJourney:24_260622092145256_23,False,planned,False,,,,,2026-09-07T15:44:36.205822+02:00
NSR:StopPlace:58796,Moss stasjon,2026-09-07T13:23:00+02:00,2026-09-07T13:23:00+02:00,,0.0,0,Moss sentrum,OST:Line:1_205,Framnes,205,bus,OST:ServiceJourney:205_260325121472178_24,False,planned,False,,,,,2026-09-07T15:44:36.205822+02:00
NSR:StopPlace:58796,Moss stasjon,2026-09-07T13:23:00+02:00,2026-09-07T13:23:00+02:00,,0.0,0,Refsnes,OST:Line:1_20,Refsnes,20,bus,OST:ServiceJourney:20_260622091524853_45,False,planned,False,,,,,2026-09-07T15:44:36.205822+02:00
NSR:StopPlace:58796,Moss stasjon,2026-09-07T13:24:00+02:00,2026-09-07T13:24:00+02:00,,0.0,0,Stabekk,VYG:Line:R21,Stabekk-Oslo S-Moss,R21,rail,VYG:ServiceJourney:1138-MOS_443015-R,False,planned,False,,,,,2026-09-07T15:44:36.205822+02:00
NSR:StopPlace:58796,Moss stasjon,2026-09-07T13:27:00+02:00,2026-09-07T13:27:00+02:00,,0.0,0,Ekholt-Bredsand,OST:Line:1_204,Ekholt,204,bus,OST:ServiceJourney:204_260325121471141_21,False,planned,False,,,,,2026-09-07T15:44:36.205822+02:00
NSR:StopPlace:58796,Moss stasjon,2026-09-07T13:30:00+02:00,2026-09-07T13:30:00+02:00,,0.0,0,Moss sentrum,OST:Line:1_20,Refsnes,20,bus,OST:ServiceJourney:20_260622091574034_46,False,planned,False,,,,,2026-09-07T15:44:36.205822+02:00
NSR:StopPlace:58796,Moss stasjon,2026-09-07T13:33:00+02:00,2026-09-07T13:33:00+02:00,,0.0,0,Moss sentrum,OST:Line:1_21,Ryggeveien-Øreåsen,21,bus,OST:ServiceJourney:21_260622091731495_24,False,planned,False,,,,,2026-09-07T15:44:36.205822+02:00
NSR:StopPlace:58796,Moss stasjon,2026-09-07T13:37:00+02:00,2026-09-07T13:37:00+02:00,,0.0,0,Ryggeveien-Øreåsen,OST:Line:1_21,Ryggeveien-Øreåsen,21,bus,OST:ServiceJourney:21_260622091707433_25,False,planned,False,,,,,2026-09-07T15:44:36.205822+02:00
NSR:StopPlace:58796,Moss stasjon,2026-09-07T13:38:00+02:00,2026-09-07T13:38:00+02:00,,0.0,0,Refsnes,OST:Line:1_20,Refsnes,20,bus,OST:ServiceJourney:20_260622091525533_47,False,planned,False,,,,,2026-09-07T15:44:36.205822+02:00
NSR:StopPlace:58796,Moss stasjon,2026-09-07T13:45:00+02:00,2026-09-07T13:45:00+02:00,,0.0,0,Moss sentrum,OST:Line:1_20,Refsnes,20,bus,OST:ServiceJourney:20_260622091574718_48,False,planned,False,,,,,2026-09-07T15:44:36.205822+02:00
NSR:StopPlace:58796,Moss stasjon,2026-09-07T13:47:00+02:00,2026-09-07T13:47:00+02:00,,0.0,0,Moss sentrum,OST:Line:1_206,Krossern-Orkerød,206,bus,OST:ServiceJourney:206_260325121472198_24,False,planned,False,,,,,2026-09-07T15:44:36.205822+02:00
NSR:StopPlace:58796,Moss stasjon,2026-09-07T13:52:00+02:00,2026-09-07T13:52:00+02:00,,0.0,0,Varnaveien-Øreåsen,OST:Line:1_24,Varnaveien-Øreåsen,24,bus,OST:ServiceJourney:24_260622092145941_25,False,planned,False,,,,,2026-09-07T15:44:36.205822+02:00
NSR:StopPlace:58796,Moss stasjon,2026-09-07T13:52:00+02:00,2026-09-07T13:52:00+02:00,,0.0,0,Ekholt-Bredsand,OST:Line:1_204,Ekholt,204,bus,OST:ServiceJourney:204_260325121471143_23,False,planned,False,,,,,2026-09-07T15:44:36.205822+02:00
NSR:StopPlace:58796,Moss stasjon,2026-09-07T13:53:00+02:00,2026-09-07T13:53:00+02:00,,0.0,0,Moss sentrum,OST:Line:1_24,Varnaveien-Øreåsen,24,bus,OST:ServiceJourney:24_260622092170614_26,False,planned,False,,,,,2026-09-07T15:44:36.205822+02:00
NSR:StopPlace:58830,Brakerøya stasjon,2026-09-07T11:51:00+02:00,2026-09-07T11:51:00+02:00,,0.0,0,Drammen,VYG:Line:R13,Drammen-Oslo S-Dal,R13,rail,VYG:ServiceJourney:1624_443264-R,False,planned,False,,,,,2026-09-07T15:44:36.205822+02:00
NSR:StopPlace:58830,Brakerøya stasjon,2026-09-07T12:08:00+02:00,2026-09-07T12:08:00+02:00,,0.0,0,Dal,VYG:Line:R13,Drammen-Oslo S-Dal,R13,rail,VYG:ServiceJourney:1631_443278-R,False,planned,False,,,,,2026-09-07T15:44:36.205822+02:00
NSR:StopPlace:58830,Brakerøya stasjon,2026-09-07T12:21:00+02:00,2026-09-07T12:21:00+02:00,,0.0,0,Drammen,VYG:Line:R13,Drammen-Oslo S-Dal,R13,rail,VYG:ServiceJourney:1626_443268-R,False,planned,False,,,,,2026-09-07T15:44:36.205822+02:00
NSR:StopPlace:58830,Brakerøya stasjon,2026-09-07T12:38:00+02:00,2026-09-07T12:38:00+02:00,,0.0,0,Dal,VYG:Line:R13,Drammen-Oslo S-Dal,R13,rail,VYG:ServiceJourney:1633_443282-R,False,planned,False,,,,,2026-09-07T15:44:36.205822+02:00
NSR:StopPlace:58830,Brakerøya stasjon,2026-09-07T12:51:00+02:00,2026-09-07T12:51:00+02:00,,0.0,0,Drammen,VYG:Line:R13,Drammen-Oslo S-Dal,R13,rail,VYG:ServiceJourney:1628_443272-R,False,planned,False,,,,,2026-09-07T15:44:36.205822+02:00
NSR:StopPlace:58830,Brakerøya stasjon,2026-09-07T13:21:00+02:00,2026-09-07T13:21:00+02:00,,0.0,0,Drammen,VYG:Line:R13,Drammen-Oslo S-Dal,R13,rail,VYG:ServiceJourney:1630_443277-R,False,planned,False,,,,,2026-09-07T15:44:36.205822+02:00
NSR:StopPlace:58830,Brakerøya stasjon,2026-09-07T13:51:00+02:00,2026-09-07T13:51:00+02:00,,0.0,0,Drammen,VYG:Line:R13,Drammen-Oslo S-Dal,R13,rail,VYG:ServiceJourney:1632_443281-R,False,planned,False,,,,,2026-09-07T15:44:36.205822+02:00
NSR:StopPlace:58832,Geilo stasjon,2026-09-07T12:05:00+02:00,2026-09-07T12:05:00+02:00,,0.0,0,Eidfjord,SKY:Line:991,Geilo - Eidfjord - Odda,991,bus,SKY:ServiceJourney:991-205165-21245427,False,planned,False,,,,,2026-09-07T15:44:36.205822+02:00
NSR:StopPlace:58832,Geilo stasjon,2026-09-07T13:00:00+02:00,2026-09-07T13:00:00+02:00,,0.0,0,Bergen,VYG:Line:F4,Oslo S-Bergen,F4,rail,VYG:ServiceJourney:90607_661658-R,False,planned,False,,,,,2026-09-07T15:44:36.205822+02:00
NSR:StopPlace:58832,Geilo stasjon,2026-09-07T13:00:00+02:00,2026-09-07T13:00:00+02:00,,0.0,0,Hagafoss/Gol,BRA:Line:4_6330,Gol-Geilo,330,bus,BRA:ServiceJourney:6330_260415100163962_1012,False,planned,False,,,,,2026-09-07T15:44:36.205822+02:00
NSR:StopPlace:58832,Geilo stasjon,2026-09-07T13:20:00+02:00,2026-09-07T13:20:00+02:00,,0.0,0,Ustaoset,BRA:Line:4_6334,Geilo - Ustaoset - Haugastøl,334,bus,BRA:ServiceJourney:6334_260804087388586_1011,False,planned,False,,,,,2026-09-07T15:44:36.205822+02:00
NSR:StopPlace:58833,Gol stasjon,2026-09-07T12:10:00+02:00,2026-09-07T12:10:00+02:00,,0.0,0,Fagernes,INN:Line:139,Fagernes - Gol,139,bus,INN:ServiceJourney:65346,False,planned,False,,,,,2026-09-07T15:44:36.205822+02:00
NSR:StopPlace:58833,Gol stasjon,2026-09-07T12:18:00+02:00,2026-09-07T12:18:00+02:00,,0.0,0,Bergen,VYG:Line:F4,Oslo S-Bergen,F4,rail,VYG:ServiceJourney:90607_661658-R,False,planned,False,,,,,2026-09-07T15:44:36.205822+02:00
NSR:StopPlace:58834,Hokksund stasjon,2026-09-07T11:55:00+02:00,2026-09-07T11:55:00+02:00,,0.0,0,Harakollen,BRA:Line:4_6125,Hokksund - Harakollen,125,bus,BRA:ServiceJourney:6125_260415100159544_1012,False,planned,False,,,,,2026-09-07T15:44:36.205822+02:00
NSR:StopPlace:58834,Hokksund stasjon,2026-09-07T11:57:00+02:00,2026-09-07T11:57:00+02:00,,0.0,0,Drammen via Mjøndalen,BRA:Line:4_6101,Drammen-Vikersund/Hønefoss,101,bus,BRA:ServiceJourney:6101_260415100161308_1026,False,planned,False,,,,,2026-09-07T15:44:36.205822+02:00
NSR:StopPlace:58834,Hokksund stasjon,2026-09-07T11:59:00+02:00,2026-09-07T11:59:00+02:00,,0.0,0,Eidsvoll,VYG:Line:R12,Kongsberg-Oslo S-Eidsvoll,R12,rail,VYG:ServiceJourney:516_481318-R,False,planned,False,,,,,2026-09-07T15:44:36.205822+02:00
NSR:StopPlace:58834,Hokksund stasjon,2026-09-07T12:00:00+02:00,2026-09-07T12:00:00+02:00,,0.0,0,Bingen/Hammerfoss,BRA:Line:4_6136,Skotselv - Hokksund,136,bus,BRA:ServiceJourney:6136_260427091249753_1004,False,planned,False,,,,,2026-09-07T15:44:36.205822+02:00
NSR:StopPlace:58834,Hokksund stasjon,2026-09-07T12:01:00+02:00,2026-09-07T12:01:00+02:00,,0.0,0,Kongsberg,VYG:Line:R12,Kongsberg-Oslo S-Eidsvoll,R12,rail,VYG:ServiceJourney:513_444310-R,False,planned,False,,,,,2026-09-07T15:44:36.205822+02:00
NSR:StopPlace:58834,Hokksund stasjon,2026-09-07T12:06:00+02:00,2026-09-07T12:06:00+02:00,,0.0,0,Vikersund,BRA:Line:4_6101,Drammen-Vikersund/Hønefoss,101,bus,BRA:ServiceJourney:6101_260415100161245_1019,False,planned,False,,,,,2026-09-07T15:44:36.205822+02:00
NSR:StopPlace:58834,Hokksund stasjon,2026-09-07T12:17:00+02:00,2026-09-07T12:17:00+02:00,,0.0,0,Ormåsen,BRA:Line:4_6117,Hokksund - Ormåsen,117,bus,BRA:ServiceJourney:6117_260622052301642_1011,False,planned,False,,,,,2026-09-07T15:44:36.205822+02:00
NSR:StopPlace:58834,Hokksund stasjon,2026-09-07T12:27:00+02:00,2026-09-07T12:27:00+02:00,,0.0,0,Drammen via Mjøndalen,BRA:Line:4_6101,Drammen-Vikersund/Hønefoss,101,bus,BRA:ServiceJourney:6101_260415100161277_1032,False,planned,False,,,,,2026-09-07T15:44:36.205822+02:00
NSR:StopPlace:58834,Hokksund stasjon,2026-09-07T12:57:00+02:00,2026-09-07T12:57:00+02:00,,0.0,0,Drammen via Mjøndalen,BRA:Line:4_6101,Drammen-Vikersund/Hønefoss,101,bus,BRA:ServiceJourney:6101_260415100161309_1030,False,planned,False,,,,,2026-09-07T15:44:36.205822+02:00
NSR:StopPlace:58834,Hokksund stasjon,2026-09-07T12:59:00+02:00,2026-09-07T12:59:00+02:00,,0.0,0,Eidsvoll,VYG:Line:R12,Kongsberg-Oslo S-Eidsvoll,R12,rail,VYG:ServiceJourney:518_444318-R,False,planned,False,,,,,2026-09-07T15:44:36.205822+02:00
NSR:StopPlace:58834,Hokksund stasjon,2026-09-07T13:00:00+02:00,2026-09-07T13:00:00+02:00,,0.0,0,Kongsberg,VYG:Line:R12,Kongsberg-Oslo S-Eidsvoll,R12,rail,VYG:ServiceJourney:515_444314-R,False,planned,False,,,,,2026-09-07T15:44:36.205822+02:00
NSR:StopPlace:58834,Hokksund stasjon,2026-09-07T13:06:00+02:00,2026-09-07T13:06:00+02:00,,0.0,0,Vikersund,BRA:Line:4_6101,Drammen-Vikersund/Hønefoss,101,bus,BRA:ServiceJourney:6101_260415100161246_1023,False,planned,False,,,,,2026-09-07T15:44:36.205822+02:00
NSR:StopPlace:58834,Hokksund stasjon,2026-09-07T13:08:00+02:00,2026-09-07T13:08:00+02:00,,0.0,0,Torespæren øst,BRA:Line:4_6135,Hokksund - Torespæren/Vendelborg,135,bus,BRA:ServiceJourney:6135_260415100159567_1010,False,planned,False,,,,,2026-09-07T15:44:36.205822+02:00
NSR:StopPlace:58834,Hokksund stasjon,2026-09-07T13:09:00+02:00,2026-09-07T13:09:00+02:00,,0.0,0,Harakollen,BRA:Line:4_6125,Hokksund - Harakollen,125,bus,BRA:ServiceJourney:6125_260415100159556_1014,False,planned,False,,,,,2026-09-07T15:44:36.205822+02:00
NSR:StopPlace:58834,Hokksund stasjon,2026-09-07T13:11:00+02:00,2026-09-07T13:11:00+02:00,,0.0,0,Vendelborg,BRA:Line:4_6135,Hokksund - Torespæren/Vendelborg,135,bus,BRA:ServiceJourney:6135_260415100159565_1003,False,planned,False,,,,,2026-09-07T15:44:36.205822+02:00
NSR:StopPlace:58834,Hokksund stasjon,2026-09-07T13:17:00+02:00,2026-09-07T13:17:00+02:00,,0.0,0,Ormåsen,BRA:Line:4_6117,Hokksund - Ormåsen,117,bus,BRA:ServiceJourney:6117_260622052301824_1013,False,planned,False,,,,,2026-09-07T15:44:36.205822+02:00
NSR:StopPlace:58834,Hokksund stasjon,2026-09-07T13:27:00+02:00,2026-09-07T13:27:00+02:00,,0.0,0,Drammen via Mjøndalen,BRA:Line:4_6101,Drammen-Vikersund/Hønefoss,101,bus,BRA:ServiceJourney:6101_260415100161278_1036,False,planned,False,,,,,2026-09-07T15:44:36.205822+02:00
NSR:StopPlace:58834,Hokksund stasjon,2026-09-07T13:57:00+02:00,2026-09-07T13:57:00+02:00,,0.0,0,Drammen via Mjøndalen,BRA:Line:4_6101,Drammen-Vikersund/Hønefoss,101,bus,BRA:ServiceJourney:6101_260415100161310_1034,False,planned,False,,,,,2026-09-07T15:44:36.205822+02:00
NSR:StopPlace:58834,Hokksund stasjon,2026-09-07T14:00:00+02:00,2026-09-07T14:00:00+02:00,,0.0,0,Kongsberg,VYG:Line:R12,Kongsberg-Oslo S-Eidsvoll,R12,rail,VYG:ServiceJourney:517_444316-R,False,planned,False,,,,,2026-09-07T15:44:36.205822+02:00
NSR:StopPlace:58834,Hokksund stasjon,2026-09-07T14:06:00+02:00,2026-09-07T14:06:00+02:00,,0.0,0,Torespæren øst,BRA:Line:4_6135,Hokksund - Torespæren/Vendelborg,135,bus,BRA:ServiceJourney:6135_260415100159568_1011,False,planned,False,,,,,2026-09-07T15:44:36.205822+02:00
NSR:StopPlace:58834,Hokksund stasjon,2026-09-07T14:07:00+02:00,2026-09-07T14:07:00+02:00,,0.0,0,Harakollen,BRA:Line:4_6125,Hokksund - Harakollen,125,bus,BRA:ServiceJourney:6125_260415100159557_1016,False,planned,False,,,,,2026-09-07T15:44:36.205822+02:00
NSR:StopPlace:58834,Hokksund stasjon,2026-09-07T14:09:00+02:00,2026-09-07T14:09:00+02:00,,0.0,0,Vendelborg,BRA:Line:4_6135,Hokksund - Torespæren/Vendelborg,135,bus,BRA:ServiceJourney:6135_260415100159566_1007,False,planned,False,,,,,2026-09-07T15:44:36.205822+02:00
NSR:StopPlace:58834,Hokksund stasjon,2026-09-07T14:10:00+02:00,2026-09-07T14:10:00+02:00,,0.0,0,Voldstad - Sundet ,BRA:Line:4_6119,Hokksund - Voldstad - Sundet,119,bus,BRA:ServiceJourney:6119_260415100158649_1009,False,planned,False,,,,,2026-09-07T15:44:36.205822+02:00
NSR:StopPlace:58834,Hokksund stasjon,2026-09-07T14:17:00+02:00,2026-09-07T14:17:00+02:00,,0.0,0,Ormåsen,BRA:Line:4_6117,Hokksund - Ormåsen,117,bus,BRA:ServiceJourney:6117_260622052302005_1015,False,planned,False,,,,,2026-09-07T15:44:36.205822+02:00
NSR:StopPlace:58835,Lier stasjon,2026-09-07T11:47:00+02:00,2026-09-07T11:47:00+02:00,,0.0,0,Drammen,VYG:Line:R13,Drammen-Oslo S-Dal,R13,rail,VYG:ServiceJourney:1624_443264-R,False,planned,False,,,,,2026-09-07T15:44:36.205822+02:00
NSR:StopPlace:58835,Lier stasjon,2026-09-07T12:11:00+02:00,2026-09-07T12:11:00+02:00,,0.0,0,Dal,VYG:Line:R13,Drammen-Oslo S-Dal,R13,rail,VYG:ServiceJourney:1631_443278-R,False,planned,False,,,,,2026-09-07T15:44:36.205822+02:00
NSR:StopPlace:58835,Lier stasjon,2026-09-07T12:13:00+02:00,2026-09-07T12:13:00+02:00,,0.0,0,Drammen,BRA:Line:4_6073,Drammen - Reistad - Lierskogen,73,bus,BRA:ServiceJourney:6073_260415100160829_1014,False,planned,False,Fra 17/8 går linje 61-63-71-73-251-261 og skolebusser fra holdeplass ved Skutebrygga ut av byen.Les mer på brakar.no/trafikkmeldinger.,,general,normal,2026-09-07T15:44:36.205822+02:00
NSR:StopPlace:58835,Lier stasjon,2026-09-07T12:17:00+02:00,2026-09-07T12:17:00+02:00,,0.0,0,Drammen,VYG:Line:R13,Drammen-Oslo S-Dal,R13,rail,VYG:ServiceJourney:1626_443268-R,False,planned,False,,,,,2026-09-07T15:44:36.205822+02:00
NSR:StopPlace:58835,Lier stasjon,2026-09-07T12:36:00+02:00,2026-09-07T12:36:00+02:00,,0.0,0,Lierskogen,BRA:Line:4_6073,Drammen - Reistad - Lierskogen,73,bus,BRA:ServiceJourney:6073_260415100160810_1015,False,planned,False,Fra 17/8 går linje 61-63-71-73-251-261 og skolebusser fra holdeplass ved Skutebrygga ut av byen.Les mer på brakar.no/trafikkmeldinger.,,general,normal,2026-09-07T15:44:36.205822+02:00
NSR:StopPlace:58835,Lier stasjon,2026-09-07T12:41:00+02:00,2026-09-07T12:41:00+02:00,,0.0,0,Dal,VYG:Line:R13,Drammen-Oslo S-Dal,R13,rail,VYG:ServiceJourney:1633_443282-R,False,planned,False,,,,,2026-09-07T15:44:36.205822+02:00
NSR:StopPlace:58835,Lier stasjon,2026-09-07T12:47:00+02:00,2026-09-07T12:47:00+02:00,,0.0,0,Drammen,VYG:Line:R13,Drammen-Oslo S-Dal,R13,rail,VYG:ServiceJourney:1628_443272-R,False,planned,False,,,,,2026-09-07T15:44:36.205822+02:00
NSR:StopPlace:58835,Lier stasjon,2026-09-07T13:11:00+02:00,2026-09-07T13:11:00+02:00,,0.0,0,Dal,VYG:Line:R13,Drammen-Oslo S-Dal,R13,rail,VYG:ServiceJourney:1635_481152-R,False,planned,False,,,,,2026-09-07T15:44:36.205822+02:00
NSR:StopPlace:58835,Lier stasjon,2026-09-07T13:13:00+02:00,2026-09-07T13:13:00+02:00,,0.0,0,Drammen,BRA:Line:4_6073,Drammen - Reistad - Lierskogen,73,bus,BRA:ServiceJourney:6073_260415100160830_1016,False,planned,False,Fra 17/8 går linje 61-63-71-73-251-261 og skolebusser fra holdeplass ved Skutebrygga ut av byen.Les mer på brakar.no/trafikkmeldinger.,,general,normal,2026-09-07T15:44:36.205822+02:00
NSR:StopPlace:58835,Lier stasjon,2026-09-07T13:17:00+02:00,2026-09-07T13:17:00+02:00,,0.0,0,Drammen,VYG:Line:R13,Drammen-Oslo S-Dal,R13,rail,VYG:ServiceJourney:1630_443277-R,False,planned,False,,,,,2026-09-07T15:44:36.205822+02:00
NSR:StopPlace:58835,Lier stasjon,2026-09-07T13:36:00+02:00,2026-09-07T13:36:00+02:00,,0.0,0,Lierskogen,BRA:Line:4_6073,Drammen - Reistad - Lierskogen,73,bus,BRA:ServiceJourney:6073_260415100160811_1017,False,planned,False,Fra 17/8 går linje 61-63-71-73-251-261 og skolebusser fra holdeplass ved Skutebrygga ut av byen.Les mer på brakar.no/trafikkmeldinger.,,general,normal,2026-09-07T15:44:36.205822+02:00
NSR:StopPlace:58835,Lier stasjon,2026-09-07T13:47:00+02:00,2026-09-07T13:47:00+02:00,,0.0,0,Drammen,VYG:Line:R13,Drammen-Oslo S-Dal,R13,rail,VYG:ServiceJourney:1632_443281-R,False,planned,False,,,,,2026-09-07T15:44:36.205822+02:00
NSR:StopPlace:58835,Lier stasjon,2026-09-07T14:13:00+02:00,2026-09-07T14:13:00+02:00,,0.0,0,Drammen,BRA:Line:4_6073,Drammen - Reistad - Lierskogen,73,bus,BRA:ServiceJourney:6073_260415100160831_1018,False,planned,False,Fra 17/8 går linje 61-63-71-73-251-261 og skolebusser fra holdeplass ved Skutebrygga ut av byen.Les mer på brakar.no/trafikkmeldinger.,,general,normal,2026-09-07T15:44:36.205822+02:00
NSR:StopPlace:58835,Lier stasjon,2026-09-07T14:17:00+02:00,2026-09-07T14:17:00+02:00,,0.0,0,Drammen,VYG:Line:R13,Drammen-Oslo S-Dal,R13,rail,VYG:ServiceJourney:1634_443285-R,False,planned,False,,,,,2026-09-07T15:44:36.205822+02:00
NSR:StopPlace:58835,Lier stasjon,2026-09-07T14:32:00+02:00,2026-09-07T14:32:00+02:00,,0.0,0,Lierkroa,BRA:Line:4_6079,Lierskogen - Lahell - Stoppen,79,bus,BRA:ServiceJourney:6079_260415100160859_1017,False,planned,False,,,,,2026-09-07T15:44:36.205822+02:00
NSR:StopPlace:58836,Mjøndalen stasjon,2026-09-07T11:49:00+02:00,2026-09-07T11:49:00+02:00,,0.0,0,Hokksund - Vikersund,BRA:Line:4_6101,Drammen-Vikersund/Hønefoss,101,bus,BRA:ServiceJourney:6101_260415100161245_1019,False,planned,False,,,,,2026-09-07T15:44:36.205822+02:00
NSR:StopPlace:58836,Mjøndalen stasjon,2026-09-07T11:51:00+02:00,2026-09-07T11:51:00+02:00,,0.0,0,Drammen sykehus,BRA:Line:4_6001,Drammen sykehus Brakerøya - Sørensvingen / Mjøndalen,1,bus,BRA:ServiceJourney:6001_260415100161812_1102,False,planned,False,,,,,2026-09-07T15:44:36.205822+02:00
NSR:StopPlace:58836,Mjøndalen stasjon,2026-09-07T11:53:00+02:00,2026-09-07T11:53:00+02:00,,0.0,0,Kongsberg,VYG:Line:R12,Kongsberg-Oslo S-Eidsvoll,R12,rail,VYG:ServiceJourney:513_444310-R,False,planned,False,,,,,2026-09-07T15:44:36.205822+02:00
NSR:StopPlace:58836,Mjøndalen stasjon,2026-09-07T11:57:00+02:00,2026-09-07T11:57:00+02:00,,0.0,0,Åsen,BRA:Line:4_6053,Mjøndalen - Åsen,53,bus,BRA:ServiceJourney:6053_260415100160473_1017,False,planned,False,,,,,2026-09-07T15:44:36.205822+02:00
NSR:StopPlace:58836,Mjøndalen stasjon,2026-09-07T12:05:00+02:00,2026-09-07T12:05:00+02:00,,0.0,0,Eidsvoll,VYG:Line:R12,Kongsberg-Oslo S-Eidsvoll,R12,rail,VYG:ServiceJourney:516_481318-R,False,planned,False,,,,,2026-09-07T15:44:36.205822+02:00
NSR:StopPlace:58836,Mjøndalen stasjon,2026-09-07T12:06:00+02:00,2026-09-07T12:06:00+02:00,,0.0,0,Drammen sykehus,BRA:Line:4_6001,Drammen sykehus Brakerøya - Sørensvingen / Mjøndalen,1,bus,BRA:ServiceJourney:6001_260415100161813_1106,False,planned,False,,,,,2026-09-07T15:44:36.205822+02:00
NSR:StopPlace:58836,Mjøndalen stasjon,2026-09-07T12:12:00+02:00,2026-09-07T12:12:00+02:00,,0.0,0,Drammen,BRA:Line:4_6101,Drammen-Vikersund/Hønefoss,101,bus,BRA:ServiceJourney:6101_260415100161308_1026,False,planned,False,,,,,2026-09-07T15:44:36.205822+02:00
NSR:StopPlace:58836,Mjøndalen stasjon,2026-09-07T12:19:00+02:00,2026-09-07T12:19:00+02:00,,0.0,0,Hokksund,BRA:Line:4_6101,Drammen-Vikersund/Hønefoss,101,bus,BRA:ServiceJourney:6101_260415100161213_1021,False,planned,False,,,,,2026-09-07T15:44:36.205822+02:00
NSR:StopPlace:58836,Mjøndalen stasjon,2026-09-07T12:21:00+02:00,2026-09-07T12:21:00+02:00,,0.0,0,Drammen sykehus,BRA:Line:4_6001,Drammen sykehus Brakerøya - Sørensvingen / Mjøndalen,1,bus,BRA:ServiceJourney:6001_260415100161814_1110,False,planned,False,,,,,2026-09-07T15:44:36.205822+02:00
NSR:StopPlace:58836,Mjøndalen stasjon,2026-09-07T12:24:00+02:00,2026-09-07T12:24:00+02:00,,0.0,0,Drammen via Gulskogen,BRA:Line:4_6052,Drammen - Mjøndalen,52,bus,BRA:ServiceJourney:6052_260415100161103_1022,False,planned,False,,,,,2026-09-07T15:44:36.205822+02:00
NSR:StopPlace:58836,Mjøndalen stasjon,2026-09-07T12:36:00+02:00,2026-09-07T12:36:00+02:00,,0.0,0,Drammen sykehus,BRA:Line:4_6001,Drammen sykehus Brakerøya - Sørensvingen / Mjøndalen,1,bus,BRA:ServiceJourney:6001_260415100161815_1114,False,planned,False,,,,,2026-09-07T15:44:36.205822+02:00
NSR:StopPlace:58836,Mjøndalen stasjon,2026-09-07T12:37:00+02:00,2026-09-07T12:37:00+02:00,,0.0,0,Hovjordet,BRA:Line:4_6054,Mjøndalen - Hovjordet,54,bus,BRA:ServiceJourney:6054_260415100162420_1017,False,planned,False,,,,,2026-09-07T15:44:36.205822+02:00
NSR:StopPlace:58836,Mjøndalen stasjon,2026-09-07T12:42:00+02:00,2026-09-07T12:42:00+02:00,,0.0,0,Drammen,BRA:Line:4_6101,Drammen-Vikersund/Hønefoss,101,bus,BRA:ServiceJourney:6101_260415100161277_1032,False,planned,False,,,,,2026-09-07T15:44:36.205822+02:00
NSR:StopPlace:58836,Mjøndalen stasjon,2026-09-07T12:49:00+02:00,2026-09-07T12:49:00+02:00,,0.0,0,Hokksund - Vikersund,BRA:Line:4_6101,Drammen-Vikersund/Hønefoss,101,bus,BRA:ServiceJourney:6101_260415100161246_1023,False,planned,False,,,,,2026-09-07T15:44:36.205822+02:00
NSR:StopPlace:58836,Mjøndalen stasjon,2026-09-07T12:51:00+02:00,2026-09-07T12:51:00+02:00,,0.0,0,Drammen sykehus,BRA:Line:4_6001,Drammen sykehus Brakerøya - Sørensvingen / Mjøndalen,1,bus,BRA:ServiceJourney:6001_260415100161816_1118,False,planned,False,,,,,2026-09-07T15:44:36.205822+02:00
NSR:StopPlace:58836,Mjøndalen stasjon,2026-09-07T12:53:00+02:00,2026-09-07T12:53:00+02:00,,0.0,0,Kongsberg,VYG:Line:R12,Kongsberg-Oslo S-Eidsvoll,R12,rail,VYG:ServiceJourney:515_444314-R,False,planned,False,,,,,2026-09-07T15:44:36.205822+02:00
NSR:StopPlace:58836,Mjøndalen stasjon,2026-09-07T13:05:00+02:00,2026-09-07T13:05:00+02:00,,0.0,0,Eidsvoll,VYG:Line:R12,Kongsberg-Oslo S-Eidsvoll,R12,rail,VYG:ServiceJourney:518_444318-R,False,planned,False,,,,,2026-09-07T15:44:36.205822+02:00
NSR:StopPlace:58836,Mjøndalen stasjon,2026-09-07T13:06:00+02:00,2026-09-07T13:06:00+02:00,,0.0,0,Drammen sykehus,BRA:Line:4_6001,Drammen sykehus Brakerøya - Sørensvingen / Mjøndalen,1,bus,BRA:ServiceJourney:6001_260415100161817_1122,False,planned,False,,,,,2026-09-07T15:44:36.205822+02:00
NSR:StopPlace:58836,Mjøndalen stasjon,2026-09-07T13:12:00+02:00,2026-09-07T13:12:00+02:00,,0.0,0,Drammen,BRA:Line:4_6101,Drammen-Vikersund/Hønefoss,101,bus,BRA:ServiceJourney:6101_260415100161309_1030,False,planned,False,,,,,2026-09-07T15:44:36.205822+02:00
NSR:StopPlace:58836,Mjøndalen stasjon,2026-09-07T13:19:00+02:00,2026-09-07T13:19:00+02:00,,0.0,0,Hokksund,BRA:Line:4_6101,Drammen-Vikersund/Hønefoss,101,bus,BRA:ServiceJourney:6101_260415100161214_1025,False,planned,False,,,,,2026-09-07T15:44:36.205822+02:00
NSR:StopPlace:58836,Mjøndalen stasjon,2026-09-07T13:21:00+02:00,2026-09-07T13:21:00+02:00,,0.0,0,Drammen sykehus,BRA:Line:4_6001,Drammen sykehus Brakerøya - Sørensvingen / Mjøndalen,1,bus,BRA:ServiceJourney:6001_260415100161818_1126,False,planned,False,,,,,2026-09-07T15:44:36.205822+02:00
NSR:StopPlace:58836,Mjøndalen stasjon,2026-09-07T13:24:00+02:00,2026-09-07T13:24:00+02:00,,0.0,0,Drammen via Gulskogen,BRA:Line:4_6052,Drammen - Mjøndalen,52,bus,BRA:ServiceJourney:6052_260415100161104_1024,False,planned,False,,,,,2026-09-07T15:44:36.205822+02:00
NSR:StopPlace:58836,Mjøndalen stasjon,2026-09-07T13:36:00+02:00,2026-09-07T13:36:00+02:00,,0.0,0,Drammen sykehus,BRA:Line:4_6001,Drammen sykehus Brakerøya - Sørensvingen / Mjøndalen,1,bus,BRA:ServiceJourney:6001_260415100161819_1130,False,planned,False,,,,,2026-09-07T15:44:36.205822+02:00
NSR:StopPlace:58836,Mjøndalen stasjon,2026-09-07T13:37:00+02:00,2026-09-07T13:37:00+02:00,,0.0,0,Hovjordet,BRA:Line:4_6054,Mjøndalen - Hovjordet,54,bus,BRA:ServiceJourney:6054_260415100162421_1019,False,planned,False,,,,,2026-09-07T15:44:36.205822+02:00
NSR:StopPlace:58836,Mjøndalen stasjon,2026-09-07T13:42:00+02:00,2026-09-07T13:42:00+02:00,,0.0,0,Drammen,BRA:Line:4_6101,Drammen-Vikersund/Hønefoss,101,bus,BRA:ServiceJourney:6101_260415100161278_1036,False,planned,False,,,,,2026-09-07T15:44:36.205822+02:00
NSR:StopPlace:58836,Mjøndalen stasjon,2026-09-07T13:51:00+02:00,2026-09-07T13:51:00+02:00,,0.0,0,Drammen sykehus,BRA:Line:4_6001,Drammen sykehus Brakerøya - Sørensvingen / Mjøndalen,1,bus,BRA:ServiceJourney:6001_260415100161820_1134,False,planned,False,,,,,2026-09-07T15:44:36.205822+02:00
NSR:StopPlace:58836,Mjøndalen stasjon,2026-09-07T13:53:00+02:00,2026-09-07T13:53:00+02:00,,0.0,0,Kongsberg,VYG:Line:R12,Kongsberg-Oslo S-Eidsvoll,R12,rail,VYG:ServiceJourney:517_444316-R,False,planned,False,,,,,2026-09-07T15:44:36.205822+02:00
NSR:StopPlace:58836,Mjøndalen stasjon,2026-09-07T13:57:00+02:00,2026-09-07T13:57:00+02:00,,0.0,0,Åsen,BRA:Line:4_6053,Mjøndalen - Åsen,53,bus,BRA:ServiceJourney:6053_260415100160440_1019,False,planned,False,,,,,2026-09-07T15:44:36.205822+02:00
NSR:StopPlace:58836,Mjøndalen stasjon,2026-09-07T14:12:00+02:00,2026-09-07T14:12:00+02:00,,0.0,0,Drammen,BRA:Line:4_6101,Drammen-Vikersund/Hønefoss,101,bus,BRA:ServiceJourney:6101_260415100161310_1034,False,planned,False,,,,,2026-09-07T15:44:36.205822+02:00
NSR:StopPlace:58836,Mjøndalen stasjon,2026-09-07T14:19:00+02:00,2026-09-07T14:19:00+02:00,,0.0,0,Hokksund,BRA:Line:4_6101,Drammen-Vikersund/Hønefoss,101,bus,BRA:ServiceJourney:6101_260415100161215_1029,False,planned,False,,,,,2026-09-07T15:44:36.205822+02:00
NSR:StopPlace:58837,Nesbyen stasjon,2026-09-07T13:55:00+02:00,2026-09-07T13:55:00+02:00,,0.0,0,Nesbyen skole,BRA:Line:4_6332,Flå-Gol-Geilo,332,bus,BRA:ServiceJourney:6332_260415100163886_1026,False,planned,False,,,,,2026-09-07T15:44:36.205822+02:00
NSR:StopPlace:58838,Røyken stasjon,2026-09-07T11:45:00+02:00,2026-09-07T11:45:00+02:00,,0.0,0,Asker,RUT:Line:260,Hyggen - Bråset -Slemmestad (- Asker),260,bus,RUT:ServiceJourney:7521390e34715a43fb5602c8d7039449,False,planned,False,,,,,2026-09-07T15:44:36.205822+02:00
NSR:StopPlace:58838,Røyken stasjon,2026-09-07T11:49:00+02:00,2026-09-07T11:49:00+02:00,,0.0,0,Lillestrøm,VYG:Line:L1,Spikkestad-Oslo S-Lillestrøm,L1,rail,VYG:ServiceJourney:2232_445328-R,False,planned,False,,,,,2026-09-07T15:44:36.205822+02:00
NSR:StopPlace:58838,Røyken stasjon,2026-09-07T11:59:00+02:00,2026-09-07T11:59:00+02:00,,0.0,0,Spikkestad,VYG:Line:L1,Spikkestad-Oslo S-Lillestrøm,L1,rail,VYG:ServiceJourney:2225_443623-R,False,planned,False,,,,,2026-09-07T15:44:36.205822+02:00
NSR:StopPlace:58838,Røyken stasjon,2026-09-07T12:03:00+02:00,2026-09-07T12:03:00+02:00,,0.0,0,Hyggen,RUT:Line:260,Hyggen - Bråset -Slemmestad (- Asker),260,bus,RUT:ServiceJourney:8dfa5406bb4e5f66f91d9b51124e853d,False,planned,False,,,,,2026-09-07T15:44:36.205822+02:00
NSR:StopPlace:58838,Røyken stasjon,2026-09-07T12:08:00+02:00,2026-09-07T12:08:00+02:00,,0.0,0,Sætre,RUT:Line:261,Drammen - Lahell - Røyken - Sætre,261,bus,RUT:ServiceJourney:b8b6e500449bde39b95eda0332430241,False,planned,False,Fra 17/8 går linje 61-63-71-73-251-261 og skolebusser fra holdeplass ved Skutebrygga ut av byen.Les mer på brakar.no/trafikkmeldinger.,,general,normal,2026-09-07T15:44:36.205822+02:00
NSR:StopPlace:58838,Røyken stasjon,2026-09-07T12:19:00+02:00,2026-09-07T12:19:00+02:00,,0.0,0,Lillestrøm,VYG:Line:L1,Spikkestad-Oslo S-Lillestrøm,L1,rail,VYG:ServiceJourney:2234_443640-R,False,planned,False,,,,,2026-09-07T15:44:36.205822+02:00
NSR:StopPlace:58838,Røyken stasjon,2026-09-07T12:29:00+02:00,2026-09-07T12:29:00+02:00,,0.0,0,Spikkestad,VYG:Line:L1,Spikkestad-Oslo S-Lillestrøm,L1,rail,VYG:ServiceJourney:2227_443627-R,False,planned,False,,,,,2026-09-07T15:44:36.205822+02:00
NSR:StopPlace:58838,Røyken stasjon,2026-09-07T12:37:00+02:00,2026-09-07T12:37:00+02:00,,0.0,0,Drammen,RUT:Line:261,Drammen - Lahell - Røyken - Sætre,261,bus,RUT:ServiceJourney:c3deb1cc140769dae3a1f309a0e6c27a,False,planned,False,Fra 17/8 går linje 61-63-71-73-251-261 og skolebusser fra holdeplass ved Skutebrygga ut av byen.Les mer på brakar.no/trafikkmeldinger.,,general,normal,2026-09-07T15:44:36.205822+02:00
NSR:StopPlace:58838,Røyken stasjon,2026-09-07T12:45:00+02:00,2026-09-07T12:45:00+02:00,,0.0,0,Asker,RUT:Line:260,Hyggen - Bråset -Slemmestad (- Asker),260,bus,RUT:ServiceJourney:d4f946b278ea672efb2d9bb289c37954,False,planned,False,,,,,2026-09-07T15:44:36.205822+02:00
NSR:StopPlace:58838,Røyken stasjon,2026-09-07T12:49:00+02:00,2026-09-07T12:49:00+02:00,,0.0,0,Lillestrøm,VYG:Line:L1,Spikkestad-Oslo S-Lillestrøm,L1,rail,VYG:ServiceJourney:2236_443643-R,False,planned,False,,,,,2026-09-07T15:44:36.205822+02:00
NSR:StopPlace:58838,Røyken stasjon,2026-09-07T12:59:00+02:00,2026-09-07T12:59:00+02:00,,0.0,0,Spikkestad,VYG:Line:L1,Spikkestad-Oslo S-Lillestrøm,L1,rail,VYG:ServiceJourney:2229_443630-R,False,planned,False,,,,,2026-09-07T15:44:36.205822+02:00
NSR:StopPlace:58838,Røyken stasjon,2026-09-07T13:03:00+02:00,2026-09-07T13:03:00+02:00,,0.0,0,Grimsrud,RUT:Line:260,Hyggen - Bråset -Slemmestad (- Asker),260,bus,RUT:ServiceJourney:c40c1f1bb4c175df94f50a5bf5b5f613,False,planned,False,,,,,2026-09-07T15:44:36.205822+02:00
NSR:StopPlace:58838,Røyken stasjon,2026-09-07T13:08:00+02:00,2026-09-07T13:08:00+02:00,,0.0,0,Sætre,RUT:Line:261,Drammen - Lahell - Røyken - Sætre,261,bus,RUT:ServiceJourney:96a1f43510a4f11abe9de4102a6e38c6,False,planned,False,Fra 17/8 går linje 61-63-71-73-251-261 og skolebusser fra holdeplass ved Skutebrygga ut av byen.Les mer på brakar.no/trafikkmeldinger.,,general,normal,2026-09-07T15:44:36.205822+02:00
NSR:StopPlace:58838,Røyken stasjon,2026-09-07T13:19:00+02:00,2026-09-07T13:19:00+02:00,,0.0,0,Lillestrøm,VYG:Line:L1,Spikkestad-Oslo S-Lillestrøm,L1,rail,VYG:ServiceJourney:2238_443647-R,False,planned,False,Færre vogner,Denne avgangen kjører dessverre med 4 vogner i stedet for 8 vogner. Dette skyldes at vi mangler et togsett.,general,normal,2026-09-07T15:44:36.205822+02:00
NSR:StopPlace:58838,Røyken stasjon,2026-09-07T13:29:00+02:00,2026-09-07T13:29:00+02:00,,0.0,0,Spikkestad,VYG:Line:L1,Spikkestad-Oslo S-Lillestrøm,L1,rail,VYG:ServiceJourney:2231_443635-R,False,planned,False,,,,,2026-09-07T15:44:36.205822+02:00
NSR:StopPlace:58838,Røyken stasjon,2026-09-07T13:37:00+02:00,2026-09-07T13:37:00+02:00,,0.0,0,Drammen,RUT:Line:261,Drammen - Lahell - Røyken - Sætre,261,bus,RUT:ServiceJourney:2c463b74306b95c6026f18e6e27eaa27,False,planned,False,Fra 17/8 går linje 61-63-71-73-251-261 og skolebusser fra holdeplass ved Skutebrygga ut av byen.Les mer på brakar.no/trafikkmeldinger.,,general,normal,2026-09-07T15:44:36.205822+02:00
NSR:StopPlace:58838,Røyken stasjon,2026-09-07T13:45:00+02:00,2026-09-07T13:45:00+02:00,,0.0,0,Asker,RUT:Line:260,Hyggen - Bråset -Slemmestad (- Asker),260,bus,RUT:ServiceJourney:01f57173b10ad11020f9c5293caf39a0,False,planned,False,,,,,2026-09-07T15:44:36.205822+02:00
NSR:StopPlace:58838,Røyken stasjon,2026-09-07T13:59:00+02:00,2026-09-07T13:59:00+02:00,,0.0,0,Spikkestad,VYG:Line:L1,Spikkestad-Oslo S-Lillestrøm,L1,rail,VYG:ServiceJourney:2233_443638-R,False,planned,False,,,,,2026-09-07T15:44:36.205822+02:00
NSR:StopPlace:58838,Røyken stasjon,2026-09-07T14:03:00+02:00,2026-09-07T14:03:00+02:00,,0.0,0,Grimsrud,RUT:Line:260,Hyggen - Bråset -Slemmestad (- Asker),260,bus,RUT:ServiceJourney:470bd28e1ddc779fda35675eca33fdc5,False,planned,False,,,,,2026-09-07T15:44:36.205822+02:00
NSR:StopPlace:58838,Røyken stasjon,2026-09-07T14:07:00+02:00,2026-09-07T14:07:00+02:00,,0.0,0,Drammen,RUT:Line:261,Drammen - Lahell - Røyken - Sætre,261,bus,RUT:ServiceJourney:d7524c01fa94f9d322faa24ae693951c,False,planned,False,Fra 17/8 går linje 61-63-71-73-251-261 og skolebusser fra holdeplass ved Skutebrygga ut av byen.Les mer på brakar.no/trafikkmeldinger.,,general,normal,2026-09-07T15:44:36.205822+02:00
NSR:StopPlace:58838,Røyken stasjon,2026-09-07T14:08:00+02:00,2026-09-07T14:08:00+02:00,,0.0,0,Sætre,RUT:Line:261,Drammen - Lahell - Røyken - Sætre,261,bus,RUT:ServiceJourney:95f28742a3b8b02fe80b819490efc03f,False,planned,False,Fra 17/8 går linje 61-63-71-73-251-261 og skolebusser fra holdeplass ved Skutebrygga ut av byen.Les mer på brakar.no/trafikkmeldinger.,,general,normal,2026-09-07T15:44:36.205822+02:00
NSR:StopPlace:58838,Røyken stasjon,2026-09-07T14:29:00+02:00,2026-09-07T14:29:00+02:00,,0.0,0,Spikkestad,VYG:Line:L1,Spikkestad-Oslo S-Lillestrøm,L1,rail,VYG:ServiceJourney:2235_443641-R,False,planned,False,,,,,2026-09-07T15:44:36.205822+02:00
NSR:StopPlace:58838,Røyken stasjon,2026-09-07T14:33:00+02:00,2026-09-07T14:33:00+02:00,,0.0,0,Bråset,RUT:Line:260,Hyggen - Bråset -Slemmestad (- Asker),260,bus,RUT:ServiceJourney:5853c8efa7faab92f9c9f129bfd1b728,False,planned,False,,,,,2026-09-07T15:44:36.205822+02:00
NSR:StopPlace:58839,Steinberg stasjon,2026-09-07T11:54:00+02:00,2026-09-07T11:54:00+02:00,,0.0,0,Hokksund - Vikersund,BRA:Line:4_6101,Drammen-Vikersund/Hønefoss,101,bus,BRA:ServiceJourney:6101_260415100161245_1019,False,planned,False,,,,,2026-09-07T15:44:36.205822+02:00
NSR:StopPlace:58839,Steinberg stasjon,2026-09-07T11:56:00+02:00,2026-09-07T11:56:00+02:00,,0.0,0,Kongsberg,VYG:Line:R12,Kongsberg-Oslo S-Eidsvoll,R12,rail,VYG:ServiceJourney:513_444310-R,False,planned,False,,,,,2026-09-07T15:44:36.205822+02:00
NSR:StopPlace:58839,Steinberg stasjon,2026-09-07T12:05:00+02:00,2026-09-07T12:05:00+02:00,,0.0,0,Drammen via Mjøndalen,BRA:Line:4_6101,Drammen-Vikersund/Hønefoss,101,bus,BRA:ServiceJourney:6101_260415100161308_1026,False,planned,False,,,,,2026-09-07T15:44:36.205822+02:00
NSR:StopPlace:58839,Steinberg stasjon,2026-09-07T12:24:00+02:00,2026-09-07T12:24:00+02:00,,0.0,0,Hokksund,BRA:Line:4_6101,Drammen-Vikersund/Hønefoss,101,bus,BRA:ServiceJourney:6101_260415100161213_1021,False,planned,False,,,,,2026-09-07T15:44:36.205822+02:00
NSR:StopPlace:58839,Steinberg stasjon,2026-09-07T12:35:00+02:00,2026-09-07T12:35:00+02:00,,0.0,0,Drammen via Mjøndalen,BRA:Line:4_6101,Drammen-Vikersund/Hønefoss,101,bus,BRA:ServiceJourney:6101_260415100161277_1032,False,planned,False,,,,,2026-09-07T15:44:36.205822+02:00
NSR:StopPlace:58839,Steinberg stasjon,2026-09-07T12:54:00+02:00,2026-09-07T12:54:00+02:00,,0.0,0,Hokksund - Vikersund,BRA:Line:4_6101,Drammen-Vikersund/Hønefoss,101,bus,BRA:ServiceJourney:6101_260415100161246_1023,False,planned,False,,,,,2026-09-07T15:44:36.205822+02:00
NSR:StopPlace:58839,Steinberg stasjon,2026-09-07T13:02:00+02:00,2026-09-07T13:02:00+02:00,,0.0,0,Eidsvoll,VYG:Line:R12,Kongsberg-Oslo S-Eidsvoll,R12,rail,VYG:ServiceJourney:518_444318-R,False,planned,False,,,,,2026-09-07T15:44:36.205822+02:00
NSR:StopPlace:58839,Steinberg stasjon,2026-09-07T13:05:00+02:00,2026-09-07T13:05:00+02:00,,0.0,0,Drammen via Mjøndalen,BRA:Line:4_6101,Drammen-Vikersund/Hønefoss,101,bus,BRA:ServiceJourney:6101_260415100161309_1030,False,planned,False,,,,,2026-09-07T15:44:36.205822+02:00
NSR:StopPlace:58839,Steinberg stasjon,2026-09-07T13:24:00+02:00,2026-09-07T13:24:00+02:00,,0.0,0,Hokksund,BRA:Line:4_6101,Drammen-Vikersund/Hønefoss,101,bus,BRA:ServiceJourney:6101_260415100161214_1025,False,planned,False,,,,,2026-09-07T15:44:36.205822+02:00
NSR:StopPlace:58839,Steinberg stasjon,2026-09-07T13:35:00+02:00,2026-09-07T13:35:00+02:00,,0.0,0,Drammen via Mjøndalen,BRA:Line:4_6101,Drammen-Vikersund/Hønefoss,101,bus,BRA:ServiceJourney:6101_260415100161278_1036,False,planned,False,,,,,2026-09-07T15:44:36.205822+02:00
NSR:StopPlace:58839,Steinberg stasjon,2026-09-07T13:56:00+02:00,2026-09-07T13:56:00+02:00,,0.0,0,Kongsberg,VYG:Line:R12,Kongsberg-Oslo S-Eidsvoll,R12,rail,VYG:ServiceJourney:517_444316-R,False,planned,False,,,,,2026-09-07T15:44:36.205822+02:00
NSR:StopPlace:58839,Steinberg stasjon,2026-09-07T14:05:00+02:00,2026-09-07T14:05:00+02:00,,0.0,0,Drammen via Mjøndalen,BRA:Line:4_6101,Drammen-Vikersund/Hønefoss,101,bus,BRA:ServiceJourney:6101_260415100161310_1034,False,planned,False,,,,,2026-09-07T15:44:36.205822+02:00
NSR:StopPlace:58839,Steinberg stasjon,2026-09-07T14:14:00+02:00,2026-09-07T14:14:00+02:00,,0.0,0,Hokksund stasjon,BRA:Line:4_6139,Drammen - Åmot - Hønefoss,139,bus,BRA:ServiceJourney:6139_260415100161343_1008,False,planned,False,,,,,2026-09-07T15:44:36.205822+02:00
NSR:StopPlace:58839,Steinberg stasjon,2026-09-07T14:24:00+02:00,2026-09-07T14:24:00+02:00,,0.0,0,Hokksund,BRA:Line:4_6101,Drammen-Vikersund/Hønefoss,101,bus,BRA:ServiceJourney:6101_260415100161215_1029,False,planned,False,,,,,2026-09-07T15:44:36.205822+02:00
NSR:StopPlace:58841,Ål stasjon,2026-09-07T12:37:00+02:00,2026-09-07T12:37:00+02:00,,0.0,0,Bergen,VYG:Line:F4,Oslo S-Bergen,F4,rail,VYG:ServiceJourney:90607_661658-R,False,planned,False,,,,,2026-09-07T15:44:36.205822+02:00
NSR:StopPlace:58841,Ål stasjon,2026-09-07T12:40:00+02:00,2026-09-07T12:40:00+02:00,,0.0,0,Nordbygdene skule,BRA:Line:4_6336,Ål - Vats - Bergsjø,336,bus,BRA:ServiceJourney:6336_260415100158938_1003,False,planned,False,,,,,2026-09-07T15:44:36.205822+02:00
NSR:StopPlace:58842,Blaker stasjon,2026-09-07T12:21:00+02:00,2026-09-07T12:21:00+02:00,,0.0,0,Asker,VYG:Line:R14,Asker-Oslo S-Kongsvinger,R14,rail,VYG:ServiceJourney:1016_442922-R,False,planned,False,,,,,2026-09-07T15:44:36.205822+02:00
NSR:StopPlace:58842,Blaker stasjon,2026-09-07T12:34:00+02:00,2026-09-07T12:34:00+02:00,,0.0,0,Kongsvinger,VYG:Line:R14,Asker-Oslo S-Kongsvinger,R14,rail,VYG:ServiceJourney:1015_442921-R,False,planned,False,,,,,2026-09-07T15:44:36.205822+02:00
NSR:StopPlace:58842,Blaker stasjon,2026-09-07T13:21:00+02:00,2026-09-07T13:21:00+02:00,,0.0,0,Asker,VYG:Line:R14,Asker-Oslo S-Kongsvinger,R14,rail,VYG:ServiceJourney:1018_442925-R,False,planned,False,,,,,2026-09-07T15:44:36.205822+02:00
NSR:StopPlace:58842,Blaker stasjon,2026-09-07T13:34:00+02:00,2026-09-07T13:34:00+02:00,,0.0,0,Kongsvinger,VYG:Line:R14,Asker-Oslo S-Kongsvinger,R14,rail,VYG:ServiceJourney:1017_442923-R,False,planned,False,,,,,2026-09-07T15:44:36.205822+02:00
NSR:StopPlace:58842,Blaker stasjon,2026-09-07T14:37:00+02:00,2026-09-07T14:37:00+02:00,,0.0,0,Grønnbekkvegen,RUT:Line:2632,Grønnbekkveien - Blaker skole - Sørumsand,2632,bus,RUT:ServiceJourney:2bc34c1cd9c3333a43cca3680674ca65,False,planned,False,,,,,2026-09-07T15:44:36.205822+02:00
NSR:StopPlace:58843,Blommenholm stasjon,2026-09-07T11:50:00+02:00,2026-09-07T11:50:00+02:00,,0.0,0,Lillestrøm,VYG:Line:L1,Spikkestad-Oslo S-Lillestrøm,L1,rail,VYG:ServiceJourney:2230_443633-R,False,planned,False,,,,,2026-09-07T15:44:36.205822+02:00
NSR:StopPlace:58843,Blommenholm stasjon,2026-09-07T11:58:00+02:00,2026-09-07T11:58:00+02:00,,0.0,0,Spikkestad,VYG:Line:L1,Spikkestad-Oslo S-Lillestrøm,L1,rail,VYG:ServiceJourney:2227_443627-R,False,planned,False,,,,,2026-09-07T15:44:36.205822+02:00
NSR:StopPlace:58843,Blommenholm stasjon,2026-09-07T12:04:00+02:00,2026-09-07T12:04:00+02:00,,0.0,0,Lillestrøm,VYG:Line:L1,Spikkestad-Oslo S-Lillestrøm,L1,rail,VYG:ServiceJourney:2130_443537-R,False,planned,False,,,,,2026-09-07T15:44:36.205822+02:00
NSR:StopPlace:58843,Blommenholm stasjon,2026-09-07T12:14:00+02:00,2026-09-07T12:14:00+02:00,,0.0,0,Asker,VYG:Line:L1,Spikkestad-Oslo S-Lillestrøm,L1,rail,VYG:ServiceJourney:2127_443533-R,False,planned,False,,,,,2026-09-07T15:44:36.205822+02:00
NSR:StopPlace:58843,Blommenholm stasjon,2026-09-07T12:20:00+02:00,2026-09-07T12:20:00+02:00,,0.0,0,Lillestrøm,VYG:Line:L1,Spikkestad-Oslo S-Lillestrøm,L1,rail,VYG:ServiceJourney:2232_445328-R,False,planned,False,,,,,2026-09-07T15:44:36.205822+02:00
NSR:StopPlace:58843,Blommenholm stasjon,2026-09-07T12:28:00+02:00,2026-09-07T12:28:00+02:00,,0.0,0,Spikkestad,VYG:Line:L1,Spikkestad-Oslo S-Lillestrøm,L1,rail,VYG:ServiceJourney:2229_443630-R,False,planned,False,,,,,2026-09-07T15:44:36.205822+02:00
NSR:StopPlace:58843,Blommenholm stasjon,2026-09-07T12:34:00+02:00,2026-09-07T12:34:00+02:00,,0.0,0,Lillestrøm,VYG:Line:L1,Spikkestad-Oslo S-Lillestrøm,L1,rail,VYG:ServiceJourney:2132_443539-R,False,planned,False,Ta neste tog,Ta neste tog.,incident,normal,2026-09-07T15:44:36.205822+02:00
NSR:StopPlace:58843,Blommenholm stasjon,2026-09-07T12:44:00+02:00,2026-09-07T12:44:00+02:00,,0.0,0,Asker,VYG:Line:L1,Spikkestad-Oslo S-Lillestrøm,L1,rail,VYG:ServiceJourney:2129_443535-R,False,planned,False,,,,,2026-09-07T15:44:36.205822+02:00
NSR:StopPlace:58843,Blommenholm stasjon,2026-09-07T12:50:00+02:00,2026-09-07T12:50:00+02:00,,0.0,0,Lillestrøm,VYG:Line:L1,Spikkestad-Oslo S-Lillestrøm,L1,rail,VYG:ServiceJourney:2234_443640-R,False,planned,False,,,,,2026-09-07T15:44:36.205822+02:00
NSR:StopPlace:58843,Blommenholm stasjon,2026-09-07T12:58:00+02:00,2026-09-07T12:58:00+02:00,,0.0,0,Spikkestad,VYG:Line:L1,Spikkestad-Oslo S-Lillestrøm,L1,rail,VYG:ServiceJourney:2231_443635-R,False,planned,False,,,,,2026-09-07T15:44:36.205822+02:00
NSR:StopPlace:58843,Blommenholm stasjon,2026-09-07T13:04:00+02:00,2026-09-07T13:04:00+02:00,,0.0,0,Lillestrøm,VYG:Line:L1,Spikkestad-Oslo S-Lillestrøm,L1,rail,VYG:ServiceJourney:2134_443541-R,False,planned,False,,,,,2026-09-07T15:44:36.205822+02:00
NSR:StopPlace:58843,Blommenholm stasjon,2026-09-07T13:14:00+02:00,2026-09-07T13:14:00+02:00,,0.0,0,Asker,VYG:Line:L1,Spikkestad-Oslo S-Lillestrøm,L1,rail,VYG:ServiceJourney:2131_443538-R,False,planned,False,,,,,2026-09-07T15:44:36.205822+02:00
NSR:StopPlace:58843,Blommenholm stasjon,2026-09-07T13:20:00+02:00,2026-09-07T13:20:00+02:00,,0.0,0,Lillestrøm,VYG:Line:L1,Spikkestad-Oslo S-Lillestrøm,L1,rail,VYG:ServiceJourney:2236_443643-R,False,planned,False,,,,,2026-09-07T15:44:36.205822+02:00
NSR:StopPlace:58843,Blommenholm stasjon,2026-09-07T13:28:00+02:00,2026-09-07T13:28:00+02:00,,0.0,0,Spikkestad,VYG:Line:L1,Spikkestad-Oslo S-Lillestrøm,L1,rail,VYG:ServiceJourney:2233_443638-R,False,planned,False,,,,,2026-09-07T15:44:36.205822+02:00
NSR:StopPlace:58843,Blommenholm stasjon,2026-09-07T13:34:00+02:00,2026-09-07T13:34:00+02:00,,0.0,0,Lillestrøm,VYG:Line:L1,Spikkestad-Oslo S-Lillestrøm,L1,rail,VYG:ServiceJourney:2136_443543-R,False,planned,False,,,,,2026-09-07T15:44:36.205822+02:00
NSR:StopPlace:58843,Blommenholm stasjon,2026-09-07T13:44:00+02:00,2026-09-07T13:44:00+02:00,,0.0,0,Asker,VYG:Line:L1,Spikkestad-Oslo S-Lillestrøm,L1,rail,VYG:ServiceJourney:2133_443540-R,False,planned,False,,,,,2026-09-07T15:44:36.205822+02:00
NSR:StopPlace:58843,Blommenholm stasjon,2026-09-07T13:50:00+02:00,2026-09-07T13:50:00+02:00,,0.0,0,Lillestrøm,VYG:Line:L1,Spikkestad-Oslo S-Lillestrøm,L1,rail,VYG:ServiceJourney:2238_443647-R,False,planned,False,Færre vogner,Denne avgangen kjører dessverre med 4 vogner i stedet for 8 vogner. Dette skyldes at vi mangler et togsett.,general,normal,2026-09-07T15:44:36.205822+02:00
NSR:StopPlace:58843,Blommenholm stasjon,2026-09-07T13:58:00+02:00,2026-09-07T13:58:00+02:00,,0.0,0,Spikkestad,VYG:Line:L1,Spikkestad-Oslo S-Lillestrøm,L1,rail,VYG:ServiceJourney:2235_443641-R,False,planned,False,,,,,2026-09-07T15:44:36.205822+02:00
NSR:StopPlace:58843,Blommenholm stasjon,2026-09-07T14:14:00+02:00,2026-09-07T14:14:00+02:00,,0.0,0,Asker,VYG:Line:L1,Spikkestad-Oslo S-Lillestrøm,L1,rail,VYG:ServiceJourney:2135_443542-R,False,planned,False,,,,,2026-09-07T15:44:36.205822+02:00
NSR:StopPlace:58844,Eidsvoll stasjon,2026-09-07T11:45:00+02:00,2026-09-07T11:45:00+02:00,,0.0,0,Jessheim,RUT:Line:430,Eidsvoll - Jessheim,430,bus,RUT:ServiceJourney:0d58d1e36ede05abac010ce22873c431,False,planned,False,,,,,2026-09-07T15:44:36.205822+02:00
NSR:StopPlace:58844,Eidsvoll stasjon,2026-09-07T11:53:00+02:00,2026-09-07T11:53:00+02:00,,0.0,0,Drammen,VYG:Line:RE10,Drammen-Oslo S-Lillehammer,RE10,rail,VYG:ServiceJourney:314-LHM_444167-R,False,planned,False,,,,,2026-09-07T15:44:36.205822+02:00
NSR:StopPlace:58844,Eidsvoll stasjon,2026-09-07T11:55:00+02:00,2026-09-07T11:55:00+02:00,,0.0,0,Fenstad,RUT:Line:441,Eidsvoll - Årnes,441,bus,RUT:ServiceJourney:81f89b07694f6cd330dfed890a111cfd,False,planned,False,,,,,2026-09-07T15:44:36.205822+02:00
NSR:StopPlace:58844,Eidsvoll stasjon,2026-09-07T11:59:00+02:00,2026-09-07T11:59:00+02:00,,0.0,0,Eidsvoll,RUT:Line:430,Eidsvoll - Jessheim,430,bus,RUT:ServiceJourney:fdf6e8f711a6a84a76f846e8f7df0c11,False,planned,False,,,,,2026-09-07T15:44:36.205822+02:00
NSR:StopPlace:58844,Eidsvoll stasjon,2026-09-07T12:00:00+02:00,2026-09-07T12:00:00+02:00,,0.0,0,Jessheim,RUT:Line:430,Eidsvoll - Jessheim,430,bus,RUT:ServiceJourney:25d7891cc2b5e2dbf7580dc0e5140518,False,planned,False,,,,,2026-09-07T15:44:36.205822+02:00
NSR:StopPlace:58844,Eidsvoll stasjon,2026-09-07T12:05:00+02:00,2026-09-07T12:05:00+02:00,,0.0,0,Feiring,RUT:Line:449,Bestilling Feiring - Minnesund - Eidsvoll,449,bus,RUT:ServiceJourney:a89101c461c2a1c25328979c1b3a1257,False,planned,False,,,,,2026-09-07T15:44:36.205822+02:00
NSR:StopPlace:58844,Eidsvoll stasjon,2026-09-07T12:05:00+02:00,2026-09-07T12:05:00+02:00,,0.0,0,Ormlia,RUT:Line:433,Servicelinje Eidsvoll - Bønsdalen,433,bus,RUT:ServiceJourney:db18601986845a723a0f4d76c1f161cb,False,planned,False,,,,,2026-09-07T15:44:36.205822+02:00
NSR:StopPlace:58844,Eidsvoll stasjon,2026-09-07T12:08:00+02:00,2026-09-07T12:08:00+02:00,,0.0,0,Lillehammer,VYG:Line:RE10,Drammen-Oslo S-Lillehammer,RE10,rail,VYG:ServiceJourney:315-SUD_444173-R,False,planned,False,,,,,2026-09-07T15:44:36.205822+02:00
NSR:StopPlace:58844,Eidsvoll stasjon,2026-09-07T12:11:00+02:00,2026-09-07T12:11:00+02:00,,0.0,0,Feiring,RUT:Line:443,Feiring/ Minnesund - Eidsvoll,443,bus,RUT:ServiceJourney:27be1e0a619d64c3d80bd50ce01060fe,False,planned,False,,,,,2026-09-07T15:44:36.205822+02:00
NSR:StopPlace:58844,Eidsvoll stasjon,2026-09-07T12:14:00+02:00,2026-09-07T12:14:00+02:00,,0.0,0,Eidsvoll,RUT:Line:430,Eidsvoll - Jessheim,430,bus,RUT:ServiceJourney:b2c42d1c00df9803f2a6eddb0ee9577e,False,planned,False,,,,,2026-09-07T15:44:36.205822+02:00
NSR:StopPlace:58844,Eidsvoll stasjon,2026-09-07T12:15:00+02:00,2026-09-07T12:15:00+02:00,,0.0,0,Jessheim,RUT:Line:430,Eidsvoll - Jessheim,430,bus,RUT:ServiceJourney:2db333d463c1d74ce5c958438f802b08,False,planned,False,,,,,2026-09-07T15:44:36.205822+02:00
NSR:StopPlace:58844,Eidsvoll stasjon,2026-09-07T12:15:00+02:00,2026-09-07T12:15:00+02:00,,0.0,0,Sand,INN:Line:121,Eidsvoll - Sand,121,bus,INN:ServiceJourney:54633,False,planned,False,,,,,2026-09-07T15:44:36.205822+02:00
NSR:StopPlace:58844,Eidsvoll stasjon,2026-09-07T12:29:00+02:00,2026-09-07T12:29:00+02:00,,0.0,0,Eidsvoll,RUT:Line:430,Eidsvoll - Jessheim,430,bus,RUT:ServiceJourney:f31206d3332a8947231a08449d5f9aa4,False,planned,False,,,,,2026-09-07T15:44:36.205822+02:00
NSR:StopPlace:58844,Eidsvoll stasjon,2026-09-07T12:30:00+02:00,2026-09-07T12:30:00+02:00,,0.0,0,Jessheim,RUT:Line:430,Eidsvoll - Jessheim,430,bus,RUT:ServiceJourney:0a950200ea9451e7553c3a4f3fe94c35,False,planned,False,,,,,2026-09-07T15:44:36.205822+02:00
NSR:StopPlace:58844,Eidsvoll stasjon,2026-09-07T12:31:00+02:00,2026-09-07T12:31:00+02:00,,0.0,0,Kongsberg,VYG:Line:R12,Kongsberg-Oslo S-Eidsvoll,R12,rail,VYG:ServiceJourney:517_444316-R,False,planned,False,,,,,2026-09-07T15:44:36.205822+02:00
NSR:StopPlace:58844,Eidsvoll stasjon,2026-09-07T12:44:00+02:00,2026-09-07T12:44:00+02:00,,0.0,0,Eidsvoll,RUT:Line:430,Eidsvoll - Jessheim,430,bus,RUT:ServiceJourney:f7dfbf8d885eca4db943225b9f16c43c,False,planned,False,,,,,2026-09-07T15:44:36.205822+02:00
NSR:StopPlace:58844,Eidsvoll stasjon,2026-09-07T12:45:00+02:00,2026-09-07T12:45:00+02:00,,0.0,0,Jessheim,RUT:Line:430,Eidsvoll - Jessheim,430,bus,RUT:ServiceJourney:3d4236ce1514c56c0df75c7133d342c6,False,planned,False,,,,,2026-09-07T15:44:36.205822+02:00
NSR:StopPlace:58844,Eidsvoll stasjon,2026-09-07T12:53:00+02:00,2026-09-07T12:53:00+02:00,,0.0,0,Drammen,VYG:Line:RE10,Drammen-Oslo S-Lillehammer,RE10,rail,VYG:ServiceJourney:316-LHM_465125-R,False,planned,False,,,,,2026-09-07T15:44:36.205822+02:00
NSR:StopPlace:58844,Eidsvoll stasjon,2026-09-07T12:55:00+02:00,2026-09-07T12:55:00+02:00,,0.0,0,Frilset,RUT:Line:441,Eidsvoll - Årnes,441,bus,RUT:ServiceJourney:76c1d7c6d510c8b00401365e96362b1f,False,planned,False,,,,,2026-09-07T15:44:36.205822+02:00
NSR:StopPlace:58844,Eidsvoll stasjon,2026-09-07T12:56:00+02:00,2026-09-07T12:56:00+02:00,,0.0,0,Gullverket,RUT:Line:442,Gullverket - Eidsvoll,442,bus,RUT:ServiceJourney:ad5e9cacf20156e8daa01b95049f1e71,False,planned,False,,,,,2026-09-07T15:44:36.205822+02:00
NSR:StopPlace:58844,Eidsvoll stasjon,2026-09-07T12:59:00+02:00,2026-09-07T12:59:00+02:00,,0.0,0,Eidsvoll,RUT:Line:430,Eidsvoll - Jessheim,430,bus,RUT:ServiceJourney:f111c729e2fffe6ee54611c67647d5cc,False,planned,False,,,,,2026-09-07T15:44:36.205822+02:00
NSR:StopPlace:58844,Eidsvoll stasjon,2026-09-07T13:00:00+02:00,2026-09-07T13:00:00+02:00,,0.0,0,Jessheim,RUT:Line:430,Eidsvoll - Jessheim,430,bus,RUT:ServiceJourney:43f5e9948d1fe0f4afa09eba49f0edac,False,planned,False,,,,,2026-09-07T15:44:36.205822+02:00
NSR:StopPlace:58844,Eidsvoll stasjon,2026-09-07T13:00:00+02:00,2026-09-07T13:00:00+02:00,,0.0,0,Minnesund,RUT:Line:434,Bestilling Ulvin - Minnesund,434,bus,RUT:ServiceJourney:f8c670281892997034be544ba56a93e6,False,planned,False,,,,,2026-09-07T15:44:36.205822+02:00
NSR:StopPlace:58844,Eidsvoll stasjon,2026-09-07T13:08:00+02:00,2026-09-07T13:08:00+02:00,,0.0,0,Lillehammer,VYG:Line:RE10,Drammen-Oslo S-Lillehammer,RE10,rail,VYG:ServiceJourney:317-SUD_444183-R,False,planned,False,,,,,2026-09-07T15:44:36.205822+02:00
NSR:StopPlace:58844,Eidsvoll stasjon,2026-09-07T13:14:00+02:00,2026-09-07T13:14:00+02:00,,0.0,0,Eidsvoll,RUT:Line:430,Eidsvoll - Jessheim,430,bus,RUT:ServiceJourney:1a2a8ee0a73dabb40a38f0d28583b40f,False,planned,False,,,,,2026-09-07T15:44:36.205822+02:00
NSR:StopPlace:58844,Eidsvoll stasjon,2026-09-07T13:15:00+02:00,2026-09-07T13:15:00+02:00,,0.0,0,Jessheim,RUT:Line:430,Eidsvoll - Jessheim,430,bus,RUT:ServiceJourney:5789e7ed2beb2b2971b3663c01e05c78,False,planned,False,,,,,2026-09-07T15:44:36.205822+02:00
NSR:StopPlace:58844,Eidsvoll stasjon,2026-09-07T13:15:00+02:00,2026-09-07T13:15:00+02:00,,0.0,0,Sand,INN:Line:121,Eidsvoll - Sand,121,bus,INN:ServiceJourney:54634,False,planned,False,,,,,2026-09-07T15:44:36.205822+02:00
NSR:StopPlace:58844,Eidsvoll stasjon,2026-09-07T13:29:00+02:00,2026-09-07T13:29:00+02:00,,0.0,0,Eidsvoll,RUT:Line:430,Eidsvoll - Jessheim,430,bus,RUT:ServiceJourney:b39243288afaf7513a259f8e50216295,False,planned,False,,,,,2026-09-07T15:44:36.205822+02:00
NSR:StopPlace:58844,Eidsvoll stasjon,2026-09-07T13:30:00+02:00,2026-09-07T13:30:00+02:00,,0.0,0,Jessheim,RUT:Line:430,Eidsvoll - Jessheim,430,bus,RUT:ServiceJourney:9f134a9bfe84ed1b62612efcfd42ec79,False,planned,False,,,,,2026-09-07T15:44:36.205822+02:00
NSR:StopPlace:58844,Eidsvoll stasjon,2026-09-07T13:44:00+02:00,2026-09-07T13:44:00+02:00,,0.0,0,Eidsvoll,RUT:Line:430,Eidsvoll - Jessheim,430,bus,RUT:ServiceJourney:2a06111cb19b2492029369af0623658f,False,planned,False,,,,,2026-09-07T15:44:36.205822+02:00
NSR:StopPlace:58844,Eidsvoll stasjon,2026-09-07T13:45:00+02:00,2026-09-07T13:45:00+02:00,,0.0,0,Jessheim,RUT:Line:430,Eidsvoll - Jessheim,430,bus,RUT:ServiceJourney:317b456b84ce1724736798b1afc1ce3e,False,planned,False,,,,,2026-09-07T15:44:36.205822+02:00
NSR:StopPlace:58844,Eidsvoll stasjon,2026-09-07T13:55:00+02:00,2026-09-07T13:55:00+02:00,,0.0,0,Fenstad,RUT:Line:441,Eidsvoll - Årnes,441,bus,RUT:ServiceJourney:a95ee86f07a9b3cd4af29bdbe0d16c40,False,planned,False,,,,,2026-09-07T15:44:36.205822+02:00
NSR:StopPlace:58844,Eidsvoll stasjon,2026-09-07T13:56:00+02:00,2026-09-07T13:56:00+02:00,,0.0,0,Gullverket,RUT:Line:442,Gullverket - Eidsvoll,442,bus,RUT:ServiceJourney:c8066faa65bb38f40842d1077a4fa90e,False,planned,False,,,,,2026-09-07T15:44:36.205822+02:00
NSR:StopPlace:58844,Eidsvoll stasjon,2026-09-07T13:56:00+02:00,2026-09-07T13:56:00+02:00,,0.0,0,Feiring,RUT:Line:443,Feiring/ Minnesund - Eidsvoll,443,bus,RUT:ServiceJourney:cdc303fda101d0b94929eec549b6df42,False,planned,False,,,,,2026-09-07T15:44:36.205822+02:00
NSR:StopPlace:58844,Eidsvoll stasjon,2026-09-07T13:59:00+02:00,2026-09-07T13:59:00+02:00,,0.0,0,Eidsvoll,RUT:Line:430,Eidsvoll - Jessheim,430,bus,RUT:ServiceJourney:0ad2b9d43a970799b0991c3df9af3e05,False,planned,False,,,,,2026-09-07T15:44:36.205822+02:00
NSR:StopPlace:58844,Eidsvoll stasjon,2026-09-07T14:10:00+02:00,2026-09-07T14:10:00+02:00,,0.0,0,Minnesund,RUT:Line:443,Feiring/ Minnesund - Eidsvoll,443,bus,RUT:ServiceJourney:02fe8efb144094b64bb235090433fcdc,False,planned,False,,,,,2026-09-07T15:44:36.205822+02:00
NSR:StopPlace:58844,Eidsvoll stasjon,2026-09-07T14:14:00+02:00,2026-09-07T14:14:00+02:00,,0.0,0,Eidsvoll,RUT:Line:430,Eidsvoll - Jessheim,430,bus,RUT:ServiceJourney:23b3482117293a87b411553905932e5a,False,planned,False,,,,,2026-09-07T15:44:36.205822+02:00
NSR:StopPlace:58844,Eidsvoll stasjon,2026-09-07T14:15:00+02:00,2026-09-07T14:15:00+02:00,,0.0,0,Sand,INN:Line:121,Eidsvoll - Sand,121,bus,INN:ServiceJourney:54635,False,planned,False,,,,,2026-09-07T15:44:36.205822+02:00
NSR:StopPlace:58845,Eidsvoll verk stasjon,2026-09-07T11:45:00+02:00,2026-09-07T11:45:00+02:00,,0.0,0,Eidsvoll,RUT:Line:430,Eidsvoll - Jessheim,430,bus,RUT:ServiceJourney:fdf6e8f711a6a84a76f846e8f7df0c11,False,planned,False,,,,,2026-09-07T15:44:36.205822+02:00
NSR:StopPlace:58845,Eidsvoll verk stasjon,2026-09-07T11:46:00+02:00,2026-09-07T11:46:00+02:00,,0.0,0,Jessheim,RUT:Line:430,Eidsvoll - Jessheim,430,bus,RUT:ServiceJourney:3a8218d0edcfd1d3c80d305674063d5c,False,planned,False,,,,,2026-09-07T15:44:36.205822+02:00
NSR:StopPlace:58845,Eidsvoll verk stasjon,2026-09-07T11:55:00+02:00,2026-09-07T11:55:00+02:00,,0.0,0,Eidsvoll,VYG:Line:RE11,Eidsvoll-Oslo S-Skien,RE11,rail,VYG:ServiceJourney:812_444392-R,False,planned,False,,,,,2026-09-07T15:44:36.205822+02:00
NSR:StopPlace:58845,Eidsvoll verk stasjon,2026-09-07T12:00:00+02:00,2026-09-07T12:00:00+02:00,,0.0,0,Eidsvoll,RUT:Line:430,Eidsvoll - Jessheim,430,bus,RUT:ServiceJourney:b2c42d1c00df9803f2a6eddb0ee9577e,False,planned,False,,,,,2026-09-07T15:44:36.205822+02:00
NSR:StopPlace:58845,Eidsvoll verk stasjon,2026-09-07T12:01:00+02:00,2026-09-07T12:01:00+02:00,,0.0,0,Jessheim,RUT:Line:430,Eidsvoll - Jessheim,430,bus,RUT:ServiceJourney:0d58d1e36ede05abac010ce22873c431,False,planned,False,,,,,2026-09-07T15:44:36.205822+02:00
NSR:StopPlace:58845,Eidsvoll verk stasjon,2026-09-07T12:15:00+02:00,2026-09-07T12:15:00+02:00,,0.0,0,Eidsvoll,RUT:Line:430,Eidsvoll - Jessheim,430,bus,RUT:ServiceJourney:f31206d3332a8947231a08449d5f9aa4,False,planned,False,,,,,2026-09-07T15:44:36.205822+02:00
NSR:StopPlace:58845,Eidsvoll verk stasjon,2026-09-07T12:16:00+02:00,2026-09-07T12:16:00+02:00,,0.0,0,Jessheim,RUT:Line:430,Eidsvoll - Jessheim,430,bus,RUT:ServiceJourney:25d7891cc2b5e2dbf7580dc0e5140518,False,planned,False,,,,,2026-09-07T15:44:36.205822+02:00
NSR:StopPlace:58845,Eidsvoll verk stasjon,2026-09-07T12:25:00+02:00,2026-09-07T12:25:00+02:00,,0.0,0,Eidsvoll,VYG:Line:R12,Kongsberg-Oslo S-Eidsvoll,R12,rail,VYG:ServiceJourney:514_444312-R,False,planned,False,,,,,2026-09-07T15:44:36.205822+02:00
NSR:StopPlace:58845,Eidsvoll verk stasjon,2026-09-07T12:30:00+02:00,2026-09-07T12:30:00+02:00,,0.0,0,Eidsvoll,RUT:Line:430,Eidsvoll - Jessheim,430,bus,RUT:ServiceJourney:f7dfbf8d885eca4db943225b9f16c43c,False,planned,False,,,,,2026-09-07T15:44:36.205822+02:00
NSR:StopPlace:58845,Eidsvoll verk stasjon,2026-09-07T12:31:00+02:00,2026-09-07T12:31:00+02:00,,0.0,0,Jessheim,RUT:Line:430,Eidsvoll - Jessheim,430,bus,RUT:ServiceJourney:2db333d463c1d74ce5c958438f802b08,False,planned,False,,,,,2026-09-07T15:44:36.205822+02:00
NSR:StopPlace:58845,Eidsvoll verk stasjon,2026-09-07T12:35:00+02:00,2026-09-07T12:35:00+02:00,,0.0,0,Kongsberg,VYG:Line:R12,Kongsberg-Oslo S-Eidsvoll,R12,rail,VYG:ServiceJourney:517_444316-R,False,planned,False,,,,,2026-09-07T15:44:36.205822+02:00
NSR:StopPlace:58845,Eidsvoll verk stasjon,2026-09-07T12:45:00+02:00,2026-09-07T12:45:00+02:00,,0.0,0,Eidsvoll,RUT:Line:430,Eidsvoll - Jessheim,430,bus,RUT:ServiceJourney:f111c729e2fffe6ee54611c67647d5cc,False,planned,False,,,,,2026-09-07T15:44:36.205822+02:00
NSR:StopPlace:58845,Eidsvoll verk stasjon,2026-09-07T12:46:00+02:00,2026-09-07T12:46:00+02:00,,0.0,0,Jessheim,RUT:Line:430,Eidsvoll - Jessheim,430,bus,RUT:ServiceJourney:0a950200ea9451e7553c3a4f3fe94c35,False,planned,False,,,,,2026-09-07T15:44:36.205822+02:00
NSR:StopPlace:58845,Eidsvoll verk stasjon,2026-09-07T12:55:00+02:00,2026-09-07T12:55:00+02:00,,0.0,0,Eidsvoll,VYG:Line:RE11,Eidsvoll-Oslo S-Skien,RE11,rail,VYG:ServiceJourney:814_444394-R,False,planned,False,,,,,2026-09-07T15:44:36.205822+02:00
NSR:StopPlace:58845,Eidsvoll verk stasjon,2026-09-07T13:00:00+02:00,2026-09-07T13:00:00+02:00,,0.0,0,Eidsvoll,RUT:Line:430,Eidsvoll - Jessheim,430,bus,RUT:ServiceJourney:1a2a8ee0a73dabb40a38f0d28583b40f,False,planned,False,,,,,2026-09-07T15:44:36.205822+02:00
NSR:StopPlace:58845,Eidsvoll verk stasjon,2026-09-07T13:00:00+02:00,2026-09-07T13:00:00+02:00,,0.0,0,Hurdal,RUT:Line:445,Hurdal - Eidsvoll verk,445,bus,RUT:ServiceJourney:0bd9950b81616d928ab0e0dad9fb0581,False,planned,False,,,,,2026-09-07T15:44:36.205822+02:00
NSR:StopPlace:58845,Eidsvoll verk stasjon,2026-09-07T13:01:00+02:00,2026-09-07T13:01:00+02:00,,0.0,0,Jessheim,RUT:Line:430,Eidsvoll - Jessheim,430,bus,RUT:ServiceJourney:3d4236ce1514c56c0df75c7133d342c6,False,planned,False,,,,,2026-09-07T15:44:36.205822+02:00
NSR:StopPlace:58845,Eidsvoll verk stasjon,2026-09-07T13:15:00+02:00,2026-09-07T13:15:00+02:00,,0.0,0,Eidsvoll,RUT:Line:430,Eidsvoll - Jessheim,430,bus,RUT:ServiceJourney:b39243288afaf7513a259f8e50216295,False,planned,False,,,,,2026-09-07T15:44:36.205822+02:00
NSR:StopPlace:58845,Eidsvoll verk stasjon,2026-09-07T13:16:00+02:00,2026-09-07T13:16:00+02:00,,0.0,0,Jessheim,RUT:Line:430,Eidsvoll - Jessheim,430,bus,RUT:ServiceJourney:43f5e9948d1fe0f4afa09eba49f0edac,False,planned,False,,,,,2026-09-07T15:44:36.205822+02:00
NSR:StopPlace:58845,Eidsvoll verk stasjon,2026-09-07T13:25:00+02:00,2026-09-07T13:25:00+02:00,,0.0,0,Eidsvoll,VYG:Line:R12,Kongsberg-Oslo S-Eidsvoll,R12,rail,VYG:ServiceJourney:516_481318-R,False,planned,False,,,,,2026-09-07T15:44:36.205822+02:00
NSR:StopPlace:58845,Eidsvoll verk stasjon,2026-09-07T13:30:00+02:00,2026-09-07T13:30:00+02:00,,0.0,0,Eidsvoll,RUT:Line:430,Eidsvoll - Jessheim,430,bus,RUT:ServiceJourney:2a06111cb19b2492029369af0623658f,False,planned,False,,,,,2026-09-07T15:44:36.205822+02:00
NSR:StopPlace:58845,Eidsvoll verk stasjon,2026-09-07T13:31:00+02:00,2026-09-07T13:31:00+02:00,,0.0,0,Jessheim,RUT:Line:430,Eidsvoll - Jessheim,430,bus,RUT:ServiceJourney:5789e7ed2beb2b2971b3663c01e05c78,False,planned,False,,,,,2026-09-07T15:44:36.205822+02:00
NSR:StopPlace:58845,Eidsvoll verk stasjon,2026-09-07T13:45:00+02:00,2026-09-07T13:45:00+02:00,,0.0,0,Eidsvoll,RUT:Line:430,Eidsvoll - Jessheim,430,bus,RUT:ServiceJourney:0ad2b9d43a970799b0991c3df9af3e05,False,planned,False,,,,,2026-09-07T15:44:36.205822+02:00
NSR:StopPlace:58845,Eidsvoll verk stasjon,2026-09-07T13:46:00+02:00,2026-09-07T13:46:00+02:00,,0.0,0,Jessheim,RUT:Line:430,Eidsvoll - Jessheim,430,bus,RUT:ServiceJourney:9f134a9bfe84ed1b62612efcfd42ec79,False,planned,False,,,,,2026-09-07T15:44:36.205822+02:00
NSR:StopPlace:58845,Eidsvoll verk stasjon,2026-09-07T13:55:00+02:00,2026-09-07T13:55:00+02:00,,0.0,0,Eidsvoll,VYG:Line:RE11,Eidsvoll-Oslo S-Skien,RE11,rail,VYG:ServiceJourney:816_444396-R,False,planned,False,,,,,2026-09-07T15:44:36.205822+02:00
NSR:StopPlace:58845,Eidsvoll verk stasjon,2026-09-07T14:00:00+02:00,2026-09-07T14:00:00+02:00,,0.0,0,Eidsvoll,RUT:Line:430,Eidsvoll - Jessheim,430,bus,RUT:ServiceJourney:23b3482117293a87b411553905932e5a,False,planned,False,,,,,2026-09-07T15:44:36.205822+02:00
NSR:StopPlace:58845,Eidsvoll verk stasjon,2026-09-07T14:01:00+02:00,2026-09-07T14:01:00+02:00,,0.0,0,Jessheim,RUT:Line:430,Eidsvoll - Jessheim,430,bus,RUT:ServiceJourney:317b456b84ce1724736798b1afc1ce3e,False,planned,False,,,,,2026-09-07T15:44:36.205822+02:00
NSR:StopPlace:58845,Eidsvoll verk stasjon,2026-09-07T14:23:00+02:00,2026-09-07T14:23:00+02:00,,0.0,0,Råholt - Nygård,RUT:Line:3734,Tømtedalen - Eidsvoll,3734,bus,RUT:ServiceJourney:f9d70860f36be42d8491743355491b0f,False,planned,False,,,,,2026-09-07T15:44:36.205822+02:00
NSR:StopPlace:58845,Eidsvoll verk stasjon,2026-09-07T14:25:00+02:00,2026-09-07T14:25:00+02:00,,0.0,0,Eidsvoll,VYG:Line:R12,Kongsberg-Oslo S-Eidsvoll,R12,rail,VYG:ServiceJourney:518_444318-R,False,planned,False,,,,,2026-09-07T15:44:36.205822+02:00
NSR:StopPlace:58846,Fetsund stasjon,2026-09-07T12:22:00+02:00,2026-09-07T12:22:00+02:00,,0.0,0,Kongsvinger,VYG:Line:R14,Asker-Oslo S-Kongsvinger,R14,rail,VYG:ServiceJourney:1015_442921-R,False,planned,False,,,,,2026-09-07T15:44:36.205822+02:00
NSR:StopPlace:58846,Fetsund stasjon,2026-09-07T12:36:00+02:00,2026-09-07T12:36:00+02:00,,0.0,0,Asker,VYG:Line:R14,Asker-Oslo S-Kongsvinger,R14,rail,VYG:ServiceJourney:1016_442922-R,False,planned,False,,,,,2026-09-07T15:44:36.205822+02:00
NSR:StopPlace:58846,Fetsund stasjon,2026-09-07T13:22:00+02:00,2026-09-07T13:22:00+02:00,,0.0,0,Kongsvinger,VYG:Line:R14,Asker-Oslo S-Kongsvinger,R14,rail,VYG:ServiceJourney:1017_442923-R,False,planned,False,,,,,2026-09-07T15:44:36.205822+02:00
NSR:StopPlace:58846,Fetsund stasjon,2026-09-07T13:36:00+02:00,2026-09-07T13:36:00+02:00,,0.0,0,Asker,VYG:Line:R14,Asker-Oslo S-Kongsvinger,R14,rail,VYG:ServiceJourney:1018_442925-R,False,planned,False,,,,,2026-09-07T15:44:36.205822+02:00
NSR:StopPlace:58847,Frogner stasjon,2026-09-07T11:51:00+02:00,2026-09-07T11:51:00+02:00,,0.0,0,Drammen,VYG:Line:R13,Drammen-Oslo S-Dal,R13,rail,VYG:ServiceJourney:1628_443272-R,False,planned,False,,,,,2026-09-07T15:44:36.205822+02:00
NSR:StopPlace:58847,Frogner stasjon,2026-09-07T12:04:00+02:00,2026-09-07T12:04:00+02:00,,0.0,0,Dal,VYG:Line:R13,Drammen-Oslo S-Dal,R13,rail,VYG:ServiceJourney:1627_481148-R,False,planned,False,,,,,2026-09-07T15:44:36.205822+02:00
NSR:StopPlace:58847,Frogner stasjon,2026-09-07T12:10:00+02:00,2026-09-07T12:10:00+02:00,,0.0,0,Sørumsand,RUT:Line:365,Sørumsand - Frogner - Skedsmokorset,365,bus,RUT:ServiceJourney:4379c44ff8df7c1391be3b12895032a7,False,planned,False,,,,,2026-09-07T15:44:36.205822+02:00
NSR:StopPlace:58847,Frogner stasjon,2026-09-07T12:13:00+02:00,2026-09-07T12:13:00+02:00,,0.0,0,Skedsmokorset,RUT:Line:365,Sørumsand - Frogner - Skedsmokorset,365,bus,RUT:ServiceJourney:a01f21bc9242d101f0fe1e74c15dc187,False,planned,False,,,,,2026-09-07T15:44:36.205822+02:00
NSR:StopPlace:58847,Frogner stasjon,2026-09-07T12:21:00+02:00,2026-09-07T12:21:00+02:00,,0.0,0,Drammen,VYG:Line:R13,Drammen-Oslo S-Dal,R13,rail,VYG:ServiceJourney:1630_443277-R,False,planned,False,,,,,2026-09-07T15:44:36.205822+02:00
NSR:StopPlace:58847,Frogner stasjon,2026-09-07T12:34:00+02:00,2026-09-07T12:34:00+02:00,,0.0,0,Dal,VYG:Line:R13,Drammen-Oslo S-Dal,R13,rail,VYG:ServiceJourney:1629_481150-R,False,planned,False,,,,,2026-09-07T15:44:36.205822+02:00
NSR:StopPlace:58847,Frogner stasjon,2026-09-07T12:40:00+02:00,2026-09-07T12:40:00+02:00,,0.0,0,Sørumsand,RUT:Line:365,Sørumsand - Frogner - Skedsmokorset,365,bus,RUT:ServiceJourney:b427226537d9352c2d9301dac5b79e38,False,planned,False,,,,,2026-09-07T15:44:36.205822+02:00
NSR:StopPlace:58847,Frogner stasjon,2026-09-07T12:43:00+02:00,2026-09-07T12:43:00+02:00,,0.0,0,Skedsmokorset,RUT:Line:365,Sørumsand - Frogner - Skedsmokorset,365,bus,RUT:ServiceJourney:f639b497fdfaf8637d9c3c8785e0144a,False,planned,False,,,,,2026-09-07T15:44:36.205822+02:00
NSR:StopPlace:58847,Frogner stasjon,2026-09-07T12:51:00+02:00,2026-09-07T12:51:00+02:00,,0.0,0,Drammen,VYG:Line:R13,Drammen-Oslo S-Dal,R13,rail,VYG:ServiceJourney:1632_443281-R,False,planned,False,,,,,2026-09-07T15:44:36.205822+02:00
NSR:StopPlace:58847,Frogner stasjon,2026-09-07T13:07:00+02:00,2026-09-07T13:07:00+02:00,,0.0,0,Dal,VYG:Line:R13,Drammen-Oslo S-Dal,R13,rail,VYG:ServiceJourney:1631_443278-R,False,planned,False,,,,,2026-09-07T15:44:36.205822+02:00
NSR:StopPlace:58847,Frogner stasjon,2026-09-07T13:10:00+02:00,2026-09-07T13:10:00+02:00,,0.0,0,Sørumsand,RUT:Line:365,Sørumsand - Frogner - Skedsmokorset,365,bus,RUT:ServiceJourney:9f614bc3cacad5d96024865e5d6f957d,False,planned,False,,,,,2026-09-07T15:44:36.205822+02:00
NSR:StopPlace:58847,Frogner stasjon,2026-09-07T13:13:00+02:00,2026-09-07T13:13:00+02:00,,0.0,0,Skedsmokorset,RUT:Line:365,Sørumsand - Frogner - Skedsmokorset,365,bus,RUT:ServiceJourney:ad08da444f35d55272f48913ec8a8789,False,planned,False,,,,,2026-09-07T15:44:36.205822+02:00
NSR:StopPlace:58847,Frogner stasjon,2026-09-07T13:21:00+02:00,2026-09-07T13:21:00+02:00,,0.0,0,Drammen,VYG:Line:R13,Drammen-Oslo S-Dal,R13,rail,VYG:ServiceJourney:1634_443285-R,False,planned,False,,,,,2026-09-07T15:44:36.205822+02:00
NSR:StopPlace:58847,Frogner stasjon,2026-09-07T13:34:00+02:00,2026-09-07T13:34:00+02:00,,0.0,0,Dal,VYG:Line:R13,Drammen-Oslo S-Dal,R13,rail,VYG:ServiceJourney:1633_443282-R,False,planned,False,Forsinket,Toget kjørte 10 minutter forsinket fra Drammen. Dette skyldes en tidligere stans.,incident,normal,2026-09-07T15:44:36.205822+02:00
NSR:StopPlace:58847,Frogner stasjon,2026-09-07T13:40:00+02:00,2026-09-07T13:40:00+02:00,,0.0,0,Sørumsand,RUT:Line:365,Sørumsand - Frogner - Skedsmokorset,365,bus,RUT:ServiceJourney:9037abb2c02ee73474d264225033c9f9,False,planned,False,,,,,2026-09-07T15:44:36.205822+02:00
NSR:StopPlace:58847,Frogner stasjon,2026-09-07T13:43:00+02:00,2026-09-07T13:43:00+02:00,,0.0,0,Skedsmokorset,RUT:Line:365,Sørumsand - Frogner - Skedsmokorset,365,bus,RUT:ServiceJourney:9673fe8da464ddfe7e80078b1f00457c,False,planned,False,,,,,2026-09-07T15:44:36.205822+02:00
NSR:StopPlace:58847,Frogner stasjon,2026-09-07T14:04:00+02:00,2026-09-07T14:04:00+02:00,,0.0,0,Dal,VYG:Line:R13,Drammen-Oslo S-Dal,R13,rail,VYG:ServiceJourney:1635_481152-R,False,planned,False,,,,,2026-09-07T15:44:36.205822+02:00
NSR:StopPlace:58847,Frogner stasjon,2026-09-07T14:10:00+02:00,2026-09-07T14:10:00+02:00,,0.0,0,Sørumsand,RUT:Line:365,Sørumsand - Frogner - Skedsmokorset,365,bus,RUT:ServiceJourney:98a72cc4fca7c3147292385c85bdbf61,False,planned,False,,,,,2026-09-07T15:44:36.205822+02:00
NSR:StopPlace:58847,Frogner stasjon,2026-09-07T14:13:00+02:00,2026-09-07T14:13:00+02:00,,0.0,0,Skedsmokorset,RUT:Line:365,Sørumsand - Frogner - Skedsmokorset,365,bus,RUT:ServiceJourney:2e2605d1a5e39eda8d4f8886e5e38e54,False,planned,False,,,,,2026-09-07T15:44:36.205822+02:00
NSR:StopPlace:58848,Haga stasjon,2026-09-07T12:03:00+02:00,2026-09-07T12:03:00+02:00,,0.0,0,Rånåsfoss,RUT:Line:455,Årnes -Rånåsfoss,455,bus,RUT:ServiceJourney:bf32a610e53c95c830aaaa8b2881ddef,False,planned,False,,,,,2026-09-07T15:44:36.205822+02:00
NSR:StopPlace:58848,Haga stasjon,2026-09-07T12:13:00+02:00,2026-09-07T12:13:00+02:00,,0.0,0,Asker,VYG:Line:R14,Asker-Oslo S-Kongsvinger,R14,rail,VYG:ServiceJourney:1016_442922-R,False,planned,False,,,,,2026-09-07T15:44:36.205822+02:00
NSR:StopPlace:58848,Haga stasjon,2026-09-07T12:44:00+02:00,2026-09-07T12:44:00+02:00,,0.0,0,Kongsvinger,VYG:Line:R14,Asker-Oslo S-Kongsvinger,R14,rail,VYG:ServiceJourney:1015_442921-R,False,planned,False,,,,,2026-09-07T15:44:36.205822+02:00
NSR:StopPlace:58848,Haga stasjon,2026-09-07T12:54:00+02:00,2026-09-07T12:54:00+02:00,,0.0,0,Årnes,RUT:Line:455,Årnes -Rånåsfoss,455,bus,RUT:ServiceJourney:8f597410bfd3b3f5f0013b68945f4e9a,False,planned,False,,,,,2026-09-07T15:44:36.205822+02:00
NSR:StopPlace:58848,Haga stasjon,2026-09-07T13:13:00+02:00,2026-09-07T13:13:00+02:00,,0.0,0,Asker,VYG:Line:R14,Asker-Oslo S-Kongsvinger,R14,rail,VYG:ServiceJourney:1018_442925-R,False,planned,False,,,,,2026-09-07T15:44:36.205822+02:00
NSR:StopPlace:58848,Haga stasjon,2026-09-07T13:44:00+02:00,2026-09-07T13:44:00+02:00,,0.0,0,Kongsvinger,VYG:Line:R14,Asker-Oslo S-Kongsvinger,R14,rail,VYG:ServiceJourney:1017_442923-R,False,planned,False,,,,,2026-09-07T15:44:36.205822+02:00
NSR:StopPlace:58848,Haga stasjon,2026-09-07T14:04:00+02:00,2026-09-07T14:04:00+02:00,,0.0,0,Auli,RUT:Line:455,Årnes -Rånåsfoss,455,bus,RUT:ServiceJourney:d5e5d0b2df33196e2d5870452f8ac475,False,planned,False,,,,,2026-09-07T15:44:36.205822+02:00
NSR:StopPlace:58848,Haga stasjon,2026-09-07T14:05:00+02:00,2026-09-07T14:05:00+02:00,,0.0,0,Rånåsfoss,RUT:Line:455,Årnes -Rånåsfoss,455,bus,RUT:ServiceJourney:3689a53ffd27d37b91de6cf8d97f2eda,False,planned,False,,,,,2026-09-07T15:44:36.205822+02:00
NSR:StopPlace:58848,Haga stasjon,2026-09-07T14:18:00+02:00,2026-09-07T14:18:00+02:00,,0.0,0,Rånåsfoss,RUT:Line:455,Årnes -Rånåsfoss,455,bus,RUT:ServiceJourney:7ec07ef6a6e45697adef672e4dc94598,False,planned,False,,,,,2026-09-07T15:44:36.205822+02:00
NSR:StopPlace:58849,Hakadal stasjon,2026-09-07T11:53:00+02:00,2026-09-07T11:53:00+02:00,,0.0,0,Oslo bussterminal,RUT:Line:390,Kongskog/Hellerudhaugen - Oslo bussterminal,390,bus,RUT:ServiceJourney:466034ce172ab1d7baa3fd17da9f7d00,False,planned,False,,,,,2026-09-07T15:44:36.205822+02:00
NSR:StopPlace:58849,Hakadal stasjon,2026-09-07T12:05:00+02:00,2026-09-07T12:05:00+02:00,,0.0,0,Kongskog,RUT:Line:390,Kongskog/Hellerudhaugen - Oslo bussterminal,390,bus,RUT:ServiceJourney:cd77edb006435a62a6c6df01b5b407f0,False,planned,False,,,,,2026-09-07T15:44:36.205822+02:00
NSR:StopPlace:58849,Hakadal stasjon,2026-09-07T12:23:00+02:00,2026-09-07T12:23:00+02:00,,0.0,0,Oslo bussterminal,RUT:Line:390,Kongskog/Hellerudhaugen - Oslo bussterminal,390,bus,RUT:ServiceJourney:f80a339f6cb36df28d62f07a4975f4cb,False,planned,False,,,,,2026-09-07T15:44:36.205822+02:00
NSR:StopPlace:58849,Hakadal stasjon,2026-09-07T12:35:00+02:00,2026-09-07T12:35:00+02:00,,0.0,0,Kongskog,RUT:Line:390,Kongskog/Hellerudhaugen - Oslo bussterminal,390,bus,RUT:ServiceJourney:79937c95c808edb17d40e1bf0eee3360,False,planned,False,,,,,2026-09-07T15:44:36.205822+02:00
NSR:StopPlace:58849,Hakadal stasjon,2026-09-07T12:53:00+02:00,2026-09-07T12:53:00+02:00,,0.0,0,Oslo bussterminal,RUT:Line:390,Kongskog/Hellerudhaugen - Oslo bussterminal,390,bus,RUT:ServiceJourney:3e34362371240277c6c58e4d4d7641df,False,planned,False,,,,,2026-09-07T15:44:36.205822+02:00
NSR:StopPlace:58849,Hakadal stasjon,2026-09-07T13:05:00+02:00,2026-09-07T13:05:00+02:00,,0.0,0,Kongskog,RUT:Line:390,Kongskog/Hellerudhaugen - Oslo bussterminal,390,bus,RUT:ServiceJourney:6015f5396150b201b932c697189cc0fe,False,planned,False,,,,,2026-09-07T15:44:36.205822+02:00
NSR:StopPlace:58849,Hakadal stasjon,2026-09-07T13:13:00+02:00,2026-09-07T13:13:00+02:00,,0.0,0,Kongskog,RUT:Line:3334,Elvetangen - Kongskog,3334,bus,RUT:ServiceJourney:12851f64bf61c1ad377713a9bdbb2440,False,planned,False,,,,,2026-09-07T15:44:36.205822+02:00
NSR:StopPlace:58849,Hakadal stasjon,2026-09-07T13:23:00+02:00,2026-09-07T13:23:00+02:00,,0.0,0,Oslo bussterminal,RUT:Line:390,Kongskog/Hellerudhaugen - Oslo bussterminal,390,bus,RUT:ServiceJourney:2246e24b721b47c5850c97d3cb6ac63e,False,planned,False,,,,,2026-09-07T15:44:36.205822+02:00
NSR:StopPlace:58849,Hakadal stasjon,2026-09-07T13:35:00+02:00,2026-09-07T13:35:00+02:00,,0.0,0,Kongskog,RUT:Line:390,Kongskog/Hellerudhaugen - Oslo bussterminal,390,bus,RUT:ServiceJourney:bc85360bd049f410a3ff9f32a3712431,False,planned,False,,,,,2026-09-07T15:44:36.205822+02:00
NSR:StopPlace:58849,Hakadal stasjon,2026-09-07T13:43:00+02:00,2026-09-07T13:43:00+02:00,,0.0,0,Kongskog,RUT:Line:3334,Elvetangen - Kongskog,3334,bus,RUT:ServiceJourney:e1f872aef49601ab47299d73ffaba8f7,False,planned,False,,,,,2026-09-07T15:44:36.205822+02:00
NSR:StopPlace:58849,Hakadal stasjon,2026-09-07T14:05:00+02:00,2026-09-07T14:05:00+02:00,,0.0,0,Kongskog,RUT:Line:390,Kongskog/Hellerudhaugen - Oslo bussterminal,390,bus,RUT:ServiceJourney:5a9e416ff3f49ff06d090187372934ff,False,planned,False,,,,,2026-09-07T15:44:36.205822+02:00
NSR:StopPlace:58849,Hakadal stasjon,2026-09-07T14:13:00+02:00,2026-09-07T14:13:00+02:00,,0.0,0,Kongskog,RUT:Line:3334,Elvetangen - Kongskog,3334,bus,RUT:ServiceJourney:66f5ea81e6c0ea08eb0e0e1fefb71841,False,planned,False,,,,,2026-09-07T15:44:36.205822+02:00
NSR:StopPlace:58849,Hakadal stasjon,2026-09-07T14:35:00+02:00,2026-09-07T14:35:00+02:00,,0.0,0,Kongskog,RUT:Line:390,Kongskog/Hellerudhaugen - Oslo bussterminal,390,bus,RUT:ServiceJourney:356b8bec9a59d6d29364d1aa920162aa,False,planned,False,,,,,2026-09-07T15:44:36.205822+02:00
NSR:StopPlace:58849,Hakadal stasjon,2026-09-07T16:23:00+02:00,2026-09-07T16:23:00+02:00,,0.0,0,Oslo bussterminal,RUT:Line:390,Kongskog/Hellerudhaugen - Oslo bussterminal,390,bus,RUT:ServiceJourney:fb774e0b1e36c5b8e202e24ab8b4e88a,False,planned,False,,,,,2026-09-07T15:44:36.205822+02:00
NSR:StopPlace:58840,Vestfossen stasjon,2026-09-07T11:53:00+02:00,2026-09-07T11:53:00+02:00,,0.0,0,Eidsvoll,VYG:Line:R12,Kongsberg-Oslo S-Eidsvoll,R12,rail,VYG:ServiceJourney:516_481318-R,False,planned,False,,,,,2026-09-07T15:44:36.205822+02:00
NSR:StopPlace:58840,Vestfossen stasjon,2026-09-07T12:06:00+02:00,2026-09-07T12:06:00+02:00,,0.0,0,Kongsberg,VYG:Line:R12,Kongsberg-Oslo S-Eidsvoll,R12,rail,VYG:ServiceJourney:513_444310-R,False,planned,False,,,,,2026-09-07T15:44:36.205822+02:00
NSR:StopPlace:58840,Vestfossen stasjon,2026-09-07T12:50:00+02:00,2026-09-07T12:50:00+02:00,,0.0,0,Torespæren øst,BRA:Line:4_6119,Hokksund - Voldstad - Sundet,119,bus,BRA:ServiceJourney:6119_260415100158943_1016,False,planned,False,,,,,2026-09-07T15:44:36.205822+02:00
NSR:StopPlace:58840,Vestfossen stasjon,2026-09-07T12:53:00+02:00,2026-09-07T12:53:00+02:00,,0.0,0,Eidsvoll,VYG:Line:R12,Kongsberg-Oslo S-Eidsvoll,R12,rail,VYG:ServiceJourney:518_444318-R,False,planned,False,,,,,2026-09-07T15:44:36.205822+02:00
NSR:StopPlace:58840,Vestfossen stasjon,2026-09-07T13:05:00+02:00,2026-09-07T13:05:00+02:00,,0.0,0,Kongsberg,VYG:Line:R12,Kongsberg-Oslo S-Eidsvoll,R12,rail,VYG:ServiceJourney:515_444314-R,False,planned,False,,,,,2026-09-07T15:44:36.205822+02:00
NSR:StopPlace:58840,Vestfossen stasjon,2026-09-07T14:06:00+02:00,2026-09-07T14:06:00+02:00,,0.0,0,Kongsberg,VYG:Line:R12,Kongsberg-Oslo S-Eidsvoll,R12,rail,VYG:ServiceJourney:517_444316-R,False,planned,False,,,,,2026-09-07T15:44:36.205822+02:00
NSR:StopPlace:58852,Høn stasjon,2026-09-07T11:50:00+02:00,2026-09-07T11:50:00+02:00,,0.0,0,Lillestrøm,VYG:Line:L1,Spikkestad-Oslo S-Lillestrøm,L1,rail,VYG:ServiceJourney:2130_443537-R,False,planned,False,,,,,2026-09-07T15:44:36.205822+02:00
NSR:StopPlace:58852,Høn stasjon,2026-09-07T11:59:00+02:00,2026-09-07T11:59:00+02:00,,0.0,0,Asker,VYG:Line:L1,Spikkestad-Oslo S-Lillestrøm,L1,rail,VYG:ServiceJourney:2125_443531-R,False,planned,False,,,,,2026-09-07T15:44:36.205822+02:00
NSR:StopPlace:58852,Høn stasjon,2026-09-07T12:06:00+02:00,2026-09-07T12:06:00+02:00,,0.0,0,Lillestrøm,VYG:Line:L1,Spikkestad-Oslo S-Lillestrøm,L1,rail,VYG:ServiceJourney:2232_445328-R,False,planned,False,,,,,2026-09-07T15:44:36.205822+02:00
NSR:StopPlace:58852,Høn stasjon,2026-09-07T12:13:00+02:00,2026-09-07T12:13:00+02:00,,0.0,0,Spikkestad,VYG:Line:L1,Spikkestad-Oslo S-Lillestrøm,L1,rail,VYG:ServiceJourney:2227_443627-R,False,planned,False,,,,,2026-09-07T15:44:36.205822+02:00
NSR:StopPlace:58852,Høn stasjon,2026-09-07T12:13:00+02:00,2026-09-07T12:13:00+02:00,,0.0,0,Asker - Høn - Undelstad,RUT:Line:297,Asker - Solgården - Høn - Undelstad,297,bus,RUT:ServiceJourney:b90ccbf719cc97fd3b4c27e22d102ed8,False,planned,False,,,,,2026-09-07T15:44:36.205822+02:00
NSR:StopPlace:58852,Høn stasjon,2026-09-07T12:20:00+02:00,2026-09-07T12:20:00+02:00,,0.0,0,Lillestrøm,VYG:Line:L1,Spikkestad-Oslo S-Lillestrøm,L1,rail,VYG:ServiceJourney:2132_443539-R,False,planned,False,Ta neste tog,Ta neste tog.,incident,normal,2026-09-07T15:44:36.205822+02:00
NSR:StopPlace:58852,Høn stasjon,2026-09-07T12:29:00+02:00,2026-09-07T12:29:00+02:00,,0.0,0,Asker,VYG:Line:L1,Spikkestad-Oslo S-Lillestrøm,L1,rail,VYG:ServiceJourney:2127_443533-R,False,planned,False,,,,,2026-09-07T15:44:36.205822+02:00
NSR:StopPlace:58852,Høn stasjon,2026-09-07T12:36:00+02:00,2026-09-07T12:36:00+02:00,,0.0,0,Lillestrøm,VYG:Line:L1,Spikkestad-Oslo S-Lillestrøm,L1,rail,VYG:ServiceJourney:2234_443640-R,False,planned,False,,,,,2026-09-07T15:44:36.205822+02:00
NSR:StopPlace:58852,Høn stasjon,2026-09-07T12:43:00+02:00,2026-09-07T12:43:00+02:00,,0.0,0,Spikkestad,VYG:Line:L1,Spikkestad-Oslo S-Lillestrøm,L1,rail,VYG:ServiceJourney:2229_443630-R,False,planned,False,,,,,2026-09-07T15:44:36.205822+02:00
NSR:StopPlace:58852,Høn stasjon,2026-09-07T12:50:00+02:00,2026-09-07T12:50:00+02:00,,0.0,0,Lillestrøm,VYG:Line:L1,Spikkestad-Oslo S-Lillestrøm,L1,rail,VYG:ServiceJourney:2134_443541-R,False,planned,False,,,,,2026-09-07T15:44:36.205822+02:00
NSR:StopPlace:58852,Høn stasjon,2026-09-07T12:59:00+02:00,2026-09-07T12:59:00+02:00,,0.0,0,Asker,VYG:Line:L1,Spikkestad-Oslo S-Lillestrøm,L1,rail,VYG:ServiceJourney:2129_443535-R,False,planned,False,,,,,2026-09-07T15:44:36.205822+02:00
NSR:StopPlace:58852,Høn stasjon,2026-09-07T13:06:00+02:00,2026-09-07T13:06:00+02:00,,0.0,0,Lillestrøm,VYG:Line:L1,Spikkestad-Oslo S-Lillestrøm,L1,rail,VYG:ServiceJourney:2236_443643-R,False,planned,False,,,,,2026-09-07T15:44:36.205822+02:00
NSR:StopPlace:58852,Høn stasjon,2026-09-07T13:13:00+02:00,2026-09-07T13:13:00+02:00,,0.0,0,Spikkestad,VYG:Line:L1,Spikkestad-Oslo S-Lillestrøm,L1,rail,VYG:ServiceJourney:2231_443635-R,False,planned,False,,,,,2026-09-07T15:44:36.205822+02:00
NSR:StopPlace:58852,Høn stasjon,2026-09-07T13:20:00+02:00,2026-09-07T13:20:00+02:00,,0.0,0,Lillestrøm,VYG:Line:L1,Spikkestad-Oslo S-Lillestrøm,L1,rail,VYG:ServiceJourney:2136_443543-R,False,planned,False,,,,,2026-09-07T15:44:36.205822+02:00
NSR:StopPlace:58852,Høn stasjon,2026-09-07T13:29:00+02:00,2026-09-07T13:29:00+02:00,,0.0,0,Asker,VYG:Line:L1,Spikkestad-Oslo S-Lillestrøm,L1,rail,VYG:ServiceJourney:2131_443538-R,False,planned,False,,,,,2026-09-07T15:44:36.205822+02:00
NSR:StopPlace:58852,Høn stasjon,2026-09-07T13:36:00+02:00,2026-09-07T13:36:00+02:00,,0.0,0,Lillestrøm,VYG:Line:L1,Spikkestad-Oslo S-Lillestrøm,L1,rail,VYG:ServiceJourney:2238_443647-R,False,planned,False,Færre vogner,Denne avgangen kjører dessverre med 4 vogner i stedet for 8 vogner. Dette skyldes at vi mangler et togsett.,general,normal,2026-09-07T15:44:36.205822+02:00
NSR:StopPlace:58852,Høn stasjon,2026-09-07T13:43:00+02:00,2026-09-07T13:43:00+02:00,,0.0,0,Spikkestad,VYG:Line:L1,Spikkestad-Oslo S-Lillestrøm,L1,rail,VYG:ServiceJourney:2233_443638-R,False,planned,False,,,,,2026-09-07T15:44:36.205822+02:00
NSR:StopPlace:58852,Høn stasjon,2026-09-07T13:59:00+02:00,2026-09-07T13:59:00+02:00,,0.0,0,Asker,VYG:Line:L1,Spikkestad-Oslo S-Lillestrøm,L1,rail,VYG:ServiceJourney:2133_443540-R,False,planned,False,,,,,2026-09-07T15:44:36.205822+02:00
NSR:StopPlace:58852,Høn stasjon,2026-09-07T14:13:00+02:00,2026-09-07T14:13:00+02:00,,0.0,0,Spikkestad,VYG:Line:L1,Spikkestad-Oslo S-Lillestrøm,L1,rail,VYG:ServiceJourney:2235_443641-R,False,planned,False,,,,,2026-09-07T15:44:36.205822+02:00
NSR:StopPlace:58852,Høn stasjon,2026-09-07T14:29:00+02:00,2026-09-07T14:29:00+02:00,,0.0,0,Asker,VYG:Line:L1,Spikkestad-Oslo S-Lillestrøm,L1,rail,VYG:ServiceJourney:2135_443542-R,False,planned,False,,,,,2026-09-07T15:44:36.205822+02:00
NSR:StopPlace:58853,Kolbotn stasjon,2026-09-07T11:48:00+02:00,2026-09-07T11:48:00+02:00,,0.0,0,Ski,VYG:Line:L2,Stabekk-Oslo S-Ski,L2,rail,VYG:ServiceJourney:2825_444040-R,False,planned,False,,,,,2026-09-07T15:44:36.205822+02:00
NSR:StopPlace:58853,Kolbotn stasjon,2026-09-07T11:49:00+02:00,2026-09-07T11:49:00+02:00,,0.0,0,Kolbotn torg,RUT:Line:580,Kolbotn - Ski,580,bus,RUT:ServiceJourney:adc4ff3a5224fcc242a551063c0da6c0,False,planned,False,,,,,2026-09-07T15:44:36.205822+02:00
NSR:StopPlace:58853,Kolbotn stasjon,2026-09-07T11:49:00+02:00,2026-09-07T11:49:00+02:00,,0.0,0,Bjørvika,RUT:Line:83,Jernbanetorget - Tårnåsen,83,bus,RUT:ServiceJourney:f903aebbd5ddf57c6f002d0233ac6bf9,False,planned,False,Linje 80E og 83 får Hausmanns bru som ny endeholdeplass fra 29. juni,"Bussene stopper ikke på Jernbanetorget etter 29. juni, men starter og stopper på Hausmanns bru i Nylandsveien.",incident,normal,2026-09-07T15:44:36.205822+02:00
NSR:StopPlace:58853,Kolbotn stasjon,2026-09-07T11:50:00+02:00,2026-09-07T11:50:00+02:00,,0.0,0,Kolbotn,RUT:Line:87,Hauketo stasjon - Kolbotn,87,bus,RUT:ServiceJourney:650b7238546ccf3f9f20795989bb65be,False,planned,False,,,,,2026-09-07T15:44:36.205822+02:00
NSR:StopPlace:58853,Kolbotn stasjon,2026-09-07T11:55:00+02:00,2026-09-07T11:55:00+02:00,,0.0,0,Stabekk,VYG:Line:L2,Stabekk-Oslo S-Ski,L2,rail,VYG:ServiceJourney:2732-SKI_443940-R,False,planned,False,,,,,2026-09-07T15:44:36.205822+02:00
NSR:StopPlace:58853,Kolbotn stasjon,2026-09-07T12:03:00+02:00,2026-09-07T12:03:00+02:00,,0.0,0,Ski,VYG:Line:L2,Stabekk-Oslo S-Ski,L2,rail,VYG:ServiceJourney:2727-HVK_443934-R,False,planned,False,,,,,2026-09-07T15:44:36.205822+02:00
NSR:StopPlace:58853,Kolbotn stasjon,2026-09-07T12:07:00+02:00,2026-09-07T12:07:00+02:00,,0.0,0,Tårnåsen,RUT:Line:83,Jernbanetorget - Tårnåsen,83,bus,RUT:ServiceJourney:a48ae8ffd54126f715d6e4e5ee6999b5,False,planned,False,Linje 80E og 83 får Hausmanns bru som ny endeholdeplass fra 29. juni,"Bussene stopper ikke på Jernbanetorget etter 29. juni, men starter og stopper på Hausmanns bru i Nylandsveien.",incident,normal,2026-09-07T15:44:36.205822+02:00
NSR:StopPlace:58853,Kolbotn stasjon,2026-09-07T12:10:00+02:00,2026-09-07T12:10:00+02:00,,0.0,0,Skøyen,VYG:Line:L2,Stabekk-Oslo S-Ski,L2,rail,VYG:ServiceJourney:2832-SKI_488375-R,False,planned,False,,,,,2026-09-07T15:44:36.205822+02:00
NSR:StopPlace:58853,Kolbotn stasjon,2026-09-07T12:11:00+02:00,2026-09-07T12:11:00+02:00,,0.0,0,Hauketo stasjon,RUT:Line:87,Hauketo stasjon - Kolbotn,87,bus,RUT:ServiceJourney:80a1381aa099379e081cca214b06601c,False,planned,False,,,,,2026-09-07T15:44:36.205822+02:00
NSR:StopPlace:58853,Kolbotn stasjon,2026-09-07T12:13:00+02:00,2026-09-07T12:13:00+02:00,,0.0,0,Ski stasjon,RUT:Line:580,Kolbotn - Ski,580,bus,RUT:ServiceJourney:62261e7d6df7948dce059876a7964e3a,False,planned,False,,,,,2026-09-07T15:44:36.205822+02:00
NSR:StopPlace:58853,Kolbotn stasjon,2026-09-07T12:18:00+02:00,2026-09-07T12:18:00+02:00,,0.0,0,Ski,VYG:Line:L2,Stabekk-Oslo S-Ski,L2,rail,VYG:ServiceJourney:2827-BES_488369-R,False,planned,False,,,,,2026-09-07T15:44:36.205822+02:00
NSR:StopPlace:58853,Kolbotn stasjon,2026-09-07T12:19:00+02:00,2026-09-07T12:19:00+02:00,,0.0,0,Kolbotn torg,RUT:Line:580,Kolbotn - Ski,580,bus,RUT:ServiceJourney:3dc414e96b2f46c379e4d25f97b57696,False,planned,False,,,,,2026-09-07T15:44:36.205822+02:00
NSR:StopPlace:58853,Kolbotn stasjon,2026-09-07T12:19:00+02:00,2026-09-07T12:19:00+02:00,,0.0,0,Bjørvika,RUT:Line:83,Jernbanetorget - Tårnåsen,83,bus,RUT:ServiceJourney:15eabc0816e7c4cce03cc1336e6a517a,False,planned,False,Linje 80E og 83 får Hausmanns bru som ny endeholdeplass fra 29. juni,"Bussene stopper ikke på Jernbanetorget etter 29. juni, men starter og stopper på Hausmanns bru i Nylandsveien.",incident,normal,2026-09-07T15:44:36.205822+02:00
NSR:StopPlace:58853,Kolbotn stasjon,2026-09-07T12:20:00+02:00,2026-09-07T12:20:00+02:00,,0.0,0,Kolbotn,RUT:Line:87,Hauketo stasjon - Kolbotn,87,bus,RUT:ServiceJourney:e60c31857164f1da9a9cc6799b01cabd,False,planned,False,,,,,2026-09-07T15:44:36.205822+02:00
NSR:StopPlace:58853,Kolbotn stasjon,2026-09-07T12:25:00+02:00,2026-09-07T12:25:00+02:00,,0.0,0,Stabekk,VYG:Line:L2,Stabekk-Oslo S-Ski,L2,rail,VYG:ServiceJourney:2734-SKI_443942-R,False,planned,False,,,,,2026-09-07T15:44:36.205822+02:00
NSR:StopPlace:58853,Kolbotn stasjon,2026-09-07T12:32:00+02:00,2026-09-07T12:32:00+02:00,,0.0,0,Svartskog,RUT:Line:585,Kolbotn - Svartskog,585,bus,RUT:ServiceJourney:cb3d90251bd51c787809ba1a7262179c,False,planned,False,,,,,2026-09-07T15:44:36.205822+02:00
NSR:StopPlace:58853,Kolbotn stasjon,2026-09-07T12:33:00+02:00,2026-09-07T12:33:00+02:00,,0.0,0,Ski,VYG:Line:L2,Stabekk-Oslo S-Ski,L2,rail,VYG:ServiceJourney:2729-HVK_443936-R,False,planned,False,,,,,2026-09-07T15:44:36.205822+02:00
NSR:StopPlace:58853,Kolbotn stasjon,2026-09-07T12:37:00+02:00,2026-09-07T12:37:00+02:00,,0.0,0,Tårnåsen,RUT:Line:83,Jernbanetorget - Tårnåsen,83,bus,RUT:ServiceJourney:ee419f9ba4077d0198997a18475e346a,False,planned,False,Linje 80E og 83 får Hausmanns bru som ny endeholdeplass fra 29. juni,"Bussene stopper ikke på Jernbanetorget etter 29. juni, men starter og stopper på Hausmanns bru i Nylandsveien.",incident,normal,2026-09-07T15:44:36.205822+02:00
NSR:StopPlace:58853,Kolbotn stasjon,2026-09-07T12:40:00+02:00,2026-09-07T12:40:00+02:00,,0.0,0,Oslo S,VYG:Line:L2,Stabekk-Oslo S-Ski,L2,rail,VYG:ServiceJourney:2834_444058-R,False,planned,False,,,,,2026-09-07T15:44:36.205822+02:00
NSR:StopPlace:58853,Kolbotn stasjon,2026-09-07T12:41:00+02:00,2026-09-07T12:41:00+02:00,,0.0,0,Hauketo stasjon,RUT:Line:87,Hauketo stasjon - Kolbotn,87,bus,RUT:ServiceJourney:be5392d19b9e1cc31ae2deadbceeba12,False,planned,False,,,,,2026-09-07T15:44:36.205822+02:00
NSR:StopPlace:58853,Kolbotn stasjon,2026-09-07T12:43:00+02:00,2026-09-07T12:43:00+02:00,,0.0,0,Ski stasjon,RUT:Line:580,Kolbotn - Ski,580,bus,RUT:ServiceJourney:fc2c9ac8be065f98da3a34daf33dc90e,False,planned,False,,,,,2026-09-07T15:44:36.205822+02:00
NSR:StopPlace:58853,Kolbotn stasjon,2026-09-07T12:48:00+02:00,2026-09-07T12:48:00+02:00,,0.0,0,Ski,VYG:Line:L2,Stabekk-Oslo S-Ski,L2,rail,VYG:ServiceJourney:2829_444047-R,False,planned,False,,,,,2026-09-07T15:44:36.205822+02:00
NSR:StopPlace:58853,Kolbotn stasjon,2026-09-07T12:49:00+02:00,2026-09-07T12:49:00+02:00,,0.0,0,Kolbotn torg,RUT:Line:580,Kolbotn - Ski,580,bus,RUT:ServiceJourney:45548e4f95f77a52f40a7416dd9098c7,False,planned,False,,,,,2026-09-07T15:44:36.205822+02:00
NSR:StopPlace:58853,Kolbotn stasjon,2026-09-07T12:49:00+02:00,2026-09-07T12:49:00+02:00,,0.0,0,Bjørvika,RUT:Line:83,Jernbanetorget - Tårnåsen,83,bus,RUT:ServiceJourney:8fbdb32e9bbc905fa73fd9c832398e2e,False,planned,False,Linje 80E og 83 får Hausmanns bru som ny endeholdeplass fra 29. juni,"Bussene stopper ikke på Jernbanetorget etter 29. juni, men starter og stopper på Hausmanns bru i Nylandsveien.",incident,normal,2026-09-07T15:44:36.205822+02:00
NSR:StopPlace:58853,Kolbotn stasjon,2026-09-07T12:50:00+02:00,2026-09-07T12:50:00+02:00,,0.0,0,Kolbotn,RUT:Line:87,Hauketo stasjon - Kolbotn,87,bus,RUT:ServiceJourney:d531411a014016659ec47ab94ba16898,False,planned,False,,,,,2026-09-07T15:44:36.205822+02:00
NSR:StopPlace:58853,Kolbotn stasjon,2026-09-07T12:55:00+02:00,2026-09-07T12:55:00+02:00,,0.0,0,Stabekk,VYG:Line:L2,Stabekk-Oslo S-Ski,L2,rail,VYG:ServiceJourney:2736-SKI_443944-R,False,planned,False,,,,,2026-09-07T15:44:36.205822+02:00
NSR:StopPlace:58853,Kolbotn stasjon,2026-09-07T13:03:00+02:00,2026-09-07T13:03:00+02:00,,0.0,0,Ski,VYG:Line:L2,Stabekk-Oslo S-Ski,L2,rail,VYG:ServiceJourney:2731-HVK_443939-R,False,planned,False,,,,,2026-09-07T15:44:36.205822+02:00
NSR:StopPlace:58853,Kolbotn stasjon,2026-09-07T13:07:00+02:00,2026-09-07T13:07:00+02:00,,0.0,0,Tårnåsen,RUT:Line:83,Jernbanetorget - Tårnåsen,83,bus,RUT:ServiceJourney:6f8a18681610e1954b2cb53375fe762b,False,planned,False,Linje 80E og 83 får Hausmanns bru som ny endeholdeplass fra 29. juni,"Bussene stopper ikke på Jernbanetorget etter 29. juni, men starter og stopper på Hausmanns bru i Nylandsveien.",incident,normal,2026-09-07T15:44:36.205822+02:00
NSR:StopPlace:58853,Kolbotn stasjon,2026-09-07T13:10:00+02:00,2026-09-07T13:10:00+02:00,,0.0,0,Skøyen,VYG:Line:L2,Stabekk-Oslo S-Ski,L2,rail,VYG:ServiceJourney:2836-SKI_488379-R,False,planned,False,,,,,2026-09-07T15:44:36.205822+02:00
NSR:StopPlace:58853,Kolbotn stasjon,2026-09-07T13:11:00+02:00,2026-09-07T13:11:00+02:00,,0.0,0,Kolbotn sentrum,RUT:Line:585,Kolbotn - Svartskog,585,bus,RUT:ServiceJourney:71ac60eb7b5dd668ab22f30bc25b0ca7,False,planned,False,,,,,2026-09-07T15:44:36.205822+02:00
NSR:StopPlace:58853,Kolbotn stasjon,2026-09-07T13:11:00+02:00,2026-09-07T13:11:00+02:00,,0.0,0,Hauketo stasjon,RUT:Line:87,Hauketo stasjon - Kolbotn,87,bus,RUT:ServiceJourney:7e4fe322f1c12d8b1712aadb9d0e277b,False,planned,False,,,,,2026-09-07T15:44:36.205822+02:00
NSR:StopPlace:58853,Kolbotn stasjon,2026-09-07T13:13:00+02:00,2026-09-07T13:13:00+02:00,,0.0,0,Ski stasjon,RUT:Line:580,Kolbotn - Ski,580,bus,RUT:ServiceJourney:6b35e19a79c9ebd213a7c66d633634e8,False,planned,False,,,,,2026-09-07T15:44:36.205822+02:00
NSR:StopPlace:58853,Kolbotn stasjon,2026-09-07T13:18:00+02:00,2026-09-07T13:18:00+02:00,,0.0,0,Ski,VYG:Line:L2,Stabekk-Oslo S-Ski,L2,rail,VYG:ServiceJourney:2831-BES_488373-R,False,planned,False,,,,,2026-09-07T15:44:36.205822+02:00
NSR:StopPlace:58853,Kolbotn stasjon,2026-09-07T13:19:00+02:00,2026-09-07T13:19:00+02:00,,0.0,0,Kolbotn torg,RUT:Line:580,Kolbotn - Ski,580,bus,RUT:ServiceJourney:20109e063c02c6134307306c2137b9f9,False,planned,False,,,,,2026-09-07T15:44:36.205822+02:00
NSR:StopPlace:58853,Kolbotn stasjon,2026-09-07T13:19:00+02:00,2026-09-07T13:19:00+02:00,,0.0,0,Bjørvika,RUT:Line:83,Jernbanetorget - Tårnåsen,83,bus,RUT:ServiceJourney:a367a45fcb3a399cc828c189c3a68d61,False,planned,False,Linje 80E og 83 får Hausmanns bru som ny endeholdeplass fra 29. juni,"Bussene stopper ikke på Jernbanetorget etter 29. juni, men starter og stopper på Hausmanns bru i Nylandsveien.",incident,normal,2026-09-07T15:44:36.205822+02:00
NSR:StopPlace:58853,Kolbotn stasjon,2026-09-07T13:20:00+02:00,2026-09-07T13:20:00+02:00,,0.0,0,Kolbotn,RUT:Line:87,Hauketo stasjon - Kolbotn,87,bus,RUT:ServiceJourney:59be1fb90a576880326064dd8f11a370,False,planned,False,,,,,2026-09-07T15:44:36.205822+02:00
NSR:StopPlace:58853,Kolbotn stasjon,2026-09-07T13:25:00+02:00,2026-09-07T13:25:00+02:00,,0.0,0,Stabekk,VYG:Line:L2,Stabekk-Oslo S-Ski,L2,rail,VYG:ServiceJourney:2738-SKI_443946-R,False,planned,False,,,,,2026-09-07T15:44:36.205822+02:00
NSR:StopPlace:58853,Kolbotn stasjon,2026-09-07T13:33:00+02:00,2026-09-07T13:33:00+02:00,,0.0,0,Ski,VYG:Line:L2,Stabekk-Oslo S-Ski,L2,rail,VYG:ServiceJourney:2733-HVK_443941-R,False,planned,False,,,,,2026-09-07T15:44:36.205822+02:00
NSR:StopPlace:58853,Kolbotn stasjon,2026-09-07T13:37:00+02:00,2026-09-07T13:37:00+02:00,,0.0,0,Tårnåsen,RUT:Line:83,Jernbanetorget - Tårnåsen,83,bus,RUT:ServiceJourney:57529775683cda057f52c6a257aa5924,False,planned,False,Linje 80E og 83 får Hausmanns bru som ny endeholdeplass fra 29. juni,"Bussene stopper ikke på Jernbanetorget etter 29. juni, men starter og stopper på Hausmanns bru i Nylandsveien.",incident,normal,2026-09-07T15:44:36.205822+02:00
NSR:StopPlace:58853,Kolbotn stasjon,2026-09-07T13:40:00+02:00,2026-09-07T13:40:00+02:00,,0.0,0,Oslo S,VYG:Line:L2,Stabekk-Oslo S-Ski,L2,rail,VYG:ServiceJourney:2838_444066-R,False,planned,False,,,,,2026-09-07T15:44:36.205822+02:00
NSR:StopPlace:58853,Kolbotn stasjon,2026-09-07T13:41:00+02:00,2026-09-07T13:41:00+02:00,,0.0,0,Hauketo stasjon,RUT:Line:87,Hauketo stasjon - Kolbotn,87,bus,RUT:ServiceJourney:44afb4f7a46a2b0193b4c9584d24fe7d,False,planned,False,,,,,2026-09-07T15:44:36.205822+02:00
NSR:StopPlace:58853,Kolbotn stasjon,2026-09-07T13:43:00+02:00,2026-09-07T13:43:00+02:00,,0.0,0,Ski stasjon,RUT:Line:580,Kolbotn - Ski,580,bus,RUT:ServiceJourney:fa1030c40b08c0d860bbf8c1e87ea92d,False,planned,False,,,,,2026-09-07T15:44:36.205822+02:00
NSR:StopPlace:58853,Kolbotn stasjon,2026-09-07T13:47:00+02:00,2026-09-07T13:47:00+02:00,,0.0,0,Svartskog,RUT:Line:585,Kolbotn - Svartskog,585,bus,RUT:ServiceJourney:fde788bfa0c345f1802bad689223c7b3,False,planned,False,,,,,2026-09-07T15:44:36.205822+02:00
NSR:StopPlace:58853,Kolbotn stasjon,2026-09-07T13:48:00+02:00,2026-09-07T13:48:00+02:00,,0.0,0,Ski,VYG:Line:L2,Stabekk-Oslo S-Ski,L2,rail,VYG:ServiceJourney:2833_444056-R,False,planned,False,Færre vogner,Denne avgangen kjører dessverre med 3 vogner i stedet for 6 vogner. Dette skyldes at vi mangler et togsett.,general,normal,2026-09-07T15:44:36.205822+02:00
NSR:StopPlace:58853,Kolbotn stasjon,2026-09-07T13:49:00+02:00,2026-09-07T13:49:00+02:00,,0.0,0,Kolbotn torg,RUT:Line:580,Kolbotn - Ski,580,bus,RUT:ServiceJourney:e9d00b62dd2ca0ec3e65a33a86e40740,False,planned,False,,,,,2026-09-07T15:44:36.205822+02:00
NSR:StopPlace:58853,Kolbotn stasjon,2026-09-07T13:49:00+02:00,2026-09-07T13:49:00+02:00,,0.0,0,Bjørvika,RUT:Line:83,Jernbanetorget - Tårnåsen,83,bus,RUT:ServiceJourney:e5fcc026941629a78da533fa3bb2639a,False,planned,False,Linje 80E og 83 får Hausmanns bru som ny endeholdeplass fra 29. juni,"Bussene stopper ikke på Jernbanetorget etter 29. juni, men starter og stopper på Hausmanns bru i Nylandsveien.",incident,normal,2026-09-07T15:44:36.205822+02:00
NSR:StopPlace:58853,Kolbotn stasjon,2026-09-07T13:50:00+02:00,2026-09-07T13:50:00+02:00,,0.0,0,Kolbotn,RUT:Line:87,Hauketo stasjon - Kolbotn,87,bus,RUT:ServiceJourney:d99a5478b66c03505a136d22d407cf26,False,planned,False,,,,,2026-09-07T15:44:36.205822+02:00
NSR:StopPlace:58853,Kolbotn stasjon,2026-09-07T13:55:00+02:00,2026-09-07T13:55:00+02:00,,0.0,0,Stabekk,VYG:Line:L2,Stabekk-Oslo S-Ski,L2,rail,VYG:ServiceJourney:2740-SKI_443950-R,False,planned,False,Færre vogner,Denne avgangen kjører dessverre med 3 vogner i stedet for 6 vogner. Dette skyldes at vi mangler et togsett.,general,normal,2026-09-07T15:44:36.205822+02:00
NSR:StopPlace:58853,Kolbotn stasjon,2026-09-07T14:03:00+02:00,2026-09-07T14:03:00+02:00,,0.0,0,Ski,VYG:Line:L2,Stabekk-Oslo S-Ski,L2,rail,VYG:ServiceJourney:2735-HVK_443943-R,False,planned,False,,,,,2026-09-07T15:44:36.205822+02:00
NSR:StopPlace:58853,Kolbotn stasjon,2026-09-07T14:07:00+02:00,2026-09-07T14:07:00+02:00,,0.0,0,Tårnåsen,RUT:Line:83,Jernbanetorget - Tårnåsen,83,bus,RUT:ServiceJourney:2d07e6a6af228000bb4721b6571d3b1d,False,planned,False,Linje 80E og 83 får Hausmanns bru som ny endeholdeplass fra 29. juni,"Bussene stopper ikke på Jernbanetorget etter 29. juni, men starter og stopper på Hausmanns bru i Nylandsveien.",incident,normal,2026-09-07T15:44:36.205822+02:00
NSR:StopPlace:58854,Langhus stasjon,2026-09-07T11:46:00+02:00,2026-09-07T11:46:00+02:00,,0.0,0,Drøbak - Seiersten,RUT:Line:510,Bøleråsen - Ski - Ås - Drøbak,510,bus,RUT:ServiceJourney:30b1f14d0154e16508f424d21d2581dc,False,planned,False,,,,,2026-09-07T15:44:36.205822+02:00
NSR:StopPlace:58854,Langhus stasjon,2026-09-07T11:46:00+02:00,2026-09-07T11:46:00+02:00,,0.0,0,Ski,VYG:Line:L2,Stabekk-Oslo S-Ski,L2,rail,VYG:ServiceJourney:2725-HVK_443932-R,False,planned,False,,,,,2026-09-07T15:44:36.205822+02:00
NSR:StopPlace:58854,Langhus stasjon,2026-09-07T11:49:00+02:00,2026-09-07T11:49:00+02:00,,0.0,0,Bøleråsen,RUT:Line:510,Bøleråsen - Ski - Ås - Drøbak,510,bus,RUT:ServiceJourney:4111d21ab5097dd104d42e1dec8513ce,False,planned,False,,,,,2026-09-07T15:44:36.205822+02:00
NSR:StopPlace:58854,Langhus stasjon,2026-09-07T11:56:00+02:00,2026-09-07T11:56:00+02:00,,0.0,0,Drøbak - Frogn vgs.,RUT:Line:510,Bøleråsen - Ski - Ås - Drøbak,510,bus,RUT:ServiceJourney:d8514d249641160a82403f1854ab6a29,False,planned,False,,,,,2026-09-07T15:44:36.205822+02:00
NSR:StopPlace:58854,Langhus stasjon,2026-09-07T11:57:00+02:00,2026-09-07T11:57:00+02:00,,0.0,0,Skøyen,VYG:Line:L2,Stabekk-Oslo S-Ski,L2,rail,VYG:ServiceJourney:2832-SKI_488375-R,False,planned,False,,,,,2026-09-07T15:44:36.205822+02:00
NSR:StopPlace:58854,Langhus stasjon,2026-09-07T11:59:00+02:00,2026-09-07T11:59:00+02:00,,0.0,0,Bøleråsen,RUT:Line:510,Bøleråsen - Ski - Ås - Drøbak,510,bus,RUT:ServiceJourney:6aae9357d929c649cc5794c245510538,False,planned,False,,,,,2026-09-07T15:44:36.205822+02:00
NSR:StopPlace:58854,Langhus stasjon,2026-09-07T12:01:00+02:00,2026-09-07T12:01:00+02:00,,0.0,0,Ski,VYG:Line:L2,Stabekk-Oslo S-Ski,L2,rail,VYG:ServiceJourney:2825_444040-R,False,planned,False,,,,,2026-09-07T15:44:36.205822+02:00
NSR:StopPlace:58854,Langhus stasjon,2026-09-07T12:06:00+02:00,2026-09-07T12:06:00+02:00,,0.0,0,Drøbak - Seiersten,RUT:Line:510,Bøleråsen - Ski - Ås - Drøbak,510,bus,RUT:ServiceJourney:f389734a335673e1455a0bd5c547b5b2,False,planned,False,,,,,2026-09-07T15:44:36.205822+02:00
NSR:StopPlace:58854,Langhus stasjon,2026-09-07T12:09:00+02:00,2026-09-07T12:09:00+02:00,,0.0,0,Bøleråsen,RUT:Line:510,Bøleråsen - Ski - Ås - Drøbak,510,bus,RUT:ServiceJourney:a6bdc2e9af705f543870963d992c9766,False,planned,False,,,,,2026-09-07T15:44:36.205822+02:00
NSR:StopPlace:58854,Langhus stasjon,2026-09-07T12:12:00+02:00,2026-09-07T12:12:00+02:00,,0.0,0,Stabekk,VYG:Line:L2,Stabekk-Oslo S-Ski,L2,rail,VYG:ServiceJourney:2734-SKI_443942-R,False,planned,False,,,,,2026-09-07T15:44:36.205822+02:00
NSR:StopPlace:58854,Langhus stasjon,2026-09-07T12:16:00+02:00,2026-09-07T12:16:00+02:00,,0.0,0,Drøbak - Frogn vgs.,RUT:Line:510,Bøleråsen - Ski - Ås - Drøbak,510,bus,RUT:ServiceJourney:7e1ccffbdcb6518c13099e909258a480,False,planned,False,,,,,2026-09-07T15:44:36.205822+02:00
NSR:StopPlace:58854,Langhus stasjon,2026-09-07T12:16:00+02:00,2026-09-07T12:16:00+02:00,,0.0,0,Ski,VYG:Line:L2,Stabekk-Oslo S-Ski,L2,rail,VYG:ServiceJourney:2727-HVK_443934-R,False,planned,False,,,,,2026-09-07T15:44:36.205822+02:00
NSR:StopPlace:58854,Langhus stasjon,2026-09-07T12:19:00+02:00,2026-09-07T12:19:00+02:00,,0.0,0,Bøleråsen,RUT:Line:510,Bøleråsen - Ski - Ås - Drøbak,510,bus,RUT:ServiceJourney:36795f27ee395f6560439d2caf233194,False,planned,False,,,,,2026-09-07T15:44:36.205822+02:00
NSR:StopPlace:58854,Langhus stasjon,2026-09-07T12:26:00+02:00,2026-09-07T12:26:00+02:00,,0.0,0,Drøbak - Seiersten,RUT:Line:510,Bøleråsen - Ski - Ås - Drøbak,510,bus,RUT:ServiceJourney:87d261227e50f4e16b0faef43c6d092d,False,planned,False,,,,,2026-09-07T15:44:36.205822+02:00
NSR:StopPlace:58854,Langhus stasjon,2026-09-07T12:27:00+02:00,2026-09-07T12:27:00+02:00,,0.0,0,Oslo S,VYG:Line:L2,Stabekk-Oslo S-Ski,L2,rail,VYG:ServiceJourney:2834_444058-R,False,planned,False,,,,,2026-09-07T15:44:36.205822+02:00
NSR:StopPlace:58854,Langhus stasjon,2026-09-07T12:29:00+02:00,2026-09-07T12:29:00+02:00,,0.0,0,Bøleråsen,RUT:Line:510,Bøleråsen - Ski - Ås - Drøbak,510,bus,RUT:ServiceJourney:3466491cb5c6d0ceab00a954395e5634,False,planned,False,,,,,2026-09-07T15:44:36.205822+02:00
NSR:StopPlace:58854,Langhus stasjon,2026-09-07T12:31:00+02:00,2026-09-07T12:31:00+02:00,,0.0,0,Ski,VYG:Line:L2,Stabekk-Oslo S-Ski,L2,rail,VYG:ServiceJourney:2827-BES_488369-R,False,planned,False,,,,,2026-09-07T15:44:36.205822+02:00
NSR:StopPlace:58854,Langhus stasjon,2026-09-07T12:32:00+02:00,2026-09-07T12:32:00+02:00,,0.0,0,Siggerud,RUT:Line:516,Siggerud - Ski stasjon,516,bus,RUT:ServiceJourney:28d8c3c4d1e8ec4c3251f103b6996600,False,planned,False,,,,,2026-09-07T15:44:36.205822+02:00
NSR:StopPlace:58854,Langhus stasjon,2026-09-07T12:36:00+02:00,2026-09-07T12:36:00+02:00,,0.0,0,Drøbak - Frogn vgs.,RUT:Line:510,Bøleråsen - Ski - Ås - Drøbak,510,bus,RUT:ServiceJourney:3673814f8cfb9d3aa3540c29ee2f44ee,False,planned,False,,,,,2026-09-07T15:44:36.205822+02:00
NSR:StopPlace:58854,Langhus stasjon,2026-09-07T12:39:00+02:00,2026-09-07T12:39:00+02:00,,0.0,0,Bøleråsen,RUT:Line:510,Bøleråsen - Ski - Ås - Drøbak,510,bus,RUT:ServiceJourney:31509cfdd4218b0421653313b92a1162,False,planned,False,,,,,2026-09-07T15:44:36.205822+02:00
NSR:StopPlace:58854,Langhus stasjon,2026-09-07T12:42:00+02:00,2026-09-07T12:42:00+02:00,,0.0,0,Stabekk,VYG:Line:L2,Stabekk-Oslo S-Ski,L2,rail,VYG:ServiceJourney:2736-SKI_443944-R,False,planned,False,,,,,2026-09-07T15:44:36.205822+02:00
NSR:StopPlace:58854,Langhus stasjon,2026-09-07T12:46:00+02:00,2026-09-07T12:46:00+02:00,,0.0,0,Drøbak - Seiersten,RUT:Line:510,Bøleråsen - Ski - Ås - Drøbak,510,bus,RUT:ServiceJourney:f48719829137295a0d1753b5252efa4f,False,planned,False,,,,,2026-09-07T15:44:36.205822+02:00
NSR:StopPlace:58854,Langhus stasjon,2026-09-07T12:46:00+02:00,2026-09-07T12:46:00+02:00,,0.0,0,Ski,VYG:Line:L2,Stabekk-Oslo S-Ski,L2,rail,VYG:ServiceJourney:2729-HVK_443936-R,False,planned,False,,,,,2026-09-07T15:44:36.205822+02:00
NSR:StopPlace:58854,Langhus stasjon,2026-09-07T12:49:00+02:00,2026-09-07T12:49:00+02:00,,0.0,0,Bøleråsen,RUT:Line:510,Bøleråsen - Ski - Ås - Drøbak,510,bus,RUT:ServiceJourney:d682ee046ea67eb0601e0fd11810f45a,False,planned,False,,,,,2026-09-07T15:44:36.205822+02:00
NSR:StopPlace:58854,Langhus stasjon,2026-09-07T12:56:00+02:00,2026-09-07T12:56:00+02:00,,0.0,0,Drøbak - Frogn vgs.,RUT:Line:510,Bøleråsen - Ski - Ås - Drøbak,510,bus,RUT:ServiceJourney:0e93660102ede9ccc12d730216a367fd,False,planned,False,,,,,2026-09-07T15:44:36.205822+02:00
NSR:StopPlace:58854,Langhus stasjon,2026-09-07T12:57:00+02:00,2026-09-07T12:57:00+02:00,,0.0,0,Skøyen,VYG:Line:L2,Stabekk-Oslo S-Ski,L2,rail,VYG:ServiceJourney:2836-SKI_488379-R,False,planned,False,,,,,2026-09-07T15:44:36.205822+02:00
NSR:StopPlace:58854,Langhus stasjon,2026-09-07T12:59:00+02:00,2026-09-07T12:59:00+02:00,,0.0,0,Bøleråsen,RUT:Line:510,Bøleråsen - Ski - Ås - Drøbak,510,bus,RUT:ServiceJourney:fce64404b549552a5b2f1f7f55484a4d,False,planned,False,,,,,2026-09-07T15:44:36.205822+02:00
NSR:StopPlace:58854,Langhus stasjon,2026-09-07T13:01:00+02:00,2026-09-07T13:01:00+02:00,,0.0,0,Ski,VYG:Line:L2,Stabekk-Oslo S-Ski,L2,rail,VYG:ServiceJourney:2829_444047-R,False,planned,False,,,,,2026-09-07T15:44:36.205822+02:00
NSR:StopPlace:58854,Langhus stasjon,2026-09-07T13:06:00+02:00,2026-09-07T13:06:00+02:00,,0.0,0,Drøbak - Seiersten,RUT:Line:510,Bøleråsen - Ski - Ås - Drøbak,510,bus,RUT:ServiceJourney:1463b6d119c155d59abab7e2653efeba,False,planned,False,,,,,2026-09-07T15:44:36.205822+02:00
NSR:StopPlace:58854,Langhus stasjon,2026-09-07T13:09:00+02:00,2026-09-07T13:09:00+02:00,,0.0,0,Bøleråsen,RUT:Line:510,Bøleråsen - Ski - Ås - Drøbak,510,bus,RUT:ServiceJourney:b34c691bcd322aef2741656aa7f73df1,False,planned,False,,,,,2026-09-07T15:44:36.205822+02:00
NSR:StopPlace:58854,Langhus stasjon,2026-09-07T13:12:00+02:00,2026-09-07T13:12:00+02:00,,0.0,0,Stabekk,VYG:Line:L2,Stabekk-Oslo S-Ski,L2,rail,VYG:ServiceJourney:2738-SKI_443946-R,False,planned,False,,,,,2026-09-07T15:44:36.205822+02:00
NSR:StopPlace:58854,Langhus stasjon,2026-09-07T13:16:00+02:00,2026-09-07T13:16:00+02:00,,0.0,0,Drøbak - Frogn vgs.,RUT:Line:510,Bøleråsen - Ski - Ås - Drøbak,510,bus,RUT:ServiceJourney:bd9bad745156c36578762a301a57306a,False,planned,False,,,,,2026-09-07T15:44:36.205822+02:00
NSR:StopPlace:58854,Langhus stasjon,2026-09-07T13:16:00+02:00,2026-09-07T13:16:00+02:00,,0.0,0,Ski,VYG:Line:L2,Stabekk-Oslo S-Ski,L2,rail,VYG:ServiceJourney:2731-HVK_443939-R,False,planned,False,,,,,2026-09-07T15:44:36.205822+02:00
NSR:StopPlace:58854,Langhus stasjon,2026-09-07T13:19:00+02:00,2026-09-07T13:19:00+02:00,,0.0,0,Bøleråsen,RUT:Line:510,Bøleråsen - Ski - Ås - Drøbak,510,bus,RUT:ServiceJourney:9227e5100f8a84fa8d3f89b6ddde6d22,False,planned,False,,,,,2026-09-07T15:44:36.205822+02:00
NSR:StopPlace:58854,Langhus stasjon,2026-09-07T13:26:00+02:00,2026-09-07T13:26:00+02:00,,0.0,0,Drøbak - Seiersten,RUT:Line:510,Bøleråsen - Ski - Ås - Drøbak,510,bus,RUT:ServiceJourney:5c141bf72adf30c640c8683118c81003,False,planned,False,,,,,2026-09-07T15:44:36.205822+02:00
NSR:StopPlace:58854,Langhus stasjon,2026-09-07T13:27:00+02:00,2026-09-07T13:27:00+02:00,,0.0,0,Oslo S,VYG:Line:L2,Stabekk-Oslo S-Ski,L2,rail,VYG:ServiceJourney:2838_444066-R,False,planned,False,,,,,2026-09-07T15:44:36.205822+02:00
NSR:StopPlace:58854,Langhus stasjon,2026-09-07T13:29:00+02:00,2026-09-07T13:29:00+02:00,,0.0,0,Bøleråsen,RUT:Line:510,Bøleråsen - Ski - Ås - Drøbak,510,bus,RUT:ServiceJourney:85497860b3d73a72f9f33880e11daa0d,False,planned,False,,,,,2026-09-07T15:44:36.205822+02:00
NSR:StopPlace:58854,Langhus stasjon,2026-09-07T13:31:00+02:00,2026-09-07T13:31:00+02:00,,0.0,0,Ski,VYG:Line:L2,Stabekk-Oslo S-Ski,L2,rail,VYG:ServiceJourney:2831-BES_488373-R,False,planned,False,,,,,2026-09-07T15:44:36.205822+02:00
NSR:StopPlace:58854,Langhus stasjon,2026-09-07T13:32:00+02:00,2026-09-07T13:32:00+02:00,,0.0,0,Siggerud,RUT:Line:516,Siggerud - Ski stasjon,516,bus,RUT:ServiceJourney:531327b23ee13fa321dc83ab7d902364,False,planned,False,,,,,2026-09-07T15:44:36.205822+02:00
NSR:StopPlace:58854,Langhus stasjon,2026-09-07T13:36:00+02:00,2026-09-07T13:36:00+02:00,,0.0,0,Drøbak - Frogn vgs.,RUT:Line:510,Bøleråsen - Ski - Ås - Drøbak,510,bus,RUT:ServiceJourney:51c23e2f9a117bd8af95dee1f8390100,False,planned,False,,,,,2026-09-07T15:44:36.205822+02:00
NSR:StopPlace:58854,Langhus stasjon,2026-09-07T13:39:00+02:00,2026-09-07T13:39:00+02:00,,0.0,0,Bøleråsen,RUT:Line:510,Bøleråsen - Ski - Ås - Drøbak,510,bus,RUT:ServiceJourney:ebdebf00df6070e439d810fb1cc5cb17,False,planned,False,,,,,2026-09-07T15:44:36.205822+02:00
NSR:StopPlace:58854,Langhus stasjon,2026-09-07T13:42:00+02:00,2026-09-07T13:42:00+02:00,,0.0,0,Stabekk,VYG:Line:L2,Stabekk-Oslo S-Ski,L2,rail,VYG:ServiceJourney:2740-SKI_443950-R,False,planned,False,Færre vogner,Denne avgangen kjører dessverre med 3 vogner i stedet for 6 vogner. Dette skyldes at vi mangler et togsett.,general,normal,2026-09-07T15:44:36.205822+02:00
NSR:StopPlace:58854,Langhus stasjon,2026-09-07T13:46:00+02:00,2026-09-07T13:46:00+02:00,,0.0,0,Drøbak - Seiersten,RUT:Line:510,Bøleråsen - Ski - Ås - Drøbak,510,bus,RUT:ServiceJourney:312bcbec1fee4db8698e89807eaae821,False,planned,False,,,,,2026-09-07T15:44:36.205822+02:00
NSR:StopPlace:58854,Langhus stasjon,2026-09-07T13:46:00+02:00,2026-09-07T13:46:00+02:00,,0.0,0,Ski,VYG:Line:L2,Stabekk-Oslo S-Ski,L2,rail,VYG:ServiceJourney:2733-HVK_443941-R,False,planned,False,,,,,2026-09-07T15:44:36.205822+02:00
NSR:StopPlace:58854,Langhus stasjon,2026-09-07T13:49:00+02:00,2026-09-07T13:49:00+02:00,,0.0,0,Bøleråsen,RUT:Line:510,Bøleråsen - Ski - Ås - Drøbak,510,bus,RUT:ServiceJourney:099b67b4f0c055226dfe16f29157f88f,False,planned,False,,,,,2026-09-07T15:44:36.205822+02:00
NSR:StopPlace:58854,Langhus stasjon,2026-09-07T13:56:00+02:00,2026-09-07T13:56:00+02:00,,0.0,0,Drøbak - Frogn vgs.,RUT:Line:510,Bøleråsen - Ski - Ås - Drøbak,510,bus,RUT:ServiceJourney:3ecdf9afa8dc5f31639b84d0314a4db1,False,planned,False,,,,,2026-09-07T15:44:36.205822+02:00
NSR:StopPlace:58854,Langhus stasjon,2026-09-07T13:57:00+02:00,2026-09-07T13:57:00+02:00,,0.0,0,Skøyen,VYG:Line:L2,Stabekk-Oslo S-Ski,L2,rail,VYG:ServiceJourney:2840-SKI_488383-R,False,planned,False,,,,,2026-09-07T15:44:36.205822+02:00
NSR:StopPlace:58854,Langhus stasjon,2026-09-07T13:59:00+02:00,2026-09-07T13:59:00+02:00,,0.0,0,Bøleråsen,RUT:Line:510,Bøleråsen - Ski - Ås - Drøbak,510,bus,RUT:ServiceJourney:5ae7ef08a7bbbf45155bd1c7445472b6,False,planned,False,,,,,2026-09-07T15:44:36.205822+02:00
NSR:StopPlace:58854,Langhus stasjon,2026-09-07T14:01:00+02:00,2026-09-07T14:01:00+02:00,,0.0,0,Ski,VYG:Line:L2,Stabekk-Oslo S-Ski,L2,rail,VYG:ServiceJourney:2833_444056-R,False,planned,False,Færre vogner,Denne avgangen kjører dessverre med 3 vogner i stedet for 6 vogner. Dette skyldes at vi mangler et togsett.,general,normal,2026-09-07T15:44:36.205822+02:00
NSR:StopPlace:58854,Langhus stasjon,2026-09-07T14:02:00+02:00,2026-09-07T14:02:00+02:00,,0.0,0,Siggerud,RUT:Line:516,Siggerud - Ski stasjon,516,bus,RUT:ServiceJourney:651f5df863cb992fefebccb4fd2fea23,False,planned,False,,,,,2026-09-07T15:44:36.205822+02:00
NSR:StopPlace:58855,Leirsund stasjon,2026-09-07T11:55:00+02:00,2026-09-07T11:55:00+02:00,,0.0,0,Drammen,VYG:Line:R13,Drammen-Oslo S-Dal,R13,rail,VYG:ServiceJourney:1628_443272-R,False,planned,False,,,,,2026-09-07T15:44:36.205822+02:00
NSR:StopPlace:58855,Leirsund stasjon,2026-09-07T12:00:00+02:00,2026-09-07T12:00:00+02:00,,0.0,0,Dal,VYG:Line:R13,Drammen-Oslo S-Dal,R13,rail,VYG:ServiceJourney:1627_481148-R,False,planned,False,,,,,2026-09-07T15:44:36.205822+02:00
NSR:StopPlace:58855,Leirsund stasjon,2026-09-07T12:25:00+02:00,2026-09-07T12:25:00+02:00,,0.0,0,Drammen,VYG:Line:R13,Drammen-Oslo S-Dal,R13,rail,VYG:ServiceJourney:1630_443277-R,False,planned,False,,,,,2026-09-07T15:44:36.205822+02:00
NSR:StopPlace:58855,Leirsund stasjon,2026-09-07T12:30:00+02:00,2026-09-07T12:30:00+02:00,,0.0,0,Dal,VYG:Line:R13,Drammen-Oslo S-Dal,R13,rail,VYG:ServiceJourney:1629_481150-R,False,planned,False,,,,,2026-09-07T15:44:36.205822+02:00
NSR:StopPlace:58855,Leirsund stasjon,2026-09-07T12:55:00+02:00,2026-09-07T12:55:00+02:00,,0.0,0,Drammen,VYG:Line:R13,Drammen-Oslo S-Dal,R13,rail,VYG:ServiceJourney:1632_443281-R,False,planned,False,,,,,2026-09-07T15:44:36.205822+02:00
NSR:StopPlace:58855,Leirsund stasjon,2026-09-07T13:03:00+02:00,2026-09-07T13:03:00+02:00,,0.0,0,Dal,VYG:Line:R13,Drammen-Oslo S-Dal,R13,rail,VYG:ServiceJourney:1631_443278-R,False,planned,False,,,,,2026-09-07T15:44:36.205822+02:00
NSR:StopPlace:58855,Leirsund stasjon,2026-09-07T13:30:00+02:00,2026-09-07T13:30:00+02:00,,0.0,0,Dal,VYG:Line:R13,Drammen-Oslo S-Dal,R13,rail,VYG:ServiceJourney:1633_443282-R,False,planned,False,Forsinket,Toget kjørte 10 minutter forsinket fra Drammen. Dette skyldes en tidligere stans.,incident,normal,2026-09-07T15:44:36.205822+02:00
NSR:StopPlace:58856,Lysaker stasjon,2026-09-07T11:45:00+02:00,2026-09-07T11:45:00+02:00,,0.0,0,Tjuvholmen,RUT:Line:42,Voksen skog - Tjuvholmen,42,bus,RUT:ServiceJourney:b85394f0201b23e0e9fd891f18c05049,False,planned,False,,,,,2026-09-07T15:44:36.205822+02:00
NSR:StopPlace:58856,Lysaker stasjon,2026-09-07T11:46:00+02:00,2026-09-07T11:46:00+02:00,,0.0,0,Oslo Lufthavn,FLT:Line:FLY1,FLY1,FLY1,rail,FLT:ServiceJourney:1-2614-3745-20260907,False,planned,False,,,,,2026-09-07T15:44:36.205822+02:00
NSR:StopPlace:58856,Lysaker stasjon,2026-09-07T11:47:00+02:00,2026-09-07T11:47:00+02:00,,0.0,0,Gullhaug,RUT:Line:150,Gullhaug - Nationaltheatret,150,bus,RUT:ServiceJourney:c6048c99852c619b14631aac04e8c0d6,False,planned,False,,,,,2026-09-07T15:44:36.205822+02:00
NSR:StopPlace:58856,Lysaker stasjon,2026-09-07T11:47:00+02:00,2026-09-07T11:47:00+02:00,,0.0,0,Stabekk,VYG:Line:R21,Stabekk-Oslo S-Moss,R21,rail,VYG:ServiceJourney:1128-MOS_443004-R,False,planned,False,,,,,2026-09-07T15:44:36.205822+02:00
NSR:StopPlace:58856,Lysaker stasjon,2026-09-07T11:48:00+02:00,2026-09-07T11:48:00+02:00,,0.0,0,Fornebu,RUT:Line:31,Snarøya - Fornebu - Tonsenhagen - Grorud,31,bus,RUT:ServiceJourney:b7f73ba1d896827d6258d40cfc526198,False,planned,False,,,,,2026-09-07T15:44:36.205822+02:00
NSR:StopPlace:58856,Lysaker stasjon,2026-09-07T11:48:00+02:00,2026-09-07T11:48:00+02:00,,0.0,0,Skøyen,RUT:Line:140,Bekkestua - Østerås - Skøyen,140,bus,RUT:ServiceJourney:330433f9a19788df9b716db0c5f2bd6d,False,planned,False,,,,,2026-09-07T15:44:36.205822+02:00
NSR:StopPlace:58856,Lysaker stasjon,2026-09-07T11:49:00+02:00,2026-09-07T11:49:00+02:00,,0.0,0,Grorud T,RUT:Line:31,Snarøya - Fornebu - Tonsenhagen - Grorud,31,bus,RUT:ServiceJourney:0b8855b7dc82bfa615300490080e2d7b,False,planned,False,,,,,2026-09-07T15:44:36.205822+02:00
NSR:StopPlace:58856,Lysaker stasjon,2026-09-07T11:49:00+02:00,2026-09-07T11:49:00+02:00,,0.0,0,Rykkinn,RUT:Line:160,Rykkinn -Nationaltheatret,160,bus,RUT:ServiceJourney:f5993f4dfbc5962104902e2bdbdb3b39,False,planned,False,,,,,2026-09-07T15:44:36.205822+02:00
NSR:StopPlace:58856,Lysaker stasjon,2026-09-07T11:49:00+02:00,2026-09-07T11:49:00+02:00,,0.0,0,Skien,VYG:Line:RE11,Eidsvoll-Oslo S-Skien,RE11,rail,VYG:ServiceJourney:815_444395-R,False,planned,False,,,,,2026-09-07T15:44:36.205822+02:00
NSR:StopPlace:58856,Lysaker stasjon,2026-09-07T11:50:00+02:00,2026-09-07T11:50:00+02:00,,0.0,0,Slemmestad,RUT:Line:250,Sætre - Slemmestad - Nationaltheatret,250,bus,RUT:ServiceJourney:a21c2a85228864eecb6ecd41ccbaada4,False,planned,False,,,,,2026-09-07T15:44:36.205822+02:00
NSR:StopPlace:58856,Lysaker stasjon,2026-09-07T11:51:00+02:00,2026-09-07T11:51:00+02:00,,0.0,0,Kongsvinger,VYG:Line:R14,Asker-Oslo S-Kongsvinger,R14,rail,VYG:ServiceJourney:1015_442921-R,False,planned,False,,,,,2026-09-07T15:44:36.205822+02:00
NSR:StopPlace:58856,Lysaker stasjon,2026-09-07T11:51:00+02:00,2026-09-07T11:51:00+02:00,,0.0,0,Sandvika,RUT:Line:130,Sandvika -Skøyen,130,bus,RUT:ServiceJourney:0cb08cff9709b81299ce3c815a64eda3,False,planned,False,,,,,2026-09-07T15:44:36.205822+02:00
NSR:StopPlace:58856,Lysaker stasjon,2026-09-07T11:51:00+02:00,2026-09-07T11:51:00+02:00,,0.0,0,Spikkestad,VYG:Line:L1,Spikkestad-Oslo S-Lillestrøm,L1,rail,VYG:ServiceJourney:2227_443627-R,False,planned,False,,,,,2026-09-07T15:44:36.205822+02:00
NSR:StopPlace:58856,Lysaker stasjon,2026-09-07T11:53:00+02:00,2026-09-07T11:53:00+02:00,,0.0,0,Nationaltheatret,RUT:Line:160,Rykkinn -Nationaltheatret,160,bus,RUT:ServiceJourney:1ea8976978b590f24ef6555696ceb5b9,False,planned,False,,,,,2026-09-07T15:44:36.205822+02:00
NSR:StopPlace:58856,Lysaker stasjon,2026-09-07T11:56:00+02:00,2026-09-07T11:56:00+02:00,,0.0,0,Snarøya,RUT:Line:31,Snarøya - Fornebu - Tonsenhagen - Grorud,31,bus,RUT:ServiceJourney:a0faf199c6c9876569ccf6fb161e3662,False,planned,False,,,,,2026-09-07T15:44:36.205822+02:00
NSR:StopPlace:58856,Lysaker stasjon,2026-09-07T11:56:00+02:00,2026-09-07T11:56:00+02:00,,0.0,0,Torpekspressen - Torp airport,UNI:Line:UE2,Oslo Bussterminal - Torp Lufhavn,FB25,bus,UNI:ServiceJourney:UE2-169968-47995522,False,planned,False,,,,,2026-09-07T15:44:36.205822+02:00
NSR:StopPlace:58856,Lysaker stasjon,2026-09-07T11:56:00+02:00,2026-09-07T11:56:00+02:00,,0.0,0,Nationaltheatret,RUT:Line:150,Gullhaug - Nationaltheatret,150,bus,RUT:ServiceJourney:f8a37e1dfffdb9e68537d8cd8e010ca3,False,planned,False,,,,,2026-09-07T15:44:36.205822+02:00
NSR:StopPlace:58856,Lysaker stasjon,2026-09-07T11:56:00+02:00,2026-09-07T11:56:00+02:00,,0.0,0,Skøyen,RUT:Line:130,Sandvika -Skøyen,130,bus,RUT:ServiceJourney:4b33e88dd3db18a6de5674be47bc905a,False,planned,False,,,,,2026-09-07T15:44:36.205822+02:00
NSR:StopPlace:58856,Lysaker stasjon,2026-09-07T11:57:00+02:00,2026-09-07T11:57:00+02:00,,0.0,0,Hønefoss,BRA:Line:4_6200,Hønefoss-Oslo,200,bus,BRA:ServiceJourney:6200_260415100163754_1012,False,planned,False,,,,,2026-09-07T15:44:36.205822+02:00
NSR:StopPlace:58856,Lysaker stasjon,2026-09-07T11:57:00+02:00,2026-09-07T11:57:00+02:00,,0.0,0,Tonsenhagen,RUT:Line:31,Snarøya - Fornebu - Tonsenhagen - Grorud,31,bus,RUT:ServiceJourney:ede589a430c92aaa8d237d5345dbd7dc,False,planned,False,,,,,2026-09-07T15:44:36.205822+02:00
NSR:StopPlace:58856,Lysaker stasjon,2026-09-07T11:57:00+02:00,2026-09-07T11:57:00+02:00,,0.0,0,Oslo Lufthavn,FLT:Line:FLY2,FLY2,FLY2,rail,FLT:ServiceJourney:1-2614-3543-20260907,False,planned,False,,,,,2026-09-07T15:44:36.205822+02:00
NSR:StopPlace:58856,Lysaker stasjon,2026-09-07T11:57:00+02:00,2026-09-07T11:57:00+02:00,,0.0,0,Stabekk,VYG:Line:L2,Stabekk-Oslo S-Ski,L2,rail,VYG:ServiceJourney:2730-SKI_443938-R,False,planned,False,,,,,2026-09-07T15:44:36.205822+02:00
NSR:StopPlace:58856,Lysaker stasjon,2026-09-07T11:58:00+02:00,2026-09-07T11:58:00+02:00,,0.0,0,Nationaltheatret,RUT:Line:250,Sætre - Slemmestad - Nationaltheatret,250,bus,RUT:ServiceJourney:b5af023a20333b99256ead5db4e2fc3c,False,planned,False,,,,,2026-09-07T15:44:36.205822+02:00
NSR:StopPlace:58856,Lysaker stasjon,2026-09-07T11:58:00+02:00,2026-09-07T11:58:00+02:00,,0.0,0,Bekkestua via Østerås,RUT:Line:140,Bekkestua - Østerås - Skøyen,140,bus,RUT:ServiceJourney:5d3aa1a016bd72e701539afadfbd68ba,False,planned,False,,,,,2026-09-07T15:44:36.205822+02:00
NSR:StopPlace:58856,Lysaker stasjon,2026-09-07T11:59:00+02:00,2026-09-07T11:59:00+02:00,,0.0,0,Lillestrøm,VYG:Line:L1,Spikkestad-Oslo S-Lillestrøm,L1,rail,VYG:ServiceJourney:2230_443633-R,False,planned,False,,,,,2026-09-07T15:44:36.205822+02:00
NSR:StopPlace:58856,Lysaker stasjon,2026-09-07T11:59:00+02:00,2026-09-07T11:59:00+02:00,,0.0,0,Rykkinn,RUT:Line:160,Rykkinn -Nationaltheatret,160,bus,RUT:ServiceJourney:28aac522087089309bf664fe8b85a897,False,planned,False,,,,,2026-09-07T15:44:36.205822+02:00
NSR:StopPlace:58856,Lysaker stasjon,2026-09-07T11:59:00+02:00,2026-09-07T11:59:00+02:00,,0.0,0,Drammen,VYG:Line:R13,Drammen-Oslo S-Dal,R13,rail,VYG:ServiceJourney:1626_443268-R,False,planned,False,,,,,2026-09-07T15:44:36.205822+02:00
NSR:StopPlace:58856,Lysaker stasjon,2026-09-07T12:00:00+02:00,2026-09-07T12:00:00+02:00,,0.0,0,Tjuvholmen,RUT:Line:42,Voksen skog - Tjuvholmen,42,bus,RUT:ServiceJourney:2061291e7a58ca66bdc7fd45b0e9d296,False,planned,False,,,,,2026-09-07T15:44:36.205822+02:00
NSR:StopPlace:58856,Lysaker stasjon,2026-09-07T12:01:00+02:00,2026-09-07T12:01:00+02:00,,0.0,0,Dal,VYG:Line:R13,Drammen-Oslo S-Dal,R13,rail,VYG:ServiceJourney:1629_481150-R,False,planned,False,,,,,2026-09-07T15:44:36.205822+02:00
NSR:StopPlace:58856,Lysaker stasjon,2026-09-07T12:02:00+02:00,2026-09-07T12:02:00+02:00,,0.0,0,Gullhaug,RUT:Line:150,Gullhaug - Nationaltheatret,150,bus,RUT:ServiceJourney:b20901d37198aa5c5707463383d27635,False,planned,False,,,,,2026-09-07T15:44:36.205822+02:00
NSR:StopPlace:58856,Lysaker stasjon,2026-09-07T12:03:00+02:00,2026-09-07T12:03:00+02:00,,0.0,0,Fornebu,RUT:Line:31,Snarøya - Fornebu - Tonsenhagen - Grorud,31,bus,RUT:ServiceJourney:9659f8a0352461e7e45829b216c967e4,False,planned,False,,,,,2026-09-07T15:44:36.205822+02:00
NSR:StopPlace:58856,Lysaker stasjon,2026-09-07T12:03:00+02:00,2026-09-07T12:03:00+02:00,,0.0,0,Ski,VYG:Line:L2,Stabekk-Oslo S-Ski,L2,rail,VYG:ServiceJourney:2729-HVK_443936-R,False,planned,False,,,,,2026-09-07T15:44:36.205822+02:00
NSR:StopPlace:58856,Lysaker stasjon,2026-09-07T12:03:00+02:00,2026-09-07T12:03:00+02:00,,0.0,0,Skøyen,RUT:Line:140,Bekkestua - Østerås - Skøyen,140,bus,RUT:ServiceJourney:487d3cfd30ffd1c6c8e25b6e71a8e983,False,planned,False,,,,,2026-09-07T15:44:36.205822+02:00
NSR:StopPlace:58856,Lysaker stasjon,2026-09-07T12:03:00+02:00,2026-09-07T12:03:00+02:00,,0.0,0,Nationaltheatret,RUT:Line:160,Rykkinn -Nationaltheatret,160,bus,RUT:ServiceJourney:5b666b0c000307019da294f713d9e5a3,False,planned,False,,,,,2026-09-07T15:44:36.205822+02:00
NSR:StopPlace:58856,Lysaker stasjon,2026-09-07T12:04:00+02:00,2026-09-07T12:04:00+02:00,,0.0,0,Grorud T,RUT:Line:31,Snarøya - Fornebu - Tonsenhagen - Grorud,31,bus,RUT:ServiceJourney:0e4b7edbefb1cb051d780486c7c4f5d1,False,planned,False,,,,,2026-09-07T15:44:36.205822+02:00
NSR:StopPlace:58856,Lysaker stasjon,2026-09-07T12:05:00+02:00,2026-09-07T12:05:00+02:00,,0.0,0,Slemmestad,RUT:Line:250,Sætre - Slemmestad - Nationaltheatret,250,bus,RUT:ServiceJourney:9aa316666cccc9defb4ab8f753a9708d,False,planned,False,,,,,2026-09-07T15:44:36.205822+02:00
NSR:StopPlace:58856,Lysaker stasjon,2026-09-07T12:06:00+02:00,2026-09-07T12:06:00+02:00,,0.0,0,Oslo Lufthavn,FLT:Line:FLY1,FLY1,FLY1,rail,FLT:ServiceJourney:1-2614-3747-20260907,False,planned,False,,,,,2026-09-07T15:44:36.205822+02:00
NSR:StopPlace:58856,Lysaker stasjon,2026-09-07T12:06:00+02:00,2026-09-07T12:06:00+02:00,,0.0,0,Sandvika,RUT:Line:130,Sandvika -Skøyen,130,bus,RUT:ServiceJourney:2e07c5bd8c792bde395486608574cb98,False,planned,False,,,,,2026-09-07T15:44:36.205822+02:00
NSR:StopPlace:58856,Lysaker stasjon,2026-09-07T12:07:00+02:00,2026-09-07T12:07:00+02:00,,0.0,0,Asker,VYG:Line:L1,Spikkestad-Oslo S-Lillestrøm,L1,rail,VYG:ServiceJourney:2127_443533-R,False,planned,False,,,,,2026-09-07T15:44:36.205822+02:00
NSR:StopPlace:58856,Lysaker stasjon,2026-09-07T12:09:00+02:00,2026-09-07T12:09:00+02:00,,0.0,0,Moss,VYG:Line:R21,Stabekk-Oslo S-Moss,R21,rail,VYG:ServiceJourney:1129-HVK_443005-R,False,planned,False,,,,,2026-09-07T15:44:36.205822+02:00
NSR:StopPlace:58856,Lysaker stasjon,2026-09-07T12:09:00+02:00,2026-09-07T12:09:00+02:00,,0.0,0,Rykkinn,RUT:Line:160,Rykkinn -Nationaltheatret,160,bus,RUT:ServiceJourney:63707b8b466743332dfea2b17e8917aa,False,planned,False,,,,,2026-09-07T15:44:36.205822+02:00
NSR:StopPlace:58856,Lysaker stasjon,2026-09-07T12:09:00+02:00,2026-09-07T12:09:00+02:00,,0.0,0,Asker,VYG:Line:R14,Asker-Oslo S-Kongsvinger,R14,rail,VYG:ServiceJourney:1014_442920-R,False,planned,False,,,,,2026-09-07T15:44:36.205822+02:00
NSR:StopPlace:58856,Lysaker stasjon,2026-09-07T12:11:00+02:00,2026-09-07T12:11:00+02:00,,0.0,0,Snarøya,RUT:Line:31,Snarøya - Fornebu - Tonsenhagen - Grorud,31,bus,RUT:ServiceJourney:a1e542ca21f8df63c0bfa68e18ebc1e1,False,planned,False,,,,,2026-09-07T15:44:36.205822+02:00
NSR:StopPlace:58856,Lysaker stasjon,2026-09-07T12:11:00+02:00,2026-09-07T12:11:00+02:00,,0.0,0,Torpekspressen - Torp airport,UNI:Line:UE2,Oslo Bussterminal - Torp Lufhavn,FB25,bus,UNI:ServiceJourney:UE2-169968-47995453,False,planned,False,,,,,2026-09-07T15:44:36.205822+02:00
NSR:StopPlace:58856,Lysaker stasjon,2026-09-07T12:11:00+02:00,2026-09-07T12:11:00+02:00,,0.0,0,Kristiansand,VYX:Line:5,VY190 Ulsteinvik-Bergen-Kristiansand-Oslo,VY190,coach,VYX:ServiceJourney:a5e028e38125d62e6f8d3b6dd317982b1b5ddcae,False,planned,False,Forhåndsbestilling Vy,Billett må kjøpes på nett eller app senest 15 minutter før påstigning for at bussen skal kjøre innom holdeplassen.,general,normal,2026-09-07T15:44:36.205822+02:00
NSR:StopPlace:58856,Lysaker stasjon,2026-09-07T12:11:00+02:00,2026-09-07T12:11:00+02:00,,0.0,0,Nationaltheatret,RUT:Line:150,Gullhaug - Nationaltheatret,150,bus,RUT:ServiceJourney:be0527bb0be527a156a4db484c9198bd,False,planned,False,,,,,2026-09-07T15:44:36.205822+02:00
NSR:StopPlace:58856,Lysaker stasjon,2026-09-07T12:11:00+02:00,2026-09-07T12:11:00+02:00,,0.0,0,Skøyen,RUT:Line:130,Sandvika -Skøyen,130,bus,RUT:ServiceJourney:4d3c27aa86dae3405d3c6e4a88476c57,False,planned,False,,,,,2026-09-07T15:44:36.205822+02:00
NSR:StopPlace:58856,Lysaker stasjon,2026-09-07T12:11:00+02:00,2026-09-07T12:11:00+02:00,,0.0,0,Eidsvoll,VYG:Line:RE11,Eidsvoll-Oslo S-Skien,RE11,rail,VYG:ServiceJourney:814_444394-R,False,planned,False,,,,,2026-09-07T15:44:36.205822+02:00
NSR:StopPlace:58856,Lysaker stasjon,2026-09-07T12:12:00+02:00,2026-09-07T12:12:00+02:00,,0.0,0,Tonsenhagen,RUT:Line:31,Snarøya - Fornebu - Tonsenhagen - Grorud,31,bus,RUT:ServiceJourney:207aedd09285b9b96f15f34ff8d769c0,False,planned,False,,,,,2026-09-07T15:44:36.205822+02:00
NSR:StopPlace:58856,Lysaker stasjon,2026-09-07T12:13:00+02:00,2026-09-07T12:13:00+02:00,,0.0,0,Lillestrøm,VYG:Line:L1,Spikkestad-Oslo S-Lillestrøm,L1,rail,VYG:ServiceJourney:2130_443537-R,False,planned,False,,,,,2026-09-07T15:44:36.205822+02:00
NSR:StopPlace:58857,Lørenskog stasjon,2026-09-07T11:51:00+02:00,2026-09-07T11:51:00+02:00,,0.0,0,Spikkestad,VYG:Line:L1,Spikkestad-Oslo S-Lillestrøm,L1,rail,VYG:ServiceJourney:2229_443630-R,False,planned,False,,,,,2026-09-07T15:44:36.205822+02:00
NSR:StopPlace:58857,Lørenskog stasjon,2026-09-07T11:52:00+02:00,2026-09-07T11:52:00+02:00,,0.0,0,Nesåsen,RUT:Line:120,Nesåsen - Stovner,120,bus,RUT:ServiceJourney:b29ec647e2197f2f86ac7100cc6b5175,False,planned,False,,,,,2026-09-07T15:44:36.205822+02:00
NSR:StopPlace:58857,Lørenskog stasjon,2026-09-07T11:58:00+02:00,2026-09-07T11:58:00+02:00,,0.0,0,Stovner,RUT:Line:120,Nesåsen - Stovner,120,bus,RUT:ServiceJourney:b2aead9774fa09b67aba0992eea513ea,False,planned,False,,,,,2026-09-07T15:44:36.205822+02:00
NSR:StopPlace:58857,Lørenskog stasjon,2026-09-07T11:58:00+02:00,2026-09-07T11:58:00+02:00,,0.0,0,Økern,RUT:Line:67,Økern-Lørenskog sentrum,67,bus,RUT:ServiceJourney:b4f05e4bb34a8c4c81b7d086088ffc47,False,planned,False,,,,,2026-09-07T15:44:36.205822+02:00
NSR:StopPlace:58857,Lørenskog stasjon,2026-09-07T11:59:00+02:00,2026-09-07T11:59:00+02:00,,0.0,0,Lillestrøm,VYG:Line:L1,Spikkestad-Oslo S-Lillestrøm,L1,rail,VYG:ServiceJourney:2228_445323-R,False,planned,False,,,,,2026-09-07T15:44:36.205822+02:00
NSR:StopPlace:58857,Lørenskog stasjon,2026-09-07T12:06:00+02:00,2026-09-07T12:06:00+02:00,,0.0,0,Asker,VYG:Line:L1,Spikkestad-Oslo S-Lillestrøm,L1,rail,VYG:ServiceJourney:2129_443535-R,False,planned,False,,,,,2026-09-07T15:44:36.205822+02:00
NSR:StopPlace:58857,Lørenskog stasjon,2026-09-07T12:06:00+02:00,2026-09-07T12:06:00+02:00,,0.0,0,Lørenskog sentrum,RUT:Line:67,Økern-Lørenskog sentrum,67,bus,RUT:ServiceJourney:089be9f044e9b5c5c438dd500c5c5a85,False,planned,False,,,,,2026-09-07T15:44:36.205822+02:00
NSR:StopPlace:58857,Lørenskog stasjon,2026-09-07T12:07:00+02:00,2026-09-07T12:07:00+02:00,,0.0,0,Nesåsen,RUT:Line:120,Nesåsen - Stovner,120,bus,RUT:ServiceJourney:49b57a1de38d68258f31c2512c43132c,False,planned,False,,,,,2026-09-07T15:44:36.205822+02:00
NSR:StopPlace:58857,Lørenskog stasjon,2026-09-07T12:13:00+02:00,2026-09-07T12:13:00+02:00,,0.0,0,Stovner,RUT:Line:120,Nesåsen - Stovner,120,bus,RUT:ServiceJourney:3d699b0de227f95ff23dbd11048d16f6,False,planned,False,,,,,2026-09-07T15:44:36.205822+02:00
NSR:StopPlace:58857,Lørenskog stasjon,2026-09-07T12:14:00+02:00,2026-09-07T12:14:00+02:00,,0.0,0,Lillestrøm,VYG:Line:L1,Spikkestad-Oslo S-Lillestrøm,L1,rail,VYG:ServiceJourney:2128_443534-R,False,planned,False,,,,,2026-09-07T15:44:36.205822+02:00
NSR:StopPlace:58857,Lørenskog stasjon,2026-09-07T12:21:00+02:00,2026-09-07T12:21:00+02:00,,0.0,0,Spikkestad,VYG:Line:L1,Spikkestad-Oslo S-Lillestrøm,L1,rail,VYG:ServiceJourney:2231_443635-R,False,planned,False,,,,,2026-09-07T15:44:36.205822+02:00
NSR:StopPlace:58857,Lørenskog stasjon,2026-09-07T12:22:00+02:00,2026-09-07T12:22:00+02:00,,0.0,0,Nesåsen,RUT:Line:120,Nesåsen - Stovner,120,bus,RUT:ServiceJourney:c879c5c628c6e6b8fc7517f45413d4e0,False,planned,False,,,,,2026-09-07T15:44:36.205822+02:00
NSR:StopPlace:58857,Lørenskog stasjon,2026-09-07T12:28:00+02:00,2026-09-07T12:28:00+02:00,,0.0,0,Stovner,RUT:Line:120,Nesåsen - Stovner,120,bus,RUT:ServiceJourney:1873b10e9edbf8e1ee16a0410b07b336,False,planned,False,,,,,2026-09-07T15:44:36.205822+02:00
NSR:StopPlace:58857,Lørenskog stasjon,2026-09-07T12:28:00+02:00,2026-09-07T12:28:00+02:00,,0.0,0,Økern,RUT:Line:67,Økern-Lørenskog sentrum,67,bus,RUT:ServiceJourney:b228667c18309554696b38eda66becdd,False,planned,False,,,,,2026-09-07T15:44:36.205822+02:00
NSR:StopPlace:58857,Lørenskog stasjon,2026-09-07T12:29:00+02:00,2026-09-07T12:29:00+02:00,,0.0,0,Lillestrøm,VYG:Line:L1,Spikkestad-Oslo S-Lillestrøm,L1,rail,VYG:ServiceJourney:2230_443633-R,False,planned,False,,,,,2026-09-07T15:44:36.205822+02:00
NSR:StopPlace:58857,Lørenskog stasjon,2026-09-07T12:36:00+02:00,2026-09-07T12:36:00+02:00,,0.0,0,Asker,VYG:Line:L1,Spikkestad-Oslo S-Lillestrøm,L1,rail,VYG:ServiceJourney:2131_443538-R,False,planned,False,,,,,2026-09-07T15:44:36.205822+02:00
NSR:StopPlace:58857,Lørenskog stasjon,2026-09-07T12:36:00+02:00,2026-09-07T12:36:00+02:00,,0.0,0,Lørenskog sentrum,RUT:Line:67,Økern-Lørenskog sentrum,67,bus,RUT:ServiceJourney:83dbcf9c52e85fcb0e16c1bea2b24eb1,False,planned,False,,,,,2026-09-07T15:44:36.205822+02:00
NSR:StopPlace:58857,Lørenskog stasjon,2026-09-07T12:37:00+02:00,2026-09-07T12:37:00+02:00,,0.0,0,Nesåsen,RUT:Line:120,Nesåsen - Stovner,120,bus,RUT:ServiceJourney:71dd7ca612cac244bfa8d2001bec1869,False,planned,False,,,,,2026-09-07T15:44:36.205822+02:00
NSR:StopPlace:58857,Lørenskog stasjon,2026-09-07T12:43:00+02:00,2026-09-07T12:43:00+02:00,,0.0,0,Stovner,RUT:Line:120,Nesåsen - Stovner,120,bus,RUT:ServiceJourney:e6fc195a135ff18cc4c74c7f23567398,False,planned,False,,,,,2026-09-07T15:44:36.205822+02:00
NSR:StopPlace:58857,Lørenskog stasjon,2026-09-07T12:44:00+02:00,2026-09-07T12:44:00+02:00,,0.0,0,Lillestrøm,VYG:Line:L1,Spikkestad-Oslo S-Lillestrøm,L1,rail,VYG:ServiceJourney:2130_443537-R,False,planned,False,,,,,2026-09-07T15:44:36.205822+02:00
NSR:StopPlace:58857,Lørenskog stasjon,2026-09-07T12:51:00+02:00,2026-09-07T12:51:00+02:00,,0.0,0,Spikkestad,VYG:Line:L1,Spikkestad-Oslo S-Lillestrøm,L1,rail,VYG:ServiceJourney:2233_443638-R,False,planned,False,,,,,2026-09-07T15:44:36.205822+02:00
NSR:StopPlace:58857,Lørenskog stasjon,2026-09-07T12:52:00+02:00,2026-09-07T12:52:00+02:00,,0.0,0,Nesåsen,RUT:Line:120,Nesåsen - Stovner,120,bus,RUT:ServiceJourney:cf0c4c961b5586709b9472b890146670,False,planned,False,,,,,2026-09-07T15:44:36.205822+02:00
NSR:StopPlace:58857,Lørenskog stasjon,2026-09-07T12:58:00+02:00,2026-09-07T12:58:00+02:00,,0.0,0,Stovner,RUT:Line:120,Nesåsen - Stovner,120,bus,RUT:ServiceJourney:d94e37005915584dec985c752055e88f,False,planned,False,,,,,2026-09-07T15:44:36.205822+02:00
NSR:StopPlace:58857,Lørenskog stasjon,2026-09-07T12:58:00+02:00,2026-09-07T12:58:00+02:00,,0.0,0,Økern,RUT:Line:67,Økern-Lørenskog sentrum,67,bus,RUT:ServiceJourney:b7a51711f3e2eb8cae06d8e79f182c9b,False,planned,False,,,,,2026-09-07T15:44:36.205822+02:00
NSR:StopPlace:58857,Lørenskog stasjon,2026-09-07T12:59:00+02:00,2026-09-07T12:59:00+02:00,,0.0,0,Lillestrøm,VYG:Line:L1,Spikkestad-Oslo S-Lillestrøm,L1,rail,VYG:ServiceJourney:2232_445328-R,False,planned,False,,,,,2026-09-07T15:44:36.205822+02:00
NSR:StopPlace:58857,Lørenskog stasjon,2026-09-07T13:06:00+02:00,2026-09-07T13:06:00+02:00,,0.0,0,Asker,VYG:Line:L1,Spikkestad-Oslo S-Lillestrøm,L1,rail,VYG:ServiceJourney:2133_443540-R,False,planned,False,,,,,2026-09-07T15:44:36.205822+02:00
NSR:StopPlace:58857,Lørenskog stasjon,2026-09-07T13:06:00+02:00,2026-09-07T13:06:00+02:00,,0.0,0,Lørenskog sentrum,RUT:Line:67,Økern-Lørenskog sentrum,67,bus,RUT:ServiceJourney:dfe2a86cec9e8eccf4cf2bd41b889f9e,False,planned,False,,,,,2026-09-07T15:44:36.205822+02:00
NSR:StopPlace:58857,Lørenskog stasjon,2026-09-07T13:07:00+02:00,2026-09-07T13:07:00+02:00,,0.0,0,Nesåsen,RUT:Line:120,Nesåsen - Stovner,120,bus,RUT:ServiceJourney:54a54f5bedcc004690407ac1751f41d2,False,planned,False,,,,,2026-09-07T15:44:36.205822+02:00
NSR:StopPlace:58857,Lørenskog stasjon,2026-09-07T13:13:00+02:00,2026-09-07T13:13:00+02:00,,0.0,0,Stovner,RUT:Line:120,Nesåsen - Stovner,120,bus,RUT:ServiceJourney:44f1a132ab0d22bf1594a58e551c6a13,False,planned,False,,,,,2026-09-07T15:44:36.205822+02:00
NSR:StopPlace:58857,Lørenskog stasjon,2026-09-07T13:14:00+02:00,2026-09-07T13:14:00+02:00,,0.0,0,Lillestrøm,VYG:Line:L1,Spikkestad-Oslo S-Lillestrøm,L1,rail,VYG:ServiceJourney:2132_443539-R,False,planned,False,Ta neste tog,Ta neste tog.,incident,normal,2026-09-07T15:44:36.205822+02:00
NSR:StopPlace:58857,Lørenskog stasjon,2026-09-07T13:21:00+02:00,2026-09-07T13:21:00+02:00,,0.0,0,Spikkestad,VYG:Line:L1,Spikkestad-Oslo S-Lillestrøm,L1,rail,VYG:ServiceJourney:2235_443641-R,False,planned,False,,,,,2026-09-07T15:44:36.205822+02:00
NSR:StopPlace:58857,Lørenskog stasjon,2026-09-07T13:22:00+02:00,2026-09-07T13:22:00+02:00,,0.0,0,Nesåsen,RUT:Line:120,Nesåsen - Stovner,120,bus,RUT:ServiceJourney:b71b93992c1ba4c543ce4f2190d80627,False,planned,False,,,,,2026-09-07T15:44:36.205822+02:00
NSR:StopPlace:58857,Lørenskog stasjon,2026-09-07T13:28:00+02:00,2026-09-07T13:28:00+02:00,,0.0,0,Stovner,RUT:Line:120,Nesåsen - Stovner,120,bus,RUT:ServiceJourney:0ec27389152e7e08c41107cd101c9e74,False,planned,False,,,,,2026-09-07T15:44:36.205822+02:00
NSR:StopPlace:58857,Lørenskog stasjon,2026-09-07T13:28:00+02:00,2026-09-07T13:28:00+02:00,,0.0,0,Økern,RUT:Line:67,Økern-Lørenskog sentrum,67,bus,RUT:ServiceJourney:bbe9ca1bb654644a984b39c91cceeacf,False,planned,False,,,,,2026-09-07T15:44:36.205822+02:00
NSR:StopPlace:58857,Lørenskog stasjon,2026-09-07T13:29:00+02:00,2026-09-07T13:29:00+02:00,,0.0,0,Lillestrøm,VYG:Line:L1,Spikkestad-Oslo S-Lillestrøm,L1,rail,VYG:ServiceJourney:2234_443640-R,False,planned,False,,,,,2026-09-07T15:44:36.205822+02:00
NSR:StopPlace:58857,Lørenskog stasjon,2026-09-07T13:36:00+02:00,2026-09-07T13:36:00+02:00,,0.0,0,Asker,VYG:Line:L1,Spikkestad-Oslo S-Lillestrøm,L1,rail,VYG:ServiceJourney:2135_443542-R,False,planned,False,,,,,2026-09-07T15:44:36.205822+02:00
NSR:StopPlace:58857,Lørenskog stasjon,2026-09-07T13:36:00+02:00,2026-09-07T13:36:00+02:00,,0.0,0,Lørenskog sentrum,RUT:Line:67,Økern-Lørenskog sentrum,67,bus,RUT:ServiceJourney:dbf8c71761cb40e4a771bfd2bac3e6c6,False,planned,False,,,,,2026-09-07T15:44:36.205822+02:00
NSR:StopPlace:58857,Lørenskog stasjon,2026-09-07T13:37:00+02:00,2026-09-07T13:37:00+02:00,,0.0,0,Nesåsen,RUT:Line:120,Nesåsen - Stovner,120,bus,RUT:ServiceJourney:9b0017b83b915bba53eac2a5b3928b26,False,planned,False,,,,,2026-09-07T15:44:36.205822+02:00
NSR:StopPlace:58857,Lørenskog stasjon,2026-09-07T13:43:00+02:00,2026-09-07T13:43:00+02:00,,0.0,0,Stovner,RUT:Line:120,Nesåsen - Stovner,120,bus,RUT:ServiceJourney:0f7eb9757104e456103eeab225565246,False,planned,False,,,,,2026-09-07T15:44:36.205822+02:00
NSR:StopPlace:58857,Lørenskog stasjon,2026-09-07T13:44:00+02:00,2026-09-07T13:44:00+02:00,,0.0,0,Lillestrøm,VYG:Line:L1,Spikkestad-Oslo S-Lillestrøm,L1,rail,VYG:ServiceJourney:2134_443541-R,False,planned,False,,,,,2026-09-07T15:44:36.205822+02:00
NSR:StopPlace:58857,Lørenskog stasjon,2026-09-07T13:52:00+02:00,2026-09-07T13:52:00+02:00,,0.0,0,Nesåsen,RUT:Line:120,Nesåsen - Stovner,120,bus,RUT:ServiceJourney:748cc38f5cf8ace1f3f22613750b84b2,False,planned,False,,,,,2026-09-07T15:44:36.205822+02:00
NSR:StopPlace:58857,Lørenskog stasjon,2026-09-07T13:58:00+02:00,2026-09-07T13:58:00+02:00,,0.0,0,Stovner,RUT:Line:120,Nesåsen - Stovner,120,bus,RUT:ServiceJourney:c6178be35364b3855f1978cd201ae995,False,planned,False,,,,,2026-09-07T15:44:36.205822+02:00
NSR:StopPlace:58857,Lørenskog stasjon,2026-09-07T13:58:00+02:00,2026-09-07T13:58:00+02:00,,0.0,0,Økern,RUT:Line:67,Økern-Lørenskog sentrum,67,bus,RUT:ServiceJourney:814bf3ff5f5d6a960dcf2dfdec4e2117,False,planned,False,,,,,2026-09-07T15:44:36.205822+02:00
NSR:StopPlace:58857,Lørenskog stasjon,2026-09-07T13:59:00+02:00,2026-09-07T13:59:00+02:00,,0.0,0,Lillestrøm,VYG:Line:L1,Spikkestad-Oslo S-Lillestrøm,L1,rail,VYG:ServiceJourney:2236_443643-R,False,planned,False,,,,,2026-09-07T15:44:36.205822+02:00
NSR:StopPlace:58857,Lørenskog stasjon,2026-09-07T14:06:00+02:00,2026-09-07T14:06:00+02:00,,0.0,0,Lørenskog sentrum,RUT:Line:67,Økern-Lørenskog sentrum,67,bus,RUT:ServiceJourney:0eb7c6b0b9e91809e769cef54d71fe62,False,planned,False,,,,,2026-09-07T15:44:36.205822+02:00
NSR:StopPlace:58857,Lørenskog stasjon,2026-09-07T14:07:00+02:00,2026-09-07T14:07:00+02:00,,0.0,0,Nesåsen,RUT:Line:120,Nesåsen - Stovner,120,bus,RUT:ServiceJourney:44695881abd6da892ad5840bf130ece8,False,planned,False,,,,,2026-09-07T15:44:36.205822+02:00
NSR:StopPlace:58857,Lørenskog stasjon,2026-09-07T14:13:00+02:00,2026-09-07T14:13:00+02:00,,0.0,0,Stovner,RUT:Line:120,Nesåsen - Stovner,120,bus,RUT:ServiceJourney:0da6f8c6445891e96963aa116ff2a2ec,False,planned,False,,,,,2026-09-07T15:44:36.205822+02:00
NSR:StopPlace:58857,Lørenskog stasjon,2026-09-07T14:14:00+02:00,2026-09-07T14:14:00+02:00,,0.0,0,Lillestrøm,VYG:Line:L1,Spikkestad-Oslo S-Lillestrøm,L1,rail,VYG:ServiceJourney:2136_443543-R,False,planned,False,,,,,2026-09-07T15:44:36.205822+02:00
NSR:StopPlace:58858,Nittedal stasjon,2026-09-07T11:50:00+02:00,2026-09-07T11:50:00+02:00,,0.0,0,Lørenskog sentrum,RUT:Line:385,Nittedal stasjon - Olavsgaard - Ahus,385,bus,RUT:ServiceJourney:a8092543ba01263d18d9a88313f85b6b,False,planned,False,,,,,2026-09-07T15:44:36.205822+02:00
NSR:StopPlace:58858,Nittedal stasjon,2026-09-07T12:04:00+02:00,2026-09-07T12:04:00+02:00,,0.0,0,Roa,VYG:Line:RE30,Oslo S-Gjøvik,RE30,rail,VYG:ServiceJourney:BUS-1215_655027-R,False,planned,False,,,,,2026-09-07T15:44:36.205822+02:00
NSR:StopPlace:58858,Nittedal stasjon,2026-09-07T12:06:00+02:00,2026-09-07T12:06:00+02:00,,0.0,0,Oslo S,VYG:Line:RE30,Oslo S-Gjøvik,RE30,rail,VYG:ServiceJourney:BUS-1214_655025-R,False,planned,False,,,,,2026-09-07T15:44:36.205822+02:00
NSR:StopPlace:58858,Nittedal stasjon,2026-09-07T12:11:00+02:00,2026-09-07T12:11:00+02:00,,0.0,0,Dam,RUT:Line:386,Nittedal stasjon - Kruttverket - Dam,386,bus,RUT:ServiceJourney:ed8d9d00cf75325d5ec39ebcc05d7bb0,False,planned,False,,,,,2026-09-07T15:44:36.205822+02:00
NSR:StopPlace:58858,Nittedal stasjon,2026-09-07T12:13:00+02:00,2026-09-07T12:13:00+02:00,,0.0,0,Roa,VYG:Line:RE30,Oslo S-Gjøvik,RE30,rail,VYG:ServiceJourney:BUS-1215_655028-R,False,planned,False,,,,,2026-09-07T15:44:36.205822+02:00
NSR:StopPlace:58858,Nittedal stasjon,2026-09-07T12:14:00+02:00,2026-09-07T12:14:00+02:00,,0.0,0,Hakadal,VYG:Line:R31,Skøyen-Jaren-Gjøvik,R31,rail,VYG:ServiceJourney:BUS-283_655627-R,False,planned,False,,,,,2026-09-07T15:44:36.205822+02:00
NSR:StopPlace:58858,Nittedal stasjon,2026-09-07T12:19:00+02:00,2026-09-07T12:19:00+02:00,,0.0,0,Oslo S,VYG:Line:RE30,Oslo S-Gjøvik,RE30,rail,VYG:ServiceJourney:BUS-1214_655024-R,False,planned,False,,,,,2026-09-07T15:44:36.205822+02:00
NSR:StopPlace:58858,Nittedal stasjon,2026-09-07T12:19:00+02:00,2026-09-07T12:19:00+02:00,,0.0,0,Oslo S,VYG:Line:R31,Skøyen-Jaren-Gjøvik,R31,rail,VYG:ServiceJourney:BUS-280_655619-R,False,planned,False,,,,,2026-09-07T15:44:36.205822+02:00
NSR:StopPlace:58858,Nittedal stasjon,2026-09-07T12:20:00+02:00,2026-09-07T12:20:00+02:00,,0.0,0,Lørenskog sentrum,RUT:Line:385,Nittedal stasjon - Olavsgaard - Ahus,385,bus,RUT:ServiceJourney:da3bd087ebcc56fe32571beade0a2821,False,planned,False,,,,,2026-09-07T15:44:36.205822+02:00
NSR:StopPlace:58858,Nittedal stasjon,2026-09-07T12:24:00+02:00,2026-09-07T12:24:00+02:00,,0.0,0,Oslo S,VYG:Line:R31,Skøyen-Jaren-Gjøvik,R31,rail,VYG:ServiceJourney:BUS-280_655618-R,False,planned,False,,,,,2026-09-07T15:44:36.205822+02:00
NSR:StopPlace:58858,Nittedal stasjon,2026-09-07T12:32:00+02:00,2026-09-07T12:32:00+02:00,,0.0,0,Oslo S,VYG:Line:RE30,Oslo S-Gjøvik,RE30,rail,VYG:ServiceJourney:BUS-1214_655021-R,False,planned,False,,,,,2026-09-07T15:44:36.205822+02:00
NSR:StopPlace:58858,Nittedal stasjon,2026-09-07T12:41:00+02:00,2026-09-07T12:41:00+02:00,,0.0,0,Dam,RUT:Line:386,Nittedal stasjon - Kruttverket - Dam,386,bus,RUT:ServiceJourney:3b817c9666f3654e942c53c33fd448b6,False,planned,False,,,,,2026-09-07T15:44:36.205822+02:00
NSR:StopPlace:58858,Nittedal stasjon,2026-09-07T12:50:00+02:00,2026-09-07T12:50:00+02:00,,0.0,0,Lørenskog sentrum,RUT:Line:385,Nittedal stasjon - Olavsgaard - Ahus,385,bus,RUT:ServiceJourney:ae674aaee0221fc6cc27fa73394eae49,False,planned,False,,,,,2026-09-07T15:44:36.205822+02:00
NSR:StopPlace:58858,Nittedal stasjon,2026-09-07T13:04:00+02:00,2026-09-07T13:04:00+02:00,,0.0,0,Roa,VYG:Line:RE30,Oslo S-Gjøvik,RE30,rail,VYG:ServiceJourney:BUS-1217_655036-R,False,planned,False,,,,,2026-09-07T15:44:36.205822+02:00
NSR:StopPlace:58858,Nittedal stasjon,2026-09-07T13:06:00+02:00,2026-09-07T13:06:00+02:00,,0.0,0,Oslo S,VYG:Line:RE30,Oslo S-Gjøvik,RE30,rail,VYG:ServiceJourney:BUS-1216_655033-R,False,planned,False,,,,,2026-09-07T15:44:36.205822+02:00
NSR:StopPlace:58858,Nittedal stasjon,2026-09-07T13:11:00+02:00,2026-09-07T13:11:00+02:00,,0.0,0,Dam,RUT:Line:386,Nittedal stasjon - Kruttverket - Dam,386,bus,RUT:ServiceJourney:f9624c6ecf9aaa181b9d00cbbbdce9e9,False,planned,False,,,,,2026-09-07T15:44:36.205822+02:00
NSR:StopPlace:58858,Nittedal stasjon,2026-09-07T13:13:00+02:00,2026-09-07T13:13:00+02:00,,0.0,0,Roa,VYG:Line:RE30,Oslo S-Gjøvik,RE30,rail,VYG:ServiceJourney:BUS-1217_655037-R,False,planned,False,,,,,2026-09-07T15:44:36.205822+02:00
NSR:StopPlace:58858,Nittedal stasjon,2026-09-07T13:14:00+02:00,2026-09-07T13:14:00+02:00,,0.0,0,Hakadal,VYG:Line:R31,Skøyen-Jaren-Gjøvik,R31,rail,VYG:ServiceJourney:BUS-285_655633-R,False,planned,False,,,,,2026-09-07T15:44:36.205822+02:00
NSR:StopPlace:58858,Nittedal stasjon,2026-09-07T13:19:00+02:00,2026-09-07T13:19:00+02:00,,0.0,0,Oslo S,VYG:Line:RE30,Oslo S-Gjøvik,RE30,rail,VYG:ServiceJourney:BUS-1216_655032-R,False,planned,False,,,,,2026-09-07T15:44:36.205822+02:00
NSR:StopPlace:58858,Nittedal stasjon,2026-09-07T13:19:00+02:00,2026-09-07T13:19:00+02:00,,0.0,0,Oslo S,VYG:Line:R31,Skøyen-Jaren-Gjøvik,R31,rail,VYG:ServiceJourney:BUS-282_655625-R,False,planned,False,,,,,2026-09-07T15:44:36.205822+02:00
NSR:StopPlace:58858,Nittedal stasjon,2026-09-07T13:20:00+02:00,2026-09-07T13:20:00+02:00,,0.0,0,Lørenskog sentrum,RUT:Line:385,Nittedal stasjon - Olavsgaard - Ahus,385,bus,RUT:ServiceJourney:f6edbed47b46aba05858ee6fda73d3e3,False,planned,False,,,,,2026-09-07T15:44:36.205822+02:00
NSR:StopPlace:58858,Nittedal stasjon,2026-09-07T13:24:00+02:00,2026-09-07T13:24:00+02:00,,0.0,0,Oslo S,VYG:Line:R31,Skøyen-Jaren-Gjøvik,R31,rail,VYG:ServiceJourney:BUS-282_655624-R,False,planned,False,,,,,2026-09-07T15:44:36.205822+02:00
NSR:StopPlace:58858,Nittedal stasjon,2026-09-07T13:32:00+02:00,2026-09-07T13:32:00+02:00,,0.0,0,Oslo S,VYG:Line:RE30,Oslo S-Gjøvik,RE30,rail,VYG:ServiceJourney:BUS-1216_655029-R,False,planned,False,,,,,2026-09-07T15:44:36.205822+02:00
NSR:StopPlace:58858,Nittedal stasjon,2026-09-07T13:41:00+02:00,2026-09-07T13:41:00+02:00,,0.0,0,Dam,RUT:Line:386,Nittedal stasjon - Kruttverket - Dam,386,bus,RUT:ServiceJourney:0e9f3ac233e6338b95c5fc3e04d9f271,False,planned,False,,,,,2026-09-07T15:44:36.205822+02:00
NSR:StopPlace:58858,Nittedal stasjon,2026-09-07T14:11:00+02:00,2026-09-07T14:11:00+02:00,,0.0,0,Dam,RUT:Line:386,Nittedal stasjon - Kruttverket - Dam,386,bus,RUT:ServiceJourney:bfec74d7b7ade17bfb629b61c45d709a,False,planned,False,,,,,2026-09-07T15:44:36.205822+02:00
NSR:StopPlace:58858,Nittedal stasjon,2026-09-07T14:32:00+02:00,2026-09-07T14:32:00+02:00,,0.0,0,Oslo S,VYG:Line:RE30,Oslo S-Gjøvik,RE30,rail,VYG:ServiceJourney:BUS-1218_655038-R,False,planned,False,,,,,2026-09-07T15:44:36.205822+02:00
NSR:StopPlace:58858,Nittedal stasjon,2026-09-07T15:04:00+02:00,2026-09-07T15:04:00+02:00,,0.0,0,Roa,VYG:Line:RE30,Oslo S-Gjøvik,RE30,rail,VYG:ServiceJourney:BUS-1221_655056-R,False,planned,False,,,,,2026-09-07T15:44:36.205822+02:00
NSR:StopPlace:58858,Nittedal stasjon,2026-09-07T15:06:00+02:00,2026-09-07T15:06:00+02:00,,0.0,0,Oslo S,VYG:Line:RE30,Oslo S-Gjøvik,RE30,rail,VYG:ServiceJourney:BUS-1220_655052-R,False,planned,False,,,,,2026-09-07T15:44:36.205822+02:00
NSR:StopPlace:58858,Nittedal stasjon,2026-09-07T15:13:00+02:00,2026-09-07T15:13:00+02:00,,0.0,0,Roa,VYG:Line:RE30,Oslo S-Gjøvik,RE30,rail,VYG:ServiceJourney:BUS-1221_655057-R,False,planned,False,,,,,2026-09-07T15:44:36.205822+02:00
NSR:StopPlace:58858,Nittedal stasjon,2026-09-07T15:19:00+02:00,2026-09-07T15:19:00+02:00,,0.0,0,Oslo S,VYG:Line:RE30,Oslo S-Gjøvik,RE30,rail,VYG:ServiceJourney:BUS-1220_655051-R,False,planned,False,,,,,2026-09-07T15:44:36.205822+02:00
NSR:StopPlace:58858,Nittedal stasjon,2026-09-07T15:32:00+02:00,2026-09-07T15:32:00+02:00,,0.0,0,Oslo S,VYG:Line:RE30,Oslo S-Gjøvik,RE30,rail,VYG:ServiceJourney:BUS-1220_655049-R,False,planned,False,,,,,2026-09-07T15:44:36.205822+02:00
NSR:StopPlace:58859,Nordby stasjon,2026-09-07T11:53:00+02:00,2026-09-07T11:53:00+02:00,,0.0,0,Dal,VYG:Line:R13,Drammen-Oslo S-Dal,R13,rail,VYG:ServiceJourney:1625_443265-R,False,planned,False,,,,,2026-09-07T15:44:36.205822+02:00
NSR:StopPlace:58859,Nordby stasjon,2026-09-07T12:03:00+02:00,2026-09-07T12:03:00+02:00,,0.0,0,Drammen,VYG:Line:R13,Drammen-Oslo S-Dal,R13,rail,VYG:ServiceJourney:1630_443277-R,False,planned,False,,,,,2026-09-07T15:44:36.205822+02:00
NSR:StopPlace:58859,Nordby stasjon,2026-09-07T12:23:00+02:00,2026-09-07T12:23:00+02:00,,0.0,0,Dal,VYG:Line:R13,Drammen-Oslo S-Dal,R13,rail,VYG:ServiceJourney:1627_481148-R,False,planned,False,,,,,2026-09-07T15:44:36.205822+02:00
NSR:StopPlace:58859,Nordby stasjon,2026-09-07T12:33:00+02:00,2026-09-07T12:33:00+02:00,,0.0,0,Drammen,VYG:Line:R13,Drammen-Oslo S-Dal,R13,rail,VYG:ServiceJourney:1632_443281-R,False,planned,False,,,,,2026-09-07T15:44:36.205822+02:00
NSR:StopPlace:58859,Nordby stasjon,2026-09-07T12:53:00+02:00,2026-09-07T12:53:00+02:00,,0.0,0,Dal,VYG:Line:R13,Drammen-Oslo S-Dal,R13,rail,VYG:ServiceJourney:1629_481150-R,False,planned,False,,,,,2026-09-07T15:44:36.205822+02:00
NSR:StopPlace:58859,Nordby stasjon,2026-09-07T13:23:00+02:00,2026-09-07T13:23:00+02:00,,0.0,0,Dal,VYG:Line:R13,Drammen-Oslo S-Dal,R13,rail,VYG:ServiceJourney:1631_443278-R,False,planned,False,,,,,2026-09-07T15:44:36.205822+02:00
NSR:StopPlace:58859,Nordby stasjon,2026-09-07T13:53:00+02:00,2026-09-07T13:53:00+02:00,,0.0,0,Dal,VYG:Line:R13,Drammen-Oslo S-Dal,R13,rail,VYG:ServiceJourney:1633_443282-R,False,planned,False,Forsinket,Toget kjørte 10 minutter forsinket fra Drammen. Dette skyldes en tidligere stans.,incident,normal,2026-09-07T15:44:36.205822+02:00
NSR:StopPlace:58850,Hauerseter stasjon,2026-09-07T12:00:00+02:00,2026-09-07T12:00:00+02:00,,0.0,0,Drammen,VYG:Line:R13,Drammen-Oslo S-Dal,R13,rail,VYG:ServiceJourney:1630_443277-R,False,planned,False,,,,,2026-09-07T15:44:36.205822+02:00
NSR:StopPlace:58850,Hauerseter stasjon,2026-09-07T12:00:00+02:00,2026-09-07T12:00:00+02:00,,0.0,0,Dal,VYG:Line:R13,Drammen-Oslo S-Dal,R13,rail,VYG:ServiceJourney:1625_443265-R,False,planned,False,,,,,2026-09-07T15:44:36.205822+02:00
NSR:StopPlace:58850,Hauerseter stasjon,2026-09-07T12:30:00+02:00,2026-09-07T12:30:00+02:00,,0.0,0,Drammen,VYG:Line:R13,Drammen-Oslo S-Dal,R13,rail,VYG:ServiceJourney:1632_443281-R,False,planned,False,,,,,2026-09-07T15:44:36.205822+02:00
NSR:StopPlace:58850,Hauerseter stasjon,2026-09-07T12:30:00+02:00,2026-09-07T12:30:00+02:00,,0.0,0,Dal,VYG:Line:R13,Drammen-Oslo S-Dal,R13,rail,VYG:ServiceJourney:1627_481148-R,False,planned,False,,,,,2026-09-07T15:44:36.205822+02:00
NSR:StopPlace:58850,Hauerseter stasjon,2026-09-07T13:00:00+02:00,2026-09-07T13:00:00+02:00,,0.0,0,Dal,VYG:Line:R13,Drammen-Oslo S-Dal,R13,rail,VYG:ServiceJourney:1629_481150-R,False,planned,False,,,,,2026-09-07T15:44:36.205822+02:00
NSR:StopPlace:58850,Hauerseter stasjon,2026-09-07T13:30:00+02:00,2026-09-07T13:30:00+02:00,,0.0,0,Dal,VYG:Line:R13,Drammen-Oslo S-Dal,R13,rail,VYG:ServiceJourney:1631_443278-R,False,planned,False,,,,,2026-09-07T15:44:36.205822+02:00
NSR:StopPlace:58850,Hauerseter stasjon,2026-09-07T14:00:00+02:00,2026-09-07T14:00:00+02:00,,0.0,0,Dal,VYG:Line:R13,Drammen-Oslo S-Dal,R13,rail,VYG:ServiceJourney:1633_443282-R,False,planned,False,Forsinket,Toget kjørte 10 minutter forsinket fra Drammen. Dette skyldes en tidligere stans.,incident,normal,2026-09-07T15:44:36.205822+02:00
NSR:StopPlace:58851,Heggedal stasjon,2026-09-07T11:52:00+02:00,2026-09-07T11:52:00+02:00,,0.0,0,Asker,RUT:Line:285,Heggedal - Blakstad - Asker,285,bus,RUT:ServiceJourney:b96a32e8cd3d34ca15f356c2853723b8,False,planned,False,,,,,2026-09-07T15:44:36.205822+02:00
NSR:StopPlace:58851,Heggedal stasjon,2026-09-07T11:54:00+02:00,2026-09-07T11:54:00+02:00,,0.0,0,Lillestrøm,VYG:Line:L1,Spikkestad-Oslo S-Lillestrøm,L1,rail,VYG:ServiceJourney:2232_445328-R,False,planned,False,,,,,2026-09-07T15:44:36.205822+02:00
NSR:StopPlace:58851,Heggedal stasjon,2026-09-07T11:55:00+02:00,2026-09-07T11:55:00+02:00,,0.0,0,Spikkestad,VYG:Line:L1,Spikkestad-Oslo S-Lillestrøm,L1,rail,VYG:ServiceJourney:2225_443623-R,False,planned,False,,,,,2026-09-07T15:44:36.205822+02:00
NSR:StopPlace:58851,Heggedal stasjon,2026-09-07T11:59:00+02:00,2026-09-07T11:59:00+02:00,,0.0,0,Rustadgrenda,RUT:Line:286,Rustadgrenda-Heggedal,286,bus,RUT:ServiceJourney:a6ed1ba8d7242a29ae677ebe807532bb,False,planned,False,,,,,2026-09-07T15:44:36.205822+02:00
NSR:StopPlace:58851,Heggedal stasjon,2026-09-07T12:22:00+02:00,2026-09-07T12:22:00+02:00,,0.0,0,Asker,RUT:Line:285,Heggedal - Blakstad - Asker,285,bus,RUT:ServiceJourney:d6826425dd5162cfa0e671645b65db95,False,planned,False,,,,,2026-09-07T15:44:36.205822+02:00
NSR:StopPlace:58851,Heggedal stasjon,2026-09-07T12:24:00+02:00,2026-09-07T12:24:00+02:00,,0.0,0,Lillestrøm,VYG:Line:L1,Spikkestad-Oslo S-Lillestrøm,L1,rail,VYG:ServiceJourney:2234_443640-R,False,planned,False,,,,,2026-09-07T15:44:36.205822+02:00
NSR:StopPlace:58851,Heggedal stasjon,2026-09-07T12:25:00+02:00,2026-09-07T12:25:00+02:00,,0.0,0,Spikkestad,VYG:Line:L1,Spikkestad-Oslo S-Lillestrøm,L1,rail,VYG:ServiceJourney:2227_443627-R,False,planned,False,,,,,2026-09-07T15:44:36.205822+02:00
NSR:StopPlace:58851,Heggedal stasjon,2026-09-07T12:29:00+02:00,2026-09-07T12:29:00+02:00,,0.0,0,Asker,RUT:Line:280,Asker - Dikemark - Heggedal,280,bus,RUT:ServiceJourney:d9a55ba52d375ddebff82a10bb89063c,False,planned,False,,,,,2026-09-07T15:44:36.205822+02:00
NSR:StopPlace:58851,Heggedal stasjon,2026-09-07T12:29:00+02:00,2026-09-07T12:29:00+02:00,,0.0,0,Rustadgrenda,RUT:Line:286,Rustadgrenda-Heggedal,286,bus,RUT:ServiceJourney:bf1dbd78a8bf7005f8498f90ef137c19,False,planned,False,,,,,2026-09-07T15:44:36.205822+02:00
NSR:StopPlace:58851,Heggedal stasjon,2026-09-07T12:52:00+02:00,2026-09-07T12:52:00+02:00,,0.0,0,Asker,RUT:Line:285,Heggedal - Blakstad - Asker,285,bus,RUT:ServiceJourney:08ce375bb2efb62a843c8aead519e8ab,False,planned,False,,,,,2026-09-07T15:44:36.205822+02:00
NSR:StopPlace:58851,Heggedal stasjon,2026-09-07T12:54:00+02:00,2026-09-07T12:54:00+02:00,,0.0,0,Lillestrøm,VYG:Line:L1,Spikkestad-Oslo S-Lillestrøm,L1,rail,VYG:ServiceJourney:2236_443643-R,False,planned,False,,,,,2026-09-07T15:44:36.205822+02:00
NSR:StopPlace:58851,Heggedal stasjon,2026-09-07T12:55:00+02:00,2026-09-07T12:55:00+02:00,,0.0,0,Spikkestad,VYG:Line:L1,Spikkestad-Oslo S-Lillestrøm,L1,rail,VYG:ServiceJourney:2229_443630-R,False,planned,False,,,,,2026-09-07T15:44:36.205822+02:00
NSR:StopPlace:58851,Heggedal stasjon,2026-09-07T12:59:00+02:00,2026-09-07T12:59:00+02:00,,0.0,0,Rustadgrenda,RUT:Line:286,Rustadgrenda-Heggedal,286,bus,RUT:ServiceJourney:196fb9fe0b4655c10d212e2651582cab,False,planned,False,,,,,2026-09-07T15:44:36.205822+02:00
NSR:StopPlace:58851,Heggedal stasjon,2026-09-07T13:22:00+02:00,2026-09-07T13:22:00+02:00,,0.0,0,Asker,RUT:Line:285,Heggedal - Blakstad - Asker,285,bus,RUT:ServiceJourney:aa3cd7153be239f94e2ededaa568f093,False,planned,False,,,,,2026-09-07T15:44:36.205822+02:00
NSR:StopPlace:58851,Heggedal stasjon,2026-09-07T13:25:00+02:00,2026-09-07T13:25:00+02:00,,0.0,0,Spikkestad,VYG:Line:L1,Spikkestad-Oslo S-Lillestrøm,L1,rail,VYG:ServiceJourney:2231_443635-R,False,planned,False,,,,,2026-09-07T15:44:36.205822+02:00
NSR:StopPlace:58851,Heggedal stasjon,2026-09-07T13:29:00+02:00,2026-09-07T13:29:00+02:00,,0.0,0,Asker,RUT:Line:280,Asker - Dikemark - Heggedal,280,bus,RUT:ServiceJourney:dc2321338cf6af47157f3f58a873bb23,False,planned,False,,,,,2026-09-07T15:44:36.205822+02:00
NSR:StopPlace:58851,Heggedal stasjon,2026-09-07T13:29:00+02:00,2026-09-07T13:29:00+02:00,,0.0,0,Rustadgrenda,RUT:Line:286,Rustadgrenda-Heggedal,286,bus,RUT:ServiceJourney:7593564cafbf7aed66227a8e9c17d823,False,planned,False,,,,,2026-09-07T15:44:36.205822+02:00
NSR:StopPlace:58851,Heggedal stasjon,2026-09-07T13:52:00+02:00,2026-09-07T13:52:00+02:00,,0.0,0,Asker,RUT:Line:285,Heggedal - Blakstad - Asker,285,bus,RUT:ServiceJourney:a7fddae0026d9ab5814104d5f78821b3,False,planned,False,,,,,2026-09-07T15:44:36.205822+02:00
NSR:StopPlace:58851,Heggedal stasjon,2026-09-07T13:55:00+02:00,2026-09-07T13:55:00+02:00,,0.0,0,Spikkestad,VYG:Line:L1,Spikkestad-Oslo S-Lillestrøm,L1,rail,VYG:ServiceJourney:2233_443638-R,False,planned,False,,,,,2026-09-07T15:44:36.205822+02:00
NSR:StopPlace:58851,Heggedal stasjon,2026-09-07T13:59:00+02:00,2026-09-07T13:59:00+02:00,,0.0,0,Rustadgrenda,RUT:Line:286,Rustadgrenda-Heggedal,286,bus,RUT:ServiceJourney:8649dd70bb643178a0497171d1b5c897,False,planned,False,,,,,2026-09-07T15:44:36.205822+02:00
NSR:StopPlace:58851,Heggedal stasjon,2026-09-07T14:25:00+02:00,2026-09-07T14:25:00+02:00,,0.0,0,Spikkestad,VYG:Line:L1,Spikkestad-Oslo S-Lillestrøm,L1,rail,VYG:ServiceJourney:2235_443641-R,False,planned,False,,,,,2026-09-07T15:44:36.205822+02:00
NSR:StopPlace:58851,Heggedal stasjon,2026-09-07T15:59:00+02:00,2026-09-07T15:59:00+02:00,,0.0,0,Asker,RUT:Line:280,Asker - Dikemark - Heggedal,280,bus,RUT:ServiceJourney:4f84b47fba895920f869fcded2948c63,False,planned,False,,,,,2026-09-07T15:44:36.205822+02:00
NSR:StopPlace:58851,Heggedal stasjon,2026-09-07T16:22:00+02:00,2026-09-07T16:22:00+02:00,,0.0,0,Asker,RUT:Line:285,Heggedal - Blakstad - Asker,285,bus,RUT:ServiceJourney:05d9b614dabc27045e48231530e9f234,False,planned,False,,,,,2026-09-07T15:44:36.205822+02:00
NSR:StopPlace:58864,Sørumsand stasjon,2026-09-07T11:49:00+02:00,2026-09-07T11:49:00+02:00,,0.0,0,Blaker ring,RUT:Line:370,Sørumsand - Blaker - Sørumsand,370A,bus,RUT:ServiceJourney:ec7b0acb8e7d6ac27d473bad9e4c5f0a,False,planned,False,,,,,2026-09-07T15:44:36.205822+02:00
NSR:StopPlace:58864,Sørumsand stasjon,2026-09-07T11:51:00+02:00,2026-09-07T11:51:00+02:00,,0.0,0,Skedsmokorset,RUT:Line:365,Sørumsand - Frogner - Skedsmokorset,365,bus,RUT:ServiceJourney:a01f21bc9242d101f0fe1e74c15dc187,False,planned,False,,,,,2026-09-07T15:44:36.205822+02:00
NSR:StopPlace:58864,Sørumsand stasjon,2026-09-07T12:09:00+02:00,2026-09-07T12:09:00+02:00,,0.0,0,Orredalen,RUT:Line:366,Orredalen - Sørumsand,366,bus,RUT:ServiceJourney:d6c52d65443e3b42caef33b38a86a6d0,False,planned,False,,,,,2026-09-07T15:44:36.205822+02:00
NSR:StopPlace:58864,Sørumsand stasjon,2026-09-07T12:21:00+02:00,2026-09-07T12:21:00+02:00,,0.0,0,Skedsmokorset,RUT:Line:365,Sørumsand - Frogner - Skedsmokorset,365,bus,RUT:ServiceJourney:f639b497fdfaf8637d9c3c8785e0144a,False,planned,False,,,,,2026-09-07T15:44:36.205822+02:00
NSR:StopPlace:58864,Sørumsand stasjon,2026-09-07T12:29:00+02:00,2026-09-07T12:29:00+02:00,,0.0,0,Asker,VYG:Line:R14,Asker-Oslo S-Kongsvinger,R14,rail,VYG:ServiceJourney:1016_442922-R,False,planned,False,,,,,2026-09-07T15:44:36.205822+02:00
NSR:StopPlace:58864,Sørumsand stasjon,2026-09-07T12:30:00+02:00,2026-09-07T12:30:00+02:00,,0.0,0,Kongsvinger,VYG:Line:R14,Asker-Oslo S-Kongsvinger,R14,rail,VYG:ServiceJourney:1015_442921-R,False,planned,False,,,,,2026-09-07T15:44:36.205822+02:00
NSR:StopPlace:58864,Sørumsand stasjon,2026-09-07T12:51:00+02:00,2026-09-07T12:51:00+02:00,,0.0,0,Skedsmokorset,RUT:Line:365,Sørumsand - Frogner - Skedsmokorset,365,bus,RUT:ServiceJourney:ad08da444f35d55272f48913ec8a8789,False,planned,False,,,,,2026-09-07T15:44:36.205822+02:00
NSR:StopPlace:58864,Sørumsand stasjon,2026-09-07T13:21:00+02:00,2026-09-07T13:21:00+02:00,,0.0,0,Skedsmokorset,RUT:Line:365,Sørumsand - Frogner - Skedsmokorset,365,bus,RUT:ServiceJourney:9673fe8da464ddfe7e80078b1f00457c,False,planned,False,,,,,2026-09-07T15:44:36.205822+02:00
NSR:StopPlace:58864,Sørumsand stasjon,2026-09-07T13:29:00+02:00,2026-09-07T13:29:00+02:00,,0.0,0,Asker,VYG:Line:R14,Asker-Oslo S-Kongsvinger,R14,rail,VYG:ServiceJourney:1018_442925-R,False,planned,False,,,,,2026-09-07T15:44:36.205822+02:00
NSR:StopPlace:58864,Sørumsand stasjon,2026-09-07T13:30:00+02:00,2026-09-07T13:30:00+02:00,,0.0,0,Kongsvinger,VYG:Line:R14,Asker-Oslo S-Kongsvinger,R14,rail,VYG:ServiceJourney:1017_442923-R,False,planned,False,,,,,2026-09-07T15:44:36.205822+02:00
NSR:StopPlace:58864,Sørumsand stasjon,2026-09-07T13:37:00+02:00,2026-09-07T13:37:00+02:00,,0.0,0,Blaker ring,RUT:Line:2370,Sørumsand - Blaker - Sørumsand,370B,bus,RUT:ServiceJourney:fcb28d862d227d28baadfa3d74cacfd3,False,planned,False,,,,,2026-09-07T15:44:36.205822+02:00
NSR:StopPlace:58864,Sørumsand stasjon,2026-09-07T13:39:00+02:00,2026-09-07T13:39:00+02:00,,0.0,0,Orredalen,RUT:Line:366,Orredalen - Sørumsand,366,bus,RUT:ServiceJourney:2a1b6ff239cec935477178f3794149dc,False,planned,False,,,,,2026-09-07T15:44:36.205822+02:00
NSR:StopPlace:58864,Sørumsand stasjon,2026-09-07T13:40:00+02:00,2026-09-07T13:40:00+02:00,,0.0,0,Bjørkelangen,RUT:Line:2673,Bjørkelangen - Sørumsand,2673,bus,RUT:ServiceJourney:6e940e253576e0f856521dbf469f3c5b,False,planned,False,,,,,2026-09-07T15:44:36.205822+02:00
NSR:StopPlace:58864,Sørumsand stasjon,2026-09-07T16:07:00+02:00,2026-09-07T16:07:00+02:00,,0.0,0,Blaker ring,RUT:Line:2370,Sørumsand - Blaker - Sørumsand,370B,bus,RUT:ServiceJourney:d80722123cd2735a3bea056f0db6bff6,False,planned,False,,,,,2026-09-07T15:44:36.205822+02:00
NSR:StopPlace:58864,Sørumsand stasjon,2026-09-07T16:15:00+02:00,2026-09-07T16:15:00+02:00,,0.0,0,Bjørkelangen,RUT:Line:2177,Harkerud - Sørumsand - Bjørkelangen,2177,bus,RUT:ServiceJourney:af7da3d7f90aa1b75a72292518a40d49,False,planned,False,,,,,2026-09-07T15:44:36.205822+02:00
NSR:StopPlace:58864,Sørumsand stasjon,2026-09-07T16:21:00+02:00,2026-09-07T16:21:00+02:00,,0.0,0,Skedsmokorset,RUT:Line:365,Sørumsand - Frogner - Skedsmokorset,365,bus,RUT:ServiceJourney:2fe2200abd072fa42b8af7e1e63cac31,False,planned,False,,,,,2026-09-07T15:44:36.205822+02:00
NSR:StopPlace:58865,Vestby stasjon,2026-09-07T11:45:00+02:00,2026-09-07T11:45:00+02:00,,0.0,0,Moss,VYG:Line:R21,Stabekk-Oslo S-Moss,R21,rail,VYG:ServiceJourney:1125-HVK_443001-R,False,planned,False,,,,,2026-09-07T15:44:36.205822+02:00
NSR:StopPlace:58865,Vestby stasjon,2026-09-07T11:50:00+02:00,2026-09-07T11:50:00+02:00,,0.0,0,Randem,RUT:Line:533,Randem - Vestby stasjon,533,bus,RUT:ServiceJourney:d0f11424f59e0ca9c1db46a2e072734e,False,planned,False,,,,,2026-09-07T15:44:36.205822+02:00
NSR:StopPlace:58865,Vestby stasjon,2026-09-07T11:50:00+02:00,2026-09-07T11:50:00+02:00,,0.0,0,Moss,RUT:Line:540,Moss - Son - Vestby stasjon,540,bus,RUT:ServiceJourney:6363bcc9a7dcc149848a1d9d52f94f37,False,planned,False,,,,,2026-09-07T15:44:36.205822+02:00
NSR:StopPlace:58865,Vestby stasjon,2026-09-07T11:50:00+02:00,2026-09-07T11:50:00+02:00,,0.0,0,Grønberg,RUT:Line:530,Pepperstad - Vestby stasjon,530,bus,RUT:ServiceJourney:ba040a99d21eabeae7fef61ba7dd4f6b,False,planned,False,,,,,2026-09-07T15:44:36.205822+02:00
NSR:StopPlace:58865,Vestby stasjon,2026-09-07T12:10:00+02:00,2026-09-07T12:10:00+02:00,,0.0,0,Stabekk,VYG:Line:R21,Stabekk-Oslo S-Moss,R21,rail,VYG:ServiceJourney:1132-MOS_443009-R,False,planned,False,,,,,2026-09-07T15:44:36.205822+02:00
NSR:StopPlace:58865,Vestby stasjon,2026-09-07T12:15:00+02:00,2026-09-07T12:15:00+02:00,,0.0,0,Moss,VYG:Line:R21,Stabekk-Oslo S-Moss,R21,rail,VYG:ServiceJourney:1127-HVK_443003-R,False,planned,False,,,,,2026-09-07T15:44:36.205822+02:00
NSR:StopPlace:58865,Vestby stasjon,2026-09-07T12:20:00+02:00,2026-09-07T12:20:00+02:00,,0.0,0,Garder - Kaxrud,RUT:Line:532,Kaxrud -  Garder - Vestby stasjon,532,bus,RUT:ServiceJourney:e7636ccd18d3985a8e6372b5250c5fac,False,planned,False,,,,,2026-09-07T15:44:36.205822+02:00
NSR:StopPlace:58865,Vestby stasjon,2026-09-07T12:20:00+02:00,2026-09-07T12:20:00+02:00,,0.0,0,Randem,RUT:Line:533,Randem - Vestby stasjon,533,bus,RUT:ServiceJourney:cf92d6923cb5945064e1ee1d5d091fdf,False,planned,False,,,,,2026-09-07T15:44:36.205822+02:00
NSR:StopPlace:58865,Vestby stasjon,2026-09-07T12:20:00+02:00,2026-09-07T12:20:00+02:00,,0.0,0,Sonsveien st.,RUT:Line:540,Moss - Son - Vestby stasjon,540,bus,RUT:ServiceJourney:901329c5146d15095034e5bde33d6b95,False,planned,False,,,,,2026-09-07T15:44:36.205822+02:00
NSR:StopPlace:58865,Vestby stasjon,2026-09-07T12:20:00+02:00,2026-09-07T12:20:00+02:00,,0.0,0,Grønberg,RUT:Line:530,Pepperstad - Vestby stasjon,530,bus,RUT:ServiceJourney:da092dce0130c4e9e84fa7e91e3a8186,False,planned,False,,,,,2026-09-07T15:44:36.205822+02:00
NSR:StopPlace:58865,Vestby stasjon,2026-09-07T12:40:00+02:00,2026-09-07T12:40:00+02:00,,0.0,0,Stabekk,VYG:Line:R21,Stabekk-Oslo S-Moss,R21,rail,VYG:ServiceJourney:1134-MOS_443011-R,False,planned,False,,,,,2026-09-07T15:44:36.205822+02:00
NSR:StopPlace:58865,Vestby stasjon,2026-09-07T12:45:00+02:00,2026-09-07T12:45:00+02:00,,0.0,0,Moss,VYG:Line:R21,Stabekk-Oslo S-Moss,R21,rail,VYG:ServiceJourney:1129-HVK_443005-R,False,planned,False,,,,,2026-09-07T15:44:36.205822+02:00
NSR:StopPlace:58865,Vestby stasjon,2026-09-07T12:50:00+02:00,2026-09-07T12:50:00+02:00,,0.0,0,Randem,RUT:Line:533,Randem - Vestby stasjon,533,bus,RUT:ServiceJourney:ffb60bb2906096b70d8b5bc856897a85,False,planned,False,,,,,2026-09-07T15:44:36.205822+02:00
NSR:StopPlace:58865,Vestby stasjon,2026-09-07T12:50:00+02:00,2026-09-07T12:50:00+02:00,,0.0,0,Hvitsten - Vestby stasjon,RUT:Line:531,Hvitsten - Vestby stasjon,531,bus,RUT:ServiceJourney:51839afe491fd7ad9ada39eced55643b,False,planned,False,,,,,2026-09-07T15:44:36.205822+02:00
NSR:StopPlace:58865,Vestby stasjon,2026-09-07T12:50:00+02:00,2026-09-07T12:50:00+02:00,,0.0,0,Moss,RUT:Line:540,Moss - Son - Vestby stasjon,540,bus,RUT:ServiceJourney:b4905e0924ab01abfea09ecae5ff7811,False,planned,False,,,,,2026-09-07T15:44:36.205822+02:00
NSR:StopPlace:58865,Vestby stasjon,2026-09-07T12:50:00+02:00,2026-09-07T12:50:00+02:00,,0.0,0,Grønberg,RUT:Line:530,Pepperstad - Vestby stasjon,530,bus,RUT:ServiceJourney:e6a6c8c10d8591c7745d05fb03cef0ed,False,planned,False,,,,,2026-09-07T15:44:36.205822+02:00
NSR:StopPlace:58865,Vestby stasjon,2026-09-07T13:10:00+02:00,2026-09-07T13:10:00+02:00,,0.0,0,Stabekk,VYG:Line:R21,Stabekk-Oslo S-Moss,R21,rail,VYG:ServiceJourney:1136-MOS_443013-R,False,planned,False,,,,,2026-09-07T15:44:36.205822+02:00
NSR:StopPlace:58865,Vestby stasjon,2026-09-07T13:15:00+02:00,2026-09-07T13:15:00+02:00,,0.0,0,Moss,VYG:Line:R21,Stabekk-Oslo S-Moss,R21,rail,VYG:ServiceJourney:1131-HVK_443008-R,False,planned,False,,,,,2026-09-07T15:44:36.205822+02:00
NSR:StopPlace:58865,Vestby stasjon,2026-09-07T13:20:00+02:00,2026-09-07T13:20:00+02:00,,0.0,0,Randem,RUT:Line:533,Randem - Vestby stasjon,533,bus,RUT:ServiceJourney:aad16d664d773eb89f9797c8bbe4f77f,False,planned,False,,,,,2026-09-07T15:44:36.205822+02:00
NSR:StopPlace:58865,Vestby stasjon,2026-09-07T13:20:00+02:00,2026-09-07T13:20:00+02:00,,0.0,0,Sonsveien st.,RUT:Line:540,Moss - Son - Vestby stasjon,540,bus,RUT:ServiceJourney:f721181982522e0cb54d3eada422348a,False,planned,False,,,,,2026-09-07T15:44:36.205822+02:00
NSR:StopPlace:58865,Vestby stasjon,2026-09-07T13:20:00+02:00,2026-09-07T13:20:00+02:00,,0.0,0,Grønberg,RUT:Line:530,Pepperstad - Vestby stasjon,530,bus,RUT:ServiceJourney:abc71e48652504e359e220f1cba5c44f,False,planned,False,,,,,2026-09-07T15:44:36.205822+02:00
NSR:StopPlace:58865,Vestby stasjon,2026-09-07T13:40:00+02:00,2026-09-07T13:40:00+02:00,,0.0,0,Stabekk,VYG:Line:R21,Stabekk-Oslo S-Moss,R21,rail,VYG:ServiceJourney:1138-MOS_443015-R,False,planned,False,,,,,2026-09-07T15:44:36.205822+02:00
NSR:StopPlace:58865,Vestby stasjon,2026-09-07T13:45:00+02:00,2026-09-07T13:45:00+02:00,,0.0,0,Moss,VYG:Line:R21,Stabekk-Oslo S-Moss,R21,rail,VYG:ServiceJourney:1133-HVK_443010-R,False,planned,False,,,,,2026-09-07T15:44:36.205822+02:00
NSR:StopPlace:58865,Vestby stasjon,2026-09-07T13:50:00+02:00,2026-09-07T13:50:00+02:00,,0.0,0,Randem,RUT:Line:533,Randem - Vestby stasjon,533,bus,RUT:ServiceJourney:ec151d4a26791cad276ae5090d099ff2,False,planned,False,,,,,2026-09-07T15:44:36.205822+02:00
NSR:StopPlace:58865,Vestby stasjon,2026-09-07T13:50:00+02:00,2026-09-07T13:50:00+02:00,,0.0,0,Hvitsten - Vestby stasjon,RUT:Line:531,Hvitsten - Vestby stasjon,531,bus,RUT:ServiceJourney:593f1e0fb34cc90990efd214c6772651,False,planned,False,,,,,2026-09-07T15:44:36.205822+02:00
NSR:StopPlace:58865,Vestby stasjon,2026-09-07T13:50:00+02:00,2026-09-07T13:50:00+02:00,,0.0,0,Grønberg,RUT:Line:530,Pepperstad - Vestby stasjon,530,bus,RUT:ServiceJourney:09e15f5e6cceddca89c408ea22f74837,False,planned,False,,,,,2026-09-07T15:44:36.205822+02:00
NSR:StopPlace:58865,Vestby stasjon,2026-09-07T14:15:00+02:00,2026-09-07T14:15:00+02:00,,0.0,0,Moss,VYG:Line:R21,Stabekk-Oslo S-Moss,R21,rail,VYG:ServiceJourney:1135-HVK_443012-R,False,planned,False,,,,,2026-09-07T15:44:36.205822+02:00
NSR:StopPlace:58865,Vestby stasjon,2026-09-07T14:20:00+02:00,2026-09-07T14:20:00+02:00,,0.0,0,Hvitsten - Vestby stasjon,RUT:Line:531,Hvitsten - Vestby stasjon,531,bus,RUT:ServiceJourney:d4a274fb966dca6fec7d7cdfae79be12,False,planned,False,,,,,2026-09-07T15:44:36.205822+02:00
NSR:StopPlace:58865,Vestby stasjon,2026-09-07T14:50:00+02:00,2026-09-07T14:50:00+02:00,,0.0,0,Hvitsten - Vestby stasjon,RUT:Line:531,Hvitsten - Vestby stasjon,531,bus,RUT:ServiceJourney:464c71a9493ad301e38551d2c832575d,False,planned,False,,,,,2026-09-07T15:44:36.205822+02:00
NSR:StopPlace:58865,Vestby stasjon,2026-09-07T15:20:00+02:00,2026-09-07T15:20:00+02:00,,0.0,0,Garder - Kaxrud,RUT:Line:532,Kaxrud -  Garder - Vestby stasjon,532,bus,RUT:ServiceJourney:5d066181c582c8b43ef3e48adce151f4,False,planned,False,,,,,2026-09-07T15:44:36.205822+02:00
NSR:StopPlace:58865,Vestby stasjon,2026-09-07T15:20:00+02:00,2026-09-07T15:20:00+02:00,,0.0,0,Hvitsten - Vestby stasjon,RUT:Line:531,Hvitsten - Vestby stasjon,531,bus,RUT:ServiceJourney:e66701b75c93edb2dfafc865018d7a6c,False,planned,False,,,,,2026-09-07T15:44:36.205822+02:00
NSR:StopPlace:58866,Vevelstad stasjon,2026-09-07T11:53:00+02:00,2026-09-07T11:53:00+02:00,,0.0,0,Drøbak - Frogn vgs.,RUT:Line:510,Bøleråsen - Ski - Ås - Drøbak,510,bus,RUT:ServiceJourney:d8514d249641160a82403f1854ab6a29,False,planned,False,,,,,2026-09-07T15:44:36.205822+02:00
NSR:StopPlace:58866,Vevelstad stasjon,2026-09-07T11:54:00+02:00,2026-09-07T11:54:00+02:00,,0.0,0,Bøleråsen,RUT:Line:510,Bøleråsen - Ski - Ås - Drøbak,510,bus,RUT:ServiceJourney:4111d21ab5097dd104d42e1dec8513ce,False,planned,False,,,,,2026-09-07T15:44:36.205822+02:00
NSR:StopPlace:58866,Vevelstad stasjon,2026-09-07T11:59:00+02:00,2026-09-07T11:59:00+02:00,,0.0,0,Skøyen,VYG:Line:L2,Stabekk-Oslo S-Ski,L2,rail,VYG:ServiceJourney:2832-SKI_488375-R,False,planned,False,,,,,2026-09-07T15:44:36.205822+02:00
NSR:StopPlace:58866,Vevelstad stasjon,2026-09-07T11:59:00+02:00,2026-09-07T11:59:00+02:00,,0.0,0,Ski,VYG:Line:L2,Stabekk-Oslo S-Ski,L2,rail,VYG:ServiceJourney:2825_444040-R,False,planned,False,,,,,2026-09-07T15:44:36.205822+02:00
NSR:StopPlace:58866,Vevelstad stasjon,2026-09-07T12:03:00+02:00,2026-09-07T12:03:00+02:00,,0.0,0,Drøbak - Seiersten,RUT:Line:510,Bøleråsen - Ski - Ås - Drøbak,510,bus,RUT:ServiceJourney:f389734a335673e1455a0bd5c547b5b2,False,planned,False,,,,,2026-09-07T15:44:36.205822+02:00
NSR:StopPlace:58866,Vevelstad stasjon,2026-09-07T12:04:00+02:00,2026-09-07T12:04:00+02:00,,0.0,0,Bøleråsen,RUT:Line:510,Bøleråsen - Ski - Ås - Drøbak,510,bus,RUT:ServiceJourney:6aae9357d929c649cc5794c245510538,False,planned,False,,,,,2026-09-07T15:44:36.205822+02:00
NSR:StopPlace:58866,Vevelstad stasjon,2026-09-07T12:13:00+02:00,2026-09-07T12:13:00+02:00,,0.0,0,Drøbak - Frogn vgs.,RUT:Line:510,Bøleråsen - Ski - Ås - Drøbak,510,bus,RUT:ServiceJourney:7e1ccffbdcb6518c13099e909258a480,False,planned,False,,,,,2026-09-07T15:44:36.205822+02:00
NSR:StopPlace:58866,Vevelstad stasjon,2026-09-07T12:14:00+02:00,2026-09-07T12:14:00+02:00,,0.0,0,Bøleråsen,RUT:Line:510,Bøleråsen - Ski - Ås - Drøbak,510,bus,RUT:ServiceJourney:a6bdc2e9af705f543870963d992c9766,False,planned,False,,,,,2026-09-07T15:44:36.205822+02:00
NSR:StopPlace:58866,Vevelstad stasjon,2026-09-07T12:14:00+02:00,2026-09-07T12:14:00+02:00,,0.0,0,Stabekk,VYG:Line:L2,Stabekk-Oslo S-Ski,L2,rail,VYG:ServiceJourney:2734-SKI_443942-R,False,planned,False,,,,,2026-09-07T15:44:36.205822+02:00
NSR:StopPlace:58866,Vevelstad stasjon,2026-09-07T12:14:00+02:00,2026-09-07T12:14:00+02:00,,0.0,0,Ski,VYG:Line:L2,Stabekk-Oslo S-Ski,L2,rail,VYG:ServiceJourney:2727-HVK_443934-R,False,planned,False,,,,,2026-09-07T15:44:36.205822+02:00
NSR:StopPlace:58866,Vevelstad stasjon,2026-09-07T12:23:00+02:00,2026-09-07T12:23:00+02:00,,0.0,0,Drøbak - Seiersten,RUT:Line:510,Bøleråsen - Ski - Ås - Drøbak,510,bus,RUT:ServiceJourney:87d261227e50f4e16b0faef43c6d092d,False,planned,False,,,,,2026-09-07T15:44:36.205822+02:00
NSR:StopPlace:58866,Vevelstad stasjon,2026-09-07T12:24:00+02:00,2026-09-07T12:24:00+02:00,,0.0,0,Bøleråsen,RUT:Line:510,Bøleråsen - Ski - Ås - Drøbak,510,bus,RUT:ServiceJourney:36795f27ee395f6560439d2caf233194,False,planned,False,,,,,2026-09-07T15:44:36.205822+02:00
NSR:StopPlace:58866,Vevelstad stasjon,2026-09-07T12:29:00+02:00,2026-09-07T12:29:00+02:00,,0.0,0,Oslo S,VYG:Line:L2,Stabekk-Oslo S-Ski,L2,rail,VYG:ServiceJourney:2834_444058-R,False,planned,False,,,,,2026-09-07T15:44:36.205822+02:00
NSR:StopPlace:58866,Vevelstad stasjon,2026-09-07T12:29:00+02:00,2026-09-07T12:29:00+02:00,,0.0,0,Ski,VYG:Line:L2,Stabekk-Oslo S-Ski,L2,rail,VYG:ServiceJourney:2827-BES_488369-R,False,planned,False,,,,,2026-09-07T15:44:36.205822+02:00
NSR:StopPlace:58866,Vevelstad stasjon,2026-09-07T12:33:00+02:00,2026-09-07T12:33:00+02:00,,0.0,0,Drøbak - Frogn vgs.,RUT:Line:510,Bøleråsen - Ski - Ås - Drøbak,510,bus,RUT:ServiceJourney:3673814f8cfb9d3aa3540c29ee2f44ee,False,planned,False,,,,,2026-09-07T15:44:36.205822+02:00
NSR:StopPlace:58866,Vevelstad stasjon,2026-09-07T12:34:00+02:00,2026-09-07T12:34:00+02:00,,0.0,0,Bøleråsen,RUT:Line:510,Bøleråsen - Ski - Ås - Drøbak,510,bus,RUT:ServiceJourney:3466491cb5c6d0ceab00a954395e5634,False,planned,False,,,,,2026-09-07T15:44:36.205822+02:00
NSR:StopPlace:58866,Vevelstad stasjon,2026-09-07T12:43:00+02:00,2026-09-07T12:43:00+02:00,,0.0,0,Drøbak - Seiersten,RUT:Line:510,Bøleråsen - Ski - Ås - Drøbak,510,bus,RUT:ServiceJourney:f48719829137295a0d1753b5252efa4f,False,planned,False,,,,,2026-09-07T15:44:36.205822+02:00
NSR:StopPlace:58866,Vevelstad stasjon,2026-09-07T12:44:00+02:00,2026-09-07T12:44:00+02:00,,0.0,0,Bøleråsen,RUT:Line:510,Bøleråsen - Ski - Ås - Drøbak,510,bus,RUT:ServiceJourney:31509cfdd4218b0421653313b92a1162,False,planned,False,,,,,2026-09-07T15:44:36.205822+02:00
NSR:StopPlace:58866,Vevelstad stasjon,2026-09-07T12:44:00+02:00,2026-09-07T12:44:00+02:00,,0.0,0,Stabekk,VYG:Line:L2,Stabekk-Oslo S-Ski,L2,rail,VYG:ServiceJourney:2736-SKI_443944-R,False,planned,False,,,,,2026-09-07T15:44:36.205822+02:00
NSR:StopPlace:58866,Vevelstad stasjon,2026-09-07T12:44:00+02:00,2026-09-07T12:44:00+02:00,,0.0,0,Ski,VYG:Line:L2,Stabekk-Oslo S-Ski,L2,rail,VYG:ServiceJourney:2729-HVK_443936-R,False,planned,False,,,,,2026-09-07T15:44:36.205822+02:00
NSR:StopPlace:58866,Vevelstad stasjon,2026-09-07T12:53:00+02:00,2026-09-07T12:53:00+02:00,,0.0,0,Drøbak - Frogn vgs.,RUT:Line:510,Bøleråsen - Ski - Ås - Drøbak,510,bus,RUT:ServiceJourney:0e93660102ede9ccc12d730216a367fd,False,planned,False,,,,,2026-09-07T15:44:36.205822+02:00
NSR:StopPlace:58866,Vevelstad stasjon,2026-09-07T12:54:00+02:00,2026-09-07T12:54:00+02:00,,0.0,0,Bøleråsen,RUT:Line:510,Bøleråsen - Ski - Ås - Drøbak,510,bus,RUT:ServiceJourney:d682ee046ea67eb0601e0fd11810f45a,False,planned,False,,,,,2026-09-07T15:44:36.205822+02:00
NSR:StopPlace:58866,Vevelstad stasjon,2026-09-07T12:59:00+02:00,2026-09-07T12:59:00+02:00,,0.0,0,Skøyen,VYG:Line:L2,Stabekk-Oslo S-Ski,L2,rail,VYG:ServiceJourney:2836-SKI_488379-R,False,planned,False,,,,,2026-09-07T15:44:36.205822+02:00
NSR:StopPlace:58866,Vevelstad stasjon,2026-09-07T12:59:00+02:00,2026-09-07T12:59:00+02:00,,0.0,0,Ski,VYG:Line:L2,Stabekk-Oslo S-Ski,L2,rail,VYG:ServiceJourney:2829_444047-R,False,planned,False,,,,,2026-09-07T15:44:36.205822+02:00
NSR:StopPlace:58866,Vevelstad stasjon,2026-09-07T13:03:00+02:00,2026-09-07T13:03:00+02:00,,0.0,0,Drøbak - Seiersten,RUT:Line:510,Bøleråsen - Ski - Ås - Drøbak,510,bus,RUT:ServiceJourney:1463b6d119c155d59abab7e2653efeba,False,planned,False,,,,,2026-09-07T15:44:36.205822+02:00
NSR:StopPlace:58866,Vevelstad stasjon,2026-09-07T13:04:00+02:00,2026-09-07T13:04:00+02:00,,0.0,0,Bøleråsen,RUT:Line:510,Bøleråsen - Ski - Ås - Drøbak,510,bus,RUT:ServiceJourney:fce64404b549552a5b2f1f7f55484a4d,False,planned,False,,,,,2026-09-07T15:44:36.205822+02:00
NSR:StopPlace:58866,Vevelstad stasjon,2026-09-07T13:13:00+02:00,2026-09-07T13:13:00+02:00,,0.0,0,Drøbak - Frogn vgs.,RUT:Line:510,Bøleråsen - Ski - Ås - Drøbak,510,bus,RUT:ServiceJourney:bd9bad745156c36578762a301a57306a,False,planned,False,,,,,2026-09-07T15:44:36.205822+02:00
NSR:StopPlace:58866,Vevelstad stasjon,2026-09-07T13:14:00+02:00,2026-09-07T13:14:00+02:00,,0.0,0,Bøleråsen,RUT:Line:510,Bøleråsen - Ski - Ås - Drøbak,510,bus,RUT:ServiceJourney:b34c691bcd322aef2741656aa7f73df1,False,planned,False,,,,,2026-09-07T15:44:36.205822+02:00
NSR:StopPlace:58866,Vevelstad stasjon,2026-09-07T13:14:00+02:00,2026-09-07T13:14:00+02:00,,0.0,0,Stabekk,VYG:Line:L2,Stabekk-Oslo S-Ski,L2,rail,VYG:ServiceJourney:2738-SKI_443946-R,False,planned,False,,,,,2026-09-07T15:44:36.205822+02:00
NSR:StopPlace:58866,Vevelstad stasjon,2026-09-07T13:14:00+02:00,2026-09-07T13:14:00+02:00,,0.0,0,Ski,VYG:Line:L2,Stabekk-Oslo S-Ski,L2,rail,VYG:ServiceJourney:2731-HVK_443939-R,False,planned,False,,,,,2026-09-07T15:44:36.205822+02:00
NSR:StopPlace:58866,Vevelstad stasjon,2026-09-07T13:23:00+02:00,2026-09-07T13:23:00+02:00,,0.0,0,Drøbak - Seiersten,RUT:Line:510,Bøleråsen - Ski - Ås - Drøbak,510,bus,RUT:ServiceJourney:5c141bf72adf30c640c8683118c81003,False,planned,False,,,,,2026-09-07T15:44:36.205822+02:00
NSR:StopPlace:58866,Vevelstad stasjon,2026-09-07T13:24:00+02:00,2026-09-07T13:24:00+02:00,,0.0,0,Bøleråsen,RUT:Line:510,Bøleråsen - Ski - Ås - Drøbak,510,bus,RUT:ServiceJourney:9227e5100f8a84fa8d3f89b6ddde6d22,False,planned,False,,,,,2026-09-07T15:44:36.205822+02:00
NSR:StopPlace:58866,Vevelstad stasjon,2026-09-07T13:29:00+02:00,2026-09-07T13:29:00+02:00,,0.0,0,Oslo S,VYG:Line:L2,Stabekk-Oslo S-Ski,L2,rail,VYG:ServiceJourney:2838_444066-R,False,planned,False,,,,,2026-09-07T15:44:36.205822+02:00
NSR:StopPlace:58866,Vevelstad stasjon,2026-09-07T13:29:00+02:00,2026-09-07T13:29:00+02:00,,0.0,0,Ski,VYG:Line:L2,Stabekk-Oslo S-Ski,L2,rail,VYG:ServiceJourney:2831-BES_488373-R,False,planned,False,,,,,2026-09-07T15:44:36.205822+02:00
NSR:StopPlace:58866,Vevelstad stasjon,2026-09-07T13:33:00+02:00,2026-09-07T13:33:00+02:00,,0.0,0,Drøbak - Frogn vgs.,RUT:Line:510,Bøleråsen - Ski - Ås - Drøbak,510,bus,RUT:ServiceJourney:51c23e2f9a117bd8af95dee1f8390100,False,planned,False,,,,,2026-09-07T15:44:36.205822+02:00
NSR:StopPlace:58866,Vevelstad stasjon,2026-09-07T13:34:00+02:00,2026-09-07T13:34:00+02:00,,0.0,0,Bøleråsen,RUT:Line:510,Bøleråsen - Ski - Ås - Drøbak,510,bus,RUT:ServiceJourney:85497860b3d73a72f9f33880e11daa0d,False,planned,False,,,,,2026-09-07T15:44:36.205822+02:00
NSR:StopPlace:58866,Vevelstad stasjon,2026-09-07T13:43:00+02:00,2026-09-07T13:43:00+02:00,,0.0,0,Drøbak - Seiersten,RUT:Line:510,Bøleråsen - Ski - Ås - Drøbak,510,bus,RUT:ServiceJourney:312bcbec1fee4db8698e89807eaae821,False,planned,False,,,,,2026-09-07T15:44:36.205822+02:00
NSR:StopPlace:58866,Vevelstad stasjon,2026-09-07T13:44:00+02:00,2026-09-07T13:44:00+02:00,,0.0,0,Bøleråsen,RUT:Line:510,Bøleråsen - Ski - Ås - Drøbak,510,bus,RUT:ServiceJourney:ebdebf00df6070e439d810fb1cc5cb17,False,planned,False,,,,,2026-09-07T15:44:36.205822+02:00
NSR:StopPlace:58866,Vevelstad stasjon,2026-09-07T13:44:00+02:00,2026-09-07T13:44:00+02:00,,0.0,0,Stabekk,VYG:Line:L2,Stabekk-Oslo S-Ski,L2,rail,VYG:ServiceJourney:2740-SKI_443950-R,False,planned,False,Færre vogner,Denne avgangen kjører dessverre med 3 vogner i stedet for 6 vogner. Dette skyldes at vi mangler et togsett.,general,normal,2026-09-07T15:44:36.205822+02:00
NSR:StopPlace:58866,Vevelstad stasjon,2026-09-07T13:44:00+02:00,2026-09-07T13:44:00+02:00,,0.0,0,Ski,VYG:Line:L2,Stabekk-Oslo S-Ski,L2,rail,VYG:ServiceJourney:2733-HVK_443941-R,False,planned,False,,,,,2026-09-07T15:44:36.205822+02:00
NSR:StopPlace:58866,Vevelstad stasjon,2026-09-07T13:54:00+02:00,2026-09-07T13:54:00+02:00,,0.0,0,Bøleråsen,RUT:Line:510,Bøleråsen - Ski - Ås - Drøbak,510,bus,RUT:ServiceJourney:099b67b4f0c055226dfe16f29157f88f,False,planned,False,,,,,2026-09-07T15:44:36.205822+02:00
NSR:StopPlace:58866,Vevelstad stasjon,2026-09-07T13:59:00+02:00,2026-09-07T13:59:00+02:00,,0.0,0,Ski,VYG:Line:L2,Stabekk-Oslo S-Ski,L2,rail,VYG:ServiceJourney:2833_444056-R,False,planned,False,Færre vogner,Denne avgangen kjører dessverre med 3 vogner i stedet for 6 vogner. Dette skyldes at vi mangler et togsett.,general,normal,2026-09-07T15:44:36.205822+02:00
NSR:StopPlace:58866,Vevelstad stasjon,2026-09-07T14:04:00+02:00,2026-09-07T14:04:00+02:00,,0.0,0,Bøleråsen,RUT:Line:510,Bøleråsen - Ski - Ås - Drøbak,510,bus,RUT:ServiceJourney:5ae7ef08a7bbbf45155bd1c7445472b6,False,planned,False,,,,,2026-09-07T15:44:36.205822+02:00
NSR:StopPlace:58866,Vevelstad stasjon,2026-09-07T14:14:00+02:00,2026-09-07T14:14:00+02:00,,0.0,0,Ski,VYG:Line:L2,Stabekk-Oslo S-Ski,L2,rail,VYG:ServiceJourney:2735-HVK_443943-R,False,planned,False,,,,,2026-09-07T15:44:36.205822+02:00
NSR:StopPlace:58868,Årnes stasjon,2026-09-07T11:45:00+02:00,2026-09-07T11:45:00+02:00,,0.0,0,Rånåsfoss,RUT:Line:455,Årnes -Rånåsfoss,455,bus,RUT:ServiceJourney:bf32a610e53c95c830aaaa8b2881ddef,False,planned,False,,,,,2026-09-07T15:44:36.205822+02:00
NSR:StopPlace:58868,Årnes stasjon,2026-09-07T11:49:00+02:00,2026-09-07T11:49:00+02:00,,0.0,0,Aktivitetsvegen,RUT:Line:450,Årnes - Oslo lufthavn,450,bus,RUT:ServiceJourney:994669a46402020ddbc5d6c41abc25b2,False,planned,False,,,,,2026-09-07T15:44:36.205822+02:00
NSR:StopPlace:58868,Årnes stasjon,2026-09-07T11:51:00+02:00,2026-09-07T11:51:00+02:00,,0.0,0,Kongsvinger,VYG:Line:R14,Asker-Oslo S-Kongsvinger,R14,rail,VYG:ServiceJourney:1013_442918-R,False,planned,False,,,,,2026-09-07T15:44:36.205822+02:00
NSR:StopPlace:58868,Årnes stasjon,2026-09-07T12:04:00+02:00,2026-09-07T12:04:00+02:00,,0.0,0,Oslo lufthavn,RUT:Line:450,Årnes - Oslo lufthavn,450,bus,RUT:ServiceJourney:c068921fc7aae90a007a5f8e11110146,False,planned,False,,,,,2026-09-07T15:44:36.205822+02:00
NSR:StopPlace:58868,Årnes stasjon,2026-09-07T12:07:00+02:00,2026-09-07T12:07:00+02:00,,0.0,0,Asker,VYG:Line:R14,Asker-Oslo S-Kongsvinger,R14,rail,VYG:ServiceJourney:1016_442922-R,False,planned,False,,,,,2026-09-07T15:44:36.205822+02:00
NSR:StopPlace:58868,Årnes stasjon,2026-09-07T12:15:00+02:00,2026-09-07T12:15:00+02:00,,0.0,0,Fenstad vest,RUT:Line:461,Bestilling Fenstad øst/ vest (461),461,bus,RUT:ServiceJourney:7d353ac759644e4345652dd32e1b5e43,False,planned,False,,,,,2026-09-07T15:44:36.205822+02:00
NSR:StopPlace:58868,Årnes stasjon,2026-09-07T12:15:00+02:00,2026-09-07T12:15:00+02:00,,0.0,0,Fenstad øst,RUT:Line:461,Bestilling Fenstad øst/ vest (461),461,bus,RUT:ServiceJourney:8c088892f7fd6881a0953f31876aff91,False,planned,False,,,,,2026-09-07T15:44:36.205822+02:00
NSR:StopPlace:58868,Årnes stasjon,2026-09-07T12:19:00+02:00,2026-09-07T12:19:00+02:00,,0.0,0,Aktivitetsvegen,RUT:Line:450,Årnes - Oslo lufthavn,450,bus,RUT:ServiceJourney:85f13d0166faf9a54926dea8f4ef8161,False,planned,False,,,,,2026-09-07T15:44:36.205822+02:00
NSR:StopPlace:58868,Årnes stasjon,2026-09-07T12:34:00+02:00,2026-09-07T12:34:00+02:00,,0.0,0,Oslo lufthavn,RUT:Line:450,Årnes - Oslo lufthavn,450,bus,RUT:ServiceJourney:256a7c19b7df974f16178bcb92876ee5,False,planned,False,,,,,2026-09-07T15:44:36.205822+02:00
NSR:StopPlace:58868,Årnes stasjon,2026-09-07T12:49:00+02:00,2026-09-07T12:49:00+02:00,,0.0,0,Aktivitetsvegen,RUT:Line:450,Årnes - Oslo lufthavn,450,bus,RUT:ServiceJourney:e47ea051e7d0ccb95fbb39f033eb9c91,False,planned,False,,,,,2026-09-07T15:44:36.205822+02:00
NSR:StopPlace:58868,Årnes stasjon,2026-09-07T12:51:00+02:00,2026-09-07T12:51:00+02:00,,0.0,0,Kongsvinger,VYG:Line:R14,Asker-Oslo S-Kongsvinger,R14,rail,VYG:ServiceJourney:1015_442921-R,False,planned,False,,,,,2026-09-07T15:44:36.205822+02:00
NSR:StopPlace:58868,Årnes stasjon,2026-09-07T13:04:00+02:00,2026-09-07T13:04:00+02:00,,0.0,0,Oslo lufthavn,RUT:Line:450,Årnes - Oslo lufthavn,450,bus,RUT:ServiceJourney:3eb6ce57e6770f5fd78c7ea0c375c126,False,planned,False,,,,,2026-09-07T15:44:36.205822+02:00
NSR:StopPlace:58868,Årnes stasjon,2026-09-07T13:07:00+02:00,2026-09-07T13:07:00+02:00,,0.0,0,Asker,VYG:Line:R14,Asker-Oslo S-Kongsvinger,R14,rail,VYG:ServiceJourney:1018_442925-R,False,planned,False,,,,,2026-09-07T15:44:36.205822+02:00
NSR:StopPlace:58868,Årnes stasjon,2026-09-07T13:19:00+02:00,2026-09-07T13:19:00+02:00,,0.0,0,Aktivitetsvegen,RUT:Line:450,Årnes - Oslo lufthavn,450,bus,RUT:ServiceJourney:e39d68bab232d3e467080308b5db6f91,False,planned,False,,,,,2026-09-07T15:44:36.205822+02:00
NSR:StopPlace:58868,Årnes stasjon,2026-09-07T13:34:00+02:00,2026-09-07T13:34:00+02:00,,0.0,0,Oslo lufthavn,RUT:Line:450,Årnes - Oslo lufthavn,450,bus,RUT:ServiceJourney:cce9312021cd9b92415ae4a839b5167e,False,planned,False,,,,,2026-09-07T15:44:36.205822+02:00
NSR:StopPlace:58868,Årnes stasjon,2026-09-07T13:49:00+02:00,2026-09-07T13:49:00+02:00,,0.0,0,Aktivitetsvegen,RUT:Line:450,Årnes - Oslo lufthavn,450,bus,RUT:ServiceJourney:890dee06835e8ee59eb3cb530377fb74,False,planned,False,,,,,2026-09-07T15:44:36.205822+02:00
NSR:StopPlace:58868,Årnes stasjon,2026-09-07T13:51:00+02:00,2026-09-07T13:51:00+02:00,,0.0,0,Kongsvinger,VYG:Line:R14,Asker-Oslo S-Kongsvinger,R14,rail,VYG:ServiceJourney:1017_442923-R,False,planned,False,,,,,2026-09-07T15:44:36.205822+02:00
NSR:StopPlace:58868,Årnes stasjon,2026-09-07T13:53:00+02:00,2026-09-07T13:53:00+02:00,,0.0,0,Østgård skole,RUT:Line:3659,Østgård - Dragsjøvegen - Årnes,3659,bus,RUT:ServiceJourney:9d5ef47836893bdc7ca8e2c8d273600d,False,planned,False,,,,,2026-09-07T15:44:36.205822+02:00
NSR:StopPlace:58868,Årnes stasjon,2026-09-07T13:55:00+02:00,2026-09-07T13:55:00+02:00,,0.0,0,Rånåsfoss,RUT:Line:3686,Runni - Tomteråsen/ Neskollen - Rånåsfoss,3686,bus,RUT:ServiceJourney:b85b8494b7e6669b3b8a39b607c16c0f,False,planned,False,,,,,2026-09-07T15:44:36.205822+02:00
NSR:StopPlace:58868,Årnes stasjon,2026-09-07T13:55:00+02:00,2026-09-07T13:55:00+02:00,,0.0,0,Lundsvegen,RUT:Line:3657,Årnes - Brauter - Framtun,3657,bus,RUT:ServiceJourney:f235ffb827a8a7722cac09751dfaaff8,False,planned,False,,,,,2026-09-07T15:44:36.205822+02:00
NSR:StopPlace:58868,Årnes stasjon,2026-09-07T14:00:00+02:00,2026-09-07T14:00:00+02:00,,0.0,0,Rånåsfoss,RUT:Line:455,Årnes -Rånåsfoss,455,bus,RUT:ServiceJourney:7ec07ef6a6e45697adef672e4dc94598,False,planned,False,,,,,2026-09-07T15:44:36.205822+02:00
NSR:StopPlace:58868,Årnes stasjon,2026-09-07T16:10:00+02:00,2026-09-07T16:10:00+02:00,,0.0,0,Auli,RUT:Line:453,Rånåsfoss - Årnes,453,bus,RUT:ServiceJourney:864abebf40706227ae8e86c1979772d3,False,planned,False,,,,,2026-09-07T15:44:36.205822+02:00
NSR:StopPlace:58868,Årnes stasjon,2026-09-07T16:19:00+02:00,2026-09-07T16:19:00+02:00,,0.0,0,Aktivitetsvegen,RUT:Line:450,Årnes - Oslo lufthavn,450,bus,RUT:ServiceJourney:3f89627ce2c6b799ec373e81579f3072,False,planned,False,,,,,2026-09-07T15:44:36.205822+02:00
NSR:StopPlace:58869,Ås stasjon,2026-09-07T11:45:00+02:00,2026-09-07T11:45:00+02:00,,0.0,0,Stabekk,VYG:Line:R21,Stabekk-Oslo S-Moss,R21,rail,VYG:ServiceJourney:1130-MOS_443007-R,False,planned,False,,,,,2026-09-07T15:44:36.205822+02:00
NSR:StopPlace:58869,Ås stasjon,2026-09-07T12:10:00+02:00,2026-09-07T12:10:00+02:00,,0.0,0,Moss,VYG:Line:R21,Stabekk-Oslo S-Moss,R21,rail,VYG:ServiceJourney:1127-HVK_443003-R,False,planned,False,,,,,2026-09-07T15:44:36.205822+02:00
NSR:StopPlace:58869,Ås stasjon,2026-09-07T12:15:00+02:00,2026-09-07T12:15:00+02:00,,0.0,0,Stabekk,VYG:Line:R21,Stabekk-Oslo S-Moss,R21,rail,VYG:ServiceJourney:1132-MOS_443009-R,False,planned,False,,,,,2026-09-07T15:44:36.205822+02:00
NSR:StopPlace:58869,Ås stasjon,2026-09-07T12:20:00+02:00,2026-09-07T12:20:00+02:00,,0.0,0,Kroer,RUT:Line:535,Kroer - Ås stasjon,535,bus,RUT:ServiceJourney:3013a3a5a098b0fd9d92f8aed9c75624,False,planned,False,,,,,2026-09-07T15:44:36.205822+02:00
NSR:StopPlace:58869,Ås stasjon,2026-09-07T12:40:00+02:00,2026-09-07T12:40:00+02:00,,0.0,0,Moss,VYG:Line:R21,Stabekk-Oslo S-Moss,R21,rail,VYG:ServiceJourney:1129-HVK_443005-R,False,planned,False,,,,,2026-09-07T15:44:36.205822+02:00
NSR:StopPlace:58869,Ås stasjon,2026-09-07T12:45:00+02:00,2026-09-07T12:45:00+02:00,,0.0,0,Stabekk,VYG:Line:R21,Stabekk-Oslo S-Moss,R21,rail,VYG:ServiceJourney:1134-MOS_443011-R,False,planned,False,,,,,2026-09-07T15:44:36.205822+02:00
NSR:StopPlace:58869,Ås stasjon,2026-09-07T13:10:00+02:00,2026-09-07T13:10:00+02:00,,0.0,0,Moss,VYG:Line:R21,Stabekk-Oslo S-Moss,R21,rail,VYG:ServiceJourney:1131-HVK_443008-R,False,planned,False,,,,,2026-09-07T15:44:36.205822+02:00
NSR:StopPlace:58869,Ås stasjon,2026-09-07T13:15:00+02:00,2026-09-07T13:15:00+02:00,,0.0,0,Stabekk,VYG:Line:R21,Stabekk-Oslo S-Moss,R21,rail,VYG:ServiceJourney:1136-MOS_443013-R,False,planned,False,,,,,2026-09-07T15:44:36.205822+02:00
NSR:StopPlace:58869,Ås stasjon,2026-09-07T13:20:00+02:00,2026-09-07T13:20:00+02:00,,0.0,0,Kroer,RUT:Line:535,Kroer - Ås stasjon,535,bus,RUT:ServiceJourney:046a93a110a268b4b5338d9896c14ee9,False,planned,False,,,,,2026-09-07T15:44:36.205822+02:00
NSR:StopPlace:58869,Ås stasjon,2026-09-07T13:40:00+02:00,2026-09-07T13:40:00+02:00,,0.0,0,Moss,VYG:Line:R21,Stabekk-Oslo S-Moss,R21,rail,VYG:ServiceJourney:1133-HVK_443010-R,False,planned,False,,,,,2026-09-07T15:44:36.205822+02:00
NSR:StopPlace:58869,Ås stasjon,2026-09-07T13:45:00+02:00,2026-09-07T13:45:00+02:00,,0.0,0,Stabekk,VYG:Line:R21,Stabekk-Oslo S-Moss,R21,rail,VYG:ServiceJourney:1138-MOS_443015-R,False,planned,False,,,,,2026-09-07T15:44:36.205822+02:00
NSR:StopPlace:58869,Ås stasjon,2026-09-07T13:50:00+02:00,2026-09-07T13:50:00+02:00,,0.0,0,Kroer,RUT:Line:535,Kroer - Ås stasjon,535,bus,RUT:ServiceJourney:be8b1232348f626a8b396967932ddb8e,False,planned,False,,,,,2026-09-07T15:44:36.205822+02:00
NSR:StopPlace:58869,Ås stasjon,2026-09-07T13:57:00+02:00,2026-09-07T13:57:00+02:00,,0.0,0,Vinterbro,RUT:Line:522,Ås - Vinterbro,522,bus,RUT:ServiceJourney:d943418c0cb10d9cbe110fd41ee7d545,False,planned,False,,,,,2026-09-07T15:44:36.205822+02:00
NSR:StopPlace:58869,Ås stasjon,2026-09-07T14:10:00+02:00,2026-09-07T14:10:00+02:00,,0.0,0,Moss,VYG:Line:R21,Stabekk-Oslo S-Moss,R21,rail,VYG:ServiceJourney:1135-HVK_443012-R,False,planned,False,,,,,2026-09-07T15:44:36.205822+02:00
NSR:StopPlace:58869,Ås stasjon,2026-09-07T14:57:00+02:00,2026-09-07T14:57:00+02:00,,0.0,0,Vinterbro,RUT:Line:522,Ås - Vinterbro,522,bus,RUT:ServiceJourney:0674d75b138e04a378824aabca81d2c6,False,planned,False,,,,,2026-09-07T15:44:36.205822+02:00
NSR:StopPlace:58869,Ås stasjon,2026-09-07T15:57:00+02:00,2026-09-07T15:57:00+02:00,,0.0,0,Vinterbro,RUT:Line:522,Ås - Vinterbro,522,bus,RUT:ServiceJourney:1bf26079913253c6518e0f63a2b750d7,False,planned,False,,,,,2026-09-07T15:44:36.205822+02:00
NSR:StopPlace:58869,Ås stasjon,2026-09-07T16:20:00+02:00,2026-09-07T16:20:00+02:00,,0.0,0,Dyster/Eldor,RUT:Line:536,Dyster/Eldor - Ås stasjon,536,bus,RUT:ServiceJourney:064704f409406bf6bb8f724d81dc7769,False,planned,False,,,,,2026-09-07T15:44:36.205822+02:00
NSR:StopPlace:58869,Ås stasjon,2026-09-07T16:20:00+02:00,2026-09-07T16:20:00+02:00,,0.0,0,Kroer,RUT:Line:535,Kroer - Ås stasjon,535,bus,RUT:ServiceJourney:88111b13c7063579fddcf26d01e8a961,False,planned,False,,,,,2026-09-07T15:44:36.205822+02:00
NSR:StopPlace:58860,Oppegård stasjon,2026-09-07T11:46:00+02:00,2026-09-07T11:46:00+02:00,,0.0,0,Stabekk,VYG:Line:L2,Stabekk-Oslo S-Ski,L2,rail,VYG:ServiceJourney:2732-SKI_443940-R,False,planned,False,,,,,2026-09-07T15:44:36.205822+02:00
NSR:StopPlace:58860,Oppegård stasjon,2026-09-07T11:57:00+02:00,2026-09-07T11:57:00+02:00,,0.0,0,Ski,VYG:Line:L2,Stabekk-Oslo S-Ski,L2,rail,VYG:ServiceJourney:2825_444040-R,False,planned,False,,,,,2026-09-07T15:44:36.205822+02:00
NSR:StopPlace:58860,Oppegård stasjon,2026-09-07T12:01:00+02:00,2026-09-07T12:01:00+02:00,,0.0,0,Skøyen,VYG:Line:L2,Stabekk-Oslo S-Ski,L2,rail,VYG:ServiceJourney:2832-SKI_488375-R,False,planned,False,,,,,2026-09-07T15:44:36.205822+02:00
NSR:StopPlace:58860,Oppegård stasjon,2026-09-07T12:01:00+02:00,2026-09-07T12:01:00+02:00,,0.0,0,Kolbotn torg,RUT:Line:580,Kolbotn - Ski,580,bus,RUT:ServiceJourney:3dc414e96b2f46c379e4d25f97b57696,False,planned,False,,,,,2026-09-07T15:44:36.205822+02:00
NSR:StopPlace:58860,Oppegård stasjon,2026-09-07T12:01:00+02:00,2026-09-07T12:01:00+02:00,,0.0,0,Ski stasjon,RUT:Line:580,Kolbotn - Ski,580,bus,RUT:ServiceJourney:89c7cbfafea49741bc18cb6e44cdcc46,False,planned,False,,,,,2026-09-07T15:44:36.205822+02:00
NSR:StopPlace:58860,Oppegård stasjon,2026-09-07T12:12:00+02:00,2026-09-07T12:12:00+02:00,,0.0,0,Ski,VYG:Line:L2,Stabekk-Oslo S-Ski,L2,rail,VYG:ServiceJourney:2727-HVK_443934-R,False,planned,False,,,,,2026-09-07T15:44:36.205822+02:00
NSR:StopPlace:58860,Oppegård stasjon,2026-09-07T12:16:00+02:00,2026-09-07T12:16:00+02:00,,0.0,0,Stabekk,VYG:Line:L2,Stabekk-Oslo S-Ski,L2,rail,VYG:ServiceJourney:2734-SKI_443942-R,False,planned,False,,,,,2026-09-07T15:44:36.205822+02:00
NSR:StopPlace:58860,Oppegård stasjon,2026-09-07T12:27:00+02:00,2026-09-07T12:27:00+02:00,,0.0,0,Ski,VYG:Line:L2,Stabekk-Oslo S-Ski,L2,rail,VYG:ServiceJourney:2827-BES_488369-R,False,planned,False,,,,,2026-09-07T15:44:36.205822+02:00
NSR:StopPlace:58860,Oppegård stasjon,2026-09-07T12:31:00+02:00,2026-09-07T12:31:00+02:00,,0.0,0,Oslo S,VYG:Line:L2,Stabekk-Oslo S-Ski,L2,rail,VYG:ServiceJourney:2834_444058-R,False,planned,False,,,,,2026-09-07T15:44:36.205822+02:00
NSR:StopPlace:58860,Oppegård stasjon,2026-09-07T12:31:00+02:00,2026-09-07T12:31:00+02:00,,0.0,0,Kolbotn torg,RUT:Line:580,Kolbotn - Ski,580,bus,RUT:ServiceJourney:45548e4f95f77a52f40a7416dd9098c7,False,planned,False,,,,,2026-09-07T15:44:36.205822+02:00
NSR:StopPlace:58860,Oppegård stasjon,2026-09-07T12:31:00+02:00,2026-09-07T12:31:00+02:00,,0.0,0,Ski stasjon,RUT:Line:580,Kolbotn - Ski,580,bus,RUT:ServiceJourney:62261e7d6df7948dce059876a7964e3a,False,planned,False,,,,,2026-09-07T15:44:36.205822+02:00
NSR:StopPlace:58860,Oppegård stasjon,2026-09-07T12:42:00+02:00,2026-09-07T12:42:00+02:00,,0.0,0,Ski,VYG:Line:L2,Stabekk-Oslo S-Ski,L2,rail,VYG:ServiceJourney:2729-HVK_443936-R,False,planned,False,,,,,2026-09-07T15:44:36.205822+02:00
NSR:StopPlace:58860,Oppegård stasjon,2026-09-07T12:46:00+02:00,2026-09-07T12:46:00+02:00,,0.0,0,Stabekk,VYG:Line:L2,Stabekk-Oslo S-Ski,L2,rail,VYG:ServiceJourney:2736-SKI_443944-R,False,planned,False,,,,,2026-09-07T15:44:36.205822+02:00
NSR:StopPlace:58860,Oppegård stasjon,2026-09-07T12:57:00+02:00,2026-09-07T12:57:00+02:00,,0.0,0,Ski,VYG:Line:L2,Stabekk-Oslo S-Ski,L2,rail,VYG:ServiceJourney:2829_444047-R,False,planned,False,,,,,2026-09-07T15:44:36.205822+02:00
NSR:StopPlace:58860,Oppegård stasjon,2026-09-07T13:01:00+02:00,2026-09-07T13:01:00+02:00,,0.0,0,Skøyen,VYG:Line:L2,Stabekk-Oslo S-Ski,L2,rail,VYG:ServiceJourney:2836-SKI_488379-R,False,planned,False,,,,,2026-09-07T15:44:36.205822+02:00
NSR:StopPlace:58860,Oppegård stasjon,2026-09-07T13:01:00+02:00,2026-09-07T13:01:00+02:00,,0.0,0,Kolbotn torg,RUT:Line:580,Kolbotn - Ski,580,bus,RUT:ServiceJourney:20109e063c02c6134307306c2137b9f9,False,planned,False,,,,,2026-09-07T15:44:36.205822+02:00
NSR:StopPlace:58860,Oppegård stasjon,2026-09-07T13:01:00+02:00,2026-09-07T13:01:00+02:00,,0.0,0,Ski stasjon,RUT:Line:580,Kolbotn - Ski,580,bus,RUT:ServiceJourney:fc2c9ac8be065f98da3a34daf33dc90e,False,planned,False,,,,,2026-09-07T15:44:36.205822+02:00
NSR:StopPlace:58860,Oppegård stasjon,2026-09-07T13:12:00+02:00,2026-09-07T13:12:00+02:00,,0.0,0,Ski,VYG:Line:L2,Stabekk-Oslo S-Ski,L2,rail,VYG:ServiceJourney:2731-HVK_443939-R,False,planned,False,,,,,2026-09-07T15:44:36.205822+02:00
NSR:StopPlace:58860,Oppegård stasjon,2026-09-07T13:16:00+02:00,2026-09-07T13:16:00+02:00,,0.0,0,Stabekk,VYG:Line:L2,Stabekk-Oslo S-Ski,L2,rail,VYG:ServiceJourney:2738-SKI_443946-R,False,planned,False,,,,,2026-09-07T15:44:36.205822+02:00
NSR:StopPlace:58860,Oppegård stasjon,2026-09-07T13:27:00+02:00,2026-09-07T13:27:00+02:00,,0.0,0,Ski,VYG:Line:L2,Stabekk-Oslo S-Ski,L2,rail,VYG:ServiceJourney:2831-BES_488373-R,False,planned,False,,,,,2026-09-07T15:44:36.205822+02:00
NSR:StopPlace:58860,Oppegård stasjon,2026-09-07T13:31:00+02:00,2026-09-07T13:31:00+02:00,,0.0,0,Oslo S,VYG:Line:L2,Stabekk-Oslo S-Ski,L2,rail,VYG:ServiceJourney:2838_444066-R,False,planned,False,,,,,2026-09-07T15:44:36.205822+02:00
NSR:StopPlace:58860,Oppegård stasjon,2026-09-07T13:31:00+02:00,2026-09-07T13:31:00+02:00,,0.0,0,Kolbotn torg,RUT:Line:580,Kolbotn - Ski,580,bus,RUT:ServiceJourney:e9d00b62dd2ca0ec3e65a33a86e40740,False,planned,False,,,,,2026-09-07T15:44:36.205822+02:00
NSR:StopPlace:58860,Oppegård stasjon,2026-09-07T13:31:00+02:00,2026-09-07T13:31:00+02:00,,0.0,0,Ski stasjon,RUT:Line:580,Kolbotn - Ski,580,bus,RUT:ServiceJourney:6b35e19a79c9ebd213a7c66d633634e8,False,planned,False,,,,,2026-09-07T15:44:36.205822+02:00
NSR:StopPlace:58860,Oppegård stasjon,2026-09-07T13:42:00+02:00,2026-09-07T13:42:00+02:00,,0.0,0,Ski,VYG:Line:L2,Stabekk-Oslo S-Ski,L2,rail,VYG:ServiceJourney:2733-HVK_443941-R,False,planned,False,,,,,2026-09-07T15:44:36.205822+02:00
NSR:StopPlace:58860,Oppegård stasjon,2026-09-07T13:46:00+02:00,2026-09-07T13:46:00+02:00,,0.0,0,Stabekk,VYG:Line:L2,Stabekk-Oslo S-Ski,L2,rail,VYG:ServiceJourney:2740-SKI_443950-R,False,planned,False,Færre vogner,Denne avgangen kjører dessverre med 3 vogner i stedet for 6 vogner. Dette skyldes at vi mangler et togsett.,general,normal,2026-09-07T15:44:36.205822+02:00
NSR:StopPlace:58860,Oppegård stasjon,2026-09-07T13:57:00+02:00,2026-09-07T13:57:00+02:00,,0.0,0,Ski,VYG:Line:L2,Stabekk-Oslo S-Ski,L2,rail,VYG:ServiceJourney:2833_444056-R,False,planned,False,Færre vogner,Denne avgangen kjører dessverre med 3 vogner i stedet for 6 vogner. Dette skyldes at vi mangler et togsett.,general,normal,2026-09-07T15:44:36.205822+02:00
NSR:StopPlace:58860,Oppegård stasjon,2026-09-07T14:01:00+02:00,2026-09-07T14:01:00+02:00,,0.0,0,Kolbotn torg,RUT:Line:580,Kolbotn - Ski,580,bus,RUT:ServiceJourney:b7b8faf4ade1db6df961453d295df4af,False,planned,False,,,,,2026-09-07T15:44:36.205822+02:00
NSR:StopPlace:58860,Oppegård stasjon,2026-09-07T14:01:00+02:00,2026-09-07T14:01:00+02:00,,0.0,0,Ski stasjon,RUT:Line:580,Kolbotn - Ski,580,bus,RUT:ServiceJourney:fa1030c40b08c0d860bbf8c1e87ea92d,False,planned,False,,,,,2026-09-07T15:44:36.205822+02:00
NSR:StopPlace:58860,Oppegård stasjon,2026-09-07T14:12:00+02:00,2026-09-07T14:12:00+02:00,,0.0,0,Ski,VYG:Line:L2,Stabekk-Oslo S-Ski,L2,rail,VYG:ServiceJourney:2735-HVK_443943-R,False,planned,False,,,,,2026-09-07T15:44:36.205822+02:00
NSR:StopPlace:58860,Oppegård stasjon,2026-09-07T14:27:00+02:00,2026-09-07T14:27:00+02:00,,0.0,0,Ski,VYG:Line:L2,Stabekk-Oslo S-Ski,L2,rail,VYG:ServiceJourney:2835-BES_488377-R,False,planned,False,,,,,2026-09-07T15:44:36.205822+02:00
NSR:StopPlace:58860,Oppegård stasjon,2026-09-07T14:42:00+02:00,2026-09-07T14:42:00+02:00,,0.0,0,Ski,VYG:Line:L2,Stabekk-Oslo S-Ski,L2,rail,VYG:ServiceJourney:2737-HVK_443945-R,False,planned,False,,,,,2026-09-07T15:44:36.205822+02:00
NSR:StopPlace:58861,Solbråtan stasjon,2026-09-07T11:45:00+02:00,2026-09-07T11:45:00+02:00,,0.0,0,Bjørvika,RUT:Line:83,Jernbanetorget - Tårnåsen,83,bus,RUT:ServiceJourney:f903aebbd5ddf57c6f002d0233ac6bf9,False,planned,False,Linje 80E og 83 får Hausmanns bru som ny endeholdeplass fra 29. juni,"Bussene stopper ikke på Jernbanetorget etter 29. juni, men starter og stopper på Hausmanns bru i Nylandsveien.",incident,normal,2026-09-07T15:44:36.205822+02:00
NSR:StopPlace:58861,Solbråtan stasjon,2026-09-07T11:50:00+02:00,2026-09-07T11:50:00+02:00,,0.0,0,Ski,VYG:Line:L2,Stabekk-Oslo S-Ski,L2,rail,VYG:ServiceJourney:2825_444040-R,False,planned,False,,,,,2026-09-07T15:44:36.205822+02:00
NSR:StopPlace:58861,Solbråtan stasjon,2026-09-07T11:53:00+02:00,2026-09-07T11:53:00+02:00,,0.0,0,Stabekk,VYG:Line:L2,Stabekk-Oslo S-Ski,L2,rail,VYG:ServiceJourney:2732-SKI_443940-R,False,planned,False,,,,,2026-09-07T15:44:36.205822+02:00
NSR:StopPlace:58861,Solbråtan stasjon,2026-09-07T12:05:00+02:00,2026-09-07T12:05:00+02:00,,0.0,0,Ski,VYG:Line:L2,Stabekk-Oslo S-Ski,L2,rail,VYG:ServiceJourney:2727-HVK_443934-R,False,planned,False,,,,,2026-09-07T15:44:36.205822+02:00
NSR:StopPlace:58861,Solbråtan stasjon,2026-09-07T12:08:00+02:00,2026-09-07T12:08:00+02:00,,0.0,0,Skøyen,VYG:Line:L2,Stabekk-Oslo S-Ski,L2,rail,VYG:ServiceJourney:2832-SKI_488375-R,False,planned,False,,,,,2026-09-07T15:44:36.205822+02:00
NSR:StopPlace:58861,Solbråtan stasjon,2026-09-07T12:11:00+02:00,2026-09-07T12:11:00+02:00,,0.0,0,Tårnåsen,RUT:Line:83,Jernbanetorget - Tårnåsen,83,bus,RUT:ServiceJourney:a48ae8ffd54126f715d6e4e5ee6999b5,False,planned,False,Linje 80E og 83 får Hausmanns bru som ny endeholdeplass fra 29. juni,"Bussene stopper ikke på Jernbanetorget etter 29. juni, men starter og stopper på Hausmanns bru i Nylandsveien.",incident,normal,2026-09-07T15:44:36.205822+02:00
NSR:StopPlace:58861,Solbråtan stasjon,2026-09-07T12:15:00+02:00,2026-09-07T12:15:00+02:00,,0.0,0,Bjørvika,RUT:Line:83,Jernbanetorget - Tårnåsen,83,bus,RUT:ServiceJourney:15eabc0816e7c4cce03cc1336e6a517a,False,planned,False,Linje 80E og 83 får Hausmanns bru som ny endeholdeplass fra 29. juni,"Bussene stopper ikke på Jernbanetorget etter 29. juni, men starter og stopper på Hausmanns bru i Nylandsveien.",incident,normal,2026-09-07T15:44:36.205822+02:00
NSR:StopPlace:58861,Solbråtan stasjon,2026-09-07T12:20:00+02:00,2026-09-07T12:20:00+02:00,,0.0,0,Ski,VYG:Line:L2,Stabekk-Oslo S-Ski,L2,rail,VYG:ServiceJourney:2827-BES_488369-R,False,planned,False,,,,,2026-09-07T15:44:36.205822+02:00
NSR:StopPlace:58861,Solbråtan stasjon,2026-09-07T12:23:00+02:00,2026-09-07T12:23:00+02:00,,0.0,0,Stabekk,VYG:Line:L2,Stabekk-Oslo S-Ski,L2,rail,VYG:ServiceJourney:2734-SKI_443942-R,False,planned,False,,,,,2026-09-07T15:44:36.205822+02:00
NSR:StopPlace:58861,Solbråtan stasjon,2026-09-07T12:35:00+02:00,2026-09-07T12:35:00+02:00,,0.0,0,Ski,VYG:Line:L2,Stabekk-Oslo S-Ski,L2,rail,VYG:ServiceJourney:2729-HVK_443936-R,False,planned,False,,,,,2026-09-07T15:44:36.205822+02:00
NSR:StopPlace:58861,Solbråtan stasjon,2026-09-07T12:38:00+02:00,2026-09-07T12:38:00+02:00,,0.0,0,Oslo S,VYG:Line:L2,Stabekk-Oslo S-Ski,L2,rail,VYG:ServiceJourney:2834_444058-R,False,planned,False,,,,,2026-09-07T15:44:36.205822+02:00
NSR:StopPlace:58861,Solbråtan stasjon,2026-09-07T12:41:00+02:00,2026-09-07T12:41:00+02:00,,0.0,0,Tårnåsen,RUT:Line:83,Jernbanetorget - Tårnåsen,83,bus,RUT:ServiceJourney:ee419f9ba4077d0198997a18475e346a,False,planned,False,Linje 80E og 83 får Hausmanns bru som ny endeholdeplass fra 29. juni,"Bussene stopper ikke på Jernbanetorget etter 29. juni, men starter og stopper på Hausmanns bru i Nylandsveien.",incident,normal,2026-09-07T15:44:36.205822+02:00
NSR:StopPlace:58861,Solbråtan stasjon,2026-09-07T12:45:00+02:00,2026-09-07T12:45:00+02:00,,0.0,0,Bjørvika,RUT:Line:83,Jernbanetorget - Tårnåsen,83,bus,RUT:ServiceJourney:8fbdb32e9bbc905fa73fd9c832398e2e,False,planned,False,Linje 80E og 83 får Hausmanns bru som ny endeholdeplass fra 29. juni,"Bussene stopper ikke på Jernbanetorget etter 29. juni, men starter og stopper på Hausmanns bru i Nylandsveien.",incident,normal,2026-09-07T15:44:36.205822+02:00
NSR:StopPlace:58861,Solbråtan stasjon,2026-09-07T12:50:00+02:00,2026-09-07T12:50:00+02:00,,0.0,0,Ski,VYG:Line:L2,Stabekk-Oslo S-Ski,L2,rail,VYG:ServiceJourney:2829_444047-R,False,planned,False,,,,,2026-09-07T15:44:36.205822+02:00
NSR:StopPlace:58861,Solbråtan stasjon,2026-09-07T12:53:00+02:00,2026-09-07T12:53:00+02:00,,0.0,0,Stabekk,VYG:Line:L2,Stabekk-Oslo S-Ski,L2,rail,VYG:ServiceJourney:2736-SKI_443944-R,False,planned,False,,,,,2026-09-07T15:44:36.205822+02:00
NSR:StopPlace:58861,Solbråtan stasjon,2026-09-07T13:05:00+02:00,2026-09-07T13:05:00+02:00,,0.0,0,Ski,VYG:Line:L2,Stabekk-Oslo S-Ski,L2,rail,VYG:ServiceJourney:2731-HVK_443939-R,False,planned,False,,,,,2026-09-07T15:44:36.205822+02:00
NSR:StopPlace:58861,Solbråtan stasjon,2026-09-07T13:08:00+02:00,2026-09-07T13:08:00+02:00,,0.0,0,Skøyen,VYG:Line:L2,Stabekk-Oslo S-Ski,L2,rail,VYG:ServiceJourney:2836-SKI_488379-R,False,planned,False,,,,,2026-09-07T15:44:36.205822+02:00
NSR:StopPlace:58861,Solbråtan stasjon,2026-09-07T13:11:00+02:00,2026-09-07T13:11:00+02:00,,0.0,0,Tårnåsen,RUT:Line:83,Jernbanetorget - Tårnåsen,83,bus,RUT:ServiceJourney:6f8a18681610e1954b2cb53375fe762b,False,planned,False,Linje 80E og 83 får Hausmanns bru som ny endeholdeplass fra 29. juni,"Bussene stopper ikke på Jernbanetorget etter 29. juni, men starter og stopper på Hausmanns bru i Nylandsveien.",incident,normal,2026-09-07T15:44:36.205822+02:00
NSR:StopPlace:58861,Solbråtan stasjon,2026-09-07T13:15:00+02:00,2026-09-07T13:15:00+02:00,,0.0,0,Bjørvika,RUT:Line:83,Jernbanetorget - Tårnåsen,83,bus,RUT:ServiceJourney:a367a45fcb3a399cc828c189c3a68d61,False,planned,False,Linje 80E og 83 får Hausmanns bru som ny endeholdeplass fra 29. juni,"Bussene stopper ikke på Jernbanetorget etter 29. juni, men starter og stopper på Hausmanns bru i Nylandsveien.",incident,normal,2026-09-07T15:44:36.205822+02:00
NSR:StopPlace:58861,Solbråtan stasjon,2026-09-07T13:20:00+02:00,2026-09-07T13:20:00+02:00,,0.0,0,Ski,VYG:Line:L2,Stabekk-Oslo S-Ski,L2,rail,VYG:ServiceJourney:2831-BES_488373-R,False,planned,False,,,,,2026-09-07T15:44:36.205822+02:00
NSR:StopPlace:58861,Solbråtan stasjon,2026-09-07T13:23:00+02:00,2026-09-07T13:23:00+02:00,,0.0,0,Stabekk,VYG:Line:L2,Stabekk-Oslo S-Ski,L2,rail,VYG:ServiceJourney:2738-SKI_443946-R,False,planned,False,,,,,2026-09-07T15:44:36.205822+02:00
NSR:StopPlace:58861,Solbråtan stasjon,2026-09-07T13:35:00+02:00,2026-09-07T13:35:00+02:00,,0.0,0,Ski,VYG:Line:L2,Stabekk-Oslo S-Ski,L2,rail,VYG:ServiceJourney:2733-HVK_443941-R,False,planned,False,,,,,2026-09-07T15:44:36.205822+02:00
NSR:StopPlace:58861,Solbråtan stasjon,2026-09-07T13:38:00+02:00,2026-09-07T13:38:00+02:00,,0.0,0,Oslo S,VYG:Line:L2,Stabekk-Oslo S-Ski,L2,rail,VYG:ServiceJourney:2838_444066-R,False,planned,False,,,,,2026-09-07T15:44:36.205822+02:00
NSR:StopPlace:58861,Solbråtan stasjon,2026-09-07T13:41:00+02:00,2026-09-07T13:41:00+02:00,,0.0,0,Tårnåsen,RUT:Line:83,Jernbanetorget - Tårnåsen,83,bus,RUT:ServiceJourney:57529775683cda057f52c6a257aa5924,False,planned,False,Linje 80E og 83 får Hausmanns bru som ny endeholdeplass fra 29. juni,"Bussene stopper ikke på Jernbanetorget etter 29. juni, men starter og stopper på Hausmanns bru i Nylandsveien.",incident,normal,2026-09-07T15:44:36.205822+02:00
NSR:StopPlace:58861,Solbråtan stasjon,2026-09-07T13:45:00+02:00,2026-09-07T13:45:00+02:00,,0.0,0,Bjørvika,RUT:Line:83,Jernbanetorget - Tårnåsen,83,bus,RUT:ServiceJourney:e5fcc026941629a78da533fa3bb2639a,False,planned,False,Linje 80E og 83 får Hausmanns bru som ny endeholdeplass fra 29. juni,"Bussene stopper ikke på Jernbanetorget etter 29. juni, men starter og stopper på Hausmanns bru i Nylandsveien.",incident,normal,2026-09-07T15:44:36.205822+02:00
NSR:StopPlace:58861,Solbråtan stasjon,2026-09-07T13:50:00+02:00,2026-09-07T13:50:00+02:00,,0.0,0,Ski,VYG:Line:L2,Stabekk-Oslo S-Ski,L2,rail,VYG:ServiceJourney:2833_444056-R,False,planned,False,Færre vogner,Denne avgangen kjører dessverre med 3 vogner i stedet for 6 vogner. Dette skyldes at vi mangler et togsett.,general,normal,2026-09-07T15:44:36.205822+02:00
NSR:StopPlace:58861,Solbråtan stasjon,2026-09-07T13:53:00+02:00,2026-09-07T13:53:00+02:00,,0.0,0,Stabekk,VYG:Line:L2,Stabekk-Oslo S-Ski,L2,rail,VYG:ServiceJourney:2740-SKI_443950-R,False,planned,False,Færre vogner,Denne avgangen kjører dessverre med 3 vogner i stedet for 6 vogner. Dette skyldes at vi mangler et togsett.,general,normal,2026-09-07T15:44:36.205822+02:00
NSR:StopPlace:58861,Solbråtan stasjon,2026-09-07T14:05:00+02:00,2026-09-07T14:05:00+02:00,,0.0,0,Ski,VYG:Line:L2,Stabekk-Oslo S-Ski,L2,rail,VYG:ServiceJourney:2735-HVK_443943-R,False,planned,False,,,,,2026-09-07T15:44:36.205822+02:00
NSR:StopPlace:58861,Solbråtan stasjon,2026-09-07T14:11:00+02:00,2026-09-07T14:11:00+02:00,,0.0,0,Tårnåsen,RUT:Line:83,Jernbanetorget - Tårnåsen,83,bus,RUT:ServiceJourney:2d07e6a6af228000bb4721b6571d3b1d,False,planned,False,Linje 80E og 83 får Hausmanns bru som ny endeholdeplass fra 29. juni,"Bussene stopper ikke på Jernbanetorget etter 29. juni, men starter og stopper på Hausmanns bru i Nylandsveien.",incident,normal,2026-09-07T15:44:36.205822+02:00
NSR:StopPlace:58861,Solbråtan stasjon,2026-09-07T14:20:00+02:00,2026-09-07T14:20:00+02:00,,0.0,0,Ski,VYG:Line:L2,Stabekk-Oslo S-Ski,L2,rail,VYG:ServiceJourney:2835-BES_488377-R,False,planned,False,,,,,2026-09-07T15:44:36.205822+02:00
NSR:StopPlace:58861,Solbråtan stasjon,2026-09-07T14:35:00+02:00,2026-09-07T14:35:00+02:00,,0.0,0,Ski,VYG:Line:L2,Stabekk-Oslo S-Ski,L2,rail,VYG:ServiceJourney:2737-HVK_443945-R,False,planned,False,,,,,2026-09-07T15:44:36.205822+02:00
NSR:StopPlace:58862,Strømmen stasjon,2026-09-07T11:45:00+02:00,2026-09-07T11:45:00+02:00,,0.0,0,Spikkestad,VYG:Line:L1,Spikkestad-Oslo S-Lillestrøm,L1,rail,VYG:ServiceJourney:2229_443630-R,False,planned,False,,,,,2026-09-07T15:44:36.205822+02:00
NSR:StopPlace:58862,Strømmen stasjon,2026-09-07T11:50:00+02:00,2026-09-07T11:50:00+02:00,,0.0,0,Lillestrøm,VYG:Line:L1,Spikkestad-Oslo S-Lillestrøm,L1,rail,VYG:ServiceJourney:2126_443532-R,False,planned,False,,,,,2026-09-07T15:44:36.205822+02:00
NSR:StopPlace:58862,Strømmen stasjon,2026-09-07T11:58:00+02:00,2026-09-07T11:58:00+02:00,,0.0,0,Lørenskog sentrum,RUT:Line:385,Nittedal stasjon - Olavsgaard - Ahus,385,bus,RUT:ServiceJourney:117e6b4f3ab705fc8da12814effb30d4,False,planned,False,,,,,2026-09-07T15:44:36.205822+02:00
NSR:StopPlace:58862,Strømmen stasjon,2026-09-07T12:00:00+02:00,2026-09-07T12:00:00+02:00,,0.0,0,Asker,VYG:Line:L1,Spikkestad-Oslo S-Lillestrøm,L1,rail,VYG:ServiceJourney:2129_443535-R,False,planned,False,,,,,2026-09-07T15:44:36.205822+02:00
NSR:StopPlace:58862,Strømmen stasjon,2026-09-07T12:05:00+02:00,2026-09-07T12:05:00+02:00,,0.0,0,Lillestrøm,RUT:Line:381,Guldhaug-Tømte - Lillestrøm,381,bus,RUT:ServiceJourney:7cb4ce4101ee0e83353936d058d4d629,False,planned,False,,,,,2026-09-07T15:44:36.205822+02:00
NSR:StopPlace:58862,Strømmen stasjon,2026-09-07T12:05:00+02:00,2026-09-07T12:05:00+02:00,,0.0,0,Lillestrøm,VYG:Line:L1,Spikkestad-Oslo S-Lillestrøm,L1,rail,VYG:ServiceJourney:2228_445323-R,False,planned,False,,,,,2026-09-07T15:44:36.205822+02:00
NSR:StopPlace:58862,Strømmen stasjon,2026-09-07T12:06:00+02:00,2026-09-07T12:06:00+02:00,,0.0,0,Nittedal,RUT:Line:385,Nittedal stasjon - Olavsgaard - Ahus,385,bus,RUT:ServiceJourney:cacbd7bffb8951eb6c312262c02e5f4f,False,planned,False,,,,,2026-09-07T15:44:36.205822+02:00
NSR:StopPlace:58862,Strømmen stasjon,2026-09-07T12:15:00+02:00,2026-09-07T12:15:00+02:00,,0.0,0,Spikkestad,VYG:Line:L1,Spikkestad-Oslo S-Lillestrøm,L1,rail,VYG:ServiceJourney:2231_443635-R,False,planned,False,,,,,2026-09-07T15:44:36.205822+02:00
NSR:StopPlace:58862,Strømmen stasjon,2026-09-07T12:20:00+02:00,2026-09-07T12:20:00+02:00,,0.0,0,Lillestrøm,VYG:Line:L1,Spikkestad-Oslo S-Lillestrøm,L1,rail,VYG:ServiceJourney:2128_443534-R,False,planned,False,,,,,2026-09-07T15:44:36.205822+02:00
NSR:StopPlace:58862,Strømmen stasjon,2026-09-07T12:28:00+02:00,2026-09-07T12:28:00+02:00,,0.0,0,Lørenskog sentrum,RUT:Line:385,Nittedal stasjon - Olavsgaard - Ahus,385,bus,RUT:ServiceJourney:a8092543ba01263d18d9a88313f85b6b,False,planned,False,,,,,2026-09-07T15:44:36.205822+02:00
NSR:StopPlace:58862,Strømmen stasjon,2026-09-07T12:30:00+02:00,2026-09-07T12:30:00+02:00,,0.0,0,Asker,VYG:Line:L1,Spikkestad-Oslo S-Lillestrøm,L1,rail,VYG:ServiceJourney:2131_443538-R,False,planned,False,,,,,2026-09-07T15:44:36.205822+02:00
NSR:StopPlace:58862,Strømmen stasjon,2026-09-07T12:35:00+02:00,2026-09-07T12:35:00+02:00,,0.0,0,Lillestrøm,VYG:Line:L1,Spikkestad-Oslo S-Lillestrøm,L1,rail,VYG:ServiceJourney:2230_443633-R,False,planned,False,,,,,2026-09-07T15:44:36.205822+02:00
NSR:StopPlace:58862,Strømmen stasjon,2026-09-07T12:36:00+02:00,2026-09-07T12:36:00+02:00,,0.0,0,Nittedal,RUT:Line:385,Nittedal stasjon - Olavsgaard - Ahus,385,bus,RUT:ServiceJourney:0aa50ab2b4ae5eadda508c45f545968c,False,planned,False,,,,,2026-09-07T15:44:36.205822+02:00
NSR:StopPlace:58862,Strømmen stasjon,2026-09-07T12:40:00+02:00,2026-09-07T12:40:00+02:00,,0.0,0,Guldhaug-Tømte,RUT:Line:381,Guldhaug-Tømte - Lillestrøm,381,bus,RUT:ServiceJourney:291786077d7627445f315be7d86a35de,False,planned,False,,,,,2026-09-07T15:44:36.205822+02:00
NSR:StopPlace:58862,Strømmen stasjon,2026-09-07T12:45:00+02:00,2026-09-07T12:45:00+02:00,,0.0,0,Spikkestad,VYG:Line:L1,Spikkestad-Oslo S-Lillestrøm,L1,rail,VYG:ServiceJourney:2233_443638-R,False,planned,False,,,,,2026-09-07T15:44:36.205822+02:00
NSR:StopPlace:58862,Strømmen stasjon,2026-09-07T12:50:00+02:00,2026-09-07T12:50:00+02:00,,0.0,0,Lillestrøm,VYG:Line:L1,Spikkestad-Oslo S-Lillestrøm,L1,rail,VYG:ServiceJourney:2130_443537-R,False,planned,False,,,,,2026-09-07T15:44:36.205822+02:00
NSR:StopPlace:58862,Strømmen stasjon,2026-09-07T12:58:00+02:00,2026-09-07T12:58:00+02:00,,0.0,0,Lørenskog sentrum,RUT:Line:385,Nittedal stasjon - Olavsgaard - Ahus,385,bus,RUT:ServiceJourney:da3bd087ebcc56fe32571beade0a2821,False,planned,False,,,,,2026-09-07T15:44:36.205822+02:00
NSR:StopPlace:58862,Strømmen stasjon,2026-09-07T13:00:00+02:00,2026-09-07T13:00:00+02:00,,0.0,0,Asker,VYG:Line:L1,Spikkestad-Oslo S-Lillestrøm,L1,rail,VYG:ServiceJourney:2133_443540-R,False,planned,False,,,,,2026-09-07T15:44:36.205822+02:00
NSR:StopPlace:58862,Strømmen stasjon,2026-09-07T13:05:00+02:00,2026-09-07T13:05:00+02:00,,0.0,0,Lillestrøm,RUT:Line:381,Guldhaug-Tømte - Lillestrøm,381,bus,RUT:ServiceJourney:c9f7be801d84cc5d9a8688b85c78b095,False,planned,False,,,,,2026-09-07T15:44:36.205822+02:00
NSR:StopPlace:58862,Strømmen stasjon,2026-09-07T13:05:00+02:00,2026-09-07T13:05:00+02:00,,0.0,0,Lillestrøm,VYG:Line:L1,Spikkestad-Oslo S-Lillestrøm,L1,rail,VYG:ServiceJourney:2232_445328-R,False,planned,False,,,,,2026-09-07T15:44:36.205822+02:00
NSR:StopPlace:58862,Strømmen stasjon,2026-09-07T13:06:00+02:00,2026-09-07T13:06:00+02:00,,0.0,0,Nittedal,RUT:Line:385,Nittedal stasjon - Olavsgaard - Ahus,385,bus,RUT:ServiceJourney:3fe72d677a8ad0f714406d99ecb971c0,False,planned,False,,,,,2026-09-07T15:44:36.205822+02:00
NSR:StopPlace:58862,Strømmen stasjon,2026-09-07T13:15:00+02:00,2026-09-07T13:15:00+02:00,,0.0,0,Spikkestad,VYG:Line:L1,Spikkestad-Oslo S-Lillestrøm,L1,rail,VYG:ServiceJourney:2235_443641-R,False,planned,False,,,,,2026-09-07T15:44:36.205822+02:00
NSR:StopPlace:58862,Strømmen stasjon,2026-09-07T13:20:00+02:00,2026-09-07T13:20:00+02:00,,0.0,0,Lillestrøm,VYG:Line:L1,Spikkestad-Oslo S-Lillestrøm,L1,rail,VYG:ServiceJourney:2132_443539-R,False,planned,False,Ta neste tog,Ta neste tog.,incident,normal,2026-09-07T15:44:36.205822+02:00
NSR:StopPlace:58862,Strømmen stasjon,2026-09-07T13:28:00+02:00,2026-09-07T13:28:00+02:00,,0.0,0,Lørenskog sentrum,RUT:Line:385,Nittedal stasjon - Olavsgaard - Ahus,385,bus,RUT:ServiceJourney:ae674aaee0221fc6cc27fa73394eae49,False,planned,False,,,,,2026-09-07T15:44:36.205822+02:00
NSR:StopPlace:58862,Strømmen stasjon,2026-09-07T13:30:00+02:00,2026-09-07T13:30:00+02:00,,0.0,0,Asker,VYG:Line:L1,Spikkestad-Oslo S-Lillestrøm,L1,rail,VYG:ServiceJourney:2135_443542-R,False,planned,False,,,,,2026-09-07T15:44:36.205822+02:00
NSR:StopPlace:58862,Strømmen stasjon,2026-09-07T13:35:00+02:00,2026-09-07T13:35:00+02:00,,0.0,0,Lillestrøm,VYG:Line:L1,Spikkestad-Oslo S-Lillestrøm,L1,rail,VYG:ServiceJourney:2234_443640-R,False,planned,False,,,,,2026-09-07T15:44:36.205822+02:00
NSR:StopPlace:58862,Strømmen stasjon,2026-09-07T13:36:00+02:00,2026-09-07T13:36:00+02:00,,0.0,0,Nittedal,RUT:Line:385,Nittedal stasjon - Olavsgaard - Ahus,385,bus,RUT:ServiceJourney:62e66ae0cf67500d70ac26b744a5e927,False,planned,False,,,,,2026-09-07T15:44:36.205822+02:00
NSR:StopPlace:58862,Strømmen stasjon,2026-09-07T13:40:00+02:00,2026-09-07T13:40:00+02:00,,0.0,0,Guldhaug-Tømte,RUT:Line:381,Guldhaug-Tømte - Lillestrøm,381,bus,RUT:ServiceJourney:6e3d00a395479410f621b44bb4bd6344,False,planned,False,,,,,2026-09-07T15:44:36.205822+02:00
NSR:StopPlace:58862,Strømmen stasjon,2026-09-07T13:50:00+02:00,2026-09-07T13:50:00+02:00,,0.0,0,Lillestrøm,VYG:Line:L1,Spikkestad-Oslo S-Lillestrøm,L1,rail,VYG:ServiceJourney:2134_443541-R,False,planned,False,,,,,2026-09-07T15:44:36.205822+02:00
NSR:StopPlace:58862,Strømmen stasjon,2026-09-07T13:58:00+02:00,2026-09-07T13:58:00+02:00,,0.0,0,Lørenskog sentrum,RUT:Line:385,Nittedal stasjon - Olavsgaard - Ahus,385,bus,RUT:ServiceJourney:f6edbed47b46aba05858ee6fda73d3e3,False,planned,False,,,,,2026-09-07T15:44:36.205822+02:00
NSR:StopPlace:58862,Strømmen stasjon,2026-09-07T14:05:00+02:00,2026-09-07T14:05:00+02:00,,0.0,0,Lillestrøm,RUT:Line:381,Guldhaug-Tømte - Lillestrøm,381,bus,RUT:ServiceJourney:6817bcafda1eb78932aed59c96bc1075,False,planned,False,,,,,2026-09-07T15:44:36.205822+02:00
NSR:StopPlace:58862,Strømmen stasjon,2026-09-07T14:05:00+02:00,2026-09-07T14:05:00+02:00,,0.0,0,Lillestrøm,VYG:Line:L1,Spikkestad-Oslo S-Lillestrøm,L1,rail,VYG:ServiceJourney:2236_443643-R,False,planned,False,,,,,2026-09-07T15:44:36.205822+02:00
NSR:StopPlace:58862,Strømmen stasjon,2026-09-07T14:20:00+02:00,2026-09-07T14:20:00+02:00,,0.0,0,Lillestrøm,VYG:Line:L1,Spikkestad-Oslo S-Lillestrøm,L1,rail,VYG:ServiceJourney:2136_443543-R,False,planned,False,,,,,2026-09-07T15:44:36.205822+02:00
NSR:StopPlace:58874,Stokke stasjon,2026-09-07T11:52:00+02:00,2026-09-07T11:52:00+02:00,,0.0,0,Tønsberg,VKT:Line:520,Tønsberg-Stokke,520,bus,VKT:ServiceJourney:17310,False,planned,False,,,,,2026-09-07T15:44:36.205822+02:00
NSR:StopPlace:58874,Stokke stasjon,2026-09-07T11:56:00+02:00,2026-09-07T11:56:00+02:00,,0.0,0,Eidsvoll,VYG:Line:RE11,Eidsvoll-Oslo S-Skien,RE11,rail,VYG:ServiceJourney:816_444396-R,False,planned,False,,,,,2026-09-07T15:44:36.205822+02:00
NSR:StopPlace:58874,Stokke stasjon,2026-09-07T12:07:00+02:00,2026-09-07T12:07:00+02:00,,0.0,0,Sørby,VKT:Line:520,Tønsberg-Stokke,520,bus,VKT:ServiceJourney:17235,False,planned,False,,,,,2026-09-07T15:44:36.205822+02:00
NSR:StopPlace:58874,Stokke stasjon,2026-09-07T12:07:00+02:00,2026-09-07T12:07:00+02:00,,0.0,0,Skien,VYG:Line:RE11,Eidsvoll-Oslo S-Skien,RE11,rail,VYG:ServiceJourney:813_444393-R,False,planned,False,,,,,2026-09-07T15:44:36.205822+02:00
NSR:StopPlace:58874,Stokke stasjon,2026-09-07T12:22:00+02:00,2026-09-07T12:22:00+02:00,,0.0,0,Tønsberg,VKT:Line:520,Tønsberg-Stokke,520,bus,VKT:ServiceJourney:17311,False,planned,False,,,,,2026-09-07T15:44:36.205822+02:00
NSR:StopPlace:58874,Stokke stasjon,2026-09-07T12:37:00+02:00,2026-09-07T12:37:00+02:00,,0.0,0,Sørby,VKT:Line:520,Tønsberg-Stokke,520,bus,VKT:ServiceJourney:17236,False,planned,False,,,,,2026-09-07T15:44:36.205822+02:00
NSR:StopPlace:58874,Stokke stasjon,2026-09-07T12:52:00+02:00,2026-09-07T12:52:00+02:00,,0.0,0,Tønsberg,VKT:Line:520,Tønsberg-Stokke,520,bus,VKT:ServiceJourney:17312,False,planned,False,,,,,2026-09-07T15:44:36.205822+02:00
NSR:StopPlace:58874,Stokke stasjon,2026-09-07T13:07:00+02:00,2026-09-07T13:07:00+02:00,,0.0,0,Sørby,VKT:Line:520,Tønsberg-Stokke,520,bus,VKT:ServiceJourney:17237,False,planned,False,,,,,2026-09-07T15:44:36.205822+02:00
NSR:StopPlace:58874,Stokke stasjon,2026-09-07T13:07:00+02:00,2026-09-07T13:07:00+02:00,,0.0,0,Skien,VYG:Line:RE11,Eidsvoll-Oslo S-Skien,RE11,rail,VYG:ServiceJourney:815_444395-R,False,planned,False,,,,,2026-09-07T15:44:36.205822+02:00
NSR:StopPlace:58874,Stokke stasjon,2026-09-07T13:22:00+02:00,2026-09-07T13:22:00+02:00,,0.0,0,Tønsberg,VKT:Line:520,Tønsberg-Stokke,520,bus,VKT:ServiceJourney:17313,False,planned,False,,,,,2026-09-07T15:44:36.205822+02:00
NSR:StopPlace:58874,Stokke stasjon,2026-09-07T13:37:00+02:00,2026-09-07T13:37:00+02:00,,0.0,0,Sørby,VKT:Line:520,Tønsberg-Stokke,520,bus,VKT:ServiceJourney:17238,False,planned,False,,,,,2026-09-07T15:44:36.205822+02:00
NSR:StopPlace:58874,Stokke stasjon,2026-09-07T13:52:00+02:00,2026-09-07T13:52:00+02:00,,0.0,0,Tønsberg,VKT:Line:520,Tønsberg-Stokke,520,bus,VKT:ServiceJourney:17314,False,planned,False,,,,,2026-09-07T15:44:36.205822+02:00
NSR:StopPlace:58874,Stokke stasjon,2026-09-07T14:07:00+02:00,2026-09-07T14:07:00+02:00,,0.0,0,Sørby,VKT:Line:520,Tønsberg-Stokke,520,bus,VKT:ServiceJourney:17239,False,planned,False,,,,,2026-09-07T15:44:36.205822+02:00
NSR:StopPlace:58874,Stokke stasjon,2026-09-07T14:37:00+02:00,2026-09-07T14:37:00+02:00,,0.0,0,Sørby,VKT:Line:520,Tønsberg-Stokke,520,bus,VKT:ServiceJourney:17240,False,planned,False,,,,,2026-09-07T15:44:36.205822+02:00
NSR:StopPlace:58874,Stokke stasjon,2026-09-07T15:52:00+02:00,2026-09-07T15:52:00+02:00,,0.0,0,Tønsberg,VKT:Line:520,Tønsberg-Stokke,520,bus,VKT:ServiceJourney:17319,False,planned,False,,,,,2026-09-07T15:44:36.205822+02:00
NSR:StopPlace:58874,Stokke stasjon,2026-09-07T16:00:00+02:00,2026-09-07T16:00:00+02:00,,0.0,0,Sandefjord,VKT:Line:721,Sandefjord-Helgerød-Stokke,721,bus,VKT:ServiceJourney:17800,False,planned,False,,,,,2026-09-07T15:44:36.205822+02:00
NSR:StopPlace:58874,Stokke stasjon,2026-09-07T16:22:00+02:00,2026-09-07T16:22:00+02:00,,0.0,0,Sørby,VKT:Line:520,Tønsberg-Stokke,520,bus,VKT:ServiceJourney:17245,False,planned,False,,,,,2026-09-07T15:44:36.205822+02:00
NSR:StopPlace:58874,Stokke stasjon,2026-09-07T16:22:00+02:00,2026-09-07T16:22:00+02:00,,0.0,0,Tønsberg,VKT:Line:520,Tønsberg-Stokke,520,bus,VKT:ServiceJourney:17320,False,planned,False,,,,,2026-09-07T15:44:36.205822+02:00
NSR:StopPlace:58875,Torp stasjon,2026-09-07T11:51:00+02:00,2026-09-07T11:51:00+02:00,,0.0,0,Eidsvoll,VYG:Line:RE11,Eidsvoll-Oslo S-Skien,RE11,rail,VYG:ServiceJourney:816_444396-R,False,planned,False,,,,,2026-09-07T15:44:36.205822+02:00
NSR:StopPlace:58875,Torp stasjon,2026-09-07T11:55:00+02:00,2026-09-07T11:55:00+02:00,,0.0,0,Torp,VYX:Line:164,S174 Shuttle Sandefjord Lufthavn Torp,S174,bus,VYX:ServiceJourney:7c4787665a33709a888b01235ec655644d03655d,False,planned,False,Info S174,I retning Sandefjord lufthavn Torp vil S174 vente på tog som ankommer Torp stasjon.,general,normal,2026-09-07T15:44:36.205822+02:00
NSR:StopPlace:58875,Torp stasjon,2026-09-07T12:12:00+02:00,2026-09-07T12:12:00+02:00,,0.0,0,Skien,VYG:Line:RE11,Eidsvoll-Oslo S-Skien,RE11,rail,VYG:ServiceJourney:813_444393-R,False,planned,False,,,,,2026-09-07T15:44:36.205822+02:00
NSR:StopPlace:58875,Torp stasjon,2026-09-07T12:16:00+02:00,2026-09-07T12:16:00+02:00,,0.0,0,Torp,VYX:Line:164,S174 Shuttle Sandefjord Lufthavn Torp,S174,bus,VYX:ServiceJourney:86368ec1008146d267a8f6d345df711eea442a14,False,planned,False,Info S174,I retning Sandefjord lufthavn Torp vil S174 vente på tog som ankommer Torp stasjon.,general,normal,2026-09-07T15:44:36.205822+02:00
NSR:StopPlace:58875,Torp stasjon,2026-09-07T12:55:00+02:00,2026-09-07T12:55:00+02:00,,0.0,0,Torp,VYX:Line:164,S174 Shuttle Sandefjord Lufthavn Torp,S174,bus,VYX:ServiceJourney:1b582f323c329c3593364d90afd520b39492832e,False,planned,False,Info S174,I retning Sandefjord lufthavn Torp vil S174 vente på tog som ankommer Torp stasjon.,general,normal,2026-09-07T15:44:36.205822+02:00
NSR:StopPlace:58875,Torp stasjon,2026-09-07T13:12:00+02:00,2026-09-07T13:12:00+02:00,,0.0,0,Skien,VYG:Line:RE11,Eidsvoll-Oslo S-Skien,RE11,rail,VYG:ServiceJourney:815_444395-R,False,planned,False,,,,,2026-09-07T15:44:36.205822+02:00
NSR:StopPlace:58875,Torp stasjon,2026-09-07T13:16:00+02:00,2026-09-07T13:16:00+02:00,,0.0,0,Torp,VYX:Line:164,S174 Shuttle Sandefjord Lufthavn Torp,S174,bus,VYX:ServiceJourney:c99abc96726646a71ece3f050661525078842867,False,planned,False,Info S174,I retning Sandefjord lufthavn Torp vil S174 vente på tog som ankommer Torp stasjon.,general,normal,2026-09-07T15:44:36.205822+02:00
NSR:StopPlace:58875,Torp stasjon,2026-09-07T13:55:00+02:00,2026-09-07T13:55:00+02:00,,0.0,0,Torp,VYX:Line:164,S174 Shuttle Sandefjord Lufthavn Torp,S174,bus,VYX:ServiceJourney:37ad449e34bd5d0c8e83ccb97da87e90909351fe,False,planned,False,Info S174,I retning Sandefjord lufthavn Torp vil S174 vente på tog som ankommer Torp stasjon.,general,normal,2026-09-07T15:44:36.205822+02:00
NSR:StopPlace:58875,Torp stasjon,2026-09-07T14:16:00+02:00,2026-09-07T14:16:00+02:00,,0.0,0,Torp,VYX:Line:164,S174 Shuttle Sandefjord Lufthavn Torp,S174,bus,VYX:ServiceJourney:0a113793681fca95efd0163a9c7622b4369b269c,False,planned,False,Info S174,I retning Sandefjord lufthavn Torp vil S174 vente på tog som ankommer Torp stasjon.,general,normal,2026-09-07T15:44:36.205822+02:00
NSR:StopPlace:58875,Torp stasjon,2026-09-07T14:55:00+02:00,2026-09-07T14:55:00+02:00,,0.0,0,Torp,VYX:Line:164,S174 Shuttle Sandefjord Lufthavn Torp,S174,bus,VYX:ServiceJourney:cb48f817afe2be6cacb16ed0202f9640922bd247,False,planned,False,Info S174,I retning Sandefjord lufthavn Torp vil S174 vente på tog som ankommer Torp stasjon.,general,normal,2026-09-07T15:44:36.205822+02:00
NSR:StopPlace:58875,Torp stasjon,2026-09-07T15:16:00+02:00,2026-09-07T15:16:00+02:00,,0.0,0,Torp,VYX:Line:164,S174 Shuttle Sandefjord Lufthavn Torp,S174,bus,VYX:ServiceJourney:e9dbb4c691961e92f5317e5d05a5d7191c0ea345,False,planned,False,Info S174,I retning Sandefjord lufthavn Torp vil S174 vente på tog som ankommer Torp stasjon.,general,normal,2026-09-07T15:44:36.205822+02:00
NSR:StopPlace:58875,Torp stasjon,2026-09-07T15:55:00+02:00,2026-09-07T15:55:00+02:00,,0.0,0,Torp,VYX:Line:164,S174 Shuttle Sandefjord Lufthavn Torp,S174,bus,VYX:ServiceJourney:dc4f5a5beb19dd34c224e64541e53cb1c7295daf,False,planned,False,Info S174,I retning Sandefjord lufthavn Torp vil S174 vente på tog som ankommer Torp stasjon.,general,normal,2026-09-07T15:44:36.205822+02:00
NSR:StopPlace:58875,Torp stasjon,2026-09-07T16:16:00+02:00,2026-09-07T16:16:00+02:00,,0.0,0,Torp,VYX:Line:164,S174 Shuttle Sandefjord Lufthavn Torp,S174,bus,VYX:ServiceJourney:aabd29900562b4a41f486c43f93a832d30c385c8,False,planned,False,Info S174,I retning Sandefjord lufthavn Torp vil S174 vente på tog som ankommer Torp stasjon.,general,normal,2026-09-07T15:44:36.205822+02:00
NSR:StopPlace:58876,Tønsberg stasjon,2026-09-07T11:52:00+02:00,2026-09-07T11:52:00+02:00,,0.0,0,Skien,VYG:Line:RE11,Eidsvoll-Oslo S-Skien,RE11,rail,VYG:ServiceJourney:813_444393-R,False,planned,False,,,,,2026-09-07T15:44:36.205822+02:00
NSR:StopPlace:58876,Tønsberg stasjon,2026-09-07T11:53:00+02:00,2026-09-07T11:53:00+02:00,,0.0,0,Tønsberg,VKT:Line:520,Tønsberg-Stokke,520,bus,VKT:ServiceJourney:17309,False,planned,False,,,,,2026-09-07T15:44:36.205822+02:00
NSR:StopPlace:58876,Tønsberg stasjon,2026-09-07T11:57:00+02:00,2026-09-07T11:57:00+02:00,,0.0,0,Tønsberg-Åsgårdstrand,VKT:Line:1,Horten-Tønsberg-Sandefjord,1,bus,VKT:ServiceJourney:15635,False,planned,False,,,,,2026-09-07T15:44:36.205822+02:00
NSR:StopPlace:58876,Tønsberg stasjon,2026-09-07T11:58:00+02:00,2026-09-07T11:58:00+02:00,,0.0,0,Tønsberg-Sandeåsen,VKT:Line:59,Barkåker-Tønsberg-Sandeåsen,59,bus,VKT:ServiceJourney:16043,False,planned,False,,,,,2026-09-07T15:44:36.205822+02:00
NSR:StopPlace:58876,Tønsberg stasjon,2026-09-07T12:03:00+02:00,2026-09-07T12:03:00+02:00,,0.0,0,Tønsberg,VKT:Line:500,Tønsberg-Revetal-Bergsåsen,500,bus,VKT:ServiceJourney:17054,False,planned,False,Kan oppstå forsinkelser ,Pga. veiarbeid langs Bispeveien kan det oppstå forsinkelser. Vi beklager dette. ,incident,normal,2026-09-07T15:44:36.205822+02:00
NSR:StopPlace:58876,Tønsberg stasjon,2026-09-07T12:06:00+02:00,2026-09-07T12:06:00+02:00,,0.0,0,Sandefjord-Framnes,VKT:Line:1,Horten-Tønsberg-Sandefjord,1,bus,VKT:ServiceJourney:15570,False,planned,False,,,,,2026-09-07T15:44:36.205822+02:00
NSR:StopPlace:58876,Tønsberg stasjon,2026-09-07T12:06:00+02:00,2026-09-07T12:06:00+02:00,,0.0,0,Stokke - Sørby,VKT:Line:520,Tønsberg-Stokke,520,bus,VKT:ServiceJourney:17236,False,planned,False,,,,,2026-09-07T15:44:36.205822+02:00
NSR:StopPlace:58876,Tønsberg stasjon,2026-09-07T12:08:00+02:00,2026-09-07T12:08:00+02:00,,0.0,0,Tønsberg,VKT:Line:510,Tønsberg-Andebu,510,bus,VKT:ServiceJourney:17171,False,planned,False,Kan oppstå forsinkelser Andebu,Pga. veiarbeid på Gravdal bru vil det kunne oppstå forsinkelser. Vi beklager ulempene. Se vkt.no/avvik for mer info ,incident,normal,2026-09-07T15:44:36.205822+02:00
NSR:StopPlace:58876,Tønsberg stasjon,2026-09-07T12:09:00+02:00,2026-09-07T12:09:00+02:00,,0.0,0,Eidsvoll,VYG:Line:RE11,Eidsvoll-Oslo S-Skien,RE11,rail,VYG:ServiceJourney:816_444396-R,False,planned,False,,,,,2026-09-07T15:44:36.205822+02:00
NSR:StopPlace:58876,Tønsberg stasjon,2026-09-07T12:11:00+02:00,2026-09-07T12:11:00+02:00,,0.0,0,Revetal-Bergsåsen,VKT:Line:500,Tønsberg-Revetal-Bergsåsen,500,bus,VKT:ServiceJourney:17023,False,planned,False,Kan oppstå forsinkelser ,Pga. veiarbeid langs Bispeveien kan det oppstå forsinkelser. Vi beklager dette. ,incident,normal,2026-09-07T15:44:36.205822+02:00
NSR:StopPlace:58876,Tønsberg stasjon,2026-09-07T12:11:00+02:00,2026-09-07T12:11:00+02:00,,0.0,0,Ramnes-Kirkevoll,VKT:Line:501,Tønsberg-Ramnes-Kirkevoll,501,bus,VKT:ServiceJourney:17094,False,planned,False,Kan oppstå forsinkelser ,Pga. veiarbeid langs Bispeveien kan det oppstå forsinkelser. Vi beklager dette. ,incident,normal,2026-09-07T15:44:36.205822+02:00
NSR:StopPlace:58876,Tønsberg stasjon,2026-09-07T12:16:00+02:00,2026-09-07T12:16:00+02:00,,0.0,0,Sem-Andebu,VKT:Line:510,Tønsberg-Andebu,510,bus,VKT:ServiceJourney:17138,False,planned,False,Kan oppstå forsinkelser Andebu,Pga. veiarbeid på Gravdal bru vil det kunne oppstå forsinkelser. Vi beklager ulempene. Se vkt.no/avvik for mer info ,incident,normal,2026-09-07T15:44:36.205822+02:00
NSR:StopPlace:58876,Tønsberg stasjon,2026-09-07T12:23:00+02:00,2026-09-07T12:23:00+02:00,,0.0,0,Tønsberg,VKT:Line:520,Tønsberg-Stokke,520,bus,VKT:ServiceJourney:17310,False,planned,False,,,,,2026-09-07T15:44:36.205822+02:00
NSR:StopPlace:58876,Tønsberg stasjon,2026-09-07T12:27:00+02:00,2026-09-07T12:27:00+02:00,,0.0,0,Tønsberg-Åsgårdstrand,VKT:Line:1,Horten-Tønsberg-Sandefjord,1,bus,VKT:ServiceJourney:15636,False,planned,False,,,,,2026-09-07T15:44:36.205822+02:00
NSR:StopPlace:58876,Tønsberg stasjon,2026-09-07T12:36:00+02:00,2026-09-07T12:36:00+02:00,,0.0,0,Sandefjord-Framnes,VKT:Line:1,Horten-Tønsberg-Sandefjord,1,bus,VKT:ServiceJourney:15571,False,planned,False,,,,,2026-09-07T15:44:36.205822+02:00
NSR:StopPlace:58876,Tønsberg stasjon,2026-09-07T12:36:00+02:00,2026-09-07T12:36:00+02:00,,0.0,0,Barkåker,VKT:Line:59,Barkåker-Tønsberg-Sandeåsen,59,bus,VKT:ServiceJourney:16066,False,planned,False,,,,,2026-09-07T15:44:36.205822+02:00
NSR:StopPlace:58876,Tønsberg stasjon,2026-09-07T12:36:00+02:00,2026-09-07T12:36:00+02:00,,0.0,0,Stokke - Sørby,VKT:Line:520,Tønsberg-Stokke,520,bus,VKT:ServiceJourney:17237,False,planned,False,,,,,2026-09-07T15:44:36.205822+02:00
NSR:StopPlace:58876,Tønsberg stasjon,2026-09-07T12:52:00+02:00,2026-09-07T12:52:00+02:00,,0.0,0,Skien,VYG:Line:RE11,Eidsvoll-Oslo S-Skien,RE11,rail,VYG:ServiceJourney:815_444395-R,False,planned,False,,,,,2026-09-07T15:44:36.205822+02:00
NSR:StopPlace:58876,Tønsberg stasjon,2026-09-07T12:53:00+02:00,2026-09-07T12:53:00+02:00,,0.0,0,Tønsberg,VKT:Line:520,Tønsberg-Stokke,520,bus,VKT:ServiceJourney:17311,False,planned,False,,,,,2026-09-07T15:44:36.205822+02:00
NSR:StopPlace:58876,Tønsberg stasjon,2026-09-07T12:57:00+02:00,2026-09-07T12:57:00+02:00,,0.0,0,Tønsberg-Åsgårdstrand,VKT:Line:1,Horten-Tønsberg-Sandefjord,1,bus,VKT:ServiceJourney:15637,False,planned,False,,,,,2026-09-07T15:44:36.205822+02:00
NSR:StopPlace:58876,Tønsberg stasjon,2026-09-07T12:58:00+02:00,2026-09-07T12:58:00+02:00,,0.0,0,Tønsberg-Sandeåsen,VKT:Line:59,Barkåker-Tønsberg-Sandeåsen,59,bus,VKT:ServiceJourney:16044,False,planned,False,,,,,2026-09-07T15:44:36.205822+02:00
NSR:StopPlace:58876,Tønsberg stasjon,2026-09-07T13:03:00+02:00,2026-09-07T13:03:00+02:00,,0.0,0,Tønsberg,VKT:Line:500,Tønsberg-Revetal-Bergsåsen,500,bus,VKT:ServiceJourney:17055,False,planned,False,Kan oppstå forsinkelser ,Pga. veiarbeid langs Bispeveien kan det oppstå forsinkelser. Vi beklager dette. ,incident,normal,2026-09-07T15:44:36.205822+02:00
NSR:StopPlace:58876,Tønsberg stasjon,2026-09-07T13:06:00+02:00,2026-09-07T13:06:00+02:00,,0.0,0,Sandefjord-Framnes,VKT:Line:1,Horten-Tønsberg-Sandefjord,1,bus,VKT:ServiceJourney:15572,False,planned,False,,,,,2026-09-07T15:44:36.205822+02:00
NSR:StopPlace:58876,Tønsberg stasjon,2026-09-07T13:06:00+02:00,2026-09-07T13:06:00+02:00,,0.0,0,Stokke - Sørby,VKT:Line:520,Tønsberg-Stokke,520,bus,VKT:ServiceJourney:17238,False,planned,False,,,,,2026-09-07T15:44:36.205822+02:00
NSR:StopPlace:58876,Tønsberg stasjon,2026-09-07T13:08:00+02:00,2026-09-07T13:08:00+02:00,,0.0,0,Tønsberg,VKT:Line:510,Tønsberg-Andebu,510,bus,VKT:ServiceJourney:17172,False,planned,False,Kan oppstå forsinkelser Andebu,Pga. veiarbeid på Gravdal bru vil det kunne oppstå forsinkelser. Vi beklager ulempene. Se vkt.no/avvik for mer info ,incident,normal,2026-09-07T15:44:36.205822+02:00
NSR:StopPlace:58876,Tønsberg stasjon,2026-09-07T13:11:00+02:00,2026-09-07T13:11:00+02:00,,0.0,0,Revetal-Bergsåsen,VKT:Line:500,Tønsberg-Revetal-Bergsåsen,500,bus,VKT:ServiceJourney:17024,False,planned,False,Kan oppstå forsinkelser ,Pga. veiarbeid langs Bispeveien kan det oppstå forsinkelser. Vi beklager dette. ,incident,normal,2026-09-07T15:44:36.205822+02:00
NSR:StopPlace:58876,Tønsberg stasjon,2026-09-07T13:16:00+02:00,2026-09-07T13:16:00+02:00,,0.0,0,Sem-Andebu,VKT:Line:510,Tønsberg-Andebu,510,bus,VKT:ServiceJourney:17139,False,planned,False,Kan oppstå forsinkelser Andebu,Pga. veiarbeid på Gravdal bru vil det kunne oppstå forsinkelser. Vi beklager ulempene. Se vkt.no/avvik for mer info ,incident,normal,2026-09-07T15:44:36.205822+02:00
NSR:StopPlace:58876,Tønsberg stasjon,2026-09-07T13:23:00+02:00,2026-09-07T13:23:00+02:00,,0.0,0,Tønsberg,VKT:Line:520,Tønsberg-Stokke,520,bus,VKT:ServiceJourney:17312,False,planned,False,,,,,2026-09-07T15:44:36.205822+02:00
NSR:StopPlace:58876,Tønsberg stasjon,2026-09-07T13:27:00+02:00,2026-09-07T13:27:00+02:00,,0.0,0,Tønsberg-Åsgårdstrand,VKT:Line:1,Horten-Tønsberg-Sandefjord,1,bus,VKT:ServiceJourney:15638,False,planned,False,,,,,2026-09-07T15:44:36.205822+02:00
NSR:StopPlace:58876,Tønsberg stasjon,2026-09-07T13:36:00+02:00,2026-09-07T13:36:00+02:00,,0.0,0,Barkåker,VKT:Line:59,Barkåker-Tønsberg-Sandeåsen,59,bus,VKT:ServiceJourney:16067,False,planned,False,,,,,2026-09-07T15:44:36.205822+02:00
NSR:StopPlace:58876,Tønsberg stasjon,2026-09-07T13:36:00+02:00,2026-09-07T13:36:00+02:00,,0.0,0,Stokke - Sørby,VKT:Line:520,Tønsberg-Stokke,520,bus,VKT:ServiceJourney:17239,False,planned,False,,,,,2026-09-07T15:44:36.205822+02:00
NSR:StopPlace:58876,Tønsberg stasjon,2026-09-07T13:38:00+02:00,2026-09-07T13:38:00+02:00,,0.0,0,Tønsberg,VKT:Line:500,Tønsberg-Revetal-Bergsåsen,500,bus,VKT:ServiceJourney:17056,False,planned,False,Kan oppstå forsinkelser ,Pga. veiarbeid langs Bispeveien kan det oppstå forsinkelser. Vi beklager dette. ,incident,normal,2026-09-07T15:44:36.205822+02:00
NSR:StopPlace:58876,Tønsberg stasjon,2026-09-07T13:43:00+02:00,2026-09-07T13:43:00+02:00,,0.0,0,Tønsberg,VKT:Line:501,Tønsberg-Ramnes-Kirkevoll,501,bus,VKT:ServiceJourney:17104,False,planned,False,Kan oppstå forsinkelser ,Pga. veiarbeid langs Bispeveien kan det oppstå forsinkelser. Vi beklager dette. ,incident,normal,2026-09-07T15:44:36.205822+02:00
NSR:StopPlace:58876,Tønsberg stasjon,2026-09-07T13:53:00+02:00,2026-09-07T13:53:00+02:00,,0.0,0,Tønsberg,VKT:Line:520,Tønsberg-Stokke,520,bus,VKT:ServiceJourney:17313,False,planned,False,,,,,2026-09-07T15:44:36.205822+02:00
NSR:StopPlace:58876,Tønsberg stasjon,2026-09-07T13:58:00+02:00,2026-09-07T13:58:00+02:00,,0.0,0,Tønsberg-Sandeåsen,VKT:Line:59,Barkåker-Tønsberg-Sandeåsen,59,bus,VKT:ServiceJourney:16045,False,planned,False,,,,,2026-09-07T15:44:36.205822+02:00
NSR:StopPlace:58876,Tønsberg stasjon,2026-09-07T14:06:00+02:00,2026-09-07T14:06:00+02:00,,0.0,0,Stokke - Sørby,VKT:Line:520,Tønsberg-Stokke,520,bus,VKT:ServiceJourney:17240,False,planned,False,,,,,2026-09-07T15:44:36.205822+02:00
NSR:StopPlace:58876,Tønsberg stasjon,2026-09-07T14:08:00+02:00,2026-09-07T14:08:00+02:00,,0.0,0,Tønsberg,VKT:Line:503,Tønsberg-Re vgs,503,bus,VKT:ServiceJourney:17114,False,planned,False,,,,,2026-09-07T15:44:36.205822+02:00
NSR:StopPlace:58876,Tønsberg stasjon,2026-09-07T14:08:00+02:00,2026-09-07T14:08:00+02:00,,0.0,0,Tønsberg,VKT:Line:510,Tønsberg-Andebu,510,bus,VKT:ServiceJourney:17173,False,planned,False,Kan oppstå forsinkelser Andebu,Pga. veiarbeid på Gravdal bru vil det kunne oppstå forsinkelser. Vi beklager ulempene. Se vkt.no/avvik for mer info ,incident,normal,2026-09-07T15:44:36.205822+02:00
NSR:StopPlace:58876,Tønsberg stasjon,2026-09-07T14:08:00+02:00,2026-09-07T14:08:00+02:00,,0.0,0,Tønsberg,VKT:Line:500,Tønsberg-Revetal-Bergsåsen,500,bus,VKT:ServiceJourney:17057,False,planned,False,Kan oppstå forsinkelser ,Pga. veiarbeid langs Bispeveien kan det oppstå forsinkelser. Vi beklager dette. ,incident,normal,2026-09-07T15:44:36.205822+02:00
NSR:StopPlace:58876,Tønsberg stasjon,2026-09-07T14:09:00+02:00,2026-09-07T14:09:00+02:00,,0.0,0,Tønsberg,VKT:Line:1701,Sandefjord-E18-Tønsberg,1701,bus,VKT:ServiceJourney:14665,False,planned,False,,,,,2026-09-07T15:44:36.205822+02:00
NSR:StopPlace:58876,Tønsberg stasjon,2026-09-07T14:13:00+02:00,2026-09-07T14:13:00+02:00,,0.0,0,Tønsberg,VKT:Line:501,Tønsberg-Ramnes-Kirkevoll,501,bus,VKT:ServiceJourney:17105,False,planned,False,Kan oppstå forsinkelser ,Pga. veiarbeid langs Bispeveien kan det oppstå forsinkelser. Vi beklager dette. ,incident,normal,2026-09-07T15:44:36.205822+02:00
NSR:StopPlace:58876,Tønsberg stasjon,2026-09-07T14:16:00+02:00,2026-09-07T14:16:00+02:00,,0.0,0,Sem-Andebu,VKT:Line:510,Tønsberg-Andebu,510,bus,VKT:ServiceJourney:17140,False,planned,False,Kan oppstå forsinkelser Andebu,Pga. veiarbeid på Gravdal bru vil det kunne oppstå forsinkelser. Vi beklager ulempene. Se vkt.no/avvik for mer info ,incident,normal,2026-09-07T15:44:36.205822+02:00
NSR:StopPlace:58877,Bø stasjon,2026-09-07T11:55:00+02:00,2026-09-07T11:55:00+02:00,,0.0,0,Lunde,TEL:Line:8322,Bø-Lunde,322,bus,TEL:ServiceJourney:125822,False,planned,False,,,,,2026-09-07T15:44:36.205822+02:00
NSR:StopPlace:58877,Bø stasjon,2026-09-07T11:57:00+02:00,2026-09-07T11:57:00+02:00,,0.0,0,Breisås,TEL:Line:8116,Bø-Folkestad-Nordbø-Breisås,116,bus,TEL:ServiceJourney:125932,False,planned,False,,,,,2026-09-07T15:44:36.205822+02:00
NSR:StopPlace:58877,Bø stasjon,2026-09-07T12:05:00+02:00,2026-09-07T12:05:00+02:00,,0.0,0,Notodden via Nordagutu,TEL:Line:8323,Notodden-Nordagutu-Gvarv-Bø,323,bus,TEL:ServiceJourney:125765,False,planned,False,,,,,2026-09-07T15:44:36.205822+02:00
NSR:StopPlace:58877,Bø stasjon,2026-09-07T12:12:00+02:00,2026-09-07T12:12:00+02:00,,0.0,0,Skien stasjon,TEL:Line:8181,Seljord-Bø-Skien,R1,bus,TEL:ServiceJourney:127052,False,planned,False,,,,,2026-09-07T15:44:36.205822+02:00
NSR:StopPlace:58877,Bø stasjon,2026-09-07T12:12:00+02:00,2026-09-07T12:12:00+02:00,,0.0,0,Folkestad-Nordbø,TEL:Line:8116,Bø-Folkestad-Nordbø-Breisås,116,bus,TEL:ServiceJourney:125933,False,planned,False,,,,,2026-09-07T15:44:36.205822+02:00
NSR:StopPlace:58877,Bø stasjon,2026-09-07T12:26:00+02:00,2026-09-07T12:26:00+02:00,,0.0,0,Oslo S,GOA:Line:50,Sørtoget region,F5,rail,GOA:ServiceJourney:706-KVB_63227-R,False,planned,False,,,,,2026-09-07T15:44:36.205822+02:00
NSR:StopPlace:58877,Bø stasjon,2026-09-07T12:27:00+02:00,2026-09-07T12:27:00+02:00,,0.0,0,Seljord,TEL:Line:8181,Seljord-Bø-Skien,R1,bus,TEL:ServiceJourney:127091,False,planned,False,,,,,2026-09-07T15:44:36.205822+02:00
NSR:StopPlace:58877,Bø stasjon,2026-09-07T12:55:00+02:00,2026-09-07T12:55:00+02:00,,0.0,0,Notodden via Nordagutu,TEL:Line:8323,Notodden-Nordagutu-Gvarv-Bø,323,bus,TEL:ServiceJourney:125766,False,planned,False,,,,,2026-09-07T15:44:36.205822+02:00
NSR:StopPlace:58877,Bø stasjon,2026-09-07T12:57:00+02:00,2026-09-07T12:57:00+02:00,,0.0,0,Breisås,TEL:Line:8116,Bø-Folkestad-Nordbø-Breisås,116,bus,TEL:ServiceJourney:125933,False,planned,False,,,,,2026-09-07T15:44:36.205822+02:00
NSR:StopPlace:58877,Bø stasjon,2026-09-07T13:10:00+02:00,2026-09-07T13:10:00+02:00,,0.0,0,Gvarv via Hørte,TEL:Line:8325,Notodden-Simones-Hørte-Bø,325,bus,TEL:ServiceJourney:126496,False,planned,False,,,,,2026-09-07T15:44:36.205822+02:00
NSR:StopPlace:58877,Bø stasjon,2026-09-07T13:12:00+02:00,2026-09-07T13:12:00+02:00,,0.0,0,Seljord,TEL:Line:8181,Seljord-Bø-Skien,R1,bus,TEL:ServiceJourney:127092,False,planned,False,,,,,2026-09-07T15:44:36.205822+02:00
NSR:StopPlace:58877,Bø stasjon,2026-09-07T13:55:00+02:00,2026-09-07T13:55:00+02:00,,0.0,0,Notodden via Hørte -Sauar,TEL:Line:8324,Notodden-Hjukesvelta-Hørte-Bø,324,bus,TEL:ServiceJourney:125792,False,planned,False,,,,,2026-09-07T15:44:36.205822+02:00
NSR:StopPlace:58877,Bø stasjon,2026-09-07T14:12:00+02:00,2026-09-07T14:12:00+02:00,,0.0,0,Tjønntveit,TEL:Line:8321,Folkestad-Bø,321,bus,TEL:ServiceJourney:125714,False,planned,False,,,,,2026-09-07T15:44:36.205822+02:00
NSR:StopPlace:58877,Bø stasjon,2026-09-07T14:12:00+02:00,2026-09-07T14:12:00+02:00,,0.0,0,Lunde,TEL:Line:8322,Bø-Lunde,322,bus,TEL:ServiceJourney:125824,False,planned,False,,,,,2026-09-07T15:44:36.205822+02:00
NSR:StopPlace:58877,Bø stasjon,2026-09-07T15:55:00+02:00,2026-09-07T15:55:00+02:00,,0.0,0,Notodden via Nordagutu,TEL:Line:8323,Notodden-Nordagutu-Gvarv-Bø,323,bus,TEL:ServiceJourney:125770,False,planned,False,,,,,2026-09-07T15:44:36.205822+02:00
NSR:StopPlace:58877,Bø stasjon,2026-09-07T16:12:00+02:00,2026-09-07T16:12:00+02:00,,0.0,0,Lunde,TEL:Line:8121,Bø-Lunde,121,bus,TEL:ServiceJourney:127356,False,planned,False,,,,,2026-09-07T15:44:36.205822+02:00
NSR:StopPlace:58877,Bø stasjon,2026-09-07T16:22:00+02:00,2026-09-07T16:22:00+02:00,,0.0,0,Folkestad-Nordbø,TEL:Line:8116,Bø-Folkestad-Nordbø-Breisås,116,bus,TEL:ServiceJourney:125937,False,planned,False,,,,,2026-09-07T15:44:36.205822+02:00
NSR:StopPlace:58878,Drangedal stasjon,2026-09-07T11:55:00+02:00,2026-09-07T11:55:00+02:00,,0.0,0,Oslo S,GOA:Line:50,Sørtoget region,F5,rail,GOA:ServiceJourney:706-KVB_63227-R,False,planned,False,,,,,2026-09-07T15:44:36.205822+02:00
NSR:StopPlace:58878,Drangedal stasjon,2026-09-07T12:28:00+02:00,2026-09-07T12:28:00+02:00,,0.0,0,Vold - (Skien/Porsgrunn),TEL:Line:8601,Drangedal-Porsgrunn-Skien,601,bus,TEL:ServiceJourney:126376,False,planned,False,,,,,2026-09-07T15:44:36.205822+02:00
NSR:StopPlace:58878,Drangedal stasjon,2026-09-07T13:15:00+02:00,2026-09-07T13:15:00+02:00,,0.0,0,Dale,TEL:Line:8603,Drangedal-Dale,603,bus,TEL:ServiceJourney:126059,False,planned,False,,,,,2026-09-07T15:44:36.205822+02:00
NSR:StopPlace:58878,Drangedal stasjon,2026-09-07T16:15:00+02:00,2026-09-07T16:15:00+02:00,,0.0,0,Åkresvingen,TEL:Line:8606,Drangedal-Oseid,606,bus,TEL:ServiceJourney:127136,False,planned,False,,,,,2026-09-07T15:44:36.205822+02:00
NSR:StopPlace:58878,Drangedal stasjon,2026-09-07T16:20:00+02:00,2026-09-07T16:20:00+02:00,,0.0,0,Bø Tørdal,TEL:Line:8603,Drangedal-Dale,603,bus,TEL:ServiceJourney:126063,False,planned,False,,,,,2026-09-07T15:44:36.205822+02:00
NSR:StopPlace:58879,Lunde stasjon,2026-09-07T11:55:00+02:00,2026-09-07T11:55:00+02:00,,0.0,0,Ulefoss,TEL:Line:8103,Lunde-Ulefoss,103,bus,TEL:ServiceJourney:126332,False,planned,False,,,,,2026-09-07T15:44:36.205822+02:00
NSR:StopPlace:58879,Lunde stasjon,2026-09-07T12:45:00+02:00,2026-09-07T12:45:00+02:00,,0.0,0,Ulefoss,TEL:Line:8103,Lunde-Ulefoss,103,bus,TEL:ServiceJourney:126333,False,planned,False,,,,,2026-09-07T15:44:36.205822+02:00
NSR:StopPlace:58879,Lunde stasjon,2026-09-07T13:00:00+02:00,2026-09-07T13:00:00+02:00,,0.0,0,Bø,TEL:Line:8322,Bø-Lunde,322,bus,TEL:ServiceJourney:125829,False,planned,False,,,,,2026-09-07T15:44:36.205822+02:00
NSR:StopPlace:58879,Lunde stasjon,2026-09-07T13:45:00+02:00,2026-09-07T13:45:00+02:00,,0.0,0,Ulefoss,TEL:Line:8103,Lunde-Ulefoss,103,bus,TEL:ServiceJourney:126334,False,planned,False,,,,,2026-09-07T15:44:36.205822+02:00
NSR:StopPlace:58879,Lunde stasjon,2026-09-07T15:35:00+02:00,2026-09-07T15:35:00+02:00,,0.0,0,Lunde,TEL:Line:8122,Lunde-Flåbygd,122,bus,TEL:ServiceJourney:127915,False,planned,False,,,,,2026-09-07T15:44:36.205822+02:00
NSR:StopPlace:58879,Lunde stasjon,2026-09-07T16:00:00+02:00,2026-09-07T16:00:00+02:00,,0.0,0,Bø,TEL:Line:8322,Bø-Lunde,322,bus,TEL:ServiceJourney:125832,False,planned,False,,,,,2026-09-07T15:44:36.205822+02:00
NSR:StopPlace:58879,Lunde stasjon,2026-09-07T16:15:00+02:00,2026-09-07T16:15:00+02:00,,0.0,0,Ulefoss,TEL:Line:8103,Lunde-Ulefoss,103,bus,TEL:ServiceJourney:126337,False,planned,False,,,,,2026-09-07T15:44:36.205822+02:00
NSR:StopPlace:58870,Holmestrand stasjon,2026-09-07T11:45:00+02:00,2026-09-07T11:45:00+02:00,,0.0,0,Horten-Tønsberg,VKT:Line:2,Tjøme-Tønsberg-Horten-Holmestr,2,bus,VKT:ServiceJourney:15833,False,planned,False,Forsinkelser Linje 2 og 411,Pga. veiarbeid i Horten sentrum vil det kunne oppstå forsinkelser på busser i tidsrommet 3.-11. september. ,incident,normal,2026-09-07T15:44:36.205822+02:00
NSR:StopPlace:58870,Holmestrand stasjon,2026-09-07T11:55:00+02:00,2026-09-07T11:55:00+02:00,,0.0,0,Hvitstein-Gullhaug,VKT:Line:31,Gullhaug-Kleiverud-Holmestrand,31,bus,VKT:ServiceJourney:14973,False,planned,False,,,,,2026-09-07T15:44:36.205822+02:00
NSR:StopPlace:58870,Holmestrand stasjon,2026-09-07T12:10:00+02:00,2026-09-07T12:10:00+02:00,,0.0,0,Hvitstein-Kleiverud,VKT:Line:30,Kleiverud-Holmestrand,30,bus,VKT:ServiceJourney:14859,False,planned,False,,,,,2026-09-07T15:44:36.205822+02:00
NSR:StopPlace:58870,Holmestrand stasjon,2026-09-07T12:15:00+02:00,2026-09-07T12:15:00+02:00,,0.0,0,Horten-Tønsberg,VKT:Line:2,Tjøme-Tønsberg-Horten-Holmestr,2,bus,VKT:ServiceJourney:15835,False,planned,False,Forsinkelser Linje 2 og 411,Pga. veiarbeid i Horten sentrum vil det kunne oppstå forsinkelser på busser i tidsrommet 3.-11. september. ,incident,normal,2026-09-07T15:44:36.205822+02:00
NSR:StopPlace:58870,Holmestrand stasjon,2026-09-07T12:25:00+02:00,2026-09-07T12:25:00+02:00,,0.0,0,Hvitstein-Gullhaug,VKT:Line:31,Gullhaug-Kleiverud-Holmestrand,31,bus,VKT:ServiceJourney:14974,False,planned,False,,,,,2026-09-07T15:44:36.205822+02:00
NSR:StopPlace:58870,Holmestrand stasjon,2026-09-07T12:28:00+02:00,2026-09-07T12:28:00+02:00,,0.0,0,Eidsvoll,VYG:Line:RE11,Eidsvoll-Oslo S-Skien,RE11,rail,VYG:ServiceJourney:816_444396-R,False,planned,False,,,,,2026-09-07T15:44:36.205822+02:00
NSR:StopPlace:58870,Holmestrand stasjon,2026-09-07T12:31:00+02:00,2026-09-07T12:31:00+02:00,,0.0,0,Skien,VYG:Line:RE11,Eidsvoll-Oslo S-Skien,RE11,rail,VYG:ServiceJourney:815_444395-R,False,planned,False,,,,,2026-09-07T15:44:36.205822+02:00
NSR:StopPlace:58870,Holmestrand stasjon,2026-09-07T12:40:00+02:00,2026-09-07T12:40:00+02:00,,0.0,0,Hvitstein-Kleiverud,VKT:Line:30,Kleiverud-Holmestrand,30,bus,VKT:ServiceJourney:14860,False,planned,False,,,,,2026-09-07T15:44:36.205822+02:00
NSR:StopPlace:58870,Holmestrand stasjon,2026-09-07T12:55:00+02:00,2026-09-07T12:55:00+02:00,,0.0,0,Hvitstein-Gullhaug,VKT:Line:31,Gullhaug-Kleiverud-Holmestrand,31,bus,VKT:ServiceJourney:14975,False,planned,False,,,,,2026-09-07T15:44:36.205822+02:00
NSR:StopPlace:58870,Holmestrand stasjon,2026-09-07T13:10:00+02:00,2026-09-07T13:10:00+02:00,,0.0,0,Hvitstein-Kleiverud,VKT:Line:30,Kleiverud-Holmestrand,30,bus,VKT:ServiceJourney:14861,False,planned,False,,,,,2026-09-07T15:44:36.205822+02:00
NSR:StopPlace:58870,Holmestrand stasjon,2026-09-07T13:15:00+02:00,2026-09-07T13:15:00+02:00,,0.0,0,Horten-Tønsberg,VKT:Line:2,Tjøme-Tønsberg-Horten-Holmestr,2,bus,VKT:ServiceJourney:15839,False,planned,False,Forsinkelser Linje 2 og 411 | Kjører ikke Storgata i Horten,Pga. veiarbeid i Horten sentrum vil det kunne oppstå forsinkelser på busser i tidsrommet 3.-11. september.  | 7.-9. september: Bussene vil ikke kjøre Storgata. Benytt holdeplassene Peders gate eller Horten rb.st. Se vkt.no/avvik Det vil oppstå forsinkelser. ,incident | general,normal | normal,2026-09-07T15:44:36.205822+02:00
NSR:StopPlace:58870,Holmestrand stasjon,2026-09-07T13:25:00+02:00,2026-09-07T13:25:00+02:00,,0.0,0,Hvitstein-Gullhaug,VKT:Line:31,Gullhaug-Kleiverud-Holmestrand,31,bus,VKT:ServiceJourney:14976,False,planned,False,,,,,2026-09-07T15:44:36.205822+02:00
NSR:StopPlace:58870,Holmestrand stasjon,2026-09-07T13:40:00+02:00,2026-09-07T13:40:00+02:00,,0.0,0,Hvitstein-Kleiverud,VKT:Line:30,Kleiverud-Holmestrand,30,bus,VKT:ServiceJourney:14862,False,planned,False,,,,,2026-09-07T15:44:36.205822+02:00
NSR:StopPlace:58870,Holmestrand stasjon,2026-09-07T13:55:00+02:00,2026-09-07T13:55:00+02:00,,0.0,0,Hvitstein-Gullhaug,VKT:Line:31,Gullhaug-Kleiverud-Holmestrand,31,bus,VKT:ServiceJourney:14977,False,planned,False,,,,,2026-09-07T15:44:36.205822+02:00
NSR:StopPlace:58870,Holmestrand stasjon,2026-09-07T14:10:00+02:00,2026-09-07T14:10:00+02:00,,0.0,0,Hvitstein-Kleiverud,VKT:Line:30,Kleiverud-Holmestrand,30,bus,VKT:ServiceJourney:14863,False,planned,False,,,,,2026-09-07T15:44:36.205822+02:00
NSR:StopPlace:58870,Holmestrand stasjon,2026-09-07T15:25:00+02:00,2026-09-07T15:25:00+02:00,,0.0,0,Sande,VKT:Line:230,Sande-Holmestrand,230,bus,VKT:ServiceJourney:15062,False,planned,False,,,,,2026-09-07T15:44:36.205822+02:00
NSR:StopPlace:58870,Holmestrand stasjon,2026-09-07T15:55:00+02:00,2026-09-07T15:55:00+02:00,,0.0,0,Hvitstein-Gullhaug,VKT:Line:31,Gullhaug-Kleiverud-Holmestrand,31,bus,VKT:ServiceJourney:14981,False,planned,False,,,,,2026-09-07T15:44:36.205822+02:00
NSR:StopPlace:58870,Holmestrand stasjon,2026-09-07T16:05:00+02:00,2026-09-07T16:05:00+02:00,,0.0,0,Skoppum-Tønsberg,VKT:Line:8,Tønsberg-Skoppum-Holmestrand,8,bus,VKT:ServiceJourney:15924,False,planned,False,,,,,2026-09-07T15:44:36.205822+02:00
NSR:StopPlace:58870,Holmestrand stasjon,2026-09-07T16:10:00+02:00,2026-09-07T16:10:00+02:00,,0.0,0,Hvitstein-Kleiverud,VKT:Line:30,Kleiverud-Holmestrand,30,bus,VKT:ServiceJourney:14867,False,planned,False,,,,,2026-09-07T15:44:36.205822+02:00
NSR:StopPlace:58870,Holmestrand stasjon,2026-09-07T16:15:00+02:00,2026-09-07T16:15:00+02:00,,0.0,0,Horten-Tønsberg,VKT:Line:2,Tjøme-Tønsberg-Horten-Holmestr,2,bus,VKT:ServiceJourney:15851,False,planned,False,Forsinkelser Linje 2 og 411 | Kjører ikke Storgata i Horten,Pga. veiarbeid i Horten sentrum vil det kunne oppstå forsinkelser på busser i tidsrommet 3.-11. september.  | 7.-9. september: Bussene vil ikke kjøre Storgata. Benytt holdeplassene Peders gate eller Horten rb.st. Se vkt.no/avvik Det vil oppstå forsinkelser. ,incident | general,normal | normal,2026-09-07T15:44:36.205822+02:00
NSR:StopPlace:58870,Holmestrand stasjon,2026-09-07T16:15:00+02:00,2026-09-07T16:15:00+02:00,,0.0,0,Sande,VKT:Line:230,Sande-Holmestrand,230,bus,VKT:ServiceJourney:15063,False,planned,False,,,,,2026-09-07T15:44:36.205822+02:00
NSR:StopPlace:58870,Holmestrand stasjon,2026-09-07T16:20:00+02:00,2026-09-07T16:20:00+02:00,,0.0,0,Gullhaug-Hof,VKT:Line:300,Holmestrand-Gullhaug-Hof,300,bus,VKT:ServiceJourney:14760,False,planned,False,,,,,2026-09-07T15:44:36.205822+02:00
NSR:StopPlace:58870,Holmestrand stasjon,2026-09-07T16:25:00+02:00,2026-09-07T16:25:00+02:00,,0.0,0,Hvitstein-Gullhaug,VKT:Line:31,Gullhaug-Kleiverud-Holmestrand,31,bus,VKT:ServiceJourney:14982,False,planned,False,,,,,2026-09-07T15:44:36.205822+02:00
NSR:StopPlace:58871,Sande stasjon,2026-09-07T12:10:00+02:00,2026-09-07T12:10:00+02:00,,0.0,0,Skafjell-Selvik skole,VKT:Line:10,Drammen-Skoger-Sande,10,bus,VKT:ServiceJourney:104152,False,planned,False,,,,,2026-09-07T15:44:36.205822+02:00
NSR:StopPlace:58871,Sande stasjon,2026-09-07T12:22:00+02:00,2026-09-07T12:22:00+02:00,,0.0,0,Skoger-Drammen,VKT:Line:10,Drammen-Skoger-Sande,10,bus,VKT:ServiceJourney:104205,False,planned,False,,,,,2026-09-07T15:44:36.205822+02:00
NSR:StopPlace:58871,Sande stasjon,2026-09-07T12:24:00+02:00,2026-09-07T12:24:00+02:00,,0.0,0,Skien,VYG:Line:RE11,Eidsvoll-Oslo S-Skien,RE11,rail,VYG:ServiceJourney:815_444395-R,False,planned,False,,,,,2026-09-07T15:44:36.205822+02:00
NSR:StopPlace:58871,Sande stasjon,2026-09-07T12:34:00+02:00,2026-09-07T12:34:00+02:00,,0.0,0,Eidsvoll,VYG:Line:RE11,Eidsvoll-Oslo S-Skien,RE11,rail,VYG:ServiceJourney:816_444396-R,False,planned,False,,,,,2026-09-07T15:44:36.205822+02:00
NSR:StopPlace:58871,Sande stasjon,2026-09-07T12:40:00+02:00,2026-09-07T12:40:00+02:00,,0.0,0,Skafjell-Selvik skole,VKT:Line:10,Drammen-Skoger-Sande,10,bus,VKT:ServiceJourney:104153,False,planned,False,,,,,2026-09-07T15:44:36.205822+02:00
NSR:StopPlace:58871,Sande stasjon,2026-09-07T13:05:00+02:00,2026-09-07T13:05:00+02:00,,0.0,0,Sjølshagen-Kjeldås,VKT:Line:221,Sande-Sjølshagen-Skoger,221,bus,VKT:ServiceJourney:15179,False,planned,False,,,,,2026-09-07T15:44:36.205822+02:00
NSR:StopPlace:58871,Sande stasjon,2026-09-07T13:10:00+02:00,2026-09-07T13:10:00+02:00,,0.0,0,Skafjell-Selvik skole,VKT:Line:10,Drammen-Skoger-Sande,10,bus,VKT:ServiceJourney:104154,False,planned,False,,,,,2026-09-07T15:44:36.205822+02:00
NSR:StopPlace:58871,Sande stasjon,2026-09-07T13:15:00+02:00,2026-09-07T13:15:00+02:00,,0.0,0,Klevjerhagen-Skoger,VKT:Line:222,Kjeldås-Skoger-Sande,222,bus,VKT:ServiceJourney:15190,False,planned,False,,,,,2026-09-07T15:44:36.205822+02:00
NSR:StopPlace:58871,Sande stasjon,2026-09-07T13:20:00+02:00,2026-09-07T13:20:00+02:00,,0.0,0,Svelvik,VKT:Line:200,Svelvik-Sande,200,bus,VKT:ServiceJourney:15041,False,planned,False,,,,,2026-09-07T15:44:36.205822+02:00
NSR:StopPlace:58871,Sande stasjon,2026-09-07T13:22:00+02:00,2026-09-07T13:22:00+02:00,,0.0,0,Skoger-Drammen,VKT:Line:10,Drammen-Skoger-Sande,10,bus,VKT:ServiceJourney:104207,False,planned,False,,,,,2026-09-07T15:44:36.205822+02:00
NSR:StopPlace:58871,Sande stasjon,2026-09-07T13:40:00+02:00,2026-09-07T13:40:00+02:00,,0.0,0,Holmestrand,VKT:Line:230,Sande-Holmestrand,230,bus,VKT:ServiceJourney:15057,False,planned,False,,,,,2026-09-07T15:44:36.205822+02:00
NSR:StopPlace:58871,Sande stasjon,2026-09-07T13:40:00+02:00,2026-09-07T13:40:00+02:00,,0.0,0,Skafjell-Selvik skole,VKT:Line:10,Drammen-Skoger-Sande,10,bus,VKT:ServiceJourney:104155,False,planned,False,,,,,2026-09-07T15:44:36.205822+02:00
NSR:StopPlace:58871,Sande stasjon,2026-09-07T13:52:00+02:00,2026-09-07T13:52:00+02:00,,0.0,0,Skoger-Drammen,VKT:Line:10,Drammen-Skoger-Sande,10,bus,VKT:ServiceJourney:104208,False,planned,False,,,,,2026-09-07T15:44:36.205822+02:00
NSR:StopPlace:58871,Sande stasjon,2026-09-07T14:00:00+02:00,2026-09-07T14:00:00+02:00,,0.0,0,Skafjell-Selvik skole,VKT:Line:10,Drammen-Skoger-Sande,10,bus,VKT:ServiceJourney:104156,False,planned,False,,,,,2026-09-07T15:44:36.205822+02:00
NSR:StopPlace:58871,Sande stasjon,2026-09-07T14:15:00+02:00,2026-09-07T14:15:00+02:00,,0.0,0,Klevjerhagen-Skoger,VKT:Line:222,Kjeldås-Skoger-Sande,222,bus,VKT:ServiceJourney:15191,False,planned,False,,,,,2026-09-07T15:44:36.205822+02:00
NSR:StopPlace:58871,Sande stasjon,2026-09-07T14:15:00+02:00,2026-09-07T14:15:00+02:00,,0.0,0,Klevjerhagen-Kjeldås,VKT:Line:220,Kjeldås-Sande,220,bus,VKT:ServiceJourney:15075,False,planned,False,,,,,2026-09-07T15:44:36.205822+02:00
NSR:StopPlace:58871,Sande stasjon,2026-09-07T14:17:00+02:00,2026-09-07T14:17:00+02:00,,0.0,0,Sjølshagen-Skoger,VKT:Line:221,Sande-Sjølshagen-Skoger,221,bus,VKT:ServiceJourney:15180,False,planned,False,,,,,2026-09-07T15:44:36.205822+02:00
NSR:StopPlace:58871,Sande stasjon,2026-09-07T14:22:00+02:00,2026-09-07T14:22:00+02:00,,0.0,0,Skoger-Drammen,VKT:Line:10,Drammen-Skoger-Sande,10,bus,VKT:ServiceJourney:104209,False,planned,False,,,,,2026-09-07T15:44:36.205822+02:00
NSR:StopPlace:58871,Sande stasjon,2026-09-07T14:52:00+02:00,2026-09-07T14:52:00+02:00,,0.0,0,Skoger-Drammen,VKT:Line:10,Drammen-Skoger-Sande,10,bus,VKT:ServiceJourney:104210,False,planned,False,,,,,2026-09-07T15:44:36.205822+02:00
NSR:StopPlace:58871,Sande stasjon,2026-09-07T15:40:00+02:00,2026-09-07T15:40:00+02:00,,0.0,0,Klevjerhagen-Kjeldås,VKT:Line:220,Kjeldås-Sande,220,bus,VKT:ServiceJourney:15077,False,planned,False,,,,,2026-09-07T15:44:36.205822+02:00
NSR:StopPlace:58871,Sande stasjon,2026-09-07T16:10:00+02:00,2026-09-07T16:10:00+02:00,,0.0,0,Klevjerhagen-Kjeldås,VKT:Line:220,Kjeldås-Sande,220,bus,VKT:ServiceJourney:15078,False,planned,False,,,,,2026-09-07T15:44:36.205822+02:00
NSR:StopPlace:58871,Sande stasjon,2026-09-07T16:22:00+02:00,2026-09-07T16:22:00+02:00,,0.0,0,Skoger-Drammen,VKT:Line:10,Drammen-Skoger-Sande,10,bus,VKT:ServiceJourney:104213,False,planned,False,,,,,2026-09-07T15:44:36.205822+02:00
NSR:StopPlace:58872,Sandefjord stasjon,2026-09-07T11:47:00+02:00,2026-09-07T11:47:00+02:00,,0.0,0,Eidsvoll,VYG:Line:RE11,Eidsvoll-Oslo S-Skien,RE11,rail,VYG:ServiceJourney:816_444396-R,False,planned,False,,,,,2026-09-07T15:44:36.205822+02:00
NSR:StopPlace:58872,Sandefjord stasjon,2026-09-07T12:18:00+02:00,2026-09-07T12:18:00+02:00,,0.0,0,Skien,VYG:Line:RE11,Eidsvoll-Oslo S-Skien,RE11,rail,VYG:ServiceJourney:813_444393-R,False,planned,False,,,,,2026-09-07T15:44:36.205822+02:00
NSR:StopPlace:58872,Sandefjord stasjon,2026-09-07T13:18:00+02:00,2026-09-07T13:18:00+02:00,,0.0,0,Skien,VYG:Line:RE11,Eidsvoll-Oslo S-Skien,RE11,rail,VYG:ServiceJourney:815_444395-R,False,planned,False,,,,,2026-09-07T15:44:36.205822+02:00
NSR:StopPlace:58873,Skoppum stasjon,2026-09-07T12:00:00+02:00,2026-09-07T12:00:00+02:00,,0.0,0,Holtandalen-Horten,VKT:Line:40,Horten-Holtandalen-Skoppum,40,bus,VKT:ServiceJourney:17429,False,planned,False,,,,,2026-09-07T15:44:36.205822+02:00
NSR:StopPlace:58873,Skoppum stasjon,2026-09-07T12:20:00+02:00,2026-09-07T12:20:00+02:00,,0.0,0,Eidsvoll,VYG:Line:RE11,Eidsvoll-Oslo S-Skien,RE11,rail,VYG:ServiceJourney:816_444396-R,False,planned,False,,,,,2026-09-07T15:44:36.205822+02:00
NSR:StopPlace:58873,Skoppum stasjon,2026-09-07T12:30:00+02:00,2026-09-07T12:30:00+02:00,,0.0,0,Holtandalen-Horten,VKT:Line:40,Horten-Holtandalen-Skoppum,40,bus,VKT:ServiceJourney:17430,False,planned,False,,,,,2026-09-07T15:44:36.205822+02:00
NSR:StopPlace:58873,Skoppum stasjon,2026-09-07T12:40:00+02:00,2026-09-07T12:40:00+02:00,,0.0,0,Skien,VYG:Line:RE11,Eidsvoll-Oslo S-Skien,RE11,rail,VYG:ServiceJourney:815_444395-R,False,planned,False,,,,,2026-09-07T15:44:36.205822+02:00
NSR:StopPlace:58873,Skoppum stasjon,2026-09-07T13:00:00+02:00,2026-09-07T13:00:00+02:00,,0.0,0,Holtandalen-Horten,VKT:Line:40,Horten-Holtandalen-Skoppum,40,bus,VKT:ServiceJourney:17431,False,planned,False,,,,,2026-09-07T15:44:36.205822+02:00
NSR:StopPlace:58873,Skoppum stasjon,2026-09-07T13:30:00+02:00,2026-09-07T13:30:00+02:00,,0.0,0,Holtandalen-Horten,VKT:Line:40,Horten-Holtandalen-Skoppum,40,bus,VKT:ServiceJourney:17432,False,planned,False,,,,,2026-09-07T15:44:36.205822+02:00
NSR:StopPlace:58873,Skoppum stasjon,2026-09-07T14:00:00+02:00,2026-09-07T14:00:00+02:00,,0.0,0,Holtandalen-Horten,VKT:Line:40,Horten-Holtandalen-Skoppum,40,bus,VKT:ServiceJourney:17433,False,planned,False,,,,,2026-09-07T15:44:36.205822+02:00
NSR:StopPlace:58873,Skoppum stasjon,2026-09-07T16:00:00+02:00,2026-09-07T16:00:00+02:00,,0.0,0,Holtandalen-Horten,VKT:Line:40,Horten-Holtandalen-Skoppum,40,bus,VKT:ServiceJourney:17438,False,planned,False,,,,,2026-09-07T15:44:36.205822+02:00
NSR:StopPlace:58885,Trykkerud stasjon,2026-09-07T12:42:00+02:00,2026-09-07T12:42:00+02:00,,0.0,0,Notodden,VYG:Line:R55,Porsgrunn-Notodden,R55,rail,VYG:ServiceJourney:2478_443749-R,False,planned,False,,,,,2026-09-07T15:44:36.205822+02:00
NSR:StopPlace:58885,Trykkerud stasjon,2026-09-07T13:15:00+02:00,2026-09-07T13:15:00+02:00,,0.0,0,Porsgrunn,VYG:Line:R55,Porsgrunn-Notodden,R55,rail,VYG:ServiceJourney:2481_443751-R,False,planned,False,,,,,2026-09-07T15:44:36.205822+02:00
NSR:StopPlace:58886,Arendal stasjon,2026-09-07T11:47:00+02:00,2026-09-07T11:47:00+02:00,,0.0,0,Eydehavn,AKT:Line:101,Eydehavn-Arendal-Grimstad N/S,101,bus,AKT:ServiceJourney:71863_202_90_78000_82680_40001426,False,planned,False,,,,,2026-09-07T15:44:36.205822+02:00
NSR:StopPlace:58886,Arendal stasjon,2026-09-07T11:52:00+02:00,2026-09-07T11:52:00+02:00,,0.0,0,Hisøy via Arendal sentrum,AKT:Line:103,Tromøy Vest-Arendal-Hisøy,103,bus,AKT:ServiceJourney:83471_91_54_83280_85920_40001671,False,planned,False,,,,,2026-09-07T15:44:36.205822+02:00
NSR:StopPlace:58886,Arendal stasjon,2026-09-07T11:57:00+02:00,2026-09-07T11:57:00+02:00,,0.0,0,Solåsen,AKT:Line:111,Sykehuset-Arendal-Solåsen,111,bus,AKT:ServiceJourney:73592_121_33_84840_86940_40001010,False,planned,False,,,,,2026-09-07T15:44:36.205822+02:00
NSR:StopPlace:58886,Arendal stasjon,2026-09-07T12:02:00+02:00,2026-09-07T12:02:00+02:00,,0.0,0,Tromøy Vest,AKT:Line:103,Tromøy Vest-Arendal-Hisøy,103,bus,AKT:ServiceJourney:83636_102_50_83760_86400_40001024,False,planned,False,,,,,2026-09-07T15:44:36.205822+02:00
NSR:StopPlace:58886,Arendal stasjon,2026-09-07T12:07:00+02:00,2026-09-07T12:07:00+02:00,,0.0,0,Grimstad via Arendal sentrum,AKT:Line:101,Eydehavn-Arendal-Grimstad N/S,101,bus,AKT:ServiceJourney:71744_221_89_85200_89580_40000971,False,planned,False,,,,,2026-09-07T15:44:36.205822+02:00
NSR:StopPlace:58886,Arendal stasjon,2026-09-07T12:10:00+02:00,2026-09-07T12:10:00+02:00,,0.0,0,Nelaug,GOA:Line:53,Sørtoget lokal,R50,rail,GOA:ServiceJourney:2068_63021-R,False,planned,False,,,,,2026-09-07T15:44:36.205822+02:00
NSR:StopPlace:58886,Arendal stasjon,2026-09-07T12:10:00+02:00,2026-09-07T12:10:00+02:00,,0.0,0,Sykehuset via Arendal sentrum,AKT:Line:111,Sykehuset-Arendal-Solåsen,111,bus,AKT:ServiceJourney:73592_121_33_84840_86940_40001010,False,planned,False,,,,,2026-09-07T15:44:36.205822+02:00
NSR:StopPlace:58886,Arendal stasjon,2026-09-07T12:17:00+02:00,2026-09-07T12:17:00+02:00,,0.0,0,Eydehavn,AKT:Line:101,Eydehavn-Arendal-Grimstad N/S,101,bus,AKT:ServiceJourney:71864_212_87_81960_86460_40001426,False,planned,False,,,,,2026-09-07T15:44:36.205822+02:00
NSR:StopPlace:58886,Arendal stasjon,2026-09-07T12:22:00+02:00,2026-09-07T12:22:00+02:00,,0.0,0,Rykene via Arendal sentrum,AKT:Line:102,Tromøy Øst-Arendal-Rykene,102,bus,AKT:ServiceJourney:72010_91_59_86760_89760_40001669,False,planned,False,,,,,2026-09-07T15:44:36.205822+02:00
NSR:StopPlace:58886,Arendal stasjon,2026-09-07T12:27:00+02:00,2026-09-07T12:27:00+02:00,,0.0,0,Solåsen,AKT:Line:111,Sykehuset-Arendal-Solåsen,111,bus,AKT:ServiceJourney:73593_131_33_88440_90540_40001010,False,planned,False,,,,,2026-09-07T15:44:36.205822+02:00
NSR:StopPlace:58886,Arendal stasjon,2026-09-07T12:32:00+02:00,2026-09-07T12:32:00+02:00,,0.0,0,Tromøy Øst via Tromøy kirkevei,AKT:Line:102,Tromøy Øst-Arendal-Rykene,102,bus,AKT:ServiceJourney:72177_112_84_86760_90780_40000975,False,planned,False,,,,,2026-09-07T15:44:36.205822+02:00
NSR:StopPlace:58886,Arendal stasjon,2026-09-07T12:37:00+02:00,2026-09-07T12:37:00+02:00,,0.0,0,Grimstad via Arendal sentrum,AKT:Line:101,Eydehavn-Arendal-Grimstad N/S,101,bus,AKT:ServiceJourney:71745_231_89_88800_93360_40000971,False,planned,False,,,,,2026-09-07T15:44:36.205822+02:00
NSR:StopPlace:58886,Arendal stasjon,2026-09-07T12:40:00+02:00,2026-09-07T12:40:00+02:00,,0.0,0,Sykehuset via Arendal sentrum,AKT:Line:111,Sykehuset-Arendal-Solåsen,111,bus,AKT:ServiceJourney:73593_131_33_88440_90540_40001010,False,planned,False,,,,,2026-09-07T15:44:36.205822+02:00
NSR:StopPlace:58886,Arendal stasjon,2026-09-07T12:47:00+02:00,2026-09-07T12:47:00+02:00,,0.0,0,Eydehavn,AKT:Line:101,Eydehavn-Arendal-Grimstad N/S,101,bus,AKT:ServiceJourney:71865_222_90_85200_89880_40001426,False,planned,False,,,,,2026-09-07T15:44:36.205822+02:00
NSR:StopPlace:58886,Arendal stasjon,2026-09-07T12:52:00+02:00,2026-09-07T12:52:00+02:00,,0.0,0,Hisøy via Arendal sentrum,AKT:Line:103,Tromøy Vest-Arendal-Hisøy,103,bus,AKT:ServiceJourney:83472_101_54_90480_93120_40001671,False,planned,False,,,,,2026-09-07T15:44:36.205822+02:00
NSR:StopPlace:58886,Arendal stasjon,2026-09-07T12:57:00+02:00,2026-09-07T12:57:00+02:00,,0.0,0,Solåsen,AKT:Line:111,Sykehuset-Arendal-Solåsen,111,bus,AKT:ServiceJourney:73594_141_33_92040_94140_40001010,False,planned,False,,,,,2026-09-07T15:44:36.205822+02:00
NSR:StopPlace:58886,Arendal stasjon,2026-09-07T13:02:00+02:00,2026-09-07T13:02:00+02:00,,0.0,0,Tromøy Vest,AKT:Line:103,Tromøy Vest-Arendal-Hisøy,103,bus,AKT:ServiceJourney:83637_112_50_90960_93600_40001024,False,planned,False,,,,,2026-09-07T15:44:36.205822+02:00
NSR:StopPlace:58886,Arendal stasjon,2026-09-07T13:07:00+02:00,2026-09-07T13:07:00+02:00,,0.0,0,Grimstad via Arendal sentrum,AKT:Line:101,Eydehavn-Arendal-Grimstad N/S,101,bus,AKT:ServiceJourney:71746_241_89_92400_96780_40000971,False,planned,False,,,,,2026-09-07T15:44:36.205822+02:00
NSR:StopPlace:58886,Arendal stasjon,2026-09-07T13:10:00+02:00,2026-09-07T13:10:00+02:00,,0.0,0,Sykehuset via Arendal sentrum,AKT:Line:111,Sykehuset-Arendal-Solåsen,111,bus,AKT:ServiceJourney:73594_141_33_92040_94140_40001010,False,planned,False,,,,,2026-09-07T15:44:36.205822+02:00
NSR:StopPlace:58886,Arendal stasjon,2026-09-07T13:17:00+02:00,2026-09-07T13:17:00+02:00,,0.0,0,Eydehavn - korr. Staubø,AKT:Line:101,Eydehavn-Arendal-Grimstad N/S,101,bus,AKT:ServiceJourney:71866_232_87_89160_93660_40001426,False,planned,False,,,,,2026-09-07T15:44:36.205822+02:00
NSR:StopPlace:58886,Arendal stasjon,2026-09-07T13:27:00+02:00,2026-09-07T13:27:00+02:00,,0.0,0,Solåsen,AKT:Line:111,Sykehuset-Arendal-Solåsen,111,bus,AKT:ServiceJourney:73595_151_33_95640_97740_40001010,False,planned,False,,,,,2026-09-07T15:44:36.205822+02:00
NSR:StopPlace:58886,Arendal stasjon,2026-09-07T13:29:00+02:00,2026-09-07T13:29:00+02:00,,0.0,0,Rykene via Arendal sentrum,AKT:Line:102,Tromøy Øst-Arendal-Rykene,102,bus,AKT:ServiceJourney:72011_101_72_93960_97380_40001667,False,planned,False,,,,,2026-09-07T15:44:36.205822+02:00
NSR:StopPlace:58886,Arendal stasjon,2026-09-07T13:32:00+02:00,2026-09-07T13:32:00+02:00,,0.0,0,Tromøy Øst via Tromøy kirkevei,AKT:Line:102,Tromøy Øst-Arendal-Rykene,102,bus,AKT:ServiceJourney:72065_122_71_93960_97380_40000975,False,planned,False,,,,,2026-09-07T15:44:36.205822+02:00
NSR:StopPlace:58886,Arendal stasjon,2026-09-07T13:40:00+02:00,2026-09-07T13:40:00+02:00,,0.0,0,Sykehuset via Arendal sentrum,AKT:Line:111,Sykehuset-Arendal-Solåsen,111,bus,AKT:ServiceJourney:73595_151_33_95640_97740_40001010,False,planned,False,,,,,2026-09-07T15:44:36.205822+02:00
NSR:StopPlace:58886,Arendal stasjon,2026-09-07T13:47:00+02:00,2026-09-07T13:47:00+02:00,,0.0,0,Eydehavn,AKT:Line:101,Eydehavn-Arendal-Grimstad N/S,101,bus,AKT:ServiceJourney:71867_242_90_92400_97080_40001426,False,planned,False,,,,,2026-09-07T15:44:36.205822+02:00
NSR:StopPlace:58886,Arendal stasjon,2026-09-07T13:57:00+02:00,2026-09-07T13:57:00+02:00,,0.0,0,Solåsen,AKT:Line:111,Sykehuset-Arendal-Solåsen,111,bus,AKT:ServiceJourney:73596_161_33_99240_101340_40001010,False,planned,False,,,,,2026-09-07T15:44:36.205822+02:00
NSR:StopPlace:58886,Arendal stasjon,2026-09-07T14:02:00+02:00,2026-09-07T14:02:00+02:00,,0.0,0,Tromøy Vest,AKT:Line:103,Tromøy Vest-Arendal-Hisøy,103,bus,AKT:ServiceJourney:83638_122_50_98160_100800_40001024,False,planned,False,,,,,2026-09-07T15:44:36.205822+02:00
NSR:StopPlace:58886,Arendal stasjon,2026-09-07T14:10:00+02:00,2026-09-07T14:10:00+02:00,,0.0,0,Sykehuset via Arendal sentrum,AKT:Line:111,Sykehuset-Arendal-Solåsen,111,bus,AKT:ServiceJourney:73596_161_33_99240_101340_40001010,False,planned,False,,,,,2026-09-07T15:44:36.205822+02:00
NSR:StopPlace:58886,Arendal stasjon,2026-09-07T14:17:00+02:00,2026-09-07T14:17:00+02:00,,0.0,0,Saltrød senter - korr. Staubø,AKT:Line:101,Eydehavn-Arendal-Grimstad N/S,101,bus,AKT:ServiceJourney:82296_256_22_102600_103380_40001389,False,planned,False,,,,,2026-09-07T15:44:36.205822+02:00
NSR:StopPlace:58888,Blakstad stasjon,2026-09-07T12:25:00+02:00,2026-09-07T12:25:00+02:00,,0.0,0,Nelaug,GOA:Line:53,Sørtoget lokal,R50,rail,GOA:ServiceJourney:2068_63021-R,False,planned,False,,,,,2026-09-07T15:44:36.205822+02:00
NSR:StopPlace:58888,Blakstad stasjon,2026-09-07T13:20:00+02:00,2026-09-07T13:20:00+02:00,,0.0,0,Arendal,GOA:Line:53,Sørtoget lokal,R50,rail,GOA:ServiceJourney:2069_63022-R,False,planned,False,,,,,2026-09-07T15:44:36.205822+02:00
NSR:StopPlace:58888,Blakstad stasjon,2026-09-07T16:25:00+02:00,2026-09-07T16:25:00+02:00,,0.0,0,Nelaug,GOA:Line:53,Sørtoget lokal,R50,rail,GOA:ServiceJourney:2072_63025-R,False,planned,False,,,,,2026-09-07T15:44:36.205822+02:00
NSR:StopPlace:58889,Gjerstad stasjon,2026-09-07T14:02:00+02:00,2026-09-07T14:02:00+02:00,,0.0,0,Vinterkjær - korr. Risør/Arendal,AKT:Line:166,Gjerstad-Vinterkjær,166,bus,AKT:ServiceJourney:73894_71_49_100200_102600_3901663,False,planned,False,,,,,2026-09-07T15:44:36.205822+02:00
NSR:StopPlace:58880,Neslandsvatn stasjon,2026-09-07T13:00:00+02:00,2026-09-07T13:00:00+02:00,,0.0,0,Drangedal,TEL:Line:8607,Drangedal-Kragerø,607,bus,TEL:ServiceJourney:126280,False,planned,False,,,,,2026-09-07T15:44:36.205822+02:00
NSR:StopPlace:58882,Nordagutu stasjon,2026-09-07T12:32:00+02:00,2026-09-07T12:32:00+02:00,,0.0,0,Notodden,VYG:Line:R55,Porsgrunn-Notodden,R55,rail,VYG:ServiceJourney:2478_443749-R,False,planned,False,,,,,2026-09-07T15:44:36.205822+02:00
NSR:StopPlace:58882,Nordagutu stasjon,2026-09-07T12:41:00+02:00,2026-09-07T12:41:00+02:00,,0.0,0,Oslo S,GOA:Line:50,Sørtoget region,F5,rail,GOA:ServiceJourney:706-KVB_63227-R,False,planned,False,,,,,2026-09-07T15:44:36.205822+02:00
NSR:StopPlace:58882,Nordagutu stasjon,2026-09-07T13:28:00+02:00,2026-09-07T13:28:00+02:00,,0.0,0,Porsgrunn,VYG:Line:R55,Porsgrunn-Notodden,R55,rail,VYG:ServiceJourney:2481_443751-R,False,planned,False,,,,,2026-09-07T15:44:36.205822+02:00
NSR:StopPlace:58884,Skien stasjon,2026-09-07T11:46:00+02:00,2026-09-07T11:46:00+02:00,,0.0,0,Skjelsvik via Klyve-Kongerød,TEL:Line:8043,Skien-Klyve-Skjelsvik,M3,bus,TEL:ServiceJourney:127170,False,planned,False,,,,,2026-09-07T15:44:36.205822+02:00
NSR:StopPlace:58884,Skien stasjon,2026-09-07T11:58:00+02:00,2026-09-07T11:58:00+02:00,,0.0,0,Siljan,TEL:Line:8047,Siljan-Skien-Åfoss,P7,bus,TEL:ServiceJourney:127429,False,planned,False,,,,,2026-09-07T15:44:36.205822+02:00
NSR:StopPlace:58884,Skien stasjon,2026-09-07T11:58:00+02:00,2026-09-07T11:58:00+02:00,,0.0,0,Åfoss via Skien sentrum,TEL:Line:8047,Siljan-Skien-Åfoss,P7,bus,TEL:ServiceJourney:127385,False,planned,False,,,,,2026-09-07T15:44:36.205822+02:00
NSR:StopPlace:58884,Skien stasjon,2026-09-07T12:00:00+02:00,2026-09-07T12:00:00+02:00,,0.0,0,Seljord,TEL:Line:8181,Seljord-Bø-Skien,R1,bus,TEL:ServiceJourney:127092,False,planned,False,,,,,2026-09-07T15:44:36.205822+02:00
NSR:StopPlace:58884,Skien stasjon,2026-09-07T12:01:00+02:00,2026-09-07T12:01:00+02:00,,0.0,0,Notodden,VYG:Line:R55,Porsgrunn-Notodden,R55,rail,VYG:ServiceJourney:2478_443749-R,False,planned,False,,,,,2026-09-07T15:44:36.205822+02:00
NSR:StopPlace:58884,Skien stasjon,2026-09-07T12:06:00+02:00,2026-09-07T12:06:00+02:00,,0.0,0,Skjelsvik via Klyve-Kongerød,TEL:Line:8043,Skien-Klyve-Skjelsvik,M3,bus,TEL:ServiceJourney:127171,False,planned,False,,,,,2026-09-07T15:44:36.205822+02:00
NSR:StopPlace:58884,Skien stasjon,2026-09-07T12:46:00+02:00,2026-09-07T12:46:00+02:00,,0.0,0,Skjelsvik via Klyve-Kongerød,TEL:Line:8043,Skien-Klyve-Skjelsvik,M3,bus,TEL:ServiceJourney:127173,False,planned,False,,,,,2026-09-07T15:44:36.205822+02:00
NSR:StopPlace:58884,Skien stasjon,2026-09-07T12:55:00+02:00,2026-09-07T12:55:00+02:00,,0.0,0,Skien Steinerskole,TEL:Line:8894,Eriksrød-Stulen-Ås-Skien,94,bus,TEL:ServiceJourney:127985,False,planned,False,,,,,2026-09-07T15:44:36.205822+02:00
NSR:StopPlace:58884,Skien stasjon,2026-09-07T12:58:00+02:00,2026-09-07T12:58:00+02:00,,0.0,0,Siljan,TEL:Line:8047,Siljan-Skien-Åfoss,P7,bus,TEL:ServiceJourney:127430,False,planned,False,,,,,2026-09-07T15:44:36.205822+02:00
NSR:StopPlace:58884,Skien stasjon,2026-09-07T12:58:00+02:00,2026-09-07T12:58:00+02:00,,0.0,0,Åfoss via Skien sentrum,TEL:Line:8047,Siljan-Skien-Åfoss,P7,bus,TEL:ServiceJourney:127386,False,planned,False,,,,,2026-09-07T15:44:36.205822+02:00
NSR:StopPlace:58884,Skien stasjon,2026-09-07T13:06:00+02:00,2026-09-07T13:06:00+02:00,,0.0,0,Skjelsvik via Klyve-Kongerød,TEL:Line:8043,Skien-Klyve-Skjelsvik,M3,bus,TEL:ServiceJourney:127174,False,planned,False,,,,,2026-09-07T15:44:36.205822+02:00
NSR:StopPlace:58884,Skien stasjon,2026-09-07T13:26:00+02:00,2026-09-07T13:26:00+02:00,,0.0,0,Skjelsvik via Klyve-Kongerød,TEL:Line:8043,Skien-Klyve-Skjelsvik,M3,bus,TEL:ServiceJourney:127175,False,planned,False,,,,,2026-09-07T15:44:36.205822+02:00
NSR:StopPlace:58884,Skien stasjon,2026-09-07T13:58:00+02:00,2026-09-07T13:58:00+02:00,,0.0,0,Siljan,TEL:Line:8047,Siljan-Skien-Åfoss,P7,bus,TEL:ServiceJourney:127431,False,planned,False,,,,,2026-09-07T15:44:36.205822+02:00
NSR:StopPlace:58884,Skien stasjon,2026-09-07T13:58:00+02:00,2026-09-07T13:58:00+02:00,,0.0,0,Åfoss via Skien sentrum,TEL:Line:8047,Siljan-Skien-Åfoss,P7,bus,TEL:ServiceJourney:127387,False,planned,False,,,,,2026-09-07T15:44:36.205822+02:00
NSR:StopPlace:58884,Skien stasjon,2026-09-07T14:04:00+02:00,2026-09-07T14:04:00+02:00,,0.0,0,Porsgrunn,VYG:Line:R55,Porsgrunn-Notodden,R55,rail,VYG:ServiceJourney:2481_443751-R,False,planned,False,,,,,2026-09-07T15:44:36.205822+02:00
NSR:StopPlace:58884,Skien stasjon,2026-09-07T15:36:00+02:00,2026-09-07T15:36:00+02:00,,0.0,0,Skjelsvik via Klyve,TEL:Line:8043,Skien-Klyve-Skjelsvik,M3,bus,TEL:ServiceJourney:127188,False,planned,False,,,,,2026-09-07T15:44:36.205822+02:00
NSR:StopPlace:58884,Skien stasjon,2026-09-07T15:56:00+02:00,2026-09-07T15:56:00+02:00,,0.0,0,Skjelsvik via Klyve,TEL:Line:8043,Skien-Klyve-Skjelsvik,M3,bus,TEL:ServiceJourney:127190,False,planned,False,,,,,2026-09-07T15:44:36.205822+02:00
NSR:StopPlace:58884,Skien stasjon,2026-09-07T16:00:00+02:00,2026-09-07T16:00:00+02:00,,0.0,0,Bø stasjon,TEL:Line:8181,Seljord-Bø-Skien,R1,bus,TEL:ServiceJourney:127097,False,planned,False,,,,,2026-09-07T15:44:36.205822+02:00
NSR:StopPlace:58884,Skien stasjon,2026-09-07T16:06:00+02:00,2026-09-07T16:06:00+02:00,,0.0,0,Skjelsvik via Klyve,TEL:Line:8043,Skien-Klyve-Skjelsvik,M3,bus,TEL:ServiceJourney:127191,False,planned,False,,,,,2026-09-07T15:44:36.205822+02:00
NSR:StopPlace:58884,Skien stasjon,2026-09-07T16:16:00+02:00,2026-09-07T16:16:00+02:00,,0.0,0,Skjelsvik via Klyve,TEL:Line:8043,Skien-Klyve-Skjelsvik,M3,bus,TEL:ServiceJourney:127192,False,planned,False,,,,,2026-09-07T15:44:36.205822+02:00
NSR:StopPlace:58890,Nelaug stasjon,2026-09-07T13:00:00+02:00,2026-09-07T13:00:00+02:00,,0.0,0,Arendal,GOA:Line:53,Sørtoget lokal,R50,rail,GOA:ServiceJourney:2069_63022-R,False,planned,False,,,,,2026-09-07T15:44:36.205822+02:00
NSR:StopPlace:58893,Grovane stasjon,2026-09-07T12:07:00+02:00,2026-09-07T12:07:00+02:00,,0.0,0,Kristiansand via Moseidmoen - Mosby,AKT:Line:30,Kvadraturen - Mosby - Vennesl,30,bus,AKT:ServiceJourney:79453_142_48_87240_90000_40001545,False,planned,False,,,,,2026-09-07T15:44:36.205822+02:00
NSR:StopPlace:58893,Grovane stasjon,2026-09-07T12:37:00+02:00,2026-09-07T12:37:00+02:00,,0.0,0,Kristiansand,AKT:Line:31,Kvadraturen - Sødal - Vennesla,31,bus,AKT:ServiceJourney:79687_172_44_90840_93060_3950001,False,planned,False,,,,,2026-09-07T15:44:36.205822+02:00
NSR:StopPlace:58893,Grovane stasjon,2026-09-07T13:07:00+02:00,2026-09-07T13:07:00+02:00,,0.0,0,Kristiansand via Moseidmoen - Mosby,AKT:Line:30,Kvadraturen - Mosby - Vennesl,30,bus,AKT:ServiceJourney:79454_152_48_94440_97200_40001545,False,planned,False,,,,,2026-09-07T15:44:36.205822+02:00
NSR:StopPlace:58893,Grovane stasjon,2026-09-07T13:37:00+02:00,2026-09-07T13:37:00+02:00,,0.0,0,Kristiansand,AKT:Line:31,Kvadraturen - Sødal - Vennesla,31,bus,AKT:ServiceJourney:79688_182_44_98040_100260_3950001,False,planned,False,,,,,2026-09-07T15:44:36.205822+02:00
NSR:StopPlace:58800,Råde stasjon,2026-09-07T11:52:00+02:00,2026-09-07T11:52:00+02:00,,0.0,0,Oslo S,VYG:Line:RE20,Oslo S-Halden-Göteborg (X-Border),RE20,rail,VYG:ServiceJourney:116-HLD_673453-R,False,planned,False,,,,,2026-09-07T15:44:36.205822+02:00
NSR:StopPlace:58800,Råde stasjon,2026-09-07T12:01:00+02:00,2026-09-07T12:01:00+02:00,,0.0,0,Halden,VYG:Line:RE20,Oslo S-Halden-Göteborg (X-Border),RE20,rail,VYG:ServiceJourney:113_443006-R,False,planned,False,,,,,2026-09-07T15:44:36.205822+02:00
NSR:StopPlace:58800,Råde stasjon,2026-09-07T12:59:00+02:00,2026-09-07T12:59:00+02:00,,0.0,0,Oslo S,VYG:Line:RE20,Oslo S-Halden-Göteborg (X-Border),RE20,rail,VYG:ServiceJourney:386-118_611301-R,False,planned,False,,,,,2026-09-07T15:44:36.205822+02:00
NSR:StopPlace:58800,Råde stasjon,2026-09-07T13:26:00+02:00,2026-09-07T13:26:00+02:00,,0.0,0,Saltnes,OST:Line:1_159,Karlshus skole,159,bus,OST:ServiceJourney:159_260325121470999_6,False,planned,False,,,,,2026-09-07T15:44:36.205822+02:00
NSR:StopPlace:58801,Sarpsborg stasjon,2026-09-07T12:13:00+02:00,2026-09-07T12:13:00+02:00,,0.0,0,Blessom,OST:Line:1_13,Kalnes - Blessom,13,bus,OST:ServiceJourney:13_260325121470780_16,False,planned,False,,,,,2026-09-07T15:44:36.205822+02:00
NSR:StopPlace:58801,Sarpsborg stasjon,2026-09-07T12:30:00+02:00,2026-09-07T12:30:00+02:00,,0.0,0,Halden,VYG:Line:RE20,Oslo S-Halden-Göteborg (X-Border),RE20,rail,VYG:ServiceJourney:113_443006-R,False,planned,False,,,,,2026-09-07T15:44:36.205822+02:00
NSR:StopPlace:58801,Sarpsborg stasjon,2026-09-07T12:31:00+02:00,2026-09-07T12:31:00+02:00,,0.0,0,Sarpsborg-Kalnes,OST:Line:1_13,Kalnes - Blessom,13,bus,OST:ServiceJourney:13_260325121470783_19,False,planned,False,,,,,2026-09-07T15:44:36.205822+02:00
NSR:StopPlace:58801,Sarpsborg stasjon,2026-09-07T12:31:00+02:00,2026-09-07T12:31:00+02:00,,0.0,0,Oslo S,VYG:Line:RE20,Oslo S-Halden-Göteborg (X-Border),RE20,rail,VYG:ServiceJourney:386-118_611301-R,False,planned,False,,,,,2026-09-07T15:44:36.205822+02:00
NSR:StopPlace:58801,Sarpsborg stasjon,2026-09-07T12:34:00+02:00,2026-09-07T12:34:00+02:00,,0.0,0,Opsund,OST:Line:1_134,Sarpsborg - Opsund,134,bus,OST:ServiceJourney:134_260325121470894_5,False,planned,False,,,,,2026-09-07T15:44:36.205822+02:00
NSR:StopPlace:58801,Sarpsborg stasjon,2026-09-07T12:44:00+02:00,2026-09-07T12:44:00+02:00,,0.0,0,Opsund,OST:Line:1_134,Sarpsborg - Opsund,134,bus,OST:ServiceJourney:134_260325121470894_5,False,planned,False,,,,,2026-09-07T15:44:36.205822+02:00
NSR:StopPlace:58801,Sarpsborg stasjon,2026-09-07T13:01:00+02:00,2026-09-07T13:01:00+02:00,,0.0,0,Sarpsborg-Kalnes,OST:Line:1_13,Kalnes - Blessom,13,bus,OST:ServiceJourney:13_260325121473212_759,False,planned,False,,,,,2026-09-07T15:44:36.205822+02:00
NSR:StopPlace:58801,Sarpsborg stasjon,2026-09-07T13:13:00+02:00,2026-09-07T13:13:00+02:00,,0.0,0,Blessom,OST:Line:1_13,Kalnes - Blessom,13,bus,OST:ServiceJourney:13_260325121470782_18,False,planned,False,,,,,2026-09-07T15:44:36.205822+02:00
NSR:StopPlace:58801,Sarpsborg stasjon,2026-09-07T13:31:00+02:00,2026-09-07T13:31:00+02:00,,0.0,0,Sarpsborg-Kalnes,OST:Line:1_13,Kalnes - Blessom,13,bus,OST:ServiceJourney:13_260325121470786_21,False,planned,False,,,,,2026-09-07T15:44:36.205822+02:00
NSR:StopPlace:58801,Sarpsborg stasjon,2026-09-07T13:43:00+02:00,2026-09-07T13:43:00+02:00,,0.0,0,Blessom,OST:Line:1_13,Kalnes - Blessom,13,bus,OST:ServiceJourney:13_260325121473213_760,False,planned,False,,,,,2026-09-07T15:44:36.205822+02:00
NSR:StopPlace:58801,Sarpsborg stasjon,2026-09-07T14:01:00+02:00,2026-09-07T14:01:00+02:00,,0.0,0,Sarpsborg-Kalnes,OST:Line:1_13,Kalnes - Blessom,13,bus,OST:ServiceJourney:13_260325121470788_23,False,planned,False,,,,,2026-09-07T15:44:36.205822+02:00
NSR:StopPlace:58801,Sarpsborg stasjon,2026-09-07T14:13:00+02:00,2026-09-07T14:13:00+02:00,,0.0,0,Blessom,OST:Line:1_13,Kalnes - Blessom,13,bus,OST:ServiceJourney:13_260325121470785_20,False,planned,False,,,,,2026-09-07T15:44:36.205822+02:00
NSR:StopPlace:58801,Sarpsborg stasjon,2026-09-07T14:18:00+02:00,2026-09-07T14:18:00+02:00,,0.0,0,Fylkeshuset,OST:Line:1_799,Fylkeshuset,799,bus,OST:ServiceJourney:799_260325121471654_2,False,planned,False,,,,,2026-09-07T15:44:36.205822+02:00
NSR:StopPlace:58801,Sarpsborg stasjon,2026-09-07T15:18:00+02:00,2026-09-07T15:18:00+02:00,,0.0,0,Fylkeshuset,OST:Line:1_799,Fylkeshuset,799,bus,OST:ServiceJourney:799_260325121471660_8,False,planned,False,,,,,2026-09-07T15:44:36.205822+02:00
NSR:StopPlace:58801,Sarpsborg stasjon,2026-09-07T16:01:00+02:00,2026-09-07T16:01:00+02:00,,0.0,0,Sarpsborg-Kalnes,OST:Line:1_13,Kalnes - Blessom,13,bus,OST:ServiceJourney:13_260325121470797_31,False,planned,False,,,,,2026-09-07T15:44:36.205822+02:00
NSR:StopPlace:58801,Sarpsborg stasjon,2026-09-07T16:12:00+02:00,2026-09-07T16:12:00+02:00,,0.0,0,Malmö C,SNT:Line:15931205-7b69-51de-bac7-18d4acc5c6f5,Malmö C,IC,rail,SNT:ServiceJourney:52efc068-8869-5645-b60f-cf6c2e6a10d8_b5ac3e58-b062-5656-bc9b-17920ae7ca9b,False,planned,False,,,,,2026-09-07T15:44:36.205822+02:00
NSR:StopPlace:58801,Sarpsborg stasjon,2026-09-07T16:14:00+02:00,2026-09-07T16:14:00+02:00,,0.0,0,Blessom,OST:Line:1_13,Kalnes - Blessom,13,bus,OST:ServiceJourney:13_260325121470793_28,False,planned,False,,,,,2026-09-07T15:44:36.205822+02:00
NSR:StopPlace:58801,Sarpsborg stasjon,2026-09-07T16:18:00+02:00,2026-09-07T16:18:00+02:00,,0.0,0,Sarpsborg bussterminal,OST:Line:1_799,Fylkeshuset,799,bus,OST:ServiceJourney:799_260325121471652_14,False,planned,False,,,,,2026-09-07T15:44:36.205822+02:00
NSR:StopPlace:58802,Spydeberg stasjon,2026-09-07T12:20:00+02:00,2026-09-07T12:20:00+02:00,,0.0,0,Oslo S,VYG:Line:R22,Skøyen-Oslo S-Mysen-Rakkestad,R22,rail,VYG:ServiceJourney:1918_673806-R,False,planned,False,,,,,2026-09-07T15:44:36.205822+02:00
NSR:StopPlace:58802,Spydeberg stasjon,2026-09-07T12:36:00+02:00,2026-09-07T12:36:00+02:00,,0.0,0,Rakkestad,VYG:Line:R22,Skøyen-Oslo S-Mysen-Rakkestad,R22,rail,VYG:ServiceJourney:1915_443457-R,False,planned,False,,,,,2026-09-07T15:44:36.205822+02:00
NSR:StopPlace:58802,Spydeberg stasjon,2026-09-07T13:16:00+02:00,2026-09-07T13:16:00+02:00,,0.0,0,Svikebøl,OST:Line:1_408,Askim-Spydeberg-Svikebøl,408,bus,OST:ServiceJourney:408_260325121471815_3,False,planned,False,,,,,2026-09-07T15:44:36.205822+02:00
NSR:StopPlace:58802,Spydeberg stasjon,2026-09-07T13:17:00+02:00,2026-09-07T13:17:00+02:00,,0.0,0,Delet,OST:Line:1_409,Askim-Spydeberg,409,bus,OST:ServiceJourney:409_260325121472011_3,False,planned,False,,,,,2026-09-07T15:44:36.205822+02:00
NSR:StopPlace:58802,Spydeberg stasjon,2026-09-07T13:20:00+02:00,2026-09-07T13:20:00+02:00,,0.0,0,Oslo S,VYG:Line:R22,Skøyen-Oslo S-Mysen-Rakkestad,R22,rail,VYG:ServiceJourney:1920_443466-R,False,planned,False,,,,,2026-09-07T15:44:36.205822+02:00
NSR:StopPlace:58802,Spydeberg stasjon,2026-09-07T13:36:00+02:00,2026-09-07T13:36:00+02:00,,0.0,0,Rakkestad,VYG:Line:R22,Skøyen-Oslo S-Mysen-Rakkestad,R22,rail,VYG:ServiceJourney:1917_443460-R,False,planned,False,,,,,2026-09-07T15:44:36.205822+02:00
NSR:StopPlace:58802,Spydeberg stasjon,2026-09-07T13:55:00+02:00,2026-09-07T13:55:00+02:00,,0.0,0,Spydeberg torv,OST:Line:1_408,Askim-Spydeberg-Svikebøl,408,bus,OST:ServiceJourney:408_260325121471828_4,False,planned,False,,,,,2026-09-07T15:44:36.205822+02:00
NSR:StopPlace:58802,Spydeberg stasjon,2026-09-07T14:02:00+02:00,2026-09-07T14:02:00+02:00,,0.0,0,Spydeberg torv,OST:Line:1_409,Askim-Spydeberg,409,bus,OST:ServiceJourney:409_260325121471820_4,False,planned,False,,,,,2026-09-07T15:44:36.205822+02:00
NSR:StopPlace:58803,Tomter stasjon,2026-09-07T12:28:00+02:00,2026-09-07T12:28:00+02:00,,0.0,0,Oslo S,VYG:Line:R22,Skøyen-Oslo S-Mysen-Rakkestad,R22,rail,VYG:ServiceJourney:1918_673806-R,False,planned,False,,,,,2026-09-07T15:44:36.205822+02:00
NSR:StopPlace:58803,Tomter stasjon,2026-09-07T12:28:00+02:00,2026-09-07T12:28:00+02:00,,0.0,0,Rakkestad,VYG:Line:R22,Skøyen-Oslo S-Mysen-Rakkestad,R22,rail,VYG:ServiceJourney:1915_443457-R,False,planned,False,,,,,2026-09-07T15:44:36.205822+02:00
NSR:StopPlace:58803,Tomter stasjon,2026-09-07T13:28:00+02:00,2026-09-07T13:28:00+02:00,,0.0,0,Oslo S,VYG:Line:R22,Skøyen-Oslo S-Mysen-Rakkestad,R22,rail,VYG:ServiceJourney:1920_443466-R,False,planned,False,,,,,2026-09-07T15:44:36.205822+02:00
NSR:StopPlace:58803,Tomter stasjon,2026-09-07T13:28:00+02:00,2026-09-07T13:28:00+02:00,,0.0,0,Rakkestad,VYG:Line:R22,Skøyen-Oslo S-Mysen-Rakkestad,R22,rail,VYG:ServiceJourney:1917_443460-R,False,planned,False,,,,,2026-09-07T15:44:36.205822+02:00
NSR:StopPlace:58803,Tomter stasjon,2026-09-07T13:40:00+02:00,2026-09-07T13:40:00+02:00,,0.0,0,Jarsbakken,OST:Line:1_410,Elvestad-Svikebøl,410,bus,OST:ServiceJourney:410_260428071187867_19,False,planned,False,,,,,2026-09-07T15:44:36.205822+02:00
NSR:StopPlace:58803,Tomter stasjon,2026-09-07T13:40:00+02:00,2026-09-07T13:40:00+02:00,,0.0,0,Elvestad fv.120,OST:Line:1_410,Elvestad-Svikebøl,410,bus,OST:ServiceJourney:410_260428071369914_21,False,planned,False,,,,,2026-09-07T15:44:36.205822+02:00
NSR:StopPlace:58803,Tomter stasjon,2026-09-07T14:29:00+02:00,2026-09-07T14:29:00+02:00,,0.0,0,Jarsbakken,OST:Line:1_410,Elvestad-Svikebøl,410,bus,OST:ServiceJourney:410_260428073547778_5,False,planned,False,,,,,2026-09-07T15:44:36.205822+02:00
NSR:StopPlace:58804,Alvdal stasjon,2026-09-07T12:44:00+02:00,2026-09-07T12:44:00+02:00,,0.0,0,Røros,SJN:Line:25,Rørosbanen,R60,rail,SJN:ServiceJourney:2383_37663-R,False,planned,False,,,,,2026-09-07T15:44:36.205822+02:00
NSR:StopPlace:58804,Alvdal stasjon,2026-09-07T14:15:00+02:00,2026-09-07T14:15:00+02:00,,0.0,0,Måntrøen - Tynset,INN:Line:872,Alvdal - Måntrøen - Tynset,872,bus,INN:ServiceJourney:81350,False,planned,False,,,,,2026-09-07T15:44:36.205822+02:00
NSR:StopPlace:58804,Alvdal stasjon,2026-09-07T14:20:00+02:00,2026-09-07T14:20:00+02:00,,0.0,0,Bellingmo - Alvdal,INN:Line:877,Alvdal - Bellingmo - Alvdal,877,bus,INN:ServiceJourney:55923,False,planned,False,,,,,2026-09-07T15:44:36.205822+02:00
NSR:StopPlace:58804,Alvdal stasjon,2026-09-07T15:45:00+02:00,2026-09-07T15:45:00+02:00,,0.0,0,Bellingmo - Alvdal,INN:Line:877,Alvdal - Bellingmo - Alvdal,877,bus,INN:ServiceJourney:55924,False,planned,False,,,,,2026-09-07T15:44:36.205822+02:00
NSR:StopPlace:58805,Brumunddal stasjon,2026-09-07T11:49:00+02:00,2026-09-07T11:49:00+02:00,,0.0,0,Drammen,VYG:Line:RE10,Drammen-Oslo S-Lillehammer,RE10,rail,VYG:ServiceJourney:316-LHM_465125-R,False,planned,False,,,,,2026-09-07T15:44:36.205822+02:00
NSR:StopPlace:58805,Brumunddal stasjon,2026-09-07T12:03:00+02:00,2026-09-07T12:03:00+02:00,,0.0,0,Lillehammer,VYG:Line:RE10,Drammen-Oslo S-Lillehammer,RE10,rail,VYG:ServiceJourney:313-SUD_465123-R,False,planned,False,,,,,2026-09-07T15:44:36.205822+02:00
NSR:StopPlace:58805,Brumunddal stasjon,2026-09-07T12:19:00+02:00,2026-09-07T12:19:00+02:00,,0.0,0,Stavsjø - Tingnes,INN:Line:614,Brumunddal - Stavsjø,614,bus,INN:ServiceJourney:83041,False,planned,False,,,,,2026-09-07T15:44:36.205822+02:00
NSR:StopPlace:58805,Brumunddal stasjon,2026-09-07T12:39:00+02:00,2026-09-07T12:39:00+02:00,,0.0,0,Stensengdalen - Gaupen,INN:Line:619,Br.dal-Stenseng.-Gaupen-Br.dal,619,bus,INN:ServiceJourney:83123,False,planned,False,,,,,2026-09-07T15:44:36.205822+02:00
NSR:StopPlace:58805,Brumunddal stasjon,2026-09-07T13:03:00+02:00,2026-09-07T13:03:00+02:00,,0.0,0,Lillehammer,VYG:Line:RE10,Drammen-Oslo S-Lillehammer,RE10,rail,VYG:ServiceJourney:315-SUD_444173-R,False,planned,False,,,,,2026-09-07T15:44:36.205822+02:00
NSR:StopPlace:58805,Brumunddal stasjon,2026-09-07T13:16:00+02:00,2026-09-07T13:16:00+02:00,,0.0,0,Rudshøgda - Moelv,INN:Line:615,Brumunddal-Rudshøgda-Moelv,615,bus,INN:ServiceJourney:83102,False,planned,False,,,,,2026-09-07T15:44:36.205822+02:00
NSR:StopPlace:58805,Brumunddal stasjon,2026-09-07T13:18:00+02:00,2026-09-07T13:18:00+02:00,,0.0,0,Brumund,INN:Line:636,Brumunddal-Brumund-Brumunddal,636,bus,INN:ServiceJourney:83293,False,planned,False,,,,,2026-09-07T15:44:36.205822+02:00
NSR:StopPlace:58805,Brumunddal stasjon,2026-09-07T13:20:00+02:00,2026-09-07T13:20:00+02:00,,0.0,0,Furnesåsen,INN:Line:646,Hamar-Furnesåsen-Brumunddal,646,bus,INN:ServiceJourney:83326,False,planned,False,,,,,2026-09-07T15:44:36.205822+02:00
NSR:StopPlace:58805,Brumunddal stasjon,2026-09-07T13:23:00+02:00,2026-09-07T13:23:00+02:00,,0.0,0,Nybygda,INN:Line:635,Brumunddal-Nybygda-Brumunddal,635,bus,INN:ServiceJourney:83283,False,planned,False,,,,,2026-09-07T15:44:36.205822+02:00
NSR:StopPlace:58805,Brumunddal stasjon,2026-09-07T13:24:00+02:00,2026-09-07T13:24:00+02:00,,0.0,0,Stensengdalen - Gaupen,INN:Line:619,Br.dal-Stenseng.-Gaupen-Br.dal,619,bus,INN:ServiceJourney:83125,False,planned,False,,,,,2026-09-07T15:44:36.205822+02:00
NSR:StopPlace:58805,Brumunddal stasjon,2026-09-07T14:20:00+02:00,2026-09-07T14:20:00+02:00,,0.0,0,Ellevsæterhøgda - Næroset,INN:Line:634,Brumunddal-Arneberg-Brumunddal,634,bus,INN:ServiceJourney:83281,False,planned,False,,,,,2026-09-07T15:44:36.205822+02:00
NSR:StopPlace:58807,Hanestad stasjon,2026-09-07T12:16:00+02:00,2026-09-07T12:16:00+02:00,,0.0,0,Røros,SJN:Line:25,Rørosbanen,R60,rail,SJN:ServiceJourney:2383_37663-R,False,planned,False,,,,,2026-09-07T15:44:36.205822+02:00
NSR:StopPlace:58808,Kongsvinger stasjon,2026-09-07T11:58:00+02:00,2026-09-07T11:58:00+02:00,,0.0,0,Skriverskogen,INN:Line:82,Skriverskogen - Marikollen,B82,bus,INN:ServiceJourney:54349,False,planned,False,,,,,2026-09-07T15:44:36.205822+02:00
NSR:StopPlace:58808,Kongsvinger stasjon,2026-09-07T11:58:00+02:00,2026-09-07T11:58:00+02:00,,0.0,0,Sykehuset - Bogeråsen,INN:Line:81,Bogeråsen - Rasta,B81,bus,INN:ServiceJourney:54309,False,planned,False,,,,,2026-09-07T15:44:36.205822+02:00
NSR:StopPlace:58808,Kongsvinger stasjon,2026-09-07T11:58:00+02:00,2026-09-07T11:58:00+02:00,,0.0,0,Rasta - Vennersberg,INN:Line:81,Bogeråsen - Rasta,B81,bus,INN:ServiceJourney:54310,False,planned,False,,,,,2026-09-07T15:44:36.205822+02:00
NSR:StopPlace:58808,Kongsvinger stasjon,2026-09-07T11:59:00+02:00,2026-09-07T11:59:00+02:00,,0.0,0,Oslo,SJV:Line:cfac9102-49ef-476c-8663-a6d468ee4f36,Stockholm-Hallsberg-Karlstad-Oslo,70,rail,SJV:ServiceJourney:e794c8ce-6e4a-4fd2-b148-3ae868a8aed9,False,planned,False,,,,,2026-09-07T15:44:36.205822+02:00
NSR:StopPlace:58808,Kongsvinger stasjon,2026-09-07T12:28:00+02:00,2026-09-07T12:28:00+02:00,,0.0,0,Sykehuset - Bogeråsen,INN:Line:81,Bogeråsen - Rasta,B81,bus,INN:ServiceJourney:54310,False,planned,False,,,,,2026-09-07T15:44:36.205822+02:00
NSR:StopPlace:58808,Kongsvinger stasjon,2026-09-07T12:28:00+02:00,2026-09-07T12:28:00+02:00,,0.0,0,Rasta - Vennersberg,INN:Line:81,Bogeråsen - Rasta,B81,bus,INN:ServiceJourney:54311,False,planned,False,,,,,2026-09-07T15:44:36.205822+02:00
NSR:StopPlace:58808,Kongsvinger stasjon,2026-09-07T12:29:00+02:00,2026-09-07T12:29:00+02:00,,0.0,0,Marikollen,INN:Line:82,Skriverskogen - Marikollen,B82,bus,INN:ServiceJourney:54350,False,planned,False,,,,,2026-09-07T15:44:36.205822+02:00
NSR:StopPlace:58808,Kongsvinger stasjon,2026-09-07T12:35:00+02:00,2026-09-07T12:35:00+02:00,,0.0,0,Asker,VYG:Line:R14,Asker-Oslo S-Kongsvinger,R14,rail,VYG:ServiceJourney:1018_442925-R,False,planned,False,,,,,2026-09-07T15:44:36.205822+02:00
NSR:StopPlace:58808,Kongsvinger stasjon,2026-09-07T12:35:00+02:00,2026-09-07T12:35:00+02:00,,0.0,0,Charlottenberg,INN:Line:120,Kongsvinger - Charlottenberg,120,bus,INN:ServiceJourney:54583,False,planned,False,,,,,2026-09-07T15:44:36.205822+02:00
NSR:StopPlace:58808,Kongsvinger stasjon,2026-09-07T12:39:00+02:00,2026-09-07T12:39:00+02:00,,0.0,0,Flisa - Hamar,INN:Line:105,Kongsvinger - Elverum - Hamar,105,bus,INN:ServiceJourney:83644,False,planned,False,,,,,2026-09-07T15:44:36.205822+02:00
NSR:StopPlace:58808,Kongsvinger stasjon,2026-09-07T12:39:00+02:00,2026-09-07T12:39:00+02:00,,0.0,0,Skarnes - Sand,INN:Line:700,Kongsvinger-Skarnes-Sand,700,bus,INN:ServiceJourney:82357,False,planned,False,,,,,2026-09-07T15:44:36.205822+02:00
NSR:StopPlace:58808,Kongsvinger stasjon,2026-09-07T12:58:00+02:00,2026-09-07T12:58:00+02:00,,0.0,0,Skriverskogen,INN:Line:82,Skriverskogen - Marikollen,B82,bus,INN:ServiceJourney:54350,False,planned,False,,,,,2026-09-07T15:44:36.205822+02:00
NSR:StopPlace:58808,Kongsvinger stasjon,2026-09-07T12:58:00+02:00,2026-09-07T12:58:00+02:00,,0.0,0,Sykehuset - Bogeråsen,INN:Line:81,Bogeråsen - Rasta,B81,bus,INN:ServiceJourney:54311,False,planned,False,,,,,2026-09-07T15:44:36.205822+02:00
NSR:StopPlace:58808,Kongsvinger stasjon,2026-09-07T12:58:00+02:00,2026-09-07T12:58:00+02:00,,0.0,0,Rasta - Vennersberg,INN:Line:81,Bogeråsen - Rasta,B81,bus,INN:ServiceJourney:54312,False,planned,False,,,,,2026-09-07T15:44:36.205822+02:00
NSR:StopPlace:58808,Kongsvinger stasjon,2026-09-07T12:58:00+02:00,2026-09-07T12:58:00+02:00,,0.0,0,Karlstad-Stockholm,SJV:Line:cfac9102-49ef-476c-8663-a6d468ee4f36,Stockholm-Hallsberg-Karlstad-Oslo,70,rail,SJV:ServiceJourney:e9543df4-7d92-4e69-aa6d-58fd16dc4d35,False,planned,False,,,,,2026-09-07T15:44:36.205822+02:00
NSR:StopPlace:58808,Kongsvinger stasjon,2026-09-07T13:28:00+02:00,2026-09-07T13:28:00+02:00,,0.0,0,Sykehuset - Bogeråsen,INN:Line:81,Bogeråsen - Rasta,B81,bus,INN:ServiceJourney:54312,False,planned,False,,,,,2026-09-07T15:44:36.205822+02:00
NSR:StopPlace:58808,Kongsvinger stasjon,2026-09-07T13:28:00+02:00,2026-09-07T13:28:00+02:00,,0.0,0,Rasta - Vennersberg,INN:Line:81,Bogeråsen - Rasta,B81,bus,INN:ServiceJourney:54313,False,planned,False,,,,,2026-09-07T15:44:36.205822+02:00
NSR:StopPlace:58808,Kongsvinger stasjon,2026-09-07T13:29:00+02:00,2026-09-07T13:29:00+02:00,,0.0,0,Marikollen,INN:Line:82,Skriverskogen - Marikollen,B82,bus,INN:ServiceJourney:54351,False,planned,False,,,,,2026-09-07T15:44:36.205822+02:00
NSR:StopPlace:58808,Kongsvinger stasjon,2026-09-07T13:35:00+02:00,2026-09-07T13:35:00+02:00,,0.0,0,Charlottenberg,INN:Line:120,Kongsvinger - Charlottenberg,120,bus,INN:ServiceJourney:54584,False,planned,False,,,,,2026-09-07T15:44:36.205822+02:00
NSR:StopPlace:58808,Kongsvinger stasjon,2026-09-07T13:36:00+02:00,2026-09-07T13:36:00+02:00,,0.0,0,Granli - Fiskegarden,INN:Line:748,Kongsvinger-Granli,748,bus,INN:ServiceJourney:76471,False,planned,False,,,,,2026-09-07T15:44:36.205822+02:00
NSR:StopPlace:58808,Kongsvinger stasjon,2026-09-07T13:58:00+02:00,2026-09-07T13:58:00+02:00,,0.0,0,Skriverskogen,INN:Line:82,Skriverskogen - Marikollen,B82,bus,INN:ServiceJourney:54351,False,planned,False,,,,,2026-09-07T15:44:36.205822+02:00
NSR:StopPlace:58808,Kongsvinger stasjon,2026-09-07T13:58:00+02:00,2026-09-07T13:58:00+02:00,,0.0,0,Sykehuset - Bogeråsen,INN:Line:81,Bogeråsen - Rasta,B81,bus,INN:ServiceJourney:54313,False,planned,False,,,,,2026-09-07T15:44:36.205822+02:00
NSR:StopPlace:58808,Kongsvinger stasjon,2026-09-07T14:29:00+02:00,2026-09-07T14:29:00+02:00,,0.0,0,Marikollen,INN:Line:82,Skriverskogen - Marikollen,B82,bus,INN:ServiceJourney:54352,False,planned,False,,,,,2026-09-07T15:44:36.205822+02:00
NSR:StopPlace:58808,Kongsvinger stasjon,2026-09-07T14:41:00+02:00,2026-09-07T14:41:00+02:00,,0.0,0,Oslo,SJV:Line:cfac9102-49ef-476c-8663-a6d468ee4f36,Stockholm-Hallsberg-Karlstad-Oslo,70,rail,SJV:ServiceJourney:f2b2b57f-f7b6-4450-a850-86a4a67348f8,False,planned,False,,,,,2026-09-07T15:44:36.205822+02:00
NSR:StopPlace:58808,Kongsvinger stasjon,2026-09-07T14:58:00+02:00,2026-09-07T14:58:00+02:00,,0.0,0,Skriverskogen,INN:Line:82,Skriverskogen - Marikollen,B82,bus,INN:ServiceJourney:54352,False,planned,False,,,,,2026-09-07T15:44:36.205822+02:00
NSR:StopPlace:58808,Kongsvinger stasjon,2026-09-07T15:56:00+02:00,2026-09-07T15:56:00+02:00,,0.0,0,Karlstad-Stockholm,SJV:Line:cfac9102-49ef-476c-8663-a6d468ee4f36,Stockholm-Hallsberg-Karlstad-Oslo,70,rail,SJV:ServiceJourney:93878a0f-ed9e-44b6-b2de-9fffb37a762b,False,planned,False,,,,,2026-09-07T15:44:36.205822+02:00
NSR:StopPlace:58808,Kongsvinger stasjon,2026-09-07T15:57:00+02:00,2026-09-07T15:57:00+02:00,,0.0,0,Mo - Knapper - Sand,INN:Line:704,Sand - Mo -Skarnes/ Kongsv.,704,bus,INN:ServiceJourney:76533,False,planned,False,,,,,2026-09-07T15:44:36.205822+02:00
NSR:StopPlace:58809,Koppang stasjon,2026-09-07T11:47:00+02:00,2026-09-07T11:47:00+02:00,,0.0,0,Røros,SJN:Line:25,Rørosbanen,R60,rail,SJN:ServiceJourney:2383_37663-R,False,planned,False,,,,,2026-09-07T15:44:36.205822+02:00
NSR:StopPlace:58809,Koppang stasjon,2026-09-07T12:45:00+02:00,2026-09-07T12:45:00+02:00,,0.0,0,Bestillingsrute - on demand only,INN:FlexibleLine:8230,Bestillingsrute Koppang - Soll,8230,taxi,INN:ServiceJourney:56219,False,planned,False,,,,,2026-09-07T15:44:36.205822+02:00
NSR:StopPlace:58809,Koppang stasjon,2026-09-07T16:15:00+02:00,2026-09-07T16:15:00+02:00,,0.0,0,Rendalen - Tynset,INN:Line:180,Koppang - Rendalen - Tynset,180,bus,INN:ServiceJourney:54704,False,planned,False,,,,,2026-09-07T15:44:36.205822+02:00
NSR:StopPlace:58810,Løten stasjon,2026-09-07T11:51:00+02:00,2026-09-07T11:51:00+02:00,,0.0,0,Løten,INN:Line:26,Brumunddal - Hamar - Løten,B26,bus,INN:ServiceJourney:53987,False,planned,False,,,,,2026-09-07T15:44:36.205822+02:00
NSR:StopPlace:58810,Løten stasjon,2026-09-07T11:57:00+02:00,2026-09-07T11:57:00+02:00,,0.0,0,Brenneriroa,INN:Line:804,Løten - Elverum - Hernes,804,bus,INN:ServiceJourney:86290,False,planned,False,,,,,2026-09-07T15:44:36.205822+02:00
NSR:StopPlace:58810,Løten stasjon,2026-09-07T12:06:00+02:00,2026-09-07T12:06:00+02:00,,0.0,0,Hamar - Brumunddal,INN:Line:26,Brumunddal - Hamar - Løten,B26,bus,INN:ServiceJourney:54043,False,planned,False,,,,,2026-09-07T15:44:36.205822+02:00
NSR:StopPlace:58810,Løten stasjon,2026-09-07T12:10:00+02:00,2026-09-07T12:10:00+02:00,,0.0,0,Elverum,INN:Line:804,Løten - Elverum - Hernes,804,bus,INN:ServiceJourney:86280,False,planned,False,,,,,2026-09-07T15:44:36.205822+02:00
NSR:StopPlace:58810,Løten stasjon,2026-09-07T12:21:00+02:00,2026-09-07T12:21:00+02:00,,0.0,0,Løten,INN:Line:26,Brumunddal - Hamar - Løten,B26,bus,INN:ServiceJourney:53988,False,planned,False,,,,,2026-09-07T15:44:36.205822+02:00
NSR:StopPlace:58810,Løten stasjon,2026-09-07T12:36:00+02:00,2026-09-07T12:36:00+02:00,,0.0,0,Hamar - Brumunddal,INN:Line:26,Brumunddal - Hamar - Løten,B26,bus,INN:ServiceJourney:54044,False,planned,False,,,,,2026-09-07T15:44:36.205822+02:00
NSR:StopPlace:58810,Løten stasjon,2026-09-07T12:51:00+02:00,2026-09-07T12:51:00+02:00,,0.0,0,Løten,INN:Line:26,Brumunddal - Hamar - Løten,B26,bus,INN:ServiceJourney:53989,False,planned,False,,,,,2026-09-07T15:44:36.205822+02:00
NSR:StopPlace:58810,Løten stasjon,2026-09-07T13:06:00+02:00,2026-09-07T13:06:00+02:00,,0.0,0,Hamar - Brumunddal,INN:Line:26,Brumunddal - Hamar - Løten,B26,bus,INN:ServiceJourney:54045,False,planned,False,,,,,2026-09-07T15:44:36.205822+02:00
NSR:StopPlace:58810,Løten stasjon,2026-09-07T13:21:00+02:00,2026-09-07T13:21:00+02:00,,0.0,0,Løten,INN:Line:26,Brumunddal - Hamar - Løten,B26,bus,INN:ServiceJourney:53990,False,planned,False,,,,,2026-09-07T15:44:36.205822+02:00
NSR:StopPlace:58810,Løten stasjon,2026-09-07T13:36:00+02:00,2026-09-07T13:36:00+02:00,,0.0,0,Hamar - Brumunddal,INN:Line:26,Brumunddal - Hamar - Løten,B26,bus,INN:ServiceJourney:54046,False,planned,False,,,,,2026-09-07T15:44:36.205822+02:00
NSR:StopPlace:58810,Løten stasjon,2026-09-07T13:51:00+02:00,2026-09-07T13:51:00+02:00,,0.0,0,Løten,INN:Line:26,Brumunddal - Hamar - Løten,B26,bus,INN:ServiceJourney:53991,False,planned,False,,,,,2026-09-07T15:44:36.205822+02:00
NSR:StopPlace:58810,Løten stasjon,2026-09-07T14:06:00+02:00,2026-09-07T14:06:00+02:00,,0.0,0,Hamar - Brumunddal,INN:Line:26,Brumunddal - Hamar - Løten,B26,bus,INN:ServiceJourney:54047,False,planned,False,,,,,2026-09-07T15:44:36.205822+02:00
NSR:StopPlace:58810,Løten stasjon,2026-09-07T14:10:00+02:00,2026-09-07T14:10:00+02:00,,0.0,0,Nordbygda,INN:Line:693,Løten - Nordbygda - Løten,693,bus,INN:ServiceJourney:84309,False,planned,False,,,,,2026-09-07T15:44:36.205822+02:00
NSR:StopPlace:58810,Løten stasjon,2026-09-07T14:21:00+02:00,2026-09-07T14:21:00+02:00,,0.0,0,Løten,INN:Line:26,Brumunddal - Hamar - Løten,B26,bus,INN:ServiceJourney:53992,False,planned,False,,,,,2026-09-07T15:44:36.205822+02:00
NSR:StopPlace:58810,Løten stasjon,2026-09-07T16:02:00+02:00,2026-09-07T16:02:00+02:00,,0.0,0,Elverum,INN:Line:804,Løten - Elverum - Hernes,804,bus,INN:ServiceJourney:86282,False,planned,False,,,,,2026-09-07T15:44:36.205822+02:00
NSR:StopPlace:58810,Løten stasjon,2026-09-07T16:06:00+02:00,2026-09-07T16:06:00+02:00,,0.0,0,Hamar - Brumunddal,INN:Line:26,Brumunddal - Hamar - Løten,B26,bus,INN:ServiceJourney:54051,False,planned,False,,,,,2026-09-07T15:44:36.205822+02:00
NSR:StopPlace:58810,Løten stasjon,2026-09-07T16:20:00+02:00,2026-09-07T16:20:00+02:00,,0.0,0,Vestre Skogbygd,INN:Line:694,Løten - Skogbygda,694,bus,INN:ServiceJourney:84924,False,planned,False,,,,,2026-09-07T15:44:36.205822+02:00
NSR:StopPlace:58810,Løten stasjon,2026-09-07T16:20:00+02:00,2026-09-07T16:20:00+02:00,,0.0,0,Nordbygda,INN:Line:693,Løten - Nordbygda - Løten,693,bus,INN:ServiceJourney:84312,False,planned,False,,,,,2026-09-07T15:44:36.205822+02:00
NSR:StopPlace:58811,Moelv stasjon,2026-09-07T11:45:00+02:00,2026-09-07T11:45:00+02:00,,0.0,0,Åsmarka,INN:FlexibleLine:1102,Bestillingsrute Åsmarka - Moel,1102,taxi,INN:ServiceJourney:55629,False,planned,False,,,,,2026-09-07T15:44:36.205822+02:00
NSR:StopPlace:58811,Moelv stasjon,2026-09-07T12:15:00+02:00,2026-09-07T12:15:00+02:00,,0.0,0,Lillehammer,INN:Line:600,Moelv - Lillehammer,600,bus,INN:ServiceJourney:82441,False,planned,False,,,,,2026-09-07T15:44:36.205822+02:00
NSR:StopPlace:58811,Moelv stasjon,2026-09-07T12:15:00+02:00,2026-09-07T12:15:00+02:00,,0.0,0,Lillehammer,VYG:Line:RE10,Drammen-Oslo S-Lillehammer,RE10,rail,VYG:ServiceJourney:313-SUD_465123-R,False,planned,False,,,,,2026-09-07T15:44:36.205822+02:00
NSR:StopPlace:58811,Moelv stasjon,2026-09-07T12:26:00+02:00,2026-09-07T12:26:00+02:00,,0.0,0,Hamar,INN:Line:100,Hamar - Gjøvik,100,bus,INN:ServiceJourney:83504,False,planned,False,,,,,2026-09-07T15:44:36.205822+02:00
NSR:StopPlace:58811,Moelv stasjon,2026-09-07T12:30:00+02:00,2026-09-07T12:30:00+02:00,,0.0,0,Gaupen,INN:FlexibleLine:1118,Bestillingsrute Gaupen - Moelv,1118,taxi,INN:ServiceJourney:55636,False,planned,False,,,,,2026-09-07T15:44:36.205822+02:00
NSR:StopPlace:58811,Moelv stasjon,2026-09-07T12:32:00+02:00,2026-09-07T12:32:00+02:00,,0.0,0,Gjøvik,INN:Line:100,Hamar - Gjøvik,100,bus,INN:ServiceJourney:83459,False,planned,False,,,,,2026-09-07T15:44:36.205822+02:00
NSR:StopPlace:58811,Moelv stasjon,2026-09-07T12:36:00+02:00,2026-09-07T12:36:00+02:00,,0.0,0,Fossen - Næroset,INN:Line:610,Næroset - Fossen - Moelv,610,bus,INN:ServiceJourney:83024,False,planned,False,,,,,2026-09-07T15:44:36.205822+02:00
NSR:StopPlace:58811,Moelv stasjon,2026-09-07T13:15:00+02:00,2026-09-07T13:15:00+02:00,,0.0,0,Lillehammer,VYG:Line:RE10,Drammen-Oslo S-Lillehammer,RE10,rail,VYG:ServiceJourney:315-SUD_444173-R,False,planned,False,,,,,2026-09-07T15:44:36.205822+02:00
NSR:StopPlace:58811,Moelv stasjon,2026-09-07T13:26:00+02:00,2026-09-07T13:26:00+02:00,,0.0,0,Hamar,INN:Line:100,Hamar - Gjøvik,100,bus,INN:ServiceJourney:83505,False,planned,False,,,,,2026-09-07T15:44:36.205822+02:00
NSR:StopPlace:58811,Moelv stasjon,2026-09-07T13:32:00+02:00,2026-09-07T13:32:00+02:00,,0.0,0,Gjøvik,INN:Line:100,Hamar - Gjøvik,100,bus,INN:ServiceJourney:83460,False,planned,False,,,,,2026-09-07T15:44:36.205822+02:00
NSR:StopPlace:58811,Moelv stasjon,2026-09-07T13:36:00+02:00,2026-09-07T13:36:00+02:00,,0.0,0,Fossen - Næroset,INN:Line:610,Næroset - Fossen - Moelv,610,bus,INN:ServiceJourney:83025,False,planned,False,,,,,2026-09-07T15:44:36.205822+02:00
NSR:StopPlace:58811,Moelv stasjon,2026-09-07T13:40:00+02:00,2026-09-07T13:40:00+02:00,,0.0,0,Ringsrunden,INN:Line:607,Moelv-Fløtlia-Næroset-Moelv,607,bus,INN:ServiceJourney:83006,False,planned,False,,,,,2026-09-07T15:44:36.205822+02:00
NSR:StopPlace:58811,Moelv stasjon,2026-09-07T13:45:00+02:00,2026-09-07T13:45:00+02:00,,0.0,0,Gaupen - Stavsjø,INN:Line:618,Moelv-Gaupen-Stavsjø-Tingnes,618,bus,INN:ServiceJourney:83118,False,planned,False,,,,,2026-09-07T15:44:36.205822+02:00
NSR:StopPlace:58811,Moelv stasjon,2026-09-07T16:00:00+02:00,2026-09-07T16:00:00+02:00,,0.0,0,Lillehammer,INN:Line:600,Moelv - Lillehammer,600,bus,INN:ServiceJourney:82445,False,planned,False,,,,,2026-09-07T15:44:36.205822+02:00
NSR:StopPlace:58811,Moelv stasjon,2026-09-07T16:05:00+02:00,2026-09-07T16:05:00+02:00,,0.0,0,Åsmarka - Lillehammer,INN:Line:602,Lillehammer-Åsmarka-Moelv,602,bus,INN:ServiceJourney:82973,False,planned,False,,,,,2026-09-07T15:44:36.205822+02:00
NSR:StopPlace:58811,Moelv stasjon,2026-09-07T16:20:00+02:00,2026-09-07T16:20:00+02:00,,0.0,0,Ringsrunden,INN:Line:607,Moelv-Fløtlia-Næroset-Moelv,607,bus,INN:ServiceJourney:83005,False,planned,False,,,,,2026-09-07T15:44:36.205822+02:00
NSR:StopPlace:58811,Moelv stasjon,2026-09-07T16:26:00+02:00,2026-09-07T16:26:00+02:00,,0.0,0,Hamar,INN:Line:100,Hamar - Gjøvik,100,bus,INN:ServiceJourney:83509,False,planned,False,,,,,2026-09-07T15:44:36.205822+02:00
NSR:StopPlace:58812,Os stasjon,2026-09-07T13:32:00+02:00,2026-09-07T13:32:00+02:00,,0.0,0,Røros,SJN:Line:25,Rørosbanen,R60,rail,SJN:ServiceJourney:2383_37663-R,False,planned,False,,,,,2026-09-07T15:44:36.205822+02:00
NSR:StopPlace:58812,Os stasjon,2026-09-07T15:50:00+02:00,2026-09-07T15:50:00+02:00,,0.0,0,Røros,INN:Line:182,Tynset - Røros,182,bus,INN:ServiceJourney:74866,False,planned,False,,,,,2026-09-07T15:44:36.205822+02:00
NSR:StopPlace:58812,Os stasjon,2026-09-07T15:52:00+02:00,2026-09-07T15:52:00+02:00,,0.0,0,Dalsbygda,INN:Line:897,Os - Dalsbygda - Os,897,bus,INN:ServiceJourney:76455,False,planned,False,,,,,2026-09-07T15:44:36.205822+02:00
NSR:StopPlace:58813,Skarnes stasjon,2026-09-07T11:48:00+02:00,2026-09-07T11:48:00+02:00,,0.0,0,Asker,VYG:Line:R14,Asker-Oslo S-Kongsvinger,R14,rail,VYG:ServiceJourney:1016_442922-R,False,planned,False,,,,,2026-09-07T15:44:36.205822+02:00
NSR:StopPlace:58813,Skarnes stasjon,2026-09-07T11:48:00+02:00,2026-09-07T11:48:00+02:00,,0.0,0,Kongsvinger,INN:Line:700,Kongsvinger-Skarnes-Sand,700,bus,INN:ServiceJourney:82371,False,planned,False,,,,,2026-09-07T15:44:36.205822+02:00
NSR:StopPlace:58813,Skarnes stasjon,2026-09-07T12:07:00+02:00,2026-09-07T12:07:00+02:00,,0.0,0,Kongsvinger,VYG:Line:R14,Asker-Oslo S-Kongsvinger,R14,rail,VYG:ServiceJourney:1013_442918-R,False,planned,False,,,,,2026-09-07T15:44:36.205822+02:00
NSR:StopPlace:58813,Skarnes stasjon,2026-09-07T12:54:00+02:00,2026-09-07T12:54:00+02:00,,0.0,0,Asker,VYG:Line:R14,Asker-Oslo S-Kongsvinger,R14,rail,VYG:ServiceJourney:1018_442925-R,False,planned,False,,,,,2026-09-07T15:44:36.205822+02:00
NSR:StopPlace:58813,Skarnes stasjon,2026-09-07T13:09:00+02:00,2026-09-07T13:09:00+02:00,,0.0,0,Kongsvinger,VYG:Line:R14,Asker-Oslo S-Kongsvinger,R14,rail,VYG:ServiceJourney:1015_442921-R,False,planned,False,,,,,2026-09-07T15:44:36.205822+02:00
NSR:StopPlace:58813,Skarnes stasjon,2026-09-07T13:14:00+02:00,2026-09-07T13:14:00+02:00,,0.0,0,Sand,INN:Line:700,Kongsvinger-Skarnes-Sand,700,bus,INN:ServiceJourney:82357,False,planned,False,,,,,2026-09-07T15:44:36.205822+02:00
NSR:StopPlace:58813,Skarnes stasjon,2026-09-07T13:45:00+02:00,2026-09-07T13:45:00+02:00,,0.0,0,Disneå - Åkroken,INN:Line:718,Disenå - Skarnes - Kongsvinger,718,bus,INN:ServiceJourney:76546,False,planned,False,,,,,2026-09-07T15:44:36.205822+02:00
NSR:StopPlace:58813,Skarnes stasjon,2026-09-07T13:48:00+02:00,2026-09-07T13:48:00+02:00,,0.0,0,Kongsvinger,INN:Line:700,Kongsvinger-Skarnes-Sand,700,bus,INN:ServiceJourney:82372,False,planned,False,,,,,2026-09-07T15:44:36.205822+02:00
NSR:StopPlace:58813,Skarnes stasjon,2026-09-07T14:07:00+02:00,2026-09-07T14:07:00+02:00,,0.0,0,Kongsvinger,VYG:Line:R14,Asker-Oslo S-Kongsvinger,R14,rail,VYG:ServiceJourney:1017_442923-R,False,planned,False,,,,,2026-09-07T15:44:36.205822+02:00
NSR:StopPlace:58813,Skarnes stasjon,2026-09-07T14:37:00+02:00,2026-09-07T14:37:00+02:00,,0.0,0,Mo - Knapper - Sand,INN:Line:704,Sand - Mo -Skarnes/ Kongsv.,704,bus,INN:ServiceJourney:76531,False,planned,False,,,,,2026-09-07T15:44:36.205822+02:00
NSR:StopPlace:58813,Skarnes stasjon,2026-09-07T15:18:00+02:00,2026-09-07T15:18:00+02:00,,0.0,0,Kongsvinger,INN:Line:700,Kongsvinger-Skarnes-Sand,700,bus,INN:ServiceJourney:82377,False,planned,False,,,,,2026-09-07T15:44:36.205822+02:00
NSR:StopPlace:58813,Skarnes stasjon,2026-09-07T15:55:00+02:00,2026-09-07T15:55:00+02:00,,0.0,0,Sand,INN:Line:700,Kongsvinger-Skarnes-Sand,700,bus,INN:ServiceJourney:82360,False,planned,False,,,,,2026-09-07T15:44:36.205822+02:00
NSR:StopPlace:58813,Skarnes stasjon,2026-09-07T15:55:00+02:00,2026-09-07T15:55:00+02:00,,0.0,0,Disneå - Åkroken,INN:Line:718,Disenå - Skarnes - Kongsvinger,718,bus,INN:ServiceJourney:76548,False,planned,False,,,,,2026-09-07T15:44:36.205822+02:00
NSR:StopPlace:58813,Skarnes stasjon,2026-09-07T16:10:00+02:00,2026-09-07T16:10:00+02:00,,0.0,0,Mo,INN:Line:704,Sand - Mo -Skarnes/ Kongsv.,704,bus,INN:ServiceJourney:76534,False,planned,False,,,,,2026-09-07T15:44:36.205822+02:00
NSR:StopPlace:58813,Skarnes stasjon,2026-09-07T16:25:00+02:00,2026-09-07T16:25:00+02:00,,0.0,0,Disneå - Åkroken,INN:Line:718,Disenå - Skarnes - Kongsvinger,718,bus,INN:ServiceJourney:76549,False,planned,False,,,,,2026-09-07T15:44:36.205822+02:00
NSR:StopPlace:58814,Tolga stasjon,2026-09-07T11:52:00+02:00,2026-09-07T11:52:00+02:00,,0.0,0,Tynset,INN:Line:182,Tynset - Røros,182,bus,INN:ServiceJourney:74874,False,planned,False,,,,,2026-09-07T15:44:36.205822+02:00
NSR:StopPlace:58814,Tolga stasjon,2026-09-07T13:19:00+02:00,2026-09-07T13:19:00+02:00,,0.0,0,Røros,SJN:Line:25,Rørosbanen,R60,rail,SJN:ServiceJourney:2383_37663-R,False,planned,False,,,,,2026-09-07T15:44:36.205822+02:00
NSR:StopPlace:58814,Tolga stasjon,2026-09-07T14:10:00+02:00,2026-09-07T14:10:00+02:00,,0.0,0,Vingelen,INN:Line:894,Tolga - Vingelen,894,bus,INN:ServiceJourney:55956,False,planned,False,,,,,2026-09-07T15:44:36.205822+02:00
NSR:StopPlace:58814,Tolga stasjon,2026-09-07T15:29:00+02:00,2026-09-07T15:29:00+02:00,,0.0,0,Røros,INN:Line:182,Tynset - Røros,182,bus,INN:ServiceJourney:74866,False,planned,False,,,,,2026-09-07T15:44:36.205822+02:00
NSR:StopPlace:58815,Bleiken stasjon,2026-09-07T12:11:00+02:00,2026-09-07T12:11:00+02:00,,0.0,0,Roa,VYG:Line:RE30,Oslo S-Gjøvik,RE30,rail,VYG:ServiceJourney:1216-GJOe_589146-R,False,planned,False,,,,,2026-09-07T15:44:36.205822+02:00
NSR:StopPlace:58815,Bleiken stasjon,2026-09-07T12:28:00+02:00,2026-09-07T12:28:00+02:00,,0.0,0,Gjøvik,VYG:Line:RE30,Oslo S-Gjøvik,RE30,rail,VYG:ServiceJourney:1213-ROA_589138-R,False,planned,False,,,,,2026-09-07T15:44:36.205822+02:00
NSR:StopPlace:58815,Bleiken stasjon,2026-09-07T13:11:00+02:00,2026-09-07T13:11:00+02:00,,0.0,0,Roa,VYG:Line:RE30,Oslo S-Gjøvik,RE30,rail,VYG:ServiceJourney:1218-GJOe_589152-R,False,planned,False,,,,,2026-09-07T15:44:36.205822+02:00
NSR:StopPlace:58815,Bleiken stasjon,2026-09-07T13:28:00+02:00,2026-09-07T13:28:00+02:00,,0.0,0,Gjøvik,VYG:Line:RE30,Oslo S-Gjøvik,RE30,rail,VYG:ServiceJourney:1215-ROA_589144-R,False,planned,False,,,,,2026-09-07T15:44:36.205822+02:00
NSR:StopPlace:58815,Bleiken stasjon,2026-09-07T13:32:00+02:00,2026-09-07T13:32:00+02:00,,0.0,0,Hennung via Skari,INN:Line:454,Brandbu-Hennung,454,bus,INN:ServiceJourney:71359,False,planned,False,,,,,2026-09-07T15:44:36.205822+02:00
NSR:StopPlace:58815,Bleiken stasjon,2026-09-07T13:52:00+02:00,2026-09-07T13:52:00+02:00,,0.0,0,Brandbu via Eggelinna,INN:Line:454,Brandbu-Hennung,454,bus,INN:ServiceJourney:71366,False,planned,False,,,,,2026-09-07T15:44:36.205822+02:00
NSR:StopPlace:58815,Bleiken stasjon,2026-09-07T16:08:00+02:00,2026-09-07T16:08:00+02:00,,0.0,0,Brandbu via Eggelinna,INN:Line:454,Brandbu-Hennung,454,bus,INN:ServiceJourney:71370,False,planned,False,,,,,2026-09-07T15:44:36.205822+02:00
NSR:StopPlace:58816,Dombås stasjon,2026-09-07T12:08:00+02:00,2026-09-07T12:08:00+02:00,,0.0,0,Åndalsnes,SJN:Line:22,Raumabanen,R65,rail,SJN:ServiceJourney:2343_30109-R,False,planned,False,,,,,2026-09-07T15:44:36.205822+02:00
NSR:StopPlace:58816,Dombås stasjon,2026-09-07T12:48:00+02:00,2026-09-07T12:48:00+02:00,,0.0,0,Bjorli,INN:Line:144,Bjorli - Otta,144,bus,INN:ServiceJourney:95275,False,planned,False,Grunnet rassikring ved Rosten vil hele linjen være forsinket i forhold til ruteplan. ,Reisende oppfordres til å møte opp til oppsatt rutetid. ,incident,normal,2026-09-07T15:44:36.205822+02:00
NSR:StopPlace:58817,Eina stasjon,2026-09-07T11:56:00+02:00,2026-09-07T11:56:00+02:00,,0.0,0,Roa,VYG:Line:RE30,Oslo S-Gjøvik,RE30,rail,VYG:ServiceJourney:1216-GJOe_589146-R,False,planned,False,,,,,2026-09-07T15:44:36.205822+02:00
NSR:StopPlace:58817,Eina stasjon,2026-09-07T12:44:00+02:00,2026-09-07T12:44:00+02:00,,0.0,0,Gjøvik,VYG:Line:RE30,Oslo S-Gjøvik,RE30,rail,VYG:ServiceJourney:1213-ROA_589138-R,False,planned,False,,,,,2026-09-07T15:44:36.205822+02:00
NSR:StopPlace:58817,Eina stasjon,2026-09-07T12:56:00+02:00,2026-09-07T12:56:00+02:00,,0.0,0,Roa,VYG:Line:RE30,Oslo S-Gjøvik,RE30,rail,VYG:ServiceJourney:1218-GJOe_589152-R,False,planned,False,,,,,2026-09-07T15:44:36.205822+02:00
NSR:StopPlace:58817,Eina stasjon,2026-09-07T13:30:00+02:00,2026-09-07T13:30:00+02:00,,0.0,0,Eina-Raufoss via Støen,INN:Line:406,Gjø.-Reinsv.-Eina-Reinsv.-Gjø.,406,bus,INN:ServiceJourney:65786,False,planned,False,,,,,2026-09-07T15:44:36.205822+02:00
NSR:StopPlace:58817,Eina stasjon,2026-09-07T13:44:00+02:00,2026-09-07T13:44:00+02:00,,0.0,0,Gjøvik,VYG:Line:RE30,Oslo S-Gjøvik,RE30,rail,VYG:ServiceJourney:1215-ROA_589144-R,False,planned,False,,,,,2026-09-07T15:44:36.205822+02:00
NSR:StopPlace:58817,Eina stasjon,2026-09-07T14:24:00+02:00,2026-09-07T14:24:00+02:00,,0.0,0,Mjørlund o/østsida,INN:Line:406,Gjø.-Reinsv.-Eina-Reinsv.-Gjø.,406,bus,INN:ServiceJourney:65787,False,planned,False,,,,,2026-09-07T15:44:36.205822+02:00
NSR:StopPlace:58817,Eina stasjon,2026-09-07T15:15:00+02:00,2026-09-07T15:15:00+02:00,,0.0,0,Gjøvik,INN:Line:103,Lillehammer-Gjøvik-Hønefoss,103,bus,INN:ServiceJourney:70744,False,planned,False,,,,,2026-09-07T15:44:36.205822+02:00
NSR:StopPlace:58818,Gran stasjon,2026-09-07T12:12:00+02:00,2026-09-07T12:12:00+02:00,,0.0,0,Gran,INN:Line:126,Dokka-Hov-Brandbu-Oslo,126,bus,INN:ServiceJourney:68048,False,planned,False,,,,,2026-09-07T15:44:36.205822+02:00
NSR:StopPlace:58818,Gran stasjon,2026-09-07T12:15:00+02:00,2026-09-07T12:15:00+02:00,,0.0,0,Jevnaker via Kalvsjø-Lunner st,INN:Line:452,Gran-Lunner-Olimb-Jevnaker,452,bus,INN:ServiceJourney:71409,False,planned,False,,,,,2026-09-07T15:44:36.205822+02:00
NSR:StopPlace:58818,Gran stasjon,2026-09-07T12:15:00+02:00,2026-09-07T12:15:00+02:00,,0.0,0,Gjøvik,VYG:Line:RE30,Oslo S-Gjøvik,RE30,rail,VYG:ServiceJourney:1213-ROA_589138-R,False,planned,False,,,,,2026-09-07T15:44:36.205822+02:00
NSR:StopPlace:58818,Gran stasjon,2026-09-07T12:25:00+02:00,2026-09-07T12:25:00+02:00,,0.0,0,Roa,VYG:Line:RE30,Oslo S-Gjøvik,RE30,rail,VYG:ServiceJourney:1216-GJOe_589146-R,False,planned,False,,,,,2026-09-07T15:44:36.205822+02:00
NSR:StopPlace:58818,Gran stasjon,2026-09-07T12:47:00+02:00,2026-09-07T12:47:00+02:00,,0.0,0,Servicebuss,INN:Line:460,Servicebuss Brandbu-Gran,460,bus,INN:ServiceJourney:75785,False,planned,False,,,,,2026-09-07T15:44:36.205822+02:00
NSR:StopPlace:58818,Gran stasjon,2026-09-07T13:15:00+02:00,2026-09-07T13:15:00+02:00,,0.0,0,Gjøvik,VYG:Line:RE30,Oslo S-Gjøvik,RE30,rail,VYG:ServiceJourney:1215-ROA_589144-R,False,planned,False,,,,,2026-09-07T15:44:36.205822+02:00
NSR:StopPlace:58818,Gran stasjon,2026-09-07T13:25:00+02:00,2026-09-07T13:25:00+02:00,,0.0,0,Roa,VYG:Line:RE30,Oslo S-Gjøvik,RE30,rail,VYG:ServiceJourney:1218-GJOe_589152-R,False,planned,False,,,,,2026-09-07T15:44:36.205822+02:00
NSR:StopPlace:58818,Gran stasjon,2026-09-07T13:35:00+02:00,2026-09-07T13:35:00+02:00,,0.0,0,Oppdalen kapell,INN:Line:465,Lunner b.sk.-Roa-Oppdalen-Gran,465,bus,INN:ServiceJourney:71232,False,planned,False,,,,,2026-09-07T15:44:36.205822+02:00
NSR:StopPlace:58818,Gran stasjon,2026-09-07T13:35:00+02:00,2026-09-07T13:35:00+02:00,,0.0,0,Riis,INN:Line:457,Gran-Riis-Gran,457,bus,INN:ServiceJourney:71297,False,planned,False,,,,,2026-09-07T15:44:36.205822+02:00
NSR:StopPlace:58818,Gran stasjon,2026-09-07T13:45:00+02:00,2026-09-07T13:45:00+02:00,,0.0,0,Jevnaker via Kalvsjø,INN:Line:452,Gran-Lunner-Olimb-Jevnaker,452,bus,INN:ServiceJourney:71412,False,planned,False,,,,,2026-09-07T15:44:36.205822+02:00
NSR:StopPlace:58818,Gran stasjon,2026-09-07T14:10:00+02:00,2026-09-07T14:10:00+02:00,,0.0,0,Servicebuss,INN:Line:460,Servicebuss Brandbu-Gran,460,bus,INN:ServiceJourney:75780,False,planned,False,,,,,2026-09-07T15:44:36.205822+02:00
NSR:StopPlace:58818,Gran stasjon,2026-09-07T14:33:00+02:00,2026-09-07T14:33:00+02:00,,0.0,0,Riis,INN:Line:457,Gran-Riis-Gran,457,bus,INN:ServiceJourney:71298,False,planned,False,,,,,2026-09-07T15:44:36.205822+02:00
NSR:StopPlace:58818,Gran stasjon,2026-09-07T15:23:00+02:00,2026-09-07T15:23:00+02:00,,0.0,0,Jevnaker via Grindvoll,INN:Line:451,Gran-Lunner-Grindvoll-Jevnaker,451,bus,INN:ServiceJourney:71505,False,planned,False,,,,,2026-09-07T15:44:36.205822+02:00
NSR:StopPlace:58818,Gran stasjon,2026-09-07T16:18:00+02:00,2026-09-07T16:18:00+02:00,,0.0,0,Hadeland vgs,INN:Line:456,Gran-Grymyr,456,bus,INN:ServiceJourney:84280,False,planned,False,,,,,2026-09-07T15:44:36.205822+02:00
NSR:StopPlace:58819,Grua stasjon,2026-09-07T11:47:00+02:00,2026-09-07T11:47:00+02:00,,0.0,0,Oslo S,VYG:Line:RE30,Oslo S-Gjøvik,RE30,rail,VYG:ServiceJourney:BUS-1214_655021-R,False,planned,False,,,,,2026-09-07T15:44:36.205822+02:00
NSR:StopPlace:58819,Grua stasjon,2026-09-07T11:47:00+02:00,2026-09-07T11:47:00+02:00,,0.0,0,Oslo S,VYG:Line:RE30,Oslo S-Gjøvik,RE30,rail,VYG:ServiceJourney:BUS-1214_655023-R,False,planned,False,,,,,2026-09-07T15:44:36.205822+02:00
NSR:StopPlace:58819,Grua stasjon,2026-09-07T12:11:00+02:00,2026-09-07T12:11:00+02:00,,0.0,0,Brandbu via Mohagen,INN:Line:112,Brandbu-Gran-Harestua,112,bus,INN:ServiceJourney:70828,False,planned,False,,,,,2026-09-07T15:44:36.205822+02:00
NSR:StopPlace:58819,Grua stasjon,2026-09-07T12:34:00+02:00,2026-09-07T12:34:00+02:00,,0.0,0,Roa,VYG:Line:RE30,Oslo S-Gjøvik,RE30,rail,VYG:ServiceJourney:BUS-1215_655026-R,False,planned,False,,,,,2026-09-07T15:44:36.205822+02:00
NSR:StopPlace:58819,Grua stasjon,2026-09-07T12:35:00+02:00,2026-09-07T12:35:00+02:00,,0.0,0,Harestua,INN:Line:112,Brandbu-Gran-Harestua,112,bus,INN:ServiceJourney:70793,False,planned,False,,,,,2026-09-07T15:44:36.205822+02:00
NSR:StopPlace:58819,Grua stasjon,2026-09-07T12:41:00+02:00,2026-09-07T12:41:00+02:00,,0.0,0,Roa,VYG:Line:RE30,Oslo S-Gjøvik,RE30,rail,VYG:ServiceJourney:BUS-1215_655027-R,False,planned,False,,,,,2026-09-07T15:44:36.205822+02:00
NSR:StopPlace:58819,Grua stasjon,2026-09-07T12:47:00+02:00,2026-09-07T12:47:00+02:00,,0.0,0,Oslo S,VYG:Line:RE30,Oslo S-Gjøvik,RE30,rail,VYG:ServiceJourney:BUS-1216_655029-R,False,planned,False,,,,,2026-09-07T15:44:36.205822+02:00
NSR:StopPlace:58819,Grua stasjon,2026-09-07T12:47:00+02:00,2026-09-07T12:47:00+02:00,,0.0,0,Oslo S,VYG:Line:RE30,Oslo S-Gjøvik,RE30,rail,VYG:ServiceJourney:BUS-1216_655031-R,False,planned,False,,,,,2026-09-07T15:44:36.205822+02:00
NSR:StopPlace:58819,Grua stasjon,2026-09-07T13:11:00+02:00,2026-09-07T13:11:00+02:00,,0.0,0,Brandbu via Mohagen,INN:Line:112,Brandbu-Gran-Harestua,112,bus,INN:ServiceJourney:70829,False,planned,False,,,,,2026-09-07T15:44:36.205822+02:00
NSR:StopPlace:58819,Grua stasjon,2026-09-07T13:34:00+02:00,2026-09-07T13:34:00+02:00,,0.0,0,Roa,VYG:Line:RE30,Oslo S-Gjøvik,RE30,rail,VYG:ServiceJourney:BUS-1217_655035-R,False,planned,False,,,,,2026-09-07T15:44:36.205822+02:00
NSR:StopPlace:58819,Grua stasjon,2026-09-07T13:35:00+02:00,2026-09-07T13:35:00+02:00,,0.0,0,Harestua,INN:Line:112,Brandbu-Gran-Harestua,112,bus,INN:ServiceJourney:70794,False,planned,False,,,,,2026-09-07T15:44:36.205822+02:00
NSR:StopPlace:58819,Grua stasjon,2026-09-07T13:40:00+02:00,2026-09-07T13:40:00+02:00,,0.0,0,Roa,VYG:Line:RE30,Oslo S-Gjøvik,RE30,rail,VYG:ServiceJourney:BUS-1217_655036-R,False,planned,False,,,,,2026-09-07T15:44:36.205822+02:00
NSR:StopPlace:58819,Grua stasjon,2026-09-07T13:47:00+02:00,2026-09-07T13:47:00+02:00,,0.0,0,Oslo S,VYG:Line:RE30,Oslo S-Gjøvik,RE30,rail,VYG:ServiceJourney:BUS-1218_655038-R,False,planned,False,,,,,2026-09-07T15:44:36.205822+02:00
NSR:StopPlace:58819,Grua stasjon,2026-09-07T13:47:00+02:00,2026-09-07T13:47:00+02:00,,0.0,0,Oslo S,VYG:Line:RE30,Oslo S-Gjøvik,RE30,rail,VYG:ServiceJourney:BUS-1218_655040-R,False,planned,False,,,,,2026-09-07T15:44:36.205822+02:00
NSR:StopPlace:58819,Grua stasjon,2026-09-07T14:15:00+02:00,2026-09-07T14:15:00+02:00,,0.0,0,Hadeland vgs via Grua skole,INN:Line:112,Brandbu-Gran-Harestua,112,bus,INN:ServiceJourney:70833,False,planned,False,,,,,2026-09-07T15:44:36.205822+02:00
NSR:StopPlace:58819,Grua stasjon,2026-09-07T14:18:00+02:00,2026-09-07T14:18:00+02:00,,0.0,0,Harestua,INN:Line:112,Brandbu-Gran-Harestua,112,bus,INN:ServiceJourney:70796,False,planned,False,,,,,2026-09-07T15:44:36.205822+02:00
NSR:StopPlace:58819,Grua stasjon,2026-09-07T14:47:00+02:00,2026-09-07T14:47:00+02:00,,0.0,0,Oslo S,VYG:Line:RE30,Oslo S-Gjøvik,RE30,rail,VYG:ServiceJourney:BUS-1220_655049-R,False,planned,False,,,,,2026-09-07T15:44:36.205822+02:00
NSR:StopPlace:58819,Grua stasjon,2026-09-07T15:40:00+02:00,2026-09-07T15:40:00+02:00,,0.0,0,Roa,VYG:Line:RE30,Oslo S-Gjøvik,RE30,rail,VYG:ServiceJourney:BUS-1221_655056-R,False,planned,False,,,,,2026-09-07T15:44:36.205822+02:00
NSR:StopPlace:58819,Grua stasjon,2026-09-07T15:47:00+02:00,2026-09-07T15:47:00+02:00,,0.0,0,Oslo S,VYG:Line:RE30,Oslo S-Gjøvik,RE30,rail,VYG:ServiceJourney:BUS-1222_655059-R,False,planned,False,,,,,2026-09-07T15:44:36.205822+02:00
NSR:StopPlace:58819,Grua stasjon,2026-09-07T15:47:00+02:00,2026-09-07T15:47:00+02:00,,0.0,0,Oslo S,VYG:Line:RE30,Oslo S-Gjøvik,RE30,rail,VYG:ServiceJourney:BUS-1222_655060-R,False,planned,False,,,,,2026-09-07T15:44:36.205822+02:00
NSR:StopPlace:58819,Grua stasjon,2026-09-07T16:11:00+02:00,2026-09-07T16:11:00+02:00,,0.0,0,Brandbu via Mohagen,INN:Line:112,Brandbu-Gran-Harestua,112,bus,INN:ServiceJourney:70842,False,planned,False,,,,,2026-09-07T15:44:36.205822+02:00
NSR:StopPlace:58820,Harestua stasjon,2026-09-07T11:47:00+02:00,2026-09-07T11:47:00+02:00,,0.0,0,Oslo S,VYG:Line:RE30,Oslo S-Gjøvik,RE30,rail,VYG:ServiceJourney:BUS-1214_655024-R,False,planned,False,,,,,2026-09-07T15:44:36.205822+02:00
NSR:StopPlace:58820,Harestua stasjon,2026-09-07T12:00:00+02:00,2026-09-07T12:00:00+02:00,,0.0,0,Oslo S,VYG:Line:RE30,Oslo S-Gjøvik,RE30,rail,VYG:ServiceJourney:BUS-1214_655021-R,False,planned,False,,,,,2026-09-07T15:44:36.205822+02:00
NSR:StopPlace:58820,Harestua stasjon,2026-09-07T12:24:00+02:00,2026-09-07T12:24:00+02:00,,0.0,0,Roa,VYG:Line:RE30,Oslo S-Gjøvik,RE30,rail,VYG:ServiceJourney:BUS-1215_655026-R,False,planned,False,,,,,2026-09-07T15:44:36.205822+02:00
NSR:StopPlace:58820,Harestua stasjon,2026-09-07T12:31:00+02:00,2026-09-07T12:31:00+02:00,,0.0,0,Roa,VYG:Line:RE30,Oslo S-Gjøvik,RE30,rail,VYG:ServiceJourney:BUS-1215_655027-R,False,planned,False,,,,,2026-09-07T15:44:36.205822+02:00
NSR:StopPlace:58820,Harestua stasjon,2026-09-07T12:47:00+02:00,2026-09-07T12:47:00+02:00,,0.0,0,Oslo S,VYG:Line:RE30,Oslo S-Gjøvik,RE30,rail,VYG:ServiceJourney:BUS-1216_655032-R,False,planned,False,,,,,2026-09-07T15:44:36.205822+02:00
NSR:StopPlace:58820,Harestua stasjon,2026-09-07T13:00:00+02:00,2026-09-07T13:00:00+02:00,,0.0,0,Oslo S,VYG:Line:RE30,Oslo S-Gjøvik,RE30,rail,VYG:ServiceJourney:BUS-1216_655029-R,False,planned,False,,,,,2026-09-07T15:44:36.205822+02:00
NSR:StopPlace:58820,Harestua stasjon,2026-09-07T13:24:00+02:00,2026-09-07T13:24:00+02:00,,0.0,0,Roa,VYG:Line:RE30,Oslo S-Gjøvik,RE30,rail,VYG:ServiceJourney:BUS-1217_655035-R,False,planned,False,,,,,2026-09-07T15:44:36.205822+02:00
NSR:StopPlace:58820,Harestua stasjon,2026-09-07T13:30:00+02:00,2026-09-07T13:30:00+02:00,,0.0,0,Roa,VYG:Line:RE30,Oslo S-Gjøvik,RE30,rail,VYG:ServiceJourney:BUS-1217_655036-R,False,planned,False,,,,,2026-09-07T15:44:36.205822+02:00
NSR:StopPlace:58820,Harestua stasjon,2026-09-07T14:00:00+02:00,2026-09-07T14:00:00+02:00,,0.0,0,Oslo S,VYG:Line:RE30,Oslo S-Gjøvik,RE30,rail,VYG:ServiceJourney:BUS-1218_655038-R,False,planned,False,,,,,2026-09-07T15:44:36.205822+02:00
NSR:StopPlace:58820,Harestua stasjon,2026-09-07T14:47:00+02:00,2026-09-07T14:47:00+02:00,,0.0,0,Oslo S,VYG:Line:RE30,Oslo S-Gjøvik,RE30,rail,VYG:ServiceJourney:BUS-1220_655051-R,False,planned,False,,,,,2026-09-07T15:44:36.205822+02:00
NSR:StopPlace:58820,Harestua stasjon,2026-09-07T15:00:00+02:00,2026-09-07T15:00:00+02:00,,0.0,0,Oslo S,VYG:Line:RE30,Oslo S-Gjøvik,RE30,rail,VYG:ServiceJourney:BUS-1220_655049-R,False,planned,False,,,,,2026-09-07T15:44:36.205822+02:00
NSR:StopPlace:58820,Harestua stasjon,2026-09-07T15:30:00+02:00,2026-09-07T15:30:00+02:00,,0.0,0,Roa,VYG:Line:RE30,Oslo S-Gjøvik,RE30,rail,VYG:ServiceJourney:BUS-1221_655056-R,False,planned,False,,,,,2026-09-07T15:44:36.205822+02:00
NSR:StopPlace:58820,Harestua stasjon,2026-09-07T15:47:00+02:00,2026-09-07T15:47:00+02:00,,0.0,0,Oslo S,VYG:Line:RE30,Oslo S-Gjøvik,RE30,rail,VYG:ServiceJourney:BUS-1222_655061-R,False,planned,False,,,,,2026-09-07T15:44:36.205822+02:00
NSR:StopPlace:58820,Harestua stasjon,2026-09-07T16:00:00+02:00,2026-09-07T16:00:00+02:00,,0.0,0,Oslo S,VYG:Line:RE30,Oslo S-Gjøvik,RE30,rail,VYG:ServiceJourney:BUS-1222_655059-R,False,planned,False,,,,,2026-09-07T15:44:36.205822+02:00
NSR:StopPlace:58820,Harestua stasjon,2026-09-07T16:24:00+02:00,2026-09-07T16:24:00+02:00,,0.0,0,Roa,VYG:Line:RE30,Oslo S-Gjøvik,RE30,rail,VYG:ServiceJourney:BUS-1223_655065-R,False,planned,False,,,,,2026-09-07T15:44:36.205822+02:00
NSR:StopPlace:58821,Hjerkinn stasjon,2026-09-07T12:35:00+02:00,2026-09-07T12:35:00+02:00,,0.0,0,Bestillingsrute - on demand only,INN:FlexibleLine:8290,Folldal - Hjerkinn,8290,taxi,INN:ServiceJourney:56323,False,planned,False,,,,,2026-09-07T15:44:36.205822+02:00
NSR:StopPlace:58823,Jaren stasjon,2026-09-07T12:20:00+02:00,2026-09-07T12:20:00+02:00,,0.0,0,Roa,VYG:Line:RE30,Oslo S-Gjøvik,RE30,rail,VYG:ServiceJourney:1216-GJOe_589146-R,False,planned,False,,,,,2026-09-07T15:44:36.205822+02:00
NSR:StopPlace:58823,Jaren stasjon,2026-09-07T12:21:00+02:00,2026-09-07T12:21:00+02:00,,0.0,0,Gjøvik,VYG:Line:RE30,Oslo S-Gjøvik,RE30,rail,VYG:ServiceJourney:1213-ROA_589138-R,False,planned,False,,,,,2026-09-07T15:44:36.205822+02:00
NSR:StopPlace:58823,Jaren stasjon,2026-09-07T13:15:00+02:00,2026-09-07T13:15:00+02:00,,0.0,0,Servicebuss,INN:Line:460,Servicebuss Brandbu-Gran,460,bus,INN:ServiceJourney:75785,False,planned,False,,,,,2026-09-07T15:44:36.205822+02:00
NSR:StopPlace:58823,Jaren stasjon,2026-09-07T13:20:00+02:00,2026-09-07T13:20:00+02:00,,0.0,0,Roa,VYG:Line:RE30,Oslo S-Gjøvik,RE30,rail,VYG:ServiceJourney:1218-GJOe_589152-R,False,planned,False,,,,,2026-09-07T15:44:36.205822+02:00
NSR:StopPlace:58823,Jaren stasjon,2026-09-07T13:21:00+02:00,2026-09-07T13:21:00+02:00,,0.0,0,Gjøvik,VYG:Line:RE30,Oslo S-Gjøvik,RE30,rail,VYG:ServiceJourney:1215-ROA_589144-R,False,planned,False,,,,,2026-09-07T15:44:36.205822+02:00
NSR:StopPlace:58824,Lunner stasjon,2026-09-07T12:08:00+02:00,2026-09-07T12:08:00+02:00,,0.0,0,Gjøvik,VYG:Line:RE30,Oslo S-Gjøvik,RE30,rail,VYG:ServiceJourney:1213-ROA_589138-R,False,planned,False,,,,,2026-09-07T15:44:36.205822+02:00
NSR:StopPlace:58824,Lunner stasjon,2026-09-07T12:30:00+02:00,2026-09-07T12:30:00+02:00,,0.0,0,Jevnaker via Kalvsjø-Lunner st,INN:Line:452,Gran-Lunner-Olimb-Jevnaker,452,bus,INN:ServiceJourney:71409,False,planned,False,,,,,2026-09-07T15:44:36.205822+02:00
NSR:StopPlace:58824,Lunner stasjon,2026-09-07T12:31:00+02:00,2026-09-07T12:31:00+02:00,,0.0,0,Roa,VYG:Line:RE30,Oslo S-Gjøvik,RE30,rail,VYG:ServiceJourney:1216-GJOe_589146-R,False,planned,False,,,,,2026-09-07T15:44:36.205822+02:00
NSR:StopPlace:58824,Lunner stasjon,2026-09-07T12:53:00+02:00,2026-09-07T12:53:00+02:00,,0.0,0,Gran via Kalvsjø - Lunner,INN:Line:452,Gran-Lunner-Olimb-Jevnaker,452,bus,INN:ServiceJourney:71437,False,planned,False,,,,,2026-09-07T15:44:36.205822+02:00
NSR:StopPlace:58824,Lunner stasjon,2026-09-07T13:08:00+02:00,2026-09-07T13:08:00+02:00,,0.0,0,Gjøvik,VYG:Line:RE30,Oslo S-Gjøvik,RE30,rail,VYG:ServiceJourney:1215-ROA_589144-R,False,planned,False,,,,,2026-09-07T15:44:36.205822+02:00
NSR:StopPlace:58824,Lunner stasjon,2026-09-07T13:22:00+02:00,2026-09-07T13:22:00+02:00,,0.0,0,Gran via Kalvsjø - Lunner,INN:Line:452,Gran-Lunner-Olimb-Jevnaker,452,bus,INN:ServiceJourney:71438,False,planned,False,,,,,2026-09-07T15:44:36.205822+02:00
NSR:StopPlace:58824,Lunner stasjon,2026-09-07T13:31:00+02:00,2026-09-07T13:31:00+02:00,,0.0,0,Roa,VYG:Line:RE30,Oslo S-Gjøvik,RE30,rail,VYG:ServiceJourney:1218-GJOe_589152-R,False,planned,False,,,,,2026-09-07T15:44:36.205822+02:00
NSR:StopPlace:58824,Lunner stasjon,2026-09-07T13:53:00+02:00,2026-09-07T13:53:00+02:00,,0.0,0,Lunner rådhus via Grindvoll,INN:Line:451,Gran-Lunner-Grindvoll-Jevnaker,451,bus,INN:ServiceJourney:71516,False,planned,False,,,,,2026-09-07T15:44:36.205822+02:00
NSR:StopPlace:58824,Lunner stasjon,2026-09-07T14:10:00+02:00,2026-09-07T14:10:00+02:00,,0.0,0,Lunner usk via Volla,INN:Line:465,Lunner b.sk.-Roa-Oppdalen-Gran,465,bus,INN:ServiceJourney:71210,False,planned,False,,,,,2026-09-07T15:44:36.205822+02:00
NSR:StopPlace:58824,Lunner stasjon,2026-09-07T14:16:00+02:00,2026-09-07T14:16:00+02:00,,0.0,0,Grindvoll via Solheimstorget,INN:Line:451,Gran-Lunner-Grindvoll-Jevnaker,451,bus,INN:ServiceJourney:71500,False,planned,False,,,,,2026-09-07T15:44:36.205822+02:00
NSR:StopPlace:58824,Lunner stasjon,2026-09-07T15:41:00+02:00,2026-09-07T15:41:00+02:00,,0.0,0,Jevnaker via Grindvoll,INN:Line:451,Gran-Lunner-Grindvoll-Jevnaker,451,bus,INN:ServiceJourney:71505,False,planned,False,,,,,2026-09-07T15:44:36.205822+02:00
NSR:StopPlace:58824,Lunner stasjon,2026-09-07T16:00:00+02:00,2026-09-07T16:00:00+02:00,,0.0,0,Gran via Lunner rådhus,INN:Line:451,Gran-Lunner-Grindvoll-Jevnaker,451,bus,INN:ServiceJourney:71530,False,planned,False,,,,,2026-09-07T15:44:36.205822+02:00
NSR:StopPlace:58825,Raufoss stasjon,2026-09-07T11:45:00+02:00,2026-09-07T11:45:00+02:00,,0.0,0,Gjøvik-Kapp,INN:Line:46,Lena-Raufoss-Gjøvik-Kapp-Lena,B46,bus,INN:ServiceJourney:76830,False,planned,False,,,,,2026-09-07T15:44:36.205822+02:00
NSR:StopPlace:58825,Raufoss stasjon,2026-09-07T11:45:00+02:00,2026-09-07T11:45:00+02:00,,0.0,0,Roa,VYG:Line:RE30,Oslo S-Gjøvik,RE30,rail,VYG:ServiceJourney:1216-GJOe_589146-R,False,planned,False,,,,,2026-09-07T15:44:36.205822+02:00
NSR:StopPlace:58825,Raufoss stasjon,2026-09-07T11:56:00+02:00,2026-09-07T11:56:00+02:00,,0.0,0,Gjøvik,VYG:Line:RE30,Oslo S-Gjøvik,RE30,rail,VYG:ServiceJourney:1211-ROA_589132-R,False,planned,False,,,,,2026-09-07T15:44:36.205822+02:00
NSR:StopPlace:58825,Raufoss stasjon,2026-09-07T12:03:00+02:00,2026-09-07T12:03:00+02:00,,0.0,0,Raufosshallen,INN:Line:47,Lena-Kapp-Gjøvik-Raufoss-Lena,B47,bus,INN:ServiceJourney:76589,False,planned,False,,,,,2026-09-07T15:44:36.205822+02:00
NSR:StopPlace:58825,Raufoss stasjon,2026-09-07T12:15:00+02:00,2026-09-07T12:15:00+02:00,,0.0,0,Gjøvik-Lena,INN:Line:46,Lena-Raufoss-Gjøvik-Kapp-Lena,B46,bus,INN:ServiceJourney:76831,False,planned,False,,,,,2026-09-07T15:44:36.205822+02:00
NSR:StopPlace:58825,Raufoss stasjon,2026-09-07T12:32:00+02:00,2026-09-07T12:32:00+02:00,,0.0,0,Hov o/Trevatn,INN:Line:480,Hov-Trevatn-Gjøvik,480,bus,INN:ServiceJourney:71165,False,planned,False,,,,,2026-09-07T15:44:36.205822+02:00
NSR:StopPlace:58825,Raufoss stasjon,2026-09-07T12:41:00+02:00,2026-09-07T12:41:00+02:00,,0.0,0,Lena,INN:Line:47,Lena-Kapp-Gjøvik-Raufoss-Lena,B47,bus,INN:ServiceJourney:76590,False,planned,False,,,,,2026-09-07T15:44:36.205822+02:00
NSR:StopPlace:58825,Raufoss stasjon,2026-09-07T12:45:00+02:00,2026-09-07T12:45:00+02:00,,0.0,0,Gjøvik-Kapp,INN:Line:46,Lena-Raufoss-Gjøvik-Kapp-Lena,B46,bus,INN:ServiceJourney:76833,False,planned,False,,,,,2026-09-07T15:44:36.205822+02:00
NSR:StopPlace:58825,Raufoss stasjon,2026-09-07T12:45:00+02:00,2026-09-07T12:45:00+02:00,,0.0,0,Roa,VYG:Line:RE30,Oslo S-Gjøvik,RE30,rail,VYG:ServiceJourney:1218-GJOe_589152-R,False,planned,False,,,,,2026-09-07T15:44:36.205822+02:00
NSR:StopPlace:58825,Raufoss stasjon,2026-09-07T12:56:00+02:00,2026-09-07T12:56:00+02:00,,0.0,0,Gjøvik,VYG:Line:RE30,Oslo S-Gjøvik,RE30,rail,VYG:ServiceJourney:1213-ROA_589138-R,False,planned,False,,,,,2026-09-07T15:44:36.205822+02:00
NSR:StopPlace:58825,Raufoss stasjon,2026-09-07T13:03:00+02:00,2026-09-07T13:03:00+02:00,,0.0,0,Raufosshallen,INN:Line:47,Lena-Kapp-Gjøvik-Raufoss-Lena,B47,bus,INN:ServiceJourney:76591,False,planned,False,,,,,2026-09-07T15:44:36.205822+02:00
NSR:StopPlace:58825,Raufoss stasjon,2026-09-07T13:15:00+02:00,2026-09-07T13:15:00+02:00,,0.0,0,Gjøvik-Lena,INN:Line:46,Lena-Raufoss-Gjøvik-Kapp-Lena,B46,bus,INN:ServiceJourney:76834,False,planned,False,,,,,2026-09-07T15:44:36.205822+02:00
NSR:StopPlace:58825,Raufoss stasjon,2026-09-07T13:28:00+02:00,2026-09-07T13:28:00+02:00,,0.0,0,Gjøvik,INN:Line:480,Hov-Trevatn-Gjøvik,480,bus,INN:ServiceJourney:71158,False,planned,False,,,,,2026-09-07T15:44:36.205822+02:00
NSR:StopPlace:58825,Raufoss stasjon,2026-09-07T13:41:00+02:00,2026-09-07T13:41:00+02:00,,0.0,0,Lena,INN:Line:47,Lena-Kapp-Gjøvik-Raufoss-Lena,B47,bus,INN:ServiceJourney:76592,False,planned,False,,,,,2026-09-07T15:44:36.205822+02:00
NSR:StopPlace:58825,Raufoss stasjon,2026-09-07T13:43:00+02:00,2026-09-07T13:43:00+02:00,,0.0,0,Raufoss Gotterud,INN:Line:480,Hov-Trevatn-Gjøvik,480,bus,INN:ServiceJourney:71166,False,planned,False,,,,,2026-09-07T15:44:36.205822+02:00
NSR:StopPlace:58825,Raufoss stasjon,2026-09-07T13:56:00+02:00,2026-09-07T13:56:00+02:00,,0.0,0,Gjøvik,VYG:Line:RE30,Oslo S-Gjøvik,RE30,rail,VYG:ServiceJourney:1215-ROA_589144-R,False,planned,False,,,,,2026-09-07T15:44:36.205822+02:00
NSR:StopPlace:58825,Raufoss stasjon,2026-09-07T14:03:00+02:00,2026-09-07T14:03:00+02:00,,0.0,0,Raufosshallen,INN:Line:47,Lena-Kapp-Gjøvik-Raufoss-Lena,B47,bus,INN:ServiceJourney:76594,False,planned,False,,,,,2026-09-07T15:44:36.205822+02:00
NSR:StopPlace:58825,Raufoss stasjon,2026-09-07T14:13:00+02:00,2026-09-07T14:13:00+02:00,,0.0,0,Landheim-Eriksrud,INN:Line:436,Eina-Børsvoll-Raufoss,436,bus,INN:ServiceJourney:66225,False,planned,False,,,,,2026-09-07T15:44:36.205822+02:00
NSR:StopPlace:58825,Raufoss stasjon,2026-09-07T14:19:00+02:00,2026-09-07T14:19:00+02:00,,0.0,0,Gjøvik,INN:Line:403,Gjøvik-Raufoss-Reinsvoll-Lena,403,bus,INN:ServiceJourney:65763,False,planned,False,,,,,2026-09-07T15:44:36.205822+02:00
NSR:StopPlace:58825,Raufoss stasjon,2026-09-07T14:25:00+02:00,2026-09-07T14:25:00+02:00,,0.0,0,Raufoss Gotterud,INN:Line:480,Hov-Trevatn-Gjøvik,480,bus,INN:ServiceJourney:71167,False,planned,False,,,,,2026-09-07T15:44:36.205822+02:00
NSR:StopPlace:58825,Raufoss stasjon,2026-09-07T15:25:00+02:00,2026-09-07T15:25:00+02:00,,0.0,0,Gjøvik,INN:Line:103,Lillehammer-Gjøvik-Hønefoss,103,bus,INN:ServiceJourney:70744,False,planned,False,,,,,2026-09-07T15:44:36.205822+02:00
NSR:StopPlace:58825,Raufoss stasjon,2026-09-07T15:50:00+02:00,2026-09-07T15:50:00+02:00,,0.0,0,Åsmarka-Eina,INN:Line:436,Eina-Børsvoll-Raufoss,436,bus,INN:ServiceJourney:66229,False,planned,False,,,,,2026-09-07T15:44:36.205822+02:00
NSR:StopPlace:58825,Raufoss stasjon,2026-09-07T16:15:00+02:00,2026-09-07T16:15:00+02:00,,0.0,0,Gjøvik-Lena,INN:Line:46,Lena-Raufoss-Gjøvik-Kapp-Lena,B46,bus,INN:ServiceJourney:76840,False,planned,False,,,,,2026-09-07T15:44:36.205822+02:00
NSR:StopPlace:58826,Reinsvoll stasjon,2026-09-07T11:50:00+02:00,2026-09-07T11:50:00+02:00,,0.0,0,Roa,VYG:Line:RE30,Oslo S-Gjøvik,RE30,rail,VYG:ServiceJourney:1216-GJOe_589146-R,False,planned,False,,,,,2026-09-07T15:44:36.205822+02:00
NSR:StopPlace:58826,Reinsvoll stasjon,2026-09-07T11:50:00+02:00,2026-09-07T11:50:00+02:00,,0.0,0,Lena,INN:Line:47,Lena-Kapp-Gjøvik-Raufoss-Lena,B47,bus,INN:ServiceJourney:76588,False,planned,False,,,,,2026-09-07T15:44:36.205822+02:00
NSR:StopPlace:58826,Reinsvoll stasjon,2026-09-07T11:51:00+02:00,2026-09-07T11:51:00+02:00,,0.0,0,Gjøvik,VYG:Line:RE30,Oslo S-Gjøvik,RE30,rail,VYG:ServiceJourney:1211-ROA_589132-R,False,planned,False,,,,,2026-09-07T15:44:36.205822+02:00
NSR:StopPlace:58826,Reinsvoll stasjon,2026-09-07T12:33:00+02:00,2026-09-07T12:33:00+02:00,,0.0,0,Raufoss-Gjøvik,INN:Line:46,Lena-Raufoss-Gjøvik-Kapp-Lena,B46,bus,INN:ServiceJourney:76833,False,planned,False,,,,,2026-09-07T15:44:36.205822+02:00
NSR:StopPlace:58826,Reinsvoll stasjon,2026-09-07T12:50:00+02:00,2026-09-07T12:50:00+02:00,,0.0,0,Roa,VYG:Line:RE30,Oslo S-Gjøvik,RE30,rail,VYG:ServiceJourney:1218-GJOe_589152-R,False,planned,False,,,,,2026-09-07T15:44:36.205822+02:00
NSR:StopPlace:58826,Reinsvoll stasjon,2026-09-07T12:50:00+02:00,2026-09-07T12:50:00+02:00,,0.0,0,Lena,INN:Line:47,Lena-Kapp-Gjøvik-Raufoss-Lena,B47,bus,INN:ServiceJourney:76590,False,planned,False,,,,,2026-09-07T15:44:36.205822+02:00
NSR:StopPlace:58826,Reinsvoll stasjon,2026-09-07T12:51:00+02:00,2026-09-07T12:51:00+02:00,,0.0,0,Gjøvik,VYG:Line:RE30,Oslo S-Gjøvik,RE30,rail,VYG:ServiceJourney:1213-ROA_589138-R,False,planned,False,,,,,2026-09-07T15:44:36.205822+02:00
NSR:StopPlace:58826,Reinsvoll stasjon,2026-09-07T13:50:00+02:00,2026-09-07T13:50:00+02:00,,0.0,0,Lena,INN:Line:47,Lena-Kapp-Gjøvik-Raufoss-Lena,B47,bus,INN:ServiceJourney:76592,False,planned,False,,,,,2026-09-07T15:44:36.205822+02:00
NSR:StopPlace:58826,Reinsvoll stasjon,2026-09-07T13:51:00+02:00,2026-09-07T13:51:00+02:00,,0.0,0,Gjøvik,VYG:Line:RE30,Oslo S-Gjøvik,RE30,rail,VYG:ServiceJourney:1215-ROA_589144-R,False,planned,False,,,,,2026-09-07T15:44:36.205822+02:00
NSR:StopPlace:58826,Reinsvoll stasjon,2026-09-07T14:00:00+02:00,2026-09-07T14:00:00+02:00,,0.0,0,Raufoss-Gjøvik,INN:Line:403,Gjøvik-Raufoss-Reinsvoll-Lena,403,bus,INN:ServiceJourney:65763,False,planned,False,,,,,2026-09-07T15:44:36.205822+02:00
NSR:StopPlace:58828,Roa stasjon,2026-09-07T12:04:00+02:00,2026-09-07T12:04:00+02:00,,0.0,0,Gjøvik,VYG:Line:RE30,Oslo S-Gjøvik,RE30,rail,VYG:ServiceJourney:1213-ROA_589138-R,False,planned,False,,,,,2026-09-07T15:44:36.205822+02:00
NSR:StopPlace:58828,Roa stasjon,2026-09-07T12:40:00+02:00,2026-09-07T12:40:00+02:00,,0.0,0,Oslo S,VYG:Line:RE30,Oslo S-Gjøvik,RE30,rail,VYG:ServiceJourney:BUS-1216_655029-R,False,planned,False,,,,,2026-09-07T15:44:36.205822+02:00
NSR:StopPlace:58828,Roa stasjon,2026-09-07T12:40:00+02:00,2026-09-07T12:40:00+02:00,,0.0,0,Oslo S,VYG:Line:RE30,Oslo S-Gjøvik,RE30,rail,VYG:ServiceJourney:BUS-1216_655031-R,False,planned,False,,,,,2026-09-07T15:44:36.205822+02:00
NSR:StopPlace:58828,Roa stasjon,2026-09-07T12:40:00+02:00,2026-09-07T12:40:00+02:00,,0.0,0,Oslo S,VYG:Line:RE30,Oslo S-Gjøvik,RE30,rail,VYG:ServiceJourney:BUS-1216_655030-R,False,planned,False,,,,,2026-09-07T15:44:36.205822+02:00
NSR:StopPlace:58828,Roa stasjon,2026-09-07T13:04:00+02:00,2026-09-07T13:04:00+02:00,,0.0,0,Gjøvik,VYG:Line:RE30,Oslo S-Gjøvik,RE30,rail,VYG:ServiceJourney:1215-ROA_589144-R,False,planned,False,,,,,2026-09-07T15:44:36.205822+02:00
NSR:StopPlace:58828,Roa stasjon,2026-09-07T13:40:00+02:00,2026-09-07T13:40:00+02:00,,0.0,0,Oslo S,VYG:Line:RE30,Oslo S-Gjøvik,RE30,rail,VYG:ServiceJourney:BUS-1218_655038-R,False,planned,False,,,,,2026-09-07T15:44:36.205822+02:00
NSR:StopPlace:58828,Roa stasjon,2026-09-07T13:40:00+02:00,2026-09-07T13:40:00+02:00,,0.0,0,Oslo S,VYG:Line:RE30,Oslo S-Gjøvik,RE30,rail,VYG:ServiceJourney:BUS-1218_655040-R,False,planned,False,,,,,2026-09-07T15:44:36.205822+02:00
NSR:StopPlace:58828,Roa stasjon,2026-09-07T13:40:00+02:00,2026-09-07T13:40:00+02:00,,0.0,0,Oslo S,VYG:Line:RE30,Oslo S-Gjøvik,RE30,rail,VYG:ServiceJourney:BUS-1218_655039-R,False,planned,False,,,,,2026-09-07T15:44:36.205822+02:00
NSR:StopPlace:58828,Roa stasjon,2026-09-07T14:17:00+02:00,2026-09-07T14:17:00+02:00,,0.0,0,Oppdalen kapell,INN:Line:465,Lunner b.sk.-Roa-Oppdalen-Gran,465,bus,INN:ServiceJourney:71214,False,planned,False,,,,,2026-09-07T15:44:36.205822+02:00
NSR:StopPlace:58828,Roa stasjon,2026-09-07T14:40:00+02:00,2026-09-07T14:40:00+02:00,,0.0,0,Oslo S,VYG:Line:RE30,Oslo S-Gjøvik,RE30,rail,VYG:ServiceJourney:BUS-1220_655049-R,False,planned,False,,,,,2026-09-07T15:44:36.205822+02:00
NSR:StopPlace:58828,Roa stasjon,2026-09-07T15:40:00+02:00,2026-09-07T15:40:00+02:00,,0.0,0,Oslo S,VYG:Line:RE30,Oslo S-Gjøvik,RE30,rail,VYG:ServiceJourney:BUS-1222_655059-R,False,planned,False,,,,,2026-09-07T15:44:36.205822+02:00
NSR:StopPlace:58828,Roa stasjon,2026-09-07T15:40:00+02:00,2026-09-07T15:40:00+02:00,,0.0,0,Oslo S,VYG:Line:RE30,Oslo S-Gjøvik,RE30,rail,VYG:ServiceJourney:BUS-1222_655060-R,False,planned,False,,,,,2026-09-07T15:44:36.205822+02:00
NSR:StopPlace:58829,Stryken stasjon,2026-09-07T12:23:00+02:00,2026-09-07T12:23:00+02:00,,0.0,0,Roa,VYG:Line:RE30,Oslo S-Gjøvik,RE30,rail,VYG:ServiceJourney:BUS-1215_655027-R,False,planned,False,,,,,2026-09-07T15:44:36.205822+02:00
NSR:StopPlace:64088,Nässjö Centralstation,2026-09-07T13:32:00+02:00,2026-09-07T13:32:00+02:00,,0.0,0,Hamburg Hbf,SNT:Line:15931205-7b69-51de-bac7-18d4acc5c6f5,Malmö C,IC,rail,SNT:ServiceJourney:52efc068-8869-5645-b60f-cf6c2e6a10d8_a2c8b384-4be2-570b-9f4a-d2be7921163c,False,planned,False,,,,,2026-09-07T15:44:36.205822+02:00
NSR:StopPlace:64086,Norrköping Centralstation,2026-09-07T12:10:00+02:00,2026-09-07T12:10:00+02:00,,0.0,0,Hamburg Hbf,SNT:Line:15931205-7b69-51de-bac7-18d4acc5c6f5,Malmö C,IC,rail,SNT:ServiceJourney:52efc068-8869-5645-b60f-cf6c2e6a10d8_a2c8b384-4be2-570b-9f4a-d2be7921163c,False,planned,False,,,,,2026-09-07T15:44:36.205822+02:00
NSR:StopPlace:64087,Linköping Centralstation,2026-09-07T12:35:00+02:00,2026-09-07T12:35:00+02:00,,0.0,0,Hamburg Hbf,SNT:Line:15931205-7b69-51de-bac7-18d4acc5c6f5,Malmö C,IC,rail,SNT:ServiceJourney:52efc068-8869-5645-b60f-cf6c2e6a10d8_a2c8b384-4be2-570b-9f4a-d2be7921163c,False,planned,False,,,,,2026-09-07T15:44:36.205822+02:00
NSR:StopPlace:63079,Skeiane stasjon,2026-09-07T11:56:00+02:00,2026-09-07T11:56:00+02:00,,0.0,0,Stavanger,GOA:Line:59,Jærbanen,L5,rail,GOA:ServiceJourney:3129_63174-R,False,planned,False,,,,,2026-09-07T15:44:36.205822+02:00
NSR:StopPlace:63079,Skeiane stasjon,2026-09-07T12:12:00+02:00,2026-09-07T12:12:00+02:00,,0.0,0,Stavanger,GOA:Line:59,Jærbanen,L5,rail,GOA:ServiceJourney:3029_63065-R,False,planned,False,,,,,2026-09-07T15:44:36.205822+02:00
NSR:StopPlace:63079,Skeiane stasjon,2026-09-07T12:12:00+02:00,2026-09-07T12:12:00+02:00,,0.0,0,Egersund,GOA:Line:59,Jærbanen,L5,rail,GOA:ServiceJourney:3032_63069-R,False,planned,False,,,,,2026-09-07T15:44:36.205822+02:00
NSR:StopPlace:63079,Skeiane stasjon,2026-09-07T12:26:00+02:00,2026-09-07T12:26:00+02:00,,0.0,0,Stavanger,GOA:Line:59,Jærbanen,L5,rail,GOA:ServiceJourney:3131_63176-R,False,planned,False,,,,,2026-09-07T15:44:36.205822+02:00
NSR:StopPlace:63079,Skeiane stasjon,2026-09-07T12:41:00+02:00,2026-09-07T12:41:00+02:00,,0.0,0,Stavanger,GOA:Line:59,Jærbanen,L5,rail,GOA:ServiceJourney:3031_63068-R,False,planned,False,,,,,2026-09-07T15:44:36.205822+02:00
NSR:StopPlace:63079,Skeiane stasjon,2026-09-07T12:42:00+02:00,2026-09-07T12:42:00+02:00,,0.0,0,Nærbø,GOA:Line:59,Jærbanen,L5,rail,GOA:ServiceJourney:3034_63071-R,False,planned,False,,,,,2026-09-07T15:44:36.205822+02:00
NSR:StopPlace:63079,Skeiane stasjon,2026-09-07T12:56:00+02:00,2026-09-07T12:56:00+02:00,,0.0,0,Stavanger,GOA:Line:59,Jærbanen,L5,rail,GOA:ServiceJourney:3133_63178-R,False,planned,False,,,,,2026-09-07T15:44:36.205822+02:00
NSR:StopPlace:63079,Skeiane stasjon,2026-09-07T13:12:00+02:00,2026-09-07T13:12:00+02:00,,0.0,0,Stavanger,GOA:Line:59,Jærbanen,L5,rail,GOA:ServiceJourney:3033_63070-R,False,planned,False,,,,,2026-09-07T15:44:36.205822+02:00
NSR:StopPlace:63079,Skeiane stasjon,2026-09-07T13:12:00+02:00,2026-09-07T13:12:00+02:00,,0.0,0,Egersund,GOA:Line:59,Jærbanen,L5,rail,GOA:ServiceJourney:3036_63073-R,False,planned,False,,,,,2026-09-07T15:44:36.205822+02:00
NSR:StopPlace:63079,Skeiane stasjon,2026-09-07T13:26:00+02:00,2026-09-07T13:26:00+02:00,,0.0,0,Stavanger,GOA:Line:59,Jærbanen,L5,rail,GOA:ServiceJourney:3135_63180-R,False,planned,False,,,,,2026-09-07T15:44:36.205822+02:00
NSR:StopPlace:63079,Skeiane stasjon,2026-09-07T13:41:00+02:00,2026-09-07T13:41:00+02:00,,0.0,0,Stavanger,GOA:Line:59,Jærbanen,L5,rail,GOA:ServiceJourney:3035_63072-R,False,planned,False,,,,,2026-09-07T15:44:36.205822+02:00
NSR:StopPlace:63079,Skeiane stasjon,2026-09-07T13:56:00+02:00,2026-09-07T13:56:00+02:00,,0.0,0,Stavanger,GOA:Line:59,Jærbanen,L5,rail,GOA:ServiceJourney:3137_63182-R,False,planned,False,,,,,2026-09-07T15:44:36.205822+02:00
NSR:StopPlace:63079,Skeiane stasjon,2026-09-07T14:11:00+02:00,2026-09-07T14:11:00+02:00,,0.0,0,Stavanger,GOA:Line:59,Jærbanen,L5,rail,GOA:ServiceJourney:3037_63074-R,False,planned,False,,,,,2026-09-07T15:44:36.205822+02:00
NSR:StopPlace:63079,Skeiane stasjon,2026-09-07T15:56:00+02:00,2026-09-07T15:56:00+02:00,,0.0,0,Stavanger,GOA:Line:59,Jærbanen,L5,rail,GOA:ServiceJourney:3145_63190-R,False,planned,False,,,,,2026-09-07T15:44:36.205822+02:00
NSR:StopPlace:63079,Skeiane stasjon,2026-09-07T16:12:00+02:00,2026-09-07T16:12:00+02:00,,0.0,0,Egersund,GOA:Line:59,Jærbanen,L5,rail,GOA:ServiceJourney:3048_63093-R,False,planned,False,,,,,2026-09-07T15:44:36.205822+02:00
NSR:StopPlace:63079,Skeiane stasjon,2026-09-07T16:26:00+02:00,2026-09-07T16:26:00+02:00,,0.0,0,Stavanger,GOA:Line:59,Jærbanen,L5,rail,GOA:ServiceJourney:3147_63192-R,False,planned,False,,,,,2026-09-07T15:44:36.205822+02:00
NSR:StopPlace:63194,Mölndal station,2026-09-07T11:57:00+02:00,2026-09-07T11:57:00+02:00,,0.0,0,Göteborg C,SAM:Line:9011012080400000,Ø Göteborg-Halmstad-Helsingborg-Malmö-Købe,,rail,SAM:ServiceJourney:121120000389705180,False,planned,False,,,,,2026-09-07T15:44:36.205822+02:00
NSR:StopPlace:63194,Mölndal station,2026-09-07T12:02:00+02:00,2026-09-07T12:02:00+02:00,,0.0,0,Østerport,SAM:Line:9011012080400000,Ø Göteborg-Halmstad-Helsingborg-Malmö-Købe,,rail,SAM:ServiceJourney:121120000389251070,False,planned,False,,,,,2026-09-07T15:44:36.205822+02:00
NSR:StopPlace:63194,Mölndal station,2026-09-07T12:57:00+02:00,2026-09-07T12:57:00+02:00,,0.0,0,Göteborg C,SAM:Line:9011012080400000,Ø Göteborg-Halmstad-Helsingborg-Malmö-Købe,,rail,SAM:ServiceJourney:121120000389704583,False,planned,False,,,,,2026-09-07T15:44:36.205822+02:00
NSR:StopPlace:63194,Mölndal station,2026-09-07T13:02:00+02:00,2026-09-07T13:02:00+02:00,,0.0,0,Østerport,SAM:Line:9011012080400000,Ø Göteborg-Halmstad-Helsingborg-Malmö-Købe,,rail,SAM:ServiceJourney:121120000389251099,False,planned,False,,,,,2026-09-07T15:44:36.205822+02:00
NSR:StopPlace:63194,Mölndal station,2026-09-07T13:57:00+02:00,2026-09-07T13:57:00+02:00,,0.0,0,Göteborg C,SAM:Line:9011012080400000,Ø Göteborg-Halmstad-Helsingborg-Malmö-Købe,,rail,SAM:ServiceJourney:121120000389704612,False,planned,False,,,,,2026-09-07T15:44:36.205822+02:00
NSR:StopPlace:63194,Mölndal station,2026-09-07T14:02:00+02:00,2026-09-07T14:02:00+02:00,,0.0,0,Østerport,SAM:Line:9011012080400000,Ø Göteborg-Halmstad-Helsingborg-Malmö-Købe,,rail,SAM:ServiceJourney:121120000389250722,False,planned,False,,,,,2026-09-07T15:44:36.205822+02:00
NSR:StopPlace:63194,Mölndal station,2026-09-07T14:32:00+02:00,2026-09-07T14:32:00+02:00,,0.0,0,Halmstad C,SAM:Line:9011012080800000,Ø Insatståg Göteborg - Halmstad,,rail,SAM:ServiceJourney:121120000389253849,False,planned,False,,,,,2026-09-07T15:44:36.205822+02:00
NSR:StopPlace:63194,Mölndal station,2026-09-07T14:57:00+02:00,2026-09-07T14:57:00+02:00,,0.0,0,Göteborg C,SAM:Line:9011012080400000,Ø Göteborg-Halmstad-Helsingborg-Malmö-Købe,,rail,SAM:ServiceJourney:121120000389704641,False,planned,False,,,,,2026-09-07T15:44:36.205822+02:00
NSR:StopPlace:63194,Mölndal station,2026-09-07T15:02:00+02:00,2026-09-07T15:02:00+02:00,,0.0,0,Østerport,SAM:Line:9011012080400000,Ø Göteborg-Halmstad-Helsingborg-Malmö-Købe,,rail,SAM:ServiceJourney:121120000389250751,False,planned,False,,,,,2026-09-07T15:44:36.205822+02:00
NSR:StopPlace:63194,Mölndal station,2026-09-07T15:27:00+02:00,2026-09-07T15:27:00+02:00,,0.0,0,Göteborg C,SAM:Line:9011012080800000,Ø Insatståg Göteborg - Halmstad,,rail,SAM:ServiceJourney:121120000389254059,False,planned,False,,,,,2026-09-07T15:44:36.205822+02:00
NSR:StopPlace:63194,Mölndal station,2026-09-07T15:32:00+02:00,2026-09-07T15:32:00+02:00,,0.0,0,Halmstad C,SAM:Line:9011012080800000,Ø Insatståg Göteborg - Halmstad,,rail,SAM:ServiceJourney:121120000389253969,False,planned,False,,,,,2026-09-07T15:44:36.205822+02:00
NSR:StopPlace:63194,Mölndal station,2026-09-07T15:57:00+02:00,2026-09-07T15:57:00+02:00,,0.0,0,Göteborg C,SAM:Line:9011012080400000,Ø Göteborg-Halmstad-Helsingborg-Malmö-Købe,,rail,SAM:ServiceJourney:121120000389704670,False,planned,False,,,,,2026-09-07T15:44:36.205822+02:00
NSR:StopPlace:63194,Mölndal station,2026-09-07T16:02:00+02:00,2026-09-07T16:02:00+02:00,,0.0,0,Østerport,SAM:Line:9011012080400000,Ø Göteborg-Halmstad-Helsingborg-Malmö-Købe,,rail,SAM:ServiceJourney:121120000389250780,False,planned,False,,,,,2026-09-07T15:44:36.205822+02:00
NSR:StopPlace:63194,Mölndal station,2026-09-07T16:27:00+02:00,2026-09-07T16:27:00+02:00,,0.0,0,Göteborg C,SAM:Line:9011012080800000,Ø Insatståg Göteborg - Halmstad,,rail,SAM:ServiceJourney:121120000389254074,False,planned,False,,,,,2026-09-07T15:44:36.205822+02:00
NSR:StopPlace:63705,Enköping station,2026-09-07T12:25:00+02:00,2026-09-07T12:25:00+02:00,,0.0,0,Arlanda,VYB:Line:26,850 Oslo - Arlanda - Stockholm,850,coach,VYB:ServiceJourney:ebdf661b7925a570bac576bc838f2a8509e03a69,False,planned,False,Enköping,Enköping stasjon.Bussen stopper ved pendlerparkeringen på Østra Järnvägsgatan.,general,normal,2026-09-07T15:44:36.205822+02:00
NSR:StopPlace:63705,Enköping station,2026-09-07T13:05:00+02:00,2026-09-07T13:05:00+02:00,,0.0,0,Örebro,VYB:Line:27,900 Oslo - Arlanda - Stockholm,900,coach,VYB:ServiceJourney:ed67e2ecb73a5c5ed5f4a0af40ed9dfb70ea93f8,False,planned,False,Annan busstyp på denna avgång | Enköping,"Vennligst merk at denne avgangen kjøres av en samarbeidspartner til Vy bus4you, og med en annen type buss enn den som vanligvis benyttes av Vy bus4you. | Enköping stasjon.Bussen stopper ved pendlerparkeringen på Østra Järnvägsgatan.",general | general,normal | normal,2026-09-07T15:44:36.205822+02:00
NSR:StopPlace:63705,Enköping station,2026-09-07T13:40:00+02:00,2026-09-07T13:40:00+02:00,,0.0,0,Arlanda,VYB:Line:26,850 Oslo - Arlanda - Stockholm,850,coach,VYB:ServiceJourney:08a35a15582a458c9ac888039b557284794019b5,False,planned,False,Enköping,Enköping stasjon.Bussen stopper ved pendlerparkeringen på Østra Järnvägsgatan.,general,normal,2026-09-07T15:44:36.205822+02:00
NSR:StopPlace:63705,Enköping station,2026-09-07T14:15:00+02:00,2026-09-07T14:15:00+02:00,,0.0,0,Arlanda,VYB:Line:26,850 Oslo - Arlanda - Stockholm,850,coach,VYB:ServiceJourney:72182333fdf7039807a983e39199c6d66b63642e,False,planned,False,Enköping,Enköping stasjon.Bussen stopper ved pendlerparkeringen på Østra Järnvägsgatan.,general,normal,2026-09-07T15:44:36.205822+02:00
NSR:StopPlace:63705,Enköping station,2026-09-07T14:55:00+02:00,2026-09-07T14:55:00+02:00,,0.0,0,Arlanda,VYB:Line:27,900 Oslo - Arlanda - Stockholm,900,coach,VYB:ServiceJourney:f891cc6f79177bcea38cb59c03c114031dad807e,False,planned,False,Annan busstyp på denna avgång | Enköping,"Vennligst merk at denne avgangen kjøres av en samarbeidspartner til Vy bus4you, og med en annen type buss enn den som vanligvis benyttes av Vy bus4you. | Enköping stasjon.Bussen stopper ved pendlerparkeringen på Østra Järnvägsgatan.",general | general,normal | normal,2026-09-07T15:44:36.205822+02:00
NSR:StopPlace:63705,Enköping station,2026-09-07T15:40:00+02:00,2026-09-07T15:40:00+02:00,,0.0,0,Arlanda,VYB:Line:27,900 Oslo - Arlanda - Stockholm,900,coach,VYB:ServiceJourney:8e85cb2ddc3bb343e93a7ceb146e6eda7e0a69e1,False,planned,False,Annan busstyp på denna avgång | Enköping,"Vennligst merk at denne avgangen kjøres av en samarbeidspartner til Vy bus4you, og med en annen type buss enn den som vanligvis benyttes av Vy bus4you. | Enköping stasjon.Bussen stopper ved pendlerparkeringen på Østra Järnvägsgatan.",general | general,normal | normal,2026-09-07T15:44:36.205822+02:00
NSR:StopPlace:63705,Enköping station,2026-09-07T15:50:00+02:00,2026-09-07T15:50:00+02:00,,0.0,0,Karlstad,VYB:Line:26,850 Oslo - Arlanda - Stockholm,850,coach,VYB:ServiceJourney:11e571015cfd5c69d2946f88cd4cb73ef9dee1dd,False,planned,False,Enköping,Enköping stasjon.Bussen stopper ved pendlerparkeringen på Østra Järnvägsgatan.,general,normal,2026-09-07T15:44:36.205822+02:00
NSR:StopPlace:58211,Oslo lufthavn,2026-09-07T11:45:00+02:00,2026-09-07T11:45:00+02:00,,0.0,0,Bodø,AVI:Line:SK_OSL-BOO,Oslo-Bodø,,air,AVI:ServiceJourney:SK4106-01-358534742,False,planned,False,,,,,2026-09-07T15:44:36.205822+02:00
NSR:StopPlace:58211,Oslo lufthavn,2026-09-07T11:45:00+02:00,2026-09-07T11:45:00+02:00,,0.0,0,Oslo sentrum via Helsfyr-Hasle-Bislett,NBU:Line:a7c15243-8873-4aee-a8b4-8d22e8ad31dc,Oslo sentrum via Helsfyr-Hasle-Bislett,FB5,bus,NBU:ServiceJourney:8a45f72f-14e5-4611-b250-14c35517afde,False,planned,False,,,,,2026-09-07T15:44:36.205822+02:00
NSR:StopPlace:58211,Oslo lufthavn,2026-09-07T11:49:00+02:00,2026-09-07T11:49:00+02:00,,0.0,0,Eidsvoll,VYG:Line:RE11,Eidsvoll-Oslo S-Skien,RE11,rail,VYG:ServiceJourney:812_444392-R,False,planned,False,,,,,2026-09-07T15:44:36.205822+02:00
NSR:StopPlace:58211,Oslo lufthavn,2026-09-07T11:50:00+02:00,2026-09-07T11:50:00+02:00,,0.0,0,Drammen,FLT:Line:FLY1,FLY1,FLY1,rail,FLT:ServiceJourney:1-2614-3740-20260907,False,planned,False,,,,,2026-09-07T15:44:36.205822+02:00
NSR:StopPlace:58211,Oslo lufthavn,2026-09-07T11:50:00+02:00,2026-09-07T11:50:00+02:00,,0.0,0,OSL-ekspressen - Mortensrud,UNI:Line:UE1,Mortensrud - Oslo lufthavn Gardermoen,FB10,bus,UNI:ServiceJourney:UE1-169968-47995469,False,planned,False,,,,,2026-09-07T15:44:36.205822+02:00
NSR:StopPlace:58211,Oslo lufthavn,2026-09-07T11:51:00+02:00,2026-09-07T11:51:00+02:00,,0.0,0,Oslo bussterminal,RUT:Line:400,Oslo lufthavn - Veståsen - Olavsgaard - Oslo,400,bus,RUT:ServiceJourney:0b18568e920a64a54b6bfb1cdfdf0170,False,planned,False,,,,,2026-09-07T15:44:36.205822+02:00
NSR:StopPlace:58211,Oslo lufthavn,2026-09-07T11:54:00+02:00,2026-09-07T11:54:00+02:00,,0.0,0,Kopperud,RUT:Line:420,Maura -  Jessheim,420,bus,RUT:ServiceJourney:c29d064602eea30572385f387722b130,False,planned,False,,,,,2026-09-07T15:44:36.205822+02:00
NSR:StopPlace:58211,Oslo lufthavn,2026-09-07T11:55:00+02:00,2026-09-07T11:55:00+02:00,,0.0,0,Oslo lufthavn,VYX:Line:51,S22 Shuttle Oslo lufthavn,S22,bus,VYX:ServiceJourney:a7cb2d59fa8550704d78c6e9262ac94ea82b5c12,False,planned,False,,,,,2026-09-07T15:44:36.205822+02:00
NSR:StopPlace:58211,Oslo lufthavn,2026-09-07T11:55:00+02:00,2026-09-07T11:55:00+02:00,,0.0,0,Nordkisa,RUT:Line:440,Fenstad/Nordkisa - Oslo lufthavn,440,bus,RUT:ServiceJourney:d040baab1aeb52134cf39d7b00cd37b3,False,planned,False,,,,,2026-09-07T15:44:36.205822+02:00
NSR:StopPlace:58211,Oslo lufthavn,2026-09-07T11:55:00+02:00,2026-09-07T11:55:00+02:00,,0.0,0,Alta,AVI:Line:SK_OSL-ALF,Oslo-Alta,,air,AVI:ServiceJourney:SK4546-01-358533679,False,planned,False,,,,,2026-09-07T15:44:36.205822+02:00
NSR:StopPlace:58211,Oslo lufthavn,2026-09-07T11:59:00+02:00,2026-09-07T11:59:00+02:00,,0.0,0,Lillehammer,VYG:Line:RE10,Drammen-Oslo S-Lillehammer,RE10,rail,VYG:ServiceJourney:315-SUD_444173-R,False,planned,False,,,,,2026-09-07T15:44:36.205822+02:00
NSR:StopPlace:58211,Oslo lufthavn,2026-09-07T12:00:00+02:00,2026-09-07T12:00:00+02:00,,0.0,0,Stabekk,FLT:Line:FLY2,FLY2,FLY2,rail,FLT:ServiceJourney:1-2614-3540-20260907,False,planned,False,,,,,2026-09-07T15:44:36.205822+02:00
NSR:StopPlace:58211,Oslo lufthavn,2026-09-07T12:00:00+02:00,2026-09-07T12:00:00+02:00,,0.0,0,Oslo lufthavn,VYX:Line:98,S44 Shuttle Oslo lufthavn,S44,bus,VYX:ServiceJourney:f62972cc0632d115d06324b9e81786543b70bf67,False,planned,False,,,,,2026-09-07T15:44:36.205822+02:00
NSR:StopPlace:58211,Oslo lufthavn,2026-09-07T12:00:00+02:00,2026-09-07T12:00:00+02:00,,0.0,0,Ørsta/Volda,AVI:Line:WF_OSL-HOV,Oslo-Ørsta/Volda,,air,AVI:ServiceJourney:WF167-01-19824218,False,planned,False,,,,,2026-09-07T15:44:36.205822+02:00
NSR:StopPlace:58211,Oslo lufthavn,2026-09-07T12:00:00+02:00,2026-09-07T12:00:00+02:00,,0.0,0,Jessheim,RUT:Line:420,Maura -  Jessheim,420,bus,RUT:ServiceJourney:d2599529a81acbe136e1ecb00fc68c93,False,planned,False,,,,,2026-09-07T15:44:36.205822+02:00
NSR:StopPlace:58211,Oslo lufthavn,2026-09-07T12:03:00+02:00,2026-09-07T12:03:00+02:00,,0.0,0,Drammen,VYG:Line:RE10,Drammen-Oslo S-Lillehammer,RE10,rail,VYG:ServiceJourney:314-LHM_444167-R,False,planned,False,,,,,2026-09-07T15:44:36.205822+02:00
NSR:StopPlace:58211,Oslo lufthavn,2026-09-07T12:05:00+02:00,2026-09-07T12:05:00+02:00,,0.0,0,Årnes,RUT:Line:450,Årnes - Oslo lufthavn,450,bus,RUT:ServiceJourney:d488ef9a0c22f46f4aab07fba7cf724f,False,planned,False,,,,,2026-09-07T15:44:36.205822+02:00
NSR:StopPlace:58211,Oslo lufthavn,2026-09-07T12:05:00+02:00,2026-09-07T12:05:00+02:00,,0.0,0,Oslo lufthavn,VYX:Line:99,S55 Shuttle Oslo lufthavn,S55,bus,VYX:ServiceJourney:ff96f6b978c0b2d096254f595f383b7d0ff47ab7,False,planned,False,,,,,2026-09-07T15:44:36.205822+02:00
NSR:StopPlace:58211,Oslo lufthavn,2026-09-07T12:10:00+02:00,2026-09-07T12:10:00+02:00,,0.0,0,Nordkisa,RUT:Line:440,Fenstad/Nordkisa - Oslo lufthavn,440,bus,RUT:ServiceJourney:b83714082fbf527d9a120484d47672ae,False,planned,False,,,,,2026-09-07T15:44:36.205822+02:00
NSR:StopPlace:58211,Oslo lufthavn,2026-09-07T12:10:00+02:00,2026-09-07T12:10:00+02:00,,0.0,0,Drammen,FLT:Line:FLY1,FLY1,FLY1,rail,FLT:ServiceJourney:1-2614-3742-20260907,False,planned,False,,,,,2026-09-07T15:44:36.205822+02:00
NSR:StopPlace:58211,Oslo lufthavn,2026-09-07T12:10:00+02:00,2026-09-07T12:10:00+02:00,,0.0,0,Fredrikstad,VYX:Line:56,FB11 Fredrikstad-Oslo Lufthavn (OSL),FB11,bus,VYX:ServiceJourney:ec7e8abdf9ea60fa434e8044fa9ee9fd384d041f,False,planned,False,Forhåndsbestilling FB11,Billett må kjøpes på nett eller app senest 15 minutter før påstigning for at bussen skal kjøre innom holdeplassen. Ruter-billett er ikke gyldig. ,general,normal,2026-09-07T15:44:36.205822+02:00
NSR:StopPlace:58211,Oslo lufthavn,2026-09-07T12:10:00+02:00,2026-09-07T12:10:00+02:00,,0.0,0,Førde,AVI:Line:WF_OSL-FDE,Oslo-Førde,,air,AVI:ServiceJourney:WF187-01-19821938,False,planned,False,,,,,2026-09-07T15:44:36.205822+02:00
NSR:StopPlace:58211,Oslo lufthavn,2026-09-07T12:12:00+02:00,2026-09-07T12:12:00+02:00,,0.0,0,Kløvberget ekspress,RUT:Line:420,Maura -  Jessheim,420,bus,RUT:ServiceJourney:eaf31cc6ffcf4603cf14c5eb1bba4c10,False,planned,False,,,,,2026-09-07T15:44:36.205822+02:00
NSR:StopPlace:58211,Oslo lufthavn,2026-09-07T12:15:00+02:00,2026-09-07T12:15:00+02:00,,0.0,0,Oslo sentrum via Helsfyr-Hasle-Bislett,NBU:Line:a7c15243-8873-4aee-a8b4-8d22e8ad31dc,Oslo sentrum via Helsfyr-Hasle-Bislett,FB5,bus,NBU:ServiceJourney:cbd079ab-23e2-4543-9c1e-2902f257af90,False,planned,False,,,,,2026-09-07T15:44:36.205822+02:00
NSR:StopPlace:58211,Oslo lufthavn,2026-09-07T12:15:00+02:00,2026-09-07T12:15:00+02:00,,0.0,0,Majorstuen via Torshov-Sagene,NBU:Line:a7cafc59-feaf-4e61-9fa1-b7dce4ffe970,Majorstuen via Torshov-Sagene,FB1,bus,NBU:ServiceJourney:4a31d02c-7573-429b-b71f-8d3251daa34e,False,planned,False,,,,,2026-09-07T15:44:36.205822+02:00
NSR:StopPlace:58211,Oslo lufthavn,2026-09-07T12:19:00+02:00,2026-09-07T12:19:00+02:00,,0.0,0,Eidsvoll,VYG:Line:R12,Kongsberg-Oslo S-Eidsvoll,R12,rail,VYG:ServiceJourney:514_444312-R,False,planned,False,,,,,2026-09-07T15:44:36.205822+02:00
NSR:StopPlace:58211,Oslo lufthavn,2026-09-07T12:20:00+02:00,2026-09-07T12:20:00+02:00,,0.0,0,Oslo S,FLT:Line:FLY2,FLY2,FLY2,rail,FLT:ServiceJourney:1-2614-3920-20260907,False,planned,False,,,,,2026-09-07T15:44:36.205822+02:00
NSR:StopPlace:58211,Oslo lufthavn,2026-09-07T12:24:00+02:00,2026-09-07T12:24:00+02:00,,0.0,0,Kopperud,RUT:Line:420,Maura -  Jessheim,420,bus,RUT:ServiceJourney:6752745bc2d4c7e269b3b608588969be,False,planned,False,,,,,2026-09-07T15:44:36.205822+02:00
NSR:StopPlace:58211,Oslo lufthavn,2026-09-07T12:25:00+02:00,2026-09-07T12:25:00+02:00,,0.0,0,Oslo lufthavn,VYX:Line:51,S22 Shuttle Oslo lufthavn,S22,bus,VYX:ServiceJourney:df1c836e5ad495dfc6c387ca83b5a015a51702fd,False,planned,False,,,,,2026-09-07T15:44:36.205822+02:00
NSR:StopPlace:58211,Oslo lufthavn,2026-09-07T12:25:00+02:00,2026-09-07T12:25:00+02:00,,0.0,0,Nordkisa,RUT:Line:440,Fenstad/Nordkisa - Oslo lufthavn,440,bus,RUT:ServiceJourney:75a0e458a18dc85c3744b4f2cddf8d8a,False,planned,False,,,,,2026-09-07T15:44:36.205822+02:00
NSR:StopPlace:58211,Oslo lufthavn,2026-09-07T12:25:00+02:00,2026-09-07T12:25:00+02:00,,0.0,0,Kløfta,RUT:Line:425,Kløfta – Oslo lufthavn,425,bus,RUT:ServiceJourney:aa83db224621e1a967e5ad88fcb83994,False,planned,False,,,,,2026-09-07T15:44:36.205822+02:00
NSR:StopPlace:58211,Oslo lufthavn,2026-09-07T12:30:00+02:00,2026-09-07T12:30:00+02:00,,0.0,0,Drammen,FLT:Line:FLY1,FLY1,FLY1,rail,FLT:ServiceJourney:1-2614-3744-20260907,False,planned,False,,,,,2026-09-07T15:44:36.205822+02:00
NSR:StopPlace:58211,Oslo lufthavn,2026-09-07T12:30:00+02:00,2026-09-07T12:30:00+02:00,,0.0,0,Oslo lufthavn,VYX:Line:98,S44 Shuttle Oslo lufthavn,S44,bus,VYX:ServiceJourney:22dec6bd59e87b13a156ca15a98518051939b561,False,planned,False,,,,,2026-09-07T15:44:36.205822+02:00
NSR:StopPlace:58211,Oslo lufthavn,2026-09-07T12:30:00+02:00,2026-09-07T12:30:00+02:00,,0.0,0,Trondheim,AVI:Line:DY_OSL-TRD,Oslo-Trondheim,,air,AVI:ServiceJourney:DY746-02-523271305,False,planned,False,,,,,2026-09-07T15:44:36.205822+02:00
NSR:StopPlace:58211,Oslo lufthavn,2026-09-07T12:30:00+02:00,2026-09-07T12:30:00+02:00,,0.0,0,Jessheim,RUT:Line:420,Maura -  Jessheim,420,bus,RUT:ServiceJourney:d2f22d87713f837c00831dc374164c82,False,planned,False,,,,,2026-09-07T15:44:36.205822+02:00
NSR:StopPlace:58211,Oslo lufthavn,2026-09-07T12:30:00+02:00,2026-09-07T12:30:00+02:00,,0.0,0,Radiumhospitalet via Økern-Storo-Tåsen,NBU:Line:cb7b555c-f96e-42d5-84bf-a5e08c0145c2,Radiumhospitalet via Økern-Storo-Tåsen,FB3,bus,NBU:ServiceJourney:e6044d21-6eb1-4131-bf7f-c507367a3072,False,planned,False,,,,,2026-09-07T15:44:36.205822+02:00
NSR:StopPlace:58211,Oslo lufthavn,2026-09-07T12:35:00+02:00,2026-09-07T12:35:00+02:00,,0.0,0,Årnes,RUT:Line:450,Årnes - Oslo lufthavn,450,bus,RUT:ServiceJourney:91ffd9afa9fe1fdcc549d487c5819401,False,planned,False,,,,,2026-09-07T15:44:36.205822+02:00
NSR:StopPlace:58211,Oslo lufthavn,2026-09-07T12:35:00+02:00,2026-09-07T12:35:00+02:00,,0.0,0,Oslo lufthavn,VYX:Line:99,S55 Shuttle Oslo lufthavn,S55,bus,VYX:ServiceJourney:dff5193ff543f0be57f962896fa960728d187d6d,False,planned,False,,,,,2026-09-07T15:44:36.205822+02:00
NSR:StopPlace:58211,Oslo lufthavn,2026-09-07T12:40:00+02:00,2026-09-07T12:40:00+02:00,,0.0,0,Nordkisa,RUT:Line:440,Fenstad/Nordkisa - Oslo lufthavn,440,bus,RUT:ServiceJourney:bc553af4bdaa84c2a922b37368eb1067,False,planned,False,,,,,2026-09-07T15:44:36.205822+02:00
NSR:StopPlace:58211,Oslo lufthavn,2026-09-07T12:40:00+02:00,2026-09-07T12:40:00+02:00,,0.0,0,Stabekk,FLT:Line:FLY2,FLY2,FLY2,rail,FLT:ServiceJourney:1-2614-3544-20260907,False,planned,False,,,,,2026-09-07T15:44:36.205822+02:00
NSR:StopPlace:58211,Oslo lufthavn,2026-09-07T12:42:00+02:00,2026-09-07T12:42:00+02:00,,0.0,0,Kløvberget ekspress,RUT:Line:420,Maura -  Jessheim,420,bus,RUT:ServiceJourney:29746fb10220b7b74ba97b7e6deeab8f,False,planned,False,,,,,2026-09-07T15:44:36.205822+02:00
NSR:StopPlace:58211,Oslo lufthavn,2026-09-07T12:43:00+02:00,2026-09-07T12:43:00+02:00,,0.0,0,Kongsberg,VYG:Line:R12,Kongsberg-Oslo S-Eidsvoll,R12,rail,VYG:ServiceJourney:517_444316-R,False,planned,False,,,,,2026-09-07T15:44:36.205822+02:00
NSR:StopPlace:58211,Oslo lufthavn,2026-09-07T12:45:00+02:00,2026-09-07T12:45:00+02:00,,0.0,0,Oslo sentrum via Helsfyr-Hasle-Bislett,NBU:Line:a7c15243-8873-4aee-a8b4-8d22e8ad31dc,Oslo sentrum via Helsfyr-Hasle-Bislett,FB5,bus,NBU:ServiceJourney:992d341b-8e59-42c4-803d-2b2d52882d7b,False,planned,False,,,,,2026-09-07T15:44:36.205822+02:00
NSR:StopPlace:58211,Oslo lufthavn,2026-09-07T12:49:00+02:00,2026-09-07T12:49:00+02:00,,0.0,0,Eidsvoll,VYG:Line:RE11,Eidsvoll-Oslo S-Skien,RE11,rail,VYG:ServiceJourney:814_444394-R,False,planned,False,,,,,2026-09-07T15:44:36.205822+02:00
NSR:StopPlace:58211,Oslo lufthavn,2026-09-07T12:50:00+02:00,2026-09-07T12:50:00+02:00,,0.0,0,Drammen,FLT:Line:FLY1,FLY1,FLY1,rail,FLT:ServiceJourney:1-2614-3746-20260907,False,planned,False,,,,,2026-09-07T15:44:36.205822+02:00
NSR:StopPlace:58211,Oslo lufthavn,2026-09-07T12:50:00+02:00,2026-09-07T12:50:00+02:00,,0.0,0,Bodø,AVI:Line:DY_OSL-BOO,Oslo-Bodø,,air,AVI:ServiceJourney:DY342-01-523288685,False,planned,False,,,,,2026-09-07T15:44:36.205822+02:00
NSR:StopPlace:58211,Oslo lufthavn,2026-09-07T12:50:00+02:00,2026-09-07T12:50:00+02:00,,0.0,0,OSL-ekspressen - Mortensrud,UNI:Line:UE1,Mortensrud - Oslo lufthavn Gardermoen,FB10,bus,UNI:ServiceJourney:UE1-169968-47995474,False,planned,False,,,,,2026-09-07T15:44:36.205822+02:00
NSR:StopPlace:58211,Oslo lufthavn,2026-09-07T12:51:00+02:00,2026-09-07T12:51:00+02:00,,0.0,0,Oslo bussterminal,RUT:Line:400,Oslo lufthavn - Veståsen - Olavsgaard - Oslo,400,bus,RUT:ServiceJourney:a78ad5d65783e85b2fca1d9e1a3c2176,False,planned,False,,,,,2026-09-07T15:44:36.205822+02:00
NSR:StopPlace:58211,Oslo lufthavn,2026-09-07T12:54:00+02:00,2026-09-07T12:54:00+02:00,,0.0,0,Kopperud,RUT:Line:420,Maura -  Jessheim,420,bus,RUT:ServiceJourney:5ccf67f360c147fce9c36784c806f899,False,planned,False,,,,,2026-09-07T15:44:36.205822+02:00
NSR:StopPlace:151,Evanger stasjon,2026-09-07T13:19:00+02:00,2026-09-07T13:19:00+02:00,,0.0,0,Bergen,VYG:Line:R40,Bergen-Voss-Myrdal-Ål,R40,rail,VYG:ServiceJourney:1821_465760-R,False,planned,False,,,,,2026-09-07T15:44:36.205822+02:00
NSR:StopPlace:184,Hallsberg station,2026-09-07T11:58:00+02:00,2026-09-07T11:58:00+02:00,,0.0,0,Karlstad-Oslo,SJV:Line:cfac9102-49ef-476c-8663-a6d468ee4f36,Stockholm-Hallsberg-Karlstad-Oslo,70,rail,SJV:ServiceJourney:f2b2b57f-f7b6-4450-a850-86a4a67348f8,False,planned,False,,,,,2026-09-07T15:44:36.205822+02:00
NSR:StopPlace:184,Hallsberg station,2026-09-07T15:42:00+02:00,2026-09-07T15:42:00+02:00,,0.0,0,Stockholm,SJV:Line:cfac9102-49ef-476c-8663-a6d468ee4f36,Stockholm-Hallsberg-Karlstad-Oslo,70,rail,SJV:ServiceJourney:e9543df4-7d92-4e69-aa6d-58fd16dc4d35,False,planned,False,,,,,2026-09-07T15:44:36.205822+02:00
NSR:StopPlace:101,Sagdalen stasjon,2026-09-07T11:52:00+02:00,2026-09-07T11:52:00+02:00,,0.0,0,Lillestrøm,VYG:Line:L1,Spikkestad-Oslo S-Lillestrøm,L1,rail,VYG:ServiceJourney:2126_443532-R,False,planned,False,,,,,2026-09-07T15:44:36.205822+02:00
NSR:StopPlace:101,Sagdalen stasjon,2026-09-07T11:58:00+02:00,2026-09-07T11:58:00+02:00,,0.0,0,Asker,VYG:Line:L1,Spikkestad-Oslo S-Lillestrøm,L1,rail,VYG:ServiceJourney:2129_443535-R,False,planned,False,,,,,2026-09-07T15:44:36.205822+02:00
NSR:StopPlace:101,Sagdalen stasjon,2026-09-07T12:07:00+02:00,2026-09-07T12:07:00+02:00,,0.0,0,Lillestrøm,VYG:Line:L1,Spikkestad-Oslo S-Lillestrøm,L1,rail,VYG:ServiceJourney:2228_445323-R,False,planned,False,,,,,2026-09-07T15:44:36.205822+02:00
NSR:StopPlace:101,Sagdalen stasjon,2026-09-07T12:13:00+02:00,2026-09-07T12:13:00+02:00,,0.0,0,Spikkestad,VYG:Line:L1,Spikkestad-Oslo S-Lillestrøm,L1,rail,VYG:ServiceJourney:2231_443635-R,False,planned,False,,,,,2026-09-07T15:44:36.205822+02:00
NSR:StopPlace:101,Sagdalen stasjon,2026-09-07T12:22:00+02:00,2026-09-07T12:22:00+02:00,,0.0,0,Lillestrøm,VYG:Line:L1,Spikkestad-Oslo S-Lillestrøm,L1,rail,VYG:ServiceJourney:2128_443534-R,False,planned,False,,,,,2026-09-07T15:44:36.205822+02:00
NSR:StopPlace:101,Sagdalen stasjon,2026-09-07T12:28:00+02:00,2026-09-07T12:28:00+02:00,,0.0,0,Asker,VYG:Line:L1,Spikkestad-Oslo S-Lillestrøm,L1,rail,VYG:ServiceJourney:2131_443538-R,False,planned,False,,,,,2026-09-07T15:44:36.205822+02:00
NSR:StopPlace:101,Sagdalen stasjon,2026-09-07T12:37:00+02:00,2026-09-07T12:37:00+02:00,,0.0,0,Lillestrøm,VYG:Line:L1,Spikkestad-Oslo S-Lillestrøm,L1,rail,VYG:ServiceJourney:2230_443633-R,False,planned,False,,,,,2026-09-07T15:44:36.205822+02:00
NSR:StopPlace:101,Sagdalen stasjon,2026-09-07T12:43:00+02:00,2026-09-07T12:43:00+02:00,,0.0,0,Spikkestad,VYG:Line:L1,Spikkestad-Oslo S-Lillestrøm,L1,rail,VYG:ServiceJourney:2233_443638-R,False,planned,False,,,,,2026-09-07T15:44:36.205822+02:00
NSR:StopPlace:101,Sagdalen stasjon,2026-09-07T12:52:00+02:00,2026-09-07T12:52:00+02:00,,0.0,0,Lillestrøm,VYG:Line:L1,Spikkestad-Oslo S-Lillestrøm,L1,rail,VYG:ServiceJourney:2130_443537-R,False,planned,False,,,,,2026-09-07T15:44:36.205822+02:00
NSR:StopPlace:101,Sagdalen stasjon,2026-09-07T12:58:00+02:00,2026-09-07T12:58:00+02:00,,0.0,0,Asker,VYG:Line:L1,Spikkestad-Oslo S-Lillestrøm,L1,rail,VYG:ServiceJourney:2133_443540-R,False,planned,False,,,,,2026-09-07T15:44:36.205822+02:00
NSR:StopPlace:101,Sagdalen stasjon,2026-09-07T13:07:00+02:00,2026-09-07T13:07:00+02:00,,0.0,0,Lillestrøm,VYG:Line:L1,Spikkestad-Oslo S-Lillestrøm,L1,rail,VYG:ServiceJourney:2232_445328-R,False,planned,False,,,,,2026-09-07T15:44:36.205822+02:00
NSR:StopPlace:101,Sagdalen stasjon,2026-09-07T13:13:00+02:00,2026-09-07T13:13:00+02:00,,0.0,0,Spikkestad,VYG:Line:L1,Spikkestad-Oslo S-Lillestrøm,L1,rail,VYG:ServiceJourney:2235_443641-R,False,planned,False,,,,,2026-09-07T15:44:36.205822+02:00
NSR:StopPlace:101,Sagdalen stasjon,2026-09-07T13:22:00+02:00,2026-09-07T13:22:00+02:00,,0.0,0,Lillestrøm,VYG:Line:L1,Spikkestad-Oslo S-Lillestrøm,L1,rail,VYG:ServiceJourney:2132_443539-R,False,planned,False,Ta neste tog,Ta neste tog.,incident,normal,2026-09-07T15:44:36.205822+02:00
NSR:StopPlace:101,Sagdalen stasjon,2026-09-07T13:28:00+02:00,2026-09-07T13:28:00+02:00,,0.0,0,Asker,VYG:Line:L1,Spikkestad-Oslo S-Lillestrøm,L1,rail,VYG:ServiceJourney:2135_443542-R,False,planned,False,,,,,2026-09-07T15:44:36.205822+02:00
NSR:StopPlace:101,Sagdalen stasjon,2026-09-07T13:37:00+02:00,2026-09-07T13:37:00+02:00,,0.0,0,Lillestrøm,VYG:Line:L1,Spikkestad-Oslo S-Lillestrøm,L1,rail,VYG:ServiceJourney:2234_443640-R,False,planned,False,,,,,2026-09-07T15:44:36.205822+02:00
NSR:StopPlace:101,Sagdalen stasjon,2026-09-07T13:52:00+02:00,2026-09-07T13:52:00+02:00,,0.0,0,Lillestrøm,VYG:Line:L1,Spikkestad-Oslo S-Lillestrøm,L1,rail,VYG:ServiceJourney:2134_443541-R,False,planned,False,,,,,2026-09-07T15:44:36.205822+02:00
NSR:StopPlace:101,Sagdalen stasjon,2026-09-07T14:07:00+02:00,2026-09-07T14:07:00+02:00,,0.0,0,Lillestrøm,VYG:Line:L1,Spikkestad-Oslo S-Lillestrøm,L1,rail,VYG:ServiceJourney:2236_443643-R,False,planned,False,,,,,2026-09-07T15:44:36.205822+02:00
NSR:StopPlace:101,Sagdalen stasjon,2026-09-07T14:22:00+02:00,2026-09-07T14:22:00+02:00,,0.0,0,Lillestrøm,VYG:Line:L1,Spikkestad-Oslo S-Lillestrøm,L1,rail,VYG:ServiceJourney:2136_443543-R,False,planned,False,,,,,2026-09-07T15:44:36.205822+02:00
NSR:StopPlace:101,Sagdalen stasjon,2026-09-07T14:37:00+02:00,2026-09-07T14:37:00+02:00,,0.0,0,Lillestrøm,VYG:Line:L1,Spikkestad-Oslo S-Lillestrøm,L1,rail,VYG:ServiceJourney:2238_443647-R,False,planned,False,Færre vogner,Denne avgangen kjører dessverre med 4 vogner i stedet for 8 vogner. Dette skyldes at vi mangler et togsett.,general,normal,2026-09-07T15:44:36.205822+02:00
NSR:StopPlace:144,Skansen stasjon,2026-09-07T11:47:00+02:00,2026-09-07T11:47:00+02:00,,0.0,0,Ler,SJN:Line:26,Trønderbanen,R70,rail,SJN:ServiceJourney:430_56059-R,False,planned,False,,,,,2026-09-07T15:44:36.205822+02:00
NSR:StopPlace:144,Skansen stasjon,2026-09-07T12:11:00+02:00,2026-09-07T12:11:00+02:00,,0.0,0,Steinkjer,SJN:Line:26,Trønderbanen,R70,rail,SJN:ServiceJourney:435-SOeB_56064-R,False,planned,False,,,,,2026-09-07T15:44:36.205822+02:00
NSR:StopPlace:144,Skansen stasjon,2026-09-07T12:47:00+02:00,2026-09-07T12:47:00+02:00,,0.0,0,Ler,SJN:Line:26,Trønderbanen,R70,rail,SJN:ServiceJourney:432_56061-R,False,planned,False,,,,,2026-09-07T15:44:36.205822+02:00
NSR:StopPlace:144,Skansen stasjon,2026-09-07T13:47:00+02:00,2026-09-07T13:47:00+02:00,,0.0,0,Melhus skysstasjon,SJN:Line:26,Trønderbanen,R70,rail,SJN:ServiceJourney:434-STK_56063-R,False,planned,False,,,,,2026-09-07T15:44:36.205822+02:00
NSR:StopPlace:393,Leangen stasjon,2026-09-07T12:23:00+02:00,2026-09-07T12:23:00+02:00,,0.0,0,Steinkjer,SJN:Line:26,Trønderbanen,R70,rail,SJN:ServiceJourney:435-SOeB_56064-R,False,planned,False,,,,,2026-09-07T15:44:36.205822+02:00
NSR:StopPlace:393,Leangen stasjon,2026-09-07T12:35:00+02:00,2026-09-07T12:35:00+02:00,,0.0,0,Ler,SJN:Line:26,Trønderbanen,R70,rail,SJN:ServiceJourney:432_56061-R,False,planned,False,,,,,2026-09-07T15:44:36.205822+02:00
NSR:StopPlace:393,Leangen stasjon,2026-09-07T13:35:00+02:00,2026-09-07T13:35:00+02:00,,0.0,0,Melhus skysstasjon,SJN:Line:26,Trønderbanen,R70,rail,SJN:ServiceJourney:434-STK_56063-R,False,planned,False,,,,,2026-09-07T15:44:36.205822+02:00
NSR:StopPlace:398,Arna stasjon,2026-09-07T11:57:00+02:00,2026-09-07T11:57:00+02:00,,0.0,0,Bergen,VYG:Line:L4,Bergen-Arna,L4,rail,VYG:ServiceJourney:2527_443785-R,False,planned,False,,,,,2026-09-07T15:44:36.205822+02:00
NSR:StopPlace:398,Arna stasjon,2026-09-07T12:12:00+02:00,2026-09-07T12:12:00+02:00,,0.0,0,Bergen,VYG:Line:L4,Bergen-Arna,L4,rail,VYG:ServiceJourney:2629_443844-R,False,planned,False,,,,,2026-09-07T15:44:36.205822+02:00
NSR:StopPlace:398,Arna stasjon,2026-09-07T12:27:00+02:00,2026-09-07T12:27:00+02:00,,0.0,0,Bergen,VYG:Line:L4,Bergen-Arna,L4,rail,VYG:ServiceJourney:2529_443787-R,False,planned,False,,,,,2026-09-07T15:44:36.205822+02:00
NSR:StopPlace:398,Arna stasjon,2026-09-07T12:37:00+02:00,2026-09-07T12:37:00+02:00,,0.0,0,Bergen,VYG:Line:R40,Bergen-Voss-Myrdal-Ål,R40,rail,VYG:ServiceJourney:1819_465756-R,False,planned,False,,,,,2026-09-07T15:44:36.205822+02:00
NSR:StopPlace:398,Arna stasjon,2026-09-07T12:42:00+02:00,2026-09-07T12:42:00+02:00,,0.0,0,Bergen,VYG:Line:L4,Bergen-Arna,L4,rail,VYG:ServiceJourney:2631_443846-R,False,planned,False,,,,,2026-09-07T15:44:36.205822+02:00
NSR:StopPlace:398,Arna stasjon,2026-09-07T12:57:00+02:00,2026-09-07T12:57:00+02:00,,0.0,0,Bergen,VYG:Line:L4,Bergen-Arna,L4,rail,VYG:ServiceJourney:2531_443789-R,False,planned,False,,,,,2026-09-07T15:44:36.205822+02:00
NSR:StopPlace:398,Arna stasjon,2026-09-07T13:12:00+02:00,2026-09-07T13:12:00+02:00,,0.0,0,Bergen,VYG:Line:L4,Bergen-Arna,L4,rail,VYG:ServiceJourney:2633_443848-R,False,planned,False,,,,,2026-09-07T15:44:36.205822+02:00
NSR:StopPlace:398,Arna stasjon,2026-09-07T13:27:00+02:00,2026-09-07T13:27:00+02:00,,0.0,0,Bergen,VYG:Line:L4,Bergen-Arna,L4,rail,VYG:ServiceJourney:2533_443791-R,False,planned,False,,,,,2026-09-07T15:44:36.205822+02:00
NSR:StopPlace:398,Arna stasjon,2026-09-07T13:42:00+02:00,2026-09-07T13:42:00+02:00,,0.0,0,Bergen,VYG:Line:L4,Bergen-Arna,L4,rail,VYG:ServiceJourney:2635_443850-R,False,planned,False,,,,,2026-09-07T15:44:36.205822+02:00
NSR:StopPlace:398,Arna stasjon,2026-09-07T13:57:00+02:00,2026-09-07T13:57:00+02:00,,0.0,0,Bergen,VYG:Line:L4,Bergen-Arna,L4,rail,VYG:ServiceJourney:2535_443793-R,False,planned,False,,,,,2026-09-07T15:44:36.205822+02:00
NSR:StopPlace:398,Arna stasjon,2026-09-07T14:08:00+02:00,2026-09-07T14:08:00+02:00,,0.0,0,Bergen,VYG:Line:R40,Bergen-Voss-Myrdal-Ål,R40,rail,VYG:ServiceJourney:1821_465760-R,False,planned,False,,,,,2026-09-07T15:44:36.205822+02:00
NSR:StopPlace:398,Arna stasjon,2026-09-07T14:12:00+02:00,2026-09-07T14:12:00+02:00,,0.0,0,Bergen,VYG:Line:L4,Bergen-Arna,L4,rail,VYG:ServiceJourney:2637_443852-R,False,planned,False,,,,,2026-09-07T15:44:36.205822+02:00
NSR:StopPlace:398,Arna stasjon,2026-09-07T14:27:00+02:00,2026-09-07T14:27:00+02:00,,0.0,0,Bergen,VYG:Line:L4,Bergen-Arna,L4,rail,VYG:ServiceJourney:2537_443795-R,False,planned,False,,,,,2026-09-07T15:44:36.205822+02:00
NSR:StopPlace:311,Gjerdåker stasjon,2026-09-07T12:07:00+02:00,2026-09-07T12:07:00+02:00,,0.0,0,Myrdal,VYG:Line:R40,Bergen-Voss-Myrdal-Ål,R40,rail,VYG:ServiceJourney:1812_456872-R,False,planned,False,,,,,2026-09-07T15:44:36.205822+02:00
NSR:StopPlace:311,Gjerdåker stasjon,2026-09-07T12:50:00+02:00,2026-09-07T12:50:00+02:00,,0.0,0,Bergen,VYG:Line:R40,Bergen-Voss-Myrdal-Ål,R40,rail,VYG:ServiceJourney:1821_465760-R,False,planned,False,,,,,2026-09-07T15:44:36.205822+02:00
NSR:StopPlace:313,Høybråten stasjon,2026-09-07T11:53:00+02:00,2026-09-07T11:53:00+02:00,,0.0,0,Spikkestad,VYG:Line:L1,Spikkestad-Oslo S-Lillestrøm,L1,rail,VYG:ServiceJourney:2229_443630-R,False,planned,False,,,,,2026-09-07T15:44:36.205822+02:00
NSR:StopPlace:313,Høybråten stasjon,2026-09-07T11:57:00+02:00,2026-09-07T11:57:00+02:00,,0.0,0,Lillestrøm,VYG:Line:L1,Spikkestad-Oslo S-Lillestrøm,L1,rail,VYG:ServiceJourney:2228_445323-R,False,planned,False,,,,,2026-09-07T15:44:36.205822+02:00
NSR:StopPlace:313,Høybråten stasjon,2026-09-07T12:08:00+02:00,2026-09-07T12:08:00+02:00,,0.0,0,Asker,VYG:Line:L1,Spikkestad-Oslo S-Lillestrøm,L1,rail,VYG:ServiceJourney:2129_443535-R,False,planned,False,,,,,2026-09-07T15:44:36.205822+02:00
NSR:StopPlace:313,Høybråten stasjon,2026-09-07T12:12:00+02:00,2026-09-07T12:12:00+02:00,,0.0,0,Lillestrøm,VYG:Line:L1,Spikkestad-Oslo S-Lillestrøm,L1,rail,VYG:ServiceJourney:2128_443534-R,False,planned,False,,,,,2026-09-07T15:44:36.205822+02:00
NSR:StopPlace:313,Høybråten stasjon,2026-09-07T12:23:00+02:00,2026-09-07T12:23:00+02:00,,0.0,0,Spikkestad,VYG:Line:L1,Spikkestad-Oslo S-Lillestrøm,L1,rail,VYG:ServiceJourney:2231_443635-R,False,planned,False,,,,,2026-09-07T15:44:36.205822+02:00
NSR:StopPlace:313,Høybråten stasjon,2026-09-07T12:27:00+02:00,2026-09-07T12:27:00+02:00,,0.0,0,Lillestrøm,VYG:Line:L1,Spikkestad-Oslo S-Lillestrøm,L1,rail,VYG:ServiceJourney:2230_443633-R,False,planned,False,,,,,2026-09-07T15:44:36.205822+02:00
NSR:StopPlace:313,Høybråten stasjon,2026-09-07T12:38:00+02:00,2026-09-07T12:38:00+02:00,,0.0,0,Asker,VYG:Line:L1,Spikkestad-Oslo S-Lillestrøm,L1,rail,VYG:ServiceJourney:2131_443538-R,False,planned,False,,,,,2026-09-07T15:44:36.205822+02:00
NSR:StopPlace:313,Høybråten stasjon,2026-09-07T12:42:00+02:00,2026-09-07T12:42:00+02:00,,0.0,0,Lillestrøm,VYG:Line:L1,Spikkestad-Oslo S-Lillestrøm,L1,rail,VYG:ServiceJourney:2130_443537-R,False,planned,False,,,,,2026-09-07T15:44:36.205822+02:00
NSR:StopPlace:313,Høybråten stasjon,2026-09-07T12:53:00+02:00,2026-09-07T12:53:00+02:00,,0.0,0,Spikkestad,VYG:Line:L1,Spikkestad-Oslo S-Lillestrøm,L1,rail,VYG:ServiceJourney:2233_443638-R,False,planned,False,,,,,2026-09-07T15:44:36.205822+02:00
NSR:StopPlace:313,Høybråten stasjon,2026-09-07T12:57:00+02:00,2026-09-07T12:57:00+02:00,,0.0,0,Lillestrøm,VYG:Line:L1,Spikkestad-Oslo S-Lillestrøm,L1,rail,VYG:ServiceJourney:2232_445328-R,False,planned,False,,,,,2026-09-07T15:44:36.205822+02:00
NSR:StopPlace:313,Høybråten stasjon,2026-09-07T13:08:00+02:00,2026-09-07T13:08:00+02:00,,0.0,0,Asker,VYG:Line:L1,Spikkestad-Oslo S-Lillestrøm,L1,rail,VYG:ServiceJourney:2133_443540-R,False,planned,False,,,,,2026-09-07T15:44:36.205822+02:00
NSR:StopPlace:313,Høybråten stasjon,2026-09-07T13:12:00+02:00,2026-09-07T13:12:00+02:00,,0.0,0,Lillestrøm,VYG:Line:L1,Spikkestad-Oslo S-Lillestrøm,L1,rail,VYG:ServiceJourney:2132_443539-R,False,planned,False,Ta neste tog,Ta neste tog.,incident,normal,2026-09-07T15:44:36.205822+02:00
NSR:StopPlace:313,Høybråten stasjon,2026-09-07T13:23:00+02:00,2026-09-07T13:23:00+02:00,,0.0,0,Spikkestad,VYG:Line:L1,Spikkestad-Oslo S-Lillestrøm,L1,rail,VYG:ServiceJourney:2235_443641-R,False,planned,False,,,,,2026-09-07T15:44:36.205822+02:00
NSR:StopPlace:313,Høybråten stasjon,2026-09-07T13:27:00+02:00,2026-09-07T13:27:00+02:00,,0.0,0,Lillestrøm,VYG:Line:L1,Spikkestad-Oslo S-Lillestrøm,L1,rail,VYG:ServiceJourney:2234_443640-R,False,planned,False,,,,,2026-09-07T15:44:36.205822+02:00
NSR:StopPlace:313,Høybråten stasjon,2026-09-07T13:38:00+02:00,2026-09-07T13:38:00+02:00,,0.0,0,Asker,VYG:Line:L1,Spikkestad-Oslo S-Lillestrøm,L1,rail,VYG:ServiceJourney:2135_443542-R,False,planned,False,,,,,2026-09-07T15:44:36.205822+02:00
NSR:StopPlace:313,Høybråten stasjon,2026-09-07T13:42:00+02:00,2026-09-07T13:42:00+02:00,,0.0,0,Lillestrøm,VYG:Line:L1,Spikkestad-Oslo S-Lillestrøm,L1,rail,VYG:ServiceJourney:2134_443541-R,False,planned,False,,,,,2026-09-07T15:44:36.205822+02:00
NSR:StopPlace:313,Høybråten stasjon,2026-09-07T13:57:00+02:00,2026-09-07T13:57:00+02:00,,0.0,0,Lillestrøm,VYG:Line:L1,Spikkestad-Oslo S-Lillestrøm,L1,rail,VYG:ServiceJourney:2236_443643-R,False,planned,False,,,,,2026-09-07T15:44:36.205822+02:00
NSR:StopPlace:313,Høybråten stasjon,2026-09-07T14:12:00+02:00,2026-09-07T14:12:00+02:00,,0.0,0,Lillestrøm,VYG:Line:L1,Spikkestad-Oslo S-Lillestrøm,L1,rail,VYG:ServiceJourney:2136_443543-R,False,planned,False,,,,,2026-09-07T15:44:36.205822+02:00
NSR:StopPlace:313,Høybråten stasjon,2026-09-07T14:27:00+02:00,2026-09-07T14:27:00+02:00,,0.0,0,Lillestrøm,VYG:Line:L1,Spikkestad-Oslo S-Lillestrøm,L1,rail,VYG:ServiceJourney:2238_443647-R,False,planned,False,Færre vogner,Denne avgangen kjører dessverre med 4 vogner i stedet for 8 vogner. Dette skyldes at vi mangler et togsett.,general,normal,2026-09-07T15:44:36.205822+02:00
NSR:StopPlace:316,Oppdal stasjon,2026-09-07T13:03:00+02:00,2026-09-07T13:03:00+02:00,,0.0,0,Trondheim S,SJN:Line:21,Dovrebanen,F6,rail,SJN:ServiceJourney:43-LOD_47893-R,False,planned,False,,,,,2026-09-07T15:44:36.205822+02:00
NSR:StopPlace:349,Upsete stasjon,2026-09-07T11:48:00+02:00,2026-09-07T11:48:00+02:00,,0.0,0,Geilo,VYG:Line:R40,Bergen-Voss-Myrdal-Ål,R40,rail,VYG:ServiceJourney:1810_465743-R,False,planned,False,,,,,2026-09-07T15:44:36.205822+02:00
NSR:StopPlace:349,Upsete stasjon,2026-09-07T11:58:00+02:00,2026-09-07T11:58:00+02:00,,0.0,0,Bergen,VYG:Line:R40,Bergen-Voss-Myrdal-Ål,R40,rail,VYG:ServiceJourney:1821_465760-R,False,planned,False,,,,,2026-09-07T15:44:36.205822+02:00
NSR:StopPlace:349,Upsete stasjon,2026-09-07T12:51:00+02:00,2026-09-07T12:51:00+02:00,,0.0,0,Myrdal,VYG:Line:R40,Bergen-Voss-Myrdal-Ål,R40,rail,VYG:ServiceJourney:1812_456872-R,False,planned,False,,,,,2026-09-07T15:44:36.205822+02:00
NSR:StopPlace:362,Jåttåvågen stasjon,2026-09-07T11:47:00+02:00,2026-09-07T11:47:00+02:00,,0.0,0,Skeiane,GOA:Line:59,Jærbanen,L5,rail,GOA:ServiceJourney:3128_63173-R,False,planned,False,,,,,2026-09-07T15:44:36.205822+02:00
NSR:StopPlace:362,Jåttåvågen stasjon,2026-09-07T11:52:00+02:00,2026-09-07T11:52:00+02:00,,0.0,0,Stavanger,GOA:Line:59,Jærbanen,L5,rail,GOA:ServiceJourney:3027_63063-R,False,planned,False,,,,,2026-09-07T15:44:36.205822+02:00
NSR:StopPlace:362,Jåttåvågen stasjon,2026-09-07T12:02:00+02:00,2026-09-07T12:02:00+02:00,,0.0,0,Egersund,GOA:Line:59,Jærbanen,L5,rail,GOA:ServiceJourney:3032_63069-R,False,planned,False,,,,,2026-09-07T15:44:36.205822+02:00
NSR:StopPlace:362,Jåttåvågen stasjon,2026-09-07T12:06:00+02:00,2026-09-07T12:06:00+02:00,,0.0,0,Stavanger,GOA:Line:59,Jærbanen,L5,rail,GOA:ServiceJourney:3129_63174-R,False,planned,False,,,,,2026-09-07T15:44:36.205822+02:00
NSR:StopPlace:362,Jåttåvågen stasjon,2026-09-07T12:17:00+02:00,2026-09-07T12:17:00+02:00,,0.0,0,Skeiane,GOA:Line:59,Jærbanen,L5,rail,GOA:ServiceJourney:3130_63175-R,False,planned,False,,,,,2026-09-07T15:44:36.205822+02:00
NSR:StopPlace:362,Jåttåvågen stasjon,2026-09-07T12:22:00+02:00,2026-09-07T12:22:00+02:00,,0.0,0,Stavanger,GOA:Line:59,Jærbanen,L5,rail,GOA:ServiceJourney:3029_63065-R,False,planned,False,,,,,2026-09-07T15:44:36.205822+02:00
NSR:StopPlace:362,Jåttåvågen stasjon,2026-09-07T12:32:00+02:00,2026-09-07T12:32:00+02:00,,0.0,0,Nærbø,GOA:Line:59,Jærbanen,L5,rail,GOA:ServiceJourney:3034_63071-R,False,planned,False,,,,,2026-09-07T15:44:36.205822+02:00
NSR:StopPlace:362,Jåttåvågen stasjon,2026-09-07T12:36:00+02:00,2026-09-07T12:36:00+02:00,,0.0,0,Stavanger,GOA:Line:59,Jærbanen,L5,rail,GOA:ServiceJourney:3131_63176-R,False,planned,False,,,,,2026-09-07T15:44:36.205822+02:00
NSR:StopPlace:362,Jåttåvågen stasjon,2026-09-07T12:47:00+02:00,2026-09-07T12:47:00+02:00,,0.0,0,Skeiane,GOA:Line:59,Jærbanen,L5,rail,GOA:ServiceJourney:3132_63177-R,False,planned,False,,,,,2026-09-07T15:44:36.205822+02:00
NSR:StopPlace:362,Jåttåvågen stasjon,2026-09-07T12:51:00+02:00,2026-09-07T12:51:00+02:00,,0.0,0,Stavanger,GOA:Line:59,Jærbanen,L5,rail,GOA:ServiceJourney:3031_63068-R,False,planned,False,,,,,2026-09-07T15:44:36.205822+02:00
NSR:StopPlace:362,Jåttåvågen stasjon,2026-09-07T13:02:00+02:00,2026-09-07T13:02:00+02:00,,0.0,0,Egersund,GOA:Line:59,Jærbanen,L5,rail,GOA:ServiceJourney:3036_63073-R,False,planned,False,,,,,2026-09-07T15:44:36.205822+02:00
NSR:StopPlace:362,Jåttåvågen stasjon,2026-09-07T13:06:00+02:00,2026-09-07T13:06:00+02:00,,0.0,0,Stavanger,GOA:Line:59,Jærbanen,L5,rail,GOA:ServiceJourney:3133_63178-R,False,planned,False,,,,,2026-09-07T15:44:36.205822+02:00
NSR:StopPlace:362,Jåttåvågen stasjon,2026-09-07T13:17:00+02:00,2026-09-07T13:17:00+02:00,,0.0,0,Skeiane,GOA:Line:59,Jærbanen,L5,rail,GOA:ServiceJourney:3134_63179-R,False,planned,False,,,,,2026-09-07T15:44:36.205822+02:00
NSR:StopPlace:362,Jåttåvågen stasjon,2026-09-07T13:22:00+02:00,2026-09-07T13:22:00+02:00,,0.0,0,Stavanger,GOA:Line:59,Jærbanen,L5,rail,GOA:ServiceJourney:3033_63070-R,False,planned,False,,,,,2026-09-07T15:44:36.205822+02:00
NSR:StopPlace:362,Jåttåvågen stasjon,2026-09-07T13:32:00+02:00,2026-09-07T13:32:00+02:00,,0.0,0,Egersund,GOA:Line:59,Jærbanen,L5,rail,GOA:ServiceJourney:3038_63076-R,False,planned,False,,,,,2026-09-07T15:44:36.205822+02:00
NSR:StopPlace:362,Jåttåvågen stasjon,2026-09-07T13:36:00+02:00,2026-09-07T13:36:00+02:00,,0.0,0,Stavanger,GOA:Line:59,Jærbanen,L5,rail,GOA:ServiceJourney:3135_63180-R,False,planned,False,,,,,2026-09-07T15:44:36.205822+02:00
NSR:StopPlace:362,Jåttåvågen stasjon,2026-09-07T13:47:00+02:00,2026-09-07T13:47:00+02:00,,0.0,0,Skeiane,GOA:Line:59,Jærbanen,L5,rail,GOA:ServiceJourney:3136_63181-R,False,planned,False,,,,,2026-09-07T15:44:36.205822+02:00
NSR:StopPlace:362,Jåttåvågen stasjon,2026-09-07T13:51:00+02:00,2026-09-07T13:51:00+02:00,,0.0,0,Stavanger,GOA:Line:59,Jærbanen,L5,rail,GOA:ServiceJourney:3035_63072-R,False,planned,False,,,,,2026-09-07T15:44:36.205822+02:00
NSR:StopPlace:362,Jåttåvågen stasjon,2026-09-07T14:06:00+02:00,2026-09-07T14:06:00+02:00,,0.0,0,Stavanger,GOA:Line:59,Jærbanen,L5,rail,GOA:ServiceJourney:3137_63182-R,False,planned,False,,,,,2026-09-07T15:44:36.205822+02:00
NSR:StopPlace:362,Jåttåvågen stasjon,2026-09-07T14:17:00+02:00,2026-09-07T14:17:00+02:00,,0.0,0,Skeiane,GOA:Line:59,Jærbanen,L5,rail,GOA:ServiceJourney:3138_63183-R,False,planned,False,,,,,2026-09-07T15:44:36.205822+02:00
NSR:StopPlace:362,Jåttåvågen stasjon,2026-09-07T14:21:00+02:00,2026-09-07T14:21:00+02:00,,0.0,0,Stavanger,GOA:Line:59,Jærbanen,L5,rail,GOA:ServiceJourney:3037_63074-R,False,planned,False,,,,,2026-09-07T15:44:36.205822+02:00
NSR:StopPlace:362,Jåttåvågen stasjon,2026-09-07T14:36:00+02:00,2026-09-07T14:36:00+02:00,,0.0,0,Stavanger,GOA:Line:59,Jærbanen,L5,rail,GOA:ServiceJourney:3139_63184-R,False,planned,False,,,,,2026-09-07T15:44:36.205822+02:00
NSR:StopPlace:362,Jåttåvågen stasjon,2026-09-07T16:02:00+02:00,2026-09-07T16:02:00+02:00,,0.0,0,Egersund,GOA:Line:59,Jærbanen,L5,rail,GOA:ServiceJourney:3048_63093-R,False,planned,False,,,,,2026-09-07T15:44:36.205822+02:00
NSR:StopPlace:362,Jåttåvågen stasjon,2026-09-07T16:06:00+02:00,2026-09-07T16:06:00+02:00,,0.0,0,Stavanger,GOA:Line:59,Jærbanen,L5,rail,GOA:ServiceJourney:3145_63190-R,False,planned,False,,,,,2026-09-07T15:44:36.205822+02:00
NSR:StopPlace:362,Jåttåvågen stasjon,2026-09-07T16:11:00+02:00,2026-09-07T16:11:00+02:00,,0.0,0,Oslo S,GOA:Line:50,Sørtoget region,F5,rail,GOA:ServiceJourney:716-STV_63249-R,False,planned,False,,,,,2026-09-07T15:44:36.205822+02:00
NSR:StopPlace:362,Jåttåvågen stasjon,2026-09-07T16:17:00+02:00,2026-09-07T16:17:00+02:00,,0.0,0,Skeiane,GOA:Line:59,Jærbanen,L5,rail,GOA:ServiceJourney:3146_63191-R,False,planned,False,,,,,2026-09-07T15:44:36.205822+02:00
NSR:StopPlace:364,Vaksdal stasjon,2026-09-07T12:16:00+02:00,2026-09-07T12:16:00+02:00,,0.0,0,Bergen,VYG:Line:R40,Bergen-Voss-Myrdal-Ål,R40,rail,VYG:ServiceJourney:1819_465756-R,False,planned,False,,,,,2026-09-07T15:44:36.205822+02:00
NSR:StopPlace:364,Vaksdal stasjon,2026-09-07T13:49:00+02:00,2026-09-07T13:49:00+02:00,,0.0,0,Bergen,VYG:Line:R40,Bergen-Voss-Myrdal-Ål,R40,rail,VYG:ServiceJourney:1821_465760-R,False,planned,False,,,,,2026-09-07T15:44:36.205822+02:00
NSR:StopPlace:369,Kvål stasjon,2026-09-07T12:14:00+02:00,2026-09-07T12:14:00+02:00,,0.0,0,Ler,SJN:Line:26,Trønderbanen,R70,rail,SJN:ServiceJourney:430_56059-R,False,planned,False,,,,,2026-09-07T15:44:36.205822+02:00
NSR:StopPlace:369,Kvål stasjon,2026-09-07T13:13:00+02:00,2026-09-07T13:13:00+02:00,,0.0,0,Ler,SJN:Line:26,Trønderbanen,R70,rail,SJN:ServiceJourney:432_56061-R,False,planned,False,,,,,2026-09-07T15:44:36.205822+02:00
NSR:StopPlace:358,Ustaoset stasjon,2026-09-07T13:14:00+02:00,2026-09-07T13:14:00+02:00,,0.0,0,Geilo,VYG:Line:R40,Bergen-Voss-Myrdal-Ål,R40,rail,VYG:ServiceJourney:1810_465743-R,False,planned,False,,,,,2026-09-07T15:44:36.205822+02:00
NSR:StopPlace:372,Valnesfjord stasjon,2026-09-07T11:52:00+02:00,2026-09-07T11:52:00+02:00,,0.0,0,Bodø,SJN:Line:79,Saltenpendelen,R75,rail,SJN:ServiceJourney:1785_48210-R,False,planned,False,,,,,2026-09-07T15:44:36.205822+02:00
NSR:StopPlace:372,Valnesfjord stasjon,2026-09-07T14:06:00+02:00,2026-09-07T14:06:00+02:00,,0.0,0,Fauske,SJN:Line:79,Saltenpendelen,R75,rail,SJN:ServiceJourney:1786_42896-R,False,planned,False,,,,,2026-09-07T15:44:36.205822+02:00
NSR:StopPlace:372,Valnesfjord stasjon,2026-09-07T16:12:00+02:00,2026-09-07T16:12:00+02:00,,0.0,0,Bodø,SJN:Line:79,Saltenpendelen,R75,rail,SJN:ServiceJourney:1789_41148-R,False,planned,False,,,,,2026-09-07T15:44:36.205822+02:00
NSR:StopPlace:374,Göteborg Centralstation,2026-09-07T11:55:00+02:00,2026-09-07T11:55:00+02:00,,0.0,0,Østerport,SAM:Line:9011012080400000,Ø Göteborg-Halmstad-Helsingborg-Malmö-Købe,,rail,SAM:ServiceJourney:121120000389251070,False,planned,False,,,,,2026-09-07T15:44:36.205822+02:00
NSR:StopPlace:374,Göteborg Centralstation,2026-09-07T12:55:00+02:00,2026-09-07T12:55:00+02:00,,0.0,0,Østerport,SAM:Line:9011012080400000,Ø Göteborg-Halmstad-Helsingborg-Malmö-Købe,,rail,SAM:ServiceJourney:121120000389251099,False,planned,False,,,,,2026-09-07T15:44:36.205822+02:00
NSR:StopPlace:374,Göteborg Centralstation,2026-09-07T13:55:00+02:00,2026-09-07T13:55:00+02:00,,0.0,0,Østerport,SAM:Line:9011012080400000,Ø Göteborg-Halmstad-Helsingborg-Malmö-Købe,,rail,SAM:ServiceJourney:121120000389250722,False,planned,False,,,,,2026-09-07T15:44:36.205822+02:00
NSR:StopPlace:374,Göteborg Centralstation,2026-09-07T14:25:00+02:00,2026-09-07T14:25:00+02:00,,0.0,0,Halmstad C,SAM:Line:9011012080800000,Ø Insatståg Göteborg - Halmstad,,rail,SAM:ServiceJourney:121120000389253849,False,planned,False,,,,,2026-09-07T15:44:36.205822+02:00
NSR:StopPlace:374,Göteborg Centralstation,2026-09-07T14:55:00+02:00,2026-09-07T14:55:00+02:00,,0.0,0,Østerport,SAM:Line:9011012080400000,Ø Göteborg-Halmstad-Helsingborg-Malmö-Købe,,rail,SAM:ServiceJourney:121120000389250751,False,planned,False,,,,,2026-09-07T15:44:36.205822+02:00
NSR:StopPlace:374,Göteborg Centralstation,2026-09-07T15:25:00+02:00,2026-09-07T15:25:00+02:00,,0.0,0,Halmstad C,SAM:Line:9011012080800000,Ø Insatståg Göteborg - Halmstad,,rail,SAM:ServiceJourney:121120000389253969,False,planned,False,,,,,2026-09-07T15:44:36.205822+02:00
NSR:StopPlace:374,Göteborg Centralstation,2026-09-07T15:55:00+02:00,2026-09-07T15:55:00+02:00,,0.0,0,Østerport,SAM:Line:9011012080400000,Ø Göteborg-Halmstad-Helsingborg-Malmö-Købe,,rail,SAM:ServiceJourney:121120000389250780,False,planned,False,,,,,2026-09-07T15:44:36.205822+02:00
NSR:StopPlace:374,Göteborg Centralstation,2026-09-07T16:25:00+02:00,2026-09-07T16:25:00+02:00,,0.0,0,Halmstad C,SAM:Line:9011012080800000,Ø Insatståg Göteborg - Halmstad,,rail,SAM:ServiceJourney:121120000389253864,False,planned,False,,,,,2026-09-07T15:44:36.205822+02:00
NSR:StopPlace:302,Gjøvik stasjon,2026-09-07T12:34:00+02:00,2026-09-07T12:34:00+02:00,,0.0,0,Roa,VYG:Line:RE30,Oslo S-Gjøvik,RE30,rail,VYG:ServiceJourney:1218-GJOe_589152-R,False,planned,False,,,,,2026-09-07T15:44:36.205822+02:00
NSR:StopPlace:271,Lademoen stasjon,2026-09-07T12:18:00+02:00,2026-09-07T12:18:00+02:00,,0.0,0,Steinkjer,SJN:Line:26,Trønderbanen,R70,rail,SJN:ServiceJourney:435-SOeB_56064-R,False,planned,False,,,,,2026-09-07T15:44:36.205822+02:00
NSR:StopPlace:271,Lademoen stasjon,2026-09-07T12:39:00+02:00,2026-09-07T12:39:00+02:00,,0.0,0,Ler,SJN:Line:26,Trønderbanen,R70,rail,SJN:ServiceJourney:432_56061-R,False,planned,False,,,,,2026-09-07T15:44:36.205822+02:00
NSR:StopPlace:271,Lademoen stasjon,2026-09-07T13:39:00+02:00,2026-09-07T13:39:00+02:00,,0.0,0,Melhus skysstasjon,SJN:Line:26,Trønderbanen,R70,rail,SJN:ServiceJourney:434-STK_56063-R,False,planned,False,,,,,2026-09-07T15:44:36.205822+02:00
NSR:StopPlace:291,Nisterud stasjon,2026-09-07T12:10:00+02:00,2026-09-07T12:10:00+02:00,,0.0,0,Notodden,VYG:Line:R55,Porsgrunn-Notodden,R55,rail,VYG:ServiceJourney:2478_443749-R,False,planned,False,,,,,2026-09-07T15:44:36.205822+02:00
NSR:StopPlace:291,Nisterud stasjon,2026-09-07T13:52:00+02:00,2026-09-07T13:52:00+02:00,,0.0,0,Porsgrunn,VYG:Line:R55,Porsgrunn-Notodden,R55,rail,VYG:ServiceJourney:2481_443751-R,False,planned,False,,,,,2026-09-07T15:44:36.205822+02:00
NSR:StopPlace:200,Finse stasjon,2026-09-07T12:48:00+02:00,2026-09-07T12:48:00+02:00,,0.0,0,Geilo,VYG:Line:R40,Bergen-Voss-Myrdal-Ål,R40,rail,VYG:ServiceJourney:1810_465743-R,False,planned,False,,,,,2026-09-07T15:44:36.205822+02:00
NSR:StopPlace:200,Finse stasjon,2026-09-07T13:46:00+02:00,2026-09-07T13:46:00+02:00,,0.0,0,Bergen,VYG:Line:F4,Oslo S-Bergen,F4,rail,VYG:ServiceJourney:90607_661658-R,False,planned,False,,,,,2026-09-07T15:44:36.205822+02:00
NSR:StopPlace:206,Mariero stasjon,2026-09-07T11:55:00+02:00,2026-09-07T11:55:00+02:00,,0.0,0,Stavanger,GOA:Line:59,Jærbanen,L5,rail,GOA:ServiceJourney:3027_63063-R,False,planned,False,,,,,2026-09-07T15:44:36.205822+02:00
NSR:StopPlace:206,Mariero stasjon,2026-09-07T11:59:00+02:00,2026-09-07T11:59:00+02:00,,0.0,0,Egersund,GOA:Line:59,Jærbanen,L5,rail,GOA:ServiceJourney:3032_63069-R,False,planned,False,,,,,2026-09-07T15:44:36.205822+02:00
NSR:StopPlace:206,Mariero stasjon,2026-09-07T12:09:00+02:00,2026-09-07T12:09:00+02:00,,0.0,0,Stavanger,GOA:Line:59,Jærbanen,L5,rail,GOA:ServiceJourney:3129_63174-R,False,planned,False,,,,,2026-09-07T15:44:36.205822+02:00
NSR:StopPlace:206,Mariero stasjon,2026-09-07T12:14:00+02:00,2026-09-07T12:14:00+02:00,,0.0,0,Skeiane,GOA:Line:59,Jærbanen,L5,rail,GOA:ServiceJourney:3130_63175-R,False,planned,False,,,,,2026-09-07T15:44:36.205822+02:00
NSR:StopPlace:206,Mariero stasjon,2026-09-07T12:25:00+02:00,2026-09-07T12:25:00+02:00,,0.0,0,Stavanger,GOA:Line:59,Jærbanen,L5,rail,GOA:ServiceJourney:3029_63065-R,False,planned,False,,,,,2026-09-07T15:44:36.205822+02:00
NSR:StopPlace:206,Mariero stasjon,2026-09-07T12:29:00+02:00,2026-09-07T12:29:00+02:00,,0.0,0,Nærbø,GOA:Line:59,Jærbanen,L5,rail,GOA:ServiceJourney:3034_63071-R,False,planned,False,,,,,2026-09-07T15:44:36.205822+02:00
NSR:StopPlace:206,Mariero stasjon,2026-09-07T12:39:00+02:00,2026-09-07T12:39:00+02:00,,0.0,0,Stavanger,GOA:Line:59,Jærbanen,L5,rail,GOA:ServiceJourney:3131_63176-R,False,planned,False,,,,,2026-09-07T15:44:36.205822+02:00
NSR:StopPlace:206,Mariero stasjon,2026-09-07T12:44:00+02:00,2026-09-07T12:44:00+02:00,,0.0,0,Skeiane,GOA:Line:59,Jærbanen,L5,rail,GOA:ServiceJourney:3132_63177-R,False,planned,False,,,,,2026-09-07T15:44:36.205822+02:00
NSR:StopPlace:206,Mariero stasjon,2026-09-07T12:55:00+02:00,2026-09-07T12:55:00+02:00,,0.0,0,Stavanger,GOA:Line:59,Jærbanen,L5,rail,GOA:ServiceJourney:3031_63068-R,False,planned,False,,,,,2026-09-07T15:44:36.205822+02:00
NSR:StopPlace:206,Mariero stasjon,2026-09-07T12:59:00+02:00,2026-09-07T12:59:00+02:00,,0.0,0,Egersund,GOA:Line:59,Jærbanen,L5,rail,GOA:ServiceJourney:3036_63073-R,False,planned,False,,,,,2026-09-07T15:44:36.205822+02:00
NSR:StopPlace:206,Mariero stasjon,2026-09-07T13:09:00+02:00,2026-09-07T13:09:00+02:00,,0.0,0,Stavanger,GOA:Line:59,Jærbanen,L5,rail,GOA:ServiceJourney:3133_63178-R,False,planned,False,,,,,2026-09-07T15:44:36.205822+02:00
NSR:StopPlace:206,Mariero stasjon,2026-09-07T13:14:00+02:00,2026-09-07T13:14:00+02:00,,0.0,0,Skeiane,GOA:Line:59,Jærbanen,L5,rail,GOA:ServiceJourney:3134_63179-R,False,planned,False,,,,,2026-09-07T15:44:36.205822+02:00
NSR:StopPlace:206,Mariero stasjon,2026-09-07T13:25:00+02:00,2026-09-07T13:25:00+02:00,,0.0,0,Stavanger,GOA:Line:59,Jærbanen,L5,rail,GOA:ServiceJourney:3033_63070-R,False,planned,False,,,,,2026-09-07T15:44:36.205822+02:00
NSR:StopPlace:206,Mariero stasjon,2026-09-07T13:29:00+02:00,2026-09-07T13:29:00+02:00,,0.0,0,Egersund,GOA:Line:59,Jærbanen,L5,rail,GOA:ServiceJourney:3038_63076-R,False,planned,False,,,,,2026-09-07T15:44:36.205822+02:00
NSR:StopPlace:206,Mariero stasjon,2026-09-07T13:39:00+02:00,2026-09-07T13:39:00+02:00,,0.0,0,Stavanger,GOA:Line:59,Jærbanen,L5,rail,GOA:ServiceJourney:3135_63180-R,False,planned,False,,,,,2026-09-07T15:44:36.205822+02:00
NSR:StopPlace:206,Mariero stasjon,2026-09-07T13:44:00+02:00,2026-09-07T13:44:00+02:00,,0.0,0,Skeiane,GOA:Line:59,Jærbanen,L5,rail,GOA:ServiceJourney:3136_63181-R,False,planned,False,,,,,2026-09-07T15:44:36.205822+02:00
NSR:StopPlace:206,Mariero stasjon,2026-09-07T13:55:00+02:00,2026-09-07T13:55:00+02:00,,0.0,0,Stavanger,GOA:Line:59,Jærbanen,L5,rail,GOA:ServiceJourney:3035_63072-R,False,planned,False,,,,,2026-09-07T15:44:36.205822+02:00
NSR:StopPlace:206,Mariero stasjon,2026-09-07T14:09:00+02:00,2026-09-07T14:09:00+02:00,,0.0,0,Stavanger,GOA:Line:59,Jærbanen,L5,rail,GOA:ServiceJourney:3137_63182-R,False,planned,False,,,,,2026-09-07T15:44:36.205822+02:00
NSR:StopPlace:206,Mariero stasjon,2026-09-07T14:14:00+02:00,2026-09-07T14:14:00+02:00,,0.0,0,Skeiane,GOA:Line:59,Jærbanen,L5,rail,GOA:ServiceJourney:3138_63183-R,False,planned,False,,,,,2026-09-07T15:44:36.205822+02:00
NSR:StopPlace:206,Mariero stasjon,2026-09-07T14:25:00+02:00,2026-09-07T14:25:00+02:00,,0.0,0,Stavanger,GOA:Line:59,Jærbanen,L5,rail,GOA:ServiceJourney:3037_63074-R,False,planned,False,,,,,2026-09-07T15:44:36.205822+02:00
NSR:StopPlace:206,Mariero stasjon,2026-09-07T15:59:00+02:00,2026-09-07T15:59:00+02:00,,0.0,0,Egersund,GOA:Line:59,Jærbanen,L5,rail,GOA:ServiceJourney:3048_63093-R,False,planned,False,,,,,2026-09-07T15:44:36.205822+02:00
NSR:StopPlace:206,Mariero stasjon,2026-09-07T16:09:00+02:00,2026-09-07T16:09:00+02:00,,0.0,0,Stavanger,GOA:Line:59,Jærbanen,L5,rail,GOA:ServiceJourney:3145_63190-R,False,planned,False,,,,,2026-09-07T15:44:36.205822+02:00
NSR:StopPlace:206,Mariero stasjon,2026-09-07T16:14:00+02:00,2026-09-07T16:14:00+02:00,,0.0,0,Skeiane,GOA:Line:59,Jærbanen,L5,rail,GOA:ServiceJourney:3146_63191-R,False,planned,False,,,,,2026-09-07T15:44:36.205822+02:00
NSR:StopPlace:222,Myrdal stasjon,2026-09-07T11:53:00+02:00,2026-09-07T11:53:00+02:00,,0.0,0,Bergen,VYG:Line:R40,Bergen-Voss-Myrdal-Ål,R40,rail,VYG:ServiceJourney:1821_465760-R,False,planned,False,,,,,2026-09-07T15:44:36.205822+02:00
NSR:StopPlace:222,Myrdal stasjon,2026-09-07T12:06:00+02:00,2026-09-07T12:06:00+02:00,,0.0,0,Flåm,VYG:Line:R45,Myrdal-Flåm,R45,rail,VYG:ServiceJourney:1857_465776-R,False,planned,False,,,,,2026-09-07T15:44:36.205822+02:00
NSR:StopPlace:222,Myrdal stasjon,2026-09-07T12:16:00+02:00,2026-09-07T12:16:00+02:00,,0.0,0,Geilo,VYG:Line:R40,Bergen-Voss-Myrdal-Ål,R40,rail,VYG:ServiceJourney:1810_465743-R,False,planned,False,,,,,2026-09-07T15:44:36.205822+02:00
NSR:StopPlace:222,Myrdal stasjon,2026-09-07T13:24:00+02:00,2026-09-07T13:24:00+02:00,,0.0,0,Flåm,VYG:Line:R45,Myrdal-Flåm,R45,rail,VYG:ServiceJourney:1859_465778-R,False,planned,False,,,,,2026-09-07T15:44:36.205822+02:00
NSR:StopPlace:234,Mørkved stasjon,2026-09-07T12:17:00+02:00,2026-09-07T12:17:00+02:00,,0.0,0,Bodø,SJN:Line:79,Saltenpendelen,R75,rail,SJN:ServiceJourney:1785_48210-R,False,planned,False,,,,,2026-09-07T15:44:36.205822+02:00
NSR:StopPlace:234,Mørkved stasjon,2026-09-07T13:41:00+02:00,2026-09-07T13:41:00+02:00,,0.0,0,Fauske,SJN:Line:79,Saltenpendelen,R75,rail,SJN:ServiceJourney:1786_42896-R,False,planned,False,,,,,2026-09-07T15:44:36.205822+02:00
NSR:StopPlace:234,Mørkved stasjon,2026-09-07T16:16:00+02:00,2026-09-07T16:16:00+02:00,,0.0,0,Rognan,SJN:Line:79,Saltenpendelen,R75,rail,SJN:ServiceJourney:1790_41149-R,False,planned,False,,,,,2026-09-07T15:44:36.205822+02:00
NSR:StopPlace:261,Ganddal stasjon,2026-09-07T11:48:00+02:00,2026-09-07T11:48:00+02:00,,0.0,0,Nærbø,GOA:Line:59,Jærbanen,L5,rail,GOA:ServiceJourney:3030_63067-R,False,planned,False,,,,,2026-09-07T15:44:36.205822+02:00
NSR:StopPlace:261,Ganddal stasjon,2026-09-07T12:09:00+02:00,2026-09-07T12:09:00+02:00,,0.0,0,Stavanger,GOA:Line:59,Jærbanen,L5,rail,GOA:ServiceJourney:3029_63065-R,False,planned,False,,,,,2026-09-07T15:44:36.205822+02:00
NSR:StopPlace:261,Ganddal stasjon,2026-09-07T12:15:00+02:00,2026-09-07T12:15:00+02:00,,0.0,0,Egersund,GOA:Line:59,Jærbanen,L5,rail,GOA:ServiceJourney:3032_63069-R,False,planned,False,,,,,2026-09-07T15:44:36.205822+02:00
NSR:StopPlace:261,Ganddal stasjon,2026-09-07T12:38:00+02:00,2026-09-07T12:38:00+02:00,,0.0,0,Stavanger,GOA:Line:59,Jærbanen,L5,rail,GOA:ServiceJourney:3031_63068-R,False,planned,False,,,,,2026-09-07T15:44:36.205822+02:00
NSR:StopPlace:261,Ganddal stasjon,2026-09-07T12:45:00+02:00,2026-09-07T12:45:00+02:00,,0.0,0,Nærbø,GOA:Line:59,Jærbanen,L5,rail,GOA:ServiceJourney:3034_63071-R,False,planned,False,,,,,2026-09-07T15:44:36.205822+02:00
NSR:StopPlace:261,Ganddal stasjon,2026-09-07T13:09:00+02:00,2026-09-07T13:09:00+02:00,,0.0,0,Stavanger,GOA:Line:59,Jærbanen,L5,rail,GOA:ServiceJourney:3033_63070-R,False,planned,False,,,,,2026-09-07T15:44:36.205822+02:00
NSR:StopPlace:261,Ganddal stasjon,2026-09-07T13:15:00+02:00,2026-09-07T13:15:00+02:00,,0.0,0,Egersund,GOA:Line:59,Jærbanen,L5,rail,GOA:ServiceJourney:3036_63073-R,False,planned,False,,,,,2026-09-07T15:44:36.205822+02:00
NSR:StopPlace:261,Ganddal stasjon,2026-09-07T13:38:00+02:00,2026-09-07T13:38:00+02:00,,0.0,0,Stavanger,GOA:Line:59,Jærbanen,L5,rail,GOA:ServiceJourney:3035_63072-R,False,planned,False,,,,,2026-09-07T15:44:36.205822+02:00
NSR:StopPlace:261,Ganddal stasjon,2026-09-07T13:45:00+02:00,2026-09-07T13:45:00+02:00,,0.0,0,Egersund,GOA:Line:59,Jærbanen,L5,rail,GOA:ServiceJourney:3038_63076-R,False,planned,False,,,,,2026-09-07T15:44:36.205822+02:00
NSR:StopPlace:261,Ganddal stasjon,2026-09-07T14:08:00+02:00,2026-09-07T14:08:00+02:00,,0.0,0,Stavanger,GOA:Line:59,Jærbanen,L5,rail,GOA:ServiceJourney:3037_63074-R,False,planned,False,,,,,2026-09-07T15:44:36.205822+02:00
NSR:StopPlace:261,Ganddal stasjon,2026-09-07T16:15:00+02:00,2026-09-07T16:15:00+02:00,,0.0,0,Egersund,GOA:Line:59,Jærbanen,L5,rail,GOA:ServiceJourney:3048_63093-R,False,planned,False,,,,,2026-09-07T15:44:36.205822+02:00
NSR:StopPlace:584,Bulken stasjon,2026-09-07T11:52:00+02:00,2026-09-07T11:52:00+02:00,,0.0,0,Myrdal,VYG:Line:R40,Bergen-Voss-Myrdal-Ål,R40,rail,VYG:ServiceJourney:1812_456872-R,False,planned,False,,,,,2026-09-07T15:44:36.205822+02:00
NSR:StopPlace:584,Bulken stasjon,2026-09-07T13:08:00+02:00,2026-09-07T13:08:00+02:00,,0.0,0,Bergen,VYG:Line:R40,Bergen-Voss-Myrdal-Ål,R40,rail,VYG:ServiceJourney:1821_465760-R,False,planned,False,,,,,2026-09-07T15:44:36.205822+02:00
NSR:StopPlace:500,Bellingmo stasjon,2026-09-07T12:34:00+02:00,2026-09-07T12:34:00+02:00,,0.0,0,Røros,SJN:Line:25,Rørosbanen,R60,rail,SJN:ServiceJourney:2383_37663-R,False,planned,False,,,,,2026-09-07T15:44:36.205822+02:00
NSR:StopPlace:518,Bolstadøyri stasjon,2026-09-07T11:51:00+02:00,2026-09-07T11:51:00+02:00,,0.0,0,Bergen,VYG:Line:R40,Bergen-Voss-Myrdal-Ål,R40,rail,VYG:ServiceJourney:1819_465756-R,False,planned,False,,,,,2026-09-07T15:44:36.205822+02:00
NSR:StopPlace:518,Bolstadøyri stasjon,2026-09-07T13:27:00+02:00,2026-09-07T13:27:00+02:00,,0.0,0,Bergen,VYG:Line:R40,Bergen-Voss-Myrdal-Ål,R40,rail,VYG:ServiceJourney:1821_465760-R,False,planned,False,,,,,2026-09-07T15:44:36.205822+02:00
NSR:StopPlace:535,Kjosfossen stasjon,2026-09-07T12:24:00+02:00,2026-09-07T12:24:00+02:00,,0.0,0,Flåm,VYG:Line:R45,Myrdal-Flåm,R45,rail,VYG:ServiceJourney:1857_465776-R,False,planned,False,,,,,2026-09-07T15:44:36.205822+02:00
NSR:StopPlace:535,Kjosfossen stasjon,2026-09-07T12:57:00+02:00,2026-09-07T12:57:00+02:00,,0.0,0,Myrdal,VYG:Line:R45,Myrdal-Flåm,R45,rail,VYG:ServiceJourney:1858_465777-R,False,planned,False,,,,,2026-09-07T15:44:36.205822+02:00
NSR:StopPlace:535,Kjosfossen stasjon,2026-09-07T13:42:00+02:00,2026-09-07T13:42:00+02:00,,0.0,0,Flåm,VYG:Line:R45,Myrdal-Flåm,R45,rail,VYG:ServiceJourney:1859_465778-R,False,planned,False,,,,,2026-09-07T15:44:36.205822+02:00
NSR:StopPlace:441,Auli stasjon,2026-09-07T12:15:00+02:00,2026-09-07T12:15:00+02:00,,0.0,0,Asker,VYG:Line:R14,Asker-Oslo S-Kongsvinger,R14,rail,VYG:ServiceJourney:1016_442922-R,False,planned,False,,,,,2026-09-07T15:44:36.205822+02:00
NSR:StopPlace:441,Auli stasjon,2026-09-07T12:41:00+02:00,2026-09-07T12:41:00+02:00,,0.0,0,Kongsvinger,VYG:Line:R14,Asker-Oslo S-Kongsvinger,R14,rail,VYG:ServiceJourney:1015_442921-R,False,planned,False,,,,,2026-09-07T15:44:36.205822+02:00
NSR:StopPlace:441,Auli stasjon,2026-09-07T13:15:00+02:00,2026-09-07T13:15:00+02:00,,0.0,0,Asker,VYG:Line:R14,Asker-Oslo S-Kongsvinger,R14,rail,VYG:ServiceJourney:1018_442925-R,False,planned,False,,,,,2026-09-07T15:44:36.205822+02:00
NSR:StopPlace:441,Auli stasjon,2026-09-07T13:41:00+02:00,2026-09-07T13:41:00+02:00,,0.0,0,Kongsvinger,VYG:Line:R14,Asker-Oslo S-Kongsvinger,R14,rail,VYG:ServiceJourney:1017_442923-R,False,planned,False,,,,,2026-09-07T15:44:36.205822+02:00
NSR:StopPlace:445,Vieren stasjon,2026-09-07T12:01:00+02:00,2026-09-07T12:01:00+02:00,,0.0,0,Bergen,VYG:Line:R40,Bergen-Voss-Myrdal-Ål,R40,rail,VYG:ServiceJourney:1821_465760-R,False,planned,False,,,,,2026-09-07T15:44:36.205822+02:00
NSR:StopPlace:445,Vieren stasjon,2026-09-07T12:48:00+02:00,2026-09-07T12:48:00+02:00,,0.0,0,Myrdal,VYG:Line:R40,Bergen-Voss-Myrdal-Ål,R40,rail,VYG:ServiceJourney:1812_456872-R,False,planned,False,,,,,2026-09-07T15:44:36.205822+02:00
NSR:StopPlace:448,Vatnahalsen stasjon,2026-09-07T12:09:00+02:00,2026-09-07T12:09:00+02:00,,0.0,0,Flåm,VYG:Line:R45,Myrdal-Flåm,R45,rail,VYG:ServiceJourney:1857_465776-R,False,planned,False,,,,,2026-09-07T15:44:36.205822+02:00
NSR:StopPlace:448,Vatnahalsen stasjon,2026-09-07T13:04:00+02:00,2026-09-07T13:04:00+02:00,,0.0,0,Myrdal,VYG:Line:R45,Myrdal-Flåm,R45,rail,VYG:ServiceJourney:1858_465777-R,False,planned,False,,,,,2026-09-07T15:44:36.205822+02:00
NSR:StopPlace:448,Vatnahalsen stasjon,2026-09-07T13:27:00+02:00,2026-09-07T13:27:00+02:00,,0.0,0,Flåm,VYG:Line:R45,Myrdal-Flåm,R45,rail,VYG:ServiceJourney:1859_465778-R,False,planned,False,,,,,2026-09-07T15:44:36.205822+02:00
NSR:StopPlace:448,Vatnahalsen stasjon,2026-09-07T14:22:00+02:00,2026-09-07T14:22:00+02:00,,0.0,0,Myrdal,VYG:Line:R45,Myrdal-Flåm,R45,rail,VYG:ServiceJourney:1860_465779-R,False,planned,False,,,,,2026-09-07T15:44:36.205822+02:00
NSR:StopPlace:439,Ljosanbotn stasjon,2026-09-07T12:07:00+02:00,2026-09-07T12:07:00+02:00,,0.0,0,Bergen,VYG:Line:R40,Bergen-Voss-Myrdal-Ål,R40,rail,VYG:ServiceJourney:1821_465760-R,False,planned,False,,,,,2026-09-07T15:44:36.205822+02:00
NSR:StopPlace:439,Ljosanbotn stasjon,2026-09-07T12:42:00+02:00,2026-09-07T12:42:00+02:00,,0.0,0,Myrdal,VYG:Line:R40,Bergen-Voss-Myrdal-Ål,R40,rail,VYG:ServiceJourney:1812_456872-R,False,planned,False,,,,,2026-09-07T15:44:36.205822+02:00
NSR:StopPlace:462,Ygre stasjon,2026-09-07T12:10:00+02:00,2026-09-07T12:10:00+02:00,,0.0,0,Myrdal,VYG:Line:R40,Bergen-Voss-Myrdal-Ål,R40,rail,VYG:ServiceJourney:1812_456872-R,False,planned,False,,,,,2026-09-07T15:44:36.205822+02:00
NSR:StopPlace:462,Ygre stasjon,2026-09-07T12:47:00+02:00,2026-09-07T12:47:00+02:00,,0.0,0,Bergen,VYG:Line:R40,Bergen-Voss-Myrdal-Ål,R40,rail,VYG:ServiceJourney:1821_465760-R,False,planned,False,,,,,2026-09-07T15:44:36.205822+02:00
NSR:StopPlace:468,Ørneberget stasjon,2026-09-07T12:04:00+02:00,2026-09-07T12:04:00+02:00,,0.0,0,Bergen,VYG:Line:R40,Bergen-Voss-Myrdal-Ål,R40,rail,VYG:ServiceJourney:1821_465760-R,False,planned,False,,,,,2026-09-07T15:44:36.205822+02:00
NSR:StopPlace:468,Ørneberget stasjon,2026-09-07T12:45:00+02:00,2026-09-07T12:45:00+02:00,,0.0,0,Myrdal,VYG:Line:R40,Bergen-Voss-Myrdal-Ål,R40,rail,VYG:ServiceJourney:1812_456872-R,False,planned,False,,,,,2026-09-07T15:44:36.205822+02:00
NSR:StopPlace:474,Øyeflaten stasjon,2026-09-07T12:21:00+02:00,2026-09-07T12:21:00+02:00,,0.0,0,Myrdal,VYG:Line:R40,Bergen-Voss-Myrdal-Ål,R40,rail,VYG:ServiceJourney:1812_456872-R,False,planned,False,,,,,2026-09-07T15:44:36.205822+02:00
NSR:StopPlace:474,Øyeflaten stasjon,2026-09-07T12:35:00+02:00,2026-09-07T12:35:00+02:00,,0.0,0,Bergen,VYG:Line:R40,Bergen-Voss-Myrdal-Ål,R40,rail,VYG:ServiceJourney:1821_465760-R,False,planned,False,,,,,2026-09-07T15:44:36.205822+02:00
NSR:StopPlace:416,Vikhammer stasjon,2026-09-07T12:21:00+02:00,2026-09-07T12:21:00+02:00,,0.0,0,Ler,SJN:Line:26,Trønderbanen,R70,rail,SJN:ServiceJourney:432_56061-R,False,planned,False,,,,,2026-09-07T15:44:36.205822+02:00
NSR:StopPlace:416,Vikhammer stasjon,2026-09-07T12:34:00+02:00,2026-09-07T12:34:00+02:00,,0.0,0,Steinkjer,SJN:Line:26,Trønderbanen,R70,rail,SJN:ServiceJourney:435-SOeB_56064-R,False,planned,False,,,,,2026-09-07T15:44:36.205822+02:00
NSR:StopPlace:416,Vikhammer stasjon,2026-09-07T13:21:00+02:00,2026-09-07T13:21:00+02:00,,0.0,0,Melhus skysstasjon,SJN:Line:26,Trønderbanen,R70,rail,SJN:ServiceJourney:434-STK_56063-R,False,planned,False,,,,,2026-09-07T15:44:36.205822+02:00
NSR:StopPlace:702,Sandnes sentrum stasjon,2026-09-07T11:55:00+02:00,2026-09-07T11:55:00+02:00,,0.0,0,Skeiane,GOA:Line:59,Jærbanen,L5,rail,GOA:ServiceJourney:3128_63173-R,False,planned,False,,,,,2026-09-07T15:44:36.205822+02:00
NSR:StopPlace:702,Sandnes sentrum stasjon,2026-09-07T11:58:00+02:00,2026-09-07T11:58:00+02:00,,0.0,0,Stavanger,GOA:Line:59,Jærbanen,L5,rail,GOA:ServiceJourney:3129_63174-R,False,planned,False,,,,,2026-09-07T15:44:36.205822+02:00
NSR:StopPlace:702,Sandnes sentrum stasjon,2026-09-07T12:10:00+02:00,2026-09-07T12:10:00+02:00,,0.0,0,Egersund,GOA:Line:59,Jærbanen,L5,rail,GOA:ServiceJourney:3032_63069-R,False,planned,False,,,,,2026-09-07T15:44:36.205822+02:00
NSR:StopPlace:702,Sandnes sentrum stasjon,2026-09-07T12:14:00+02:00,2026-09-07T12:14:00+02:00,,0.0,0,Stavanger,GOA:Line:59,Jærbanen,L5,rail,GOA:ServiceJourney:3029_63065-R,False,planned,False,,,,,2026-09-07T15:44:36.205822+02:00
NSR:StopPlace:702,Sandnes sentrum stasjon,2026-09-07T12:25:00+02:00,2026-09-07T12:25:00+02:00,,0.0,0,Skeiane,GOA:Line:59,Jærbanen,L5,rail,GOA:ServiceJourney:3130_63175-R,False,planned,False,,,,,2026-09-07T15:44:36.205822+02:00
NSR:StopPlace:702,Sandnes sentrum stasjon,2026-09-07T12:28:00+02:00,2026-09-07T12:28:00+02:00,,0.0,0,Stavanger,GOA:Line:59,Jærbanen,L5,rail,GOA:ServiceJourney:3131_63176-R,False,planned,False,,,,,2026-09-07T15:44:36.205822+02:00
NSR:StopPlace:702,Sandnes sentrum stasjon,2026-09-07T12:40:00+02:00,2026-09-07T12:40:00+02:00,,0.0,0,Nærbø,GOA:Line:59,Jærbanen,L5,rail,GOA:ServiceJourney:3034_63071-R,False,planned,False,,,,,2026-09-07T15:44:36.205822+02:00
NSR:StopPlace:702,Sandnes sentrum stasjon,2026-09-07T12:43:00+02:00,2026-09-07T12:43:00+02:00,,0.0,0,Stavanger,GOA:Line:59,Jærbanen,L5,rail,GOA:ServiceJourney:3031_63068-R,False,planned,False,,,,,2026-09-07T15:44:36.205822+02:00
NSR:StopPlace:702,Sandnes sentrum stasjon,2026-09-07T12:55:00+02:00,2026-09-07T12:55:00+02:00,,0.0,0,Skeiane,GOA:Line:59,Jærbanen,L5,rail,GOA:ServiceJourney:3132_63177-R,False,planned,False,,,,,2026-09-07T15:44:36.205822+02:00
NSR:StopPlace:702,Sandnes sentrum stasjon,2026-09-07T12:58:00+02:00,2026-09-07T12:58:00+02:00,,0.0,0,Stavanger,GOA:Line:59,Jærbanen,L5,rail,GOA:ServiceJourney:3133_63178-R,False,planned,False,,,,,2026-09-07T15:44:36.205822+02:00
NSR:StopPlace:702,Sandnes sentrum stasjon,2026-09-07T13:10:00+02:00,2026-09-07T13:10:00+02:00,,0.0,0,Egersund,GOA:Line:59,Jærbanen,L5,rail,GOA:ServiceJourney:3036_63073-R,False,planned,False,,,,,2026-09-07T15:44:36.205822+02:00
NSR:StopPlace:702,Sandnes sentrum stasjon,2026-09-07T13:14:00+02:00,2026-09-07T13:14:00+02:00,,0.0,0,Stavanger,GOA:Line:59,Jærbanen,L5,rail,GOA:ServiceJourney:3033_63070-R,False,planned,False,,,,,2026-09-07T15:44:36.205822+02:00
NSR:StopPlace:702,Sandnes sentrum stasjon,2026-09-07T13:25:00+02:00,2026-09-07T13:25:00+02:00,,0.0,0,Skeiane,GOA:Line:59,Jærbanen,L5,rail,GOA:ServiceJourney:3134_63179-R,False,planned,False,,,,,2026-09-07T15:44:36.205822+02:00
NSR:StopPlace:702,Sandnes sentrum stasjon,2026-09-07T13:28:00+02:00,2026-09-07T13:28:00+02:00,,0.0,0,Stavanger,GOA:Line:59,Jærbanen,L5,rail,GOA:ServiceJourney:3135_63180-R,False,planned,False,,,,,2026-09-07T15:44:36.205822+02:00
NSR:StopPlace:702,Sandnes sentrum stasjon,2026-09-07T13:40:00+02:00,2026-09-07T13:40:00+02:00,,0.0,0,Egersund,GOA:Line:59,Jærbanen,L5,rail,GOA:ServiceJourney:3038_63076-R,False,planned,False,,,,,2026-09-07T15:44:36.205822+02:00
NSR:StopPlace:702,Sandnes sentrum stasjon,2026-09-07T13:43:00+02:00,2026-09-07T13:43:00+02:00,,0.0,0,Stavanger,GOA:Line:59,Jærbanen,L5,rail,GOA:ServiceJourney:3035_63072-R,False,planned,False,,,,,2026-09-07T15:44:36.205822+02:00
NSR:StopPlace:702,Sandnes sentrum stasjon,2026-09-07T13:55:00+02:00,2026-09-07T13:55:00+02:00,,0.0,0,Skeiane,GOA:Line:59,Jærbanen,L5,rail,GOA:ServiceJourney:3136_63181-R,False,planned,False,,,,,2026-09-07T15:44:36.205822+02:00
NSR:StopPlace:702,Sandnes sentrum stasjon,2026-09-07T13:58:00+02:00,2026-09-07T13:58:00+02:00,,0.0,0,Stavanger,GOA:Line:59,Jærbanen,L5,rail,GOA:ServiceJourney:3137_63182-R,False,planned,False,,,,,2026-09-07T15:44:36.205822+02:00
NSR:StopPlace:702,Sandnes sentrum stasjon,2026-09-07T14:13:00+02:00,2026-09-07T14:13:00+02:00,,0.0,0,Stavanger,GOA:Line:59,Jærbanen,L5,rail,GOA:ServiceJourney:3037_63074-R,False,planned,False,,,,,2026-09-07T15:44:36.205822+02:00
NSR:StopPlace:702,Sandnes sentrum stasjon,2026-09-07T14:25:00+02:00,2026-09-07T14:25:00+02:00,,0.0,0,Skeiane,GOA:Line:59,Jærbanen,L5,rail,GOA:ServiceJourney:3138_63183-R,False,planned,False,,,,,2026-09-07T15:44:36.205822+02:00
NSR:StopPlace:702,Sandnes sentrum stasjon,2026-09-07T14:28:00+02:00,2026-09-07T14:28:00+02:00,,0.0,0,Stavanger,GOA:Line:59,Jærbanen,L5,rail,GOA:ServiceJourney:3139_63184-R,False,planned,False,,,,,2026-09-07T15:44:36.205822+02:00
NSR:StopPlace:702,Sandnes sentrum stasjon,2026-09-07T15:58:00+02:00,2026-09-07T15:58:00+02:00,,0.0,0,Stavanger,GOA:Line:59,Jærbanen,L5,rail,GOA:ServiceJourney:3145_63190-R,False,planned,False,,,,,2026-09-07T15:44:36.205822+02:00
NSR:StopPlace:702,Sandnes sentrum stasjon,2026-09-07T16:10:00+02:00,2026-09-07T16:10:00+02:00,,0.0,0,Egersund,GOA:Line:59,Jærbanen,L5,rail,GOA:ServiceJourney:3048_63093-R,False,planned,False,,,,,2026-09-07T15:44:36.205822+02:00
NSR:StopPlace:702,Sandnes sentrum stasjon,2026-09-07T16:18:00+02:00,2026-09-07T16:18:00+02:00,,0.0,0,Oslo S,GOA:Line:50,Sørtoget region,F5,rail,GOA:ServiceJourney:716-STV_63249-R,False,planned,False,,,,,2026-09-07T15:44:36.205822+02:00
NSR:StopPlace:702,Sandnes sentrum stasjon,2026-09-07T16:25:00+02:00,2026-09-07T16:25:00+02:00,,0.0,0,Skeiane,GOA:Line:59,Jærbanen,L5,rail,GOA:ServiceJourney:3146_63191-R,False,planned,False,,,,,2026-09-07T15:44:36.205822+02:00
NSR:StopPlace:708,Stange stasjon,2026-09-07T12:20:00+02:00,2026-09-07T12:20:00+02:00,,0.0,0,Drammen,VYG:Line:RE10,Drammen-Oslo S-Lillehammer,RE10,rail,VYG:ServiceJourney:316-LHM_465125-R,False,planned,False,,,,,2026-09-07T15:44:36.205822+02:00
NSR:StopPlace:708,Stange stasjon,2026-09-07T12:34:00+02:00,2026-09-07T12:34:00+02:00,,0.0,0,Lillehammer,VYG:Line:RE10,Drammen-Oslo S-Lillehammer,RE10,rail,VYG:ServiceJourney:315-SUD_444173-R,False,planned,False,,,,,2026-09-07T15:44:36.205822+02:00
NSR:StopPlace:708,Stange stasjon,2026-09-07T13:34:00+02:00,2026-09-07T13:34:00+02:00,,0.0,0,Lillehammer,VYG:Line:RE10,Drammen-Oslo S-Lillehammer,RE10,rail,VYG:ServiceJourney:317-SUD_444183-R,False,planned,False,,,,,2026-09-07T15:44:36.205822+02:00
NSR:StopPlace:698,Skiple stasjon,2026-09-07T12:24:00+02:00,2026-09-07T12:24:00+02:00,,0.0,0,Myrdal,VYG:Line:R40,Bergen-Voss-Myrdal-Ål,R40,rail,VYG:ServiceJourney:1812_456872-R,False,planned,False,,,,,2026-09-07T15:44:36.205822+02:00
NSR:StopPlace:698,Skiple stasjon,2026-09-07T12:31:00+02:00,2026-09-07T12:31:00+02:00,,0.0,0,Bergen,VYG:Line:R40,Bergen-Voss-Myrdal-Ål,R40,rail,VYG:ServiceJourney:1821_465760-R,False,planned,False,,,,,2026-09-07T15:44:36.205822+02:00
NSR:StopPlace:699,Tynset stasjon,2026-09-07T13:03:00+02:00,2026-09-07T13:03:00+02:00,,0.0,0,Røros,SJN:Line:25,Rørosbanen,R60,rail,SJN:ServiceJourney:2383_37663-R,False,planned,False,,,,,2026-09-07T15:44:36.205822+02:00
NSR:StopPlace:628,Darbu stasjon,2026-09-07T11:47:00+02:00,2026-09-07T11:47:00+02:00,,0.0,0,Eidsvoll,VYG:Line:R12,Kongsberg-Oslo S-Eidsvoll,R12,rail,VYG:ServiceJourney:516_481318-R,False,planned,False,,,,,2026-09-07T15:44:36.205822+02:00
NSR:StopPlace:628,Darbu stasjon,2026-09-07T12:11:00+02:00,2026-09-07T12:11:00+02:00,,0.0,0,Kongsberg,VYG:Line:R12,Kongsberg-Oslo S-Eidsvoll,R12,rail,VYG:ServiceJourney:513_444310-R,False,planned,False,,,,,2026-09-07T15:44:36.205822+02:00
NSR:StopPlace:628,Darbu stasjon,2026-09-07T12:48:00+02:00,2026-09-07T12:48:00+02:00,,0.0,0,Eidsvoll,VYG:Line:R12,Kongsberg-Oslo S-Eidsvoll,R12,rail,VYG:ServiceJourney:518_444318-R,False,planned,False,,,,,2026-09-07T15:44:36.205822+02:00
NSR:StopPlace:628,Darbu stasjon,2026-09-07T13:10:00+02:00,2026-09-07T13:10:00+02:00,,0.0,0,Kongsberg,VYG:Line:R12,Kongsberg-Oslo S-Eidsvoll,R12,rail,VYG:ServiceJourney:515_444314-R,False,planned,False,,,,,2026-09-07T15:44:36.205822+02:00
NSR:StopPlace:628,Darbu stasjon,2026-09-07T14:11:00+02:00,2026-09-07T14:11:00+02:00,,0.0,0,Kongsberg,VYG:Line:R12,Kongsberg-Oslo S-Eidsvoll,R12,rail,VYG:ServiceJourney:517_444316-R,False,planned,False,,,,,2026-09-07T15:44:36.205822+02:00
NSR:StopPlace:610,Sandvika stasjon,2026-09-07T11:45:00+02:00,2026-09-07T11:45:00+02:00,,0.0,0,Kongsvinger,VYG:Line:R14,Asker-Oslo S-Kongsvinger,R14,rail,VYG:ServiceJourney:1015_442921-R,False,planned,False,,,,,2026-09-07T15:44:36.205822+02:00
NSR:StopPlace:610,Sandvika stasjon,2026-09-07T11:47:00+02:00,2026-09-07T11:47:00+02:00,,0.0,0,Asker,VYG:Line:L1,Spikkestad-Oslo S-Lillestrøm,L1,rail,VYG:ServiceJourney:2125_443531-R,False,planned,False,,,,,2026-09-07T15:44:36.205822+02:00
NSR:StopPlace:610,Sandvika stasjon,2026-09-07T11:48:00+02:00,2026-09-07T11:48:00+02:00,,0.0,0,Lillestrøm,VYG:Line:L1,Spikkestad-Oslo S-Lillestrøm,L1,rail,VYG:ServiceJourney:2230_443633-R,False,planned,False,,,,,2026-09-07T15:44:36.205822+02:00
NSR:StopPlace:610,Sandvika stasjon,2026-09-07T11:54:00+02:00,2026-09-07T11:54:00+02:00,,0.0,0,Skien,VYG:Line:RE11,Eidsvoll-Oslo S-Skien,RE11,rail,VYG:ServiceJourney:815_444395-R,False,planned,False,,,,,2026-09-07T15:44:36.205822+02:00
NSR:StopPlace:610,Sandvika stasjon,2026-09-07T11:55:00+02:00,2026-09-07T11:55:00+02:00,,0.0,0,Dal,VYG:Line:R13,Drammen-Oslo S-Dal,R13,rail,VYG:ServiceJourney:1629_481150-R,False,planned,False,,,,,2026-09-07T15:44:36.205822+02:00
NSR:StopPlace:610,Sandvika stasjon,2026-09-07T12:00:00+02:00,2026-09-07T12:00:00+02:00,,0.0,0,Oslo Lufthavn,FLT:Line:FLY1,FLY1,FLY1,rail,FLT:ServiceJourney:1-2614-3747-20260907,False,planned,False,,,,,2026-09-07T15:44:36.205822+02:00
NSR:StopPlace:610,Sandvika stasjon,2026-09-07T12:01:00+02:00,2026-09-07T12:01:00+02:00,,0.0,0,Spikkestad,VYG:Line:L1,Spikkestad-Oslo S-Lillestrøm,L1,rail,VYG:ServiceJourney:2227_443627-R,False,planned,False,,,,,2026-09-07T15:44:36.205822+02:00
NSR:StopPlace:610,Sandvika stasjon,2026-09-07T12:02:00+02:00,2026-09-07T12:02:00+02:00,,0.0,0,Lillestrøm,VYG:Line:L1,Spikkestad-Oslo S-Lillestrøm,L1,rail,VYG:ServiceJourney:2130_443537-R,False,planned,False,,,,,2026-09-07T15:44:36.205822+02:00
NSR:StopPlace:610,Sandvika stasjon,2026-09-07T12:04:00+02:00,2026-09-07T12:04:00+02:00,,0.0,0,Drammen,VYG:Line:R13,Drammen-Oslo S-Dal,R13,rail,VYG:ServiceJourney:1626_443268-R,False,planned,False,,,,,2026-09-07T15:44:36.205822+02:00
NSR:StopPlace:610,Sandvika stasjon,2026-09-07T12:05:00+02:00,2026-09-07T12:05:00+02:00,,0.0,0,Eidsvoll,VYG:Line:RE11,Eidsvoll-Oslo S-Skien,RE11,rail,VYG:ServiceJourney:814_444394-R,False,planned,False,,,,,2026-09-07T15:44:36.205822+02:00
NSR:StopPlace:610,Sandvika stasjon,2026-09-07T12:14:00+02:00,2026-09-07T12:14:00+02:00,,0.0,0,Asker,VYG:Line:R14,Asker-Oslo S-Kongsvinger,R14,rail,VYG:ServiceJourney:1014_442920-R,False,planned,False,,,,,2026-09-07T15:44:36.205822+02:00
NSR:StopPlace:610,Sandvika stasjon,2026-09-07T12:17:00+02:00,2026-09-07T12:17:00+02:00,,0.0,0,Asker,VYG:Line:L1,Spikkestad-Oslo S-Lillestrøm,L1,rail,VYG:ServiceJourney:2127_443533-R,False,planned,False,,,,,2026-09-07T15:44:36.205822+02:00
NSR:StopPlace:610,Sandvika stasjon,2026-09-07T12:18:00+02:00,2026-09-07T12:18:00+02:00,,0.0,0,Lillestrøm,VYG:Line:L1,Spikkestad-Oslo S-Lillestrøm,L1,rail,VYG:ServiceJourney:2232_445328-R,False,planned,False,,,,,2026-09-07T15:44:36.205822+02:00
NSR:StopPlace:610,Sandvika stasjon,2026-09-07T12:20:00+02:00,2026-09-07T12:20:00+02:00,,0.0,0,Oslo Lufthavn,FLT:Line:FLY1,FLY1,FLY1,rail,FLT:ServiceJourney:1-2614-3749-20260907,False,planned,False,,,,,2026-09-07T15:44:36.205822+02:00
NSR:StopPlace:610,Sandvika stasjon,2026-09-07T12:24:00+02:00,2026-09-07T12:24:00+02:00,,0.0,0,Kongsberg,VYG:Line:R12,Kongsberg-Oslo S-Eidsvoll,R12,rail,VYG:ServiceJourney:515_444314-R,False,planned,False,,,,,2026-09-07T15:44:36.205822+02:00
NSR:StopPlace:610,Sandvika stasjon,2026-09-07T12:25:00+02:00,2026-09-07T12:25:00+02:00,,0.0,0,Dal,VYG:Line:R13,Drammen-Oslo S-Dal,R13,rail,VYG:ServiceJourney:1631_443278-R,False,planned,False,,,,,2026-09-07T15:44:36.205822+02:00
NSR:StopPlace:610,Sandvika stasjon,2026-09-07T12:31:00+02:00,2026-09-07T12:31:00+02:00,,0.0,0,Spikkestad,VYG:Line:L1,Spikkestad-Oslo S-Lillestrøm,L1,rail,VYG:ServiceJourney:2229_443630-R,False,planned,False,,,,,2026-09-07T15:44:36.205822+02:00
NSR:StopPlace:610,Sandvika stasjon,2026-09-07T12:32:00+02:00,2026-09-07T12:32:00+02:00,,0.0,0,Lillestrøm,VYG:Line:L1,Spikkestad-Oslo S-Lillestrøm,L1,rail,VYG:ServiceJourney:2132_443539-R,False,planned,False,Ta neste tog,Ta neste tog.,incident,normal,2026-09-07T15:44:36.205822+02:00
NSR:StopPlace:610,Sandvika stasjon,2026-09-07T12:34:00+02:00,2026-09-07T12:34:00+02:00,,0.0,0,Drammen,VYG:Line:R13,Drammen-Oslo S-Dal,R13,rail,VYG:ServiceJourney:1628_443272-R,False,planned,False,,,,,2026-09-07T15:44:36.205822+02:00
NSR:StopPlace:610,Sandvika stasjon,2026-09-07T12:35:00+02:00,2026-09-07T12:35:00+02:00,,0.0,0,Eidsvoll,VYG:Line:R12,Kongsberg-Oslo S-Eidsvoll,R12,rail,VYG:ServiceJourney:516_481318-R,False,planned,False,,,,,2026-09-07T15:44:36.205822+02:00
NSR:StopPlace:610,Sandvika stasjon,2026-09-07T12:40:00+02:00,2026-09-07T12:40:00+02:00,,0.0,0,Oslo Lufthavn,FLT:Line:FLY1,FLY1,FLY1,rail,FLT:ServiceJourney:1-2614-3751-20260907,False,planned,False,,,,,2026-09-07T15:44:36.205822+02:00
NSR:StopPlace:610,Sandvika stasjon,2026-09-07T12:44:00+02:00,2026-09-07T12:44:00+02:00,,0.0,0,Drammen,VYG:Line:RE10,Drammen-Oslo S-Lillehammer,RE10,rail,VYG:ServiceJourney:314-LHM_444167-R,False,planned,False,,,,,2026-09-07T15:44:36.205822+02:00
NSR:StopPlace:610,Sandvika stasjon,2026-09-07T12:45:00+02:00,2026-09-07T12:45:00+02:00,,0.0,0,Kongsvinger,VYG:Line:R14,Asker-Oslo S-Kongsvinger,R14,rail,VYG:ServiceJourney:1017_442923-R,False,planned,False,,,,,2026-09-07T15:44:36.205822+02:00
NSR:StopPlace:610,Sandvika stasjon,2026-09-07T12:47:00+02:00,2026-09-07T12:47:00+02:00,,0.0,0,Asker,VYG:Line:L1,Spikkestad-Oslo S-Lillestrøm,L1,rail,VYG:ServiceJourney:2129_443535-R,False,planned,False,,,,,2026-09-07T15:44:36.205822+02:00
NSR:StopPlace:610,Sandvika stasjon,2026-09-07T12:48:00+02:00,2026-09-07T12:48:00+02:00,,0.0,0,Lillestrøm,VYG:Line:L1,Spikkestad-Oslo S-Lillestrøm,L1,rail,VYG:ServiceJourney:2234_443640-R,False,planned,False,,,,,2026-09-07T15:44:36.205822+02:00
NSR:StopPlace:610,Sandvika stasjon,2026-09-07T12:55:00+02:00,2026-09-07T12:55:00+02:00,,0.0,0,Dal,VYG:Line:R13,Drammen-Oslo S-Dal,R13,rail,VYG:ServiceJourney:1633_443282-R,False,planned,False,Forsinket,Toget kjørte 10 minutter forsinket fra Drammen. Dette skyldes en tidligere stans.,incident,normal,2026-09-07T15:44:36.205822+02:00
NSR:StopPlace:610,Sandvika stasjon,2026-09-07T13:00:00+02:00,2026-09-07T13:00:00+02:00,,0.0,0,Oslo Lufthavn,FLT:Line:FLY1,FLY1,FLY1,rail,FLT:ServiceJourney:1-2614-3753-20260907,False,planned,False,,,,,2026-09-07T15:44:36.205822+02:00
NSR:StopPlace:610,Sandvika stasjon,2026-09-07T13:01:00+02:00,2026-09-07T13:01:00+02:00,,0.0,0,Spikkestad,VYG:Line:L1,Spikkestad-Oslo S-Lillestrøm,L1,rail,VYG:ServiceJourney:2231_443635-R,False,planned,False,,,,,2026-09-07T15:44:36.205822+02:00
NSR:StopPlace:610,Sandvika stasjon,2026-09-07T13:02:00+02:00,2026-09-07T13:02:00+02:00,,0.0,0,Lillestrøm,VYG:Line:L1,Spikkestad-Oslo S-Lillestrøm,L1,rail,VYG:ServiceJourney:2134_443541-R,False,planned,False,,,,,2026-09-07T15:44:36.205822+02:00
NSR:StopPlace:610,Sandvika stasjon,2026-09-07T13:04:00+02:00,2026-09-07T13:04:00+02:00,,0.0,0,Drammen,VYG:Line:R13,Drammen-Oslo S-Dal,R13,rail,VYG:ServiceJourney:1630_443277-R,False,planned,False,,,,,2026-09-07T15:44:36.205822+02:00
NSR:StopPlace:610,Sandvika stasjon,2026-09-07T13:05:00+02:00,2026-09-07T13:05:00+02:00,,0.0,0,Eidsvoll,VYG:Line:RE11,Eidsvoll-Oslo S-Skien,RE11,rail,VYG:ServiceJourney:816_444396-R,False,planned,False,,,,,2026-09-07T15:44:36.205822+02:00
NSR:StopPlace:610,Sandvika stasjon,2026-09-07T13:14:00+02:00,2026-09-07T13:14:00+02:00,,0.0,0,Asker,VYG:Line:R14,Asker-Oslo S-Kongsvinger,R14,rail,VYG:ServiceJourney:1016_442922-R,False,planned,False,,,,,2026-09-07T15:44:36.205822+02:00
NSR:StopPlace:610,Sandvika stasjon,2026-09-07T13:17:00+02:00,2026-09-07T13:17:00+02:00,,0.0,0,Asker,VYG:Line:L1,Spikkestad-Oslo S-Lillestrøm,L1,rail,VYG:ServiceJourney:2131_443538-R,False,planned,False,,,,,2026-09-07T15:44:36.205822+02:00
NSR:StopPlace:610,Sandvika stasjon,2026-09-07T13:18:00+02:00,2026-09-07T13:18:00+02:00,,0.0,0,Lillestrøm,VYG:Line:L1,Spikkestad-Oslo S-Lillestrøm,L1,rail,VYG:ServiceJourney:2236_443643-R,False,planned,False,,,,,2026-09-07T15:44:36.205822+02:00
NSR:StopPlace:610,Sandvika stasjon,2026-09-07T13:20:00+02:00,2026-09-07T13:20:00+02:00,,0.0,0,Oslo Lufthavn,FLT:Line:FLY1,FLY1,FLY1,rail,FLT:ServiceJourney:1-2614-3755-20260907,False,planned,False,,,,,2026-09-07T15:44:36.205822+02:00
NSR:StopPlace:610,Sandvika stasjon,2026-09-07T13:24:00+02:00,2026-09-07T13:24:00+02:00,,0.0,0,Kongsberg,VYG:Line:R12,Kongsberg-Oslo S-Eidsvoll,R12,rail,VYG:ServiceJourney:517_444316-R,False,planned,False,,,,,2026-09-07T15:44:36.205822+02:00
NSR:StopPlace:610,Sandvika stasjon,2026-09-07T13:31:00+02:00,2026-09-07T13:31:00+02:00,,0.0,0,Spikkestad,VYG:Line:L1,Spikkestad-Oslo S-Lillestrøm,L1,rail,VYG:ServiceJourney:2233_443638-R,False,planned,False,,,,,2026-09-07T15:44:36.205822+02:00
NSR:StopPlace:610,Sandvika stasjon,2026-09-07T13:32:00+02:00,2026-09-07T13:32:00+02:00,,0.0,0,Lillestrøm,VYG:Line:L1,Spikkestad-Oslo S-Lillestrøm,L1,rail,VYG:ServiceJourney:2136_443543-R,False,planned,False,,,,,2026-09-07T15:44:36.205822+02:00
NSR:StopPlace:610,Sandvika stasjon,2026-09-07T13:34:00+02:00,2026-09-07T13:34:00+02:00,,0.0,0,Drammen,VYG:Line:R13,Drammen-Oslo S-Dal,R13,rail,VYG:ServiceJourney:1632_443281-R,False,planned,False,,,,,2026-09-07T15:44:36.205822+02:00
NSR:StopPlace:610,Sandvika stasjon,2026-09-07T13:35:00+02:00,2026-09-07T13:35:00+02:00,,0.0,0,Eidsvoll,VYG:Line:R12,Kongsberg-Oslo S-Eidsvoll,R12,rail,VYG:ServiceJourney:518_444318-R,False,planned,False,,,,,2026-09-07T15:44:36.205822+02:00
NSR:StopPlace:610,Sandvika stasjon,2026-09-07T13:40:00+02:00,2026-09-07T13:40:00+02:00,,0.0,0,Oslo Lufthavn,FLT:Line:FLY1,FLY1,FLY1,rail,FLT:ServiceJourney:1-2614-3757-20260907,False,planned,False,,,,,2026-09-07T15:44:36.205822+02:00
NSR:StopPlace:610,Sandvika stasjon,2026-09-07T13:44:00+02:00,2026-09-07T13:44:00+02:00,,0.0,0,Drammen,VYG:Line:RE10,Drammen-Oslo S-Lillehammer,RE10,rail,VYG:ServiceJourney:316-LHM_465125-R,False,planned,False,,,,,2026-09-07T15:44:36.205822+02:00
NSR:StopPlace:610,Sandvika stasjon,2026-09-07T13:47:00+02:00,2026-09-07T13:47:00+02:00,,0.0,0,Asker,VYG:Line:L1,Spikkestad-Oslo S-Lillestrøm,L1,rail,VYG:ServiceJourney:2133_443540-R,False,planned,False,,,,,2026-09-07T15:44:36.205822+02:00
NSR:StopPlace:62094,Lindeberg stasjon,2026-09-07T11:48:00+02:00,2026-09-07T11:48:00+02:00,,0.0,0,Drammen,VYG:Line:R13,Drammen-Oslo S-Dal,R13,rail,VYG:ServiceJourney:1628_443272-R,False,planned,False,,,,,2026-09-07T15:44:36.205822+02:00
NSR:StopPlace:62094,Lindeberg stasjon,2026-09-07T12:07:00+02:00,2026-09-07T12:07:00+02:00,,0.0,0,Dal,VYG:Line:R13,Drammen-Oslo S-Dal,R13,rail,VYG:ServiceJourney:1627_481148-R,False,planned,False,,,,,2026-09-07T15:44:36.205822+02:00
NSR:StopPlace:62094,Lindeberg stasjon,2026-09-07T12:18:00+02:00,2026-09-07T12:18:00+02:00,,0.0,0,Drammen,VYG:Line:R13,Drammen-Oslo S-Dal,R13,rail,VYG:ServiceJourney:1630_443277-R,False,planned,False,,,,,2026-09-07T15:44:36.205822+02:00
NSR:StopPlace:62094,Lindeberg stasjon,2026-09-07T12:37:00+02:00,2026-09-07T12:37:00+02:00,,0.0,0,Dal,VYG:Line:R13,Drammen-Oslo S-Dal,R13,rail,VYG:ServiceJourney:1629_481150-R,False,planned,False,,,,,2026-09-07T15:44:36.205822+02:00
NSR:StopPlace:62094,Lindeberg stasjon,2026-09-07T12:48:00+02:00,2026-09-07T12:48:00+02:00,,0.0,0,Drammen,VYG:Line:R13,Drammen-Oslo S-Dal,R13,rail,VYG:ServiceJourney:1632_443281-R,False,planned,False,,,,,2026-09-07T15:44:36.205822+02:00
NSR:StopPlace:62094,Lindeberg stasjon,2026-09-07T13:10:00+02:00,2026-09-07T13:10:00+02:00,,0.0,0,Dal,VYG:Line:R13,Drammen-Oslo S-Dal,R13,rail,VYG:ServiceJourney:1631_443278-R,False,planned,False,,,,,2026-09-07T15:44:36.205822+02:00
NSR:StopPlace:62094,Lindeberg stasjon,2026-09-07T13:37:00+02:00,2026-09-07T13:37:00+02:00,,0.0,0,Dal,VYG:Line:R13,Drammen-Oslo S-Dal,R13,rail,VYG:ServiceJourney:1633_443282-R,False,planned,False,Forsinket,Toget kjørte 10 minutter forsinket fra Drammen. Dette skyldes en tidligere stans.,incident,normal,2026-09-07T15:44:36.205822+02:00
NSR:StopPlace:62309,Ljan stasjon,2026-09-07T11:50:00+02:00,2026-09-07T11:50:00+02:00,,0.0,0,Oslo S,VYG:Line:L2,Stabekk-Oslo S-Ski,L2,rail,VYG:ServiceJourney:2830_444050-R,False,planned,False,,,,,2026-09-07T15:44:36.205822+02:00
NSR:StopPlace:62309,Ljan stasjon,2026-09-07T11:54:00+02:00,2026-09-07T11:54:00+02:00,,0.0,0,Ski,VYG:Line:L2,Stabekk-Oslo S-Ski,L2,rail,VYG:ServiceJourney:2727-HVK_443934-R,False,planned,False,,,,,2026-09-07T15:44:36.205822+02:00
NSR:StopPlace:62309,Ljan stasjon,2026-09-07T12:05:00+02:00,2026-09-07T12:05:00+02:00,,0.0,0,Stabekk,VYG:Line:L2,Stabekk-Oslo S-Ski,L2,rail,VYG:ServiceJourney:2732-SKI_443940-R,False,planned,False,,,,,2026-09-07T15:44:36.205822+02:00
NSR:StopPlace:62309,Ljan stasjon,2026-09-07T12:09:00+02:00,2026-09-07T12:09:00+02:00,,0.0,0,Ski,VYG:Line:L2,Stabekk-Oslo S-Ski,L2,rail,VYG:ServiceJourney:2827-BES_488369-R,False,planned,False,,,,,2026-09-07T15:44:36.205822+02:00
NSR:StopPlace:62309,Ljan stasjon,2026-09-07T12:20:00+02:00,2026-09-07T12:20:00+02:00,,0.0,0,Skøyen,VYG:Line:L2,Stabekk-Oslo S-Ski,L2,rail,VYG:ServiceJourney:2832-SKI_488375-R,False,planned,False,,,,,2026-09-07T15:44:36.205822+02:00
NSR:StopPlace:62309,Ljan stasjon,2026-09-07T12:24:00+02:00,2026-09-07T12:24:00+02:00,,0.0,0,Ski,VYG:Line:L2,Stabekk-Oslo S-Ski,L2,rail,VYG:ServiceJourney:2729-HVK_443936-R,False,planned,False,,,,,2026-09-07T15:44:36.205822+02:00
NSR:StopPlace:62309,Ljan stasjon,2026-09-07T12:35:00+02:00,2026-09-07T12:35:00+02:00,,0.0,0,Stabekk,VYG:Line:L2,Stabekk-Oslo S-Ski,L2,rail,VYG:ServiceJourney:2734-SKI_443942-R,False,planned,False,,,,,2026-09-07T15:44:36.205822+02:00
NSR:StopPlace:62309,Ljan stasjon,2026-09-07T12:39:00+02:00,2026-09-07T12:39:00+02:00,,0.0,0,Ski,VYG:Line:L2,Stabekk-Oslo S-Ski,L2,rail,VYG:ServiceJourney:2829_444047-R,False,planned,False,,,,,2026-09-07T15:44:36.205822+02:00
NSR:StopPlace:62309,Ljan stasjon,2026-09-07T12:50:00+02:00,2026-09-07T12:50:00+02:00,,0.0,0,Oslo S,VYG:Line:L2,Stabekk-Oslo S-Ski,L2,rail,VYG:ServiceJourney:2834_444058-R,False,planned,False,,,,,2026-09-07T15:44:36.205822+02:00
NSR:StopPlace:62309,Ljan stasjon,2026-09-07T12:54:00+02:00,2026-09-07T12:54:00+02:00,,0.0,0,Ski,VYG:Line:L2,Stabekk-Oslo S-Ski,L2,rail,VYG:ServiceJourney:2731-HVK_443939-R,False,planned,False,,,,,2026-09-07T15:44:36.205822+02:00
NSR:StopPlace:62309,Ljan stasjon,2026-09-07T13:05:00+02:00,2026-09-07T13:05:00+02:00,,0.0,0,Stabekk,VYG:Line:L2,Stabekk-Oslo S-Ski,L2,rail,VYG:ServiceJourney:2736-SKI_443944-R,False,planned,False,,,,,2026-09-07T15:44:36.205822+02:00
NSR:StopPlace:62309,Ljan stasjon,2026-09-07T13:09:00+02:00,2026-09-07T13:09:00+02:00,,0.0,0,Ski,VYG:Line:L2,Stabekk-Oslo S-Ski,L2,rail,VYG:ServiceJourney:2831-BES_488373-R,False,planned,False,,,,,2026-09-07T15:44:36.205822+02:00
NSR:StopPlace:62309,Ljan stasjon,2026-09-07T13:20:00+02:00,2026-09-07T13:20:00+02:00,,0.0,0,Skøyen,VYG:Line:L2,Stabekk-Oslo S-Ski,L2,rail,VYG:ServiceJourney:2836-SKI_488379-R,False,planned,False,,,,,2026-09-07T15:44:36.205822+02:00
NSR:StopPlace:62309,Ljan stasjon,2026-09-07T13:24:00+02:00,2026-09-07T13:24:00+02:00,,0.0,0,Ski,VYG:Line:L2,Stabekk-Oslo S-Ski,L2,rail,VYG:ServiceJourney:2733-HVK_443941-R,False,planned,False,,,,,2026-09-07T15:44:36.205822+02:00
NSR:StopPlace:62309,Ljan stasjon,2026-09-07T13:35:00+02:00,2026-09-07T13:35:00+02:00,,0.0,0,Stabekk,VYG:Line:L2,Stabekk-Oslo S-Ski,L2,rail,VYG:ServiceJourney:2738-SKI_443946-R,False,planned,False,,,,,2026-09-07T15:44:36.205822+02:00
NSR:StopPlace:62309,Ljan stasjon,2026-09-07T13:39:00+02:00,2026-09-07T13:39:00+02:00,,0.0,0,Ski,VYG:Line:L2,Stabekk-Oslo S-Ski,L2,rail,VYG:ServiceJourney:2833_444056-R,False,planned,False,Færre vogner,Denne avgangen kjører dessverre med 3 vogner i stedet for 6 vogner. Dette skyldes at vi mangler et togsett.,general,normal,2026-09-07T15:44:36.205822+02:00
NSR:StopPlace:62309,Ljan stasjon,2026-09-07T13:50:00+02:00,2026-09-07T13:50:00+02:00,,0.0,0,Oslo S,VYG:Line:L2,Stabekk-Oslo S-Ski,L2,rail,VYG:ServiceJourney:2838_444066-R,False,planned,False,,,,,2026-09-07T15:44:36.205822+02:00
NSR:StopPlace:62309,Ljan stasjon,2026-09-07T13:54:00+02:00,2026-09-07T13:54:00+02:00,,0.0,0,Ski,VYG:Line:L2,Stabekk-Oslo S-Ski,L2,rail,VYG:ServiceJourney:2735-HVK_443943-R,False,planned,False,,,,,2026-09-07T15:44:36.205822+02:00
NSR:StopPlace:62309,Ljan stasjon,2026-09-07T14:05:00+02:00,2026-09-07T14:05:00+02:00,,0.0,0,Stabekk,VYG:Line:L2,Stabekk-Oslo S-Ski,L2,rail,VYG:ServiceJourney:2740-SKI_443950-R,False,planned,False,Færre vogner,Denne avgangen kjører dessverre med 3 vogner i stedet for 6 vogner. Dette skyldes at vi mangler et togsett.,general,normal,2026-09-07T15:44:36.205822+02:00
NSR:StopPlace:62309,Ljan stasjon,2026-09-07T14:09:00+02:00,2026-09-07T14:09:00+02:00,,0.0,0,Ski,VYG:Line:L2,Stabekk-Oslo S-Ski,L2,rail,VYG:ServiceJourney:2835-BES_488377-R,False,planned,False,,,,,2026-09-07T15:44:36.205822+02:00
NSR:StopPlace:62309,Ljan stasjon,2026-09-07T14:24:00+02:00,2026-09-07T14:24:00+02:00,,0.0,0,Ski,VYG:Line:L2,Stabekk-Oslo S-Ski,L2,rail,VYG:ServiceJourney:2737-HVK_443945-R,False,planned,False,,,,,2026-09-07T15:44:36.205822+02:00
NSR:StopPlace:62308,Alna stasjon,2026-09-07T11:47:00+02:00,2026-09-07T11:47:00+02:00,,0.0,0,Asker,VYG:Line:L1,Spikkestad-Oslo S-Lillestrøm,L1,rail,VYG:ServiceJourney:2127_443533-R,False,planned,False,,,,,2026-09-07T15:44:36.205822+02:00
NSR:StopPlace:62308,Alna stasjon,2026-09-07T11:48:00+02:00,2026-09-07T11:48:00+02:00,,0.0,0,Lillestrøm,VYG:Line:L1,Spikkestad-Oslo S-Lillestrøm,L1,rail,VYG:ServiceJourney:2228_445323-R,False,planned,False,,,,,2026-09-07T15:44:36.205822+02:00
NSR:StopPlace:62308,Alna stasjon,2026-09-07T12:02:00+02:00,2026-09-07T12:02:00+02:00,,0.0,0,Spikkestad,VYG:Line:L1,Spikkestad-Oslo S-Lillestrøm,L1,rail,VYG:ServiceJourney:2229_443630-R,False,planned,False,,,,,2026-09-07T15:44:36.205822+02:00
NSR:StopPlace:62308,Alna stasjon,2026-09-07T12:03:00+02:00,2026-09-07T12:03:00+02:00,,0.0,0,Lillestrøm,VYG:Line:L1,Spikkestad-Oslo S-Lillestrøm,L1,rail,VYG:ServiceJourney:2128_443534-R,False,planned,False,,,,,2026-09-07T15:44:36.205822+02:00
NSR:StopPlace:62308,Alna stasjon,2026-09-07T12:17:00+02:00,2026-09-07T12:17:00+02:00,,0.0,0,Asker,VYG:Line:L1,Spikkestad-Oslo S-Lillestrøm,L1,rail,VYG:ServiceJourney:2129_443535-R,False,planned,False,,,,,2026-09-07T15:44:36.205822+02:00
NSR:StopPlace:62308,Alna stasjon,2026-09-07T12:18:00+02:00,2026-09-07T12:18:00+02:00,,0.0,0,Lillestrøm,VYG:Line:L1,Spikkestad-Oslo S-Lillestrøm,L1,rail,VYG:ServiceJourney:2230_443633-R,False,planned,False,,,,,2026-09-07T15:44:36.205822+02:00
NSR:StopPlace:62308,Alna stasjon,2026-09-07T12:32:00+02:00,2026-09-07T12:32:00+02:00,,0.0,0,Spikkestad,VYG:Line:L1,Spikkestad-Oslo S-Lillestrøm,L1,rail,VYG:ServiceJourney:2231_443635-R,False,planned,False,,,,,2026-09-07T15:44:36.205822+02:00
NSR:StopPlace:62308,Alna stasjon,2026-09-07T12:33:00+02:00,2026-09-07T12:33:00+02:00,,0.0,0,Lillestrøm,VYG:Line:L1,Spikkestad-Oslo S-Lillestrøm,L1,rail,VYG:ServiceJourney:2130_443537-R,False,planned,False,,,,,2026-09-07T15:44:36.205822+02:00
NSR:StopPlace:62308,Alna stasjon,2026-09-07T12:47:00+02:00,2026-09-07T12:47:00+02:00,,0.0,0,Asker,VYG:Line:L1,Spikkestad-Oslo S-Lillestrøm,L1,rail,VYG:ServiceJourney:2131_443538-R,False,planned,False,,,,,2026-09-07T15:44:36.205822+02:00
NSR:StopPlace:62308,Alna stasjon,2026-09-07T12:48:00+02:00,2026-09-07T12:48:00+02:00,,0.0,0,Lillestrøm,VYG:Line:L1,Spikkestad-Oslo S-Lillestrøm,L1,rail,VYG:ServiceJourney:2232_445328-R,False,planned,False,,,,,2026-09-07T15:44:36.205822+02:00
NSR:StopPlace:62308,Alna stasjon,2026-09-07T13:02:00+02:00,2026-09-07T13:02:00+02:00,,0.0,0,Spikkestad,VYG:Line:L1,Spikkestad-Oslo S-Lillestrøm,L1,rail,VYG:ServiceJourney:2233_443638-R,False,planned,False,,,,,2026-09-07T15:44:36.205822+02:00
NSR:StopPlace:62308,Alna stasjon,2026-09-07T13:03:00+02:00,2026-09-07T13:03:00+02:00,,0.0,0,Lillestrøm,VYG:Line:L1,Spikkestad-Oslo S-Lillestrøm,L1,rail,VYG:ServiceJourney:2132_443539-R,False,planned,False,Ta neste tog,Ta neste tog.,incident,normal,2026-09-07T15:44:36.205822+02:00
NSR:StopPlace:62308,Alna stasjon,2026-09-07T13:17:00+02:00,2026-09-07T13:17:00+02:00,,0.0,0,Asker,VYG:Line:L1,Spikkestad-Oslo S-Lillestrøm,L1,rail,VYG:ServiceJourney:2133_443540-R,False,planned,False,,,,,2026-09-07T15:44:36.205822+02:00
NSR:StopPlace:62308,Alna stasjon,2026-09-07T13:18:00+02:00,2026-09-07T13:18:00+02:00,,0.0,0,Lillestrøm,VYG:Line:L1,Spikkestad-Oslo S-Lillestrøm,L1,rail,VYG:ServiceJourney:2234_443640-R,False,planned,False,,,,,2026-09-07T15:44:36.205822+02:00
NSR:StopPlace:62308,Alna stasjon,2026-09-07T13:32:00+02:00,2026-09-07T13:32:00+02:00,,0.0,0,Spikkestad,VYG:Line:L1,Spikkestad-Oslo S-Lillestrøm,L1,rail,VYG:ServiceJourney:2235_443641-R,False,planned,False,,,,,2026-09-07T15:44:36.205822+02:00
NSR:StopPlace:62308,Alna stasjon,2026-09-07T13:33:00+02:00,2026-09-07T13:33:00+02:00,,0.0,0,Lillestrøm,VYG:Line:L1,Spikkestad-Oslo S-Lillestrøm,L1,rail,VYG:ServiceJourney:2134_443541-R,False,planned,False,,,,,2026-09-07T15:44:36.205822+02:00
NSR:StopPlace:62308,Alna stasjon,2026-09-07T13:47:00+02:00,2026-09-07T13:47:00+02:00,,0.0,0,Asker,VYG:Line:L1,Spikkestad-Oslo S-Lillestrøm,L1,rail,VYG:ServiceJourney:2135_443542-R,False,planned,False,,,,,2026-09-07T15:44:36.205822+02:00
NSR:StopPlace:62308,Alna stasjon,2026-09-07T13:48:00+02:00,2026-09-07T13:48:00+02:00,,0.0,0,Lillestrøm,VYG:Line:L1,Spikkestad-Oslo S-Lillestrøm,L1,rail,VYG:ServiceJourney:2236_443643-R,False,planned,False,,,,,2026-09-07T15:44:36.205822+02:00
NSR:StopPlace:62308,Alna stasjon,2026-09-07T14:03:00+02:00,2026-09-07T14:03:00+02:00,,0.0,0,Lillestrøm,VYG:Line:L1,Spikkestad-Oslo S-Lillestrøm,L1,rail,VYG:ServiceJourney:2136_443543-R,False,planned,False,,,,,2026-09-07T15:44:36.205822+02:00
NSR:StopPlace:62311,Vigrestad stasjon,2026-09-07T12:42:00+02:00,2026-09-07T12:42:00+02:00,,0.0,0,Egersund,GOA:Line:59,Jærbanen,L5,rail,GOA:ServiceJourney:3032_63069-R,False,planned,False,,,,,2026-09-07T15:44:36.205822+02:00
NSR:StopPlace:62311,Vigrestad stasjon,2026-09-07T12:42:00+02:00,2026-09-07T12:42:00+02:00,,0.0,0,Stavanger,GOA:Line:59,Jærbanen,L5,rail,GOA:ServiceJourney:3033_63070-R,False,planned,False,,,,,2026-09-07T15:44:36.205822+02:00
NSR:StopPlace:62311,Vigrestad stasjon,2026-09-07T13:41:00+02:00,2026-09-07T13:41:00+02:00,,0.0,0,Stavanger,GOA:Line:59,Jærbanen,L5,rail,GOA:ServiceJourney:3037_63074-R,False,planned,False,,,,,2026-09-07T15:44:36.205822+02:00
NSR:StopPlace:62311,Vigrestad stasjon,2026-09-07T13:42:00+02:00,2026-09-07T13:42:00+02:00,,0.0,0,Egersund,GOA:Line:59,Jærbanen,L5,rail,GOA:ServiceJourney:3036_63073-R,False,planned,False,,,,,2026-09-07T15:44:36.205822+02:00
NSR:StopPlace:62311,Vigrestad stasjon,2026-09-07T14:13:00+02:00,2026-09-07T14:13:00+02:00,,0.0,0,Egersund,GOA:Line:59,Jærbanen,L5,rail,GOA:ServiceJourney:3038_63076-R,False,planned,False,,,,,2026-09-07T15:44:36.205822+02:00
NSR:StopPlace:62311,Vigrestad stasjon,2026-09-07T16:14:00+02:00,2026-09-07T16:14:00+02:00,,0.0,0,Stavanger,GOA:Line:59,Jærbanen,L5,rail,GOA:ServiceJourney:3047_63092-R,False,planned,False,,,,,2026-09-07T15:44:36.205822+02:00
NSR:StopPlace:62310,Brusand stasjon,2026-09-07T11:48:00+02:00,2026-09-07T11:48:00+02:00,,0.0,0,Egersund,GOA:Line:59,Jærbanen,L5,rail,GOA:ServiceJourney:3028_63064-R,False,planned,False,,,,,2026-09-07T15:44:36.205822+02:00
NSR:StopPlace:62310,Brusand stasjon,2026-09-07T12:35:00+02:00,2026-09-07T12:35:00+02:00,,0.0,0,Stavanger,GOA:Line:59,Jærbanen,L5,rail,GOA:ServiceJourney:3033_63070-R,False,planned,False,,,,,2026-09-07T15:44:36.205822+02:00
NSR:StopPlace:62310,Brusand stasjon,2026-09-07T12:46:00+02:00,2026-09-07T12:46:00+02:00,,0.0,0,Egersund,GOA:Line:59,Jærbanen,L5,rail,GOA:ServiceJourney:3032_63069-R,False,planned,False,,,,,2026-09-07T15:44:36.205822+02:00
NSR:StopPlace:62310,Brusand stasjon,2026-09-07T13:33:00+02:00,2026-09-07T13:33:00+02:00,,0.0,0,Stavanger,GOA:Line:59,Jærbanen,L5,rail,GOA:ServiceJourney:3037_63074-R,False,planned,False,,,,,2026-09-07T15:44:36.205822+02:00
NSR:StopPlace:62310,Brusand stasjon,2026-09-07T13:46:00+02:00,2026-09-07T13:46:00+02:00,,0.0,0,Egersund,GOA:Line:59,Jærbanen,L5,rail,GOA:ServiceJourney:3036_63073-R,False,planned,False,,,,,2026-09-07T15:44:36.205822+02:00
NSR:StopPlace:62310,Brusand stasjon,2026-09-07T14:17:00+02:00,2026-09-07T14:17:00+02:00,,0.0,0,Egersund,GOA:Line:59,Jærbanen,L5,rail,GOA:ServiceJourney:3038_63076-R,False,planned,False,,,,,2026-09-07T15:44:36.205822+02:00
NSR:StopPlace:62310,Brusand stasjon,2026-09-07T16:10:00+02:00,2026-09-07T16:10:00+02:00,,0.0,0,Stavanger,GOA:Line:59,Jærbanen,L5,rail,GOA:ServiceJourney:3047_63092-R,False,planned,False,,,,,2026-09-07T15:44:36.205822+02:00
NSR:StopPlace:62339,Lillestrøm stasjon,2026-09-07T11:45:00+02:00,2026-09-07T11:45:00+02:00,,0.0,0,Lillehammer,VYG:Line:RE10,Drammen-Oslo S-Lillehammer,RE10,rail,VYG:ServiceJourney:315-SUD_444173-R,False,planned,False,Heis i spor 1 og 2 er ute av bruk på grunn av vedlikehold.,Heis i spor 1 og 2 er ute av bruk på grunn av vedlikehold.,general,normal,2026-09-07T15:44:36.205822+02:00
NSR:StopPlace:62339,Lillestrøm stasjon,2026-09-07T11:46:00+02:00,2026-09-07T11:46:00+02:00,,0.0,0,Asker,VYG:Line:R14,Asker-Oslo S-Kongsvinger,R14,rail,VYG:ServiceJourney:1014_442920-R,False,planned,False,Heis i spor 1 og 2 er ute av bruk på grunn av vedlikehold.,Heis i spor 1 og 2 er ute av bruk på grunn av vedlikehold.,general,normal,2026-09-07T15:44:36.205822+02:00
NSR:StopPlace:62339,Lillestrøm stasjon,2026-09-07T11:50:00+02:00,2026-09-07T11:50:00+02:00,,0.0,0,Oslo Lufthavn,FLT:Line:FLY1,FLY1,FLY1,rail,FLT:ServiceJourney:1-2614-3743-20260907,False,planned,False,Heis i spor 1 og 2 er ute av bruk på grunn av vedlikehold.,Heis i spor 1 og 2 er ute av bruk på grunn av vedlikehold.,general,normal,2026-09-07T15:44:36.205822+02:00
NSR:StopPlace:62339,Lillestrøm stasjon,2026-09-07T11:55:00+02:00,2026-09-07T11:55:00+02:00,,0.0,0,Asker,VYG:Line:L1,Spikkestad-Oslo S-Lillestrøm,L1,rail,VYG:ServiceJourney:2129_443535-R,False,planned,False,Heis i spor 1 og 2 er ute av bruk på grunn av vedlikehold.,Heis i spor 1 og 2 er ute av bruk på grunn av vedlikehold.,general,normal,2026-09-07T15:44:36.205822+02:00
NSR:StopPlace:62339,Lillestrøm stasjon,2026-09-07T11:55:00+02:00,2026-09-07T11:55:00+02:00,,0.0,0,Dal,VYG:Line:R13,Drammen-Oslo S-Dal,R13,rail,VYG:ServiceJourney:1627_481148-R,False,planned,False,Heis i spor 1 og 2 er ute av bruk på grunn av vedlikehold.,Heis i spor 1 og 2 er ute av bruk på grunn av vedlikehold.,general,normal,2026-09-07T15:44:36.205822+02:00
NSR:StopPlace:62339,Lillestrøm stasjon,2026-09-07T11:56:00+02:00,2026-09-07T11:56:00+02:00,,0.0,0,Kongsberg,VYG:Line:R12,Kongsberg-Oslo S-Eidsvoll,R12,rail,VYG:ServiceJourney:515_444314-R,False,planned,False,Heis i spor 1 og 2 er ute av bruk på grunn av vedlikehold.,Heis i spor 1 og 2 er ute av bruk på grunn av vedlikehold.,general,normal,2026-09-07T15:44:36.205822+02:00
NSR:StopPlace:62339,Lillestrøm stasjon,2026-09-07T12:05:00+02:00,2026-09-07T12:05:00+02:00,,0.0,0,Eidsvoll,VYG:Line:R12,Kongsberg-Oslo S-Eidsvoll,R12,rail,VYG:ServiceJourney:514_444312-R,False,planned,False,Heis i spor 1 og 2 er ute av bruk på grunn av vedlikehold.,Heis i spor 1 og 2 er ute av bruk på grunn av vedlikehold.,general,normal,2026-09-07T15:44:36.205822+02:00
NSR:StopPlace:62339,Lillestrøm stasjon,2026-09-07T12:06:00+02:00,2026-09-07T12:06:00+02:00,,0.0,0,Drammen,VYG:Line:R13,Drammen-Oslo S-Dal,R13,rail,VYG:ServiceJourney:1628_443272-R,False,planned,False,Heis i spor 1 og 2 er ute av bruk på grunn av vedlikehold.,Heis i spor 1 og 2 er ute av bruk på grunn av vedlikehold.,general,normal,2026-09-07T15:44:36.205822+02:00
NSR:StopPlace:62339,Lillestrøm stasjon,2026-09-07T12:10:00+02:00,2026-09-07T12:10:00+02:00,,0.0,0,Oslo Lufthavn,FLT:Line:FLY1,FLY1,FLY1,rail,FLT:ServiceJourney:1-2614-3745-20260907,False,planned,False,Heis i spor 1 og 2 er ute av bruk på grunn av vedlikehold.,Heis i spor 1 og 2 er ute av bruk på grunn av vedlikehold.,general,normal,2026-09-07T15:44:36.205822+02:00
NSR:StopPlace:62339,Lillestrøm stasjon,2026-09-07T12:10:00+02:00,2026-09-07T12:10:00+02:00,,0.0,0,Spikkestad,VYG:Line:L1,Spikkestad-Oslo S-Lillestrøm,L1,rail,VYG:ServiceJourney:2231_443635-R,False,planned,False,Heis i spor 1 og 2 er ute av bruk på grunn av vedlikehold.,Heis i spor 1 og 2 er ute av bruk på grunn av vedlikehold.,general,normal,2026-09-07T15:44:36.205822+02:00
NSR:StopPlace:62339,Lillestrøm stasjon,2026-09-07T12:15:00+02:00,2026-09-07T12:15:00+02:00,,0.0,0,Kongsvinger,VYG:Line:R14,Asker-Oslo S-Kongsvinger,R14,rail,VYG:ServiceJourney:1015_442921-R,False,planned,False,Heis i spor 1 og 2 er ute av bruk på grunn av vedlikehold.,Heis i spor 1 og 2 er ute av bruk på grunn av vedlikehold.,general,normal,2026-09-07T15:44:36.205822+02:00
NSR:StopPlace:62339,Lillestrøm stasjon,2026-09-07T12:16:00+02:00,2026-09-07T12:16:00+02:00,,0.0,0,Drammen,VYG:Line:RE10,Drammen-Oslo S-Lillehammer,RE10,rail,VYG:ServiceJourney:314-LHM_444167-R,False,planned,False,Heis i spor 1 og 2 er ute av bruk på grunn av vedlikehold.,Heis i spor 1 og 2 er ute av bruk på grunn av vedlikehold.,general,normal,2026-09-07T15:44:36.205822+02:00
NSR:StopPlace:62339,Lillestrøm stasjon,2026-09-07T12:25:00+02:00,2026-09-07T12:25:00+02:00,,0.0,0,Asker,VYG:Line:L1,Spikkestad-Oslo S-Lillestrøm,L1,rail,VYG:ServiceJourney:2131_443538-R,False,planned,False,Heis i spor 1 og 2 er ute av bruk på grunn av vedlikehold.,Heis i spor 1 og 2 er ute av bruk på grunn av vedlikehold.,general,normal,2026-09-07T15:44:36.205822+02:00
NSR:StopPlace:62339,Lillestrøm stasjon,2026-09-07T12:25:00+02:00,2026-09-07T12:25:00+02:00,,0.0,0,Dal,VYG:Line:R13,Drammen-Oslo S-Dal,R13,rail,VYG:ServiceJourney:1629_481150-R,False,planned,False,Heis i spor 1 og 2 er ute av bruk på grunn av vedlikehold.,Heis i spor 1 og 2 er ute av bruk på grunn av vedlikehold.,general,normal,2026-09-07T15:44:36.205822+02:00
NSR:StopPlace:62339,Lillestrøm stasjon,2026-09-07T12:30:00+02:00,2026-09-07T12:30:00+02:00,,0.0,0,Oslo Lufthavn,FLT:Line:FLY1,FLY1,FLY1,rail,FLT:ServiceJourney:1-2614-3747-20260907,False,planned,False,Heis i spor 1 og 2 er ute av bruk på grunn av vedlikehold.,Heis i spor 1 og 2 er ute av bruk på grunn av vedlikehold.,general,normal,2026-09-07T15:44:36.205822+02:00
NSR:StopPlace:62339,Lillestrøm stasjon,2026-09-07T12:35:00+02:00,2026-09-07T12:35:00+02:00,,0.0,0,Eidsvoll,VYG:Line:RE11,Eidsvoll-Oslo S-Skien,RE11,rail,VYG:ServiceJourney:814_444394-R,False,planned,False,Heis i spor 1 og 2 er ute av bruk på grunn av vedlikehold.,Heis i spor 1 og 2 er ute av bruk på grunn av vedlikehold.,general,normal,2026-09-07T15:44:36.205822+02:00
NSR:StopPlace:62339,Lillestrøm stasjon,2026-09-07T12:36:00+02:00,2026-09-07T12:36:00+02:00,,0.0,0,Drammen,VYG:Line:R13,Drammen-Oslo S-Dal,R13,rail,VYG:ServiceJourney:1630_443277-R,False,planned,False,Heis i spor 1 og 2 er ute av bruk på grunn av vedlikehold.,Heis i spor 1 og 2 er ute av bruk på grunn av vedlikehold.,general,normal,2026-09-07T15:44:36.205822+02:00
NSR:StopPlace:62339,Lillestrøm stasjon,2026-09-07T12:40:00+02:00,2026-09-07T12:40:00+02:00,,0.0,0,Spikkestad,VYG:Line:L1,Spikkestad-Oslo S-Lillestrøm,L1,rail,VYG:ServiceJourney:2233_443638-R,False,planned,False,Heis i spor 1 og 2 er ute av bruk på grunn av vedlikehold.,Heis i spor 1 og 2 er ute av bruk på grunn av vedlikehold.,general,normal,2026-09-07T15:44:36.205822+02:00
NSR:StopPlace:62339,Lillestrøm stasjon,2026-09-07T12:46:00+02:00,2026-09-07T12:46:00+02:00,,0.0,0,Asker,VYG:Line:R14,Asker-Oslo S-Kongsvinger,R14,rail,VYG:ServiceJourney:1016_442922-R,False,planned,False,Heis i spor 1 og 2 er ute av bruk på grunn av vedlikehold.,Heis i spor 1 og 2 er ute av bruk på grunn av vedlikehold.,general,normal,2026-09-07T15:44:36.205822+02:00
NSR:StopPlace:62339,Lillestrøm stasjon,2026-09-07T12:50:00+02:00,2026-09-07T12:50:00+02:00,,0.0,0,Oslo Lufthavn,FLT:Line:FLY1,FLY1,FLY1,rail,FLT:ServiceJourney:1-2614-3749-20260907,False,planned,False,Heis i spor 1 og 2 er ute av bruk på grunn av vedlikehold.,Heis i spor 1 og 2 er ute av bruk på grunn av vedlikehold.,general,normal,2026-09-07T15:44:36.205822+02:00
NSR:StopPlace:62339,Lillestrøm stasjon,2026-09-07T12:55:00+02:00,2026-09-07T12:55:00+02:00,,0.0,0,Asker,VYG:Line:L1,Spikkestad-Oslo S-Lillestrøm,L1,rail,VYG:ServiceJourney:2133_443540-R,False,planned,False,Heis i spor 1 og 2 er ute av bruk på grunn av vedlikehold.,Heis i spor 1 og 2 er ute av bruk på grunn av vedlikehold.,general,normal,2026-09-07T15:44:36.205822+02:00
NSR:StopPlace:62339,Lillestrøm stasjon,2026-09-07T12:55:00+02:00,2026-09-07T12:55:00+02:00,,0.0,0,Dal,VYG:Line:R13,Drammen-Oslo S-Dal,R13,rail,VYG:ServiceJourney:1631_443278-R,False,planned,False,Heis i spor 1 og 2 er ute av bruk på grunn av vedlikehold.,Heis i spor 1 og 2 er ute av bruk på grunn av vedlikehold.,general,normal,2026-09-07T15:44:36.205822+02:00
NSR:StopPlace:62339,Lillestrøm stasjon,2026-09-07T12:56:00+02:00,2026-09-07T12:56:00+02:00,,0.0,0,Kongsberg,VYG:Line:R12,Kongsberg-Oslo S-Eidsvoll,R12,rail,VYG:ServiceJourney:517_444316-R,False,planned,False,Heis i spor 1 og 2 er ute av bruk på grunn av vedlikehold.,Heis i spor 1 og 2 er ute av bruk på grunn av vedlikehold.,general,normal,2026-09-07T15:44:36.205822+02:00
NSR:StopPlace:62339,Lillestrøm stasjon,2026-09-07T13:05:00+02:00,2026-09-07T13:05:00+02:00,,0.0,0,Eidsvoll,VYG:Line:R12,Kongsberg-Oslo S-Eidsvoll,R12,rail,VYG:ServiceJourney:516_481318-R,False,planned,False,Heis i spor 1 og 2 er ute av bruk på grunn av vedlikehold.,Heis i spor 1 og 2 er ute av bruk på grunn av vedlikehold.,general,normal,2026-09-07T15:44:36.205822+02:00
NSR:StopPlace:62339,Lillestrøm stasjon,2026-09-07T13:06:00+02:00,2026-09-07T13:06:00+02:00,,0.0,0,Drammen,VYG:Line:R13,Drammen-Oslo S-Dal,R13,rail,VYG:ServiceJourney:1632_443281-R,False,planned,False,Heis i spor 1 og 2 er ute av bruk på grunn av vedlikehold.,Heis i spor 1 og 2 er ute av bruk på grunn av vedlikehold.,general,normal,2026-09-07T15:44:36.205822+02:00
NSR:StopPlace:62339,Lillestrøm stasjon,2026-09-07T13:10:00+02:00,2026-09-07T13:10:00+02:00,,0.0,0,Oslo Lufthavn,FLT:Line:FLY1,FLY1,FLY1,rail,FLT:ServiceJourney:1-2614-3751-20260907,False,planned,False,Heis i spor 1 og 2 er ute av bruk på grunn av vedlikehold.,Heis i spor 1 og 2 er ute av bruk på grunn av vedlikehold.,general,normal,2026-09-07T15:44:36.205822+02:00
NSR:StopPlace:62339,Lillestrøm stasjon,2026-09-07T13:10:00+02:00,2026-09-07T13:10:00+02:00,,0.0,0,Spikkestad,VYG:Line:L1,Spikkestad-Oslo S-Lillestrøm,L1,rail,VYG:ServiceJourney:2235_443641-R,False,planned,False,Heis i spor 1 og 2 er ute av bruk på grunn av vedlikehold.,Heis i spor 1 og 2 er ute av bruk på grunn av vedlikehold.,general,normal,2026-09-07T15:44:36.205822+02:00
NSR:StopPlace:62339,Lillestrøm stasjon,2026-09-07T13:15:00+02:00,2026-09-07T13:15:00+02:00,,0.0,0,Kongsvinger,VYG:Line:R14,Asker-Oslo S-Kongsvinger,R14,rail,VYG:ServiceJourney:1017_442923-R,False,planned,False,Heis i spor 1 og 2 er ute av bruk på grunn av vedlikehold.,Heis i spor 1 og 2 er ute av bruk på grunn av vedlikehold.,general,normal,2026-09-07T15:44:36.205822+02:00
NSR:StopPlace:62339,Lillestrøm stasjon,2026-09-07T13:16:00+02:00,2026-09-07T13:16:00+02:00,,0.0,0,Drammen,VYG:Line:RE10,Drammen-Oslo S-Lillehammer,RE10,rail,VYG:ServiceJourney:316-LHM_465125-R,False,planned,False,Heis i spor 1 og 2 er ute av bruk på grunn av vedlikehold.,Heis i spor 1 og 2 er ute av bruk på grunn av vedlikehold.,general,normal,2026-09-07T15:44:36.205822+02:00
NSR:StopPlace:62339,Lillestrøm stasjon,2026-09-07T13:25:00+02:00,2026-09-07T13:25:00+02:00,,0.0,0,Asker,VYG:Line:L1,Spikkestad-Oslo S-Lillestrøm,L1,rail,VYG:ServiceJourney:2135_443542-R,False,planned,False,Heis i spor 1 og 2 er ute av bruk på grunn av vedlikehold.,Heis i spor 1 og 2 er ute av bruk på grunn av vedlikehold.,general,normal,2026-09-07T15:44:36.205822+02:00
NSR:StopPlace:62339,Lillestrøm stasjon,2026-09-07T13:25:00+02:00,2026-09-07T13:25:00+02:00,,0.0,0,Dal,VYG:Line:R13,Drammen-Oslo S-Dal,R13,rail,VYG:ServiceJourney:1633_443282-R,False,planned,False,Heis i spor 1 og 2 er ute av bruk på grunn av vedlikehold. | Forsinket,Heis i spor 1 og 2 er ute av bruk på grunn av vedlikehold. | Toget kjørte 10 minutter forsinket fra Drammen. Dette skyldes en tidligere stans.,general | incident,normal | normal,2026-09-07T15:44:36.205822+02:00
NSR:StopPlace:62339,Lillestrøm stasjon,2026-09-07T13:30:00+02:00,2026-09-07T13:30:00+02:00,,0.0,0,Oslo Lufthavn,FLT:Line:FLY1,FLY1,FLY1,rail,FLT:ServiceJourney:1-2614-3753-20260907,False,planned,False,Heis i spor 1 og 2 er ute av bruk på grunn av vedlikehold.,Heis i spor 1 og 2 er ute av bruk på grunn av vedlikehold.,general,normal,2026-09-07T15:44:36.205822+02:00
NSR:StopPlace:62339,Lillestrøm stasjon,2026-09-07T13:35:00+02:00,2026-09-07T13:35:00+02:00,,0.0,0,Eidsvoll,VYG:Line:RE11,Eidsvoll-Oslo S-Skien,RE11,rail,VYG:ServiceJourney:816_444396-R,False,planned,False,Heis i spor 1 og 2 er ute av bruk på grunn av vedlikehold.,Heis i spor 1 og 2 er ute av bruk på grunn av vedlikehold.,general,normal,2026-09-07T15:44:36.205822+02:00
NSR:StopPlace:62339,Lillestrøm stasjon,2026-09-07T13:46:00+02:00,2026-09-07T13:46:00+02:00,,0.0,0,Asker,VYG:Line:R14,Asker-Oslo S-Kongsvinger,R14,rail,VYG:ServiceJourney:1018_442925-R,False,planned,False,Heis i spor 1 og 2 er ute av bruk på grunn av vedlikehold.,Heis i spor 1 og 2 er ute av bruk på grunn av vedlikehold.,general,normal,2026-09-07T15:44:36.205822+02:00
NSR:StopPlace:62339,Lillestrøm stasjon,2026-09-07T13:50:00+02:00,2026-09-07T13:50:00+02:00,,0.0,0,Oslo Lufthavn,FLT:Line:FLY1,FLY1,FLY1,rail,FLT:ServiceJourney:1-2614-3755-20260907,False,planned,False,Heis i spor 1 og 2 er ute av bruk på grunn av vedlikehold.,Heis i spor 1 og 2 er ute av bruk på grunn av vedlikehold.,general,normal,2026-09-07T15:44:36.205822+02:00
NSR:StopPlace:62339,Lillestrøm stasjon,2026-09-07T14:05:00+02:00,2026-09-07T14:05:00+02:00,,0.0,0,Eidsvoll,VYG:Line:R12,Kongsberg-Oslo S-Eidsvoll,R12,rail,VYG:ServiceJourney:518_444318-R,False,planned,False,Heis i spor 1 og 2 er ute av bruk på grunn av vedlikehold.,Heis i spor 1 og 2 er ute av bruk på grunn av vedlikehold.,general,normal,2026-09-07T15:44:36.205822+02:00
NSR:StopPlace:62339,Lillestrøm stasjon,2026-09-07T14:10:00+02:00,2026-09-07T14:10:00+02:00,,0.0,0,Oslo Lufthavn,FLT:Line:FLY1,FLY1,FLY1,rail,FLT:ServiceJourney:1-2614-3757-20260907,False,planned,False,Heis i spor 1 og 2 er ute av bruk på grunn av vedlikehold.,Heis i spor 1 og 2 er ute av bruk på grunn av vedlikehold.,general,normal,2026-09-07T15:44:36.205822+02:00
NSR:StopPlace:62338,Fossum stasjon,2026-09-07T11:54:00+02:00,2026-09-07T11:54:00+02:00,,0.0,0,Blaker ring,RUT:Line:370,Sørumsand - Blaker - Sørumsand,370A,bus,RUT:ServiceJourney:ec7b0acb8e7d6ac27d473bad9e4c5f0a,False,planned,False,,,,,2026-09-07T15:44:36.205822+02:00
NSR:StopPlace:62338,Fossum stasjon,2026-09-07T12:14:00+02:00,2026-09-07T12:14:00+02:00,,0.0,0,Blaker ring,RUT:Line:370,Sørumsand - Blaker - Sørumsand,370A,bus,RUT:ServiceJourney:ec7b0acb8e7d6ac27d473bad9e4c5f0a,False,planned,False,,,,,2026-09-07T15:44:36.205822+02:00
NSR:StopPlace:62338,Fossum stasjon,2026-09-07T13:42:00+02:00,2026-09-07T13:42:00+02:00,,0.0,0,Blaker ring,RUT:Line:2370,Sørumsand - Blaker - Sørumsand,370B,bus,RUT:ServiceJourney:fcb28d862d227d28baadfa3d74cacfd3,False,planned,False,,,,,2026-09-07T15:44:36.205822+02:00
NSR:StopPlace:62338,Fossum stasjon,2026-09-07T13:45:00+02:00,2026-09-07T13:45:00+02:00,,0.0,0,Bjørkelangen,RUT:Line:2673,Bjørkelangen - Sørumsand,2673,bus,RUT:ServiceJourney:6e940e253576e0f856521dbf469f3c5b,False,planned,False,,,,,2026-09-07T15:44:36.205822+02:00
NSR:StopPlace:62338,Fossum stasjon,2026-09-07T14:02:00+02:00,2026-09-07T14:02:00+02:00,,0.0,0,Blaker ring,RUT:Line:2370,Sørumsand - Blaker - Sørumsand,370B,bus,RUT:ServiceJourney:fcb28d862d227d28baadfa3d74cacfd3,False,planned,False,,,,,2026-09-07T15:44:36.205822+02:00
NSR:StopPlace:62338,Fossum stasjon,2026-09-07T16:12:00+02:00,2026-09-07T16:12:00+02:00,,0.0,0,Blaker ring,RUT:Line:2370,Sørumsand - Blaker - Sørumsand,370B,bus,RUT:ServiceJourney:d80722123cd2735a3bea056f0db6bff6,False,planned,False,,,,,2026-09-07T15:44:36.205822+02:00
NSR:StopPlace:62338,Fossum stasjon,2026-09-07T16:20:00+02:00,2026-09-07T16:20:00+02:00,,0.0,0,Bjørkelangen,RUT:Line:2177,Harkerud - Sørumsand - Bjørkelangen,2177,bus,RUT:ServiceJourney:af7da3d7f90aa1b75a72292518a40d49,False,planned,False,,,,,2026-09-07T15:44:36.205822+02:00
NSR:StopPlace:62336,Knapstad stasjon,2026-09-07T12:23:00+02:00,2026-09-07T12:23:00+02:00,,0.0,0,Oslo S,VYG:Line:R22,Skøyen-Oslo S-Mysen-Rakkestad,R22,rail,VYG:ServiceJourney:1918_673806-R,False,planned,False,,,,,2026-09-07T15:44:36.205822+02:00
NSR:StopPlace:62336,Knapstad stasjon,2026-09-07T12:32:00+02:00,2026-09-07T12:32:00+02:00,,0.0,0,Rakkestad,VYG:Line:R22,Skøyen-Oslo S-Mysen-Rakkestad,R22,rail,VYG:ServiceJourney:1915_443457-R,False,planned,False,,,,,2026-09-07T15:44:36.205822+02:00
NSR:StopPlace:62336,Knapstad stasjon,2026-09-07T13:23:00+02:00,2026-09-07T13:23:00+02:00,,0.0,0,Oslo S,VYG:Line:R22,Skøyen-Oslo S-Mysen-Rakkestad,R22,rail,VYG:ServiceJourney:1920_443466-R,False,planned,False,,,,,2026-09-07T15:44:36.205822+02:00
NSR:StopPlace:62336,Knapstad stasjon,2026-09-07T13:32:00+02:00,2026-09-07T13:32:00+02:00,,0.0,0,Rakkestad,VYG:Line:R22,Skøyen-Oslo S-Mysen-Rakkestad,R22,rail,VYG:ServiceJourney:1917_443460-R,False,planned,False,,,,,2026-09-07T15:44:36.205822+02:00
NSR:StopPlace:62335,Eidsberg stasjon,2026-09-07T11:52:00+02:00,2026-09-07T11:52:00+02:00,,0.0,0,Oslo S,VYG:Line:R22,Skøyen-Oslo S-Mysen-Rakkestad,R22,rail,VYG:ServiceJourney:1918_673806-R,False,planned,False,,,,,2026-09-07T15:44:36.205822+02:00
NSR:StopPlace:62335,Eidsberg stasjon,2026-09-07T12:03:00+02:00,2026-09-07T12:03:00+02:00,,0.0,0,Rakkestad,VYG:Line:R22,Skøyen-Oslo S-Mysen-Rakkestad,R22,rail,VYG:ServiceJourney:1913_443453-R,False,planned,False,,,,,2026-09-07T15:44:36.205822+02:00
NSR:StopPlace:62335,Eidsberg stasjon,2026-09-07T12:52:00+02:00,2026-09-07T12:52:00+02:00,,0.0,0,Oslo S,VYG:Line:R22,Skøyen-Oslo S-Mysen-Rakkestad,R22,rail,VYG:ServiceJourney:1920_443466-R,False,planned,False,,,,,2026-09-07T15:44:36.205822+02:00
NSR:StopPlace:62335,Eidsberg stasjon,2026-09-07T13:03:00+02:00,2026-09-07T13:03:00+02:00,,0.0,0,Rakkestad,VYG:Line:R22,Skøyen-Oslo S-Mysen-Rakkestad,R22,rail,VYG:ServiceJourney:1915_443457-R,False,planned,False,,,,,2026-09-07T15:44:36.205822+02:00
NSR:StopPlace:62335,Eidsberg stasjon,2026-09-07T14:03:00+02:00,2026-09-07T14:03:00+02:00,,0.0,0,Rakkestad,VYG:Line:R22,Skøyen-Oslo S-Mysen-Rakkestad,R22,rail,VYG:ServiceJourney:1917_443460-R,False,planned,False,,,,,2026-09-07T15:44:36.205822+02:00
NSR:StopPlace:62348,Lesjaverk stasjon,2026-09-07T12:34:00+02:00,2026-09-07T12:34:00+02:00,,0.0,0,Åndalsnes,SJN:Line:22,Raumabanen,R65,rail,SJN:ServiceJourney:2343_30109-R,False,planned,False,,,,,2026-09-07T15:44:36.205822+02:00
NSR:StopPlace:62347,Lesja stasjon,2026-09-07T12:20:00+02:00,2026-09-07T12:20:00+02:00,,0.0,0,Åndalsnes,SJN:Line:22,Raumabanen,R65,rail,SJN:ServiceJourney:2343_30109-R,False,planned,False,,,,,2026-09-07T15:44:36.205822+02:00
NSR:StopPlace:62341,Tangen stasjon,2026-09-07T12:25:00+02:00,2026-09-07T12:25:00+02:00,,0.0,0,Lillehammer,VYG:Line:RE10,Drammen-Oslo S-Lillehammer,RE10,rail,VYG:ServiceJourney:315-SUD_444173-R,False,planned,False,,,,,2026-09-07T15:44:36.205822+02:00
NSR:StopPlace:62341,Tangen stasjon,2026-09-07T12:34:00+02:00,2026-09-07T12:34:00+02:00,,0.0,0,Drammen,VYG:Line:RE10,Drammen-Oslo S-Lillehammer,RE10,rail,VYG:ServiceJourney:316-LHM_465125-R,False,planned,False,,,,,2026-09-07T15:44:36.205822+02:00
NSR:StopPlace:62346,Bjorli stasjon,2026-09-07T12:47:00+02:00,2026-09-07T12:47:00+02:00,,0.0,0,Åndalsnes,SJN:Line:22,Raumabanen,R65,rail,SJN:ServiceJourney:2343_30109-R,False,planned,False,,,,,2026-09-07T15:44:36.205822+02:00
NSR:StopPlace:62352,Stoa stasjon,2026-09-07T12:14:00+02:00,2026-09-07T12:14:00+02:00,,0.0,0,Nelaug,GOA:Line:53,Sørtoget lokal,R50,rail,GOA:ServiceJourney:2068_63021-R,False,planned,False,,,,,2026-09-07T15:44:36.205822+02:00
NSR:StopPlace:62352,Stoa stasjon,2026-09-07T13:31:00+02:00,2026-09-07T13:31:00+02:00,,0.0,0,Arendal,GOA:Line:53,Sørtoget lokal,R50,rail,GOA:ServiceJourney:2069_63022-R,False,planned,False,,,,,2026-09-07T15:44:36.205822+02:00
NSR:StopPlace:62352,Stoa stasjon,2026-09-07T16:14:00+02:00,2026-09-07T16:14:00+02:00,,0.0,0,Nelaug,GOA:Line:53,Sørtoget lokal,R50,rail,GOA:ServiceJourney:2072_63025-R,False,planned,False,,,,,2026-09-07T15:44:36.205822+02:00
NSR:StopPlace:62351,Bråstad stasjon,2026-09-07T12:15:00+02:00,2026-09-07T12:15:00+02:00,,0.0,0,Nelaug,GOA:Line:53,Sørtoget lokal,R50,rail,GOA:ServiceJourney:2068_63021-R,False,planned,False,,,,,2026-09-07T15:44:36.205822+02:00
NSR:StopPlace:62351,Bråstad stasjon,2026-09-07T13:30:00+02:00,2026-09-07T13:30:00+02:00,,0.0,0,Arendal,GOA:Line:53,Sørtoget lokal,R50,rail,GOA:ServiceJourney:2069_63022-R,False,planned,False,,,,,2026-09-07T15:44:36.205822+02:00
NSR:StopPlace:62351,Bråstad stasjon,2026-09-07T16:15:00+02:00,2026-09-07T16:15:00+02:00,,0.0,0,Nelaug,GOA:Line:53,Sørtoget lokal,R50,rail,GOA:ServiceJourney:2072_63025-R,False,planned,False,,,,,2026-09-07T15:44:36.205822+02:00
NSR:StopPlace:62355,Froland stasjon,2026-09-07T12:28:00+02:00,2026-09-07T12:28:00+02:00,,0.0,0,Nelaug,GOA:Line:53,Sørtoget lokal,R50,rail,GOA:ServiceJourney:2068_63021-R,False,planned,False,,,,,2026-09-07T15:44:36.205822+02:00
NSR:StopPlace:62355,Froland stasjon,2026-09-07T13:17:00+02:00,2026-09-07T13:17:00+02:00,,0.0,0,Arendal,GOA:Line:53,Sørtoget lokal,R50,rail,GOA:ServiceJourney:2069_63022-R,False,planned,False,,,,,2026-09-07T15:44:36.205822+02:00
NSR:StopPlace:62354,Bøylestad stasjon,2026-09-07T12:34:00+02:00,2026-09-07T12:34:00+02:00,,0.0,0,Nelaug,GOA:Line:53,Sørtoget lokal,R50,rail,GOA:ServiceJourney:2068_63021-R,False,planned,False,,,,,2026-09-07T15:44:36.205822+02:00
NSR:StopPlace:62354,Bøylestad stasjon,2026-09-07T13:11:00+02:00,2026-09-07T13:11:00+02:00,,0.0,0,Arendal,GOA:Line:53,Sørtoget lokal,R50,rail,GOA:ServiceJourney:2069_63022-R,False,planned,False,,,,,2026-09-07T15:44:36.205822+02:00
NSR:StopPlace:62369,Lilleby stasjon,2026-09-07T12:20:00+02:00,2026-09-07T12:20:00+02:00,,0.0,0,Steinkjer,SJN:Line:26,Trønderbanen,R70,rail,SJN:ServiceJourney:435-SOeB_56064-R,False,planned,False,,,,,2026-09-07T15:44:36.205822+02:00
NSR:StopPlace:62369,Lilleby stasjon,2026-09-07T12:37:00+02:00,2026-09-07T12:37:00+02:00,,0.0,0,Ler,SJN:Line:26,Trønderbanen,R70,rail,SJN:ServiceJourney:432_56061-R,False,planned,False,,,,,2026-09-07T15:44:36.205822+02:00
NSR:StopPlace:62369,Lilleby stasjon,2026-09-07T13:37:00+02:00,2026-09-07T13:37:00+02:00,,0.0,0,Melhus skysstasjon,SJN:Line:26,Trønderbanen,R70,rail,SJN:ServiceJourney:434-STK_56063-R,False,planned,False,,,,,2026-09-07T15:44:36.205822+02:00
NSR:StopPlace:62361,Reimegrend stasjon,2026-09-07T12:29:00+02:00,2026-09-07T12:29:00+02:00,,0.0,0,Myrdal,VYG:Line:R40,Bergen-Voss-Myrdal-Ål,R40,rail,VYG:ServiceJourney:1812_456872-R,False,planned,False,,,,,2026-09-07T15:44:36.205822+02:00
NSR:StopPlace:62360,Kløve stasjon,2026-09-07T12:14:00+02:00,2026-09-07T12:14:00+02:00,,0.0,0,Myrdal,VYG:Line:R40,Bergen-Voss-Myrdal-Ål,R40,rail,VYG:ServiceJourney:1812_456872-R,False,planned,False,,,,,2026-09-07T15:44:36.205822+02:00
NSR:StopPlace:62360,Kløve stasjon,2026-09-07T12:44:00+02:00,2026-09-07T12:44:00+02:00,,0.0,0,Bergen,VYG:Line:R40,Bergen-Voss-Myrdal-Ål,R40,rail,VYG:ServiceJourney:1821_465760-R,False,planned,False,,,,,2026-09-07T15:44:36.205822+02:00
NSR:StopPlace:62373,Berkåk stasjon,2026-09-07T13:29:00+02:00,2026-09-07T13:29:00+02:00,,0.0,0,Trondheim S,SJN:Line:21,Dovrebanen,F6,rail,SJN:ServiceJourney:43-LOD_47893-R,False,planned,False,,,,,2026-09-07T15:44:36.205822+02:00
NSR:StopPlace:62379,Bergsgrav stasjon,2026-09-07T11:53:00+02:00,2026-09-07T11:53:00+02:00,,0.0,0,Steinkjer,SJN:Line:26,Trønderbanen,R70,rail,SJN:ServiceJourney:431_56060-R,False,planned,False,,,,,2026-09-07T15:44:36.205822+02:00
NSR:StopPlace:62379,Bergsgrav stasjon,2026-09-07T12:03:00+02:00,2026-09-07T12:03:00+02:00,,0.0,0,Melhus skysstasjon,SJN:Line:26,Trønderbanen,R70,rail,SJN:ServiceJourney:434-STK_56063-R,False,planned,False,,,,,2026-09-07T15:44:36.205822+02:00
NSR:StopPlace:62379,Bergsgrav stasjon,2026-09-07T12:54:00+02:00,2026-09-07T12:54:00+02:00,,0.0,0,Steinkjer,SJN:Line:26,Trønderbanen,R70,rail,SJN:ServiceJourney:433_56062-R,False,planned,False,,,,,2026-09-07T15:44:36.205822+02:00
NSR:StopPlace:62379,Bergsgrav stasjon,2026-09-07T13:53:00+02:00,2026-09-07T13:53:00+02:00,,0.0,0,Steinkjer,SJN:Line:26,Trønderbanen,R70,rail,SJN:ServiceJourney:435-SOeB_56064-R,False,planned,False,,,,,2026-09-07T15:44:36.205822+02:00
NSR:StopPlace:62378,Røstad stasjon,2026-09-07T12:09:00+02:00,2026-09-07T12:09:00+02:00,,0.0,0,Melhus skysstasjon,SJN:Line:26,Trønderbanen,R70,rail,SJN:ServiceJourney:434-STK_56063-R,False,planned,False,,,,,2026-09-07T15:44:36.205822+02:00
NSR:StopPlace:62378,Røstad stasjon,2026-09-07T12:42:00+02:00,2026-09-07T12:42:00+02:00,,0.0,0,Steinkjer,SJN:Line:26,Trønderbanen,R70,rail,SJN:ServiceJourney:433_56062-R,False,planned,False,,,,,2026-09-07T15:44:36.205822+02:00
NSR:StopPlace:62378,Røstad stasjon,2026-09-07T13:44:00+02:00,2026-09-07T13:44:00+02:00,,0.0,0,Steinkjer,SJN:Line:26,Trønderbanen,R70,rail,SJN:ServiceJourney:435-SOeB_56064-R,False,planned,False,,,,,2026-09-07T15:44:36.205822+02:00
NSR:StopPlace:62377,Ronglan stasjon,2026-09-07T12:29:00+02:00,2026-09-07T12:29:00+02:00,,0.0,0,Melhus skysstasjon,SJN:Line:26,Trønderbanen,R70,rail,SJN:ServiceJourney:434-STK_56063-R,False,planned,False,,,,,2026-09-07T15:44:36.205822+02:00
NSR:StopPlace:62377,Ronglan stasjon,2026-09-07T13:29:00+02:00,2026-09-07T13:29:00+02:00,,0.0,0,Steinkjer,SJN:Line:26,Trønderbanen,R70,rail,SJN:ServiceJourney:435-SOeB_56064-R,False,planned,False,,,,,2026-09-07T15:44:36.205822+02:00
NSR:StopPlace:62371,Sparbu stasjon,2026-09-07T11:45:00+02:00,2026-09-07T11:45:00+02:00,,0.0,0,Melhus skysstasjon,SJN:Line:26,Trønderbanen,R70,rail,SJN:ServiceJourney:434-STK_56063-R,False,planned,False,,,,,2026-09-07T15:44:36.205822+02:00
NSR:StopPlace:62371,Sparbu stasjon,2026-09-07T12:13:00+02:00,2026-09-07T12:13:00+02:00,,0.0,0,Steinkjer,SJN:Line:26,Trønderbanen,R70,rail,SJN:ServiceJourney:431_56060-R,False,planned,False,,,,,2026-09-07T15:44:36.205822+02:00
NSR:StopPlace:62371,Sparbu stasjon,2026-09-07T13:14:00+02:00,2026-09-07T13:14:00+02:00,,0.0,0,Steinkjer,SJN:Line:26,Trønderbanen,R70,rail,SJN:ServiceJourney:433_56062-R,False,planned,False,,,,,2026-09-07T15:44:36.205822+02:00
NSR:StopPlace:62371,Sparbu stasjon,2026-09-07T14:13:00+02:00,2026-09-07T14:13:00+02:00,,0.0,0,Steinkjer,SJN:Line:26,Trønderbanen,R70,rail,SJN:ServiceJourney:435-SOeB_56064-R,False,planned,False,,,,,2026-09-07T15:44:36.205822+02:00
NSR:StopPlace:62380,Røra stasjon,2026-09-07T11:52:00+02:00,2026-09-07T11:52:00+02:00,,0.0,0,Melhus skysstasjon,SJN:Line:26,Trønderbanen,R70,rail,SJN:ServiceJourney:434-STK_56063-R,False,planned,False,,,,,2026-09-07T15:44:36.205822+02:00
NSR:StopPlace:62380,Røra stasjon,2026-09-07T12:08:00+02:00,2026-09-07T12:08:00+02:00,,0.0,0,Steinkjer,SJN:Line:26,Trønderbanen,R70,rail,SJN:ServiceJourney:431_56060-R,False,planned,False,,,,,2026-09-07T15:44:36.205822+02:00
NSR:StopPlace:62380,Røra stasjon,2026-09-07T13:09:00+02:00,2026-09-07T13:09:00+02:00,,0.0,0,Steinkjer,SJN:Line:26,Trønderbanen,R70,rail,SJN:ServiceJourney:433_56062-R,False,planned,False,,,,,2026-09-07T15:44:36.205822+02:00
NSR:StopPlace:62380,Røra stasjon,2026-09-07T14:08:00+02:00,2026-09-07T14:08:00+02:00,,0.0,0,Steinkjer,SJN:Line:26,Trønderbanen,R70,rail,SJN:ServiceJourney:435-SOeB_56064-R,False,planned,False,,,,,2026-09-07T15:44:36.205822+02:00
NSR:StopPlace:62393,Billingstad stasjon,2026-09-07T11:52:00+02:00,2026-09-07T11:52:00+02:00,,0.0,0,Asker,VYG:Line:L1,Spikkestad-Oslo S-Lillestrøm,L1,rail,VYG:ServiceJourney:2125_443531-R,False,planned,False,,,,,2026-09-07T15:44:36.205822+02:00
NSR:StopPlace:62393,Billingstad stasjon,2026-09-07T11:57:00+02:00,2026-09-07T11:57:00+02:00,,0.0,0,Lillestrøm,VYG:Line:L1,Spikkestad-Oslo S-Lillestrøm,L1,rail,VYG:ServiceJourney:2130_443537-R,False,planned,False,,,,,2026-09-07T15:44:36.205822+02:00
NSR:StopPlace:62393,Billingstad stasjon,2026-09-07T12:06:00+02:00,2026-09-07T12:06:00+02:00,,0.0,0,Spikkestad,VYG:Line:L1,Spikkestad-Oslo S-Lillestrøm,L1,rail,VYG:ServiceJourney:2227_443627-R,False,planned,False,,,,,2026-09-07T15:44:36.205822+02:00
NSR:StopPlace:62393,Billingstad stasjon,2026-09-07T12:13:00+02:00,2026-09-07T12:13:00+02:00,,0.0,0,Lillestrøm,VYG:Line:L1,Spikkestad-Oslo S-Lillestrøm,L1,rail,VYG:ServiceJourney:2232_445328-R,False,planned,False,,,,,2026-09-07T15:44:36.205822+02:00
NSR:StopPlace:62393,Billingstad stasjon,2026-09-07T12:22:00+02:00,2026-09-07T12:22:00+02:00,,0.0,0,Asker,VYG:Line:L1,Spikkestad-Oslo S-Lillestrøm,L1,rail,VYG:ServiceJourney:2127_443533-R,False,planned,False,,,,,2026-09-07T15:44:36.205822+02:00
NSR:StopPlace:62393,Billingstad stasjon,2026-09-07T12:27:00+02:00,2026-09-07T12:27:00+02:00,,0.0,0,Lillestrøm,VYG:Line:L1,Spikkestad-Oslo S-Lillestrøm,L1,rail,VYG:ServiceJourney:2132_443539-R,False,planned,False,Ta neste tog,Ta neste tog.,incident,normal,2026-09-07T15:44:36.205822+02:00
NSR:StopPlace:62393,Billingstad stasjon,2026-09-07T12:36:00+02:00,2026-09-07T12:36:00+02:00,,0.0,0,Spikkestad,VYG:Line:L1,Spikkestad-Oslo S-Lillestrøm,L1,rail,VYG:ServiceJourney:2229_443630-R,False,planned,False,,,,,2026-09-07T15:44:36.205822+02:00
NSR:StopPlace:62393,Billingstad stasjon,2026-09-07T12:43:00+02:00,2026-09-07T12:43:00+02:00,,0.0,0,Lillestrøm,VYG:Line:L1,Spikkestad-Oslo S-Lillestrøm,L1,rail,VYG:ServiceJourney:2234_443640-R,False,planned,False,,,,,2026-09-07T15:44:36.205822+02:00
NSR:StopPlace:62393,Billingstad stasjon,2026-09-07T12:52:00+02:00,2026-09-07T12:52:00+02:00,,0.0,0,Asker,VYG:Line:L1,Spikkestad-Oslo S-Lillestrøm,L1,rail,VYG:ServiceJourney:2129_443535-R,False,planned,False,,,,,2026-09-07T15:44:36.205822+02:00
NSR:StopPlace:62393,Billingstad stasjon,2026-09-07T12:57:00+02:00,2026-09-07T12:57:00+02:00,,0.0,0,Lillestrøm,VYG:Line:L1,Spikkestad-Oslo S-Lillestrøm,L1,rail,VYG:ServiceJourney:2134_443541-R,False,planned,False,,,,,2026-09-07T15:44:36.205822+02:00
NSR:StopPlace:62393,Billingstad stasjon,2026-09-07T13:06:00+02:00,2026-09-07T13:06:00+02:00,,0.0,0,Spikkestad,VYG:Line:L1,Spikkestad-Oslo S-Lillestrøm,L1,rail,VYG:ServiceJourney:2231_443635-R,False,planned,False,,,,,2026-09-07T15:44:36.205822+02:00
NSR:StopPlace:62393,Billingstad stasjon,2026-09-07T13:13:00+02:00,2026-09-07T13:13:00+02:00,,0.0,0,Lillestrøm,VYG:Line:L1,Spikkestad-Oslo S-Lillestrøm,L1,rail,VYG:ServiceJourney:2236_443643-R,False,planned,False,,,,,2026-09-07T15:44:36.205822+02:00
NSR:StopPlace:62393,Billingstad stasjon,2026-09-07T13:22:00+02:00,2026-09-07T13:22:00+02:00,,0.0,0,Asker,VYG:Line:L1,Spikkestad-Oslo S-Lillestrøm,L1,rail,VYG:ServiceJourney:2131_443538-R,False,planned,False,,,,,2026-09-07T15:44:36.205822+02:00
NSR:StopPlace:62393,Billingstad stasjon,2026-09-07T13:27:00+02:00,2026-09-07T13:27:00+02:00,,0.0,0,Lillestrøm,VYG:Line:L1,Spikkestad-Oslo S-Lillestrøm,L1,rail,VYG:ServiceJourney:2136_443543-R,False,planned,False,,,,,2026-09-07T15:44:36.205822+02:00
NSR:StopPlace:62393,Billingstad stasjon,2026-09-07T13:36:00+02:00,2026-09-07T13:36:00+02:00,,0.0,0,Spikkestad,VYG:Line:L1,Spikkestad-Oslo S-Lillestrøm,L1,rail,VYG:ServiceJourney:2233_443638-R,False,planned,False,,,,,2026-09-07T15:44:36.205822+02:00
NSR:StopPlace:62393,Billingstad stasjon,2026-09-07T13:52:00+02:00,2026-09-07T13:52:00+02:00,,0.0,0,Asker,VYG:Line:L1,Spikkestad-Oslo S-Lillestrøm,L1,rail,VYG:ServiceJourney:2133_443540-R,False,planned,False,,,,,2026-09-07T15:44:36.205822+02:00
NSR:StopPlace:62393,Billingstad stasjon,2026-09-07T14:06:00+02:00,2026-09-07T14:06:00+02:00,,0.0,0,Spikkestad,VYG:Line:L1,Spikkestad-Oslo S-Lillestrøm,L1,rail,VYG:ServiceJourney:2235_443641-R,False,planned,False,,,,,2026-09-07T15:44:36.205822+02:00
NSR:StopPlace:62393,Billingstad stasjon,2026-09-07T14:22:00+02:00,2026-09-07T14:22:00+02:00,,0.0,0,Asker,VYG:Line:L1,Spikkestad-Oslo S-Lillestrøm,L1,rail,VYG:ServiceJourney:2135_443542-R,False,planned,False,,,,,2026-09-07T15:44:36.205822+02:00
NSR:StopPlace:62392,Slependen stasjon,2026-09-07T11:45:00+02:00,2026-09-07T11:45:00+02:00,,0.0,0,Lillestrøm,VYG:Line:L1,Spikkestad-Oslo S-Lillestrøm,L1,rail,VYG:ServiceJourney:2230_443633-R,False,planned,False,,,,,2026-09-07T15:44:36.205822+02:00
NSR:StopPlace:62392,Slependen stasjon,2026-09-07T11:49:00+02:00,2026-09-07T11:49:00+02:00,,0.0,0,Asker,VYG:Line:L1,Spikkestad-Oslo S-Lillestrøm,L1,rail,VYG:ServiceJourney:2125_443531-R,False,planned,False,,,,,2026-09-07T15:44:36.205822+02:00
NSR:StopPlace:62392,Slependen stasjon,2026-09-07T11:59:00+02:00,2026-09-07T11:59:00+02:00,,0.0,0,Lillestrøm,VYG:Line:L1,Spikkestad-Oslo S-Lillestrøm,L1,rail,VYG:ServiceJourney:2130_443537-R,False,planned,False,,,,,2026-09-07T15:44:36.205822+02:00
NSR:StopPlace:62392,Slependen stasjon,2026-09-07T12:03:00+02:00,2026-09-07T12:03:00+02:00,,0.0,0,Spikkestad,VYG:Line:L1,Spikkestad-Oslo S-Lillestrøm,L1,rail,VYG:ServiceJourney:2227_443627-R,False,planned,False,,,,,2026-09-07T15:44:36.205822+02:00
NSR:StopPlace:62392,Slependen stasjon,2026-09-07T12:15:00+02:00,2026-09-07T12:15:00+02:00,,0.0,0,Lillestrøm,VYG:Line:L1,Spikkestad-Oslo S-Lillestrøm,L1,rail,VYG:ServiceJourney:2232_445328-R,False,planned,False,,,,,2026-09-07T15:44:36.205822+02:00
NSR:StopPlace:62392,Slependen stasjon,2026-09-07T12:19:00+02:00,2026-09-07T12:19:00+02:00,,0.0,0,Asker,VYG:Line:L1,Spikkestad-Oslo S-Lillestrøm,L1,rail,VYG:ServiceJourney:2127_443533-R,False,planned,False,,,,,2026-09-07T15:44:36.205822+02:00
NSR:StopPlace:62392,Slependen stasjon,2026-09-07T12:29:00+02:00,2026-09-07T12:29:00+02:00,,0.0,0,Lillestrøm,VYG:Line:L1,Spikkestad-Oslo S-Lillestrøm,L1,rail,VYG:ServiceJourney:2132_443539-R,False,planned,False,Ta neste tog,Ta neste tog.,incident,normal,2026-09-07T15:44:36.205822+02:00
NSR:StopPlace:62392,Slependen stasjon,2026-09-07T12:33:00+02:00,2026-09-07T12:33:00+02:00,,0.0,0,Spikkestad,VYG:Line:L1,Spikkestad-Oslo S-Lillestrøm,L1,rail,VYG:ServiceJourney:2229_443630-R,False,planned,False,,,,,2026-09-07T15:44:36.205822+02:00
NSR:StopPlace:62392,Slependen stasjon,2026-09-07T12:45:00+02:00,2026-09-07T12:45:00+02:00,,0.0,0,Lillestrøm,VYG:Line:L1,Spikkestad-Oslo S-Lillestrøm,L1,rail,VYG:ServiceJourney:2234_443640-R,False,planned,False,,,,,2026-09-07T15:44:36.205822+02:00
NSR:StopPlace:62392,Slependen stasjon,2026-09-07T12:49:00+02:00,2026-09-07T12:49:00+02:00,,0.0,0,Asker,VYG:Line:L1,Spikkestad-Oslo S-Lillestrøm,L1,rail,VYG:ServiceJourney:2129_443535-R,False,planned,False,,,,,2026-09-07T15:44:36.205822+02:00
NSR:StopPlace:62392,Slependen stasjon,2026-09-07T12:59:00+02:00,2026-09-07T12:59:00+02:00,,0.0,0,Lillestrøm,VYG:Line:L1,Spikkestad-Oslo S-Lillestrøm,L1,rail,VYG:ServiceJourney:2134_443541-R,False,planned,False,,,,,2026-09-07T15:44:36.205822+02:00
NSR:StopPlace:62392,Slependen stasjon,2026-09-07T13:03:00+02:00,2026-09-07T13:03:00+02:00,,0.0,0,Spikkestad,VYG:Line:L1,Spikkestad-Oslo S-Lillestrøm,L1,rail,VYG:ServiceJourney:2231_443635-R,False,planned,False,,,,,2026-09-07T15:44:36.205822+02:00
NSR:StopPlace:62392,Slependen stasjon,2026-09-07T13:15:00+02:00,2026-09-07T13:15:00+02:00,,0.0,0,Lillestrøm,VYG:Line:L1,Spikkestad-Oslo S-Lillestrøm,L1,rail,VYG:ServiceJourney:2236_443643-R,False,planned,False,,,,,2026-09-07T15:44:36.205822+02:00
NSR:StopPlace:62392,Slependen stasjon,2026-09-07T13:19:00+02:00,2026-09-07T13:19:00+02:00,,0.0,0,Asker,VYG:Line:L1,Spikkestad-Oslo S-Lillestrøm,L1,rail,VYG:ServiceJourney:2131_443538-R,False,planned,False,,,,,2026-09-07T15:44:36.205822+02:00
NSR:StopPlace:62392,Slependen stasjon,2026-09-07T13:29:00+02:00,2026-09-07T13:29:00+02:00,,0.0,0,Lillestrøm,VYG:Line:L1,Spikkestad-Oslo S-Lillestrøm,L1,rail,VYG:ServiceJourney:2136_443543-R,False,planned,False,,,,,2026-09-07T15:44:36.205822+02:00
NSR:StopPlace:62392,Slependen stasjon,2026-09-07T13:33:00+02:00,2026-09-07T13:33:00+02:00,,0.0,0,Spikkestad,VYG:Line:L1,Spikkestad-Oslo S-Lillestrøm,L1,rail,VYG:ServiceJourney:2233_443638-R,False,planned,False,,,,,2026-09-07T15:44:36.205822+02:00
NSR:StopPlace:62392,Slependen stasjon,2026-09-07T13:49:00+02:00,2026-09-07T13:49:00+02:00,,0.0,0,Asker,VYG:Line:L1,Spikkestad-Oslo S-Lillestrøm,L1,rail,VYG:ServiceJourney:2133_443540-R,False,planned,False,,,,,2026-09-07T15:44:36.205822+02:00
NSR:StopPlace:62392,Slependen stasjon,2026-09-07T14:03:00+02:00,2026-09-07T14:03:00+02:00,,0.0,0,Spikkestad,VYG:Line:L1,Spikkestad-Oslo S-Lillestrøm,L1,rail,VYG:ServiceJourney:2235_443641-R,False,planned,False,,,,,2026-09-07T15:44:36.205822+02:00
NSR:StopPlace:62392,Slependen stasjon,2026-09-07T14:19:00+02:00,2026-09-07T14:19:00+02:00,,0.0,0,Asker,VYG:Line:L1,Spikkestad-Oslo S-Lillestrøm,L1,rail,VYG:ServiceJourney:2135_443542-R,False,planned,False,,,,,2026-09-07T15:44:36.205822+02:00
NSR:StopPlace:62295,Stanghelle stasjon,2026-09-07T12:05:00+02:00,2026-09-07T12:05:00+02:00,,0.0,0,Bergen,VYG:Line:R40,Bergen-Voss-Myrdal-Ål,R40,rail,VYG:ServiceJourney:1819_465756-R,False,planned,False,,,,,2026-09-07T15:44:36.205822+02:00
NSR:StopPlace:62295,Stanghelle stasjon,2026-09-07T13:41:00+02:00,2026-09-07T13:41:00+02:00,,0.0,0,Bergen,VYG:Line:R40,Bergen-Voss-Myrdal-Ål,R40,rail,VYG:ServiceJourney:1821_465760-R,False,planned,False,,,,,2026-09-07T15:44:36.205822+02:00
NSR:StopPlace:61979,Hellvik stasjon,2026-09-07T12:00:00+02:00,2026-09-07T12:00:00+02:00,,0.0,0,Egersund,GOA:Line:59,Jærbanen,L5,rail,GOA:ServiceJourney:3028_63064-R,False,planned,False,,,,,2026-09-07T15:44:36.205822+02:00
NSR:StopPlace:61979,Hellvik stasjon,2026-09-07T12:23:00+02:00,2026-09-07T12:23:00+02:00,,0.0,0,Stavanger,GOA:Line:59,Jærbanen,L5,rail,GOA:ServiceJourney:3033_63070-R,False,planned,False,,,,,2026-09-07T15:44:36.205822+02:00
NSR:StopPlace:61979,Hellvik stasjon,2026-09-07T12:58:00+02:00,2026-09-07T12:58:00+02:00,,0.0,0,Egersund,GOA:Line:59,Jærbanen,L5,rail,GOA:ServiceJourney:3032_63069-R,False,planned,False,,,,,2026-09-07T15:44:36.205822+02:00
NSR:StopPlace:61979,Hellvik stasjon,2026-09-07T13:21:00+02:00,2026-09-07T13:21:00+02:00,,0.0,0,Stavanger,GOA:Line:59,Jærbanen,L5,rail,GOA:ServiceJourney:3037_63074-R,False,planned,False,,,,,2026-09-07T15:44:36.205822+02:00
NSR:StopPlace:61979,Hellvik stasjon,2026-09-07T13:57:00+02:00,2026-09-07T13:57:00+02:00,,0.0,0,Egersund,GOA:Line:59,Jærbanen,L5,rail,GOA:ServiceJourney:3036_63073-R,False,planned,False,,,,,2026-09-07T15:44:36.205822+02:00
NSR:StopPlace:61979,Hellvik stasjon,2026-09-07T15:58:00+02:00,2026-09-07T15:58:00+02:00,,0.0,0,Stavanger,GOA:Line:59,Jærbanen,L5,rail,GOA:ServiceJourney:3047_63092-R,False,planned,False,,,,,2026-09-07T15:44:36.205822+02:00
NSR:StopPlace:61251,Øksnavadporten stasjon,2026-09-07T09:19:00+02:00,2026-09-07T09:19:00+02:00,,0.0,0,Egersund,GOA:Line:59,Jærbanen,L5,rail,GOA:ServiceJourney:3020_63052-R,False,planned,False,,,,,2026-09-07T08:42:24.659182+02:00
NSR:StopPlace:61251,Øksnavadporten stasjon,2026-09-07T09:35:00+02:00,2026-09-07T09:35:00+02:00,,0.0,0,Stavanger,GOA:Line:59,Jærbanen,L5,rail,GOA:ServiceJourney:3019_63051-R,False,planned,False,,,,,2026-09-07T08:42:24.659182+02:00
NSR:StopPlace:61291,Stavanger stasjon,2026-09-07T05:04:00+02:00,2026-09-07T05:04:00+02:00,,0.0,0,Skeiane,GOA:Line:59,Jærbanen,L5,rail,GOA:ServiceJourney:3102_63147-R,False,planned,False,,,,,2026-09-07T08:42:24.659182+02:00
NSR:StopPlace:61291,Stavanger stasjon,2026-09-07T05:32:00+02:00,2026-09-07T05:32:00+02:00,,0.0,0,Skeiane,GOA:Line:59,Jærbanen,L5,rail,GOA:ServiceJourney:3104_63149-R,False,planned,False,,,,,2026-09-07T08:42:24.659182+02:00
NSR:StopPlace:61291,Stavanger stasjon,2026-09-07T08:53:00+02:00,2026-09-07T08:53:00+02:00,,0.0,0,Egersund,GOA:Line:59,Jærbanen,L5,rail,GOA:ServiceJourney:3020_63052-R,False,planned,False,,,,,2026-09-07T08:42:24.659182+02:00
NSR:StopPlace:61291,Stavanger stasjon,2026-09-07T09:09:00+02:00,2026-09-07T09:09:00+02:00,,0.0,0,Skeiane,GOA:Line:59,Jærbanen,L5,rail,GOA:ServiceJourney:3118_63163-R,False,planned,False,,,,,2026-09-07T08:42:24.659182+02:00
NSR:StopPlace:61291,Stavanger stasjon,2026-09-07T09:23:00+02:00,2026-09-07T09:23:00+02:00,,0.0,0,Nærbø,GOA:Line:59,Jærbanen,L5,rail,GOA:ServiceJourney:3022_63056-R,False,planned,False,,,,,2026-09-07T08:42:24.659182+02:00
NSR:StopPlace:61291,Stavanger stasjon,2026-09-07T09:39:00+02:00,2026-09-07T09:39:00+02:00,,0.0,0,Skeiane,GOA:Line:59,Jærbanen,L5,rail,GOA:ServiceJourney:3120_63165-R,False,planned,False,,,,,2026-09-07T08:42:24.659182+02:00
NSR:StopPlace:8,Paradis stasjon,2026-09-07T05:06:00+02:00,2026-09-07T05:06:00+02:00,,0.0,0,Skeiane,GOA:Line:59,Jærbanen,L5,rail,GOA:ServiceJourney:3102_63147-R,False,planned,False,,,,,2026-09-07T08:42:24.659182+02:00
NSR:StopPlace:8,Paradis stasjon,2026-09-07T05:21:00+02:00,2026-09-07T05:21:00+02:00,,0.0,0,Stavanger,GOA:Line:59,Jærbanen,L5,rail,GOA:ServiceJourney:3103_63148-R,False,planned,False,,,,,2026-09-07T08:42:24.659182+02:00
NSR:StopPlace:8,Paradis stasjon,2026-09-07T05:34:00+02:00,2026-09-07T05:34:00+02:00,,0.0,0,Skeiane,GOA:Line:59,Jærbanen,L5,rail,GOA:ServiceJourney:3104_63149-R,False,planned,False,,,,,2026-09-07T08:42:24.659182+02:00
NSR:StopPlace:8,Paradis stasjon,2026-09-07T08:56:00+02:00,2026-09-07T08:56:00+02:00,,0.0,0,Egersund,GOA:Line:59,Jærbanen,L5,rail,GOA:ServiceJourney:3020_63052-R,False,planned,False,,,,,2026-09-07T08:42:24.659182+02:00
NSR:StopPlace:8,Paradis stasjon,2026-09-07T09:11:00+02:00,2026-09-07T09:11:00+02:00,,0.0,0,Skeiane,GOA:Line:59,Jærbanen,L5,rail,GOA:ServiceJourney:3118_63163-R,False,planned,False,,,,,2026-09-07T08:42:24.659182+02:00
NSR:StopPlace:8,Paradis stasjon,2026-09-07T09:12:00+02:00,2026-09-07T09:12:00+02:00,,0.0,0,Stavanger,GOA:Line:59,Jærbanen,L5,rail,GOA:ServiceJourney:3117_63162-R,False,planned,False,,,,,2026-09-07T08:42:24.659182+02:00
NSR:StopPlace:8,Paradis stasjon,2026-09-07T09:26:00+02:00,2026-09-07T09:26:00+02:00,,0.0,0,Nærbø,GOA:Line:59,Jærbanen,L5,rail,GOA:ServiceJourney:3022_63056-R,False,planned,False,,,,,2026-09-07T08:42:24.659182+02:00
NSR:StopPlace:8,Paradis stasjon,2026-09-07T09:41:00+02:00,2026-09-07T09:41:00+02:00,,0.0,0,Skeiane,GOA:Line:59,Jærbanen,L5,rail,GOA:ServiceJourney:3120_63165-R,False,planned,False,,,,,2026-09-07T08:42:24.659182+02:00
NSR:StopPlace:8,Paradis stasjon,2026-09-07T09:42:00+02:00,2026-09-07T09:42:00+02:00,,0.0,0,Stavanger,GOA:Line:59,Jærbanen,L5,rail,GOA:ServiceJourney:3119_63164-R,False,planned,False,,,,,2026-09-07T08:42:24.659182+02:00
NSR:StopPlace:6,Greverud stasjon,2026-09-07T04:48:00+02:00,2026-09-07T04:48:00+02:00,,0.0,0,Stabekk,VYG:Line:L2,Stabekk-Oslo S-Ski,L2,rail,VYG:ServiceJourney:2704-SKI_443910-R,False,planned,False,,,,,2026-09-07T08:42:24.659182+02:00
NSR:StopPlace:61460,Flaten stasjon,2026-09-07T09:04:00+02:00,2026-09-07T09:04:00+02:00,,0.0,0,Arendal,GOA:Line:53,Sørtoget lokal,R50,rail,GOA:ServiceJourney:2065_63018-R,False,planned,False,,,,,2026-09-07T08:42:24.659182+02:00
NSR:StopPlace:61465,Rise stasjon,2026-09-07T09:25:00+02:00,2026-09-07T09:25:00+02:00,,0.0,0,Arendal,GOA:Line:53,Sørtoget lokal,R50,rail,GOA:ServiceJourney:2065_63018-R,False,planned,False,,,,,2026-09-07T08:42:24.659182+02:00
NSR:StopPlace:61463,Nordstrand stasjon,2026-09-07T05:07:00+02:00,2026-09-07T05:07:00+02:00,,0.0,0,Stabekk,VYG:Line:L2,Stabekk-Oslo S-Ski,L2,rail,VYG:ServiceJourney:2704-SKI_443910-R,False,planned,False,,,,,2026-09-07T08:42:24.659182+02:00
NSR:StopPlace:61334,Ogna stasjon,2026-09-07T09:32:00+02:00,2026-09-07T09:32:00+02:00,,0.0,0,Stavanger,GOA:Line:59,Jærbanen,L5,rail,GOA:ServiceJourney:3021_63054-R,False,planned,False,,,,,2026-09-07T08:42:24.659182+02:00
NSR:StopPlace:61305,Degerfors station,2026-09-07T07:54:00+02:00,2026-09-07T07:54:00+02:00,,0.0,0,Karlstad-Oslo,SJV:Line:cfac9102-49ef-476c-8663-a6d468ee4f36,Stockholm-Hallsberg-Karlstad-Oslo,70,rail,SJV:ServiceJourney:6a1cad30-589d-4caf-b7c2-bb5a062db05d,False,planned,False,,,,,2026-09-07T08:42:24.659182+02:00
NSR:StopPlace:61305,Degerfors station,2026-09-07T09:10:00+02:00,2026-09-07T09:10:00+02:00,,0.0,0,Stockholm,SJV:Line:cfac9102-49ef-476c-8663-a6d468ee4f36,Stockholm-Hallsberg-Karlstad-Oslo,70,rail,SJV:ServiceJourney:e1cedc0d-fe1c-48d3-9c5f-e380d1547f8a,False,planned,False,,,,,2026-09-07T08:42:24.659182+02:00
NSR:StopPlace:61301,Movatn stasjon,2026-09-07T08:27:00+02:00,2026-09-07T08:27:00+02:00,,0.0,0,Nydalen,VYG:Line:R31,Skøyen-Jaren-Gjøvik,R31,rail,VYG:ServiceJourney:BUS-272_655596-R,False,planned,False,,,,,2026-09-07T08:42:24.659182+02:00
NSR:StopPlace:61301,Movatn stasjon,2026-09-07T09:27:00+02:00,2026-09-07T09:27:00+02:00,,0.0,0,Nydalen,VYG:Line:R31,Skøyen-Jaren-Gjøvik,R31,rail,VYG:ServiceJourney:BUS-274_655602-R,False,planned,False,,,,,2026-09-07T08:42:24.659182+02:00
NSR:StopPlace:61608,Kristiansand stasjon,2026-09-07T07:51:00+02:00,2026-09-07T07:51:00+02:00,,0.0,0,Gjerstad,GOA:Line:50,Sørtoget region,F5,rail,GOA:ServiceJourney:B704-DT_72896-R,False,planned,False,Sørtoget: Bane NOR utfører vedlikeholdsarbeid.,"Bane NOR utfører vedlikeholdsarbeid. Strekningen vil derfor være stengt i denne perioden og vi setter opp buss for tog mellom Kristiansand og Gjerstad for Sørtoget. NB: For reisende til/fra Nelaug og Vegårshei må taxi bestilles senest 48 timer før, på enkelte avganger. Send oss en e-post med informasjon om hvilken avgang du skal reise med til taxi@gan.no, eller kontakt oss på tlf. 61 25 80 00. Se reiseplanleggeren for oppdatert informasjon.",incident,noImpact,2026-09-07T08:42:24.659182+02:00
NSR:StopPlace:61608,Kristiansand stasjon,2026-09-07T09:05:00+02:00,2026-09-07T09:05:00+02:00,,0.0,0,Stavanger,GOA:Line:50,Sørtoget region,F5,rail,GOA:ServiceJourney:90705_62986-R,False,planned,False,,,,,2026-09-07T08:42:24.659182+02:00
NSR:StopPlace:61707,Jevnaker stasjon,2026-09-07T06:46:00+02:00,2026-09-07T06:46:00+02:00,,0.0,0,Gran via Grindvoll,INN:Line:451,Gran-Lunner-Grindvoll-Jevnaker,451,bus,INN:ServiceJourney:71506,False,planned,False,,,,,2026-09-07T08:42:24.659182+02:00
NSR:StopPlace:61707,Jevnaker stasjon,2026-09-07T07:02:00+02:00,2026-09-07T07:02:00+02:00,,0.0,0,Gran via Kalvsjø - Lunner,INN:Line:452,Gran-Lunner-Olimb-Jevnaker,452,bus,INN:ServiceJourney:71428,False,planned,False,,,,,2026-09-07T08:42:24.659182+02:00
NSR:StopPlace:61707,Jevnaker stasjon,2026-09-07T09:28:00+02:00,2026-09-07T09:28:00+02:00,,0.0,0,Jevnaker,INN:Line:451,Gran-Lunner-Grindvoll-Jevnaker,451,bus,INN:ServiceJourney:71491,False,planned,False,,,,,2026-09-07T08:42:24.659182+02:00
NSR:StopPlace:61707,Jevnaker stasjon,2026-09-07T09:32:00+02:00,2026-09-07T09:32:00+02:00,,0.0,0,Hønefoss over Eggemoen,INN:Line:113,Toso-Jevnaker-Hønefoss,113,bus,INN:ServiceJourney:70981,False,planned,False,,,,,2026-09-07T08:42:24.659182+02:00
NSR:StopPlace:33,Ranheim stasjon,2026-09-07T09:29:00+02:00,2026-09-07T09:29:00+02:00,,0.0,0,Steinkjer,SJN:Line:26,Trønderbanen,R70,rail,SJN:ServiceJourney:429-SOeB_56058-R,False,planned,False,,,,,2026-09-07T08:42:24.659182+02:00
NSR:StopPlace:61848,Söderhamn station,2026-09-07T07:34:00+02:00,2026-09-07T07:34:00+02:00,,0.0,0,Stockholm,SJV:Line:8ca80b34-505a-4d76-b047-58b01590d0e1,Luleå-Stockholm ,Luleå-Stockholm ,rail,SJV:ServiceJourney:a5d49afa-0d54-4c88-aed3-161717bb597d,False,planned,False,,,,,2026-09-07T08:42:24.659182+02:00
NSR:StopPlace:61846,Hudiksvall station,2026-09-07T06:45:00+02:00,2026-09-07T06:45:00+02:00,,0.0,0,Stockholm,SJV:Line:8ca80b34-505a-4d76-b047-58b01590d0e1,Luleå-Stockholm ,Luleå-Stockholm ,rail,SJV:ServiceJourney:a5d49afa-0d54-4c88-aed3-161717bb597d,False,planned,False,,,,,2026-09-07T08:42:24.659182+02:00
NSR:StopPlace:61872,Nærbø stasjon,2026-09-07T05:10:00+02:00,2026-09-07T05:10:00+02:00,,0.0,0,Stavanger,GOA:Line:59,Jærbanen,L5,rail,GOA:ServiceJourney:3001_63033-R,False,planned,False,,,,,2026-09-07T08:42:24.659182+02:00
NSR:StopPlace:61872,Nærbø stasjon,2026-09-07T05:24:00+02:00,2026-09-07T05:24:00+02:00,,0.0,0,Egersund,GOA:Line:59,Jærbanen,L5,rail,GOA:ServiceJourney:3004_63035-R,False,planned,False,,,,,2026-09-07T08:42:24.659182+02:00
NSR:StopPlace:61872,Nærbø stasjon,2026-09-07T05:43:00+02:00,2026-09-07T05:43:00+02:00,,0.0,0,Stavanger,GOA:Line:59,Jærbanen,L5,rail,GOA:ServiceJourney:3003_63034-R,False,planned,False,,,,,2026-09-07T08:42:24.659182+02:00
NSR:StopPlace:61872,Nærbø stasjon,2026-09-07T05:54:00+02:00,2026-09-07T05:54:00+02:00,,0.0,0,Egersund,GOA:Line:59,Jærbanen,L5,rail,GOA:ServiceJourney:3006_63037-R,False,planned,False,,,,,2026-09-07T08:42:24.659182+02:00
NSR:StopPlace:61872,Nærbø stasjon,2026-09-07T06:15:00+02:00,2026-09-07T06:15:00+02:00,,0.0,0,Stavanger,GOA:Line:59,Jærbanen,L5,rail,GOA:ServiceJourney:3005_63036-R,False,planned,False,,,,,2026-09-07T08:42:24.659182+02:00
NSR:StopPlace:61872,Nærbø stasjon,2026-09-07T09:22:00+02:00,2026-09-07T09:22:00+02:00,,0.0,0,Stavanger,GOA:Line:59,Jærbanen,L5,rail,GOA:ServiceJourney:3019_63051-R,False,planned,False,,,,,2026-09-07T08:42:24.659182+02:00
NSR:StopPlace:61872,Nærbø stasjon,2026-09-07T09:34:00+02:00,2026-09-07T09:34:00+02:00,,0.0,0,Egersund,GOA:Line:59,Jærbanen,L5,rail,GOA:ServiceJourney:3020_63052-R,False,planned,False,,,,,2026-09-07T08:42:24.659182+02:00
NSR:StopPlace:61897,Bryn stasjon,2026-09-07T05:35:00+02:00,2026-09-07T05:35:00+02:00,,0.0,0,Spikkestad,VYG:Line:L1,Spikkestad-Oslo S-Lillestrøm,L1,rail,VYG:ServiceJourney:2203_764731-R,False,planned,False,Færre vogner,Denne avgangen kjører dessverre med 4 vogner i stedet for 8 vogner. Dette skyldes at vi mangler et togsett.,general,normal,2026-09-07T08:42:24.659182+02:00
NSR:StopPlace:61897,Bryn stasjon,2026-09-07T05:45:00+02:00,2026-09-07T05:45:00+02:00,,0.0,0,Lillestrøm,VYG:Line:L1,Spikkestad-Oslo S-Lillestrøm,L1,rail,VYG:ServiceJourney:2204_443592-R,False,planned,False,,,,,2026-09-07T08:42:24.659182+02:00
NSR:StopPlace:61897,Bryn stasjon,2026-09-07T06:15:00+02:00,2026-09-07T06:15:00+02:00,,0.0,0,Lillestrøm,VYG:Line:L1,Spikkestad-Oslo S-Lillestrøm,L1,rail,VYG:ServiceJourney:2206_443594-R,False,planned,False,,,,,2026-09-07T08:42:24.659182+02:00
NSR:StopPlace:59789,Skotbu stasjon,2026-09-07T05:16:00+02:00,2026-09-07T05:16:00+02:00,,0.0,0,Oslo S,VYG:Line:R22,Skøyen-Oslo S-Mysen-Rakkestad,R22,rail,VYG:ServiceJourney:1904_443438-R,False,planned,False,,,,,2026-09-07T08:42:24.659182+02:00
NSR:StopPlace:59789,Skotbu stasjon,2026-09-07T06:20:00+02:00,2026-09-07T06:20:00+02:00,,0.0,0,Oslo S,VYG:Line:R22,Skøyen-Oslo S-Mysen-Rakkestad,R22,rail,VYG:ServiceJourney:1906_443441-R,False,planned,False,,,,,2026-09-07T08:42:24.659182+02:00
NSR:StopPlace:59872,Oslo S,2026-09-07T04:54:00+02:00,2026-09-07T04:54:00+02:00,,0.0,0,Eidsvoll,VYG:Line:R12,Kongsberg-Oslo S-Eidsvoll,R12,rail,VYG:ServiceJourney:500_444292-R,False,planned,False,,,,,2026-09-07T08:42:24.659182+02:00
NSR:StopPlace:59872,Oslo S,2026-09-07T05:00:00+02:00,2026-09-07T05:00:00+02:00,,0.0,0,Oslo Lufthavn,FLT:Line:FLY1,FLY1,FLY1,rail,FLT:ServiceJourney:1-2614-3703-20260907,False,planned,False,,,,,2026-09-07T08:42:24.659182+02:00
NSR:StopPlace:59872,Oslo S,2026-09-07T05:17:00+02:00,2026-09-07T05:17:00+02:00,,0.0,0,Stabekk,VYG:Line:L2,Stabekk-Oslo S-Ski,L2,rail,VYG:ServiceJourney:2704-SKI_443910-R,False,planned,False,,,,,2026-09-07T08:42:24.659182+02:00
NSR:StopPlace:59872,Oslo S,2026-09-07T05:20:00+02:00,2026-09-07T05:20:00+02:00,,0.0,0,Oslo Lufthavn,FLT:Line:FLY1,FLY1,FLY1,rail,FLT:ServiceJourney:1-2614-3705-20260907,False,planned,False,,,,,2026-09-07T08:42:24.659182+02:00
NSR:StopPlace:59872,Oslo S,2026-09-07T05:34:00+02:00,2026-09-07T05:34:00+02:00,,0.0,0,Roa,VYG:Line:RE30,Oslo S-Gjøvik,RE30,rail,VYG:ServiceJourney:BUS-1203_654979-R,False,planned,False,,,,,2026-09-07T08:42:24.659182+02:00
NSR:StopPlace:59872,Oslo S,2026-09-07T05:34:00+02:00,2026-09-07T05:34:00+02:00,,0.0,0,Roa,VYG:Line:RE30,Oslo S-Gjøvik,RE30,rail,VYG:ServiceJourney:BUS-1203_654978-R,False,planned,False,,,,,2026-09-07T08:42:24.659182+02:00
NSR:StopPlace:59872,Oslo S,2026-09-07T05:36:00+02:00,2026-09-07T05:36:00+02:00,,0.0,0,Ski,VYG:Line:R23,Stabekk-Oslo S-Moss,R23,rail,VYG:ServiceJourney:1503_443146-R,False,planned,False,,,,,2026-09-07T08:42:24.659182+02:00
NSR:StopPlace:59872,Oslo S,2026-09-07T05:37:00+02:00,2026-09-07T05:37:00+02:00,,0.0,0,Stabekk,VYG:Line:R21,Stabekk-Oslo S-Moss,R21,rail,VYG:ServiceJourney:1104-MOS_442975-R,False,planned,False,Ta neste tog | Innstilt Oslo S–Stabekk | Forsinket,Ta neste tog mellom Oslo S og Stabekk. | Toget er innstilt mellom Oslo S og Stabekk. Det skyldes at toget er forsinket. | Toget kjørte 13 minutter forsinket fra Kambo. Dette skyldes en tidligere stans.,incident | incident | incident,normal | normal | normal,2026-09-07T08:42:24.659182+02:00
NSR:StopPlace:59872,Oslo S,2026-09-07T05:40:00+02:00,2026-09-07T05:40:00+02:00,,0.0,0,Oslo Lufthavn,FLT:Line:FLY1,FLY1,FLY1,rail,FLT:ServiceJourney:1-2614-3707-20260907,False,planned,False,,,,,2026-09-07T08:42:24.659182+02:00
NSR:StopPlace:59872,Oslo S,2026-09-07T05:41:00+02:00,2026-09-07T05:41:00+02:00,,0.0,0,Lillestrøm,VYG:Line:L1,Spikkestad-Oslo S-Lillestrøm,L1,rail,VYG:ServiceJourney:2204_443592-R,False,planned,False,,,,,2026-09-07T08:42:24.659182+02:00
NSR:StopPlace:59872,Oslo S,2026-09-07T05:41:00+02:00,2026-09-07T05:41:00+02:00,,0.0,0,Spikkestad,VYG:Line:L1,Spikkestad-Oslo S-Lillestrøm,L1,rail,VYG:ServiceJourney:2203_764731-R,False,planned,False,Færre vogner,Denne avgangen kjører dessverre med 4 vogner i stedet for 8 vogner. Dette skyldes at vi mangler et togsett.,general,normal,2026-09-07T08:42:24.659182+02:00
NSR:StopPlace:59872,Oslo S,2026-09-07T05:46:00+02:00,2026-09-07T05:46:00+02:00,,0.0,0,Ski,VYG:Line:L2,Stabekk-Oslo S-Ski,L2,rail,VYG:ServiceJourney:2703-HVK_443909-R,False,planned,False,,,,,2026-09-07T08:42:24.659182+02:00
NSR:StopPlace:59872,Oslo S,2026-09-07T05:47:00+02:00,2026-09-07T05:47:00+02:00,,0.0,0,Karlstad-Stockholm,SJV:Line:cfac9102-49ef-476c-8663-a6d468ee4f36,Stockholm-Hallsberg-Karlstad-Oslo,70,rail,SJV:ServiceJourney:e1cedc0d-fe1c-48d3-9c5f-e380d1547f8a,False,planned,False,,,,,2026-09-07T08:42:24.659182+02:00
NSR:StopPlace:59872,Oslo S,2026-09-07T05:47:00+02:00,2026-09-07T05:47:00+02:00,,0.0,0,Stabekk,VYG:Line:L2,Stabekk-Oslo S-Ski,L2,rail,VYG:ServiceJourney:2706-SKI_443912-R,False,planned,False,,,,,2026-09-07T08:42:24.659182+02:00
NSR:StopPlace:59872,Oslo S,2026-09-07T05:52:00+02:00,2026-09-07T05:52:00+02:00,,0.0,0,Moss,VYG:Line:R21,Stabekk-Oslo S-Moss,R21,rail,VYG:ServiceJourney:1103-HVK_442974-R,False,planned,False,,,,,2026-09-07T08:42:24.659182+02:00
NSR:StopPlace:59872,Oslo S,2026-09-07T05:54:00+02:00,2026-09-07T05:54:00+02:00,,0.0,0,Eidsvoll,VYG:Line:R12,Kongsberg-Oslo S-Eidsvoll,R12,rail,VYG:ServiceJourney:502_444293-R,False,planned,False,,,,,2026-09-07T08:42:24.659182+02:00
NSR:StopPlace:59872,Oslo S,2026-09-07T05:59:00+02:00,2026-09-07T05:59:00+02:00,,0.0,0,Asker,VYG:Line:R14,Asker-Oslo S-Kongsvinger,R14,rail,VYG:ServiceJourney:1002_442907-R,False,planned,False,,,,,2026-09-07T08:42:24.659182+02:00
NSR:StopPlace:59872,Oslo S,2026-09-07T06:00:00+02:00,2026-09-07T06:00:00+02:00,,0.0,0,Oslo Lufthavn,FLT:Line:FLY1,FLY1,FLY1,rail,FLT:ServiceJourney:1-2614-3709-20260907,False,planned,False,,,,,2026-09-07T08:42:24.659182+02:00
NSR:StopPlace:59872,Oslo S,2026-09-07T06:01:00+02:00,2026-09-07T06:01:00+02:00,,0.0,0,Ski,VYG:Line:L2,Stabekk-Oslo S-Ski,L2,rail,VYG:ServiceJourney:2803_444016-R,False,planned,False,,,,,2026-09-07T08:42:24.659182+02:00
NSR:StopPlace:59872,Oslo S,2026-09-07T06:07:00+02:00,2026-09-07T06:07:00+02:00,,0.0,0,Stabekk,VYG:Line:R21,Stabekk-Oslo S-Moss,R21,rail,VYG:ServiceJourney:1106-MOS_442977-R,False,planned,False,,,,,2026-09-07T08:42:24.659182+02:00
NSR:StopPlace:59872,Oslo S,2026-09-07T06:10:00+02:00,2026-09-07T06:10:00+02:00,,0.0,0,Oslo Lufthavn,FLT:Line:FLY2,FLY2,FLY2,rail,FLT:ServiceJourney:1-2614-3507-20260907,False,planned,False,,,,,2026-09-07T08:42:24.659182+02:00
NSR:StopPlace:59872,Oslo S,2026-09-07T06:11:00+02:00,2026-09-07T06:11:00+02:00,,0.0,0,Lillestrøm,VYG:Line:L1,Spikkestad-Oslo S-Lillestrøm,L1,rail,VYG:ServiceJourney:2206_443594-R,False,planned,False,,,,,2026-09-07T08:42:24.659182+02:00
NSR:StopPlace:59872,Oslo S,2026-09-07T06:16:00+02:00,2026-09-07T06:16:00+02:00,,0.0,0,Ski,VYG:Line:L2,Stabekk-Oslo S-Ski,L2,rail,VYG:ServiceJourney:2705-HVK_443911-R,False,planned,False,,,,,2026-09-07T08:42:24.659182+02:00
NSR:StopPlace:59872,Oslo S,2026-09-07T06:17:00+02:00,2026-09-07T06:17:00+02:00,,0.0,0,Stabekk,VYG:Line:L2,Stabekk-Oslo S-Ski,L2,rail,VYG:ServiceJourney:2708-SKI_443914-R,False,planned,False,,,,,2026-09-07T08:42:24.659182+02:00
NSR:StopPlace:59872,Oslo S,2026-09-07T06:20:00+02:00,2026-09-07T06:20:00+02:00,,0.0,0,Oslo Lufthavn,FLT:Line:FLY1,FLY1,FLY1,rail,FLT:ServiceJourney:1-2614-3711-20260907,False,planned,False,,,,,2026-09-07T08:42:24.659182+02:00
NSR:StopPlace:59872,Oslo S,2026-09-07T06:22:00+02:00,2026-09-07T06:22:00+02:00,,0.0,0,Moss,VYG:Line:R21,Stabekk-Oslo S-Moss,R21,rail,VYG:ServiceJourney:1105-HVK_442976-R,False,planned,False,,,,,2026-09-07T08:42:24.659182+02:00
NSR:StopPlace:59872,Oslo S,2026-09-07T06:30:00+02:00,2026-09-07T06:30:00+02:00,,0.0,0,Oslo Lufthavn,FLT:Line:FLY2,FLY2,FLY2,rail,FLT:ServiceJourney:1-2614-3887-20260907,False,planned,False,,,,,2026-09-07T08:42:24.659182+02:00
NSR:StopPlace:59872,Oslo S,2026-09-07T06:31:00+02:00,2026-09-07T06:31:00+02:00,,0.0,0,Lysaker,VYG:Line:L2,Stabekk-Oslo S-Ski,L2,rail,VYG:ServiceJourney:2808-SKI_444019-R,False,planned,False,,,,,2026-09-07T08:42:24.659182+02:00
NSR:StopPlace:59872,Oslo S,2026-09-07T06:31:00+02:00,2026-09-07T06:31:00+02:00,,0.0,0,Ski,VYG:Line:L2,Stabekk-Oslo S-Ski,L2,rail,VYG:ServiceJourney:2805_444017-R,False,planned,False,,,,,2026-09-07T08:42:24.659182+02:00
NSR:StopPlace:59872,Oslo S,2026-09-07T06:36:00+02:00,2026-09-07T06:36:00+02:00,,0.0,0,Ski,VYG:Line:R23,Stabekk-Oslo S-Moss,R23,rail,VYG:ServiceJourney:1507_443149-R,False,planned,False,,,,,2026-09-07T08:42:24.659182+02:00
NSR:StopPlace:59872,Oslo S,2026-09-07T06:37:00+02:00,2026-09-07T06:37:00+02:00,,0.0,0,Stabekk,VYG:Line:R21,Stabekk-Oslo S-Moss,R21,rail,VYG:ServiceJourney:1108-MOS_442979-R,False,planned,False,,,,,2026-09-07T08:42:24.659182+02:00
NSR:StopPlace:59646,Høvik stasjon,2026-09-07T05:00:00+02:00,2026-09-07T05:00:00+02:00,,0.0,0,Torpekspressen - Torp airport,UNI:Line:UE2,Oslo Bussterminal - Torp Lufhavn,FB25,bus,UNI:ServiceJourney:UE2-169968-47995424,False,planned,False,,,,,2026-09-07T08:42:24.659182+02:00
NSR:StopPlace:59646,Høvik stasjon,2026-09-07T05:23:00+02:00,2026-09-07T05:23:00+02:00,,0.0,0,Lillestrøm,VYG:Line:L1,Spikkestad-Oslo S-Lillestrøm,L1,rail,VYG:ServiceJourney:2204_443592-R,False,planned,False,,,,,2026-09-07T08:42:24.659182+02:00
NSR:StopPlace:59646,Høvik stasjon,2026-09-07T05:53:00+02:00,2026-09-07T05:53:00+02:00,,0.0,0,Lillestrøm,VYG:Line:L1,Spikkestad-Oslo S-Lillestrøm,L1,rail,VYG:ServiceJourney:2206_443594-R,False,planned,False,,,,,2026-09-07T08:42:24.659182+02:00
NSR:StopPlace:59646,Høvik stasjon,2026-09-07T05:56:00+02:00,2026-09-07T05:56:00+02:00,,0.0,0,Spikkestad,VYG:Line:L1,Spikkestad-Oslo S-Lillestrøm,L1,rail,VYG:ServiceJourney:2203_764731-R,False,planned,False,Færre vogner,Denne avgangen kjører dessverre med 4 vogner i stedet for 8 vogner. Dette skyldes at vi mangler et togsett.,general,normal,2026-09-07T08:42:24.659182+02:00
NSR:StopPlace:59646,Høvik stasjon,2026-09-07T06:40:00+02:00,2026-09-07T06:40:00+02:00,,0.0,0,Torpekspressen - Torp airport,UNI:Line:UE2,Oslo Bussterminal - Torp Lufhavn,FB25,bus,UNI:ServiceJourney:UE2-169968-47995554,False,planned,False,,,,,2026-09-07T08:42:24.659182+02:00
NSR:StopPlace:59646,Høvik stasjon,2026-09-07T08:30:00+02:00,2026-09-07T08:30:00+02:00,,0.0,0,Torpekspressen - Torp airport,UNI:Line:UE2,Oslo Bussterminal - Torp Lufhavn,FB25,bus,UNI:ServiceJourney:UE2-169968-47995427,False,planned,False,,,,,2026-09-07T08:42:24.659182+02:00
NSR:StopPlace:59646,Høvik stasjon,2026-09-07T09:40:00+02:00,2026-09-07T09:40:00+02:00,,0.0,0,Asker,RUT:Line:270,Asker - Sandvika (- Fornebu),270,bus,RUT:ServiceJourney:f409775ac279150597d914e8e3303b28,False,planned,False,,,,,2026-09-07T08:42:24.659182+02:00
NSR:StopPlace:59647,Dal stasjon,2026-09-07T05:16:00+02:00,2026-09-07T05:16:00+02:00,,0.0,0,Eidsvoll,RUT:Line:430,Eidsvoll - Jessheim,430,bus,RUT:ServiceJourney:a4fbd18aa5e74e02c90c2b6c723d5ad3,False,planned,False,,,,,2026-09-07T08:42:24.659182+02:00
NSR:StopPlace:59647,Dal stasjon,2026-09-07T05:41:00+02:00,2026-09-07T05:41:00+02:00,,0.0,0,Jessheim,RUT:Line:430,Eidsvoll - Jessheim,430,bus,RUT:ServiceJourney:3a942b90aae8e1fef05874fcc8b147ae,False,planned,False,,,,,2026-09-07T08:42:24.659182+02:00
NSR:StopPlace:59647,Dal stasjon,2026-09-07T05:46:00+02:00,2026-09-07T05:46:00+02:00,,0.0,0,Eidsvoll,RUT:Line:430,Eidsvoll - Jessheim,430,bus,RUT:ServiceJourney:69e2efb17b866e61169d1538345ffef1,False,planned,False,,,,,2026-09-07T08:42:24.659182+02:00
NSR:StopPlace:59647,Dal stasjon,2026-09-07T06:11:00+02:00,2026-09-07T06:11:00+02:00,,0.0,0,Jessheim,RUT:Line:430,Eidsvoll - Jessheim,430,bus,RUT:ServiceJourney:5ab22b62f814aeb9145e0c6d02547241,False,planned,False,,,,,2026-09-07T08:42:24.659182+02:00
NSR:StopPlace:59647,Dal stasjon,2026-09-07T06:16:00+02:00,2026-09-07T06:16:00+02:00,,0.0,0,Eidsvoll,RUT:Line:430,Eidsvoll - Jessheim,430,bus,RUT:ServiceJourney:bb4df0a49f399f8fa3a0010df73f0191,False,planned,False,,,,,2026-09-07T08:42:24.659182+02:00
NSR:StopPlace:59648,Kjelsås stasjon,2026-09-07T05:10:00+02:00,2026-09-07T05:10:00+02:00,,0.0,0,Kværnerbyen,RUT:Line:54,Kværnerbyen - Kjelsås stasjon,54,bus,RUT:ServiceJourney:7801a54d3f3af90321e0b6ff706019ee,False,planned,False,,,,,2026-09-07T08:42:24.659182+02:00
NSR:StopPlace:59648,Kjelsås stasjon,2026-09-07T05:11:00+02:00,2026-09-07T05:11:00+02:00,,0.0,0,Haugerud,RUT:Line:25,Majorstuen-Haugerud,25,bus,RUT:ServiceJourney:87d8b2f727ca6e9cabf56c4e48b618a3,False,planned,False,,,,,2026-09-07T08:42:24.659182+02:00
NSR:StopPlace:59648,Kjelsås stasjon,2026-09-07T05:40:00+02:00,2026-09-07T05:40:00+02:00,,0.0,0,Kværnerbyen,RUT:Line:54,Kværnerbyen - Kjelsås stasjon,54,bus,RUT:ServiceJourney:2c10970af6afc7b51d7855dbc449e5bc,False,planned,False,,,,,2026-09-07T08:42:24.659182+02:00
NSR:StopPlace:59648,Kjelsås stasjon,2026-09-07T05:40:00+02:00,2026-09-07T05:40:00+02:00,,0.0,0,Roa,VYG:Line:RE30,Oslo S-Gjøvik,RE30,rail,VYG:ServiceJourney:BUS-1203_654980-R,False,planned,False,,,,,2026-09-07T08:42:24.659182+02:00
NSR:StopPlace:59648,Kjelsås stasjon,2026-09-07T05:40:00+02:00,2026-09-07T05:40:00+02:00,,0.0,0,Majorstuen,RUT:Line:25,Majorstuen-Haugerud,25,bus,RUT:ServiceJourney:5f3cc7cc96e81c3bee866dc03466f7ea,False,planned,False,,,,,2026-09-07T08:42:24.659182+02:00
NSR:StopPlace:59648,Kjelsås stasjon,2026-09-07T05:41:00+02:00,2026-09-07T05:41:00+02:00,,0.0,0,Haugerud,RUT:Line:25,Majorstuen-Haugerud,25,bus,RUT:ServiceJourney:ffd85f9b86c3276d60537f30e65f89b1,False,planned,False,,,,,2026-09-07T08:42:24.659182+02:00
NSR:StopPlace:59648,Kjelsås stasjon,2026-09-07T05:47:00+02:00,2026-09-07T05:47:00+02:00,,0.0,0,Nydalen,VYG:Line:R31,Skøyen-Jaren-Gjøvik,R31,rail,VYG:ServiceJourney:BUS-240_655531-R,False,planned,False,,,,,2026-09-07T08:42:24.659182+02:00
NSR:StopPlace:59648,Kjelsås stasjon,2026-09-07T05:55:00+02:00,2026-09-07T05:55:00+02:00,,0.0,0,Kværnerbyen,RUT:Line:54,Kværnerbyen - Kjelsås stasjon,54,bus,RUT:ServiceJourney:7c82f81fbafdbfc40798fe27ec9d7952,False,planned,False,,,,,2026-09-07T08:42:24.659182+02:00
NSR:StopPlace:59648,Kjelsås stasjon,2026-09-07T05:55:00+02:00,2026-09-07T05:55:00+02:00,,0.0,0,Majorstuen,RUT:Line:25,Majorstuen-Haugerud,25,bus,RUT:ServiceJourney:191913a4fb167ed4f558be76c01c3865,False,planned,False,,,,,2026-09-07T08:42:24.659182+02:00
NSR:StopPlace:59648,Kjelsås stasjon,2026-09-07T05:56:00+02:00,2026-09-07T05:56:00+02:00,,0.0,0,Haugerud,RUT:Line:25,Majorstuen-Haugerud,25,bus,RUT:ServiceJourney:edff50297b8f7e1aaf6a7126de0ee2aa,False,planned,False,,,,,2026-09-07T08:42:24.659182+02:00
NSR:StopPlace:59648,Kjelsås stasjon,2026-09-07T06:09:00+02:00,2026-09-07T06:09:00+02:00,,0.0,0,Kværnerbyen,RUT:Line:54,Kværnerbyen - Kjelsås stasjon,54,bus,RUT:ServiceJourney:302dfec0d4478dc81d509990dda272c2,False,planned,False,,,,,2026-09-07T08:42:24.659182+02:00
NSR:StopPlace:59648,Kjelsås stasjon,2026-09-07T06:10:00+02:00,2026-09-07T06:10:00+02:00,,0.0,0,Majorstuen,RUT:Line:25,Majorstuen-Haugerud,25,bus,RUT:ServiceJourney:a29541b3dfad7f78b0b56b1e5fce211a,False,planned,False,,,,,2026-09-07T08:42:24.659182+02:00
NSR:StopPlace:59648,Kjelsås stasjon,2026-09-07T06:11:00+02:00,2026-09-07T06:11:00+02:00,,0.0,0,Haugerud,RUT:Line:25,Majorstuen-Haugerud,25,bus,RUT:ServiceJourney:e37610adca09d75cd184dd7cb1e6db52,False,planned,False,,,,,2026-09-07T08:42:24.659182+02:00
NSR:StopPlace:59648,Kjelsås stasjon,2026-09-07T06:25:00+02:00,2026-09-07T06:25:00+02:00,,0.0,0,Majorstuen,RUT:Line:25,Majorstuen-Haugerud,25,bus,RUT:ServiceJourney:9bb09c1ca7ae8b1440ecb2c4fdfd4c61,False,planned,False,,,,,2026-09-07T08:42:24.659182+02:00
NSR:StopPlace:59648,Kjelsås stasjon,2026-09-07T06:40:00+02:00,2026-09-07T06:40:00+02:00,,0.0,0,Roa,VYG:Line:RE30,Oslo S-Gjøvik,RE30,rail,VYG:ServiceJourney:BUS-1205_654988-R,False,planned,False,,,,,2026-09-07T08:42:24.659182+02:00
NSR:StopPlace:59649,Nydalen stasjon,2026-09-07T04:46:00+02:00,2026-09-07T04:46:00+02:00,,0.0,0,Lysaker,RUT:Line:23,Lysaker - Simensbråten,23,bus,RUT:ServiceJourney:52460f9f9c8ef37b0fbaf88ba3a2060d,False,planned,False,,,,,2026-09-07T08:42:24.659182+02:00
NSR:StopPlace:59649,Nydalen stasjon,2026-09-07T05:03:00+02:00,2026-09-07T05:03:00+02:00,,0.0,0,Oslo lufthavn,NBU:Line:cb7b555c-f96e-42d5-84bf-a5e08c0145c2,Radiumhospitalet via Økern-Storo-Tåsen,FB3,bus,NBU:ServiceJourney:f0f7dd2e-b62b-4186-9b42-9757efdb8612,False,planned,False,,,,,2026-09-07T08:42:24.659182+02:00
NSR:StopPlace:59649,Nydalen stasjon,2026-09-07T05:16:00+02:00,2026-09-07T05:16:00+02:00,,0.0,0,Lysaker,RUT:Line:23,Lysaker - Simensbråten,23,bus,RUT:ServiceJourney:1350e67b2d15ec7a7217f8265e8cd570,False,planned,False,,,,,2026-09-07T08:42:24.659182+02:00
NSR:StopPlace:59649,Nydalen stasjon,2026-09-07T05:33:00+02:00,2026-09-07T05:33:00+02:00,,0.0,0,Oslo lufthavn,NBU:Line:cb7b555c-f96e-42d5-84bf-a5e08c0145c2,Radiumhospitalet via Økern-Storo-Tåsen,FB3,bus,NBU:ServiceJourney:3121e207-6839-438e-a24e-a659162dd02c,False,planned,False,,,,,2026-09-07T08:42:24.659182+02:00
NSR:StopPlace:59649,Nydalen stasjon,2026-09-07T05:46:00+02:00,2026-09-07T05:46:00+02:00,,0.0,0,Lysaker,RUT:Line:23,Lysaker - Simensbråten,23,bus,RUT:ServiceJourney:b00d5bcf3f22b99ee2f0ecab7a2da24c,False,planned,False,,,,,2026-09-07T08:42:24.659182+02:00
NSR:StopPlace:59649,Nydalen stasjon,2026-09-07T05:46:00+02:00,2026-09-07T05:46:00+02:00,,0.0,0,Simensbråten,RUT:Line:23,Lysaker - Simensbråten,23,bus,RUT:ServiceJourney:6364f32ab38782d3fb3162a474e26b2b,False,planned,False,,,,,2026-09-07T08:42:24.659182+02:00
NSR:StopPlace:59649,Nydalen stasjon,2026-09-07T05:47:00+02:00,2026-09-07T05:47:00+02:00,,0.0,0,Roa,VYG:Line:RE30,Oslo S-Gjøvik,RE30,rail,VYG:ServiceJourney:BUS-1203_654980-R,False,planned,False,,,,,2026-09-07T08:42:24.659182+02:00
NSR:StopPlace:59649,Nydalen stasjon,2026-09-07T06:01:00+02:00,2026-09-07T06:01:00+02:00,,0.0,0,Lysaker,RUT:Line:23,Lysaker - Simensbråten,23,bus,RUT:ServiceJourney:4e4d6ce736c7b3b359b2ac40855ef9b2,False,planned,False,,,,,2026-09-07T08:42:24.659182+02:00
NSR:StopPlace:59649,Nydalen stasjon,2026-09-07T06:16:00+02:00,2026-09-07T06:16:00+02:00,,0.0,0,Lysaker,RUT:Line:23,Lysaker - Simensbråten,23,bus,RUT:ServiceJourney:30c7f0201781588cd33c72aa5620f2ab,False,planned,False,,,,,2026-09-07T08:42:24.659182+02:00
NSR:StopPlace:59649,Nydalen stasjon,2026-09-07T06:16:00+02:00,2026-09-07T06:16:00+02:00,,0.0,0,Simensbråten,RUT:Line:23,Lysaker - Simensbråten,23,bus,RUT:ServiceJourney:7c8b488d6b8aac75478fb3fde09ad152,False,planned,False,,,,,2026-09-07T08:42:24.659182+02:00
NSR:StopPlace:59649,Nydalen stasjon,2026-09-07T06:47:00+02:00,2026-09-07T06:47:00+02:00,,0.0,0,Roa,VYG:Line:RE30,Oslo S-Gjøvik,RE30,rail,VYG:ServiceJourney:BUS-1205_654988-R,False,planned,False,,,,,2026-09-07T08:42:24.659182+02:00
NSR:StopPlace:59641,Fjellhamar stasjon,2026-09-07T05:17:00+02:00,2026-09-07T05:17:00+02:00,,0.0,0,Spikkestad,VYG:Line:L1,Spikkestad-Oslo S-Lillestrøm,L1,rail,VYG:ServiceJourney:2203_764731-R,False,planned,False,Færre vogner,Denne avgangen kjører dessverre med 4 vogner i stedet for 8 vogner. Dette skyldes at vi mangler et togsett.,general,normal,2026-09-07T08:42:24.659182+02:00
NSR:StopPlace:59641,Fjellhamar stasjon,2026-09-07T05:49:00+02:00,2026-09-07T05:49:00+02:00,,0.0,0,Ahus,RUT:Line:315,Vallerudtoppen - Ahus,315,bus,RUT:ServiceJourney:0561d146be6e96711f9b053934acf747,False,planned,False,,,,,2026-09-07T08:42:24.659182+02:00
NSR:StopPlace:59641,Fjellhamar stasjon,2026-09-07T06:03:00+02:00,2026-09-07T06:03:00+02:00,,0.0,0,Lillestrøm,VYG:Line:L1,Spikkestad-Oslo S-Lillestrøm,L1,rail,VYG:ServiceJourney:2204_443592-R,False,planned,False,,,,,2026-09-07T08:42:24.659182+02:00
NSR:StopPlace:59641,Fjellhamar stasjon,2026-09-07T06:03:00+02:00,2026-09-07T06:03:00+02:00,,0.0,0,Vallerudtoppen,RUT:Line:315,Vallerudtoppen - Ahus,315,bus,RUT:ServiceJourney:0c767c3ce3edeb1944b7f2aecad29aaf,False,planned,False,,,,,2026-09-07T08:42:24.659182+02:00
NSR:StopPlace:59641,Fjellhamar stasjon,2026-09-07T06:19:00+02:00,2026-09-07T06:19:00+02:00,,0.0,0,Ahus,RUT:Line:315,Vallerudtoppen - Ahus,315,bus,RUT:ServiceJourney:9dac3616ca6932d8dd6f68e42a8acae8,False,planned,False,,,,,2026-09-07T08:42:24.659182+02:00
NSR:StopPlace:59641,Fjellhamar stasjon,2026-09-07T06:33:00+02:00,2026-09-07T06:33:00+02:00,,0.0,0,Lillestrøm,VYG:Line:L1,Spikkestad-Oslo S-Lillestrøm,L1,rail,VYG:ServiceJourney:2206_443594-R,False,planned,False,,,,,2026-09-07T08:42:24.659182+02:00
NSR:StopPlace:59641,Fjellhamar stasjon,2026-09-07T06:33:00+02:00,2026-09-07T06:33:00+02:00,,0.0,0,Vallerudtoppen,RUT:Line:315,Vallerudtoppen - Ahus,315,bus,RUT:ServiceJourney:c9fe6c9b53a71df0784e5abca7a469d4,False,planned,False,,,,,2026-09-07T08:42:24.659182+02:00
NSR:StopPlace:59641,Fjellhamar stasjon,2026-09-07T09:33:00+02:00,2026-09-07T09:33:00+02:00,,0.0,0,Vallerudtoppen,RUT:Line:315,Vallerudtoppen - Ahus,315,bus,RUT:ServiceJourney:9899033849cad2832c0b75217b3bb56b,False,planned,False,,,,,2026-09-07T08:42:24.659182+02:00
NSR:StopPlace:59642,Rånåsfoss stasjon,2026-09-07T05:20:00+02:00,2026-09-07T05:20:00+02:00,,0.0,0,Asker,VYG:Line:R14,Asker-Oslo S-Kongsvinger,R14,rail,VYG:ServiceJourney:1002_442907-R,False,planned,False,,,,,2026-09-07T08:42:24.659182+02:00
NSR:StopPlace:59642,Rånåsfoss stasjon,2026-09-07T05:30:00+02:00,2026-09-07T05:30:00+02:00,,0.0,0,Årnes,RUT:Line:455,Årnes -Rånåsfoss,455,bus,RUT:ServiceJourney:315cba9f39b35750e6f3e8ce7e36b4ad,False,planned,False,,,,,2026-09-07T08:42:24.659182+02:00
NSR:StopPlace:59642,Rånåsfoss stasjon,2026-09-07T09:30:00+02:00,2026-09-07T09:30:00+02:00,,0.0,0,Årnes,RUT:Line:455,Årnes -Rånåsfoss,455,bus,RUT:ServiceJourney:2d9cee1e26acabefdeeea027d329f2eb,False,planned,False,,,,,2026-09-07T08:42:24.659182+02:00
NSR:StopPlace:59643,Grefsen stasjon,2026-09-07T04:45:00+02:00,2026-09-07T04:45:00+02:00,,0.0,0,Gaustadalléen,RUT:Line:17,Rikshospitalet - Sinsen o/ Carl Berner,17,tram,RUT:ServiceJourney:6553374277aa1b38bcdfacb52bf9dcc0,False,planned,False,,,,,2026-09-07T08:42:24.659182+02:00
NSR:StopPlace:59643,Grefsen stasjon,2026-09-07T05:05:00+02:00,2026-09-07T05:05:00+02:00,,0.0,0,Gaustadalléen,RUT:Line:17,Rikshospitalet - Sinsen o/ Carl Berner,17,tram,RUT:ServiceJourney:37ca60406ba71a658ca5e4351be3058f,False,planned,False,,,,,2026-09-07T08:42:24.659182+02:00
NSR:StopPlace:59643,Grefsen stasjon,2026-09-07T05:08:00+02:00,2026-09-07T05:08:00+02:00,,0.0,0,Oslo lufthavn,NBU:Line:cb7b555c-f96e-42d5-84bf-a5e08c0145c2,Radiumhospitalet via Økern-Storo-Tåsen,FB3,bus,NBU:ServiceJourney:f0f7dd2e-b62b-4186-9b42-9757efdb8612,False,planned,False,,,,,2026-09-07T08:42:24.659182+02:00
NSR:StopPlace:59643,Grefsen stasjon,2026-09-07T05:11:00+02:00,2026-09-07T05:11:00+02:00,,0.0,0,Lysaker,RUT:Line:23,Lysaker - Simensbråten,23,bus,RUT:ServiceJourney:1350e67b2d15ec7a7217f8265e8cd570,False,planned,False,,,,,2026-09-07T08:42:24.659182+02:00
NSR:StopPlace:59643,Grefsen stasjon,2026-09-07T05:35:00+02:00,2026-09-07T05:35:00+02:00,,0.0,0,Gaustadalléen,RUT:Line:17,Rikshospitalet - Sinsen o/ Carl Berner,17,tram,RUT:ServiceJourney:7e28c00f946aa347cb5fc4c33bf33231,False,planned,False,,,,,2026-09-07T08:42:24.659182+02:00
NSR:StopPlace:59643,Grefsen stasjon,2026-09-07T05:38:00+02:00,2026-09-07T05:38:00+02:00,,0.0,0,Oslo lufthavn,NBU:Line:cb7b555c-f96e-42d5-84bf-a5e08c0145c2,Radiumhospitalet via Økern-Storo-Tåsen,FB3,bus,NBU:ServiceJourney:3121e207-6839-438e-a24e-a659162dd02c,False,planned,False,,,,,2026-09-07T08:42:24.659182+02:00
NSR:StopPlace:59643,Grefsen stasjon,2026-09-07T05:41:00+02:00,2026-09-07T05:41:00+02:00,,0.0,0,Lysaker,RUT:Line:23,Lysaker - Simensbråten,23,bus,RUT:ServiceJourney:b00d5bcf3f22b99ee2f0ecab7a2da24c,False,planned,False,,,,,2026-09-07T08:42:24.659182+02:00
NSR:StopPlace:59643,Grefsen stasjon,2026-09-07T05:49:00+02:00,2026-09-07T05:49:00+02:00,,0.0,0,Simensbråten,RUT:Line:23,Lysaker - Simensbråten,23,bus,RUT:ServiceJourney:6364f32ab38782d3fb3162a474e26b2b,False,planned,False,,,,,2026-09-07T08:42:24.659182+02:00
NSR:StopPlace:59643,Grefsen stasjon,2026-09-07T05:50:00+02:00,2026-09-07T05:50:00+02:00,,0.0,0,Roa,VYG:Line:RE30,Oslo S-Gjøvik,RE30,rail,VYG:ServiceJourney:BUS-1203_654980-R,False,planned,False,,,,,2026-09-07T08:42:24.659182+02:00
NSR:StopPlace:59643,Grefsen stasjon,2026-09-07T05:56:00+02:00,2026-09-07T05:56:00+02:00,,0.0,0,Lysaker,RUT:Line:23,Lysaker - Simensbråten,23,bus,RUT:ServiceJourney:4e4d6ce736c7b3b359b2ac40855ef9b2,False,planned,False,,,,,2026-09-07T08:42:24.659182+02:00
NSR:StopPlace:59643,Grefsen stasjon,2026-09-07T06:05:00+02:00,2026-09-07T06:05:00+02:00,,0.0,0,Gaustadalléen,RUT:Line:17,Rikshospitalet - Sinsen o/ Carl Berner,17,tram,RUT:ServiceJourney:b60dcf7e4cbc14f20667578fca0db4d8,False,planned,False,,,,,2026-09-07T08:42:24.659182+02:00
NSR:StopPlace:59643,Grefsen stasjon,2026-09-07T06:11:00+02:00,2026-09-07T06:11:00+02:00,,0.0,0,Lysaker,RUT:Line:23,Lysaker - Simensbråten,23,bus,RUT:ServiceJourney:30c7f0201781588cd33c72aa5620f2ab,False,planned,False,,,,,2026-09-07T08:42:24.659182+02:00
NSR:StopPlace:59643,Grefsen stasjon,2026-09-07T06:19:00+02:00,2026-09-07T06:19:00+02:00,,0.0,0,Simensbråten,RUT:Line:23,Lysaker - Simensbråten,23,bus,RUT:ServiceJourney:7c8b488d6b8aac75478fb3fde09ad152,False,planned,False,,,,,2026-09-07T08:42:24.659182+02:00
NSR:StopPlace:59643,Grefsen stasjon,2026-09-07T06:50:00+02:00,2026-09-07T06:50:00+02:00,,0.0,0,Roa,VYG:Line:RE30,Oslo S-Gjøvik,RE30,rail,VYG:ServiceJourney:BUS-1205_654988-R,False,planned,False,,,,,2026-09-07T08:42:24.659182+02:00
NSR:StopPlace:59658,Moi stasjon,2026-09-07T06:16:00+02:00,2026-09-07T06:16:00+02:00,,0.0,0,Kristiansand,GOA:Line:50,Sørtoget region,F5,rail,GOA:ServiceJourney:704-STV_79263-R,False,planned,False,,,,,2026-09-07T08:42:24.659182+02:00
NSR:StopPlace:59658,Moi stasjon,2026-09-07T06:30:00+02:00,2026-09-07T06:30:00+02:00,,0.0,0,Egersund,GOA:Line:50,Sørtoget region,F5,rail,GOA:ServiceJourney:B701-A7_79524-R,False,planned,False,,,,,2026-09-07T08:42:24.659182+02:00
NSR:StopPlace:59659,Atna stasjon,2026-09-07T07:45:00+02:00,2026-09-07T07:45:00+02:00,,0.0,0,Bestillingsrute - on demand only,INN:FlexibleLine:8230,Bestillingsrute Koppang - Soll,8230,taxi,INN:ServiceJourney:56220,False,planned,False,,,,,2026-09-07T08:42:24.659182+02:00
NSR:StopPlace:59659,Atna stasjon,2026-09-07T09:24:00+02:00,2026-09-07T09:24:00+02:00,,0.0,0,Bestillingsrute - on demand only,INN:FlexibleLine:8230,Bestillingsrute Koppang - Soll,8230,taxi,INN:ServiceJourney:56221,False,planned,False,,,,,2026-09-07T08:42:24.659182+02:00
NSR:StopPlace:60640,Heimdal stasjon,2026-09-07T04:51:00+02:00,2026-09-07T04:51:00+02:00,,0.0,0,Sandmoen via Byåsen-sentrum,ATB:Line:2_53,Lundåsen- Heimdal- Saupstad- Flatåsen- Hallset- Ila- Sentrum- Sandmoen,53,bus,ATB:ServiceJourney:53_251215112543863_2,False,planned,False,,,,,2026-09-07T08:42:24.659182+02:00
NSR:StopPlace:60640,Heimdal stasjon,2026-09-07T05:06:00+02:00,2026-09-07T05:06:00+02:00,,0.0,0,Strindheim via Kolstad-sentrum,ATB:Line:2_2,Strindheim- Lade- sentrum- Sau,2,bus,ATB:ServiceJourney:2_251215112550025_1,False,planned,False,,,,,2026-09-07T08:42:24.659182+02:00
NSR:StopPlace:60640,Heimdal stasjon,2026-09-07T05:21:00+02:00,2026-09-07T05:21:00+02:00,,0.0,0,Ranheim via Tiller-sentrum,ATB:Line:2_1,Ranheim - Strindheim - sentrum - Tiller - Heimdal - Kattem,1,bus,ATB:ServiceJourney:1_251215112545915_1,False,planned,False,,,,,2026-09-07T08:42:24.659182+02:00
NSR:StopPlace:60640,Heimdal stasjon,2026-09-07T05:26:00+02:00,2026-09-07T05:26:00+02:00,,0.0,0,Strindheim via Kolstad-sentrum,ATB:Line:2_2,Strindheim- Lade- sentrum- Sau,2,bus,ATB:ServiceJourney:2_251215112549981_3,False,planned,False,,,,,2026-09-07T08:42:24.659182+02:00
NSR:StopPlace:60640,Heimdal stasjon,2026-09-07T05:41:00+02:00,2026-09-07T05:41:00+02:00,,0.0,0,Ranheim via Tiller-sentrum,ATB:Line:2_1,Ranheim - Strindheim - sentrum - Tiller - Heimdal - Kattem,1,bus,ATB:ServiceJourney:1_251215112545864_3,False,planned,False,,,,,2026-09-07T08:42:24.659182+02:00
NSR:StopPlace:60640,Heimdal stasjon,2026-09-07T05:46:00+02:00,2026-09-07T05:46:00+02:00,,0.0,0,Strindheim via Kolstad-sentrum,ATB:Line:2_2,Strindheim- Lade- sentrum- Sau,2,bus,ATB:ServiceJourney:2_251215112549982_5,False,planned,False,,,,,2026-09-07T08:42:24.659182+02:00
NSR:StopPlace:60640,Heimdal stasjon,2026-09-07T05:57:00+02:00,2026-09-07T05:57:00+02:00,,0.0,0,Torgård,ATB:Line:2_46,Torgård- Lundåsen,46,bus,ATB:ServiceJourney:46_251215112544163_1,False,planned,False,,,,,2026-09-07T08:42:24.659182+02:00
NSR:StopPlace:60640,Heimdal stasjon,2026-09-07T06:01:00+02:00,2026-09-07T06:01:00+02:00,,0.0,0,Ranheim via Tiller-sentrum,ATB:Line:2_1,Ranheim - Strindheim - sentrum - Tiller - Heimdal - Kattem,1,bus,ATB:ServiceJourney:1_251215112545865_5,False,planned,False,,,,,2026-09-07T08:42:24.659182+02:00
NSR:StopPlace:60640,Heimdal stasjon,2026-09-07T06:01:00+02:00,2026-09-07T06:01:00+02:00,,0.0,0,Strindheim via Kolstad-sentrum,ATB:Line:2_2,Strindheim- Lade- sentrum- Sau,2,bus,ATB:ServiceJourney:2_251215112550029_7,False,planned,False,,,,,2026-09-07T08:42:24.659182+02:00
NSR:StopPlace:60640,Heimdal stasjon,2026-09-07T06:02:00+02:00,2026-09-07T06:02:00+02:00,,0.0,0,Lund,ATB:Line:2_2,Strindheim- Lade- sentrum- Sau,2,bus,ATB:ServiceJourney:2_251215112550126_2,False,planned,False,,,,,2026-09-07T08:42:24.659182+02:00
NSR:StopPlace:60640,Heimdal stasjon,2026-09-07T06:11:00+02:00,2026-09-07T06:11:00+02:00,,0.0,0,Kattem,ATB:Line:2_1,Ranheim - Strindheim - sentrum - Tiller - Heimdal - Kattem,1,bus,ATB:ServiceJourney:1_251215112546293_2,False,planned,False,,,,,2026-09-07T08:42:24.659182+02:00
NSR:StopPlace:60640,Heimdal stasjon,2026-09-07T06:17:00+02:00,2026-09-07T06:17:00+02:00,,0.0,0,Torgård,ATB:Line:2_46,Torgård- Lundåsen,46,bus,ATB:ServiceJourney:46_251215112544164_3,False,planned,False,,,,,2026-09-07T08:42:24.659182+02:00
NSR:StopPlace:60640,Heimdal stasjon,2026-09-07T06:22:00+02:00,2026-09-07T06:22:00+02:00,,0.0,0,Lund,ATB:Line:2_2,Strindheim- Lade- sentrum- Sau,2,bus,ATB:ServiceJourney:2_251215112550127_4,False,planned,False,,,,,2026-09-07T08:42:24.659182+02:00
NSR:StopPlace:60640,Heimdal stasjon,2026-09-07T06:27:00+02:00,2026-09-07T06:27:00+02:00,,0.0,0,Sandmoen,ATB:Line:2_50,Ila - Sverresborg - Byåsen - Flatåsen - Saupstadringen - Heimdal - Sandmoen,50,bus,ATB:ServiceJourney:50_251215112543857_2,False,planned,False,,,,,2026-09-07T08:42:24.659182+02:00
NSR:StopPlace:60640,Heimdal stasjon,2026-09-07T06:28:00+02:00,2026-09-07T06:28:00+02:00,,0.0,0,Torgård via Tillerringen,ATB:Line:2_16,Flatåsen- Heimdal- Torgård,16,bus,ATB:ServiceJourney:16_251215112550544_2,False,planned,False,,,,,2026-09-07T08:42:24.659182+02:00
NSR:StopPlace:60640,Heimdal stasjon,2026-09-07T06:31:00+02:00,2026-09-07T06:31:00+02:00,,0.0,0,Kattem,ATB:Line:2_1,Ranheim - Strindheim - sentrum - Tiller - Heimdal - Kattem,1,bus,ATB:ServiceJourney:1_251215112546294_4,False,planned,False,,,,,2026-09-07T08:42:24.659182+02:00
NSR:StopPlace:60640,Heimdal stasjon,2026-09-07T06:31:00+02:00,2026-09-07T06:31:00+02:00,,0.0,0,Strindheim via Kolstad-sentrum,ATB:Line:2_2,Strindheim- Lade- sentrum- Sau,2,bus,ATB:ServiceJourney:2_251215112549916_15,False,planned,False,,,,,2026-09-07T08:42:24.659182+02:00
NSR:StopPlace:60640,Heimdal stasjon,2026-09-07T06:36:00+02:00,2026-09-07T06:36:00+02:00,,0.0,0,Lundåsen,ATB:Line:2_46,Torgård- Lundåsen,46,bus,ATB:ServiceJourney:46_251215112544081_2,False,planned,False,,,,,2026-09-07T08:42:24.659182+02:00
NSR:StopPlace:60640,Heimdal stasjon,2026-09-07T06:37:00+02:00,2026-09-07T06:37:00+02:00,,0.0,0,Torgård,ATB:Line:2_46,Torgård- Lundåsen,46,bus,ATB:ServiceJourney:46_251215112544165_5,False,planned,False,,,,,2026-09-07T08:42:24.659182+02:00
NSR:StopPlace:60640,Heimdal stasjon,2026-09-07T06:42:00+02:00,2026-09-07T06:42:00+02:00,,0.0,0,Lund,ATB:Line:2_2,Strindheim- Lade- sentrum- Sau,2,bus,ATB:ServiceJourney:2_251215112550128_6,False,planned,False,,,,,2026-09-07T08:42:24.659182+02:00
NSR:StopPlace:59650,Nyland stasjon,2026-09-07T04:52:00+02:00,2026-09-07T04:52:00+02:00,,0.0,0,Oslo lufthavn,NBU:Line:cb7b555c-f96e-42d5-84bf-a5e08c0145c2,Radiumhospitalet via Økern-Storo-Tåsen,FB3,bus,NBU:ServiceJourney:0e22b733-a412-4078-987f-4047b44fa091,False,planned,False,,,,,2026-09-07T08:42:24.659182+02:00
NSR:StopPlace:59650,Nyland stasjon,2026-09-07T05:22:00+02:00,2026-09-07T05:22:00+02:00,,0.0,0,Oslo lufthavn,NBU:Line:cb7b555c-f96e-42d5-84bf-a5e08c0145c2,Radiumhospitalet via Økern-Storo-Tåsen,FB3,bus,NBU:ServiceJourney:f0f7dd2e-b62b-4186-9b42-9757efdb8612,False,planned,False,,,,,2026-09-07T08:42:24.659182+02:00
NSR:StopPlace:59650,Nyland stasjon,2026-09-07T05:29:00+02:00,2026-09-07T05:29:00+02:00,,0.0,0,Spikkestad,VYG:Line:L1,Spikkestad-Oslo S-Lillestrøm,L1,rail,VYG:ServiceJourney:2203_764731-R,False,planned,False,Færre vogner,Denne avgangen kjører dessverre med 4 vogner i stedet for 8 vogner. Dette skyldes at vi mangler et togsett.,general,normal,2026-09-07T08:42:24.659182+02:00
NSR:StopPlace:59650,Nyland stasjon,2026-09-07T05:51:00+02:00,2026-09-07T05:51:00+02:00,,0.0,0,Lillestrøm,VYG:Line:L1,Spikkestad-Oslo S-Lillestrøm,L1,rail,VYG:ServiceJourney:2204_443592-R,False,planned,False,,,,,2026-09-07T08:42:24.659182+02:00
NSR:StopPlace:59650,Nyland stasjon,2026-09-07T05:52:00+02:00,2026-09-07T05:52:00+02:00,,0.0,0,Oslo lufthavn,NBU:Line:cb7b555c-f96e-42d5-84bf-a5e08c0145c2,Radiumhospitalet via Økern-Storo-Tåsen,FB3,bus,NBU:ServiceJourney:3121e207-6839-438e-a24e-a659162dd02c,False,planned,False,,,,,2026-09-07T08:42:24.659182+02:00
NSR:StopPlace:59650,Nyland stasjon,2026-09-07T05:54:00+02:00,2026-09-07T05:54:00+02:00,,0.0,0,Lørenskog sentrum,RUT:Line:67,Økern-Lørenskog sentrum,67,bus,RUT:ServiceJourney:060bc6aae3b7768de5092540fe5dffb5,False,planned,False,,,,,2026-09-07T08:42:24.659182+02:00
NSR:StopPlace:59650,Nyland stasjon,2026-09-07T06:10:00+02:00,2026-09-07T06:10:00+02:00,,0.0,0,Økern,RUT:Line:67,Økern-Lørenskog sentrum,67,bus,RUT:ServiceJourney:739aaf693de3aadb86f4902951b1f33e,False,planned,False,,,,,2026-09-07T08:42:24.659182+02:00
NSR:StopPlace:59650,Nyland stasjon,2026-09-07T06:15:00+02:00,2026-09-07T06:15:00+02:00,,0.0,0,Vestvollen,RUT:Line:345,Vestvollen - Økern,345,bus,RUT:ServiceJourney:9e16d6e59087720025ea2f44c2d28751,False,planned,False,,,,,2026-09-07T08:42:24.659182+02:00
NSR:StopPlace:59650,Nyland stasjon,2026-09-07T06:21:00+02:00,2026-09-07T06:21:00+02:00,,0.0,0,Lillestrøm,VYG:Line:L1,Spikkestad-Oslo S-Lillestrøm,L1,rail,VYG:ServiceJourney:2206_443594-R,False,planned,False,,,,,2026-09-07T08:42:24.659182+02:00
NSR:StopPlace:59650,Nyland stasjon,2026-09-07T06:24:00+02:00,2026-09-07T06:24:00+02:00,,0.0,0,Lørenskog sentrum,RUT:Line:67,Økern-Lørenskog sentrum,67,bus,RUT:ServiceJourney:e1ff1f28e453f23d38c779901d0f389d,False,planned,False,,,,,2026-09-07T08:42:24.659182+02:00
NSR:StopPlace:59650,Nyland stasjon,2026-09-07T06:25:00+02:00,2026-09-07T06:25:00+02:00,,0.0,0,Vestvollen,RUT:Line:345,Vestvollen - Økern,345,bus,RUT:ServiceJourney:53998d25d1a66db82c20866c148efde5,False,planned,False,,,,,2026-09-07T08:42:24.659182+02:00
NSR:StopPlace:59650,Nyland stasjon,2026-09-07T06:30:00+02:00,2026-09-07T06:30:00+02:00,,0.0,0,Økern,RUT:Line:345,Vestvollen - Økern,345,bus,RUT:ServiceJourney:f0b1a694e97569f850251fe2b6dd481a,False,planned,False,,,,,2026-09-07T08:42:24.659182+02:00
NSR:StopPlace:59650,Nyland stasjon,2026-09-07T06:40:00+02:00,2026-09-07T06:40:00+02:00,,0.0,0,Økern,RUT:Line:67,Økern-Lørenskog sentrum,67,bus,RUT:ServiceJourney:146e7dcb22afe834fd01e9c13e25d97e,False,planned,False,,,,,2026-09-07T08:42:24.659182+02:00
NSR:StopPlace:59651,Skøyen stasjon,2026-09-07T04:44:00+02:00,2026-09-07T04:44:00+02:00,,0.0,0,Eidsvoll,VYG:Line:R12,Kongsberg-Oslo S-Eidsvoll,R12,rail,VYG:ServiceJourney:500_444292-R,False,planned,False,,,,,2026-09-07T08:42:24.659182+02:00
NSR:StopPlace:59651,Skøyen stasjon,2026-09-07T04:47:00+02:00,2026-09-07T04:47:00+02:00,,0.0,0,Galgeberg,RUT:Line:20,Skøyen - Galgeberg,20,bus,RUT:ServiceJourney:a473bc1e68763fdad8d7c97d10e9fd9c,False,planned,False,,,,,2026-09-07T08:42:24.659182+02:00
NSR:StopPlace:59651,Skøyen stasjon,2026-09-07T04:49:00+02:00,2026-09-07T04:49:00+02:00,,0.0,0,Oslo Lufthavn,FLT:Line:FLY1,FLY1,FLY1,rail,FLT:ServiceJourney:1-2614-3703-20260907,False,planned,False,,,,,2026-09-07T08:42:24.659182+02:00
NSR:StopPlace:59651,Skøyen stasjon,2026-09-07T05:06:00+02:00,2026-09-07T05:06:00+02:00,,0.0,0,Fornebu,RUT:Line:31,Snarøya - Fornebu - Tonsenhagen - Grorud,31,bus,RUT:ServiceJourney:a4a07d5806539c391daf9d1fbc9135c6,False,planned,False,,,,,2026-09-07T08:42:24.659182+02:00
NSR:StopPlace:59651,Skøyen stasjon,2026-09-07T05:09:00+02:00,2026-09-07T05:09:00+02:00,,0.0,0,Oslo Lufthavn,FLT:Line:FLY1,FLY1,FLY1,rail,FLT:ServiceJourney:1-2614-3705-20260907,False,planned,False,,,,,2026-09-07T08:42:24.659182+02:00
NSR:StopPlace:59651,Skøyen stasjon,2026-09-07T05:12:00+02:00,2026-09-07T05:12:00+02:00,,0.0,0,Grorud T,RUT:Line:31,Snarøya - Fornebu - Tonsenhagen - Grorud,31,bus,RUT:ServiceJourney:0e11fee6ebe4d2c3eeccd3265dedac19,False,planned,False,,,,,2026-09-07T08:42:24.659182+02:00
NSR:StopPlace:59651,Skøyen stasjon,2026-09-07T05:16:00+02:00,2026-09-07T05:16:00+02:00,,0.0,0,Galgeberg,RUT:Line:20,Skøyen - Galgeberg,20,bus,RUT:ServiceJourney:f49113b0d382b6d2f280f50b46ea8644,False,planned,False,,,,,2026-09-07T08:42:24.659182+02:00
NSR:StopPlace:59651,Skøyen stasjon,2026-09-07T05:23:00+02:00,2026-09-07T05:23:00+02:00,,0.0,0,Stabekk,VYG:Line:L2,Stabekk-Oslo S-Ski,L2,rail,VYG:ServiceJourney:2704-SKI_443910-R,False,planned,False,,,,,2026-09-07T08:42:24.659182+02:00
NSR:StopPlace:59651,Skøyen stasjon,2026-09-07T05:26:00+02:00,2026-09-07T05:26:00+02:00,,0.0,0,Skøyen,RUT:Line:3013,Buss for linje 13,13B,bus,RUT:ServiceJourney:ef2bb184ba8e1eee57f07252da36e59c,False,planned,False,Linje 13: Buss for trikk mellom Thune og Lilleaker ,Vi kjører buss for trikk (linje 13B) mellom Thune og Lilleaker. Bussen stopper ikke på Sollerud. 13B betjener Thune fra midlertidig holdeplass i Drammensveien,incident,normal,2026-09-07T08:42:24.659182+02:00
NSR:StopPlace:59651,Skøyen stasjon,2026-09-07T05:29:00+02:00,2026-09-07T05:29:00+02:00,,0.0,0,Oslo Lufthavn,FLT:Line:FLY1,FLY1,FLY1,rail,FLT:ServiceJourney:1-2614-3707-20260907,False,planned,False,,,,,2026-09-07T08:42:24.659182+02:00
NSR:StopPlace:59651,Skøyen stasjon,2026-09-07T05:31:00+02:00,2026-09-07T05:31:00+02:00,,0.0,0,Galgeberg,RUT:Line:20,Skøyen - Galgeberg,20,bus,RUT:ServiceJourney:4546f23ec8bac8acd02e077e5ab35096,False,planned,False,,,,,2026-09-07T08:42:24.659182+02:00
NSR:StopPlace:59651,Skøyen stasjon,2026-09-07T05:32:00+02:00,2026-09-07T05:32:00+02:00,,0.0,0,Lillestrøm,VYG:Line:L1,Spikkestad-Oslo S-Lillestrøm,L1,rail,VYG:ServiceJourney:2204_443592-R,False,planned,False,,,,,2026-09-07T08:42:24.659182+02:00
NSR:StopPlace:59651,Skøyen stasjon,2026-09-07T05:36:00+02:00,2026-09-07T05:36:00+02:00,,0.0,0,Fornebu,RUT:Line:31,Snarøya - Fornebu - Tonsenhagen - Grorud,31,bus,RUT:ServiceJourney:d35063db109840861f39fc76d4fd5050,False,planned,False,,,,,2026-09-07T08:42:24.659182+02:00
NSR:StopPlace:59651,Skøyen stasjon,2026-09-07T05:36:00+02:00,2026-09-07T05:36:00+02:00,,0.0,0,Ski,VYG:Line:L2,Stabekk-Oslo S-Ski,L2,rail,VYG:ServiceJourney:2703-HVK_443909-R,False,planned,False,,,,,2026-09-07T08:42:24.659182+02:00
NSR:StopPlace:59651,Skøyen stasjon,2026-09-07T05:37:00+02:00,2026-09-07T05:37:00+02:00,,0.0,0,Grorud T,RUT:Line:31,Snarøya - Fornebu - Tonsenhagen - Grorud,31,bus,RUT:ServiceJourney:765b7efd5dc82448a16483d5a1c06bab,False,planned,False,,,,,2026-09-07T08:42:24.659182+02:00
NSR:StopPlace:59651,Skøyen stasjon,2026-09-07T05:40:00+02:00,2026-09-07T05:40:00+02:00,,0.0,0,Lilleaker,RUT:Line:3013,Buss for linje 13,13B,bus,RUT:ServiceJourney:f28834a4ccc0c6da223cbe05e45fc9e7,False,planned,False,Linje 13: Buss for trikk mellom Thune og Lilleaker ,Vi kjører buss for trikk (linje 13B) mellom Thune og Lilleaker. Bussen stopper ikke på Sollerud. 13B betjener Thune fra midlertidig holdeplass i Drammensveien,incident,normal,2026-09-07T08:42:24.659182+02:00
NSR:StopPlace:59651,Skøyen stasjon,2026-09-07T05:41:00+02:00,2026-09-07T05:41:00+02:00,,0.0,0,Skøyen,RUT:Line:3013,Buss for linje 13,13B,bus,RUT:ServiceJourney:59dacae271ca8577eb2862c1169a2e14,False,planned,False,Linje 13: Buss for trikk mellom Thune og Lilleaker ,Vi kjører buss for trikk (linje 13B) mellom Thune og Lilleaker. Bussen stopper ikke på Sollerud. 13B betjener Thune fra midlertidig holdeplass i Drammensveien,incident,normal,2026-09-07T08:42:24.659182+02:00
NSR:StopPlace:59651,Skøyen stasjon,2026-09-07T05:42:00+02:00,2026-09-07T05:42:00+02:00,,0.0,0,Moss,VYG:Line:R21,Stabekk-Oslo S-Moss,R21,rail,VYG:ServiceJourney:1103-HVK_442974-R,False,planned,False,,,,,2026-09-07T08:42:24.659182+02:00
NSR:StopPlace:59651,Skøyen stasjon,2026-09-07T05:43:00+02:00,2026-09-07T05:43:00+02:00,,0.0,0,Stabekk,VYG:Line:R21,Stabekk-Oslo S-Moss,R21,rail,VYG:ServiceJourney:1104-MOS_442975-R,False,planned,False,Ta neste tog | Innstilt Oslo S–Stabekk | Forsinket,Ta neste tog mellom Oslo S og Stabekk. | Toget er innstilt mellom Oslo S og Stabekk. Det skyldes at toget er forsinket. | Toget kjørte 13 minutter forsinket fra Kambo. Dette skyldes en tidligere stans.,incident | incident | incident,normal | normal | normal,2026-09-07T08:42:24.659182+02:00
NSR:StopPlace:59651,Skøyen stasjon,2026-09-07T05:44:00+02:00,2026-09-07T05:44:00+02:00,,0.0,0,Skøyen,RUT:Line:130,Sandvika -Skøyen,130,bus,RUT:ServiceJourney:b51ed633792f9d954444e2447142f9f4,False,planned,False,,,,,2026-09-07T08:42:24.659182+02:00
NSR:StopPlace:59651,Skøyen stasjon,2026-09-07T05:44:00+02:00,2026-09-07T05:44:00+02:00,,0.0,0,Eidsvoll,VYG:Line:R12,Kongsberg-Oslo S-Eidsvoll,R12,rail,VYG:ServiceJourney:502_444293-R,False,planned,False,,,,,2026-09-07T08:42:24.659182+02:00
NSR:StopPlace:59651,Skøyen stasjon,2026-09-07T05:46:00+02:00,2026-09-07T05:46:00+02:00,,0.0,0,Galgeberg,RUT:Line:20,Skøyen - Galgeberg,20,bus,RUT:ServiceJourney:e4ae4e364f26a1728c89877a767beebe,False,planned,False,,,,,2026-09-07T08:42:24.659182+02:00
NSR:StopPlace:59651,Skøyen stasjon,2026-09-07T05:47:00+02:00,2026-09-07T05:47:00+02:00,,0.0,0,Tonsenhagen,RUT:Line:31,Snarøya - Fornebu - Tonsenhagen - Grorud,31,bus,RUT:ServiceJourney:24205f920a18af0082cd8e362f68870c,False,planned,False,,,,,2026-09-07T08:42:24.659182+02:00
NSR:StopPlace:59651,Skøyen stasjon,2026-09-07T05:47:00+02:00,2026-09-07T05:47:00+02:00,,0.0,0,Spikkestad,VYG:Line:L1,Spikkestad-Oslo S-Lillestrøm,L1,rail,VYG:ServiceJourney:2203_764731-R,False,planned,False,Færre vogner,Denne avgangen kjører dessverre med 4 vogner i stedet for 8 vogner. Dette skyldes at vi mangler et togsett.,general,normal,2026-09-07T08:42:24.659182+02:00
NSR:StopPlace:59651,Skøyen stasjon,2026-09-07T05:49:00+02:00,2026-09-07T05:49:00+02:00,,0.0,0,Oslo Lufthavn,FLT:Line:FLY1,FLY1,FLY1,rail,FLT:ServiceJourney:1-2614-3709-20260907,False,planned,False,,,,,2026-09-07T08:42:24.659182+02:00
NSR:StopPlace:59651,Skøyen stasjon,2026-09-07T05:51:00+02:00,2026-09-07T05:51:00+02:00,,0.0,0,Skøyen,RUT:Line:140,Bekkestua - Østerås - Skøyen,140,bus,RUT:ServiceJourney:6a1453b7de49bd71550d63aad7c2fcef,False,planned,False,,,,,2026-09-07T08:42:24.659182+02:00
NSR:StopPlace:59651,Skøyen stasjon,2026-09-07T05:53:00+02:00,2026-09-07T05:53:00+02:00,,0.0,0,Stabekk,VYG:Line:L2,Stabekk-Oslo S-Ski,L2,rail,VYG:ServiceJourney:2706-SKI_443912-R,False,planned,False,,,,,2026-09-07T08:42:24.659182+02:00
NSR:StopPlace:59651,Skøyen stasjon,2026-09-07T05:55:00+02:00,2026-09-07T05:55:00+02:00,,0.0,0,Bekkestua via Østerås,RUT:Line:140,Bekkestua - Østerås - Skøyen,140,bus,RUT:ServiceJourney:3c2738b78d4e880a25e666c80b5340c0,False,planned,False,,,,,2026-09-07T08:42:24.659182+02:00
NSR:StopPlace:59651,Skøyen stasjon,2026-09-07T05:55:00+02:00,2026-09-07T05:55:00+02:00,,0.0,0,Lilleaker,RUT:Line:3013,Buss for linje 13,13B,bus,RUT:ServiceJourney:7ac9ef81c4a83749ceb05f616103485e,False,planned,False,Linje 13: Buss for trikk mellom Thune og Lilleaker ,Vi kjører buss for trikk (linje 13B) mellom Thune og Lilleaker. Bussen stopper ikke på Sollerud. 13B betjener Thune fra midlertidig holdeplass i Drammensveien,incident,normal,2026-09-07T08:42:24.659182+02:00
NSR:StopPlace:59651,Skøyen stasjon,2026-09-07T05:56:00+02:00,2026-09-07T05:56:00+02:00,,0.0,0,Skøyen,RUT:Line:3013,Buss for linje 13,13B,bus,RUT:ServiceJourney:de4799fdb68e38c625cc7f17a4e57962,False,planned,False,Linje 13: Buss for trikk mellom Thune og Lilleaker ,Vi kjører buss for trikk (linje 13B) mellom Thune og Lilleaker. Bussen stopper ikke på Sollerud. 13B betjener Thune fra midlertidig holdeplass i Drammensveien,incident,normal,2026-09-07T08:42:24.659182+02:00
NSR:StopPlace:59651,Skøyen stasjon,2026-09-07T05:56:00+02:00,2026-09-07T05:56:00+02:00,,0.0,0,Fornebu,RUT:Line:31,Snarøya - Fornebu - Tonsenhagen - Grorud,31,bus,RUT:ServiceJourney:81cbf53bb011465ff56def61933bcdd3,False,planned,False,,,,,2026-09-07T08:42:24.659182+02:00
NSR:StopPlace:59651,Skøyen stasjon,2026-09-07T05:57:00+02:00,2026-09-07T05:57:00+02:00,,0.0,0,Grorud T,RUT:Line:31,Snarøya - Fornebu - Tonsenhagen - Grorud,31,bus,RUT:ServiceJourney:fc5fa1491c2f16de91f9ad072c965934,False,planned,False,,,,,2026-09-07T08:42:24.659182+02:00
NSR:StopPlace:59651,Skøyen stasjon,2026-09-07T05:59:00+02:00,2026-09-07T05:59:00+02:00,,0.0,0,Skøyen,RUT:Line:130,Sandvika -Skøyen,130,bus,RUT:ServiceJourney:61c4a234a15196a692ab446490ea4c4f,False,planned,False,,,,,2026-09-07T08:42:24.659182+02:00
NSR:StopPlace:59651,Skøyen stasjon,2026-09-07T06:00:00+02:00,2026-09-07T06:00:00+02:00,,0.0,0,Oslo Lufthavn,FLT:Line:FLY2,FLY2,FLY2,rail,FLT:ServiceJourney:1-2614-3507-20260907,False,planned,False,,,,,2026-09-07T08:42:24.659182+02:00
NSR:StopPlace:59651,Skøyen stasjon,2026-09-07T06:01:00+02:00,2026-09-07T06:01:00+02:00,,0.0,0,Galgeberg,RUT:Line:20,Skøyen - Galgeberg,20,bus,RUT:ServiceJourney:6d2e9cdda6217e16833f9db36c3c802c,False,planned,False,,,,,2026-09-07T08:42:24.659182+02:00
NSR:StopPlace:59651,Skøyen stasjon,2026-09-07T06:01:00+02:00,2026-09-07T06:01:00+02:00,,0.0,0,Øvre Sogn,RUT:Line:40,Øvre Sogn - Skøyen,40,bus,RUT:ServiceJourney:5bd94e8d5f50a193d99778826365b6bf,False,planned,False,,,,,2026-09-07T08:42:24.659182+02:00
NSR:StopPlace:59651,Skøyen stasjon,2026-09-07T06:02:00+02:00,2026-09-07T06:02:00+02:00,,0.0,0,Lillestrøm,VYG:Line:L1,Spikkestad-Oslo S-Lillestrøm,L1,rail,VYG:ServiceJourney:2206_443594-R,False,planned,False,,,,,2026-09-07T08:42:24.659182+02:00
NSR:StopPlace:59651,Skøyen stasjon,2026-09-07T06:03:00+02:00,2026-09-07T06:03:00+02:00,,0.0,0,Sandvika,RUT:Line:130,Sandvika -Skøyen,130,bus,RUT:ServiceJourney:b8cc76fec6f7da000042d187b5f5dee4,False,planned,False,,,,,2026-09-07T08:42:24.659182+02:00
NSR:StopPlace:59651,Skøyen stasjon,2026-09-07T06:05:00+02:00,2026-09-07T06:05:00+02:00,,0.0,0,Asker,VYG:Line:R14,Asker-Oslo S-Kongsvinger,R14,rail,VYG:ServiceJourney:1002_442907-R,False,planned,False,,,,,2026-09-07T08:42:24.659182+02:00
NSR:StopPlace:59651,Skøyen stasjon,2026-09-07T06:06:00+02:00,2026-09-07T06:06:00+02:00,,0.0,0,Skøyen,RUT:Line:140,Bekkestua - Østerås - Skøyen,140,bus,RUT:ServiceJourney:9eebd7f869b9a1ae605530654b399332,False,planned,False,,,,,2026-09-07T08:42:24.659182+02:00
NSR:StopPlace:59651,Skøyen stasjon,2026-09-07T06:06:00+02:00,2026-09-07T06:06:00+02:00,,0.0,0,Snarøya,RUT:Line:31,Snarøya - Fornebu - Tonsenhagen - Grorud,31,bus,RUT:ServiceJourney:ee96ea053bdb40a574478180b2f35cdd,False,planned,False,,,,,2026-09-07T08:42:24.659182+02:00
NSR:StopPlace:59651,Skøyen stasjon,2026-09-07T06:06:00+02:00,2026-09-07T06:06:00+02:00,,0.0,0,Ski,VYG:Line:L2,Stabekk-Oslo S-Ski,L2,rail,VYG:ServiceJourney:2705-HVK_443911-R,False,planned,False,,,,,2026-09-07T08:42:24.659182+02:00
NSR:StopPlace:59651,Skøyen stasjon,2026-09-07T06:07:00+02:00,2026-09-07T06:07:00+02:00,,0.0,0,Tonsenhagen,RUT:Line:31,Snarøya - Fornebu - Tonsenhagen - Grorud,31,bus,RUT:ServiceJourney:a7398ab80ff79f4bb8bf7f7492ee85ee,False,planned,False,,,,,2026-09-07T08:42:24.659182+02:00
NSR:StopPlace:59651,Skøyen stasjon,2026-09-07T06:09:00+02:00,2026-09-07T06:09:00+02:00,,0.0,0,Oslo Lufthavn,FLT:Line:FLY1,FLY1,FLY1,rail,FLT:ServiceJourney:1-2614-3711-20260907,False,planned,False,,,,,2026-09-07T08:42:24.659182+02:00
NSR:StopPlace:59651,Skøyen stasjon,2026-09-07T06:10:00+02:00,2026-09-07T06:10:00+02:00,,0.0,0,Bekkestua via Østerås,RUT:Line:140,Bekkestua - Østerås - Skøyen,140,bus,RUT:ServiceJourney:f4da38c6e94441e91ea90dcbae57ce2f,False,planned,False,,,,,2026-09-07T08:42:24.659182+02:00
NSR:StopPlace:59651,Skøyen stasjon,2026-09-07T06:10:00+02:00,2026-09-07T06:10:00+02:00,,0.0,0,Lilleaker,RUT:Line:3013,Buss for linje 13,13B,bus,RUT:ServiceJourney:045f04832ca7883e9e33ab57b57a8efa,False,planned,False,Linje 13: Buss for trikk mellom Thune og Lilleaker ,Vi kjører buss for trikk (linje 13B) mellom Thune og Lilleaker. Bussen stopper ikke på Sollerud. 13B betjener Thune fra midlertidig holdeplass i Drammensveien,incident,normal,2026-09-07T08:42:24.659182+02:00
NSR:StopPlace:59651,Skøyen stasjon,2026-09-07T06:11:00+02:00,2026-09-07T06:11:00+02:00,,0.0,0,Skøyen,RUT:Line:3013,Buss for linje 13,13B,bus,RUT:ServiceJourney:d6dff28b9085e0f9a8584d72479e8b5c,False,planned,False,Linje 13: Buss for trikk mellom Thune og Lilleaker ,Vi kjører buss for trikk (linje 13B) mellom Thune og Lilleaker. Bussen stopper ikke på Sollerud. 13B betjener Thune fra midlertidig holdeplass i Drammensveien,incident,normal,2026-09-07T08:42:24.659182+02:00
NSR:StopPlace:59652,Tøyen stasjon,2026-09-07T05:44:00+02:00,2026-09-07T05:44:00+02:00,,0.0,0,Vippetangen,RUT:Line:60,Vippetangen-Tonsenhagen,60,bus,RUT:ServiceJourney:06974f12d5b58051cb6cb073fd4a43b2,False,planned,False,,,,,2026-09-07T08:42:24.659182+02:00
NSR:StopPlace:59652,Tøyen stasjon,2026-09-07T05:57:00+02:00,2026-09-07T05:57:00+02:00,,0.0,0,Tonsenhagen,RUT:Line:60,Vippetangen-Tonsenhagen,60,bus,RUT:ServiceJourney:dadc2d61debaa98eb71b56fda7b791c5,False,planned,False,,,,,2026-09-07T08:42:24.659182+02:00
NSR:StopPlace:59652,Tøyen stasjon,2026-09-07T05:59:00+02:00,2026-09-07T05:59:00+02:00,,0.0,0,Vippetangen,RUT:Line:60,Vippetangen-Tonsenhagen,60,bus,RUT:ServiceJourney:f7359e15909c615391505f34fbc5e7b7,False,planned,False,,,,,2026-09-07T08:42:24.659182+02:00
NSR:StopPlace:59652,Tøyen stasjon,2026-09-07T06:12:00+02:00,2026-09-07T06:12:00+02:00,,0.0,0,Tonsenhagen,RUT:Line:60,Vippetangen-Tonsenhagen,60,bus,RUT:ServiceJourney:5eb2afc722619fde332d9529968b2402,False,planned,False,,,,,2026-09-07T08:42:24.659182+02:00
NSR:StopPlace:59652,Tøyen stasjon,2026-09-07T06:15:00+02:00,2026-09-07T06:15:00+02:00,,0.0,0,Vippetangen,RUT:Line:60,Vippetangen-Tonsenhagen,60,bus,RUT:ServiceJourney:30ca2f718201b8d94b69ace00eea65cb,False,planned,False,,,,,2026-09-07T08:42:24.659182+02:00
NSR:StopPlace:59652,Tøyen stasjon,2026-09-07T06:24:00+02:00,2026-09-07T06:24:00+02:00,,0.0,0,Tonsenhagen,RUT:Line:60,Vippetangen-Tonsenhagen,60,bus,RUT:ServiceJourney:3ec3bd00e37f17a01777bd0f758d29ec,False,planned,False,,,,,2026-09-07T08:42:24.659182+02:00
NSR:StopPlace:59652,Tøyen stasjon,2026-09-07T06:30:00+02:00,2026-09-07T06:30:00+02:00,,0.0,0,Vippetangen,RUT:Line:60,Vippetangen-Tonsenhagen,60,bus,RUT:ServiceJourney:7bcf898e7745283d1ec5c4ba9c590f27,False,planned,False,,,,,2026-09-07T08:42:24.659182+02:00
NSR:StopPlace:59652,Tøyen stasjon,2026-09-07T09:15:00+02:00,2026-09-07T09:15:00+02:00,,0.0,0,Vippetangen,RUT:Line:60,Vippetangen-Tonsenhagen,60,bus,RUT:ServiceJourney:1aab3d89232678812b1ff929c4861ef5,False,planned,False,,,,,2026-09-07T08:42:24.659182+02:00
NSR:StopPlace:59652,Tøyen stasjon,2026-09-07T09:24:00+02:00,2026-09-07T09:24:00+02:00,,0.0,0,Tonsenhagen,RUT:Line:60,Vippetangen-Tonsenhagen,60,bus,RUT:ServiceJourney:f29eab2e7c1a074cf84a4a9ae3601f18,False,planned,False,,,,,2026-09-07T08:42:24.659182+02:00
NSR:StopPlace:59652,Tøyen stasjon,2026-09-07T09:30:00+02:00,2026-09-07T09:30:00+02:00,,0.0,0,Vippetangen,RUT:Line:60,Vippetangen-Tonsenhagen,60,bus,RUT:ServiceJourney:7378f8c7f472441a4fb85309891d0e03,False,planned,False,,,,,2026-09-07T08:42:24.659182+02:00
NSR:StopPlace:59652,Tøyen stasjon,2026-09-07T09:39:00+02:00,2026-09-07T09:39:00+02:00,,0.0,0,Tonsenhagen,RUT:Line:60,Vippetangen-Tonsenhagen,60,bus,RUT:ServiceJourney:39146eddcf9e032ce4896641e23c01e7,False,planned,False,,,,,2026-09-07T08:42:24.659182+02:00
NSR:StopPlace:59653,Haugenstua stasjon,2026-09-07T05:25:00+02:00,2026-09-07T05:25:00+02:00,,0.0,0,Spikkestad,VYG:Line:L1,Spikkestad-Oslo S-Lillestrøm,L1,rail,VYG:ServiceJourney:2203_764731-R,False,planned,False,Færre vogner,Denne avgangen kjører dessverre med 4 vogner i stedet for 8 vogner. Dette skyldes at vi mangler et togsett.,general,normal,2026-09-07T08:42:24.659182+02:00
NSR:StopPlace:59653,Haugenstua stasjon,2026-09-07T05:55:00+02:00,2026-09-07T05:55:00+02:00,,0.0,0,Lillestrøm,VYG:Line:L1,Spikkestad-Oslo S-Lillestrøm,L1,rail,VYG:ServiceJourney:2204_443592-R,False,planned,False,,,,,2026-09-07T08:42:24.659182+02:00
NSR:StopPlace:59653,Haugenstua stasjon,2026-09-07T06:25:00+02:00,2026-09-07T06:25:00+02:00,,0.0,0,Lillestrøm,VYG:Line:L1,Spikkestad-Oslo S-Lillestrøm,L1,rail,VYG:ServiceJourney:2206_443594-R,False,planned,False,,,,,2026-09-07T08:42:24.659182+02:00
NSR:StopPlace:59654,Stabekk stasjon,2026-09-07T05:22:00+02:00,2026-09-07T05:22:00+02:00,,0.0,0,Nationaltheatret,RUT:Line:150,Gullhaug - Nationaltheatret,150,bus,RUT:ServiceJourney:16bbb18a4b17eae200904ffef04006df,False,planned,False,,,,,2026-09-07T08:42:24.659182+02:00
NSR:StopPlace:59654,Stabekk stasjon,2026-09-07T05:26:00+02:00,2026-09-07T05:26:00+02:00,,0.0,0,Lillestrøm,VYG:Line:L1,Spikkestad-Oslo S-Lillestrøm,L1,rail,VYG:ServiceJourney:2204_443592-R,False,planned,False,,,,,2026-09-07T08:42:24.659182+02:00
NSR:StopPlace:59654,Stabekk stasjon,2026-09-07T05:30:00+02:00,2026-09-07T05:30:00+02:00,,0.0,0,Ski,VYG:Line:L2,Stabekk-Oslo S-Ski,L2,rail,VYG:ServiceJourney:2703-HVK_443909-R,False,planned,False,,,,,2026-09-07T08:42:24.659182+02:00
NSR:StopPlace:59654,Stabekk stasjon,2026-09-07T05:36:00+02:00,2026-09-07T05:36:00+02:00,,0.0,0,Moss,VYG:Line:R21,Stabekk-Oslo S-Moss,R21,rail,VYG:ServiceJourney:1103-HVK_442974-R,False,planned,False,,,,,2026-09-07T08:42:24.659182+02:00
NSR:StopPlace:59654,Stabekk stasjon,2026-09-07T05:39:00+02:00,2026-09-07T05:39:00+02:00,,0.0,0,Gullhaug,RUT:Line:150,Gullhaug - Nationaltheatret,150,bus,RUT:ServiceJourney:87132282104e301fd3b45074d7266426,False,planned,False,Holdeplass Stabekk stasjon i retning mot Bekkestua er flyttet ca. 50 meter bakover.,Dette skyldes anleggsarbeid i området.,incident,normal,2026-09-07T08:42:24.659182+02:00
NSR:StopPlace:59654,Stabekk stasjon,2026-09-07T05:52:00+02:00,2026-09-07T05:52:00+02:00,,0.0,0,Nationaltheatret,RUT:Line:150,Gullhaug - Nationaltheatret,150,bus,RUT:ServiceJourney:387fa253f7f27daf109cc3a2163917d1,False,planned,False,,,,,2026-09-07T08:42:24.659182+02:00
NSR:StopPlace:59654,Stabekk stasjon,2026-09-07T05:53:00+02:00,2026-09-07T05:53:00+02:00,,0.0,0,Oslo Lufthavn,FLT:Line:FLY2,FLY2,FLY2,rail,FLT:ServiceJourney:1-2614-3507-20260907,False,planned,False,,,,,2026-09-07T08:42:24.659182+02:00
NSR:StopPlace:59654,Stabekk stasjon,2026-09-07T05:54:00+02:00,2026-09-07T05:54:00+02:00,,0.0,0,Spikkestad,VYG:Line:L1,Spikkestad-Oslo S-Lillestrøm,L1,rail,VYG:ServiceJourney:2203_764731-R,False,planned,False,Færre vogner,Denne avgangen kjører dessverre med 4 vogner i stedet for 8 vogner. Dette skyldes at vi mangler et togsett.,general,normal,2026-09-07T08:42:24.659182+02:00
NSR:StopPlace:59654,Stabekk stasjon,2026-09-07T05:56:00+02:00,2026-09-07T05:56:00+02:00,,0.0,0,Lillestrøm,VYG:Line:L1,Spikkestad-Oslo S-Lillestrøm,L1,rail,VYG:ServiceJourney:2206_443594-R,False,planned,False,,,,,2026-09-07T08:42:24.659182+02:00
NSR:StopPlace:59654,Stabekk stasjon,2026-09-07T06:00:00+02:00,2026-09-07T06:00:00+02:00,,0.0,0,Ski,VYG:Line:L2,Stabekk-Oslo S-Ski,L2,rail,VYG:ServiceJourney:2705-HVK_443911-R,False,planned,False,,,,,2026-09-07T08:42:24.659182+02:00
NSR:StopPlace:59654,Stabekk stasjon,2026-09-07T06:06:00+02:00,2026-09-07T06:06:00+02:00,,0.0,0,Moss,VYG:Line:R21,Stabekk-Oslo S-Moss,R21,rail,VYG:ServiceJourney:1105-HVK_442976-R,False,planned,False,Innstilt Stabekk–Oslo S | Ta neste tog,Toget er innstilt mellom Stabekk og Oslo S. Dette skyldes at andre tog på strekningen er forsinket. | Ta neste tog mellom Stabekk og Oslo S.,incident | incident,normal | normal,2026-09-07T08:42:24.659182+02:00
NSR:StopPlace:59654,Stabekk stasjon,2026-09-07T06:07:00+02:00,2026-09-07T06:07:00+02:00,,0.0,0,Nationaltheatret,RUT:Line:150,Gullhaug - Nationaltheatret,150,bus,RUT:ServiceJourney:c3fa0e8abc98174ae9f0cc69b03e7cf4,False,planned,False,,,,,2026-09-07T08:42:24.659182+02:00
NSR:StopPlace:59654,Stabekk stasjon,2026-09-07T06:09:00+02:00,2026-09-07T06:09:00+02:00,,0.0,0,Gullhaug,RUT:Line:150,Gullhaug - Nationaltheatret,150,bus,RUT:ServiceJourney:92004934db164fb36c369fd7bd9257d4,False,planned,False,Holdeplass Stabekk stasjon i retning mot Bekkestua er flyttet ca. 50 meter bakover.,Dette skyldes anleggsarbeid i området.,incident,normal,2026-09-07T08:42:24.659182+02:00
NSR:StopPlace:59654,Stabekk stasjon,2026-09-07T06:22:00+02:00,2026-09-07T06:22:00+02:00,,0.0,0,Fornebu,RUT:Line:145,Bekkestua - Fornebu,145,bus,RUT:ServiceJourney:090c55fedc4288b5d363adeec65015af,False,planned,False,,,,,2026-09-07T08:42:24.659182+02:00
NSR:StopPlace:59654,Stabekk stasjon,2026-09-07T06:22:00+02:00,2026-09-07T06:22:00+02:00,,0.0,0,Nationaltheatret,RUT:Line:150,Gullhaug - Nationaltheatret,150,bus,RUT:ServiceJourney:15507c5f7f59446750f44fc51ee7cdee,False,planned,False,,,,,2026-09-07T08:42:24.659182+02:00
NSR:StopPlace:59654,Stabekk stasjon,2026-09-07T06:32:00+02:00,2026-09-07T06:32:00+02:00,,0.0,0,Nationaltheatret,RUT:Line:150,Gullhaug - Nationaltheatret,150,bus,RUT:ServiceJourney:28e5773dac6e305e343a4b8774e1a898,False,planned,False,,,,,2026-09-07T08:42:24.659182+02:00
NSR:StopPlace:59703,Åndalsnes stasjon,2026-09-07T05:00:00+02:00,2026-09-07T05:00:00+02:00,,0.0,0,Ålesund,VYX:Line:162,VY148 Ålesund-Oslo,VY148,coach,VYX:ServiceJourney:0a772f142078d2cf52813fca7b2fc0be7fff8273,False,planned,False,Forhåndsbestilling Vy,Billett må kjøpes på nett eller app senest 15 minutter før påstigning for at bussen skal kjøre innom holdeplassen.,general,normal,2026-09-07T08:42:24.659182+02:00
NSR:StopPlace:59703,Åndalsnes stasjon,2026-09-07T06:20:00+02:00,2026-09-07T06:20:00+02:00,,0.0,0,Vestnes,MOR:Line:482,Åndalsnes - Vestnes,482,bus,MOR:ServiceJourney:482_102_9150000045100501,False,planned,False,,,,,2026-09-07T08:42:24.659182+02:00
NSR:StopPlace:59703,Åndalsnes stasjon,2026-09-07T08:50:00+02:00,2026-09-07T08:50:00+02:00,,0.0,0,Åndalsnes,MOR:Line:490,Skolerute Rauma,490,bus,MOR:ServiceJourney:490_138_9150000047263153,False,planned,False,,,,,2026-09-07T08:42:24.659182+02:00
NSR:StopPlace:59703,Åndalsnes stasjon,2026-09-07T09:00:00+02:00,2026-09-07T09:00:00+02:00,,0.0,0,Geiranger,VYX:Line:180,VY25 Fjord Tours,VY25,coach,VYX:ServiceJourney:f7ea1d55de02697e28096db27c8f2268db1a97dd,False,planned,False,,,,,2026-09-07T08:42:24.659182+02:00
NSR:StopPlace:59703,Åndalsnes stasjon,2026-09-07T09:00:00+02:00,2026-09-07T09:00:00+02:00,,0.0,0,Geiranger,FJT:Line:98180744-c851-406e-ae29-c90f6aa10e48,Geiranger - Åndalsnes - Ålesund,FT,bus,FJT:ServiceJourney:8f4066d8-a253-4f68-98ac-0a83c05119e7,False,planned,False,,,,,2026-09-07T08:42:24.659182+02:00
NSR:StopPlace:59703,Åndalsnes stasjon,2026-09-07T09:30:00+02:00,2026-09-07T09:30:00+02:00,,0.0,0,Vestnes,MOR:Line:482,Åndalsnes - Vestnes,482,bus,MOR:ServiceJourney:482_114_9150000038177102,False,planned,False,,,,,2026-09-07T08:42:24.659182+02:00
NSR:StopPlace:60736,Spikkestad stasjon,2026-09-07T05:16:00+02:00,2026-09-07T05:16:00+02:00,,0.0,0,Lillestrøm,VYG:Line:L1,Spikkestad-Oslo S-Lillestrøm,L1,rail,VYG:ServiceJourney:2206_443594-R,False,planned,False,,,,,2026-09-07T08:42:24.659182+02:00
NSR:StopPlace:60737,Bondivann stasjon,2026-09-07T05:30:00+02:00,2026-09-07T05:30:00+02:00,,0.0,0,Lillestrøm,VYG:Line:L1,Spikkestad-Oslo S-Lillestrøm,L1,rail,VYG:ServiceJourney:2206_443594-R,False,planned,False,,,,,2026-09-07T08:42:24.659182+02:00
NSR:StopPlace:60737,Bondivann stasjon,2026-09-07T06:19:00+02:00,2026-09-07T06:19:00+02:00,,0.0,0,Spikkestad,VYG:Line:L1,Spikkestad-Oslo S-Lillestrøm,L1,rail,VYG:ServiceJourney:2203_764731-R,False,planned,False,Færre vogner,Denne avgangen kjører dessverre med 4 vogner i stedet for 8 vogner. Dette skyldes at vi mangler et togsett.,general,normal,2026-09-07T08:42:24.659182+02:00
NSR:StopPlace:60735,Gullhella stasjon,2026-09-07T05:27:00+02:00,2026-09-07T05:27:00+02:00,,0.0,0,Lillestrøm,VYG:Line:L1,Spikkestad-Oslo S-Lillestrøm,L1,rail,VYG:ServiceJourney:2206_443594-R,False,planned,False,,,,,2026-09-07T08:42:24.659182+02:00
NSR:StopPlace:60735,Gullhella stasjon,2026-09-07T06:21:00+02:00,2026-09-07T06:21:00+02:00,,0.0,0,Spikkestad,VYG:Line:L1,Spikkestad-Oslo S-Lillestrøm,L1,rail,VYG:ServiceJourney:2203_764731-R,False,planned,False,Færre vogner,Denne avgangen kjører dessverre med 4 vogner i stedet for 8 vogner. Dette skyldes at vi mangler et togsett.,general,normal,2026-09-07T08:42:24.659182+02:00
NSR:StopPlace:59952,Drammen stasjon,2026-09-07T04:54:00+02:00,2026-09-07T04:54:00+02:00,,0.0,0,Gjerstad,GOA:Line:50,Sørtoget region,F5,rail,GOA:ServiceJourney:705-LOD_63220-R,False,planned,False,,,,,2026-09-07T08:42:24.659182+02:00
NSR:StopPlace:59952,Drammen stasjon,2026-09-07T05:02:00+02:00,2026-09-07T05:02:00+02:00,,0.0,0,Oslo Lufthavn,FLT:Line:FLY1,FLY1,FLY1,rail,FLT:ServiceJourney:1-2614-3707-20260907,False,planned,False,,,,,2026-09-07T08:42:24.659182+02:00
NSR:StopPlace:59952,Drammen stasjon,2026-09-07T05:17:00+02:00,2026-09-07T05:17:00+02:00,,0.0,0,Eidsvoll,VYG:Line:R12,Kongsberg-Oslo S-Eidsvoll,R12,rail,VYG:ServiceJourney:502_444293-R,False,planned,False,,,,,2026-09-07T08:42:24.659182+02:00
NSR:StopPlace:59952,Drammen stasjon,2026-09-07T05:22:00+02:00,2026-09-07T05:22:00+02:00,,0.0,0,Oslo Lufthavn,FLT:Line:FLY1,FLY1,FLY1,rail,FLT:ServiceJourney:1-2614-3709-20260907,False,planned,False,,,,,2026-09-07T08:42:24.659182+02:00
NSR:StopPlace:59952,Drammen stasjon,2026-09-07T05:42:00+02:00,2026-09-07T05:42:00+02:00,,0.0,0,Oslo Lufthavn,FLT:Line:FLY1,FLY1,FLY1,rail,FLT:ServiceJourney:1-2614-3711-20260907,False,planned,False,,,,,2026-09-07T08:42:24.659182+02:00
NSR:StopPlace:59957,Klepp stasjon,2026-09-07T05:11:00+02:00,2026-09-07T05:11:00+02:00,,0.0,0,Egersund,GOA:Line:59,Jærbanen,L5,rail,GOA:ServiceJourney:3004_63035-R,False,planned,False,,,,,2026-09-07T08:42:24.659182+02:00
NSR:StopPlace:59957,Klepp stasjon,2026-09-07T05:22:00+02:00,2026-09-07T05:22:00+02:00,,0.0,0,Stavanger,GOA:Line:59,Jærbanen,L5,rail,GOA:ServiceJourney:3001_63033-R,False,planned,False,,,,,2026-09-07T08:42:24.659182+02:00
NSR:StopPlace:59957,Klepp stasjon,2026-09-07T05:42:00+02:00,2026-09-07T05:42:00+02:00,,0.0,0,Egersund,GOA:Line:59,Jærbanen,L5,rail,GOA:ServiceJourney:3006_63037-R,False,planned,False,,,,,2026-09-07T08:42:24.659182+02:00
NSR:StopPlace:59957,Klepp stasjon,2026-09-07T05:55:00+02:00,2026-09-07T05:55:00+02:00,,0.0,0,Stavanger,GOA:Line:59,Jærbanen,L5,rail,GOA:ServiceJourney:3003_63034-R,False,planned,False,,,,,2026-09-07T08:42:24.659182+02:00
NSR:StopPlace:59957,Klepp stasjon,2026-09-07T05:57:00+02:00,2026-09-07T05:57:00+02:00,,0.0,0,Verdalen via Kleppekrossen,KOL:Line:8_2024,59,59,bus,KOL:ServiceJourney:2024_250903083241303_2001,False,planned,False,,,,,2026-09-07T08:42:24.659182+02:00
NSR:StopPlace:59957,Klepp stasjon,2026-09-07T09:22:00+02:00,2026-09-07T09:22:00+02:00,,0.0,0,Egersund,GOA:Line:59,Jærbanen,L5,rail,GOA:ServiceJourney:3020_63052-R,False,planned,False,,,,,2026-09-07T08:42:24.659182+02:00
NSR:StopPlace:59957,Klepp stasjon,2026-09-07T09:32:00+02:00,2026-09-07T09:32:00+02:00,,0.0,0,Stavanger,GOA:Line:59,Jærbanen,L5,rail,GOA:ServiceJourney:3019_63051-R,False,planned,False,,,,,2026-09-07T08:42:24.659182+02:00
NSR:StopPlace:59957,Klepp stasjon,2026-09-07T09:38:00+02:00,2026-09-07T09:38:00+02:00,,0.0,0,Boreringen,KOL:Line:8_2024,59,59,bus,KOL:ServiceJourney:2024_250903083241341_2011,False,planned,False,,,,,2026-09-07T08:42:24.659182+02:00
NSR:StopPlace:59958,Voss stasjon,2026-09-07T04:49:00+02:00,2026-09-07T04:49:00+02:00,,0.0,0,Bergen,VYG:Line:R40,Bergen-Voss-Myrdal-Ål,R40,rail,VYG:ServiceJourney:1805_443391-R,False,planned,False,,,,,2026-09-07T08:42:24.659182+02:00
NSR:StopPlace:59958,Voss stasjon,2026-09-07T05:48:00+02:00,2026-09-07T05:48:00+02:00,,0.0,0,Bergen,VYX:Line:31,VY450 Bergen-Fagernes-Oslo,VY450,coach,VYX:ServiceJourney:c9fc489e497686b7713662f2db635b18fd2f00b3,False,planned,False,Forhåndsbestilling Vy,Billett må kjøpes på nett eller app senest 15 minutter før påstigning for at bussen skal kjøre innom holdeplassen.,general,normal,2026-09-07T08:42:24.659182+02:00
NSR:StopPlace:59958,Voss stasjon,2026-09-07T07:12:00+02:00,2026-09-07T07:12:00+02:00,,0.0,0,Flåm,VYX:Line:31,VY450 Bergen-Fagernes-Oslo,VY450,coach,VYX:ServiceJourney:371ab74c42073f72f08637624f59ba7afd54c3d2,False,planned,False,Forhåndsbestilling Vy,Billett må kjøpes på nett eller app senest 15 minutter før påstigning for at bussen skal kjøre innom holdeplassen.,general,normal,2026-09-07T08:42:24.659182+02:00
NSR:StopPlace:59958,Voss stasjon,2026-09-07T08:25:00+02:00,2026-09-07T08:25:00+02:00,,0.0,0,Aurland,VYX:Line:31,VY450 Bergen-Fagernes-Oslo,VY450,coach,VYX:ServiceJourney:80ffb82c738256addff01b06986f3e8e9183af21,False,planned,False,Forhåndsbestilling Vy,Billett må kjøpes på nett eller app senest 15 minutter før påstigning for at bussen skal kjøre innom holdeplassen.,general,normal,2026-09-07T08:42:24.659182+02:00
NSR:StopPlace:59958,Voss stasjon,2026-09-07T09:10:00+02:00,2026-09-07T09:10:00+02:00,,0.0,0,Odda,SKY:Line:990,Odda-Kinsarvik-Bu-Granvin-Voss,990,bus,SKY:ServiceJourney:990-205165-20962031,False,planned,False,,,,,2026-09-07T08:42:24.659182+02:00
NSR:StopPlace:60944,Ski stasjon,2026-09-07T05:02:00+02:00,2026-09-07T05:02:00+02:00,,0.0,0,Drøbak - Seiersten,RUT:Line:510,Bøleråsen - Ski - Ås - Drøbak,510,bus,RUT:ServiceJourney:6a9e0f6f50a83fe0d04c4d1cc58df92f,False,planned,False,,,,,2026-09-07T08:42:24.659182+02:00
NSR:StopPlace:60944,Ski stasjon,2026-09-07T05:02:00+02:00,2026-09-07T05:02:00+02:00,,0.0,0,Oslo bussterminal,RUT:Line:515,Ski - Oslo,515,bus,RUT:ServiceJourney:d01ccd467ab8c73b5bef224ccd4eda9b,False,planned,False,,,,,2026-09-07T08:42:24.659182+02:00
NSR:StopPlace:60944,Ski stasjon,2026-09-07T05:09:00+02:00,2026-09-07T05:09:00+02:00,,0.0,0,Stabekk,VYG:Line:L2,Stabekk-Oslo S-Ski,L2,rail,VYG:ServiceJourney:2706-SKI_443912-R,False,planned,False,,,,,2026-09-07T08:42:24.659182+02:00
NSR:StopPlace:60944,Ski stasjon,2026-09-07T05:16:00+02:00,2026-09-07T05:16:00+02:00,,0.0,0,Hebekk / Finstad,RUT:Line:525,Kråkstad - Ski - Kråkstad,525,bus,RUT:ServiceJourney:0d4e07d9bcdbe05a56bcb4363e3e044b,False,planned,False,,,,,2026-09-07T08:42:24.659182+02:00
NSR:StopPlace:60944,Ski stasjon,2026-09-07T05:17:00+02:00,2026-09-07T05:17:00+02:00,,0.0,0,Drøbak - Frogn vgs.,RUT:Line:510,Bøleråsen - Ski - Ås - Drøbak,510,bus,RUT:ServiceJourney:c828f5d80339e6b9c93f094fdc9bdb61,False,planned,False,,,,,2026-09-07T08:42:24.659182+02:00
NSR:StopPlace:60944,Ski stasjon,2026-09-07T05:21:00+02:00,2026-09-07T05:21:00+02:00,,0.0,0,Kolbotn torg,RUT:Line:580,Kolbotn - Ski,580,bus,RUT:ServiceJourney:5053edeb82b9fea14cd6e5e9e731f3d9,False,planned,False,,,,,2026-09-07T08:42:24.659182+02:00
NSR:StopPlace:60944,Ski stasjon,2026-09-07T05:22:00+02:00,2026-09-07T05:22:00+02:00,,0.0,0,Stabekk,VYG:Line:R21,Stabekk-Oslo S-Moss,R21,rail,VYG:ServiceJourney:1104-MOS_442975-R,False,planned,False,Forsinket,Toget kjørte 13 minutter forsinket fra Kambo. Dette skyldes en tidligere stans.,incident,normal,2026-09-07T08:42:24.659182+02:00
NSR:StopPlace:60944,Ski stasjon,2026-09-07T05:28:00+02:00,2026-09-07T05:28:00+02:00,,0.0,0,Oslo S,VYG:Line:R22,Skøyen-Oslo S-Mysen-Rakkestad,R22,rail,VYG:ServiceJourney:1904_443438-R,False,planned,False,,,,,2026-09-07T08:42:24.659182+02:00
NSR:StopPlace:60944,Ski stasjon,2026-09-07T05:31:00+02:00,2026-09-07T05:31:00+02:00,,0.0,0,Oslo S,VYG:Line:RE20,Oslo S-Halden-Göteborg (X-Border),RE20,rail,VYG:ServiceJourney:102_508938-R,False,planned,False,,,,,2026-09-07T08:42:24.659182+02:00
NSR:StopPlace:60944,Ski stasjon,2026-09-07T05:32:00+02:00,2026-09-07T05:32:00+02:00,,0.0,0,Drøbak - Seiersten,RUT:Line:510,Bøleråsen - Ski - Ås - Drøbak,510,bus,RUT:ServiceJourney:f8cfd849999d5838fbde90c1bca5750f,False,planned,False,,,,,2026-09-07T08:42:24.659182+02:00
NSR:StopPlace:60944,Ski stasjon,2026-09-07T05:32:00+02:00,2026-09-07T05:32:00+02:00,,0.0,0,Oslo bussterminal,RUT:Line:515,Ski - Oslo,515,bus,RUT:ServiceJourney:12aa412b87bbbde568f24f5e2c13759c,False,planned,False,,,,,2026-09-07T08:42:24.659182+02:00
NSR:StopPlace:60944,Ski stasjon,2026-09-07T05:34:00+02:00,2026-09-07T05:34:00+02:00,,0.0,0,Kråkstad,RUT:Line:525,Kråkstad - Ski - Kråkstad,525,bus,RUT:ServiceJourney:0d4e07d9bcdbe05a56bcb4363e3e044b,False,planned,False,,,,,2026-09-07T08:42:24.659182+02:00
NSR:StopPlace:60944,Ski stasjon,2026-09-07T05:39:00+02:00,2026-09-07T05:39:00+02:00,,0.0,0,Stabekk,VYG:Line:L2,Stabekk-Oslo S-Ski,L2,rail,VYG:ServiceJourney:2708-SKI_443914-R,False,planned,False,,,,,2026-09-07T08:42:24.659182+02:00
NSR:StopPlace:60944,Ski stasjon,2026-09-07T05:39:00+02:00,2026-09-07T05:39:00+02:00,,0.0,0,Kråkstad,RUT:Line:525,Kråkstad - Ski - Kråkstad,525,bus,RUT:ServiceJourney:0d4e07d9bcdbe05a56bcb4363e3e044b,False,planned,False,,,,,2026-09-07T08:42:24.659182+02:00
NSR:StopPlace:60944,Ski stasjon,2026-09-07T05:42:00+02:00,2026-09-07T05:42:00+02:00,,0.0,0,Vinterbro,RUT:Line:520,Vinterbro - Ski stasjon,520,bus,RUT:ServiceJourney:7d2a9dfb1cf83391197be9d0fcceb94d,False,planned,False,,,,,2026-09-07T08:42:24.659182+02:00
NSR:StopPlace:60944,Ski stasjon,2026-09-07T05:46:00+02:00,2026-09-07T05:46:00+02:00,,0.0,0,Hebekk / Finstad,RUT:Line:525,Kråkstad - Ski - Kråkstad,525,bus,RUT:ServiceJourney:1786627ac20d2efa66d455e961b3fb18,False,planned,False,,,,,2026-09-07T08:42:24.659182+02:00
NSR:StopPlace:60944,Ski stasjon,2026-09-07T05:47:00+02:00,2026-09-07T05:47:00+02:00,,0.0,0,Drøbak - Frogn vgs.,RUT:Line:510,Bøleråsen - Ski - Ås - Drøbak,510,bus,RUT:ServiceJourney:04db12c3e1a891bf668e891792e755af,False,planned,False,,,,,2026-09-07T08:42:24.659182+02:00
NSR:StopPlace:60944,Ski stasjon,2026-09-07T05:51:00+02:00,2026-09-07T05:51:00+02:00,,0.0,0,Kolbotn torg,RUT:Line:580,Kolbotn - Ski,580,bus,RUT:ServiceJourney:5bb2a471bcb546cc523d5ce90657e036,False,planned,False,,,,,2026-09-07T08:42:24.659182+02:00
NSR:StopPlace:60944,Ski stasjon,2026-09-07T05:52:00+02:00,2026-09-07T05:52:00+02:00,,0.0,0,Stabekk,VYG:Line:R21,Stabekk-Oslo S-Moss,R21,rail,VYG:ServiceJourney:1106-MOS_442977-R,False,planned,False,,,,,2026-09-07T08:42:24.659182+02:00
NSR:StopPlace:60944,Ski stasjon,2026-09-07T05:54:00+02:00,2026-09-07T05:54:00+02:00,,0.0,0,Lysaker,VYG:Line:L2,Stabekk-Oslo S-Ski,L2,rail,VYG:ServiceJourney:2808-SKI_444019-R,False,planned,False,,,,,2026-09-07T08:42:24.659182+02:00
NSR:StopPlace:60944,Ski stasjon,2026-09-07T05:57:00+02:00,2026-09-07T05:57:00+02:00,,0.0,0,Vinterbro,RUT:Line:520,Vinterbro - Ski stasjon,520,bus,RUT:ServiceJourney:e47ec753721988c527ddb313b954ed83,False,planned,False,,,,,2026-09-07T08:42:24.659182+02:00
NSR:StopPlace:60944,Ski stasjon,2026-09-07T06:04:00+02:00,2026-09-07T06:04:00+02:00,,0.0,0,Kråkstad,RUT:Line:525,Kråkstad - Ski - Kråkstad,525,bus,RUT:ServiceJourney:1786627ac20d2efa66d455e961b3fb18,False,planned,False,,,,,2026-09-07T08:42:24.659182+02:00
NSR:StopPlace:60944,Ski stasjon,2026-09-07T06:04:00+02:00,2026-09-07T06:04:00+02:00,,0.0,0,TusenFryd,RUT:Line:521,TusenFryd - Ski stasjon,521,bus,RUT:ServiceJourney:aa0d500f8418dee08208c8d789e6cd5f,False,planned,False,,,,,2026-09-07T08:42:24.659182+02:00
NSR:StopPlace:60944,Ski stasjon,2026-09-07T06:05:00+02:00,2026-09-07T06:05:00+02:00,,0.0,0,Moss,VYG:Line:R21,Stabekk-Oslo S-Moss,R21,rail,VYG:ServiceJourney:1103-HVK_442974-R,False,planned,False,,,,,2026-09-07T08:42:24.659182+02:00
NSR:StopPlace:60944,Ski stasjon,2026-09-07T06:08:00+02:00,2026-09-07T06:08:00+02:00,,0.0,0,Oslo S,VYG:Line:R23,Stabekk-Oslo S-Moss,R23,rail,VYG:ServiceJourney:1504_443147-R,False,planned,False,,,,,2026-09-07T08:42:24.659182+02:00
NSR:StopPlace:60944,Ski stasjon,2026-09-07T06:09:00+02:00,2026-09-07T06:09:00+02:00,,0.0,0,Kråkstad,RUT:Line:525,Kråkstad - Ski - Kråkstad,525,bus,RUT:ServiceJourney:1786627ac20d2efa66d455e961b3fb18,False,planned,False,,,,,2026-09-07T08:42:24.659182+02:00
NSR:StopPlace:60944,Ski stasjon,2026-09-07T06:10:00+02:00,2026-09-07T06:10:00+02:00,,0.0,0,Siggerud,RUT:Line:516,Siggerud - Ski stasjon,516,bus,RUT:ServiceJourney:84fe56e379a776f5c271631a45a7a29e,False,planned,False,,,,,2026-09-07T08:42:24.659182+02:00
NSR:StopPlace:60944,Ski stasjon,2026-09-07T06:12:00+02:00,2026-09-07T06:12:00+02:00,,0.0,0,Vinterbro,RUT:Line:520,Vinterbro - Ski stasjon,520,bus,RUT:ServiceJourney:ec25c30bb0093fc39a53bd2bc2f3acfa,False,planned,False,,,,,2026-09-07T08:42:24.659182+02:00
NSR:StopPlace:60944,Ski stasjon,2026-09-07T06:19:00+02:00,2026-09-07T06:19:00+02:00,,0.0,0,TusenFryd,RUT:Line:521,TusenFryd - Ski stasjon,521,bus,RUT:ServiceJourney:5f29f5281db3fd173b2eef86fe368936,False,planned,False,,,,,2026-09-07T08:42:24.659182+02:00
NSR:StopPlace:60944,Ski stasjon,2026-09-07T06:24:00+02:00,2026-09-07T06:24:00+02:00,,0.0,0,Bøleråsen,RUT:Line:510,Bøleråsen - Ski - Ås - Drøbak,510,bus,RUT:ServiceJourney:e1ae172ff56c6184ae5450262ab9739b,False,planned,False,,,,,2026-09-07T08:42:24.659182+02:00
NSR:StopPlace:60944,Ski stasjon,2026-09-07T06:28:00+02:00,2026-09-07T06:28:00+02:00,,0.0,0,Oslo S,VYG:Line:RE20,Oslo S-Halden-Göteborg (X-Border),RE20,rail,VYG:ServiceJourney:104_442952-R,False,planned,False,,,,,2026-09-07T08:42:24.659182+02:00
NSR:StopPlace:60944,Ski stasjon,2026-09-07T06:32:00+02:00,2026-09-07T06:32:00+02:00,,0.0,0,Oslo S,VYG:Line:R22,Skøyen-Oslo S-Mysen-Rakkestad,R22,rail,VYG:ServiceJourney:1906_443441-R,False,planned,False,,,,,2026-09-07T08:42:24.659182+02:00
NSR:StopPlace:60944,Ski stasjon,2026-09-07T06:35:00+02:00,2026-09-07T06:35:00+02:00,,0.0,0,Moss,VYG:Line:R21,Stabekk-Oslo S-Moss,R21,rail,VYG:ServiceJourney:1105-HVK_442976-R,False,planned,False,,,,,2026-09-07T08:42:24.659182+02:00
NSR:StopPlace:59977,Trondheim S,2026-09-07T05:28:00+02:00,2026-09-07T05:28:00+02:00,,0.0,0,Orkanger via fv. 800 og Grønnøra,ATB:Line:2_410,Trondheim - Orkanger - (Fannrem) via fv. 800,410,bus,ATB:ServiceJourney:410_260106098639894_2,False,planned,False,,,,,2026-09-07T08:42:24.659182+02:00
NSR:StopPlace:59977,Trondheim S,2026-09-07T05:32:00+02:00,2026-09-07T05:32:00+02:00,,0.0,0,Lund via Kolstad-Heimdal,ATB:Line:2_2,Strindheim- Lade- sentrum- Sau,2,bus,ATB:ServiceJourney:2_251215112550126_2,False,planned,False,,,,,2026-09-07T08:42:24.659182+02:00
NSR:StopPlace:59977,Trondheim S,2026-09-07T05:36:00+02:00,2026-09-07T05:36:00+02:00,,0.0,0,Strindheim via Lade,ATB:Line:2_2,Strindheim- Lade- sentrum- Sau,2,bus,ATB:ServiceJourney:2_251215112550025_1,False,planned,False,,,,,2026-09-07T08:42:24.659182+02:00
NSR:StopPlace:59977,Trondheim S,2026-09-07T05:44:00+02:00,2026-09-07T05:44:00+02:00,,0.0,0,Hurtigbåtterminalen,ATB:Line:2_25,Vikåsen- Strindheim- Singsaker,25,bus,ATB:ServiceJourney:25_251215112543182_2,False,planned,False,,,,,2026-09-07T08:42:24.659182+02:00
NSR:StopPlace:59977,Trondheim S,2026-09-07T05:52:00+02:00,2026-09-07T05:52:00+02:00,,0.0,0,Lund via Kolstad-Heimdal,ATB:Line:2_2,Strindheim- Lade- sentrum- Sau,2,bus,ATB:ServiceJourney:2_251215112550127_4,False,planned,False,,,,,2026-09-07T08:42:24.659182+02:00
NSR:StopPlace:59977,Trondheim S,2026-09-07T05:53:00+02:00,2026-09-07T05:53:00+02:00,,0.0,0,Pirbadet,ATB:Line:2_21,Brattøra- Sentrum- Trolla,21,bus,ATB:ServiceJourney:21_251215112549342_1,False,planned,False,,,,,2026-09-07T08:42:24.659182+02:00
NSR:StopPlace:59977,Trondheim S,2026-09-07T05:56:00+02:00,2026-09-07T05:56:00+02:00,,0.0,0,Grillstad via Ladeham.-Strindh.,ATB:Line:2_20,Grillstad - Strindheim - Ladehammeren- Sentrum - Romolslia,20,bus,ATB:ServiceJourney:20_251215112548075_1,False,planned,False,,,,,2026-09-07T08:42:24.659182+02:00
NSR:StopPlace:59977,Trondheim S,2026-09-07T05:56:00+02:00,2026-09-07T05:56:00+02:00,,0.0,0,Strindheim via Lade,ATB:Line:2_2,Strindheim- Lade- sentrum- Sau,2,bus,ATB:ServiceJourney:2_251215112549981_3,False,planned,False,,,,,2026-09-07T08:42:24.659182+02:00
NSR:StopPlace:59977,Trondheim S,2026-09-07T06:00:00+02:00,2026-09-07T06:00:00+02:00,,0.0,0,Pirbadet,ATB:Line:2_23,Brattøra - St. Olavs - Hallset - Flatåsen - Sandmoen,23,bus,ATB:ServiceJourney:23_251215112545550_1,False,planned,False,,,,,2026-09-07T08:42:24.659182+02:00
NSR:StopPlace:59977,Trondheim S,2026-09-07T06:04:00+02:00,2026-09-07T06:04:00+02:00,,0.0,0,Fortuna/Sæterb. via Strindheim,ATB:Line:2_10,Sæterbakken- Strindheim- Sentrum- Ratesvingen,10,bus,ATB:ServiceJourney:10_260311106204936_1,False,planned,False,,,,,2026-09-07T08:42:24.659182+02:00
NSR:StopPlace:59977,Trondheim S,2026-09-07T06:04:00+02:00,2026-09-07T06:04:00+02:00,,0.0,0,Hurtigbåtterminalen,ATB:Line:2_25,Vikåsen- Strindheim- Singsaker,25,bus,ATB:ServiceJourney:25_251215112543183_4,False,planned,False,,,,,2026-09-07T08:42:24.659182+02:00
NSR:StopPlace:59977,Trondheim S,2026-09-07T06:04:00+02:00,2026-09-07T06:04:00+02:00,,0.0,0,Romolslia via St. Olavs hospital,ATB:Line:2_20,Grillstad - Strindheim - Ladehammeren- Sentrum - Romolslia,20,bus,ATB:ServiceJourney:20_251215112548168_2,False,planned,False,,,,,2026-09-07T08:42:24.659182+02:00
NSR:StopPlace:59977,Trondheim S,2026-09-07T06:05:00+02:00,2026-09-07T06:05:00+02:00,,0.0,0,Valøyvegen,ATB:Line:2_311,Stjørdal - Trondheim,311,bus,ATB:ServiceJourney:311_260106098642698_4,False,planned,False,Endret tilbud ved Vikelvvegen,Sydgående avkjøringsrampe fra E6 ved Reppe er stengt frem til 21. september. Vikelvvegen og Ranheim fabrikker til sentrum blir ikke betjent av linje 311 i perioden. ,general,normal,2026-09-07T08:42:24.659182+02:00
NSR:StopPlace:59977,Trondheim S,2026-09-07T06:05:00+02:00,2026-09-07T06:05:00+02:00,,0.0,0,Vikåsen via Singsaker,ATB:Line:2_25,Vikåsen- Strindheim- Singsaker,25,bus,ATB:ServiceJourney:25_251215112543335_1,False,planned,False,,,,,2026-09-07T08:42:24.659182+02:00
NSR:StopPlace:59977,Trondheim S,2026-09-07T06:05:00+02:00,2026-09-07T06:05:00+02:00,,0.0,0,Spongdal via Klefstadhaugen,ATB:Line:2_75,Trondheim S- Sentrum- Spongdal,75,bus,ATB:ServiceJourney:75_251215112550902_2,False,planned,False,,,,,2026-09-07T08:42:24.659182+02:00
NSR:StopPlace:59977,Trondheim S,2026-09-07T06:10:00+02:00,2026-09-07T06:10:00+02:00,,0.0,0,Ratesvingen via sentrum,ATB:Line:2_10,Sæterbakken- Strindheim- Sentrum- Ratesvingen,10,bus,ATB:ServiceJourney:10_260311106205424_2,False,planned,False,,,,,2026-09-07T08:42:24.659182+02:00
NSR:StopPlace:59977,Trondheim S,2026-09-07T06:16:00+02:00,2026-09-07T06:16:00+02:00,,0.0,0,Strindheim via Lade,ATB:Line:2_2,Strindheim- Lade- sentrum- Sau,2,bus,ATB:ServiceJourney:2_251215112549982_5,False,planned,False,,,,,2026-09-07T08:42:24.659182+02:00
NSR:StopPlace:59977,Trondheim S,2026-09-07T06:19:00+02:00,2026-09-07T06:19:00+02:00,,0.0,0,Pirbadet,ATB:Line:2_23,Brattøra - St. Olavs - Hallset - Flatåsen - Sandmoen,23,bus,ATB:ServiceJourney:23_251215112545586_3,False,planned,False,,,,,2026-09-07T08:42:24.659182+02:00
NSR:StopPlace:59977,Trondheim S,2026-09-07T06:24:00+02:00,2026-09-07T06:24:00+02:00,,0.0,0,Pirbadet,ATB:Line:2_21,Brattøra- Sentrum- Trolla,21,bus,ATB:ServiceJourney:21_251215112549293_3,False,planned,False,,,,,2026-09-07T08:42:24.659182+02:00
NSR:StopPlace:59977,Trondheim S,2026-09-07T06:24:00+02:00,2026-09-07T06:24:00+02:00,,0.0,0,Hurtigbåtterminalen,ATB:Line:2_25,Vikåsen- Strindheim- Singsaker,25,bus,ATB:ServiceJourney:25_251215112543184_6,False,planned,False,,,,,2026-09-07T08:42:24.659182+02:00
NSR:StopPlace:59977,Trondheim S,2026-09-07T06:31:00+02:00,2026-09-07T06:31:00+02:00,,0.0,0,Strindheim via Lade,ATB:Line:2_2,Strindheim- Lade- sentrum- Sau,2,bus,ATB:ServiceJourney:2_251215112550029_7,False,planned,False,,,,,2026-09-07T08:42:24.659182+02:00
NSR:StopPlace:59977,Trondheim S,2026-09-07T06:41:00+02:00,2026-09-07T06:41:00+02:00,,0.0,0,Pirbadet,ATB:Line:2_23,Brattøra - St. Olavs - Hallset - Flatåsen - Sandmoen,23,bus,ATB:ServiceJourney:23_251215112545587_5,False,planned,False,,,,,2026-09-07T08:42:24.659182+02:00
NSR:StopPlace:59983,Bergen stasjon,2026-09-07T05:57:00+02:00,2026-09-07T05:57:00+02:00,,0.0,0,Arna,VYG:Line:L4,Bergen-Arna,L4,rail,VYG:ServiceJourney:2604_443819-R,False,planned,False,,,,,2026-09-07T08:42:24.659182+02:00
NSR:StopPlace:59983,Bergen stasjon,2026-09-07T06:12:00+02:00,2026-09-07T06:12:00+02:00,,0.0,0,Arna,VYG:Line:L4,Bergen-Arna,L4,rail,VYG:ServiceJourney:2504_443761-R,False,planned,False,,,,,2026-09-07T08:42:24.659182+02:00
NSR:StopPlace:59983,Bergen stasjon,2026-09-07T06:27:00+02:00,2026-09-07T06:27:00+02:00,,0.0,0,Arna,VYG:Line:L4,Bergen-Arna,L4,rail,VYG:ServiceJourney:2606_443821-R,False,planned,False,,,,,2026-09-07T08:42:24.659182+02:00
NSR:StopPlace:59174,Løkken stasjon,2026-09-07T06:01:00+02:00,2026-09-07T06:01:00+02:00,,0.0,0,Orkanger skysstasjon,ATB:Line:2_460,Orkanger - Meldal - Berkåk,460,bus,ATB:ServiceJourney:460_260106098640567_1,False,planned,False,,,,,2026-09-07T08:42:24.659182+02:00
NSR:StopPlace:59174,Løkken stasjon,2026-09-07T09:31:00+02:00,2026-09-07T09:31:00+02:00,,0.0,0,Orkanger skysstasjon,ATB:Line:2_460,Orkanger - Meldal - Berkåk,460,bus,ATB:ServiceJourney:460_260106098640563_7,False,planned,False,,,,,2026-09-07T08:42:24.659182+02:00
NSR:StopPlace:59180,Karlstad Centralstation,2026-09-07T08:32:00+02:00,2026-09-07T08:32:00+02:00,,0.0,0,Stockholm,SJV:Line:cfac9102-49ef-476c-8663-a6d468ee4f36,Stockholm-Hallsberg-Karlstad-Oslo,70,rail,SJV:ServiceJourney:e1cedc0d-fe1c-48d3-9c5f-e380d1547f8a,False,planned,False,,,,,2026-09-07T08:42:24.659182+02:00
NSR:StopPlace:59180,Karlstad Centralstation,2026-09-07T08:34:00+02:00,2026-09-07T08:34:00+02:00,,0.0,0,Oslo,SJV:Line:cfac9102-49ef-476c-8663-a6d468ee4f36,Stockholm-Hallsberg-Karlstad-Oslo,70,rail,SJV:ServiceJourney:6a1cad30-589d-4caf-b7c2-bb5a062db05d,False,planned,False,,,,,2026-09-07T08:42:24.659182+02:00
NSR:StopPlace:59181,Kristinehamn station,2026-09-07T06:45:00+02:00,2026-09-07T06:45:00+02:00,,0.0,0,Stockholm,VYB:Line:26,850 Oslo - Arlanda - Stockholm,850,coach,VYB:ServiceJourney:a60f1b8bc41647be71740cfa50d9408ea8c0a16e,False,planned,False,,,,,2026-09-07T08:42:24.659182+02:00
NSR:StopPlace:59181,Kristinehamn station,2026-09-07T07:25:00+02:00,2026-09-07T07:25:00+02:00,,0.0,0,Arlanda,VYB:Line:26,850 Oslo - Arlanda - Stockholm,850,coach,VYB:ServiceJourney:1cac1752a21d5a4c7ad14db51ad65a46d30fdcb0,False,planned,False,,,,,2026-09-07T08:42:24.659182+02:00
NSR:StopPlace:59181,Kristinehamn station,2026-09-07T08:09:00+02:00,2026-09-07T08:09:00+02:00,,0.0,0,Karlstad-Oslo,SJV:Line:cfac9102-49ef-476c-8663-a6d468ee4f36,Stockholm-Hallsberg-Karlstad-Oslo,70,rail,SJV:ServiceJourney:6a1cad30-589d-4caf-b7c2-bb5a062db05d,False,planned,False,,,,,2026-09-07T08:42:24.659182+02:00
NSR:StopPlace:59181,Kristinehamn station,2026-09-07T08:54:00+02:00,2026-09-07T08:54:00+02:00,,0.0,0,Stockholm,SJV:Line:cfac9102-49ef-476c-8663-a6d468ee4f36,Stockholm-Hallsberg-Karlstad-Oslo,70,rail,SJV:ServiceJourney:e1cedc0d-fe1c-48d3-9c5f-e380d1547f8a,False,planned,False,,,,,2026-09-07T08:42:24.659182+02:00
NSR:StopPlace:59181,Kristinehamn station,2026-09-07T09:30:00+02:00,2026-09-07T09:30:00+02:00,,0.0,0,Karlstad,VYB:Line:26,850 Oslo - Arlanda - Stockholm,850,coach,VYB:ServiceJourney:f9ad7ea0bccae750dc44221801057dcc8c3d3aa8,False,planned,False,,,,,2026-09-07T08:42:24.659182+02:00
NSR:StopPlace:59182,Örebro Centralstation,2026-09-07T07:30:00+02:00,2026-09-07T07:30:00+02:00,,0.0,0,Karlstad,VYB:Line:26,850 Oslo - Arlanda - Stockholm,850,coach,VYB:ServiceJourney:fe5e5853e7e3d7aaa4ba06c82de4ebd4abe0ef96,False,planned,False,Örebro läge X,,general,normal,2026-09-07T08:42:24.659182+02:00
NSR:StopPlace:59182,Örebro Centralstation,2026-09-07T07:35:00+02:00,2026-09-07T07:35:00+02:00,,0.0,0,Arlanda,VYB:Line:27,900 Oslo - Arlanda - Stockholm,900,coach,VYB:ServiceJourney:dbabcfbfc6de07a0aa8183c7de4a3d081906051d,False,planned,False,Örebro läge X | Annan busstyp på denna avgång,"Vennligst merk at denne avgangen kjøres av en samarbeidspartner til Vy bus4you, og med en annen type buss enn den som vanligvis benyttes av Vy bus4you.",general | general,normal | normal,2026-09-07T08:42:24.659182+02:00
NSR:StopPlace:59182,Örebro Centralstation,2026-09-07T07:55:00+02:00,2026-09-07T07:55:00+02:00,,0.0,0,Stockholm,VYB:Line:26,850 Oslo - Arlanda - Stockholm,850,coach,VYB:ServiceJourney:a60f1b8bc41647be71740cfa50d9408ea8c0a16e,False,planned,False,Örebro läge X,,general,normal,2026-09-07T08:42:24.659182+02:00
NSR:StopPlace:59182,Örebro Centralstation,2026-09-07T08:25:00+02:00,2026-09-07T08:25:00+02:00,,0.0,0,Karlstad,VYB:Line:26,850 Oslo - Arlanda - Stockholm,850,coach,VYB:ServiceJourney:f9ad7ea0bccae750dc44221801057dcc8c3d3aa8,False,planned,False,Örebro läge X,,general,normal,2026-09-07T08:42:24.659182+02:00
NSR:StopPlace:59182,Örebro Centralstation,2026-09-07T08:30:00+02:00,2026-09-07T08:30:00+02:00,,0.0,0,Arlanda,VYB:Line:26,850 Oslo - Arlanda - Stockholm,850,coach,VYB:ServiceJourney:1cac1752a21d5a4c7ad14db51ad65a46d30fdcb0,False,planned,False,Örebro läge X,,general,normal,2026-09-07T08:42:24.659182+02:00
NSR:StopPlace:59182,Örebro Centralstation,2026-09-07T09:20:00+02:00,2026-09-07T09:20:00+02:00,,0.0,0,Arlanda,VYB:Line:26,850 Oslo - Arlanda - Stockholm,850,coach,VYB:ServiceJourney:41c7f1341848da6647e9123c965d6819d3918467,False,planned,False,Örebro läge X,,general,normal,2026-09-07T08:42:24.659182+02:00
NSR:StopPlace:59185,Arvika station,2026-09-07T07:52:00+02:00,2026-09-07T07:52:00+02:00,,0.0,0,Karlstad-Stockholm,SJV:Line:cfac9102-49ef-476c-8663-a6d468ee4f36,Stockholm-Hallsberg-Karlstad-Oslo,70,rail,SJV:ServiceJourney:e1cedc0d-fe1c-48d3-9c5f-e380d1547f8a,False,planned,False,,,,,2026-09-07T08:42:24.659182+02:00
NSR:StopPlace:59185,Arvika station,2026-09-07T09:14:00+02:00,2026-09-07T09:14:00+02:00,,0.0,0,Oslo,SJV:Line:cfac9102-49ef-476c-8663-a6d468ee4f36,Stockholm-Hallsberg-Karlstad-Oslo,70,rail,SJV:ServiceJourney:6a1cad30-589d-4caf-b7c2-bb5a062db05d,False,planned,False,,,,,2026-09-07T08:42:24.659182+02:00
NSR:StopPlace:60017,Slitu stasjon,2026-09-07T04:48:00+02:00,2026-09-07T04:48:00+02:00,,0.0,0,Oslo S,VYG:Line:R22,Skøyen-Oslo S-Mysen-Rakkestad,R22,rail,VYG:ServiceJourney:1904_443438-R,False,planned,False,,,,,2026-09-07T08:42:24.659182+02:00
NSR:StopPlace:60017,Slitu stasjon,2026-09-07T05:52:00+02:00,2026-09-07T05:52:00+02:00,,0.0,0,Oslo S,VYG:Line:R22,Skøyen-Oslo S-Mysen-Rakkestad,R22,rail,VYG:ServiceJourney:1906_443441-R,False,planned,False,,,,,2026-09-07T08:42:24.659182+02:00
NSR:StopPlace:60016,Kråkstad stasjon,2026-09-07T05:20:00+02:00,2026-09-07T05:20:00+02:00,,0.0,0,Oslo S,VYG:Line:R22,Skøyen-Oslo S-Mysen-Rakkestad,R22,rail,VYG:ServiceJourney:1904_443438-R,False,planned,False,,,,,2026-09-07T08:42:24.659182+02:00
NSR:StopPlace:60016,Kråkstad stasjon,2026-09-07T06:24:00+02:00,2026-09-07T06:24:00+02:00,,0.0,0,Oslo S,VYG:Line:R22,Skøyen-Oslo S-Mysen-Rakkestad,R22,rail,VYG:ServiceJourney:1906_443441-R,False,planned,False,,,,,2026-09-07T08:42:24.659182+02:00
NSR:StopPlace:60042,Trengereid stasjon,2026-09-07T05:45:00+02:00,2026-09-07T05:45:00+02:00,,0.0,0,Bergen,VYG:Line:R40,Bergen-Voss-Myrdal-Ål,R40,rail,VYG:ServiceJourney:1805_443391-R,False,planned,False,Åpnet: Bulken–Bolstadøyri | Forsinket | Toget kjører igjen,"Bulken–Bolstadøyri er åpen for togtrafikk igjen. Togene kjører, men det kan ta litt tid før de er i rute. Du må derfor regne med forsinkelser, og at enkelte avganger kan bli innstilt. | Toget kjørte 26 minutter forsinket fra Voss. Dette skyldes en tidligere stans. | Toget kjører igjen etter tidligere stans på Voss.",general | incident | general,normal | normal | normal,2026-09-07T08:42:24.659182+02:00
NSR:StopPlace:60047,Melhus skysstasjon,2026-09-07T05:26:00+02:00,2026-09-07T05:26:00+02:00,,0.0,0,Trondheim S,ATB:Line:2_340,Trondheim - Støren,340,bus,ATB:ServiceJourney:340_260106098640215_13,False,planned,False,,,,,2026-09-07T08:42:24.659182+02:00
NSR:StopPlace:60047,Melhus skysstasjon,2026-09-07T05:33:00+02:00,2026-09-07T05:33:00+02:00,,0.0,0,Brekkåsen,ATB:Line:2_82,Hesttrøa-Brekkåsen,82,bus,ATB:ServiceJourney:82_251215112550843_1,False,planned,False,Linje 82 og 504,Avvikende kjøring for linje 82 og 504 pga Hølondvegen er stengt. ,general,normal,2026-09-07T08:42:24.659182+02:00
NSR:StopPlace:60047,Melhus skysstasjon,2026-09-07T05:33:00+02:00,2026-09-07T05:33:00+02:00,,0.0,0,Hesttrøa via Melhus skysstasjon,ATB:Line:2_82,Hesttrøa-Brekkåsen,82,bus,ATB:ServiceJourney:82_251215112550743_2,False,planned,False,Linje 82 og 504,Avvikende kjøring for linje 82 og 504 pga Hølondvegen er stengt. ,general,normal,2026-09-07T08:42:24.659182+02:00
NSR:StopPlace:60047,Melhus skysstasjon,2026-09-07T05:36:00+02:00,2026-09-07T05:36:00+02:00,,0.0,0,B Dora via Ekra-Tillerterminalen,ATB:Line:2_71,MelhusSkyss-Trondheim,71,bus,ATB:ServiceJourney:71_251215112545702_2,False,planned,False,,,,,2026-09-07T08:42:24.659182+02:00
NSR:StopPlace:60047,Melhus skysstasjon,2026-09-07T05:51:00+02:00,2026-09-07T05:51:00+02:00,,0.0,0,Trondheim S,ATB:Line:2_340,Trondheim - Støren,340,bus,ATB:ServiceJourney:340_260106098639872_1,False,planned,False,,,,,2026-09-07T08:42:24.659182+02:00
NSR:StopPlace:60047,Melhus skysstasjon,2026-09-07T05:53:00+02:00,2026-09-07T05:53:00+02:00,,0.0,0,Brekkåsen,ATB:Line:2_82,Hesttrøa-Brekkåsen,82,bus,ATB:ServiceJourney:82_251215112550885_3,False,planned,False,Linje 82 og 504,Avvikende kjøring for linje 82 og 504 pga Hølondvegen er stengt. ,general,normal,2026-09-07T08:42:24.659182+02:00
NSR:StopPlace:60047,Melhus skysstasjon,2026-09-07T05:53:00+02:00,2026-09-07T05:53:00+02:00,,0.0,0,Hesttrøa via Melhus skysstasjon,ATB:Line:2_82,Hesttrøa-Brekkåsen,82,bus,ATB:ServiceJourney:82_251215112550684_4,False,planned,False,Linje 82 og 504,Avvikende kjøring for linje 82 og 504 pga Hølondvegen er stengt. ,general,normal,2026-09-07T08:42:24.659182+02:00
NSR:StopPlace:60047,Melhus skysstasjon,2026-09-07T05:56:00+02:00,2026-09-07T05:56:00+02:00,,0.0,0,Dora via E6 - City Syd E6,ATB:Line:2_71,MelhusSkyss-Trondheim,71,bus,ATB:ServiceJourney:71_251215112546601_4,False,planned,False,,,,,2026-09-07T08:42:24.659182+02:00
NSR:StopPlace:60047,Melhus skysstasjon,2026-09-07T06:13:00+02:00,2026-09-07T06:13:00+02:00,,0.0,0,Brekkåsen,ATB:Line:2_82,Hesttrøa-Brekkåsen,82,bus,ATB:ServiceJourney:82_251215112550792_5,False,planned,False,Linje 82 og 504,Avvikende kjøring for linje 82 og 504 pga Hølondvegen er stengt. ,general,normal,2026-09-07T08:42:24.659182+02:00
NSR:StopPlace:60047,Melhus skysstasjon,2026-09-07T06:13:00+02:00,2026-09-07T06:13:00+02:00,,0.0,0,Hesttrøa via Melhus skysstasjon,ATB:Line:2_82,Hesttrøa-Brekkåsen,82,bus,ATB:ServiceJourney:82_251215112550626_6,False,planned,False,Linje 82 og 504,Avvikende kjøring for linje 82 og 504 pga Hølondvegen er stengt. ,general,normal,2026-09-07T08:42:24.659182+02:00
NSR:StopPlace:60047,Melhus skysstasjon,2026-09-07T06:33:00+02:00,2026-09-07T06:33:00+02:00,,0.0,0,Brekkåsen,ATB:Line:2_82,Hesttrøa-Brekkåsen,82,bus,ATB:ServiceJourney:82_251215112550759_7,False,planned,False,Linje 82 og 504,Avvikende kjøring for linje 82 og 504 pga Hølondvegen er stengt. ,general,normal,2026-09-07T08:42:24.659182+02:00
NSR:StopPlace:60047,Melhus skysstasjon,2026-09-07T06:33:00+02:00,2026-09-07T06:33:00+02:00,,0.0,0,Hesttrøa via Melhus skysstasjon,ATB:Line:2_82,Hesttrøa-Brekkåsen,82,bus,ATB:ServiceJourney:82_251215112550631_8,False,planned,False,Linje 82 og 504,Avvikende kjøring for linje 82 og 504 pga Hølondvegen er stengt. ,general,normal,2026-09-07T08:42:24.659182+02:00
NSR:StopPlace:60047,Melhus skysstasjon,2026-09-07T06:53:00+02:00,2026-09-07T06:53:00+02:00,,0.0,0,Hesttrøa via Melhus skysstasjon,ATB:Line:2_82,Hesttrøa-Brekkåsen,82,bus,ATB:ServiceJourney:82_251215112550742_12,False,planned,False,Linje 82 og 504,Avvikende kjøring for linje 82 og 504 pga Hølondvegen er stengt. ,general,normal,2026-09-07T08:42:24.659182+02:00
NSR:StopPlace:60047,Melhus skysstasjon,2026-09-07T07:13:00+02:00,2026-09-07T07:13:00+02:00,,0.0,0,Brekkåsen,ATB:Line:2_82,Hesttrøa-Brekkåsen,82,bus,ATB:ServiceJourney:82_251215112550844_15,False,planned,False,Linje 82 og 504,Avvikende kjøring for linje 82 og 504 pga Hølondvegen er stengt. ,general,normal,2026-09-07T08:42:24.659182+02:00
NSR:StopPlace:60047,Melhus skysstasjon,2026-09-07T07:33:00+02:00,2026-09-07T07:33:00+02:00,,0.0,0,Hesttrøa via Melhus skysstasjon,ATB:Line:2_82,Hesttrøa-Brekkåsen,82,bus,ATB:ServiceJourney:82_251215112550628_20,False,planned,False,Linje 82 og 504,Avvikende kjøring for linje 82 og 504 pga Hølondvegen er stengt. ,general,normal,2026-09-07T08:42:24.659182+02:00
NSR:StopPlace:60045,Hamar stasjon,2026-09-07T05:34:00+02:00,2026-09-07T05:34:00+02:00,,0.0,0,Oslo S,SJN:Line:21,Dovrebanen,F6,rail,SJN:ServiceJourney:406-TND_30133-R,False,planned,False,,,,,2026-09-07T08:42:24.659182+02:00
NSR:StopPlace:60053,Halden stasjon,2026-09-07T05:05:00+02:00,2026-09-07T05:05:00+02:00,,0.0,0,Oslo S,VYG:Line:RE20,Oslo S-Halden-Göteborg (X-Border),RE20,rail,VYG:ServiceJourney:104_442952-R,False,planned,False,,,,,2026-09-07T08:42:24.659182+02:00
NSR:StopPlace:60053,Halden stasjon,2026-09-07T05:22:00+02:00,2026-09-07T05:22:00+02:00,,0.0,0,Halden sentrum,OST:Line:1_32,Brekkerød-Stenrød,32,bus,OST:ServiceJourney:32_260325121472773_1,False,planned,False,,,,,2026-09-07T08:42:24.659182+02:00
NSR:StopPlace:60053,Halden stasjon,2026-09-07T05:33:00+02:00,2026-09-07T05:33:00+02:00,,0.0,0,Halden sentrum,OST:Line:1_33,Tistedal-Vold skog,33,bus,OST:ServiceJourney:33_260325121472214_1,False,planned,False,,,,,2026-09-07T08:42:24.659182+02:00
NSR:StopPlace:60053,Halden stasjon,2026-09-07T05:46:00+02:00,2026-09-07T05:46:00+02:00,,0.0,0,Halden sentrum,OST:Line:1_34,Remmen-Sykehuset,34,bus,OST:ServiceJourney:34_260325121472301_2,False,planned,False,,,,,2026-09-07T08:42:24.659182+02:00
NSR:StopPlace:60053,Halden stasjon,2026-09-07T05:56:00+02:00,2026-09-07T05:56:00+02:00,,0.0,0,Halden sentrum,OST:Line:1_32,Brekkerød-Stenrød,32,bus,OST:ServiceJourney:32_260325121472805_2,False,planned,False,,,,,2026-09-07T08:42:24.659182+02:00
NSR:StopPlace:60053,Halden stasjon,2026-09-07T06:06:00+02:00,2026-09-07T06:06:00+02:00,,0.0,0,Halden sentrum,OST:Line:1_33,Tistedal-Vold skog,33,bus,OST:ServiceJourney:33_260325121472247_2,False,planned,False,,,,,2026-09-07T08:42:24.659182+02:00
NSR:StopPlace:60053,Halden stasjon,2026-09-07T06:08:00+02:00,2026-09-07T06:08:00+02:00,,0.0,0,Halden sentrum,OST:Line:1_35,Næridsrød - Tistedal,35,bus,OST:ServiceJourney:35_260325121472355_2,False,planned,False,,,,,2026-09-07T08:42:24.659182+02:00
NSR:StopPlace:60053,Halden stasjon,2026-09-07T06:21:00+02:00,2026-09-07T06:21:00+02:00,,0.0,0,Sykehuset-Halden,OST:Line:1_34,Remmen-Sykehuset,34,bus,OST:ServiceJourney:34_260325121472269_1,False,planned,False,,,,,2026-09-07T08:42:24.659182+02:00
NSR:StopPlace:60053,Halden stasjon,2026-09-07T06:22:00+02:00,2026-09-07T06:22:00+02:00,,0.0,0,Halden sentrum,OST:Line:1_32,Brekkerød-Stenrød,32,bus,OST:ServiceJourney:32_260325121472783_3,False,planned,False,,,,,2026-09-07T08:42:24.659182+02:00
NSR:StopPlace:60053,Halden stasjon,2026-09-07T06:33:00+02:00,2026-09-07T06:33:00+02:00,,0.0,0,Halden sentrum,OST:Line:1_33,Tistedal-Vold skog,33,bus,OST:ServiceJourney:33_260325121472221_3,False,planned,False,,,,,2026-09-07T08:42:24.659182+02:00
NSR:StopPlace:60053,Halden stasjon,2026-09-07T06:43:00+02:00,2026-09-07T06:43:00+02:00,,0.0,0,Halden sentrum,OST:Line:1_35,Næridsrød - Tistedal,35,bus,OST:ServiceJourney:35_260325121472323_1,False,planned,False,,,,,2026-09-07T08:42:24.659182+02:00
NSR:StopPlace:60053,Halden stasjon,2026-09-07T06:46:00+02:00,2026-09-07T06:46:00+02:00,,0.0,0,Halden sentrum,OST:Line:1_34,Remmen-Sykehuset,34,bus,OST:ServiceJourney:34_260325121472308_4,False,planned,False,,,,,2026-09-07T08:42:24.659182+02:00
NSR:StopPlace:60053,Halden stasjon,2026-09-07T08:25:00+02:00,2026-09-07T08:25:00+02:00,,0.0,0,Halden,OST:Line:1_633,Moss-Sarpsborg-Halden,633,bus,OST:ServiceJourney:633_260325121471446_406,False,planned,False,,,,,2026-09-07T08:42:24.659182+02:00
NSR:StopPlace:60077,Støren stasjon,2026-09-07T04:52:00+02:00,2026-09-07T04:52:00+02:00,,0.0,0,Trondheim S,ATB:Line:2_340,Trondheim - Støren,340,bus,ATB:ServiceJourney:340_260106098640215_13,False,planned,False,,,,,2026-09-07T08:42:24.659182+02:00
NSR:StopPlace:60077,Støren stasjon,2026-09-07T05:17:00+02:00,2026-09-07T05:17:00+02:00,,0.0,0,Trondheim S,ATB:Line:2_340,Trondheim - Støren,340,bus,ATB:ServiceJourney:340_260106098639872_1,False,planned,False,,,,,2026-09-07T08:42:24.659182+02:00
NSR:StopPlace:60077,Støren stasjon,2026-09-07T05:39:00+02:00,2026-09-07T05:39:00+02:00,,0.0,0,Trondheim S,SJN:Line:21,Dovrebanen,F6,rail,SJN:ServiceJourney:405-LOD_30131-R,False,planned,False,,,,,2026-09-07T08:42:24.659182+02:00
NSR:StopPlace:60077,Støren stasjon,2026-09-07T05:47:00+02:00,2026-09-07T05:47:00+02:00,,0.0,0,Trondheim S ekspress,ATB:Line:2_340,Trondheim - Støren,340,bus,ATB:ServiceJourney:340_260106098639873_3,False,planned,False,,,,,2026-09-07T08:42:24.659182+02:00
NSR:StopPlace:59091,Storekvina stasjon,2026-09-07T06:40:00+02:00,2026-09-07T06:40:00+02:00,,0.0,0,Kristiansand,GOA:Line:50,Sørtoget region,F5,rail,GOA:ServiceJourney:704-STV_79263-R,False,planned,False,,,,,2026-09-07T08:42:24.659182+02:00
NSR:StopPlace:59091,Storekvina stasjon,2026-09-07T06:40:00+02:00,2026-09-07T06:40:00+02:00,,0.0,0,Bestillingsrute tog,AKT:Line:4571,Liknes - Knaben,457,bus,AKT:ServiceJourney:56573_12_13_48000_48600_1092336,False,planned,False,,,,,2026-09-07T08:42:24.659182+02:00
NSR:StopPlace:59092,Gyland stasjon,2026-09-07T06:34:00+02:00,2026-09-07T06:34:00+02:00,,0.0,0,Kristiansand,GOA:Line:50,Sørtoget region,F5,rail,GOA:ServiceJourney:704-STV_79263-R,False,planned,False,,,,,2026-09-07T08:42:24.659182+02:00
NSR:StopPlace:59393,Västerås Centralstation,2026-09-07T06:10:00+02:00,2026-09-07T06:10:00+02:00,,0.0,0,Karlstad,VYB:Line:26,850 Oslo - Arlanda - Stockholm,850,coach,VYB:ServiceJourney:fe5e5853e7e3d7aaa4ba06c82de4ebd4abe0ef96,False,planned,False,Västerås,"Nytt holdeplassområde ved Västerås Resecentrum fra 16. mars. Den nye holdeplassen ligger på stasjonens vestside, rett ved jernbanespor 1B. Du finner den ved å følge parkeringsplassen til den bortre enden. ",general,normal,2026-09-07T08:42:24.659182+02:00
NSR:StopPlace:59393,Västerås Centralstation,2026-09-07T07:05:00+02:00,2026-09-07T07:05:00+02:00,,0.0,0,Karlstad,VYB:Line:26,850 Oslo - Arlanda - Stockholm,850,coach,VYB:ServiceJourney:f9ad7ea0bccae750dc44221801057dcc8c3d3aa8,False,planned,False,Västerås,"Nytt holdeplassområde ved Västerås Resecentrum fra 16. mars. Den nye holdeplassen ligger på stasjonens vestside, rett ved jernbanespor 1B. Du finner den ved å følge parkeringsplassen til den bortre enden. ",general,normal,2026-09-07T08:42:24.659182+02:00
NSR:StopPlace:59393,Västerås Centralstation,2026-09-07T08:55:00+02:00,2026-09-07T08:55:00+02:00,,0.0,0,Arlanda,VYB:Line:27,900 Oslo - Arlanda - Stockholm,900,coach,VYB:ServiceJourney:dbabcfbfc6de07a0aa8183c7de4a3d081906051d,False,planned,False,Annan busstyp på denna avgång | Västerås,"Vennligst merk at denne avgangen kjøres av en samarbeidspartner til Vy bus4you, og med en annen type buss enn den som vanligvis benyttes av Vy bus4you. | Nytt holdeplassområde ved Västerås Resecentrum fra 16. mars. Den nye holdeplassen ligger på stasjonens vestside, rett ved jernbanespor 1B. Du finner den ved å følge parkeringsplassen til den bortre enden. ",general | general,normal | normal,2026-09-07T08:42:24.659182+02:00
NSR:StopPlace:59393,Västerås Centralstation,2026-09-07T09:10:00+02:00,2026-09-07T09:10:00+02:00,,0.0,0,Oslo,VYB:Line:26,850 Oslo - Arlanda - Stockholm,850,coach,VYB:ServiceJourney:535e098b9c69bd948c32b329b402efa9bfd625e3,False,planned,False,Västerås,"Nytt holdeplassområde ved Västerås Resecentrum fra 16. mars. Den nye holdeplassen ligger på stasjonens vestside, rett ved jernbanespor 1B. Du finner den ved å følge parkeringsplassen til den bortre enden. ",general,normal,2026-09-07T08:42:24.659182+02:00
NSR:StopPlace:59393,Västerås Centralstation,2026-09-07T09:15:00+02:00,2026-09-07T09:15:00+02:00,,0.0,0,Stockholm,VYB:Line:26,850 Oslo - Arlanda - Stockholm,850,coach,VYB:ServiceJourney:a60f1b8bc41647be71740cfa50d9408ea8c0a16e,False,planned,False,Västerås,"Nytt holdeplassområde ved Västerås Resecentrum fra 16. mars. Den nye holdeplassen ligger på stasjonens vestside, rett ved jernbanespor 1B. Du finner den ved å følge parkeringsplassen til den bortre enden. ",general,normal,2026-09-07T08:42:24.659182+02:00
NSR:StopPlace:59393,Västerås Centralstation,2026-09-07T09:25:00+02:00,2026-09-07T09:25:00+02:00,,0.0,0,Oslo,FLI:Line:ce96d970-bcdf-435c-b7ba-5f9299ea8ea6,Stockholm - Oslo,600,coach,FLI:ServiceJourney:1630ad5f-61b1-4dec-adfa-720502ccd6d3,False,planned,False,Västerås,"Nytt holdeplassområde ved Västerås Resecentrum fra 16. mars. Den nye holdeplassen ligger på stasjonens vestside, rett ved jernbanespor 1B. Du finner den ved å følge parkeringsplassen til den bortre enden. ",general,normal,2026-09-07T08:42:24.659182+02:00
NSR:StopPlace:60392,Södertälje syd,2026-09-07T06:07:00+02:00,2026-09-07T06:07:00+02:00,,0.0,0,Karlstad-Oslo,SJV:Line:cfac9102-49ef-476c-8663-a6d468ee4f36,Stockholm-Hallsberg-Karlstad-Oslo,70,rail,SJV:ServiceJourney:6a1cad30-589d-4caf-b7c2-bb5a062db05d,False,planned,False,,,,,2026-09-07T08:42:24.659182+02:00
NSR:StopPlace:60392,Södertälje syd,2026-09-07T07:54:00+02:00,2026-09-07T07:54:00+02:00,,0.0,0,Karlstad-Oslo,SJV:Line:cfac9102-49ef-476c-8663-a6d468ee4f36,Stockholm-Hallsberg-Karlstad-Oslo,70,rail,SJV:ServiceJourney:e794c8ce-6e4a-4fd2-b148-3ae868a8aed9,False,planned,False,,,,,2026-09-07T08:42:24.659182+02:00
NSR:StopPlace:59318,Storlien station,2026-09-07T09:34:00+02:00,2026-09-07T09:34:00+02:00,,0.0,0,Trondheim S,SJN:Line:72,Meråkerbanen,R71,rail,SJN:ServiceJourney:1304_53537-R,False,planned,False,,,,,2026-09-07T08:42:24.659182+02:00
NSR:StopPlace:59248,Stockholm-Arlanda flygplats,2026-09-07T05:30:00+02:00,2026-09-07T05:30:00+02:00,,0.0,0,Karlstad,VYB:Line:26,850 Oslo - Arlanda - Stockholm,850,coach,VYB:ServiceJourney:f9ad7ea0bccae750dc44221801057dcc8c3d3aa8,False,planned,False,,,,,2026-09-07T08:42:24.659182+02:00
NSR:StopPlace:59248,Stockholm-Arlanda flygplats,2026-09-07T06:30:00+02:00,2026-09-07T06:30:00+02:00,,0.0,0,Västerås,VYB:Line:26,850 Oslo - Arlanda - Stockholm,850,coach,VYB:ServiceJourney:fee4ca55f64dc4b674b81ba7ef8439b74686bcd0,False,planned,False,,,,,2026-09-07T08:42:24.659182+02:00
NSR:StopPlace:59248,Stockholm-Arlanda flygplats,2026-09-07T08:30:00+02:00,2026-09-07T08:30:00+02:00,,0.0,0,Göteborg,VYB:Line:23,400 Stockholm - Göteborg,400,coach,VYB:ServiceJourney:6796d2a0f5c757d3b0ae0b8ab40d31fc3bb3e60a,False,planned,False,,,,,2026-09-07T08:42:24.659182+02:00
NSR:StopPlace:59248,Stockholm-Arlanda flygplats,2026-09-07T08:45:00+02:00,2026-09-07T08:45:00+02:00,,0.0,0,Kalmar,VYB:Line:176,200 Kalmar - Arlanda,200,coach,VYB:ServiceJourney:f5fa7889c556bbbbf8114422b3b1c27305422ea5,False,planned,False,,,,,2026-09-07T08:42:24.659182+02:00
NSR:StopPlace:59248,Stockholm-Arlanda flygplats,2026-09-07T08:55:00+02:00,2026-09-07T08:55:00+02:00,,0.0,0,Karlstad,VYB:Line:26,850 Oslo - Arlanda - Stockholm,850,coach,VYB:ServiceJourney:8f7e26368cc3ba028e6b3331172a88433bebc7f0,False,planned,False,,,,,2026-09-07T08:42:24.659182+02:00
NSR:StopPlace:59243,Mo i Rana stasjon,2026-09-07T06:27:00+02:00,2026-09-07T06:27:00+02:00,,0.0,0,Skillevollen,NOR:Line:12_8371,Grubbåsen - Båsmobakken/Skillevollen,1,bus,NOR:ServiceJourney:8371_251012124858507_1002,False,planned,False,,,,,2026-09-07T08:42:24.659182+02:00
NSR:StopPlace:59243,Mo i Rana stasjon,2026-09-07T06:42:00+02:00,2026-09-07T06:42:00+02:00,,0.0,0,Sykehuset Mo,NOR:Line:12_8372,Kvernkroken - Sykehuset Mo,2,bus,NOR:ServiceJourney:8372_251012124855326_1002,False,planned,False,,,,,2026-09-07T08:42:24.659182+02:00
NSR:StopPlace:59243,Mo i Rana stasjon,2026-09-07T06:42:00+02:00,2026-09-07T06:42:00+02:00,,0.0,0,Kvernkroken,NOR:Line:12_8372,Kvernkroken - Sykehuset Mo,2,bus,NOR:ServiceJourney:8372_251012124855351_2002,False,planned,False,,,,,2026-09-07T08:42:24.659182+02:00
NSR:StopPlace:59244,Egersund stasjon,2026-09-07T05:05:00+02:00,2026-09-07T05:05:00+02:00,,0.0,0,Stavanger,GOA:Line:59,Jærbanen,L5,rail,GOA:ServiceJourney:3003_63034-R,False,planned,False,,,,,2026-09-07T08:42:24.659182+02:00
NSR:StopPlace:59244,Egersund stasjon,2026-09-07T05:31:00+02:00,2026-09-07T05:31:00+02:00,,0.0,0,Kristiansand,GOA:Line:50,Sørtoget region,F5,rail,GOA:ServiceJourney:704-STV_79263-R,False,planned,False,,,,,2026-09-07T08:42:24.659182+02:00
NSR:StopPlace:59244,Egersund stasjon,2026-09-07T05:37:00+02:00,2026-09-07T05:37:00+02:00,,0.0,0,Østebrød,KOL:Line:8_2002,83,83,bus,KOL:ServiceJourney:2002_250903083245241_1001,False,planned,False,,,,,2026-09-07T08:42:24.659182+02:00
NSR:StopPlace:59244,Egersund stasjon,2026-09-07T05:40:00+02:00,2026-09-07T05:40:00+02:00,,0.0,0,Stavanger,GOA:Line:59,Jærbanen,L5,rail,GOA:ServiceJourney:3005_63036-R,False,planned,False,,,,,2026-09-07T08:42:24.659182+02:00
NSR:StopPlace:59244,Egersund stasjon,2026-09-07T06:09:00+02:00,2026-09-07T06:09:00+02:00,,0.0,0,Egersund via Hovland,KOL:Line:8_2033,98,98,bus,KOL:ServiceJourney:2033_250903083241389_2001,False,planned,False,,,,,2026-09-07T08:42:24.659182+02:00
NSR:StopPlace:59244,Egersund stasjon,2026-09-07T06:10:00+02:00,2026-09-07T06:10:00+02:00,,0.0,0,Egersund via Hovland,KOL:Line:8_2033,98,98,bus,KOL:ServiceJourney:2033_250903083241389_2001,False,planned,False,,,,,2026-09-07T08:42:24.659182+02:00
NSR:StopPlace:59244,Egersund stasjon,2026-09-07T06:17:00+02:00,2026-09-07T06:17:00+02:00,,0.0,0,Hovland,KOL:Line:8_2002,83,83,bus,KOL:ServiceJourney:2002_250903083245238_1002,False,planned,False,,,,,2026-09-07T08:42:24.659182+02:00
NSR:StopPlace:59244,Egersund stasjon,2026-09-07T06:18:00+02:00,2026-09-07T06:18:00+02:00,,0.0,0,Egersund,KOL:Line:8_2002,83,83,bus,KOL:ServiceJourney:2002_250903083245247_2001,False,planned,False,,,,,2026-09-07T08:42:24.659182+02:00
NSR:StopPlace:59244,Egersund stasjon,2026-09-07T06:26:00+02:00,2026-09-07T06:26:00+02:00,,0.0,0,Egersund,KOL:Line:8_2033,98,98,bus,KOL:ServiceJourney:2033_250903083241389_2001,False,planned,False,,,,,2026-09-07T08:42:24.659182+02:00
NSR:StopPlace:59244,Egersund stasjon,2026-09-07T06:35:00+02:00,2026-09-07T06:35:00+02:00,,0.0,0,Egersund via Hovland,KOL:Line:8_2030,85,85,bus,KOL:ServiceJourney:2030_250903083243557_2001,False,planned,False,,,,,2026-09-07T08:42:24.659182+02:00
NSR:StopPlace:59244,Egersund stasjon,2026-09-07T06:40:00+02:00,2026-09-07T06:40:00+02:00,,0.0,0,Egersund,KOL:Line:8_2032,87,87,bus,KOL:ServiceJourney:2032_250903083238545_2001,False,planned,False,,,,,2026-09-07T08:42:24.659182+02:00
NSR:StopPlace:59244,Egersund stasjon,2026-09-07T06:48:00+02:00,2026-09-07T06:48:00+02:00,,0.0,0,Egersund,KOL:Line:8_2029,93,93,bus,KOL:ServiceJourney:2029_250903083241472_2001,False,planned,False,,,,,2026-09-07T08:42:24.659182+02:00
NSR:StopPlace:59244,Egersund stasjon,2026-09-07T06:58:00+02:00,2026-09-07T06:58:00+02:00,,0.0,0,Egersund,KOL:Line:8_2030,85,85,bus,KOL:ServiceJourney:2030_250903083243557_2001,False,planned,False,,,,,2026-09-07T08:42:24.659182+02:00
NSR:StopPlace:59244,Egersund stasjon,2026-09-07T08:10:00+02:00,2026-09-07T08:10:00+02:00,,0.0,0,Samfundets skole via Lagård-Egersund,KOL:Line:8_2034,96,96,bus,KOL:ServiceJourney:2034_250903083241405_2001,False,planned,False,,,,,2026-09-07T08:42:24.659182+02:00
NSR:StopPlace:59244,Egersund stasjon,2026-09-07T08:11:00+02:00,2026-09-07T08:11:00+02:00,,0.0,0,Samfundets skole via Lagård-Egersund,KOL:Line:8_2034,96,96,bus,KOL:ServiceJourney:2034_250903083241405_2001,False,planned,False,,,,,2026-09-07T08:42:24.659182+02:00
NSR:StopPlace:59261,Trondheim lufthavn,2026-09-07T05:32:00+02:00,2026-09-07T05:32:00+02:00,,0.0,0,A Marienborg via Innherredsveien,ATB:Line:2_70,Stjørdal/Hommelvik- Trondheim,70,bus,ATB:ServiceJourney:70_251215112546987_2,False,planned,False,,,,,2026-09-07T08:42:24.659182+02:00
NSR:StopPlace:59261,Trondheim lufthavn,2026-09-07T05:52:00+02:00,2026-09-07T05:52:00+02:00,,0.0,0,A Marienborg via Innherredsveien,ATB:Line:2_70,Stjørdal/Hommelvik- Trondheim,70,bus,ATB:ServiceJourney:70_251215112546906_4,False,planned,False,,,,,2026-09-07T08:42:24.659182+02:00
NSR:StopPlace:59261,Trondheim lufthavn,2026-09-07T06:34:00+02:00,2026-09-07T06:34:00+02:00,,0.0,0,Stjørdal stasjon,ATB:Line:2_70,Stjørdal/Hommelvik- Trondheim,70,bus,ATB:ServiceJourney:70_251215112546896_1,False,planned,False,,,,,2026-09-07T08:42:24.659182+02:00
NSR:StopPlace:59261,Trondheim lufthavn,2026-09-07T07:30:00+02:00,2026-09-07T07:30:00+02:00,,0.0,0,Flybuss Ekspress Trondheim,UNI:Line:FB73,Nidarvoll - Moholt - Trondheim sentrum - Værnes,FB73,bus,UNI:ServiceJourney:FB73-168023-46431208,False,planned,False,,,,,2026-09-07T08:42:24.659182+02:00
NSR:StopPlace:59261,Trondheim lufthavn,2026-09-07T07:45:00+02:00,2026-09-07T07:45:00+02:00,,0.0,0,Flybuss Ekspress Trondheim,UNI:Line:FB73,Nidarvoll - Moholt - Trondheim sentrum - Værnes,FB73,bus,UNI:ServiceJourney:FB73-168023-46431186,False,planned,False,,,,,2026-09-07T08:42:24.659182+02:00
NSR:StopPlace:59261,Trondheim lufthavn,2026-09-07T08:00:00+02:00,2026-09-07T08:00:00+02:00,,0.0,0,Flybuss Ekspress Trondheim,UNI:Line:FB73,Nidarvoll - Moholt - Trondheim sentrum - Værnes,FB73,bus,UNI:ServiceJourney:FB73-168023-46431183,False,planned,False,,,,,2026-09-07T08:42:24.659182+02:00
NSR:StopPlace:59261,Trondheim lufthavn,2026-09-07T08:15:00+02:00,2026-09-07T08:15:00+02:00,,0.0,0,Flybuss Ekspress Trondheim,UNI:Line:FB73,Nidarvoll - Moholt - Trondheim sentrum - Værnes,FB73,bus,UNI:ServiceJourney:FB73-168023-46431188,False,planned,False,,,,,2026-09-07T08:42:24.659182+02:00
NSR:StopPlace:59261,Trondheim lufthavn,2026-09-07T08:30:00+02:00,2026-09-07T08:30:00+02:00,,0.0,0,Flybuss Ekspress Trondheim,UNI:Line:FB73,Nidarvoll - Moholt - Trondheim sentrum - Værnes,FB73,bus,UNI:ServiceJourney:FB73-168023-46431192,False,planned,False,,,,,2026-09-07T08:42:24.659182+02:00
NSR:StopPlace:60271,Varhaug stasjon,2026-09-07T05:06:00+02:00,2026-09-07T05:06:00+02:00,,0.0,0,Stavanger,GOA:Line:59,Jærbanen,L5,rail,GOA:ServiceJourney:3001_63033-R,False,planned,False,,,,,2026-09-07T08:42:24.659182+02:00
NSR:StopPlace:60271,Varhaug stasjon,2026-09-07T05:28:00+02:00,2026-09-07T05:28:00+02:00,,0.0,0,Egersund,GOA:Line:59,Jærbanen,L5,rail,GOA:ServiceJourney:3004_63035-R,False,planned,False,,,,,2026-09-07T08:42:24.659182+02:00
NSR:StopPlace:60271,Varhaug stasjon,2026-09-07T05:39:00+02:00,2026-09-07T05:39:00+02:00,,0.0,0,Stavanger,GOA:Line:59,Jærbanen,L5,rail,GOA:ServiceJourney:3003_63034-R,False,planned,False,,,,,2026-09-07T08:42:24.659182+02:00
NSR:StopPlace:60271,Varhaug stasjon,2026-09-07T05:58:00+02:00,2026-09-07T05:58:00+02:00,,0.0,0,Egersund,GOA:Line:59,Jærbanen,L5,rail,GOA:ServiceJourney:3006_63037-R,False,planned,False,,,,,2026-09-07T08:42:24.659182+02:00
NSR:StopPlace:60271,Varhaug stasjon,2026-09-07T06:11:00+02:00,2026-09-07T06:11:00+02:00,,0.0,0,Stavanger,GOA:Line:59,Jærbanen,L5,rail,GOA:ServiceJourney:3005_63036-R,False,planned,False,,,,,2026-09-07T08:42:24.659182+02:00
NSR:StopPlace:60271,Varhaug stasjon,2026-09-07T09:38:00+02:00,2026-09-07T09:38:00+02:00,,0.0,0,Egersund,GOA:Line:59,Jærbanen,L5,rail,GOA:ServiceJourney:3020_63052-R,False,planned,False,,,,,2026-09-07T08:42:24.659182+02:00
NSR:StopPlace:60569,Sirevåg stasjon,2026-09-07T04:50:00+02:00,2026-09-07T04:50:00+02:00,,0.0,0,Stavanger,GOA:Line:59,Jærbanen,L5,rail,GOA:ServiceJourney:3001_63033-R,False,planned,False,,,,,2026-09-07T08:42:24.659182+02:00
NSR:StopPlace:60569,Sirevåg stasjon,2026-09-07T05:16:00+02:00,2026-09-07T05:16:00+02:00,,0.0,0,Stavanger,GOA:Line:59,Jærbanen,L5,rail,GOA:ServiceJourney:3003_63034-R,False,planned,False,,,,,2026-09-07T08:42:24.659182+02:00
NSR:StopPlace:60569,Sirevåg stasjon,2026-09-07T05:44:00+02:00,2026-09-07T05:44:00+02:00,,0.0,0,Egersund,GOA:Line:59,Jærbanen,L5,rail,GOA:ServiceJourney:3004_63035-R,False,planned,False,,,,,2026-09-07T08:42:24.659182+02:00
NSR:StopPlace:60569,Sirevåg stasjon,2026-09-07T05:54:00+02:00,2026-09-07T05:54:00+02:00,,0.0,0,Stavanger,GOA:Line:59,Jærbanen,L5,rail,GOA:ServiceJourney:3005_63036-R,False,planned,False,,,,,2026-09-07T08:42:24.659182+02:00
NSR:StopPlace:60569,Sirevåg stasjon,2026-09-07T06:19:00+02:00,2026-09-07T06:19:00+02:00,,0.0,0,Egersund,GOA:Line:59,Jærbanen,L5,rail,GOA:ServiceJourney:3006_63037-R,False,planned,False,,,,,2026-09-07T08:42:24.659182+02:00
NSR:StopPlace:60569,Sirevåg stasjon,2026-09-07T09:27:00+02:00,2026-09-07T09:27:00+02:00,,0.0,0,Stavanger,GOA:Line:59,Jærbanen,L5,rail,GOA:ServiceJourney:3021_63054-R,False,planned,False,,,,,2026-09-07T08:42:24.659182+02:00
NSR:StopPlace:59616,Asker stasjon,2026-09-07T04:49:00+02:00,2026-09-07T04:49:00+02:00,,0.0,0,Lierbyen - Drammen,BRA:Line:4_6071,Drammen - Stoppen - Lierbyen - Asker,71,bus,BRA:ServiceJourney:6071_260415100160688_1000,False,planned,False,Fra 17/8 går linje 61-63-71-73-251-261 og skolebusser fra holdeplass ved Skutebrygga ut av byen.Les mer på brakar.no/trafikkmeldinger.,,general,normal,2026-09-07T08:42:24.659182+02:00
NSR:StopPlace:59616,Asker stasjon,2026-09-07T04:54:00+02:00,2026-09-07T04:54:00+02:00,,0.0,0,Oslo Lufthavn,FLT:Line:FLY1,FLY1,FLY1,rail,FLT:ServiceJourney:1-2614-3705-20260907,False,planned,False,,,,,2026-09-07T08:42:24.659182+02:00
NSR:StopPlace:59616,Asker stasjon,2026-09-07T05:04:00+02:00,2026-09-07T05:04:00+02:00,,0.0,0,Lillestrøm,VYG:Line:L1,Spikkestad-Oslo S-Lillestrøm,L1,rail,VYG:ServiceJourney:2204_443592-R,False,planned,False,,,,,2026-09-07T08:42:24.659182+02:00
NSR:StopPlace:59616,Asker stasjon,2026-09-07T05:05:00+02:00,2026-09-07T05:05:00+02:00,,0.0,0,Blakstad,RUT:Line:290,Asker - Blakstad,290,bus,RUT:ServiceJourney:dd29b8f87bb38f6e1724e659776fb164,False,planned,False,,,,,2026-09-07T08:42:24.659182+02:00
NSR:StopPlace:59616,Asker stasjon,2026-09-07T05:10:00+02:00,2026-09-07T05:10:00+02:00,,0.0,0,Sandvika,RUT:Line:270,Asker - Sandvika (- Fornebu),270,bus,RUT:ServiceJourney:69a94253ac26a9414065c38ffc22e62a,False,planned,False,,,,,2026-09-07T08:42:24.659182+02:00
NSR:StopPlace:59616,Asker stasjon,2026-09-07T05:14:00+02:00,2026-09-07T05:14:00+02:00,,0.0,0,Oslo Lufthavn,FLT:Line:FLY1,FLY1,FLY1,rail,FLT:ServiceJourney:1-2614-3707-20260907,False,planned,False,,,,,2026-09-07T08:42:24.659182+02:00
NSR:StopPlace:59616,Asker stasjon,2026-09-07T05:20:00+02:00,2026-09-07T05:20:00+02:00,,0.0,0,Blakstad,RUT:Line:290,Asker - Blakstad,290,bus,RUT:ServiceJourney:b47570c23f79127e56df68c696a16831,False,planned,False,,,,,2026-09-07T08:42:24.659182+02:00
NSR:StopPlace:59616,Asker stasjon,2026-09-07T05:25:00+02:00,2026-09-07T05:25:00+02:00,,0.0,0,Sandvika,RUT:Line:270,Asker - Sandvika (- Fornebu),270,bus,RUT:ServiceJourney:91fde61431ce82152319852fdfe7b8c3,False,planned,False,,,,,2026-09-07T08:42:24.659182+02:00
NSR:StopPlace:59616,Asker stasjon,2026-09-07T05:29:00+02:00,2026-09-07T05:29:00+02:00,,0.0,0,Eidsvoll,VYG:Line:R12,Kongsberg-Oslo S-Eidsvoll,R12,rail,VYG:ServiceJourney:502_444293-R,False,planned,False,,,,,2026-09-07T08:42:24.659182+02:00
NSR:StopPlace:59616,Asker stasjon,2026-09-07T05:34:00+02:00,2026-09-07T05:34:00+02:00,,0.0,0,Oslo Lufthavn,FLT:Line:FLY1,FLY1,FLY1,rail,FLT:ServiceJourney:1-2614-3709-20260907,False,planned,False,,,,,2026-09-07T08:42:24.659182+02:00
NSR:StopPlace:59616,Asker stasjon,2026-09-07T05:34:00+02:00,2026-09-07T05:34:00+02:00,,0.0,0,Lillestrøm,VYG:Line:L1,Spikkestad-Oslo S-Lillestrøm,L1,rail,VYG:ServiceJourney:2206_443594-R,False,planned,False,,,,,2026-09-07T08:42:24.659182+02:00
NSR:StopPlace:59616,Asker stasjon,2026-09-07T05:35:00+02:00,2026-09-07T05:35:00+02:00,,0.0,0,Blakstad,RUT:Line:290,Asker - Blakstad,290,bus,RUT:ServiceJourney:0c042d6e59ccc84e25ab3f23b2e3b114,False,planned,False,,,,,2026-09-07T08:42:24.659182+02:00
NSR:StopPlace:59616,Asker stasjon,2026-09-07T05:37:00+02:00,2026-09-07T05:37:00+02:00,,0.0,0,Dikemark,RUT:Line:280,Asker - Dikemark - Heggedal,280,bus,RUT:ServiceJourney:6f89ada854d96e09682a439496e38fa8,False,planned,False,,,,,2026-09-07T08:42:24.659182+02:00
NSR:StopPlace:59616,Asker stasjon,2026-09-07T05:40:00+02:00,2026-09-07T05:40:00+02:00,,0.0,0,Fornebu,RUT:Line:270,Asker - Sandvika (- Fornebu),270,bus,RUT:ServiceJourney:047a466623a05b2108e7a817cd735b0f,False,planned,False,,,,,2026-09-07T08:42:24.659182+02:00
NSR:StopPlace:59616,Asker stasjon,2026-09-07T05:45:00+02:00,2026-09-07T05:45:00+02:00,,0.0,0,Borgen,RUT:Line:281,Borgen - Asker,281,bus,RUT:ServiceJourney:110749029f51a468fab935b3ad8aad80,False,planned,False,,,,,2026-09-07T08:42:24.659182+02:00
NSR:StopPlace:59616,Asker stasjon,2026-09-07T05:49:00+02:00,2026-09-07T05:49:00+02:00,,0.0,0,Lierbyen - Drammen,BRA:Line:4_6071,Drammen - Stoppen - Lierbyen - Asker,71,bus,BRA:ServiceJourney:6071_260415100160736_1002,False,planned,False,Fra 17/8 går linje 61-63-71-73-251-261 og skolebusser fra holdeplass ved Skutebrygga ut av byen.Les mer på brakar.no/trafikkmeldinger.,,general,normal,2026-09-07T08:42:24.659182+02:00
NSR:StopPlace:59616,Asker stasjon,2026-09-07T05:50:00+02:00,2026-09-07T05:50:00+02:00,,0.0,0,Blakstad,RUT:Line:290,Asker - Blakstad,290,bus,RUT:ServiceJourney:bdbb0a2a2820308e526fec284bcaf0d7,False,planned,False,,,,,2026-09-07T08:42:24.659182+02:00
NSR:StopPlace:59616,Asker stasjon,2026-09-07T05:54:00+02:00,2026-09-07T05:54:00+02:00,,0.0,0,Oslo Lufthavn,FLT:Line:FLY1,FLY1,FLY1,rail,FLT:ServiceJourney:1-2614-3711-20260907,False,planned,False,,,,,2026-09-07T08:42:24.659182+02:00
NSR:StopPlace:59616,Asker stasjon,2026-09-07T05:55:00+02:00,2026-09-07T05:55:00+02:00,,0.0,0,Fornebu,RUT:Line:270,Asker - Sandvika (- Fornebu),270,bus,RUT:ServiceJourney:c4c01bcdc229b400ba54e5b5d7d88b7e,False,planned,False,,,,,2026-09-07T08:42:24.659182+02:00
NSR:StopPlace:59616,Asker stasjon,2026-09-07T05:57:00+02:00,2026-09-07T05:57:00+02:00,,0.0,0,Heggedal,RUT:Line:280,Asker - Dikemark - Heggedal,280,bus,RUT:ServiceJourney:e7c74f4b548cbbd172ebbb720c30c599,False,planned,False,,,,,2026-09-07T08:42:24.659182+02:00
NSR:StopPlace:59616,Asker stasjon,2026-09-07T06:05:00+02:00,2026-09-07T06:05:00+02:00,,0.0,0,Blakstad,RUT:Line:290,Asker - Blakstad,290,bus,RUT:ServiceJourney:cf1f83e2bd9d6d0a72166ac37235e569,False,planned,False,,,,,2026-09-07T08:42:24.659182+02:00
NSR:StopPlace:59616,Asker stasjon,2026-09-07T06:05:00+02:00,2026-09-07T06:05:00+02:00,,0.0,0,Heggedal,RUT:Line:285,Heggedal - Blakstad - Asker,285,bus,RUT:ServiceJourney:7f36bac8f6dd4344b973893c046c96d2,False,planned,False,,,,,2026-09-07T08:42:24.659182+02:00
NSR:StopPlace:59616,Asker stasjon,2026-09-07T06:07:00+02:00,2026-09-07T06:07:00+02:00,,0.0,0,Dikemark,RUT:Line:280,Asker - Dikemark - Heggedal,280,bus,RUT:ServiceJourney:660d101f7e808ccb5e3a654f724f69b5,False,planned,False,,,,,2026-09-07T08:42:24.659182+02:00
NSR:StopPlace:59616,Asker stasjon,2026-09-07T06:15:00+02:00,2026-09-07T06:15:00+02:00,,0.0,0,Borgen,RUT:Line:281,Borgen - Asker,281,bus,RUT:ServiceJourney:b6eb3b35ed49c9fc2445aa40f8ff4c4b,False,planned,False,,,,,2026-09-07T08:42:24.659182+02:00
NSR:StopPlace:59616,Asker stasjon,2026-09-07T06:16:00+02:00,2026-09-07T06:16:00+02:00,,0.0,0,Spikkestad,VYG:Line:L1,Spikkestad-Oslo S-Lillestrøm,L1,rail,VYG:ServiceJourney:2203_764731-R,False,planned,False,Færre vogner,Denne avgangen kjører dessverre med 4 vogner i stedet for 8 vogner. Dette skyldes at vi mangler et togsett.,general,normal,2026-09-07T08:42:24.659182+02:00
NSR:StopPlace:59616,Asker stasjon,2026-09-07T06:17:00+02:00,2026-09-07T06:17:00+02:00,,0.0,0,Vøyen,RUT:Line:275,Asker - Vøyen,275,bus,RUT:ServiceJourney:b05a622deb5e14bd1b2bf8e0ee22488f,False,planned,False,,,,,2026-09-07T08:42:24.659182+02:00
NSR:StopPlace:59616,Asker stasjon,2026-09-07T06:17:00+02:00,2026-09-07T06:17:00+02:00,,0.0,0,Dikemark,RUT:Line:280,Asker - Dikemark - Heggedal,280,bus,RUT:ServiceJourney:e071969502f482a233738aafea6470fb,False,planned,False,,,,,2026-09-07T08:42:24.659182+02:00
NSR:StopPlace:59616,Asker stasjon,2026-09-07T06:20:00+02:00,2026-09-07T06:20:00+02:00,,0.0,0,Blakstad,RUT:Line:290,Asker - Blakstad,290,bus,RUT:ServiceJourney:3f76ef17dcce18ec63e737eee732688e,False,planned,False,,,,,2026-09-07T08:42:24.659182+02:00
NSR:StopPlace:59616,Asker stasjon,2026-09-07T06:27:00+02:00,2026-09-07T06:27:00+02:00,,0.0,0,Heggedal,RUT:Line:280,Asker - Dikemark - Heggedal,280,bus,RUT:ServiceJourney:9efdc84aabcd99d27e3adab80637efbd,False,planned,False,,,,,2026-09-07T08:42:24.659182+02:00
NSR:StopPlace:59616,Asker stasjon,2026-09-07T06:35:00+02:00,2026-09-07T06:35:00+02:00,,0.0,0,Borgen,RUT:Line:281,Borgen - Asker,281,bus,RUT:ServiceJourney:0aea27cf02dba47c65ccec70c3be140f,False,planned,False,,,,,2026-09-07T08:42:24.659182+02:00
NSR:StopPlace:59616,Asker stasjon,2026-09-07T06:35:00+02:00,2026-09-07T06:35:00+02:00,,0.0,0,Blakstad,RUT:Line:290,Asker - Blakstad,290,bus,RUT:ServiceJourney:977364d67889f1e37d04a1b3cbc7ab7f,False,planned,False,,,,,2026-09-07T08:42:24.659182+02:00
NSR:StopPlace:60603,Kongsberg stasjon,2026-09-07T05:30:00+02:00,2026-09-07T05:30:00+02:00,,0.0,0,Gjerstad,GOA:Line:50,Sørtoget region,F5,rail,GOA:ServiceJourney:705-LOD_63220-R,False,planned,False,,,,,2026-09-07T08:42:24.659182+02:00
NSR:StopPlace:60603,Kongsberg stasjon,2026-09-07T08:01:00+02:00,2026-09-07T08:01:00+02:00,,0.0,0,Oslo S,GOA:Line:50,Sørtoget region,F5,rail,GOA:ServiceJourney:702-GJE_63210-R,False,planned,False,,,,,2026-09-07T08:42:24.659182+02:00
NSR:StopPlace:59620,Grorud stasjon,2026-09-07T04:54:00+02:00,2026-09-07T04:54:00+02:00,,0.0,0,Oslo lufthavn,NBU:Line:cb7b555c-f96e-42d5-84bf-a5e08c0145c2,Radiumhospitalet via Økern-Storo-Tåsen,FB3,bus,NBU:ServiceJourney:0e22b733-a412-4078-987f-4047b44fa091,False,planned,False,,,,,2026-09-07T08:42:24.659182+02:00
NSR:StopPlace:59620,Grorud stasjon,2026-09-07T05:19:00+02:00,2026-09-07T05:19:00+02:00,,0.0,0,Åsbråten,RUT:Line:79,Grorud T - Åsbråten,79,bus,RUT:ServiceJourney:7385b7050528d63b948f0ba6585dac87,False,planned,False,,,,,2026-09-07T08:42:24.659182+02:00
NSR:StopPlace:59620,Grorud stasjon,2026-09-07T05:24:00+02:00,2026-09-07T05:24:00+02:00,,0.0,0,Oslo lufthavn,NBU:Line:cb7b555c-f96e-42d5-84bf-a5e08c0145c2,Radiumhospitalet via Økern-Storo-Tåsen,FB3,bus,NBU:ServiceJourney:f0f7dd2e-b62b-4186-9b42-9757efdb8612,False,planned,False,,,,,2026-09-07T08:42:24.659182+02:00
NSR:StopPlace:59620,Grorud stasjon,2026-09-07T05:27:00+02:00,2026-09-07T05:27:00+02:00,,0.0,0,Spikkestad,VYG:Line:L1,Spikkestad-Oslo S-Lillestrøm,L1,rail,VYG:ServiceJourney:2203_764731-R,False,planned,False,Færre vogner,Denne avgangen kjører dessverre med 4 vogner i stedet for 8 vogner. Dette skyldes at vi mangler et togsett.,general,normal,2026-09-07T08:42:24.659182+02:00
NSR:StopPlace:59620,Grorud stasjon,2026-09-07T05:53:00+02:00,2026-09-07T05:53:00+02:00,,0.0,0,Lillestrøm,VYG:Line:L1,Spikkestad-Oslo S-Lillestrøm,L1,rail,VYG:ServiceJourney:2204_443592-R,False,planned,False,,,,,2026-09-07T08:42:24.659182+02:00
NSR:StopPlace:59620,Grorud stasjon,2026-09-07T05:54:00+02:00,2026-09-07T05:54:00+02:00,,0.0,0,Grorud T,RUT:Line:79,Grorud T - Åsbråten,79,bus,RUT:ServiceJourney:10851812f0fc64a222a346375b3767f9,False,planned,False,,,,,2026-09-07T08:42:24.659182+02:00
NSR:StopPlace:59620,Grorud stasjon,2026-09-07T05:54:00+02:00,2026-09-07T05:54:00+02:00,,0.0,0,Oslo lufthavn,NBU:Line:cb7b555c-f96e-42d5-84bf-a5e08c0145c2,Radiumhospitalet via Økern-Storo-Tåsen,FB3,bus,NBU:ServiceJourney:3121e207-6839-438e-a24e-a659162dd02c,False,planned,False,,,,,2026-09-07T08:42:24.659182+02:00
NSR:StopPlace:59620,Grorud stasjon,2026-09-07T05:56:00+02:00,2026-09-07T05:56:00+02:00,,0.0,0,Lørenskog sentrum,RUT:Line:67,Økern-Lørenskog sentrum,67,bus,RUT:ServiceJourney:060bc6aae3b7768de5092540fe5dffb5,False,planned,False,,,,,2026-09-07T08:42:24.659182+02:00
NSR:StopPlace:59620,Grorud stasjon,2026-09-07T05:57:00+02:00,2026-09-07T05:57:00+02:00,,0.0,0,Stovner,RUT:Line:65,Furuset T - Stovner T via Smedstua,65,bus,RUT:ServiceJourney:398c6d8000e4f861a9535ab0bf448edc,False,planned,False,,,,,2026-09-07T08:42:24.659182+02:00
NSR:StopPlace:59620,Grorud stasjon,2026-09-07T06:12:00+02:00,2026-09-07T06:12:00+02:00,,0.0,0,Stovner,RUT:Line:65,Furuset T - Stovner T via Smedstua,65,bus,RUT:ServiceJourney:b18bc6ef12c6d1a0d32c4d4c72d906b4,False,planned,False,,,,,2026-09-07T08:42:24.659182+02:00
NSR:StopPlace:59620,Grorud stasjon,2026-09-07T06:15:00+02:00,2026-09-07T06:15:00+02:00,,0.0,0,Furuset,RUT:Line:65,Furuset T - Stovner T via Smedstua,65,bus,RUT:ServiceJourney:a5f70ae02e24debb7fc816156acb73f9,False,planned,False,,,,,2026-09-07T08:42:24.659182+02:00
NSR:StopPlace:59620,Grorud stasjon,2026-09-07T06:16:00+02:00,2026-09-07T06:16:00+02:00,,0.0,0,Vestvollen,RUT:Line:345,Vestvollen - Økern,345,bus,RUT:ServiceJourney:9e16d6e59087720025ea2f44c2d28751,False,planned,False,,,,,2026-09-07T08:42:24.659182+02:00
NSR:StopPlace:59620,Grorud stasjon,2026-09-07T06:23:00+02:00,2026-09-07T06:23:00+02:00,,0.0,0,Lillestrøm,VYG:Line:L1,Spikkestad-Oslo S-Lillestrøm,L1,rail,VYG:ServiceJourney:2206_443594-R,False,planned,False,,,,,2026-09-07T08:42:24.659182+02:00
NSR:StopPlace:59620,Grorud stasjon,2026-09-07T06:24:00+02:00,2026-09-07T06:24:00+02:00,,0.0,0,Grorud T,RUT:Line:79,Grorud T - Åsbråten,79,bus,RUT:ServiceJourney:37ced6f23943137d4f8483feb28e381b,False,planned,False,,,,,2026-09-07T08:42:24.659182+02:00
NSR:StopPlace:59620,Grorud stasjon,2026-09-07T06:26:00+02:00,2026-09-07T06:26:00+02:00,,0.0,0,Vestvollen,RUT:Line:345,Vestvollen - Økern,345,bus,RUT:ServiceJourney:53998d25d1a66db82c20866c148efde5,False,planned,False,,,,,2026-09-07T08:42:24.659182+02:00
NSR:StopPlace:59620,Grorud stasjon,2026-09-07T06:26:00+02:00,2026-09-07T06:26:00+02:00,,0.0,0,Lørenskog sentrum,RUT:Line:67,Økern-Lørenskog sentrum,67,bus,RUT:ServiceJourney:e1ff1f28e453f23d38c779901d0f389d,False,planned,False,,,,,2026-09-07T08:42:24.659182+02:00
NSR:StopPlace:59620,Grorud stasjon,2026-09-07T06:27:00+02:00,2026-09-07T06:27:00+02:00,,0.0,0,Stovner,RUT:Line:65,Furuset T - Stovner T via Smedstua,65,bus,RUT:ServiceJourney:ada02286d9a9e4c170f7f2f2685e3ca0,False,planned,False,,,,,2026-09-07T08:42:24.659182+02:00
NSR:StopPlace:59620,Grorud stasjon,2026-09-07T06:30:00+02:00,2026-09-07T06:30:00+02:00,,0.0,0,Furuset,RUT:Line:65,Furuset T - Stovner T via Smedstua,65,bus,RUT:ServiceJourney:80509ad839506d5a3d3e6b97254b6456,False,planned,False,,,,,2026-09-07T08:42:24.659182+02:00
NSR:StopPlace:59620,Grorud stasjon,2026-09-07T06:35:00+02:00,2026-09-07T06:35:00+02:00,,0.0,0,Helsfyr,RUT:Line:66,Helsfyr T - Grorud T,66,bus,RUT:ServiceJourney:6fd0814d61b6d24c7d118cf04c774e83,False,planned,False,,,,,2026-09-07T08:42:24.659182+02:00
NSR:StopPlace:59620,Grorud stasjon,2026-09-07T06:36:00+02:00,2026-09-07T06:36:00+02:00,,0.0,0,Vestvollen,RUT:Line:345,Vestvollen - Økern,345,bus,RUT:ServiceJourney:fca628fad317b3d0dc7aaa77bb13c1b4,False,planned,False,,,,,2026-09-07T08:42:24.659182+02:00
NSR:StopPlace:59620,Grorud stasjon,2026-09-07T06:42:00+02:00,2026-09-07T06:42:00+02:00,,0.0,0,Stovner,RUT:Line:65,Furuset T - Stovner T via Smedstua,65,bus,RUT:ServiceJourney:2f6e6709c4f53a06830947d187bfd452,False,planned,False,,,,,2026-09-07T08:42:24.659182+02:00
NSR:StopPlace:59620,Grorud stasjon,2026-09-07T06:45:00+02:00,2026-09-07T06:45:00+02:00,,0.0,0,Furuset,RUT:Line:65,Furuset T - Stovner T via Smedstua,65,bus,RUT:ServiceJourney:8145ccd1dccf7b4b52baebe9a537ef21,False,planned,False,,,,,2026-09-07T08:42:24.659182+02:00
NSR:StopPlace:59620,Grorud stasjon,2026-09-07T06:47:00+02:00,2026-09-07T06:47:00+02:00,,0.0,0,Grorud T,RUT:Line:66,Helsfyr T - Grorud T,66,bus,RUT:ServiceJourney:817ade9b61a840b3983932095a5d915b,False,planned,False,,,,,2026-09-07T08:42:24.659182+02:00
NSR:StopPlace:59635,Hauketo stasjon,2026-09-07T04:54:00+02:00,2026-09-07T04:54:00+02:00,,0.0,0,Holmlia stasjon,RUT:Line:73,Holmlia stasjon - Brenna,73,bus,RUT:ServiceJourney:feec63a76e31c4aaecec97552f05ef83,False,planned,False,,,,,2026-09-07T08:42:24.659182+02:00
NSR:StopPlace:59635,Hauketo stasjon,2026-09-07T04:55:00+02:00,2026-09-07T04:55:00+02:00,,0.0,0,Holmlia stasjon,RUT:Line:77,Holmlia stasjon - Bjørndal,77,bus,RUT:ServiceJourney:46732aba0970ca1ea1984d0e74d54663,False,planned,False,,,,,2026-09-07T08:42:24.659182+02:00
NSR:StopPlace:59635,Hauketo stasjon,2026-09-07T04:58:00+02:00,2026-09-07T04:58:00+02:00,,0.0,0,Filipstad,RUT:Line:81,Fornebu - Myrvoll stasjon,81,bus,RUT:ServiceJourney:e6555b9c7ac320d5080f6ee18d928a14,False,planned,False,,,,,2026-09-07T08:42:24.659182+02:00
NSR:StopPlace:59635,Hauketo stasjon,2026-09-07T05:02:00+02:00,2026-09-07T05:02:00+02:00,,0.0,0,Stabekk,VYG:Line:L2,Stabekk-Oslo S-Ski,L2,rail,VYG:ServiceJourney:2704-SKI_443910-R,False,planned,False,,,,,2026-09-07T08:42:24.659182+02:00
NSR:StopPlace:59635,Hauketo stasjon,2026-09-07T05:03:00+02:00,2026-09-07T05:03:00+02:00,,0.0,0,Grorud T,RUT:Line:79,Grorud T - Åsbråten,79,bus,RUT:ServiceJourney:10851812f0fc64a222a346375b3767f9,False,planned,False,,,,,2026-09-07T08:42:24.659182+02:00
NSR:StopPlace:59635,Hauketo stasjon,2026-09-07T05:18:00+02:00,2026-09-07T05:18:00+02:00,,0.0,0,Brenna,RUT:Line:73,Holmlia stasjon - Brenna,73,bus,RUT:ServiceJourney:9daddb6b71c58f3a09245cf20f106a0f,False,planned,False,,,,,2026-09-07T08:42:24.659182+02:00
NSR:StopPlace:59635,Hauketo stasjon,2026-09-07T05:24:00+02:00,2026-09-07T05:24:00+02:00,,0.0,0,Holmlia stasjon,RUT:Line:73,Holmlia stasjon - Brenna,73,bus,RUT:ServiceJourney:fd5e3dd7116c40eaa045cc8e3dd4cccd,False,planned,False,,,,,2026-09-07T08:42:24.659182+02:00
NSR:StopPlace:59635,Hauketo stasjon,2026-09-07T05:25:00+02:00,2026-09-07T05:25:00+02:00,,0.0,0,Holmlia stasjon,RUT:Line:77,Holmlia stasjon - Bjørndal,77,bus,RUT:ServiceJourney:11c51780c5c2efbc07bef346d9897a70,False,planned,False,,,,,2026-09-07T08:42:24.659182+02:00
NSR:StopPlace:59635,Hauketo stasjon,2026-09-07T05:28:00+02:00,2026-09-07T05:28:00+02:00,,0.0,0,Filipstad,RUT:Line:81,Fornebu - Myrvoll stasjon,81,bus,RUT:ServiceJourney:146c6cee6aa579587fc4cf22d8ab75e4,False,planned,False,,,,,2026-09-07T08:42:24.659182+02:00
NSR:StopPlace:59635,Hauketo stasjon,2026-09-07T05:32:00+02:00,2026-09-07T05:32:00+02:00,,0.0,0,Stabekk,VYG:Line:L2,Stabekk-Oslo S-Ski,L2,rail,VYG:ServiceJourney:2706-SKI_443912-R,False,planned,False,,,,,2026-09-07T08:42:24.659182+02:00
NSR:StopPlace:59635,Hauketo stasjon,2026-09-07T05:33:00+02:00,2026-09-07T05:33:00+02:00,,0.0,0,Brenna,RUT:Line:73,Holmlia stasjon - Brenna,73,bus,RUT:ServiceJourney:cfebaba91c982fc5b54cc02f119d01b3,False,planned,False,,,,,2026-09-07T08:42:24.659182+02:00
NSR:StopPlace:59635,Hauketo stasjon,2026-09-07T05:33:00+02:00,2026-09-07T05:33:00+02:00,,0.0,0,Grorud T,RUT:Line:79,Grorud T - Åsbråten,79,bus,RUT:ServiceJourney:37ced6f23943137d4f8483feb28e381b,False,planned,False,,,,,2026-09-07T08:42:24.659182+02:00
NSR:StopPlace:59635,Hauketo stasjon,2026-09-07T05:35:00+02:00,2026-09-07T05:35:00+02:00,,0.0,0,Bjørndal,RUT:Line:77,Holmlia stasjon - Bjørndal,77,bus,RUT:ServiceJourney:c803f3cd992eae0612aa6d6479539bc2,False,planned,False,,,,,2026-09-07T08:42:24.659182+02:00
NSR:StopPlace:59635,Hauketo stasjon,2026-09-07T05:43:00+02:00,2026-09-07T05:43:00+02:00,,0.0,0,Filipstad,RUT:Line:81,Fornebu - Myrvoll stasjon,81,bus,RUT:ServiceJourney:9073b511a93ff7b4384003a9e3ebe4e9,False,planned,False,,,,,2026-09-07T08:42:24.659182+02:00
NSR:StopPlace:59635,Hauketo stasjon,2026-09-07T05:48:00+02:00,2026-09-07T05:48:00+02:00,,0.0,0,Brenna,RUT:Line:73,Holmlia stasjon - Brenna,73,bus,RUT:ServiceJourney:1bf67d082ec9e3664504c175d80d777a,False,planned,False,,,,,2026-09-07T08:42:24.659182+02:00
NSR:StopPlace:59635,Hauketo stasjon,2026-09-07T05:54:00+02:00,2026-09-07T05:54:00+02:00,,0.0,0,Holmlia stasjon,RUT:Line:73,Holmlia stasjon - Brenna,73,bus,RUT:ServiceJourney:1f06039d611e9266970d1d5b31364af0,False,planned,False,,,,,2026-09-07T08:42:24.659182+02:00
NSR:StopPlace:59635,Hauketo stasjon,2026-09-07T05:55:00+02:00,2026-09-07T05:55:00+02:00,,0.0,0,Holmlia stasjon,RUT:Line:77,Holmlia stasjon - Bjørndal,77,bus,RUT:ServiceJourney:cb500e351aa503ba0987fe528d8d3b44,False,planned,False,,,,,2026-09-07T08:42:24.659182+02:00
NSR:StopPlace:59635,Hauketo stasjon,2026-09-07T05:57:00+02:00,2026-09-07T05:57:00+02:00,,0.0,0,Åsbråten,RUT:Line:79,Grorud T - Åsbråten,79,bus,RUT:ServiceJourney:1722e3c10bd13b1813fc3af3cea724ba,False,planned,False,,,,,2026-09-07T08:42:24.659182+02:00
NSR:StopPlace:59635,Hauketo stasjon,2026-09-07T05:57:00+02:00,2026-09-07T05:57:00+02:00,,0.0,0,Ski,VYG:Line:L2,Stabekk-Oslo S-Ski,L2,rail,VYG:ServiceJourney:2703-HVK_443909-R,False,planned,False,,,,,2026-09-07T08:42:24.659182+02:00
NSR:StopPlace:59635,Hauketo stasjon,2026-09-07T05:58:00+02:00,2026-09-07T05:58:00+02:00,,0.0,0,Filipstad,RUT:Line:81,Fornebu - Myrvoll stasjon,81,bus,RUT:ServiceJourney:6588b415279720fd84fa8f7d5740b3a1,False,planned,False,,,,,2026-09-07T08:42:24.659182+02:00
NSR:StopPlace:59635,Hauketo stasjon,2026-09-07T06:02:00+02:00,2026-09-07T06:02:00+02:00,,0.0,0,Stabekk,VYG:Line:L2,Stabekk-Oslo S-Ski,L2,rail,VYG:ServiceJourney:2708-SKI_443914-R,False,planned,False,,,,,2026-09-07T08:42:24.659182+02:00
NSR:StopPlace:59635,Hauketo stasjon,2026-09-07T06:03:00+02:00,2026-09-07T06:03:00+02:00,,0.0,0,Brenna,RUT:Line:73,Holmlia stasjon - Brenna,73,bus,RUT:ServiceJourney:4ff64553bf233da67c1261dd07b2ecce,False,planned,False,,,,,2026-09-07T08:42:24.659182+02:00
NSR:StopPlace:59635,Hauketo stasjon,2026-09-07T06:03:00+02:00,2026-09-07T06:03:00+02:00,,0.0,0,Myrvoll stasjon,RUT:Line:81,Fornebu - Myrvoll stasjon,81,bus,RUT:ServiceJourney:327f7e7fc154e86f7a41bbd34a74626a,False,planned,False,,,,,2026-09-07T08:42:24.659182+02:00
NSR:StopPlace:59635,Hauketo stasjon,2026-09-07T06:05:00+02:00,2026-09-07T06:05:00+02:00,,0.0,0,Bjørndal,RUT:Line:77,Holmlia stasjon - Bjørndal,77,bus,RUT:ServiceJourney:a141780fb038770a265d4238684111f3,False,planned,False,,,,,2026-09-07T08:42:24.659182+02:00
NSR:StopPlace:59635,Hauketo stasjon,2026-09-07T06:07:00+02:00,2026-09-07T06:07:00+02:00,,0.0,0,Kolbotn,RUT:Line:87,Hauketo stasjon - Kolbotn,87,bus,RUT:ServiceJourney:3f697b2b102f139fb46a08fd824254ad,False,planned,False,,,,,2026-09-07T08:42:24.659182+02:00
NSR:StopPlace:59635,Hauketo stasjon,2026-09-07T06:08:00+02:00,2026-09-07T06:08:00+02:00,,0.0,0,Fornebu,RUT:Line:81,Fornebu - Myrvoll stasjon,81,bus,RUT:ServiceJourney:769d6b4ee154478ac99d4802ce325a40,False,planned,False,,,,,2026-09-07T08:42:24.659182+02:00
NSR:StopPlace:59635,Hauketo stasjon,2026-09-07T06:09:00+02:00,2026-09-07T06:09:00+02:00,,0.0,0,Holmlia stasjon,RUT:Line:73,Holmlia stasjon - Brenna,73,bus,RUT:ServiceJourney:c409223cc75f22b11479ca9cc64f6c68,False,planned,False,,,,,2026-09-07T08:42:24.659182+02:00
NSR:StopPlace:59635,Hauketo stasjon,2026-09-07T06:10:00+02:00,2026-09-07T06:10:00+02:00,,0.0,0,Holmlia stasjon,RUT:Line:77,Holmlia stasjon - Bjørndal,77,bus,RUT:ServiceJourney:60d083936eb23df122829b8013b97d6d,False,planned,False,,,,,2026-09-07T08:42:24.659182+02:00
NSR:StopPlace:59635,Hauketo stasjon,2026-09-07T06:12:00+02:00,2026-09-07T06:12:00+02:00,,0.0,0,Åsbråten,RUT:Line:79,Grorud T - Åsbråten,79,bus,RUT:ServiceJourney:7385b7050528d63b948f0ba6585dac87,False,planned,False,,,,,2026-09-07T08:42:24.659182+02:00
NSR:StopPlace:59635,Hauketo stasjon,2026-09-07T06:12:00+02:00,2026-09-07T06:12:00+02:00,,0.0,0,Ski,VYG:Line:L2,Stabekk-Oslo S-Ski,L2,rail,VYG:ServiceJourney:2803_444016-R,False,planned,False,,,,,2026-09-07T08:42:24.659182+02:00
NSR:StopPlace:59635,Hauketo stasjon,2026-09-07T06:13:00+02:00,2026-09-07T06:13:00+02:00,,0.0,0,Filipstad,RUT:Line:81,Fornebu - Myrvoll stasjon,81,bus,RUT:ServiceJourney:7eeade1639d6bf4dd4329272b767122d,False,planned,False,,,,,2026-09-07T08:42:24.659182+02:00
NSR:StopPlace:59635,Hauketo stasjon,2026-09-07T06:17:00+02:00,2026-09-07T06:17:00+02:00,,0.0,0,Lysaker,VYG:Line:L2,Stabekk-Oslo S-Ski,L2,rail,VYG:ServiceJourney:2808-SKI_444019-R,False,planned,False,,,,,2026-09-07T08:42:24.659182+02:00
NSR:StopPlace:59635,Hauketo stasjon,2026-09-07T06:18:00+02:00,2026-09-07T06:18:00+02:00,,0.0,0,Brenna,RUT:Line:73,Holmlia stasjon - Brenna,73,bus,RUT:ServiceJourney:fdafbf9b68878d61d2329c15a54f56af,False,planned,False,,,,,2026-09-07T08:42:24.659182+02:00
NSR:StopPlace:59635,Hauketo stasjon,2026-09-07T06:18:00+02:00,2026-09-07T06:18:00+02:00,,0.0,0,Myrvoll stasjon,RUT:Line:81,Fornebu - Myrvoll stasjon,81,bus,RUT:ServiceJourney:a250ebad5003a268701bc36a1209e2d9,False,planned,False,,,,,2026-09-07T08:42:24.659182+02:00
NSR:StopPlace:59635,Hauketo stasjon,2026-09-07T06:20:00+02:00,2026-09-07T06:20:00+02:00,,0.0,0,Bjørndal,RUT:Line:77,Holmlia stasjon - Bjørndal,77,bus,RUT:ServiceJourney:86d831e9a2f8b9bd1cdae1be2b1ae920,False,planned,False,,,,,2026-09-07T08:42:24.659182+02:00
NSR:StopPlace:59635,Hauketo stasjon,2026-09-07T06:23:00+02:00,2026-09-07T06:23:00+02:00,,0.0,0,Filipstad,RUT:Line:81,Fornebu - Myrvoll stasjon,81,bus,RUT:ServiceJourney:6b7b94bda787dad1a881b2de8f6c969e,False,planned,False,,,,,2026-09-07T08:42:24.659182+02:00
NSR:StopPlace:59635,Hauketo stasjon,2026-09-07T06:24:00+02:00,2026-09-07T06:24:00+02:00,,0.0,0,Holmlia stasjon,RUT:Line:73,Holmlia stasjon - Brenna,73,bus,RUT:ServiceJourney:4e90d7bdfe36e782616397bebc565c54,False,planned,False,,,,,2026-09-07T08:42:24.659182+02:00
NSR:StopPlace:59635,Hauketo stasjon,2026-09-07T06:25:00+02:00,2026-09-07T06:25:00+02:00,,0.0,0,Holmlia stasjon,RUT:Line:77,Holmlia stasjon - Bjørndal,77,bus,RUT:ServiceJourney:8c8ee23e77ae22e93b0c5684d215f96e,False,planned,False,,,,,2026-09-07T08:42:24.659182+02:00
NSR:StopPlace:59635,Hauketo stasjon,2026-09-07T06:27:00+02:00,2026-09-07T06:27:00+02:00,,0.0,0,Åsbråten,RUT:Line:79,Grorud T - Åsbråten,79,bus,RUT:ServiceJourney:b855f54055c817b4589720af9852d7e3,False,planned,False,,,,,2026-09-07T08:42:24.659182+02:00
NSR:StopPlace:59635,Hauketo stasjon,2026-09-07T06:27:00+02:00,2026-09-07T06:27:00+02:00,,0.0,0,Ski,VYG:Line:L2,Stabekk-Oslo S-Ski,L2,rail,VYG:ServiceJourney:2705-HVK_443911-R,False,planned,False,,,,,2026-09-07T08:42:24.659182+02:00
NSR:StopPlace:59635,Hauketo stasjon,2026-09-07T06:33:00+02:00,2026-09-07T06:33:00+02:00,,0.0,0,Brenna,RUT:Line:73,Holmlia stasjon - Brenna,73,bus,RUT:ServiceJourney:ddb860e4640776ec7c0714b18436d5d1,False,planned,False,,,,,2026-09-07T08:42:24.659182+02:00
NSR:StopPlace:59635,Hauketo stasjon,2026-09-07T06:33:00+02:00,2026-09-07T06:33:00+02:00,,0.0,0,Myrvoll stasjon,RUT:Line:81,Fornebu - Myrvoll stasjon,81,bus,RUT:ServiceJourney:cec741298dc9006d2ecfe86bbd9c0af1,False,planned,False,,,,,2026-09-07T08:42:24.659182+02:00
NSR:StopPlace:59636,Holmlia stasjon,2026-09-07T04:55:00+02:00,2026-09-07T04:55:00+02:00,,0.0,0,Grorud T,RUT:Line:79,Grorud T - Åsbråten,79,bus,RUT:ServiceJourney:10851812f0fc64a222a346375b3767f9,False,planned,False,,,,,2026-09-07T08:42:24.659182+02:00
NSR:StopPlace:59636,Holmlia stasjon,2026-09-07T05:00:00+02:00,2026-09-07T05:00:00+02:00,,0.0,0,Stabekk,VYG:Line:L2,Stabekk-Oslo S-Ski,L2,rail,VYG:ServiceJourney:2704-SKI_443910-R,False,planned,False,,,,,2026-09-07T08:42:24.659182+02:00
NSR:StopPlace:59636,Holmlia stasjon,2026-09-07T05:14:00+02:00,2026-09-07T05:14:00+02:00,,0.0,0,Brenna,RUT:Line:73,Holmlia stasjon - Brenna,73,bus,RUT:ServiceJourney:9daddb6b71c58f3a09245cf20f106a0f,False,planned,False,,,,,2026-09-07T08:42:24.659182+02:00
NSR:StopPlace:59636,Holmlia stasjon,2026-09-07T05:25:00+02:00,2026-09-07T05:25:00+02:00,,0.0,0,Grorud T,RUT:Line:79,Grorud T - Åsbråten,79,bus,RUT:ServiceJourney:37ced6f23943137d4f8483feb28e381b,False,planned,False,,,,,2026-09-07T08:42:24.659182+02:00
NSR:StopPlace:59636,Holmlia stasjon,2026-09-07T05:27:00+02:00,2026-09-07T05:27:00+02:00,,0.0,0,Bjørndal,RUT:Line:77,Holmlia stasjon - Bjørndal,77,bus,RUT:ServiceJourney:c803f3cd992eae0612aa6d6479539bc2,False,planned,False,,,,,2026-09-07T08:42:24.659182+02:00
NSR:StopPlace:59636,Holmlia stasjon,2026-09-07T05:29:00+02:00,2026-09-07T05:29:00+02:00,,0.0,0,Brenna,RUT:Line:73,Holmlia stasjon - Brenna,73,bus,RUT:ServiceJourney:cfebaba91c982fc5b54cc02f119d01b3,False,planned,False,,,,,2026-09-07T08:42:24.659182+02:00
NSR:StopPlace:59636,Holmlia stasjon,2026-09-07T05:30:00+02:00,2026-09-07T05:30:00+02:00,,0.0,0,Stabekk,VYG:Line:L2,Stabekk-Oslo S-Ski,L2,rail,VYG:ServiceJourney:2706-SKI_443912-R,False,planned,False,,,,,2026-09-07T08:42:24.659182+02:00
NSR:StopPlace:59636,Holmlia stasjon,2026-09-07T05:42:00+02:00,2026-09-07T05:42:00+02:00,,0.0,0,Krummedike,RUT:Line:2077,Holmlia stasjon - Asperudåsen,77B,bus,RUT:ServiceJourney:9db0a124abae9fa208635b4bbdd1ee63,False,planned,False,,,,,2026-09-07T08:42:24.659182+02:00
NSR:StopPlace:59636,Holmlia stasjon,2026-09-07T05:44:00+02:00,2026-09-07T05:44:00+02:00,,0.0,0,Brenna,RUT:Line:73,Holmlia stasjon - Brenna,73,bus,RUT:ServiceJourney:1bf67d082ec9e3664504c175d80d777a,False,planned,False,,,,,2026-09-07T08:42:24.659182+02:00
NSR:StopPlace:59636,Holmlia stasjon,2026-09-07T05:57:00+02:00,2026-09-07T05:57:00+02:00,,0.0,0,Bjørndal,RUT:Line:77,Holmlia stasjon - Bjørndal,77,bus,RUT:ServiceJourney:a141780fb038770a265d4238684111f3,False,planned,False,,,,,2026-09-07T08:42:24.659182+02:00
NSR:StopPlace:59636,Holmlia stasjon,2026-09-07T05:59:00+02:00,2026-09-07T05:59:00+02:00,,0.0,0,Ski,VYG:Line:L2,Stabekk-Oslo S-Ski,L2,rail,VYG:ServiceJourney:2703-HVK_443909-R,False,planned,False,,,,,2026-09-07T08:42:24.659182+02:00
NSR:StopPlace:59636,Holmlia stasjon,2026-09-07T05:59:00+02:00,2026-09-07T05:59:00+02:00,,0.0,0,Brenna,RUT:Line:73,Holmlia stasjon - Brenna,73,bus,RUT:ServiceJourney:4ff64553bf233da67c1261dd07b2ecce,False,planned,False,,,,,2026-09-07T08:42:24.659182+02:00
NSR:StopPlace:59636,Holmlia stasjon,2026-09-07T06:00:00+02:00,2026-09-07T06:00:00+02:00,,0.0,0,Stabekk,VYG:Line:L2,Stabekk-Oslo S-Ski,L2,rail,VYG:ServiceJourney:2708-SKI_443914-R,False,planned,False,,,,,2026-09-07T08:42:24.659182+02:00
NSR:StopPlace:59636,Holmlia stasjon,2026-09-07T06:04:00+02:00,2026-09-07T06:04:00+02:00,,0.0,0,Åsbråten,RUT:Line:79,Grorud T - Åsbråten,79,bus,RUT:ServiceJourney:1722e3c10bd13b1813fc3af3cea724ba,False,planned,False,,,,,2026-09-07T08:42:24.659182+02:00
NSR:StopPlace:59636,Holmlia stasjon,2026-09-07T06:06:00+02:00,2026-09-07T06:06:00+02:00,,0.0,0,Krummedike,RUT:Line:2077,Holmlia stasjon - Asperudåsen,77B,bus,RUT:ServiceJourney:e66c5666b81c36c49288025f82ab9149,False,planned,False,,,,,2026-09-07T08:42:24.659182+02:00
NSR:StopPlace:59636,Holmlia stasjon,2026-09-07T06:12:00+02:00,2026-09-07T06:12:00+02:00,,0.0,0,Bjørndal,RUT:Line:77,Holmlia stasjon - Bjørndal,77,bus,RUT:ServiceJourney:86d831e9a2f8b9bd1cdae1be2b1ae920,False,planned,False,,,,,2026-09-07T08:42:24.659182+02:00
NSR:StopPlace:59636,Holmlia stasjon,2026-09-07T06:12:00+02:00,2026-09-07T06:12:00+02:00,,0.0,0,Krummedike,RUT:Line:2077,Holmlia stasjon - Asperudåsen,77B,bus,RUT:ServiceJourney:e66c5666b81c36c49288025f82ab9149,False,planned,False,,,,,2026-09-07T08:42:24.659182+02:00
NSR:StopPlace:59636,Holmlia stasjon,2026-09-07T06:14:00+02:00,2026-09-07T06:14:00+02:00,,0.0,0,Ski,VYG:Line:L2,Stabekk-Oslo S-Ski,L2,rail,VYG:ServiceJourney:2803_444016-R,False,planned,False,,,,,2026-09-07T08:42:24.659182+02:00
NSR:StopPlace:59636,Holmlia stasjon,2026-09-07T06:14:00+02:00,2026-09-07T06:14:00+02:00,,0.0,0,Brenna,RUT:Line:73,Holmlia stasjon - Brenna,73,bus,RUT:ServiceJourney:fdafbf9b68878d61d2329c15a54f56af,False,planned,False,,,,,2026-09-07T08:42:24.659182+02:00
NSR:StopPlace:59636,Holmlia stasjon,2026-09-07T06:15:00+02:00,2026-09-07T06:15:00+02:00,,0.0,0,Lysaker,VYG:Line:L2,Stabekk-Oslo S-Ski,L2,rail,VYG:ServiceJourney:2808-SKI_444019-R,False,planned,False,,,,,2026-09-07T08:42:24.659182+02:00
NSR:StopPlace:59636,Holmlia stasjon,2026-09-07T06:16:00+02:00,2026-09-07T06:16:00+02:00,,0.0,0,Bjørvika,RUT:Line:80,Jernbanetorget - Åsbråten,80E,bus,RUT:ServiceJourney:54d44950a8b8521d2a2a312fd349744a,False,planned,False,Linje 80E og 83 får Hausmanns bru som ny endeholdeplass fra 29. juni,"Bussene stopper ikke på Jernbanetorget etter 29. juni, men starter og stopper på Hausmanns bru i Nylandsveien.",incident,normal,2026-09-07T08:42:24.659182+02:00
NSR:StopPlace:59636,Holmlia stasjon,2026-09-07T06:19:00+02:00,2026-09-07T06:19:00+02:00,,0.0,0,Åsbråten,RUT:Line:79,Grorud T - Åsbråten,79,bus,RUT:ServiceJourney:7385b7050528d63b948f0ba6585dac87,False,planned,False,,,,,2026-09-07T08:42:24.659182+02:00
NSR:StopPlace:59636,Holmlia stasjon,2026-09-07T06:21:00+02:00,2026-09-07T06:21:00+02:00,,0.0,0,Krummedike,RUT:Line:2077,Holmlia stasjon - Asperudåsen,77B,bus,RUT:ServiceJourney:df12ead46354b572e3b9450847aa55a7,False,planned,False,,,,,2026-09-07T08:42:24.659182+02:00
NSR:StopPlace:59636,Holmlia stasjon,2026-09-07T06:27:00+02:00,2026-09-07T06:27:00+02:00,,0.0,0,Bjørndal,RUT:Line:77,Holmlia stasjon - Bjørndal,77,bus,RUT:ServiceJourney:021f5135bf3ea640f65f2b7841884a70,False,planned,False,,,,,2026-09-07T08:42:24.659182+02:00
NSR:StopPlace:59636,Holmlia stasjon,2026-09-07T06:27:00+02:00,2026-09-07T06:27:00+02:00,,0.0,0,Krummedike,RUT:Line:2077,Holmlia stasjon - Asperudåsen,77B,bus,RUT:ServiceJourney:df12ead46354b572e3b9450847aa55a7,False,planned,False,,,,,2026-09-07T08:42:24.659182+02:00
NSR:StopPlace:59636,Holmlia stasjon,2026-09-07T06:29:00+02:00,2026-09-07T06:29:00+02:00,,0.0,0,Ski,VYG:Line:L2,Stabekk-Oslo S-Ski,L2,rail,VYG:ServiceJourney:2705-HVK_443911-R,False,planned,False,,,,,2026-09-07T08:42:24.659182+02:00
NSR:StopPlace:59636,Holmlia stasjon,2026-09-07T06:29:00+02:00,2026-09-07T06:29:00+02:00,,0.0,0,Brenna,RUT:Line:73,Holmlia stasjon - Brenna,73,bus,RUT:ServiceJourney:ddb860e4640776ec7c0714b18436d5d1,False,planned,False,,,,,2026-09-07T08:42:24.659182+02:00
NSR:StopPlace:59636,Holmlia stasjon,2026-09-07T06:31:00+02:00,2026-09-07T06:31:00+02:00,,0.0,0,Bjørvika,RUT:Line:80,Jernbanetorget - Åsbråten,80E,bus,RUT:ServiceJourney:a9f3d94192e5d360e8cb1963ae4c6e06,False,planned,False,Linje 80E og 83 får Hausmanns bru som ny endeholdeplass fra 29. juni,"Bussene stopper ikke på Jernbanetorget etter 29. juni, men starter og stopper på Hausmanns bru i Nylandsveien.",incident,normal,2026-09-07T08:42:24.659182+02:00
NSR:StopPlace:59636,Holmlia stasjon,2026-09-07T06:34:00+02:00,2026-09-07T06:34:00+02:00,,0.0,0,Åsbråten,RUT:Line:79,Grorud T - Åsbråten,79,bus,RUT:ServiceJourney:b855f54055c817b4589720af9852d7e3,False,planned,False,,,,,2026-09-07T08:42:24.659182+02:00
NSR:StopPlace:59636,Holmlia stasjon,2026-09-07T06:36:00+02:00,2026-09-07T06:36:00+02:00,,0.0,0,Krummedike,RUT:Line:2077,Holmlia stasjon - Asperudåsen,77B,bus,RUT:ServiceJourney:ca7859657e054402a7dd5e4dddd620af,False,planned,False,,,,,2026-09-07T08:42:24.659182+02:00
NSR:StopPlace:59636,Holmlia stasjon,2026-09-07T06:42:00+02:00,2026-09-07T06:42:00+02:00,,0.0,0,Krummedike,RUT:Line:2077,Holmlia stasjon - Asperudåsen,77B,bus,RUT:ServiceJourney:ca7859657e054402a7dd5e4dddd620af,False,planned,False,,,,,2026-09-07T08:42:24.659182+02:00
NSR:StopPlace:59636,Holmlia stasjon,2026-09-07T06:44:00+02:00,2026-09-07T06:44:00+02:00,,0.0,0,Ski,VYG:Line:L2,Stabekk-Oslo S-Ski,L2,rail,VYG:ServiceJourney:2805_444017-R,False,planned,False,,,,,2026-09-07T08:42:24.659182+02:00
NSR:StopPlace:59636,Holmlia stasjon,2026-09-07T06:59:00+02:00,2026-09-07T06:59:00+02:00,,0.0,0,Ski,VYG:Line:L2,Stabekk-Oslo S-Ski,L2,rail,VYG:ServiceJourney:2707-HVK_443913-R,False,planned,False,,,,,2026-09-07T08:42:24.659182+02:00
NSR:StopPlace:59637,Rosenholm stasjon,2026-09-07T04:58:00+02:00,2026-09-07T04:58:00+02:00,,0.0,0,Stabekk,VYG:Line:L2,Stabekk-Oslo S-Ski,L2,rail,VYG:ServiceJourney:2704-SKI_443910-R,False,planned,False,,,,,2026-09-07T08:42:24.659182+02:00
NSR:StopPlace:59637,Rosenholm stasjon,2026-09-07T05:28:00+02:00,2026-09-07T05:28:00+02:00,,0.0,0,Stabekk,VYG:Line:L2,Stabekk-Oslo S-Ski,L2,rail,VYG:ServiceJourney:2706-SKI_443912-R,False,planned,False,,,,,2026-09-07T08:42:24.659182+02:00
NSR:StopPlace:59637,Rosenholm stasjon,2026-09-07T05:58:00+02:00,2026-09-07T05:58:00+02:00,,0.0,0,Stabekk,VYG:Line:L2,Stabekk-Oslo S-Ski,L2,rail,VYG:ServiceJourney:2708-SKI_443914-R,False,planned,False,,,,,2026-09-07T08:42:24.659182+02:00
NSR:StopPlace:59637,Rosenholm stasjon,2026-09-07T06:01:00+02:00,2026-09-07T06:01:00+02:00,,0.0,0,Ski,VYG:Line:L2,Stabekk-Oslo S-Ski,L2,rail,VYG:ServiceJourney:2703-HVK_443909-R,False,planned,False,,,,,2026-09-07T08:42:24.659182+02:00
NSR:StopPlace:59637,Rosenholm stasjon,2026-09-07T06:13:00+02:00,2026-09-07T06:13:00+02:00,,0.0,0,Lysaker,VYG:Line:L2,Stabekk-Oslo S-Ski,L2,rail,VYG:ServiceJourney:2808-SKI_444019-R,False,planned,False,,,,,2026-09-07T08:42:24.659182+02:00
NSR:StopPlace:59637,Rosenholm stasjon,2026-09-07T06:16:00+02:00,2026-09-07T06:16:00+02:00,,0.0,0,Ski,VYG:Line:L2,Stabekk-Oslo S-Ski,L2,rail,VYG:ServiceJourney:2803_444016-R,False,planned,False,,,,,2026-09-07T08:42:24.659182+02:00
NSR:StopPlace:59637,Rosenholm stasjon,2026-09-07T06:31:00+02:00,2026-09-07T06:31:00+02:00,,0.0,0,Ski,VYG:Line:L2,Stabekk-Oslo S-Ski,L2,rail,VYG:ServiceJourney:2705-HVK_443911-R,False,planned,False,,,,,2026-09-07T08:42:24.659182+02:00
NSR:StopPlace:59637,Rosenholm stasjon,2026-09-07T06:46:00+02:00,2026-09-07T06:46:00+02:00,,0.0,0,Ski,VYG:Line:L2,Stabekk-Oslo S-Ski,L2,rail,VYG:ServiceJourney:2805_444017-R,False,planned,False,,,,,2026-09-07T08:42:24.659182+02:00
NSR:StopPlace:59637,Rosenholm stasjon,2026-09-07T07:01:00+02:00,2026-09-07T07:01:00+02:00,,0.0,0,Ski,VYG:Line:L2,Stabekk-Oslo S-Ski,L2,rail,VYG:ServiceJourney:2707-HVK_443913-R,False,planned,False,,,,,2026-09-07T08:42:24.659182+02:00
NSR:StopPlace:59638,Myrvoll stasjon,2026-09-07T04:51:00+02:00,2026-09-07T04:51:00+02:00,,0.0,0,Stabekk,VYG:Line:L2,Stabekk-Oslo S-Ski,L2,rail,VYG:ServiceJourney:2704-SKI_443910-R,False,planned,False,,,,,2026-09-07T08:42:24.659182+02:00
NSR:StopPlace:59638,Myrvoll stasjon,2026-09-07T05:05:00+02:00,2026-09-07T05:05:00+02:00,,0.0,0,Filipstad,RUT:Line:81,Fornebu - Myrvoll stasjon,81,bus,RUT:ServiceJourney:146c6cee6aa579587fc4cf22d8ab75e4,False,planned,False,,,,,2026-09-07T08:42:24.659182+02:00
NSR:StopPlace:59638,Myrvoll stasjon,2026-09-07T05:20:00+02:00,2026-09-07T05:20:00+02:00,,0.0,0,Filipstad,RUT:Line:81,Fornebu - Myrvoll stasjon,81,bus,RUT:ServiceJourney:9073b511a93ff7b4384003a9e3ebe4e9,False,planned,False,,,,,2026-09-07T08:42:24.659182+02:00
NSR:StopPlace:59638,Myrvoll stasjon,2026-09-07T05:21:00+02:00,2026-09-07T05:21:00+02:00,,0.0,0,Stabekk,VYG:Line:L2,Stabekk-Oslo S-Ski,L2,rail,VYG:ServiceJourney:2706-SKI_443912-R,False,planned,False,,,,,2026-09-07T08:42:24.659182+02:00
NSR:StopPlace:59638,Myrvoll stasjon,2026-09-07T05:35:00+02:00,2026-09-07T05:35:00+02:00,,0.0,0,Filipstad,RUT:Line:81,Fornebu - Myrvoll stasjon,81,bus,RUT:ServiceJourney:6588b415279720fd84fa8f7d5740b3a1,False,planned,False,,,,,2026-09-07T08:42:24.659182+02:00
NSR:StopPlace:59638,Myrvoll stasjon,2026-09-07T05:37:00+02:00,2026-09-07T05:37:00+02:00,,0.0,0,Kolbotn torg,RUT:Line:580,Kolbotn - Ski,580,bus,RUT:ServiceJourney:5053edeb82b9fea14cd6e5e9e731f3d9,False,planned,False,,,,,2026-09-07T08:42:24.659182+02:00
NSR:StopPlace:59638,Myrvoll stasjon,2026-09-07T05:45:00+02:00,2026-09-07T05:45:00+02:00,,0.0,0,Fornebu,RUT:Line:81,Fornebu - Myrvoll stasjon,81,bus,RUT:ServiceJourney:769d6b4ee154478ac99d4802ce325a40,False,planned,False,,,,,2026-09-07T08:42:24.659182+02:00
NSR:StopPlace:59638,Myrvoll stasjon,2026-09-07T05:51:00+02:00,2026-09-07T05:51:00+02:00,,0.0,0,Stabekk,VYG:Line:L2,Stabekk-Oslo S-Ski,L2,rail,VYG:ServiceJourney:2708-SKI_443914-R,False,planned,False,,,,,2026-09-07T08:42:24.659182+02:00
NSR:StopPlace:59638,Myrvoll stasjon,2026-09-07T06:06:00+02:00,2026-09-07T06:06:00+02:00,,0.0,0,Lysaker,VYG:Line:L2,Stabekk-Oslo S-Ski,L2,rail,VYG:ServiceJourney:2808-SKI_444019-R,False,planned,False,,,,,2026-09-07T08:42:24.659182+02:00
NSR:StopPlace:59638,Myrvoll stasjon,2026-09-07T06:07:00+02:00,2026-09-07T06:07:00+02:00,,0.0,0,Kolbotn torg,RUT:Line:580,Kolbotn - Ski,580,bus,RUT:ServiceJourney:5bb2a471bcb546cc523d5ce90657e036,False,planned,False,,,,,2026-09-07T08:42:24.659182+02:00
NSR:StopPlace:59638,Myrvoll stasjon,2026-09-07T06:08:00+02:00,2026-09-07T06:08:00+02:00,,0.0,0,Ski,VYG:Line:L2,Stabekk-Oslo S-Ski,L2,rail,VYG:ServiceJourney:2703-HVK_443909-R,False,planned,False,,,,,2026-09-07T08:42:24.659182+02:00
NSR:StopPlace:59638,Myrvoll stasjon,2026-09-07T06:09:00+02:00,2026-09-07T06:09:00+02:00,,0.0,0,Jernbanetorget,RUT:Line:84,Jernbanetorget-Oppegård st.,84E,bus,RUT:ServiceJourney:093f1a3a4cb8beeb9256e923722eb6a3,False,planned,False,,,,,2026-09-07T08:42:24.659182+02:00
NSR:StopPlace:59638,Myrvoll stasjon,2026-09-07T06:23:00+02:00,2026-09-07T06:23:00+02:00,,0.0,0,Ski,VYG:Line:L2,Stabekk-Oslo S-Ski,L2,rail,VYG:ServiceJourney:2803_444016-R,False,planned,False,,,,,2026-09-07T08:42:24.659182+02:00
NSR:StopPlace:59638,Myrvoll stasjon,2026-09-07T06:26:00+02:00,2026-09-07T06:26:00+02:00,,0.0,0,Ski stasjon,RUT:Line:580,Kolbotn - Ski,580,bus,RUT:ServiceJourney:0b89b62d891bcc293c96357ce7e47558,False,planned,False,,,,,2026-09-07T08:42:24.659182+02:00
NSR:StopPlace:59638,Myrvoll stasjon,2026-09-07T06:37:00+02:00,2026-09-07T06:37:00+02:00,,0.0,0,Kolbotn torg,RUT:Line:580,Kolbotn - Ski,580,bus,RUT:ServiceJourney:2055712646b50a8139c6eb598e0c0cba,False,planned,False,,,,,2026-09-07T08:42:24.659182+02:00
NSR:StopPlace:59638,Myrvoll stasjon,2026-09-07T06:38:00+02:00,2026-09-07T06:38:00+02:00,,0.0,0,Ski,VYG:Line:L2,Stabekk-Oslo S-Ski,L2,rail,VYG:ServiceJourney:2705-HVK_443911-R,False,planned,False,,,,,2026-09-07T08:42:24.659182+02:00
NSR:StopPlace:59638,Myrvoll stasjon,2026-09-07T06:53:00+02:00,2026-09-07T06:53:00+02:00,,0.0,0,Ski,VYG:Line:L2,Stabekk-Oslo S-Ski,L2,rail,VYG:ServiceJourney:2805_444017-R,False,planned,False,,,,,2026-09-07T08:42:24.659182+02:00
NSR:StopPlace:59638,Myrvoll stasjon,2026-09-07T07:08:00+02:00,2026-09-07T07:08:00+02:00,,0.0,0,Ski,VYG:Line:L2,Stabekk-Oslo S-Ski,L2,rail,VYG:ServiceJourney:2707-HVK_443913-R,False,planned,False,,,,,2026-09-07T08:42:24.659182+02:00
NSR:StopPlace:59639,Sonsveien stasjon,2026-09-07T05:04:00+02:00,2026-09-07T05:04:00+02:00,,0.0,0,Stabekk,VYG:Line:R21,Stabekk-Oslo S-Moss,R21,rail,VYG:ServiceJourney:1104-MOS_442975-R,False,planned,False,,,,,2026-09-07T08:42:24.659182+02:00
NSR:StopPlace:59639,Sonsveien stasjon,2026-09-07T05:12:00+02:00,2026-09-07T05:12:00+02:00,,0.0,0,Vestby stasjon,RUT:Line:540,Moss - Son - Vestby stasjon,540,bus,RUT:ServiceJourney:c3219ad7efd1c034cc3dd2932f72a698,False,planned,False,,,,,2026-09-07T08:42:24.659182+02:00
NSR:StopPlace:59639,Sonsveien stasjon,2026-09-07T05:32:00+02:00,2026-09-07T05:32:00+02:00,,0.0,0,Oslo lufthavn,VYX:Line:56,FB11 Fredrikstad-Oslo Lufthavn (OSL),FB11,bus,VYX:ServiceJourney:2352c03f579b43d7b39fadb44f5901a7e6f67638,False,planned,False,Forhåndsbestilling FB11,Billett må kjøpes på nett eller app senest 15 minutter før påstigning for at bussen skal kjøre innom holdeplassen. Ruter-billett er ikke gyldig. ,general,normal,2026-09-07T08:42:24.659182+02:00
NSR:StopPlace:59639,Sonsveien stasjon,2026-09-07T05:34:00+02:00,2026-09-07T05:34:00+02:00,,0.0,0,Stabekk,VYG:Line:R21,Stabekk-Oslo S-Moss,R21,rail,VYG:ServiceJourney:1106-MOS_442977-R,False,planned,False,,,,,2026-09-07T08:42:24.659182+02:00
NSR:StopPlace:59639,Sonsveien stasjon,2026-09-07T05:42:00+02:00,2026-09-07T05:42:00+02:00,,0.0,0,Vestby stasjon,RUT:Line:540,Moss - Son - Vestby stasjon,540,bus,RUT:ServiceJourney:4d8ece53d48cbd69a2f37bfec87bfc4c,False,planned,False,,,,,2026-09-07T08:42:24.659182+02:00
NSR:StopPlace:59639,Sonsveien stasjon,2026-09-07T06:04:00+02:00,2026-09-07T06:04:00+02:00,,0.0,0,Stabekk,VYG:Line:R21,Stabekk-Oslo S-Moss,R21,rail,VYG:ServiceJourney:1108-MOS_442979-R,False,planned,False,,,,,2026-09-07T08:42:24.659182+02:00
NSR:StopPlace:59639,Sonsveien stasjon,2026-09-07T06:09:00+02:00,2026-09-07T06:09:00+02:00,,0.0,0,Moss,RUT:Line:540,Moss - Son - Vestby stasjon,540,bus,RUT:ServiceJourney:25e38ee8a716ddc7f43b28dd99cb884f,False,planned,False,,,,,2026-09-07T08:42:24.659182+02:00
NSR:StopPlace:59639,Sonsveien stasjon,2026-09-07T06:12:00+02:00,2026-09-07T06:12:00+02:00,,0.0,0,Vestby stasjon,RUT:Line:540,Moss - Son - Vestby stasjon,540,bus,RUT:ServiceJourney:24dfb692d7b206757e11154b8bbd8dfc,False,planned,False,,,,,2026-09-07T08:42:24.659182+02:00
NSR:StopPlace:59639,Sonsveien stasjon,2026-09-07T06:20:00+02:00,2026-09-07T06:20:00+02:00,,0.0,0,Oslo lufthavn,VYX:Line:56,FB11 Fredrikstad-Oslo Lufthavn (OSL),FB11,bus,VYX:ServiceJourney:81485a3bd5f259692b6305482a82308e75de2107,False,planned,False,Forhåndsbestilling FB11,Billett må kjøpes på nett eller app senest 15 minutter før påstigning for at bussen skal kjøre innom holdeplassen. Ruter-billett er ikke gyldig. ,general,normal,2026-09-07T08:42:24.659182+02:00
NSR:StopPlace:59639,Sonsveien stasjon,2026-09-07T06:21:00+02:00,2026-09-07T06:21:00+02:00,,0.0,0,Moss,VYG:Line:R21,Stabekk-Oslo S-Moss,R21,rail,VYG:ServiceJourney:1103-HVK_442974-R,False,planned,False,,,,,2026-09-07T08:42:24.659182+02:00
NSR:StopPlace:59639,Sonsveien stasjon,2026-09-07T06:51:00+02:00,2026-09-07T06:51:00+02:00,,0.0,0,Moss,VYG:Line:R21,Stabekk-Oslo S-Moss,R21,rail,VYG:ServiceJourney:1105-HVK_442976-R,False,planned,False,,,,,2026-09-07T08:42:24.659182+02:00
NSR:StopPlace:59639,Sonsveien stasjon,2026-09-07T07:20:00+02:00,2026-09-07T07:20:00+02:00,,0.0,0,Oslo lufthavn,VYX:Line:56,FB11 Fredrikstad-Oslo Lufthavn (OSL),FB11,bus,VYX:ServiceJourney:680aa444d806fb7f45769fdf41cc0add08a06628,False,planned,False,Forhåndsbestilling FB11,Billett må kjøpes på nett eller app senest 15 minutter før påstigning for at bussen skal kjøre innom holdeplassen. Ruter-billett er ikke gyldig. ,general,normal,2026-09-07T08:42:24.659182+02:00
NSR:StopPlace:59639,Sonsveien stasjon,2026-09-07T08:20:00+02:00,2026-09-07T08:20:00+02:00,,0.0,0,Oslo lufthavn,VYX:Line:56,FB11 Fredrikstad-Oslo Lufthavn (OSL),FB11,bus,VYX:ServiceJourney:7f7201d8fa55e4367d0b5ca3838285d0d39ed1ea,False,planned,False,Forhåndsbestilling FB11,Billett må kjøpes på nett eller app senest 15 minutter før påstigning for at bussen skal kjøre innom holdeplassen. Ruter-billett er ikke gyldig. ,general,normal,2026-09-07T08:42:24.659182+02:00
NSR:StopPlace:59639,Sonsveien stasjon,2026-09-07T09:20:00+02:00,2026-09-07T09:20:00+02:00,,0.0,0,Oslo lufthavn,VYX:Line:56,FB11 Fredrikstad-Oslo Lufthavn (OSL),FB11,bus,VYX:ServiceJourney:d5fa3c96eebfcb63142820a23faa6ba68981f065,False,planned,False,Forhåndsbestilling FB11,Billett må kjøpes på nett eller app senest 15 minutter før påstigning for at bussen skal kjøre innom holdeplassen. Ruter-billett er ikke gyldig. ,general,normal,2026-09-07T08:42:24.659182+02:00
NSR:StopPlace:59639,Sonsveien stasjon,2026-09-07T09:25:00+02:00,2026-09-07T09:25:00+02:00,,0.0,0,Store Brevik - Son - Deør,RUT:Line:2545,Son med klokka,545A,bus,RUT:ServiceJourney:973da462ff880e1ead58c47827a2aeb8,False,planned,False,,,,,2026-09-07T08:42:24.659182+02:00
NSR:StopPlace:59639,Sonsveien stasjon,2026-09-07T09:42:00+02:00,2026-09-07T09:42:00+02:00,,0.0,0,Vestby stasjon,RUT:Line:540,Moss - Son - Vestby stasjon,540,bus,RUT:ServiceJourney:b5a99d7905102b98855a41f58e29b023,False,planned,False,,,,,2026-09-07T08:42:24.659182+02:00
NSR:StopPlace:58404,Nationaltheatret,2026-09-07T04:47:00+02:00,2026-09-07T04:47:00+02:00,,0.0,0,Kjelsås,RUT:Line:3912,Majorstuen - Kjelsås,12N,bus,RUT:ServiceJourney:3a0f484789aef611ce2394f8c09889f0,False,planned,False,,,,,2026-09-07T08:42:24.659182+02:00
NSR:StopPlace:58404,Nationaltheatret,2026-09-07T04:48:00+02:00,2026-09-07T04:48:00+02:00,,0.0,0,Eidsvoll,VYG:Line:R12,Kongsberg-Oslo S-Eidsvoll,R12,rail,VYG:ServiceJourney:500_444292-R,False,planned,False,,,,,2026-09-07T08:42:24.659182+02:00
NSR:StopPlace:58404,Nationaltheatret,2026-09-07T04:51:00+02:00,2026-09-07T04:51:00+02:00,,0.0,0,Nydalen T,RUT:Line:37,Nydalen T - Helsfyr,37,bus,RUT:ServiceJourney:b38958ebcf689aa0c07008eff4d8898a,False,planned,False,,,,,2026-09-07T08:42:24.659182+02:00
NSR:StopPlace:58404,Nationaltheatret,2026-09-07T04:52:00+02:00,2026-09-07T04:52:00+02:00,,0.0,0,Grorud T,RUT:Line:31,Snarøya - Fornebu - Tonsenhagen - Grorud,31,bus,RUT:ServiceJourney:006a661c303e3b1b0c4def213dda9af1,False,planned,False,,,,,2026-09-07T08:42:24.659182+02:00
NSR:StopPlace:58404,Nationaltheatret,2026-09-07T04:53:00+02:00,2026-09-07T04:53:00+02:00,,0.0,0,Oslo Lufthavn,FLT:Line:FLY1,FLY1,FLY1,rail,FLT:ServiceJourney:1-2614-3703-20260907,False,planned,False,,,,,2026-09-07T08:42:24.659182+02:00
NSR:StopPlace:58404,Nationaltheatret,2026-09-07T04:55:00+02:00,2026-09-07T04:55:00+02:00,,0.0,0,Fornebu,RUT:Line:31,Snarøya - Fornebu - Tonsenhagen - Grorud,31,bus,RUT:ServiceJourney:a4a07d5806539c391daf9d1fbc9135c6,False,planned,False,,,,,2026-09-07T08:42:24.659182+02:00
NSR:StopPlace:58404,Nationaltheatret,2026-09-07T05:04:00+02:00,2026-09-07T05:04:00+02:00,,0.0,0,Ellingsrudåsen,RUT:Line:2,Østerås - Ellingsrudåsen,2,metro,RUT:ServiceJourney:4e46ee084e876c62f4e357e16105f594,False,planned,False,,,,,2026-09-07T08:42:24.659182+02:00
NSR:StopPlace:58404,Nationaltheatret,2026-09-07T05:04:00+02:00,2026-09-07T05:04:00+02:00,,0.0,0,Helsfyr,RUT:Line:37,Nydalen T - Helsfyr,37,bus,RUT:ServiceJourney:a5db21734bb441135eddfd237df42418,False,planned,False,,,,,2026-09-07T08:42:24.659182+02:00
NSR:StopPlace:58404,Nationaltheatret,2026-09-07T05:08:00+02:00,2026-09-07T05:08:00+02:00,,0.0,0,Bergkrystallen,RUT:Line:4,Vestli - Bergkrystallen,4,metro,RUT:ServiceJourney:fde99a42ab59fc123cec8172fe5f5f6a,False,planned,False,,,,,2026-09-07T08:42:24.659182+02:00
NSR:StopPlace:58404,Nationaltheatret,2026-09-07T05:08:00+02:00,2026-09-07T05:08:00+02:00,,0.0,0,Sognsvann,RUT:Line:5,Sognsvann - Vestli,5,metro,RUT:ServiceJourney:976a2c1d392a871dfd53e1997fa9227c,False,planned,False,,,,,2026-09-07T08:42:24.659182+02:00
NSR:StopPlace:58404,Nationaltheatret,2026-09-07T05:10:00+02:00,2026-09-07T05:10:00+02:00,,0.0,0,Frognerseteren,RUT:Line:1,Frognerseteren - Bergkrystallen,1,metro,RUT:ServiceJourney:2b3607fbf70fc78c23f1824cd4de1859,False,planned,False,,,,,2026-09-07T08:42:24.659182+02:00
NSR:StopPlace:58404,Nationaltheatret,2026-09-07T05:11:00+02:00,2026-09-07T05:11:00+02:00,,0.0,0,Lilleaker,RUT:Line:13,Bekkestua - Ljabru,13,tram,RUT:ServiceJourney:04144952b5b38c23623739a9605d87e4,False,planned,False,Linje 13: Buss for trikk direkte mellom Thune og Furulund - Lilleaker ,Vi kjører buss for trikk (linje 13B) direkte mellom Thune og Furulund - Lilleaker. Bussen stopper ikke på Sollerud. 13B betjener Thune fra midlertidig holdeplass i Drammensveien,incident,normal,2026-09-07T08:42:24.659182+02:00
NSR:StopPlace:58404,Nationaltheatret,2026-09-07T05:12:00+02:00,2026-09-07T05:12:00+02:00,,0.0,0,Mortensrud,RUT:Line:3,Kolsås - Mortensrud,3,metro,RUT:ServiceJourney:a03988bec51bf325636fdfb034bca4a7,False,planned,False,,,,,2026-09-07T08:42:24.659182+02:00
NSR:StopPlace:58404,Nationaltheatret,2026-09-07T05:12:00+02:00,2026-09-07T05:12:00+02:00,,0.0,0,Ringen via Majorstuen,RUT:Line:5,Sognsvann - Vestli,5,metro,RUT:ServiceJourney:ca6d9883e77f80546c512eecb739f8fd,False,planned,False,,,,,2026-09-07T08:42:24.659182+02:00
NSR:StopPlace:58404,Nationaltheatret,2026-09-07T05:13:00+02:00,2026-09-07T05:13:00+02:00,,0.0,0,Oslo Lufthavn,FLT:Line:FLY1,FLY1,FLY1,rail,FLT:ServiceJourney:1-2614-3705-20260907,False,planned,False,,,,,2026-09-07T08:42:24.659182+02:00
NSR:StopPlace:58404,Nationaltheatret,2026-09-07T05:16:00+02:00,2026-09-07T05:16:00+02:00,,0.0,0,Kolsås,RUT:Line:3,Kolsås - Mortensrud,3,metro,RUT:ServiceJourney:9bb5a86b12ba82f48d19c60bc3cc5f5e,False,planned,False,,,,,2026-09-07T08:42:24.659182+02:00
NSR:StopPlace:58404,Nationaltheatret,2026-09-07T05:17:00+02:00,2026-09-07T05:17:00+02:00,,0.0,0,Kjelsås,RUT:Line:3912,Majorstuen - Kjelsås,12N,bus,RUT:ServiceJourney:758b15babbd49a4cdc30b5f85ab7eeed,False,planned,False,,,,,2026-09-07T08:42:24.659182+02:00
NSR:StopPlace:58404,Nationaltheatret,2026-09-07T05:18:00+02:00,2026-09-07T05:18:00+02:00,,0.0,0,Vestli via Majorstuen,RUT:Line:4,Vestli - Bergkrystallen,4,metro,RUT:ServiceJourney:761d445abce27e2d2e5caceb09661227,False,planned,False,,,,,2026-09-07T08:42:24.659182+02:00
NSR:StopPlace:58404,Nationaltheatret,2026-09-07T05:19:00+02:00,2026-09-07T05:19:00+02:00,,0.0,0,Stabekk,VYG:Line:L2,Stabekk-Oslo S-Ski,L2,rail,VYG:ServiceJourney:2704-SKI_443910-R,False,planned,False,,,,,2026-09-07T08:42:24.659182+02:00
NSR:StopPlace:58404,Nationaltheatret,2026-09-07T05:19:00+02:00,2026-09-07T05:19:00+02:00,,0.0,0,Ellingsrudåsen,RUT:Line:2,Østerås - Ellingsrudåsen,2,metro,RUT:ServiceJourney:40bd8e3a212aa4e878252741c3bae454,False,planned,False,,,,,2026-09-07T08:42:24.659182+02:00
NSR:StopPlace:58404,Nationaltheatret,2026-09-07T05:20:00+02:00,2026-09-07T05:20:00+02:00,,0.0,0,Majorstuen,RUT:Line:15,Jernbanetorget - Majorstuen via Nat,15,tram,RUT:ServiceJourney:7a08004c15b2802898c3dee590241dd7,False,planned,False,,,,,2026-09-07T08:42:24.659182+02:00
NSR:StopPlace:58404,Nationaltheatret,2026-09-07T05:21:00+02:00,2026-09-07T05:21:00+02:00,,0.0,0,Østerås,RUT:Line:2,Østerås - Ellingsrudåsen,2,metro,RUT:ServiceJourney:75ecee20170132916cec298e6cd2f795,False,planned,False,,,,,2026-09-07T08:42:24.659182+02:00
NSR:StopPlace:58404,Nationaltheatret,2026-09-07T05:21:00+02:00,2026-09-07T05:21:00+02:00,,0.0,0,Filipstad,RUT:Line:81,Fornebu - Myrvoll stasjon,81,bus,RUT:ServiceJourney:e6555b9c7ac320d5080f6ee18d928a14,False,planned,False,,,,,2026-09-07T08:42:24.659182+02:00
NSR:StopPlace:58404,Nationaltheatret,2026-09-07T05:21:00+02:00,2026-09-07T05:21:00+02:00,,0.0,0,Nydalen T,RUT:Line:37,Nydalen T - Helsfyr,37,bus,RUT:ServiceJourney:a2e772926449fa795a9817884a4f572a,False,planned,False,,,,,2026-09-07T08:42:24.659182+02:00
NSR:StopPlace:58404,Nationaltheatret,2026-09-07T05:23:00+02:00,2026-09-07T05:23:00+02:00,,0.0,0,Bergkrystallen,RUT:Line:4,Vestli - Bergkrystallen,4,metro,RUT:ServiceJourney:1d60832926292171a8b0fb887cd4c5df,False,planned,False,,,,,2026-09-07T08:42:24.659182+02:00
NSR:StopPlace:58404,Nationaltheatret,2026-09-07T05:23:00+02:00,2026-09-07T05:23:00+02:00,,0.0,0,Sognsvann,RUT:Line:5,Sognsvann - Vestli,5,metro,RUT:ServiceJourney:ecbfc950c2d9842377354b032f198491,False,planned,False,,,,,2026-09-07T08:42:24.659182+02:00
NSR:StopPlace:58404,Nationaltheatret,2026-09-07T05:23:00+02:00,2026-09-07T05:23:00+02:00,,0.0,0,Lilleaker,RUT:Line:13,Bekkestua - Ljabru,13,tram,RUT:ServiceJourney:cb01e96f0d8132a758e32f195bf9601b,False,planned,False,Linje 13: Buss for trikk direkte mellom Thune og Furulund - Lilleaker ,Vi kjører buss for trikk (linje 13B) direkte mellom Thune og Furulund - Lilleaker. Bussen stopper ikke på Sollerud. 13B betjener Thune fra midlertidig holdeplass i Drammensveien,incident,normal,2026-09-07T08:42:24.659182+02:00
NSR:StopPlace:58404,Nationaltheatret,2026-09-07T05:23:00+02:00,2026-09-07T05:23:00+02:00,,0.0,0,Grorud T,RUT:Line:31,Snarøya - Fornebu - Tonsenhagen - Grorud,31,bus,RUT:ServiceJourney:0e11fee6ebe4d2c3eeccd3265dedac19,False,planned,False,,,,,2026-09-07T08:42:24.659182+02:00
NSR:StopPlace:58404,Nationaltheatret,2026-09-07T05:25:00+02:00,2026-09-07T05:25:00+02:00,,0.0,0,Frognerseteren,RUT:Line:1,Frognerseteren - Bergkrystallen,1,metro,RUT:ServiceJourney:f39971b5232eb4f35d97dfb9fe98e6fc,False,planned,False,,,,,2026-09-07T08:42:24.659182+02:00
NSR:StopPlace:58404,Nationaltheatret,2026-09-07T05:25:00+02:00,2026-09-07T05:25:00+02:00,,0.0,0,Fornebu,RUT:Line:31,Snarøya - Fornebu - Tonsenhagen - Grorud,31,bus,RUT:ServiceJourney:d35063db109840861f39fc76d4fd5050,False,planned,False,,,,,2026-09-07T08:42:24.659182+02:00
NSR:StopPlace:58404,Nationaltheatret,2026-09-07T05:27:00+02:00,2026-09-07T05:27:00+02:00,,0.0,0,Mortensrud,RUT:Line:3,Kolsås - Mortensrud,3,metro,RUT:ServiceJourney:e4da27b3dc9d6daa01242365e514a577,False,planned,False,,,,,2026-09-07T08:42:24.659182+02:00
NSR:StopPlace:58404,Nationaltheatret,2026-09-07T05:27:00+02:00,2026-09-07T05:27:00+02:00,,0.0,0,Ringen via Majorstuen,RUT:Line:5,Sognsvann - Vestli,5,metro,RUT:ServiceJourney:835dac419cdc02f52aed612bd68ff574,False,planned,False,,,,,2026-09-07T08:42:24.659182+02:00
NSR:StopPlace:58404,Nationaltheatret,2026-09-07T05:29:00+02:00,2026-09-07T05:29:00+02:00,,0.0,0,Vestli,RUT:Line:5,Sognsvann - Vestli,5,metro,RUT:ServiceJourney:1eed9bb767f2bea08661fff8f4f5da1b,False,planned,False,,,,,2026-09-07T08:42:24.659182+02:00
NSR:StopPlace:58404,Nationaltheatret,2026-09-07T05:31:00+02:00,2026-09-07T05:31:00+02:00,,0.0,0,Kolsås,RUT:Line:3,Kolsås - Mortensrud,3,metro,RUT:ServiceJourney:099011ad2889f32622b8affa9f19b40c,False,planned,False,,,,,2026-09-07T08:42:24.659182+02:00
NSR:StopPlace:58404,Nationaltheatret,2026-09-07T05:33:00+02:00,2026-09-07T05:33:00+02:00,,0.0,0,Oslo Lufthavn,FLT:Line:FLY1,FLY1,FLY1,rail,FLT:ServiceJourney:1-2614-3707-20260907,False,planned,False,,,,,2026-09-07T08:42:24.659182+02:00
NSR:StopPlace:58404,Nationaltheatret,2026-09-07T05:33:00+02:00,2026-09-07T05:33:00+02:00,,0.0,0,Ringen via Tøyen,RUT:Line:5,Sognsvann - Vestli,5,metro,RUT:ServiceJourney:c0ff9f0bc352e75917d564ae0afd77f4,False,planned,False,,,,,2026-09-07T08:42:24.659182+02:00
NSR:StopPlace:58404,Nationaltheatret,2026-09-07T05:33:00+02:00,2026-09-07T05:33:00+02:00,,0.0,0,Vestli via Majorstuen,RUT:Line:4,Vestli - Bergkrystallen,4,metro,RUT:ServiceJourney:c126d964837bd678e7926cf7f703eb25,False,planned,False,,,,,2026-09-07T08:42:24.659182+02:00
NSR:StopPlace:58404,Nationaltheatret,2026-09-07T05:34:00+02:00,2026-09-07T05:34:00+02:00,,0.0,0,Ellingsrudåsen,RUT:Line:2,Østerås - Ellingsrudåsen,2,metro,RUT:ServiceJourney:00768aad677fc387136aea1ddb49f92f,False,planned,False,,,,,2026-09-07T08:42:24.659182+02:00
NSR:StopPlace:58404,Nationaltheatret,2026-09-07T05:34:00+02:00,2026-09-07T05:34:00+02:00,,0.0,0,Nationaltheatret,RUT:Line:150,Gullhaug - Nationaltheatret,150,bus,RUT:ServiceJourney:16bbb18a4b17eae200904ffef04006df,False,planned,False,,,,,2026-09-07T08:42:24.659182+02:00
NSR:StopPlace:58404,Nationaltheatret,2026-09-07T05:36:00+02:00,2026-09-07T05:36:00+02:00,,0.0,0,Lillestrøm,VYG:Line:L1,Spikkestad-Oslo S-Lillestrøm,L1,rail,VYG:ServiceJourney:2204_443592-R,False,planned,False,,,,,2026-09-07T08:42:24.659182+02:00
NSR:StopPlace:58404,Nationaltheatret,2026-09-07T05:36:00+02:00,2026-09-07T05:36:00+02:00,,0.0,0,Østerås,RUT:Line:2,Østerås - Ellingsrudåsen,2,metro,RUT:ServiceJourney:9de549a2a73c3684be63279a47831af0,False,planned,False,,,,,2026-09-07T08:42:24.659182+02:00
NSR:StopPlace:58404,Nationaltheatret,2026-09-07T05:36:00+02:00,2026-09-07T05:36:00+02:00,,0.0,0,Myrvoll stasjon,RUT:Line:81,Fornebu - Myrvoll stasjon,81,bus,RUT:ServiceJourney:327f7e7fc154e86f7a41bbd34a74626a,False,planned,False,,,,,2026-09-07T08:42:24.659182+02:00
NSR:StopPlace:58404,Nationaltheatret,2026-09-07T05:38:00+02:00,2026-09-07T05:38:00+02:00,,0.0,0,Ljabru,RUT:Line:13,Bekkestua - Ljabru,13,tram,RUT:ServiceJourney:b2519bbca67d5b9687083560a4c3d659,False,planned,False,,,,,2026-09-07T08:42:24.659182+02:00
NSR:StopPlace:58404,Nationaltheatret,2026-09-07T05:38:00+02:00,2026-09-07T05:38:00+02:00,,0.0,0,Bergkrystallen,RUT:Line:4,Vestli - Bergkrystallen,4,metro,RUT:ServiceJourney:f5efaf259dfd469129068bce29f9eb82,False,planned,False,,,,,2026-09-07T08:42:24.659182+02:00
NSR:StopPlace:58404,Nationaltheatret,2026-09-07T05:38:00+02:00,2026-09-07T05:38:00+02:00,,0.0,0,Sognsvann,RUT:Line:5,Sognsvann - Vestli,5,metro,RUT:ServiceJourney:ca6d9883e77f80546c512eecb739f8fd,False,planned,False,,,,,2026-09-07T08:42:24.659182+02:00
NSR:StopPlace:58404,Nationaltheatret,2026-09-07T05:39:00+02:00,2026-09-07T05:39:00+02:00,,0.0,0,Stabekk,VYG:Line:R21,Stabekk-Oslo S-Moss,R21,rail,VYG:ServiceJourney:1104-MOS_442975-R,False,planned,False,Ta neste tog | Innstilt Oslo S–Stabekk | Forsinket,Ta neste tog mellom Oslo S og Stabekk. | Toget er innstilt mellom Oslo S og Stabekk. Det skyldes at toget er forsinket. | Toget kjørte 13 minutter forsinket fra Kambo. Dette skyldes en tidligere stans.,incident | incident | incident,normal | normal | normal,2026-09-07T08:42:24.659182+02:00
NSR:StopPlace:58404,Nationaltheatret,2026-09-07T05:39:00+02:00,2026-09-07T05:39:00+02:00,,0.0,0,Bygdøy,RUT:Line:30,Bygdøy - Nydalen,30,bus,RUT:ServiceJourney:238aeac49298c3c8ecbf71716e0516a4,False,planned,False,,,,,2026-09-07T08:42:24.659182+02:00
NSR:StopPlace:58404,Nationaltheatret,2026-09-07T05:39:00+02:00,2026-09-07T05:39:00+02:00,,0.0,0,Helsfyr,RUT:Line:37,Nydalen T - Helsfyr,37,bus,RUT:ServiceJourney:50f3d817e2b1751a464633a399c7dad2,False,planned,False,,,,,2026-09-07T08:42:24.659182+02:00
NSR:StopPlace:58404,Nationaltheatret,2026-09-07T05:40:00+02:00,2026-09-07T05:40:00+02:00,,0.0,0,Ski,VYG:Line:L2,Stabekk-Oslo S-Ski,L2,rail,VYG:ServiceJourney:2703-HVK_443909-R,False,planned,False,,,,,2026-09-07T08:42:24.659182+02:00
NSR:StopPlace:58404,Nationaltheatret,2026-09-07T05:40:00+02:00,2026-09-07T05:40:00+02:00,,0.0,0,Frognerseteren,RUT:Line:1,Frognerseteren - Bergkrystallen,1,metro,RUT:ServiceJourney:b163f111d0627bfb19de8aa12438fb0e,False,planned,False,,,,,2026-09-07T08:42:24.659182+02:00
NSR:StopPlace:58415,Oteråga stasjon,2026-09-07T06:16:00+02:00,2026-09-07T06:16:00+02:00,,0.0,0,Bodø,SJN:Line:79,Saltenpendelen,R75,rail,SJN:ServiceJourney:1781_48207-R,False,planned,False,,,,,2026-09-07T08:42:24.659182+02:00
NSR:StopPlace:58623,Katrineholm Centralstation,2026-09-07T06:50:00+02:00,2026-09-07T06:50:00+02:00,,0.0,0,Karlstad-Oslo,SJV:Line:cfac9102-49ef-476c-8663-a6d468ee4f36,Stockholm-Hallsberg-Karlstad-Oslo,70,rail,SJV:ServiceJourney:6a1cad30-589d-4caf-b7c2-bb5a062db05d,False,planned,False,,,,,2026-09-07T08:42:24.659182+02:00
NSR:StopPlace:58623,Katrineholm Centralstation,2026-09-07T08:39:00+02:00,2026-09-07T08:39:00+02:00,,0.0,0,Karlstad-Oslo,SJV:Line:cfac9102-49ef-476c-8663-a6d468ee4f36,Stockholm-Hallsberg-Karlstad-Oslo,70,rail,SJV:ServiceJourney:e794c8ce-6e4a-4fd2-b148-3ae868a8aed9,False,planned,False,,,,,2026-09-07T08:42:24.659182+02:00
NSR:StopPlace:58635,Stockholm Centralstation,2026-09-07T05:38:00+02:00,2026-09-07T05:38:00+02:00,,0.0,0,Karlstad-Oslo,SJV:Line:cfac9102-49ef-476c-8663-a6d468ee4f36,Stockholm-Hallsberg-Karlstad-Oslo,70,rail,SJV:ServiceJourney:6a1cad30-589d-4caf-b7c2-bb5a062db05d,False,planned,False,,,,,2026-09-07T08:42:24.659182+02:00
NSR:StopPlace:58635,Stockholm Centralstation,2026-09-07T07:23:00+02:00,2026-09-07T07:23:00+02:00,,0.0,0,Karlstad-Oslo,SJV:Line:cfac9102-49ef-476c-8663-a6d468ee4f36,Stockholm-Hallsberg-Karlstad-Oslo,70,rail,SJV:ServiceJourney:e794c8ce-6e4a-4fd2-b148-3ae868a8aed9,False,planned,False,,,,,2026-09-07T08:42:24.659182+02:00
NSR:StopPlace:58952,Bodø stasjon,2026-09-07T06:02:00+02:00,2026-09-07T06:02:00+02:00,,0.0,0,Tverlandet,NOR:Line:12_8004,Tverlandet - Bodø sentrum - Løpsmarka,4,bus,NOR:ServiceJourney:8004_251012124900548_1001,False,planned,False,,,,,2026-09-07T08:42:24.659182+02:00
NSR:StopPlace:58952,Bodø stasjon,2026-09-07T06:25:00+02:00,2026-09-07T06:25:00+02:00,,0.0,0,Løpsmarka,NOR:Line:12_8004,Tverlandet - Bodø sentrum - Løpsmarka,4,bus,NOR:ServiceJourney:8004_251012124900588_2001,False,planned,False,,,,,2026-09-07T08:42:24.659182+02:00
NSR:StopPlace:58953,Dunderland stasjon,2026-09-07T06:48:00+02:00,2026-09-07T06:48:00+02:00,,0.0,0,Mo i Rana,NOR:Line:12_8365,Mo-Storforsheia-Krokstrand,300,bus,NOR:ServiceJourney:8365_260810103305896_2018,False,planned,False,,,,,2026-09-07T08:42:24.659182+02:00
NSR:StopPlace:58954,Fauske stasjon,2026-09-07T05:05:00+02:00,2026-09-07T05:05:00+02:00,,0.0,0,Bodø lufthavn,NOR:Line:12_8100,Bodø - Fauske - Narvik/Sortland,100,bus,NOR:ServiceJourney:8100_260126119354513_2005,False,planned,False,,,,,2026-09-07T08:42:24.659182+02:00
NSR:StopPlace:58954,Fauske stasjon,2026-09-07T05:55:00+02:00,2026-09-07T05:55:00+02:00,,0.0,0,Bodø,SJN:Line:79,Saltenpendelen,R75,rail,SJN:ServiceJourney:1781_48207-R,False,planned,False,,,,,2026-09-07T08:42:24.659182+02:00
NSR:StopPlace:58963,Jessheim stasjon,2026-09-07T05:01:00+02:00,2026-09-07T05:01:00+02:00,,0.0,0,Oslo lufthavn,RUT:Line:440,Fenstad/Nordkisa - Oslo lufthavn,440,bus,RUT:ServiceJourney:2d6b3f5868e4ba7da5ae8d38e88a5a19,False,planned,False,,,,,2026-09-07T08:42:24.659182+02:00
NSR:StopPlace:58963,Jessheim stasjon,2026-09-07T05:06:00+02:00,2026-09-07T05:06:00+02:00,,0.0,0,Oslo lufthavn,RUT:Line:450,Årnes - Oslo lufthavn,450,bus,RUT:ServiceJourney:290a83534d50eac8e336fbd1ab7cb88f,False,planned,False,,,,,2026-09-07T08:42:24.659182+02:00
NSR:StopPlace:58964,Kløfta stasjon,2026-09-07T04:53:00+02:00,2026-09-07T04:53:00+02:00,,0.0,0,Frogner,RUT:Line:425,Kløfta – Oslo lufthavn,425,bus,RUT:ServiceJourney:7bd61c481ed150c2b75f19ac0d9a38c9,False,planned,False,,,,,2026-09-07T08:42:24.659182+02:00
NSR:StopPlace:58964,Kløfta stasjon,2026-09-07T05:18:00+02:00,2026-09-07T05:18:00+02:00,,0.0,0,Oslo lufthavn,RUT:Line:425,Kløfta – Oslo lufthavn,425,bus,RUT:ServiceJourney:c6944d1b83867a88f84ad82ecb0eedd5,False,planned,False,,,,,2026-09-07T08:42:24.659182+02:00
NSR:StopPlace:58916,Charlottenberg station,2026-09-07T09:30:00+02:00,2026-09-07T09:30:00+02:00,,0.0,0,Kongsvinger,INN:Line:120,Kongsvinger - Charlottenberg,120,bus,INN:ServiceJourney:54606,False,planned,False,,,,,2026-09-07T08:42:24.659182+02:00
NSR:StopPlace:58917,Marnardal stasjon,2026-09-07T07:11:00+02:00,2026-09-07T07:11:00+02:00,,0.0,0,Kristiansand,GOA:Line:50,Sørtoget region,F5,rail,GOA:ServiceJourney:704-STV_79263-R,False,planned,False,,,,,2026-09-07T08:42:24.659182+02:00
NSR:StopPlace:58917,Marnardal stasjon,2026-09-07T09:36:00+02:00,2026-09-07T09:36:00+02:00,,0.0,0,Stavanger,GOA:Line:50,Sørtoget region,F5,rail,GOA:ServiceJourney:90705_62986-R,False,planned,False,,,,,2026-09-07T08:42:24.659182+02:00
NSR:StopPlace:58918,Nodeland stasjon,2026-09-07T07:32:00+02:00,2026-09-07T07:32:00+02:00,,0.0,0,Kristiansand,GOA:Line:50,Sørtoget region,F5,rail,GOA:ServiceJourney:704-STV_79263-R,False,planned,False,,,,,2026-09-07T08:42:24.659182+02:00
NSR:StopPlace:58918,Nodeland stasjon,2026-09-07T09:14:00+02:00,2026-09-07T09:14:00+02:00,,0.0,0,Stavanger,GOA:Line:50,Sørtoget region,F5,rail,GOA:ServiceJourney:90705_62986-R,False,planned,False,,,,,2026-09-07T08:42:24.659182+02:00
NSR:StopPlace:58919,Sira stasjon,2026-09-07T06:23:00+02:00,2026-09-07T06:23:00+02:00,,0.0,0,Kristiansand,GOA:Line:50,Sørtoget region,F5,rail,GOA:ServiceJourney:704-STV_79263-R,False,planned,False,,,,,2026-09-07T08:42:24.659182+02:00
NSR:StopPlace:58920,Snartemo stasjon,2026-09-07T06:51:00+02:00,2026-09-07T06:51:00+02:00,,0.0,0,Kristiansand,GOA:Line:50,Sørtoget region,F5,rail,GOA:ServiceJourney:704-STV_79263-R,False,planned,False,,,,,2026-09-07T08:42:24.659182+02:00
NSR:StopPlace:58920,Snartemo stasjon,2026-09-07T08:55:00+02:00,2026-09-07T08:55:00+02:00,,0.0,0,Lyngdal,AKT:Line:4111,Lyngdal - Bryggeså,411,bus,AKT:ServiceJourney:65061_12_14_64200_66000_3935503,False,planned,False,,,,,2026-09-07T08:42:24.659182+02:00
NSR:StopPlace:58924,Bryne stasjon,2026-09-07T04:46:00+02:00,2026-09-07T04:46:00+02:00,,0.0,0,Kristiansand,GOA:Line:50,Sørtoget region,F5,rail,GOA:ServiceJourney:704-STV_79263-R,False,planned,False,,,,,2026-09-07T08:42:24.659182+02:00
NSR:StopPlace:58924,Bryne stasjon,2026-09-07T09:20:00+02:00,2026-09-07T09:20:00+02:00,,0.0,0,Sandnes via Kleppekrossen,KOL:Line:8_2019,52,52,bus,KOL:ServiceJourney:2019_260728141809930_1008,False,planned,False,,,,,2026-09-07T08:42:24.659182+02:00
NSR:StopPlace:58924,Bryne stasjon,2026-09-07T09:28:00+02:00,2026-09-07T09:28:00+02:00,,0.0,0,Egersund,GOA:Line:59,Jærbanen,L5,rail,GOA:ServiceJourney:3020_63052-R,False,planned,False,,,,,2026-09-07T08:42:24.659182+02:00
NSR:StopPlace:58924,Bryne stasjon,2026-09-07T09:28:00+02:00,2026-09-07T09:28:00+02:00,,0.0,0,Stavanger,GOA:Line:59,Jærbanen,L5,rail,GOA:ServiceJourney:3019_63051-R,False,planned,False,,,,,2026-09-07T08:42:24.659182+02:00
NSR:StopPlace:58925,Gausel stasjon,2026-09-07T04:47:00+02:00,2026-09-07T04:47:00+02:00,,0.0,0,Stavanger,KOL:Line:8_1001,1,1,bus,KOL:ServiceJourney:1001_251008118397772_6041,False,planned,False,,,,,2026-09-07T08:42:24.659182+02:00
NSR:StopPlace:58925,Gausel stasjon,2026-09-07T05:10:00+02:00,2026-09-07T05:10:00+02:00,,0.0,0,Sandnes,KOL:Line:8_1001,1,1,bus,KOL:ServiceJourney:1001_251008118369869_5041,False,planned,False,,,,,2026-09-07T08:42:24.659182+02:00
NSR:StopPlace:58925,Gausel stasjon,2026-09-07T05:12:00+02:00,2026-09-07T05:12:00+02:00,,0.0,0,Stavanger,GOA:Line:59,Jærbanen,L5,rail,GOA:ServiceJourney:3103_63148-R,False,planned,False,,,,,2026-09-07T08:42:24.659182+02:00
NSR:StopPlace:58925,Gausel stasjon,2026-09-07T05:15:00+02:00,2026-09-07T05:15:00+02:00,,0.0,0,Skeiane,GOA:Line:59,Jærbanen,L5,rail,GOA:ServiceJourney:3102_63147-R,False,planned,False,,,,,2026-09-07T08:42:24.659182+02:00
NSR:StopPlace:58925,Gausel stasjon,2026-09-07T05:43:00+02:00,2026-09-07T05:43:00+02:00,,0.0,0,Skeiane,GOA:Line:59,Jærbanen,L5,rail,GOA:ServiceJourney:3104_63149-R,False,planned,False,,,,,2026-09-07T08:42:24.659182+02:00
NSR:StopPlace:58927,Flåm stasjon,2026-09-07T04:45:00+02:00,2026-09-07T04:45:00+02:00,,0.0,0,Bergen,VYX:Line:31,VY450 Bergen-Fagernes-Oslo,VY450,coach,VYX:ServiceJourney:c9fc489e497686b7713662f2db635b18fd2f00b3,False,planned,False,Forhåndsbestilling Vy,Billett må kjøpes på nett eller app senest 15 minutter før påstigning for at bussen skal kjøre innom holdeplassen.,general,normal,2026-09-07T08:42:24.659182+02:00
NSR:StopPlace:58927,Flåm stasjon,2026-09-07T06:50:00+02:00,2026-09-07T06:50:00+02:00,,0.0,0,Gudvangen E16,SKY:Line:850,Flåm-Ål-Gudvangen,850,bus,SKY:ServiceJourney:850-204958-21393678,False,planned,False,,,,,2026-09-07T08:42:24.659182+02:00
NSR:StopPlace:58927,Flåm stasjon,2026-09-07T07:05:00+02:00,2026-09-07T07:05:00+02:00,,0.0,0,Ingafossen,SKY:Line:800,Sogndal-Lærdal-Flåm,800,bus,SKY:ServiceJourney:800-204958-20581855,False,planned,False,,,,,2026-09-07T08:42:24.659182+02:00
NSR:StopPlace:58927,Flåm stasjon,2026-09-07T07:30:00+02:00,2026-09-07T07:30:00+02:00,,0.0,0,Aurland,NWB:Line:02cd6bd7-d4e7-472f-b5f8-8beff5425948,Flåm-Aurland Shuttle,,bus,NWB:ServiceJourney:1a1e9040-8b2a-4579-9f94-d418f4cc3bcb,False,planned,False,,,,,2026-09-07T08:42:24.659182+02:00
NSR:StopPlace:58927,Flåm stasjon,2026-09-07T08:15:00+02:00,2026-09-07T08:15:00+02:00,,0.0,0,Gudvangen,NWB:Line:fe413f4b-8db5-4880-904a-e7540d67fe81,Flåm-Gudvangen Shuttle,,bus,NWB:ServiceJourney:4a6b6185-28ea-43d4-a021-d2e4b766f31a,False,planned,False,,,,,2026-09-07T08:42:24.659182+02:00
NSR:StopPlace:58927,Flåm stasjon,2026-09-07T08:25:00+02:00,2026-09-07T08:25:00+02:00,,0.0,0,Voss,VYX:Line:31,VY450 Bergen-Fagernes-Oslo,VY450,coach,VYX:ServiceJourney:07ee04ff92012e144ae8bfaedc1d0ba2be5ff3e8,False,planned,False,Forhåndsbestilling Vy,Billett må kjøpes på nett eller app senest 15 minutter før påstigning for at bussen skal kjøre innom holdeplassen.,general,normal,2026-09-07T08:42:24.659182+02:00
NSR:StopPlace:58927,Flåm stasjon,2026-09-07T09:30:00+02:00,2026-09-07T09:30:00+02:00,,0.0,0,Bergen Sentrum - Bergen Lufthavn Flesland,NWY:Line:a54659a0-4839-5c3c-909b-9d9da089554e,Sognefjordekspressen,NW420,coach,NWY:ServiceJourney:608af81c-1ac7-50c8-9754-cdd3a38de852,False,planned,False,,,,,2026-09-07T08:42:24.659182+02:00
NSR:StopPlace:58927,Flåm stasjon,2026-09-07T09:30:00+02:00,2026-09-07T09:30:00+02:00,,0.0,0,Aurland,NWB:Line:02cd6bd7-d4e7-472f-b5f8-8beff5425948,Flåm-Aurland Shuttle,,bus,NWB:ServiceJourney:1e6b9530-ee33-4413-9b79-6d2b69c38ef0,False,planned,False,,,,,2026-09-07T08:42:24.659182+02:00
NSR:StopPlace:58927,Flåm stasjon,2026-09-07T09:36:00+02:00,2026-09-07T09:36:00+02:00,,0.0,0,Aurland,VYX:Line:31,VY450 Bergen-Fagernes-Oslo,VY450,coach,VYX:ServiceJourney:80ffb82c738256addff01b06986f3e8e9183af21,False,planned,False,Forhåndsbestilling Vy,Billett må kjøpes på nett eller app senest 15 minutter før påstigning for at bussen skal kjøre innom holdeplassen.,general,normal,2026-09-07T08:42:24.659182+02:00
NSR:StopPlace:58930,Larvik stasjon,2026-09-07T08:10:00+02:00,2026-09-07T08:10:00+02:00,,0.0,0,Stavern-Kysthospitalet,VKT:Line:4,Torp-Sandefjord-Larvik-Stavern,4,bus,VKT:ServiceJourney:17607,False,planned,False,,,,,2026-09-07T08:42:24.659182+02:00
NSR:StopPlace:58935,Levanger stasjon,2026-09-07T07:36:00+02:00,2026-09-07T07:36:00+02:00,,0.0,0,Levanger ungdomsskole Røstad,ATB:Line:2_7410,Nossum - Håa - Nesheim - Gjemb,7410,bus,ATB:ServiceJourney:7410_260106098640804_2,False,planned,False,,,,,2026-09-07T08:42:24.659182+02:00
NSR:StopPlace:58947,Steinkjer stasjon,2026-09-07T06:00:00+02:00,2026-09-07T06:00:00+02:00,,0.0,0,Steinkjer stasjon,ATB:Line:2_603,Fleksibel by - Steinkjer,603,bus,ATB:ServiceJourney:603_260106098641971_2,False,planned,False,,,,,2026-09-07T08:42:24.659182+02:00
NSR:StopPlace:58947,Steinkjer stasjon,2026-09-07T06:00:00+02:00,2026-09-07T06:00:00+02:00,,0.0,0,Steinkjer stasjon,ATB:Line:2_603,Fleksibel by - Steinkjer,603,bus,ATB:ServiceJourney:603_260106098641978_1,False,planned,False,,,,,2026-09-07T08:42:24.659182+02:00
NSR:StopPlace:58947,Steinkjer stasjon,2026-09-07T07:23:00+02:00,2026-09-07T07:23:00+02:00,,0.0,0,Mære skole,ATB:Line:2_7342,Mære skole - Granheim,7342,bus,ATB:ServiceJourney:7342_260106098641847_4,False,planned,False,,,,,2026-09-07T08:42:24.659182+02:00
NSR:StopPlace:58947,Steinkjer stasjon,2026-09-07T09:30:00+02:00,2026-09-07T09:30:00+02:00,,0.0,0,Ler,SJN:Line:26,Trønderbanen,R70,rail,SJN:ServiceJourney:430_56059-R,False,planned,False,,,,,2026-09-07T08:42:24.659182+02:00
NSR:StopPlace:58947,Steinkjer stasjon,2026-09-07T09:33:00+02:00,2026-09-07T09:33:00+02:00,,0.0,0,Namsos skysstasjon,ATB:Line:2_680,Levanger - Steinkjer - Namsos,680,bus,ATB:ServiceJourney:680_260106098642310_12,False,planned,False,,,,,2026-09-07T08:42:24.659182+02:00
NSR:StopPlace:58797,Mysen stasjon,2026-09-07T04:44:00+02:00,2026-09-07T04:44:00+02:00,,0.0,0,Oslo S,VYG:Line:R22,Skøyen-Oslo S-Mysen-Rakkestad,R22,rail,VYG:ServiceJourney:1904_443438-R,False,planned,False,,,,,2026-09-07T08:42:24.659182+02:00
NSR:StopPlace:58799,Rygge stasjon,2026-09-07T04:59:00+02:00,2026-09-07T04:59:00+02:00,,0.0,0,Oslo S,VYG:Line:RE20,Oslo S-Halden-Göteborg (X-Border),RE20,rail,VYG:ServiceJourney:102_508938-R,False,planned,False,,,,,2026-09-07T08:42:24.659182+02:00
NSR:StopPlace:58799,Rygge stasjon,2026-09-07T06:48:00+02:00,2026-09-07T06:48:00+02:00,,0.0,0,Larkollen,OST:Line:1_200,Moss-Larkollen,200,bus,OST:ServiceJourney:200_260325121471114_1,False,planned,False,,,,,2026-09-07T08:42:24.659182+02:00
NSR:StopPlace:58799,Rygge stasjon,2026-09-07T09:08:00+02:00,2026-09-07T09:08:00+02:00,,0.0,0,Halmstad-Moss,OST:Line:1_200,Moss-Larkollen,200,bus,OST:ServiceJourney:200_260325121476061_4,False,planned,False,,,,,2026-09-07T08:42:24.659182+02:00
NSR:StopPlace:58790,Verdal stasjon,2026-09-07T06:00:00+02:00,2026-09-07T06:00:00+02:00,,0.0,0,Verdal stasjon,ATB:Line:2_605,Fleksibel by - Verdal,605,bus,ATB:ServiceJourney:605_260106098641980_2,False,planned,False,,,,,2026-09-07T08:42:24.659182+02:00
NSR:StopPlace:58790,Verdal stasjon,2026-09-07T09:00:00+02:00,2026-09-07T09:00:00+02:00,,0.0,0,Verdal stasjon,ATB:Line:2_605,Fleksibel by - Verdal,605,bus,ATB:ServiceJourney:605_260106098642433_4,False,planned,False,,,,,2026-09-07T08:42:24.659182+02:00
NSR:StopPlace:58793,Askim stasjon,2026-09-07T04:54:00+02:00,2026-09-07T04:54:00+02:00,,0.0,0,Oslo S,VYG:Line:R22,Skøyen-Oslo S-Mysen-Rakkestad,R22,rail,VYG:ServiceJourney:1904_443438-R,False,planned,False,,,,,2026-09-07T08:42:24.659182+02:00
NSR:StopPlace:58794,Fredrikstad stasjon,2026-09-07T09:10:00+02:00,2026-09-07T09:10:00+02:00,,0.0,0,Kalnes,OST:Line:1_4,Fredrikstad - Kalnes,4,bus,OST:ServiceJourney:4_260325121471286_13,False,planned,False,,,,,2026-09-07T08:42:24.659182+02:00
NSR:StopPlace:58795,Kambo stasjon,2026-09-07T04:55:00+02:00,2026-09-07T04:55:00+02:00,,0.0,0,Skredderåsen-Moss sentrum,OST:Line:1_22,Skredderåsen-Kambo,22,bus,OST:ServiceJourney:22_260821062931751_2,False,planned,False,,,,,2026-09-07T08:42:24.659182+02:00
NSR:StopPlace:58795,Kambo stasjon,2026-09-07T05:30:00+02:00,2026-09-07T05:30:00+02:00,,0.0,0,Skredderåsen-Moss sentrum,OST:Line:1_22,Skredderåsen-Kambo,22,bus,OST:ServiceJourney:22_260821062939300_4,False,planned,False,,,,,2026-09-07T08:42:24.659182+02:00
NSR:StopPlace:58795,Kambo stasjon,2026-09-07T05:54:00+02:00,2026-09-07T05:54:00+02:00,,0.0,0,Kambo,OST:Line:1_22,Skredderåsen-Kambo,22,bus,OST:ServiceJourney:22_260821062871026_1,False,planned,False,,,,,2026-09-07T08:42:24.659182+02:00
NSR:StopPlace:58795,Kambo stasjon,2026-09-07T06:00:00+02:00,2026-09-07T06:00:00+02:00,,0.0,0,Skredderåsen-Moss sentrum,OST:Line:1_22,Skredderåsen-Kambo,22,bus,OST:ServiceJourney:22_260821062946852_6,False,planned,False,,,,,2026-09-07T08:42:24.659182+02:00
NSR:StopPlace:58795,Kambo stasjon,2026-09-07T06:15:00+02:00,2026-09-07T06:15:00+02:00,,0.0,0,Skredderåsen-Moss sentrum,OST:Line:1_22,Skredderåsen-Kambo,22,bus,OST:ServiceJourney:22_260821062954401_8,False,planned,False,,,,,2026-09-07T08:42:24.659182+02:00
NSR:StopPlace:58795,Kambo stasjon,2026-09-07T06:24:00+02:00,2026-09-07T06:24:00+02:00,,0.0,0,Kambo,OST:Line:1_22,Skredderåsen-Kambo,22,bus,OST:ServiceJourney:22_260821062882110_3,False,planned,False,,,,,2026-09-07T08:42:24.659182+02:00
NSR:StopPlace:58795,Kambo stasjon,2026-09-07T06:30:00+02:00,2026-09-07T06:30:00+02:00,,0.0,0,Skredderåsen-Moss sentrum,OST:Line:1_22,Skredderåsen-Kambo,22,bus,OST:ServiceJourney:22_260821062924890_10,False,planned,False,,,,,2026-09-07T08:42:24.659182+02:00
NSR:StopPlace:58795,Kambo stasjon,2026-09-07T06:45:00+02:00,2026-09-07T06:45:00+02:00,,0.0,0,Skredderåsen-Moss sentrum,OST:Line:1_22,Skredderåsen-Kambo,22,bus,OST:ServiceJourney:22_260821062925574_12,False,planned,False,,,,,2026-09-07T08:42:24.659182+02:00
NSR:StopPlace:58795,Kambo stasjon,2026-09-07T06:54:00+02:00,2026-09-07T06:54:00+02:00,,0.0,0,Kambo,OST:Line:1_22,Skredderåsen-Kambo,22,bus,OST:ServiceJourney:22_260821062889681_5,False,planned,False,,,,,2026-09-07T08:42:24.659182+02:00
NSR:StopPlace:58795,Kambo stasjon,2026-09-07T06:55:00+02:00,2026-09-07T06:55:00+02:00,,0.0,0,Moss,VYG:Line:R21,Stabekk-Oslo S-Moss,R21,rail,VYG:ServiceJourney:1105-HVK_442976-R,False,planned,False,,,,,2026-09-07T08:42:24.659182+02:00
NSR:StopPlace:58795,Kambo stasjon,2026-09-07T07:00:00+02:00,2026-09-07T07:00:00+02:00,,0.0,0,Skredderåsen-Moss sentrum,OST:Line:1_22,Skredderåsen-Kambo,22,bus,OST:ServiceJourney:22_260821062926261_14,False,planned,False,,,,,2026-09-07T08:42:24.659182+02:00
NSR:StopPlace:58795,Kambo stasjon,2026-09-07T07:09:00+02:00,2026-09-07T07:09:00+02:00,,0.0,0,Kambo,OST:Line:1_22,Skredderåsen-Kambo,22,bus,OST:ServiceJourney:22_260821062897330_7,False,planned,False,,,,,2026-09-07T08:42:24.659182+02:00
NSR:StopPlace:58795,Kambo stasjon,2026-09-07T07:15:00+02:00,2026-09-07T07:15:00+02:00,,0.0,0,Skredderåsen-Moss sentrum,OST:Line:1_22,Skredderåsen-Kambo,22,bus,OST:ServiceJourney:22_260821062926946_16,False,planned,False,,,,,2026-09-07T08:42:24.659182+02:00
NSR:StopPlace:58795,Kambo stasjon,2026-09-07T07:24:00+02:00,2026-09-07T07:24:00+02:00,,0.0,0,Kambo,OST:Line:1_22,Skredderåsen-Kambo,22,bus,OST:ServiceJourney:22_260821062900765_9,False,planned,False,,,,,2026-09-07T08:42:24.659182+02:00
NSR:StopPlace:58795,Kambo stasjon,2026-09-07T07:30:00+02:00,2026-09-07T07:30:00+02:00,,0.0,0,Skredderåsen-Moss sentrum,OST:Line:1_22,Skredderåsen-Kambo,22,bus,OST:ServiceJourney:22_260821062931062_18,False,planned,False,,,,,2026-09-07T08:42:24.659182+02:00
NSR:StopPlace:58795,Kambo stasjon,2026-09-07T07:39:00+02:00,2026-09-07T07:39:00+02:00,,0.0,0,Kambo,OST:Line:1_22,Skredderåsen-Kambo,22,bus,OST:ServiceJourney:22_260821062871781_11,False,planned,False,,,,,2026-09-07T08:42:24.659182+02:00
NSR:StopPlace:58795,Kambo stasjon,2026-09-07T07:45:00+02:00,2026-09-07T07:45:00+02:00,,0.0,0,Skredderåsen-Moss sentrum,OST:Line:1_22,Skredderåsen-Kambo,22,bus,OST:ServiceJourney:22_260821062932437_20,False,planned,False,,,,,2026-09-07T08:42:24.659182+02:00
NSR:StopPlace:58795,Kambo stasjon,2026-09-07T07:54:00+02:00,2026-09-07T07:54:00+02:00,,0.0,0,Kambo,OST:Line:1_22,Skredderåsen-Kambo,22,bus,OST:ServiceJourney:22_260821062872468_13,False,planned,False,,,,,2026-09-07T08:42:24.659182+02:00
NSR:StopPlace:58795,Kambo stasjon,2026-09-07T08:00:00+02:00,2026-09-07T08:00:00+02:00,,0.0,0,Skredderåsen-Moss sentrum,OST:Line:1_22,Skredderåsen-Kambo,22,bus,OST:ServiceJourney:22_260821062933123_22,False,planned,False,,,,,2026-09-07T08:42:24.659182+02:00
NSR:StopPlace:58795,Kambo stasjon,2026-09-07T08:09:00+02:00,2026-09-07T08:09:00+02:00,,0.0,0,Kambo,OST:Line:1_22,Skredderåsen-Kambo,22,bus,OST:ServiceJourney:22_260821062873156_15,False,planned,False,,,,,2026-09-07T08:42:24.659182+02:00
NSR:StopPlace:58795,Kambo stasjon,2026-09-07T08:15:00+02:00,2026-09-07T08:15:00+02:00,,0.0,0,Skredderåsen-Moss sentrum,OST:Line:1_22,Skredderåsen-Kambo,22,bus,OST:ServiceJourney:22_260821062933811_24,False,planned,False,,,,,2026-09-07T08:42:24.659182+02:00
NSR:StopPlace:58795,Kambo stasjon,2026-09-07T08:24:00+02:00,2026-09-07T08:24:00+02:00,,0.0,0,Kambo,OST:Line:1_22,Skredderåsen-Kambo,22,bus,OST:ServiceJourney:22_260821062873848_17,False,planned,False,,,,,2026-09-07T08:42:24.659182+02:00
NSR:StopPlace:58795,Kambo stasjon,2026-09-07T08:30:00+02:00,2026-09-07T08:30:00+02:00,,0.0,0,Skredderåsen-Moss sentrum,OST:Line:1_22,Skredderåsen-Kambo,22,bus,OST:ServiceJourney:22_260821062934497_26,False,planned,False,,,,,2026-09-07T08:42:24.659182+02:00
NSR:StopPlace:58795,Kambo stasjon,2026-09-07T08:39:00+02:00,2026-09-07T08:39:00+02:00,,0.0,0,Kambo,OST:Line:1_22,Skredderåsen-Kambo,22,bus,OST:ServiceJourney:22_260821062877984_19,False,planned,False,,,,,2026-09-07T08:42:24.659182+02:00
NSR:StopPlace:58795,Kambo stasjon,2026-09-07T08:45:00+02:00,2026-09-07T08:45:00+02:00,,0.0,0,Skredderåsen-Moss sentrum,OST:Line:1_22,Skredderåsen-Kambo,22,bus,OST:ServiceJourney:22_260821062935183_28,False,planned,False,,,,,2026-09-07T08:42:24.659182+02:00
NSR:StopPlace:58795,Kambo stasjon,2026-09-07T08:54:00+02:00,2026-09-07T08:54:00+02:00,,0.0,0,Kambo,OST:Line:1_22,Skredderåsen-Kambo,22,bus,OST:ServiceJourney:22_260821062878672_21,False,planned,False,,,,,2026-09-07T08:42:24.659182+02:00
NSR:StopPlace:58796,Moss stasjon,2026-09-07T05:08:00+02:00,2026-09-07T05:08:00+02:00,,0.0,0,Oslo S,VYG:Line:RE20,Oslo S-Halden-Göteborg (X-Border),RE20,rail,VYG:ServiceJourney:102_508938-R,False,planned,False,,,,,2026-09-07T08:42:24.659182+02:00
NSR:StopPlace:58796,Moss stasjon,2026-09-07T05:25:00+02:00,2026-09-07T05:25:00+02:00,,0.0,0,Moss sentrum,OST:Line:1_20,Refsnes,20,bus,OST:ServiceJourney:20_260622091563821_2,False,planned,False,,,,,2026-09-07T08:42:24.659182+02:00
NSR:StopPlace:58796,Moss stasjon,2026-09-07T05:32:00+02:00,2026-09-07T05:32:00+02:00,,0.0,0,Ryggeveien-Øreåsen,OST:Line:1_21,Ryggeveien-Øreåsen,21,bus,OST:ServiceJourney:21_260622091700613_1,False,planned,False,,,,,2026-09-07T08:42:24.659182+02:00
NSR:StopPlace:58796,Moss stasjon,2026-09-07T05:33:00+02:00,2026-09-07T05:33:00+02:00,,0.0,0,Moss sentrum,OST:Line:1_24,Varnaveien-Øreåsen,24,bus,OST:ServiceJourney:24_260622092167894_2,False,planned,False,,,,,2026-09-07T08:42:24.659182+02:00
NSR:StopPlace:58796,Moss stasjon,2026-09-07T05:38:00+02:00,2026-09-07T05:38:00+02:00,,0.0,0,Refsnes,OST:Line:1_20,Refsnes,20,bus,OST:ServiceJourney:20_260622091511784_1,False,planned,False,,,,,2026-09-07T08:42:24.659182+02:00
NSR:StopPlace:58796,Moss stasjon,2026-09-07T05:39:00+02:00,2026-09-07T05:39:00+02:00,,0.0,0,Tronvik,OST:Line:1_207,Tronvik,207,bus,OST:ServiceJourney:207_260325121471200_1,False,planned,False,,,,,2026-09-07T08:42:24.659182+02:00
NSR:StopPlace:58796,Moss stasjon,2026-09-07T05:52:00+02:00,2026-09-07T05:52:00+02:00,,0.0,0,Fredrikstad,OST:Line:1_630,Halden-Fredrikstad-Moss,630,bus,OST:ServiceJourney:630_260325121476041_402,False,planned,False,,,,,2026-09-07T08:42:24.659182+02:00
NSR:StopPlace:58796,Moss stasjon,2026-09-07T05:54:00+02:00,2026-09-07T05:54:00+02:00,,0.0,0,Sarpsborg,OST:Line:1_633,Moss-Sarpsborg-Halden,633,bus,OST:ServiceJourney:633_260325121473172_402,False,planned,False,,,,,2026-09-07T08:42:24.659182+02:00
NSR:StopPlace:58796,Moss stasjon,2026-09-07T05:57:00+02:00,2026-09-07T05:57:00+02:00,,0.0,0,Kirkebygden-Svinndal,OST:Line:1_620,Moss-Våler-Svinndal,620,bus,OST:ServiceJourney:620_260827096117648_1,False,planned,False,,,,,2026-09-07T08:42:24.659182+02:00
NSR:StopPlace:58796,Moss stasjon,2026-09-07T05:58:00+02:00,2026-09-07T05:58:00+02:00,,0.0,0,Moss sentrum,OST:Line:1_207,Tronvik,207,bus,OST:ServiceJourney:207_260325121471204_2,False,planned,False,,,,,2026-09-07T08:42:24.659182+02:00
NSR:StopPlace:58796,Moss stasjon,2026-09-07T06:00:00+02:00,2026-09-07T06:00:00+02:00,,0.0,0,Moss sentrum,OST:Line:1_20,Refsnes,20,bus,OST:ServiceJourney:20_260622091571311_4,False,planned,False,,,,,2026-09-07T08:42:24.659182+02:00
NSR:StopPlace:58796,Moss stasjon,2026-09-07T06:02:00+02:00,2026-09-07T06:02:00+02:00,,0.0,0,Varnaveien-Øreåsen,OST:Line:1_24,Varnaveien-Øreåsen,24,bus,OST:ServiceJourney:24_260622092140491_1,False,planned,False,,,,,2026-09-07T08:42:24.659182+02:00
NSR:StopPlace:58796,Moss stasjon,2026-09-07T06:03:00+02:00,2026-09-07T06:03:00+02:00,,0.0,0,Moss sentrum,OST:Line:1_21,Ryggeveien-Øreåsen,21,bus,OST:ServiceJourney:21_260622091728078_2,False,planned,False,,,,,2026-09-07T08:42:24.659182+02:00
NSR:StopPlace:58796,Moss stasjon,2026-09-07T06:03:00+02:00,2026-09-07T06:03:00+02:00,,0.0,0,Framnes,OST:Line:1_205,Framnes,205,bus,OST:ServiceJourney:205_260325121472155_1,False,planned,False,,,,,2026-09-07T08:42:24.659182+02:00
NSR:StopPlace:58796,Moss stasjon,2026-09-07T06:08:00+02:00,2026-09-07T06:08:00+02:00,,0.0,0,Refsnes,OST:Line:1_20,Refsnes,20,bus,OST:ServiceJourney:20_260622091519410_3,False,planned,False,,,,,2026-09-07T08:42:24.659182+02:00
NSR:StopPlace:58796,Moss stasjon,2026-09-07T06:18:00+02:00,2026-09-07T06:18:00+02:00,,0.0,0,Krossern-Orkerød,OST:Line:1_206,Krossern-Orkerød,206,bus,OST:ServiceJourney:206_260325121472179_1,False,planned,False,,,,,2026-09-07T08:42:24.659182+02:00
NSR:StopPlace:58796,Moss stasjon,2026-09-07T06:23:00+02:00,2026-09-07T06:23:00+02:00,,0.0,0,Moss sentrum,OST:Line:1_205,Framnes,205,bus,OST:ServiceJourney:205_260325121472167_2,False,planned,False,,,,,2026-09-07T08:42:24.659182+02:00
NSR:StopPlace:58796,Moss stasjon,2026-09-07T06:23:00+02:00,2026-09-07T06:23:00+02:00,,0.0,0,Refsnes,OST:Line:1_20,Refsnes,20,bus,OST:ServiceJourney:20_260622091526894_5,False,planned,False,,,,,2026-09-07T08:42:24.659182+02:00
NSR:StopPlace:58796,Moss stasjon,2026-09-07T06:27:00+02:00,2026-09-07T06:27:00+02:00,,0.0,0,Sarpsborg,OST:Line:1_633,Moss-Sarpsborg-Halden,633,bus,OST:ServiceJourney:633_260325121471444_404,False,planned,False,,,,,2026-09-07T08:42:24.659182+02:00
NSR:StopPlace:58796,Moss stasjon,2026-09-07T06:27:00+02:00,2026-09-07T06:27:00+02:00,,0.0,0,Ekholt-Bredsand,OST:Line:1_204,Ekholt,204,bus,OST:ServiceJourney:204_260325121471128_1,False,planned,False,,,,,2026-09-07T08:42:24.659182+02:00
NSR:StopPlace:58796,Moss stasjon,2026-09-07T06:30:00+02:00,2026-09-07T06:30:00+02:00,,0.0,0,Moss sentrum,OST:Line:1_20,Refsnes,20,bus,OST:ServiceJourney:20_260622091578805_6,False,planned,False,,,,,2026-09-07T08:42:24.659182+02:00
NSR:StopPlace:58796,Moss stasjon,2026-09-07T06:32:00+02:00,2026-09-07T06:32:00+02:00,,0.0,0,Halmstad-Larkollen,OST:Line:1_200,Moss-Larkollen,200,bus,OST:ServiceJourney:200_260325121471114_1,False,planned,False,,,,,2026-09-07T08:42:24.659182+02:00
NSR:StopPlace:58796,Moss stasjon,2026-09-07T06:32:00+02:00,2026-09-07T06:32:00+02:00,,0.0,0,Ryggeveien-Øreåsen,OST:Line:1_21,Ryggeveien-Øreåsen,21,bus,OST:ServiceJourney:21_260622091709481_3,False,planned,False,,,,,2026-09-07T08:42:24.659182+02:00
NSR:StopPlace:58796,Moss stasjon,2026-09-07T06:32:00+02:00,2026-09-07T06:32:00+02:00,,0.0,0,Fredrikstad,OST:Line:1_630,Halden-Fredrikstad-Moss,630,bus,OST:ServiceJourney:630_260325121476042_404,False,planned,False,,,,,2026-09-07T08:42:24.659182+02:00
NSR:StopPlace:58796,Moss stasjon,2026-09-07T06:33:00+02:00,2026-09-07T06:33:00+02:00,,0.0,0,Moss sentrum,OST:Line:1_24,Varnaveien-Øreåsen,24,bus,OST:ServiceJourney:24_260622092175380_4,False,planned,False,,,,,2026-09-07T08:42:24.659182+02:00
NSR:StopPlace:58796,Moss stasjon,2026-09-07T06:33:00+02:00,2026-09-07T06:33:00+02:00,,0.0,0,Framnes,OST:Line:1_205,Framnes,205,bus,OST:ServiceJourney:205_260325121472156_3,False,planned,False,,,,,2026-09-07T08:42:24.659182+02:00
NSR:StopPlace:58796,Moss stasjon,2026-09-07T06:35:00+02:00,2026-09-07T06:35:00+02:00,,0.0,0,Sykehuset-Mosseporten,OST:Line:1_23,Sykehuset-Mosseporten,23,bus,OST:ServiceJourney:23_260821063163435_3,False,planned,False,,,,,2026-09-07T08:42:24.659182+02:00
NSR:StopPlace:58796,Moss stasjon,2026-09-07T06:37:00+02:00,2026-09-07T06:37:00+02:00,,0.0,0,Sarpsborg-Halden,OST:Line:1_633,Moss-Sarpsborg-Halden,633,bus,OST:ServiceJourney:633_260325121471446_406,False,planned,False,,,,,2026-09-07T08:42:24.659182+02:00
NSR:StopPlace:58796,Moss stasjon,2026-09-07T06:38:00+02:00,2026-09-07T06:38:00+02:00,,0.0,0,Refsnes,OST:Line:1_20,Refsnes,20,bus,OST:ServiceJourney:20_260622091538479_7,False,planned,False,,,,,2026-09-07T08:42:24.659182+02:00
NSR:StopPlace:58796,Moss stasjon,2026-09-07T06:39:00+02:00,2026-09-07T06:39:00+02:00,,0.0,0,Tronvik,OST:Line:1_207,Tronvik,207,bus,OST:ServiceJourney:207_260325121471205_3,False,planned,False,,,,,2026-09-07T08:42:24.659182+02:00
NSR:StopPlace:58796,Moss stasjon,2026-09-07T06:45:00+02:00,2026-09-07T06:45:00+02:00,,0.0,0,Moss sentrum,OST:Line:1_20,Refsnes,20,bus,OST:ServiceJourney:20_260622091586297_8,False,planned,False,,,,,2026-09-07T08:42:24.659182+02:00
NSR:StopPlace:58796,Moss stasjon,2026-09-07T06:47:00+02:00,2026-09-07T06:47:00+02:00,,0.0,0,Moss sentrum,OST:Line:1_206,Krossern-Orkerød,206,bus,OST:ServiceJourney:206_260325121472191_2,False,planned,False,,,,,2026-09-07T08:42:24.659182+02:00
NSR:StopPlace:58796,Moss stasjon,2026-09-07T06:47:00+02:00,2026-09-07T06:47:00+02:00,,0.0,0,Varnaveien-Øreåsen,OST:Line:1_24,Varnaveien-Øreåsen,24,bus,OST:ServiceJourney:24_260622092147983_3,False,planned,False,,,,,2026-09-07T08:42:24.659182+02:00
NSR:StopPlace:58796,Moss stasjon,2026-09-07T06:48:00+02:00,2026-09-07T06:48:00+02:00,,0.0,0,Krossern-Orkerød,OST:Line:1_206,Krossern-Orkerød,206,bus,OST:ServiceJourney:206_260325121472187_3,False,planned,False,,,,,2026-09-07T08:42:24.659182+02:00
NSR:StopPlace:58796,Moss stasjon,2026-09-07T06:53:00+02:00,2026-09-07T06:53:00+02:00,,0.0,0,Moss sentrum,OST:Line:1_205,Framnes,205,bus,OST:ServiceJourney:205_260325121472168_4,False,planned,False,,,,,2026-09-07T08:42:24.659182+02:00
NSR:StopPlace:58796,Moss stasjon,2026-09-07T06:53:00+02:00,2026-09-07T06:53:00+02:00,,0.0,0,Refsnes,OST:Line:1_20,Refsnes,20,bus,OST:ServiceJourney:20_260622091542565_9,False,planned,False,,,,,2026-09-07T08:42:24.659182+02:00
NSR:StopPlace:58796,Moss stasjon,2026-09-07T06:57:00+02:00,2026-09-07T06:57:00+02:00,,0.0,0,Ekholt-Bredsand,OST:Line:1_204,Ekholt,204,bus,OST:ServiceJourney:204_260325121471150_3,False,planned,False,,,,,2026-09-07T08:42:24.659182+02:00
NSR:StopPlace:58796,Moss stasjon,2026-09-07T06:58:00+02:00,2026-09-07T06:58:00+02:00,,0.0,0,Moss sentrum,OST:Line:1_207,Tronvik,207,bus,OST:ServiceJourney:207_260325121471206_4,False,planned,False,,,,,2026-09-07T08:42:24.659182+02:00
NSR:StopPlace:58832,Geilo stasjon,2026-09-07T05:45:00+02:00,2026-09-07T05:45:00+02:00,,0.0,0,Oslo,VYX:Line:38,VY175 Geilo-Oslo,VY175,coach,VYX:ServiceJourney:cfa943c305feb0ebf70f7a62ee4417d427752990,False,planned,False,VY175 - Geilo stasjon,Busstoppet ligger ved Geilovegen nedenfor stasjonen.,general,normal,2026-09-07T08:42:24.659182+02:00
NSR:StopPlace:58833,Gol stasjon,2026-09-07T09:30:00+02:00,2026-09-07T09:30:00+02:00,,0.0,0,Hemsedal,VYX:Line:89,Gol stasjon-Hemsedal,VY361,coach,VYX:ServiceJourney:569f1c458ad9b81a34f23ba7a45758f218dbde2f,False,planned,False,,,,,2026-09-07T08:42:24.659182+02:00
NSR:StopPlace:58834,Hokksund stasjon,2026-09-07T04:59:00+02:00,2026-09-07T04:59:00+02:00,,0.0,0,Eidsvoll,VYG:Line:R12,Kongsberg-Oslo S-Eidsvoll,R12,rail,VYG:ServiceJourney:502_444293-R,False,planned,False,,,,,2026-09-07T08:42:24.659182+02:00
NSR:StopPlace:58834,Hokksund stasjon,2026-09-07T05:17:00+02:00,2026-09-07T05:17:00+02:00,,0.0,0,Ormåsen,BRA:Line:4_6117,Hokksund - Ormåsen,117,bus,BRA:ServiceJourney:6117_260622052300053_1001,False,planned,False,,,,,2026-09-07T08:42:24.659182+02:00
NSR:StopPlace:58834,Hokksund stasjon,2026-09-07T05:27:00+02:00,2026-09-07T05:27:00+02:00,,0.0,0,Drammen via Mjøndalen,BRA:Line:4_6101,Drammen-Vikersund/Hønefoss,101,bus,BRA:ServiceJourney:6101_260415100161270_1004,False,planned,False,,,,,2026-09-07T08:42:24.659182+02:00
NSR:StopPlace:58834,Hokksund stasjon,2026-09-07T05:57:00+02:00,2026-09-07T05:57:00+02:00,,0.0,0,Drammen via Mjøndalen,BRA:Line:4_6101,Drammen-Vikersund/Hønefoss,101,bus,BRA:ServiceJourney:6101_260415100161304_1002,False,planned,False,,,,,2026-09-07T08:42:24.659182+02:00
NSR:StopPlace:58834,Hokksund stasjon,2026-09-07T06:10:00+02:00,2026-09-07T06:10:00+02:00,,0.0,0,Voldstad - Sundet ,BRA:Line:4_6119,Hokksund - Voldstad - Sundet,119,bus,BRA:ServiceJourney:6119_260415100158645_1001,False,planned,False,,,,,2026-09-07T08:42:24.659182+02:00
NSR:StopPlace:58834,Hokksund stasjon,2026-09-07T06:17:00+02:00,2026-09-07T06:17:00+02:00,,0.0,0,Ormåsen,BRA:Line:4_6117,Hokksund - Ormåsen,117,bus,BRA:ServiceJourney:6117_260622052300922_1003,False,planned,False,,,,,2026-09-07T08:42:24.659182+02:00
NSR:StopPlace:58834,Hokksund stasjon,2026-09-07T07:59:00+02:00,2026-09-07T07:59:00+02:00,,0.0,0,Hokksund skole,BRA:Line:4_6133,Vestfossen - Darbu - Hakavik,133,bus,BRA:ServiceJourney:6133_260427091142703_1001,False,planned,False,,,,,2026-09-07T08:42:24.659182+02:00
NSR:StopPlace:58835,Lier stasjon,2026-09-07T05:36:00+02:00,2026-09-07T05:36:00+02:00,,0.0,0,Lierskogen,BRA:Line:4_6073,Drammen - Reistad - Lierskogen,73,bus,BRA:ServiceJourney:6073_260415100160803_1001,False,planned,False,Fra 17/8 går linje 61-63-71-73-251-261 og skolebusser fra holdeplass ved Skutebrygga ut av byen.Les mer på brakar.no/trafikkmeldinger.,,general,normal,2026-09-07T08:42:24.659182+02:00
NSR:StopPlace:58835,Lier stasjon,2026-09-07T06:13:00+02:00,2026-09-07T06:13:00+02:00,,0.0,0,Drammen,BRA:Line:4_6073,Drammen - Reistad - Lierskogen,73,bus,BRA:ServiceJourney:6073_260415100160822_1000,False,planned,False,Fra 17/8 går linje 61-63-71-73-251-261 og skolebusser fra holdeplass ved Skutebrygga ut av byen.Les mer på brakar.no/trafikkmeldinger.,,general,normal,2026-09-07T08:42:24.659182+02:00
NSR:StopPlace:58836,Mjøndalen stasjon,2026-09-07T05:05:00+02:00,2026-09-07T05:05:00+02:00,,0.0,0,Eidsvoll,VYG:Line:R12,Kongsberg-Oslo S-Eidsvoll,R12,rail,VYG:ServiceJourney:502_444293-R,False,planned,False,,,,,2026-09-07T08:42:24.659182+02:00
NSR:StopPlace:58836,Mjøndalen stasjon,2026-09-07T05:06:00+02:00,2026-09-07T05:06:00+02:00,,0.0,0,Drammen sykehus,BRA:Line:4_6001,Drammen sykehus Brakerøya - Sørensvingen / Mjøndalen,1,bus,BRA:ServiceJourney:6001_260415100161786_1000,False,planned,False,,,,,2026-09-07T08:42:24.659182+02:00
NSR:StopPlace:58836,Mjøndalen stasjon,2026-09-07T05:24:00+02:00,2026-09-07T05:24:00+02:00,,0.0,0,Drammen via Gulskogen,BRA:Line:4_6052,Drammen - Mjøndalen,52,bus,BRA:ServiceJourney:6052_260415100161092_1000,False,planned,False,,,,,2026-09-07T08:42:24.659182+02:00
NSR:StopPlace:58836,Mjøndalen stasjon,2026-09-07T05:36:00+02:00,2026-09-07T05:36:00+02:00,,0.0,0,Drammen sykehus,BRA:Line:4_6001,Drammen sykehus Brakerøya - Sørensvingen / Mjøndalen,1,bus,BRA:ServiceJourney:6001_260415100161787_1004,False,planned,False,,,,,2026-09-07T08:42:24.659182+02:00
NSR:StopPlace:58836,Mjøndalen stasjon,2026-09-07T05:42:00+02:00,2026-09-07T05:42:00+02:00,,0.0,0,Drammen,BRA:Line:4_6101,Drammen-Vikersund/Hønefoss,101,bus,BRA:ServiceJourney:6101_260415100161270_1004,False,planned,False,,,,,2026-09-07T08:42:24.659182+02:00
NSR:StopPlace:58836,Mjøndalen stasjon,2026-09-07T05:51:00+02:00,2026-09-07T05:51:00+02:00,,0.0,0,Drammen sykehus,BRA:Line:4_6001,Drammen sykehus Brakerøya - Sørensvingen / Mjøndalen,1,bus,BRA:ServiceJourney:6001_260415100161788_1006,False,planned,False,,,,,2026-09-07T08:42:24.659182+02:00
NSR:StopPlace:58836,Mjøndalen stasjon,2026-09-07T05:54:00+02:00,2026-09-07T05:54:00+02:00,,0.0,0,Drammen via Gulskogen,BRA:Line:4_6052,Drammen - Mjøndalen,52,bus,BRA:ServiceJourney:6052_260415100161119_1053,False,planned,False,,,,,2026-09-07T08:42:24.659182+02:00
NSR:StopPlace:58836,Mjøndalen stasjon,2026-09-07T06:07:00+02:00,2026-09-07T06:07:00+02:00,,0.0,0,Hovjordet,BRA:Line:4_6054,Mjøndalen - Hovjordet,54,bus,BRA:ServiceJourney:6054_260415100162417_1001,False,planned,False,,,,,2026-09-07T08:42:24.659182+02:00
NSR:StopPlace:58836,Mjøndalen stasjon,2026-09-07T06:12:00+02:00,2026-09-07T06:12:00+02:00,,0.0,0,Drammen,BRA:Line:4_6101,Drammen-Vikersund/Hønefoss,101,bus,BRA:ServiceJourney:6101_260415100161304_1002,False,planned,False,,,,,2026-09-07T08:42:24.659182+02:00
NSR:StopPlace:58838,Røyken stasjon,2026-09-07T05:15:00+02:00,2026-09-07T05:15:00+02:00,,0.0,0,Asker,RUT:Line:260,Hyggen - Bråset -Slemmestad (- Asker),260,bus,RUT:ServiceJourney:34fbe405f3ead1916069a2ecd51f0ed7,False,planned,False,,,,,2026-09-07T08:42:24.659182+02:00
NSR:StopPlace:58838,Røyken stasjon,2026-09-07T05:19:00+02:00,2026-09-07T05:19:00+02:00,,0.0,0,Lillestrøm,VYG:Line:L1,Spikkestad-Oslo S-Lillestrøm,L1,rail,VYG:ServiceJourney:2206_443594-R,False,planned,False,,,,,2026-09-07T08:42:24.659182+02:00
NSR:StopPlace:58838,Røyken stasjon,2026-09-07T05:37:00+02:00,2026-09-07T05:37:00+02:00,,0.0,0,Drammen,RUT:Line:261,Drammen - Lahell - Røyken - Sætre,261,bus,RUT:ServiceJourney:45d6c1b6a20d65269473920db5ec10ce,False,planned,False,Fra 17/8 går linje 61-63-71-73-251-261 og skolebusser fra holdeplass ved Skutebrygga ut av byen.Les mer på brakar.no/trafikkmeldinger.,,general,normal,2026-09-07T08:42:24.659182+02:00
NSR:StopPlace:58838,Røyken stasjon,2026-09-07T06:03:00+02:00,2026-09-07T06:03:00+02:00,,0.0,0,Bråset,RUT:Line:260,Hyggen - Bråset -Slemmestad (- Asker),260,bus,RUT:ServiceJourney:1528026cc773b5c21304e1f9aa90ac5f,False,planned,False,,,,,2026-09-07T08:42:24.659182+02:00
NSR:StopPlace:58838,Røyken stasjon,2026-09-07T06:08:00+02:00,2026-09-07T06:08:00+02:00,,0.0,0,Sætre,RUT:Line:261,Drammen - Lahell - Røyken - Sætre,261,bus,RUT:ServiceJourney:ea4823ecd8a6933ed88ca382fd8365d7,False,planned,False,Fra 17/8 går linje 61-63-71-73-251-261 og skolebusser fra holdeplass ved Skutebrygga ut av byen.Les mer på brakar.no/trafikkmeldinger.,,general,normal,2026-09-07T08:42:24.659182+02:00
NSR:StopPlace:58838,Røyken stasjon,2026-09-07T06:29:00+02:00,2026-09-07T06:29:00+02:00,,0.0,0,Spikkestad,VYG:Line:L1,Spikkestad-Oslo S-Lillestrøm,L1,rail,VYG:ServiceJourney:2203_764731-R,False,planned,False,Færre vogner,Denne avgangen kjører dessverre med 4 vogner i stedet for 8 vogner. Dette skyldes at vi mangler et togsett.,general,normal,2026-09-07T08:42:24.659182+02:00
NSR:StopPlace:58839,Steinberg stasjon,2026-09-07T05:02:00+02:00,2026-09-07T05:02:00+02:00,,0.0,0,Eidsvoll,VYG:Line:R12,Kongsberg-Oslo S-Eidsvoll,R12,rail,VYG:ServiceJourney:502_444293-R,False,planned,False,,,,,2026-09-07T08:42:24.659182+02:00
NSR:StopPlace:58839,Steinberg stasjon,2026-09-07T05:35:00+02:00,2026-09-07T05:35:00+02:00,,0.0,0,Drammen via Mjøndalen,BRA:Line:4_6101,Drammen-Vikersund/Hønefoss,101,bus,BRA:ServiceJourney:6101_260415100161270_1004,False,planned,False,,,,,2026-09-07T08:42:24.659182+02:00
NSR:StopPlace:58839,Steinberg stasjon,2026-09-07T06:05:00+02:00,2026-09-07T06:05:00+02:00,,0.0,0,Drammen via Mjøndalen,BRA:Line:4_6101,Drammen-Vikersund/Hønefoss,101,bus,BRA:ServiceJourney:6101_260415100161304_1002,False,planned,False,,,,,2026-09-07T08:42:24.659182+02:00
NSR:StopPlace:58842,Blaker stasjon,2026-09-07T05:23:00+02:00,2026-09-07T05:23:00+02:00,,0.0,0,Asker,VYG:Line:R14,Asker-Oslo S-Kongsvinger,R14,rail,VYG:ServiceJourney:1002_442907-R,False,planned,False,,,,,2026-09-07T08:42:24.659182+02:00
NSR:StopPlace:58843,Blommenholm stasjon,2026-09-07T05:20:00+02:00,2026-09-07T05:20:00+02:00,,0.0,0,Lillestrøm,VYG:Line:L1,Spikkestad-Oslo S-Lillestrøm,L1,rail,VYG:ServiceJourney:2204_443592-R,False,planned,False,,,,,2026-09-07T08:42:24.659182+02:00
NSR:StopPlace:58843,Blommenholm stasjon,2026-09-07T05:50:00+02:00,2026-09-07T05:50:00+02:00,,0.0,0,Lillestrøm,VYG:Line:L1,Spikkestad-Oslo S-Lillestrøm,L1,rail,VYG:ServiceJourney:2206_443594-R,False,planned,False,,,,,2026-09-07T08:42:24.659182+02:00
NSR:StopPlace:58843,Blommenholm stasjon,2026-09-07T05:58:00+02:00,2026-09-07T05:58:00+02:00,,0.0,0,Spikkestad,VYG:Line:L1,Spikkestad-Oslo S-Lillestrøm,L1,rail,VYG:ServiceJourney:2203_764731-R,False,planned,False,Færre vogner,Denne avgangen kjører dessverre med 4 vogner i stedet for 8 vogner. Dette skyldes at vi mangler et togsett.,general,normal,2026-09-07T08:42:24.659182+02:00
NSR:StopPlace:58844,Eidsvoll stasjon,2026-09-07T04:45:00+02:00,2026-09-07T04:45:00+02:00,,0.0,0,Dal,RUT:Line:430,Eidsvoll - Jessheim,430,bus,RUT:ServiceJourney:d6a123d949f95490bec56fe23751c433,False,planned,False,,,,,2026-09-07T08:42:24.659182+02:00
NSR:StopPlace:58844,Eidsvoll stasjon,2026-09-07T05:15:00+02:00,2026-09-07T05:15:00+02:00,,0.0,0,Jessheim,RUT:Line:430,Eidsvoll - Jessheim,430,bus,RUT:ServiceJourney:3a942b90aae8e1fef05874fcc8b147ae,False,planned,False,,,,,2026-09-07T08:42:24.659182+02:00
NSR:StopPlace:58844,Eidsvoll stasjon,2026-09-07T05:44:00+02:00,2026-09-07T05:44:00+02:00,,0.0,0,Eidsvoll,RUT:Line:430,Eidsvoll - Jessheim,430,bus,RUT:ServiceJourney:a4fbd18aa5e74e02c90c2b6c723d5ad3,False,planned,False,,,,,2026-09-07T08:42:24.659182+02:00
NSR:StopPlace:58844,Eidsvoll stasjon,2026-09-07T05:45:00+02:00,2026-09-07T05:45:00+02:00,,0.0,0,Jessheim,RUT:Line:430,Eidsvoll - Jessheim,430,bus,RUT:ServiceJourney:5ab22b62f814aeb9145e0c6d02547241,False,planned,False,,,,,2026-09-07T08:42:24.659182+02:00
NSR:StopPlace:58844,Eidsvoll stasjon,2026-09-07T06:05:00+02:00,2026-09-07T06:05:00+02:00,,0.0,0,Årnes,RUT:Line:441,Eidsvoll - Årnes,441,bus,RUT:ServiceJourney:582b2f0fa1dac1fe4cdafe4344323c31,False,planned,False,,,,,2026-09-07T08:42:24.659182+02:00
NSR:StopPlace:58844,Eidsvoll stasjon,2026-09-07T06:14:00+02:00,2026-09-07T06:14:00+02:00,,0.0,0,Eidsvoll,RUT:Line:430,Eidsvoll - Jessheim,430,bus,RUT:ServiceJourney:69e2efb17b866e61169d1538345ffef1,False,planned,False,,,,,2026-09-07T08:42:24.659182+02:00
NSR:StopPlace:58845,Eidsvoll verk stasjon,2026-09-07T05:01:00+02:00,2026-09-07T05:01:00+02:00,,0.0,0,Dal,RUT:Line:430,Eidsvoll - Jessheim,430,bus,RUT:ServiceJourney:d6a123d949f95490bec56fe23751c433,False,planned,False,,,,,2026-09-07T08:42:24.659182+02:00
NSR:StopPlace:58845,Eidsvoll verk stasjon,2026-09-07T05:25:00+02:00,2026-09-07T05:25:00+02:00,,0.0,0,Eidsvoll,VYG:Line:R12,Kongsberg-Oslo S-Eidsvoll,R12,rail,VYG:ServiceJourney:500_444292-R,False,planned,False,,,,,2026-09-07T08:42:24.659182+02:00
NSR:StopPlace:58845,Eidsvoll verk stasjon,2026-09-07T05:30:00+02:00,2026-09-07T05:30:00+02:00,,0.0,0,Eidsvoll,RUT:Line:430,Eidsvoll - Jessheim,430,bus,RUT:ServiceJourney:a4fbd18aa5e74e02c90c2b6c723d5ad3,False,planned,False,,,,,2026-09-07T08:42:24.659182+02:00
NSR:StopPlace:58845,Eidsvoll verk stasjon,2026-09-07T05:31:00+02:00,2026-09-07T05:31:00+02:00,,0.0,0,Jessheim,RUT:Line:430,Eidsvoll - Jessheim,430,bus,RUT:ServiceJourney:3a942b90aae8e1fef05874fcc8b147ae,False,planned,False,,,,,2026-09-07T08:42:24.659182+02:00
NSR:StopPlace:58845,Eidsvoll verk stasjon,2026-09-07T06:00:00+02:00,2026-09-07T06:00:00+02:00,,0.0,0,Eidsvoll,RUT:Line:430,Eidsvoll - Jessheim,430,bus,RUT:ServiceJourney:69e2efb17b866e61169d1538345ffef1,False,planned,False,,,,,2026-09-07T08:42:24.659182+02:00
NSR:StopPlace:58845,Eidsvoll verk stasjon,2026-09-07T06:01:00+02:00,2026-09-07T06:01:00+02:00,,0.0,0,Jessheim,RUT:Line:430,Eidsvoll - Jessheim,430,bus,RUT:ServiceJourney:5ab22b62f814aeb9145e0c6d02547241,False,planned,False,,,,,2026-09-07T08:42:24.659182+02:00
NSR:StopPlace:58845,Eidsvoll verk stasjon,2026-09-07T06:25:00+02:00,2026-09-07T06:25:00+02:00,,0.0,0,Eidsvoll,VYG:Line:R12,Kongsberg-Oslo S-Eidsvoll,R12,rail,VYG:ServiceJourney:502_444293-R,False,planned,False,,,,,2026-09-07T08:42:24.659182+02:00
NSR:StopPlace:58846,Fetsund stasjon,2026-09-07T05:36:00+02:00,2026-09-07T05:36:00+02:00,,0.0,0,Asker,VYG:Line:R14,Asker-Oslo S-Kongsvinger,R14,rail,VYG:ServiceJourney:1002_442907-R,False,planned,False,,,,,2026-09-07T08:42:24.659182+02:00
NSR:StopPlace:58846,Fetsund stasjon,2026-09-07T06:13:00+02:00,2026-09-07T06:13:00+02:00,,0.0,0,Garderåsen,RUT:Line:321,Fetsund - Garderåsen,321,bus,RUT:ServiceJourney:bf0cbceea790e4a8169f2935166188f1,False,planned,False,,,,,2026-09-07T08:42:24.659182+02:00
NSR:StopPlace:58847,Frogner stasjon,2026-09-07T05:08:00+02:00,2026-09-07T05:08:00+02:00,,0.0,0,Oslo lufthavn,RUT:Line:425,Kløfta – Oslo lufthavn,425,bus,RUT:ServiceJourney:c6944d1b83867a88f84ad82ecb0eedd5,False,planned,False,,,,,2026-09-07T08:42:24.659182+02:00
NSR:StopPlace:58847,Frogner stasjon,2026-09-07T05:43:00+02:00,2026-09-07T05:43:00+02:00,,0.0,0,Skedsmokorset,RUT:Line:365,Sørumsand - Frogner - Skedsmokorset,365,bus,RUT:ServiceJourney:c113784ff0f4708b46f208082f083b9b,False,planned,False,,,,,2026-09-07T08:42:24.659182+02:00
NSR:StopPlace:58847,Frogner stasjon,2026-09-07T06:13:00+02:00,2026-09-07T06:13:00+02:00,,0.0,0,Skedsmokorset,RUT:Line:365,Sørumsand - Frogner - Skedsmokorset,365,bus,RUT:ServiceJourney:41ef57573d2750374512285e4597a91b,False,planned,False,,,,,2026-09-07T08:42:24.659182+02:00
NSR:StopPlace:58847,Frogner stasjon,2026-09-07T09:40:00+02:00,2026-09-07T09:40:00+02:00,,0.0,0,Sørumsand,RUT:Line:365,Sørumsand - Frogner - Skedsmokorset,365,bus,RUT:ServiceJourney:c9e9909052af9bec21cf9d04f46e49d2,False,planned,False,,,,,2026-09-07T08:42:24.659182+02:00
NSR:StopPlace:58848,Haga stasjon,2026-09-07T05:03:00+02:00,2026-09-07T05:03:00+02:00,,0.0,0,Rånåsfoss,RUT:Line:455,Årnes -Rånåsfoss,455,bus,RUT:ServiceJourney:21e493e02f3968f088a95f1d7667cb9f,False,planned,False,,,,,2026-09-07T08:42:24.659182+02:00
NSR:StopPlace:58848,Haga stasjon,2026-09-07T05:14:00+02:00,2026-09-07T05:14:00+02:00,,0.0,0,Asker,VYG:Line:R14,Asker-Oslo S-Kongsvinger,R14,rail,VYG:ServiceJourney:1002_442907-R,False,planned,False,,,,,2026-09-07T08:42:24.659182+02:00
NSR:StopPlace:58848,Haga stasjon,2026-09-07T05:36:00+02:00,2026-09-07T05:36:00+02:00,,0.0,0,Årnes,RUT:Line:455,Årnes -Rånåsfoss,455,bus,RUT:ServiceJourney:315cba9f39b35750e6f3e8ce7e36b4ad,False,planned,False,,,,,2026-09-07T08:42:24.659182+02:00
NSR:StopPlace:58848,Haga stasjon,2026-09-07T05:59:00+02:00,2026-09-07T05:59:00+02:00,,0.0,0,Rånåsfoss,RUT:Line:455,Årnes -Rånåsfoss,455,bus,RUT:ServiceJourney:0c1e02a84f0f1b308398b210a5361d5f,False,planned,False,,,,,2026-09-07T08:42:24.659182+02:00
NSR:StopPlace:58848,Haga stasjon,2026-09-07T09:36:00+02:00,2026-09-07T09:36:00+02:00,,0.0,0,Årnes,RUT:Line:455,Årnes -Rånåsfoss,455,bus,RUT:ServiceJourney:2d9cee1e26acabefdeeea027d329f2eb,False,planned,False,,,,,2026-09-07T08:42:24.659182+02:00
NSR:StopPlace:58849,Hakadal stasjon,2026-09-07T04:53:00+02:00,2026-09-07T04:53:00+02:00,,0.0,0,Oslo bussterminal,RUT:Line:390,Kongskog/Hellerudhaugen - Oslo bussterminal,390,bus,RUT:ServiceJourney:3c54a54fa7f9019a7c3b190eb495fbcc,False,planned,False,,,,,2026-09-07T08:42:24.659182+02:00
NSR:StopPlace:58849,Hakadal stasjon,2026-09-07T05:23:00+02:00,2026-09-07T05:23:00+02:00,,0.0,0,Oslo bussterminal,RUT:Line:390,Kongskog/Hellerudhaugen - Oslo bussterminal,390,bus,RUT:ServiceJourney:b81d163649e4c0f6ce845243ddd73887,False,planned,False,,,,,2026-09-07T08:42:24.659182+02:00
NSR:StopPlace:58849,Hakadal stasjon,2026-09-07T06:35:00+02:00,2026-09-07T06:35:00+02:00,,0.0,0,Kongskog,RUT:Line:390,Kongskog/Hellerudhaugen - Oslo bussterminal,390,bus,RUT:ServiceJourney:94c3bd2536bbe747d080c29a6451c072,False,planned,False,,,,,2026-09-07T08:42:24.659182+02:00
NSR:StopPlace:58849,Hakadal stasjon,2026-09-07T09:23:00+02:00,2026-09-07T09:23:00+02:00,,0.0,0,Oslo bussterminal,RUT:Line:390,Kongskog/Hellerudhaugen - Oslo bussterminal,390,bus,RUT:ServiceJourney:7b8ea8e4a2649a5b9c3b3296d9664767,False,planned,False,,,,,2026-09-07T08:42:24.659182+02:00
NSR:StopPlace:58840,Vestfossen stasjon,2026-09-07T04:53:00+02:00,2026-09-07T04:53:00+02:00,,0.0,0,Eidsvoll,VYG:Line:R12,Kongsberg-Oslo S-Eidsvoll,R12,rail,VYG:ServiceJourney:502_444293-R,False,planned,False,,,,,2026-09-07T08:42:24.659182+02:00
NSR:StopPlace:58852,Høn stasjon,2026-09-07T05:06:00+02:00,2026-09-07T05:06:00+02:00,,0.0,0,Lillestrøm,VYG:Line:L1,Spikkestad-Oslo S-Lillestrøm,L1,rail,VYG:ServiceJourney:2204_443592-R,False,planned,False,,,,,2026-09-07T08:42:24.659182+02:00
NSR:StopPlace:58852,Høn stasjon,2026-09-07T05:36:00+02:00,2026-09-07T05:36:00+02:00,,0.0,0,Lillestrøm,VYG:Line:L1,Spikkestad-Oslo S-Lillestrøm,L1,rail,VYG:ServiceJourney:2206_443594-R,False,planned,False,,,,,2026-09-07T08:42:24.659182+02:00
NSR:StopPlace:58852,Høn stasjon,2026-09-07T06:13:00+02:00,2026-09-07T06:13:00+02:00,,0.0,0,Spikkestad,VYG:Line:L1,Spikkestad-Oslo S-Lillestrøm,L1,rail,VYG:ServiceJourney:2203_764731-R,False,planned,False,Færre vogner,Denne avgangen kjører dessverre med 4 vogner i stedet for 8 vogner. Dette skyldes at vi mangler et togsett.,general,normal,2026-09-07T08:42:24.659182+02:00
NSR:StopPlace:58853,Kolbotn stasjon,2026-09-07T04:49:00+02:00,2026-09-07T04:49:00+02:00,,0.0,0,Bjørvika,RUT:Line:83,Jernbanetorget - Tårnåsen,83,bus,RUT:ServiceJourney:83dd150f4c6be97d2c1ffd9f432e81e5,False,planned,False,Linje 80E og 83 får Hausmanns bru som ny endeholdeplass fra 29. juni,"Bussene stopper ikke på Jernbanetorget etter 29. juni, men starter og stopper på Hausmanns bru i Nylandsveien.",incident,normal,2026-09-07T08:42:24.659182+02:00
NSR:StopPlace:58853,Kolbotn stasjon,2026-09-07T04:55:00+02:00,2026-09-07T04:55:00+02:00,,0.0,0,Stabekk,VYG:Line:L2,Stabekk-Oslo S-Ski,L2,rail,VYG:ServiceJourney:2704-SKI_443910-R,False,planned,False,,,,,2026-09-07T08:42:24.659182+02:00
NSR:StopPlace:58853,Kolbotn stasjon,2026-09-07T05:19:00+02:00,2026-09-07T05:19:00+02:00,,0.0,0,Bjørvika,RUT:Line:83,Jernbanetorget - Tårnåsen,83,bus,RUT:ServiceJourney:6536bb0c18807fa57162ffdea5f6afa8,False,planned,False,Linje 80E og 83 får Hausmanns bru som ny endeholdeplass fra 29. juni,"Bussene stopper ikke på Jernbanetorget etter 29. juni, men starter og stopper på Hausmanns bru i Nylandsveien.",incident,normal,2026-09-07T08:42:24.659182+02:00
NSR:StopPlace:58853,Kolbotn stasjon,2026-09-07T05:25:00+02:00,2026-09-07T05:25:00+02:00,,0.0,0,Stabekk,VYG:Line:L2,Stabekk-Oslo S-Ski,L2,rail,VYG:ServiceJourney:2706-SKI_443912-R,False,planned,False,,,,,2026-09-07T08:42:24.659182+02:00
NSR:StopPlace:58853,Kolbotn stasjon,2026-09-07T05:37:00+02:00,2026-09-07T05:37:00+02:00,,0.0,0,Tårnåsen,RUT:Line:83,Jernbanetorget - Tårnåsen,83,bus,RUT:ServiceJourney:fafe9ed624c0acfc8620488ace1cd800,False,planned,False,Linje 80E og 83 får Hausmanns bru som ny endeholdeplass fra 29. juni,"Bussene stopper ikke på Jernbanetorget etter 29. juni, men starter og stopper på Hausmanns bru i Nylandsveien.",incident,normal,2026-09-07T08:42:24.659182+02:00
NSR:StopPlace:58853,Kolbotn stasjon,2026-09-07T05:41:00+02:00,2026-09-07T05:41:00+02:00,,0.0,0,Hauketo stasjon,RUT:Line:87,Hauketo stasjon - Kolbotn,87,bus,RUT:ServiceJourney:f09e2db2ff0072953c1a979ae55774b3,False,planned,False,,,,,2026-09-07T08:42:24.659182+02:00
NSR:StopPlace:58853,Kolbotn stasjon,2026-09-07T05:49:00+02:00,2026-09-07T05:49:00+02:00,,0.0,0,Kolbotn torg,RUT:Line:580,Kolbotn - Ski,580,bus,RUT:ServiceJourney:5053edeb82b9fea14cd6e5e9e731f3d9,False,planned,False,,,,,2026-09-07T08:42:24.659182+02:00
NSR:StopPlace:58853,Kolbotn stasjon,2026-09-07T05:49:00+02:00,2026-09-07T05:49:00+02:00,,0.0,0,Bjørvika,RUT:Line:83,Jernbanetorget - Tårnåsen,83,bus,RUT:ServiceJourney:3061382978476cbad8719238ee834ec0,False,planned,False,Linje 80E og 83 får Hausmanns bru som ny endeholdeplass fra 29. juni,"Bussene stopper ikke på Jernbanetorget etter 29. juni, men starter og stopper på Hausmanns bru i Nylandsveien.",incident,normal,2026-09-07T08:42:24.659182+02:00
NSR:StopPlace:58853,Kolbotn stasjon,2026-09-07T05:55:00+02:00,2026-09-07T05:55:00+02:00,,0.0,0,Stabekk,VYG:Line:L2,Stabekk-Oslo S-Ski,L2,rail,VYG:ServiceJourney:2708-SKI_443914-R,False,planned,False,,,,,2026-09-07T08:42:24.659182+02:00
NSR:StopPlace:58853,Kolbotn stasjon,2026-09-07T06:03:00+02:00,2026-09-07T06:03:00+02:00,,0.0,0,Ski,VYG:Line:L2,Stabekk-Oslo S-Ski,L2,rail,VYG:ServiceJourney:2703-HVK_443909-R,False,planned,False,,,,,2026-09-07T08:42:24.659182+02:00
NSR:StopPlace:58853,Kolbotn stasjon,2026-09-07T06:04:00+02:00,2026-09-07T06:04:00+02:00,,0.0,0,Bjørvika,RUT:Line:83,Jernbanetorget - Tårnåsen,83,bus,RUT:ServiceJourney:2be44fe8a595eae33fffdbb176d50908,False,planned,False,Linje 80E og 83 får Hausmanns bru som ny endeholdeplass fra 29. juni,"Bussene stopper ikke på Jernbanetorget etter 29. juni, men starter og stopper på Hausmanns bru i Nylandsveien.",incident,normal,2026-09-07T08:42:24.659182+02:00
NSR:StopPlace:58853,Kolbotn stasjon,2026-09-07T06:07:00+02:00,2026-09-07T06:07:00+02:00,,0.0,0,Tårnåsen,RUT:Line:83,Jernbanetorget - Tårnåsen,83,bus,RUT:ServiceJourney:31743e915f10632750c942c51cc9f765,False,planned,False,Linje 80E og 83 får Hausmanns bru som ny endeholdeplass fra 29. juni,"Bussene stopper ikke på Jernbanetorget etter 29. juni, men starter og stopper på Hausmanns bru i Nylandsveien.",incident,normal,2026-09-07T08:42:24.659182+02:00
NSR:StopPlace:58853,Kolbotn stasjon,2026-09-07T06:10:00+02:00,2026-09-07T06:10:00+02:00,,0.0,0,Lysaker,VYG:Line:L2,Stabekk-Oslo S-Ski,L2,rail,VYG:ServiceJourney:2808-SKI_444019-R,False,planned,False,,,,,2026-09-07T08:42:24.659182+02:00
NSR:StopPlace:58853,Kolbotn stasjon,2026-09-07T06:11:00+02:00,2026-09-07T06:11:00+02:00,,0.0,0,Hauketo stasjon,RUT:Line:87,Hauketo stasjon - Kolbotn,87,bus,RUT:ServiceJourney:67dcb67aa929d1ef0700d8b1d981d5e1,False,planned,False,,,,,2026-09-07T08:42:24.659182+02:00
NSR:StopPlace:58853,Kolbotn stasjon,2026-09-07T06:13:00+02:00,2026-09-07T06:13:00+02:00,,0.0,0,Ski stasjon,RUT:Line:580,Kolbotn - Ski,580,bus,RUT:ServiceJourney:0b89b62d891bcc293c96357ce7e47558,False,planned,False,,,,,2026-09-07T08:42:24.659182+02:00
NSR:StopPlace:58853,Kolbotn stasjon,2026-09-07T06:18:00+02:00,2026-09-07T06:18:00+02:00,,0.0,0,Ski,VYG:Line:L2,Stabekk-Oslo S-Ski,L2,rail,VYG:ServiceJourney:2803_444016-R,False,planned,False,,,,,2026-09-07T08:42:24.659182+02:00
NSR:StopPlace:58853,Kolbotn stasjon,2026-09-07T06:19:00+02:00,2026-09-07T06:19:00+02:00,,0.0,0,Kolbotn torg,RUT:Line:580,Kolbotn - Ski,580,bus,RUT:ServiceJourney:5bb2a471bcb546cc523d5ce90657e036,False,planned,False,,,,,2026-09-07T08:42:24.659182+02:00
NSR:StopPlace:58853,Kolbotn stasjon,2026-09-07T06:20:00+02:00,2026-09-07T06:20:00+02:00,,0.0,0,Kolbotn,RUT:Line:87,Hauketo stasjon - Kolbotn,87,bus,RUT:ServiceJourney:3f697b2b102f139fb46a08fd824254ad,False,planned,False,,,,,2026-09-07T08:42:24.659182+02:00
NSR:StopPlace:58853,Kolbotn stasjon,2026-09-07T06:21:00+02:00,2026-09-07T06:21:00+02:00,,0.0,0,Svartskog,RUT:Line:585,Kolbotn - Svartskog,585,bus,RUT:ServiceJourney:ee98788ef47762b7bddd78981caa3c1f,False,planned,False,,,,,2026-09-07T08:42:24.659182+02:00
NSR:StopPlace:58853,Kolbotn stasjon,2026-09-07T06:26:00+02:00,2026-09-07T06:26:00+02:00,,0.0,0,Hauketo stasjon,RUT:Line:87,Hauketo stasjon - Kolbotn,87,bus,RUT:ServiceJourney:fc8f68c5cbd29bff9a185ac8556526c5,False,planned,False,,,,,2026-09-07T08:42:24.659182+02:00
NSR:StopPlace:58853,Kolbotn stasjon,2026-09-07T06:33:00+02:00,2026-09-07T06:33:00+02:00,,0.0,0,Ski,VYG:Line:L2,Stabekk-Oslo S-Ski,L2,rail,VYG:ServiceJourney:2705-HVK_443911-R,False,planned,False,,,,,2026-09-07T08:42:24.659182+02:00
NSR:StopPlace:58853,Kolbotn stasjon,2026-09-07T06:48:00+02:00,2026-09-07T06:48:00+02:00,,0.0,0,Ski,VYG:Line:L2,Stabekk-Oslo S-Ski,L2,rail,VYG:ServiceJourney:2805_444017-R,False,planned,False,,,,,2026-09-07T08:42:24.659182+02:00
NSR:StopPlace:58854,Langhus stasjon,2026-09-07T04:54:00+02:00,2026-09-07T04:54:00+02:00,,0.0,0,Drøbak - Seiersten,RUT:Line:510,Bøleråsen - Ski - Ås - Drøbak,510,bus,RUT:ServiceJourney:6a9e0f6f50a83fe0d04c4d1cc58df92f,False,planned,False,,,,,2026-09-07T08:42:24.659182+02:00
NSR:StopPlace:58854,Langhus stasjon,2026-09-07T05:09:00+02:00,2026-09-07T05:09:00+02:00,,0.0,0,Drøbak - Frogn vgs.,RUT:Line:510,Bøleråsen - Ski - Ås - Drøbak,510,bus,RUT:ServiceJourney:c828f5d80339e6b9c93f094fdc9bdb61,False,planned,False,,,,,2026-09-07T08:42:24.659182+02:00
NSR:StopPlace:58854,Langhus stasjon,2026-09-07T05:12:00+02:00,2026-09-07T05:12:00+02:00,,0.0,0,Stabekk,VYG:Line:L2,Stabekk-Oslo S-Ski,L2,rail,VYG:ServiceJourney:2706-SKI_443912-R,False,planned,False,,,,,2026-09-07T08:42:24.659182+02:00
NSR:StopPlace:58854,Langhus stasjon,2026-09-07T05:24:00+02:00,2026-09-07T05:24:00+02:00,,0.0,0,Drøbak - Seiersten,RUT:Line:510,Bøleråsen - Ski - Ås - Drøbak,510,bus,RUT:ServiceJourney:f8cfd849999d5838fbde90c1bca5750f,False,planned,False,,,,,2026-09-07T08:42:24.659182+02:00
NSR:StopPlace:58854,Langhus stasjon,2026-09-07T05:39:00+02:00,2026-09-07T05:39:00+02:00,,0.0,0,Drøbak - Frogn vgs.,RUT:Line:510,Bøleråsen - Ski - Ås - Drøbak,510,bus,RUT:ServiceJourney:04db12c3e1a891bf668e891792e755af,False,planned,False,,,,,2026-09-07T08:42:24.659182+02:00
NSR:StopPlace:58854,Langhus stasjon,2026-09-07T05:42:00+02:00,2026-09-07T05:42:00+02:00,,0.0,0,Stabekk,VYG:Line:L2,Stabekk-Oslo S-Ski,L2,rail,VYG:ServiceJourney:2708-SKI_443914-R,False,planned,False,,,,,2026-09-07T08:42:24.659182+02:00
NSR:StopPlace:58854,Langhus stasjon,2026-09-07T05:57:00+02:00,2026-09-07T05:57:00+02:00,,0.0,0,Lysaker,VYG:Line:L2,Stabekk-Oslo S-Ski,L2,rail,VYG:ServiceJourney:2808-SKI_444019-R,False,planned,False,,,,,2026-09-07T08:42:24.659182+02:00
NSR:StopPlace:58854,Langhus stasjon,2026-09-07T06:15:00+02:00,2026-09-07T06:15:00+02:00,,0.0,0,Siggerud,RUT:Line:516,Siggerud - Ski stasjon,516,bus,RUT:ServiceJourney:84fe56e379a776f5c271631a45a7a29e,False,planned,False,,,,,2026-09-07T08:42:24.659182+02:00
NSR:StopPlace:58854,Langhus stasjon,2026-09-07T06:16:00+02:00,2026-09-07T06:16:00+02:00,,0.0,0,Ski,VYG:Line:L2,Stabekk-Oslo S-Ski,L2,rail,VYG:ServiceJourney:2703-HVK_443909-R,False,planned,False,,,,,2026-09-07T08:42:24.659182+02:00
NSR:StopPlace:58854,Langhus stasjon,2026-09-07T06:29:00+02:00,2026-09-07T06:29:00+02:00,,0.0,0,Bøleråsen,RUT:Line:510,Bøleråsen - Ski - Ås - Drøbak,510,bus,RUT:ServiceJourney:e1ae172ff56c6184ae5450262ab9739b,False,planned,False,,,,,2026-09-07T08:42:24.659182+02:00
NSR:StopPlace:58854,Langhus stasjon,2026-09-07T06:31:00+02:00,2026-09-07T06:31:00+02:00,,0.0,0,Ski,VYG:Line:L2,Stabekk-Oslo S-Ski,L2,rail,VYG:ServiceJourney:2803_444016-R,False,planned,False,,,,,2026-09-07T08:42:24.659182+02:00
NSR:StopPlace:58854,Langhus stasjon,2026-09-07T06:46:00+02:00,2026-09-07T06:46:00+02:00,,0.0,0,Ski,VYG:Line:L2,Stabekk-Oslo S-Ski,L2,rail,VYG:ServiceJourney:2705-HVK_443911-R,False,planned,False,,,,,2026-09-07T08:42:24.659182+02:00
NSR:StopPlace:58854,Langhus stasjon,2026-09-07T07:01:00+02:00,2026-09-07T07:01:00+02:00,,0.0,0,Ski,VYG:Line:L2,Stabekk-Oslo S-Ski,L2,rail,VYG:ServiceJourney:2805_444017-R,False,planned,False,,,,,2026-09-07T08:42:24.659182+02:00
NSR:StopPlace:58856,Lysaker stasjon,2026-09-07T04:46:00+02:00,2026-09-07T04:46:00+02:00,,0.0,0,Oslo Lufthavn,FLT:Line:FLY1,FLY1,FLY1,rail,FLT:ServiceJourney:1-2614-3703-20260907,False,planned,False,,,,,2026-09-07T08:42:24.659182+02:00
NSR:StopPlace:58856,Lysaker stasjon,2026-09-07T04:56:00+02:00,2026-09-07T04:56:00+02:00,,0.0,0,Torpekspressen - Torp airport,UNI:Line:UE2,Oslo Bussterminal - Torp Lufhavn,FB25,bus,UNI:ServiceJourney:UE2-169968-47995424,False,planned,False,,,,,2026-09-07T08:42:24.659182+02:00
NSR:StopPlace:58856,Lysaker stasjon,2026-09-07T05:06:00+02:00,2026-09-07T05:06:00+02:00,,0.0,0,Oslo Lufthavn,FLT:Line:FLY1,FLY1,FLY1,rail,FLT:ServiceJourney:1-2614-3705-20260907,False,planned,False,,,,,2026-09-07T08:42:24.659182+02:00
NSR:StopPlace:58856,Lysaker stasjon,2026-09-07T05:11:00+02:00,2026-09-07T05:11:00+02:00,,0.0,0,Fornebu,RUT:Line:31,Snarøya - Fornebu - Tonsenhagen - Grorud,31,bus,RUT:ServiceJourney:a4a07d5806539c391daf9d1fbc9135c6,False,planned,False,,,,,2026-09-07T08:42:24.659182+02:00
NSR:StopPlace:58856,Lysaker stasjon,2026-09-07T05:13:00+02:00,2026-09-07T05:13:00+02:00,,0.0,0,Nationaltheatret,RUT:Line:250,Sætre - Slemmestad - Nationaltheatret,250,bus,RUT:ServiceJourney:816cfb75ecbb797215360e0f3450ab77,False,planned,False,,,,,2026-09-07T08:42:24.659182+02:00
NSR:StopPlace:58856,Lysaker stasjon,2026-09-07T05:26:00+02:00,2026-09-07T05:26:00+02:00,,0.0,0,Nationaltheatret,RUT:Line:150,Gullhaug - Nationaltheatret,150,bus,RUT:ServiceJourney:16bbb18a4b17eae200904ffef04006df,False,planned,False,,,,,2026-09-07T08:42:24.659182+02:00
NSR:StopPlace:58856,Lysaker stasjon,2026-09-07T05:27:00+02:00,2026-09-07T05:27:00+02:00,,0.0,0,Stabekk,VYG:Line:L2,Stabekk-Oslo S-Ski,L2,rail,VYG:ServiceJourney:2704-SKI_443910-R,False,planned,False,,,,,2026-09-07T08:42:24.659182+02:00
NSR:StopPlace:58856,Lysaker stasjon,2026-09-07T05:27:00+02:00,2026-09-07T05:27:00+02:00,,0.0,0,Notodden,VYX:Line:20,VY1 Notodden-Oslo,VY1,coach,VYX:ServiceJourney:5f12c76c2a38098b5eaa5726a32edbc7661a436a,False,planned,False,Forhåndsbestilling Vy,Billett må kjøpes på nett eller app senest 15 minutter før påstigning for at bussen skal kjøre innom holdeplassen.,general,normal,2026-09-07T08:42:24.659182+02:00
NSR:StopPlace:58856,Lysaker stasjon,2026-09-07T05:30:00+02:00,2026-09-07T05:30:00+02:00,,0.0,0,Tjuvholmen,RUT:Line:42,Voksen skog - Tjuvholmen,42,bus,RUT:ServiceJourney:8299778d1e2d74641ea95629288c8265,False,planned,False,,,,,2026-09-07T08:42:24.659182+02:00
NSR:StopPlace:58856,Lysaker stasjon,2026-09-07T05:33:00+02:00,2026-09-07T05:33:00+02:00,,0.0,0,Nationaltheatret,RUT:Line:160,Rykkinn -Nationaltheatret,160,bus,RUT:ServiceJourney:edc22ddfcb1b4c0e83e86c07a55999a4,False,planned,False,,,,,2026-09-07T08:42:24.659182+02:00
NSR:StopPlace:58856,Lysaker stasjon,2026-09-07T05:41:00+02:00,2026-09-07T05:41:00+02:00,,0.0,0,Skøyen,RUT:Line:130,Sandvika -Skøyen,130,bus,RUT:ServiceJourney:b51ed633792f9d954444e2447142f9f4,False,planned,False,,,,,2026-09-07T08:42:24.659182+02:00
NSR:StopPlace:58856,Lysaker stasjon,2026-09-07T06:09:00+02:00,2026-09-07T06:09:00+02:00,,0.0,0,Moss,VYG:Line:R21,Stabekk-Oslo S-Moss,R21,rail,VYG:ServiceJourney:1105-HVK_442976-R,False,planned,False,Innstilt Stabekk–Oslo S | Ta neste tog,Toget er innstilt mellom Stabekk og Oslo S. Dette skyldes at andre tog på strekningen er forsinket. | Ta neste tog mellom Stabekk og Oslo S.,incident | incident,normal | normal,2026-09-07T08:42:24.659182+02:00
NSR:StopPlace:58857,Lørenskog stasjon,2026-09-07T05:13:00+02:00,2026-09-07T05:13:00+02:00,,0.0,0,Stovner,RUT:Line:120,Nesåsen - Stovner,120,bus,RUT:ServiceJourney:47c819d179e8458ac3b8c3519575829b,False,planned,False,,,,,2026-09-07T08:42:24.659182+02:00
NSR:StopPlace:58858,Nittedal stasjon,2026-09-07T04:50:00+02:00,2026-09-07T04:50:00+02:00,,0.0,0,Lørenskog sentrum,RUT:Line:385,Nittedal stasjon - Olavsgaard - Ahus,385,bus,RUT:ServiceJourney:224dd17e0dd42a9775ffb43f6f878482,False,planned,False,,,,,2026-09-07T08:42:24.659182+02:00
NSR:StopPlace:58858,Nittedal stasjon,2026-09-07T05:27:00+02:00,2026-09-07T05:27:00+02:00,,0.0,0,Oslo S,VYG:Line:R31,Skøyen-Jaren-Gjøvik,R31,rail,VYG:ServiceJourney:BUS-240_655529-R,False,planned,False,,,,,2026-09-07T08:42:24.659182+02:00
NSR:StopPlace:58858,Nittedal stasjon,2026-09-07T06:04:00+02:00,2026-09-07T06:04:00+02:00,,0.0,0,Roa,VYG:Line:RE30,Oslo S-Gjøvik,RE30,rail,VYG:ServiceJourney:BUS-1203_654979-R,False,planned,False,,,,,2026-09-07T08:42:24.659182+02:00
NSR:StopPlace:58858,Nittedal stasjon,2026-09-07T06:32:00+02:00,2026-09-07T06:32:00+02:00,,0.0,0,Oslo S,VYG:Line:RE30,Oslo S-Gjøvik,RE30,rail,VYG:ServiceJourney:BUS-1202_654974-R,False,planned,False,,,,,2026-09-07T08:42:24.659182+02:00
NSR:StopPlace:58858,Nittedal stasjon,2026-09-07T06:45:00+02:00,2026-09-07T06:45:00+02:00,,0.0,0,Oslo S,VYG:Line:R31,Skøyen-Jaren-Gjøvik,R31,rail,VYG:ServiceJourney:BUS-244_655560-R,False,planned,False,,,,,2026-09-07T08:42:24.659182+02:00
NSR:StopPlace:58858,Nittedal stasjon,2026-09-07T06:49:00+02:00,2026-09-07T06:49:00+02:00,,0.0,0,Oslo S,VYG:Line:R31,Skøyen-Jaren-Gjøvik,R31,rail,VYG:ServiceJourney:BUS-242_655945-R,False,planned,False,,,,,2026-09-07T08:42:24.659182+02:00
NSR:StopPlace:58858,Nittedal stasjon,2026-09-07T07:13:00+02:00,2026-09-07T07:13:00+02:00,,0.0,0,Roa,VYG:Line:RE30,Oslo S-Gjøvik,RE30,rail,VYG:ServiceJourney:BUS-1205_654988-R,False,planned,False,,,,,2026-09-07T08:42:24.659182+02:00
NSR:StopPlace:58858,Nittedal stasjon,2026-09-07T07:32:00+02:00,2026-09-07T07:32:00+02:00,,0.0,0,Oslo S,VYG:Line:RE30,Oslo S-Gjøvik,RE30,rail,VYG:ServiceJourney:BUS-1204_654981-R,False,planned,False,,,,,2026-09-07T08:42:24.659182+02:00
NSR:StopPlace:58858,Nittedal stasjon,2026-09-07T07:44:00+02:00,2026-09-07T07:44:00+02:00,,0.0,0,Oslo S,VYG:Line:R31,Skøyen-Jaren-Gjøvik,R31,rail,VYG:ServiceJourney:BUS-246_655576-R,False,planned,False,,,,,2026-09-07T08:42:24.659182+02:00
NSR:StopPlace:58858,Nittedal stasjon,2026-09-07T07:49:00+02:00,2026-09-07T07:49:00+02:00,,0.0,0,Oslo S,VYG:Line:R31,Skøyen-Jaren-Gjøvik,R31,rail,VYG:ServiceJourney:BUS-270_655948-R,False,planned,False,,,,,2026-09-07T08:42:24.659182+02:00
NSR:StopPlace:58858,Nittedal stasjon,2026-09-07T08:14:00+02:00,2026-09-07T08:14:00+02:00,,0.0,0,Hakadal,VYG:Line:R31,Skøyen-Jaren-Gjøvik,R31,rail,VYG:ServiceJourney:BUS-275_655603-R,False,planned,False,,,,,2026-09-07T08:42:24.659182+02:00
NSR:StopPlace:58851,Heggedal stasjon,2026-09-07T05:22:00+02:00,2026-09-07T05:22:00+02:00,,0.0,0,Asker,RUT:Line:285,Heggedal - Blakstad - Asker,285,bus,RUT:ServiceJourney:d075d5048208507aaa6095471cc951c1,False,planned,False,,,,,2026-09-07T08:42:24.659182+02:00
NSR:StopPlace:58851,Heggedal stasjon,2026-09-07T09:22:00+02:00,2026-09-07T09:22:00+02:00,,0.0,0,Asker,RUT:Line:285,Heggedal - Blakstad - Asker,285,bus,RUT:ServiceJourney:08c3dd3caa166288ff2c77848e6d2a8b,False,planned,False,,,,,2026-09-07T08:42:24.659182+02:00
NSR:StopPlace:58851,Heggedal stasjon,2026-09-07T09:29:00+02:00,2026-09-07T09:29:00+02:00,,0.0,0,Asker,RUT:Line:280,Asker - Dikemark - Heggedal,280,bus,RUT:ServiceJourney:41d07d309f2d847ca947ba012617a176,False,planned,False,,,,,2026-09-07T08:42:24.659182+02:00
NSR:StopPlace:58851,Heggedal stasjon,2026-09-07T09:29:00+02:00,2026-09-07T09:29:00+02:00,,0.0,0,Rustadgrenda,RUT:Line:286,Rustadgrenda-Heggedal,286,bus,RUT:ServiceJourney:b0bda20d9ccabdc150b997c15d78564c,False,planned,False,,,,,2026-09-07T08:42:24.659182+02:00
NSR:StopPlace:58864,Sørumsand stasjon,2026-09-07T09:21:00+02:00,2026-09-07T09:21:00+02:00,,0.0,0,Skedsmokorset,RUT:Line:365,Sørumsand - Frogner - Skedsmokorset,365,bus,RUT:ServiceJourney:8526a058312d96a885bf8d33e4229780,False,planned,False,,,,,2026-09-07T08:42:24.659182+02:00
NSR:StopPlace:58865,Vestby stasjon,2026-09-07T05:20:00+02:00,2026-09-07T05:20:00+02:00,,0.0,0,Randem,RUT:Line:533,Randem - Vestby stasjon,533,bus,RUT:ServiceJourney:7bae8f7643013053775eda6de7054c82,False,planned,False,,,,,2026-09-07T08:42:24.659182+02:00
NSR:StopPlace:58865,Vestby stasjon,2026-09-07T06:40:00+02:00,2026-09-07T06:40:00+02:00,,0.0,0,Hvitsten - Vestby stasjon,RUT:Line:531,Hvitsten - Vestby stasjon,531,bus,RUT:ServiceJourney:e860a60cf1699030f484b6098e20a0b6,False,planned,False,,,,,2026-09-07T08:42:24.659182+02:00
NSR:StopPlace:58865,Vestby stasjon,2026-09-07T06:45:00+02:00,2026-09-07T06:45:00+02:00,,0.0,0,Moss,VYG:Line:R21,Stabekk-Oslo S-Moss,R21,rail,VYG:ServiceJourney:1105-HVK_442976-R,False,planned,False,,,,,2026-09-07T08:42:24.659182+02:00
NSR:StopPlace:58865,Vestby stasjon,2026-09-07T07:10:00+02:00,2026-09-07T07:10:00+02:00,,0.0,0,Hvitsten - Vestby stasjon,RUT:Line:531,Hvitsten - Vestby stasjon,531,bus,RUT:ServiceJourney:d51b59795eeff1b8453cfa9ceee42eaa,False,planned,False,,,,,2026-09-07T08:42:24.659182+02:00
NSR:StopPlace:58865,Vestby stasjon,2026-09-07T07:40:00+02:00,2026-09-07T07:40:00+02:00,,0.0,0,Hvitsten - Vestby stasjon,RUT:Line:531,Hvitsten - Vestby stasjon,531,bus,RUT:ServiceJourney:22a553c547ec3ace179de69b25513497,False,planned,False,,,,,2026-09-07T08:42:24.659182+02:00
NSR:StopPlace:58865,Vestby stasjon,2026-09-07T08:10:00+02:00,2026-09-07T08:10:00+02:00,,0.0,0,Hvitsten - Vestby stasjon,RUT:Line:531,Hvitsten - Vestby stasjon,531,bus,RUT:ServiceJourney:0c253ca574a07f3331a97fd56061849e,False,planned,False,,,,,2026-09-07T08:42:24.659182+02:00
NSR:StopPlace:58865,Vestby stasjon,2026-09-07T08:40:00+02:00,2026-09-07T08:40:00+02:00,,0.0,0,Hvitsten - Vestby stasjon,RUT:Line:531,Hvitsten - Vestby stasjon,531,bus,RUT:ServiceJourney:4d95052e1f9f49fe6f13aecc5ffe0b5e,False,planned,False,,,,,2026-09-07T08:42:24.659182+02:00
NSR:StopPlace:58866,Vevelstad stasjon,2026-09-07T04:44:00+02:00,2026-09-07T04:44:00+02:00,,0.0,0,Stabekk,VYG:Line:L2,Stabekk-Oslo S-Ski,L2,rail,VYG:ServiceJourney:2704-SKI_443910-R,False,planned,False,,,,,2026-09-07T08:42:24.659182+02:00
NSR:StopPlace:58866,Vevelstad stasjon,2026-09-07T04:51:00+02:00,2026-09-07T04:51:00+02:00,,0.0,0,Drøbak - Seiersten,RUT:Line:510,Bøleråsen - Ski - Ås - Drøbak,510,bus,RUT:ServiceJourney:6a9e0f6f50a83fe0d04c4d1cc58df92f,False,planned,False,,,,,2026-09-07T08:42:24.659182+02:00
NSR:StopPlace:58868,Årnes stasjon,2026-09-07T04:45:00+02:00,2026-09-07T04:45:00+02:00,,0.0,0,Rånåsfoss,RUT:Line:455,Årnes -Rånåsfoss,455,bus,RUT:ServiceJourney:21e493e02f3968f088a95f1d7667cb9f,False,planned,False,,,,,2026-09-07T08:42:24.659182+02:00
NSR:StopPlace:58868,Årnes stasjon,2026-09-07T09:19:00+02:00,2026-09-07T09:19:00+02:00,,0.0,0,Aktivitetsvegen,RUT:Line:450,Årnes - Oslo lufthavn,450,bus,RUT:ServiceJourney:c672fba16030a756dd5de2b81fc67c8a,False,planned,False,,,,,2026-09-07T08:42:24.659182+02:00
NSR:StopPlace:58868,Årnes stasjon,2026-09-07T09:34:00+02:00,2026-09-07T09:34:00+02:00,,0.0,0,Oslo lufthavn,RUT:Line:450,Årnes - Oslo lufthavn,450,bus,RUT:ServiceJourney:2d05ef1aa718a65623772a9543336eec,False,planned,False,,,,,2026-09-07T08:42:24.659182+02:00
NSR:StopPlace:58869,Ås stasjon,2026-09-07T05:57:00+02:00,2026-09-07T05:57:00+02:00,,0.0,0,Vinterbro,RUT:Line:522,Ås - Vinterbro,522,bus,RUT:ServiceJourney:a5ee29079985ebd15522fe1b73513814,False,planned,False,,,,,2026-09-07T08:42:24.659182+02:00
NSR:StopPlace:58869,Ås stasjon,2026-09-07T06:40:00+02:00,2026-09-07T06:40:00+02:00,,0.0,0,Moss,VYG:Line:R21,Stabekk-Oslo S-Moss,R21,rail,VYG:ServiceJourney:1105-HVK_442976-R,False,planned,False,,,,,2026-09-07T08:42:24.659182+02:00
NSR:StopPlace:58869,Ås stasjon,2026-09-07T06:57:00+02:00,2026-09-07T06:57:00+02:00,,0.0,0,Vinterbro,RUT:Line:522,Ås - Vinterbro,522,bus,RUT:ServiceJourney:ca49030444211cac09ce7194d4a57ecd,False,planned,False,,,,,2026-09-07T08:42:24.659182+02:00
NSR:StopPlace:58869,Ås stasjon,2026-09-07T07:57:00+02:00,2026-09-07T07:57:00+02:00,,0.0,0,Vinterbro,RUT:Line:522,Ås - Vinterbro,522,bus,RUT:ServiceJourney:48e711218c155542656c65bd929a49e9,False,planned,False,,,,,2026-09-07T08:42:24.659182+02:00
NSR:StopPlace:58869,Ås stasjon,2026-09-07T08:57:00+02:00,2026-09-07T08:57:00+02:00,,0.0,0,Vinterbro,RUT:Line:522,Ås - Vinterbro,522,bus,RUT:ServiceJourney:9ea01e63e64054f23169b72ab057c7a7,False,planned,False,,,,,2026-09-07T08:42:24.659182+02:00
NSR:StopPlace:58869,Ås stasjon,2026-09-07T09:20:00+02:00,2026-09-07T09:20:00+02:00,,0.0,0,Kroer,RUT:Line:535,Kroer - Ås stasjon,535,bus,RUT:ServiceJourney:305ef70ec377ca7b5fc5a71acb9ab63e,False,planned,False,,,,,2026-09-07T08:42:24.659182+02:00
NSR:StopPlace:58860,Oppegård stasjon,2026-09-07T04:46:00+02:00,2026-09-07T04:46:00+02:00,,0.0,0,Stabekk,VYG:Line:L2,Stabekk-Oslo S-Ski,L2,rail,VYG:ServiceJourney:2704-SKI_443910-R,False,planned,False,,,,,2026-09-07T08:42:24.659182+02:00
NSR:StopPlace:58861,Solbråtan stasjon,2026-09-07T04:45:00+02:00,2026-09-07T04:45:00+02:00,,0.0,0,Bjørvika,RUT:Line:83,Jernbanetorget - Tårnåsen,83,bus,RUT:ServiceJourney:83dd150f4c6be97d2c1ffd9f432e81e5,False,planned,False,Linje 80E og 83 får Hausmanns bru som ny endeholdeplass fra 29. juni,"Bussene stopper ikke på Jernbanetorget etter 29. juni, men starter og stopper på Hausmanns bru i Nylandsveien.",incident,normal,2026-09-07T08:42:24.659182+02:00
NSR:StopPlace:58861,Solbråtan stasjon,2026-09-07T04:53:00+02:00,2026-09-07T04:53:00+02:00,,0.0,0,Stabekk,VYG:Line:L2,Stabekk-Oslo S-Ski,L2,rail,VYG:ServiceJourney:2704-SKI_443910-R,False,planned,False,,,,,2026-09-07T08:42:24.659182+02:00
NSR:StopPlace:58862,Strømmen stasjon,2026-09-07T05:28:00+02:00,2026-09-07T05:28:00+02:00,,0.0,0,Lørenskog sentrum,RUT:Line:385,Nittedal stasjon - Olavsgaard - Ahus,385,bus,RUT:ServiceJourney:224dd17e0dd42a9775ffb43f6f878482,False,planned,False,,,,,2026-09-07T08:42:24.659182+02:00
NSR:StopPlace:58874,Stokke stasjon,2026-09-07T05:17:00+02:00,2026-09-07T05:17:00+02:00,,0.0,0,Tønsberg,VKT:Line:520,Tønsberg-Stokke,520,bus,VKT:ServiceJourney:17293,False,planned,False,,,,,2026-09-07T08:42:24.659182+02:00
NSR:StopPlace:58874,Stokke stasjon,2026-09-07T05:17:00+02:00,2026-09-07T05:17:00+02:00,,0.0,0,Sandefjord,VYG:Line:RE11,Eidsvoll-Oslo S-Skien,RE11,rail,VYG:ServiceJourney:871-SUD_444431-R,False,planned,False,,,,,2026-09-07T08:42:24.659182+02:00
NSR:StopPlace:58874,Stokke stasjon,2026-09-07T08:52:00+02:00,2026-09-07T08:52:00+02:00,,0.0,0,Tønsberg,VKT:Line:520,Tønsberg-Stokke,520,bus,VKT:ServiceJourney:17304,False,planned,False,,,,,2026-09-07T08:42:24.659182+02:00
NSR:StopPlace:58874,Stokke stasjon,2026-09-07T09:22:00+02:00,2026-09-07T09:22:00+02:00,,0.0,0,Tønsberg,VKT:Line:520,Tønsberg-Stokke,520,bus,VKT:ServiceJourney:17305,False,planned,False,,,,,2026-09-07T08:42:24.659182+02:00
NSR:StopPlace:58874,Stokke stasjon,2026-09-07T09:37:00+02:00,2026-09-07T09:37:00+02:00,,0.0,0,Sørby,VKT:Line:520,Tønsberg-Stokke,520,bus,VKT:ServiceJourney:17230,False,planned,False,,,,,2026-09-07T08:42:24.659182+02:00
NSR:StopPlace:58875,Torp stasjon,2026-09-07T04:54:00+02:00,2026-09-07T04:54:00+02:00,,0.0,0,Torp,VYX:Line:164,S174 Shuttle Sandefjord Lufthavn Torp,S174,bus,VYX:ServiceJourney:fd6a6aeb469fd57db07543163cb126975170fde8,False,planned,False,Info S174,I retning Sandefjord lufthavn Torp vil S174 vente på tog som ankommer Torp stasjon.,general,normal,2026-09-07T08:42:24.659182+02:00
NSR:StopPlace:58875,Torp stasjon,2026-09-07T05:11:00+02:00,2026-09-07T05:11:00+02:00,,0.0,0,Torp,VYX:Line:164,S174 Shuttle Sandefjord Lufthavn Torp,S174,bus,VYX:ServiceJourney:aef696081f85b4640cc7b7c5d406c72bffb3e073,False,planned,False,Info S174,I retning Sandefjord lufthavn Torp vil S174 vente på tog som ankommer Torp stasjon.,general,normal,2026-09-07T08:42:24.659182+02:00
NSR:StopPlace:58875,Torp stasjon,2026-09-07T05:22:00+02:00,2026-09-07T05:22:00+02:00,,0.0,0,Sandefjord,VYG:Line:RE11,Eidsvoll-Oslo S-Skien,RE11,rail,VYG:ServiceJourney:871-SUD_444431-R,False,planned,False,,,,,2026-09-07T08:42:24.659182+02:00
NSR:StopPlace:58875,Torp stasjon,2026-09-07T05:25:00+02:00,2026-09-07T05:25:00+02:00,,0.0,0,Torp,VYX:Line:164,S174 Shuttle Sandefjord Lufthavn Torp,S174,bus,VYX:ServiceJourney:55a72acdfee4c8d1d80c181908b2db093ada4722,False,planned,False,Info S174,I retning Sandefjord lufthavn Torp vil S174 vente på tog som ankommer Torp stasjon.,general,normal,2026-09-07T08:42:24.659182+02:00
NSR:StopPlace:58875,Torp stasjon,2026-09-07T05:40:00+02:00,2026-09-07T05:40:00+02:00,,0.0,0,Torp,VYX:Line:164,S174 Shuttle Sandefjord Lufthavn Torp,S174,bus,VYX:ServiceJourney:b2d7e1de59bf9202af7d2fcd59a2d582c890882d,False,planned,False,Info S174,I retning Sandefjord lufthavn Torp vil S174 vente på tog som ankommer Torp stasjon.,general,normal,2026-09-07T08:42:24.659182+02:00
NSR:StopPlace:58875,Torp stasjon,2026-09-07T05:54:00+02:00,2026-09-07T05:54:00+02:00,,0.0,0,Torp,VYX:Line:164,S174 Shuttle Sandefjord Lufthavn Torp,S174,bus,VYX:ServiceJourney:a5eddac6cc1b037ea6b043e6fcfb198519b68a10,False,planned,False,Info S174,I retning Sandefjord lufthavn Torp vil S174 vente på tog som ankommer Torp stasjon.,general,normal,2026-09-07T08:42:24.659182+02:00
NSR:StopPlace:58875,Torp stasjon,2026-09-07T06:10:00+02:00,2026-09-07T06:10:00+02:00,,0.0,0,Torp,VYX:Line:164,S174 Shuttle Sandefjord Lufthavn Torp,S174,bus,VYX:ServiceJourney:d84f87082c53bea5b41952632199604817840269,False,planned,False,Info S174,I retning Sandefjord lufthavn Torp vil S174 vente på tog som ankommer Torp stasjon.,general,normal,2026-09-07T08:42:24.659182+02:00
NSR:StopPlace:58875,Torp stasjon,2026-09-07T06:52:00+02:00,2026-09-07T06:52:00+02:00,,0.0,0,Torp,VYX:Line:164,S174 Shuttle Sandefjord Lufthavn Torp,S174,bus,VYX:ServiceJourney:6b0c900383ca932a9798c1984f04b396454ffe92,False,planned,False,Info S174,I retning Sandefjord lufthavn Torp vil S174 vente på tog som ankommer Torp stasjon.,general,normal,2026-09-07T08:42:24.659182+02:00
NSR:StopPlace:58875,Torp stasjon,2026-09-07T07:09:00+02:00,2026-09-07T07:09:00+02:00,,0.0,0,Torp,VYX:Line:164,S174 Shuttle Sandefjord Lufthavn Torp,S174,bus,VYX:ServiceJourney:5be79c06f4ae6ad21f3606188369044fc08888ff,False,planned,False,Info S174,I retning Sandefjord lufthavn Torp vil S174 vente på tog som ankommer Torp stasjon.,general,normal,2026-09-07T08:42:24.659182+02:00
NSR:StopPlace:58875,Torp stasjon,2026-09-07T07:24:00+02:00,2026-09-07T07:24:00+02:00,,0.0,0,Torp,VYX:Line:164,S174 Shuttle Sandefjord Lufthavn Torp,S174,bus,VYX:ServiceJourney:a2b8b02ba273dcd9b1036f3638a135837c90367e,False,planned,False,Info S174,I retning Sandefjord lufthavn Torp vil S174 vente på tog som ankommer Torp stasjon.,general,normal,2026-09-07T08:42:24.659182+02:00
NSR:StopPlace:58875,Torp stasjon,2026-09-07T07:55:00+02:00,2026-09-07T07:55:00+02:00,,0.0,0,Torp,VYX:Line:164,S174 Shuttle Sandefjord Lufthavn Torp,S174,bus,VYX:ServiceJourney:cd8036fb2200c843377124c7273012aa155460af,False,planned,False,Info S174,I retning Sandefjord lufthavn Torp vil S174 vente på tog som ankommer Torp stasjon.,general,normal,2026-09-07T08:42:24.659182+02:00
NSR:StopPlace:58875,Torp stasjon,2026-09-07T08:16:00+02:00,2026-09-07T08:16:00+02:00,,0.0,0,Torp,VYX:Line:164,S174 Shuttle Sandefjord Lufthavn Torp,S174,bus,VYX:ServiceJourney:d89394280146464573f89a85864accff5b6aaaf8,False,planned,False,Info S174,I retning Sandefjord lufthavn Torp vil S174 vente på tog som ankommer Torp stasjon.,general,normal,2026-09-07T08:42:24.659182+02:00
NSR:StopPlace:58875,Torp stasjon,2026-09-07T08:55:00+02:00,2026-09-07T08:55:00+02:00,,0.0,0,Torp,VYX:Line:164,S174 Shuttle Sandefjord Lufthavn Torp,S174,bus,VYX:ServiceJourney:f6329ae4584669fe68628bfddbed2d8aa47aeea9,False,planned,False,Info S174,I retning Sandefjord lufthavn Torp vil S174 vente på tog som ankommer Torp stasjon.,general,normal,2026-09-07T08:42:24.659182+02:00
NSR:StopPlace:58875,Torp stasjon,2026-09-07T09:16:00+02:00,2026-09-07T09:16:00+02:00,,0.0,0,Torp,VYX:Line:164,S174 Shuttle Sandefjord Lufthavn Torp,S174,bus,VYX:ServiceJourney:7c45e9d46b7b8570d69ed1316304b3e3e279cf32,False,planned,False,Info S174,I retning Sandefjord lufthavn Torp vil S174 vente på tog som ankommer Torp stasjon.,general,normal,2026-09-07T08:42:24.659182+02:00
NSR:StopPlace:58876,Tønsberg stasjon,2026-09-07T05:06:00+02:00,2026-09-07T05:06:00+02:00,,0.0,0,Sandefjord,VYG:Line:RE11,Eidsvoll-Oslo S-Skien,RE11,rail,VYG:ServiceJourney:871-SUD_444431-R,False,planned,False,,,,,2026-09-07T08:42:24.659182+02:00
NSR:StopPlace:58876,Tønsberg stasjon,2026-09-07T05:48:00+02:00,2026-09-07T05:48:00+02:00,,0.0,0,Tønsberg,VKT:Line:520,Tønsberg-Stokke,520,bus,VKT:ServiceJourney:17293,False,planned,False,,,,,2026-09-07T08:42:24.659182+02:00
NSR:StopPlace:58876,Tønsberg stasjon,2026-09-07T05:57:00+02:00,2026-09-07T05:57:00+02:00,,0.0,0,Tønsberg-Åsgårdstrand,VKT:Line:1,Horten-Tønsberg-Sandefjord,1,bus,VKT:ServiceJourney:15618,False,planned,False,,,,,2026-09-07T08:42:24.659182+02:00
NSR:StopPlace:58877,Bø stasjon,2026-09-07T06:19:00+02:00,2026-09-07T06:19:00+02:00,,0.0,0,Gjerstad,GOA:Line:50,Sørtoget region,F5,rail,GOA:ServiceJourney:705-LOD_63220-R,False,planned,False,,,,,2026-09-07T08:42:24.659182+02:00
NSR:StopPlace:58877,Bø stasjon,2026-09-07T07:10:00+02:00,2026-09-07T07:10:00+02:00,,0.0,0,Oslo S,GOA:Line:50,Sørtoget region,F5,rail,GOA:ServiceJourney:702-GJE_63210-R,False,planned,False,,,,,2026-09-07T08:42:24.659182+02:00
NSR:StopPlace:58877,Bø stasjon,2026-09-07T07:47:00+02:00,2026-09-07T07:47:00+02:00,,0.0,0,Folkestad-Nordbø,TEL:Line:8116,Bø-Folkestad-Nordbø-Breisås,116,bus,TEL:ServiceJourney:125928,False,planned,False,,,,,2026-09-07T08:42:24.659182+02:00
NSR:StopPlace:58877,Bø stasjon,2026-09-07T08:12:00+02:00,2026-09-07T08:12:00+02:00,,0.0,0,Breisås,TEL:Line:8116,Bø-Folkestad-Nordbø-Breisås,116,bus,TEL:ServiceJourney:125928,False,planned,False,,,,,2026-09-07T08:42:24.659182+02:00
NSR:StopPlace:58877,Bø stasjon,2026-09-07T08:20:00+02:00,2026-09-07T08:20:00+02:00,,0.0,0,Bø stasjon,TEL:Line:8116,Bø-Folkestad-Nordbø-Breisås,116,bus,TEL:ServiceJourney:125928,False,planned,False,,,,,2026-09-07T08:42:24.659182+02:00
NSR:StopPlace:58877,Bø stasjon,2026-09-07T09:12:00+02:00,2026-09-07T09:12:00+02:00,,0.0,0,Folkestad-Nordbø,TEL:Line:8116,Bø-Folkestad-Nordbø-Breisås,116,bus,TEL:ServiceJourney:125930,False,planned,False,,,,,2026-09-07T08:42:24.659182+02:00
NSR:StopPlace:58877,Bø stasjon,2026-09-07T09:42:00+02:00,2026-09-07T09:42:00+02:00,,0.0,0,Skien stasjon,TEL:Line:8181,Seljord-Bø-Skien,R1,bus,TEL:ServiceJourney:127049,False,planned,False,,,,,2026-09-07T08:42:24.659182+02:00
NSR:StopPlace:58878,Drangedal stasjon,2026-09-07T06:29:00+02:00,2026-09-07T06:29:00+02:00,,0.0,0,Oslo S,GOA:Line:50,Sørtoget region,F5,rail,GOA:ServiceJourney:702-GJE_63210-R,False,planned,False,,,,,2026-09-07T08:42:24.659182+02:00
NSR:StopPlace:58878,Drangedal stasjon,2026-09-07T06:55:00+02:00,2026-09-07T06:55:00+02:00,,0.0,0,Gjerstad,GOA:Line:50,Sørtoget region,F5,rail,GOA:ServiceJourney:705-LOD_63220-R,False,planned,False,,,,,2026-09-07T08:42:24.659182+02:00
NSR:StopPlace:58878,Drangedal stasjon,2026-09-07T08:50:00+02:00,2026-09-07T08:50:00+02:00,,0.0,0,Porsgrunn-Skien,TEL:Line:8601,Drangedal-Porsgrunn-Skien,601,bus,TEL:ServiceJourney:126375,False,planned,False,,,,,2026-09-07T08:42:24.659182+02:00
NSR:StopPlace:58879,Lunde stasjon,2026-09-07T06:00:00+02:00,2026-09-07T06:00:00+02:00,,0.0,0,Ulefoss,TEL:Line:8103,Lunde-Ulefoss,103,bus,TEL:ServiceJourney:126321,False,planned,False,,,,,2026-09-07T08:42:24.659182+02:00
NSR:StopPlace:58879,Lunde stasjon,2026-09-07T06:30:00+02:00,2026-09-07T06:30:00+02:00,,0.0,0,Gjerstad,GOA:Line:50,Sørtoget region,F5,rail,GOA:ServiceJourney:705-LOD_63220-R,False,planned,False,,,,,2026-09-07T08:42:24.659182+02:00
NSR:StopPlace:58879,Lunde stasjon,2026-09-07T06:35:00+02:00,2026-09-07T06:35:00+02:00,,0.0,0,Ulefoss,TEL:Line:8103,Lunde-Ulefoss,103,bus,TEL:ServiceJourney:126322,False,planned,False,,,,,2026-09-07T08:42:24.659182+02:00
NSR:StopPlace:58879,Lunde stasjon,2026-09-07T06:58:00+02:00,2026-09-07T06:58:00+02:00,,0.0,0,Oslo S,GOA:Line:50,Sørtoget region,F5,rail,GOA:ServiceJourney:702-GJE_63210-R,False,planned,False,,,,,2026-09-07T08:42:24.659182+02:00
NSR:StopPlace:58870,Holmestrand stasjon,2026-09-07T04:45:00+02:00,2026-09-07T04:45:00+02:00,,0.0,0,Sandefjord,VYG:Line:RE11,Eidsvoll-Oslo S-Skien,RE11,rail,VYG:ServiceJourney:871-SUD_444431-R,False,planned,False,,,,,2026-09-07T08:42:24.659182+02:00
NSR:StopPlace:58870,Holmestrand stasjon,2026-09-07T06:10:00+02:00,2026-09-07T06:10:00+02:00,,0.0,0,Hvitstein-Kleiverud,VKT:Line:30,Kleiverud-Holmestrand,30,bus,VKT:ServiceJourney:14847,False,planned,False,,,,,2026-09-07T08:42:24.659182+02:00
NSR:StopPlace:58870,Holmestrand stasjon,2026-09-07T06:25:00+02:00,2026-09-07T06:25:00+02:00,,0.0,0,Hvitstein-Gullhaug,VKT:Line:31,Gullhaug-Kleiverud-Holmestrand,31,bus,VKT:ServiceJourney:14962,False,planned,False,,,,,2026-09-07T08:42:24.659182+02:00
NSR:StopPlace:58870,Holmestrand stasjon,2026-09-07T08:55:00+02:00,2026-09-07T08:55:00+02:00,,0.0,0,Hvitstein-Gullhaug,VKT:Line:31,Gullhaug-Kleiverud-Holmestrand,31,bus,VKT:ServiceJourney:14967,False,planned,False,,,,,2026-09-07T08:42:24.659182+02:00
NSR:StopPlace:58870,Holmestrand stasjon,2026-09-07T09:10:00+02:00,2026-09-07T09:10:00+02:00,,0.0,0,Hvitstein-Kleiverud,VKT:Line:30,Kleiverud-Holmestrand,30,bus,VKT:ServiceJourney:14853,False,planned,False,,,,,2026-09-07T08:42:24.659182+02:00
NSR:StopPlace:58870,Holmestrand stasjon,2026-09-07T09:15:00+02:00,2026-09-07T09:15:00+02:00,,0.0,0,Horten-Tønsberg,VKT:Line:2,Tjøme-Tønsberg-Horten-Holmestr,2,bus,VKT:ServiceJourney:15823,False,planned,False,Forsinkelser Linje 2 og 411,Pga. veiarbeid i Horten sentrum vil det kunne oppstå forsinkelser på busser i tidsrommet 3.-11. september. ,incident,normal,2026-09-07T08:42:24.659182+02:00
NSR:StopPlace:58870,Holmestrand stasjon,2026-09-07T09:25:00+02:00,2026-09-07T09:25:00+02:00,,0.0,0,Hvitstein-Gullhaug,VKT:Line:31,Gullhaug-Kleiverud-Holmestrand,31,bus,VKT:ServiceJourney:14968,False,planned,False,,,,,2026-09-07T08:42:24.659182+02:00
NSR:StopPlace:58870,Holmestrand stasjon,2026-09-07T09:40:00+02:00,2026-09-07T09:40:00+02:00,,0.0,0,Hvitstein-Kleiverud,VKT:Line:30,Kleiverud-Holmestrand,30,bus,VKT:ServiceJourney:14854,False,planned,False,,,,,2026-09-07T08:42:24.659182+02:00
NSR:StopPlace:58871,Sande stasjon,2026-09-07T05:52:00+02:00,2026-09-07T05:52:00+02:00,,0.0,0,Skoger-Drammen,VKT:Line:10,Drammen-Skoger-Sande,10,bus,VKT:ServiceJourney:104191,False,planned,False,,,,,2026-09-07T08:42:24.659182+02:00
NSR:StopPlace:58871,Sande stasjon,2026-09-07T06:08:00+02:00,2026-09-07T06:08:00+02:00,,0.0,0,Klevjerhagen-Kjeldås,VKT:Line:220,Kjeldås-Sande,220,bus,VKT:ServiceJourney:15072,False,planned,False,,,,,2026-09-07T08:42:24.659182+02:00
NSR:StopPlace:58871,Sande stasjon,2026-09-07T06:18:00+02:00,2026-09-07T06:18:00+02:00,,0.0,0,Holmestrand,VKT:Line:230,Sande-Holmestrand,230,bus,VKT:ServiceJourney:15054,False,planned,False,,,,,2026-09-07T08:42:24.659182+02:00
NSR:StopPlace:58871,Sande stasjon,2026-09-07T09:22:00+02:00,2026-09-07T09:22:00+02:00,,0.0,0,Skoger-Drammen,VKT:Line:10,Drammen-Skoger-Sande,10,bus,VKT:ServiceJourney:104199,False,planned,False,,,,,2026-09-07T08:42:24.659182+02:00
NSR:StopPlace:58871,Sande stasjon,2026-09-07T09:35:00+02:00,2026-09-07T09:35:00+02:00,,0.0,0,Svelvik,VKT:Line:200,Svelvik-Sande,200,bus,VKT:ServiceJourney:15039,False,planned,False,,,,,2026-09-07T08:42:24.659182+02:00
NSR:StopPlace:58871,Sande stasjon,2026-09-07T09:40:00+02:00,2026-09-07T09:40:00+02:00,,0.0,0,Skafjell-Selvik skole,VKT:Line:10,Drammen-Skoger-Sande,10,bus,VKT:ServiceJourney:104147,False,planned,False,,,,,2026-09-07T08:42:24.659182+02:00
NSR:StopPlace:58872,Sandefjord stasjon,2026-09-07T05:34:00+02:00,2026-09-07T05:34:00+02:00,,0.0,0,Tønsberg,VYG:Line:RE11,Eidsvoll-Oslo S-Skien,RE11,rail,VYG:ServiceJourney:872_444432-R,False,planned,False,,,,,2026-09-07T08:42:24.659182+02:00
NSR:StopPlace:58873,Skoppum stasjon,2026-09-07T04:53:00+02:00,2026-09-07T04:53:00+02:00,,0.0,0,Sandefjord,VYG:Line:RE11,Eidsvoll-Oslo S-Skien,RE11,rail,VYG:ServiceJourney:871-SUD_444431-R,False,planned,False,,,,,2026-09-07T08:42:24.659182+02:00
NSR:StopPlace:58873,Skoppum stasjon,2026-09-07T06:00:00+02:00,2026-09-07T06:00:00+02:00,,0.0,0,Holtandalen-Horten,VKT:Line:40,Horten-Holtandalen-Skoppum,40,bus,VKT:ServiceJourney:17415,False,planned,False,,,,,2026-09-07T08:42:24.659182+02:00
NSR:StopPlace:58873,Skoppum stasjon,2026-09-07T09:00:00+02:00,2026-09-07T09:00:00+02:00,,0.0,0,Holtandalen-Horten,VKT:Line:40,Horten-Holtandalen-Skoppum,40,bus,VKT:ServiceJourney:17423,False,planned,False,,,,,2026-09-07T08:42:24.659182+02:00
NSR:StopPlace:58873,Skoppum stasjon,2026-09-07T09:30:00+02:00,2026-09-07T09:30:00+02:00,,0.0,0,Holtandalen-Horten,VKT:Line:40,Horten-Holtandalen-Skoppum,40,bus,VKT:ServiceJourney:17424,False,planned,False,,,,,2026-09-07T08:42:24.659182+02:00
NSR:StopPlace:58885,Trykkerud stasjon,2026-09-07T06:16:00+02:00,2026-09-07T06:16:00+02:00,,0.0,0,Notodden,VYG:Line:R55,Porsgrunn-Notodden,R55,rail,VYG:ServiceJourney:2470_443743-R,False,planned,False,,,,,2026-09-07T08:42:24.659182+02:00
NSR:StopPlace:58886,Arendal stasjon,2026-09-07T05:09:00+02:00,2026-09-07T05:09:00+02:00,,0.0,0,Gjerstad,GOA:Line:50,Sørtoget region,F5,rail,GOA:ServiceJourney:B702-BK_72894-R,False,planned,False,Sørtoget: Bane NOR utfører vedlikeholdsarbeid.,"Bane NOR utfører vedlikeholdsarbeid. Strekningen vil derfor være stengt i denne perioden og vi setter opp buss for tog mellom Kristiansand og Gjerstad for Sørtoget. NB: For reisende til/fra Nelaug og Vegårshei må taxi bestilles senest 48 timer før, på enkelte avganger. Send oss en e-post med informasjon om hvilken avgang du skal reise med til taxi@gan.no, eller kontakt oss på tlf. 61 25 80 00. Se reiseplanleggeren for oppdatert informasjon.",incident,noImpact,2026-09-07T08:42:24.659182+02:00
NSR:StopPlace:58886,Arendal stasjon,2026-09-07T06:02:00+02:00,2026-09-07T06:02:00+02:00,,0.0,0,Eydehavn,AKT:Line:101,Eydehavn-Arendal-Grimstad N/S,101,bus,AKT:ServiceJourney:71843_12_32_43200_44580_3911019,False,planned,False,,,,,2026-09-07T08:42:24.659182+02:00
NSR:StopPlace:58886,Arendal stasjon,2026-09-07T06:13:00+02:00,2026-09-07T06:13:00+02:00,,0.0,0,Nelaug,GOA:Line:53,Sørtoget lokal,R50,rail,GOA:ServiceJourney:2062_63015-R,False,planned,False,,,,,2026-09-07T08:42:24.659182+02:00
NSR:StopPlace:58886,Arendal stasjon,2026-09-07T06:32:00+02:00,2026-09-07T06:32:00+02:00,,0.0,0,Eydehavn,AKT:Line:101,Eydehavn-Arendal-Grimstad N/S,101,bus,AKT:ServiceJourney:71844_22_32_46800_48180_3911019,False,planned,False,,,,,2026-09-07T08:42:24.659182+02:00
NSR:StopPlace:58886,Arendal stasjon,2026-09-07T08:06:00+02:00,2026-09-07T08:06:00+02:00,,0.0,0,Gjerstad,GOA:Line:50,Sørtoget region,F5,rail,GOA:ServiceJourney:B704-EQ_78971-R,False,planned,False,Sørtoget: Bane NOR utfører vedlikeholdsarbeid.,"Bane NOR utfører vedlikeholdsarbeid. Strekningen vil derfor være stengt i denne perioden og vi setter opp buss for tog mellom Kristiansand og Gjerstad for Sørtoget. NB: For reisende til/fra Nelaug og Vegårshei må taxi bestilles senest 48 timer før, på enkelte avganger. Send oss en e-post med informasjon om hvilken avgang du skal reise med til taxi@gan.no, eller kontakt oss på tlf. 61 25 80 00. Se reiseplanleggeren for oppdatert informasjon.",incident,noImpact,2026-09-07T08:42:24.659182+02:00
NSR:StopPlace:58888,Blakstad stasjon,2026-09-07T06:27:00+02:00,2026-09-07T06:27:00+02:00,,0.0,0,Nelaug,GOA:Line:53,Sørtoget lokal,R50,rail,GOA:ServiceJourney:2062_63015-R,False,planned,False,,,,,2026-09-07T08:42:24.659182+02:00
NSR:StopPlace:58888,Blakstad stasjon,2026-09-07T09:20:00+02:00,2026-09-07T09:20:00+02:00,,0.0,0,Arendal,GOA:Line:53,Sørtoget lokal,R50,rail,GOA:ServiceJourney:2065_63018-R,False,planned,False,,,,,2026-09-07T08:42:24.659182+02:00
NSR:StopPlace:58889,Gjerstad stasjon,2026-09-07T06:04:00+02:00,2026-09-07T06:04:00+02:00,,0.0,0,Oslo S,GOA:Line:50,Sørtoget region,F5,rail,GOA:ServiceJourney:702-GJE_63210-R,False,planned,False,,,,,2026-09-07T08:42:24.659182+02:00
NSR:StopPlace:58889,Gjerstad stasjon,2026-09-07T07:27:00+02:00,2026-09-07T07:27:00+02:00,,0.0,0,Kristiansand,GOA:Line:50,Sørtoget region,F5,rail,GOA:ServiceJourney:B705-CI_72899-R,False,planned,False,Sørtoget: Bane NOR utfører vedlikeholdsarbeid.,"Bane NOR utfører vedlikeholdsarbeid. Strekningen vil derfor være stengt i denne perioden og vi setter opp buss for tog mellom Kristiansand og Gjerstad for Sørtoget. NB: For reisende til/fra Nelaug og Vegårshei må taxi bestilles senest 48 timer før, på enkelte avganger. Send oss en e-post med informasjon om hvilken avgang du skal reise med til taxi@gan.no, eller kontakt oss på tlf. 61 25 80 00. Se reiseplanleggeren for oppdatert informasjon.",incident,noImpact,2026-09-07T08:42:24.659182+02:00
NSR:StopPlace:58889,Gjerstad stasjon,2026-09-07T09:25:00+02:00,2026-09-07T09:25:00+02:00,,0.0,0,Oslo S,GOA:Line:50,Sørtoget region,F5,rail,GOA:ServiceJourney:90704-GJE_62985-R,False,planned,False,,,,,2026-09-07T08:42:24.659182+02:00
NSR:StopPlace:58880,Neslandsvatn stasjon,2026-09-07T05:55:00+02:00,2026-09-07T05:55:00+02:00,,0.0,0,Drangedal,TEL:Line:8607,Drangedal-Kragerø,607,bus,TEL:ServiceJourney:126276,False,planned,False,,,,,2026-09-07T08:42:24.659182+02:00
NSR:StopPlace:58880,Neslandsvatn stasjon,2026-09-07T06:17:00+02:00,2026-09-07T06:17:00+02:00,,0.0,0,Oslo S,GOA:Line:50,Sørtoget region,F5,rail,GOA:ServiceJourney:702-GJE_63210-R,False,planned,False,,,,,2026-09-07T08:42:24.659182+02:00
NSR:StopPlace:58880,Neslandsvatn stasjon,2026-09-07T07:07:00+02:00,2026-09-07T07:07:00+02:00,,0.0,0,Gjerstad,GOA:Line:50,Sørtoget region,F5,rail,GOA:ServiceJourney:705-LOD_63220-R,False,planned,False,,,,,2026-09-07T08:42:24.659182+02:00
NSR:StopPlace:58880,Neslandsvatn stasjon,2026-09-07T09:38:00+02:00,2026-09-07T09:38:00+02:00,,0.0,0,Oslo S,GOA:Line:50,Sørtoget region,F5,rail,GOA:ServiceJourney:90704-GJE_62985-R,False,planned,False,,,,,2026-09-07T08:42:24.659182+02:00
NSR:StopPlace:58882,Nordagutu stasjon,2026-09-07T06:05:00+02:00,2026-09-07T06:05:00+02:00,,0.0,0,Gjerstad,GOA:Line:50,Sørtoget region,F5,rail,GOA:ServiceJourney:705-LOD_63220-R,False,planned,False,,,,,2026-09-07T08:42:24.659182+02:00
NSR:StopPlace:58882,Nordagutu stasjon,2026-09-07T06:06:00+02:00,2026-09-07T06:06:00+02:00,,0.0,0,Notodden,VYG:Line:R55,Porsgrunn-Notodden,R55,rail,VYG:ServiceJourney:2470_443743-R,False,planned,False,,,,,2026-09-07T08:42:24.659182+02:00
NSR:StopPlace:58882,Nordagutu stasjon,2026-09-07T07:25:00+02:00,2026-09-07T07:25:00+02:00,,0.0,0,Oslo S,GOA:Line:50,Sørtoget region,F5,rail,GOA:ServiceJourney:702-GJE_63210-R,False,planned,False,,,,,2026-09-07T08:42:24.659182+02:00
NSR:StopPlace:58884,Skien stasjon,2026-09-07T05:27:00+02:00,2026-09-07T05:27:00+02:00,,0.0,0,Notodden,VYG:Line:R55,Porsgrunn-Notodden,R55,rail,VYG:ServiceJourney:2470_443743-R,False,planned,False,,,,,2026-09-07T08:42:24.659182+02:00
NSR:StopPlace:58884,Skien stasjon,2026-09-07T05:46:00+02:00,2026-09-07T05:46:00+02:00,,0.0,0,Skjelsvik via Klyve-Kongerød,TEL:Line:8043,Skien-Klyve-Skjelsvik,M3,bus,TEL:ServiceJourney:127146,False,planned,False,,,,,2026-09-07T08:42:24.659182+02:00
NSR:StopPlace:58884,Skien stasjon,2026-09-07T09:00:00+02:00,2026-09-07T09:00:00+02:00,,0.0,0,Bø stasjon,TEL:Line:8181,Seljord-Bø-Skien,R1,bus,TEL:ServiceJourney:127088,False,planned,False,,,,,2026-09-07T08:42:24.659182+02:00
NSR:StopPlace:58884,Skien stasjon,2026-09-07T09:19:00+02:00,2026-09-07T09:19:00+02:00,,0.0,0,Porsgrunn,VYG:Line:R55,Porsgrunn-Notodden,R55,rail,VYG:ServiceJourney:BUS-2475_698792-R,False,planned,False,,,,,2026-09-07T08:42:24.659182+02:00
NSR:StopPlace:58884,Skien stasjon,2026-09-07T09:20:00+02:00,2026-09-07T09:20:00+02:00,,0.0,0,Seljord,TEL:Line:8181,Seljord-Bø-Skien,R1,bus,TEL:ServiceJourney:127089,False,planned,False,,,,,2026-09-07T08:42:24.659182+02:00
NSR:StopPlace:58884,Skien stasjon,2026-09-07T09:26:00+02:00,2026-09-07T09:26:00+02:00,,0.0,0,Skjelsvik via Klyve-Kongerød,TEL:Line:8043,Skien-Klyve-Skjelsvik,M3,bus,TEL:ServiceJourney:127163,False,planned,False,,,,,2026-09-07T08:42:24.659182+02:00
NSR:StopPlace:58890,Nelaug stasjon,2026-09-07T04:58:00+02:00,2026-09-07T04:58:00+02:00,,0.0,0,Gjerstad,GOA:Line:50,Sørtoget region,F5,rail,GOA:ServiceJourney:B702-BL_72895-R,False,planned,False,Sørtoget: Bane NOR utfører vedlikeholdsarbeid.,"Bane NOR utfører vedlikeholdsarbeid. Strekningen vil derfor være stengt i denne perioden og vi setter opp buss for tog mellom Kristiansand og Gjerstad for Sørtoget. NB: For reisende til/fra Nelaug og Vegårshei må taxi bestilles senest 48 timer før, på enkelte avganger. Send oss en e-post med informasjon om hvilken avgang du skal reise med til taxi@gan.no, eller kontakt oss på tlf. 61 25 80 00. Se reiseplanleggeren for oppdatert informasjon.",incident,noImpact,2026-09-07T08:42:24.659182+02:00
NSR:StopPlace:58890,Nelaug stasjon,2026-09-07T09:00:00+02:00,2026-09-07T09:00:00+02:00,,0.0,0,Arendal,GOA:Line:53,Sørtoget lokal,R50,rail,GOA:ServiceJourney:2065_63018-R,False,planned,False,,,,,2026-09-07T08:42:24.659182+02:00
NSR:StopPlace:58891,Vegårshei stasjon,2026-09-07T05:25:00+02:00,2026-09-07T05:25:00+02:00,,0.0,0,Gjerstad,GOA:Line:50,Sørtoget region,F5,rail,GOA:ServiceJourney:B702-BL_72895-R,False,planned,False,Sørtoget: Bane NOR utfører vedlikeholdsarbeid.,"Bane NOR utfører vedlikeholdsarbeid. Strekningen vil derfor være stengt i denne perioden og vi setter opp buss for tog mellom Kristiansand og Gjerstad for Sørtoget. NB: For reisende til/fra Nelaug og Vegårshei må taxi bestilles senest 48 timer før, på enkelte avganger. Send oss en e-post med informasjon om hvilken avgang du skal reise med til taxi@gan.no, eller kontakt oss på tlf. 61 25 80 00. Se reiseplanleggeren for oppdatert informasjon.",incident,noImpact,2026-09-07T08:42:24.659182+02:00
NSR:StopPlace:58891,Vegårshei stasjon,2026-09-07T07:28:00+02:00,2026-09-07T07:28:00+02:00,,0.0,0,Grenstøl bussterminal,GOA:Line:50,Sørtoget region,F5,rail,GOA:ServiceJourney:B705-DX_78972-R,False,planned,False,Sørtoget: Bane NOR utfører vedlikeholdsarbeid.,"Bane NOR utfører vedlikeholdsarbeid. Strekningen vil derfor være stengt i denne perioden og vi setter opp buss for tog mellom Kristiansand og Gjerstad for Sørtoget. NB: For reisende til/fra Nelaug og Vegårshei må taxi bestilles senest 48 timer før, på enkelte avganger. Send oss en e-post med informasjon om hvilken avgang du skal reise med til taxi@gan.no, eller kontakt oss på tlf. 61 25 80 00. Se reiseplanleggeren for oppdatert informasjon.",incident,noImpact,2026-09-07T08:42:24.659182+02:00
NSR:StopPlace:58891,Vegårshei stasjon,2026-09-07T08:46:00+02:00,2026-09-07T08:46:00+02:00,,0.0,0,Gjerstad,GOA:Line:50,Sørtoget region,F5,rail,GOA:ServiceJourney:B704-EQ_78971-R,False,planned,False,Sørtoget: Bane NOR utfører vedlikeholdsarbeid.,"Bane NOR utfører vedlikeholdsarbeid. Strekningen vil derfor være stengt i denne perioden og vi setter opp buss for tog mellom Kristiansand og Gjerstad for Sørtoget. NB: For reisende til/fra Nelaug og Vegårshei må taxi bestilles senest 48 timer før, på enkelte avganger. Send oss en e-post med informasjon om hvilken avgang du skal reise med til taxi@gan.no, eller kontakt oss på tlf. 61 25 80 00. Se reiseplanleggeren for oppdatert informasjon.",incident,noImpact,2026-09-07T08:42:24.659182+02:00
NSR:StopPlace:58892,Audnedal stasjon,2026-09-07T06:58:00+02:00,2026-09-07T06:58:00+02:00,,0.0,0,Kristiansand,GOA:Line:50,Sørtoget region,F5,rail,GOA:ServiceJourney:704-STV_79263-R,False,planned,False,,,,,2026-09-07T08:42:24.659182+02:00
NSR:StopPlace:58893,Grovane stasjon,2026-09-07T05:26:00+02:00,2026-09-07T05:26:00+02:00,,0.0,0,Kristiansand via Moseidmoen - Mosby,AKT:Line:30,Kvadraturen - Mosby - Vennesl,30,bus,AKT:ServiceJourney:79443_42_48_39120_41580_40001545,False,planned,False,,,,,2026-09-07T08:42:24.659182+02:00
NSR:StopPlace:58893,Grovane stasjon,2026-09-07T05:41:00+02:00,2026-09-07T05:41:00+02:00,,0.0,0,Kristiansand,AKT:Line:31,Kvadraturen - Sødal - Vennesla,31,bus,AKT:ServiceJourney:79674_42_44_40920_43020_3950001,False,planned,False,,,,,2026-09-07T08:42:24.659182+02:00
NSR:StopPlace:58893,Grovane stasjon,2026-09-07T05:56:00+02:00,2026-09-07T05:56:00+02:00,,0.0,0,Kristiansand via Moseidmoen - Mosby,AKT:Line:30,Kvadraturen - Mosby - Vennesl,30,bus,AKT:ServiceJourney:79444_52_48_42720_45180_40001545,False,planned,False,,,,,2026-09-07T08:42:24.659182+02:00
NSR:StopPlace:58800,Råde stasjon,2026-09-07T04:53:00+02:00,2026-09-07T04:53:00+02:00,,0.0,0,Oslo S,VYG:Line:RE20,Oslo S-Halden-Göteborg (X-Border),RE20,rail,VYG:ServiceJourney:102_508938-R,False,planned,False,,,,,2026-09-07T08:42:24.659182+02:00
NSR:StopPlace:58800,Råde stasjon,2026-09-07T05:53:00+02:00,2026-09-07T05:53:00+02:00,,0.0,0,Oslo S,VYG:Line:RE20,Oslo S-Halden-Göteborg (X-Border),RE20,rail,VYG:ServiceJourney:104_442952-R,False,planned,False,,,,,2026-09-07T08:42:24.659182+02:00
NSR:StopPlace:58801,Sarpsborg stasjon,2026-09-07T05:26:00+02:00,2026-09-07T05:26:00+02:00,,0.0,0,Oslo S,VYG:Line:RE20,Oslo S-Halden-Göteborg (X-Border),RE20,rail,VYG:ServiceJourney:104_442952-R,False,planned,False,,,,,2026-09-07T08:42:24.659182+02:00
NSR:StopPlace:58801,Sarpsborg stasjon,2026-09-07T06:31:00+02:00,2026-09-07T06:31:00+02:00,,0.0,0,Sarpsborg-Kalnes,OST:Line:1_13,Kalnes - Blessom,13,bus,OST:ServiceJourney:13_260325121470773_1,False,planned,False,,,,,2026-09-07T08:42:24.659182+02:00
NSR:StopPlace:58801,Sarpsborg stasjon,2026-09-07T06:55:00+02:00,2026-09-07T06:55:00+02:00,,0.0,0,Fylkeshuset,OST:Line:1_799,Fylkeshuset,799,bus,OST:ServiceJourney:799_260325121471655_3,False,planned,False,,,,,2026-09-07T08:42:24.659182+02:00
NSR:StopPlace:58801,Sarpsborg stasjon,2026-09-07T07:25:00+02:00,2026-09-07T07:25:00+02:00,,0.0,0,Fylkeshuset,OST:Line:1_799,Fylkeshuset,799,bus,OST:ServiceJourney:799_260325121471659_7,False,planned,False,,,,,2026-09-07T08:42:24.659182+02:00
NSR:StopPlace:58801,Sarpsborg stasjon,2026-09-07T08:35:00+02:00,2026-09-07T08:35:00+02:00,,0.0,0,Fylkeshuset,OST:Line:1_799,Fylkeshuset,799,bus,OST:ServiceJourney:799_260325121471653_15,False,planned,False,,,,,2026-09-07T08:42:24.659182+02:00
NSR:StopPlace:58801,Sarpsborg stasjon,2026-09-07T09:01:00+02:00,2026-09-07T09:01:00+02:00,,0.0,0,Sarpsborg-Kalnes,OST:Line:1_13,Kalnes - Blessom,13,bus,OST:ServiceJourney:13_260325121470775_11,False,planned,False,,,,,2026-09-07T08:42:24.659182+02:00
NSR:StopPlace:58801,Sarpsborg stasjon,2026-09-07T09:13:00+02:00,2026-09-07T09:13:00+02:00,,0.0,0,Blessom,OST:Line:1_13,Kalnes - Blessom,13,bus,OST:ServiceJourney:13_260325121470774_10,False,planned,False,,,,,2026-09-07T08:42:24.659182+02:00
NSR:StopPlace:58801,Sarpsborg stasjon,2026-09-07T09:31:00+02:00,2026-09-07T09:31:00+02:00,,0.0,0,Sarpsborg-Kalnes,OST:Line:1_13,Kalnes - Blessom,13,bus,OST:ServiceJourney:13_260325121470777_13,False,planned,False,,,,,2026-09-07T08:42:24.659182+02:00
NSR:StopPlace:58802,Spydeberg stasjon,2026-09-07T05:04:00+02:00,2026-09-07T05:04:00+02:00,,0.0,0,Oslo S,VYG:Line:R22,Skøyen-Oslo S-Mysen-Rakkestad,R22,rail,VYG:ServiceJourney:1904_443438-R,False,planned,False,,,,,2026-09-07T08:42:24.659182+02:00
NSR:StopPlace:58803,Tomter stasjon,2026-09-07T05:12:00+02:00,2026-09-07T05:12:00+02:00,,0.0,0,Oslo S,VYG:Line:R22,Skøyen-Oslo S-Mysen-Rakkestad,R22,rail,VYG:ServiceJourney:1904_443438-R,False,planned,False,,,,,2026-09-07T08:42:24.659182+02:00
NSR:StopPlace:58805,Brumunddal stasjon,2026-09-07T09:06:00+02:00,2026-09-07T09:06:00+02:00,,0.0,0,Rudshøgda,INN:Line:615,Brumunddal-Rudshøgda-Moelv,615,bus,INN:ServiceJourney:83100,False,planned,False,,,,,2026-09-07T08:42:24.659182+02:00
NSR:StopPlace:58808,Kongsvinger stasjon,2026-09-07T07:06:00+02:00,2026-09-07T07:06:00+02:00,,0.0,0,Karlstad-Stockholm,SJV:Line:cfac9102-49ef-476c-8663-a6d468ee4f36,Stockholm-Hallsberg-Karlstad-Oslo,70,rail,SJV:ServiceJourney:e1cedc0d-fe1c-48d3-9c5f-e380d1547f8a,False,planned,False,,,,,2026-09-07T08:42:24.659182+02:00
NSR:StopPlace:58808,Kongsvinger stasjon,2026-09-07T08:57:00+02:00,2026-09-07T08:57:00+02:00,,0.0,0,Karlstad-Stockholm,SJV:Line:cfac9102-49ef-476c-8663-a6d468ee4f36,Stockholm-Hallsberg-Karlstad-Oslo,70,rail,SJV:ServiceJourney:6bcdad44-579c-4040-a6ec-639bc3e56953,False,planned,False,,,,,2026-09-07T08:42:24.659182+02:00
NSR:StopPlace:58808,Kongsvinger stasjon,2026-09-07T08:58:00+02:00,2026-09-07T08:58:00+02:00,,0.0,0,Rasta - Vennersberg,INN:Line:81,Bogeråsen - Rasta,B81,bus,INN:ServiceJourney:54304,False,planned,False,,,,,2026-09-07T08:42:24.659182+02:00
NSR:StopPlace:58808,Kongsvinger stasjon,2026-09-07T09:28:00+02:00,2026-09-07T09:28:00+02:00,,0.0,0,Sykehuset - Bogeråsen,INN:Line:81,Bogeråsen - Rasta,B81,bus,INN:ServiceJourney:54304,False,planned,False,,,,,2026-09-07T08:42:24.659182+02:00
NSR:StopPlace:58808,Kongsvinger stasjon,2026-09-07T09:28:00+02:00,2026-09-07T09:28:00+02:00,,0.0,0,Rasta - Vennersberg,INN:Line:81,Bogeråsen - Rasta,B81,bus,INN:ServiceJourney:54305,False,planned,False,,,,,2026-09-07T08:42:24.659182+02:00
NSR:StopPlace:58808,Kongsvinger stasjon,2026-09-07T09:29:00+02:00,2026-09-07T09:29:00+02:00,,0.0,0,Marikollen,INN:Line:82,Skriverskogen - Marikollen,B82,bus,INN:ServiceJourney:54347,False,planned,False,,,,,2026-09-07T08:42:24.659182+02:00
NSR:StopPlace:58808,Kongsvinger stasjon,2026-09-07T09:35:00+02:00,2026-09-07T09:35:00+02:00,,0.0,0,Charlottenberg,INN:Line:120,Kongsvinger - Charlottenberg,120,bus,INN:ServiceJourney:54580,False,planned,False,,,,,2026-09-07T08:42:24.659182+02:00
NSR:StopPlace:58808,Kongsvinger stasjon,2026-09-07T09:39:00+02:00,2026-09-07T09:39:00+02:00,,0.0,0,Flisa - Hamar,INN:Line:105,Kongsvinger - Elverum - Hamar,105,bus,INN:ServiceJourney:83637,False,planned,False,,,,,2026-09-07T08:42:24.659182+02:00
NSR:StopPlace:58810,Løten stasjon,2026-09-07T09:06:00+02:00,2026-09-07T09:06:00+02:00,,0.0,0,Hamar - Brumunddal,INN:Line:26,Brumunddal - Hamar - Løten,B26,bus,INN:ServiceJourney:54037,False,planned,False,,,,,2026-09-07T08:42:24.659182+02:00
NSR:StopPlace:58810,Løten stasjon,2026-09-07T09:36:00+02:00,2026-09-07T09:36:00+02:00,,0.0,0,Hamar - Brumunddal,INN:Line:26,Brumunddal - Hamar - Løten,B26,bus,INN:ServiceJourney:54038,False,planned,False,,,,,2026-09-07T08:42:24.659182+02:00
NSR:StopPlace:58811,Moelv stasjon,2026-09-07T05:26:00+02:00,2026-09-07T05:26:00+02:00,,0.0,0,Hamar,INN:Line:100,Hamar - Gjøvik,100,bus,INN:ServiceJourney:83497,False,planned,False,,,,,2026-09-07T08:42:24.659182+02:00
NSR:StopPlace:58811,Moelv stasjon,2026-09-07T07:52:00+02:00,2026-09-07T07:52:00+02:00,,0.0,0,Åsmarka - Brøttum,INN:Line:606,Næroset - Fløtlia - Moelv,606,bus,INN:ServiceJourney:83001,False,planned,False,Avgangen er innstilt,,incident,normal,2026-09-07T08:42:24.659182+02:00
NSR:StopPlace:58811,Moelv stasjon,2026-09-07T09:20:00+02:00,2026-09-07T09:20:00+02:00,,0.0,0,Lillehammer,INN:Line:600,Moelv - Lillehammer,600,bus,INN:ServiceJourney:82440,False,planned,False,,,,,2026-09-07T08:42:24.659182+02:00
NSR:StopPlace:58811,Moelv stasjon,2026-09-07T09:26:00+02:00,2026-09-07T09:26:00+02:00,,0.0,0,Hamar,INN:Line:100,Hamar - Gjøvik,100,bus,INN:ServiceJourney:83501,False,planned,False,,,,,2026-09-07T08:42:24.659182+02:00
NSR:StopPlace:58811,Moelv stasjon,2026-09-07T09:32:00+02:00,2026-09-07T09:32:00+02:00,,0.0,0,Gjøvik,INN:Line:100,Hamar - Gjøvik,100,bus,INN:ServiceJourney:83456,False,planned,False,,,,,2026-09-07T08:42:24.659182+02:00
NSR:StopPlace:58811,Moelv stasjon,2026-09-07T09:35:00+02:00,2026-09-07T09:35:00+02:00,,0.0,0,Brumunddal,INN:Line:605,Gjøvik - Moelv - Brumunddal,605,bus,INN:ServiceJourney:82984,False,planned,False,,,,,2026-09-07T08:42:24.659182+02:00
NSR:StopPlace:58811,Moelv stasjon,2026-09-07T09:36:00+02:00,2026-09-07T09:36:00+02:00,,0.0,0,Fossen - Næroset,INN:Line:610,Næroset - Fossen - Moelv,610,bus,INN:ServiceJourney:83021,False,planned,False,,,,,2026-09-07T08:42:24.659182+02:00
NSR:StopPlace:58814,Tolga stasjon,2026-09-07T08:20:00+02:00,2026-09-07T08:20:00+02:00,,0.0,0,Tynset østsiden,INN:Line:895,Tolga - Tynset østsiden,895,bus,INN:ServiceJourney:55958,False,planned,False,,,,,2026-09-07T08:42:24.659182+02:00
NSR:StopPlace:58815,Bleiken stasjon,2026-09-07T05:11:00+02:00,2026-09-07T05:11:00+02:00,,0.0,0,Roa,VYG:Line:RE30,Oslo S-Gjøvik,RE30,rail,VYG:ServiceJourney:1202-GJOe_589104-R,False,planned,False,,,,,2026-09-07T08:42:24.659182+02:00
NSR:StopPlace:58815,Bleiken stasjon,2026-09-07T06:42:00+02:00,2026-09-07T06:42:00+02:00,,0.0,0,Hennung via Eggelinna,INN:Line:454,Brandbu-Hennung,454,bus,INN:ServiceJourney:71357,False,planned,False,,,,,2026-09-07T08:42:24.659182+02:00
NSR:StopPlace:58815,Bleiken stasjon,2026-09-07T07:04:00+02:00,2026-09-07T07:04:00+02:00,,0.0,0,Brandbu via Skari,INN:Line:454,Brandbu-Hennung,454,bus,INN:ServiceJourney:71364,False,planned,False,,,,,2026-09-07T08:42:24.659182+02:00
NSR:StopPlace:58815,Bleiken stasjon,2026-09-07T07:50:00+02:00,2026-09-07T07:50:00+02:00,,0.0,0,Hennung via Eggelinna,INN:Line:454,Brandbu-Hennung,454,bus,INN:ServiceJourney:71358,False,planned,False,,,,,2026-09-07T08:42:24.659182+02:00
NSR:StopPlace:58815,Bleiken stasjon,2026-09-07T08:12:00+02:00,2026-09-07T08:12:00+02:00,,0.0,0,Brandbu via Skari,INN:Line:454,Brandbu-Hennung,454,bus,INN:ServiceJourney:71365,False,planned,False,,,,,2026-09-07T08:42:24.659182+02:00
NSR:StopPlace:58817,Eina stasjon,2026-09-07T04:56:00+02:00,2026-09-07T04:56:00+02:00,,0.0,0,Roa,VYG:Line:RE30,Oslo S-Gjøvik,RE30,rail,VYG:ServiceJourney:1202-GJOe_589104-R,False,planned,False,,,,,2026-09-07T08:42:24.659182+02:00
NSR:StopPlace:58818,Gran stasjon,2026-09-07T05:25:00+02:00,2026-09-07T05:25:00+02:00,,0.0,0,Roa,VYG:Line:RE30,Oslo S-Gjøvik,RE30,rail,VYG:ServiceJourney:1202-GJOe_589104-R,False,planned,False,,,,,2026-09-07T08:42:24.659182+02:00
NSR:StopPlace:58818,Gran stasjon,2026-09-07T05:26:00+02:00,2026-09-07T05:26:00+02:00,,0.0,0,Roa,VYG:Line:R31,Skøyen-Jaren-Gjøvik,R31,rail,VYG:ServiceJourney:BUS-242_655541-R,False,planned,False,,,,,2026-09-07T08:42:24.659182+02:00
NSR:StopPlace:58818,Gran stasjon,2026-09-07T05:44:00+02:00,2026-09-07T05:44:00+02:00,,0.0,0,Roa,VYG:Line:R31,Skøyen-Jaren-Gjøvik,R31,rail,VYG:ServiceJourney:BUS-244_655557-R,False,planned,False,,,,,2026-09-07T08:42:24.659182+02:00
NSR:StopPlace:58818,Gran stasjon,2026-09-07T06:20:00+02:00,2026-09-07T06:20:00+02:00,,0.0,0,Oslo S,VYG:Line:R31,Skøyen-Jaren-Gjøvik,R31,rail,VYG:ServiceJourney:BUS-270_655588-R,False,planned,False,,,,,2026-09-07T08:42:24.659182+02:00
NSR:StopPlace:58818,Gran stasjon,2026-09-07T06:38:00+02:00,2026-09-07T06:38:00+02:00,,0.0,0,Oslo S,VYG:Line:R31,Skøyen-Jaren-Gjøvik,R31,rail,VYG:ServiceJourney:BUS-246_655574-R,False,planned,False,,,,,2026-09-07T08:42:24.659182+02:00
NSR:StopPlace:58819,Grua stasjon,2026-09-07T04:43:00+02:00,2026-09-07T04:43:00+02:00,,0.0,0,Oslo S,VYG:Line:R31,Skøyen-Jaren-Gjøvik,R31,rail,VYG:ServiceJourney:BUS-240_655527-R,False,planned,False,,,,,2026-09-07T08:42:24.659182+02:00
NSR:StopPlace:58819,Grua stasjon,2026-09-07T05:47:00+02:00,2026-09-07T05:47:00+02:00,,0.0,0,Oslo S,VYG:Line:RE30,Oslo S-Gjøvik,RE30,rail,VYG:ServiceJourney:BUS-1202_654974-R,False,planned,False,,,,,2026-09-07T08:42:24.659182+02:00
NSR:StopPlace:58819,Grua stasjon,2026-09-07T05:47:00+02:00,2026-09-07T05:47:00+02:00,,0.0,0,Oslo S,VYG:Line:RE30,Oslo S-Gjøvik,RE30,rail,VYG:ServiceJourney:BUS-1202_654975-R,False,planned,False,,,,,2026-09-07T08:42:24.659182+02:00
NSR:StopPlace:58819,Grua stasjon,2026-09-07T06:39:00+02:00,2026-09-07T06:39:00+02:00,,0.0,0,Oslo S,VYG:Line:R31,Skøyen-Jaren-Gjøvik,R31,rail,VYG:ServiceJourney:BUS-270_655588-R,False,planned,False,,,,,2026-09-07T08:42:24.659182+02:00
NSR:StopPlace:58819,Grua stasjon,2026-09-07T06:41:00+02:00,2026-09-07T06:41:00+02:00,,0.0,0,Roa,VYG:Line:RE30,Oslo S-Gjøvik,RE30,rail,VYG:ServiceJourney:BUS-1203_654979-R,False,planned,False,,,,,2026-09-07T08:42:24.659182+02:00
NSR:StopPlace:58819,Grua stasjon,2026-09-07T06:47:00+02:00,2026-09-07T06:47:00+02:00,,0.0,0,Oslo S,VYG:Line:RE30,Oslo S-Gjøvik,RE30,rail,VYG:ServiceJourney:BUS-1204_654981-R,False,planned,False,,,,,2026-09-07T08:42:24.659182+02:00
NSR:StopPlace:58819,Grua stasjon,2026-09-07T06:57:00+02:00,2026-09-07T06:57:00+02:00,,0.0,0,Oslo S,VYG:Line:R31,Skøyen-Jaren-Gjøvik,R31,rail,VYG:ServiceJourney:BUS-246_655574-R,False,planned,False,,,,,2026-09-07T08:42:24.659182+02:00
NSR:StopPlace:58819,Grua stasjon,2026-09-07T07:47:00+02:00,2026-09-07T07:47:00+02:00,,0.0,0,Oslo S,VYG:Line:RE30,Oslo S-Gjøvik,RE30,rail,VYG:ServiceJourney:BUS-1206_654990-R,False,planned,False,,,,,2026-09-07T08:42:24.659182+02:00
NSR:StopPlace:58819,Grua stasjon,2026-09-07T07:47:00+02:00,2026-09-07T07:47:00+02:00,,0.0,0,Oslo S,VYG:Line:RE30,Oslo S-Gjøvik,RE30,rail,VYG:ServiceJourney:BUS-1206_654991-R,False,planned,False,,,,,2026-09-07T08:42:24.659182+02:00
NSR:StopPlace:58819,Grua stasjon,2026-09-07T08:47:00+02:00,2026-09-07T08:47:00+02:00,,0.0,0,Oslo S,VYG:Line:RE30,Oslo S-Gjøvik,RE30,rail,VYG:ServiceJourney:BUS-1208_654997-R,False,planned,False,,,,,2026-09-07T08:42:24.659182+02:00
NSR:StopPlace:58819,Grua stasjon,2026-09-07T08:47:00+02:00,2026-09-07T08:47:00+02:00,,0.0,0,Oslo S,VYG:Line:RE30,Oslo S-Gjøvik,RE30,rail,VYG:ServiceJourney:BUS-1208_654999-R,False,planned,False,,,,,2026-09-07T08:42:24.659182+02:00
NSR:StopPlace:58819,Grua stasjon,2026-09-07T09:11:00+02:00,2026-09-07T09:11:00+02:00,,0.0,0,Brandbu via Mohagen,INN:Line:112,Brandbu-Gran-Harestua,112,bus,INN:ServiceJourney:70825,False,planned,False,,,,,2026-09-07T08:42:24.659182+02:00
NSR:StopPlace:58819,Grua stasjon,2026-09-07T09:34:00+02:00,2026-09-07T09:34:00+02:00,,0.0,0,Roa,VYG:Line:RE30,Oslo S-Gjøvik,RE30,rail,VYG:ServiceJourney:BUS-1209_655002-R,False,planned,False,,,,,2026-09-07T08:42:24.659182+02:00
NSR:StopPlace:58819,Grua stasjon,2026-09-07T09:35:00+02:00,2026-09-07T09:35:00+02:00,,0.0,0,Harestua,INN:Line:112,Brandbu-Gran-Harestua,112,bus,INN:ServiceJourney:70790,False,planned,False,,,,,2026-09-07T08:42:24.659182+02:00
NSR:StopPlace:58820,Harestua stasjon,2026-09-07T04:57:00+02:00,2026-09-07T04:57:00+02:00,,0.0,0,Oslo S,VYG:Line:R31,Skøyen-Jaren-Gjøvik,R31,rail,VYG:ServiceJourney:BUS-240_655529-R,False,planned,False,,,,,2026-09-07T08:42:24.659182+02:00
NSR:StopPlace:58820,Harestua stasjon,2026-09-07T06:00:00+02:00,2026-09-07T06:00:00+02:00,,0.0,0,Oslo S,VYG:Line:RE30,Oslo S-Gjøvik,RE30,rail,VYG:ServiceJourney:BUS-1202_654974-R,False,planned,False,,,,,2026-09-07T08:42:24.659182+02:00
NSR:StopPlace:58820,Harestua stasjon,2026-09-07T06:15:00+02:00,2026-09-07T06:15:00+02:00,,0.0,0,Oslo S,VYG:Line:R31,Skøyen-Jaren-Gjøvik,R31,rail,VYG:ServiceJourney:BUS-244_655560-R,False,planned,False,,,,,2026-09-07T08:42:24.659182+02:00
NSR:StopPlace:58820,Harestua stasjon,2026-09-07T06:31:00+02:00,2026-09-07T06:31:00+02:00,,0.0,0,Roa,VYG:Line:RE30,Oslo S-Gjøvik,RE30,rail,VYG:ServiceJourney:BUS-1203_654979-R,False,planned,False,,,,,2026-09-07T08:42:24.659182+02:00
NSR:StopPlace:58820,Harestua stasjon,2026-09-07T07:00:00+02:00,2026-09-07T07:00:00+02:00,,0.0,0,Oslo S,VYG:Line:RE30,Oslo S-Gjøvik,RE30,rail,VYG:ServiceJourney:BUS-1204_654981-R,False,planned,False,,,,,2026-09-07T08:42:24.659182+02:00
NSR:StopPlace:58820,Harestua stasjon,2026-09-07T07:14:00+02:00,2026-09-07T07:14:00+02:00,,0.0,0,Oslo S,VYG:Line:R31,Skøyen-Jaren-Gjøvik,R31,rail,VYG:ServiceJourney:BUS-246_655576-R,False,planned,False,,,,,2026-09-07T08:42:24.659182+02:00
NSR:StopPlace:58820,Harestua stasjon,2026-09-07T08:00:00+02:00,2026-09-07T08:00:00+02:00,,0.0,0,Oslo S,VYG:Line:RE30,Oslo S-Gjøvik,RE30,rail,VYG:ServiceJourney:BUS-1206_654990-R,False,planned,False,,,,,2026-09-07T08:42:24.659182+02:00
NSR:StopPlace:58820,Harestua stasjon,2026-09-07T08:47:00+02:00,2026-09-07T08:47:00+02:00,,0.0,0,Oslo S,VYG:Line:RE30,Oslo S-Gjøvik,RE30,rail,VYG:ServiceJourney:BUS-1208_655000-R,False,planned,False,,,,,2026-09-07T08:42:24.659182+02:00
NSR:StopPlace:58820,Harestua stasjon,2026-09-07T09:00:00+02:00,2026-09-07T09:00:00+02:00,,0.0,0,Oslo S,VYG:Line:RE30,Oslo S-Gjøvik,RE30,rail,VYG:ServiceJourney:BUS-1208_654997-R,False,planned,False,,,,,2026-09-07T08:42:24.659182+02:00
NSR:StopPlace:58820,Harestua stasjon,2026-09-07T09:24:00+02:00,2026-09-07T09:24:00+02:00,,0.0,0,Roa,VYG:Line:RE30,Oslo S-Gjøvik,RE30,rail,VYG:ServiceJourney:BUS-1209_655002-R,False,planned,False,,,,,2026-09-07T08:42:24.659182+02:00
NSR:StopPlace:58823,Jaren stasjon,2026-09-07T05:20:00+02:00,2026-09-07T05:20:00+02:00,,0.0,0,Roa,VYG:Line:R31,Skøyen-Jaren-Gjøvik,R31,rail,VYG:ServiceJourney:BUS-242_655541-R,False,planned,False,,,,,2026-09-07T08:42:24.659182+02:00
NSR:StopPlace:58823,Jaren stasjon,2026-09-07T05:20:00+02:00,2026-09-07T05:20:00+02:00,,0.0,0,Roa,VYG:Line:RE30,Oslo S-Gjøvik,RE30,rail,VYG:ServiceJourney:1202-GJOe_589104-R,False,planned,False,,,,,2026-09-07T08:42:24.659182+02:00
NSR:StopPlace:58823,Jaren stasjon,2026-09-07T05:38:00+02:00,2026-09-07T05:38:00+02:00,,0.0,0,Roa,VYG:Line:R31,Skøyen-Jaren-Gjøvik,R31,rail,VYG:ServiceJourney:BUS-244_655557-R,False,planned,False,,,,,2026-09-07T08:42:24.659182+02:00
NSR:StopPlace:58823,Jaren stasjon,2026-09-07T06:16:00+02:00,2026-09-07T06:16:00+02:00,,0.0,0,Oslo S,VYG:Line:R31,Skøyen-Jaren-Gjøvik,R31,rail,VYG:ServiceJourney:BUS-270_655588-R,False,planned,False,,,,,2026-09-07T08:42:24.659182+02:00
NSR:StopPlace:58823,Jaren stasjon,2026-09-07T06:34:00+02:00,2026-09-07T06:34:00+02:00,,0.0,0,Oslo S,VYG:Line:R31,Skøyen-Jaren-Gjøvik,R31,rail,VYG:ServiceJourney:BUS-246_655574-R,False,planned,False,,,,,2026-09-07T08:42:24.659182+02:00
NSR:StopPlace:58824,Lunner stasjon,2026-09-07T05:31:00+02:00,2026-09-07T05:31:00+02:00,,0.0,0,Roa,VYG:Line:RE30,Oslo S-Gjøvik,RE30,rail,VYG:ServiceJourney:1202-GJOe_589104-R,False,planned,False,,,,,2026-09-07T08:42:24.659182+02:00
NSR:StopPlace:58824,Lunner stasjon,2026-09-07T05:34:00+02:00,2026-09-07T05:34:00+02:00,,0.0,0,Roa,VYG:Line:R31,Skøyen-Jaren-Gjøvik,R31,rail,VYG:ServiceJourney:BUS-242_655541-R,False,planned,False,,,,,2026-09-07T08:42:24.659182+02:00
NSR:StopPlace:58824,Lunner stasjon,2026-09-07T05:52:00+02:00,2026-09-07T05:52:00+02:00,,0.0,0,Roa,VYG:Line:R31,Skøyen-Jaren-Gjøvik,R31,rail,VYG:ServiceJourney:BUS-244_655557-R,False,planned,False,,,,,2026-09-07T08:42:24.659182+02:00
NSR:StopPlace:58824,Lunner stasjon,2026-09-07T07:21:00+02:00,2026-09-07T07:21:00+02:00,,0.0,0,Gran via Grindvoll,INN:Line:451,Gran-Lunner-Grindvoll-Jevnaker,451,bus,INN:ServiceJourney:71506,False,planned,False,,,,,2026-09-07T08:42:24.659182+02:00
NSR:StopPlace:58824,Lunner stasjon,2026-09-07T07:22:00+02:00,2026-09-07T07:22:00+02:00,,0.0,0,Gran via Kalvsjø - Lunner,INN:Line:452,Gran-Lunner-Olimb-Jevnaker,452,bus,INN:ServiceJourney:71428,False,planned,False,,,,,2026-09-07T08:42:24.659182+02:00
NSR:StopPlace:58824,Lunner stasjon,2026-09-07T09:00:00+02:00,2026-09-07T09:00:00+02:00,,0.0,0,Jevnaker via Grindvoll,INN:Line:451,Gran-Lunner-Grindvoll-Jevnaker,451,bus,INN:ServiceJourney:71491,False,planned,False,,,,,2026-09-07T08:42:24.659182+02:00
NSR:StopPlace:58825,Raufoss stasjon,2026-09-07T04:45:00+02:00,2026-09-07T04:45:00+02:00,,0.0,0,Roa,VYG:Line:RE30,Oslo S-Gjøvik,RE30,rail,VYG:ServiceJourney:1202-GJOe_589104-R,False,planned,False,,,,,2026-09-07T08:42:24.659182+02:00
NSR:StopPlace:58825,Raufoss stasjon,2026-09-07T09:15:00+02:00,2026-09-07T09:15:00+02:00,,0.0,0,Gjøvik-Lena,INN:Line:46,Lena-Raufoss-Gjøvik-Kapp-Lena,B46,bus,INN:ServiceJourney:76825,False,planned,False,,,,,2026-09-07T08:42:24.659182+02:00
NSR:StopPlace:58826,Reinsvoll stasjon,2026-09-07T04:50:00+02:00,2026-09-07T04:50:00+02:00,,0.0,0,Roa,VYG:Line:RE30,Oslo S-Gjøvik,RE30,rail,VYG:ServiceJourney:1202-GJOe_589104-R,False,planned,False,Heis på Reinsvoll ute av drift,Heisen på Reinsvoll til spor 1 og 2 er ute av drift.,general,normal,2026-09-07T08:42:24.659182+02:00
NSR:StopPlace:58826,Reinsvoll stasjon,2026-09-07T09:33:00+02:00,2026-09-07T09:33:00+02:00,,0.0,0,Raufoss-Gjøvik,INN:Line:46,Lena-Raufoss-Gjøvik-Kapp-Lena,B46,bus,INN:ServiceJourney:76826,False,planned,False,,,,,2026-09-07T08:42:24.659182+02:00
NSR:StopPlace:58828,Roa stasjon,2026-09-07T05:40:00+02:00,2026-09-07T05:40:00+02:00,,0.0,0,Oslo S,VYG:Line:RE30,Oslo S-Gjøvik,RE30,rail,VYG:ServiceJourney:BUS-1202_654975-R,False,planned,False,,,,,2026-09-07T08:42:24.659182+02:00
NSR:StopPlace:58828,Roa stasjon,2026-09-07T05:40:00+02:00,2026-09-07T05:40:00+02:00,,0.0,0,Oslo S,VYG:Line:RE30,Oslo S-Gjøvik,RE30,rail,VYG:ServiceJourney:BUS-1202_654974-R,False,planned,False,,,,,2026-09-07T08:42:24.659182+02:00
NSR:StopPlace:58828,Roa stasjon,2026-09-07T06:32:00+02:00,2026-09-07T06:32:00+02:00,,0.0,0,Oslo S,VYG:Line:R31,Skøyen-Jaren-Gjøvik,R31,rail,VYG:ServiceJourney:BUS-270_655588-R,False,planned,False,,,,,2026-09-07T08:42:24.659182+02:00
NSR:StopPlace:58828,Roa stasjon,2026-09-07T06:40:00+02:00,2026-09-07T06:40:00+02:00,,0.0,0,Oslo S,VYG:Line:RE30,Oslo S-Gjøvik,RE30,rail,VYG:ServiceJourney:BUS-1204_654981-R,False,planned,False,,,,,2026-09-07T08:42:24.659182+02:00
NSR:StopPlace:58828,Roa stasjon,2026-09-07T06:50:00+02:00,2026-09-07T06:50:00+02:00,,0.0,0,Oslo S,VYG:Line:R31,Skøyen-Jaren-Gjøvik,R31,rail,VYG:ServiceJourney:BUS-246_655574-R,False,planned,False,,,,,2026-09-07T08:42:24.659182+02:00
NSR:StopPlace:58828,Roa stasjon,2026-09-07T07:40:00+02:00,2026-09-07T07:40:00+02:00,,0.0,0,Oslo S,VYG:Line:RE30,Oslo S-Gjøvik,RE30,rail,VYG:ServiceJourney:BUS-1206_654991-R,False,planned,False,,,,,2026-09-07T08:42:24.659182+02:00
NSR:StopPlace:58828,Roa stasjon,2026-09-07T07:40:00+02:00,2026-09-07T07:40:00+02:00,,0.0,0,Oslo S,VYG:Line:RE30,Oslo S-Gjøvik,RE30,rail,VYG:ServiceJourney:BUS-1206_654990-R,False,planned,False,,,,,2026-09-07T08:42:24.659182+02:00
NSR:StopPlace:58828,Roa stasjon,2026-09-07T08:40:00+02:00,2026-09-07T08:40:00+02:00,,0.0,0,Oslo S,VYG:Line:RE30,Oslo S-Gjøvik,RE30,rail,VYG:ServiceJourney:BUS-1208_654999-R,False,planned,False,,,,,2026-09-07T08:42:24.659182+02:00
NSR:StopPlace:58828,Roa stasjon,2026-09-07T08:40:00+02:00,2026-09-07T08:40:00+02:00,,0.0,0,Oslo S,VYG:Line:RE30,Oslo S-Gjøvik,RE30,rail,VYG:ServiceJourney:BUS-1208_654997-R,False,planned,False,,,,,2026-09-07T08:42:24.659182+02:00
NSR:StopPlace:58828,Roa stasjon,2026-09-07T09:40:00+02:00,2026-09-07T09:40:00+02:00,,0.0,0,Oslo S,VYG:Line:RE30,Oslo S-Gjøvik,RE30,rail,VYG:ServiceJourney:BUS-1210_655006-R,False,planned,False,,,,,2026-09-07T08:42:24.659182+02:00
NSR:StopPlace:58828,Roa stasjon,2026-09-07T09:40:00+02:00,2026-09-07T09:40:00+02:00,,0.0,0,Oslo S,VYG:Line:RE30,Oslo S-Gjøvik,RE30,rail,VYG:ServiceJourney:BUS-1210_655005-R,False,planned,False,,,,,2026-09-07T08:42:24.659182+02:00
NSR:StopPlace:58828,Roa stasjon,2026-09-07T09:40:00+02:00,2026-09-07T09:40:00+02:00,,0.0,0,Oslo S,VYG:Line:RE30,Oslo S-Gjøvik,RE30,rail,VYG:ServiceJourney:BUS-1210_655007-R,False,planned,False,,,,,2026-09-07T08:42:24.659182+02:00
NSR:StopPlace:58829,Stryken stasjon,2026-09-07T06:23:00+02:00,2026-09-07T06:23:00+02:00,,0.0,0,Roa,VYG:Line:RE30,Oslo S-Gjøvik,RE30,rail,VYG:ServiceJourney:BUS-1203_654979-R,False,planned,False,,,,,2026-09-07T08:42:24.659182+02:00
NSR:StopPlace:64171,Gamlestaden,2026-09-07T09:16:00+02:00,2026-09-07T09:16:00+02:00,,0.0,0,Oslo S,SNT:Line:15931205-7b69-51de-bac7-18d4acc5c6f5,Malmö C,IC,rail,SNT:ServiceJourney:52efc068-8869-5645-b60f-cf6c2e6a10d8_a562f59b-917b-5300-9600-69f237030f00,False,planned,False,,,,,2026-09-07T08:42:24.659182+02:00
NSR:StopPlace:63079,Skeiane stasjon,2026-09-07T05:05:00+02:00,2026-09-07T05:05:00+02:00,,0.0,0,Stavanger,GOA:Line:59,Jærbanen,L5,rail,GOA:ServiceJourney:3103_63148-R,False,planned,False,,,,,2026-09-07T08:42:24.659182+02:00
NSR:StopPlace:63079,Skeiane stasjon,2026-09-07T08:56:00+02:00,2026-09-07T08:56:00+02:00,,0.0,0,Stavanger,GOA:Line:59,Jærbanen,L5,rail,GOA:ServiceJourney:3117_63162-R,False,planned,False,,,,,2026-09-07T08:42:24.659182+02:00
NSR:StopPlace:63079,Skeiane stasjon,2026-09-07T09:12:00+02:00,2026-09-07T09:12:00+02:00,,0.0,0,Egersund,GOA:Line:59,Jærbanen,L5,rail,GOA:ServiceJourney:3020_63052-R,False,planned,False,,,,,2026-09-07T08:42:24.659182+02:00
NSR:StopPlace:63079,Skeiane stasjon,2026-09-07T09:26:00+02:00,2026-09-07T09:26:00+02:00,,0.0,0,Stavanger,GOA:Line:59,Jærbanen,L5,rail,GOA:ServiceJourney:3119_63164-R,False,planned,False,,,,,2026-09-07T08:42:24.659182+02:00
NSR:StopPlace:63079,Skeiane stasjon,2026-09-07T09:42:00+02:00,2026-09-07T09:42:00+02:00,,0.0,0,Stavanger,GOA:Line:59,Jærbanen,L5,rail,GOA:ServiceJourney:3019_63051-R,False,planned,False,,,,,2026-09-07T08:42:24.659182+02:00
NSR:StopPlace:63079,Skeiane stasjon,2026-09-07T09:42:00+02:00,2026-09-07T09:42:00+02:00,,0.0,0,Nærbø,GOA:Line:59,Jærbanen,L5,rail,GOA:ServiceJourney:3022_63056-R,False,planned,False,,,,,2026-09-07T08:42:24.659182+02:00
NSR:StopPlace:63194,Mölndal station,2026-09-07T05:02:00+02:00,2026-09-07T05:02:00+02:00,,0.0,0,Østerport,SAM:Line:9011012080400000,Ø Göteborg-Halmstad-Helsingborg-Malmö-Købe,,rail,SAM:ServiceJourney:121120000389250838,False,planned,False,,,,,2026-09-07T08:42:24.659182+02:00
NSR:StopPlace:63194,Mölndal station,2026-09-07T05:32:00+02:00,2026-09-07T05:32:00+02:00,,0.0,0,Halmstad C,SAM:Line:9011012080800000,Ø Insatståg Göteborg - Halmstad,,rail,SAM:ServiceJourney:121120000389253789,False,planned,False,,,,,2026-09-07T08:42:24.659182+02:00
NSR:StopPlace:63194,Mölndal station,2026-09-07T05:57:00+02:00,2026-09-07T05:57:00+02:00,,0.0,0,Göteborg C,SAM:Line:9011012080800000,Ø Insatståg Göteborg - Halmstad,,rail,SAM:ServiceJourney:121120000389253984,False,planned,False,,,,,2026-09-07T08:42:24.659182+02:00
NSR:StopPlace:63194,Mölndal station,2026-09-07T06:02:00+02:00,2026-09-07T06:02:00+02:00,,0.0,0,Østerport,SAM:Line:9011012080400000,Ø Göteborg-Halmstad-Helsingborg-Malmö-Købe,,rail,SAM:ServiceJourney:121120000389250896,False,planned,False,,,,,2026-09-07T08:42:24.659182+02:00
NSR:StopPlace:63194,Mölndal station,2026-09-07T06:27:00+02:00,2026-09-07T06:27:00+02:00,,0.0,0,Göteborg C,SAM:Line:9011012080800000,Ø Insatståg Göteborg - Halmstad,,rail,SAM:ServiceJourney:121120000389253999,False,planned,False,,,,,2026-09-07T08:42:24.659182+02:00
NSR:StopPlace:63194,Mölndal station,2026-09-07T06:32:00+02:00,2026-09-07T06:32:00+02:00,,0.0,0,Halmstad C,SAM:Line:9011012080800000,Ø Insatståg Göteborg - Halmstad,,rail,SAM:ServiceJourney:121120000389253804,False,planned,False,,,,,2026-09-07T08:42:24.659182+02:00
NSR:StopPlace:63194,Mölndal station,2026-09-07T06:57:00+02:00,2026-09-07T06:57:00+02:00,,0.0,0,Göteborg C,SAM:Line:9011012080400000,Ø Göteborg-Halmstad-Helsingborg-Malmö-Købe,,rail,SAM:ServiceJourney:121120000389251731,False,planned,False,,,,,2026-09-07T08:42:24.659182+02:00
NSR:StopPlace:63194,Mölndal station,2026-09-07T07:02:00+02:00,2026-09-07T07:02:00+02:00,,0.0,0,Østerport,SAM:Line:9011012080400000,Ø Göteborg-Halmstad-Helsingborg-Malmö-Købe,,rail,SAM:ServiceJourney:121120000389250925,False,planned,False,,,,,2026-09-07T08:42:24.659182+02:00
NSR:StopPlace:63194,Mölndal station,2026-09-07T07:27:00+02:00,2026-09-07T07:27:00+02:00,,0.0,0,Göteborg C,SAM:Line:9011012080800000,Ø Insatståg Göteborg - Halmstad,,rail,SAM:ServiceJourney:121120000389254014,False,planned,False,,,,,2026-09-07T08:42:24.659182+02:00
NSR:StopPlace:63194,Mölndal station,2026-09-07T07:32:00+02:00,2026-09-07T07:32:00+02:00,,0.0,0,Halmstad C,SAM:Line:9011012080800000,Ø Insatståg Göteborg - Halmstad,,rail,SAM:ServiceJourney:121120000389253819,False,planned,False,,,,,2026-09-07T08:42:24.659182+02:00
NSR:StopPlace:63194,Mölndal station,2026-09-07T07:57:00+02:00,2026-09-07T07:57:00+02:00,,0.0,0,Göteborg C,SAM:Line:9011012080400000,Ø Göteborg-Halmstad-Helsingborg-Malmö-Købe,,rail,SAM:ServiceJourney:121120000389705345,False,planned,False,,,,,2026-09-07T08:42:24.659182+02:00
NSR:StopPlace:63194,Mölndal station,2026-09-07T08:02:00+02:00,2026-09-07T08:02:00+02:00,,0.0,0,Østerport,SAM:Line:9011012080400000,Ø Göteborg-Halmstad-Helsingborg-Malmö-Købe,,rail,SAM:ServiceJourney:121120000389250954,False,planned,False,,,,,2026-09-07T08:42:24.659182+02:00
NSR:StopPlace:63194,Mölndal station,2026-09-07T08:27:00+02:00,2026-09-07T08:27:00+02:00,,0.0,0,Göteborg C,SAM:Line:9011012080800000,Ø Insatståg Göteborg - Halmstad,,rail,SAM:ServiceJourney:121120000389254029,False,planned,False,,,,,2026-09-07T08:42:24.659182+02:00
NSR:StopPlace:63194,Mölndal station,2026-09-07T08:32:00+02:00,2026-09-07T08:32:00+02:00,,0.0,0,Halmstad C,SAM:Line:9011012080800000,Ø Insatståg Göteborg - Halmstad,,rail,SAM:ServiceJourney:121120000389253834,False,planned,False,,,,,2026-09-07T08:42:24.659182+02:00
NSR:StopPlace:63194,Mölndal station,2026-09-07T08:57:00+02:00,2026-09-07T08:57:00+02:00,,0.0,0,Göteborg C,SAM:Line:9011012080400000,Ø Göteborg-Halmstad-Helsingborg-Malmö-Købe,,rail,SAM:ServiceJourney:121120000389704467,False,planned,False,,,,,2026-09-07T08:42:24.659182+02:00
NSR:StopPlace:63194,Mölndal station,2026-09-07T09:02:00+02:00,2026-09-07T09:02:00+02:00,,0.0,0,Østerport,SAM:Line:9011012080400000,Ø Göteborg-Halmstad-Helsingborg-Malmö-Købe,,rail,SAM:ServiceJourney:121120000389250983,False,planned,False,,,,,2026-09-07T08:42:24.659182+02:00
NSR:StopPlace:63194,Mölndal station,2026-09-07T09:08:00+02:00,2026-09-07T09:08:00+02:00,,0.0,0,Oslo S,SNT:Line:15931205-7b69-51de-bac7-18d4acc5c6f5,Malmö C,IC,rail,SNT:ServiceJourney:52efc068-8869-5645-b60f-cf6c2e6a10d8_a562f59b-917b-5300-9600-69f237030f00,False,planned,False,,,,,2026-09-07T08:42:24.659182+02:00
NSR:StopPlace:63194,Mölndal station,2026-09-07T09:27:00+02:00,2026-09-07T09:27:00+02:00,,0.0,0,Göteborg C,SAM:Line:9011012080800000,Ø Insatståg Göteborg - Halmstad,,rail,SAM:ServiceJourney:121120000389254044,False,planned,False,,,,,2026-09-07T08:42:24.659182+02:00
NSR:StopPlace:63676,Sundsvall Centralstation,2026-09-07T05:26:00+02:00,2026-09-07T05:26:00+02:00,,0.0,0,Stockholm,SJV:Line:8ca80b34-505a-4d76-b047-58b01590d0e1,Luleå-Stockholm ,Luleå-Stockholm ,rail,SJV:ServiceJourney:a5d49afa-0d54-4c88-aed3-161717bb597d,False,planned,False,,,,,2026-09-07T08:42:24.659182+02:00
NSR:StopPlace:63689,Sunderby sjukhus station,2026-09-07T06:31:00+02:00,2026-09-07T06:31:00+02:00,,0.0,0,Luleå,SJV:Line:0ff9f2b9-fbe5-4761-8a29-8813be35efaa,Stockholm-Narvik (-Luleå),,rail,SJV:ServiceJourney:0eabfad4-c61e-4fc3-8a75-7ebd11c5a873,False,planned,False,,,,,2026-09-07T08:42:24.659182+02:00
NSR:StopPlace:63618,Älvsbyn station,2026-09-07T05:13:00+02:00,2026-09-07T05:13:00+02:00,,0.0,0,Luleå,SJV:Line:0ff9f2b9-fbe5-4761-8a29-8813be35efaa,Stockholm-Narvik (-Luleå),,rail,SJV:ServiceJourney:0eabfad4-c61e-4fc3-8a75-7ebd11c5a873,False,planned,False,,,,,2026-09-07T08:42:24.659182+02:00
NSR:StopPlace:63705,Enköping station,2026-09-07T06:35:00+02:00,2026-09-07T06:35:00+02:00,,0.0,0,Karlstad,VYB:Line:26,850 Oslo - Arlanda - Stockholm,850,coach,VYB:ServiceJourney:f9ad7ea0bccae750dc44221801057dcc8c3d3aa8,False,planned,False,Enköping,Enköping stasjon.Bussen stopper ved pendlerparkeringen på Østra Järnvägsgatan.,general,normal,2026-09-07T08:42:24.659182+02:00
NSR:StopPlace:63705,Enköping station,2026-09-07T09:30:00+02:00,2026-09-07T09:30:00+02:00,,0.0,0,Arlanda,VYB:Line:27,900 Oslo - Arlanda - Stockholm,900,coach,VYB:ServiceJourney:dbabcfbfc6de07a0aa8183c7de4a3d081906051d,False,planned,False,Annan busstyp på denna avgång | Enköping,"Vennligst merk at denne avgangen kjøres av en samarbeidspartner til Vy bus4you, og med en annen type buss enn den som vanligvis benyttes av Vy bus4you. | Enköping stasjon.Bussen stopper ved pendlerparkeringen på Østra Järnvägsgatan.",general | general,normal | normal,2026-09-07T08:42:24.659182+02:00
NSR:StopPlace:58211,Oslo lufthavn,2026-09-07T04:54:00+02:00,2026-09-07T04:54:00+02:00,,0.0,0,Kopperud,RUT:Line:420,Maura -  Jessheim,420,bus,RUT:ServiceJourney:aa5b3a8f383cbfaf0702d330ea0fe744,False,planned,False,,,,,2026-09-07T08:42:24.659182+02:00
NSR:StopPlace:58211,Oslo lufthavn,2026-09-07T04:55:00+02:00,2026-09-07T04:55:00+02:00,,0.0,0,Fredrikstad,VYX:Line:56,FB11 Fredrikstad-Oslo Lufthavn (OSL),FB11,bus,VYX:ServiceJourney:2275c43c8139427ec255d31e0f54d2805fb834e2,False,planned,False,Forhåndsbestilling FB11,Billett må kjøpes på nett eller app senest 15 minutter før påstigning for at bussen skal kjøre innom holdeplassen. Ruter-billett er ikke gyldig. ,general,normal,2026-09-07T08:42:24.659182+02:00
NSR:StopPlace:58211,Oslo lufthavn,2026-09-07T04:55:00+02:00,2026-09-07T04:55:00+02:00,,0.0,0,Oslo lufthavn,VYX:Line:51,S22 Shuttle Oslo lufthavn,S22,bus,VYX:ServiceJourney:62b860b2b096c4dd16ba62af20a041cd17a3416e,False,planned,False,,,,,2026-09-07T08:42:24.659182+02:00
NSR:StopPlace:58211,Oslo lufthavn,2026-09-07T05:00:00+02:00,2026-09-07T05:00:00+02:00,,0.0,0,Oslo lufthavn,VYX:Line:98,S44 Shuttle Oslo lufthavn,S44,bus,VYX:ServiceJourney:80811206fb606f8c35283cae8b6dd228882ae7e9,False,planned,False,,,,,2026-09-07T08:42:24.659182+02:00
NSR:StopPlace:58211,Oslo lufthavn,2026-09-07T05:05:00+02:00,2026-09-07T05:05:00+02:00,,0.0,0,Oslo lufthavn,VYX:Line:99,S55 Shuttle Oslo lufthavn,S55,bus,VYX:ServiceJourney:95ede5d955311983bd8a593327dc08c78039b59e,False,planned,False,,,,,2026-09-07T08:42:24.659182+02:00
NSR:StopPlace:58211,Oslo lufthavn,2026-09-07T05:19:00+02:00,2026-09-07T05:19:00+02:00,,0.0,0,Eidsvoll,VYG:Line:R12,Kongsberg-Oslo S-Eidsvoll,R12,rail,VYG:ServiceJourney:500_444292-R,False,planned,False,,,,,2026-09-07T08:42:24.659182+02:00
NSR:StopPlace:58211,Oslo lufthavn,2026-09-07T05:25:00+02:00,2026-09-07T05:25:00+02:00,,0.0,0,Oslo lufthavn,VYX:Line:51,S22 Shuttle Oslo lufthavn,S22,bus,VYX:ServiceJourney:d7ef1438ca9ce470e3947980aa3dd7fca83f6605,False,planned,False,,,,,2026-09-07T08:42:24.659182+02:00
NSR:StopPlace:58211,Oslo lufthavn,2026-09-07T05:30:00+02:00,2026-09-07T05:30:00+02:00,,0.0,0,Oslo lufthavn,VYX:Line:98,S44 Shuttle Oslo lufthavn,S44,bus,VYX:ServiceJourney:578d80b159c285c6234d1e3d91816bb0256d4b70,False,planned,False,,,,,2026-09-07T08:42:24.659182+02:00
NSR:StopPlace:58211,Oslo lufthavn,2026-09-07T05:35:00+02:00,2026-09-07T05:35:00+02:00,,0.0,0,Oslo lufthavn,VYX:Line:99,S55 Shuttle Oslo lufthavn,S55,bus,VYX:ServiceJourney:869e6a906cd1186b27e9bb231ca5370d87d287d5,False,planned,False,,,,,2026-09-07T08:42:24.659182+02:00
NSR:StopPlace:58211,Oslo lufthavn,2026-09-07T05:55:00+02:00,2026-09-07T05:55:00+02:00,,0.0,0,Fredrikstad,VYX:Line:56,FB11 Fredrikstad-Oslo Lufthavn (OSL),FB11,bus,VYX:ServiceJourney:152452299e7cc1b9df8d193ebe1a628d0aacdf09,False,planned,False,Forhåndsbestilling FB11,Billett må kjøpes på nett eller app senest 15 minutter før påstigning for at bussen skal kjøre innom holdeplassen. Ruter-billett er ikke gyldig. ,general,normal,2026-09-07T08:42:24.659182+02:00
NSR:StopPlace:58211,Oslo lufthavn,2026-09-07T05:55:00+02:00,2026-09-07T05:55:00+02:00,,0.0,0,Oslo lufthavn,VYX:Line:51,S22 Shuttle Oslo lufthavn,S22,bus,VYX:ServiceJourney:d65bcde72eed562f34722c3562e8c4fcfe269d03,False,planned,False,,,,,2026-09-07T08:42:24.659182+02:00
NSR:StopPlace:58211,Oslo lufthavn,2026-09-07T06:00:00+02:00,2026-09-07T06:00:00+02:00,,0.0,0,Oslo lufthavn,VYX:Line:98,S44 Shuttle Oslo lufthavn,S44,bus,VYX:ServiceJourney:bdd5ae3c670a6ba01b6e7ae2c816bf312f64acd4,False,planned,False,,,,,2026-09-07T08:42:24.659182+02:00
NSR:StopPlace:58211,Oslo lufthavn,2026-09-07T06:05:00+02:00,2026-09-07T06:05:00+02:00,,0.0,0,Oslo lufthavn,VYX:Line:99,S55 Shuttle Oslo lufthavn,S55,bus,VYX:ServiceJourney:755174294b8f35d7a971d3995b44b6d0c1c6df72,False,planned,False,,,,,2026-09-07T08:42:24.659182+02:00
NSR:StopPlace:58211,Oslo lufthavn,2026-09-07T06:25:00+02:00,2026-09-07T06:25:00+02:00,,0.0,0,Oslo lufthavn,VYX:Line:51,S22 Shuttle Oslo lufthavn,S22,bus,VYX:ServiceJourney:70c6e2b61da883f0e129780bc426e4c2b7ebddbb,False,planned,False,,,,,2026-09-07T08:42:24.659182+02:00
NSR:StopPlace:58211,Oslo lufthavn,2026-09-07T06:30:00+02:00,2026-09-07T06:30:00+02:00,,0.0,0,Oslo lufthavn,VYX:Line:98,S44 Shuttle Oslo lufthavn,S44,bus,VYX:ServiceJourney:06a673ac09a8b4566b4bb89907341c872ca15b69,False,planned,False,,,,,2026-09-07T08:42:24.659182+02:00
NSR:StopPlace:58211,Oslo lufthavn,2026-09-07T06:35:00+02:00,2026-09-07T06:35:00+02:00,,0.0,0,Oslo lufthavn,VYX:Line:99,S55 Shuttle Oslo lufthavn,S55,bus,VYX:ServiceJourney:f5c8b36bdc3b73971abf95e2841058fa0d63f736,False,planned,False,,,,,2026-09-07T08:42:24.659182+02:00
NSR:StopPlace:184,Hallsberg station,2026-09-07T07:23:00+02:00,2026-09-07T07:23:00+02:00,,0.0,0,Karlstad-Oslo,SJV:Line:cfac9102-49ef-476c-8663-a6d468ee4f36,Stockholm-Hallsberg-Karlstad-Oslo,70,rail,SJV:ServiceJourney:6a1cad30-589d-4caf-b7c2-bb5a062db05d,False,planned,False,,,,,2026-09-07T08:42:24.659182+02:00
NSR:StopPlace:184,Hallsberg station,2026-09-07T09:11:00+02:00,2026-09-07T09:11:00+02:00,,0.0,0,Karlstad-Oslo,SJV:Line:cfac9102-49ef-476c-8663-a6d468ee4f36,Stockholm-Hallsberg-Karlstad-Oslo,70,rail,SJV:ServiceJourney:e794c8ce-6e4a-4fd2-b148-3ae868a8aed9,False,planned,False,,,,,2026-09-07T08:42:24.659182+02:00
NSR:StopPlace:184,Hallsberg station,2026-09-07T09:41:00+02:00,2026-09-07T09:41:00+02:00,,0.0,0,Stockholm,SJV:Line:cfac9102-49ef-476c-8663-a6d468ee4f36,Stockholm-Hallsberg-Karlstad-Oslo,70,rail,SJV:ServiceJourney:e1cedc0d-fe1c-48d3-9c5f-e380d1547f8a,False,planned,False,,,,,2026-09-07T08:42:24.659182+02:00
NSR:StopPlace:144,Skansen stasjon,2026-09-07T09:11:00+02:00,2026-09-07T09:11:00+02:00,,0.0,0,Steinkjer,SJN:Line:26,Trønderbanen,R70,rail,SJN:ServiceJourney:429-SOeB_56058-R,False,planned,False,,,,,2026-09-07T08:42:24.659182+02:00
NSR:StopPlace:144,Skansen stasjon,2026-09-07T09:37:00+02:00,2026-09-07T09:37:00+02:00,,0.0,0,Hamar,SJN:Line:25,Rørosbanen,R60,rail,SJN:ServiceJourney:2386_47976-R,False,planned,False,,,,,2026-09-07T08:42:24.659182+02:00
NSR:StopPlace:393,Leangen stasjon,2026-09-07T09:23:00+02:00,2026-09-07T09:23:00+02:00,,0.0,0,Steinkjer,SJN:Line:26,Trønderbanen,R70,rail,SJN:ServiceJourney:429-SOeB_56058-R,False,planned,False,,,,,2026-09-07T08:42:24.659182+02:00
NSR:StopPlace:362,Jåttåvågen stasjon,2026-09-07T05:12:00+02:00,2026-09-07T05:12:00+02:00,,0.0,0,Skeiane,GOA:Line:59,Jærbanen,L5,rail,GOA:ServiceJourney:3102_63147-R,False,planned,False,,,,,2026-09-07T08:42:24.659182+02:00
NSR:StopPlace:362,Jåttåvågen stasjon,2026-09-07T05:15:00+02:00,2026-09-07T05:15:00+02:00,,0.0,0,Stavanger,GOA:Line:59,Jærbanen,L5,rail,GOA:ServiceJourney:3103_63148-R,False,planned,False,,,,,2026-09-07T08:42:24.659182+02:00
NSR:StopPlace:362,Jåttåvågen stasjon,2026-09-07T05:40:00+02:00,2026-09-07T05:40:00+02:00,,0.0,0,Skeiane,GOA:Line:59,Jærbanen,L5,rail,GOA:ServiceJourney:3104_63149-R,False,planned,False,,,,,2026-09-07T08:42:24.659182+02:00
NSR:StopPlace:362,Jåttåvågen stasjon,2026-09-07T09:02:00+02:00,2026-09-07T09:02:00+02:00,,0.0,0,Egersund,GOA:Line:59,Jærbanen,L5,rail,GOA:ServiceJourney:3020_63052-R,False,planned,False,,,,,2026-09-07T08:42:24.659182+02:00
NSR:StopPlace:362,Jåttåvågen stasjon,2026-09-07T09:06:00+02:00,2026-09-07T09:06:00+02:00,,0.0,0,Stavanger,GOA:Line:59,Jærbanen,L5,rail,GOA:ServiceJourney:3117_63162-R,False,planned,False,,,,,2026-09-07T08:42:24.659182+02:00
NSR:StopPlace:362,Jåttåvågen stasjon,2026-09-07T09:17:00+02:00,2026-09-07T09:17:00+02:00,,0.0,0,Skeiane,GOA:Line:59,Jærbanen,L5,rail,GOA:ServiceJourney:3118_63163-R,False,planned,False,,,,,2026-09-07T08:42:24.659182+02:00
NSR:StopPlace:362,Jåttåvågen stasjon,2026-09-07T09:32:00+02:00,2026-09-07T09:32:00+02:00,,0.0,0,Nærbø,GOA:Line:59,Jærbanen,L5,rail,GOA:ServiceJourney:3022_63056-R,False,planned,False,,,,,2026-09-07T08:42:24.659182+02:00
NSR:StopPlace:362,Jåttåvågen stasjon,2026-09-07T09:36:00+02:00,2026-09-07T09:36:00+02:00,,0.0,0,Stavanger,GOA:Line:59,Jærbanen,L5,rail,GOA:ServiceJourney:3119_63164-R,False,planned,False,,,,,2026-09-07T08:42:24.659182+02:00
NSR:StopPlace:369,Kvål stasjon,2026-09-07T09:36:00+02:00,2026-09-07T09:36:00+02:00,,0.0,0,Steinkjer,SJN:Line:26,Trønderbanen,R70,rail,SJN:ServiceJourney:431_56060-R,False,planned,False,,,,,2026-09-07T08:42:24.659182+02:00
NSR:StopPlace:374,Göteborg Centralstation,2026-09-07T04:55:00+02:00,2026-09-07T04:55:00+02:00,,0.0,0,Østerport,SAM:Line:9011012080400000,Ø Göteborg-Halmstad-Helsingborg-Malmö-Købe,,rail,SAM:ServiceJourney:121120000389250838,False,planned,False,,,,,2026-09-07T08:42:24.659182+02:00
NSR:StopPlace:374,Göteborg Centralstation,2026-09-07T05:25:00+02:00,2026-09-07T05:25:00+02:00,,0.0,0,Halmstad C,SAM:Line:9011012080800000,Ø Insatståg Göteborg - Halmstad,,rail,SAM:ServiceJourney:121120000389253789,False,planned,False,,,,,2026-09-07T08:42:24.659182+02:00
NSR:StopPlace:374,Göteborg Centralstation,2026-09-07T05:55:00+02:00,2026-09-07T05:55:00+02:00,,0.0,0,Østerport,SAM:Line:9011012080400000,Ø Göteborg-Halmstad-Helsingborg-Malmö-Købe,,rail,SAM:ServiceJourney:121120000389250896,False,planned,False,,,,,2026-09-07T08:42:24.659182+02:00
NSR:StopPlace:374,Göteborg Centralstation,2026-09-07T06:25:00+02:00,2026-09-07T06:25:00+02:00,,0.0,0,Halmstad C,SAM:Line:9011012080800000,Ø Insatståg Göteborg - Halmstad,,rail,SAM:ServiceJourney:121120000389253804,False,planned,False,,,,,2026-09-07T08:42:24.659182+02:00
NSR:StopPlace:374,Göteborg Centralstation,2026-09-07T06:55:00+02:00,2026-09-07T06:55:00+02:00,,0.0,0,Østerport,SAM:Line:9011012080400000,Ø Göteborg-Halmstad-Helsingborg-Malmö-Købe,,rail,SAM:ServiceJourney:121120000389250925,False,planned,False,,,,,2026-09-07T08:42:24.659182+02:00
NSR:StopPlace:374,Göteborg Centralstation,2026-09-07T07:25:00+02:00,2026-09-07T07:25:00+02:00,,0.0,0,Halmstad C,SAM:Line:9011012080800000,Ø Insatståg Göteborg - Halmstad,,rail,SAM:ServiceJourney:121120000389253819,False,planned,False,,,,,2026-09-07T08:42:24.659182+02:00
NSR:StopPlace:374,Göteborg Centralstation,2026-09-07T07:55:00+02:00,2026-09-07T07:55:00+02:00,,0.0,0,Østerport,SAM:Line:9011012080400000,Ø Göteborg-Halmstad-Helsingborg-Malmö-Købe,,rail,SAM:ServiceJourney:121120000389250954,False,planned,False,,,,,2026-09-07T08:42:24.659182+02:00
NSR:StopPlace:374,Göteborg Centralstation,2026-09-07T08:25:00+02:00,2026-09-07T08:25:00+02:00,,0.0,0,Halmstad C,SAM:Line:9011012080800000,Ø Insatståg Göteborg - Halmstad,,rail,SAM:ServiceJourney:121120000389253834,False,planned,False,,,,,2026-09-07T08:42:24.659182+02:00
NSR:StopPlace:374,Göteborg Centralstation,2026-09-07T08:55:00+02:00,2026-09-07T08:55:00+02:00,,0.0,0,Østerport,SAM:Line:9011012080400000,Ø Göteborg-Halmstad-Helsingborg-Malmö-Købe,,rail,SAM:ServiceJourney:121120000389250983,False,planned,False,,,,,2026-09-07T08:42:24.659182+02:00
NSR:StopPlace:271,Lademoen stasjon,2026-09-07T09:18:00+02:00,2026-09-07T09:18:00+02:00,,0.0,0,Steinkjer,SJN:Line:26,Trønderbanen,R70,rail,SJN:ServiceJourney:429-SOeB_56058-R,False,planned,False,,,,,2026-09-07T08:42:24.659182+02:00
NSR:StopPlace:206,Mariero stasjon,2026-09-07T05:09:00+02:00,2026-09-07T05:09:00+02:00,,0.0,0,Skeiane,GOA:Line:59,Jærbanen,L5,rail,GOA:ServiceJourney:3102_63147-R,False,planned,False,,,,,2026-09-07T08:42:24.659182+02:00
NSR:StopPlace:206,Mariero stasjon,2026-09-07T05:18:00+02:00,2026-09-07T05:18:00+02:00,,0.0,0,Stavanger,GOA:Line:59,Jærbanen,L5,rail,GOA:ServiceJourney:3103_63148-R,False,planned,False,,,,,2026-09-07T08:42:24.659182+02:00
NSR:StopPlace:206,Mariero stasjon,2026-09-07T08:59:00+02:00,2026-09-07T08:59:00+02:00,,0.0,0,Egersund,GOA:Line:59,Jærbanen,L5,rail,GOA:ServiceJourney:3020_63052-R,False,planned,False,,,,,2026-09-07T08:42:24.659182+02:00
NSR:StopPlace:206,Mariero stasjon,2026-09-07T09:09:00+02:00,2026-09-07T09:09:00+02:00,,0.0,0,Stavanger,GOA:Line:59,Jærbanen,L5,rail,GOA:ServiceJourney:3117_63162-R,False,planned,False,,,,,2026-09-07T08:42:24.659182+02:00
NSR:StopPlace:206,Mariero stasjon,2026-09-07T09:14:00+02:00,2026-09-07T09:14:00+02:00,,0.0,0,Skeiane,GOA:Line:59,Jærbanen,L5,rail,GOA:ServiceJourney:3118_63163-R,False,planned,False,,,,,2026-09-07T08:42:24.659182+02:00
NSR:StopPlace:206,Mariero stasjon,2026-09-07T09:29:00+02:00,2026-09-07T09:29:00+02:00,,0.0,0,Nærbø,GOA:Line:59,Jærbanen,L5,rail,GOA:ServiceJourney:3022_63056-R,False,planned,False,,,,,2026-09-07T08:42:24.659182+02:00
NSR:StopPlace:206,Mariero stasjon,2026-09-07T09:39:00+02:00,2026-09-07T09:39:00+02:00,,0.0,0,Stavanger,GOA:Line:59,Jærbanen,L5,rail,GOA:ServiceJourney:3119_63164-R,False,planned,False,,,,,2026-09-07T08:42:24.659182+02:00
NSR:StopPlace:261,Ganddal stasjon,2026-09-07T09:15:00+02:00,2026-09-07T09:15:00+02:00,,0.0,0,Egersund,GOA:Line:59,Jærbanen,L5,rail,GOA:ServiceJourney:3020_63052-R,False,planned,False,,,,,2026-09-07T08:42:24.659182+02:00
NSR:StopPlace:261,Ganddal stasjon,2026-09-07T09:39:00+02:00,2026-09-07T09:39:00+02:00,,0.0,0,Stavanger,GOA:Line:59,Jærbanen,L5,rail,GOA:ServiceJourney:3019_63051-R,False,planned,False,,,,,2026-09-07T08:42:24.659182+02:00
NSR:StopPlace:400,Ler stasjon,2026-09-07T09:31:00+02:00,2026-09-07T09:31:00+02:00,,0.0,0,Steinkjer,SJN:Line:26,Trønderbanen,R70,rail,SJN:ServiceJourney:431_56060-R,False,planned,False,,,,,2026-09-07T08:42:24.659182+02:00
NSR:StopPlace:416,Vikhammer stasjon,2026-09-07T09:34:00+02:00,2026-09-07T09:34:00+02:00,,0.0,0,Steinkjer,SJN:Line:26,Trønderbanen,R70,rail,SJN:ServiceJourney:429-SOeB_56058-R,False,planned,False,,,,,2026-09-07T08:42:24.659182+02:00
NSR:StopPlace:702,Sandnes sentrum stasjon,2026-09-07T04:46:00+02:00,2026-09-07T04:46:00+02:00,,0.0,0,Skeiane,GOA:Line:59,Jærbanen,L5,rail,GOA:ServiceJourney:3100_63495-R,False,planned,False,,,,,2026-09-07T08:42:24.659182+02:00
NSR:StopPlace:702,Sandnes sentrum stasjon,2026-09-07T05:07:00+02:00,2026-09-07T05:07:00+02:00,,0.0,0,Stavanger,GOA:Line:59,Jærbanen,L5,rail,GOA:ServiceJourney:3103_63148-R,False,planned,False,,,,,2026-09-07T08:42:24.659182+02:00
NSR:StopPlace:702,Sandnes sentrum stasjon,2026-09-07T05:20:00+02:00,2026-09-07T05:20:00+02:00,,0.0,0,Skeiane,GOA:Line:59,Jærbanen,L5,rail,GOA:ServiceJourney:3102_63147-R,False,planned,False,,,,,2026-09-07T08:42:24.659182+02:00
NSR:StopPlace:702,Sandnes sentrum stasjon,2026-09-07T08:58:00+02:00,2026-09-07T08:58:00+02:00,,0.0,0,Stavanger,GOA:Line:59,Jærbanen,L5,rail,GOA:ServiceJourney:3117_63162-R,False,planned,False,,,,,2026-09-07T08:42:24.659182+02:00
NSR:StopPlace:702,Sandnes sentrum stasjon,2026-09-07T09:10:00+02:00,2026-09-07T09:10:00+02:00,,0.0,0,Egersund,GOA:Line:59,Jærbanen,L5,rail,GOA:ServiceJourney:3020_63052-R,False,planned,False,,,,,2026-09-07T08:42:24.659182+02:00
NSR:StopPlace:702,Sandnes sentrum stasjon,2026-09-07T09:25:00+02:00,2026-09-07T09:25:00+02:00,,0.0,0,Skeiane,GOA:Line:59,Jærbanen,L5,rail,GOA:ServiceJourney:3118_63163-R,False,planned,False,,,,,2026-09-07T08:42:24.659182+02:00
NSR:StopPlace:702,Sandnes sentrum stasjon,2026-09-07T09:28:00+02:00,2026-09-07T09:28:00+02:00,,0.0,0,Stavanger,GOA:Line:59,Jærbanen,L5,rail,GOA:ServiceJourney:3119_63164-R,False,planned,False,,,,,2026-09-07T08:42:24.659182+02:00
NSR:StopPlace:702,Sandnes sentrum stasjon,2026-09-07T09:40:00+02:00,2026-09-07T09:40:00+02:00,,0.0,0,Nærbø,GOA:Line:59,Jærbanen,L5,rail,GOA:ServiceJourney:3022_63056-R,False,planned,False,,,,,2026-09-07T08:42:24.659182+02:00
NSR:StopPlace:610,Sandvika stasjon,2026-09-07T05:00:00+02:00,2026-09-07T05:00:00+02:00,,0.0,0,Oslo Lufthavn,FLT:Line:FLY1,FLY1,FLY1,rail,FLT:ServiceJourney:1-2614-3705-20260907,False,planned,False,,,,,2026-09-07T08:42:24.659182+02:00
NSR:StopPlace:62309,Ljan stasjon,2026-09-07T05:05:00+02:00,2026-09-07T05:05:00+02:00,,0.0,0,Stabekk,VYG:Line:L2,Stabekk-Oslo S-Ski,L2,rail,VYG:ServiceJourney:2704-SKI_443910-R,False,planned,False,,,,,2026-09-07T08:42:24.659182+02:00
NSR:StopPlace:62311,Vigrestad stasjon,2026-09-07T09:42:00+02:00,2026-09-07T09:42:00+02:00,,0.0,0,Stavanger,GOA:Line:59,Jærbanen,L5,rail,GOA:ServiceJourney:3021_63054-R,False,planned,False,,,,,2026-09-07T08:42:24.659182+02:00
NSR:StopPlace:62310,Brusand stasjon,2026-09-07T09:36:00+02:00,2026-09-07T09:36:00+02:00,,0.0,0,Stavanger,GOA:Line:59,Jærbanen,L5,rail,GOA:ServiceJourney:3021_63054-R,False,planned,False,,,,,2026-09-07T08:42:24.659182+02:00
NSR:StopPlace:62339,Lillestrøm stasjon,2026-09-07T04:50:00+02:00,2026-09-07T04:50:00+02:00,,0.0,0,Oslo Lufthavn,FLT:Line:FLY1,FLY1,FLY1,rail,FLT:ServiceJourney:1-2614-3701-20260907,False,planned,False,Heis i spor 1 og 2 er ute av bruk på grunn av vedlikehold.,Heis i spor 1 og 2 er ute av bruk på grunn av vedlikehold.,general,normal,2026-09-07T08:42:24.659182+02:00
NSR:StopPlace:62339,Lillestrøm stasjon,2026-09-07T05:05:00+02:00,2026-09-07T05:05:00+02:00,,0.0,0,Eidsvoll,VYG:Line:R12,Kongsberg-Oslo S-Eidsvoll,R12,rail,VYG:ServiceJourney:500_444292-R,False,planned,False,Heis i spor 1 og 2 er ute av bruk på grunn av vedlikehold.,Heis i spor 1 og 2 er ute av bruk på grunn av vedlikehold.,general,normal,2026-09-07T08:42:24.659182+02:00
NSR:StopPlace:62339,Lillestrøm stasjon,2026-09-07T05:10:00+02:00,2026-09-07T05:10:00+02:00,,0.0,0,Oslo Lufthavn,FLT:Line:FLY1,FLY1,FLY1,rail,FLT:ServiceJourney:1-2614-3703-20260907,False,planned,False,Heis i spor 1 og 2 er ute av bruk på grunn av vedlikehold.,Heis i spor 1 og 2 er ute av bruk på grunn av vedlikehold.,general,normal,2026-09-07T08:42:24.659182+02:00
NSR:StopPlace:62339,Lillestrøm stasjon,2026-09-07T05:30:00+02:00,2026-09-07T05:30:00+02:00,,0.0,0,Oslo Lufthavn,FLT:Line:FLY1,FLY1,FLY1,rail,FLT:ServiceJourney:1-2614-3705-20260907,False,planned,False,Heis i spor 1 og 2 er ute av bruk på grunn av vedlikehold.,Heis i spor 1 og 2 er ute av bruk på grunn av vedlikehold.,general,normal,2026-09-07T08:42:24.659182+02:00
NSR:StopPlace:62336,Knapstad stasjon,2026-09-07T05:07:00+02:00,2026-09-07T05:07:00+02:00,,0.0,0,Oslo S,VYG:Line:R22,Skøyen-Oslo S-Mysen-Rakkestad,R22,rail,VYG:ServiceJourney:1904_443438-R,False,planned,False,,,,,2026-09-07T08:42:24.659182+02:00
NSR:StopPlace:62353,Breland stasjon,2026-09-07T07:23:00+02:00,2026-09-07T07:23:00+02:00,,0.0,0,Kristiansand,GOA:Line:50,Sørtoget region,F5,rail,GOA:ServiceJourney:704-STV_79263-R,False,planned,False,,,,,2026-09-07T08:42:24.659182+02:00
NSR:StopPlace:62352,Stoa stasjon,2026-09-07T06:17:00+02:00,2026-09-07T06:17:00+02:00,,0.0,0,Nelaug,GOA:Line:53,Sørtoget lokal,R50,rail,GOA:ServiceJourney:2062_63015-R,False,planned,False,,,,,2026-09-07T08:42:24.659182+02:00
NSR:StopPlace:62352,Stoa stasjon,2026-09-07T09:31:00+02:00,2026-09-07T09:31:00+02:00,,0.0,0,Arendal,GOA:Line:53,Sørtoget lokal,R50,rail,GOA:ServiceJourney:2065_63018-R,False,planned,False,,,,,2026-09-07T08:42:24.659182+02:00
NSR:StopPlace:62351,Bråstad stasjon,2026-09-07T06:18:00+02:00,2026-09-07T06:18:00+02:00,,0.0,0,Nelaug,GOA:Line:53,Sørtoget lokal,R50,rail,GOA:ServiceJourney:2062_63015-R,False,planned,False,,,,,2026-09-07T08:42:24.659182+02:00
NSR:StopPlace:62351,Bråstad stasjon,2026-09-07T09:30:00+02:00,2026-09-07T09:30:00+02:00,,0.0,0,Arendal,GOA:Line:53,Sørtoget lokal,R50,rail,GOA:ServiceJourney:2065_63018-R,False,planned,False,,,,,2026-09-07T08:42:24.659182+02:00
NSR:StopPlace:62355,Froland stasjon,2026-09-07T06:30:00+02:00,2026-09-07T06:30:00+02:00,,0.0,0,Nelaug,GOA:Line:53,Sørtoget lokal,R50,rail,GOA:ServiceJourney:2062_63015-R,False,planned,False,,,,,2026-09-07T08:42:24.659182+02:00
NSR:StopPlace:62355,Froland stasjon,2026-09-07T09:17:00+02:00,2026-09-07T09:17:00+02:00,,0.0,0,Arendal,GOA:Line:53,Sørtoget lokal,R50,rail,GOA:ServiceJourney:2065_63018-R,False,planned,False,,,,,2026-09-07T08:42:24.659182+02:00
NSR:StopPlace:62354,Bøylestad stasjon,2026-09-07T06:36:00+02:00,2026-09-07T06:36:00+02:00,,0.0,0,Nelaug,GOA:Line:53,Sørtoget lokal,R50,rail,GOA:ServiceJourney:2062_63015-R,False,planned,False,,,,,2026-09-07T08:42:24.659182+02:00
NSR:StopPlace:62354,Bøylestad stasjon,2026-09-07T09:11:00+02:00,2026-09-07T09:11:00+02:00,,0.0,0,Arendal,GOA:Line:53,Sørtoget lokal,R50,rail,GOA:ServiceJourney:2065_63018-R,False,planned,False,,,,,2026-09-07T08:42:24.659182+02:00
NSR:StopPlace:62369,Lilleby stasjon,2026-09-07T09:20:00+02:00,2026-09-07T09:20:00+02:00,,0.0,0,Steinkjer,SJN:Line:26,Trønderbanen,R70,rail,SJN:ServiceJourney:429-SOeB_56058-R,False,planned,False,,,,,2026-09-07T08:42:24.659182+02:00
NSR:StopPlace:62373,Berkåk stasjon,2026-09-07T05:11:00+02:00,2026-09-07T05:11:00+02:00,,0.0,0,Trondheim S,SJN:Line:21,Dovrebanen,F6,rail,SJN:ServiceJourney:405-LOD_30131-R,False,planned,False,,,,,2026-09-07T08:42:24.659182+02:00
NSR:StopPlace:62371,Sparbu stasjon,2026-09-07T09:42:00+02:00,2026-09-07T09:42:00+02:00,,0.0,0,Ler,SJN:Line:26,Trønderbanen,R70,rail,SJN:ServiceJourney:430_56059-R,False,planned,False,,,,,2026-09-07T08:42:24.659182+02:00
NSR:StopPlace:61979,Hellvik stasjon,2026-09-07T09:22:00+02:00,2026-09-07T09:22:00+02:00,,0.0,0,Stavanger,GOA:Line:59,Jærbanen,L5,rail,GOA:ServiceJourney:3021_63054-R,False,planned,False,,,,,2026-09-07T08:42:24.659182+02:00
NSR:StopPlace:61291,Stavanger stasjon,2026-09-07T04:20:00+02:00,2026-09-07T04:20:00+02:00,,0.0,0,Kristiansand,GOA:Line:50,Sørtoget region,F5,rail,GOA:ServiceJourney:704-STV_79263-R,False,planned,False,,,,,2026-09-07T03:30:22.110925+02:00
NSR:StopPlace:61291,Stavanger stasjon,2026-09-07T04:30:00+02:00,2026-09-07T04:30:00+02:00,,0.0,0,Skeiane,GOA:Line:59,Jærbanen,L5,rail,GOA:ServiceJourney:3100_63495-R,False,planned,False,,,,,2026-09-07T03:30:22.110925+02:00
NSR:StopPlace:61608,Kristiansand stasjon,2026-09-07T04:20:00+02:00,2026-09-07T04:20:00+02:00,,0.0,0,Gjerstad,GOA:Line:50,Sørtoget region,F5,rail,GOA:ServiceJourney:B702-BK_72894-R,False,planned,False,Sørtoget: Bane NOR utfører vedlikeholdsarbeid.,"Bane NOR utfører vedlikeholdsarbeid. Strekningen vil derfor være stengt i denne perioden og vi setter opp buss for tog mellom Kristiansand og Gjerstad for Sørtoget. NB: For reisende til/fra Nelaug og Vegårshei må taxi bestilles senest 48 timer før, på enkelte avganger. Send oss en e-post med informasjon om hvilken avgang du skal reise med til taxi@gan.no, eller kontakt oss på tlf. 61 25 80 00. Se reiseplanleggeren for oppdatert informasjon.",incident,noImpact,2026-09-07T03:30:22.110925+02:00
NSR:StopPlace:59872,Oslo S,2026-09-07T04:19:00+02:00,2026-09-07T04:19:00+02:00,,0.0,0,Gjerstad,GOA:Line:50,Sørtoget region,F5,rail,GOA:ServiceJourney:705-LOD_63220-R,False,planned,False,,,,,2026-09-07T03:30:22.110925+02:00
NSR:StopPlace:59648,Kjelsås stasjon,2026-09-07T03:48:00+02:00,2026-09-07T03:48:00+02:00,,0.0,0,Majorstuen,RUT:Line:3911,Majorstuen - Kjelsås,11N,bus,RUT:ServiceJourney:eea55c56cf87cc9bd6d11e51fe0ca5f4,False,planned,False,,,,,2026-09-07T03:30:22.110925+02:00
NSR:StopPlace:59648,Kjelsås stasjon,2026-09-07T04:10:00+02:00,2026-09-07T04:10:00+02:00,,0.0,0,Jernbanetorget,RUT:Line:54,Kværnerbyen - Kjelsås stasjon,54,bus,RUT:ServiceJourney:e967a37c5f5765df848aedaf2a19a50e,False,planned,False,,,,,2026-09-07T03:30:22.110925+02:00
NSR:StopPlace:59648,Kjelsås stasjon,2026-09-07T04:18:00+02:00,2026-09-07T04:18:00+02:00,,0.0,0,Majorstuen,RUT:Line:3911,Majorstuen - Kjelsås,11N,bus,RUT:ServiceJourney:89856b174c6c9ebeaac04c65790310bb,False,planned,False,,,,,2026-09-07T03:30:22.110925+02:00
NSR:StopPlace:59650,Nyland stasjon,2026-09-07T03:53:00+02:00,2026-09-07T03:53:00+02:00,,0.0,0,Jernbanetorget,RUT:Line:3905,Jernbanetorget - Vestli T,5N,bus,RUT:ServiceJourney:f81a8f9b17281815c0b6ff87511018a8,False,planned,False,,,,,2026-09-07T03:30:22.110925+02:00
NSR:StopPlace:59650,Nyland stasjon,2026-09-07T04:23:00+02:00,2026-09-07T04:23:00+02:00,,0.0,0,Jernbanetorget,RUT:Line:3905,Jernbanetorget - Vestli T,5N,bus,RUT:ServiceJourney:4aaffbf1dcca94d4678ae9e68581bbd0,False,planned,False,,,,,2026-09-07T03:30:22.110925+02:00
NSR:StopPlace:59651,Skøyen stasjon,2026-09-07T04:11:00+02:00,2026-09-07T04:11:00+02:00,,0.0,0,Grorud T,RUT:Line:31,Snarøya - Fornebu - Tonsenhagen - Grorud,31,bus,RUT:ServiceJourney:251890f7e7888a8d1e3a0bc8bd737338,False,planned,False,,,,,2026-09-07T03:30:22.110925+02:00
NSR:StopPlace:59651,Skøyen stasjon,2026-09-07T04:17:00+02:00,2026-09-07T04:17:00+02:00,,0.0,0,Helsfyr T,RUT:Line:20,Skøyen - Galgeberg,20,bus,RUT:ServiceJourney:c62cb2e5e2697f0e8e8b6f7abf5c9e53,False,planned,False,,,,,2026-09-07T03:30:22.110925+02:00
NSR:StopPlace:59651,Skøyen stasjon,2026-09-07T04:25:00+02:00,2026-09-07T04:25:00+02:00,,0.0,0,Gjerstad,GOA:Line:50,Sørtoget region,F5,rail,GOA:ServiceJourney:705-LOD_63220-R,False,planned,False,,,,,2026-09-07T03:30:22.110925+02:00
NSR:StopPlace:59181,Kristinehamn station,2026-09-07T02:15:00+02:00,2026-09-07T02:15:00+02:00,,0.0,0,Karlstad,VYB:Line:26,850 Oslo - Arlanda - Stockholm,850,coach,VYB:ServiceJourney:7cef6f9d06b3084c5cd648a392b78e79f86a9bc4,False,planned,False,,,,,2026-09-07T03:30:22.110925+02:00
NSR:StopPlace:59181,Kristinehamn station,2026-09-07T02:35:00+02:00,2026-09-07T02:35:00+02:00,,0.0,0,Stockholm,VYB:Line:26,850 Oslo - Arlanda - Stockholm,850,coach,VYB:ServiceJourney:2094b187d5f04d2a2316b7c733683e92913cefea,False,planned,False,,,,,2026-09-07T03:30:22.110925+02:00
NSR:StopPlace:59182,Örebro Centralstation,2026-09-07T02:35:00+02:00,2026-09-07T02:35:00+02:00,,0.0,0,Oslo,VYB:Line:26,850 Oslo - Arlanda - Stockholm,850,coach,VYB:ServiceJourney:c32e8d6d9861cdf288157bff4567a1b4d09c817a,False,planned,False,Örebro läge X,,general,normal,2026-09-07T03:30:22.110925+02:00
NSR:StopPlace:59182,Örebro Centralstation,2026-09-07T02:50:00+02:00,2026-09-07T02:50:00+02:00,,0.0,0,Arlanda,VYB:Line:26,850 Oslo - Arlanda - Stockholm,850,coach,VYB:ServiceJourney:10b2e4758894544f8ace957a0d24c160fccd39fb,False,planned,False,Örebro läge X,,general,normal,2026-09-07T03:30:22.110925+02:00
NSR:StopPlace:59182,Örebro Centralstation,2026-09-07T03:10:00+02:00,2026-09-07T03:10:00+02:00,,0.0,0,Karlstad,VYB:Line:26,850 Oslo - Arlanda - Stockholm,850,coach,VYB:ServiceJourney:8470c5d763172480e86b1b6f8357e883e035865b,False,planned,False,Örebro läge X,,general,normal,2026-09-07T03:30:22.110925+02:00
NSR:StopPlace:59182,Örebro Centralstation,2026-09-07T03:45:00+02:00,2026-09-07T03:45:00+02:00,,0.0,0,Stockholm,VYB:Line:26,850 Oslo - Arlanda - Stockholm,850,coach,VYB:ServiceJourney:2094b187d5f04d2a2316b7c733683e92913cefea,False,planned,False,Örebro läge X,,general,normal,2026-09-07T03:30:22.110925+02:00
NSR:StopPlace:59375,Jörn station,2026-09-07T04:07:00+02:00,2026-09-07T04:07:00+02:00,,0.0,0,Luleå,SJV:Line:0ff9f2b9-fbe5-4761-8a29-8813be35efaa,Stockholm-Narvik (-Luleå),,rail,SJV:ServiceJourney:0eabfad4-c61e-4fc3-8a75-7ebd11c5a873,False,planned,False,,,,,2026-09-07T03:30:22.110925+02:00
NSR:StopPlace:59393,Västerås Centralstation,2026-09-07T02:45:00+02:00,2026-09-07T02:45:00+02:00,,0.0,0,Arlanda,VYB:Line:26,850 Oslo - Arlanda - Stockholm,850,coach,VYB:ServiceJourney:b54ed62a64c9c2483c413e61158c2700b4c8964b,False,planned,False,Västerås,"Nytt holdeplassområde ved Västerås Resecentrum fra 16. mars. Den nye holdeplassen ligger på stasjonens vestside, rett ved jernbanespor 1B. Du finner den ved å følge parkeringsplassen til den bortre enden. ",general,normal,2026-09-07T03:30:22.110925+02:00
NSR:StopPlace:59393,Västerås Centralstation,2026-09-07T04:10:00+02:00,2026-09-07T04:10:00+02:00,,0.0,0,Arlanda,VYB:Line:26,850 Oslo - Arlanda - Stockholm,850,coach,VYB:ServiceJourney:10b2e4758894544f8ace957a0d24c160fccd39fb,False,planned,False,Västerås,"Nytt holdeplassområde ved Västerås Resecentrum fra 16. mars. Den nye holdeplassen ligger på stasjonens vestside, rett ved jernbanespor 1B. Du finner den ved å følge parkeringsplassen til den bortre enden. ",general,normal,2026-09-07T03:30:22.110925+02:00
NSR:StopPlace:59635,Hauketo stasjon,2026-09-07T04:19:00+02:00,2026-09-07T04:19:00+02:00,,0.0,0,Jernbanetorget,RUT:Line:3919,Kringsjå - Åsbråten,19N,bus,RUT:ServiceJourney:c3a70222949d0a34023866262cfbdf9e,False,planned,False,,,,,2026-09-07T03:30:22.110925+02:00
NSR:StopPlace:59636,Holmlia stasjon,2026-09-07T04:15:00+02:00,2026-09-07T04:15:00+02:00,,0.0,0,Jernbanetorget,RUT:Line:3919,Kringsjå - Åsbråten,19N,bus,RUT:ServiceJourney:c3a70222949d0a34023866262cfbdf9e,False,planned,False,,,,,2026-09-07T03:30:22.110925+02:00
NSR:StopPlace:59639,Sonsveien stasjon,2026-09-07T02:32:00+02:00,2026-09-07T02:32:00+02:00,,0.0,0,Oslo lufthavn,VYX:Line:56,FB11 Fredrikstad-Oslo Lufthavn (OSL),FB11,bus,VYX:ServiceJourney:d44b33973888d082cc1bbd2bbc9d7ed7b306bb0a,False,planned,False,Forhåndsbestilling FB11,Billett må kjøpes på nett eller app senest 15 minutter før påstigning for at bussen skal kjøre innom holdeplassen. Ruter-billett er ikke gyldig. ,general,normal,2026-09-07T03:30:22.110925+02:00
NSR:StopPlace:59639,Sonsveien stasjon,2026-09-07T03:32:00+02:00,2026-09-07T03:32:00+02:00,,0.0,0,Oslo lufthavn,VYX:Line:56,FB11 Fredrikstad-Oslo Lufthavn (OSL),FB11,bus,VYX:ServiceJourney:b3933fd3a492f391361da279435d0f45720b4286,False,planned,False,Forhåndsbestilling FB11,Billett må kjøpes på nett eller app senest 15 minutter før påstigning for at bussen skal kjøre innom holdeplassen. Ruter-billett er ikke gyldig. ,general,normal,2026-09-07T03:30:22.110925+02:00
NSR:StopPlace:58404,Nationaltheatret,2026-09-07T04:17:00+02:00,2026-09-07T04:17:00+02:00,,0.0,0,Kjelsås,RUT:Line:3912,Majorstuen - Kjelsås,12N,bus,RUT:ServiceJourney:4d21fc7dfb2aa1493e481b4ae226d847,False,planned,False,,,,,2026-09-07T03:30:22.110925+02:00
NSR:StopPlace:58404,Nationaltheatret,2026-09-07T04:21:00+02:00,2026-09-07T04:21:00+02:00,,0.0,0,Nydalen T,RUT:Line:37,Nydalen T - Helsfyr,37,bus,RUT:ServiceJourney:75db274b4db855838c709e7b9155ac48,False,planned,False,,,,,2026-09-07T03:30:22.110925+02:00
NSR:StopPlace:58404,Nationaltheatret,2026-09-07T04:22:00+02:00,2026-09-07T04:22:00+02:00,,0.0,0,Grorud T,RUT:Line:31,Snarøya - Fornebu - Tonsenhagen - Grorud,31,bus,RUT:ServiceJourney:251890f7e7888a8d1e3a0bc8bd737338,False,planned,False,,,,,2026-09-07T03:30:22.110925+02:00
NSR:StopPlace:58404,Nationaltheatret,2026-09-07T04:22:00+02:00,2026-09-07T04:22:00+02:00,,0.0,0,Gjerstad,GOA:Line:50,Sørtoget region,F5,rail,GOA:ServiceJourney:705-LOD_63220-R,False,planned,False,,,,,2026-09-07T03:30:22.110925+02:00
NSR:StopPlace:58404,Nationaltheatret,2026-09-07T04:25:00+02:00,2026-09-07T04:25:00+02:00,,0.0,0,Fornebu,RUT:Line:31,Snarøya - Fornebu - Tonsenhagen - Grorud,31,bus,RUT:ServiceJourney:468f5b254a6afb058cea1120160f5e22,False,planned,False,,,,,2026-09-07T03:30:22.110925+02:00
NSR:StopPlace:58624,Umeå Centralstation,2026-09-07T02:08:00+02:00,2026-09-07T02:08:00+02:00,,0.0,0,Luleå,SJV:Line:0ff9f2b9-fbe5-4761-8a29-8813be35efaa,Stockholm-Narvik (-Luleå),,rail,SJV:ServiceJourney:0eabfad4-c61e-4fc3-8a75-7ebd11c5a873,False,planned,False,,,,,2026-09-07T03:30:22.110925+02:00
NSR:StopPlace:58626,Kramfors station,2026-09-07T03:48:00+02:00,2026-09-07T03:48:00+02:00,,0.0,0,"Sundsvall, Stockholm",SJV:Line:8ca80b34-505a-4d76-b047-58b01590d0e1,Luleå-Stockholm ,Luleå-Stockholm ,rail,SJV:ServiceJourney:a5d49afa-0d54-4c88-aed3-161717bb597d,False,planned,False,,,,,2026-09-07T03:30:22.110925+02:00
NSR:StopPlace:58963,Jessheim stasjon,2026-09-07T04:18:00+02:00,2026-09-07T04:18:00+02:00,,0.0,0,Oslo lufthavn,RUT:Line:440,Fenstad/Nordkisa - Oslo lufthavn,440,bus,RUT:ServiceJourney:fd84d68b459f2e84464f25e17eee4fba,False,planned,False,,,,,2026-09-07T03:30:22.110925+02:00
NSR:StopPlace:58964,Kløfta stasjon,2026-09-07T04:18:00+02:00,2026-09-07T04:18:00+02:00,,0.0,0,Oslo lufthavn,RUT:Line:425,Kløfta – Oslo lufthavn,425,bus,RUT:ServiceJourney:0e651ae17632923345399b1ac8789c3f,False,planned,False,,,,,2026-09-07T03:30:22.110925+02:00
NSR:StopPlace:58925,Gausel stasjon,2026-09-07T02:10:00+02:00,2026-09-07T02:10:00+02:00,,0.0,0,Sandnes,KOL:Line:8_1001,1,1,bus,KOL:ServiceJourney:1001_251008118369457_5038,False,planned,False,,,,,2026-09-07T03:30:22.110925+02:00
NSR:StopPlace:58925,Gausel stasjon,2026-09-07T02:47:00+02:00,2026-09-07T02:47:00+02:00,,0.0,0,Stavanger,KOL:Line:8_1001,1,1,bus,KOL:ServiceJourney:1001_251008118397476_6039,False,planned,False,,,,,2026-09-07T03:30:22.110925+02:00
NSR:StopPlace:58925,Gausel stasjon,2026-09-07T03:10:00+02:00,2026-09-07T03:10:00+02:00,,0.0,0,Sandnes,KOL:Line:8_1001,1,1,bus,KOL:ServiceJourney:1001_251008118369594_5039,False,planned,False,,,,,2026-09-07T03:30:22.110925+02:00
NSR:StopPlace:58925,Gausel stasjon,2026-09-07T03:47:00+02:00,2026-09-07T03:47:00+02:00,,0.0,0,Stavanger,KOL:Line:8_1001,1,1,bus,KOL:ServiceJourney:1001_251008118397623_6040,False,planned,False,,,,,2026-09-07T03:30:22.110925+02:00
NSR:StopPlace:58925,Gausel stasjon,2026-09-07T04:10:00+02:00,2026-09-07T04:10:00+02:00,,0.0,0,Sandnes,KOL:Line:8_1001,1,1,bus,KOL:ServiceJourney:1001_251008118369731_5040,False,planned,False,,,,,2026-09-07T03:30:22.110925+02:00
NSR:StopPlace:58931,Fannrem stasjon,2026-09-07T04:30:00+02:00,2026-09-07T04:30:00+02:00,,0.0,0,Trondheim S via Orkanger skysst.,ATB:Line:2_310,Trondheim - Orkanger - Fannrem,310,bus,ATB:ServiceJourney:310_260106098639811_1,False,planned,False,,,,,2026-09-07T03:30:22.110925+02:00
NSR:StopPlace:58847,Frogner stasjon,2026-09-07T04:08:00+02:00,2026-09-07T04:08:00+02:00,,0.0,0,Oslo lufthavn,RUT:Line:425,Kløfta – Oslo lufthavn,425,bus,RUT:ServiceJourney:0e651ae17632923345399b1ac8789c3f,False,planned,False,,,,,2026-09-07T03:30:22.110925+02:00
NSR:StopPlace:58856,Lysaker stasjon,2026-09-07T04:06:00+02:00,2026-09-07T04:06:00+02:00,,0.0,0,Grorud T,RUT:Line:31,Snarøya - Fornebu - Tonsenhagen - Grorud,31,bus,RUT:ServiceJourney:251890f7e7888a8d1e3a0bc8bd737338,False,planned,False,,,,,2026-09-07T03:30:22.110925+02:00
NSR:StopPlace:58856,Lysaker stasjon,2026-09-07T04:27:00+02:00,2026-09-07T04:27:00+02:00,,0.0,0,Notodden,VYX:Line:20,VY1 Notodden-Oslo,VY1,coach,VYX:ServiceJourney:eb24cf4533a36af8333bd648e453272ea636f273,False,planned,False,Forhåndsbestilling Vy,Billett må kjøpes på nett eller app senest 15 minutter før påstigning for at bussen skal kjøre innom holdeplassen.,general,normal,2026-09-07T03:30:22.110925+02:00
NSR:StopPlace:58856,Lysaker stasjon,2026-09-07T04:29:00+02:00,2026-09-07T04:29:00+02:00,,0.0,0,Gjerstad,GOA:Line:50,Sørtoget region,F5,rail,GOA:ServiceJourney:705-LOD_63220-R,False,planned,False,,,,,2026-09-07T03:30:22.110925+02:00
NSR:StopPlace:58816,Dombås stasjon,2026-09-07T03:28:00+02:00,2026-09-07T03:28:00+02:00,,0.0,0,Ålesund,VYX:Line:162,VY148 Ålesund-Oslo,VY148,coach,VYX:ServiceJourney:0a772f142078d2cf52813fca7b2fc0be7fff8273,False,planned,False,Forhåndsbestilling Vy,Billett må kjøpes på nett eller app senest 15 minutter før påstigning for at bussen skal kjøre innom holdeplassen.,general,normal,2026-09-07T03:30:22.110925+02:00
NSR:StopPlace:58818,Gran stasjon,2026-09-07T04:24:00+02:00,2026-09-07T04:24:00+02:00,,0.0,0,Oslo S,VYG:Line:R31,Skøyen-Jaren-Gjøvik,R31,rail,VYG:ServiceJourney:BUS-240_655527-R,False,planned,False,,,,,2026-09-07T03:30:22.110925+02:00
NSR:StopPlace:58818,Gran stasjon,2026-09-07T04:26:00+02:00,2026-09-07T04:26:00+02:00,,0.0,0,Roa,VYG:Line:R31,Skøyen-Jaren-Gjøvik,R31,rail,VYG:ServiceJourney:BUS-240_655526-R,False,planned,False,,,,,2026-09-07T03:30:22.110925+02:00
NSR:StopPlace:58823,Jaren stasjon,2026-09-07T04:20:00+02:00,2026-09-07T04:20:00+02:00,,0.0,0,Roa,VYG:Line:R31,Skøyen-Jaren-Gjøvik,R31,rail,VYG:ServiceJourney:BUS-240_655526-R,False,planned,False,,,,,2026-09-07T03:30:22.110925+02:00
NSR:StopPlace:58823,Jaren stasjon,2026-09-07T04:20:00+02:00,2026-09-07T04:20:00+02:00,,0.0,0,Oslo S,VYG:Line:R31,Skøyen-Jaren-Gjøvik,R31,rail,VYG:ServiceJourney:BUS-240_655527-R,False,planned,False,,,,,2026-09-07T03:30:22.110925+02:00
NSR:StopPlace:63381,Örnsköldsvik Centralstation,2026-09-07T02:53:00+02:00,2026-09-07T02:53:00+02:00,,0.0,0,"Sundsvall, Stockholm",SJV:Line:8ca80b34-505a-4d76-b047-58b01590d0e1,Luleå-Stockholm ,Luleå-Stockholm ,rail,SJV:ServiceJourney:a5d49afa-0d54-4c88-aed3-161717bb597d,False,planned,False,,,,,2026-09-07T03:30:22.110925+02:00
NSR:StopPlace:63620,Bastuträsk station,2026-09-07T03:45:00+02:00,2026-09-07T03:45:00+02:00,,0.0,0,Luleå,SJV:Line:0ff9f2b9-fbe5-4761-8a29-8813be35efaa,Stockholm-Narvik (-Luleå),,rail,SJV:ServiceJourney:0eabfad4-c61e-4fc3-8a75-7ebd11c5a873,False,planned,False,,,,,2026-09-07T03:30:22.110925+02:00
NSR:StopPlace:63636,Härnösand Centralstation,2026-09-07T04:22:00+02:00,2026-09-07T04:22:00+02:00,,0.0,0,"Sundsvall, Stockholm",SJV:Line:8ca80b34-505a-4d76-b047-58b01590d0e1,Luleå-Stockholm ,Luleå-Stockholm ,rail,SJV:ServiceJourney:a5d49afa-0d54-4c88-aed3-161717bb597d,False,planned,False,,,,,2026-09-07T03:30:22.110925+02:00
NSR:StopPlace:63691,Vindeln station,2026-09-07T02:10:00+02:00,2026-09-07T02:10:00+02:00,,0.0,0,Luleå,SJV:Line:0ff9f2b9-fbe5-4761-8a29-8813be35efaa,Stockholm-Narvik (-Luleå),,rail,SJV:ServiceJourney:0eabfad4-c61e-4fc3-8a75-7ebd11c5a873,False,planned,False,,,,,2026-09-07T03:30:22.110925+02:00
NSR:StopPlace:63705,Enköping station,2026-09-07T03:20:00+02:00,2026-09-07T03:20:00+02:00,,0.0,0,Arlanda,VYB:Line:26,850 Oslo - Arlanda - Stockholm,850,coach,VYB:ServiceJourney:b54ed62a64c9c2483c413e61158c2700b4c8964b,False,planned,False,Enköping,Enköping stasjon.Bussen stopper ved pendlerparkeringen på Østra Järnvägsgatan.,general,normal,2026-09-07T03:30:22.110925+02:00
NSR:StopPlace:58211,Oslo lufthavn,2026-09-07T03:55:00+02:00,2026-09-07T03:55:00+02:00,,0.0,0,Fredrikstad,VYX:Line:56,FB11 Fredrikstad-Oslo Lufthavn (OSL),FB11,bus,VYX:ServiceJourney:a5c334bda971bf9b9dca2ef71459596a0474fbb0,False,planned,False,Forhåndsbestilling FB11,Billett må kjøpes på nett eller app senest 15 minutter før påstigning for at bussen skal kjøre innom holdeplassen. Ruter-billett er ikke gyldig. ,general,normal,2026-09-07T03:30:22.110925+02:00
NSR:StopPlace:58211,Oslo lufthavn,2026-09-07T04:30:00+02:00,2026-09-07T04:30:00+02:00,,0.0,0,Oslo lufthavn,VYX:Line:98,S44 Shuttle Oslo lufthavn,S44,bus,VYX:ServiceJourney:fc5493de4f70cfdf9901f2ed9977493166854303,False,planned,False,,,,,2026-09-07T03:30:22.110925+02:00
NSR:StopPlace:362,Jåttåvågen stasjon,2026-09-07T04:27:00+02:00,2026-09-07T04:27:00+02:00,,0.0,0,Kristiansand,GOA:Line:50,Sørtoget region,F5,rail,GOA:ServiceJourney:704-STV_79263-R,False,planned,False,,,,,2026-09-07T03:30:22.110925+02:00
